"site" "RSA" "aa1" "aa2" "aa3" "aa4" "aa5" "aa6" "aa7" "aa8" "aa9" "aa10" "aa11" "aa12" "aa13" "aa14" "aa15" "aa16" "aa17" "aa18" "aa19" "aa20"
"0" 0 0.275229357798 0 0 0 0 0 0 0 0 0 0 0 0 0 12 0 0 0 0 0 32
"1" 1 0.723214285714 0 13 1 3 4 0 0 0 0 0 1 0 0 1 0 0 0 22 0 1
"2" 2 0.317948717949 0 5 1 16 2 10 1 0 1 0 2 0 1 0 7 0 0 1 0 1
"3" 3 0.0836820083682 0 0 0 0 0 0 0 0 0 11 0 0 0 1 0 0 0 0 42 0
"4" 4 0.390134529148 0 3 2 0 21 2 2 0 1 0 1 0 2 3 0 0 0 17 0 0
"5" 5 0.316455696203 0 0 0 0 2 44 0 1 0 0 0 0 0 0 7 0 0 0 0 0
"6" 6 0.402298850575 0 0 0 0 2 0 15 0 1 0 1 0 0 29 0 0 5 1 0 0
"7" 7 0.482142857143 0 3 0 1 0 0 0 0 0 0 0 0 0 1 0 0 0 49 0 0
"8" 8 0.514767932489 0 0 0 0 1 53 0 0 0 0 0 0 0 0 0 0 0 0 0 0
"9" 9 0.395939086294 0 0 0 0 0 0 31 0 0 0 1 0 0 12 0 0 10 0 0 0
"10" 10 0.240384615385 0 0 0 0 0 0 0 0 0 0 0 54 0 0 0 0 0 0 0 0
"11" 11 0.683035714286 0 0 0 0 1 0 0 0 0 0 0 0 0 0 0 0 0 53 0 0
"12" 12 0.336538461538 0 0 0 0 0 0 0 0 0 0 0 54 0 0 0 0 0 0 0 0
"13" 13 1.06976744186 0 0 0 0 0 0 0 0 51 0 1 0 0 1 0 0 0 0 0 1
"14" 14 0.269230769231 0 0 0 0 0 0 0 0 0 0 4 51 0 0 0 0 0 0 0 0
"15" 15 0.14367816092 0 0 0 1 0 7 4 0 8 0 0 0 0 0 0 0 34 1 0 0
"16" 16 0.183908045977 0 0 0 0 0 0 0 0 0 0 0 0 0 0 0 0 55 0 0 0
"17" 17 0.171102661597 0 0 0 0 0 0 0 0 0 9 0 0 0 0 0 0 0 0 46 0
"18" 18 0.240506329114 0 0 0 0 0 54 0 0 0 0 0 0 0 0 2 0 0 0 0 0
"19" 19 0.0 1 0 0 0 0 0 0 0 0 0 45 10 0 0 0 0 0 0 0 0
"20" 20 0.357664233577 0 0 0 0 3 17 3 0 0 0 0 0 0 4 28 0 0 0 0 1
"21" 21 0.0923076923077 0 26 3 16 0 0 0 0 0 0 0 0 4 0 0 0 1 6 0 0
"22" 22 0.455696202532 1 0 2 2 0 19 4 0 4 0 0 1 1 4 17 0 0 0 0 1
"23" 23 0.696517412935 0 1 3 2 8 4 2 0 3 0 3 1 3 5 6 0 3 7 1 0
"24" 24 0.563953488372 0 1 10 5 1 0 0 1 36 0 0 1 1 0 0 0 0 0 0 0
"25" 25 0.432692307692 0 2 1 10 2 3 0 0 0 0 0 33 1 1 1 0 0 1 0 1
"26" 26 0.379464285714 0 1 1 4 9 5 0 0 0 0 3 0 1 0 11 0 0 21 0 0
"27" 27 0.350574712644 0 2 0 0 0 0 20 1 4 2 0 0 0 15 0 0 9 0 0 3
"28" 28 0.0 1 0 1 0 0 0 6 0 0 0 0 0 0 1 0 0 46 0 1 0
"29" 29 0.124031007752 0 0 0 0 0 0 0 0 0 0 56 0 0 0 0 0 0 0 0 0
"30" 30 0.0 0 0 0 0 0 0 0 0 0 0 0 0 0 47 0 0 1 0 0 8
"31" 31 0.177215189873 0 0 0 0 0 56 0 0 0 0 0 0 0 0 0 0 0 0 0 0
"32" 32 0.0759493670886 0 0 0 0 0 40 0 0 0 0 0 1 0 0 11 0 0 4 0 0
"33" 33 0.10152284264 1 0 0 0 0 0 43 0 4 1 0 0 0 0 0 0 7 0 0 0
"34" 34 0.489051094891 0 0 1 1 0 4 0 0 0 0 0 0 2 0 48 0 0 0 0 0
"35" 35 0.139303482587 0 0 0 0 0 0 1 0 0 0 0 0 0 53 0 0 0 0 0 2
"36" 36 0.378238341969 0 14 0 0 1 0 0 0 0 0 0 0 0 0 0 0 0 41 0 0
"37" 37 0.343023255814 1 4 12 7 4 0 0 0 5 0 9 2 2 2 0 0 2 2 0 4
"38" 38 0.723214285714 0 10 1 0 0 0 0 0 0 0 1 0 0 0 0 0 0 43 0 0
"39" 39 0.593023255814 0 33 4 0 0 0 0 0 3 0 3 0 0 0 0 0 0 8 0 1
"40" 40 0.709821428571 0 0 0 0 0 0 0 0 0 0 0 0 0 0 0 0 0 56 0 0
"41" 41 0.288461538462 0 0 0 0 0 0 0 0 0 0 0 56 0 0 0 0 0 0 0 0
"42" 42 0.362068965517 1 0 0 0 0 0 13 0 3 0 1 0 0 0 0 0 38 0 0 0
"43" 43 0.207547169811 0 0 0 0 0 0 0 56 0 0 0 0 0 0 0 0 0 0 0 0
"44" 44 0.569536423841 2 0 48 0 0 0 0 3 0 0 3 0 0 0 0 0 0 0 0 0
"45" 45 0.348837209302 0 0 5 1 0 0 0 0 50 0 0 0 0 0 0 0 0 0 0 0
"46" 46 0.0 0 0 2 0 0 0 0 0 2 0 52 0 0 0 0 0 0 0 0 0
"47" 47 0.482233502538 0 0 0 0 0 0 35 0 0 1 0 0 0 13 0 0 4 0 0 3
"48" 48 0.29197080292 0 0 0 0 0 0 0 0 0 0 0 0 0 0 56 0 0 0 0 0
"49" 49 0.0267857142857 0 0 0 0 0 0 0 0 0 0 0 0 0 0 0 0 0 56 0 0
"50" 50 0.121827411168 0 0 0 0 0 0 50 0 0 0 0 0 0 0 0 0 6 0 0 0
"51" 51 0.403973509934 5 0 47 0 0 0 0 0 0 0 4 0 0 0 0 0 0 0 0 0
"52" 52 0.0597014925373 0 0 0 0 0 0 5 0 0 0 0 0 0 50 0 0 1 0 0 0
"53" 53 0.0398009950249 0 0 0 0 0 0 0 0 0 0 0 0 0 53 0 0 0 0 0 3
"54" 54 0.632911392405 0 0 0 0 6 45 0 0 0 0 0 0 0 0 5 0 0 0 0 0
"55" 55 0.424107142857 0 1 1 1 0 0 0 0 0 0 0 0 0 0 0 0 1 47 0 5
"56" 56 0.0199004975124 0 0 0 0 0 0 2 0 0 0 0 0 0 45 0 0 1 0 0 8
"57" 57 0.594871794872 0 4 9 6 8 13 0 0 3 0 0 0 8 0 5 0 0 0 0 0
"58" 58 0.177033492823 0 5 0 2 1 2 0 0 0 0 0 0 43 0 2 0 0 1 0 0
"59" 59 0.566037735849 1 4 4 1 0 6 0 28 0 0 2 2 0 0 0 0 0 8 0 0
"60" 60 0.0564102564103 0 0 0 50 0 0 0 0 0 1 0 0 1 0 0 0 0 0 4 0
"61" 61 0.010152284264 1 0 0 0 0 0 41 0 0 1 0 0 0 0 0 0 13 0 0 0
"62" 62 0.0287356321839 0 0 0 0 0 0 1 0 0 0 0 0 0 2 0 0 53 0 0 0
"63" 63 0.430379746835 1 2 7 2 5 6 0 0 2 0 1 3 0 0 26 0 0 0 0 1
"64" 64 0.124378109453 0 0 0 0 0 0 0 0 0 0 0 0 0 55 0 0 0 0 0 1
"65" 65 0.268656716418 1 0 0 1 3 4 0 0 0 2 0 0 7 18 4 0 0 3 11 2
"66" 66 0.461139896373 1 38 1 5 0 0 0 0 0 0 1 2 0 0 1 0 0 7 0 0
"67" 67 0.155172413793 2 0 0 0 0 0 13 0 0 0 0 0 0 1 0 0 40 0 0 0
"68" 68 0.147208121827 0 0 0 0 0 0 19 0 0 0 0 0 0 12 0 0 18 6 0 1
"69" 69 0.66985645933 0 0 1 2 4 0 1 1 0 0 0 0 35 2 0 0 0 0 3 7
"70" 70 0.348837209302 1 1 19 3 6 0 2 0 8 0 4 1 0 1 1 0 4 4 0 1
"71" 71 0.723214285714 0 20 1 1 2 0 0 0 0 0 0 1 1 0 0 0 0 30 0 0
"72" 72 0.4 0 0 9 10 0 17 0 0 0 0 3 4 5 0 5 0 0 3 0 0
"73" 73 0.257383966245 0 2 0 2 1 34 0 0 2 0 0 2 0 0 12 0 1 0 0 0
"74" 74 0.0298507462687 0 0 0 0 0 0 1 0 0 0 0 0 0 55 0 0 0 0 0 0
"75" 75 0.0836501901141 0 0 0 0 0 0 1 0 12 3 0 0 0 0 0 0 2 0 37 1
"76" 76 0.0 0 0 0 0 0 0 2 0 0 0 0 0 0 52 0 0 0 0 0 2
"77" 77 0.0172413793103 0 0 0 0 0 0 8 0 0 0 0 0 0 0 0 0 48 0 0 0
"78" 78 0.0836820083682 0 0 0 0 0 0 0 0 0 54 0 0 0 0 0 0 0 0 0 2
"79" 79 0.174107142857 0 1 0 0 0 0 0 0 0 0 0 0 0 0 0 0 0 55 0 0
"80" 80 0.163179916318 0 0 0 0 0 0 0 0 0 31 0 0 1 0 0 0 0 0 24 0
"81" 81 0.0497512437811 6 0 0 0 0 0 1 0 0 1 0 0 0 35 0 0 4 0 0 9
"82" 82 0.377990430622 0 36 4 4 1 0 0 1 2 0 0 0 1 1 0 0 0 4 2 0
"83" 83 0.125560538117 1 1 2 1 17 4 0 0 2 0 0 0 2 10 3 0 0 0 3 10
"84" 84 0.217616580311 0 56 0 0 0 0 0 0 0 0 0 0 0 0 0 0 0 0 0 0
"85" 85 0.0 0 0 0 0 0 0 0 0 0 1 0 0 0 55 0 0 0 0 0 0
"86" 86 0.232067510549 0 0 0 0 0 55 0 0 0 0 0 0 0 0 1 0 0 0 0 0
"87" 87 0.485232067511 0 0 0 0 2 48 0 0 0 0 0 0 0 0 5 0 0 1 0 0
"88" 88 0.0334728033473 0 0 0 0 0 0 1 0 0 12 1 0 4 2 0 0 2 0 34 0
"89" 89 0.0321100917431 0 0 0 0 0 0 8 0 0 5 0 0 0 16 0 0 0 0 0 27
"90" 90 0.492227979275 0 45 0 1 0 0 0 0 0 0 0 0 0 0 0 0 0 10 0 0
"91" 91 0.612403100775 0 1 13 1 0 2 1 1 5 0 5 1 0 0 1 1 2 1 0 1
"92" 92 0.0927152317881 6 0 3 2 2 0 3 1 1 0 3 1 1 5 2 0 3 0 0 0
"93" 93 0.527131782946 0 1 9 2 2 0 0 17 1 1 2 4 0 1 4 0 0 1 0 0
"94" 94 0.880597014925 5 1 5 4 2 7 0 1 0 0 0 4 1 4 1 0 0 3 1 0
"95" 95 0.761627906977 1 5 4 4 3 7 0 2 3 2 0 8 3 2 2 0 3 4 0 0
"96" 96 0.173076923077 1 2 7 4 2 5 0 0 3 0 3 14 2 3 1 0 3 4 0 0
"97" 97 0.0710659898477 0 3 1 1 2 3 2 6 0 1 2 16 1 5 0 0 1 4 3 0
"98" 98 0.51572327044 0 2 0 2 0 5 8 3 1 1 0 0 0 25 0 0 1 0 1 5
"99" 99 0.283582089552 0 13 2 2 1 1 0 12 2 0 2 4 0 4 1 0 0 6 0 1
"100" 100 0.396226415094 0 1 1 1 1 6 2 16 2 0 5 1 3 7 1 0 0 3 0 1
"101" 101 0.0199004975124 0 0 0 1 5 0 6 0 8 0 0 0 0 20 0 0 9 0 0 6
"102" 102 0.0304568527919 0 0 0 0 1 0 23 0 2 0 0 0 0 2 0 0 28 0 0 0
"103" 103 0.0632911392405 0 0 0 0 6 48 0 0 0 0 0 0 0 0 1 0 0 1 0 0
"104" 104 0.0132450331126 0 2 37 1 0 8 0 1 1 0 0 0 1 3 1 0 0 0 0 1
"105" 105 0.0 0 0 0 0 0 0 0 0 0 31 0 0 0 1 0 0 0 0 23 1
"106" 106 0.0 1 0 1 0 0 0 1 0 8 1 0 0 0 21 0 0 1 0 0 22
"107" 107 0.209205020921 1 0 1 2 0 0 0 0 0 13 2 0 6 2 0 1 0 0 27 1
"108" 108 0.0582959641256 0 1 0 0 55 0 0 0 0 0 0 0 0 0 0 0 0 0 0 0
"109" 109 0.0 1 0 0 0 0 0 13 0 0 0 0 0 0 40 0 0 0 0 0 2
"110" 110 0.0 8 0 0 0 0 0 4 0 0 2 0 0 0 38 0 0 3 0 0 1
"111" 111 0.282511210762 1 2 0 6 11 13 0 0 1 0 2 0 0 3 13 0 1 3 0 0
"112" 112 0.0 0 0 0 0 0 0 0 0 0 0 6 50 0 0 0 0 0 0 0 0
"113" 113 0.0 1 0 0 0 0 0 25 0 1 0 1 0 0 16 0 0 10 0 0 2
"114" 114 0.116279069767 3 3 3 3 2 2 0 0 0 0 26 0 0 3 5 0 1 1 3 1
"115" 115 0.209205020921 0 0 0 0 0 0 0 0 0 27 0 0 7 0 0 0 2 0 20 0
"116" 116 0.0 53 0 0 0 0 0 1 0 0 0 0 0 0 1 0 0 0 0 0 1
"117" 117 0.124401913876 0 0 0 0 0 0 0 0 0 0 0 0 56 0 0 0 0 0 0 0
"118" 118 0.576158940397 2 2 18 1 7 2 1 0 2 0 10 4 1 0 1 0 1 4 0 0
"119" 119 0.320574162679 0 0 0 8 1 1 0 0 0 0 0 0 28 0 17 0 0 1 0 0
"120" 120 0.35401459854 0 0 1 4 0 3 0 0 0 0 0 8 1 0 39 0 0 0 0 0
"121" 121 0.0 0 0 0 0 0 0 22 0 1 0 0 0 0 0 0 0 33 0 0 0
"122" 122 0.0 0 0 0 0 0 0 8 0 0 0 0 0 0 39 0 0 1 0 0 8
"123" 123 0.0 0 0 0 0 0 0 0 0 0 0 0 0 56 0 0 0 0 0 0 0
"124" 124 0.0583941605839 0 0 0 0 0 0 0 0 0 0 0 0 0 0 56 0 0 0 0 0
"125" 125 0.0880829015544 0 56 0 0 0 0 0 0 0 0 0 0 0 0 0 0 0 0 0 0
"126" 126 0.0 0 0 0 0 0 0 0 0 0 0 0 0 0 55 0 0 0 0 0 1
"127" 127 0.172995780591 0 0 0 0 0 56 0 0 0 0 0 0 0 0 0 0 0 0 0 0
"128" 128 0.0 0 0 0 0 0 0 0 56 0 0 0 0 0 0 0 0 0 0 0 0
"129" 129 0.309417040359 0 0 0 0 55 0 0 0 0 0 0 0 1 0 0 0 0 0 0 0
"130" 130 0.0717948717949 0 0 0 56 0 0 0 0 0 0 0 0 0 0 0 0 0 0 0 0
"131" 131 0.0 0 0 0 0 0 0 5 0 0 0 0 0 0 50 0 0 0 0 0 1
"132" 132 0.199004975124 0 0 0 0 0 0 0 0 0 0 0 0 0 56 0 0 0 0 0 0
"133" 133 0.0 0 0 0 0 0 0 43 0 0 0 0 0 0 0 0 0 13 0 0 0
"134" 134 0.138461538462 0 27 3 23 1 0 0 0 2 0 0 0 0 0 0 0 0 0 0 0
"135" 135 0.383720930233 0 2 3 3 1 15 0 2 5 1 4 1 0 0 15 0 0 4 0 0
"136" 136 0.571428571429 0 8 2 7 3 13 0 0 2 0 2 1 0 3 3 0 0 12 0 0
"137" 137 0.0 1 0 1 5 0 0 0 0 1 0 0 47 1 0 0 0 0 0 0 0
"138" 138 0.0697674418605 1 2 2 11 2 1 3 0 4 1 7 1 0 5 4 0 4 8 0 0
"139" 139 0.0 0 0 0 0 0 0 22 0 0 0 0 0 0 33 0 0 1 0 0 0
"140" 140 0.10970464135 0 0 0 0 1 55 0 0 0 0 0 0 0 0 0 0 0 0 0 0
"141" 141 0.0 0 0 0 0 0 0 11 0 0 0 0 0 0 44 0 0 1 0 0 0
"142" 142 0.0697674418605 0 0 0 0 0 0 0 0 0 0 52 4 0 0 0 0 0 0 0 0
"143" 143 0.305699481865 0 56 0 0 0 0 0 0 0 0 0 0 0 0 0 0 0 0 0 0
"144" 144 0.00418410041841 0 0 0 0 0 0 0 0 0 49 0 0 0 7 0 0 0 0 0 0
"145" 145 0.105769230769 0 0 0 0 0 0 0 0 0 0 0 56 0 0 0 0 0 0 0 0
"146" 146 0.268656716418 0 0 0 0 0 0 0 0 0 0 0 0 0 56 0 0 0 0 0 0
"147" 147 0.0 0 0 0 0 0 0 0 0 0 0 47 9 0 0 0 0 0 0 0 0
"148" 148 0.197080291971 0 0 0 0 0 0 0 0 0 0 0 0 0 0 56 0 0 0 0 0
"149" 149 0.325581395349 0 0 1 0 0 0 0 1 2 0 51 0 0 0 0 0 1 0 0 0
"150" 150 0.125523012552 0 0 1 0 0 1 2 0 0 50 0 0 0 0 0 0 0 0 2 0
"151" 151 0.269230769231 2 0 3 1 0 0 0 0 5 0 1 43 0 0 1 0 0 0 0 0
"152" 152 0.804597701149 0 0 0 0 0 0 29 2 0 1 0 0 0 6 0 0 18 0 0 0
"153" 153 0.748427672956 0 0 0 0 0 0 0 56 0 0 0 0 0 0 0 0 0 0 0 0
"154" 154 0.16091954023 1 0 0 0 0 0 12 0 2 1 0 0 0 15 0 0 22 0 0 3
"155" 155 0.558394160584 0 0 0 3 0 12 0 0 0 0 0 0 0 0 41 0 0 0 0 0
"156" 156 0.523255813953 4 0 10 4 1 1 0 2 18 0 10 0 0 0 1 0 5 0 0 0
"157" 157 0.110266159696 0 0 0 0 0 0 0 0 0 9 0 0 0 4 0 0 0 0 43 0
"158" 158 0.832535885167 0 0 5 3 0 0 0 0 0 0 0 0 48 0 0 0 0 0 0 0
"159" 159 0.790178571429 0 0 0 0 0 0 0 0 0 0 0 0 0 0 0 0 0 56 0 0
"160" 160 0.0804597701149 0 0 0 0 0 0 8 0 0 0 0 0 0 0 0 0 47 0 0 0
"161" 161 0.0114942528736 0 0 0 0 0 0 2 0 0 0 0 0 0 0 0 0 51 2 0 0
"162" 162 0.273255813953 0 0 0 0 0 0 0 0 55 0 0 0 0 0 0 0 0 0 0 0
"163" 163 0.164179104478 0 0 0 0 0 0 0 0 0 0 0 0 0 55 0 0 0 0 0 0
"164" 164 0.351063829787 0 0 0 0 0 0 0 0 0 0 0 0 0 0 0 55 0 0 0 0
"165" 165 0.0152091254753 0 0 0 0 0 0 0 0 0 0 0 0 0 0 0 0 0 0 55 0
"166" 166 0.142335766423 0 0 0 0 0 0 0 0 0 0 0 0 0 0 55 0 0 0 0 0
"167" 167 0.0077519379845 1 0 3 0 0 0 0 12 0 0 39 0 0 0 0 0 0 0 0 0
"168" 168 0.0 0 0 0 0 0 0 0 55 0 0 0 0 0 0 0 0 0 0 0 0
"169" 169 0.0223214285714 0 15 0 0 0 0 0 0 0 0 0 0 0 0 0 0 0 40 0 0
"170" 170 0.0761421319797 0 0 0 0 0 0 25 0 0 0 0 0 0 0 0 0 30 0 0 0
"171" 171 0.0199004975124 0 0 0 0 0 0 0 0 0 0 0 0 0 55 0 0 0 0 0 0
"172" 172 0.0 0 0 0 0 0 0 0 0 0 2 0 0 0 46 0 0 0 0 0 7
"173" 173 0.259615384615 0 0 1 1 0 0 0 0 0 0 0 53 0 0 0 0 0 0 0 0
"174" 174 0.113924050633 2 0 21 0 4 0 0 0 4 0 15 9 0 0 0 0 0 0 0 0
"175" 175 0.455696202532 0 0 4 1 4 22 0 0 5 0 2 0 2 1 14 0 0 0 0 0
"176" 176 0.539923954373 0 0 1 0 11 2 1 0 4 3 2 1 9 5 8 0 2 1 3 2
"177" 177 0.0304182509506 0 0 0 0 0 0 0 0 0 0 0 0 0 0 0 0 0 0 55 0
"178" 178 0.23178807947 0 1 42 2 0 0 0 0 6 0 3 1 0 0 0 0 0 0 0 0
"179" 179 0.267441860465 5 0 0 0 0 0 0 2 38 0 1 0 0 5 0 0 1 0 0 3
"180" 180 0.0852713178295 0 0 13 0 1 0 0 22 0 0 5 14 0 0 0 0 0 0 0 0
"181" 181 0.0 0 0 0 0 0 0 16 0 0 0 0 0 0 0 0 0 38 0 0 1
"182" 182 0.0 0 55 0 0 0 0 0 0 0 0 0 0 0 0 0 0 0 0 0 0
"183" 183 0.010152284264 0 0 0 0 0 0 25 0 1 0 0 0 0 1 0 0 9 0 0 19
"184" 184 0.0 0 0 0 0 0 0 0 0 0 0 0 0 0 0 0 55 0 0 0 0
"185" 185 0.0 0 0 52 0 0 0 0 0 0 0 2 1 0 0 0 0 0 0 0 0
"186" 186 0.00497512437811 1 0 0 0 0 0 18 0 1 0 10 0 0 7 0 0 18 0 0 0
"187" 187 0.0 0 0 0 0 0 0 0 0 0 0 1 54 0 0 0 0 0 0 0 0
"188" 188 0.00632911392405 47 0 0 0 0 0 0 0 4 0 4 0 0 0 0 0 0 0 0 0
"189" 189 0.0 0 0 0 0 0 0 54 0 0 0 0 0 0 0 0 0 0 0 0 1
"190" 190 0.0 0 0 0 0 0 0 0 0 0 47 1 0 0 3 0 0 2 0 0 2
"191" 191 0.0 1 0 2 0 0 0 0 0 2 0 43 1 1 0 0 0 4 0 1 0
"192" 192 0.0178571428571 0 0 0 0 0 0 0 0 0 0 0 0 0 0 0 0 0 55 0 0
"193" 193 0.0 0 0 0 0 0 0 1 0 0 0 0 0 0 6 0 0 0 0 0 48
"194" 194 0.0689655172414 7 0 4 0 0 0 5 0 0 0 16 0 1 0 0 0 19 0 2 2
"195" 195 0.191860465116 0 0 3 17 2 1 0 0 21 0 0 0 0 0 6 0 0 2 0 4
"196" 196 0.299270072993 0 0 1 0 3 18 0 0 0 0 3 11 0 3 16 0 0 0 0 1
"197" 197 0.631386861314 0 0 1 0 3 22 2 0 1 0 1 1 1 0 22 0 1 0 0 1
"198" 198 0.15503875969 0 0 2 0 0 0 0 45 0 0 8 1 0 0 0 0 0 0 0 0
"199" 199 0.144278606965 0 0 0 0 0 0 2 0 0 1 0 0 0 52 0 0 0 0 0 1
"200" 200 0.00836820083682 0 0 0 0 0 0 0 0 0 56 0 0 0 0 0 0 0 0 0 0
"201" 201 0.245283018868 1 0 2 0 5 0 2 40 1 0 1 0 3 0 0 0 0 0 0 1
"202" 202 0.0384615384615 0 0 0 0 0 0 0 0 0 0 2 54 0 0 0 0 0 0 0 0
"203" 203 0.683937823834 0 40 5 3 0 0 0 0 6 0 1 0 0 0 0 0 0 0 1 0
"204" 204 0.337748344371 1 5 44 1 0 0 0 0 3 0 0 2 0 0 0 0 0 0 0 0
"205" 205 0.495535714286 0 1 0 5 0 0 0 0 2 0 0 0 0 0 0 0 6 42 0 0
"206" 206 0.324873096447 0 5 1 0 1 0 36 0 1 0 0 0 0 4 0 0 1 7 0 0
"207" 207 0.124352331606 0 48 0 0 5 0 0 0 0 0 1 0 0 0 0 0 0 2 0 0
"208" 208 0.0 0 0 0 0 39 0 0 0 0 0 0 0 0 0 0 0 0 17 0 0
"209" 209 0.0348258706468 0 0 0 0 0 0 14 0 0 0 0 0 0 42 0 0 0 0 0 0
"210" 210 0.200836820084 0 1 0 0 2 4 1 0 0 35 0 0 3 6 1 0 0 0 2 1
"211" 211 0.277372262774 0 0 1 0 0 23 0 0 1 1 0 0 3 1 24 0 0 0 1 1
"212" 212 0.0 0 0 0 0 0 0 55 0 0 0 0 0 0 0 0 0 1 0 0 0
"213" 213 0.00418410041841 0 0 0 0 0 0 0 0 0 56 0 0 0 0 0 0 0 0 0 0
"214" 214 0.383211678832 0 0 1 0 5 10 0 0 0 0 0 0 0 0 40 0 0 0 0 0
"215" 215 0.104651162791 0 0 0 0 2 0 14 0 9 1 1 0 0 13 0 0 13 0 2 1
"216" 216 0.0298507462687 0 0 0 0 0 0 1 0 1 0 0 0 2 46 0 0 0 0 0 6
"217" 217 0.0576923076923 0 0 2 0 0 0 0 0 3 0 0 51 0 0 0 0 0 0 0 0
"218" 218 0.156976744186 0 0 1 0 0 0 0 0 55 0 0 0 0 0 0 0 0 0 0 0
"219" 219 0.0377358490566 0 0 0 0 0 0 0 56 0 0 0 0 0 0 0 0 0 0 0 0
"220" 220 0.424870466321 2 8 5 17 1 0 0 0 21 0 0 0 1 0 1 0 0 0 0 0
"221" 221 0.34375 0 1 0 3 0 0 1 2 0 0 0 0 0 0 0 0 3 46 0 0
"222" 222 0.770114942529 0 10 4 0 6 2 0 0 5 0 1 1 0 2 2 0 2 21 0 0
"223" 223 0.350574712644 0 1 9 1 0 2 8 0 16 0 1 0 0 1 0 0 14 3 0 0
"224" 224 0.0390070921986 0 0 0 0 0 0 0 0 0 0 0 0 1 0 0 54 0 0 0 0
"225" 225 0.522012578616 0 0 1 1 0 0 0 51 0 0 0 0 1 0 0 0 0 1 0 0
"226" 226 0.317307692308 0 3 3 2 2 0 0 0 0 0 1 44 0 0 0 0 0 1 0 0
"227" 227 0.0 0 0 0 0 0 0 5 0 0 0 0 0 0 5 0 0 45 0 0 1
"228" 228 0.354651162791 0 1 14 0 1 2 0 0 25 0 4 0 1 1 1 0 2 4 0 0
"229" 229 0.675496688742 0 5 12 1 15 4 0 0 2 0 4 2 0 1 0 0 0 8 2 0
"230" 230 0.0871559633028 1 0 0 1 0 0 0 0 0 2 0 0 1 47 0 0 0 0 3 1
"231" 231 0.509433962264 0 1 0 0 5 2 0 39 0 0 1 0 0 0 7 0 0 1 0 0
"232" 232 0.466321243523 0 39 1 4 1 0 0 0 0 0 0 0 1 2 0 0 0 7 1 0
"233" 233 0.155893536122 0 0 0 0 0 0 0 0 0 17 0 0 0 0 0 12 0 0 27 0
"234" 234 0.426160337553 0 0 4 2 0 42 0 0 0 0 0 0 6 0 1 0 0 1 0 0
"235" 235 0.654088050314 1 1 7 5 2 0 1 17 6 0 7 1 0 0 1 0 0 5 0 2
"236" 236 0.668874172185 1 3 9 5 0 1 1 0 17 1 5 0 0 1 1 0 0 0 0 0
"237" 237 0.0376569037657 0 0 0 0 0 0 0 0 0 47 0 0 0 1 0 1 0 0 7 0
"238" 238 0.345911949686 0 0 0 1 2 1 0 50 1 0 0 0 0 0 0 0 0 1 0 0
"239" 239 0.763713080169 0 0 0 1 11 20 4 1 2 0 0 0 1 1 8 0 6 0 1 0
"240" 240 0.27304964539 0 0 0 0 1 0 0 0 1 6 0 0 1 0 0 38 1 0 7 1
"241" 241 0.713178294574 0 1 5 2 4 8 0 10 5 1 3 0 2 0 6 0 2 5 2 0
"242" 242 0.416058394161 0 2 5 1 1 4 0 19 3 0 7 3 0 0 9 0 0 2 0 0
"243" 243 0.367713004484 0 4 1 2 12 8 1 1 2 0 1 2 3 1 2 0 4 3 2 6
"244" 244 0.528497409326 0 16 8 8 2 1 0 8 1 1 0 4 0 1 1 0 0 3 0 1
"245" 245 0.0753138075314 0 0 1 0 0 0 6 2 0 7 0 0 0 33 0 4 0 1 0 1
"246" 246 0.291390728477 0 2 11 2 6 2 0 2 6 0 13 3 2 0 3 0 0 4 0 0
"247" 247 0.590717299578 0 3 7 3 8 11 0 3 5 0 1 0 2 3 3 0 1 4 1 1
"248" 248 0.0689655172414 0 0 2 0 1 0 13 0 2 5 5 0 2 7 0 0 16 1 1 1
"249" 249 0.00574712643678 4 0 0 0 0 0 7 0 0 2 1 0 0 8 0 0 32 1 1 0
"250" 250 0.509433962264 0 3 3 1 0 7 0 35 2 0 2 1 1 0 0 0 0 1 0 0
"251" 251 0.59748427673 0 3 4 14 2 7 0 3 3 0 0 10 0 2 4 0 0 2 0 2
"252" 252 0.0298507462687 0 0 0 0 0 0 3 0 1 3 2 1 1 38 0 0 0 0 0 7
"253" 253 0.316062176166 2 29 7 3 0 0 0 0 0 1 0 2 0 0 0 0 0 11 0 0
"254" 254 0.647321428571 0 2 9 1 0 5 0 16 0 1 6 0 3 0 0 0 1 10 0 0
"255" 255 0.238341968912 0 9 3 6 2 5 1 0 3 0 7 1 1 3 2 0 3 6 0 3
"256" 256 0.0 1 0 0 0 1 0 0 0 0 0 8 45 0 0 0 0 0 0 0 0
"257" 257 0.284671532847 2 0 0 0 2 2 12 0 1 2 2 0 1 19 5 0 5 1 1 0
"258" 258 0.304635761589 0 44 1 3 0 2 0 0 0 0 0 0 0 0 0 0 0 5 0 0
"259" 259 0.0 0 0 0 0 0 0 1 0 0 1 0 0 0 52 0 0 1 0 0 0
"260" 260 0.00497512437811 0 0 0 0 0 0 5 0 0 1 0 0 0 47 0 0 1 0 0 1
"261" 261 0.264900662252 1 3 13 1 9 3 0 0 4 0 2 1 0 1 2 0 0 11 1 2
"262" 262 0.318385650224 0 1 4 1 8 23 0 0 1 0 3 2 1 1 8 0 0 0 1 0
"263" 263 0.0 0 0 0 0 0 0 1 0 2 1 0 0 1 17 0 0 0 0 0 32
"264" 264 0.0248756218905 1 0 0 0 0 0 3 0 0 1 0 0 0 48 0 0 1 0 0 0
"265" 265 0.282296650718 2 0 1 0 10 1 9 0 2 0 7 0 0 1 5 0 13 1 0 2
"266" 266 0.0304182509506 5 0 1 0 0 0 0 0 0 5 1 0 0 8 0 0 0 0 33 1
"267" 267 0.0984455958549 0 31 2 9 0 0 0 0 0 0 0 0 0 0 4 0 1 7 0 0
"268" 268 0.194968553459 0 0 1 0 0 0 0 51 0 0 1 1 0 0 0 0 0 0 0 0
"269" 269 0.723076923077 0 4 10 7 1 2 1 1 2 0 20 0 0 0 1 0 2 2 0 0
"270" 270 0.616033755274 1 4 3 2 5 21 0 0 1 1 2 1 3 2 3 0 0 2 1 1
"271" 271 0.0510948905109 0 0 0 0 0 0 0 0 0 0 0 0 0 0 53 0 0 0 0 0
"272" 272 0.10152284264 0 0 0 0 0 0 47 0 1 0 0 0 0 3 0 0 2 0 0 0
"273" 273 0.364238410596 0 0 37 1 0 0 0 2 11 0 0 0 1 0 0 0 0 0 1 0
"274" 274 0.0077519379845 0 0 2 0 0 0 0 0 0 0 48 1 0 0 0 0 2 0 0 0
"275" 275 0.675105485232 0 5 1 0 1 30 1 0 1 0 2 0 0 0 8 0 0 3 0 1
"276" 276 0.348837209302 0 11 0 1 12 4 0 0 3 0 6 0 0 0 6 0 0 9 0 1
"277" 277 0.0 0 0 2 0 0 0 0 0 1 0 47 2 0 1 0 0 0 0 0 0
"278" 278 0.233830845771 3 0 0 0 0 0 0 0 1 0 1 0 0 36 0 0 1 0 0 11
"279" 279 0.697674418605 0 5 2 5 11 12 1 0 2 0 3 0 1 1 3 0 2 4 0 1
"280" 280 0.0813397129187 0 0 0 1 1 0 0 0 0 0 0 0 51 0 0 0 0 0 0 0
"281" 281 0.415094339623 0 0 3 1 0 0 0 36 3 0 4 0 0 1 3 0 0 2 0 0
"282" 282 0.0 0 0 0 0 0 0 0 0 0 4 0 0 0 0 0 4 0 0 45 0
"283" 283 0.0418410041841 0 0 0 0 0 0 0 0 0 52 0 0 0 1 0 0 0 0 0 0
"284" 284 0.677130044843 0 22 1 4 4 5 0 0 1 1 4 0 3 0 3 0 0 3 0 0
"285" 285 0.518134715026 0 35 3 2 0 1 0 0 2 0 0 1 0 0 0 0 0 4 0 0
"286" 286 0.229885057471 0 0 0 0 0 0 9 0 0 0 0 0 0 27 0 0 7 0 0 0
"287" 287 0.517441860465 0 14 4 8 0 1 0 0 1 0 1 1 1 0 0 0 1 2 0 0
"288" 288 0.489451476793 0 1 2 2 0 13 0 1 0 0 0 0 0 1 3 0 0 1 0 3
"289" 289 0.22641509434 0 0 2 1 2 1 1 3 0 0 1 0 0 0 1 0 0 1 0 0
"290" 290 0.563218390805 0 0 0 1 0 0 4 1 0 0 0 0 0 2 1 0 2 0 0 0
"291" 291 0.0377358490566 0 0 0 0 0 3 0 5 0 0 0 0 1 0 0 0 0 0 0 0
"292" 292 0.88995215311 0 0 0 1 0 2 0 0 0 0 0 0 0 0 2 0 0 0 0 0
"293" 293 0.497512437811 0 0 0 0 0 0 0 0 0 0 0 0 0 3 0 0 0 0 0 2
