"site" "RSA" "aa1" "aa2" "aa3" "aa4" "aa5" "aa6" "aa7" "aa8" "aa9" "aa10" "aa11" "aa12" "aa13" "aa14" "aa15" "aa16" "aa17" "aa18" "aa19" "aa20"
"0" 0 0.802325581395 0 0 64 0 0 0 0 0 0 0 0 0 0 0 1 0 0 0 0 0
"1" 1 0.482587064677 0 2 1 0 0 40 0 0 0 0 0 3 0 1 0 0 0 18 0 0
"2" 2 0.233830845771 0 0 1 0 0 0 0 0 1 0 0 0 0 15 0 0 0 39 0 9
"3" 3 0.456953642384 0 1 64 0 0 0 0 0 0 0 0 0 0 0 0 0 0 0 0 0
"4" 4 0.483443708609 0 0 0 0 0 29 0 0 0 0 36 0 0 0 0 0 0 0 0 0
"5" 5 0.100418410042 0 0 0 0 0 0 0 0 0 61 0 0 0 0 0 2 0 0 2 0
"6" 6 0.134615384615 0 0 0 0 0 0 0 0 0 0 0 65 0 0 0 0 0 0 0 0
"7" 7 0.383720930233 0 0 50 0 0 0 0 0 0 0 0 0 0 0 15 0 0 0 0 0
"8" 8 0.339622641509 0 4 39 0 0 2 0 0 0 0 0 0 0 0 0 0 0 19 0 1
"9" 9 0.326359832636 0 1 0 0 0 0 0 0 1 1 0 0 1 0 0 3 0 57 0 1
"10" 10 0.446428571429 0 5 0 0 0 0 0 0 0 0 0 0 0 0 0 0 0 60 0 0
"11" 11 0.0729927007299 0 0 0 0 65 0 0 0 0 0 0 0 0 0 0 0 0 0 0 0
"12" 12 0.0 0 0 0 0 0 0 0 0 0 0 0 0 0 0 0 0 65 0 0 0
"13" 13 0.397321428571 0 0 0 0 0 60 0 0 0 0 0 0 1 1 2 0 0 0 0 1
"14" 14 0.389743589744 0 2 0 26 2 0 0 0 0 0 0 0 0 0 0 0 0 35 0 0
"15" 15 0.0 0 0 0 0 0 0 0 0 0 0 65 0 0 0 0 0 0 0 0 0
"16" 16 0.0149253731343 0 0 0 0 0 0 0 0 0 0 0 0 0 65 0 0 0 0 0 0
"17" 17 0.209302325581 0 0 0 0 0 26 0 0 0 0 0 0 0 0 39 0 0 0 0 0
"18" 18 0.0 0 0 0 0 0 0 0 0 0 0 65 0 0 0 0 0 0 0 0 0
"19" 19 0.0 0 0 0 0 0 0 0 0 0 0 0 0 0 65 0 0 0 0 0 0
"20" 20 0.478102189781 0 0 0 0 0 0 0 0 0 0 0 0 0 0 65 0 0 0 0 0
"21" 21 0.540178571429 0 0 0 0 0 28 0 0 0 0 0 0 0 0 0 0 0 37 0 0
"22" 22 0.173076923077 0 0 0 0 0 0 0 0 0 0 0 65 0 0 0 0 0 0 0 0
"23" 23 0.295620437956 0 0 0 0 0 64 0 0 0 0 0 0 0 1 0 0 0 0 0 0
"24" 24 0.0192307692308 0 0 0 0 0 0 0 0 0 0 0 65 0 0 0 0 0 0 0 0
"25" 25 0.0 0 0 0 0 0 0 0 0 0 0 0 0 0 0 0 0 65 0 0 0
"26" 26 0.0 0 0 0 0 0 0 0 0 0 0 0 0 0 0 0 0 0 0 0 65
"27" 27 0.00574712643678 0 0 0 0 0 0 40 0 0 0 0 0 0 0 0 0 25 0 0 0
"28" 28 0.0497512437811 33 0 0 1 0 0 4 0 4 0 6 0 0 16 0 0 0 0 0 1
"29" 29 0.512953367876 10 0 23 0 0 0 0 0 13 0 0 19 0 0 0 0 0 0 0 0
"30" 30 0.487179487179 0 0 10 0 0 0 0 0 0 16 0 0 0 0 0 8 0 0 31 0
"31" 31 0.294642857143 0 0 0 0 0 7 0 0 0 0 0 0 0 0 57 0 0 1 0 0
"32" 32 0.00961538461538 22 0 5 0 0 0 0 0 0 0 36 2 0 0 0 0 0 0 0 0
"33" 33 0.0155440414508 1 31 0 0 0 0 0 0 0 5 0 0 0 0 1 8 18 1 0 0
"34" 34 0.0 0 0 56 0 1 0 0 0 0 0 0 0 0 0 0 0 0 7 0 1
"35" 35 0.0 3 0 0 0 0 0 26 0 0 0 8 0 0 0 0 0 28 0 0 0
"36" 36 0.0167364016736 0 0 0 0 0 0 0 0 0 44 8 0 13 0 0 0 0 0 0 0
"37" 37 0.0 0 0 0 0 0 0 0 65 0 0 0 0 0 0 0 0 0 0 0 0
"38" 38 0.0 0 0 1 0 0 0 0 0 0 0 64 0 0 0 0 0 0 0 0 0
"39" 39 0.357142857143 0 0 0 0 4 0 0 0 0 0 0 0 0 2 0 0 0 59 0 0
"40" 40 0.261627906977 0 0 0 0 0 65 0 0 0 0 0 0 0 0 0 0 0 0 0 0
"41" 41 0.0 0 0 2 0 0 0 0 0 3 0 0 0 0 0 0 0 33 0 0 27
"42" 42 0.273255813953 0 0 7 0 7 0 0 0 51 0 0 0 0 0 0 0 0 0 0 0
"43" 43 0.281609195402 0 0 19 0 0 0 0 0 36 0 1 0 0 0 9 0 0 0 0 0
"44" 44 0.638392857143 0 37 0 0 0 20 0 0 0 0 0 0 0 0 0 0 0 8 0 0
"45" 45 0.161434977578 0 18 0 0 3 0 0 0 0 0 1 0 12 0 0 3 0 17 5 6
"46" 46 0.0045871559633 0 0 0 0 12 0 32 0 12 0 8 0 0 0 0 0 0 0 0 1
"47" 47 0.271317829457 0 0 0 0 0 62 0 0 0 0 0 0 0 0 2 0 0 1 0 0
"48" 48 0.0696517412935 0 0 0 0 0 19 0 0 1 0 0 0 0 2 0 0 0 43 0 0
"49" 49 0.00581395348837 0 0 0 0 2 0 0 0 0 0 1 0 7 54 0 0 0 1 0 0
"50" 50 0.263959390863 0 5 0 1 0 0 0 0 0 0 0 0 0 49 0 0 0 1 0 9
"51" 51 0.532846715328 0 0 0 0 0 60 0 0 0 0 0 0 0 0 1 0 4 0 0 0
"52" 52 0.22966507177 0 0 0 9 0 7 0 0 11 6 0 0 0 0 3 0 0 0 29 0
"53" 53 0.0769230769231 0 0 0 0 0 0 0 0 0 0 0 65 0 0 0 0 0 0 0 0
"54" 54 0.278145695364 0 0 45 0 0 20 0 0 0 0 0 0 0 0 0 0 0 0 0 0
"55" 55 0.163461538462 0 0 0 0 0 0 0 0 0 0 0 65 0 0 0 0 0 0 0 0
"56" 56 0.401015228426 0 0 0 0 0 20 0 0 0 0 0 0 0 0 0 0 0 45 0 0
"57" 57 0.0229885057471 0 0 0 0 0 0 57 0 8 0 0 0 0 0 0 0 0 0 0 0
"58" 58 0.0253164556962 16 0 0 0 0 3 0 0 0 0 0 0 0 0 45 0 0 1 0 0
"59" 59 0.00995024875622 0 0 0 0 0 0 0 0 0 0 0 0 0 65 0 0 0 0 0 0
"60" 60 0.0 3 0 0 0 0 0 1 0 0 0 15 0 0 0 0 0 46 0 0 0
"61" 61 0.010152284264 0 0 0 0 0 0 63 0 0 0 0 0 0 2 0 0 0 0 0 0
"62" 62 0.186046511628 0 0 3 0 0 0 0 0 62 0 0 0 0 0 0 0 0 0 0 0
"63" 63 0.303571428571 0 39 1 0 0 2 0 0 0 0 0 0 0 0 0 0 0 23 0 0
"64" 64 0.59067357513 0 1 2 0 0 61 0 0 0 0 0 0 0 0 0 0 0 1 0 0
"65" 65 0.14598540146 0 6 0 0 0 0 1 0 0 0 0 0 0 0 0 0 0 0 0 58
"66" 66 0.149635036496 0 0 0 0 0 0 0 0 0 0 0 0 0 0 65 0 0 0 0 0
"67" 67 0.476793248945 0 0 0 0 0 1 0 0 0 0 0 0 0 0 62 0 0 0 0 2
"68" 68 0.349775784753 0 0 0 0 65 0 0 0 0 0 0 0 0 0 0 0 0 0 0 0
"69" 69 0.00497512437811 0 0 0 1 0 0 0 0 0 0 0 0 0 64 0 0 0 0 0 0
"70" 70 0.569948186528 0 0 0 26 39 0 0 0 0 0 0 0 0 0 0 0 0 0 0 0
"71" 71 0.00497512437811 0 0 0 0 0 0 4 0 0 0 0 0 0 61 0 0 0 0 0 0
"72" 72 0.421383647799 0 0 1 0 0 37 0 20 0 0 0 0 0 0 0 0 0 3 0 4
"73" 73 0.229357798165 0 0 0 0 0 0 0 8 0 0 0 0 0 0 0 0 0 0 0 57
"74" 74 0.435779816514 0 0 0 0 0 59 0 0 0 0 2 0 0 0 4 0 0 0 0 0
"75" 75 0.655172413793 0 0 0 0 0 59 0 0 0 0 0 0 0 0 6 0 0 0 0 0
"76" 76 1.10714285714 0 65 0 0 0 0 0 0 0 0 0 0 0 0 0 0 0 0 0 0
"77" 77 0.471153846154 0 0 0 0 0 0 0 0 0 0 0 65 0 0 0 0 0 0 0 0
"78" 78 0.397489539749 0 0 2 0 0 0 0 0 0 0 0 0 0 33 0 0 0 30 0 0
"79" 79 0.0 0 0 0 0 0 0 0 0 61 0 0 4 0 0 0 0 0 0 0 0
"80" 80 0.224137931034 0 0 0 0 0 44 0 0 0 0 0 0 0 0 18 0 0 3 0 0
"81" 81 0.093023255814 0 0 8 0 0 0 0 0 54 0 0 0 0 0 2 0 0 1 0 0
"82" 82 0.0 0 0 0 0 0 0 64 0 0 0 0 0 0 0 0 0 1 0 0 0
"83" 83 0.09375 0 0 0 0 0 40 0 0 0 0 0 0 0 0 25 0 0 0 0 0
"84" 84 0.0232558139535 0 0 64 0 0 0 0 0 0 0 1 0 0 0 0 0 0 0 0 0
"85" 85 0.217054263566 0 0 0 0 0 0 0 0 0 0 65 0 0 0 0 0 0 0 0 0
"86" 86 0.732142857143 0 0 0 0 0 0 0 0 0 0 0 0 0 0 65 0 0 0 0 0
"87" 87 0.625 0 0 0 0 0 0 0 0 0 0 0 65 0 0 0 0 0 0 0 0
"88" 88 0.201149425287 0 0 0 0 0 0 0 0 16 0 0 0 0 0 0 0 49 0 0 0
"89" 89 0.691860465116 0 0 0 0 0 0 0 0 65 0 0 0 0 0 0 0 0 0 0 0
"90" 90 0.552325581395 0 2 18 0 0 43 0 0 0 0 0 0 0 0 0 0 0 2 0 0
"91" 91 0.0 0 0 0 0 0 0 0 0 0 0 0 65 0 0 0 0 0 0 0 0
"92" 92 0.316091954023 0 0 0 0 0 3 0 0 18 0 0 0 0 0 44 0 0 0 0 0
"93" 93 0.370860927152 0 0 65 0 0 0 0 0 0 0 0 0 0 0 0 0 0 0 0 0
"94" 94 0.147286821705 0 0 0 0 0 0 0 14 0 0 51 0 0 0 0 0 0 0 0 0
"95" 95 0.325581395349 0 18 0 0 0 3 0 0 0 0 0 0 0 0 0 0 0 44 0 0
"96" 96 0.0725388601036 0 65 0 0 0 0 0 0 0 0 0 0 0 0 0 0 0 0 0 0
"97" 97 0.0875912408759 0 0 0 0 1 5 28 0 0 0 0 0 0 30 1 0 0 0 0 0
"98" 98 0.00507614213198 0 0 0 0 0 0 0 0 0 0 0 0 0 0 65 0 0 0 0 0
"99" 99 0.255813953488 0 0 0 0 1 0 0 0 0 0 63 0 0 0 0 0 0 1 0 0
"100" 100 0.0 0 0 0 0 0 0 0 0 65 0 0 0 0 0 0 0 0 0 0 0
"101" 101 0.0114942528736 0 0 0 0 0 0 10 0 0 0 0 0 0 0 0 0 55 0 0 0
"102" 102 0.408759124088 0 0 0 0 0 0 0 0 0 0 0 0 0 0 0 0 0 42 0 23
"103" 103 0.201550387597 0 0 31 0 0 0 0 0 33 0 1 0 0 0 0 0 0 0 0 0
"104" 104 0.0077519379845 0 0 0 0 0 0 0 0 0 0 65 0 0 0 0 0 0 0 0 0
"105" 105 0.0507614213198 0 0 0 0 0 0 65 0 0 0 0 0 0 0 0 0 0 0 0 0
"106" 106 0.279069767442 0 0 65 0 0 0 0 0 0 0 0 0 0 0 0 0 0 0 0 0
"107" 107 0.715025906736 0 59 0 0 0 6 0 0 0 0 0 0 0 0 0 0 0 0 0 0
"108" 108 0.567307692308 0 0 0 0 0 0 0 0 0 0 0 65 0 0 0 0 0 0 0 0
"109" 109 0.031007751938 0 0 35 0 0 0 0 0 0 0 30 0 0 0 0 0 0 0 0 0
"110" 110 0.544303797468 0 0 0 0 0 62 0 0 0 0 0 0 0 0 0 0 0 3 0 0
"111" 111 0.314465408805 0 0 0 0 0 0 0 65 0 0 0 0 0 0 0 0 0 0 0 0
"112" 112 0.602649006623 0 0 0 0 0 62 0 0 0 0 0 0 0 0 3 0 0 0 0 0
"113" 113 0.326424870466 0 63 0 0 0 2 0 0 0 0 0 0 0 0 0 0 0 0 0 0
"114" 114 0.0149253731343 0 0 0 0 0 0 0 0 0 0 0 0 0 65 0 0 0 0 0 0
"115" 115 0.466666666667 0 3 0 0 0 0 0 0 0 0 0 0 0 40 0 0 0 22 0 0
"116" 116 0.306569343066 0 0 45 0 0 2 0 0 0 0 0 0 0 0 0 0 0 18 0 0
"117" 117 0.685534591195 0 0 1 0 0 0 0 0 0 0 0 21 0 0 0 0 0 43 0 0
"118" 118 0.115384615385 0 0 0 0 0 0 0 0 0 0 0 65 0 0 0 0 0 0 0 0
"119" 119 0.354066985646 0 1 0 0 0 0 0 0 0 2 0 0 0 0 0 0 0 0 62 0
"120" 120 0.0172413793103 0 0 0 0 0 0 7 0 0 0 0 0 0 2 0 0 56 0 0 0
"121" 121 0.192468619247 1 0 0 0 1 0 0 0 0 0 0 0 0 0 0 0 0 0 63 0
"122" 122 0.0062893081761 0 0 0 0 0 0 0 65 0 0 0 0 0 0 0 0 0 0 0 0
"123" 123 0.0597014925373 0 0 52 0 0 0 0 0 0 0 0 0 0 0 0 0 13 0 0 0
"124" 124 0.167883211679 64 0 0 0 0 0 0 0 0 0 0 0 0 0 0 0 0 1 0 0
"125" 125 0.0697674418605 0 0 62 0 0 0 0 0 0 0 2 1 0 0 0 0 0 0 0 0
"126" 126 0.385650224215 0 0 16 0 0 0 0 0 0 0 27 0 18 0 0 0 0 0 0 4
"127" 127 0.666666666667 0 0 0 0 0 37 0 28 0 0 0 0 0 0 0 0 0 0 0 0
"128" 128 0.413461538462 0 0 0 0 0 0 0 0 0 0 0 65 0 0 0 0 0 0 0 0
"129" 129 0.0480769230769 0 0 0 0 0 0 0 0 0 0 0 65 0 0 0 0 0 0 0 0
"130" 130 0.0344827586207 0 0 14 0 0 0 0 0 51 0 0 0 0 0 0 0 0 0 0 0
"131" 131 0.412935323383 0 0 2 0 0 0 0 0 0 0 0 0 0 63 0 0 0 0 0 0
"132" 132 0.46511627907 0 0 34 0 0 0 0 0 31 0 0 0 0 0 0 0 0 0 0 0
"133" 133 0.412408759124 0 0 0 0 0 2 0 0 0 0 0 0 0 0 63 0 0 0 0 0
"134" 134 0.394230769231 0 0 0 0 0 0 0 64 0 0 0 0 0 0 0 0 0 0 0 1
"135" 135 0.105769230769 0 0 0 0 0 0 0 0 61 0 0 2 2 0 0 0 0 0 0 0
"136" 136 0.0956937799043 0 0 1 0 0 0 0 0 36 19 0 0 1 0 0 0 8 0 0 0
"137" 137 0.0755813953488 0 0 35 0 0 0 0 0 17 0 13 0 0 0 0 0 0 0 0 0
"138" 138 0.0133928571429 6 55 0 0 0 0 0 0 0 0 2 0 0 0 0 0 0 2 0 0
"139" 139 0.0 0 0 0 0 0 0 0 0 0 0 65 0 0 0 0 0 0 0 0 0
"140" 140 0.0 0 0 0 0 0 0 0 0 20 0 44 1 0 0 0 0 0 0 0 0
"141" 141 0.0710659898477 0 0 0 0 0 0 0 0 0 0 47 1 0 0 0 0 15 1 0 1
"142" 142 0.0725388601036 0 65 0 0 0 0 0 0 0 0 0 0 0 0 0 0 0 0 0 0
"143" 143 0.00497512437811 0 0 0 0 0 0 0 0 0 0 0 0 0 65 0 0 0 0 0 0
"144" 144 0.0 0 0 0 0 0 0 0 0 0 0 65 0 0 0 0 0 0 0 0 0
"145" 145 0.436046511628 0 0 0 0 0 46 0 0 0 0 3 0 0 0 2 0 0 14 0 0
"146" 146 0.323383084577 0 0 0 1 0 0 0 0 0 0 0 0 0 37 0 27 0 0 0 0
"147" 147 0.0542635658915 0 0 1 0 0 0 0 0 0 0 64 0 0 0 0 0 0 0 0 0
"148" 148 0.644230769231 0 0 0 0 0 0 0 0 0 0 0 65 0 0 0 0 0 0 0 0
"149" 149 0.163179916318 0 0 0 0 0 0 0 0 0 64 0 0 1 0 0 0 0 0 0 0
"150" 150 0.253164556962 0 0 4 0 0 59 0 0 0 0 0 0 0 0 0 0 0 0 0 2
"151" 151 0.333333333333 0 1 0 0 0 3 0 3 0 0 2 0 0 0 15 0 0 5 0 36
"152" 152 0.0542635658915 1 0 1 0 0 0 0 0 0 0 63 0 0 0 0 0 0 0 0 0
"153" 153 0.0 0 0 0 0 0 0 0 0 0 0 45 20 0 0 0 0 0 0 0 0
"154" 154 0.00574712643678 0 0 9 0 0 0 0 0 1 0 0 0 0 0 0 0 55 0 0 0
"155" 155 0.0298507462687 0 0 0 0 1 0 7 0 57 0 0 0 0 0 0 0 0 0 0 0
"156" 156 0.0 57 8 0 0 0 0 0 0 0 0 0 0 0 0 0 0 0 0 0 0
"157" 157 0.183035714286 0 0 0 0 0 0 0 1 43 0 0 0 0 15 0 0 0 6 0 0
"158" 158 0.0398009950249 0 0 0 0 0 0 0 0 0 0 0 0 0 65 0 0 0 0 0 0
"159" 159 0.156976744186 0 0 0 0 0 0 0 0 0 0 0 0 0 0 0 0 0 0 0 65
"160" 160 0.179487179487 0 2 0 19 0 3 0 0 14 0 0 0 0 19 0 0 0 0 0 8
"161" 161 0.80310880829 0 7 0 0 0 38 0 20 0 0 0 0 0 0 0 0 0 0 0 0
"162" 162 0.611398963731 0 51 0 0 0 14 0 0 0 0 0 0 0 0 0 0 0 0 0 0
"163" 163 0.519230769231 0 0 0 0 0 0 0 0 0 0 0 65 0 0 0 0 0 0 0 0
"164" 164 0.267441860465 0 0 40 0 0 5 0 0 0 0 0 0 0 0 20 0 0 0 0 0
"165" 165 0.344036697248 0 0 6 0 0 0 7 5 0 0 3 0 0 43 0 0 0 0 0 1
"166" 166 0.0077519379845 0 0 0 0 0 0 0 0 0 0 65 0 0 0 0 0 0 0 0 0
"167" 167 0.452554744526 0 3 11 0 0 6 0 0 0 0 0 0 0 0 45 0 0 0 0 0
"168" 168 0.271317829457 0 0 0 0 0 0 0 0 0 0 0 0 0 0 62 0 0 0 0 3
"169" 169 0.477987421384 0 59 1 0 0 2 0 2 0 0 0 0 0 0 0 0 0 1 0 0
"170" 170 0.254464285714 0 31 0 0 2 2 0 0 0 0 0 0 0 0 0 0 0 27 0 3
"171" 171 0.0 0 0 0 0 0 0 0 0 0 0 43 22 0 0 0 0 0 0 0 0
"172" 172 0.0507614213198 0 0 2 0 0 0 3 0 0 0 2 0 1 0 0 0 57 0 0 0
"173" 173 0.526785714286 0 0 0 0 0 31 0 0 0 0 9 0 0 0 13 0 0 12 0 0
"174" 174 0.0753138075314 0 0 0 0 0 0 0 0 0 0 1 0 56 0 0 7 0 0 1 0
"175" 175 0.0 0 0 0 0 0 0 0 0 0 0 65 0 0 0 0 0 0 0 0 0
"176" 176 0.471794871795 0 1 0 0 0 19 0 0 0 0 0 0 0 0 6 11 0 28 0 0
"177" 177 0.548523206751 0 0 0 0 1 40 0 0 0 0 0 0 0 2 12 0 0 10 0 0
"178" 178 0.296650717703 0 0 0 0 7 45 0 0 0 0 0 0 0 0 0 0 0 12 1 0
"179" 179 0.569230769231 0 39 0 26 0 0 0 0 0 0 0 0 0 0 0 0 0 0 0 0
"180" 180 0.0366972477064 9 0 0 0 0 56 0 0 0 0 0 0 0 0 0 0 0 0 0 0
"181" 181 0.062015503876 0 0 0 0 0 0 0 0 0 0 65 0 0 0 0 0 0 0 0 0
"182" 182 0.00497512437811 3 0 0 0 0 0 0 0 0 21 0 0 0 0 0 1 3 0 37 0
"183" 183 0.00574712643678 0 0 0 0 0 0 0 0 0 0 0 0 0 0 0 0 65 0 0 0
"184" 184 0.116279069767 0 0 8 0 0 0 0 0 18 0 0 0 0 0 39 0 0 0 0 0
"185" 185 0.0253807106599 0 0 0 0 0 0 27 0 0 0 13 0 0 0 0 0 25 0 0 0
"186" 186 0.700892857143 0 0 0 0 0 29 0 0 0 0 0 0 0 0 7 0 0 29 0 0
"187" 187 0.0362694300518 0 39 1 0 0 0 0 0 0 0 25 0 0 0 0 0 0 0 0 0
"188" 188 0.00995024875622 0 0 0 0 0 0 65 0 0 0 0 0 0 0 0 0 0 0 0 0
"189" 189 0.183908045977 0 0 0 0 0 23 0 0 0 0 0 0 0 0 28 0 0 0 2 12
"190" 190 0.286821705426 0 0 0 0 0 24 0 0 0 0 0 0 0 2 33 0 0 6 0 0
"191" 191 0.0798479087452 0 0 0 0 0 0 0 0 0 0 0 0 0 0 0 2 0 0 63 0
"192" 192 0.251824817518 0 0 0 0 0 1 0 0 0 0 25 0 0 15 0 0 0 1 0 23
"193" 193 0.600896860987 0 0 0 0 0 11 0 0 0 0 0 0 0 24 1 0 0 20 0 9
"194" 194 0.503875968992 0 0 0 0 0 60 0 0 0 0 0 0 0 1 0 0 0 0 4 0
"195" 195 0.684210526316 0 0 0 0 0 0 0 0 0 1 0 0 0 0 0 0 1 0 63 0
