"site" "RSA" "aa1" "aa2" "aa3" "aa4" "aa5" "aa6" "aa7" "aa8" "aa9" "aa10" "aa11" "aa12" "aa13" "aa14" "aa15" "aa16" "aa17" "aa18" "aa19" "aa20"
"0" 0 0.459770114943 0 0 2 1 10 4 7 0 77 0 3 2 1 0 1 1 43 2 1 5
"1" 1 0.219730941704 0 0 6 1 6 30 0 0 7 0 15 0 0 0 86 0 0 0 0 9
"2" 2 0.0 0 0 0 0 0 0 0 0 0 0 159 1 0 0 0 0 0 0 0 0
"3" 3 0.218390804598 0 0 2 0 4 7 10 0 4 0 4 0 0 0 1 0 108 15 0 5
"4" 4 0.0 0 0 1 0 0 0 0 0 0 0 159 0 0 0 0 0 0 0 0 0
"5" 5 0.396551724138 0 1 1 3 1 7 28 0 8 26 1 0 1 0 3 1 45 7 25 2
"6" 6 0.0 0 0 0 0 0 0 0 0 0 0 0 0 0 160 0 0 0 0 0 0
"7" 7 0.590717299578 0 0 12 1 2 2 0 0 29 32 2 2 20 0 7 3 0 5 39 4
"8" 8 0.375 0 0 0 0 0 0 0 0 0 0 0 160 0 0 0 0 0 0 0 0
"9" 9 0.922279792746 0 69 2 25 9 5 2 0 17 0 1 1 2 5 2 2 8 4 4 2
"10" 10 0.503875968992 0 1 1 30 73 18 0 0 0 2 1 1 9 0 2 0 0 10 7 5
"11" 11 0.576923076923 0 0 0 0 0 0 0 0 0 0 0 160 0 0 0 0 0 0 0 0
"12" 12 0.0574712643678 0 0 0 0 0 0 0 0 4 0 0 0 0 0 0 0 156 0 0 0
"13" 13 0.397350993377 0 0 12 1 2 7 0 0 31 29 8 4 0 0 12 2 0 7 40 5
"14" 14 0.144230769231 0 0 0 0 0 0 0 0 0 0 0 160 0 0 0 0 0 0 0 0
"15" 15 0.35632183908 0 0 6 1 6 16 11 0 6 1 7 0 1 0 5 0 32 61 0 7
"16" 16 0.0 0 0 0 0 0 0 0 0 0 0 0 0 0 0 0 0 160 0 0 0
"17" 17 0.261603375527 0 0 1 3 14 30 1 0 0 7 3 1 2 0 54 10 7 12 8 7
"18" 18 0.00418410041841 0 0 0 0 0 0 0 0 0 159 0 0 0 0 0 0 0 0 1 0
"19" 19 0.446428571429 0 0 16 0 13 7 0 0 1 1 5 0 4 4 14 1 0 78 6 10
"20" 20 0.0 0 0 0 0 160 0 0 0 0 0 0 0 0 0 0 0 0 0 0 0
"21" 21 0.589147286822 0 29 0 6 11 14 11 0 22 0 10 6 3 11 2 0 13 17 1 4
"22" 22 0.35761589404 0 13 24 4 3 8 0 0 51 0 23 4 1 0 11 0 1 9 0 8
"23" 23 0.410714285714 0 0 3 0 5 128 0 0 0 0 8 0 2 0 4 0 0 10 0 0
"24" 24 0.695364238411 0 30 21 17 8 13 1 0 9 0 4 6 0 12 3 0 2 29 1 4
"25" 25 0.258928571429 0 13 28 12 26 10 0 0 9 1 32 3 1 2 1 0 0 9 7 6
"26" 26 0.308176100629 0 0 2 0 0 0 0 151 0 0 6 1 0 0 0 0 0 0 0 0
"27" 27 0.0 0 0 0 0 0 0 0 0 160 0 0 0 0 0 0 0 0 0 0 0
"28" 28 0.151162790698 0 0 1 0 10 9 2 0 9 2 1 0 0 26 73 2 4 16 1 4
"29" 29 0.0 0 0 0 0 0 0 9 0 0 0 1 0 0 0 0 0 150 0 0 0
"30" 30 0.298013245033 0 0 1 1 10 3 17 0 3 0 2 0 1 0 8 0 47 59 1 7
"31" 31 0.12927756654 0 0 0 0 0 0 0 0 0 120 0 0 0 0 0 0 0 0 40 0
"32" 32 0.446428571429 0 6 11 5 32 26 0 0 1 0 2 0 1 1 24 0 0 45 0 6
"33" 33 0.00507614213198 0 0 0 0 0 0 150 0 0 0 0 0 0 0 0 0 10 0 0 0
"34" 34 0.317829457364 0 1 15 3 15 13 1 0 10 1 27 22 0 0 22 2 6 17 1 4
"35" 35 0.413461538462 0 0 0 0 0 0 0 0 0 0 0 160 0 0 0 0 0 0 0 0
"36" 36 0.102564102564 0 0 0 0 0 0 0 0 0 0 0 1 1 158 0 0 0 0 0 0
"37" 37 0.377483443709 0 31 4 11 11 15 4 0 4 0 5 1 27 11 7 0 8 18 1 2
"38" 38 0.465408805031 0 0 0 0 0 0 0 160 0 0 0 0 0 0 0 0 0 0 0 0
"39" 39 0.594871794872 0 13 1 77 22 18 0 0 0 0 1 3 0 4 8 0 0 11 0 2
"40" 40 0.170542635659 0 16 29 10 0 0 0 0 0 0 82 10 0 0 13 0 0 0 0 0
"41" 41 0.330357142857 0 1 0 2 2 3 0 0 0 14 1 0 0 0 21 73 0 31 12 0
"42" 42 0.153284671533 0 0 0 0 0 20 0 0 0 1 0 0 139 0 0 0 0 0 0 0
"43" 43 0.0 0 0 0 0 0 0 0 0 0 0 0 160 0 0 0 0 0 0 0 0
"44" 44 0.0 0 0 0 0 0 0 0 0 0 159 0 0 0 0 0 0 0 0 0 1
"45" 45 0.0 0 0 1 0 8 0 0 0 0 0 3 0 148 0 0 0 0 0 0 0
"46" 46 0.0 0 0 0 0 0 0 155 0 0 0 0 0 0 0 0 0 5 0 0 0
"47" 47 0.0 160 0 0 0 0 0 0 0 0 0 0 0 0 0 0 0 0 0 0 0
"48" 48 0.321428571429 0 0 2 0 4 64 0 0 1 0 16 0 1 0 8 1 0 55 0 8
"49" 49 0.393305439331 0 0 0 5 9 14 0 0 0 32 1 0 3 52 4 2 0 0 36 2
"50" 50 0.298076923077 0 0 0 0 0 0 0 0 0 0 0 160 0 0 0 0 0 0 0 0
"51" 51 0.341968911917 0 151 0 8 0 0 1 0 0 0 0 0 0 0 0 0 0 0 0 0
"52" 52 0.53488372093 0 3 2 9 2 0 0 0 8 0 0 2 110 19 0 0 0 4 0 1
"53" 53 0.720930232558 0 0 27 2 0 1 0 0 5 0 0 0 0 1 123 0 0 1 0 0
"54" 54 0.54358974359 0 18 2 25 4 14 0 0 1 13 8 0 24 7 17 1 3 8 15 0
"55" 55 0.480769230769 0 2 13 0 0 1 0 0 0 0 0 144 0 0 0 0 0 0 0 0
"56" 56 0.0886075949367 160 0 0 0 0 0 0 0 0 0 0 0 0 0 0 0 0 0 0 0
"57" 57 0.563218390805 0 34 2 34 9 16 6 0 7 0 11 2 2 7 5 0 12 10 3 0
"58" 58 0.145695364238 0 0 104 0 0 0 0 0 0 0 52 4 0 0 0 0 0 0 0 0
"59" 59 0.0077519379845 0 0 50 0 0 0 0 0 93 0 17 0 0 0 0 0 0 0 0 0
"60" 60 0.153846153846 0 0 0 0 0 0 0 0 0 0 0 160 0 0 0 0 0 0 0 0
"61" 61 0.465408805031 0 11 17 3 0 2 0 93 8 0 2 17 1 1 2 0 1 2 0 0
"62" 62 0.0478468899522 0 2 5 12 0 0 9 8 5 11 5 7 53 0 0 0 10 0 33 0
"63" 63 0.0376569037657 0 0 0 0 0 0 0 0 0 159 0 0 1 0 0 0 0 0 0 0
"64" 64 0.230769230769 0 2 1 156 0 0 0 0 0 0 1 0 0 0 0 0 0 0 0 0
"65" 65 0.327044025157 0 0 0 0 0 0 0 160 0 0 0 0 0 0 0 0 0 0 0 0
"66" 66 0.523012552301 0 119 0 20 1 12 0 0 0 0 0 0 2 0 1 0 0 3 2 0
"67" 67 0.784810126582 0 15 2 75 12 21 0 0 0 1 1 12 5 1 3 0 0 7 5 0
"68" 68 0.37552742616 0 0 0 2 58 43 0 0 0 1 1 0 2 49 2 0 0 1 0 1
"69" 69 0.348837209302 0 3 8 5 6 18 0 0 7 0 6 1 0 28 68 0 0 5 2 3
"70" 70 0.0191387559809 0 0 0 0 0 1 0 0 1 0 1 0 157 0 0 0 0 0 0 0
"71" 71 0.00961538461538 0 0 0 0 0 0 0 0 0 0 0 160 0 0 0 0 0 0 0 0
"72" 72 0.062015503876 0 0 12 5 2 16 0 0 4 0 18 11 3 1 78 0 0 6 0 4
"73" 73 0.276729559748 0 0 7 0 6 5 0 131 0 0 5 0 1 0 1 0 0 4 0 0
"74" 74 0.78488372093 0 20 8 31 9 12 1 0 25 0 8 6 1 14 5 1 5 11 1 2
"75" 75 0.305699481865 0 138 11 0 1 0 0 0 0 0 8 0 1 0 0 0 0 1 0 0
"76" 76 0.763392857143 0 34 20 14 8 15 0 0 11 0 10 6 0 7 8 0 5 17 0 5
"77" 77 0.373563218391 0 1 2 0 4 0 19 0 12 0 0 0 1 1 2 0 43 70 0 5
"78" 78 0.0547445255474 0 0 0 0 0 0 0 0 0 0 0 0 0 0 160 0 0 0 0 0
"79" 79 0.0478468899522 0 1 5 49 7 0 0 0 9 0 48 6 35 0 0 0 0 0 0 0
"80" 80 0.0172413793103 0 0 1 0 0 0 1 0 6 0 21 0 0 0 0 0 131 0 0 0
"81" 81 0.0 0 0 0 0 0 0 0 0 0 0 0 160 0 0 0 0 0 0 0 0
"82" 82 0.0 0 131 11 0 0 0 0 0 0 0 18 0 0 0 0 0 0 0 0 0
"83" 83 0.045871559633 0 0 0 0 2 0 0 0 0 0 0 1 1 53 0 0 0 1 0 102
"84" 84 0.0288461538462 0 0 0 0 0 0 0 0 0 0 0 160 0 0 0 0 0 0 0 0
"85" 85 0.169230769231 0 0 0 160 0 0 0 0 0 0 0 0 0 0 0 0 0 0 0 0
"86" 86 0.0114942528736 0 0 0 0 0 0 0 0 7 0 0 0 0 0 0 0 153 0 0 0
"87" 87 0.649789029536 0 0 7 0 31 34 7 0 5 4 3 1 4 2 11 1 6 30 10 4
"88" 88 0.046511627907 0 0 6 0 0 0 0 0 154 0 0 0 0 0 0 0 0 0 0 0
"89" 89 0.300518134715 0 111 2 39 0 0 0 0 2 0 0 6 0 0 0 0 0 0 0 0
"90" 90 0.607142857143 0 4 59 0 22 5 1 0 2 0 9 5 0 1 1 1 1 46 0 3
"91" 91 0.676923076923 0 15 3 41 13 10 0 0 6 6 4 3 12 11 9 1 0 7 14 5
"92" 92 0.0 0 0 0 0 0 0 0 0 0 0 0 160 0 0 0 0 0 0 0 0
"93" 93 0.235632183908 0 0 3 0 8 4 34 0 9 0 4 0 0 0 11 5 47 20 0 15
"94" 94 0.0 0 0 9 0 0 0 0 0 0 0 150 1 0 0 0 0 0 0 0 0
"95" 95 0.637130801688 0 0 7 0 17 53 8 0 4 1 10 0 0 0 12 0 5 37 0 6
"96" 96 0.259615384615 0 0 0 0 0 0 0 0 0 0 0 160 0 0 0 0 0 0 0 0
"97" 97 0.456953642384 0 0 39 2 7 14 1 0 2 8 36 3 2 1 3 5 3 7 17 10
"98" 98 0.221757322176 0 0 0 0 0 0 0 0 0 160 0 0 0 0 0 0 0 0 0 0
"99" 99 0.594936708861 0 5 3 4 6 51 1 0 5 19 6 1 3 0 7 22 6 14 2 5
"100" 100 0.0621761658031 0 160 0 0 0 0 0 0 0 0 0 0 0 0 0 0 0 0 0 0
"101" 101 0.53642384106 0 4 63 0 3 7 0 35 0 0 24 9 1 3 1 0 0 10 0 0
"102" 102 0.298507462687 0 41 7 14 14 15 0 0 5 3 5 2 6 0 0 3 0 22 8 15
"103" 103 0.0 0 0 0 0 0 0 88 0 8 0 0 0 0 0 0 0 64 0 0 0
"104" 104 0.151898734177 0 1 33 19 27 25 0 0 1 0 4 1 28 0 10 0 0 0 0 11
"105" 105 0.044776119403 0 0 0 0 0 0 0 0 1 0 0 0 0 159 0 0 0 0 0 0
"106" 106 0.238578680203 0 0 3 0 0 4 114 0 0 0 0 0 0 4 0 0 27 5 0 3
"107" 107 0.317307692308 0 0 0 0 0 0 0 0 0 0 0 160 0 0 0 0 0 0 0 0
"108" 108 0.74213836478 0 5 8 2 3 1 1 0 2 0 3 2 0 2 0 0 0 131 0 0
"109" 109 0.122093023256 0 1 1 6 2 22 0 0 5 0 0 0 1 0 118 0 0 2 0 2
"110" 110 0.172185430464 0 0 125 0 0 0 0 0 3 0 31 0 0 0 1 0 0 0 0 0
"111" 111 0.0 0 0 0 0 0 0 0 0 22 0 4 0 0 0 0 0 134 0 0 0
"112" 112 0.252873563218 0 0 0 0 0 0 55 0 0 0 0 0 0 1 0 0 98 1 0 5
"113" 113 0.403846153846 0 0 0 0 0 0 0 0 0 0 0 160 0 0 0 0 0 0 0 0
"114" 114 0.20802919708 0 0 0 0 0 0 0 0 0 0 0 0 0 0 160 0 0 0 0 0
"115" 115 0.0264900662252 0 0 65 0 0 0 0 0 1 0 92 2 0 0 0 0 0 0 0 0
"116" 116 0.0 0 0 0 0 0 0 0 0 2 0 0 0 0 0 0 0 158 0 0 0
"117" 117 0.0 0 0 0 0 0 0 0 0 0 0 0 0 0 0 0 0 160 0 0 0
"118" 118 0.0 0 0 0 0 3 0 11 0 2 1 6 0 0 0 0 0 137 0 0 0
"119" 119 0.0239234449761 0 0 0 0 0 0 0 0 0 67 0 0 0 0 0 0 0 0 93 0
"120" 120 0.333333333333 0 0 7 4 1 5 0 0 0 0 135 3 0 0 3 0 0 0 0 2
"121" 121 0.163461538462 0 0 0 0 0 0 0 0 0 0 0 160 0 0 0 0 0 0 0 0
"122" 122 0.484304932735 0 0 4 0 25 40 0 0 14 0 4 0 0 0 31 0 1 39 0 2
"123" 123 0.0103626943005 0 160 0 0 0 0 0 0 0 0 0 0 0 0 0 0 0 0 0 0
"124" 124 0.238341968912 0 155 0 2 0 1 0 0 0 0 0 0 0 0 1 0 0 1 0 0
"125" 125 0.218905472637 0 2 0 15 0 0 0 0 0 0 0 126 11 5 0 0 0 1 0 0
"126" 126 0.144230769231 0 0 0 0 0 0 0 0 0 0 0 160 0 0 0 0 0 0 0 0
"127" 127 0.561181434599 0 4 27 15 27 5 0 0 39 1 4 2 2 11 5 0 0 15 0 3
"128" 128 0.240384615385 0 0 0 0 0 0 0 0 0 0 0 160 0 0 0 0 0 0 0 0
"129" 129 0.896373056995 0 39 5 37 12 1 1 0 13 0 3 13 5 11 2 0 0 5 9 4
"130" 130 0.412790697674 0 0 28 1 2 0 0 0 123 0 2 0 0 0 1 0 0 1 1 1
"131" 131 0.607142857143 0 28 29 22 8 15 3 0 20 0 4 1 0 10 1 2 0 16 0 1
"132" 132 0.316964285714 0 35 8 14 6 29 1 0 3 1 9 3 0 8 18 1 1 9 1 13
"133" 133 0.0 0 0 104 0 0 0 0 0 0 0 56 0 0 0 0 0 0 0 0 0
"134" 134 0.378109452736 0 1 9 6 15 16 0 0 11 1 4 1 3 32 2 36 0 14 7 2
"135" 135 0.455696202532 0 4 4 6 32 36 17 0 13 0 4 1 0 13 2 0 15 12 1 0
"136" 136 0.203488372093 0 1 4 1 6 2 1 0 85 12 0 0 4 6 0 0 0 8 30 0
"137" 137 0.0 0 0 0 0 0 0 0 0 0 0 0 160 0 0 0 0 0 0 0 0
"138" 138 0.379487179487 0 3 0 148 0 0 0 0 0 0 0 4 0 0 3 0 0 2 0 0
"139" 139 0.0 0 0 0 0 0 0 0 0 0 0 159 1 0 0 0 0 0 0 0 0
"140" 140 0.432692307692 0 0 0 0 0 0 0 0 0 0 0 160 0 0 0 0 0 0 0 0
"141" 141 0.591194968553 0 9 6 0 1 2 0 127 0 0 11 2 2 0 0 0 0 0 0 0
"142" 142 0.248175182482 0 0 0 0 0 0 0 0 0 0 0 0 0 0 160 0 0 0 0 0
"143" 143 0.138364779874 0 0 0 0 0 0 0 160 0 0 0 0 0 0 0 0 0 0 0 0
"144" 144 0.0 0 0 0 0 0 0 0 0 0 0 160 0 0 0 0 0 0 0 0 0
"145" 145 0.101265822785 160 0 0 0 0 0 0 0 0 0 0 0 0 0 0 0 0 0 0 0
"146" 146 0.0865384615385 0 0 0 0 0 0 0 0 0 0 0 160 0 0 0 0 0 0 0 0
"147" 147 0.362068965517 0 0 0 0 23 67 15 0 4 0 3 0 0 0 22 0 9 15 0 2
"148" 148 0.00507614213198 0 0 0 0 0 0 159 0 0 0 0 0 0 0 0 0 1 0 0 0
"149" 149 0.278846153846 0 0 1 4 4 24 10 0 21 0 0 1 0 39 1 0 24 26 1 4
"150" 150 0.592039800995 0 3 6 0 2 16 0 40 5 0 9 1 0 53 4 1 4 8 2 6
"151" 151 0.296511627907 0 0 0 0 0 0 0 0 160 0 0 0 0 0 0 0 0 0 0 0
"152" 152 0.917948717949 0 23 9 20 5 13 1 0 16 1 15 29 1 6 1 1 3 15 0 1
