"site" "RSA" "aa1" "aa2" "aa3" "aa4" "aa5" "aa6" "aa7" "aa8" "aa9" "aa10" "aa11" "aa12" "aa13" "aa14" "aa15" "aa16" "aa17" "aa18" "aa19" "aa20"
"0" 0 0.261627906977 0 7 2 0 0 0 25 7 80 0 0 1 0 0 0 0 36 0 0 0
"1" 1 0.623574144487 0 5 7 6 16 22 5 0 24 2 8 1 1 8 4 0 16 18 14 1
"2" 2 0.360465116279 0 0 33 1 0 0 0 0 120 0 0 0 0 2 0 0 0 1 1 0
"3" 3 0.279069767442 0 0 0 0 0 0 97 0 33 0 0 0 0 0 0 1 26 0 1 0
"4" 4 0.0875912408759 0 0 0 0 0 0 0 0 0 0 0 0 0 0 158 0 0 0 0 0
"5" 5 0.107623318386 0 0 0 1 1 2 84 0 7 3 0 0 0 5 2 1 48 2 1 1
"6" 6 0.0659898477157 0 0 0 0 1 0 139 0 1 0 0 0 0 2 0 0 12 0 3 0
"7" 7 0.0 0 0 0 0 0 0 0 0 0 0 0 158 0 0 0 0 0 0 0 0
"8" 8 0.062015503876 0 0 17 0 1 0 0 0 0 0 139 0 0 0 1 0 0 0 0 0
"9" 9 0.282700421941 0 0 4 0 22 27 0 0 10 0 11 4 0 0 10 2 4 61 0 3
"10" 10 0.0820512820513 0 2 0 153 0 0 0 0 0 0 0 2 1 0 0 0 0 0 0 0
"11" 11 0.21511627907 0 2 29 0 0 0 0 0 126 0 0 1 0 0 0 0 0 0 0 0
"12" 12 0.55223880597 0 2 30 7 6 3 1 0 32 0 7 1 1 41 13 0 2 9 0 3
"13" 13 0.379464285714 0 26 11 31 12 16 2 0 23 1 3 5 5 9 3 0 0 7 0 4
"14" 14 0.0152091254753 0 0 0 0 0 0 0 0 0 28 0 0 1 0 0 1 0 0 128 0
"15" 15 0.210970464135 0 0 0 1 26 71 0 0 0 0 0 0 1 19 9 0 0 8 0 23
"16" 16 0.0114942528736 0 0 0 0 0 0 0 0 1 0 0 0 0 0 0 0 156 0 0 1
"17" 17 0.0342205323194 0 0 0 0 0 0 0 0 0 92 0 0 0 0 0 0 0 0 66 0
"18" 18 0.00507614213198 0 0 0 0 0 0 144 0 0 0 0 0 0 0 0 0 14 0 0 0
"19" 19 0.111607142857 0 0 0 0 0 0 0 0 0 0 0 0 0 0 0 0 0 158 0 0
"20" 20 0.367088607595 0 55 1 10 19 35 0 0 1 0 3 1 5 8 1 0 0 10 0 9
"21" 21 0.580310880829 0 16 1 100 2 9 0 0 0 1 1 20 2 0 4 0 0 2 0 0
"22" 22 0.336538461538 0 0 0 0 0 0 0 0 0 0 0 158 0 0 0 0 0 0 0 0
"23" 23 0.354430379747 0 1 8 18 6 11 7 0 1 10 5 0 6 10 7 6 11 6 39 6
"24" 24 0.0 0 0 0 0 0 0 0 158 0 0 0 0 0 0 0 0 0 0 0 0
"25" 25 0.0459770114943 0 0 2 0 0 0 34 0 4 0 2 1 0 0 0 0 114 1 0 0
"26" 26 0.0 0 0 158 0 0 0 0 0 0 0 0 0 0 0 0 0 0 0 0 0
"27" 27 0.0077519379845 0 0 52 0 0 0 0 0 3 0 102 1 0 0 0 0 0 0 0 0
"28" 28 0.0 0 0 0 1 0 0 0 0 0 0 0 0 156 0 0 0 0 0 0 1
"29" 29 0.0 0 0 0 0 0 0 0 0 0 0 0 0 158 0 0 0 0 0 0 0
"30" 30 0.0310880829016 0 158 0 0 0 0 0 0 0 0 0 0 0 0 0 0 0 0 0 0
"31" 31 0.0 0 0 0 0 0 0 146 0 0 0 0 0 0 0 0 0 12 0 0 0
"32" 32 0.327044025157 0 0 7 0 0 0 0 149 0 0 1 0 0 0 0 0 0 0 0 1
"33" 33 0.00497512437811 0 0 0 0 0 0 0 0 0 0 0 0 0 158 0 0 0 0 0 0
"34" 34 0.269961977186 0 0 0 0 0 0 0 0 0 65 0 0 0 0 0 0 0 0 93 0
"35" 35 0.395348837209 0 3 1 0 0 3 0 0 0 5 116 14 2 0 5 1 0 0 8 0
"36" 36 0.243523316062 0 141 0 17 0 0 0 0 0 0 0 0 0 0 0 0 0 0 0 0
"37" 37 0.607594936709 0 0 1 0 10 60 0 54 3 0 11 0 0 0 4 0 1 13 0 1
"38" 38 0.607142857143 0 23 7 21 8 18 2 0 16 0 19 3 0 6 7 0 5 18 2 3
"39" 39 0.553846153846 0 1 0 118 4 8 0 0 0 0 1 0 3 2 20 0 0 1 0 0
"40" 40 0.210256410256 0 7 1 42 6 19 0 0 0 13 0 4 21 1 3 8 0 1 29 3
"41" 41 0.131979695431 0 1 0 0 5 6 50 0 1 0 2 0 3 47 0 7 33 1 0 2
"42" 42 0.00418410041841 0 0 0 0 0 0 0 0 0 147 0 0 0 0 0 0 0 0 11 0
"43" 43 0.0358974358974 0 0 0 76 2 22 0 0 0 0 5 0 0 12 4 4 0 0 1 32
"44" 44 0.0 0 0 0 0 0 0 0 0 0 0 1 0 0 60 0 0 0 0 0 97
"45" 45 0.0 0 0 0 0 0 0 0 0 0 0 0 0 0 0 0 0 158 0 0 0
"46" 46 0.0 0 0 0 0 0 0 23 0 0 0 0 0 2 0 0 0 133 0 0 0
"47" 47 0.0535714285714 0 0 0 0 6 0 0 0 0 0 1 0 0 0 0 0 0 151 0 0
"48" 48 0.0 0 0 0 0 0 0 157 0 0 0 0 0 0 0 0 0 1 0 0 0
"49" 49 0.0943396226415 0 0 0 0 0 0 0 158 0 0 0 0 0 0 0 0 0 0 0 0
"50" 50 0.105839416058 0 0 1 0 7 55 0 0 0 0 11 0 0 0 82 0 0 1 0 1
"51" 51 0.446808510638 0 0 0 17 0 1 0 0 0 1 2 132 5 0 0 0 0 0 0 0
"52" 52 0.28488372093 0 3 2 0 77 13 0 0 24 0 0 1 0 0 32 0 0 4 0 2
"53" 53 0.0820512820513 0 3 5 89 5 0 0 0 40 3 8 0 1 0 0 0 0 1 2 1
"54" 54 0.062015503876 0 0 29 0 0 0 0 0 15 0 110 4 0 0 0 0 0 0 0 0
"55" 55 0.0675105485232 0 90 1 23 10 1 0 0 0 4 5 3 2 0 0 0 0 2 17 0
"56" 56 0.0248756218905 0 0 0 0 0 3 0 0 0 3 2 0 0 149 0 0 0 0 0 1
"57" 57 0.183035714286 0 0 8 0 6 12 0 0 52 0 13 6 42 1 4 0 0 8 1 5
"58" 58 0.0152284263959 0 0 0 0 0 0 144 0 0 0 0 0 0 0 0 0 14 0 0 0
"59" 59 0.110465116279 0 129 0 28 0 0 0 0 0 0 1 0 0 0 0 0 0 0 0 0
"60" 60 0.189781021898 0 0 0 1 0 0 0 0 2 0 0 0 0 154 0 0 0 1 0 0
"61" 61 0.433035714286 0 3 17 1 2 3 0 0 124 0 2 4 0 0 1 0 0 0 0 1
"62" 62 0.334821428571 0 0 33 0 10 3 0 0 7 0 56 4 1 0 0 0 1 32 0 11
"63" 63 0.267441860465 0 0 4 0 4 0 0 0 136 0 2 0 0 0 0 0 1 0 0 11
"64" 64 0.0 0 0 0 1 0 0 0 0 0 0 0 0 0 157 0 0 0 0 0 0
"65" 65 0.0 0 1 0 156 0 0 0 0 0 0 1 0 0 0 0 0 0 0 0 0
"66" 66 0.0 0 0 0 0 0 0 0 158 0 0 0 0 0 0 0 0 0 0 0 0
"67" 67 0.0 0 0 0 0 0 0 146 0 0 0 0 0 0 0 0 0 12 0 0 0
"68" 68 0.157360406091 0 0 1 0 2 1 40 0 3 0 3 0 0 0 84 0 14 4 0 6
"69" 69 0.0358744394619 0 0 0 1 100 0 31 13 2 0 3 1 0 0 0 0 4 3 0 0
"70" 70 0.20725388601 0 2 22 16 5 1 0 0 0 0 67 37 0 1 1 0 0 2 0 4
"71" 71 0.348837209302 0 0 6 3 4 2 26 0 56 0 1 0 9 0 1 0 42 6 0 2
"72" 72 0.409282700422 0 11 12 3 12 8 41 0 2 0 2 0 5 12 1 0 28 17 3 1
"73" 73 0.776371308017 0 17 3 94 3 31 0 0 0 0 1 3 0 0 3 0 0 2 1 0
"74" 74 0.5 0 0 0 0 0 0 0 0 0 0 0 158 0 0 0 0 0 0 0 0
"75" 75 0.451476793249 0 4 15 21 14 11 5 0 4 10 7 1 2 15 0 0 14 18 13 4
"76" 76 0.18407960199 0 0 0 5 1 0 0 14 2 0 10 0 1 124 1 0 0 0 0 0
"77" 77 0.124087591241 0 0 2 1 15 64 0 0 0 0 2 0 12 17 8 0 0 26 0 11
"78" 78 0.112970711297 0 0 0 0 0 0 0 0 0 157 0 0 0 0 0 0 0 0 1 0
"79" 79 0.0 0 0 0 0 1 0 52 0 3 0 0 0 0 0 0 2 100 0 0 0
"80" 80 0.167883211679 0 0 0 0 0 0 0 0 0 26 0 0 5 0 0 0 0 0 125 2
"81" 81 0.0358974358974 0 14 2 135 0 0 0 0 0 2 4 0 0 0 1 0 0 0 0 0
"82" 82 0.0569620253165 158 0 0 0 0 0 0 0 0 0 0 0 0 0 0 0 0 0 0 0
"83" 83 0.359832635983 0 1 2 0 1 9 0 0 0 34 9 0 11 0 1 7 0 0 83 0
"84" 84 0.465408805031 0 0 1 0 0 0 0 155 1 0 0 0 0 0 0 0 0 1 0 0
"85" 85 0.0765550239234 0 0 0 0 0 0 0 0 0 158 0 0 0 0 0 0 0 0 0 0
"86" 86 0.454545454545 0 0 2 3 0 5 12 0 8 31 0 0 8 7 1 1 13 1 65 1
"87" 87 0.0 0 0 0 0 0 0 0 0 0 0 0 158 0 0 0 0 0 0 0 0
"88" 88 0.0 0 0 0 0 0 0 0 0 0 96 0 0 0 0 0 0 0 0 62 0
"89" 89 0.106598984772 0 0 0 0 7 0 131 0 5 0 0 0 0 0 2 0 4 6 0 3
"90" 90 0.00956937799043 0 0 0 0 0 0 0 0 1 3 1 0 153 0 0 0 0 0 0 0
"91" 91 0.0 0 0 0 158 0 0 0 0 0 0 0 0 0 0 0 0 0 0 0 0
"92" 92 0.0342205323194 0 0 0 0 1 0 0 0 0 107 0 0 0 0 0 0 0 0 50 0
"93" 93 0.0 0 0 0 0 0 0 0 0 0 0 0 158 0 0 0 0 0 0 0 0
"94" 94 0.0077519379845 0 0 2 1 0 0 0 0 0 0 155 0 0 0 0 0 0 0 0 0
"95" 95 0.0 0 0 0 0 0 0 0 0 0 131 0 0 0 1 0 0 0 0 26 0
"96" 96 0.0062893081761 0 0 0 0 0 0 0 158 0 0 0 0 0 0 0 0 0 0 0 0
"97" 97 0.103139013453 0 0 0 0 157 0 0 0 0 0 0 0 0 0 0 0 0 1 0 0
"98" 98 0.0 0 0 0 0 0 0 0 0 158 0 0 0 0 0 0 0 0 0 0 0
"99" 99 0.00354609929078 0 0 0 0 0 0 0 0 0 0 0 0 0 0 0 158 0 0 0 0
"100" 100 0.0 0 0 0 111 9 0 0 0 0 0 3 0 0 33 0 0 0 2 0 0
"101" 101 0.134715025907 0 54 2 64 5 16 0 0 0 0 7 0 0 0 1 0 0 9 0 0
"102" 102 0.0880503144654 0 1 1 0 0 0 0 156 0 0 0 0 0 0 0 0 0 0 0 0
"103" 103 0.261538461538 0 1 4 55 47 5 0 0 10 0 4 2 0 0 3 0 0 3 0 24
"104" 104 0.419540229885 0 0 9 0 40 19 0 0 25 2 1 0 0 5 6 0 19 19 6 7
"105" 105 0.456953642384 0 5 1 2 12 8 26 0 12 0 4 0 0 0 10 0 56 11 4 7
"106" 106 0.0143540669856 0 120 0 0 0 0 9 0 0 11 0 0 0 0 0 1 7 0 10 0
"107" 107 0.641509433962 0 8 35 15 3 5 0 37 8 1 10 7 2 6 3 2 0 11 1 4
"108" 108 0.174107142857 0 83 2 16 4 6 0 0 0 0 11 2 0 10 6 1 0 8 2 7
"109" 109 0.0872093023256 0 0 0 0 2 0 0 0 140 0 0 0 0 0 0 0 16 0 0 0
"110" 110 0.691983122363 0 4 2 63 12 13 0 0 0 1 0 14 31 2 7 2 0 1 5 1
"111" 111 0.100775193798 0 0 122 0 0 0 0 0 2 0 34 0 0 0 0 0 0 0 0 0
"112" 112 0.33908045977 0 0 34 8 3 0 5 15 38 0 28 3 1 0 0 0 15 6 0 2
"113" 113 0.00961538461538 0 0 0 0 0 0 0 0 0 0 0 158 0 0 0 0 0 0 0 0
"114" 114 0.0984455958549 0 87 17 31 0 0 0 0 0 0 23 0 0 0 0 0 0 0 0 0
"115" 115 0.0666666666667 0 10 0 50 0 0 0 0 0 0 1 97 0 0 0 0 0 0 0 0
"116" 116 0.155440414508 0 0 1 6 9 13 0 0 3 8 0 1 4 31 22 2 12 10 27 9
"117" 117 0.0188679245283 0 0 0 0 0 0 0 158 0 0 0 0 0 0 0 0 0 0 0 0
"118" 118 0.0 0 0 0 0 0 0 128 0 16 0 3 0 0 0 0 0 4 0 0 7
"119" 119 0.0466321243523 0 9 0 3 0 123 0 0 0 5 0 0 12 0 0 0 0 0 5 1
"120" 120 0.0 0 0 0 0 0 0 0 0 1 0 0 0 0 0 0 0 157 0 0 0
"121" 121 0.0 0 0 0 0 0 0 0 0 0 0 0 0 0 158 0 0 0 0 0 0
"122" 122 0.00446428571429 0 12 0 2 0 0 0 0 0 0 0 0 0 0 0 0 0 144 0 0
"123" 123 0.0609137055838 0 0 0 0 0 0 158 0 0 0 0 0 0 0 0 0 0 0 0 0
"124" 124 0.0192307692308 0 0 0 0 0 0 0 0 0 0 0 158 0 0 0 0 0 0 0 0
"125" 125 0.566964285714 0 7 49 12 4 6 0 0 56 0 2 2 1 5 2 1 0 8 0 3
"126" 126 0.546511627907 0 3 7 3 47 16 4 0 10 2 5 1 0 7 22 2 14 15 0 0
"127" 127 0.406091370558 0 3 3 0 22 6 39 0 17 1 4 0 0 0 3 0 45 14 0 1
"128" 128 0.0697674418605 0 0 1 0 0 0 0 0 0 0 10 147 0 0 0 0 0 0 0 0
"129" 129 0.479087452471 0 0 1 0 0 1 0 0 2 57 0 0 0 0 2 0 1 0 94 0
"130" 130 0.0813953488372 0 0 0 0 0 0 0 0 158 0 0 0 0 0 0 0 0 0 0 0
"131" 131 0.0192307692308 0 0 0 0 0 0 0 0 0 0 0 158 0 0 0 0 0 0 0 0
"132" 132 0.14798206278 0 0 0 0 51 1 0 0 0 0 3 0 0 0 1 0 0 98 0 4
"133" 133 0.126436781609 0 0 0 0 0 0 0 0 0 0 0 0 0 0 0 0 158 0 0 0
"134" 134 0.042194092827 0 0 2 0 4 145 1 0 0 0 2 1 0 0 1 0 1 1 0 0
"135" 135 0.304932735426 0 3 3 9 2 23 23 0 11 1 8 2 1 9 13 0 28 20 0 2
"136" 136 0.0 0 0 0 0 0 0 0 0 2 0 0 0 0 0 0 0 156 0 0 0
"137" 137 0.130801687764 0 0 3 0 2 2 15 0 1 4 1 1 0 4 11 0 8 94 3 9
"138" 138 0.015503875969 0 0 7 0 0 0 0 0 0 0 151 0 0 0 0 0 0 0 0 0
"139" 139 0.0 0 0 0 0 0 0 0 0 0 0 0 0 0 158 0 0 0 0 0 0
"140" 140 0.0 0 0 0 0 0 0 0 0 0 0 0 158 0 0 0 0 0 0 0 0
"141" 141 0.0 0 0 0 0 0 0 157 0 0 0 0 0 0 0 0 0 1 0 0 0
"142" 142 0.0137614678899 0 0 0 0 0 0 0 0 0 0 0 0 0 0 0 0 0 0 0 158
"143" 143 0.0 0 0 0 0 0 0 0 127 0 0 31 0 0 0 0 0 0 0 0 0
"144" 144 0.0 0 0 0 0 0 0 0 0 0 1 0 0 0 157 0 0 0 0 0 0
"145" 145 0.119402985075 0 1 0 8 80 5 0 0 0 0 6 3 1 20 2 0 0 5 0 27
"146" 146 0.0362694300518 0 121 2 12 0 0 0 0 1 0 1 1 3 4 6 0 0 4 2 1
"147" 147 0.424107142857 0 4 0 22 30 1 0 0 0 0 0 6 1 3 1 0 0 80 0 10
"148" 148 0.509615384615 0 0 0 0 0 0 0 0 0 0 0 158 0 0 0 0 0 0 0 0
"149" 149 0.330357142857 0 0 1 4 2 9 0 0 1 17 1 0 2 26 5 12 0 3 64 11
"150" 150 0.0 0 0 13 0 0 0 0 0 77 0 63 5 0 0 0 0 0 0 0 0
"151" 151 0.0414507772021 0 23 5 40 11 3 0 0 1 0 74 0 0 0 0 0 0 0 0 1
"152" 152 0.0 0 0 0 0 0 0 0 0 0 1 0 0 0 0 0 157 0 0 0 0
"153" 153 0.0 0 0 0 0 53 2 0 0 0 0 0 0 0 101 0 0 0 0 0 2
"154" 154 0.0 0 0 0 0 0 0 0 0 0 0 1 0 0 0 0 0 157 0 0 0
"155" 155 0.010152284264 0 0 0 0 0 0 138 0 0 0 0 0 0 0 0 0 20 0 0 0
"156" 156 0.0 0 0 6 0 0 0 0 0 0 0 147 5 0 0 0 0 0 0 0 0
"157" 157 0.0 0 0 0 0 0 0 156 0 1 0 0 0 0 0 0 0 1 0 0 0
"158" 158 0.113989637306 0 150 0 6 0 0 0 0 1 0 0 0 1 0 0 0 0 0 0 0
"159" 159 0.289340101523 0 2 19 1 1 4 13 0 26 3 36 2 0 11 13 0 9 5 4 9
"160" 160 0.651282051282 0 3 46 12 2 4 0 0 80 0 2 1 0 3 0 0 0 4 1 0
"161" 161 0.0673575129534 0 158 0 0 0 0 0 0 0 0 0 0 0 0 0 0 0 0 0 0
"162" 162 0.584905660377 0 28 5 10 10 9 1 58 4 0 12 4 0 5 0 0 1 9 1 1
"163" 163 0.199004975124 0 2 41 21 5 9 0 0 30 1 2 0 3 14 1 0 0 2 6 21
"164" 164 0.046511627907 0 0 1 0 0 0 0 0 0 0 154 3 0 0 0 0 0 0 0 0
"165" 165 0.62893081761 0 8 3 4 3 5 0 119 0 0 5 1 0 2 1 0 2 4 0 1
"166" 166 0.523206751055 0 5 0 10 22 17 0 0 2 3 2 0 3 55 10 3 0 10 9 7
"167" 167 0.0 0 2 0 8 0 0 0 0 0 0 11 0 0 137 0 0 0 0 0 0
"168" 168 0.435897435897 0 0 7 15 14 17 0 0 84 0 0 0 0 0 21 0 0 0 0 0
"169" 169 0.222797927461 0 128 1 28 0 0 0 0 0 0 0 0 0 0 1 0 0 0 0 0
"170" 170 0.0710659898477 0 0 1 0 0 0 145 0 0 0 9 0 0 0 0 0 3 0 0 0
"171" 171 0.482142857143 0 37 3 17 13 22 5 0 3 0 14 5 1 9 4 1 3 18 1 2
"172" 172 0.113989637306 0 123 0 0 0 0 0 0 0 0 1 0 33 0 0 0 0 0 1 0
"173" 173 0.0 0 0 0 0 0 0 0 0 0 0 1 0 0 0 0 0 157 0 0 0
"174" 174 0.370535714286 0 0 0 0 0 1 0 0 0 0 0 0 0 1 0 0 0 156 0 0
"175" 175 0.527426160338 0 0 1 0 11 95 0 0 9 0 6 2 1 13 12 0 0 7 0 1
"176" 176 0.357414448669 0 1 0 0 0 1 0 0 1 51 0 0 15 0 1 6 0 0 82 0
"177" 177 0.163179916318 0 0 0 0 0 0 0 0 0 105 0 0 5 0 3 8 0 0 37 0
"178" 178 0.622641509434 0 0 1 0 0 6 0 144 3 0 0 0 0 0 0 2 0 2 0 0
"179" 179 0.278846153846 0 0 0 0 0 0 0 0 0 0 0 158 0 0 0 0 0 0 0 0
"180" 180 0.169154228856 0 0 1 0 0 0 0 0 0 0 2 1 0 152 1 0 0 0 0 1
"181" 181 0.0995024875622 0 0 0 0 0 0 0 0 3 0 0 0 0 154 0 0 1 0 0 0
"182" 182 0.740875912409 0 18 2 3 8 27 0 0 6 3 6 3 7 12 1 0 11 39 5 7
"183" 183 0.178294573643 0 11 1 15 16 60 0 0 0 1 24 0 1 0 11 3 0 7 5 3
"184" 184 0.0116279069767 0 0 4 0 0 0 1 0 149 1 2 1 0 0 0 0 0 0 0 0
"185" 185 0.148717948718 0 1 1 0 5 66 2 0 3 11 9 0 1 3 16 4 0 9 27 0
"186" 186 0.299107142857 0 2 0 6 10 21 0 0 1 0 9 1 0 10 2 3 0 85 0 8
"187" 187 0.00709219858156 0 0 0 0 0 0 0 0 0 1 0 0 0 0 0 156 0 0 1 0
"188" 188 0.0 0 0 0 0 0 0 0 0 0 153 0 0 1 0 0 4 0 0 0 0
"189" 189 0.270072992701 0 1 2 3 20 18 14 0 0 0 15 1 0 0 7 0 20 52 0 5
"190" 190 0.167512690355 0 3 1 6 1 24 9 0 13 4 0 0 5 7 69 3 1 1 9 2
"191" 191 0.0190114068441 0 0 6 0 0 0 0 0 0 1 8 0 0 0 0 0 1 0 141 1
"192" 192 0.0548523206751 0 6 0 1 15 116 0 0 1 0 1 0 0 2 5 0 5 5 0 1
"193" 193 0.395939086294 0 1 0 3 23 4 24 0 0 0 3 2 0 50 4 2 7 22 1 12
"194" 194 0.213836477987 0 0 0 0 0 0 0 157 0 0 1 0 0 0 0 0 0 0 0 0
"195" 195 0.336787564767 0 9 0 19 9 8 0 0 0 0 3 2 10 78 1 0 0 11 0 8
"196" 196 0.730769230769 0 0 0 0 0 0 0 0 0 0 0 158 0 0 0 0 0 0 0 0
"197" 197 0.320675105485 0 0 0 2 18 30 0 0 0 0 0 0 1 99 5 0 0 0 1 2
"198" 198 0.610062893082 0 10 6 6 1 2 0 110 1 0 6 3 0 5 1 0 1 4 0 2
"199" 199 0.415178571429 0 0 5 0 27 15 4 51 9 0 6 3 0 1 10 0 6 10 0 11
"200" 200 0.0461538461538 0 1 1 154 0 0 0 0 0 0 0 1 0 1 0 0 0 0 0 0
"201" 201 0.578475336323 0 0 4 1 8 24 0 0 45 7 2 1 0 13 8 1 0 11 30 3
"202" 202 0.100418410042 0 0 0 0 0 0 0 0 0 158 0 0 0 0 0 0 0 0 0 0
"203" 203 0.139534883721 0 0 19 0 0 0 0 0 0 0 110 29 0 0 0 0 0 0 0 0
"204" 204 0.276150627615 0 9 0 38 3 5 0 0 0 30 2 30 32 2 4 0 0 0 3 0
"205" 205 0.82119205298 0 23 4 75 0 6 0 0 0 0 0 42 1 0 3 0 0 0 1 3
"206" 206 0.0769230769231 0 0 0 0 0 0 0 0 0 0 0 158 0 0 0 0 0 0 0 0
"207" 207 0.459821428571 0 0 5 0 40 28 0 0 22 1 1 0 2 9 11 0 0 19 19 1
"208" 208 0.162790697674 0 0 2 0 0 0 0 0 3 0 148 0 0 0 0 0 5 0 0 0
"209" 209 0.172995780591 0 0 0 2 7 9 0 0 0 10 3 0 2 95 4 3 0 6 11 6
"210" 210 0.323076923077 0 76 2 68 0 0 0 7 0 0 0 3 0 0 2 0 0 0 0 0
"211" 211 0.253164556962 0 0 1 0 4 129 0 0 1 0 11 1 0 0 8 0 0 1 0 2
"212" 212 0.713080168776 0 20 5 17 9 17 2 0 13 0 11 4 1 6 6 0 9 30 2 6
"213" 213 0.220532319392 0 3 1 1 13 30 1 0 1 1 6 0 3 0 4 2 3 66 4 19
"214" 214 0.0 0 0 3 0 0 0 0 0 0 0 154 1 0 0 0 0 0 0 0 0
"215" 215 0.213930348259 0 4 0 3 0 1 7 0 0 0 2 0 0 133 0 0 0 4 0 4
"216" 216 0.512953367876 0 2 2 7 5 18 12 0 2 0 7 0 0 9 71 0 0 20 0 3
"217" 217 0.0 0 0 0 0 2 0 46 0 1 0 3 0 0 0 3 0 102 0 0 1
"218" 218 0.0 0 0 0 0 0 0 156 0 1 0 0 0 0 0 0 0 1 0 0 0
"219" 219 0.476793248945 0 4 4 9 11 17 10 0 8 0 19 2 0 7 4 2 0 55 1 5
"220" 220 0.205357142857 0 8 4 5 16 9 11 0 2 1 13 1 0 5 8 49 1 17 0 8
"221" 221 0.0 0 0 9 1 0 0 0 0 27 0 117 1 1 0 2 0 0 0 0 0
"222" 222 0.124401913876 0 0 0 0 0 0 0 0 0 12 5 0 114 0 0 1 0 0 26 0
"223" 223 0.295336787565 0 13 2 7 16 36 4 0 1 1 12 0 0 12 31 1 0 11 5 6
"224" 224 0.112582781457 0 10 1 8 21 1 0 0 4 13 46 2 8 0 0 0 0 11 26 7
"225" 225 0.0460992907801 0 0 0 0 0 0 0 0 0 0 0 0 0 0 0 158 0 0 0 0
"226" 226 0.396624472574 0 0 2 0 63 18 16 0 2 4 10 0 0 7 8 0 14 5 3 6
"227" 227 0.42600896861 0 3 2 1 22 13 8 0 2 0 6 0 0 6 60 0 12 11 0 12
"228" 228 0.00497512437811 0 0 0 0 0 0 0 0 0 0 0 0 0 158 0 0 0 0 0 0
"229" 229 0.0355329949239 0 0 1 0 3 0 147 0 0 0 0 0 0 0 0 0 7 0 0 0
"230" 230 0.302325581395 0 0 11 2 0 0 0 0 0 0 138 6 0 0 0 0 0 0 0 1
"231" 231 0.519230769231 0 0 0 0 0 0 0 0 0 0 0 158 0 0 0 0 0 0 0 0
"232" 232 0.603375527426 0 7 1 22 41 33 0 0 0 0 2 0 0 36 4 0 0 8 1 3
"233" 233 0.152317880795 0 0 49 0 0 0 0 0 0 0 108 1 0 0 0 0 0 0 0 0
"234" 234 0.695364238411 0 51 12 5 4 1 0 62 7 0 8 2 0 1 1 0 1 3 0 0
"235" 235 0.347150259067 0 116 1 33 0 3 0 0 0 0 0 0 1 1 0 0 0 2 0 1
"236" 236 0.311258278146 0 11 15 1 8 2 1 51 29 0 12 1 14 0 2 0 3 8 0 0
"237" 237 0.350210970464 0 5 3 28 2 1 0 0 0 0 5 90 0 0 0 0 0 2 0 22
"238" 238 0.567307692308 0 0 0 0 0 0 0 0 0 0 0 158 0 0 0 0 0 0 0 0
"239" 239 0.0609137055838 0 0 0 0 0 0 150 0 1 0 0 0 0 0 0 0 7 0 0 0
"240" 240 0.186528497409 0 155 0 3 0 0 0 0 0 0 0 0 0 0 0 0 0 0 0 0
"241" 241 0.0845771144279 0 0 0 0 0 0 0 0 0 0 0 0 0 158 0 0 0 0 0 0
"242" 242 0.162790697674 0 0 0 0 0 0 0 0 157 0 1 0 0 0 0 0 0 0 0 0
"243" 243 0.0 0 0 3 152 0 0 0 0 3 0 0 0 0 0 0 0 0 0 0 0
"244" 244 0.0747126436782 0 0 6 0 0 0 3 0 122 0 0 1 0 0 0 0 26 0 0 0
"245" 245 0.354651162791 0 0 11 0 71 20 0 0 34 0 1 0 0 0 2 0 0 11 0 8
"246" 246 0.18407960199 0 9 0 7 3 0 2 0 0 8 0 0 78 46 1 0 0 0 1 3
"247" 247 0.534591194969 0 0 3 0 0 0 0 154 0 0 0 0 0 0 0 1 0 0 0 0
"248" 248 0.860103626943 0 3 8 6 4 3 1 0 8 1 0 0 0 2 0 119 0 0 2 1
"249" 249 0.116279069767 0 0 13 0 0 0 0 0 140 0 5 0 0 0 0 0 0 0 0 0
"250" 250 0.641509433962 0 19 3 9 7 14 2 71 0 0 14 0 0 6 8 0 1 2 0 2
"251" 251 0.296511627907 0 2 1 4 2 2 0 0 0 30 0 0 10 0 0 0 0 0 107 0
"252" 252 0.304182509506 0 0 0 0 0 0 0 0 0 8 0 0 0 0 0 0 0 0 150 0
"253" 253 0.35761589404 0 63 3 41 5 7 2 0 2 1 1 0 3 5 1 12 0 8 4 0
"254" 254 0.649789029536 0 1 16 1 5 21 2 0 0 0 53 5 2 9 9 0 1 29 2 2
"255" 255 0.449612403101 0 20 14 44 7 12 0 0 22 0 5 3 0 7 5 1 1 13 0 4
"256" 256 0.124031007752 0 0 0 0 1 0 0 0 0 0 157 0 0 0 0 0 0 0 0 0
"257" 257 0.0331125827815 0 0 98 0 0 0 0 0 0 0 59 1 0 0 0 0 0 0 0 0
"258" 258 0.533678756477 0 12 11 23 7 40 0 0 3 2 16 3 3 15 3 0 0 13 0 7
"259" 259 0.635658914729 0 9 17 53 2 24 0 0 0 0 29 3 0 2 1 5 0 6 4 3
"260" 260 0.10152284264 0 0 0 0 0 0 97 0 0 0 0 0 0 0 0 0 61 0 0 0
"261" 261 0.459119496855 0 1 0 0 0 1 0 153 0 0 3 0 0 0 0 0 0 0 0 0
"262" 262 0.622641509434 0 3 8 2 1 0 0 132 2 0 3 4 1 0 0 0 0 2 0 0
"263" 263 0.503875968992 0 0 0 0 0 9 2 141 0 0 0 0 0 0 1 0 0 4 0 1
"264" 264 0.331125827815 0 44 5 58 4 8 0 0 0 0 16 0 3 1 2 0 0 9 2 6
"265" 265 0.621890547264 0 1 8 1 27 57 0 0 7 0 2 1 3 0 12 0 0 35 0 4
"266" 266 0.447257383966 0 0 0 3 53 29 0 0 0 0 2 3 0 45 9 0 0 12 0 2
"267" 267 0.658914728682 0 28 8 11 3 9 0 55 5 0 17 5 1 8 0 1 0 4 1 2
"268" 268 0.435233160622 0 8 31 0 0 3 1 92 2 0 10 3 0 0 1 0 3 4 0 0
"269" 269 0.178294573643 0 0 23 0 9 11 0 0 0 1 75 4 17 0 8 0 0 4 1 5
"270" 270 0.779874213836 0 13 28 9 7 7 0 50 8 0 11 10 0 7 4 0 0 2 2 0
"271" 271 0.355329949239 0 0 0 1 0 0 77 0 7 0 0 0 0 0 1 0 71 0 0 1
"272" 272 0.585492227979 0 0 1 2 0 0 0 149 0 0 1 1 1 0 1 0 0 2 0 0
"273" 273 0.675105485232 0 30 32 7 6 12 0 0 7 0 15 8 2 5 3 3 0 22 1 5
"274" 274 0.364238410596 0 26 37 10 7 32 3 0 5 0 14 1 0 3 0 0 2 17 0 1
"275" 275 0.0761421319797 0 0 0 0 0 0 9 0 2 0 1 0 0 0 0 0 146 0 0 0
"276" 276 0.554404145078 0 5 55 9 5 26 0 0 23 0 5 2 4 6 6 0 0 10 0 2
"277" 277 0.497890295359 0 0 2 0 30 64 0 0 21 0 1 0 5 0 19 0 0 9 0 7
"278" 278 0.421985815603 0 0 0 2 0 0 7 0 0 0 0 0 0 140 1 0 8 0 0 0
"279" 279 0.18410041841 0 0 0 0 0 0 0 0 0 86 0 0 1 0 0 3 0 0 68 0
"280" 280 0.861924686192 0 0 0 0 2 2 1 0 3 107 2 7 2 0 0 0 2 7 22 1
