"site" "RSA" "aa1" "aa2" "aa3" "aa4" "aa5" "aa6" "aa7" "aa8" "aa9" "aa10" "aa11" "aa12" "aa13" "aa14" "aa15" "aa16" "aa17" "aa18" "aa19" "aa20"
"0" 0 0.848623853211 0 0 0 0 0 0 1 0 0 3 0 0 0 0 0 0 1 0 0 29
"1" 1 0.517948717949 0 0 4 6 5 3 5 4 1 0 3 0 2 2 1 0 2 4 0 3
"2" 2 0.0583941605839 0 0 0 0 0 0 0 0 0 0 0 0 0 0 121 0 0 0 0 0
"3" 3 0.383647798742 0 0 6 4 4 4 9 60 4 2 13 1 3 2 2 0 5 1 0 1
"4" 4 0.443708609272 0 58 45 9 2 0 0 0 1 1 3 1 1 0 0 0 0 1 0 0
"5" 5 0.644230769231 0 1 4 8 9 6 0 0 1 0 4 81 3 0 2 0 0 3 0 0
"6" 6 0.0766423357664 0 0 0 0 0 0 0 0 0 0 0 0 0 0 123 0 0 0 0 0
"7" 7 0.317829457364 0 3 8 7 15 22 0 1 14 0 29 6 0 6 5 0 0 6 0 1
"8" 8 0.294573643411 1 2 5 16 1 2 4 36 3 3 25 0 3 8 0 0 9 2 3 0
"9" 9 0.424870466321 1 71 2 17 2 1 0 0 2 0 4 5 3 2 2 0 1 10 0 0
"10" 10 0.430493273543 0 8 3 1 66 1 1 0 0 0 11 1 1 0 0 0 2 28 0 0
"11" 11 0.0348258706468 0 0 0 3 0 0 10 1 0 0 0 0 1 88 0 0 3 1 0 16
"12" 12 0.043795620438 0 0 0 0 0 0 0 0 0 0 0 0 0 0 123 0 0 0 0 0
"13" 13 0.704402515723 0 6 3 3 1 4 1 77 4 0 6 1 1 2 0 0 0 14 0 0
"14" 14 0.137055837563 0 0 0 0 0 0 44 0 0 5 0 0 0 8 0 0 66 0 0 0
"15" 15 0.565693430657 0 1 30 2 2 26 0 0 30 0 2 0 3 2 16 0 1 6 1 1
"16" 16 0.126903553299 0 0 0 0 0 0 77 0 0 23 0 0 0 16 0 0 5 0 0 3
"17" 17 0.313953488372 0 1 2 1 7 1 9 0 58 0 0 0 2 0 0 0 3 40 0 0
"18" 18 0.142335766423 1 0 0 2 0 1 3 12 16 0 1 0 1 6 76 4 1 0 0 0
"19" 19 0.622009569378 0 14 2 34 7 2 0 0 0 0 3 42 16 0 3 0 0 1 0 0
"20" 20 0.414448669202 0 0 0 0 0 0 6 5 1 45 0 0 0 0 0 9 17 0 41 0
"21" 21 0.360465116279 0 0 13 12 4 0 5 0 55 1 9 0 1 13 0 0 2 0 1 8
"22" 22 0.789029535865 6 3 5 2 1 54 5 4 2 0 3 5 3 3 24 0 1 2 0 1
"23" 23 0.77033492823 0 0 1 7 2 1 0 0 3 12 2 0 65 0 0 1 0 0 30 0
"24" 24 0.178294573643 0 0 5 1 0 0 0 13 2 0 101 1 0 0 1 0 0 0 0 0
"25" 25 0.174107142857 0 3 1 0 1 0 1 3 6 0 7 0 1 5 0 0 1 95 0 0
"26" 26 0.00961538461538 0 0 5 0 0 0 0 0 0 0 5 114 0 0 0 0 0 0 0 0
"27" 27 0.00662251655629 0 0 122 0 0 0 0 0 0 0 2 0 0 0 0 0 0 0 0 0
"28" 28 0.0 22 0 0 0 0 0 1 0 1 0 15 0 0 3 0 0 82 0 0 0
"29" 29 0.0696517412935 0 0 0 0 1 0 4 0 0 0 0 0 0 115 0 0 1 0 1 3
"30" 30 0.0 0 0 1 0 0 0 62 0 4 0 5 0 0 0 0 0 51 0 2 0
"31" 31 0.0982142857143 1 0 16 0 0 14 0 0 7 0 6 1 3 0 17 0 0 60 0 0
"32" 32 0.0 15 0 3 0 1 0 3 0 5 67 5 0 0 1 0 1 7 0 0 18
"33" 33 0.182692307692 0 0 0 0 0 0 0 0 0 0 0 126 0 0 0 0 0 0 0 0
"34" 34 0.492227979275 0 56 0 30 4 4 0 0 0 0 2 7 2 1 8 0 0 12 0 0
"35" 35 0.0 0 0 0 0 0 0 0 0 126 0 0 0 0 0 0 0 0 0 0 0
"36" 36 0.295358649789 0 0 1 0 5 54 1 0 1 0 2 0 19 0 36 0 3 4 0 0
"37" 37 0.0 0 0 0 0 0 0 1 0 0 0 0 0 0 0 0 0 125 0 0 0
"38" 38 0.106598984772 0 0 0 0 0 0 50 0 0 1 0 0 0 72 0 0 1 0 0 2
"39" 39 0.0 118 0 0 0 0 0 1 0 0 0 0 0 0 0 0 0 7 0 0 0
"40" 40 0.122093023256 0 0 12 17 0 0 0 0 84 0 9 3 0 0 0 0 1 0 0 0
"41" 41 0.0 2 0 1 0 0 0 0 0 0 0 106 0 0 0 0 0 17 0 0 0
"42" 42 0.245033112583 3 0 83 1 0 0 0 0 36 0 0 0 0 0 0 0 0 0 0 3
"43" 43 0.131782945736 1 0 0 0 0 0 30 0 0 4 1 0 2 15 0 0 70 0 0 3
"44" 44 0.477678571429 0 8 2 0 10 1 1 0 9 0 0 0 0 2 1 0 3 89 0 0
"45" 45 0.695364238411 0 26 6 4 1 3 0 8 3 0 5 3 0 0 3 0 1 63 0 0
"46" 46 0.192307692308 0 2 14 6 0 30 0 0 4 0 0 36 0 0 32 0 0 1 1 0
"47" 47 0.241379310345 0 0 1 0 0 0 3 1 4 0 1 1 0 3 0 0 112 0 0 0
"48" 48 0.396226415094 0 0 0 0 0 0 0 125 0 0 1 0 0 0 0 0 0 0 0 0
"49" 49 0.605839416058 0 0 7 3 2 4 0 56 1 0 2 10 1 1 39 0 0 0 0 0
"50" 50 0.125523012552 0 0 0 0 0 0 0 0 0 78 0 2 5 0 0 41 0 0 0 0
"51" 51 0.771144278607 0 0 2 0 1 8 2 0 0 0 2 0 0 80 8 0 3 0 0 20
"52" 52 0.561181434599 0 0 3 0 0 63 0 1 0 0 2 3 0 0 47 0 0 4 1 2
"53" 53 0.242152466368 1 0 9 9 36 28 0 0 6 0 5 4 0 0 12 0 1 15 0 0
"54" 54 0.0 0 0 0 0 0 0 0 0 0 0 0 126 0 0 0 0 0 0 0 0
"55" 55 0.152482269504 0 0 0 0 0 0 0 0 0 0 0 0 0 0 0 126 0 0 0 0
"56" 56 0.0 0 0 0 0 0 0 26 0 0 0 0 0 0 26 0 0 74 0 0 0
"57" 57 0.308139534884 0 0 4 2 0 0 0 0 117 0 1 0 2 0 0 0 0 0 0 0
"58" 58 0.062015503876 0 0 1 0 0 0 0 0 0 0 123 2 0 0 0 0 0 0 0 0
"59" 59 0.455357142857 0 0 0 0 0 0 0 0 0 0 0 0 0 0 0 0 0 126 0 0
"60" 60 0.0228136882129 0 0 0 0 0 0 0 0 0 1 0 0 0 0 0 0 0 0 125 0
"61" 61 0.105769230769 1 0 31 4 1 0 0 0 0 0 17 60 0 0 12 0 0 0 0 0
"62" 62 0.174311926606 0 0 0 0 0 0 0 0 0 0 0 0 0 8 0 0 0 0 0 118
"63" 63 0.388059701493 0 0 0 0 0 0 1 0 0 0 0 0 1 124 0 0 0 0 0 0
"64" 64 0.062893081761 0 0 0 0 0 0 0 126 0 0 0 0 0 0 0 0 0 0 0 0
"65" 65 0.605839416058 1 0 4 0 0 0 0 0 0 0 5 15 0 0 96 0 0 0 5 0
"66" 66 0.0331125827815 0 0 64 0 0 0 0 0 0 0 62 0 0 0 0 0 0 0 0 0
"67" 67 0.197674418605 0 0 2 1 0 0 0 0 122 0 0 1 0 0 0 0 0 0 0 0
"68" 68 0.5 0 4 6 15 7 0 0 11 2 0 2 12 47 6 2 0 1 11 0 0
"69" 69 0.642857142857 0 7 24 0 13 3 1 3 48 0 2 0 0 0 0 0 2 23 0 0
"70" 70 0.551094890511 0 0 0 0 0 0 0 0 0 0 0 0 0 0 126 0 0 0 0 0
"71" 71 0.215384615385 1 0 23 27 9 12 1 0 14 0 0 9 1 0 1 0 1 0 1 26
"72" 72 0.497757847534 0 19 9 3 18 5 11 8 3 0 8 8 3 1 20 0 5 3 0 2
"73" 73 0.448905109489 0 0 0 0 0 0 0 1 0 0 0 0 0 0 125 0 0 0 0 0
"74" 74 0.209821428571 0 12 0 0 0 0 0 0 0 0 0 0 0 0 1 0 0 111 0 0
"75" 75 0.674418604651 0 1 27 0 0 0 8 0 1 2 67 0 0 8 1 0 6 0 1 1
"76" 76 0.576158940397 0 0 22 4 0 1 0 0 8 0 57 2 0 5 0 0 17 0 0 7
"77" 77 0.412408759124 0 0 5 2 2 48 0 0 1 0 9 0 0 1 40 0 1 0 0 2
"78" 78 0.615384615385 0 0 0 1 0 0 0 0 0 0 0 105 0 5 1 0 0 0 0 0
"79" 79 0.493670886076 0 0 1 0 2 104 0 0 0 0 1 2 1 0 12 0 1 0 0 0
"80" 80 0.295964125561 0 0 0 0 61 0 17 5 0 0 3 0 0 24 1 0 13 0 0 0
"81" 81 0.201923076923 0 9 62 2 3 1 0 0 10 0 0 35 0 0 0 0 1 1 0 0
"82" 82 0.519230769231 0 0 0 0 0 0 0 0 0 0 1 125 0 0 0 0 0 0 0 0
"83" 83 0.394160583942 0 0 0 0 0 0 0 0 0 0 0 0 0 0 126 0 0 0 0 0
"84" 84 0.046511627907 0 0 14 0 0 0 0 0 110 0 1 1 0 0 0 0 0 0 0 0
"85" 85 0.383084577114 0 0 4 0 55 1 1 0 1 0 1 0 19 12 0 0 11 0 0 21
"86" 86 0.352678571429 0 0 0 0 0 0 0 0 0 0 0 0 0 0 0 0 0 126 0 0
"87" 87 0.0 0 0 0 0 0 0 126 0 0 0 0 0 0 0 0 0 0 0 0 0
"88" 88 0.0896860986547 0 0 12 0 113 0 0 0 0 0 0 0 0 0 0 0 0 1 0 0
"89" 89 0.627737226277 0 0 0 0 0 0 0 0 0 0 0 0 0 0 126 0 0 0 0 0
"90" 90 0.0398009950249 0 0 0 0 0 0 0 0 0 0 0 0 0 124 0 0 0 0 0 2
"91" 91 0.0 0 0 0 0 0 0 122 0 0 0 0 0 0 0 0 0 4 0 0 0
"92" 92 0.0192307692308 0 0 1 0 0 0 0 0 0 0 13 112 0 0 0 0 0 0 0 0
"93" 93 0.339416058394 0 0 0 0 0 0 0 0 0 0 0 0 0 0 126 0 0 0 0 0
"94" 94 0.0 0 0 94 0 0 0 0 0 1 0 31 0 0 0 0 0 0 0 0 0
"95" 95 0.0 0 0 0 0 0 0 0 0 0 0 0 0 0 119 0 0 0 0 0 7
"96" 96 0.21897810219 0 0 0 0 0 0 0 0 0 0 0 0 0 0 126 0 0 0 0 0
"97" 97 0.271317829457 1 0 20 0 0 0 0 0 5 0 96 3 0 0 0 0 0 0 0 1
"98" 98 0.0232558139535 9 0 3 0 0 0 8 0 0 0 41 9 0 0 0 0 53 0 0 3
"99" 99 0.0149253731343 2 0 0 0 0 0 34 0 5 5 0 0 0 9 0 0 69 0 0 2
"100" 100 0.19170984456 0 116 1 7 0 0 0 0 0 0 0 0 0 0 0 0 0 2 0 0
"101" 101 0.114427860697 1 0 0 0 0 0 0 0 2 7 0 0 0 91 10 0 1 0 0 14
"102" 102 0.443708609272 0 9 11 8 5 35 0 3 12 0 4 3 1 1 2 0 5 26 1 0
"103" 103 0.350210970464 0 0 2 0 1 32 0 0 3 0 71 1 1 9 1 0 3 2 0 0
"104" 104 0.0 0 0 0 0 0 0 9 0 0 2 0 0 0 111 0 0 0 0 0 4
"105" 105 0.0480769230769 0 1 0 0 0 1 0 1 0 0 0 122 0 0 0 0 0 1 0 0
"106" 106 0.584821428571 0 1 1 0 1 0 0 6 0 0 0 3 0 0 0 0 1 113 0 0
"107" 107 0.0923076923077 0 0 0 25 1 6 1 0 1 1 0 0 4 0 79 0 1 0 4 3
"108" 108 0.0290697674419 0 0 14 0 23 0 0 0 82 0 2 0 0 1 1 0 1 1 0 1
"109" 109 0.0 0 0 0 0 0 0 90 0 0 1 0 0 0 22 0 0 13 0 0 0
"110" 110 0.368821292776 1 0 2 1 4 2 10 0 46 2 3 0 2 3 6 21 18 0 5 0
"111" 111 0.00507614213198 1 0 0 0 0 0 48 0 0 0 0 0 0 38 0 0 38 0 0 1
"112" 112 0.20207253886 0 126 0 0 0 0 0 0 0 0 0 0 0 0 0 0 0 0 0 0
"113" 113 0.0 118 0 0 0 0 0 0 0 2 0 6 0 0 0 0 0 0 0 0 0
"114" 114 0.310880829016 0 126 0 0 0 0 0 0 0 0 0 0 0 0 0 0 0 0 0 0
"115" 115 0.0 0 0 0 0 0 0 0 0 0 0 0 0 0 0 0 0 126 0 0 0
"116" 116 0.38578680203 0 0 0 0 0 0 72 0 0 0 0 0 0 54 0 0 0 0 0 0
"117" 117 0.340807174888 0 1 0 6 116 0 0 0 0 0 0 0 0 0 1 0 0 2 0 0
"118" 118 0.178294573643 0 0 0 0 0 0 0 0 0 0 125 1 0 0 0 0 0 0 0 0
"119" 119 0.20207253886 0 126 0 0 0 0 0 0 0 0 0 0 0 0 0 0 0 0 0 0
"120" 120 0.105769230769 0 0 0 0 0 0 0 0 0 0 11 115 0 0 0 0 0 0 0 0
"121" 121 0.173076923077 0 0 0 0 0 0 0 0 0 0 0 126 0 0 0 0 0 0 0 0
"122" 122 0.0348837209302 0 0 0 0 0 0 0 0 126 0 0 0 0 0 0 0 0 0 0 0
"123" 123 0.120437956204 0 0 0 0 0 0 0 0 0 0 0 0 0 0 126 0 0 0 0 0
"124" 124 0.00581395348837 14 0 0 0 0 0 0 0 110 0 0 0 0 0 0 0 2 0 0 0
"125" 125 0.0 0 0 0 0 0 0 0 0 9 0 115 0 0 1 0 0 1 0 0 0
"126" 126 0.0 0 0 84 0 0 0 0 0 0 0 42 0 0 0 0 0 0 0 0 0
"127" 127 0.00507614213198 0 0 0 0 0 0 125 0 0 0 0 0 0 0 0 0 1 0 0 0
"128" 128 0.0 0 0 7 1 0 0 0 0 118 0 0 0 0 0 0 0 0 0 0 0
"129" 129 0.0 0 0 0 0 0 0 0 0 0 0 1 125 0 0 0 0 0 0 0 0
"130" 130 0.0 0 0 14 0 0 0 0 0 0 0 82 30 0 0 0 0 0 0 0 0
"131" 131 0.00581395348837 16 0 2 0 0 0 0 0 1 39 2 0 0 0 0 29 0 0 34 3
"132" 132 0.0 0 0 0 0 0 0 23 0 1 0 0 0 0 5 0 0 97 0 0 0
"133" 133 0.0 0 0 0 0 0 0 0 0 0 0 126 0 0 0 0 0 0 0 0 0
"134" 134 0.00995024875622 0 0 1 0 0 0 1 0 0 0 6 0 0 103 0 0 10 0 0 5
"135" 135 0.162436548223 2 0 5 0 5 5 3 0 3 1 39 1 13 1 14 0 21 2 10 1
"136" 136 0.0673575129534 0 72 2 3 3 0 3 0 0 1 0 0 1 30 3 0 0 6 0 2
"137" 137 0.0 6 0 1 0 1 0 0 0 1 0 115 1 0 1 0 0 0 0 0 0
"138" 138 0.0646766169154 9 0 0 0 0 0 31 0 0 10 0 0 0 40 0 0 30 0 0 6
"139" 139 0.457364341085 0 10 7 32 9 11 4 0 9 0 12 2 4 1 11 0 1 13 0 0
"140" 140 0.252873563218 0 0 3 2 5 45 0 0 9 4 4 5 6 4 7 18 5 1 7 1
"141" 141 0.0199004975124 0 0 0 0 0 0 6 0 0 2 7 2 0 88 0 1 0 0 0 20
"142" 142 0.514767932489 0 0 3 1 6 14 10 2 4 0 1 0 6 22 17 0 24 3 2 11
"143" 143 0.827004219409 0 10 9 3 15 27 0 0 4 0 21 1 0 0 10 0 0 25 0 1
"144" 144 0.540145985401 0 8 5 9 19 20 1 0 7 1 17 1 1 3 13 0 2 18 0 1
"145" 145 0.615384615385 1 3 3 6 3 14 0 0 1 0 0 87 0 1 4 0 0 2 0 0
"146" 146 0.170542635659 0 8 2 0 5 23 20 2 3 1 11 0 0 11 5 0 14 12 0 8
"147" 147 0.124378109453 0 1 0 0 0 0 31 0 1 3 0 1 0 69 0 0 16 0 0 2
"148" 148 0.497890295359 0 0 10 3 7 35 3 11 15 0 14 1 0 0 3 0 2 20 0 0
"149" 149 0.384615384615 0 1 9 2 4 12 2 1 16 0 21 7 2 2 12 0 7 25 1 0
"150" 150 0.502564102564 0 21 24 28 3 3 11 2 5 2 2 1 2 4 3 2 1 2 3 6
"151" 151 0.0125786163522 0 0 0 0 0 0 1 117 0 0 1 0 0 0 0 0 6 0 0 0
"152" 152 0.323383084577 0 0 1 0 0 0 34 0 0 4 0 1 0 65 0 0 15 1 0 5
"153" 153 0.523206751055 0 1 3 3 3 43 11 0 20 3 0 1 2 10 22 0 3 0 0 1
"154" 154 0.291479820628 1 43 12 3 7 2 1 0 3 1 6 15 13 1 4 0 0 13 0 1
"155" 155 0.0963302752294 1 0 15 4 22 2 0 11 2 23 9 0 15 5 0 0 0 1 7 9
"156" 156 0.0 0 0 0 0 0 0 21 0 0 0 0 0 0 13 0 0 91 0 0 1
"157" 157 0.0 0 0 10 0 0 0 0 0 0 0 115 0 0 0 0 0 1 0 0 0
"158" 158 0.0077519379845 0 0 7 0 0 0 0 0 0 0 119 0 0 0 0 0 0 0 0 0
"159" 159 0.0 0 0 0 0 0 0 40 0 4 0 0 0 0 1 0 0 81 0 0 0
"160" 160 0.0331125827815 0 0 126 0 0 0 0 0 0 0 0 0 0 0 0 0 0 0 0 0
"161" 161 0.00574712643678 21 0 0 0 0 0 0 0 1 0 5 0 0 0 0 0 98 0 0 1
"162" 162 0.0 0 0 1 0 0 0 0 0 0 0 0 125 0 0 0 0 0 0 0 0
"163" 163 0.126903553299 0 0 0 0 0 2 75 0 0 1 0 0 1 16 0 0 27 0 1 3
"164" 164 0.144486692015 3 1 1 0 0 3 16 0 3 8 0 0 1 10 1 0 44 0 34 0
"165" 165 0.417040358744 0 30 0 16 14 14 0 2 0 0 14 9 1 0 4 0 0 21 0 0
"166" 166 0.615384615385 0 3 4 7 0 4 0 0 1 0 3 97 1 0 1 0 0 4 0 0
"167" 167 0.33908045977 1 4 1 5 25 2 1 0 17 0 2 4 0 2 6 0 14 39 2 0
"168" 168 0.251572327044 1 0 2 0 0 3 8 66 3 0 24 1 0 3 0 0 10 4 0 1
"169" 169 0.0229885057471 1 0 0 0 0 0 12 0 0 7 1 0 1 30 5 0 56 0 2 11
"170" 170 0.00497512437811 6 0 2 0 0 0 1 0 0 0 2 0 0 113 0 0 2 0 0 0
"171" 171 0.0 0 126 0 0 0 0 0 0 0 0 0 0 0 0 0 0 0 0 0 0
"172" 172 0.00995024875622 0 0 0 0 0 0 0 1 0 0 0 0 0 125 0 0 0 0 0 0
"173" 173 0.0569948186528 17 61 4 19 0 2 0 7 0 0 2 0 0 0 0 0 1 13 0 0
"174" 174 0.490494296578 0 0 0 0 0 0 0 0 0 7 1 0 0 0 0 0 0 0 118 0
"175" 175 0.492537313433 1 8 11 2 5 2 6 14 5 0 27 1 0 9 1 0 15 18 0 1
"176" 176 0.0 0 0 0 0 0 0 0 0 0 0 0 0 0 1 0 0 0 125 0 0
"177" 177 0.362694300518 0 126 0 0 0 0 0 0 0 0 0 0 0 0 0 0 0 0 0 0
"178" 178 0.443708609272 0 0 96 0 0 2 0 0 1 3 7 1 1 0 2 0 12 0 0 1
"179" 179 0.441860465116 0 9 13 14 5 11 1 0 9 0 27 3 1 1 14 0 5 12 0 1
"180" 180 0.046511627907 12 0 0 0 0 0 0 0 0 0 114 0 0 0 0 0 0 0 0 0
"181" 181 0.473214285714 0 31 3 1 10 6 1 0 0 0 7 9 0 2 2 0 0 54 0 0
"182" 182 0.0581395348837 0 0 0 0 0 0 2 0 55 0 8 0 0 0 0 0 60 0 0 1
"183" 183 0.129533678756 0 126 0 0 0 0 0 0 0 0 0 0 0 0 0 0 0 0 0 0
"184" 184 0.00497512437811 3 0 1 0 0 0 2 0 2 8 13 6 0 15 0 0 1 0 0 75
"185" 185 0.0923076923077 0 0 0 126 0 0 0 0 0 0 0 0 0 0 0 0 0 0 0 0
"186" 186 0.00574712643678 1 0 0 0 0 0 11 0 0 28 0 0 0 15 0 0 71 0 0 0
"187" 187 0.0172413793103 0 0 0 0 0 0 12 0 0 1 0 0 0 0 0 0 113 0 0 0
"188" 188 0.00917431192661 2 0 0 0 1 0 0 0 1 2 6 2 0 10 0 0 5 0 0 97
"189" 189 0.0581395348837 0 1 0 18 0 0 0 0 96 0 4 1 0 0 2 0 1 0 0 3
"190" 190 0.279792746114 0 22 9 0 1 1 0 0 0 0 6 59 0 0 1 0 0 26 0 0
"191" 191 0.713178294574 0 15 23 6 8 18 0 0 13 0 22 2 3 0 4 0 2 9 0 0
"192" 192 0.307692307692 0 1 0 5 2 0 0 1 0 0 1 108 0 7 0 0 0 0 0 1
"193" 193 0.317307692308 0 5 3 4 10 13 0 0 1 0 9 27 9 1 21 0 0 23 0 0
"194" 194 0.364016736402 0 0 0 0 0 0 22 0 0 65 0 0 0 27 0 1 2 0 4 5
"195" 195 0.258883248731 0 0 2 0 0 0 54 0 0 1 0 0 0 6 0 0 63 0 0 0
"196" 196 0.1875 0 0 0 0 0 0 0 0 0 0 0 0 0 0 0 0 0 126 0 0
"197" 197 0.362068965517 0 0 0 0 0 0 40 0 0 0 0 0 0 16 0 0 69 0 0 1
"198" 198 0.313901345291 0 0 0 0 124 0 0 0 0 0 0 1 1 0 0 0 0 0 0 0
"199" 199 0.298076923077 0 0 3 0 0 0 0 0 1 0 10 107 0 0 0 0 0 0 0 5
"200" 200 0.372093023256 0 0 11 0 0 0 0 0 113 0 0 0 0 0 0 0 0 0 0 2
"201" 201 0.31007751938 0 0 0 0 0 0 0 0 0 0 90 36 0 0 0 0 0 0 0 0
"202" 202 0.625 0 0 0 0 0 0 0 0 0 0 0 0 0 0 0 0 0 126 0 0
"203" 203 0.269230769231 0 5 1 1 4 8 1 0 1 0 12 58 4 0 1 0 1 28 0 1
"204" 204 0.596899224806 0 1 10 2 3 7 1 0 8 1 46 10 4 1 5 0 2 20 4 1
"205" 205 0.635220125786 0 2 10 0 0 0 0 57 30 0 17 1 0 1 0 0 7 0 0 1
"206" 206 0.225941422594 0 0 0 0 0 0 1 0 0 119 0 0 0 1 0 0 1 0 4 0
"207" 207 0.63503649635 0 13 69 3 2 1 0 2 23 0 5 0 0 0 5 0 0 3 0 0
"208" 208 0.572327044025 0 2 1 1 8 5 0 1 0 4 2 1 7 3 69 1 1 15 2 3
"209" 209 0.604651162791 0 26 10 7 10 6 1 2 6 0 24 3 1 1 0 0 1 27 0 1
"210" 210 0.294642857143 0 4 0 1 41 0 0 0 5 0 3 0 1 1 1 0 0 68 0 1
"211" 211 0.243781094527 0 0 0 0 1 0 0 0 0 23 1 0 0 76 0 0 1 0 0 23
"212" 212 0.461538461538 0 39 3 42 5 0 2 0 2 1 6 4 3 10 1 0 0 3 0 4
"213" 213 0.302325581395 0 4 6 2 20 14 0 0 13 0 32 5 0 0 9 0 2 17 0 1
"214" 214 0.0045871559633 0 0 0 0 1 0 4 0 0 0 0 0 0 72 0 0 1 0 0 47
"215" 215 0.10447761194 0 0 0 0 0 0 4 0 4 1 1 0 0 95 4 0 3 0 1 12
"216" 216 0.5625 0 53 9 5 0 2 0 0 6 1 13 8 2 0 5 0 1 20 0 0
"217" 217 0.109452736318 0 0 2 0 0 0 0 0 0 3 3 1 1 103 0 0 5 0 5 2
"218" 218 0.0 1 0 0 0 0 0 0 0 0 0 107 17 0 0 0 0 0 0 0 0
"219" 219 0.304932735426 0 5 2 0 10 26 1 0 6 0 4 2 2 7 11 0 3 41 0 4
"220" 220 0.479820627803 0 3 7 3 11 47 7 3 5 0 13 7 4 8 1 0 4 1 0 0
"221" 221 0.0384615384615 0 0 3 0 0 0 0 0 0 0 1 120 0 0 0 0 0 0 0 0
"222" 222 0.0 9 0 1 3 0 0 79 0 8 0 2 0 0 11 0 0 10 0 0 1
"223" 223 0.403587443946 1 1 10 5 16 13 1 1 5 1 28 7 0 1 17 0 4 12 0 1
"224" 224 0.428571428571 1 6 4 2 20 8 0 0 4 0 3 0 2 0 11 0 0 62 0 1
"225" 225 0.0 0 0 0 0 0 0 16 0 0 0 0 0 0 105 0 0 1 0 0 2
"226" 226 0.00418410041841 1 0 3 1 2 2 37 0 7 19 11 0 0 8 0 0 25 0 0 7
"227" 227 0.553571428571 0 14 3 2 12 8 3 0 0 0 27 5 1 0 5 0 4 37 0 0
"228" 228 0.243781094527 2 1 1 0 1 3 23 0 1 3 29 2 1 36 0 0 10 4 1 3
"229" 229 0.0 0 0 0 0 120 0 0 0 0 0 0 0 0 0 0 1 0 0 0 0
"230" 230 0.456204379562 0 1 4 5 8 50 1 0 1 0 6 0 1 1 39 0 0 2 0 0
"231" 231 0.457364341085 0 3 5 6 18 12 0 0 3 0 33 1 2 2 3 0 2 21 0 3
"232" 232 0.131782945736 1 0 6 0 1 0 1 0 3 2 84 0 0 0 0 0 14 0 0 0
"233" 233 0.189054726368 1 0 0 0 0 0 11 0 1 3 0 0 0 85 0 0 9 0 0 0
"234" 234 0.558139534884 1 0 16 0 0 3 0 0 1 0 28 8 0 0 2 0 0 1 0 1
"235" 235 0.808035714286 0 4 0 0 8 2 0 0 0 0 0 0 0 0 0 0 0 12 0 0
