"site" "RSA" "aa1" "aa2" "aa3" "aa4" "aa5" "aa6" "aa7" "aa8" "aa9" "aa10" "aa11" "aa12" "aa13" "aa14" "aa15" "aa16" "aa17" "aa18" "aa19" "aa20"
"0" 0 0.652849740933 0 15 0 1 0 0 0 0 0 0 0 0 0 0 0 0 0 5 0 0
"1" 1 0.28102189781 0 0 0 0 0 9 0 0 1 0 0 0 0 0 22 0 0 0 0 1
"2" 2 0.450892857143 0 2 3 2 1 0 0 0 0 0 5 0 0 0 0 0 1 20 0 0
"3" 3 0.487046632124 1 10 4 1 3 1 1 0 1 0 1 0 0 1 0 0 0 12 0 0
"4" 4 0.0348258706468 2 0 2 3 1 0 0 0 0 0 1 0 3 22 0 0 0 0 0 2
"5" 5 0.051724137931 0 0 0 0 0 0 6 0 1 0 0 0 0 1 0 0 29 0 0 0
"6" 6 0.562737642586 0 0 0 1 10 0 0 0 0 1 2 0 3 0 0 0 0 4 16 0
"7" 7 0.385650224215 1 0 1 0 2 9 2 0 2 0 0 0 0 7 8 0 0 0 0 5
"8" 8 0.0 0 0 1 0 0 0 0 0 0 0 37 0 0 0 0 0 0 0 0 0
"9" 9 0.316455696203 0 0 0 0 0 38 0 0 0 0 0 0 0 0 1 0 0 0 0 0
"10" 10 0.44776119403 1 0 0 0 0 0 2 0 0 0 0 0 0 34 0 0 0 0 1 1
"11" 11 0.062015503876 2 0 3 1 0 0 0 0 0 0 32 0 0 1 0 0 0 0 0 0
"12" 12 0.258928571429 0 1 0 0 0 0 0 0 0 0 0 0 0 0 0 0 0 38 0 0
"13" 13 0.690582959641 0 0 0 0 36 1 0 0 0 0 0 0 1 0 1 0 0 0 0 0
"14" 14 0.503875968992 3 0 2 0 0 0 0 0 0 0 33 0 0 1 0 0 0 0 0 0
"15" 15 0.620535714286 0 0 0 0 0 0 0 0 0 0 0 0 0 0 0 0 0 40 0 0
"16" 16 0.507299270073 0 0 0 0 1 0 0 0 0 0 0 0 0 0 39 0 0 0 0 0
"17" 17 0.201520912548 0 0 0 0 0 0 0 0 0 1 0 0 1 0 0 0 0 0 38 0
"18" 18 0.487046632124 0 28 0 1 0 0 0 1 0 0 0 0 0 0 0 0 0 10 0 0
"19" 19 0.308035714286 0 23 0 0 0 0 0 0 0 0 0 0 0 0 0 0 0 17 0 0
"20" 20 0.0 0 0 0 0 0 0 1 0 0 0 0 0 0 0 0 0 0 0 0 41
"21" 21 0.0632183908046 0 0 0 0 0 0 0 0 0 0 20 0 0 1 0 0 21 0 0 0
"22" 22 0.495535714286 1 4 4 3 2 4 0 0 1 1 11 0 0 0 1 0 0 10 0 0
"23" 23 0.0662251655629 4 1 11 1 0 0 0 0 0 4 18 0 2 0 0 0 0 1 0 0
"24" 24 0.0 0 0 0 0 0 0 0 0 0 0 0 0 0 1 0 0 1 0 0 40
"25" 25 0.286919831224 0 0 1 0 2 35 1 0 0 0 0 0 0 0 1 0 0 2 0 0
"26" 26 0.527426160338 0 3 3 2 3 14 0 1 1 0 6 0 0 0 2 0 0 7 0 1
"27" 27 0.0 0 0 0 0 0 0 3 0 0 1 3 0 0 3 0 0 30 1 1 0
"28" 28 0.015503875969 0 0 0 0 0 0 1 0 16 0 16 1 0 1 0 0 7 0 0 0
"29" 29 0.326923076923 1 0 0 1 1 8 0 0 1 0 3 2 0 0 3 0 0 21 0 0
"30" 30 0.311926605505 0 0 3 0 7 3 2 0 1 0 2 0 0 12 0 0 1 1 0 11
"31" 31 0.461139896373 1 10 2 5 1 0 0 3 1 0 2 16 1 0 0 0 0 2 0 0
"32" 32 0.327586206897 0 3 1 1 3 1 1 3 2 0 8 5 0 0 0 0 8 8 0 0
"33" 33 0.254464285714 0 1 1 1 1 3 0 3 1 0 0 1 1 0 1 0 1 31 0 0
"34" 34 0.0348258706468 0 0 0 0 0 0 0 0 0 1 0 0 0 45 0 0 0 0 0 0
"35" 35 0.372093023256 0 1 19 3 1 0 0 0 17 0 1 2 0 0 1 0 0 1 0 0
"36" 36 0.459770114943 1 3 3 13 1 0 4 0 2 0 1 1 0 0 0 0 16 1 0 0
"37" 37 0.4375 0 2 0 0 1 0 0 0 0 0 0 0 0 0 0 0 0 42 0 0
"38" 38 0.0401785714286 0 2 0 0 1 0 0 0 0 0 0 0 0 0 0 0 0 42 0 0
"39" 39 0.029197080292 0 0 0 0 0 0 0 0 0 0 0 0 0 0 46 0 0 0 0 0
"40" 40 0.384615384615 0 0 0 46 0 0 0 0 0 0 0 0 0 0 0 0 0 0 0 0
"41" 41 0.0696517412935 0 0 0 0 0 0 0 0 0 0 0 0 0 46 0 0 0 0 0 0
"42" 42 0.0 0 0 0 0 0 0 0 0 0 2 0 0 0 44 0 0 0 0 0 0
"43" 43 0.211920529801 0 0 46 0 0 0 0 0 0 0 0 0 0 0 0 0 0 0 0 0
"44" 44 0.252873563218 0 0 0 0 0 0 0 0 0 0 2 0 0 0 0 0 44 0 0 0
"45" 45 0.0 0 0 0 0 0 0 0 0 0 0 43 3 0 0 0 0 0 0 0 0
"46" 46 0.00380228136882 0 0 0 0 0 0 0 0 0 0 0 0 0 0 0 0 0 0 46 0
"47" 47 0.350210970464 0 0 0 0 0 46 0 0 0 0 0 0 0 0 0 0 0 0 0 0
"48" 48 0.302564102564 0 1 0 44 0 0 0 0 0 0 0 0 0 0 0 0 0 0 1 0
"49" 49 0.0689655172414 0 0 0 0 0 0 3 0 0 0 3 0 0 1 0 0 38 0 0 1
"50" 50 0.00507614213198 0 0 0 0 0 0 20 0 0 0 0 0 0 1 0 0 25 0 0 0
"51" 51 0.221153846154 0 0 1 0 0 0 0 0 0 0 0 45 0 0 0 0 0 0 0 0
"52" 52 0.418604651163 1 0 3 0 0 0 0 1 0 0 40 1 0 0 0 0 0 0 0 0
"53" 53 0.211678832117 0 0 0 0 2 3 0 0 0 0 0 0 1 0 40 0 0 0 0 0
"54" 54 0.138686131387 0 0 0 0 0 0 0 0 0 0 0 0 0 0 46 1 0 0 0 0
"55" 55 0.294573643411 0 0 23 0 0 0 0 0 0 0 24 0 0 0 0 0 0 0 0 0
"56" 56 0.35761589404 1 0 38 0 0 0 0 0 0 0 8 0 0 0 0 0 0 0 0 0
"57" 57 0.177304964539 0 0 0 0 0 0 0 0 0 0 0 0 0 0 0 47 0 0 0 0
"58" 58 0.412408759124 0 0 0 0 0 0 0 0 0 0 0 0 0 0 47 0 0 0 0 0
"59" 59 0.543147208122 0 1 1 0 0 0 24 0 0 0 0 0 0 0 0 0 21 0 0 0
"60" 60 0.0710659898477 0 0 0 0 0 0 28 0 1 1 0 0 0 6 0 0 9 0 0 2
"61" 61 0.165562913907 0 0 37 1 1 0 0 0 4 0 2 1 1 0 0 0 0 0 0 0
"62" 62 0.503311258278 0 0 41 0 0 0 0 0 2 0 2 2 0 0 0 0 0 0 0 0
"63" 63 0.375634517766 0 0 1 0 0 0 32 0 0 0 1 0 0 5 0 0 5 0 0 3
"64" 64 0.0714285714286 0 1 0 0 0 1 0 0 0 0 1 1 0 0 0 0 0 43 0 0
"65" 65 0.591928251121 0 0 1 1 39 0 0 1 1 0 0 0 2 0 0 0 0 1 0 1
"66" 66 0.472573839662 0 1 2 0 0 41 0 0 1 0 0 0 0 0 2 0 0 0 0 0
"67" 67 0.0401785714286 0 1 2 0 1 0 0 1 9 0 3 1 1 3 1 0 0 23 0 1
"68" 68 0.446428571429 0 6 0 2 1 4 0 0 0 0 1 1 0 1 0 0 0 16 0 2
"69" 69 0.671794871795 0 3 7 5 0 0 0 0 5 1 4 3 0 1 0 0 0 1 0 0
"70" 70 0.518987341772 0 7 0 0 0 17 0 0 0 0 0 0 1 1 6 0 1 9 0 0
"71" 71 0.567307692308 0 0 0 2 1 1 0 0 0 0 1 32 0 0 0 0 0 5 0 0
"72" 72 0.144230769231 0 2 7 17 0 2 0 1 1 0 3 4 1 0 1 0 1 0 0 0
"73" 73 0.272321428571 0 10 2 2 1 0 0 0 2 0 3 0 0 0 1 0 1 21 0 1
"74" 74 0.642487046632 0 6 3 1 2 14 0 0 1 0 3 0 1 2 3 1 2 7 1 0
"75" 75 0.476793248945 0 0 0 7 3 26 0 0 1 0 0 0 4 0 3 0 0 1 0 1
"76" 76 0.0646766169154 0 0 0 1 8 5 1 0 2 0 6 1 0 8 1 0 7 0 2 3
"77" 77 0.590717299578 0 0 3 2 12 11 0 1 1 0 7 3 0 0 0 0 0 5 1 0
"78" 78 0.587155963303 1 0 1 1 2 3 6 0 0 0 2 0 0 11 4 0 1 1 0 12
"79" 79 0.116751269036 0 0 0 0 0 0 16 0 4 1 17 0 0 1 0 0 6 0 0 1
"80" 80 0.346715328467 0 0 0 2 3 23 0 0 2 0 4 0 0 0 9 0 2 2 0 0
"81" 81 0.620535714286 0 6 1 2 1 4 0 0 2 0 2 4 0 1 0 1 0 23 0 0
"82" 82 0.505703422053 1 0 0 0 0 0 0 0 0 3 0 0 0 1 0 0 1 0 41 0
"83" 83 0.127737226277 0 0 0 0 1 3 1 0 0 0 0 0 0 0 42 0 0 0 0 0
"84" 84 0.452914798206 1 1 4 2 5 8 1 0 3 0 2 0 2 1 0 0 1 15 0 0
"85" 85 0.495412844037 0 1 0 2 3 28 0 0 2 1 0 0 0 0 2 0 2 2 0 3
"86" 86 0.0574712643678 0 0 0 0 0 0 20 0 0 0 0 0 0 2 0 0 22 0 0 2
"87" 87 0.147321428571 0 0 0 0 0 0 0 0 1 0 0 0 0 0 0 0 1 44 0 0
"88" 88 0.517441860465 0 2 2 6 1 13 0 0 8 0 4 1 0 0 2 0 1 6 0 0
"89" 89 0.34375 0 0 0 0 0 0 0 0 0 0 0 0 0 0 0 0 0 46 0 0
"90" 90 0.0149253731343 0 0 0 0 0 0 0 0 0 0 0 0 0 45 0 0 0 0 0 1
"91" 91 0.130801687764 1 3 5 9 4 9 0 0 3 0 5 0 1 0 4 0 0 2 0 0
"92" 92 0.582089552239 0 10 3 1 1 6 0 0 4 0 3 3 0 3 1 0 0 11 0 0
"93" 93 0.111675126904 1 0 0 0 0 1 31 0 2 0 0 0 0 0 0 0 10 0 0 1
"94" 94 0.0 45 0 1 0 0 0 0 0 0 0 0 0 0 0 0 0 0 0 0 0
"95" 95 0.462025316456 3 5 2 14 3 5 0 0 1 0 1 3 4 0 1 0 0 3 1 0
"96" 96 0.269430051813 0 25 1 0 2 0 0 0 2 0 1 1 0 0 0 0 0 14 0 0
"97" 97 0.0 0 0 0 0 0 0 21 0 0 0 0 0 0 0 0 0 25 0 0 0
"98" 98 0.089552238806 0 0 0 0 0 0 0 0 0 0 0 0 0 45 0 0 0 0 0 1
"99" 99 0.440414507772 0 13 8 1 0 4 0 0 4 0 6 2 1 0 1 0 0 6 0 0
"100" 100 0.0632183908046 0 0 0 0 0 0 5 0 0 0 0 0 0 30 0 0 11 0 0 0
"101" 101 0.0 0 0 0 0 0 0 8 0 0 0 0 0 0 38 0 0 0 0 0 0
"102" 102 0.445595854922 0 28 1 3 2 0 0 0 2 0 2 0 0 0 1 0 0 7 0 0
"103" 103 0.548523206751 0 6 3 3 2 23 1 0 1 0 0 2 0 0 1 0 0 3 0 0
"104" 104 0.253588516746 0 0 3 1 0 4 0 0 1 8 0 0 14 0 0 0 0 0 15 0
"105" 105 0.0248756218905 0 0 0 0 0 0 0 0 0 1 0 0 0 45 0 0 0 0 0 0
"106" 106 0.137055837563 0 0 0 0 0 0 33 0 1 0 0 0 0 6 0 0 6 0 0 0
"107" 107 0.559748427673 0 0 0 0 0 7 0 35 1 0 0 0 0 1 1 0 0 1 0 0
"108" 108 0.201550387597 1 1 12 14 0 6 0 0 0 1 8 1 0 0 2 0 0 0 0 0
"109" 109 0.108527131783 1 1 7 0 0 1 0 0 3 0 29 2 0 0 0 0 2 0 0 0
"110" 110 0.738461538462 0 4 9 5 4 2 1 0 12 0 1 3 0 0 0 0 1 4 0 0
"111" 111 0.383720930233 0 3 14 4 2 1 0 3 9 0 7 1 0 0 0 0 0 2 0 0
"112" 112 0.0865384615385 0 4 6 1 0 0 1 5 3 0 8 13 0 1 0 0 2 2 1 0
"113" 113 0.3125 0 5 0 0 0 0 0 0 0 0 0 0 0 0 0 0 0 42 0 0
"114" 114 0.00662251655629 0 1 40 0 0 0 0 0 0 0 6 0 0 0 0 0 0 0 0 0
"115" 115 0.168776371308 0 0 1 1 1 30 2 0 3 0 1 1 0 0 4 0 0 3 0 0
"116" 116 0.0 0 0 0 0 0 0 1 0 0 0 0 0 0 0 0 0 47 0 0 0
"117" 117 0.0753138075314 0 0 0 0 0 0 0 0 0 46 0 0 0 0 0 0 0 0 2 0
"118" 118 0.0114068441065 1 0 0 0 0 0 0 0 0 4 0 0 0 1 0 0 0 0 42 0
"119" 119 0.243346007605 0 0 0 1 1 2 0 0 0 1 0 0 6 22 1 1 0 0 12 1
"120" 120 0.130801687764 0 0 0 0 0 48 0 0 0 0 0 0 0 0 0 0 0 0 0 0
"121" 121 0.0183486238532 0 0 0 0 0 0 0 0 0 0 0 0 0 1 0 0 0 0 0 47
"122" 122 0.168776371308 0 0 0 0 3 41 0 0 0 0 0 0 0 0 2 0 0 2 0 0
"123" 123 0.0 0 0 0 0 0 0 0 0 0 0 1 47 0 0 0 0 0 0 0 0
"124" 124 0.0362694300518 0 47 0 0 0 0 0 0 0 0 0 1 0 0 0 0 0 0 0 0
"125" 125 0.0228136882129 0 0 0 0 0 0 0 0 0 0 0 0 0 0 0 0 0 0 48 0
"126" 126 0.11961722488 0 0 0 0 0 0 0 0 0 5 0 0 18 0 0 0 0 0 25 0
"127" 127 0.036496350365 0 0 0 0 0 0 0 0 0 0 0 0 0 0 48 0 0 0 0 0
"128" 128 0.0836501901141 0 0 0 0 0 0 0 0 0 0 0 0 0 0 0 0 0 0 48 0
"129" 129 0.154228855721 1 0 0 0 0 0 2 0 0 2 0 0 0 37 1 0 2 1 0 2
"130" 130 0.0 0 0 6 0 0 0 0 0 1 0 38 1 0 0 0 0 2 0 0 0
"131" 131 0.147321428571 0 0 0 0 0 0 0 0 0 0 0 0 0 0 0 0 0 48 0 0
"132" 132 0.121338912134 0 0 0 0 0 0 1 0 0 25 0 0 0 0 0 0 21 0 1 0
"133" 133 0.116279069767 1 0 6 0 2 8 0 0 2 0 26 0 0 0 0 0 1 2 0 0
"134" 134 0.610465116279 1 1 12 2 1 1 0 0 17 0 3 1 0 1 0 0 6 2 0 0
"135" 135 0.596153846154 0 8 0 1 0 0 0 0 1 0 1 31 0 0 0 0 1 4 0 0
"136" 136 0.584615384615 0 24 2 7 0 0 0 1 0 0 3 0 1 0 0 0 0 10 0 0
"137" 137 0.569948186528 0 14 2 1 2 7 0 0 1 0 3 5 0 0 1 0 2 10 0 0
"138" 138 0.295620437956 1 0 0 0 0 12 0 0 1 0 0 0 0 0 33 0 0 1 0 0
"139" 139 0.616033755274 0 3 0 2 4 31 0 0 3 0 2 0 0 0 2 0 0 1 0 0
"140" 140 0.174107142857 0 3 4 1 1 3 0 0 2 0 6 2 1 0 2 0 1 22 0 0
"141" 141 0.062015503876 1 0 3 1 0 0 6 0 4 0 22 0 0 0 0 0 8 0 0 1
"142" 142 0.0852713178295 0 0 7 0 0 0 9 0 2 0 18 1 0 0 0 0 9 0 0 0
"143" 143 0.223214285714 0 17 1 2 4 2 0 0 1 1 1 1 0 0 0 0 0 18 0 0
"144" 144 0.415384615385 0 1 8 5 9 11 0 0 0 1 5 0 2 2 0 0 1 3 0 0
"145" 145 0.0 0 0 34 0 0 0 0 0 3 0 10 0 0 0 0 0 1 0 0 0
"146" 146 0.194029850746 0 1 0 1 11 3 0 0 0 1 0 0 2 20 2 0 0 4 0 3
"147" 147 0.563218390805 0 4 1 0 6 6 0 0 2 0 6 0 0 2 1 0 4 15 0 1
"148" 148 0.0077519379845 0 0 6 0 0 0 0 0 0 0 40 2 0 0 0 0 0 0 0 0
"149" 149 0.0 0 0 0 0 0 0 0 0 0 0 0 0 0 0 0 0 0 1 47 0
"150" 150 0.502109704641 0 0 1 1 16 22 0 0 2 0 0 0 0 0 0 0 0 5 0 0
"151" 151 0.248062015504 0 2 3 0 5 7 0 0 1 0 16 0 0 1 1 0 0 12 0 0
"152" 152 0.0 0 0 0 0 0 0 0 0 0 0 47 0 0 0 0 0 0 1 0 0
"153" 153 0.172185430464 0 0 11 0 5 0 0 0 14 9 2 0 1 1 0 0 1 0 1 3
"154" 154 0.564766839378 0 17 3 2 1 1 0 0 3 0 2 0 0 0 0 0 0 18 0 1
"155" 155 0.126903553299 0 0 1 1 0 6 30 0 3 1 2 0 0 0 0 0 3 0 1 0
"156" 156 0.0077519379845 0 0 12 0 0 0 0 0 1 0 35 0 0 0 0 0 0 0 0 0
"157" 157 0.596330275229 0 0 6 2 2 10 1 0 4 0 2 1 0 0 1 0 2 7 0 4
"158" 158 0.598837209302 0 3 7 4 1 7 1 0 8 0 6 2 0 0 0 0 2 7 0 0
"159" 159 0.491071428571 0 7 1 6 5 2 0 0 0 0 0 1 1 1 0 0 0 23 0 0
"160" 160 0.0646766169154 0 0 0 0 0 0 0 0 0 0 0 0 0 34 0 0 0 0 0 14
"161" 161 0.289308176101 0 1 2 0 9 3 1 21 2 1 7 0 1 0 0 0 0 0 0 0
"162" 162 0.0503144654088 0 0 6 1 0 2 0 33 3 0 2 0 0 0 0 0 1 0 0 0
"163" 163 0.00581395348837 0 0 1 0 0 0 0 0 46 0 0 0 0 0 0 0 0 0 0 1
"164" 164 0.114832535885 0 3 1 6 0 0 0 0 0 0 0 0 38 0 0 0 0 0 0 0
"165" 165 0.163522012579 0 0 0 0 0 0 0 47 0 0 0 0 0 0 0 0 1 0 0 0
"166" 166 0.10152284264 0 0 0 0 0 0 46 0 0 0 0 0 0 0 0 0 1 0 0 1
"167" 167 0.156934306569 0 0 0 0 0 0 0 0 0 0 0 0 1 0 47 0 0 0 0 0
"168" 168 0.00497512437811 0 0 0 0 0 0 0 0 0 0 0 0 0 48 0 0 0 0 0 0
"169" 169 0.0769230769231 0 0 0 0 0 0 0 0 0 0 0 48 0 0 0 0 0 0 0 0
"170" 170 0.0149253731343 0 0 0 0 0 0 0 0 0 0 0 0 0 48 0 0 0 0 0 0
"171" 171 0.0697674418605 0 0 0 0 0 0 0 0 0 0 47 1 0 0 0 0 0 0 0 0
"172" 172 0.0696517412935 0 0 0 0 0 0 0 0 0 0 0 0 0 48 0 0 0 0 0 0
"173" 173 0.148717948718 0 0 0 48 0 0 0 0 0 0 0 0 0 0 0 0 0 0 0 0
"174" 174 0.0418410041841 0 0 0 0 0 0 0 0 0 44 0 0 0 0 0 0 0 0 4 0
"175" 175 0.0 0 0 47 0 0 0 0 1 0 0 0 0 0 0 0 0 0 0 0 0
"176" 176 0.120689655172 0 0 0 0 0 0 0 0 0 0 0 0 0 0 0 0 48 0 0 0
"177" 177 0.0 0 0 0 0 0 0 0 0 0 46 0 0 0 1 0 0 0 0 1 0
"178" 178 0.117870722433 0 0 0 0 0 0 0 0 0 4 0 0 3 0 0 0 0 0 41 0
"179" 179 0.342205323194 0 0 0 0 0 0 0 0 0 1 0 0 0 0 0 0 0 0 47 0
"180" 180 0.46875 0 0 0 0 0 0 0 0 0 0 0 0 0 0 0 0 0 48 0 0
"181" 181 0.0761421319797 0 0 1 0 0 0 46 0 0 0 0 0 0 0 0 0 1 0 0 0
"182" 182 0.233830845771 0 0 0 0 3 2 0 0 0 0 1 0 0 29 4 0 2 2 0 5
"183" 183 0.692307692308 1 2 2 40 0 0 0 0 0 0 0 1 0 0 1 0 0 1 0 0
"184" 184 0.12582781457 0 6 25 5 4 2 0 0 0 0 4 0 0 1 0 0 0 1 0 0
"185" 185 0.396226415094 0 0 2 0 1 0 0 42 0 0 2 0 1 0 0 0 0 0 0 0
"186" 186 0.414507772021 0 19 1 0 1 4 0 1 2 0 2 0 1 0 0 0 0 17 0 0
"187" 187 0.434306569343 0 1 1 0 6 16 0 0 0 0 0 0 0 0 17 0 0 6 0 0
"188" 188 0.0 0 0 0 0 0 0 0 0 0 0 46 1 0 0 0 0 0 0 0 0
"189" 189 0.158227848101 46 0 0 0 0 0 1 0 0 0 0 0 0 0 0 0 0 0 0 0
"190" 190 0.222627737226 0 4 7 4 4 4 0 0 3 0 0 1 9 1 6 0 0 4 0 0
"191" 191 0.238805970149 0 0 0 0 0 0 2 0 0 0 0 0 0 41 0 0 2 0 0 2
"192" 192 0.0 0 0 0 0 0 0 0 0 0 0 47 0 0 0 0 0 0 0 0 0
"193" 193 0.430379746835 0 0 0 1 3 41 0 0 0 0 0 0 0 0 2 0 0 0 0 0
"194" 194 0.341085271318 0 0 3 1 17 9 0 0 6 0 4 0 0 1 3 0 0 4 0 0
"195" 195 0.108527131783 0 0 2 0 0 0 0 0 1 0 44 0 0 0 0 0 1 0 0 0
"196" 196 0.146443514644 0 0 0 0 0 0 0 0 0 48 0 0 0 0 0 0 0 0 0 0
"197" 197 0.341968911917 0 46 0 1 0 0 0 0 0 0 0 0 0 0 0 0 0 1 0 0
"198" 198 0.383419689119 0 26 1 1 0 0 0 0 1 0 0 0 0 1 0 0 0 18 0 0
"199" 199 0.0 0 0 2 0 0 0 0 0 0 0 46 0 0 0 0 0 0 0 0 0
"200" 200 0.41116751269 1 0 0 0 0 0 43 0 0 0 0 0 0 2 0 0 1 0 0 1
"201" 201 0.612403100775 0 0 7 0 0 2 0 0 3 0 33 0 0 0 1 0 1 1 0 0
"202" 202 0.392857142857 0 4 0 0 0 2 0 0 0 0 0 0 0 1 0 0 1 39 0 1
"203" 203 0.378109452736 0 0 0 0 0 0 0 1 0 2 0 0 0 45 0 0 0 0 0 0
"204" 204 0.751295336788 0 44 0 1 0 0 0 0 0 0 0 0 1 0 0 0 0 1 0 0
"205" 205 0.238372093023 0 0 10 3 6 1 0 0 25 0 0 0 0 0 0 0 1 1 0 0
"206" 206 0.283582089552 0 0 0 0 0 0 1 1 0 0 0 0 0 42 0 0 3 0 0 0
"207" 207 0.238410596026 1 2 17 10 4 4 0 2 1 0 2 4 0 0 0 0 0 0 0 0
"208" 208 0.665178571429 0 2 1 0 0 0 0 0 1 0 0 1 0 0 0 0 0 42 0 0
"209" 209 0.709821428571 0 20 0 1 0 0 0 0 0 0 0 1 0 0 0 0 0 25 0 0
"210" 210 0.105960264901 0 0 44 0 2 0 0 0 0 0 0 0 0 0 0 0 0 0 0 1
"211" 211 0.486692015209 0 0 0 0 0 0 0 0 0 0 0 0 2 1 0 0 0 0 44 0
"212" 212 0.341772151899 0 0 0 0 0 47 0 0 0 0 0 0 0 0 0 0 0 0 0 0
"213" 213 0.455958549223 0 46 0 0 0 0 0 0 0 0 0 0 0 0 0 0 0 1 0 0
"214" 214 0.00662251655629 1 0 45 0 0 0 0 0 0 0 1 0 0 0 0 0 0 0 0 0
"215" 215 0.488372093023 0 0 0 0 0 0 0 0 44 0 2 0 0 0 0 0 0 0 0 1
"216" 216 0.502487562189 0 0 0 0 0 0 0 0 0 0 0 0 0 45 1 0 0 0 0 0
"217" 217 0.131979695431 0 0 0 0 0 0 45 0 0 0 0 0 0 0 0 0 1 0 0 0
"218" 218 0.0779816513761 0 0 0 0 0 0 0 0 0 0 0 0 0 0 0 0 0 0 0 46
"219" 219 0.412556053812 0 0 0 0 46 0 0 0 0 0 0 0 0 0 0 0 0 0 0 0
"220" 220 0.298507462687 0 0 0 0 0 0 0 0 0 0 0 0 0 46 0 0 0 0 0 0
"221" 221 0.0 0 0 0 0 0 0 0 0 0 0 0 0 0 46 0 0 0 0 0 0
"222" 222 0.521897810219 0 0 0 0 0 1 0 0 0 0 0 0 0 0 45 0 0 0 0 0
"223" 223 0.378238341969 0 45 0 0 0 0 0 0 0 0 0 0 0 0 0 0 0 0 0 0
"224" 224 0.2 0 0 0 44 0 0 0 0 0 0 0 0 0 0 0 0 0 0 0 0
"225" 225 0.124378109453 0 0 0 0 0 0 0 0 0 0 0 0 0 44 0 0 0 0 0 0
"226" 226 0.546511627907 0 0 0 1 0 0 0 0 41 0 2 0 0 0 0 0 0 0 0 0
"227" 227 0.676616915423 0 0 0 0 0 0 0 0 0 0 0 0 0 43 0 0 1 0 0 0
"228" 228 0.120567375887 0 0 0 0 0 0 0 0 1 0 0 0 0 0 0 43 0 0 0 0
"229" 229 0.767441860465 0 0 2 2 0 0 0 0 38 0 0 0 0 0 0 0 0 0 0 0
