"site" "RSA" "aa1" "aa2" "aa3" "aa4" "aa5" "aa6" "aa7" "aa8" "aa9" "aa10" "aa11" "aa12" "aa13" "aa14" "aa15" "aa16" "aa17" "aa18" "aa19" "aa20"
"0" 0 0.842767295597 0 0 2 0 14 25 4 0 10 0 0 0 0 1 13 0 11 8 0 1
"1" 1 0.122093023256 0 0 1 0 6 0 0 0 40 0 3 0 0 0 0 0 5 1 0 33
"2" 2 0.360465116279 0 0 5 0 0 1 0 0 81 0 0 0 0 0 1 0 0 0 0 1
"3" 3 0.147208121827 0 0 0 0 1 0 21 0 3 0 8 0 0 24 0 0 30 1 0 1
"4" 4 0.556291390728 0 19 15 11 4 6 0 0 3 0 8 0 0 2 2 0 1 16 0 2
"5" 5 0.223880597015 0 9 1 1 11 0 2 0 16 1 7 2 1 21 1 0 2 10 0 4
"6" 6 0.00995024875622 0 0 0 0 0 0 0 0 1 0 1 0 0 87 0 0 0 0 0 0
"7" 7 0.322869955157 0 0 0 1 17 35 7 0 1 1 8 1 1 5 3 0 1 6 2 0
"8" 8 0.409282700422 0 4 1 16 6 19 4 0 3 0 10 0 0 3 5 0 0 18 0 0
"9" 9 0.197718631179 0 0 0 6 0 8 0 0 0 6 8 0 6 0 2 1 0 0 47 5
"10" 10 0.101265822785 0 0 0 0 0 87 0 0 0 0 0 0 0 0 2 0 0 0 0 0
"11" 11 0.632286995516 0 2 1 11 12 31 2 0 0 0 5 0 1 10 8 2 0 4 0 0
"12" 12 0.34375 0 9 1 9 15 22 0 0 0 0 2 0 0 20 8 0 0 0 0 3
"13" 13 0.742616033755 0 9 0 58 3 5 0 0 0 0 0 3 8 0 2 0 0 0 1 0
"14" 14 0.286919831224 0 2 2 0 3 6 49 0 0 0 1 0 0 10 1 0 9 4 1 1
"15" 15 0.266423357664 0 0 3 1 9 4 0 0 7 0 6 0 2 0 49 2 0 5 0 1
"16" 16 0.0627615062762 0 0 0 0 0 0 0 0 0 80 0 0 0 0 0 0 0 0 9 0
"17" 17 0.100775193798 0 0 0 0 0 0 0 0 0 1 87 0 0 0 0 0 0 0 1 0
"18" 18 0.0174418604651 0 0 3 0 0 0 0 0 80 0 6 0 0 0 0 0 0 0 0 0
"19" 19 0.00507614213198 0 0 0 0 0 0 88 0 0 0 0 0 0 0 0 0 1 0 0 0
"20" 20 0.0174418604651 0 0 17 0 0 0 0 0 71 0 1 0 0 0 0 0 0 0 0 0
"21" 21 0.0 0 0 5 0 0 0 0 0 0 0 84 0 0 0 0 0 0 0 0 0
"22" 22 0.0114068441065 0 0 0 0 0 0 0 0 0 64 0 0 0 0 0 1 0 0 24 0
"23" 23 0.274611398964 0 24 0 40 2 0 0 0 22 0 0 0 0 0 0 0 0 0 0 1
"24" 24 0.441064638783 0 0 0 0 4 3 34 0 0 5 0 0 0 0 3 1 15 17 5 2
"25" 25 0.53642384106 0 20 1 7 5 6 3 0 2 3 12 1 0 2 4 0 2 14 7 0
"26" 26 0.188284518828 0 3 2 4 5 0 0 0 1 0 0 0 0 59 2 2 0 9 0 2
"27" 27 0.0 0 0 0 0 0 0 0 0 0 0 89 0 0 0 0 0 0 0 0 0
"28" 28 0.337552742616 0 0 3 0 1 59 0 0 2 0 12 1 0 1 10 0 0 0 0 0
"29" 29 0.0547263681592 0 0 0 0 5 0 4 0 8 0 2 0 0 67 1 0 0 0 0 2
"30" 30 0.0 0 0 0 0 0 0 0 0 0 86 0 0 0 0 0 0 0 0 3 0
"31" 31 0.217054263566 0 0 3 0 1 0 0 0 0 1 43 0 0 0 20 4 0 1 9 7
"32" 32 0.461139896373 0 73 0 1 3 0 0 0 0 0 5 0 0 0 0 0 0 7 0 0
"33" 33 0.196428571429 0 0 0 1 15 0 0 0 0 0 1 0 0 0 0 0 0 71 0 1
"34" 34 0.317307692308 0 0 0 0 0 0 0 0 0 0 0 89 0 0 0 0 0 0 0 0
"35" 35 0.0149253731343 0 0 0 0 0 0 0 0 0 0 0 0 0 89 0 0 0 0 0 0
"36" 36 0.287179487179 0 0 1 16 4 22 0 0 10 0 2 6 1 11 0 0 0 4 0 12
"37" 37 0.0574712643678 0 0 0 0 0 0 1 0 0 0 0 0 0 0 0 0 88 0 0 0
"38" 38 0.0045871559633 0 0 0 5 0 0 0 0 3 0 1 0 0 0 0 0 0 0 0 80
"39" 39 0.0646766169154 0 0 0 0 0 0 1 0 0 9 0 0 0 3 0 0 75 0 1 0
"40" 40 0.0 0 0 0 0 0 0 0 0 0 0 0 0 0 0 0 0 89 0 0 0
"41" 41 0.00961538461538 0 0 78 0 0 0 0 0 3 0 3 5 0 0 0 0 0 0 0 0
"42" 42 0.0259067357513 0 67 1 0 0 0 0 0 12 0 6 1 0 0 0 0 2 0 0 0
"43" 43 0.158940397351 0 1 33 15 1 0 1 0 9 2 6 0 2 1 0 5 10 0 0 3
"44" 44 0.0 0 0 9 0 0 0 1 0 0 0 55 0 0 24 0 0 0 0 0 0
"45" 45 0.0 0 0 0 0 0 0 0 0 0 0 0 89 0 0 0 0 0 0 0 0
"46" 46 0.325688073394 0 0 0 0 4 3 11 0 9 0 1 0 1 0 24 0 21 4 0 11
"47" 47 0.273255813953 0 0 0 14 7 4 0 0 1 13 1 0 5 0 0 0 0 1 43 0
"48" 48 0.367816091954 0 0 0 0 0 0 0 0 1 1 0 0 0 0 0 0 86 0 1 0
"49" 49 0.27802690583 0 2 0 1 14 3 0 0 0 1 0 0 2 40 3 0 0 17 1 5
"50" 50 0.596153846154 0 0 0 0 0 0 0 0 0 0 0 89 0 0 0 0 0 0 0 0
"51" 51 0.401913875598 0 0 3 1 33 6 0 0 9 2 1 3 6 1 0 1 0 6 16 1
"52" 52 0.725388601036 0 15 7 17 8 7 1 7 10 0 0 3 0 5 2 0 1 3 0 3
"53" 53 0.105960264901 0 4 66 12 0 0 0 0 0 0 0 7 0 0 0 0 0 0 0 0
"54" 54 0.0232558139535 0 2 6 9 0 0 0 0 27 0 2 1 0 0 0 0 36 6 0 0
"55" 55 0.174129353234 0 2 4 5 9 8 9 0 1 0 13 6 4 0 1 0 9 16 0 2
"56" 56 0.37106918239 0 0 0 0 2 1 0 77 0 0 2 1 0 0 0 1 0 1 3 1
"57" 57 0.0229885057471 0 0 0 0 0 0 0 0 0 0 0 0 0 0 0 0 88 0 0 1
"58" 58 0.372093023256 0 0 31 0 11 2 0 0 44 0 0 0 0 0 1 0 0 0 0 0
"59" 59 0.120689655172 0 0 1 0 0 0 0 0 11 0 4 0 0 0 0 0 73 0 0 0
"60" 60 0.53488372093 0 20 3 12 9 11 0 0 2 0 7 1 0 5 0 1 1 13 1 3
"61" 61 0.238341968912 0 63 2 0 1 0 0 0 10 0 6 0 4 0 0 0 3 0 0 0
"62" 62 0.0 0 0 0 0 0 0 48 0 1 0 1 0 1 0 0 0 38 0 0 0
"63" 63 0.131782945736 0 0 0 0 0 0 0 0 0 0 89 0 0 0 0 0 0 0 0 0
"64" 64 0.631178707224 0 1 1 1 2 4 1 0 2 1 1 0 0 2 68 0 0 4 1 0
"65" 65 0.11004784689 0 0 0 0 1 0 0 0 0 1 0 0 71 0 0 15 0 0 0 1
"66" 66 0.0 0 0 0 0 0 0 0 0 70 0 19 0 0 0 0 0 0 0 0 0
"67" 67 0.162790697674 0 0 14 0 0 13 0 0 16 0 12 0 0 3 3 0 0 28 0 0
"68" 68 0.139534883721 0 2 1 9 5 1 0 0 0 2 14 1 0 39 4 9 0 1 0 1
"69" 69 0.0 0 0 0 0 0 0 0 0 0 0 0 0 0 0 0 0 89 0 0 0
"70" 70 0.171532846715 0 0 0 0 0 0 0 0 0 0 0 0 0 0 89 0 0 0 0 0
"71" 71 0.620437956204 0 3 0 1 4 11 11 0 1 0 3 0 0 14 32 1 1 5 0 2
"72" 72 0.0384615384615 0 0 0 0 0 0 0 0 0 0 0 89 0 0 0 0 0 0 0 0
"73" 73 0.0077519379845 0 0 0 0 0 0 0 0 0 0 89 0 0 0 0 0 0 0 0 0
"74" 74 0.51572327044 0 0 0 0 0 0 0 89 0 0 0 0 0 0 0 0 0 0 0 0
"75" 75 0.538461538462 0 20 1 30 7 2 1 0 2 1 0 4 4 2 1 0 0 10 3 1
"76" 76 0.0316455696203 89 0 0 0 0 0 0 0 0 0 0 0 0 0 0 0 0 0 0 0
"77" 77 0.0298507462687 0 0 0 0 0 0 0 0 0 5 0 0 0 80 0 4 0 0 0 0
"78" 78 0.0 0 0 0 0 0 0 0 0 0 0 0 0 0 89 0 0 0 0 0 0
"79" 79 0.0348258706468 0 0 0 0 1 0 61 0 0 0 0 0 0 1 0 0 25 0 0 1
"80" 80 0.0 0 0 16 0 0 0 0 0 0 0 72 0 0 0 0 0 1 0 0 0
"81" 81 0.020725388601 0 87 1 0 0 0 0 0 0 0 1 0 0 0 0 0 0 0 0 0
"82" 82 0.0 0 0 0 0 0 0 0 0 0 0 0 0 0 89 0 0 0 0 0 0
"83" 83 0.0062893081761 0 0 0 0 0 0 0 89 0 0 0 0 0 0 0 0 0 0 0 0
"84" 84 0.380753138075 0 0 1 1 1 33 0 0 3 6 11 0 1 1 8 3 0 0 20 0
"85" 85 0.545871559633 0 14 0 23 0 0 0 0 0 1 1 43 0 3 3 0 0 0 0 1
"86" 86 0.031007751938 0 0 0 0 0 0 0 0 0 0 89 0 0 0 0 0 0 0 0 0
"87" 87 0.041825095057 0 0 0 0 0 0 0 0 0 0 0 0 0 0 0 0 0 0 89 0
"88" 88 0.341085271318 0 2 3 1 17 18 0 0 1 0 14 1 0 4 1 0 0 26 0 1
"89" 89 0.267441860465 0 0 1 0 0 4 0 0 16 12 2 0 1 3 8 0 0 4 36 2
"90" 90 0.0943396226415 0 0 1 0 0 0 0 88 0 0 0 0 0 0 0 0 0 0 0 0
"91" 91 0.544642857143 0 27 3 8 7 2 2 0 8 0 7 1 0 1 4 0 3 15 0 1
"92" 92 0.408071748879 0 10 0 2 4 31 0 0 0 0 4 0 0 27 2 1 0 5 2 1
"93" 93 0.0 0 0 1 0 0 0 0 0 0 0 88 0 0 0 0 0 0 0 0 0
"94" 94 0.192468619247 0 0 1 0 4 11 1 0 1 2 4 0 2 9 14 4 0 28 6 2
"95" 95 0.540178571429 0 5 3 7 6 9 11 0 5 0 5 1 1 2 2 0 10 19 0 3
"96" 96 0.174358974359 0 0 0 89 0 0 0 0 0 0 0 0 0 0 0 0 0 0 0 0
"97" 97 0.0 0 0 0 0 0 0 0 0 0 0 89 0 0 0 0 0 0 0 0 0
"98" 98 0.162790697674 0 1 3 0 2 29 0 0 2 0 31 1 0 3 13 0 0 4 0 0
"99" 99 0.267441860465 0 0 0 1 3 7 35 0 13 0 6 0 1 4 8 0 0 7 0 4
"100" 100 0.0 0 0 1 0 0 0 0 0 9 0 1 0 0 0 0 0 78 0 0 0
"101" 101 0.197247706422 0 0 0 0 2 1 2 0 0 0 3 0 0 0 0 0 1 0 0 80
"102" 102 0.689781021898 0 29 3 5 3 10 0 0 0 0 8 1 0 11 3 0 0 14 0 2
"103" 103 0.217054263566 0 0 0 0 0 0 0 0 0 0 89 0 0 0 0 0 0 0 0 0
"104" 104 0.134615384615 0 0 0 0 0 0 0 0 0 0 0 89 0 0 0 0 0 0 0 0
"105" 105 0.0387596899225 0 0 1 0 0 0 0 0 0 0 87 1 0 0 0 0 0 0 0 0
"106" 106 0.302564102564 0 88 0 1 0 0 0 0 0 0 0 0 0 0 0 0 0 0 0 0
"107" 107 0.0137614678899 0 0 1 0 0 0 0 0 0 0 32 0 0 0 0 0 0 0 0 56
"108" 108 0.0 0 0 0 0 0 0 1 0 2 0 0 0 0 0 0 0 86 0 0 0
"109" 109 0.0295358649789 0 0 0 0 10 48 0 0 0 0 0 0 0 0 30 0 0 0 0 1
"110" 110 0.010152284264 0 0 0 0 0 0 71 0 1 0 0 0 0 0 0 0 17 0 0 0
"111" 111 0.0357142857143 0 0 0 0 64 0 1 0 0 0 0 0 0 0 0 0 0 24 0 0
"112" 112 0.115384615385 0 0 0 0 0 0 0 0 0 0 0 89 0 0 0 0 0 0 0 0
"113" 113 0.0769230769231 0 0 0 0 0 0 0 0 0 0 0 89 0 0 0 0 0 0 0 0
"114" 114 0.495535714286 0 0 20 0 2 11 0 0 6 0 37 6 1 0 1 0 0 4 1 0
"115" 115 0.556737588652 0 0 0 1 0 0 0 0 0 0 1 0 0 0 0 47 0 40 0 0
"116" 116 0.00497512437811 0 0 0 0 0 0 0 0 0 0 0 0 0 89 0 0 0 0 0 0
"117" 117 0.195402298851 0 1 0 0 1 0 0 0 0 0 37 1 0 0 9 0 6 4 0 30
"118" 118 0.513392857143 0 5 1 2 3 9 5 3 11 0 0 0 0 9 0 0 6 35 0 0
"119" 119 0.0348837209302 0 0 0 0 1 0 87 0 0 0 1 0 0 0 0 0 0 0 0 0
"120" 120 0.00574712643678 0 0 0 0 0 0 0 0 0 0 0 0 0 0 0 0 89 0 0 0
"121" 121 0.421524663677 0 0 0 0 8 54 3 0 0 0 2 0 0 1 3 0 0 13 0 5
"122" 122 0.178899082569 0 1 0 3 3 7 2 0 0 0 1 0 2 2 8 0 0 59 0 1
"123" 123 0.0 0 0 0 0 0 0 0 0 0 0 0 0 0 88 0 0 0 0 0 1
"124" 124 0.261627906977 0 0 5 0 9 2 0 0 4 0 36 1 0 4 1 1 0 13 4 9
"125" 125 0.633928571429 0 2 1 2 4 56 1 0 3 0 5 1 0 2 2 3 0 5 2 0
"126" 126 0.419708029197 0 8 0 15 19 1 0 0 1 1 0 1 1 1 33 0 0 1 6 1
"127" 127 0.643410852713 0 2 0 39 1 3 0 0 0 0 0 42 0 0 1 0 0 1 0 0
"128" 128 0.0804597701149 0 0 0 0 0 0 86 0 0 1 0 0 0 0 0 0 2 0 0 0
"129" 129 0.182389937107 0 0 0 0 0 0 0 89 0 0 0 0 0 0 0 0 0 0 0 0
"130" 130 0.0 0 0 0 0 0 0 0 0 0 0 0 0 0 0 0 0 89 0 0 0
"131" 131 0.0 89 0 0 0 0 0 0 0 0 0 0 0 0 0 0 0 0 0 0 0
"132" 132 0.0192307692308 0 0 0 0 0 0 0 0 0 0 0 89 0 0 0 0 0 0 0 0
"133" 133 0.0239234449761 0 0 0 0 0 0 0 0 0 0 0 0 89 0 0 0 0 0 0 0
"134" 134 0.0199004975124 0 0 0 0 0 0 0 0 0 0 0 0 0 89 0 0 0 0 0 0
"135" 135 0.0673076923077 0 0 0 0 0 0 0 0 0 0 0 89 0 0 0 0 0 0 0 0
"136" 136 0.0348258706468 0 1 0 1 1 0 0 0 0 0 0 0 0 86 0 0 0 0 0 0
"137" 137 0.0697674418605 0 0 0 30 1 0 0 0 3 0 7 1 0 0 26 0 0 9 0 12
"138" 138 0.100628930818 0 0 0 0 0 1 0 88 0 0 0 0 0 0 0 0 0 0 0 0
"139" 139 0.0627802690583 0 0 0 0 89 0 0 0 0 0 0 0 0 0 0 0 0 0 0 0
"140" 140 0.291390728477 0 37 1 14 8 5 0 0 0 0 0 0 8 1 7 0 0 4 1 3
"141" 141 0.0804597701149 0 0 9 0 1 47 2 0 4 0 9 1 3 0 3 0 4 6 0 0
"142" 142 0.610256410256 0 30 11 10 1 6 0 0 1 0 1 3 0 2 10 0 0 14 0 0
"143" 143 0.705583756345 0 9 1 10 3 21 3 0 1 0 2 0 0 3 7 0 8 18 0 3
"144" 144 0.225941422594 0 1 0 5 1 0 0 0 1 53 1 0 4 11 0 0 0 1 7 4
"145" 145 0.538461538462 0 0 0 0 0 0 0 0 0 0 0 89 0 0 0 0 0 0 0 0
"146" 146 0.153846153846 0 0 0 0 0 0 0 0 0 0 0 89 0 0 0 0 0 0 0 0
"147" 147 0.399239543726 0 0 2 5 1 1 0 0 0 3 3 0 0 48 0 0 0 22 3 1
"148" 148 0.464135021097 0 0 0 1 10 8 0 0 3 15 0 1 4 12 0 1 0 1 33 0
"149" 149 0.183908045977 0 0 0 0 0 0 0 1 15 0 0 0 0 0 0 0 73 0 0 0
"150" 150 0.224215246637 0 0 0 0 89 0 0 0 0 0 0 0 0 0 0 0 0 0 0 0
"151" 151 0.0865384615385 0 0 0 0 0 0 0 0 0 0 0 89 0 0 0 0 0 0 0 0
"152" 152 0.492700729927 0 0 6 0 2 3 3 0 0 0 0 0 1 0 70 0 4 0 0 0
"153" 153 0.471153846154 0 0 0 0 0 0 0 0 0 0 0 89 0 0 0 0 0 0 0 0
"154" 154 0.611398963731 0 34 4 5 5 7 0 0 6 0 9 0 0 1 5 0 3 8 1 1
"155" 155 0.75 0 17 2 1 4 10 7 0 12 0 3 0 0 6 0 0 2 20 4 1
"156" 156 0.317829457364 0 0 0 58 10 8 0 0 0 0 6 0 0 0 2 0 0 4 0 1
"157" 157 0.0288461538462 0 0 2 0 0 2 0 0 0 0 80 4 0 0 1 0 0 0 0 0
"158" 158 0.414507772021 0 25 1 5 4 16 0 0 2 0 4 3 0 14 3 0 0 10 0 2
"159" 159 0.42600896861 0 0 0 0 34 8 0 0 5 0 2 0 0 1 5 0 0 6 0 28
"160" 160 0.109452736318 0 0 0 0 0 0 2 0 0 6 0 0 0 70 0 0 0 2 9 0
"161" 161 0.144278606965 0 0 0 0 0 2 0 0 1 2 4 0 0 75 5 0 0 0 0 0
"162" 162 0.364238410596 0 0 4 13 17 12 0 0 10 0 12 2 2 1 1 2 0 8 2 3
"163" 163 0.0880829015544 0 27 0 4 1 0 0 0 0 8 0 0 0 0 0 22 0 0 27 0
"164" 164 0.0077519379845 0 0 0 0 0 0 0 0 0 0 89 0 0 0 0 0 0 0 0 0
"165" 165 0.348258706468 0 0 1 0 5 2 3 0 1 0 4 0 0 54 2 0 3 5 0 9
"166" 166 0.116279069767 0 19 4 4 7 2 0 0 8 1 37 1 0 0 2 0 0 2 1 1
"167" 167 0.0149253731343 0 0 0 0 0 0 0 0 0 0 0 0 0 89 0 0 0 0 0 0
"168" 168 0.191964285714 0 0 0 0 2 0 0 0 0 0 0 0 0 0 0 0 0 86 0 1
"169" 169 0.674418604651 0 3 1 10 5 27 0 0 1 0 13 0 0 10 3 1 1 7 0 7
"170" 170 0.046511627907 0 0 1 0 0 0 0 0 0 0 88 0 0 0 0 0 0 0 0 0
"171" 171 0.259615384615 0 0 0 0 0 0 0 0 0 0 0 89 0 0 0 0 0 0 0 0
"172" 172 0.031007751938 0 0 1 0 0 0 0 0 0 0 88 0 0 0 0 0 0 0 0 0
"173" 173 0.313901345291 0 0 0 1 54 3 0 0 0 3 1 0 1 12 9 0 0 3 1 1
"174" 174 0.0 0 0 0 0 0 0 0 0 0 0 0 0 0 88 0 0 0 0 0 1
"175" 175 0.0149253731343 0 0 0 0 0 0 0 0 0 0 0 0 0 89 0 0 0 0 0 0
"176" 176 0.0229885057471 0 0 0 0 0 0 0 0 4 0 0 0 25 0 0 0 60 0 0 0
"177" 177 0.0 0 0 0 0 0 0 0 0 0 0 0 0 0 89 0 0 0 0 0 0
"178" 178 0.120535714286 0 0 0 1 37 0 0 0 4 0 0 0 0 0 0 0 0 46 0 1
"179" 179 0.0316455696203 89 0 0 0 0 0 0 0 0 0 0 0 0 0 0 0 0 0 0 0
"180" 180 0.0 0 0 0 0 0 0 0 0 0 0 0 0 0 0 0 0 89 0 0 0
"181" 181 0.0566037735849 0 0 0 0 0 0 0 89 0 0 0 0 0 0 0 0 0 0 0 0
"182" 182 0.0919540229885 0 0 0 0 2 4 4 0 5 0 3 0 0 0 8 0 50 12 0 1
"183" 183 0.441964285714 0 20 3 9 2 6 1 0 8 0 12 1 0 5 9 0 4 9 0 0
"184" 184 0.0497512437811 0 0 0 0 0 0 0 0 0 0 0 0 0 89 0 0 0 0 0 0
"185" 185 0.0 0 0 0 0 0 0 0 0 0 0 89 0 0 0 0 0 0 0 0 0
"186" 186 0.430379746835 0 0 1 1 2 24 0 0 0 0 11 0 0 14 10 7 0 15 3 1
"187" 187 0.357664233577 0 5 0 4 11 26 0 0 0 0 8 0 0 7 23 3 0 2 0 0
"188" 188 0.0 0 0 0 0 0 0 89 0 0 0 0 0 0 0 0 0 0 0 0 0
"189" 189 0.0639534883721 0 0 0 0 10 0 0 0 3 0 37 0 0 0 39 0 0 0 0 0
"190" 190 0.607142857143 0 2 0 6 4 9 2 0 0 0 2 1 0 8 11 0 2 40 0 2
"191" 191 0.364341085271 0 0 5 1 13 7 0 0 3 0 42 3 0 2 3 0 0 4 0 6
"192" 192 0.0298507462687 0 0 0 0 0 0 0 0 0 0 0 0 0 89 0 0 0 0 0 0
"193" 193 0.496124031008 0 2 43 3 5 4 0 0 28 0 1 0 0 0 0 0 0 1 0 2
"194" 194 0.0812182741117 0 0 0 0 0 0 84 0 0 0 0 0 0 0 1 0 4 0 0 0
"195" 195 0.0 0 0 0 0 0 0 0 89 0 0 0 0 0 0 0 0 0 0 0 0
"196" 196 0.0 0 0 0 0 0 0 0 0 0 0 0 0 0 0 0 0 89 0 0 0
"197" 197 0.0152284263959 0 0 0 0 0 0 79 0 0 0 0 0 0 0 0 0 10 0 0 0
"198" 198 0.0 0 0 0 0 0 0 0 0 0 0 0 89 0 0 0 0 0 0 0 0
"199" 199 0.0710659898477 0 0 1 0 0 4 4 0 1 0 1 0 4 0 0 0 1 5 0 68
"200" 200 0.0288461538462 0 0 0 0 0 0 0 0 0 0 0 89 0 0 0 0 0 0 0 0
"201" 201 0.0 0 0 0 0 0 0 0 0 0 0 88 1 0 0 0 0 0 0 0 0
"202" 202 0.0 0 0 0 0 0 0 0 0 0 0 0 89 0 0 0 0 0 0 0 0
"203" 203 0.282051282051 0 2 0 87 0 0 0 0 0 0 0 0 0 0 0 0 0 0 0 0
"204" 204 0.235632183908 0 2 2 0 19 11 0 0 1 0 1 0 0 0 1 0 51 1 0 0
"205" 205 0.0116279069767 0 0 2 0 0 0 0 0 85 0 1 1 0 0 0 0 0 0 0 0
"206" 206 0.0880829015544 0 89 0 0 0 0 0 0 0 0 0 0 0 0 0 0 0 0 0 0
"207" 207 0.0 0 0 0 0 0 0 0 0 0 0 0 89 0 0 0 0 0 0 0 0
"208" 208 0.0134529147982 0 0 2 0 86 0 0 0 0 0 1 0 0 0 0 0 0 0 0 0
"209" 209 0.0659898477157 0 0 0 0 0 0 0 0 0 14 0 0 0 54 0 2 0 15 0 4
"210" 210 0.00497512437811 0 0 0 0 0 0 0 0 1 0 0 0 0 26 0 0 1 0 0 61
"211" 211 0.120689655172 0 18 0 1 0 0 14 0 2 0 0 0 0 0 0 0 54 0 0 0
"212" 212 0.0 0 0 9 0 0 0 0 0 0 0 76 0 0 0 0 0 2 2 0 0
"213" 213 0.129186602871 0 0 1 1 0 0 0 0 0 47 1 0 3 0 0 8 0 0 28 0
"214" 214 0.0880829015544 0 19 0 13 26 0 0 0 4 0 8 0 3 1 1 4 0 9 1 0
"215" 215 0.0077519379845 0 0 0 0 0 0 0 0 2 0 87 0 0 0 0 0 0 0 0 0
"216" 216 0.0418410041841 0 0 0 0 0 0 0 0 0 83 0 0 0 6 0 0 0 0 0 0
"217" 217 0.307692307692 0 0 0 0 0 0 0 0 0 0 0 89 0 0 0 0 0 0 0 0
"218" 218 0.446700507614 0 0 0 0 0 0 1 0 0 0 1 0 0 5 9 71 0 2 0 0
"219" 219 0.313953488372 0 0 21 1 0 1 0 0 3 11 17 1 5 0 0 0 0 1 28 0
"220" 220 0.625 0 0 23 0 7 2 0 12 31 0 2 5 0 2 1 0 1 2 0 1
"221" 221 0.673076923077 0 0 0 0 0 0 0 0 0 0 0 89 0 0 0 0 0 0 0 0
"222" 222 0.928229665072 0 0 3 2 12 9 18 0 9 0 1 0 0 2 1 0 23 6 1 2
"223" 223 0.253807106599 0 0 7 0 0 0 27 12 15 0 5 0 0 1 10 0 9 0 2 1
"224" 224 0.295597484277 0 0 0 0 0 0 0 88 0 0 1 0 0 0 0 0 0 0 0 0
"225" 225 0.476793248945 0 1 0 0 0 47 1 33 1 0 1 0 0 1 3 0 1 0 0 0
"226" 226 0.108786610879 0 0 0 0 4 0 0 0 0 16 0 0 1 0 0 38 0 6 24 0
"227" 227 0.0387596899225 0 0 0 0 0 0 0 0 0 0 89 0 0 0 0 0 0 0 0 0
"228" 228 0.143459915612 0 0 0 0 0 88 0 0 0 0 0 0 0 0 0 0 0 1 0 0
"229" 229 0.25641025641 0 82 0 6 0 0 1 0 0 0 0 0 0 0 0 0 0 0 0 0
"230" 230 0.00418410041841 0 0 0 0 0 0 0 0 0 89 0 0 0 0 0 0 0 0 0 0
"231" 231 0.218905472637 0 0 0 0 0 1 0 0 0 14 0 0 4 35 6 0 0 0 29 0
"232" 232 0.612403100775 0 0 48 0 4 4 0 0 14 0 10 5 0 1 1 0 1 1 0 0
"233" 233 0.651785714286 0 7 5 19 18 2 0 0 3 0 2 3 0 19 1 0 0 8 0 2
"234" 234 0.174418604651 0 0 1 0 1 0 0 0 87 0 0 0 0 0 0 0 0 0 0 0
"235" 235 0.663461538462 0 0 0 0 0 0 0 0 0 0 0 89 0 0 0 0 0 0 0 0
"236" 236 0.419689119171 0 6 4 8 7 2 4 0 31 0 0 1 0 2 7 0 3 11 3 0
"237" 237 0.269035532995 0 1 0 0 1 1 45 0 3 0 0 0 0 4 1 0 21 9 3 0
"238" 238 0.412408759124 0 2 1 0 2 5 1 14 0 0 3 1 0 0 59 0 0 1 0 0
"239" 239 0.116279069767 0 10 0 2 5 9 0 0 0 0 43 0 0 3 3 0 0 14 0 0
"240" 240 0.0 0 0 0 0 0 0 0 0 0 0 89 0 0 0 0 0 0 0 0 0
"241" 241 0.00574712643678 0 0 0 0 0 0 0 0 0 0 1 0 0 0 0 0 88 0 0 0
"242" 242 0.441605839416 0 0 0 3 8 9 0 0 0 0 3 0 0 8 53 1 1 1 0 2
"243" 243 0.22869955157 0 0 0 0 87 0 0 0 1 0 1 0 0 0 0 0 0 0 0 0
"244" 244 0.0114068441065 0 0 0 0 0 0 0 0 0 54 2 0 0 0 0 0 0 0 31 2
"245" 245 0.229357798165 0 0 0 0 1 1 2 0 0 0 1 0 0 0 8 0 7 0 0 69
"246" 246 0.46511627907 0 0 1 0 2 16 0 0 1 1 11 0 2 7 6 2 0 38 2 0
"247" 247 0.142857142857 0 0 0 0 0 0 0 0 0 0 0 0 0 0 0 0 0 89 0 0
"248" 248 0.00574712643678 0 0 0 0 0 0 0 0 1 0 0 0 0 0 0 0 88 0 0 0
"249" 249 0.504464285714 0 0 1 0 14 26 9 0 1 0 10 0 0 1 4 0 2 17 0 4
"250" 250 0.483443708609 0 2 3 1 10 37 0 0 0 0 2 0 0 8 2 0 0 21 0 3
"251" 251 0.0961538461538 0 0 0 0 0 0 0 0 0 0 0 89 0 0 0 0 0 0 0 0
"252" 252 0.505747126437 0 11 1 5 3 16 10 0 4 0 5 1 0 17 5 0 6 3 0 2
"253" 253 0.0114068441065 0 0 0 0 0 0 0 0 0 64 0 0 0 0 0 0 0 0 25 0
"254" 254 0.0188679245283 0 0 0 0 0 0 0 89 0 0 0 0 0 0 0 0 0 0 0 0
"255" 255 0.182692307692 0 0 31 0 0 0 0 0 0 0 0 58 0 0 0 0 0 0 0 0
"256" 256 0.584821428571 0 25 2 5 8 7 0 0 3 1 13 1 1 2 2 1 1 17 0 0
"257" 257 0.669642857143 0 4 12 5 9 7 1 0 2 0 4 1 0 1 0 0 0 42 1 0
"258" 258 0.0717703349282 0 0 0 0 0 0 0 0 0 0 0 0 89 0 0 0 0 0 0 0
"259" 259 0.0331125827815 0 0 28 0 0 0 0 0 0 0 50 11 0 0 0 0 0 0 0 0
"260" 260 0.112970711297 0 0 0 0 0 0 0 0 0 84 0 0 2 0 0 2 0 0 1 0
"261" 261 0.535885167464 0 2 2 1 1 4 1 0 1 9 5 8 5 4 1 13 1 9 22 0
