"site" "RSA" "aa1" "aa2" "aa3" "aa4" "aa5" "aa6" "aa7" "aa8" "aa9" "aa10" "aa11" "aa12" "aa13" "aa14" "aa15" "aa16" "aa17" "aa18" "aa19" "aa20"
"0" 0 0.459770114943 0 0 0 0 0 0 8 0 0 0 0 0 0 11 0 0 22 0 0 13
"1" 1 0.219730941704 0 0 2 2 3 55 0 0 1 0 0 0 0 0 4 0 0 2 0 0
"2" 2 0.0 0 0 0 0 0 0 0 0 0 0 67 4 0 0 0 0 0 0 0 0
"3" 3 0.218390804598 0 0 1 0 1 0 18 0 0 0 0 0 0 1 0 0 50 0 0 0
"4" 4 0.0 39 0 1 0 0 0 0 0 2 0 27 0 0 0 0 0 2 0 0 0
"5" 5 0.396551724138 2 0 0 0 0 0 6 0 0 0 0 0 0 4 0 0 56 0 2 1
"6" 6 0.0 0 0 0 0 0 0 11 1 0 1 0 0 0 53 0 0 4 0 0 2
"7" 7 0.590717299578 0 2 11 10 4 18 2 0 4 0 6 2 0 0 10 0 2 2 0 0
"8" 8 0.375 0 0 6 0 1 0 0 1 1 0 0 64 0 0 0 0 0 0 0 0
"9" 9 0.922279792746 0 28 8 5 0 0 0 2 4 0 2 2 0 0 0 0 0 5 0 0
"10" 10 0.503875968992 0 9 13 2 0 0 0 2 3 0 8 9 0 0 0 0 2 15 0 0
"11" 11 0.576923076923 0 4 2 11 1 3 0 6 5 0 6 9 0 0 0 0 5 4 0 0
"12" 12 0.0574712643678 0 0 0 0 0 0 2 0 0 0 5 0 0 0 0 0 68 0 0 0
"13" 13 0.397350993377 0 1 14 3 5 28 0 0 12 0 1 0 3 0 5 0 0 3 1 0
"14" 14 0.144230769231 0 0 0 0 0 0 0 0 0 0 0 78 0 0 0 0 0 0 0 0
"15" 15 0.35632183908 1 0 4 5 4 2 10 0 31 1 0 0 1 0 1 0 18 0 0 0
"16" 16 0.0 0 0 0 0 0 0 34 0 0 0 1 0 0 8 0 0 35 0 0 0
"17" 17 0.261603375527 0 2 3 4 5 3 6 0 12 10 1 0 10 1 6 1 1 1 12 0
"18" 18 0.00418410041841 0 0 0 0 0 0 2 0 0 73 0 0 0 4 0 0 0 0 0 0
"19" 19 0.446428571429 0 1 12 1 4 9 4 0 15 1 0 0 0 3 0 0 6 22 1 0
"20" 20 0.0 0 0 0 0 75 0 0 0 0 0 0 0 1 0 1 0 0 1 0 0
"21" 21 0.589147286822 0 10 4 8 8 0 1 3 4 0 7 2 0 0 0 0 1 29 1 0
"22" 22 0.35761589404 0 12 16 6 1 7 1 2 4 0 6 17 2 0 2 0 2 1 0 0
"23" 23 0.410714285714 3 13 9 6 0 1 2 12 2 0 6 4 0 0 1 0 2 18 0 0
"24" 24 0.695364238411 0 8 11 6 1 4 0 0 7 1 2 29 1 0 0 0 0 2 0 0
"25" 25 0.258928571429 0 9 15 0 3 1 0 0 2 1 11 9 4 1 1 0 0 4 0 1
"26" 26 0.308176100629 1 1 1 2 0 3 0 47 2 0 7 0 0 7 0 0 2 1 2 0
"27" 27 0.0 2 0 0 0 0 0 1 0 29 0 1 0 0 6 0 0 40 0 0 0
"28" 28 0.151162790698 0 0 5 1 2 17 4 0 25 1 0 0 11 0 3 0 5 3 2 0
"29" 29 0.0 0 0 0 0 0 0 27 0 0 0 0 0 0 6 0 0 45 0 0 1
"30" 30 0.298013245033 0 1 19 7 1 3 0 0 33 1 1 0 2 0 3 0 1 5 1 1
"31" 31 0.12927756654 0 0 0 0 0 0 1 0 0 0 2 63 0 0 0 4 5 0 3 0
"32" 32 0.446428571429 0 3 10 4 4 9 0 0 8 3 0 1 1 0 5 0 2 24 5 0
"33" 33 0.00507614213198 0 0 0 0 0 0 42 0 0 2 0 0 0 13 0 0 22 0 0 0
"34" 34 0.317829457364 0 0 19 2 0 12 1 0 28 0 3 0 1 3 2 0 1 4 1 2
"35" 35 0.413461538462 0 0 0 11 0 0 0 0 0 0 0 68 0 0 0 0 0 0 0 0
"36" 36 0.102564102564 1 0 1 4 0 0 0 0 0 0 0 0 1 70 0 0 1 0 0 1
"37" 37 0.377483443709 0 9 10 2 3 13 1 8 25 0 7 0 0 0 0 0 0 1 0 0
"38" 38 0.465408805031 0 0 0 0 0 0 0 6 0 0 6 0 0 0 0 0 0 0 0 0
"39" 39 0.594871794872 0 3 0 11 3 9 0 37 0 0 2 2 0 0 4 0 0 8 0 0
"40" 40 0.170542635659 0 0 3 0 0 0 0 0 1 0 7 69 0 0 0 0 0 0 0 0
"41" 41 0.330357142857 0 3 0 3 2 24 0 1 0 2 0 0 1 37 2 0 0 5 0 0
"42" 42 0.153284671533 0 0 0 0 0 0 0 0 0 0 0 0 69 0 10 0 0 0 1 0
"43" 43 0.0 0 0 0 0 0 0 0 0 0 0 1 79 0 0 0 0 0 0 0 0
"44" 44 0.0 0 0 0 0 0 0 1 0 0 76 0 0 0 0 0 0 1 0 0 1
"45" 45 0.0 0 0 0 0 0 0 0 0 0 0 0 0 80 0 0 0 0 0 0 0
"46" 46 0.0 0 0 0 0 0 0 33 0 0 0 0 0 0 2 0 0 45 0 0 0
"47" 47 0.0 1 0 0 0 0 0 0 0 0 0 0 0 79 0 0 0 0 0 0 0
"48" 48 0.321428571429 0 1 3 0 15 0 0 0 2 0 10 0 0 0 0 0 2 47 0 0
"49" 49 0.393305439331 0 0 0 0 0 6 0 0 0 51 1 0 0 8 2 1 0 0 10 1
"50" 50 0.298076923077 0 0 0 0 0 0 0 0 0 0 0 80 0 0 0 0 0 0 0 0
"51" 51 0.341968911917 0 78 0 1 0 0 1 0 0 0 0 0 0 0 0 0 0 0 0 0
"52" 52 0.53488372093 0 0 1 32 0 1 1 0 28 0 2 0 0 12 1 0 1 0 1 0
"53" 53 0.720930232558 0 0 20 0 0 0 0 0 57 0 2 1 0 0 0 0 0 0 0 0
"54" 54 0.54358974359 0 2 0 70 4 0 0 0 0 0 0 3 0 0 0 0 0 0 0 1
"55" 55 0.480769230769 0 0 0 0 0 0 0 0 0 0 1 79 0 0 0 0 0 0 0 0
"56" 56 0.0886075949367 80 0 0 0 0 0 0 0 0 0 0 0 0 0 0 0 0 0 0 0
"57" 57 0.563218390805 0 0 0 4 0 0 9 0 38 0 3 2 0 9 0 0 5 0 0 10
"58" 58 0.145695364238 0 0 77 0 0 0 0 0 1 0 2 0 0 0 0 0 0 0 0 0
"59" 59 0.0077519379845 0 0 2 0 0 0 0 0 19 0 58 0 0 0 0 0 0 0 0 1
"60" 60 0.153846153846 0 0 0 0 0 0 0 0 0 0 1 78 0 0 0 0 0 0 0 0
"61" 61 0.465408805031 0 0 7 0 0 0 0 38 1 0 21 5 0 0 0 0 0 8 0 0
"62" 62 0.0478468899522 0 0 0 0 0 0 0 0 0 0 0 0 80 0 0 0 0 0 0 0
"63" 63 0.0376569037657 0 0 0 0 0 0 0 0 0 70 0 0 0 1 0 0 0 0 9 0
"64" 64 0.230769230769 0 0 0 80 0 0 0 0 0 0 0 0 0 0 0 0 0 0 0 0
"65" 65 0.327044025157 0 0 0 0 0 0 0 80 0 0 0 0 0 0 0 0 0 0 0 0
"66" 66 0.523012552301 0 6 2 3 1 2 0 1 8 23 2 0 10 11 0 1 1 4 5 0
"67" 67 0.784810126582 0 0 3 21 2 20 0 0 0 0 1 27 3 0 1 0 0 2 0 0
"68" 68 0.37552742616 1 0 1 1 8 52 0 0 2 0 0 0 0 4 3 0 4 0 0 4
"69" 69 0.348837209302 0 13 1 12 2 2 1 1 24 0 1 0 2 0 1 0 2 16 0 2
"70" 70 0.0191387559809 0 0 0 0 0 0 0 0 0 0 0 0 80 0 0 0 0 0 0 0
"71" 71 0.00961538461538 0 0 0 0 0 0 0 0 0 0 1 79 0 0 0 0 0 0 0 0
"72" 72 0.062015503876 0 2 4 0 0 0 0 1 0 0 48 23 1 0 1 0 0 0 0 0
"73" 73 0.276729559748 0 0 0 0 0 0 0 77 0 0 0 0 0 1 2 0 0 0 0 0
"74" 74 0.78488372093 3 10 7 12 4 1 0 0 13 2 0 6 0 3 1 0 0 18 0 0
"75" 75 0.305699481865 0 59 6 1 0 0 0 0 0 0 10 0 3 0 0 0 0 1 0 0
"76" 76 0.763392857143 0 8 4 3 2 1 2 2 6 0 17 0 0 0 0 0 1 34 0 0
"77" 77 0.373563218391 0 2 1 16 0 1 11 0 4 0 1 0 0 0 0 0 22 21 0 1
"78" 78 0.0547445255474 0 0 0 0 0 1 0 0 0 0 0 0 0 0 79 0 0 0 0 0
"79" 79 0.0478468899522 0 0 0 0 0 0 0 0 0 0 0 0 80 0 0 0 0 0 0 0
"80" 80 0.0172413793103 0 0 0 0 0 0 2 0 0 0 18 0 0 4 1 0 54 0 1 0
"81" 81 0.0 0 0 0 0 0 0 0 0 0 0 0 80 0 0 0 0 0 0 0 0
"82" 82 0.0 0 80 0 0 0 0 0 0 0 0 0 0 0 0 0 0 0 0 0 0
"83" 83 0.045871559633 0 0 0 0 0 0 0 0 0 0 0 0 0 75 0 0 0 0 0 5
"84" 84 0.0288461538462 0 0 0 0 0 0 0 0 0 0 0 78 0 0 1 0 0 0 0 0
"85" 85 0.169230769231 0 0 0 79 0 0 0 0 0 0 0 0 0 0 0 0 0 0 0 0
"86" 86 0.0114942528736 0 0 0 0 0 0 43 0 0 1 0 0 0 1 0 0 33 0 1 0
"87" 87 0.649789029536 0 2 1 1 3 6 6 0 12 0 0 0 0 3 2 0 17 24 1 1
"88" 88 0.046511627907 0 0 6 0 0 0 0 0 13 1 56 0 0 0 0 0 3 0 0 0
"89" 89 0.300518134715 0 19 3 15 0 4 1 3 0 0 3 26 0 0 0 0 0 2 0 0
"90" 90 0.607142857143 2 5 12 1 2 8 0 0 0 1 22 11 1 0 0 0 0 13 0 0
"91" 91 0.676923076923 0 30 7 20 7 0 0 0 4 0 0 4 0 0 1 0 0 6 0 0
"92" 92 0.0 1 0 5 0 0 2 0 0 0 0 3 65 1 0 0 0 1 0 0 0
"93" 93 0.235632183908 0 2 0 5 0 3 5 1 6 0 1 0 0 7 0 0 45 3 1 0
"94" 94 0.0 0 0 3 0 0 0 1 0 14 0 54 1 0 0 0 0 6 0 0 0
"95" 95 0.637130801688 0 5 4 5 2 21 3 2 6 0 4 0 5 0 3 0 3 15 1 0
"96" 96 0.259615384615 1 0 0 0 0 0 27 0 2 7 1 7 0 3 1 0 30 0 0 0
"97" 97 0.456953642384 4 16 14 18 2 5 0 0 6 1 2 1 2 3 0 0 1 3 1 0
"98" 98 0.221757322176 0 0 0 0 0 4 47 0 1 7 0 0 0 8 0 0 4 0 4 5
"99" 99 0.594936708861 1 1 14 1 7 10 3 0 27 0 1 0 0 0 2 0 8 5 0 0
"100" 100 0.0621761658031 0 77 2 0 0 0 0 0 0 0 1 0 0 0 0 0 0 0 0 0
"101" 101 0.53642384106 2 3 21 13 3 19 0 4 3 1 2 0 2 2 4 1 0 0 0 0
"102" 102 0.298507462687 0 0 1 1 30 2 6 0 0 2 1 0 5 11 0 0 15 0 0 6
"103" 103 0.0 0 0 0 0 0 0 59 0 0 0 0 0 0 6 0 0 8 0 0 7
"104" 104 0.151898734177 0 1 36 0 9 7 0 13 11 0 1 0 1 0 1 0 0 0 0 0
"105" 105 0.044776119403 0 0 0 0 0 0 0 0 0 0 0 0 0 79 0 0 1 0 0 0
"106" 106 0.238578680203 3 0 16 4 1 3 6 0 21 10 1 1 0 5 0 0 2 1 6 0
"107" 107 0.317307692308 0 0 0 0 0 0 0 0 0 0 0 80 0 0 0 0 0 0 0 0
"108" 108 0.74213836478 0 2 1 1 5 3 0 42 2 1 6 0 0 0 0 0 1 14 1 1
"109" 109 0.122093023256 0 0 1 23 4 1 1 0 2 1 0 0 21 11 4 0 0 2 9 0
"110" 110 0.172185430464 0 0 69 6 0 0 0 0 2 0 0 2 0 1 0 0 0 0 0 0
"111" 111 0.0 1 0 0 0 0 0 58 0 0 0 0 0 0 1 0 0 20 0 0 0
"112" 112 0.252873563218 0 0 0 0 0 0 46 0 0 0 0 0 0 15 0 0 18 0 0 1
"113" 113 0.403846153846 0 0 0 0 0 0 0 0 0 0 0 80 0 0 0 0 0 0 0 0
"114" 114 0.20802919708 0 0 0 0 0 0 0 0 0 0 0 0 0 0 80 0 0 0 0 0
"115" 115 0.0264900662252 2 0 20 0 0 0 0 0 31 0 25 2 0 0 0 0 0 0 0 0
"116" 116 0.0 0 0 0 0 0 0 14 0 0 1 2 0 0 23 0 0 31 0 0 9
"117" 117 0.0 0 0 0 0 0 0 0 0 0 0 0 0 0 0 0 0 80 0 0 0
"118" 118 0.0 0 0 0 0 0 0 10 0 0 0 0 0 0 4 0 0 66 0 0 0
"119" 119 0.0239234449761 0 0 0 0 0 0 0 0 0 0 0 0 80 0 0 0 0 0 0 0
"120" 120 0.333333333333 0 2 3 0 0 0 1 0 3 0 54 1 0 0 0 0 1 15 0 0
"121" 121 0.163461538462 0 39 1 2 4 9 0 0 0 0 1 19 0 4 0 0 0 0 0 1
"122" 122 0.484304932735 1 0 1 0 12 1 1 22 7 0 2 0 0 0 8 0 3 21 0 1
"123" 123 0.0103626943005 0 80 0 0 0 0 0 0 0 0 0 0 0 0 0 0 0 0 0 0
"124" 124 0.238341968912 0 80 0 0 0 0 0 0 0 0 0 0 0 0 0 0 0 0 0 0
"125" 125 0.218905472637 0 0 0 0 0 0 0 0 0 1 0 0 0 77 0 0 0 0 2 0
"126" 126 0.144230769231 0 0 0 0 0 0 0 0 0 0 0 79 0 0 0 0 0 0 0 0
"127" 127 0.561181434599 0 1 0 0 3 42 1 0 0 0 1 0 0 10 19 0 3 0 0 0
"128" 128 0.240384615385 0 1 1 0 0 0 0 0 7 0 0 70 0 0 0 0 0 0 0 0
"129" 129 0.896373056995 1 10 0 5 0 2 1 0 2 0 0 56 0 0 1 0 1 1 0 0
"130" 130 0.412790697674 0 4 3 17 1 2 0 0 1 1 1 1 47 0 1 0 1 0 0 0
"131" 131 0.607142857143 0 9 1 2 3 2 0 9 1 0 4 0 0 1 0 0 1 47 0 0
"132" 132 0.316964285714 0 10 0 0 0 0 0 0 0 1 0 0 0 42 0 0 0 25 0 1
"133" 133 0.0 0 0 80 0 0 0 0 0 0 0 0 0 0 0 0 0 0 0 0 0
"134" 134 0.378109452736 0 0 2 0 0 46 0 1 1 0 2 0 0 26 2 0 0 0 0 0
"135" 135 0.455696202532 0 0 11 0 0 26 3 0 37 0 1 0 0 1 1 0 0 0 0 0
"136" 136 0.203488372093 0 0 0 0 0 0 0 0 80 0 0 0 0 0 0 0 0 0 0 0
"137" 137 0.0 0 1 0 0 0 0 0 0 0 0 0 78 0 0 0 0 1 0 0 0
"138" 138 0.379487179487 0 0 0 77 0 0 0 0 0 0 0 0 3 0 0 0 0 0 0 0
"139" 139 0.0 0 0 12 0 0 0 0 0 0 0 68 0 0 0 0 0 0 0 0 0
"140" 140 0.432692307692 0 0 0 0 0 0 0 0 0 0 0 79 0 0 0 0 0 0 0 0
"141" 141 0.591194968553 0 0 8 0 0 0 0 6 0 0 31 34 0 0 0 0 0 0 0 0
"142" 142 0.248175182482 0 0 0 0 0 0 0 0 0 0 0 0 0 0 79 0 0 0 0 0
"143" 143 0.138364779874 0 0 2 0 1 0 12 4 0 0 2 0 0 37 0 1 20 0 0 0
"144" 144 0.0 0 0 1 0 0 0 0 0 0 0 62 14 0 0 1 0 1 0 0 0
"145" 145 0.101265822785 79 0 0 0 0 0 0 0 0 0 0 0 0 0 0 0 0 0 0 0
"146" 146 0.0865384615385 1 0 1 0 0 0 0 0 0 0 0 76 0 0 0 0 0 0 0 0
"147" 147 0.362068965517 0 0 0 0 0 0 21 0 0 0 0 0 0 0 0 0 58 0 0 0
"148" 148 0.00507614213198 0 0 0 0 0 0 69 0 0 0 0 0 0 1 0 0 9 0 0 0
"149" 149 0.278846153846 0 0 0 0 0 0 0 0 0 0 4 73 0 0 0 0 1 0 0 0
"150" 150 0.592039800995 0 0 0 0 0 0 43 0 0 2 0 0 0 22 0 0 8 0 1 0
"151" 151 0.296511627907 2 0 12 1 0 0 0 0 14 0 4 0 0 0 0 0 2 0 0 0
"152" 152 0.917948717949 0 1 2 4 0 0 0 0 0 0 0 0 1 0 0 0 0 0 0 0
