"site" "RSA" "aa1" "aa2" "aa3" "aa4" "aa5" "aa6" "aa7" "aa8" "aa9" "aa10" "aa11" "aa12" "aa13" "aa14" "aa15" "aa16" "aa17" "aa18" "aa19" "aa20"
"0" 0 0.529801324503 0 0 71 0 0 0 0 0 0 0 0 4 0 0 0 0 0 0 0 0
"1" 1 0.147208121827 0 0 0 0 0 0 6 0 0 0 0 0 0 8 0 0 61 0 0 0
"2" 2 0.290697674419 0 0 0 0 0 75 0 0 0 0 0 0 0 0 0 0 0 0 0 0
"3" 3 0.464135021097 0 0 0 0 0 69 0 0 0 0 0 0 0 0 0 0 0 6 0 0
"4" 4 0.0 0 0 8 0 0 0 0 0 67 0 0 0 0 0 0 0 0 0 0 0
"5" 5 0.428571428571 0 20 0 0 0 0 0 0 0 0 0 0 0 0 55 0 0 0 0 0
"6" 6 0.0199004975124 0 0 0 0 0 0 0 0 0 0 0 0 0 75 0 0 0 0 0 0
"7" 7 0.518134715026 0 55 0 0 0 20 0 0 0 0 0 0 0 0 0 0 0 0 0 0
"8" 8 0.653846153846 0 0 0 0 0 0 0 0 0 0 0 75 0 0 0 0 0 0 0 0
"9" 9 0.213197969543 0 0 0 0 0 0 75 0 0 0 0 0 0 0 0 0 0 0 0 0
"10" 10 0.0547263681592 0 0 0 0 0 0 0 0 0 0 0 0 0 75 0 0 0 0 0 0
"11" 11 0.452830188679 0 0 0 0 0 69 0 0 0 0 0 0 0 0 6 0 0 0 0 0
"12" 12 0.378109452736 0 0 0 0 0 0 0 0 0 0 0 0 0 69 6 0 0 0 0 0
"13" 13 0.465517241379 0 0 2 0 0 0 0 0 0 0 0 0 0 32 0 0 2 29 0 10
"14" 14 0.325581395349 0 0 25 0 0 43 0 0 0 0 0 0 0 0 6 0 0 0 0 1
"15" 15 0.321167883212 0 64 0 6 0 0 0 0 0 0 0 0 0 0 0 0 0 0 0 5
"16" 16 0.432692307692 0 0 0 0 0 0 0 0 0 0 0 75 0 0 0 0 0 0 0 0
"17" 17 0.413502109705 0 1 0 0 0 21 0 0 0 0 0 0 0 3 50 0 0 0 0 0
"18" 18 0.137931034483 0 0 0 0 1 0 0 0 0 0 0 0 0 0 4 0 70 0 0 0
"19" 19 0.167883211679 0 0 0 0 0 0 0 0 71 0 0 0 0 0 0 0 2 1 0 1
"20" 20 0.0 0 75 0 0 0 0 0 0 0 0 0 0 0 0 0 0 0 0 0 0
"21" 21 0.131979695431 0 0 0 0 0 0 32 0 0 0 0 0 0 8 1 0 5 28 0 1
"22" 22 0.0342205323194 0 0 0 0 0 0 0 0 0 0 0 0 0 0 0 0 0 0 75 0
"23" 23 0.330357142857 0 0 0 0 0 10 8 0 0 0 0 0 0 17 28 0 6 6 0 0
"24" 24 0.166666666667 0 0 0 0 0 0 5 0 0 0 0 0 0 0 0 0 70 0 0 0
"25" 25 0.424870466321 0 0 23 1 0 0 0 0 51 0 0 0 0 0 0 0 0 0 0 0
"26" 26 0.736434108527 0 2 0 0 0 73 0 0 0 0 0 0 0 0 0 0 0 0 0 0
"27" 27 0.336538461538 0 0 0 0 0 0 0 0 0 0 0 0 7 0 68 0 0 0 0 0
"28" 28 0.104651162791 0 0 0 0 0 1 49 0 0 0 0 0 0 6 0 0 0 0 18 1
"29" 29 0.144278606965 0 0 0 0 0 0 3 0 0 0 0 0 0 27 40 0 1 0 0 4
"30" 30 0.0 0 0 0 0 0 0 0 0 0 0 0 0 0 75 0 0 0 0 0 0
"31" 31 0.100418410042 3 0 1 1 0 0 0 0 0 24 0 0 0 26 0 0 0 20 0 0
"32" 32 0.0 0 0 0 0 0 0 5 0 0 0 0 0 0 0 0 0 70 0 0 0
"33" 33 0.131782945736 0 0 0 73 0 0 0 0 0 0 0 0 0 0 0 0 2 0 0 0
"34" 34 0.0 0 0 0 0 0 0 0 0 75 0 0 0 0 0 0 0 0 0 0 0
"35" 35 0.0 0 75 0 0 0 0 0 0 0 0 0 0 0 0 0 0 0 0 0 0
"36" 36 0.0802919708029 0 0 0 0 0 0 0 0 0 0 0 0 0 0 75 0 0 0 0 0
"37" 37 0.0 6 0 21 0 9 0 10 0 3 0 0 0 1 19 0 0 1 5 0 0
"38" 38 0.112582781457 7 0 1 0 0 1 0 0 0 63 3 0 0 0 0 0 0 0 0 0
"39" 39 0.0387596899225 0 0 3 0 0 0 0 0 0 0 71 0 1 0 0 0 0 0 0 0
"40" 40 0.250950570342 0 0 2 0 0 3 0 0 0 51 0 5 0 0 0 0 0 0 14 0
"41" 41 0.678756476684 0 67 0 1 0 1 0 0 0 0 0 6 0 0 0 0 0 0 0 0
"42" 42 0.103448275862 0 0 0 0 0 0 0 0 0 0 0 0 0 0 73 0 2 0 0 0
"43" 43 0.284263959391 69 0 3 1 0 0 0 0 0 0 0 0 0 0 2 0 0 0 0 0
"44" 44 0.0275229357798 0 0 1 0 0 0 0 0 13 58 0 0 0 0 0 0 0 0 0 3
"45" 45 0.517857142857 0 0 0 0 0 75 0 0 0 0 0 0 0 0 0 0 0 0 0 0
"46" 46 0.164102564103 0 0 0 65 0 0 0 0 10 0 0 0 0 0 0 0 0 0 0 0
"47" 47 0.0331125827815 0 0 0 0 0 0 0 0 71 0 0 0 0 0 0 0 4 0 0 0
"48" 48 0.0 0 0 0 0 0 0 68 0 0 0 0 0 0 7 0 0 0 0 0 0
"49" 49 0.194968553459 0 0 0 0 17 0 0 8 0 0 0 0 0 0 0 0 0 50 0 0
"50" 50 0.245535714286 0 16 0 49 0 0 0 0 0 0 0 1 4 0 4 0 0 0 0 1
"51" 51 0.0 0 0 1 0 1 0 0 0 0 2 24 0 3 44 0 0 0 0 0 0
"52" 52 0.00961538461538 0 0 0 0 0 0 0 0 0 0 0 75 0 0 0 0 0 0 0 0
"53" 53 0.0913705583756 0 0 0 0 0 63 0 0 0 0 0 0 0 0 6 0 0 6 0 0
"54" 54 0.00497512437811 0 0 0 0 0 0 0 0 0 0 0 0 0 61 0 14 0 0 0 0
"55" 55 0.044776119403 0 6 0 3 1 0 0 0 0 0 1 0 2 45 1 1 0 3 0 12
"56" 56 0.0523255813953 0 0 0 0 0 0 0 0 73 0 2 0 0 0 0 0 0 0 0 0
"57" 57 0.282700421941 0 0 0 4 0 53 0 0 0 0 0 0 4 0 7 0 0 1 0 6
"58" 58 0.00995024875622 0 0 0 0 0 0 0 0 0 0 0 0 0 75 0 0 0 0 0 0
"59" 59 0.0264900662252 0 0 1 0 0 0 0 0 74 0 0 0 0 0 0 0 0 0 0 0
"60" 60 0.348214285714 0 7 0 0 0 4 0 0 0 0 0 0 0 5 18 0 0 36 0 5
"61" 61 0.171548117155 0 0 0 0 0 0 0 0 0 75 0 0 0 0 0 0 0 0 0 0
"62" 62 0.0 0 0 0 0 0 0 0 0 0 0 0 0 0 0 0 75 0 0 0 0
"63" 63 0.0125523012552 0 0 0 0 0 0 1 0 0 0 0 0 0 4 28 0 0 0 1 41
"64" 64 0.683544303797 0 0 0 0 0 65 0 0 0 0 0 0 0 0 2 0 0 8 0 0
"65" 65 0.242677824268 0 0 0 0 0 0 0 0 0 75 0 0 0 0 0 0 0 0 0 0
"66" 66 0.0 0 0 0 0 0 0 0 0 0 23 0 0 37 15 0 0 0 0 0 0
"67" 67 0.397350993377 0 0 0 0 0 75 0 0 0 0 0 0 0 0 0 0 0 0 0 0
"68" 68 0.820512820513 0 0 0 75 0 0 0 0 0 0 0 0 0 0 0 0 0 0 0 0
"69" 69 0.222797927461 0 72 0 0 0 3 0 0 0 0 0 0 0 0 0 0 0 0 0 0
"70" 70 0.0747126436782 0 0 0 0 0 0 0 0 0 0 0 0 0 0 0 0 75 0 0 0
"71" 71 0.317518248175 0 0 0 0 0 3 0 0 0 0 0 0 9 0 56 0 0 0 0 7
"72" 72 0.179487179487 0 0 0 5 0 0 0 0 70 0 0 0 0 0 0 0 0 0 0 0
"73" 73 0.0287081339713 0 0 9 0 0 0 0 0 0 0 63 3 0 0 0 0 0 0 0 0
"74" 74 0.174129353234 0 0 0 0 21 10 0 0 0 0 0 0 0 1 1 0 0 1 40 1
"75" 75 0.14367816092 0 0 0 0 0 0 0 0 0 0 0 0 2 6 0 0 67 0 0 0
"76" 76 0.735751295337 0 0 0 0 0 75 0 0 0 0 0 0 0 0 0 0 0 0 0 0
"77" 77 0.335025380711 0 0 0 0 0 0 75 0 0 0 0 0 0 0 0 0 0 0 0 0
"78" 78 0.209302325581 0 0 0 0 0 57 0 0 0 0 0 0 0 0 18 0 0 0 0 0
"79" 79 0.811320754717 0 0 0 0 0 0 0 75 0 0 0 0 0 0 0 0 0 0 0 0
"80" 80 0.875 0 0 0 0 0 0 0 0 0 0 0 75 0 0 0 0 0 0 0 0
"81" 81 0.455696202532 0 0 0 0 0 57 0 0 0 0 0 0 0 0 0 0 0 0 18 0
"82" 82 0.412790697674 0 0 0 0 0 0 0 0 28 0 0 0 0 0 47 0 0 0 0 0
"83" 83 0.126903553299 0 0 0 0 50 0 24 0 1 0 0 0 0 0 0 0 0 0 0 0
"84" 84 0.0585774058577 0 0 0 0 0 0 0 0 0 0 0 0 0 75 0 0 0 0 0 0
"85" 85 0.533678756477 0 47 0 0 0 0 0 0 0 0 0 0 28 0 0 0 0 0 0 0
"86" 86 0.307984790875 0 0 0 0 0 0 0 0 0 0 0 0 0 0 0 0 0 0 75 0
"87" 87 0.0746268656716 0 0 0 0 0 0 0 0 0 0 0 0 0 75 0 0 0 0 0 0
"88" 88 0.314465408805 0 0 0 0 0 0 0 75 0 0 0 0 0 0 0 0 0 0 0 0
"89" 89 0.666666666667 0 1 9 0 0 65 0 0 0 0 0 0 0 0 0 0 0 0 0 0
"90" 90 0.409282700422 0 0 0 0 0 75 0 0 0 0 0 0 0 0 0 0 0 0 0 0
"91" 91 0.0 0 0 0 0 0 0 0 0 0 0 0 0 0 74 0 0 0 0 0 1
"92" 92 0.324503311258 0 0 20 0 0 46 0 0 0 0 0 0 0 0 9 0 0 0 0 0
"93" 93 0.370535714286 0 0 0 0 0 2 0 0 0 0 0 0 73 0 0 0 0 0 0 0
"94" 94 0.641509433962 0 63 6 0 0 4 0 2 0 0 0 0 0 0 0 0 0 0 0 0
"95" 95 0.57805907173 0 0 0 0 0 75 0 0 0 0 0 0 0 0 0 0 0 0 0 0
"96" 96 0.0570342205323 0 0 0 0 0 0 0 0 0 20 0 0 0 0 0 0 0 0 55 0
"97" 97 0.291139240506 0 0 0 0 0 4 0 0 0 0 0 0 0 0 71 0 0 0 0 0
"98" 98 0.540697674419 0 1 0 0 0 74 0 0 0 0 0 0 0 0 0 0 0 0 0 0
"99" 99 0.0986547085202 0 0 0 0 75 0 0 0 0 0 0 0 0 0 0 0 0 0 0 0
"100" 100 0.00497512437811 0 0 0 0 0 0 6 0 0 0 0 0 0 69 0 0 0 0 0 0
"101" 101 0.392857142857 0 0 5 0 22 0 0 0 0 0 0 0 0 0 0 0 0 48 0 0
"102" 102 0.455958549223 0 28 0 0 0 0 0 0 0 0 0 47 0 0 0 0 0 0 0 0
"103" 103 0.0255474452555 75 0 0 0 0 0 0 0 0 0 0 0 0 0 0 0 0 0 0 0
"104" 104 0.0860927152318 0 0 0 0 0 0 0 0 0 0 75 0 0 0 0 0 0 0 0 0
"105" 105 0.119402985075 0 0 25 0 0 0 10 0 0 0 0 0 0 38 0 0 0 0 0 2
"106" 106 0.044776119403 0 0 0 0 0 0 7 0 0 0 0 0 0 68 0 0 0 0 0 0
"107" 107 0.00574712643678 0 5 5 0 0 28 4 0 0 0 0 0 0 0 0 0 26 4 0 3
"108" 108 0.368421052632 0 0 0 0 0 11 0 0 2 0 0 0 2 2 9 0 0 1 48 0
"109" 109 0.299578059072 0 2 0 0 0 5 26 0 0 0 0 0 0 0 0 0 0 42 0 0
"110" 110 0.248803827751 0 0 0 0 2 0 0 0 0 0 0 0 21 0 1 0 0 0 51 0
"111" 111 0.438818565401 0 1 0 0 49 6 0 0 0 0 0 0 0 0 0 0 0 13 6 0
"112" 112 0.572139303483 0 0 1 0 0 73 0 0 0 0 0 0 0 0 0 0 0 1 0 0
"113" 113 0.010152284264 0 0 0 0 0 0 39 0 0 0 0 0 0 34 0 0 0 0 0 2
"114" 114 0.490566037736 0 26 1 0 0 4 0 43 0 0 0 0 0 0 0 0 0 1 0 0
"115" 115 0.00497512437811 0 0 7 0 0 0 2 0 4 0 0 0 0 50 0 0 12 0 0 0
"116" 116 0.169642857143 7 3 6 7 6 2 24 0 0 0 4 5 0 0 0 0 10 0 0 1
"117" 117 0.0 0 0 0 0 0 0 0 0 0 34 4 0 32 0 0 0 5 0 0 0
"118" 118 0.10152284264 5 0 0 0 1 2 1 0 0 0 1 0 0 0 51 0 3 11 0 0
"119" 119 0.0 0 0 0 0 0 0 0 0 0 0 0 0 0 0 0 0 75 0 0 0
"120" 120 0.0255474452555 1 0 0 0 0 0 23 0 0 0 0 0 0 0 0 20 9 18 0 4
"121" 121 0.0 0 0 3 0 0 0 0 0 1 0 0 71 0 0 0 0 0 0 0 0
"122" 122 0.00380228136882 0 0 0 0 0 0 0 0 0 55 0 0 4 0 0 0 0 0 16 0
"123" 123 0.0 1 0 0 0 0 0 8 0 1 0 0 0 0 0 0 0 9 0 0 56
"124" 124 0.0755813953488 0 0 0 0 0 0 0 0 75 0 0 0 0 0 0 0 0 0 0 0
"125" 125 0.201923076923 0 0 0 0 0 0 0 0 0 0 0 75 0 0 0 0 0 0 0 0
"126" 126 0.331125827815 0 46 0 1 0 11 0 5 0 0 0 0 2 0 0 5 0 5 0 0
"127" 127 0.0 0 0 54 0 0 0 0 0 0 0 19 2 0 0 0 0 0 0 0 0
"128" 128 0.13475177305 0 0 0 0 0 0 0 0 0 0 37 0 0 2 0 35 0 1 0 0
"129" 129 0.485232067511 0 0 0 0 0 16 0 0 0 0 0 0 0 0 46 0 0 13 0 0
"130" 130 0.183035714286 0 0 0 0 0 0 0 0 0 0 0 0 0 0 0 0 0 75 0 0
"131" 131 0.0836501901141 0 0 0 0 0 0 0 0 0 0 0 0 0 0 0 0 0 0 75 0
"132" 132 0.471264367816 0 0 0 0 0 34 0 0 0 0 0 0 0 0 6 0 0 0 0 35
"133" 133 0.729957805907 0 0 0 0 0 66 0 0 0 0 0 0 0 0 1 0 0 8 0 0
"134" 134 0.552325581395 0 1 0 0 0 9 0 0 0 0 0 0 0 0 65 0 0 0 0 0
"135" 135 0.269230769231 0 0 0 0 0 0 0 0 0 0 0 75 0 0 0 0 0 0 0 0
"136" 136 0.168604651163 0 0 0 0 0 75 0 0 0 0 0 0 0 0 0 0 0 0 0 0
"137" 137 0.0 2 0 49 0 0 0 6 0 5 0 0 0 0 0 0 0 9 0 0 4
"138" 138 0.0382775119617 1 0 0 2 0 0 0 0 0 0 0 37 35 0 0 0 0 0 0 0
"139" 139 0.519230769231 0 0 0 0 0 0 0 0 0 0 0 75 0 0 0 0 0 0 0 0
"140" 140 0.268656716418 0 0 0 0 1 0 0 0 0 0 0 0 2 30 2 0 16 0 22 2
"141" 141 0.835443037975 0 0 0 0 75 0 0 0 0 0 0 0 0 0 0 0 0 0 0 0
"142" 142 0.161434977578 1 0 0 1 6 1 0 0 0 0 0 0 0 40 0 0 0 0 0 26
"143" 143 0.396226415094 0 0 0 0 0 0 0 75 0 0 0 0 0 0 0 0 0 0 0 0
"144" 144 0.883408071749 0 0 0 0 0 75 0 0 0 0 0 0 0 0 0 0 0 0 0 0
"145" 145 0.423076923077 0 0 0 0 0 0 0 0 0 0 0 75 0 0 0 0 0 0 0 0
"146" 146 0.0597014925373 0 0 0 0 0 0 0 0 0 0 0 0 0 50 0 0 0 0 0 25
"147" 147 0.506329113924 0 0 0 0 0 75 0 0 0 0 0 0 0 0 0 0 0 0 0 0
"148" 148 0.223214285714 0 9 1 0 0 0 0 2 0 0 0 0 0 0 27 0 0 36 0 0
"149" 149 0.0 0 0 0 0 0 0 0 0 0 0 0 75 0 0 0 0 0 0 0 0
"150" 150 0.286995515695 0 0 0 0 0 75 0 0 0 0 0 0 0 0 0 0 0 0 0 0
"151" 151 0.325892857143 0 0 0 0 0 50 0 0 0 0 0 0 0 0 15 0 0 10 0 0
"152" 152 0.0209205020921 0 0 12 0 0 0 0 0 0 36 1 0 0 23 0 0 0 1 0 2
"153" 153 0.610062893082 0 0 0 0 0 0 0 75 0 0 0 0 0 0 0 0 0 0 0 0
"154" 154 0.625 0 0 0 0 0 0 0 0 0 0 0 0 0 0 75 0 0 0 0 0
"155" 155 0.0880503144654 0 0 0 0 0 0 0 75 0 0 0 0 0 0 0 0 0 0 0 0
"156" 156 0.187817258883 0 0 1 0 28 0 18 0 0 22 0 2 0 1 0 0 1 0 2 0
"157" 157 0.0627615062762 0 0 0 0 0 0 0 0 0 41 0 0 0 0 0 0 0 0 34 0
"158" 158 0.0 12 1 0 15 0 0 0 0 1 10 0 0 28 1 0 0 7 0 0 0
"159" 159 0.0 0 0 0 0 0 0 0 75 0 0 0 0 0 0 0 0 0 0 0 0
"160" 160 0.00662251655629 0 0 18 0 0 2 0 0 0 0 38 0 0 0 6 0 0 2 5 4
"161" 161 0.18023255814 0 0 0 0 0 35 7 0 0 0 0 0 0 28 0 0 5 0 0 0
"162" 162 0.400843881857 0 42 0 0 0 1 16 0 0 0 0 0 0 10 3 0 0 3 0 0
"163" 163 0.647668393782 0 0 0 0 0 0 0 0 0 0 0 0 0 15 8 0 39 3 10 0
"164" 164 0.629464285714 0 0 0 0 0 0 0 0 0 0 0 0 0 0 75 0 0 0 0 0
"165" 165 0.328205128205 9 0 0 1 5 0 5 0 11 0 0 0 21 2 4 5 5 0 0 7
"166" 166 0.10152284264 0 0 0 0 0 0 75 0 0 0 0 0 0 0 0 0 0 0 0 0
"167" 167 0.245033112583 0 0 70 0 0 0 0 0 0 0 0 0 5 0 0 0 0 0 0 0
"168" 168 0.232704402516 0 0 0 0 0 2 0 68 0 0 1 0 1 0 0 0 0 3 0 0
"169" 169 0.519379844961 0 0 0 0 0 5 0 0 0 0 0 0 0 0 1 0 0 69 0 0
"170" 170 0.363228699552 0 0 0 0 1 0 0 0 0 0 0 0 0 0 0 0 0 74 0 0
"171" 171 0.0 0 8 0 0 0 0 0 0 0 0 67 0 0 0 0 0 0 0 0 0
"172" 172 0.131782945736 0 0 0 0 0 44 0 0 0 0 2 0 0 0 29 0 0 0 0 0
"173" 173 0.589285714286 0 0 0 0 0 74 0 0 0 0 0 0 0 0 0 0 0 1 0 0
"174" 174 0.402985074627 0 0 0 0 0 0 4 0 0 0 0 0 0 8 0 0 0 0 0 63
"175" 175 0.132183908046 0 0 0 0 23 0 14 0 13 0 0 0 0 9 0 0 16 0 0 0
"176" 176 0.298076923077 0 0 0 0 0 0 0 0 0 0 0 75 0 0 0 0 0 0 0 0
"177" 177 0.651785714286 0 0 0 0 0 75 0 0 0 0 0 0 0 0 0 0 0 0 0 0
"178" 178 0.580310880829 0 0 0 0 0 33 0 0 0 0 0 0 0 0 0 0 0 42 0 0
"179" 179 0.149253731343 0 8 0 0 0 0 29 0 0 0 0 0 0 35 0 0 0 3 0 0
"180" 180 0.0264900662252 0 0 8 0 0 0 0 0 0 0 67 0 0 0 0 0 0 0 0 0
"181" 181 0.631386861314 0 10 0 1 0 13 0 0 0 0 0 0 0 0 14 0 0 37 0 0
"182" 182 0.273722627737 0 1 0 0 0 37 0 0 0 0 0 0 0 0 26 0 0 3 0 8
"183" 183 0.0 0 0 0 0 0 0 1 0 0 0 65 0 0 1 0 0 8 0 0 0
"184" 184 0.131782945736 0 0 0 0 0 0 0 0 0 0 75 0 0 0 0 0 0 0 0 0
"185" 185 0.522321428571 0 0 0 0 1 34 0 0 0 0 0 0 0 0 21 0 0 19 0 0
"186" 186 0.149253731343 0 0 0 0 0 0 0 0 0 0 0 0 0 75 0 0 0 0 0 0
"187" 187 0.0 0 0 0 0 0 0 0 0 0 0 75 0 0 0 0 0 0 0 0 0
"188" 188 0.206896551724 0 0 0 0 0 0 61 0 0 0 0 0 0 0 14 0 0 0 0 0
"189" 189 0.485232067511 0 0 0 0 0 0 0 0 0 0 0 0 0 0 0 0 0 6 0 69
"190" 190 0.00497512437811 0 0 0 0 0 0 0 0 0 0 0 0 0 75 0 0 0 0 0 0
"191" 191 0.0 0 0 0 0 0 0 0 0 0 71 0 0 3 0 0 0 0 1 0 0
"192" 192 0.192052980132 0 0 0 0 0 60 0 0 0 0 0 0 0 0 6 0 0 9 0 0
"193" 193 0.341772151899 0 0 0 0 0 72 1 0 0 0 0 0 0 2 0 0 0 0 0 0
"194" 194 0.0 0 0 0 0 0 0 0 0 0 0 51 23 0 0 0 0 1 0 0 0
"195" 195 0.0675105485232 0 0 0 0 0 0 0 0 0 0 8 0 0 1 1 0 0 0 0 65
"196" 196 0.481865284974 0 0 0 0 0 8 0 0 0 0 0 0 0 0 0 0 0 66 0 1
"197" 197 0.167300380228 0 0 0 0 0 0 0 0 0 0 0 0 0 0 0 0 0 0 75 0
"198" 198 0.0 0 0 0 0 0 0 0 0 0 0 75 0 0 0 0 0 0 0 0 0
"199" 199 0.430379746835 0 0 0 0 0 9 0 0 0 0 0 0 0 0 66 0 0 0 0 0
"200" 200 0.544642857143 0 0 0 0 0 57 0 0 0 0 0 0 0 0 18 0 0 0 0 0
"201" 201 0.299578059072 0 0 0 0 0 75 0 0 0 0 0 0 0 0 0 0 0 0 0 0
"202" 202 0.307692307692 0 0 0 0 0 0 0 0 0 0 0 75 0 0 0 0 0 0 0 0
"203" 203 0.00507614213198 0 0 0 0 0 0 75 0 0 0 0 0 0 0 0 0 0 0 0 0
"204" 204 0.0152284263959 0 0 0 0 0 0 74 0 0 0 0 0 0 0 0 0 1 0 0 0
"205" 205 0.0 0 0 0 0 0 0 75 0 0 0 0 0 0 0 0 0 0 0 0 0
"206" 206 0.0 0 0 0 18 0 0 0 0 0 0 52 1 0 3 0 0 0 1 0 0
"207" 207 0.0569948186528 0 0 0 0 0 0 0 0 0 0 0 0 0 0 3 0 0 0 65 7
"208" 208 0.0116279069767 1 0 11 0 0 0 0 0 0 0 63 0 0 0 0 0 0 0 0 0
"209" 209 0.316455696203 1 56 1 6 0 0 0 0 0 0 0 0 0 0 7 0 1 1 0 2
"210" 210 0.00418410041841 0 0 0 0 0 0 0 0 0 69 0 0 0 0 0 0 0 0 6 0
"211" 211 0.209821428571 0 0 0 0 0 0 38 0 0 0 0 0 0 0 1 0 5 0 1 30
"212" 212 0.00418410041841 0 0 0 0 0 0 0 0 0 75 0 0 0 0 0 0 0 0 0 0
"213" 213 0.0288461538462 0 0 0 0 0 0 0 0 0 0 0 75 0 0 0 0 0 0 0 0
"214" 214 0.0761421319797 0 0 0 0 0 0 2 0 0 0 0 0 0 0 36 0 0 0 0 37
"215" 215 0.0725388601036 0 69 0 0 0 0 0 0 0 0 0 0 0 0 0 0 0 6 0 0
"216" 216 0.549107142857 0 22 1 0 0 40 0 0 0 0 0 0 0 1 5 6 0 0 0 0
"217" 217 0.751054852321 0 0 15 0 0 0 0 0 0 0 0 0 0 0 60 0 0 0 0 0
"218" 218 0.412790697674 0 0 0 0 0 75 0 0 0 0 0 0 0 0 0 0 0 0 0 0
"219" 219 0.482051282051 0 26 0 0 0 49 0 0 0 0 0 0 0 0 0 0 0 0 0 0
"220" 220 0.330357142857 0 0 0 0 0 0 19 0 0 0 0 0 0 0 0 0 0 56 0 0
"221" 221 0.0659898477157 0 0 0 0 0 0 74 0 0 0 0 0 0 1 0 0 0 0 0 0
"222" 222 0.0 0 0 0 0 0 0 0 0 0 0 0 0 0 0 0 0 75 0 0 0
"223" 223 0.0 0 0 0 0 0 0 0 0 0 0 0 0 0 75 0 0 0 0 0 0
"224" 224 0.0804597701149 0 0 0 0 0 0 0 0 43 0 0 0 0 0 0 0 0 0 0 32
"225" 225 0.165803108808 0 0 0 0 0 0 0 0 0 0 0 75 0 0 0 0 0 0 0 0
"226" 226 0.205357142857 0 0 0 73 0 0 0 0 0 0 0 0 0 1 1 0 0 0 0 0
"227" 227 0.0 0 0 0 0 0 0 0 0 0 0 0 0 0 0 0 0 75 0 0 0
"228" 228 0.0 0 0 0 9 1 0 0 0 0 0 0 0 0 65 0 0 0 0 0 0
"229" 229 0.0 0 0 0 0 0 0 0 0 75 0 0 0 0 0 0 0 0 0 0 0
"230" 230 0.0314465408805 0 0 19 0 0 0 0 12 0 0 41 0 0 0 0 3 0 0 0 0
"231" 231 0.217616580311 0 8 4 2 0 0 0 0 0 27 1 0 1 12 0 0 0 15 5 0
"232" 232 0.0927152317881 0 0 0 0 0 0 0 0 75 0 0 0 0 0 0 0 0 0 0 0
"233" 233 0.0728476821192 0 0 3 0 0 0 0 0 0 0 72 0 0 0 0 0 0 0 0 0
"234" 234 0.35401459854 5 25 1 0 12 0 0 0 0 1 0 0 0 0 3 0 0 13 9 6
"235" 235 0.00836820083682 0 0 0 0 0 0 0 0 0 75 0 0 0 0 0 0 0 0 0 0
"236" 236 0.0248226950355 19 0 0 0 0 0 9 0 0 0 0 0 0 0 0 19 3 0 0 25
"237" 237 0.369230769231 0 68 0 4 0 2 0 0 0 0 0 0 0 0 0 0 0 1 0 0
"238" 238 0.240384615385 0 0 0 0 0 0 0 0 0 0 74 0 0 0 0 0 0 0 1 0
"239" 239 0.767441860465 0 0 0 0 0 74 0 0 0 0 0 0 0 0 1 0 0 0 0 0
"240" 240 0.503311258278 0 0 0 0 0 4 0 0 0 0 0 0 0 0 68 0 0 2 0 1
"241" 241 0.25855513308 0 0 0 0 0 0 0 0 0 58 0 0 0 0 0 0 0 0 17 0
"242" 242 0.523206751055 0 0 0 0 0 54 0 0 0 0 0 0 0 0 16 0 0 5 0 0
"243" 243 0.327586206897 0 0 0 0 0 0 58 3 14 0 0 0 0 0 0 0 0 0 0 0
"244" 244 0.480769230769 0 0 0 0 0 0 0 0 0 0 0 75 0 0 0 0 0 0 0 0
"245" 245 0.339285714286 0 0 0 0 0 0 0 0 39 0 0 0 0 0 5 0 0 0 0 31
"246" 246 0.496688741722 0 0 68 0 0 5 0 0 0 0 0 1 0 0 1 0 0 0 0 0
"247" 247 0.0941704035874 0 0 0 0 75 0 0 0 0 0 0 0 0 0 0 0 0 0 0 0
"248" 248 0.564766839378 0 0 0 0 0 71 0 4 0 0 0 0 0 0 0 0 0 0 0 0
"249" 249 0.185430463576 0 4 11 0 0 0 0 0 0 0 0 0 60 0 0 0 0 0 0 0
"250" 250 0.12927756654 0 0 0 0 0 0 0 0 0 68 0 0 0 0 0 0 0 0 7 0
"251" 251 0.0155440414508 0 1 1 0 0 0 0 0 17 0 2 0 0 0 0 0 54 0 0 0
"252" 252 0.10970464135 0 1 0 0 0 15 0 0 0 0 0 0 0 0 7 0 0 0 0 52
"253" 253 0.14798206278 0 0 0 0 66 0 0 0 0 0 0 0 0 0 0 0 0 9 0 0
"254" 254 0.301255230126 0 2 0 0 0 11 1 0 0 1 0 0 1 0 0 0 10 45 0 4
"255" 255 0.0 0 0 0 0 1 0 67 0 0 0 3 0 0 4 0 0 0 0 0 0
"256" 256 0.346715328467 0 0 0 0 0 15 3 0 0 0 0 0 0 6 0 0 0 1 0 50
"257" 257 0.435233160622 0 20 0 0 1 0 0 0 0 0 0 0 0 0 36 0 0 18 0 0
"258" 258 0.216312056738 0 0 0 0 0 0 0 0 0 0 1 0 0 0 0 74 0 0 0 0
"259" 259 0.00497512437811 0 0 0 0 0 0 0 0 0 0 0 0 0 75 0 0 0 0 0 0
"260" 260 0.325581395349 0 0 0 0 0 55 0 0 0 0 0 0 0 1 19 0 0 0 0 0
"261" 261 0.596899224806 0 0 0 0 0 63 0 0 0 0 0 0 0 0 10 0 0 2 0 0
"262" 262 0.415384615385 0 0 0 0 0 74 0 0 0 0 0 0 0 0 1 0 0 0 0 0
"263" 263 0.713080168776 0 0 0 75 0 0 0 0 0 0 0 0 0 0 0 0 0 0 0 0
"264" 264 0.233830845771 0 0 0 0 0 4 0 0 0 0 0 0 0 71 0 0 0 0 0 0
"265" 265 0.338461538462 0 0 2 0 0 0 0 0 0 0 68 0 0 3 0 0 0 0 0 2
"266" 266 0.355769230769 0 0 0 0 0 0 0 0 0 0 0 75 0 0 0 0 0 0 0 0
"267" 267 0.35632183908 0 0 0 0 0 59 0 0 0 0 0 0 0 0 0 0 16 0 0 0
"268" 268 0.574358974359 0 0 0 0 0 75 0 0 0 0 0 0 0 0 0 0 0 0 0 0
"269" 269 0.432692307692 0 0 0 0 0 0 0 0 0 0 0 75 0 0 0 0 0 0 0 0
"270" 270 0.0632183908046 0 0 0 0 0 0 59 0 0 0 0 0 0 0 0 0 16 0 0 0
"271" 271 0.637130801688 0 0 0 0 0 75 0 0 0 0 0 0 0 0 0 0 0 0 0 0
"272" 272 0.0137614678899 0 0 0 0 1 0 0 0 0 0 3 0 0 71 0 0 0 0 0 0
"273" 273 0.314465408805 0 1 0 0 0 0 0 74 0 0 0 0 0 0 0 0 0 0 0 0
"274" 274 0.533632286996 0 8 0 0 0 14 0 53 0 0 0 0 0 0 0 0 0 0 0 0
"275" 275 0.642487046632 0 0 0 0 0 74 0 0 0 0 0 0 0 0 0 0 0 1 0 0
"276" 276 0.0659898477157 0 0 0 0 1 0 1 0 0 0 0 0 0 0 0 0 73 0 0 0
"277" 277 0.0229885057471 0 0 0 0 0 0 8 0 0 0 0 0 0 2 8 0 57 0 0 0
"278" 278 0.424870466321 0 0 0 0 0 15 0 0 0 0 0 0 0 0 2 0 0 58 0 0
"279" 279 0.467153284672 0 1 0 1 0 11 2 0 0 0 0 0 0 0 44 0 1 12 0 3
"280" 280 0.0 0 0 0 0 0 0 8 0 0 0 67 0 0 0 0 0 0 0 0 0
"281" 281 0.244525547445 0 0 0 0 0 2 0 0 0 0 7 0 0 0 57 0 0 7 0 2
"282" 282 0.387596899225 0 1 0 0 0 1 0 0 0 0 0 0 0 0 26 0 0 47 0 0
"283" 283 0.274261603376 0 10 0 2 0 0 0 0 0 0 1 0 0 62 0 0 0 0 0 0
"284" 284 0.00760456273764 0 1 1 0 1 4 2 0 0 7 41 0 0 11 3 0 0 3 1 0
"285" 285 0.137055837563 0 0 0 0 0 0 13 0 0 0 0 0 0 0 53 0 9 0 0 0
"286" 286 0.450892857143 0 0 7 0 0 66 0 0 0 0 0 0 0 0 2 0 0 0 0 0
"287" 287 0.0077519379845 0 0 0 0 0 0 0 0 0 0 75 0 0 0 0 0 0 0 0 0
"288" 288 0.0836501901141 0 0 0 0 0 0 0 0 0 67 0 0 0 0 0 0 0 0 8 0
"289" 289 0.191964285714 0 0 0 0 0 0 0 0 0 0 0 0 0 0 0 0 0 75 0 0
"290" 290 0.186046511628 0 0 0 0 0 0 0 0 75 0 0 0 0 0 0 0 0 0 0 0
"291" 291 0.0 0 0 0 0 0 0 0 0 0 0 0 0 0 75 0 0 0 0 0 0
"292" 292 0.104651162791 0 0 0 0 0 0 0 0 75 0 0 0 0 0 0 0 0 0 0 0
"293" 293 0.576923076923 0 0 0 0 0 0 0 0 0 0 0 75 0 0 0 0 0 0 0 0
"294" 294 0.384105960265 0 0 6 0 0 39 0 0 0 0 0 0 0 0 5 0 0 10 0 15
"295" 295 0.544303797468 0 0 0 0 0 46 1 0 0 0 0 0 0 26 0 0 0 2 0 0
"296" 296 0.145390070922 3 4 14 0 0 0 0 0 0 0 0 0 0 0 0 52 0 2 0 0
"297" 297 0.721854304636 0 0 0 0 0 0 0 0 0 0 0 75 0 0 0 0 0 0 0 0
"298" 298 0.708133971292 0 1 0 0 0 70 0 0 0 0 0 2 0 0 2 0 0 0 0 0
