"site" "RSA" "aa1" "aa2" "aa3" "aa4" "aa5" "aa6" "aa7" "aa8" "aa9" "aa10" "aa11" "aa12" "aa13" "aa14" "aa15" "aa16" "aa17" "aa18" "aa19" "aa20"
"0" 0 0.317880794702 0 0 0 0 0 0 0 0 0 0 0 0 0 0 0 0 0 0 0 0
"1" 1 0.00507614213198 0 0 0 0 0 0 0 0 0 0 0 0 0 0 0 0 0 0 0 0
"2" 2 0.0 0 0 0 0 0 0 0 0 0 0 0 0 0 0 0 0 0 0 0 0
"3" 3 0.10460251046 0 0 0 0 0 0 0 0 0 0 0 0 0 0 0 0 0 0 1 0
"4" 4 0.269035532995 0 0 0 0 0 0 2 0 0 0 0 0 0 0 0 0 1 0 0 0
"5" 5 0.709844559585 0 1 0 1 0 0 0 0 0 0 1 0 0 0 0 0 0 0 0 0
"6" 6 0.5 0 0 0 0 0 1 0 0 1 0 0 0 0 1 0 0 0 0 0 0
"7" 7 0.421524663677 0 0 1 0 1 0 1 1 0 0 0 0 0 0 0 0 0 0 0 0
"8" 8 0.0348258706468 0 0 0 0 0 0 0 0 0 0 1 0 0 3 0 0 0 0 0 1
"9" 9 0.403846153846 0 0 2 0 1 0 0 0 0 0 0 0 0 0 0 0 1 1 0 0
"10" 10 0.0174418604651 0 0 1 0 0 0 0 0 5 0 3 0 0 0 0 0 0 0 0 0
"11" 11 0.574358974359 0 0 1 5 0 0 0 1 0 0 2 2 0 0 0 0 0 0 0 9
"12" 12 0.459119496855 0 0 1 0 0 3 0 10 2 0 10 0 0 0 0 0 0 0 0 0
"13" 13 0.0232558139535 0 0 0 0 0 0 1 0 0 12 1 1 2 1 0 0 0 0 7 1
"14" 14 0.629464285714 0 2 4 0 12 7 0 0 10 0 1 0 1 0 0 0 0 18 0 0
"15" 15 0.28855721393 0 0 0 0 0 0 0 0 0 3 0 0 0 81 0 0 3 0 0 0
"16" 16 0.119496855346 0 1 0 0 1 1 0 81 0 0 2 0 0 0 0 0 0 1 0 0
"17" 17 0.704402515723 0 11 3 1 5 8 0 28 0 0 13 0 0 0 0 0 0 18 0 0
"18" 18 0.119402985075 0 0 0 0 0 0 1 0 0 0 0 0 0 86 0 0 0 0 0 1
"19" 19 0.522012578616 0 6 3 1 0 0 0 65 1 0 5 5 0 1 0 0 0 1 0 0
"20" 20 0.133079847909 0 0 0 0 0 0 0 0 0 2 0 0 0 0 0 0 0 0 86 0
"21" 21 0.355769230769 0 19 3 0 0 0 0 7 1 0 55 1 0 0 0 0 1 1 0 0
"22" 22 0.281368821293 0 0 1 4 0 1 0 3 3 9 2 0 3 0 0 0 1 0 62 0
"23" 23 0.559585492228 0 55 2 15 1 0 0 0 1 0 4 5 0 0 0 0 1 6 0 0
"24" 24 0.248062015504 0 3 1 0 0 0 0 0 0 0 85 0 0 0 0 0 0 1 0 0
"25" 25 0.0 0 0 0 0 0 0 0 0 0 0 0 0 0 90 0 0 0 0 0 1
"26" 26 0.352678571429 0 1 2 0 0 0 0 0 0 0 1 0 0 0 0 0 0 87 0 0
"27" 27 0.476793248945 0 0 0 0 0 2 0 87 0 0 0 0 0 0 1 0 1 0 0 0
"28" 28 0.0 0 0 5 3 0 0 0 0 4 2 6 0 41 0 0 0 6 0 24 0
"29" 29 0.0253807106599 0 0 0 0 0 0 77 0 0 9 0 0 0 1 0 0 4 0 0 0
"30" 30 0.0829015544041 1 84 4 2 0 0 0 0 0 0 0 0 0 0 0 0 0 0 0 0
"31" 31 0.0697674418605 0 0 2 0 2 13 0 0 8 0 55 1 0 0 1 0 2 7 0 0
"32" 32 0.495535714286 0 3 0 0 21 16 0 2 2 0 7 0 0 1 16 0 0 21 0 2
"33" 33 0.0116279069767 0 0 0 0 0 0 6 0 85 0 0 0 0 0 0 0 0 0 0 0
"34" 34 0.0045871559633 0 0 0 0 0 0 0 0 0 0 0 0 0 1 0 0 0 0 0 90
"35" 35 0.434599156118 0 1 0 5 6 4 0 0 4 0 1 0 4 0 9 0 0 55 1 1
"36" 36 0.407960199005 1 0 0 0 0 0 65 0 0 6 0 0 0 16 0 0 3 0 0 0
"37" 37 0.0191387559809 0 0 0 0 0 0 0 0 0 0 0 0 91 0 0 0 0 0 0 0
"38" 38 0.0334928229665 0 0 0 0 0 0 0 0 0 0 0 0 81 0 0 0 0 0 10 0
"39" 39 0.326424870466 0 24 20 2 3 1 0 0 24 0 0 17 0 0 0 0 0 0 0 0
"40" 40 0.599156118143 0 0 0 1 0 78 0 0 0 0 0 3 0 0 8 0 1 0 0 0
"41" 41 0.311004784689 0 0 0 0 0 0 0 0 0 0 0 0 91 0 0 0 0 0 0 0
"42" 42 0.0 0 0 0 0 0 0 0 0 0 0 0 0 90 0 0 0 0 0 1 0
"43" 43 0.124031007752 0 0 0 28 33 3 0 0 0 0 20 4 0 1 2 0 0 0 0 0
"44" 44 0.294573643411 0 0 0 0 0 1 0 0 44 0 37 9 0 0 0 0 0 0 0 0
"45" 45 0.102661596958 1 0 0 0 0 0 0 0 0 0 0 0 0 1 0 0 0 0 89 0
"46" 46 0.0229885057471 0 0 0 0 0 0 8 0 9 1 0 0 0 1 0 0 71 0 1 0
"47" 47 0.471794871795 0 8 4 33 2 3 0 0 35 0 4 0 0 0 2 0 0 0 0 0
"48" 48 0.369230769231 0 0 0 68 0 18 0 0 1 0 2 1 0 0 1 0 0 0 0 0
"49" 49 0.00497512437811 1 0 0 0 0 0 4 0 2 2 9 0 0 63 0 0 9 0 0 1
"50" 50 0.14358974359 0 0 0 88 1 0 0 0 0 0 0 0 0 0 0 0 2 0 0 0
"51" 51 0.441025641026 0 5 2 10 0 14 3 0 3 0 42 6 0 0 0 0 5 1 0 0
"52" 52 0.0232558139535 0 0 0 0 2 1 0 0 4 1 76 0 0 1 0 0 4 0 1 1
"53" 53 0.00995024875622 0 0 0 0 0 0 21 0 1 0 1 0 0 49 0 0 13 6 0 0
"54" 54 0.599156118143 0 3 4 1 0 7 0 0 1 0 20 0 0 0 1 0 0 54 0 0
"55" 55 0.603375527426 0 5 3 6 1 23 0 2 1 0 5 43 0 0 0 0 1 1 0 0
"56" 56 0.167464114833 0 0 0 4 0 3 0 0 4 1 6 1 18 8 0 0 1 2 15 0
"57" 57 0.471698113208 0 2 10 1 1 3 0 37 17 0 11 2 0 0 1 0 0 5 0 0
"58" 58 0.549107142857 0 21 2 3 5 3 0 2 0 0 9 3 2 0 0 1 0 39 0 0
"59" 59 0.114427860697 1 0 0 0 0 0 4 0 0 6 7 0 1 58 0 4 3 0 2 1
"60" 60 0.224215246637 0 5 2 0 14 7 1 1 0 0 22 4 1 3 1 0 0 28 1 0
"61" 61 0.815384615385 0 9 14 8 4 12 0 1 2 0 6 21 1 0 0 0 0 11 1 0
"62" 62 0.271523178808 0 0 1 2 11 43 0 0 1 1 2 5 1 10 1 1 2 2 1 4
"63" 63 0.0529801324503 2 12 52 6 0 0 0 10 6 0 1 0 0 0 1 0 0 0 0 0
"64" 64 0.00574712643678 0 0 0 0 0 0 35 4 2 0 5 0 0 28 0 0 17 0 0 0
"65" 65 0.0 2 7 4 4 0 0 0 1 3 1 2 2 1 2 0 0 2 60 0 0
"66" 66 0.325581395349 0 21 3 2 5 3 0 0 4 0 9 1 0 0 0 0 0 43 0 0
"67" 67 0.0298507462687 0 0 0 0 1 0 17 0 0 0 1 0 0 63 0 0 8 0 0 1
"68" 68 0.0149253731343 0 0 0 1 4 0 32 0 0 4 0 0 0 35 0 0 10 0 0 5
"69" 69 0.43795620438 0 1 18 1 11 8 2 0 8 0 28 4 1 1 7 0 0 1 0 0
"70" 70 0.419689119171 0 18 4 35 3 10 0 0 0 0 0 5 2 6 4 0 0 3 0 0
"71" 71 0.129353233831 1 0 0 0 0 0 14 1 0 1 2 0 0 53 0 1 11 0 0 1
"72" 72 0.682051282051 0 30 18 15 0 1 0 1 2 0 6 2 2 0 0 0 1 7 0 0
"73" 73 0.509933774834 0 1 20 2 8 9 2 0 4 0 19 2 1 2 3 0 0 9 0 3
"74" 74 0.0 0 0 0 0 0 0 10 1 0 1 2 1 2 26 0 0 33 0 3 0
"75" 75 0.220125786164 0 1 3 1 0 0 0 74 0 0 0 0 0 0 0 0 0 0 0 0
"76" 76 0.709821428571 0 5 3 0 3 1 0 1 2 0 17 0 0 0 0 0 1 32 0 0
"77" 77 0.549222797927 0 30 6 10 0 2 0 0 2 0 10 2 0 0 0 0 0 3 0 0
"78" 78 0.0152284263959 0 0 3 3 2 9 40 0 1 0 0 0 0 5 0 0 7 0 0 1
"79" 79 0.259124087591 0 0 0 6 17 8 0 0 0 0 2 0 0 1 42 0 0 0 0 1
"80" 80 0.517441860465 0 0 2 2 3 3 1 9 43 0 5 11 0 0 2 0 2 1 0 4
"81" 81 0.308139534884 0 0 2 0 0 1 2 8 4 2 62 5 0 0 0 0 3 1 0 0
"82" 82 0.0 0 0 0 0 0 0 9 0 0 0 0 0 0 12 0 0 69 0 0 1
"83" 83 0.332116788321 0 0 0 1 2 3 3 0 0 0 0 0 0 0 80 0 2 0 0 0
"84" 84 0.317948717949 0 0 0 82 2 0 0 0 0 7 0 0 0 0 0 0 0 0 0 0
"85" 85 0.0871794871795 0 0 1 88 1 0 0 0 0 0 0 0 1 0 0 0 0 0 0 0
"86" 86 0.00961538461538 0 0 0 0 0 0 0 0 0 0 15 73 0 1 0 0 2 0 0 0
"87" 87 0.00961538461538 0 0 0 0 0 0 0 0 0 0 0 91 0 0 0 0 0 0 0 0
"88" 88 0.0 0 0 0 0 1 0 0 0 0 0 0 90 0 0 0 0 0 0 0 0
"89" 89 0.00478468899522 0 0 0 1 0 0 0 0 0 6 1 0 78 0 0 0 0 0 5 0
"90" 90 0.0 0 1 2 0 0 0 7 0 0 5 31 0 0 8 0 8 10 0 19 0
"91" 91 0.0 1 0 0 90 0 0 0 0 0 0 0 0 0 0 0 0 0 0 0 0
"92" 92 0.0 0 0 0 0 0 0 0 0 0 0 0 0 91 0 0 0 0 0 0 0
"93" 93 0.0116279069767 0 2 56 3 0 3 2 0 17 0 6 0 0 1 1 0 0 0 0 0
"94" 94 0.00507614213198 0 0 0 0 2 0 12 0 0 15 0 0 0 53 0 1 0 0 0 8
"95" 95 0.00836820083682 0 0 0 0 0 0 0 0 0 86 0 0 0 0 0 1 0 0 4 0
"96" 96 0.0141843971631 0 0 0 0 0 0 0 0 0 2 0 0 0 0 0 89 0 0 0 0
"97" 97 0.152466367713 0 2 5 6 17 20 0 1 16 0 3 0 0 2 2 0 0 17 0 0
"98" 98 0.0 2 0 3 6 0 0 32 0 1 0 0 4 0 16 0 2 22 1 0 2
"99" 99 0.00917431192661 0 0 0 0 0 0 5 0 0 0 0 0 0 35 0 0 0 0 0 51
"100" 100 0.119205298013 0 0 37 1 0 16 0 0 7 0 18 11 0 0 1 0 0 0 0 0
"101" 101 0.308176100629 0 0 1 1 1 7 0 74 4 0 0 1 0 2 0 0 0 0 0 0
"102" 102 0.787564766839 0 9 3 40 2 11 0 3 1 0 2 13 1 0 0 0 1 3 0 0
"103" 103 0.153846153846 0 3 4 0 1 4 0 0 8 0 11 52 0 0 0 0 0 3 0 0
"104" 104 0.163461538462 0 1 3 2 1 2 0 1 7 0 3 63 0 0 1 0 0 6 0 1
"105" 105 0.548076923077 0 1 1 2 1 2 1 0 2 0 3 68 0 7 0 0 0 3 0 0
"106" 106 0.556053811659 0 0 4 1 7 13 0 2 8 0 16 2 1 3 1 0 0 30 1 1
"107" 107 0.11320754717 0 0 0 0 0 0 0 76 0 0 3 0 0 1 0 0 0 0 0 1
"108" 108 0.453488372093 0 4 21 1 3 7 1 0 32 0 4 3 1 0 0 0 4 0 0 0
"109" 109 0.423076923077 0 0 2 2 0 0 0 1 0 0 7 78 0 0 0 0 0 1 0 0
"110" 110 0.512953367876 0 20 2 2 0 9 0 0 0 0 21 1 0 0 1 0 0 35 0 0
"111" 111 0.0 0 0 0 0 0 0 6 0 0 1 0 0 0 69 0 0 15 0 0 0
"112" 112 0.108527131783 0 1 0 0 0 16 1 0 0 0 56 5 0 7 0 0 2 1 1 1
"113" 113 0.542600896861 0 21 2 1 6 12 1 0 5 0 24 0 1 0 2 0 0 16 0 0
"114" 114 0.196428571429 0 8 2 0 2 4 0 0 1 0 67 0 0 0 1 0 3 2 0 1
"115" 115 0.0 0 0 0 0 0 0 89 0 0 0 0 0 0 1 0 0 0 0 0 1
"116" 116 0.410256410256 0 32 1 21 2 11 1 0 2 0 2 0 1 1 1 0 4 12 0 0
"117" 117 0.704035874439 0 6 11 3 6 11 0 0 1 0 23 2 0 0 12 0 1 14 1 0
"118" 118 0.389534883721 1 21 8 4 4 6 0 0 22 0 15 0 0 0 0 0 0 8 2 0
"119" 119 0.117154811715 1 0 0 0 0 0 1 0 0 72 0 0 0 11 0 2 0 0 4 0
"120" 120 0.538461538462 0 0 1 1 0 0 0 0 0 0 0 88 0 0 0 0 0 0 0 1
"121" 121 0.238410596026 0 3 73 1 0 0 0 0 2 0 0 12 0 0 0 0 0 0 0 0
"122" 122 0.0627615062762 0 0 0 0 1 1 0 0 0 63 0 0 0 12 0 0 9 0 2 3
"123" 123 0.424107142857 0 46 1 2 2 0 1 1 1 0 7 1 0 0 0 0 0 29 0 0
"124" 124 0.316964285714 0 5 3 4 6 15 1 0 4 0 39 5 0 0 0 0 0 9 0 0
"125" 125 0.0 0 0 0 0 0 0 0 0 0 79 0 0 0 2 0 0 0 0 0 10
"126" 126 0.240506329114 0 0 0 0 15 71 1 0 0 0 0 0 1 0 3 0 0 0 0 0
"127" 127 0.556962025316 0 16 4 2 5 6 0 0 6 0 13 0 0 0 1 0 0 38 0 0
"128" 128 0.300448430493 0 6 1 0 19 16 0 0 5 0 20 0 0 0 0 0 2 22 0 0
"129" 129 0.0 0 0 0 0 0 0 0 0 0 81 0 0 0 9 0 0 0 0 0 1
"130" 130 0.14358974359 0 1 17 15 2 4 0 0 16 0 23 0 0 0 0 0 0 13 0 0
"131" 131 0.551569506726 0 7 1 5 7 34 0 0 8 0 23 0 0 1 0 0 0 5 0 0
"132" 132 0.15503875969 0 0 3 0 0 3 1 0 1 0 81 0 0 0 0 0 1 1 0 0
"133" 133 0.0 1 0 2 0 0 0 0 1 4 0 61 22 0 0 0 0 0 0 0 0
"134" 134 0.394230769231 0 0 2 0 1 2 7 0 19 0 38 3 0 9 0 0 8 1 0 1
"135" 135 0.626943005181 0 2 9 2 1 5 0 1 36 0 11 21 0 0 3 0 0 0 0 0
"136" 136 0.211678832117 0 0 0 0 8 0 3 0 2 0 0 0 1 4 66 0 7 0 0 0
"137" 137 0.832635983264 0 0 0 0 7 0 0 0 0 84 0 0 0 0 0 0 0 0 0 0
"138" 138 0.394230769231 0 0 0 0 0 0 0 0 0 0 0 91 0 0 0 0 0 0 0 0
"139" 139 0.258278145695 0 0 91 0 0 0 0 0 0 0 0 0 0 0 0 0 0 0 0 0
"140" 140 0.0 0 0 0 0 0 0 0 0 0 0 0 91 0 0 0 0 0 0 0 0
"141" 141 0.00354609929078 0 0 0 0 0 0 0 0 0 2 0 0 0 0 0 88 0 0 1 0
"142" 142 0.0 1 0 0 0 0 0 0 0 1 0 73 9 0 0 0 0 7 0 0 0
"143" 143 0.00354609929078 0 0 0 0 0 0 0 0 0 1 0 0 0 0 0 90 0 0 0 0
"144" 144 0.0 0 0 0 0 0 0 1 0 0 0 0 0 0 88 0 0 2 0 0 0
"145" 145 0.0 7 0 10 0 0 0 13 0 4 0 0 7 0 1 0 0 45 0 2 2
"146" 146 0.127737226277 0 0 2 0 0 5 2 0 1 3 2 0 0 11 4 1 51 0 4 1
"147" 147 0.0923076923077 1 13 3 14 3 8 0 0 15 0 0 4 4 1 2 1 0 1 1 0
"148" 148 0.62893081761 0 7 7 8 4 23 0 10 2 0 10 2 0 0 4 0 0 8 0 0
"149" 149 0.708520179372 0 29 4 18 6 3 0 0 0 0 2 13 0 0 1 0 1 13 0 1
"150" 150 0.355769230769 0 1 3 0 0 10 0 0 1 0 0 74 0 0 0 0 0 0 0 0
"151" 151 0.47533632287 0 1 6 2 6 60 0 1 1 0 0 0 2 0 4 0 0 6 0 0
"152" 152 0.044776119403 0 0 0 0 0 0 2 0 0 0 0 0 0 80 0 0 9 0 0 0
"153" 153 0.367713004484 2 0 5 0 7 11 3 0 2 1 22 1 3 2 2 0 2 27 1 0
"154" 154 0.172413793103 0 0 0 0 0 0 35 0 0 0 0 0 0 3 0 0 52 0 1 0
"155" 155 0.137931034483 8 0 4 0 0 2 2 0 29 0 8 2 1 1 0 0 17 9 3 5
"156" 156 0.238410596026 0 1 70 1 0 1 0 0 15 0 2 1 0 0 0 0 0 0 0 0
"157" 157 0.0232558139535 6 0 9 0 0 0 0 0 72 0 0 0 0 0 2 0 0 0 1 1
"158" 158 0.276729559748 0 0 3 0 0 0 0 49 0 0 34 4 0 1 0 0 0 0 0 0
"159" 159 0.405128205128 0 1 0 88 0 0 1 0 0 0 0 1 0 0 0 0 0 0 0 0
"160" 160 0.0179372197309 0 0 0 0 90 0 0 0 0 0 0 1 0 0 0 0 0 0 0 0
"161" 161 0.0932642487047 0 89 0 0 0 0 0 0 1 0 0 0 0 0 0 0 0 1 0 0
"162" 162 0.0102564102564 0 0 35 42 0 0 0 0 8 0 0 0 0 0 0 0 0 0 0 0
"163" 163 0.0 0 0 0 0 0 0 0 91 0 0 0 0 0 0 0 0 0 0 0 0
"164" 164 0.0152284263959 0 0 0 0 0 0 14 0 1 0 1 0 0 62 1 1 6 0 4 1
"165" 165 0.275229357798 0 0 11 0 1 0 0 0 13 0 0 0 0 2 0 0 0 0 0 64
"166" 166 0.5 1 19 4 1 6 4 0 5 9 0 3 5 2 0 0 0 0 32 0 0
"167" 167 0.451923076923 1 1 6 4 0 4 1 0 0 0 0 65 0 0 4 0 4 1 0 0
"168" 168 0.0529801324503 0 1 1 6 6 20 1 1 0 0 9 25 3 11 2 0 3 1 1 0
"169" 169 0.110266159696 0 0 0 0 3 6 7 0 44 5 2 0 0 1 1 0 6 3 12 0
"170" 170 0.0 0 0 0 0 0 0 0 87 0 0 2 0 0 0 0 0 2 0 0 0
"171" 171 0.0 0 0 0 0 0 0 62 0 0 1 0 0 0 20 0 0 8 0 0 0
"172" 172 0.0 0 0 0 0 0 0 6 0 0 6 0 0 0 74 0 0 2 0 0 3
"173" 173 0.00961538461538 0 0 0 0 0 0 0 0 0 0 9 79 0 1 0 0 2 0 0 0
"174" 174 0.0 3 0 1 8 0 0 14 0 0 1 1 0 0 57 0 0 4 0 0 2
"175" 175 0.0 0 91 0 0 0 0 0 0 0 0 0 0 0 0 0 0 0 0 0 0
"176" 176 0.0 1 0 0 0 0 0 0 0 0 0 0 0 0 1 0 0 89 0 0 0
"177" 177 0.191489361702 0 0 0 0 0 0 0 0 0 0 0 0 0 0 0 91 0 0 0 0
"178" 178 0.504464285714 0 0 0 0 0 0 0 0 0 0 0 0 0 0 0 0 0 91 0 0
"179" 179 0.186602870813 0 0 0 0 0 0 0 0 0 0 0 0 91 0 0 0 0 0 0 0
"180" 180 0.0232558139535 0 0 2 0 0 0 0 0 0 0 88 0 0 0 0 0 0 0 0 0
"181" 181 0.0190114068441 0 0 0 0 0 0 0 0 0 0 0 0 0 0 0 0 0 0 90 0
"182" 182 0.410646387833 0 0 0 0 0 0 0 0 0 0 0 0 0 0 0 0 0 0 90 0
"183" 183 0.477611940299 0 0 0 0 0 0 2 0 0 0 0 0 0 87 0 0 1 0 0 0
"184" 184 0.28102189781 0 0 4 24 6 48 0 0 1 0 0 0 2 0 5 0 0 0 0 0
"185" 185 0.0228136882129 0 0 0 0 0 0 0 0 0 4 0 0 1 0 0 0 0 0 85 0
"186" 186 0.304932735426 0 0 0 0 76 9 0 0 0 0 0 0 1 0 4 0 0 0 0 0
"187" 187 0.610256410256 0 0 1 86 1 0 0 0 0 1 0 0 0 0 0 0 0 0 1 0
"188" 188 0.295620437956 0 0 1 2 0 19 0 0 0 0 0 0 0 2 56 0 9 1 0 0
"189" 189 0.113138686131 0 0 0 0 0 0 0 0 0 0 0 0 0 0 90 0 0 0 0 0
"190" 190 0.584905660377 0 1 0 1 1 0 0 71 0 0 9 7 0 0 0 0 0 0 0 0
"191" 191 0.397321428571 0 62 0 3 2 0 0 0 1 0 2 0 0 0 0 0 0 20 0 0
"192" 192 0.00380228136882 0 0 0 0 0 0 0 0 0 2 0 0 0 0 0 1 0 0 87 0
"193" 193 0.00995024875622 0 0 0 0 0 0 53 0 0 0 0 0 0 19 0 0 15 0 0 3
"194" 194 0.425641025641 0 6 12 9 7 25 0 0 4 0 14 6 0 0 0 0 0 7 0 0
"195" 195 0.251282051282 0 0 2 8 1 0 0 0 1 0 72 2 0 0 0 0 0 4 0 0
"196" 196 0.0 0 0 0 0 0 0 7 0 0 50 0 0 0 0 0 33 0 0 0 0
"197" 197 0.0248226950355 0 0 0 0 1 0 0 0 0 22 0 0 0 0 0 63 0 0 3 1
"198" 198 0.379487179487 0 5 8 62 4 4 0 0 1 0 0 0 2 0 0 0 0 4 0 0
"199" 199 0.0 0 0 0 0 0 0 8 0 3 0 0 0 0 2 1 0 76 0 0 0
"200" 200 0.0 0 0 0 0 0 0 25 0 0 0 3 0 0 1 0 0 61 0 0 0
"201" 201 0.148717948718 0 11 1 78 0 0 0 0 0 0 0 0 0 0 0 0 0 0 0 0
"202" 202 0.0425531914894 0 0 0 0 0 0 0 0 0 1 0 0 0 0 0 89 0 0 0 0
"203" 203 0.450331125828 0 47 3 13 1 5 0 1 4 0 2 2 1 0 2 0 0 7 0 0
"204" 204 0.0982142857143 0 4 0 2 4 18 0 0 0 3 13 0 1 0 2 1 2 36 2 0
"205" 205 0.0 0 0 0 0 0 0 5 0 0 0 11 0 0 0 0 0 71 0 0 0
"206" 206 0.0923076923077 0 4 12 20 2 0 0 0 4 0 21 5 0 0 0 0 0 9 0 0
"207" 207 0.456204379562 0 5 0 1 5 22 0 0 3 0 6 0 0 0 16 0 0 19 0 0
"208" 208 0.0 0 0 0 3 1 4 0 0 0 0 0 0 0 11 47 0 0 0 0 0
"209" 209 0.046511627907 0 0 0 0 0 0 0 0 0 18 0 0 0 2 0 0 0 0 28 0
"210" 210 0.569506726457 0 3 5 1 9 2 0 0 0 0 15 0 0 0 0 0 1 11 0 1
"211" 211 0.410852713178 0 1 3 0 2 2 0 0 0 0 31 0 0 0 0 0 0 5 0 0
"212" 212 0.271523178808 1 0 2 0 0 0 0 0 0 0 36 0 0 0 0 0 0 0 0 0
