"site" "RSA" "aa1" "aa2" "aa3" "aa4" "aa5" "aa6" "aa7" "aa8" "aa9" "aa10" "aa11" "aa12" "aa13" "aa14" "aa15" "aa16" "aa17" "aa18" "aa19" "aa20"
"0" 0 0.317880794702 0 0 52 0 0 0 0 24 27 0 24 4 0 0 0 0 0 0 0 0
"1" 1 0.00507614213198 0 0 0 0 0 0 44 0 9 0 0 0 0 1 0 0 74 0 3 0
"2" 2 0.0 0 0 4 0 0 0 0 0 0 0 7 120 0 0 0 0 0 0 0 0
"3" 3 0.10460251046 0 2 1 1 2 19 0 0 0 70 1 0 3 1 0 1 0 0 29 1
"4" 4 0.269035532995 0 3 1 9 0 0 80 0 4 0 14 4 0 1 0 0 15 0 0 0
"5" 5 0.709844559585 0 16 16 22 11 10 4 0 9 0 3 3 2 8 4 2 2 15 3 1
"6" 6 0.5 0 0 8 0 2 38 0 0 47 0 7 1 0 0 18 0 0 3 0 7
"7" 7 0.421524663677 0 3 45 5 2 12 0 0 23 1 5 18 0 0 4 0 1 7 2 3
"8" 8 0.0348258706468 0 0 3 0 6 0 3 0 0 0 4 0 0 105 0 0 6 4 0 0
"9" 9 0.403846153846 0 17 42 2 2 8 0 2 7 1 19 8 0 6 8 0 0 4 1 4
"10" 10 0.0174418604651 0 0 0 0 0 0 0 0 127 0 4 0 0 0 0 0 0 0 0 0
"11" 11 0.574358974359 0 11 8 73 1 16 0 0 0 0 12 1 2 0 1 0 0 1 2 3
"12" 12 0.459119496855 0 2 28 2 8 12 1 0 20 0 7 26 0 14 5 0 1 3 2 0
"13" 13 0.0232558139535 0 0 10 0 0 0 0 0 3 0 117 0 0 0 0 0 0 0 0 1
"14" 14 0.629464285714 0 1 5 3 8 17 4 0 14 8 3 2 5 17 5 0 6 8 21 4
"15" 15 0.28855721393 0 0 0 0 1 0 0 0 2 0 0 0 0 121 0 0 7 0 0 0
"16" 16 0.119496855346 0 3 12 0 0 0 1 51 3 8 8 2 0 1 0 5 4 0 31 2
"17" 17 0.704402515723 0 11 15 9 3 10 1 34 3 0 15 7 0 10 1 0 1 10 0 1
"18" 18 0.119402985075 0 0 0 0 0 0 0 0 0 0 0 0 0 131 0 0 0 0 0 0
"19" 19 0.522012578616 0 2 2 0 0 1 0 119 0 0 2 0 0 2 2 0 0 1 0 0
"20" 20 0.133079847909 0 0 2 0 0 0 0 0 2 0 0 0 4 0 0 0 0 0 123 0
"21" 21 0.355769230769 0 8 31 4 7 6 0 0 6 0 6 11 36 10 3 0 0 3 0 0
"22" 22 0.281368821293 0 0 0 0 1 0 0 0 0 46 0 0 1 1 0 0 0 0 81 1
"23" 23 0.559585492228 0 32 26 12 0 3 0 0 1 0 9 38 0 0 1 3 1 5 0 0
"24" 24 0.248062015504 0 12 1 0 0 0 0 0 0 0 111 7 0 0 0 0 0 0 0 0
"25" 25 0.0 0 0 0 0 0 0 0 0 0 0 0 0 0 131 0 0 0 0 0 0
"26" 26 0.352678571429 0 2 29 0 5 28 3 0 0 11 5 5 10 0 8 0 0 5 17 3
"27" 27 0.476793248945 0 17 7 19 14 16 0 0 7 0 9 3 0 12 9 0 7 7 0 4
"28" 28 0.0 0 0 0 0 0 0 0 0 0 0 131 0 0 0 0 0 0 0 0 0
"29" 29 0.0253807106599 0 0 0 0 1 0 103 0 0 0 0 0 0 0 0 0 18 1 0 8
"30" 30 0.0829015544041 0 6 8 2 0 5 0 0 0 0 21 4 83 0 2 0 0 0 0 0
"31" 31 0.0697674418605 0 0 5 0 0 13 0 2 0 0 80 9 0 0 0 0 0 17 0 5
"32" 32 0.495535714286 0 13 5 8 13 25 5 0 6 2 6 1 2 9 5 0 5 20 6 0
"33" 33 0.0116279069767 0 0 0 0 0 0 55 0 26 0 2 1 0 33 0 0 5 6 0 3
"34" 34 0.0045871559633 0 0 2 30 1 0 0 0 1 0 30 1 0 0 0 0 0 3 0 63
"35" 35 0.434599156118 0 0 0 0 10 37 39 0 1 6 1 0 1 6 11 1 0 3 10 5
"36" 36 0.407960199005 0 5 1 5 8 29 21 0 4 5 8 0 2 9 5 1 9 13 4 2
"37" 37 0.0191387559809 0 0 1 0 6 0 0 0 1 0 5 0 5 107 0 0 0 3 0 3
"38" 38 0.0334928229665 0 0 0 0 0 0 0 0 0 6 0 0 123 0 0 2 0 0 0 0
"39" 39 0.326424870466 0 50 1 6 6 2 0 0 1 0 5 1 0 19 3 0 1 31 0 5
"40" 40 0.599156118143 0 7 1 4 4 11 36 0 1 0 1 0 0 10 4 0 39 11 1 1
"41" 41 0.311004784689 0 3 0 0 5 1 16 0 2 0 3 0 9 5 0 2 79 4 2 0
"42" 42 0.0 0 0 0 0 0 0 0 0 0 0 0 0 131 0 0 0 0 0 0 0
"43" 43 0.124031007752 0 0 1 0 2 57 0 0 0 1 17 0 1 24 22 2 0 0 2 2
"44" 44 0.294573643411 0 0 11 8 11 20 0 0 12 0 27 0 1 4 3 3 0 22 1 8
"45" 45 0.102661596958 0 0 0 2 0 1 0 0 0 2 2 0 9 0 0 29 0 0 83 3
"46" 46 0.0229885057471 0 0 0 0 0 0 1 0 0 0 2 0 0 0 0 0 127 0 0 1
"47" 47 0.471794871795 0 23 1 7 17 12 9 0 1 0 8 0 0 26 8 0 3 9 0 7
"48" 48 0.369230769231 0 7 1 8 14 12 5 0 4 1 7 8 1 13 22 2 1 12 0 13
"49" 49 0.00497512437811 0 0 0 0 1 0 0 0 1 0 1 0 0 128 0 0 0 0 0 0
"50" 50 0.14358974359 0 0 0 131 0 0 0 0 0 0 0 0 0 0 0 0 0 0 0 0
"51" 51 0.441025641026 0 12 3 14 7 23 5 0 5 0 18 0 2 15 5 8 0 10 1 3
"52" 52 0.0232558139535 0 0 0 0 0 0 0 0 0 0 130 1 0 0 0 0 0 0 0 0
"53" 53 0.00995024875622 0 0 0 0 0 0 0 0 0 0 0 0 0 131 0 0 0 0 0 0
"54" 54 0.599156118143 0 18 1 28 4 29 1 0 2 1 14 3 0 16 7 2 0 2 2 1
"55" 55 0.603375527426 0 9 1 9 12 29 3 0 1 0 8 1 2 23 11 0 2 14 1 5
"56" 56 0.167464114833 0 1 0 4 5 4 0 0 0 16 4 0 31 1 26 0 7 0 29 3
"57" 57 0.471698113208 0 0 7 0 1 2 0 112 4 0 2 0 0 0 1 1 0 0 0 1
"58" 58 0.549107142857 0 32 4 4 6 20 3 0 8 0 8 4 3 2 3 1 5 22 4 2
"59" 59 0.114427860697 0 0 0 0 0 0 0 0 0 0 0 0 0 131 0 0 0 0 0 0
"60" 60 0.224215246637 0 0 9 0 57 19 0 0 38 0 5 0 0 0 0 0 0 2 0 1
"61" 61 0.815384615385 0 6 28 22 8 14 0 0 32 1 1 2 0 7 3 0 0 3 1 3
"62" 62 0.271523178808 0 0 5 1 31 11 0 0 26 10 2 4 2 25 2 1 0 0 8 3
"63" 63 0.0529801324503 0 0 106 1 0 1 0 0 13 1 5 1 2 0 0 0 0 0 1 0
"64" 64 0.00574712643678 0 0 0 0 0 0 1 0 6 0 1 0 0 0 0 0 123 0 0 0
"65" 65 0.0 0 0 0 0 0 0 0 0 0 0 0 0 0 0 0 0 0 131 0 0
"66" 66 0.325581395349 0 57 7 2 13 1 1 0 20 2 11 0 0 0 0 3 1 9 3 1
"67" 67 0.0298507462687 0 0 0 0 0 0 0 0 0 0 1 0 0 130 0 0 0 0 0 0
"68" 68 0.0149253731343 0 0 0 0 1 0 0 0 0 0 1 0 0 125 0 0 0 0 0 4
"69" 69 0.43795620438 0 1 10 16 13 14 0 0 5 3 48 4 1 0 7 1 0 3 2 3
"70" 70 0.419689119171 0 59 2 25 1 0 0 0 0 1 4 0 22 2 7 0 0 3 4 1
"71" 71 0.129353233831 0 0 1 0 0 0 0 9 0 0 0 0 1 117 0 0 0 3 0 0
"72" 72 0.682051282051 0 43 23 16 1 10 0 0 2 0 8 4 0 3 3 1 0 16 0 1
"73" 73 0.509933774834 0 7 74 4 5 6 0 0 3 0 17 5 0 3 3 1 0 2 0 1
"74" 74 0.0 0 0 0 0 0 0 1 0 0 0 0 0 0 0 0 0 130 0 0 0
"75" 75 0.220125786164 0 0 0 0 0 1 0 125 0 0 0 0 5 0 0 0 0 0 0 0
"76" 76 0.709821428571 0 11 5 3 8 24 1 0 13 1 13 5 0 8 3 1 2 32 0 1
"77" 77 0.549222797927 0 21 21 12 5 13 0 0 4 0 8 4 0 9 7 0 0 25 0 2
"78" 78 0.0152284263959 0 0 0 0 0 1 85 0 4 0 0 0 0 0 0 0 41 0 0 0
"79" 79 0.259124087591 0 0 0 0 4 54 0 0 0 0 3 0 0 0 69 0 0 1 0 0
"80" 80 0.517441860465 0 35 5 15 9 8 1 0 6 0 9 1 1 6 3 1 6 18 1 6
"81" 81 0.308139534884 0 3 0 0 4 5 49 0 11 0 6 0 0 11 3 0 17 12 0 10
"82" 82 0.0 0 0 0 0 0 0 4 0 0 0 1 0 0 0 0 0 126 0 0 0
"83" 83 0.332116788321 0 0 0 0 1 0 0 0 1 0 0 0 0 0 129 0 0 0 0 0
"84" 84 0.317948717949 0 0 1 4 20 14 13 0 8 1 3 1 3 19 7 0 17 15 1 4
"85" 85 0.0871794871795 0 4 10 2 0 0 0 0 0 0 109 0 5 0 0 0 0 0 1 0
"86" 86 0.00961538461538 0 0 0 0 0 0 0 0 0 0 0 131 0 0 0 0 0 0 0 0
"87" 87 0.00961538461538 0 0 0 0 0 0 0 0 0 0 0 131 0 0 0 0 0 0 0 0
"88" 88 0.0 0 0 0 0 0 0 0 0 0 0 0 131 0 0 0 0 0 0 0 0
"89" 89 0.00478468899522 0 1 0 3 0 1 0 0 1 0 5 0 103 0 0 0 13 0 0 4
"90" 90 0.0 0 0 0 0 0 0 1 0 0 0 0 0 0 130 0 0 0 0 0 0
"91" 91 0.0 0 0 1 123 0 0 0 0 0 0 7 0 0 0 0 0 0 0 0 0
"92" 92 0.0 0 0 0 3 1 0 0 0 0 48 0 0 34 0 1 0 0 8 35 1
"93" 93 0.0116279069767 0 0 4 1 1 0 6 0 85 0 31 0 0 0 0 0 3 0 0 0
"94" 94 0.00507614213198 0 0 0 0 0 0 125 0 0 0 0 0 0 0 0 0 6 0 0 0
"95" 95 0.00836820083682 0 0 0 0 0 0 0 0 0 80 0 0 0 0 0 1 0 0 50 0
"96" 96 0.0141843971631 0 0 0 0 0 0 0 0 0 0 0 0 0 0 0 131 0 0 0 0
"97" 97 0.152466367713 0 20 11 7 7 0 2 0 4 0 4 0 0 59 6 0 1 3 0 7
"98" 98 0.0 0 1 1 2 0 0 124 0 1 0 1 0 0 0 0 0 1 0 0 0
"99" 99 0.00917431192661 0 0 0 1 4 0 0 0 1 0 1 0 0 112 0 0 3 7 0 2
"100" 100 0.119205298013 0 0 74 0 0 0 0 0 0 0 40 0 1 0 16 0 0 0 0 0
"101" 101 0.308176100629 0 1 0 0 0 3 0 127 0 0 0 0 0 0 0 0 0 0 0 0
"102" 102 0.787564766839 0 8 4 28 14 7 0 0 19 4 2 3 1 13 4 9 2 2 8 3
"103" 103 0.153846153846 0 0 0 0 0 0 0 0 0 0 0 131 0 0 0 0 0 0 0 0
"104" 104 0.163461538462 0 0 0 0 0 0 0 0 0 0 0 131 0 0 0 0 0 0 0 0
"105" 105 0.548076923077 0 0 0 0 0 0 0 0 0 0 0 131 0 0 0 0 0 0 0 0
"106" 106 0.556053811659 0 4 19 5 3 14 2 3 48 0 2 3 3 1 3 1 1 7 0 12
"107" 107 0.11320754717 0 0 0 0 0 0 0 131 0 0 0 0 0 0 0 0 0 0 0 0
"108" 108 0.453488372093 0 0 2 4 12 12 15 0 27 4 1 3 1 8 1 0 24 3 10 4
"109" 109 0.423076923077 0 0 0 0 0 0 0 0 0 0 0 131 0 0 0 0 0 0 0 0
"110" 110 0.512953367876 0 41 2 2 65 0 1 0 5 0 1 0 0 8 0 0 3 3 0 0
"111" 111 0.0 0 0 2 0 0 0 124 0 0 0 0 0 0 0 0 0 5 0 0 0
"112" 112 0.108527131783 0 1 6 1 10 0 0 0 0 4 56 1 12 0 4 1 0 10 2 23
"113" 113 0.542600896861 0 7 2 12 14 22 4 0 2 1 16 0 0 12 7 2 9 15 0 6
"114" 114 0.196428571429 0 0 0 0 11 1 0 0 0 0 1 0 0 1 5 0 0 111 1 0
"115" 115 0.0 0 0 0 0 0 0 107 0 0 0 0 0 0 24 0 0 0 0 0 0
"116" 116 0.410256410256 0 7 2 14 13 26 11 0 7 0 17 1 3 0 14 2 0 7 1 6
"117" 117 0.704035874439 0 14 3 13 16 28 4 0 2 0 6 0 0 15 12 8 0 9 0 1
"118" 118 0.389534883721 0 0 0 0 10 0 19 0 1 0 0 0 0 0 2 0 90 7 0 2
"119" 119 0.117154811715 0 0 0 0 0 0 0 0 0 130 0 0 0 0 0 0 0 0 1 0
"120" 120 0.538461538462 0 0 0 0 0 0 0 0 0 0 0 131 0 0 0 0 0 0 0 0
"121" 121 0.238410596026 0 13 75 2 0 0 0 0 0 0 8 3 30 0 0 0 0 0 0 0
"122" 122 0.0627615062762 0 0 0 0 0 0 0 0 0 123 4 0 0 0 0 0 0 0 4 0
"123" 123 0.424107142857 0 30 5 21 11 10 1 0 6 0 17 5 0 5 3 0 2 11 1 3
"124" 124 0.316964285714 0 7 0 17 12 8 24 0 5 0 7 1 1 0 5 0 8 31 0 5
"125" 125 0.0 0 0 0 0 0 0 0 0 0 131 0 0 0 0 0 0 0 0 0 0
"126" 126 0.240506329114 0 0 0 0 4 92 1 0 0 3 9 0 0 0 20 0 0 2 0 0
"127" 127 0.556962025316 0 5 6 6 4 27 2 0 9 7 16 2 3 7 6 1 0 11 15 4
"128" 128 0.300448430493 0 7 0 7 33 6 1 0 1 0 9 0 0 45 0 0 0 9 1 12
"129" 129 0.0 0 0 0 0 0 0 0 0 0 131 0 0 0 0 0 0 0 0 0 0
"130" 130 0.14358974359 0 6 1 54 1 0 42 0 0 0 1 0 0 0 0 0 6 17 0 3
"131" 131 0.551569506726 0 0 4 1 12 23 0 0 6 2 34 1 1 18 6 1 0 13 2 7
"132" 132 0.15503875969 0 0 9 0 1 0 0 0 0 0 111 9 0 0 0 0 0 0 1 0
"133" 133 0.0 0 0 0 0 0 0 0 0 0 0 7 123 0 0 0 0 0 1 0 0
"134" 134 0.394230769231 0 6 1 15 9 7 11 0 4 1 27 0 3 7 3 0 21 10 1 5
"135" 135 0.626943005181 0 20 10 17 10 14 0 0 0 0 22 5 0 6 8 2 0 11 0 6
"136" 136 0.211678832117 0 3 1 14 29 0 0 0 0 0 10 1 0 0 69 0 0 3 0 1
"137" 137 0.832635983264 0 3 16 6 8 17 10 0 9 3 3 4 1 9 6 0 18 14 2 2
"138" 138 0.394230769231 0 0 0 0 0 0 0 0 0 0 0 131 0 0 0 0 0 0 0 0
"139" 139 0.258278145695 0 5 8 12 4 13 4 0 5 9 7 2 10 17 1 0 2 7 23 2
"140" 140 0.0 0 0 0 0 0 0 0 0 0 0 0 131 0 0 0 0 0 0 0 0
"141" 141 0.00354609929078 0 0 0 0 0 0 0 0 0 0 0 0 1 0 0 130 0 0 0 0
"142" 142 0.0 0 0 0 0 0 0 0 0 0 0 9 0 0 0 0 0 122 0 0 0
"143" 143 0.00354609929078 0 0 0 0 0 0 0 0 0 0 0 0 0 0 0 131 0 0 0 0
"144" 144 0.0 0 0 0 0 0 0 0 0 0 0 0 0 0 131 0 0 0 0 0 0
"145" 145 0.0 0 0 0 0 0 0 0 0 1 0 0 0 0 0 0 0 130 0 0 0
"146" 146 0.127737226277 0 0 1 0 0 4 0 0 0 0 1 0 0 0 124 0 0 0 0 1
"147" 147 0.0923076923077 0 80 9 23 0 0 0 0 11 0 2 6 0 0 0 0 0 0 0 0
"148" 148 0.62893081761 0 0 25 2 28 10 0 20 13 0 10 3 2 1 3 4 3 5 0 2
"149" 149 0.708520179372 0 22 16 29 16 13 0 0 5 0 4 6 0 6 2 0 0 8 2 2
"150" 150 0.355769230769 0 0 0 0 0 0 0 0 0 0 0 131 0 0 0 0 0 0 0 0
"151" 151 0.47533632287 0 0 3 9 33 12 0 0 3 4 1 1 5 17 19 1 0 5 6 12
"152" 152 0.044776119403 0 0 0 0 0 0 0 0 0 0 0 0 0 131 0 0 0 0 0 0
"153" 153 0.367713004484 0 0 6 0 18 22 0 0 0 0 9 2 1 4 49 0 0 14 3 3
"154" 154 0.172413793103 0 0 0 0 0 0 0 0 1 0 0 0 0 0 0 0 130 0 0 0
"155" 155 0.137931034483 0 0 0 0 2 0 1 0 9 0 0 0 0 0 2 0 112 3 1 1
"156" 156 0.238410596026 0 0 97 0 0 0 0 0 3 3 4 3 0 0 0 8 0 0 13 0
"157" 157 0.0232558139535 0 0 4 0 0 1 0 0 117 0 0 0 0 0 6 0 0 1 0 2
"158" 158 0.276729559748 0 1 1 0 0 2 0 112 0 0 6 4 0 1 1 0 0 1 0 2
"159" 159 0.405128205128 0 12 36 44 0 0 0 0 0 1 2 32 0 0 1 0 0 0 3 0
"160" 160 0.0179372197309 0 0 0 4 102 0 0 0 0 1 0 0 0 0 0 0 0 22 2 0
"161" 161 0.0932642487047 0 130 0 0 0 0 0 0 0 1 0 0 0 0 0 0 0 0 0 0
"162" 162 0.0102564102564 0 0 12 28 0 0 0 0 49 0 36 0 0 0 0 0 5 0 0 1
"163" 163 0.0 0 0 0 0 0 0 0 131 0 0 0 0 0 0 0 0 0 0 0 0
"164" 164 0.0152284263959 0 0 9 0 0 0 99 0 4 0 2 1 0 0 0 0 9 0 0 7
"165" 165 0.275229357798 0 0 5 4 5 0 0 0 4 0 2 0 0 108 1 0 0 2 0 0
"166" 166 0.5 0 4 3 17 6 10 2 0 10 2 0 0 7 6 1 48 2 2 11 0
"167" 167 0.451923076923 0 0 0 0 0 0 0 0 0 0 0 131 0 0 0 0 0 0 0 0
"168" 168 0.0529801324503 0 0 2 5 1 0 0 0 0 0 45 0 7 0 0 1 0 0 0 70
"169" 169 0.110266159696 0 0 0 0 0 0 0 0 0 16 0 0 0 0 0 0 3 0 112 0
"170" 170 0.0 0 0 0 0 0 0 0 131 0 0 0 0 0 0 0 0 0 0 0 0
"171" 171 0.0 0 0 0 0 0 0 122 0 0 0 0 0 0 0 0 0 9 0 0 0
"172" 172 0.0 0 0 0 0 0 0 0 0 0 0 1 0 0 4 0 0 0 0 0 126
"173" 173 0.00961538461538 0 0 0 0 0 0 0 0 0 0 0 131 0 0 0 0 0 0 0 0
"174" 174 0.0 0 0 8 6 0 0 0 0 0 0 103 0 0 0 0 0 9 0 0 5
"175" 175 0.0 0 94 1 30 5 0 0 0 0 0 0 0 1 0 0 0 0 0 0 0
"176" 176 0.0 0 8 1 69 0 0 0 0 36 0 7 1 0 0 0 0 9 0 0 0
"177" 177 0.191489361702 0 3 37 2 0 0 0 0 27 0 3 2 10 0 0 44 0 3 0 0
"178" 178 0.504464285714 0 6 16 1 3 12 0 26 2 0 15 2 1 0 27 0 0 17 2 1
"179" 179 0.186602870813 0 16 26 12 4 14 1 0 5 0 2 4 4 16 3 0 7 8 1 8
"180" 180 0.0232558139535 0 0 10 0 0 0 0 0 0 0 116 5 0 0 0 0 0 0 0 0
"181" 181 0.0190114068441 0 0 0 0 0 0 0 0 0 0 0 0 0 0 0 0 0 0 131 0
"182" 182 0.410646387833 0 1 2 2 3 31 0 0 1 7 7 4 4 0 12 14 0 30 9 4
"183" 183 0.477611940299 0 2 0 4 17 2 6 0 2 5 6 41 0 3 3 0 2 28 9 1
"184" 184 0.28102189781 0 2 0 0 27 23 0 0 4 0 2 0 0 2 66 0 0 5 0 0
"185" 185 0.0228136882129 0 0 0 0 0 0 0 0 0 7 0 0 0 0 0 0 0 0 124 0
"186" 186 0.304932735426 0 2 14 13 9 0 0 0 0 0 9 68 0 0 13 0 0 2 1 0
"187" 187 0.610256410256 0 39 9 15 5 10 0 18 8 0 4 1 1 3 2 5 1 7 0 3
"188" 188 0.295620437956 0 6 0 24 14 9 0 0 0 1 10 0 2 7 46 0 0 7 3 2
"189" 189 0.113138686131 0 0 0 0 0 0 0 0 0 0 0 0 0 0 131 0 0 0 0 0
"190" 190 0.584905660377 0 1 2 0 1 2 0 108 1 0 3 0 0 0 0 0 0 11 1 1
"191" 191 0.397321428571 0 33 3 6 13 16 1 0 2 0 5 3 0 5 4 0 10 25 1 4
"192" 192 0.00380228136882 0 0 0 0 0 0 0 0 0 84 0 0 1 0 0 0 0 0 46 0
"193" 193 0.00995024875622 0 1 0 0 0 0 0 0 0 0 7 0 0 99 0 0 0 0 0 24
"194" 194 0.425641025641 0 3 0 0 7 14 0 0 2 0 4 0 1 1 10 1 0 86 1 1
"195" 195 0.251282051282 0 5 4 43 6 0 0 0 1 0 3 1 2 0 0 0 0 65 0 1
"196" 196 0.0 0 0 0 0 0 0 0 0 0 0 0 0 0 0 0 131 0 0 0 0
"197" 197 0.0248226950355 0 0 0 0 0 0 0 0 0 0 0 0 0 0 0 131 0 0 0 0
"198" 198 0.379487179487 0 1 0 16 2 88 0 0 0 0 3 0 0 9 5 0 0 6 0 1
"199" 199 0.0 0 0 0 0 0 0 128 0 0 0 0 0 0 0 0 0 3 0 0 0
"200" 200 0.0 0 0 0 0 0 0 0 0 1 0 0 0 0 0 0 0 130 0 0 0
"201" 201 0.148717948718 0 94 0 36 0 0 0 0 0 0 0 0 0 0 0 0 0 0 1 0
"202" 202 0.0425531914894 0 0 0 0 0 0 0 0 0 0 0 0 0 0 0 131 0 0 0 0
"203" 203 0.450331125828 0 35 4 15 5 11 3 0 10 0 12 4 2 3 4 0 8 13 0 2
"204" 204 0.0982142857143 0 0 1 11 22 4 1 0 4 0 8 0 5 0 2 0 2 64 0 7
"205" 205 0.0 0 0 0 0 0 0 118 0 1 0 0 0 0 0 0 0 12 0 0 0
"206" 206 0.0923076923077 0 0 0 103 1 1 0 0 0 0 2 0 0 0 2 0 3 19 0 0
"207" 207 0.456204379562 0 6 1 12 7 67 4 0 0 0 5 0 0 6 10 1 1 6 1 4
"208" 208 0.0 0 0 0 0 1 0 0 0 0 0 1 0 0 0 127 0 0 0 0 2
"209" 209 0.046511627907 0 1 3 0 0 0 0 0 20 0 107 0 0 0 0 0 0 0 0 0
"210" 210 0.569506726457 0 7 2 4 8 26 3 0 1 2 4 3 0 12 39 2 2 6 0 10
"211" 211 0.410852713178 0 0 3 1 11 0 0 0 8 0 89 5 9 0 1 4 0 0 0 0
"212" 212 0.271523178808 0 0 103 0 0 0 0 0 0 0 25 3 0 0 0 0 0 0 0 0
