"site" "RSA" "aa1" "aa2" "aa3" "aa4" "aa5" "aa6" "aa7" "aa8" "aa9" "aa10" "aa11" "aa12" "aa13" "aa14" "aa15" "aa16" "aa17" "aa18" "aa19" "aa20"
"0" 0 0.569037656904 0 0 0 0 0 53 0 0 0 0 0 0 0 7 0 0 0 0 0 0
"1" 1 0.343023255814 0 0 0 0 0 25 0 0 30 0 0 0 0 0 0 0 0 4 0 1
"2" 2 0.0 0 0 0 0 0 0 0 0 0 0 0 0 0 60 0 0 0 0 0 0
"3" 3 0.287179487179 0 0 0 0 0 21 0 0 0 18 0 0 0 0 8 0 0 1 12 0
"4" 4 0.526785714286 0 0 0 0 0 60 0 0 0 0 0 0 0 0 0 0 0 0 0 0
"5" 5 0.848101265823 0 0 0 0 0 59 0 0 0 0 0 0 0 0 1 0 0 0 0 0
"6" 6 0.282511210762 0 0 0 0 0 0 0 0 0 0 0 0 0 0 0 0 0 60 0 0
"7" 7 0.18407960199 0 0 0 0 0 0 0 0 0 0 0 0 0 60 0 0 0 0 0 0
"8" 8 0.226744186047 0 0 0 0 9 51 0 0 0 0 0 0 0 0 0 0 0 0 0 0
"9" 9 0.818652849741 0 0 0 0 0 60 0 0 0 0 0 0 0 0 0 0 0 0 0 0
"10" 10 0.357512953368 0 2 0 0 0 0 0 0 0 0 0 0 0 11 41 0 0 0 0 6
"11" 11 0.0 0 0 0 0 0 0 0 60 0 0 0 0 0 0 0 0 0 0 0 0
"12" 12 0.203045685279 0 27 0 0 0 0 0 0 0 1 0 0 0 0 0 4 0 0 0 28
"13" 13 0.424870466321 0 0 0 0 0 24 0 0 0 0 0 0 0 0 0 0 0 36 0 0
"14" 14 0.0149253731343 0 0 0 0 0 0 0 0 0 0 0 0 0 60 0 0 0 0 0 0
"15" 15 0.00836820083682 0 0 0 0 1 1 0 0 0 4 50 1 0 0 0 0 2 0 0 1
"16" 16 0.296511627907 0 0 0 0 0 23 0 0 0 0 1 0 0 0 35 0 0 1 0 0
"17" 17 0.409282700422 0 0 0 0 0 0 0 0 0 0 0 0 0 0 60 0 0 0 0 0
"18" 18 0.00354609929078 0 0 0 0 0 0 0 0 0 0 0 0 0 0 0 60 0 0 0 0
"19" 19 0.0543933054393 0 4 0 0 1 0 1 0 0 4 1 0 0 27 0 0 0 2 0 20
"20" 20 0.317948717949 0 3 0 0 0 15 0 0 0 0 0 0 0 1 9 0 0 32 0 0
"21" 21 0.28125 0 0 0 0 0 0 0 0 0 0 0 0 0 0 0 0 0 60 0 0
"22" 22 0.0 0 0 0 0 0 0 0 0 0 0 59 1 0 0 0 0 0 0 0 0
"23" 23 0.489451476793 0 0 2 0 0 56 0 0 0 0 0 0 0 0 0 0 0 0 0 2
"24" 24 0.678571428571 0 0 0 0 0 60 0 0 0 0 0 0 0 0 0 0 0 0 0 0
"25" 25 0.170984455959 0 0 0 3 0 0 0 0 0 0 0 0 0 0 0 0 0 57 0 0
"26" 26 0.723270440252 0 0 0 0 0 60 0 0 0 0 0 0 0 0 0 0 0 0 0 0
"27" 27 0.419708029197 0 0 0 0 0 60 0 0 0 0 0 0 0 0 0 0 0 0 0 0
"28" 28 0.107142857143 0 0 0 0 0 0 59 0 0 0 0 0 0 0 0 0 1 0 0 0
"29" 29 0.71511627907 0 0 0 0 0 60 0 0 0 0 0 0 0 0 0 0 0 0 0 0
"30" 30 0.432835820896 0 59 0 0 0 0 0 0 0 0 0 0 0 1 0 0 0 0 0 0
"31" 31 0.0566037735849 0 0 0 0 0 0 0 0 0 1 0 1 1 0 0 54 1 2 0 0
"32" 32 0.236607142857 0 0 0 0 0 0 0 0 0 0 0 0 0 0 60 0 0 0 0 0
"33" 33 0.232558139535 0 0 1 0 0 0 0 0 0 0 1 0 0 1 55 0 0 0 0 2
"34" 34 0.0152284263959 0 0 0 0 0 0 10 0 18 0 2 0 0 0 1 0 29 0 0 0
"35" 35 0.255813953488 0 0 0 0 0 1 0 0 0 0 0 0 0 56 0 0 0 3 0 0
"36" 36 0.0 0 0 0 0 0 0 0 0 0 4 0 0 3 50 0 1 0 0 1 1
"37" 37 0.218543046358 0 0 0 0 0 2 26 0 0 5 0 0 0 0 3 0 24 0 0 0
"38" 38 0.0331125827815 0 0 54 0 0 0 0 0 0 0 6 0 0 0 0 0 0 0 0 0
"39" 39 0.193798449612 0 0 0 0 0 0 0 0 0 0 42 0 0 0 0 6 0 2 2 8
"40" 40 0.290178571429 1 18 2 21 0 10 3 0 0 5 0 0 0 0 0 0 0 0 0 0
"41" 41 0.44776119403 0 0 0 0 0 45 0 0 0 0 0 0 0 0 12 0 0 1 2 0
"42" 42 0.698113207547 0 10 0 0 0 31 0 18 0 0 0 0 0 0 0 0 0 1 0 0
"43" 43 0.483443708609 0 1 0 0 0 50 0 0 0 0 0 0 0 0 3 0 0 4 0 2
"44" 44 0.471153846154 0 0 0 0 0 0 0 0 0 0 0 60 0 0 0 0 0 0 0 0
"45" 45 0.565693430657 0 0 0 0 0 1 0 0 0 0 1 0 0 1 10 0 0 47 0 0
"46" 46 0.614942528736 0 0 0 0 0 3 8 0 0 0 0 0 0 0 2 8 39 0 0 0
"47" 47 0.0860927152318 0 0 2 24 1 6 1 0 9 0 0 0 0 0 15 0 0 0 1 1
"48" 48 0.503311258278 0 0 0 0 0 3 0 0 0 0 0 0 0 0 0 0 0 0 0 57
"49" 49 0.186131386861 0 0 44 0 0 0 0 0 16 0 0 0 0 0 0 0 0 0 0 0
"50" 50 0.56345177665 0 1 0 0 0 3 1 0 0 0 0 0 0 0 1 54 0 0 0 0
"51" 51 0.134328358209 0 0 0 0 0 56 0 0 0 0 0 0 0 0 0 0 4 0 0 0
"52" 52 0.477611940299 0 0 0 0 0 0 0 0 0 0 0 0 0 60 0 0 0 0 0 0
"53" 53 0.0418410041841 2 0 3 0 2 0 0 0 0 46 4 0 2 0 1 0 0 0 0 0
"54" 54 0.400843881857 0 0 0 0 0 0 8 0 0 0 0 0 0 3 1 0 0 0 0 48
"55" 55 0.272321428571 0 0 2 0 1 0 0 0 1 24 0 0 1 0 3 0 0 0 23 5
"56" 56 0.233830845771 0 0 0 0 1 0 0 0 47 0 0 0 1 6 0 3 0 0 2 0
"57" 57 0.259067357513 0 34 2 3 0 0 0 0 21 0 0 0 0 0 0 0 0 0 0 0
"58" 58 0.760765550239 0 0 0 0 0 60 0 0 0 0 0 0 0 0 0 0 0 0 0 0
"59" 59 0.244525547445 0 0 0 0 0 8 0 0 2 0 0 0 0 33 0 0 0 14 3 0
"60" 60 0.0288461538462 0 0 0 0 0 0 0 0 0 0 0 60 0 0 0 0 0 0 0 0
"61" 61 0.0 0 0 3 0 0 0 1 0 0 50 1 0 0 5 0 0 0 0 0 0
"62" 62 0.00581395348837 1 0 0 0 0 0 0 0 3 0 1 0 0 0 0 0 52 3 0 0
"63" 63 0.00507614213198 0 0 0 0 0 0 10 0 4 24 0 0 0 0 0 0 2 0 14 6
"64" 64 0.136882129278 0 0 0 0 0 0 54 0 0 1 0 0 0 0 0 0 0 1 0 4
"65" 65 0.0728476821192 0 56 1 0 0 0 0 0 0 0 0 3 0 0 0 0 0 0 0 0
"66" 66 0.0410256410256 0 59 0 1 0 0 0 0 0 0 0 0 0 0 0 0 0 0 0 0
"67" 67 0.0602836879433 0 0 0 0 0 0 0 0 0 0 0 0 1 0 0 59 0 0 0 0
"68" 68 0.346153846154 0 0 0 0 0 0 0 0 0 0 0 60 0 0 0 0 0 0 0 0
"69" 69 0.18023255814 0 0 0 0 0 55 0 0 0 0 0 0 0 0 5 0 0 0 0 0
"70" 70 0.0 0 1 57 0 0 0 0 0 0 0 0 0 2 0 0 0 0 0 0 0
"71" 71 0.328467153285 0 0 0 0 0 16 0 6 0 0 0 0 0 1 0 0 0 5 0 32
"72" 72 0.0295358649789 0 1 1 0 0 0 0 0 11 0 0 0 43 0 0 0 4 0 0 0
"73" 73 0.0387596899225 0 0 0 0 0 0 0 0 0 0 60 0 0 0 0 0 0 0 0 0
"74" 74 0.516746411483 0 1 0 0 0 46 0 0 0 0 0 0 12 0 0 0 0 1 0 0
"75" 75 0.00518134715026 0 35 0 16 0 0 0 0 0 0 9 0 0 0 0 0 0 0 0 0
"76" 76 0.0355329949239 0 0 0 1 2 0 56 0 0 0 0 0 0 0 0 0 0 0 1 0
"77" 77 0.643410852713 0 0 0 0 0 46 0 0 0 0 0 0 0 0 14 0 0 0 0 0
"78" 78 0.313953488372 0 0 0 6 0 1 0 0 0 0 0 0 0 1 4 0 0 0 0 48
"79" 79 0.0666666666667 0 1 0 6 0 0 0 0 0 0 8 0 0 0 42 2 0 0 1 0
"80" 80 0.446540880503 0 0 0 0 0 0 0 12 0 0 0 0 0 0 48 0 0 0 0 0
"81" 81 0.379487179487 0 0 0 1 0 0 0 0 0 0 0 0 0 0 0 0 0 48 11 0
"82" 82 0.077519379845 0 0 0 0 0 0 0 0 0 0 59 1 0 0 0 0 0 0 0 0
"83" 83 0.170542635659 0 0 3 0 0 7 0 0 0 0 0 0 0 0 0 0 0 0 0 50
"84" 84 0.010152284264 0 0 15 0 4 0 0 0 0 0 34 0 0 0 0 0 0 3 0 4
"85" 85 0.212643678161 0 0 0 0 0 0 53 0 0 0 0 0 0 0 0 0 5 0 0 2
"86" 86 0.0 0 0 0 0 1 0 0 0 0 51 1 0 1 1 0 0 0 1 3 1
"87" 87 0.464435146444 0 0 0 0 0 27 0 0 0 0 0 0 0 1 1 0 0 0 31 0
"88" 88 0.00709219858156 0 0 0 1 0 0 0 0 0 27 0 0 1 0 0 12 0 0 18 1
"89" 89 0.611814345992 0 0 0 0 0 15 0 0 0 0 0 0 0 0 44 0 0 1 0 0
"90" 90 0.435233160622 0 43 0 0 0 0 0 0 0 0 0 0 0 0 0 0 1 1 0 15
"91" 91 0.0199004975124 0 3 0 0 0 0 0 0 0 0 0 0 0 57 0 0 0 0 0 0
"92" 92 0.322869955157 0 0 0 0 0 35 0 0 0 0 0 23 0 0 2 0 0 0 0 0
"93" 93 0.036496350365 0 0 0 0 0 0 0 0 0 0 0 0 0 0 60 0 0 0 0 0
"94" 94 0.22869955157 0 0 0 0 0 0 0 0 0 0 0 0 0 0 0 0 0 7 0 53
"95" 95 0.0 0 0 0 0 0 0 40 0 10 0 0 0 0 0 0 0 8 0 0 2
"96" 96 0.302919708029 0 0 0 0 3 0 35 0 0 0 0 0 0 0 3 0 15 4 0 0
"97" 97 0.0 1 0 0 0 0 0 6 0 0 0 0 0 0 0 0 0 52 1 0 0
"98" 98 0.28125 0 0 0 0 0 4 0 0 0 0 0 0 0 0 48 0 0 0 0 8
"99" 99 0.0480769230769 0 0 0 0 0 0 0 0 0 0 0 60 0 0 0 0 0 0 0 0
"100" 100 0.238578680203 0 0 0 0 0 19 21 0 2 0 0 0 0 4 0 0 0 14 0 0
"101" 101 0.0697674418605 1 0 2 0 0 0 0 0 10 0 47 0 0 0 0 0 0 0 0 0
"102" 102 0.25 0 0 0 0 0 1 0 0 24 0 0 0 0 0 32 0 0 0 2 1
"103" 103 0.564593301435 0 0 0 0 26 23 0 0 0 0 0 0 0 0 11 0 0 0 0 0
"104" 104 0.0574712643678 0 0 3 0 0 0 0 0 0 0 0 1 0 52 0 0 1 1 0 2
"105" 105 0.4 0 0 0 0 0 0 0 0 0 0 0 0 5 0 27 0 0 28 0 0
"106" 106 0.332116788321 0 20 0 0 0 29 0 0 0 0 0 0 0 0 0 0 0 11 0 0
"107" 107 0.459821428571 0 23 0 0 0 14 0 0 0 0 0 0 0 0 23 0 0 0 0 0
"108" 108 0.133720930233 0 0 1 0 1 26 0 0 0 0 0 0 0 1 0 0 0 2 0 29
"109" 109 0.00662251655629 0 0 60 0 0 0 0 0 0 0 0 0 0 0 0 0 0 0 0 0
"110" 110 0.34375 0 0 0 0 0 46 0 0 0 0 0 0 0 0 11 0 0 0 0 3
"111" 111 0.467153284672 0 0 0 0 0 15 0 0 0 0 0 0 0 0 27 0 0 2 1 15
"112" 112 0.266159695817 0 23 1 0 0 0 0 0 0 0 0 0 0 0 0 3 0 5 1 27
"113" 113 0.00418410041841 0 0 0 0 0 0 0 0 0 58 0 0 2 0 0 0 0 0 0 0
"114" 114 0.556962025316 0 0 0 0 0 56 0 0 0 3 0 0 0 0 1 0 0 0 0 0
"115" 115 0.622093023256 0 0 39 0 0 14 0 0 0 0 0 0 0 1 6 0 0 0 0 0
"116" 116 0.35401459854 0 0 0 0 8 0 0 0 0 5 0 0 0 3 0 0 0 2 0 42
"117" 117 0.534591194969 0 0 0 0 0 0 0 30 0 0 0 0 29 0 1 0 0 0 0 0
"118" 118 0.704379562044 0 0 0 0 0 52 0 0 0 0 0 0 0 0 8 0 0 0 0 0
"119" 119 0.605769230769 0 0 0 0 0 58 0 0 0 0 0 0 0 0 1 0 0 1 0 0
"120" 120 0.251655629139 0 0 0 0 0 42 0 0 0 0 0 0 0 0 1 0 0 1 0 16
"121" 121 0.0928270042194 0 0 0 0 60 0 0 0 0 0 0 0 0 0 0 0 0 0 0 0
"122" 122 0.10152284264 0 0 0 0 0 0 42 0 0 0 18 0 0 0 0 0 0 0 0 0
"123" 123 0.278846153846 0 0 0 0 0 16 0 0 0 0 0 0 0 42 1 0 0 0 0 1
"124" 124 0.093023255814 0 0 2 0 0 0 0 0 0 0 56 0 0 0 0 2 0 0 0 0
"125" 125 0.315602836879 0 0 0 0 0 0 0 0 0 0 0 0 0 0 0 60 0 0 0 0
"126" 126 0.031007751938 0 0 0 0 0 0 0 0 0 0 60 0 0 0 0 0 0 0 0 0
"127" 127 0.384105960265 0 0 0 0 0 0 54 0 0 0 0 0 0 0 5 0 0 0 1 0
"128" 128 0.627737226277 0 5 0 0 0 1 0 0 0 0 0 0 0 0 1 0 0 0 0 53
"129" 129 0.322869955157 5 0 1 0 0 24 0 0 0 0 0 0 0 0 0 0 0 0 0 30
"130" 130 0.529801324503 0 0 0 0 0 0 0 0 0 0 0 60 0 0 0 0 0 0 0 0
"131" 131 0.388601036269 0 0 1 0 0 0 0 0 0 0 55 4 0 0 0 0 0 0 0 0
"132" 132 0.810344827586 0 0 0 0 0 60 0 0 0 0 0 0 0 0 0 0 0 0 0 0
"133" 133 0.375634517766 1 0 0 0 0 2 0 0 0 0 0 0 57 0 0 0 0 0 0 0
"134" 134 0.759493670886 0 0 0 0 0 58 0 0 0 0 0 0 0 0 1 0 0 1 0 0
"135" 135 0.369230769231 0 0 60 0 0 0 0 0 0 0 0 0 0 0 0 0 0 0 0 0
"136" 136 0.569343065693 0 0 0 0 0 52 0 0 0 0 0 0 0 0 0 0 0 8 0 0
"137" 137 0.517857142857 0 0 0 0 0 51 0 0 0 0 0 0 0 0 4 0 0 5 0 0
"138" 138 0.214285714286 0 0 0 0 0 0 0 0 0 0 0 0 0 0 0 0 0 60 0 0
"139" 139 0.194029850746 0 0 0 0 0 60 0 0 0 0 0 0 0 0 0 0 0 0 0 0
"140" 140 0.357512953368 0 0 0 0 0 8 0 0 0 0 0 0 0 7 8 0 0 37 0 0
"141" 141 0.455357142857 0 0 0 0 0 22 0 0 0 0 0 0 0 25 5 1 0 7 0 0
"142" 142 0.213930348259 0 0 0 2 0 1 0 0 0 0 0 0 0 55 0 0 0 0 0 2
"143" 143 0.313953488372 0 0 0 0 0 35 0 0 0 0 0 0 0 0 7 0 0 6 0 12
"144" 144 0.641255605381 0 0 0 0 2 25 0 0 0 0 0 0 0 0 3 0 0 30 0 0
"145" 145 0.46835443038 0 0 0 0 0 57 0 0 0 0 0 0 0 0 2 0 0 0 1 0
"146" 146 0.184615384615 0 0 0 0 0 56 0 0 0 0 0 0 1 0 0 0 0 2 1 0
"147" 147 0.418604651163 0 0 0 0 0 20 0 0 0 0 0 0 0 2 29 0 0 9 0 0
"148" 148 0.3125 0 0 0 0 0 45 0 0 0 0 0 0 0 0 15 0 0 0 0 0
"149" 149 0.29197080292 0 0 0 0 0 1 0 0 1 0 0 0 2 0 0 0 0 56 0 0
"150" 150 0.117154811715 0 0 0 0 0 0 0 0 0 60 0 0 0 0 0 0 0 0 0 0
"151" 151 0.320675105485 0 0 0 0 0 59 0 0 0 0 0 0 0 0 1 0 0 0 0 0
"152" 152 0.528497409326 0 60 0 0 0 0 0 0 0 0 0 0 0 0 0 0 0 0 0 0
"153" 153 0.418604651163 0 0 60 0 0 0 0 0 0 0 0 0 0 0 0 0 0 0 0 0
"154" 154 0.424107142857 0 0 0 0 0 60 0 0 0 0 0 0 0 0 0 0 0 0 0 0
"155" 155 0.39896373057 0 0 0 0 0 0 57 0 0 0 0 0 0 0 0 0 0 3 0 0
"156" 156 0.0761421319797 0 0 0 0 0 0 18 0 0 0 0 0 0 0 0 0 42 0 0 0
"157" 157 0.503144654088 0 0 0 0 0 3 0 57 0 0 0 0 0 0 0 0 0 0 0 0
"158" 158 0.126582278481 60 0 0 0 0 0 0 0 0 0 0 0 0 0 0 0 0 0 0 0
"159" 159 0.0 0 0 0 0 0 0 0 60 0 0 0 0 0 0 0 0 0 0 0 0
"160" 160 0.746113989637 0 0 0 0 0 0 0 60 0 0 0 0 0 0 0 0 0 0 0 0
"161" 161 0.212927756654 0 0 0 0 0 0 0 0 0 0 1 0 0 0 0 59 0 0 0 0
"162" 162 0.0744680851064 0 0 0 0 0 2 0 0 0 2 0 0 0 0 0 34 22 0 0 0
"163" 163 0.0288461538462 0 0 0 0 0 0 0 0 0 0 0 60 0 0 0 0 0 0 0 0
"164" 164 0.0192307692308 0 0 0 0 0 1 0 0 0 0 0 59 0 0 0 0 0 0 0 0
"165" 165 0.0 0 0 0 0 0 0 0 0 0 0 0 0 0 3 0 0 0 0 0 57
"166" 166 0.0583941605839 21 0 0 0 1 0 0 0 3 0 0 0 0 0 1 0 34 0 0 0
"167" 167 0.0 0 0 0 0 0 0 56 0 1 0 0 0 0 0 0 0 3 0 0 0
"168" 168 0.0 0 1 0 0 0 0 57 0 0 0 0 0 0 0 0 2 0 0 0 0
"169" 169 0.0251572327044 0 0 0 0 0 0 0 0 0 0 60 0 0 0 0 0 0 0 0 0
"170" 170 0.208955223881 0 0 0 0 0 1 0 0 0 0 0 0 2 37 0 0 0 0 20 0
"171" 171 0.254464285714 0 0 0 0 0 0 0 0 0 0 0 0 0 0 0 0 0 39 0 21
"172" 172 0.0 0 0 0 0 0 0 60 0 0 0 0 0 0 0 0 0 0 0 0 0
"173" 173 0.0223214285714 1 0 0 0 0 0 0 0 1 0 0 0 0 0 22 0 0 0 0 36
"174" 174 0.0 0 0 0 0 0 0 0 0 0 60 0 0 0 0 0 0 0 0 0 0
"175" 175 0.124113475177 0 0 0 0 0 0 31 0 0 1 0 0 0 0 15 0 13 0 0 0
"176" 176 0.00448430493274 0 0 0 0 60 0 0 0 0 0 0 0 0 0 0 0 0 0 0 0
"177" 177 0.0480769230769 0 0 0 0 0 8 0 0 0 0 0 37 1 0 0 0 0 0 1 13
"178" 178 0.288321167883 4 11 2 0 0 0 0 0 6 0 0 0 15 14 4 0 0 0 0 4
"179" 179 0.761006289308 0 9 0 0 0 45 0 4 0 0 0 0 0 0 0 0 0 2 0 0
"180" 180 0.430463576159 0 1 31 0 0 23 0 0 0 0 0 0 0 0 5 0 0 0 0 0
"181" 181 0.748175182482 0 0 0 0 0 0 0 0 0 0 0 60 0 0 0 0 0 0 0 0
"182" 182 0.592039800995 0 0 0 0 0 60 0 0 0 0 0 0 0 0 0 0 0 0 0 0
"183" 183 0.200956937799 0 16 0 1 0 0 0 0 0 0 0 0 5 0 38 0 0 0 0 0
"184" 184 0.0518134715026 0 30 0 0 0 0 0 0 0 29 0 0 0 0 0 0 0 0 1 0
"185" 185 0.178832116788 0 0 6 0 0 22 32 0 0 0 0 0 0 0 0 0 0 0 0 0
"186" 186 0.0209205020921 0 0 0 0 0 0 0 0 0 52 0 0 0 0 0 8 0 0 0 0
"187" 187 0.0 16 0 1 0 0 23 0 0 0 0 16 0 0 0 0 0 0 0 0 4
"188" 188 0.0 0 0 0 0 0 0 0 0 0 27 33 0 0 0 0 0 0 0 0 0
"189" 189 0.372262773723 0 0 0 0 0 0 0 0 0 0 0 0 0 0 0 0 0 0 60 0
"190" 190 0.142335766423 0 0 0 0 0 45 0 0 0 0 15 0 0 0 0 0 0 0 0 0
"191" 191 0.721518987342 0 0 0 0 0 54 0 0 0 0 0 0 0 0 0 0 0 6 0 0
"192" 192 0.366279069767 0 0 0 0 0 50 2 0 2 0 0 0 0 0 6 0 0 0 0 0
"193" 193 0.290178571429 0 0 5 0 0 0 0 0 2 0 0 0 0 0 1 0 0 52 0 0
"194" 194 0.671794871795 0 0 0 0 0 43 0 0 0 0 0 0 0 0 17 0 0 0 0 0
"195" 195 0.295336787565 0 5 0 0 0 0 0 0 0 0 0 0 0 0 0 0 1 0 0 54
"196" 196 0.610062893082 0 0 0 0 0 0 0 60 0 0 0 0 0 0 0 0 0 0 0 0
"197" 197 0.173758865248 0 0 0 0 0 0 0 0 0 0 0 0 0 0 0 60 0 0 0 0
"198" 198 0.527426160338 0 0 0 0 0 0 0 0 0 0 0 0 0 0 0 5 0 0 55 0
"199" 199 0.367816091954 0 0 7 0 0 0 0 0 16 0 0 0 0 0 0 33 4 0 0 0
"200" 200 0.379310344828 0 0 0 0 0 2 0 0 30 0 0 0 0 0 0 0 0 28 0 0
"201" 201 0.379562043796 0 0 0 0 0 51 0 0 0 0 0 0 0 0 9 0 0 0 0 0
"202" 202 0.199004975124 0 0 0 0 0 30 0 0 0 0 0 0 0 30 0 0 0 0 0 0
"203" 203 0.581395348837 0 0 0 0 0 0 0 60 0 0 0 0 0 0 0 0 0 0 0 0
"204" 204 0.610062893082 0 0 38 0 0 0 0 22 0 0 0 0 0 0 0 0 0 0 0 0
