"site" "RSA" "aa1" "aa2" "aa3" "aa4" "aa5" "aa6" "aa7" "aa8" "aa9" "aa10" "aa11" "aa12" "aa13" "aa14" "aa15" "aa16" "aa17" "aa18" "aa19" "aa20"
"0" 0 0.645348837209 0 1 3 1 3 0 1 22 5 0 0 1 0 0 0 0 3 0 0 1
"1" 1 0.451923076923 0 0 0 0 0 0 0 0 0 0 0 41 0 0 0 0 0 0 0 0
"2" 2 0.788461538462 0 0 0 0 0 0 0 0 0 0 0 41 0 0 0 0 0 0 0 0
"3" 3 0.743119266055 0 5 14 0 2 2 0 0 1 0 6 2 0 3 0 0 1 5 0 0
"4" 4 0.519379844961 0 2 20 0 1 8 0 0 1 0 1 0 0 2 2 0 0 4 0 0
"5" 5 0.0993377483444 0 0 10 0 0 0 0 0 0 0 27 0 4 0 0 0 0 0 0 0
"6" 6 0.704641350211 0 0 2 1 5 2 1 21 1 0 0 0 0 0 1 0 0 7 0 0
"7" 7 0.187943262411 0 0 0 0 0 0 1 0 3 13 0 0 1 0 0 3 0 0 20 0
"8" 8 0.0829015544041 0 41 0 0 0 0 0 0 0 0 0 0 0 0 0 0 0 0 0 0
"9" 9 0.533632286996 0 11 0 3 8 6 0 0 2 0 5 1 0 1 1 0 1 2 0 0
"10" 10 0.362869198312 0 0 0 0 0 32 0 0 0 0 0 0 0 8 1 0 0 0 0 0
"11" 11 0.0 0 0 0 0 0 0 0 0 0 0 0 41 0 0 0 0 0 0 0 0
"12" 12 0.0137614678899 0 0 0 0 1 0 1 0 0 0 0 0 0 37 0 0 1 0 0 1
"13" 13 0.259067357513 0 30 0 1 3 0 0 0 0 0 0 0 0 0 0 0 0 7 0 0
"14" 14 0.0761421319797 0 0 0 0 0 0 40 0 0 0 1 0 0 0 0 0 0 0 0 0
"15" 15 0.0 0 0 0 0 0 0 0 0 0 0 41 0 0 0 0 0 0 0 0 0
"16" 16 0.174904942966 0 0 0 0 0 0 0 0 0 19 0 0 0 0 0 0 0 0 22 0
"17" 17 0.424107142857 0 0 0 0 10 0 0 0 0 0 0 0 0 0 0 0 0 31 0 0
"18" 18 0.0714285714286 0 0 0 0 0 0 0 0 0 0 0 0 0 0 0 0 0 41 0 0
"19" 19 0.0077519379845 0 0 0 0 0 0 0 0 0 0 41 0 0 0 0 0 0 0 0 0
"20" 20 0.243781094527 0 0 0 0 0 0 0 0 0 0 0 0 0 41 0 0 0 0 0 0
"21" 21 0.358208955224 0 0 1 3 0 3 0 0 0 0 3 1 0 2 28 0 0 0 0 0
"22" 22 0.0 0 0 0 0 0 0 0 0 0 0 39 2 0 0 0 0 0 0 0 0
"23" 23 0.212927756654 0 0 1 0 0 0 0 0 0 17 0 0 0 0 0 0 0 0 23 0
"24" 24 0.679324894515 0 4 2 10 2 12 0 0 0 0 1 0 0 2 0 0 0 2 1 5
"25" 25 0.464285714286 0 0 2 4 0 1 0 0 0 0 4 1 0 0 0 0 0 27 2 0
"26" 26 0.307692307692 0 0 0 0 0 0 0 0 0 0 0 41 0 0 0 0 0 0 0 0
"27" 27 0.0 0 0 36 0 0 0 0 0 0 0 0 5 0 0 0 0 0 0 0 0
"28" 28 0.0 0 0 0 0 0 0 0 0 0 0 0 0 0 0 0 0 41 0 0 0
"29" 29 0.0188679245283 0 0 0 0 0 0 0 41 0 0 0 0 0 0 0 0 0 0 0 0
"30" 30 0.0355329949239 0 0 0 0 0 0 32 0 0 0 0 0 0 0 0 0 3 6 0 0
"31" 31 0.0 0 0 0 0 0 0 0 0 0 0 0 41 0 0 0 0 0 0 0 0
"32" 32 0.0 0 0 0 0 0 0 0 0 0 0 0 41 0 0 0 0 0 0 0 0
"33" 33 0.0 41 0 0 0 0 0 0 0 0 0 0 0 0 0 0 0 0 0 0 0
"34" 34 0.0 0 0 0 0 0 0 0 0 0 0 0 0 0 41 0 0 0 0 0 0
"35" 35 0.0 0 0 0 0 0 0 40 0 0 0 0 0 0 0 0 0 1 0 0 0
"36" 36 0.174358974359 0 1 0 0 0 1 0 0 0 0 0 0 0 31 8 0 0 0 0 0
"37" 37 0.158974358974 0 22 0 19 0 0 0 0 0 0 0 0 0 0 0 0 0 0 0 0
"38" 38 0.666666666667 0 6 0 0 1 7 6 0 0 0 0 0 0 1 15 0 1 4 0 0
"39" 39 0.435233160622 0 17 1 19 0 0 0 0 0 0 0 0 0 0 0 0 1 0 3 0
"40" 40 0.0 0 0 0 0 0 0 0 0 0 0 0 41 0 0 0 0 0 0 0 0
"41" 41 0.35761589404 0 1 1 0 2 3 0 0 1 1 1 0 2 0 5 0 1 6 17 0
"42" 42 0.316091954023 0 0 0 0 0 0 0 0 1 0 0 0 0 0 0 0 40 0 0 0
"43" 43 0.238805970149 0 0 0 0 0 0 0 0 0 0 0 0 0 41 0 0 0 0 0 0
"44" 44 0.0769230769231 0 0 0 0 0 0 0 0 0 0 0 41 0 0 0 0 0 0 0 0
"45" 45 0.310218978102 0 0 0 0 0 0 0 0 0 0 0 0 0 0 41 0 0 0 0 0
"46" 46 0.00961538461538 0 0 0 0 0 0 0 0 0 0 0 41 0 0 0 0 0 0 0 0
"47" 47 0.0813397129187 0 0 0 1 0 0 0 0 0 0 1 0 26 0 10 0 0 0 3 0
"48" 48 0.0 0 0 0 41 0 0 0 0 0 0 0 0 0 0 0 0 0 0 0 0
"49" 49 0.174311926606 0 3 0 7 0 3 0 0 0 14 1 0 1 5 0 0 0 3 1 3
"50" 50 0.0948905109489 0 0 0 0 0 0 0 0 0 0 0 0 0 0 41 0 0 0 0 0
"51" 51 0.330543933054 0 3 0 0 1 6 0 0 0 1 0 0 28 0 0 0 0 1 0 1
"52" 52 0.255605381166 0 2 0 0 5 10 2 0 0 0 1 0 0 0 0 0 15 6 0 0
"53" 53 0.57805907173 0 0 0 0 2 8 0 0 22 0 0 0 0 4 1 0 0 3 0 1
"54" 54 0.682692307692 0 0 0 1 0 0 0 0 0 0 0 40 0 0 0 0 0 0 0 0
"55" 55 0.12582781457 0 0 41 0 0 0 0 0 0 0 0 0 0 0 0 0 0 0 0 0
"56" 56 0.565891472868 0 15 0 6 0 1 0 0 0 0 0 0 0 0 0 0 0 19 0 0
"57" 57 0.482558139535 0 0 0 1 2 3 0 0 22 1 0 0 2 0 2 0 3 0 5 0
"58" 58 0.119402985075 0 0 1 0 1 1 0 0 0 0 6 0 0 31 0 0 0 0 0 1
"59" 59 0.0717703349282 0 1 0 0 2 0 0 0 0 3 0 5 3 0 0 2 0 0 25 0
"60" 60 0.00961538461538 0 0 0 0 0 0 0 0 0 0 0 41 0 0 0 0 0 0 0 0
"61" 61 0.0357142857143 0 0 0 0 0 0 0 0 0 0 17 1 0 0 0 0 0 23 0 0
"62" 62 0.147208121827 0 0 0 0 1 1 1 0 0 0 5 0 0 0 0 0 33 0 0 0
"63" 63 0.0264900662252 0 2 1 1 0 0 0 0 0 0 37 0 0 0 0 0 0 0 0 0
"64" 64 0.0 0 0 0 0 0 0 0 0 22 0 19 0 0 0 0 0 0 0 0 0
"65" 65 0.0746268656716 0 0 0 0 0 0 0 0 0 0 0 0 0 41 0 0 0 0 0 0
"66" 66 0.598214285714 0 3 0 1 10 2 0 0 2 0 9 0 0 4 2 0 0 4 0 4
"67" 67 0.471794871795 0 1 0 40 0 0 0 0 0 0 0 0 0 0 0 0 0 0 0 0
"68" 68 0.113924050633 41 0 0 0 0 0 0 0 0 0 0 0 0 0 0 0 0 0 0 0
"69" 69 0.384615384615 0 0 0 0 0 0 0 0 0 0 0 41 0 0 0 0 0 0 0 0
"70" 70 0.930656934307 0 0 2 1 11 5 4 0 5 0 0 1 0 2 0 0 5 5 0 0
"71" 71 0.278606965174 0 0 0 0 0 0 0 0 0 0 0 0 0 41 0 0 0 0 0 0
"72" 72 0.65625 0 2 0 0 1 3 0 3 0 0 3 0 25 1 1 0 0 2 0 0
"73" 73 0.317307692308 0 0 0 0 0 0 0 40 0 0 0 0 1 0 0 0 0 0 0 0
"74" 74 0.64135021097 0 28 4 2 0 0 0 0 0 0 0 0 0 0 0 0 0 7 0 0
"75" 75 0.137931034483 0 3 0 0 0 0 7 0 0 0 0 0 0 0 0 0 28 0 0 3
"76" 76 0.0152091254753 0 0 0 0 0 0 0 0 0 16 0 0 0 0 0 0 0 0 25 0
"77" 77 0.451476793249 0 0 2 0 0 39 0 0 0 0 0 0 0 0 0 0 0 0 0 0
"78" 78 0.341968911917 0 5 0 6 0 0 0 0 0 0 0 0 4 0 9 0 0 15 1 1
"79" 79 0.0 0 0 0 0 0 0 0 0 41 0 0 0 0 0 0 0 0 0 0 0
"80" 80 0.0 0 0 0 0 0 0 0 0 41 0 0 0 0 0 0 0 0 0 0 0
"81" 81 0.0 0 0 0 0 0 0 0 0 0 0 0 0 0 41 0 0 0 0 0 0
"82" 82 0.0 0 0 0 0 0 0 0 0 0 8 0 0 0 0 0 0 0 0 33 0
"83" 83 0.0 0 0 0 0 0 0 0 0 41 0 0 0 0 0 0 0 0 0 0 0
"84" 84 0.0348837209302 0 0 0 0 0 0 0 0 41 0 0 0 0 0 0 0 0 0 0 0
"85" 85 0.0199004975124 0 0 0 0 0 0 0 0 0 0 0 0 0 41 0 0 0 0 0 0
"86" 86 0.0132450331126 0 0 33 0 0 0 0 0 0 0 8 0 0 0 0 0 0 0 0 0
"87" 87 0.0 0 0 0 0 0 0 0 41 0 0 0 0 0 0 0 0 0 0 0 0
"88" 88 0.113924050633 41 0 0 0 0 0 0 0 0 0 0 0 0 0 0 0 0 0 0 0
"89" 89 0.533678756477 0 12 1 4 3 0 1 0 0 0 0 0 0 7 10 0 0 3 0 0
"90" 90 0.366972477064 0 11 0 2 5 3 1 0 2 0 2 0 1 6 3 0 2 2 1 0
"91" 91 0.0 41 0 0 0 0 0 0 0 0 0 0 0 0 0 0 0 0 0 0 0
"92" 92 0.00581395348837 0 0 0 0 0 0 0 0 0 0 41 0 0 0 0 0 0 0 0 0
"93" 93 0.307692307692 0 0 0 7 2 10 0 0 0 0 3 0 0 0 1 18 0 0 0 0
"94" 94 0.116279069767 0 0 0 0 6 1 0 0 0 0 6 0 0 5 0 13 0 5 1 4
"95" 95 0.0 0 0 0 0 0 0 40 0 0 0 0 0 0 0 0 0 1 0 0 0
"96" 96 0.0964467005076 0 0 0 0 0 1 14 0 0 0 0 0 3 1 19 0 3 0 0 0
"97" 97 0.577981651376 0 2 1 0 1 4 0 0 1 6 1 0 0 0 1 0 0 2 17 5
"98" 98 0.296577946768 0 0 0 1 0 0 0 0 0 5 0 0 0 0 0 7 0 0 28 0
"99" 99 0.211538461538 0 0 0 0 0 0 0 0 0 0 0 41 0 0 0 0 0 0 0 0
"100" 100 0.0 0 0 0 0 0 0 41 0 0 0 0 0 0 0 0 0 0 0 0 0
"101" 101 0.251572327044 0 0 0 0 0 0 0 41 0 0 0 0 0 0 0 0 0 0 0 0
"102" 102 0.0401459854015 0 0 0 0 0 0 0 0 0 0 0 0 0 0 41 0 0 0 0 0
"103" 103 0.00632911392405 41 0 0 0 0 0 0 0 0 0 0 0 0 0 0 0 0 0 0 0
"104" 104 0.00574712643678 0 0 0 0 0 0 0 0 0 0 0 0 0 0 0 0 41 0 0 0
"105" 105 0.0 0 0 0 0 0 0 40 0 0 0 0 0 0 0 0 0 1 0 0 0
"106" 106 0.0 0 0 0 0 0 0 0 0 0 0 0 41 0 0 0 0 0 0 0 0
"107" 107 0.00446428571429 0 0 0 0 0 0 0 0 10 0 1 0 30 0 0 0 0 0 0 0
"108" 108 0.210256410256 0 0 0 41 0 0 0 0 0 0 0 0 0 0 0 0 0 0 0 0
"109" 109 0.5 0 15 0 0 5 1 0 0 3 0 0 0 0 6 6 0 1 2 0 2
"110" 110 0.174358974359 0 0 0 10 8 0 0 0 18 0 0 0 0 0 0 0 0 1 0 4
"111" 111 0.154811715481 0 0 0 0 0 0 0 0 0 5 0 0 0 0 0 0 0 0 36 0
"112" 112 0.481012658228 0 0 9 0 0 0 0 0 0 0 0 0 0 0 32 0 0 0 0 0
"113" 113 0.139072847682 0 0 41 0 0 0 0 0 0 0 0 0 0 0 0 0 0 0 0 0
"114" 114 0.746835443038 0 18 4 5 1 3 0 0 2 0 1 1 0 1 5 0 0 0 0 0
"115" 115 0.0 0 0 0 0 0 0 0 0 0 0 0 41 0 0 0 0 0 0 0 0
"116" 116 0.0580357142857 0 0 0 0 0 0 0 0 0 0 0 0 0 0 0 0 0 41 0 0
"117" 117 0.523206751055 0 31 0 1 0 3 0 0 0 0 1 0 0 0 1 0 0 4 0 0
"118" 118 0.410646387833 0 4 0 1 1 8 0 0 1 0 3 0 0 0 2 6 0 15 0 0
"119" 119 0.0 0 0 0 0 0 0 0 0 0 0 0 0 0 41 0 0 0 0 0 0
"120" 120 0.385650224215 0 0 0 0 7 6 6 0 0 0 1 0 0 0 3 0 7 3 0 8
"121" 121 0.593023255814 0 0 0 6 2 23 1 0 0 1 1 0 0 0 3 1 0 2 1 0
"122" 122 0.463503649635 0 1 0 3 21 0 0 0 0 0 0 0 0 4 3 2 0 1 0 6
"123" 123 0.673076923077 0 0 0 0 0 0 0 0 0 0 0 41 0 0 0 0 0 0 0 0
"124" 124 0.105263157895 0 0 0 0 0 0 0 0 0 0 1 0 40 0 0 0 0 0 0 0
"125" 125 0.205357142857 0 0 0 0 0 0 0 0 0 0 0 0 0 0 0 0 0 41 0 0
"126" 126 0.172413793103 0 0 0 0 0 0 0 0 0 0 0 0 0 0 0 0 41 0 0 0
"127" 127 0.241379310345 0 0 0 0 0 0 0 0 1 0 0 0 0 4 0 0 36 0 0 0
"128" 128 0.316091954023 0 0 0 0 0 0 0 0 0 0 0 0 0 0 0 0 41 0 0 0
"129" 129 0.385057471264 0 0 0 0 8 1 0 0 0 0 6 0 0 0 2 0 1 23 0 0
"130" 130 0.388601036269 0 2 0 6 0 3 0 0 0 0 0 13 10 0 2 0 0 0 5 0
"131" 131 0.0880829015544 0 41 0 0 0 0 0 0 0 0 0 0 0 0 0 0 0 0 0 0
"132" 132 0.401785714286 0 9 6 2 0 2 0 0 1 1 2 0 0 5 2 3 0 4 1 3
"133" 133 0.346715328467 0 0 0 0 0 0 0 0 0 0 0 0 0 0 41 0 0 0 0 0
"134" 134 0.0316455696203 41 0 0 0 0 0 0 0 0 0 0 0 0 0 0 0 0 0 0 0
"135" 135 0.139240506329 0 0 0 0 0 10 0 0 0 5 1 0 3 1 7 2 0 6 5 1
"136" 136 0.620253164557 0 3 0 4 1 13 0 0 1 0 4 0 0 7 2 0 0 4 1 1
"137" 137 0.0746268656716 0 0 0 0 0 0 0 0 0 0 0 0 0 41 0 0 0 0 0 0
"138" 138 0.0183486238532 0 0 0 0 33 0 8 0 0 0 0 0 0 0 0 0 0 0 0 0
"139" 139 0.379746835443 0 0 1 0 0 32 0 0 1 0 4 0 0 1 2 0 0 0 0 0
"140" 140 0.434977578475 0 0 2 2 9 8 0 0 5 0 5 0 1 0 2 0 0 7 0 0
"141" 141 0.0 0 0 0 0 0 0 0 0 0 39 0 0 0 0 0 2 0 0 0 0
"142" 142 0.152284263959 0 0 0 1 0 1 39 0 0 0 0 0 0 0 0 0 0 0 0 0
"143" 143 0.518134715026 0 32 0 1 2 1 0 0 0 0 1 1 0 2 1 0 0 0 0 0
"144" 144 0.424107142857 0 9 2 5 3 4 0 0 0 0 0 0 0 10 4 0 0 2 0 2
"145" 145 0.229927007299 0 0 0 0 0 0 0 0 0 0 0 0 2 0 39 0 0 0 0 0
"146" 146 0.352201257862 0 0 0 0 0 0 0 39 0 0 0 0 0 0 0 0 1 1 0 0
"147" 147 0.57399103139 0 23 2 2 1 0 0 0 0 0 1 0 0 1 0 0 0 11 0 0
"148" 148 0.217616580311 0 39 0 0 0 2 0 0 0 0 0 0 0 0 0 0 0 0 0 0
"149" 149 0.0390070921986 0 0 0 0 0 0 0 0 0 2 0 0 0 0 0 39 0 0 0 0
"150" 150 0.338912133891 0 0 0 0 1 6 0 0 0 1 1 0 0 0 31 0 0 0 1 0
"151" 151 0.433035714286 0 0 1 2 0 13 0 0 1 0 1 0 0 1 4 0 0 18 0 0
"152" 152 0.020725388601 0 39 0 2 0 0 0 0 0 0 0 0 0 0 0 0 0 0 0 0
"153" 153 0.218274111675 0 0 0 0 0 0 39 0 0 0 0 0 0 0 0 0 2 0 0 0
"154" 154 0.625 0 1 0 5 0 0 0 0 0 0 0 34 1 0 0 0 0 0 0 0
"155" 155 0.71875 0 16 3 5 0 7 0 0 0 0 4 1 0 0 0 0 0 3 0 2
