"site" "RSA" "aa1" "aa2" "aa3" "aa4" "aa5" "aa6" "aa7" "aa8" "aa9" "aa10" "aa11" "aa12" "aa13" "aa14" "aa15" "aa16" "aa17" "aa18" "aa19" "aa20"
"0" 0 0.671794871795 0 7 9 8 3 4 0 0 0 0 0 2 3 0 2 0 0 0 0 0
"1" 1 0.154228855721 0 0 0 0 0 0 18 0 0 5 0 0 0 49 0 0 5 0 1 25
"2" 2 0.223628691983 0 0 2 0 3 77 0 0 3 0 0 0 0 2 11 0 1 0 0 12
"3" 3 0.0 0 0 0 0 0 0 59 0 0 1 0 0 0 35 0 0 21 0 0 0
"4" 4 0.00418410041841 0 0 0 0 0 0 9 0 0 90 0 0 0 8 0 0 4 0 1 4
"5" 5 0.12582781457 6 0 50 0 0 0 0 0 36 0 21 2 1 0 0 0 0 0 0 0
"6" 6 0.0149253731343 3 0 0 0 0 0 0 0 0 0 1 91 0 21 0 0 0 0 0 0
"7" 7 0.435897435897 0 0 11 87 1 1 0 0 12 0 1 0 0 1 4 0 0 0 0 0
"8" 8 0.0529801324503 0 0 50 1 0 0 0 0 0 0 64 3 0 0 0 0 0 0 0 0
"9" 9 0.0358974358974 0 0 3 99 0 0 2 0 3 0 0 0 11 0 0 0 0 0 0 0
"10" 10 0.283018867925 0 0 0 1 1 12 1 51 2 1 0 0 3 10 31 0 3 2 0 0
"11" 11 0.473214285714 0 6 2 3 2 6 0 36 5 0 17 3 0 1 4 0 1 31 1 0
"12" 12 0.0 0 0 0 0 0 0 3 0 0 5 0 0 0 110 0 0 0 0 0 0
"13" 13 0.0 0 0 11 0 0 0 0 0 4 0 100 1 0 0 0 0 2 0 0 0
"14" 14 0.316455696203 0 2 4 2 27 17 1 0 2 0 2 3 3 0 11 0 0 44 0 0
"15" 15 0.272321428571 0 7 7 3 5 32 0 0 0 0 21 1 0 1 6 0 0 34 0 1
"16" 16 0.0 0 0 0 0 0 0 90 0 0 0 0 0 0 0 0 0 28 0 0 0
"17" 17 0.0 18 0 11 0 0 0 1 0 4 0 76 1 0 0 0 0 7 0 0 0
"18" 18 0.512953367876 0 23 8 4 5 27 0 0 2 0 12 4 2 1 10 1 0 19 0 0
"19" 19 0.431472081218 3 3 10 6 2 4 3 0 1 3 7 0 15 1 14 0 3 9 34 0
"20" 20 0.195402298851 0 0 1 0 0 0 14 0 1 0 5 0 0 76 0 0 11 0 2 8
"21" 21 0.538461538462 0 12 7 12 2 5 0 0 0 1 3 66 2 0 1 0 0 5 2 0
"22" 22 0.281609195402 1 0 0 1 3 1 38 0 9 0 2 1 1 19 2 0 35 0 0 5
"23" 23 0.739910313901 0 1 7 4 8 5 0 56 9 0 1 1 5 0 6 0 1 14 0 0
"24" 24 0.228855721393 0 1 0 1 1 0 6 1 0 0 0 0 0 90 4 0 7 0 0 7
"25" 25 0.144230769231 2 0 11 0 0 0 0 0 9 0 9 84 0 1 0 0 2 0 0 0
"26" 26 0.451476793249 0 22 7 11 6 42 1 3 0 0 2 1 1 0 9 0 1 11 1 0
"27" 27 0.208860759494 15 0 16 1 0 0 8 0 5 0 53 1 0 6 1 0 11 0 0 1
"28" 28 0.205298013245 0 3 21 8 10 10 2 0 21 1 2 0 2 9 7 0 3 16 1 2
"29" 29 0.17816091954 2 0 2 0 0 0 19 0 2 1 2 0 0 6 0 0 83 0 0 1
"30" 30 0.43023255814 0 5 16 5 3 21 1 0 12 3 0 31 0 1 9 0 1 9 0 1
"31" 31 0.375912408759 0 1 6 1 11 13 0 0 11 0 2 0 5 0 66 0 1 1 0 0
"32" 32 0.410041841004 0 0 0 0 0 0 0 0 0 115 0 0 1 0 0 1 0 0 1 0
"33" 33 0.900662251656 0 0 80 6 0 6 0 6 0 0 20 0 0 0 0 0 0 0 0 0
"34" 34 0.544041450777 0 108 1 9 0 0 0 0 0 0 0 0 0 0 0 0 0 0 0 0
"35" 35 0.394230769231 0 2 1 1 3 1 0 0 0 0 0 102 0 1 1 0 0 4 0 2
"36" 36 0.544642857143 0 0 0 3 0 0 0 0 0 0 0 0 0 0 0 0 0 115 0 0
"37" 37 0.114942528736 0 0 3 1 0 0 65 1 12 1 0 0 0 5 0 0 30 0 0 0
"38" 38 0.421524663677 1 1 13 8 25 0 0 0 5 23 7 0 0 0 16 0 1 0 10 8
"39" 39 0.0761421319797 2 0 0 0 0 0 29 2 0 1 2 0 0 4 0 0 77 0 0 1
"40" 40 0.405128205128 2 0 3 21 16 11 0 0 3 0 1 0 2 0 13 0 4 41 0 1
"41" 41 0.167512690355 0 0 0 0 0 0 86 0 1 2 0 0 0 15 0 0 10 0 3 1
"42" 42 0.473214285714 1 11 3 25 11 1 0 1 1 2 0 13 4 8 1 0 0 33 3 0
"43" 43 0.325892857143 0 3 0 1 2 0 0 0 0 0 0 0 0 0 0 0 0 112 0 0
"44" 44 0.622516556291 0 2 45 53 0 0 0 0 16 0 0 0 1 0 0 0 1 0 0 0
"45" 45 0.0152284263959 0 0 0 0 0 0 22 0 0 0 0 0 0 1 0 0 94 0 0 1
"46" 46 0.649635036496 0 0 0 0 0 0 0 0 0 0 0 0 0 0 118 0 0 0 0 0
"47" 47 0.317307692308 0 2 0 1 0 1 0 0 0 0 1 109 0 0 2 0 0 2 0 0
"48" 48 0.0189873417722 15 11 8 3 4 19 0 0 1 0 14 4 3 1 14 0 2 15 2 2
"49" 49 0.108808290155 0 98 1 5 0 0 0 0 1 0 0 0 7 0 0 0 0 6 0 0
"50" 50 0.0 2 0 0 0 0 0 11 0 4 0 4 0 0 2 0 0 90 0 0 5
"51" 51 0.0228136882129 0 0 0 0 0 0 0 0 0 91 0 0 0 0 0 0 1 0 26 0
"52" 52 0.0 0 0 0 0 0 0 48 0 0 2 0 0 0 17 0 0 51 0 0 0
"53" 53 0.0152284263959 0 0 0 0 0 0 71 0 0 1 0 0 0 11 0 0 35 0 0 0
"54" 54 0.00448430493274 0 0 0 0 116 0 0 0 1 0 1 0 0 0 0 0 0 0 0 0
"55" 55 0.00662251655629 0 0 68 0 0 0 0 49 1 0 0 0 0 0 0 0 0 0 0 0
"56" 56 0.0 0 0 0 0 0 0 7 0 98 3 0 2 0 5 0 0 3 0 0 0
"57" 57 0.0529801324503 54 0 51 3 0 0 0 0 1 1 3 3 1 0 0 0 1 0 0 0
"58" 58 0.730569948187 0 7 9 11 3 2 0 17 8 3 26 4 5 1 0 0 1 7 12 2
"59" 59 0.364779874214 0 1 2 0 0 0 0 114 0 0 0 1 0 0 0 0 0 0 0 0
"60" 60 0.195402298851 0 0 4 0 0 0 3 1 24 0 25 1 0 0 0 0 58 0 0 0
"61" 61 0.507692307692 0 2 1 111 1 0 0 0 0 0 2 0 0 1 0 0 0 0 0 0
"62" 62 0.352678571429 0 69 0 1 5 1 1 0 2 0 2 0 7 1 1 0 1 26 0 0
"63" 63 0.0909090909091 0 0 6 75 0 0 0 0 4 1 0 0 30 0 0 0 0 0 0 1
"64" 64 0.0812182741117 0 0 0 0 0 0 17 0 0 3 0 0 0 94 0 0 2 0 1 1
"65" 65 0.435779816514 0 0 0 0 0 0 2 0 0 0 0 0 0 1 0 2 2 0 0 111
"66" 66 0.00892857142857 0 1 0 0 2 0 0 0 0 0 0 0 0 0 0 0 0 115 0 0
"67" 67 0.0 0 0 0 0 0 0 3 0 0 0 1 0 0 107 0 0 4 0 0 3
"68" 68 0.109452736318 2 0 0 0 0 0 5 0 0 3 0 0 0 101 0 0 0 0 0 7
"69" 69 0.263959390863 0 0 0 0 0 0 74 0 1 0 0 0 0 16 0 0 25 0 0 2
"70" 70 0.0 4 0 0 0 0 0 13 0 3 2 2 0 0 12 0 0 0 0 0 82
"71" 71 0.0 0 0 1 0 0 0 54 0 8 0 13 1 0 8 0 0 27 0 0 6
"72" 72 0.284974093264 0 117 0 1 0 0 0 0 0 0 0 0 0 0 0 0 0 0 0 0
"73" 73 0.193798449612 0 0 1 0 0 0 0 0 0 0 117 0 0 0 0 0 0 0 0 0
"74" 74 0.0 9 0 0 0 0 0 3 0 0 10 10 0 0 80 0 0 6 0 0 0
"75" 75 0.400843881857 0 0 1 0 0 64 0 0 0 0 1 0 0 0 51 0 1 0 0 0
"76" 76 0.624087591241 0 0 1 0 0 0 0 0 0 0 0 1 0 0 116 0 0 0 0 0
"77" 77 0.31007751938 0 0 21 0 0 0 0 0 0 0 96 1 0 0 0 0 0 0 0 0
"78" 78 0.364238410596 0 0 117 0 0 0 0 0 0 0 0 1 0 0 0 0 0 0 0 0
"79" 79 0.139534883721 0 0 1 0 0 0 0 2 1 0 111 1 0 0 0 0 2 0 0 0
"80" 80 0.590717299578 0 2 10 6 5 15 0 0 3 0 16 29 3 0 24 0 0 4 1 0
"81" 81 0.145348837209 0 0 19 4 3 3 0 0 14 0 2 0 3 0 67 0 0 2 1 0
"82" 82 0.0304568527919 0 0 0 0 0 0 104 0 0 0 0 0 0 0 0 0 14 0 0 0
"83" 83 0.0153846153846 1 0 0 33 0 0 1 0 80 0 2 0 0 0 0 0 1 0 0 0
"84" 84 0.0 1 0 0 0 0 0 11 1 3 0 81 0 0 1 0 0 20 0 0 0
"85" 85 0.00574712643678 0 0 0 0 0 0 5 0 0 0 5 0 0 0 0 0 108 0 0 0
"86" 86 0.0 0 0 0 0 0 0 76 0 0 0 0 0 0 10 0 0 16 0 0 16
"87" 87 0.0062893081761 0 0 0 0 0 0 0 117 1 0 0 0 0 0 0 0 0 0 0 0
"88" 88 0.0380228136882 2 0 0 0 0 0 0 0 0 2 0 0 1 0 0 0 0 0 113 0
"89" 89 0.0190114068441 0 0 0 0 0 0 0 0 0 54 0 0 0 1 0 0 0 0 62 1
"90" 90 0.00961538461538 0 0 2 0 0 0 0 1 0 0 5 110 0 0 0 0 0 0 0 0
"91" 91 0.300380228137 0 0 0 0 0 0 0 0 0 1 0 0 0 0 0 1 0 0 116 0
"92" 92 0.0232558139535 0 0 11 0 0 0 0 0 0 0 103 4 0 0 0 0 0 0 0 0
"93" 93 0.372262773723 0 0 0 0 0 2 0 0 0 0 0 0 0 0 116 0 0 0 0 0
"94" 94 0.233183856502 0 0 3 0 107 1 0 0 2 0 5 0 0 0 0 0 0 0 0 0
"95" 95 0.160621761658 0 113 0 0 0 0 0 0 0 0 0 0 0 0 0 0 0 5 0 0
"96" 96 0.656934306569 0 0 0 0 0 11 0 0 0 0 0 0 0 0 107 0 0 0 0 0
"97" 97 0.607594936709 0 0 0 0 1 95 0 0 0 0 1 0 0 0 21 0 0 0 0 0
"98" 98 0.880794701987 0 10 32 1 0 0 0 25 14 0 31 5 0 0 0 0 0 0 0 0
"99" 99 0.839416058394 0 0 0 0 0 0 0 0 0 0 0 0 0 0 118 0 0 0 0 0
"100" 100 0.441964285714 0 14 8 0 1 0 1 1 23 0 6 0 0 0 0 0 32 32 0 0
"101" 101 0.534591194969 0 0 6 0 0 0 0 106 0 0 6 0 0 0 0 0 0 0 0 0
"102" 102 0.319796954315 0 0 0 0 0 0 114 0 0 0 0 0 0 0 0 0 4 0 0 0
"103" 103 0.156976744186 0 0 39 0 0 0 0 0 73 0 5 1 0 0 0 0 0 0 0 0
"104" 104 0.0 0 0 7 0 0 0 0 0 0 0 109 2 0 0 0 0 0 0 0 0
"105" 105 0.316455696203 0 0 0 0 0 105 0 0 0 0 0 0 0 0 13 0 0 0 0 0
"106" 106 0.492537313433 0 0 0 0 0 0 1 0 0 0 0 0 0 99 0 0 15 0 0 3
"107" 107 0.0167364016736 0 0 0 0 0 0 11 0 2 1 3 0 0 3 0 0 95 0 0 3
"108" 108 0.0 0 0 3 0 0 0 0 0 0 0 115 0 0 0 0 0 0 0 0 0
"109" 109 0.323076923077 0 40 2 73 0 2 0 0 1 0 0 0 0 0 0 0 0 0 0 0
"110" 110 0.338308457711 0 0 0 0 0 0 3 0 0 4 0 0 1 75 0 0 2 0 0 33
"111" 111 0.0 0 0 0 0 0 0 49 0 0 0 0 0 0 61 0 0 2 0 0 6
"112" 112 0.209821428571 1 0 10 2 18 0 0 0 48 0 4 0 1 0 1 0 9 23 1 0
"113" 113 0.668604651163 2 1 8 2 4 11 3 0 30 0 24 1 0 0 7 0 11 11 0 3
"114" 114 0.108527131783 0 4 7 0 0 0 0 0 1 0 90 1 0 0 0 0 14 0 0 1
"115" 115 0.182692307692 0 0 0 0 0 0 0 0 0 0 1 115 0 0 1 0 0 1 0 0
"116" 116 0.077519379845 2 0 0 0 0 0 16 1 0 1 69 0 0 0 0 0 29 0 0 0
"117" 117 0.296511627907 0 59 5 19 4 0 0 0 15 0 1 1 7 0 3 0 0 4 0 0
"118" 118 0.222627737226 0 0 0 0 0 1 0 0 0 0 0 0 1 0 116 0 0 0 0 0
"119" 119 0.0 0 0 0 0 0 0 15 0 1 0 1 0 0 6 0 0 93 0 0 2
"120" 120 0.00507614213198 0 0 0 0 0 0 31 0 0 0 0 0 0 69 0 0 14 0 0 4
"121" 121 0.0 0 0 11 0 0 0 0 0 88 0 15 0 0 0 0 0 3 0 0 1
"122" 122 0.00497512437811 2 0 0 0 0 0 12 0 0 2 0 0 0 22 0 0 29 0 0 51
"123" 123 0.0621761658031 0 116 0 0 0 0 0 0 1 0 0 0 0 0 0 0 0 1 0 0
"124" 124 0.0248756218905 0 0 0 0 0 0 0 0 0 0 0 0 0 115 0 0 0 0 0 3
"125" 125 0.311004784689 0 0 0 0 0 0 0 0 0 0 0 0 118 0 0 0 0 0 0 0
"126" 126 0.046511627907 0 0 8 0 1 0 0 0 0 0 109 0 0 0 0 0 0 0 0 0
"127" 127 0.465408805031 0 23 4 0 2 0 0 22 3 0 20 35 0 0 0 0 2 6 0 1
"128" 128 0.587443946188 0 0 0 0 113 0 0 0 0 0 5 0 0 0 0 0 0 0 0 0
"129" 129 0.0 1 0 1 0 0 0 110 0 0 0 0 0 0 3 0 0 3 0 0 0
"130" 130 0.322869955157 0 0 0 0 112 0 0 0 0 0 0 0 1 0 0 0 1 3 0 1
"131" 131 0.567307692308 0 0 0 0 0 0 0 0 0 0 0 118 0 0 0 0 0 0 0 0
"132" 132 0.196652719665 0 0 0 0 0 0 0 0 0 110 0 0 0 0 0 0 0 0 8 0
"133" 133 0.0418410041841 0 0 0 0 0 0 0 0 0 118 0 0 0 0 0 0 0 0 0 0
"134" 134 0.777202072539 0 87 0 27 0 1 0 0 0 0 0 1 0 0 1 0 0 0 1 0
"135" 135 0.162436548223 3 0 0 0 0 0 95 0 1 1 0 0 0 0 0 0 13 0 0 5
"136" 136 0.421383647799 0 0 0 0 0 0 0 117 0 0 0 0 0 1 0 0 0 0 0 0
"137" 137 0.116751269036 1 0 0 0 0 0 7 0 9 4 0 0 0 6 0 0 90 0 0 1
"138" 138 0.238341968912 0 116 0 1 0 0 0 0 0 0 0 0 0 0 0 0 0 1 0 0
"139" 139 0.157894736842 0 0 0 55 3 0 0 0 0 0 1 0 56 0 1 0 0 2 0 0
"140" 140 0.0 0 0 0 0 0 0 13 0 0 1 0 0 0 90 0 0 11 0 0 3
"141" 141 0.298165137615 0 1 5 0 6 2 2 5 4 15 1 0 0 8 2 2 2 0 54 9
"142" 142 0.0 1 0 4 0 0 0 0 1 2 1 71 38 0 0 0 0 0 0 0 0
"143" 143 0.0632183908046 0 1 30 0 2 0 9 0 10 1 23 5 2 6 1 0 19 6 1 2
"144" 144 0.314465408805 0 1 0 1 0 2 4 98 4 1 1 1 1 0 3 1 0 0 0 0
"145" 145 0.218274111675 0 0 1 0 1 0 40 1 4 0 2 0 0 24 0 0 42 1 0 0
"146" 146 0.00497512437811 0 0 0 0 1 0 16 0 0 19 0 0 0 69 0 0 3 0 0 9
"147" 147 0.0 0 1 6 2 0 2 4 0 1 0 55 2 1 26 3 0 4 3 2 2
"148" 148 0.584821428571 0 33 6 7 4 10 0 3 3 0 6 3 4 0 12 0 0 26 0 0
"149" 149 0.148288973384 0 27 0 0 0 1 0 1 0 2 3 0 11 0 1 0 0 2 64 0
"150" 150 0.00418410041841 0 0 0 0 1 1 25 0 1 46 1 0 4 21 1 1 8 0 3 3
"151" 151 0.392857142857 0 3 3 5 12 31 3 0 2 5 3 2 2 8 20 4 1 12 0 0
"152" 152 0.490384615385 0 7 24 3 8 19 0 1 8 1 7 5 1 1 13 0 0 14 2 1
"153" 153 0.35864978903 0 7 2 4 12 43 0 2 2 0 2 3 5 11 11 0 1 6 2 3
"154" 154 0.723076923077 0 14 4 30 6 10 2 2 1 2 0 22 2 2 5 0 0 6 3 1
"155" 155 0.179104477612 0 0 0 1 2 3 18 3 3 7 0 4 3 41 4 0 4 2 11 9
"156" 156 0.65625 0 30 5 3 7 14 0 5 5 0 2 5 1 0 1 0 1 37 0 0
"157" 157 0.414507772021 0 59 2 42 0 1 0 1 2 0 0 0 0 0 2 0 0 9 0 0
"158" 158 0.116751269036 1 1 0 0 0 2 18 14 4 2 5 0 0 38 0 0 27 0 1 5
"159" 159 0.00574712643678 1 0 1 0 0 0 15 0 6 0 0 0 0 2 0 0 75 1 0 17
"160" 160 0.0 1 0 0 0 0 0 29 0 0 1 2 0 0 0 0 0 84 1 0 0
"161" 161 0.00574712643678 0 1 0 0 0 0 2 0 0 0 6 0 0 1 0 0 108 0 0 0
"162" 162 0.00662251655629 0 0 108 0 0 0 0 0 0 0 10 0 0 0 0 0 0 0 0 0
"163" 163 0.0125786163522 0 0 0 0 0 0 0 117 1 0 0 0 0 0 0 0 0 0 0 0
"164" 164 0.290155440415 0 115 0 0 0 2 0 0 0 0 0 0 0 0 0 0 0 1 0 0
"165" 165 0.521531100478 0 0 2 3 0 0 9 0 0 0 23 0 20 8 0 0 47 2 0 4
"166" 166 0.576923076923 0 0 3 1 0 0 0 0 0 0 4 110 0 0 0 0 0 0 0 0
"167" 167 0.0 0 1 12 0 0 0 1 0 0 0 2 99 0 0 3 0 0 0 0 0
"168" 168 0.304597701149 0 0 1 0 0 0 4 0 7 0 7 0 0 2 0 0 97 0 0 0
"169" 169 0.575581395349 0 0 4 2 1 21 0 2 19 0 13 4 0 1 2 0 34 14 0 1
"170" 170 0.138686131387 0 0 0 0 1 2 0 0 1 0 1 1 0 0 109 0 0 1 0 2
"171" 171 0.0077519379845 0 0 3 0 0 0 0 0 2 0 112 0 0 0 0 0 1 0 0 0
"172" 172 0.554744525547 0 1 1 3 0 2 0 0 1 0 0 0 1 2 105 0 1 1 0 0
"173" 173 0.443037974684 0 6 10 8 3 21 0 0 3 1 51 1 1 0 3 0 1 7 2 0
"174" 174 0.0 0 0 0 0 0 0 10 0 0 30 1 0 2 50 0 1 5 0 10 9
"175" 175 0.031007751938 0 0 9 2 1 0 0 0 0 0 100 2 1 0 3 0 0 0 0 0
"176" 176 0.466321243523 0 13 3 9 4 51 0 0 4 0 1 1 0 0 5 0 0 27 0 0
"177" 177 0.273722627737 0 0 1 4 9 12 4 0 2 7 3 0 3 9 54 0 1 3 5 1
"178" 178 0.124378109453 0 0 0 0 0 0 17 0 0 3 1 0 0 91 0 0 2 0 0 4
"179" 179 0.742616033755 0 27 3 30 1 14 0 0 0 0 0 35 3 0 0 0 0 5 0 0
"180" 180 0.139534883721 14 0 9 0 0 0 1 0 11 0 58 8 0 9 0 0 7 0 0 1
"181" 181 0.440251572327 0 30 9 0 0 1 0 54 4 0 1 8 0 2 1 0 0 8 0 0
"182" 182 0.365482233503 0 0 0 0 0 0 33 0 0 3 0 0 0 74 0 0 0 0 1 7
"183" 183 0.0232558139535 0 0 5 0 0 0 1 0 0 0 104 3 0 0 0 0 5 0 0 0
"184" 184 0.197969543147 0 0 0 0 0 0 108 0 0 1 0 0 0 2 0 0 5 0 0 2
"185" 185 0.00507614213198 2 0 1 0 0 0 74 0 0 0 2 1 0 4 0 0 33 0 0 1
"186" 186 0.150259067358 0 102 1 0 0 0 1 0 0 0 5 0 4 1 0 0 0 3 1 0
"187" 187 0.544303797468 0 0 0 3 0 113 0 0 0 0 0 0 0 0 0 0 0 0 2 0
"188" 188 0.810218978102 0 0 0 0 3 5 0 0 0 0 2 1 2 0 104 0 0 1 0 0
"189" 189 0.371559633028 0 0 1 0 2 0 3 0 4 0 2 0 1 9 6 0 2 1 0 87
"190" 190 0.512820512821 0 6 1 70 1 0 1 0 9 0 1 2 21 0 0 0 1 4 0 0
"191" 191 0.197969543147 0 0 0 0 0 0 63 0 0 0 1 0 0 15 0 0 36 0 0 3
"192" 192 0.419540229885 0 0 0 0 0 0 103 0 0 0 0 0 0 0 0 0 15 0 0 0
"193" 193 0.423076923077 0 0 0 0 0 0 0 0 0 0 0 118 0 0 0 0 0 0 0 0
"194" 194 0.574358974359 0 72 3 18 0 0 0 2 0 0 0 2 0 0 0 0 0 21 0 0
"195" 195 0.0406091370558 0 0 0 0 0 0 25 0 0 0 0 0 0 1 0 0 92 0 0 0
"196" 196 0.647321428571 0 7 8 4 8 30 0 0 4 0 8 0 2 0 2 0 0 44 1 0
"197" 197 0.346153846154 0 18 0 6 0 0 0 0 0 0 0 94 0 0 0 0 0 0 0 0
"198" 198 0.130801687764 0 0 0 0 3 75 0 0 0 0 3 0 1 0 34 0 0 0 1 1
"199" 199 0.0 0 12 7 15 1 8 4 0 43 0 1 0 8 0 6 0 11 2 0 0
"200" 200 0.0 49 0 0 0 0 0 0 1 0 0 46 0 0 0 0 0 22 0 0 0
"201" 201 0.0 0 0 0 0 0 0 71 0 0 0 0 0 0 17 0 0 29 0 0 1
"202" 202 0.0 0 0 0 0 0 0 47 0 1 1 0 0 0 50 0 0 7 0 0 12
"203" 203 0.00507614213198 0 0 0 1 0 0 44 0 1 11 0 0 0 11 0 0 43 0 2 5
"204" 204 0.113989637306 0 117 0 0 0 0 0 0 0 0 0 0 0 0 0 0 0 1 0 0
"205" 205 0.020725388601 0 118 0 0 0 0 0 0 0 0 0 0 0 0 0 0 0 0 0 0
"206" 206 0.0609137055838 0 0 0 0 0 0 45 0 0 0 0 0 0 8 0 0 0 3 0 62
"207" 207 0.0253807106599 6 0 0 0 0 0 78 0 2 0 4 0 0 3 0 0 25 0 0 0
"208" 208 0.227979274611 0 106 7 2 0 0 0 0 0 0 1 0 0 0 0 0 0 2 0 0
"209" 209 0.31976744186 0 0 11 0 0 0 0 0 107 0 0 0 0 0 0 0 0 0 0 0
"210" 210 0.031007751938 2 0 0 0 0 0 0 0 0 0 80 36 0 0 0 0 0 0 0 0
"211" 211 0.134615384615 0 2 1 2 0 1 2 0 2 0 0 104 2 0 2 0 0 0 0 0
"212" 212 0.441860465116 0 0 8 0 0 1 0 0 105 0 0 0 0 0 4 0 0 0 0 0
"213" 213 0.0253807106599 0 0 0 0 0 0 46 0 0 3 0 0 0 61 0 0 1 0 0 7
"214" 214 0.0348837209302 43 1 3 0 0 0 1 0 29 0 6 1 0 1 1 0 30 0 0 2
"215" 215 0.547263681592 0 2 2 23 9 30 2 0 1 0 14 6 2 12 1 0 2 11 0 1
"216" 216 0.0 0 0 4 2 0 0 0 0 1 0 88 21 0 0 0 0 2 0 0 0
"217" 217 0.0 1 0 1 0 0 0 0 0 1 0 104 1 0 0 0 0 9 0 1 0
"218" 218 0.379487179487 0 15 5 25 9 19 0 0 2 0 9 0 1 1 4 0 2 26 0 0
"219" 219 0.15503875969 0 0 3 0 0 0 6 0 5 0 78 0 0 9 0 0 12 2 0 3
"220" 220 0.00497512437811 1 0 0 0 0 0 4 0 1 2 1 0 0 107 0 0 2 0 0 0
"221" 221 0.379310344828 0 2 2 0 1 47 15 0 2 1 3 0 2 15 7 0 7 2 2 10
"222" 222 0.723214285714 0 15 3 7 7 14 0 0 0 0 11 3 0 1 3 0 0 54 0 0
"223" 223 0.394871794872 0 0 2 11 8 22 0 0 0 4 20 3 11 3 24 0 0 5 4 1
"224" 224 0.326923076923 0 0 0 0 0 0 0 0 0 0 0 118 0 0 0 0 0 0 0 0
"225" 225 0.108527131783 0 0 0 0 0 0 0 0 0 0 113 0 0 0 0 0 5 0 0 0
"226" 226 0.409282700422 1 1 4 6 3 56 2 1 18 0 9 2 0 4 10 0 0 1 0 0
"227" 227 0.214285714286 0 10 19 1 2 15 0 0 2 0 3 2 1 0 16 0 0 47 0 0
"228" 228 0.0172413793103 0 0 0 0 0 0 16 0 0 0 1 0 0 0 0 0 101 0 0 0
"229" 229 0.0342205323194 0 0 9 1 0 1 10 0 4 12 3 0 6 6 2 0 10 0 53 1
"230" 230 0.0 2 0 7 0 0 0 2 0 1 0 93 2 0 0 0 0 11 0 0 0
"231" 231 0.0 47 0 5 0 0 0 1 0 1 2 12 2 0 5 0 0 5 0 38 0
"232" 232 0.00632911392405 43 0 1 0 0 0 18 0 1 0 43 3 0 0 0 0 9 0 0 0
"233" 233 0.0116279069767 0 0 15 0 0 0 1 0 99 0 0 0 0 0 0 0 3 0 0 0
"234" 234 0.0143540669856 0 0 0 0 0 0 0 0 0 0 0 0 118 0 0 0 0 0 0 0
"235" 235 0.0188679245283 0 0 0 0 0 0 0 45 0 0 28 45 0 0 0 0 0 0 0 0
"236" 236 0.218390804598 0 0 0 0 0 0 14 0 0 0 0 0 0 5 0 0 99 0 0 0
"237" 237 0.0547263681592 0 0 0 0 0 0 0 0 0 27 0 0 0 89 0 0 0 0 1 1
"238" 238 0.304635761589 3 0 105 1 0 0 0 0 1 0 5 1 0 0 0 0 2 0 0 0
"239" 239 0.519230769231 0 3 1 1 1 0 0 3 0 0 0 105 0 0 1 0 0 3 0 0
"240" 240 0.314465408805 0 6 4 11 3 6 1 64 0 0 4 12 0 0 0 0 0 6 0 1
"241" 241 0.0 0 0 0 0 0 0 0 0 0 0 116 2 0 0 0 0 0 0 0 0
"242" 242 0.0172413793103 0 0 2 0 0 1 47 2 3 1 4 1 1 7 2 0 37 1 6 3
"243" 243 0.388392857143 0 22 3 4 9 5 0 0 0 0 9 1 0 0 1 0 0 64 0 0
"244" 244 0.386861313869 0 1 0 16 0 6 3 0 0 0 0 0 0 3 86 0 2 1 0 0
"245" 245 0.0152284263959 0 0 0 0 0 0 74 0 0 0 0 0 0 39 0 0 5 0 0 0
"246" 246 0.169230769231 0 6 14 20 14 9 0 0 8 0 16 2 0 0 6 0 2 19 0 2
"247" 247 0.707692307692 0 11 8 40 1 18 0 0 1 0 15 6 3 1 1 0 1 12 0 0
"248" 248 0.0662251655629 0 0 100 0 1 0 0 2 1 0 7 6 0 1 0 0 0 0 0 0
"249" 249 0.273255813953 4 4 6 2 5 8 1 26 4 0 17 1 2 1 0 0 26 10 0 1
"250" 250 0.010152284264 0 0 0 0 0 0 51 0 0 6 0 0 0 52 0 0 2 0 1 6
"251" 251 0.476793248945 0 28 6 3 3 48 0 0 5 0 0 0 2 0 2 0 2 19 0 0
"252" 252 0.147321428571 0 0 4 2 6 15 0 1 1 0 0 0 3 0 5 0 0 79 0 1
"253" 253 0.0 2 0 0 0 0 0 16 0 1 1 0 0 0 52 0 0 41 0 0 4
"254" 254 0.0 0 0 0 0 0 0 31 0 1 2 2 0 0 3 0 2 73 0 2 1
"255" 255 0.00574712643678 0 0 0 0 0 0 33 0 5 1 2 0 0 5 0 0 70 0 0 1
"256" 256 0.00581395348837 1 0 6 0 0 0 0 0 101 0 2 0 0 7 0 0 0 0 0 0
"257" 257 0.107692307692 0 80 0 37 0 0 0 0 0 0 0 0 0 0 0 0 0 0 0 0
"258" 258 0.0 0 0 35 0 0 0 0 0 81 0 1 0 0 0 0 0 0 0 0 0
"259" 259 0.0558375634518 1 0 0 0 0 0 105 0 0 0 0 0 0 4 0 0 6 0 0 0
"260" 260 0.261603375527 0 5 2 2 7 2 0 65 2 1 6 2 1 4 5 0 1 8 1 1
"261" 261 0.199004975124 1 0 0 2 5 0 10 4 4 0 5 0 3 68 1 0 11 0 0 1
"262" 262 0.245283018868 0 4 14 4 3 6 0 45 15 0 6 2 4 0 4 0 0 5 2 0
"263" 263 0.732142857143 0 18 3 2 5 4 0 14 1 0 13 1 1 0 0 0 1 48 0 1
"264" 264 0.6875 0 14 3 2 2 15 1 2 2 0 23 4 2 0 5 0 4 32 0 1
"265" 265 0.270042194093 1 2 1 5 5 47 0 1 2 0 16 3 2 1 7 0 2 3 0 4
"266" 266 0.658227848101 2 2 5 6 13 28 1 2 3 2 12 1 3 2 13 0 4 4 1 3
"267" 267 0.0355329949239 26 2 14 1 1 0 18 5 2 10 11 3 1 13 0 0 3 1 0 1
"268" 268 0.575892857143 0 27 18 4 2 6 1 21 5 1 5 8 1 0 3 0 0 14 0 0
"269" 269 0.302919708029 1 0 2 16 7 79 0 0 0 0 0 2 1 0 8 0 0 0 0 0
"270" 270 0.255230125523 0 0 0 0 0 0 75 0 2 8 0 0 0 20 0 0 9 0 1 2
"271" 271 0.413502109705 0 2 3 0 2 37 1 0 13 0 1 0 1 1 40 0 4 12 0 0
"272" 272 0.291479820628 1 0 2 0 28 0 12 0 11 0 2 0 0 1 2 0 50 5 3 0
"273" 273 0.114427860697 0 0 0 0 0 1 16 0 0 0 0 0 0 72 0 0 24 0 1 3
"274" 274 0.278145695364 0 1 90 1 0 0 0 9 16 0 0 0 0 0 0 0 0 0 0 0
"275" 275 0.00574712643678 1 0 1 0 0 0 24 0 7 0 3 0 0 7 0 0 72 0 0 2
"276" 276 0.0 1 3 12 0 0 0 0 0 1 0 92 8 0 0 0 0 0 0 0 0
"277" 277 0.440251572327 0 8 6 7 2 2 0 53 3 1 4 13 4 0 4 0 0 10 0 0
"278" 278 0.179104477612 0 0 0 0 0 0 4 0 3 0 0 0 0 90 0 0 8 1 1 10
"279" 279 0.00497512437811 0 0 0 0 0 0 20 0 0 28 0 0 0 57 0 0 3 0 0 9
"280" 280 0.0 0 0 3 0 0 0 0 0 0 0 69 45 0 0 0 0 0 0 0 0
"281" 281 0.290178571429 0 8 0 6 7 9 1 0 1 0 2 0 2 0 1 0 0 80 0 0
"282" 282 0.0077519379845 1 0 5 0 0 0 0 0 16 0 87 2 0 0 0 0 6 0 0 0
"283" 283 0.0 0 0 0 0 0 0 102 0 2 1 0 0 0 2 0 0 5 0 0 5
"284" 284 0.223350253807 0 4 6 1 3 17 14 0 6 0 1 2 1 8 38 4 2 3 3 4
"285" 285 0.164233576642 1 0 1 7 0 1 2 0 0 0 2 0 2 4 95 0 0 0 0 2
"286" 286 0.0919540229885 0 0 1 0 0 0 84 0 5 0 0 0 0 0 0 0 27 0 0 0
"287" 287 0.22009569378 2 0 16 8 3 0 1 0 1 2 9 0 49 1 2 4 2 0 17 0
"288" 288 0.473214285714 0 8 7 31 4 8 1 0 6 1 1 3 10 0 5 0 0 30 2 0
"289" 289 0.798206278027 0 19 3 23 3 1 0 0 0 0 4 22 4 0 5 0 0 31 1 1
"290" 290 0.340807174888 0 12 6 1 10 7 1 0 10 0 3 2 0 11 8 0 3 42 0 1
"291" 291 0.437086092715 0 0 105 0 0 0 0 8 0 0 3 0 0 0 0 0 0 1 0 0
"292" 292 0.114942528736 0 0 0 0 0 0 28 0 0 0 0 0 0 8 0 0 81 0 0 0
"293" 293 0.516556291391 0 3 101 4 1 0 0 0 3 0 1 1 1 0 0 0 0 0 0 2
"294" 294 0.631178707224 1 1 48 1 2 14 3 8 9 0 12 0 1 1 1 0 7 5 2 1
"295" 295 0.199004975124 0 0 0 0 0 0 7 0 0 0 1 0 0 100 0 0 0 0 0 9
"296" 296 0.573221757322 0 0 0 0 0 0 0 0 0 108 0 0 0 0 0 0 0 0 5 1
