"site" "RSA" "aa1" "aa2" "aa3" "aa4" "aa5" "aa6" "aa7" "aa8" "aa9" "aa10" "aa11" "aa12" "aa13" "aa14" "aa15" "aa16" "aa17" "aa18" "aa19" "aa20"
"0" 0 1.17054263566 0 0 0 0 0 70 0 0 0 0 0 0 0 0 0 0 0 0 0 0
"1" 1 0.273722627737 6 0 0 0 0 0 0 0 0 0 0 0 0 0 0 0 64 0 0 0
"2" 2 0.395348837209 0 3 0 1 0 0 0 0 66 0 0 0 0 0 0 0 0 0 0 0
"3" 3 0.0794979079498 0 0 0 0 0 0 0 0 1 21 0 0 0 2 0 45 0 1 0 0
"4" 4 0.0 0 0 0 0 0 0 0 0 2 39 0 0 29 0 0 0 0 0 0 0
"5" 5 0.0 0 0 0 0 0 0 0 0 0 0 0 0 1 0 0 0 69 0 0 0
"6" 6 0.0 59 0 0 0 0 0 0 0 0 0 7 4 0 0 0 0 0 0 0 0
"7" 7 0.0 0 0 0 0 0 0 0 0 0 8 0 41 8 0 0 0 0 0 0 13
"8" 8 0.0205128205128 0 30 0 40 0 0 0 0 0 0 0 0 0 0 0 0 0 0 0 0
"9" 9 0.00418410041841 0 0 0 0 0 0 0 0 0 13 2 0 2 0 0 0 0 0 0 53
"10" 10 0.253164556962 0 0 0 0 0 25 0 0 0 0 0 28 0 0 0 0 0 17 0 0
"11" 11 0.805970149254 0 0 0 0 0 21 0 0 0 0 0 0 0 0 49 0 0 0 0 0
"12" 12 0.389743589744 0 0 0 0 0 2 0 0 0 0 0 0 0 0 68 0 0 0 0 0
"13" 13 0.317307692308 0 0 0 0 0 0 0 0 0 0 0 70 0 0 0 0 0 0 0 0
"14" 14 0.264900662252 0 0 70 0 0 0 0 0 0 0 0 0 0 0 0 0 0 0 0 0
"15" 15 0.540084388186 0 0 0 0 0 64 0 0 0 0 6 0 0 0 0 0 0 0 0 0
"16" 16 0.708520179372 0 0 0 0 0 30 0 0 0 0 0 0 0 0 32 0 0 8 0 0
"17" 17 0.218543046358 0 6 20 0 0 0 0 0 0 0 0 0 0 0 0 0 0 44 0 0
"18" 18 0.0 0 0 0 0 0 0 70 0 0 0 0 0 0 0 0 0 0 0 0 0
"19" 19 0.379746835443 0 0 0 0 0 68 0 0 0 0 0 0 0 0 2 0 0 0 0 0
"20" 20 0.491071428571 0 1 0 0 0 30 0 0 0 0 0 0 0 0 39 0 0 0 0 0
"21" 21 0.0304568527919 0 0 0 0 0 0 48 0 0 0 0 0 0 21 0 1 0 0 0 0
"22" 22 0.0 0 0 0 0 0 0 67 0 0 0 0 0 0 3 0 0 0 0 0 0
"23" 23 0.285714285714 0 42 0 0 0 28 0 0 0 0 0 0 0 0 0 0 0 0 0 0
"24" 24 0.222627737226 0 0 0 0 0 0 0 0 0 0 0 0 0 70 0 0 0 0 0 0
"25" 25 0.0149253731343 0 0 10 0 0 0 0 0 36 1 0 20 0 3 0 0 0 0 0 0
"26" 26 0.138461538462 0 0 0 0 0 0 0 0 0 0 0 70 0 0 0 0 0 0 0 0
"27" 27 0.645348837209 0 0 0 0 0 0 0 0 70 0 0 0 0 0 0 0 0 0 0 0
"28" 28 0.124031007752 0 0 0 0 0 70 0 0 0 0 0 0 0 0 0 0 0 0 0 0
"29" 29 0.682119205298 0 0 0 0 0 70 0 0 0 0 0 0 0 0 0 0 0 0 0 0
"30" 30 0.0862944162437 0 0 0 0 0 0 68 0 0 0 0 0 0 0 0 0 2 0 0 0
"31" 31 0.125786163522 0 0 0 0 0 0 0 66 0 0 0 0 0 0 0 0 0 0 0 4
"32" 32 0.65625 0 26 0 6 0 38 0 0 0 0 0 0 0 0 0 0 0 0 0 0
"33" 33 0.553846153846 0 0 0 0 0 0 0 0 0 0 0 70 0 0 0 0 0 0 0 0
"34" 34 0.0459770114943 0 0 0 0 0 0 0 0 0 0 0 0 0 0 0 0 70 0 0 0
"35" 35 0.241071428571 0 27 0 0 0 0 0 0 0 0 0 0 0 0 3 0 0 39 0 1
"36" 36 0.0 0 0 0 0 0 0 0 0 0 0 0 0 0 0 0 0 70 0 0 0
"37" 37 0.0 0 0 0 0 0 0 1 0 0 0 0 0 0 0 0 0 68 0 1 0
"38" 38 0.0 0 0 2 0 0 0 0 0 1 2 0 0 0 60 0 4 1 0 0 0
"39" 39 0.0 69 0 0 0 0 0 0 0 0 0 0 0 1 0 0 0 0 0 0 0
"40" 40 0.0 0 0 0 0 0 0 0 70 0 0 0 0 0 0 0 0 0 0 0 0
"41" 41 0.106918238994 0 0 0 0 0 0 0 70 0 0 0 0 0 0 0 0 0 0 0 0
"42" 42 0.356589147287 0 0 1 0 0 0 0 62 0 7 0 0 0 0 0 0 0 0 0 0
"43" 43 0.697674418605 0 0 0 0 0 70 0 0 0 0 0 0 0 0 0 0 0 0 0 0
"44" 44 0.186311787072 0 0 0 0 0 0 0 0 0 0 0 0 0 0 0 0 0 0 70 0
"45" 45 0.0547263681592 0 0 0 0 0 0 0 0 0 0 0 0 0 70 0 0 0 0 0 0
"46" 46 0.528497409326 0 0 0 0 0 69 0 0 0 0 0 0 0 0 0 0 0 1 0 0
"47" 47 0.216730038023 0 0 0 0 0 0 0 0 0 70 0 0 0 0 0 0 0 0 0 0
"48" 48 0.0 0 0 0 0 0 0 0 0 0 0 70 0 0 0 0 0 0 0 0 0
"49" 49 0.247126436782 0 0 0 0 0 0 0 0 0 0 66 0 0 0 0 0 0 0 4 0
"50" 50 0.53642384106 0 0 0 0 0 0 0 0 0 0 0 0 0 0 0 0 0 0 0 70
"51" 51 0.0796019900498 0 0 0 0 0 0 0 0 0 0 0 0 0 70 0 0 0 0 0 0
"52" 52 0.155172413793 0 0 0 0 0 0 7 0 0 0 3 0 0 0 0 0 59 1 0 0
"53" 53 0.53164556962 0 0 0 0 0 70 0 0 0 0 0 0 0 0 0 0 0 0 0 0
"54" 54 0.189873417722 0 0 0 0 0 0 0 0 0 0 0 0 2 61 6 0 0 1 0 0
"55" 55 0.77358490566 0 0 1 0 0 1 0 0 0 0 0 0 0 0 1 0 0 67 0 0
"56" 56 0.152466367713 0 0 2 1 67 0 0 0 0 0 0 0 0 0 0 0 0 0 0 0
"57" 57 0.0632183908046 2 0 1 0 1 0 1 0 7 0 0 0 0 0 0 0 0 38 0 20
"58" 58 0.186046511628 0 0 0 0 0 2 0 0 0 0 0 0 0 0 68 0 0 0 0 0
"59" 59 0.0287356321839 0 0 0 0 0 0 62 0 7 0 0 0 0 0 0 0 1 0 0 0
"60" 60 0.0 0 0 0 0 0 0 0 0 0 0 0 70 0 0 0 0 0 0 0 0
"61" 61 0.015503875969 0 0 4 1 0 0 0 0 0 0 65 0 0 0 0 0 0 0 0 0
"62" 62 0.206278026906 0 0 0 0 0 0 35 0 35 0 0 0 0 0 0 0 0 0 0 0
"63" 63 0.0666666666667 4 0 2 0 0 0 0 0 0 0 0 10 18 0 35 0 0 0 0 1
"64" 64 0.015503875969 0 0 0 0 0 0 0 0 0 0 70 0 0 0 0 0 0 0 0 0
"65" 65 0.197718631179 0 0 63 0 0 0 0 0 0 0 0 7 0 0 0 0 0 0 0 0
"66" 66 0.134328358209 8 6 1 53 0 0 0 0 0 0 0 0 0 0 0 0 0 2 0 0
"67" 67 0.459915611814 0 0 0 0 0 0 0 0 0 0 0 0 0 0 6 0 0 0 64 0
"68" 68 0.147286821705 0 1 0 0 0 3 0 0 2 0 4 0 0 2 38 0 0 20 0 0
"69" 69 0.596026490066 0 0 70 0 0 0 0 0 0 0 0 0 0 0 0 0 0 0 0 0
"70" 70 0.605769230769 0 0 0 0 0 0 0 0 0 0 0 70 0 0 0 0 0 0 0 0
"71" 71 0.736434108527 0 70 0 0 0 0 0 0 0 0 0 0 0 0 0 0 0 0 0 0
"72" 72 0.322175732218 0 0 0 0 0 0 0 0 0 70 0 0 0 0 0 0 0 0 0 0
"73" 73 0.895348837209 0 0 0 0 0 70 0 0 0 0 0 0 0 0 0 0 0 0 0 0
"74" 74 0.673076923077 0 0 0 0 0 0 0 0 0 0 0 70 0 0 0 0 0 0 0 0
"75" 75 0.330357142857 0 0 0 0 63 0 0 0 7 0 0 0 0 0 0 0 0 0 0 0
"76" 76 0.297435897436 0 1 0 0 1 0 61 0 0 0 0 0 0 0 0 0 0 0 7 0
"77" 77 0.0529801324503 0 0 55 0 0 0 0 0 0 15 0 0 0 0 0 0 0 0 0 0
"78" 78 0.0 0 0 10 0 0 0 0 0 54 0 6 0 0 0 0 0 0 0 0 0
"79" 79 0.331606217617 0 0 5 0 0 57 0 0 0 0 0 0 0 0 7 0 0 0 0 1
"80" 80 0.511210762332 0 2 0 0 0 38 0 0 0 0 0 0 0 7 0 0 0 23 0 0
"81" 81 0.0152284263959 0 0 4 0 0 0 62 0 1 0 0 0 0 0 0 0 3 0 0 0
"82" 82 0.405063291139 0 0 0 0 0 70 0 0 0 0 0 0 0 0 0 0 0 0 0 0
"83" 83 0.689119170984 0 0 0 0 0 59 0 0 0 0 6 0 0 0 5 0 0 0 0 0
"84" 84 0.195402298851 0 0 0 1 0 1 0 0 0 7 0 0 0 0 20 37 4 0 0 0
"85" 85 0.211538461538 0 0 0 0 0 0 0 0 0 0 0 70 0 0 0 0 0 0 0 0
"86" 86 0.0077519379845 0 0 0 0 0 0 0 0 0 0 70 0 0 0 0 0 0 0 0 0
"87" 87 0.455696202532 0 0 1 0 39 0 0 0 28 0 0 0 0 0 0 0 0 0 2 0
"88" 88 0.0780141843972 2 0 0 0 0 0 0 0 0 5 28 0 2 0 0 0 0 0 33 0
"89" 89 0.00574712643678 0 0 0 0 0 0 12 0 0 0 0 0 0 0 0 0 58 0 0 0
"90" 90 0.010152284264 0 0 0 0 0 0 69 0 0 0 0 0 0 0 0 0 1 0 0 0
"91" 91 0.00995024875622 0 0 0 0 0 0 0 0 0 0 0 0 0 70 0 0 0 0 0 0
"92" 92 0.0 0 0 0 0 0 0 0 0 0 0 0 70 0 0 0 0 0 0 0 0
"93" 93 0.0526315789474 0 0 0 0 0 0 0 0 0 0 0 0 70 0 0 0 0 0 0 0
"94" 94 0.158940397351 0 0 7 0 0 0 0 0 0 0 3 15 0 0 0 0 0 0 0 45
"95" 95 0.303571428571 0 2 58 0 0 0 0 0 5 0 0 0 0 0 3 0 0 2 0 0
"96" 96 0.21897810219 0 10 0 0 10 1 0 0 0 0 0 0 8 36 0 0 0 1 0 4
"97" 97 0.14598540146 0 0 0 0 57 13 0 0 0 0 0 0 0 0 0 0 0 0 0 0
"98" 98 0.470198675497 0 0 0 0 2 27 0 0 0 0 0 0 0 0 38 0 0 3 0 0
"99" 99 0.642585551331 0 36 0 0 0 31 0 0 0 0 0 0 0 0 0 0 0 3 0 0
"100" 100 0.485355648536 0 0 0 18 0 46 0 0 0 0 0 0 3 2 0 0 0 0 0 1
"101" 101 0.736842105263 0 0 0 0 0 0 0 0 0 0 0 0 70 0 0 0 0 0 0 0
"102" 102 0.0625 4 2 5 0 35 1 7 0 0 0 0 0 0 0 0 0 16 0 0 0
"103" 103 0.476683937824 0 67 0 0 0 0 0 0 3 0 0 0 0 0 0 0 0 0 0 0
"104" 104 0.165803108808 0 9 0 4 0 0 0 0 0 0 4 0 0 0 53 0 0 0 0 0
"105" 105 0.409282700422 0 0 16 0 0 39 0 0 1 0 0 0 0 0 4 0 0 0 0 10
"106" 106 0.217573221757 0 3 7 0 0 21 0 0 14 0 0 0 0 0 0 0 0 0 0 25
"107" 107 0.00507614213198 0 0 0 0 0 0 0 0 23 0 1 0 0 0 0 0 41 5 0 0
"108" 108 0.0 0 0 7 0 0 0 0 0 0 0 63 0 0 0 0 0 0 0 0 0
"109" 109 0.243523316062 0 10 34 0 0 14 0 0 0 0 0 0 0 0 0 0 0 12 0 0
"110" 110 0.0126582278481 0 0 0 0 0 66 0 0 0 0 0 0 0 0 2 0 0 2 0 0
"111" 111 0.0 0 0 0 0 0 0 0 0 0 0 0 0 0 0 0 0 70 0 0 0
"112" 112 0.476793248945 0 0 0 0 0 6 0 0 0 0 0 0 0 38 21 0 0 0 3 2
"113" 113 0.205020920502 0 0 0 0 0 0 0 0 0 31 9 0 30 0 0 0 0 0 0 0
"114" 114 0.0232558139535 0 0 0 0 0 0 0 0 47 0 23 0 0 0 0 0 0 0 0 0
"115" 115 0.203980099502 0 0 0 0 0 0 9 0 0 0 0 0 0 55 0 0 0 6 0 0
"116" 116 0.538461538462 0 0 0 0 0 60 0 0 0 0 1 0 0 0 0 0 0 9 0 0
"117" 117 0.255605381166 0 8 5 28 0 9 0 0 18 0 0 0 0 0 0 0 0 0 0 2
"118" 118 0.615384615385 0 0 0 0 0 0 0 0 0 0 0 70 0 0 0 0 0 0 0 0
"119" 119 0.0172413793103 3 0 0 0 0 0 0 0 9 0 0 0 0 47 0 0 11 0 0 0
"120" 120 0.0769230769231 2 0 0 0 1 1 0 0 0 0 0 38 0 0 27 0 0 1 0 0
"121" 121 0.0 0 0 0 0 0 0 0 0 0 0 0 0 0 0 0 0 70 0 0 0
"122" 122 0.0 0 0 0 0 0 0 70 0 0 0 0 0 0 0 0 0 0 0 0 0
"123" 123 0.00497512437811 0 0 0 0 0 0 0 0 0 0 0 0 0 70 0 0 0 0 0 0
"124" 124 0.0 0 0 0 0 0 0 0 0 0 0 0 0 0 0 0 0 70 0 0 0
"125" 125 0.010152284264 0 0 0 0 0 0 70 0 0 0 0 0 0 0 0 0 0 0 0 0
"126" 126 0.0961538461538 0 0 0 0 0 0 0 0 0 0 0 70 0 0 0 0 0 0 0 0
"127" 127 0.00446428571429 66 0 1 0 0 0 0 0 0 0 0 0 0 0 0 0 0 3 0 0
"128" 128 0.209302325581 0 0 23 0 0 0 0 0 40 0 0 0 0 0 7 0 0 0 0 0
"129" 129 0.18407960199 0 0 0 0 0 0 0 0 0 0 0 0 0 41 17 0 0 12 0 0
"130" 130 0.571428571429 0 0 0 0 0 56 0 0 0 0 0 0 0 0 9 0 0 5 0 0
"131" 131 0.285714285714 0 9 1 0 11 0 0 0 0 0 0 0 0 0 0 1 0 48 0 0
"132" 132 0.26582278481 0 0 0 0 0 0 0 0 0 0 0 0 0 0 0 0 0 0 70 0
"133" 133 0.679324894515 0 0 0 0 0 0 0 0 0 0 0 0 0 41 12 0 0 17 0 0
"134" 134 0.511627906977 0 0 0 0 0 20 0 0 0 0 0 0 0 15 0 3 0 32 0 0
"135" 135 0.5 0 0 0 0 0 0 0 0 0 0 0 70 0 0 0 0 0 0 0 0
"136" 136 0.438818565401 0 0 0 0 0 44 0 0 0 0 0 0 0 21 3 0 0 2 0 0
"137" 137 0.145348837209 0 0 0 0 0 0 0 0 18 0 0 0 0 0 4 0 0 15 0 33
"138" 138 0.353233830846 0 4 1 1 0 0 0 0 0 0 0 0 0 63 0 1 0 0 0 0
"139" 139 0.440414507772 0 0 0 0 3 55 2 0 0 0 0 0 0 0 2 0 0 3 0 5
"140" 140 0.0344827586207 0 0 13 0 18 0 0 0 0 0 0 0 0 0 0 0 0 31 0 8
"141" 141 0.0229885057471 0 0 0 0 0 0 70 0 0 0 0 0 0 0 0 0 0 0 0 0
"142" 142 0.348214285714 0 0 0 0 0 1 0 0 0 69 0 0 0 0 0 0 0 0 0 0
"143" 143 0.408759124088 0 2 0 0 0 13 0 0 0 0 0 0 0 0 1 0 0 54 0 0
"144" 144 0.0403587443946 0 0 0 0 57 0 0 0 0 0 0 0 0 0 0 0 0 13 0 0
"145" 145 0.0 0 0 0 0 0 0 0 0 0 0 0 0 0 70 0 0 0 0 0 0
"146" 146 0.205128205128 0 0 0 0 0 57 0 0 0 0 0 0 0 0 4 3 0 6 0 0
"147" 147 0.15503875969 0 0 0 0 0 0 0 0 0 0 19 0 0 0 0 0 0 18 3 30
"148" 148 0.0172413793103 0 0 0 0 0 0 0 0 0 0 0 0 0 0 0 0 70 0 0 0
"149" 149 0.119402985075 0 0 0 0 0 0 0 0 0 0 0 0 0 70 0 0 0 0 0 0
"150" 150 0.602678571429 0 0 0 0 0 29 0 0 0 0 0 0 0 0 2 0 0 0 0 39
"151" 151 0.321428571429 0 0 0 7 0 1 0 0 0 0 0 0 0 62 0 0 0 0 0 0
"152" 152 0.0574712643678 0 0 0 0 0 0 0 0 0 0 0 0 0 6 0 0 64 0 0 0
"153" 153 0.831223628692 0 0 0 0 0 70 0 0 0 0 0 0 0 0 0 0 0 0 0 0
"154" 154 0.538860103627 0 6 0 0 0 50 0 0 0 0 0 0 0 0 14 0 0 0 0 0
"155" 155 0.0425531914894 0 0 0 0 0 0 0 0 0 0 0 0 0 0 0 70 0 0 0 0
"156" 156 0.575581395349 0 0 1 0 0 37 0 0 7 0 0 0 0 0 0 0 0 14 0 11
"157" 157 0.523076923077 0 0 0 31 0 0 0 0 0 0 0 0 1 0 0 0 0 0 0 38
"158" 158 0.0172413793103 0 0 0 0 0 0 9 0 0 0 0 0 0 0 0 0 61 0 0 0
"159" 159 0.0 0 0 0 0 0 0 0 0 0 1 0 0 3 0 37 0 0 0 29 0
"160" 160 0.0 0 0 0 0 0 0 0 0 0 0 0 0 0 0 0 0 70 0 0 0
"161" 161 0.0 0 0 0 0 0 0 0 0 0 0 70 0 0 0 0 0 0 0 0 0
"162" 162 0.00760456273764 0 0 0 0 0 0 0 0 0 0 0 0 0 2 0 0 0 0 68 0
"163" 163 0.0669642857143 27 7 0 0 2 0 0 0 0 0 0 0 4 0 0 0 0 13 17 0
"164" 164 0.0062893081761 0 0 0 1 0 0 0 5 0 0 55 8 1 0 0 0 0 0 0 0
"165" 165 0.241379310345 0 0 0 0 0 3 0 0 0 0 6 0 0 0 1 2 0 0 36 22
"166" 166 0.031914893617 0 0 0 0 0 0 0 0 0 0 0 0 0 0 0 70 0 0 0 0
"167" 167 0.131782945736 0 0 8 0 0 0 0 0 0 0 62 0 0 0 0 0 0 0 0 0
"168" 168 0.46192893401 0 14 0 0 0 1 27 0 0 0 0 0 0 16 6 0 0 6 0 0
"169" 169 0.865384615385 0 0 0 0 0 0 0 0 0 0 0 70 0 0 0 0 0 0 0 0
"170" 170 0.302325581395 0 0 0 0 0 0 0 0 70 0 0 0 0 0 0 0 0 0 0 0
"171" 171 0.75 0 0 0 0 0 0 0 0 0 0 0 70 0 0 0 0 0 0 0 0
"172" 172 0.442786069652 0 0 0 0 0 6 0 0 0 0 0 0 0 63 0 0 0 0 0 1
"173" 173 0.627906976744 0 0 0 0 0 0 0 0 0 0 0 0 0 0 68 0 0 2 0 0
"174" 174 0.193798449612 38 0 32 0 0 0 0 0 0 0 0 0 0 0 0 0 0 0 0 0
"175" 175 0.296511627907 0 0 47 0 1 22 0 0 0 0 0 0 0 0 0 0 0 0 0 0
"176" 176 0.100628930818 0 0 0 0 0 0 0 70 0 0 0 0 0 0 0 0 0 0 0 0
"177" 177 0.517857142857 0 0 0 0 0 67 0 0 0 0 0 0 0 0 1 0 0 2 0 0
"178" 178 0.243523316062 0 67 0 0 0 0 0 0 0 0 0 0 0 0 0 0 0 3 0 0
"179" 179 0.0077519379845 0 31 0 1 0 0 0 0 0 0 38 0 0 0 0 0 0 0 0 0
"180" 180 0.192825112108 0 0 0 0 0 6 0 0 0 0 0 0 0 0 24 0 0 40 0 0
"181" 181 0.502590673575 0 18 0 0 0 1 0 0 0 0 0 0 0 0 47 0 0 4 0 0
"182" 182 0.0659898477157 0 0 0 0 0 0 68 0 0 0 0 0 0 0 0 0 0 0 0 2
"183" 183 0.0 0 0 0 0 0 0 0 0 0 0 0 0 70 0 0 0 0 0 0 0
"184" 184 0.271317829457 0 6 0 0 0 11 0 0 0 0 0 0 0 0 23 0 0 30 0 0
"185" 185 0.291390728477 0 18 0 2 0 0 0 0 0 0 38 0 0 0 0 0 0 12 0 0
"186" 186 0.00507614213198 0 0 0 0 0 0 70 0 0 0 0 0 0 0 0 0 0 0 0 0
"187" 187 0.0693430656934 0 0 7 1 0 3 0 0 0 0 0 0 0 0 32 27 0 0 0 0
"188" 188 0.675105485232 0 0 0 0 0 35 0 0 0 0 0 0 0 1 34 0 0 0 0 0
"189" 189 0.117154811715 0 0 0 0 0 0 0 0 0 70 0 0 0 0 0 0 0 0 0 0
"190" 190 0.0 0 0 0 0 0 0 0 0 0 0 0 0 0 70 0 0 0 0 0 0
"191" 191 0.232558139535 0 0 0 0 0 0 0 0 0 0 70 0 0 0 0 0 0 0 0 0
"192" 192 0.549668874172 0 0 0 0 0 58 0 0 0 0 0 0 0 0 10 0 0 2 0 0
"193" 193 0.46835443038 0 0 0 0 0 70 0 0 0 0 0 0 0 0 0 0 0 0 0 0
"194" 194 0.208955223881 0 0 0 0 0 0 0 0 0 0 0 0 0 70 0 0 0 0 0 0
"195" 195 0.278846153846 0 0 0 0 0 0 0 0 0 0 0 70 0 0 0 0 0 0 0 0
"196" 196 0.60621761658 0 0 10 0 0 59 0 0 0 0 0 0 0 0 0 0 0 1 0 0
"197" 197 0.535864978903 0 0 0 0 0 10 0 0 0 0 0 0 0 0 0 0 0 60 0 0
"198" 198 0.31007751938 0 0 0 0 0 70 0 0 0 0 0 0 0 0 0 0 0 0 0 0
"199" 199 0.0077519379845 0 0 0 0 0 0 0 0 0 0 70 0 0 0 0 0 0 0 0 0
"200" 200 0.225165562914 0 0 39 0 0 12 0 0 0 0 0 0 0 0 16 0 0 3 0 0
"201" 201 0.540178571429 0 0 0 0 0 58 0 0 0 0 0 0 0 5 7 0 0 0 0 0
"202" 202 0.0398009950249 0 0 0 0 0 0 0 0 0 0 0 0 0 70 0 0 0 0 0 0
"203" 203 0.105839416058 6 0 0 0 0 0 0 0 0 0 64 0 0 0 0 0 0 0 0 0
"204" 204 0.0 0 0 0 0 0 0 70 0 0 0 0 0 0 0 0 0 0 0 0 0
"205" 205 0.0 0 0 0 2 0 0 0 0 0 0 0 0 0 68 0 0 0 0 0 0
"206" 206 0.0342205323194 31 38 0 1 0 0 0 0 0 0 0 0 0 0 0 0 0 0 0 0
"207" 207 0.125 0 0 0 0 0 0 0 0 0 0 0 70 0 0 0 0 0 0 0 0
"208" 208 0.0865384615385 0 0 9 0 0 0 0 0 0 0 0 61 0 0 0 0 0 0 0 0
"209" 209 0.549668874172 0 26 2 4 0 0 0 0 0 0 3 0 0 0 0 0 0 1 0 34
"210" 210 0.046511627907 0 0 0 0 0 0 0 0 0 0 2 0 0 0 0 0 68 0 0 0
"211" 211 0.241025641026 0 0 0 44 0 0 0 0 26 0 0 0 0 0 0 0 0 0 0 0
"212" 212 0.201923076923 0 0 1 0 0 2 0 0 0 0 0 54 0 0 13 0 0 0 0 0
"213" 213 0.708609271523 0 16 44 0 0 7 0 0 0 0 0 0 0 0 0 0 0 3 0 0
"214" 214 0.2 0 0 0 0 1 0 0 0 0 0 0 0 0 0 0 0 0 47 22 0
"215" 215 0.0077519379845 0 0 3 0 0 0 0 0 0 0 67 0 0 0 0 0 0 0 0 0
"216" 216 0.379310344828 0 0 0 0 0 53 0 0 0 0 0 0 0 0 14 3 0 0 0 0
"217" 217 0.354651162791 0 0 0 0 0 69 0 0 0 0 0 0 0 0 1 0 0 0 0 0
"218" 218 0.0167364016736 0 0 0 0 0 0 0 0 0 0 22 0 0 0 48 0 0 0 0 0
"219" 219 0.345991561181 0 0 70 0 0 0 0 0 0 0 0 0 0 0 0 0 0 0 0 0
"220" 220 0.699481865285 0 25 0 45 0 0 0 0 0 0 0 0 0 0 0 0 0 0 0 0
"221" 221 0.160337552743 45 0 0 0 25 0 0 0 0 0 0 0 0 0 0 0 0 0 0 0
"222" 222 0.573643410853 0 0 21 0 0 49 0 0 0 0 0 0 0 0 0 0 0 0 0 0
"223" 223 0.145077720207 0 0 0 35 0 8 0 0 0 0 0 0 0 0 0 0 0 0 27 0
"224" 224 0.00574712643678 0 0 0 0 0 0 29 0 0 0 0 0 0 0 0 0 41 0 0 0
"225" 225 0.0414507772021 0 0 0 0 0 0 0 0 0 0 0 0 70 0 0 0 0 0 0 0
"226" 226 0.0 0 0 0 0 0 0 0 0 0 0 0 70 0 0 0 0 0 0 0 0
"227" 227 0.0 0 0 1 0 0 0 0 0 0 66 0 0 3 0 0 0 0 0 0 0
"228" 228 0.0398009950249 0 0 0 0 0 0 0 0 0 0 0 0 0 70 0 0 0 0 0 0
"229" 229 0.0114942528736 0 0 0 0 0 0 0 0 0 0 0 0 0 0 0 0 70 0 0 0
"230" 230 0.173076923077 0 0 0 0 0 0 0 0 0 0 0 34 0 0 16 0 0 20 0 0
"231" 231 0.5 0 25 0 0 0 37 0 0 0 0 0 0 0 0 6 2 0 0 0 0
"232" 232 0.0697674418605 0 0 42 0 0 0 0 0 2 0 26 0 0 0 0 0 0 0 0 0
"233" 233 0.0 0 0 0 0 0 0 0 0 0 0 41 29 0 0 0 0 0 0 0 0
"234" 234 0.243781094527 0 0 2 0 0 0 0 0 51 0 0 0 0 0 0 0 0 0 0 17
"235" 235 0.434599156118 0 0 0 0 0 48 0 0 0 0 0 0 0 0 20 0 0 2 0 0
"236" 236 0.48427672956 0 0 0 0 0 0 0 70 0 0 0 0 0 0 0 0 0 0 0 0
"237" 237 0.191964285714 0 4 0 0 0 5 0 0 0 0 0 16 0 0 2 0 0 43 0 0
"238" 238 0.0167364016736 0 0 0 0 0 0 0 0 0 41 28 1 0 0 0 0 0 0 0 0
"239" 239 0.149425287356 0 0 0 0 0 0 66 0 0 0 0 0 0 0 0 0 4 0 0 0
"240" 240 0.492227979275 0 0 0 0 0 53 0 0 0 0 0 0 0 0 1 0 0 13 0 3
"241" 241 0.0 0 0 0 0 0 0 70 0 0 0 0 0 0 0 0 0 0 0 0 0
"242" 242 0.00507614213198 0 0 0 0 0 0 69 0 0 0 0 0 0 0 0 0 1 0 0 0
"243" 243 0.235897435897 0 0 0 70 0 0 0 0 0 0 0 0 0 0 0 0 0 0 0 0
"244" 244 0.0927152317881 0 0 27 0 0 0 0 0 0 0 43 0 0 0 0 0 0 0 0 0
"245" 245 0.273722627737 0 1 0 0 0 47 21 0 0 0 0 0 0 0 1 0 0 0 0 0
"246" 246 0.907692307692 0 0 0 0 0 70 0 0 0 0 0 0 0 0 0 0 0 0 0 0
