"site" "RSA" "aa1" "aa2" "aa3" "aa4" "aa5" "aa6" "aa7" "aa8" "aa9" "aa10" "aa11" "aa12" "aa13" "aa14" "aa15" "aa16" "aa17" "aa18" "aa19" "aa20"
"0" 0 1.08609271523 0 0 0 0 0 0 0 220 0 0 0 0 0 0 0 0 0 0 0 0
"1" 1 0.669642857143 0 0 0 0 0 136 0 0 0 0 0 0 0 0 84 0 0 0 0 0
"2" 2 0.114427860697 0 0 0 0 0 0 0 0 0 0 0 0 0 220 0 0 0 0 0 0
"3" 3 0.517412935323 0 0 45 0 0 145 0 0 0 0 0 0 0 0 30 0 0 0 0 0
"4" 4 0.5625 0 0 0 0 0 37 0 175 0 0 0 0 0 0 0 0 0 8 0 0
"5" 5 0.575892857143 0 212 0 0 5 0 0 0 0 0 0 0 0 0 0 0 0 3 0 0
"6" 6 0.183856502242 0 3 0 0 184 0 0 0 0 0 0 0 0 0 0 0 0 33 0 0
"7" 7 0.257383966245 0 0 0 0 0 212 0 0 0 0 0 0 0 0 8 0 0 0 0 0
"8" 8 0.412556053812 0 0 0 1 0 207 0 0 0 0 0 0 0 0 7 2 0 3 0 0
"9" 9 0.294642857143 0 1 0 0 4 87 0 0 0 0 28 0 0 0 71 0 0 26 0 3
"10" 10 0.010152284264 0 0 0 0 0 0 216 0 0 0 4 0 0 0 0 0 0 0 0 0
"11" 11 0.475285171103 0 12 0 0 0 107 0 0 6 0 4 0 0 26 11 1 0 53 0 0
"12" 12 0.53125 0 0 0 0 0 44 0 0 0 0 0 0 0 0 172 0 0 2 2 0
"13" 13 0.062015503876 0 74 2 42 0 0 0 0 0 0 95 0 4 0 0 0 1 0 2 0
"14" 14 0.0376569037657 0 0 0 0 0 0 0 0 0 220 0 0 0 0 0 0 0 0 0 0
"15" 15 0.317880794702 0 9 0 4 0 152 0 0 0 0 0 0 0 17 4 0 0 8 0 26
"16" 16 0.651741293532 0 0 0 0 0 218 0 0 0 0 0 0 0 0 2 0 0 0 0 0
"17" 17 0.246861924686 0 0 0 0 1 0 0 0 0 219 0 0 0 0 0 0 0 0 0 0
"18" 18 0.150259067358 0 219 1 0 0 0 0 0 0 0 0 0 0 0 0 0 0 0 0 0
"19" 19 0.651282051282 0 0 0 0 0 0 0 0 0 0 0 220 0 0 0 0 0 0 0 0
"20" 20 0.728205128205 0 0 0 219 0 1 0 0 0 0 0 0 0 0 0 0 0 0 0 0
"21" 21 0.331606217617 219 1 0 0 0 0 0 0 0 0 0 0 0 0 0 0 0 0 0 0
"22" 22 0.278846153846 0 0 0 0 0 0 0 0 0 0 0 220 0 0 0 0 0 0 0 0
"23" 23 0.188284518828 0 0 0 0 0 0 0 0 0 0 0 0 0 0 0 0 0 0 220 0
"24" 24 0.044776119403 0 0 0 0 0 0 0 0 0 0 0 0 0 220 0 0 0 0 0 0
"25" 25 0.290155440415 0 220 0 0 0 0 0 0 0 0 0 0 0 0 0 0 0 0 0 0
"26" 26 0.0988593155894 0 0 0 0 0 1 0 0 0 194 0 0 0 1 2 0 0 22 0 0
"27" 27 0.607655502392 0 0 41 0 0 80 0 0 87 0 0 0 2 0 0 0 0 10 0 0
"28" 28 0.1875 0 0 0 0 35 185 0 0 0 0 0 0 0 0 0 0 0 0 0 0
"29" 29 0.194029850746 0 0 0 0 0 1 0 0 0 1 1 0 0 193 0 0 0 23 1 0
"30" 30 0.388185654008 0 0 0 0 0 101 0 0 0 0 0 0 0 0 106 0 0 0 0 13
"31" 31 0.35632183908 0 90 0 0 0 114 0 0 0 0 0 0 0 0 0 0 0 5 0 11
"32" 32 0.046511627907 0 0 0 4 0 0 0 0 0 0 216 0 0 0 0 0 0 0 0 0
"33" 33 0.540084388186 0 0 0 0 0 67 127 0 0 0 0 0 0 0 26 0 0 0 0 0
"34" 34 0.449612403101 0 0 2 0 31 0 0 0 0 0 116 1 0 1 0 0 0 69 0 0
"35" 35 0.10447761194 0 0 139 0 0 0 0 0 0 0 0 0 0 3 0 0 0 0 0 78
"36" 36 0.413461538462 0 0 0 0 0 0 0 0 0 0 0 220 0 0 0 0 0 0 0 0
"37" 37 0.259414225941 0 1 0 74 0 0 0 0 0 99 0 0 6 0 0 6 0 34 0 0
"38" 38 0.629464285714 0 0 64 0 0 130 0 0 0 0 0 0 0 0 0 0 0 26 0 0
"39" 39 0.218905472637 0 0 0 0 0 43 0 0 0 1 0 0 0 11 119 0 0 10 0 36
"40" 40 0.446540880503 0 0 0 0 0 0 0 79 0 0 0 0 0 0 141 0 0 0 0 0
"41" 41 0.586497890295 0 1 0 0 0 39 0 0 0 0 0 0 0 0 124 0 0 50 0 6
"42" 42 0.667883211679 0 120 0 0 0 97 0 0 0 0 0 0 0 0 0 0 0 3 0 0
"43" 43 0.410714285714 0 11 0 0 1 3 0 0 0 0 0 0 0 0 0 0 1 203 0 1
"44" 44 0.0507614213198 0 0 0 0 0 0 215 0 0 0 0 0 0 5 0 0 0 0 0 0
"45" 45 0.238805970149 0 0 0 0 0 50 0 0 0 0 0 0 0 119 23 6 0 4 17 1
"46" 46 0.507772020725 0 0 0 0 0 143 0 0 0 0 0 0 0 0 77 0 0 0 0 0
"47" 47 0.18407960199 0 1 1 0 0 23 1 0 3 0 8 0 0 130 0 7 0 44 1 1
"48" 48 0.0507614213198 0 0 0 0 0 0 217 0 0 0 1 0 0 0 0 0 2 0 0 0
"49" 49 0.507772020725 0 2 0 0 0 209 0 0 0 0 0 0 0 0 2 0 0 7 0 0
"50" 50 0.598214285714 0 0 0 0 1 211 0 0 0 0 0 0 0 0 0 0 0 8 0 0
"51" 51 0.269961977186 1 0 1 0 0 1 0 0 0 59 0 0 15 0 0 0 0 0 143 0
"52" 52 0.217616580311 220 0 0 0 0 0 0 0 0 0 0 0 0 0 0 0 0 0 0 0
"53" 53 0.741721854305 0 0 0 0 0 220 0 0 0 0 0 0 0 0 0 0 0 0 0 0
"54" 54 0.46875 0 0 0 0 0 0 0 0 0 0 0 0 0 0 0 0 220 0 0 0
"55" 55 0.875 0 0 0 0 0 0 0 0 0 0 0 220 0 0 0 0 0 0 0 0
"56" 56 0.412408759124 0 0 0 0 0 0 0 0 0 0 0 0 0 0 141 0 0 79 0 0
"57" 57 0.55023923445 0 0 0 0 0 9 0 25 0 0 1 0 0 6 177 0 1 0 0 1
"58" 58 0.248756218905 0 0 0 0 0 0 0 0 0 0 0 0 0 141 79 0 0 0 0 0
"59" 59 0.443037974684 0 0 0 0 0 3 0 0 0 0 0 0 0 0 193 0 0 0 0 24
"60" 60 0.209125475285 0 0 0 0 0 7 0 0 0 21 1 0 0 5 171 0 0 8 7 0
"61" 61 0.507772020725 0 173 0 0 0 5 0 0 0 0 0 0 0 0 0 0 0 42 0 0
"62" 62 0.165803108808 0 41 2 0 0 0 0 0 0 0 0 0 0 0 0 1 0 2 174 0
"63" 63 0.150627615063 0 0 0 0 0 0 0 0 0 1 3 0 0 0 0 0 0 1 215 0
"64" 64 0.247148288973 0 0 0 0 4 1 7 0 0 151 0 0 0 4 50 0 0 0 1 2
"65" 65 0.43654822335 0 0 0 0 0 133 2 0 0 0 0 0 0 0 14 0 0 71 0 0
"66" 66 0.137931034483 0 12 1 12 0 4 0 0 0 0 1 7 0 0 1 0 0 119 0 63
"67" 67 0.105769230769 0 0 0 0 0 0 0 0 0 0 0 220 0 0 0 0 0 0 0 0
"68" 68 0.433035714286 0 5 0 0 0 105 0 0 0 0 0 0 0 0 73 0 0 37 0 0
"69" 69 0.295358649789 0 109 0 17 0 1 0 0 0 0 0 0 0 14 11 0 0 0 0 68
"70" 70 0.0152284263959 0 34 0 0 2 0 0 0 0 0 0 0 0 0 0 0 0 183 0 1
"71" 71 0.402985074627 0 0 0 0 0 136 0 0 0 0 0 0 0 65 19 0 0 0 0 0
"72" 72 0.746835443038 0 0 0 0 0 106 0 0 0 0 0 0 0 10 104 0 0 0 0 0
"73" 73 0.299270072993 5 0 0 5 1 0 0 0 0 0 0 0 0 1 208 0 0 0 0 0
"74" 74 0.40414507772 0 152 0 9 0 0 29 0 0 0 0 0 0 5 25 0 0 0 0 0
"75" 75 0.622641509434 0 0 0 0 0 0 0 220 0 0 0 0 0 0 0 0 0 0 0 0
"76" 76 0.303482587065 0 16 0 11 0 59 0 0 0 0 0 0 0 78 6 0 0 49 0 1
"77" 77 0.362694300518 0 0 0 0 0 172 0 0 0 0 0 0 0 0 0 0 0 48 0 0
"78" 78 0.629464285714 0 23 1 0 0 0 0 0 0 0 0 0 0 1 0 0 0 194 0 1
"79" 79 0.192893401015 0 0 0 0 0 0 219 0 1 0 0 0 0 0 0 0 0 0 0 0
"80" 80 0.341772151899 0 6 0 0 0 131 2 0 0 0 0 0 0 0 48 0 0 19 0 14
"81" 81 0.514598540146 0 0 0 0 0 46 0 0 0 0 0 0 0 2 169 0 0 2 0 1
"82" 82 0.232558139535 0 0 0 0 0 169 0 0 0 0 1 0 0 14 17 0 0 17 0 2
"83" 83 0.0125523012552 0 0 0 0 0 0 0 0 0 220 0 0 0 0 0 0 0 0 0 0
"84" 84 0.502242152466 0 0 0 0 0 154 0 0 0 0 0 0 0 1 0 0 0 64 0 1
"85" 85 0.626865671642 0 1 0 0 0 107 0 0 0 0 0 0 0 0 5 0 0 81 0 26
"86" 86 0.230125523013 4 0 8 0 3 15 0 0 0 14 10 0 34 0 1 66 0 30 1 34
"87" 87 0.0310880829016 0 220 0 0 0 0 0 0 0 0 0 0 0 0 0 0 0 0 0 0
"88" 88 0.357512953368 0 0 0 0 0 4 0 0 0 0 0 0 0 0 215 0 0 1 0 0
"89" 89 0.336787564767 0 215 0 0 0 4 0 0 0 0 0 0 1 0 0 0 0 0 0 0
"90" 90 0.722488038278 0 0 0 2 0 154 0 0 0 0 0 0 0 0 64 0 0 0 0 0
"91" 91 0.436046511628 0 0 0 0 0 74 0 0 55 0 0 0 0 4 87 0 0 0 0 0
"92" 92 0.384615384615 0 0 0 0 0 0 0 0 0 0 0 220 0 0 0 0 0 0 0 0
"93" 93 0.308016877637 0 0 8 0 0 59 0 0 0 4 0 0 0 0 0 0 0 13 136 0
"94" 94 0.0253807106599 0 0 0 0 0 0 220 0 0 0 0 0 0 0 0 0 0 0 0 0
"95" 95 0.0596026490066 0 0 133 0 0 0 0 0 73 0 0 0 0 0 14 0 0 0 0 0
"96" 96 0.167512690355 0 0 60 0 0 0 0 0 5 0 0 0 0 22 14 119 0 0 0 0
"97" 97 0.548523206751 0 0 133 0 0 86 0 0 0 0 0 0 0 0 0 0 0 1 0 0
"98" 98 0.0153846153846 0 16 0 0 0 0 0 0 0 20 0 0 184 0 0 0 0 0 0 0
"99" 99 0.203980099502 0 0 0 0 53 121 0 0 0 0 6 0 0 21 0 0 0 13 6 0
"100" 100 0.313868613139 0 1 1 0 5 0 0 0 0 0 44 0 0 12 1 3 0 153 0 0
"101" 101 0.251824817518 0 0 0 0 1 6 0 0 0 0 0 0 0 1 31 0 0 181 0 0
"102" 102 0.0862068965517 0 0 33 0 3 1 0 0 0 3 24 5 0 0 9 68 2 13 19 40
"103" 103 0.093023255814 0 55 1 2 0 0 0 0 0 0 149 0 1 3 0 0 0 5 4 0
"104" 104 0.666666666667 0 0 0 0 0 214 0 0 0 0 0 0 0 0 3 0 0 0 0 3
"105" 105 0.625 0 6 0 0 0 7 0 0 0 0 0 0 0 1 175 0 0 31 0 0
"106" 106 0.641791044776 0 1 0 0 16 153 0 0 0 0 0 0 0 0 9 0 0 6 0 35
"107" 107 0.557692307692 0 0 0 0 0 0 0 0 0 0 0 220 0 0 0 0 0 0 0 0
"108" 108 0.535714285714 0 0 0 2 1 70 1 0 0 0 0 0 0 52 40 0 0 42 2 10
"109" 109 0.790697674419 0 220 0 0 0 0 0 0 0 0 0 0 0 0 0 0 0 0 0 0
"110" 110 0.378109452736 3 6 3 23 0 35 7 0 8 0 0 0 0 85 42 0 3 4 0 1
"111" 111 0.401162790698 0 0 184 0 0 0 0 0 0 0 0 0 0 0 36 0 0 0 0 0
"112" 112 0.341968911917 0 0 0 0 0 190 0 0 0 0 0 0 0 0 22 3 0 0 0 5
"113" 113 0.616071428571 0 0 0 0 0 215 0 0 0 0 0 0 0 0 0 0 0 5 0 0
"114" 114 0.473214285714 0 9 0 0 0 54 0 0 0 0 0 0 0 0 26 0 0 87 0 44
"115" 115 0.0398009950249 0 1 1 7 2 0 93 0 1 0 16 0 0 98 0 0 0 0 0 1
"116" 116 0.361313868613 0 0 0 0 0 60 0 0 0 0 151 0 0 0 2 3 0 4 0 0
"117" 117 0.550387596899 0 23 0 8 0 41 0 0 0 0 0 0 0 0 136 0 0 12 0 0
"118" 118 0.0862944162437 0 0 0 0 0 0 198 0 22 0 0 0 0 0 0 0 0 0 0 0
"119" 119 0.566964285714 0 0 0 0 0 88 0 0 0 0 2 0 0 42 39 0 0 41 0 8
"120" 120 0.611607142857 0 0 0 0 0 220 0 0 0 0 0 0 0 0 0 0 0 0 0 0
"121" 121 0.430962343096 0 0 0 0 0 0 0 0 0 0 0 0 0 0 0 0 0 0 220 0
"122" 122 0.119170984456 0 220 0 0 0 0 0 0 0 0 0 0 0 0 0 0 0 0 0 0
"123" 123 0.691542288557 0 8 0 0 0 140 0 0 47 0 0 0 0 0 25 0 0 0 0 0
"124" 124 0.512953367876 0 56 40 62 0 16 0 0 0 0 0 0 0 0 0 0 0 42 0 4
"125" 125 0.528846153846 0 0 0 0 0 0 0 0 0 0 0 220 0 0 0 0 0 0 0 0
"126" 126 0.341968911917 0 40 2 0 0 141 0 0 4 0 0 0 0 0 0 0 0 21 0 12
"127" 127 0.182692307692 0 0 0 0 0 0 0 0 0 0 0 220 0 0 0 0 0 0 0 0
"128" 128 0.267857142857 0 0 0 0 0 36 0 0 18 0 0 0 1 0 0 0 134 8 0 23
"129" 129 0.0355329949239 0 0 0 0 0 0 220 0 0 0 0 0 0 0 0 0 0 0 0 0
"130" 130 0.174358974359 0 66 7 115 0 0 0 0 32 0 0 0 0 0 0 0 0 0 0 0
"131" 131 0.263392857143 0 0 0 0 0 2 0 0 0 0 0 0 0 33 185 0 0 0 0 0
"132" 132 0.625641025641 0 181 16 0 0 14 0 0 0 0 0 0 0 0 0 0 0 9 0 0
"133" 133 0.0401785714286 0 0 0 0 0 0 0 0 0 0 0 0 0 0 0 0 0 220 0 0
"134" 134 0.0753138075314 0 0 0 0 0 0 0 0 0 204 1 0 1 0 0 0 0 14 0 0
"135" 135 0.116751269036 0 0 0 0 0 49 89 0 0 0 0 0 0 0 11 27 0 6 38 0
"136" 136 0.46511627907 0 24 0 0 0 55 1 0 0 0 0 0 0 135 4 0 0 1 0 0
"137" 137 0.355329949239 0 0 0 0 0 0 204 0 0 0 0 0 0 0 0 0 0 1 0 15
"138" 138 0.335443037975 0 1 0 19 21 0 0 0 0 0 0 0 1 0 0 0 0 37 0 141
"139" 139 0.383720930233 0 0 0 0 0 0 0 0 220 0 0 0 0 0 0 0 0 0 0 0
"140" 140 0.891191709845 0 0 0 0 0 220 0 0 0 0 0 0 0 0 0 0 0 0 0 0
"141" 141 1.04635761589 0 0 0 0 0 220 0 0 0 0 0 0 0 0 0 0 0 0 0 0
