"site" "RSA" "aa1" "aa2" "aa3" "aa4" "aa5" "aa6" "aa7" "aa8" "aa9" "aa10" "aa11" "aa12" "aa13" "aa14" "aa15" "aa16" "aa17" "aa18" "aa19" "aa20"
"0" 0 0.671794871795 0 1 2 0 2 41 8 5 4 0 6 1 0 0 5 0 5 2 0 1
"1" 1 0.154228855721 0 0 0 1 0 0 0 0 0 0 0 0 0 82 0 0 0 0 0 0
"2" 2 0.223628691983 0 0 0 0 0 83 0 0 0 0 0 0 0 0 0 0 0 0 0 0
"3" 3 0.0 0 0 0 0 0 0 83 0 0 0 0 0 0 0 0 0 0 0 0 0
"4" 4 0.00418410041841 0 0 0 0 0 0 0 0 0 83 0 0 0 0 0 0 0 0 0 0
"5" 5 0.12582781457 0 0 11 0 0 2 0 0 0 0 70 0 0 0 0 0 0 0 0 0
"6" 6 0.0149253731343 0 0 0 0 0 0 0 0 0 0 0 0 0 83 0 0 0 0 0 0
"7" 7 0.435897435897 0 0 0 83 0 0 0 0 0 0 0 0 0 0 0 0 0 0 0 0
"8" 8 0.0529801324503 0 0 83 0 0 0 0 0 0 0 0 0 0 0 0 0 0 0 0 0
"9" 9 0.0358974358974 0 5 0 78 0 0 0 0 0 0 0 0 0 0 0 0 0 0 0 0
"10" 10 0.283018867925 0 0 1 0 10 1 0 51 4 0 1 0 0 0 15 0 0 0 0 0
"11" 11 0.473214285714 0 26 4 7 5 11 1 0 5 0 5 1 0 9 1 0 1 6 0 1
"12" 12 0.0 0 0 0 0 0 0 0 0 0 0 0 0 0 83 0 0 0 0 0 0
"13" 13 0.0 0 0 0 0 0 0 0 0 0 0 83 0 0 0 0 0 0 0 0 0
"14" 14 0.316455696203 0 1 0 0 0 75 0 0 0 0 1 0 0 2 3 0 0 1 0 0
"15" 15 0.272321428571 0 1 2 0 2 2 2 0 10 0 5 0 0 0 0 0 0 58 0 1
"16" 16 0.0 0 0 0 0 0 0 83 0 0 0 0 0 0 0 0 0 0 0 0 0
"17" 17 0.0 0 0 0 0 0 0 0 0 0 0 83 0 0 0 0 0 0 0 0 0
"18" 18 0.512953367876 0 74 0 0 1 0 0 0 0 0 1 0 0 2 0 0 0 2 1 2
"19" 19 0.431472081218 0 0 0 1 1 0 73 0 2 1 0 0 1 0 0 0 0 1 3 0
"20" 20 0.195402298851 0 0 0 0 0 0 0 0 0 0 0 0 0 0 0 0 83 0 0 0
"21" 21 0.538461538462 0 0 0 0 0 0 0 0 0 0 0 83 0 0 0 0 0 0 0 0
"22" 22 0.281609195402 0 0 0 0 0 0 0 0 0 0 0 0 0 0 0 0 83 0 0 0
"23" 23 0.739910313901 0 7 12 4 15 9 0 0 1 0 7 1 0 11 4 0 1 11 0 0
"24" 24 0.228855721393 0 0 0 0 0 0 0 4 0 0 0 0 0 79 0 0 0 0 0 0
"25" 25 0.144230769231 0 0 0 0 0 0 0 0 0 0 0 83 0 0 0 0 0 0 0 0
"26" 26 0.451476793249 0 4 1 8 19 25 0 0 0 0 7 0 0 8 7 0 0 0 0 4
"27" 27 0.208860759494 83 0 0 0 0 0 0 0 0 0 0 0 0 0 0 0 0 0 0 0
"28" 28 0.205298013245 0 14 1 5 5 7 4 0 0 0 9 0 1 18 3 1 2 7 0 6
"29" 29 0.17816091954 0 0 0 1 0 0 0 0 0 0 0 0 0 0 0 0 82 0 0 0
"30" 30 0.43023255814 0 0 3 0 0 0 0 0 60 0 0 17 0 0 0 0 0 3 0 0
"31" 31 0.375912408759 0 0 0 0 0 0 0 0 0 0 0 0 0 0 83 0 0 0 0 0
"32" 32 0.410041841004 0 2 11 0 0 23 0 0 45 1 0 1 0 0 0 0 0 0 0 0
"33" 33 0.900662251656 0 28 19 3 1 7 0 0 6 0 11 2 0 3 0 1 0 2 0 0
"34" 34 0.544041450777 0 2 0 2 0 0 0 0 0 0 0 72 0 3 0 0 0 4 0 0
"35" 35 0.394230769231 0 40 2 23 0 2 0 0 0 0 1 6 0 0 0 6 0 1 2 0
"36" 36 0.544642857143 0 1 4 1 26 8 0 0 2 3 1 0 0 5 3 3 4 18 2 2
"37" 37 0.114942528736 0 0 0 0 0 0 19 37 0 0 0 0 0 0 0 0 27 0 0 0
"38" 38 0.421524663677 0 2 1 5 7 39 0 0 0 2 0 0 0 2 8 3 0 6 6 2
"39" 39 0.0761421319797 0 0 0 0 0 0 60 0 0 0 0 0 0 0 0 0 23 0 0 0
"40" 40 0.405128205128 0 27 8 23 4 5 0 0 0 0 3 0 1 0 5 1 1 4 0 1
"41" 41 0.167512690355 0 1 0 0 0 0 79 0 0 0 0 0 0 0 0 0 3 0 0 0
"42" 42 0.473214285714 0 1 0 7 4 8 0 0 0 0 1 10 14 14 9 0 0 1 2 12
"43" 43 0.325892857143 0 0 0 0 0 0 0 0 0 0 0 0 0 0 0 0 0 83 0 0
"44" 44 0.622516556291 0 41 0 6 3 8 5 0 4 0 0 0 0 1 3 0 8 4 0 0
"45" 45 0.0152284263959 0 0 0 1 0 0 18 0 12 0 0 0 0 0 0 0 52 0 0 0
"46" 46 0.649635036496 0 2 11 2 2 15 12 0 7 0 3 1 1 0 4 0 6 16 1 0
"47" 47 0.317307692308 0 0 0 0 0 0 0 0 0 0 0 83 0 0 0 0 0 0 0 0
"48" 48 0.0189873417722 83 0 0 0 0 0 0 0 0 0 0 0 0 0 0 0 0 0 0 0
"49" 49 0.108808290155 0 6 0 1 0 0 26 0 0 0 0 0 34 0 0 1 4 0 8 3
"50" 50 0.0 83 0 0 0 0 0 0 0 0 0 0 0 0 0 0 0 0 0 0 0
"51" 51 0.0228136882129 0 0 0 0 0 0 0 0 0 32 0 0 0 0 0 0 0 0 51 0
"52" 52 0.0 0 0 0 0 0 0 77 0 0 0 0 0 0 0 0 0 6 0 0 0
"53" 53 0.0152284263959 0 0 0 0 0 0 82 0 0 0 0 0 0 0 0 0 1 0 0 0
"54" 54 0.00448430493274 0 0 0 0 83 0 0 0 0 0 0 0 0 0 0 0 0 0 0 0
"55" 55 0.00662251655629 0 0 43 0 0 0 0 0 0 0 40 0 0 0 0 0 0 0 0 0
"56" 56 0.0 0 0 0 2 0 0 0 0 79 0 2 0 0 0 0 0 0 0 0 0
"57" 57 0.0529801324503 0 0 27 0 0 0 0 0 10 0 5 18 23 0 0 0 0 0 0 0
"58" 58 0.730569948187 0 4 6 3 1 8 0 15 3 1 2 0 0 7 3 9 3 14 2 2
"59" 59 0.364779874214 0 0 1 4 3 7 13 0 11 0 0 0 0 0 2 0 32 10 0 0
"60" 60 0.195402298851 0 0 0 0 0 0 64 0 1 0 0 0 0 0 0 0 15 2 0 1
"61" 61 0.507692307692 0 77 0 2 0 1 0 0 0 0 0 0 0 1 0 0 0 2 0 0
"62" 62 0.352678571429 0 0 0 0 0 0 0 0 0 0 1 0 0 0 0 0 0 82 0 0
"63" 63 0.0909090909091 0 0 0 28 0 0 0 0 0 13 2 0 25 0 0 0 0 0 14 1
"64" 64 0.0812182741117 0 0 0 0 0 0 82 0 0 0 0 0 0 0 0 0 1 0 0 0
"65" 65 0.435779816514 0 0 0 1 1 44 0 0 0 0 2 0 0 22 7 1 0 2 0 3
"66" 66 0.00892857142857 0 0 0 0 0 0 0 0 0 0 0 0 0 0 0 0 0 83 0 0
"67" 67 0.0 0 0 0 0 0 0 0 0 0 0 0 0 0 83 0 0 0 0 0 0
"68" 68 0.109452736318 0 0 0 0 0 0 0 0 0 0 0 0 0 83 0 0 0 0 0 0
"69" 69 0.263959390863 0 4 1 4 5 7 3 0 3 2 2 0 1 11 3 0 0 20 14 3
"70" 70 0.0 0 0 0 0 2 0 0 0 11 0 16 0 1 0 0 0 0 0 0 53
"71" 71 0.0 0 0 0 0 0 0 0 0 0 0 0 0 0 0 0 0 83 0 0 0
"72" 72 0.284974093264 0 3 0 0 3 53 1 0 1 0 3 0 0 1 9 0 0 9 0 0
"73" 73 0.193798449612 0 0 1 0 1 0 0 0 0 0 79 0 0 0 0 0 0 2 0 0
"74" 74 0.0 0 0 0 0 0 0 0 0 0 0 0 0 0 83 0 0 0 0 0 0
"75" 75 0.400843881857 0 0 4 0 2 31 0 0 0 0 13 1 0 8 15 0 0 1 3 5
"76" 76 0.624087591241 0 7 1 9 4 24 0 0 0 0 3 2 0 7 10 0 0 11 2 3
"77" 77 0.31007751938 0 1 1 1 32 14 0 0 0 0 9 2 0 0 6 0 0 8 0 9
"78" 78 0.364238410596 0 1 0 53 1 7 0 0 0 0 0 14 3 0 2 0 0 2 0 0
"79" 79 0.139534883721 0 0 0 0 0 0 0 0 0 0 83 0 0 0 0 0 0 0 0 0
"80" 80 0.590717299578 0 0 3 0 6 35 0 0 0 0 9 1 0 4 2 0 0 23 0 0
"81" 81 0.145348837209 0 0 0 0 10 20 0 0 38 0 1 0 0 0 6 0 0 5 1 2
"82" 82 0.0304568527919 0 0 0 0 0 0 82 0 0 0 0 0 0 0 0 0 1 0 0 0
"83" 83 0.0153846153846 0 0 0 0 0 0 20 0 0 0 0 0 0 0 0 0 63 0 0 0
"84" 84 0.0 0 0 0 0 0 0 81 0 0 0 0 0 0 0 0 0 2 0 0 0
"85" 85 0.00574712643678 0 0 0 0 0 0 0 0 0 0 0 0 0 0 0 0 83 0 0 0
"86" 86 0.0 0 0 0 0 0 0 37 0 0 0 0 0 0 46 0 0 0 0 0 0
"87" 87 0.0062893081761 0 0 0 0 0 0 0 83 0 0 0 0 0 0 0 0 0 0 0 0
"88" 88 0.0380228136882 0 0 0 0 0 0 0 0 0 15 0 0 0 0 0 0 0 0 68 0
"89" 89 0.0190114068441 0 0 0 0 83 0 0 0 0 0 0 0 0 0 0 0 0 0 0 0
"90" 90 0.00961538461538 0 0 0 0 0 0 0 0 0 0 0 83 0 0 0 0 0 0 0 0
"91" 91 0.300380228137 0 0 0 1 0 0 0 0 0 1 0 0 0 0 0 1 0 0 80 0
"92" 92 0.0232558139535 0 0 25 0 0 0 0 0 0 0 55 3 0 0 0 0 0 0 0 0
"93" 93 0.372262773723 0 0 1 0 5 3 1 0 23 0 0 0 0 2 40 0 0 4 0 4
"94" 94 0.233183856502 0 23 0 17 8 4 4 0 0 0 0 0 0 6 4 0 1 5 9 2
"95" 95 0.160621761658 0 14 23 0 0 0 0 0 0 0 46 0 0 0 0 0 0 0 0 0
"96" 96 0.656934306569 0 0 6 1 1 0 0 0 1 0 0 72 0 0 2 0 0 0 0 0
"97" 97 0.607594936709 0 3 35 0 0 2 0 0 1 0 0 40 1 0 1 0 0 0 0 0
"98" 98 0.880794701987 0 11 7 4 5 5 0 0 43 0 2 1 0 0 1 0 1 3 0 0
"99" 99 0.839416058394 0 9 2 22 3 4 0 0 4 6 1 0 12 1 4 0 0 2 13 0
"100" 100 0.441964285714 0 0 6 0 9 0 0 0 62 0 1 0 0 0 0 0 0 1 0 4
"101" 101 0.534591194969 0 5 7 6 6 4 1 5 11 0 10 1 0 16 2 0 0 4 2 3
"102" 102 0.319796954315 0 0 0 0 0 0 70 0 1 0 0 0 0 0 0 0 12 0 0 0
"103" 103 0.156976744186 0 0 0 4 10 30 0 0 2 1 1 0 1 19 7 4 0 0 1 3
"104" 104 0.0 0 0 0 0 0 0 0 0 0 0 83 0 0 0 0 0 0 0 0 0
"105" 105 0.316455696203 0 0 1 0 3 72 0 0 0 0 1 0 0 0 2 0 0 4 0 0
"106" 106 0.492537313433 0 1 0 6 7 19 18 0 1 1 2 0 0 14 0 0 1 11 0 2
"107" 107 0.0167364016736 0 0 0 0 0 0 0 0 0 83 0 0 0 0 0 0 0 0 0 0
"108" 108 0.0 0 0 0 0 0 0 0 0 0 0 83 0 0 0 0 0 0 0 0 0
"109" 109 0.323076923077 0 2 0 1 9 2 7 0 0 0 3 0 0 28 9 0 0 21 0 1
"110" 110 0.338308457711 0 9 0 5 3 1 0 0 0 0 3 0 0 41 9 6 0 0 0 6
"111" 111 0.0 0 0 0 0 0 0 0 0 0 0 0 0 0 83 0 0 0 0 0 0
"112" 112 0.209821428571 0 0 0 0 0 0 10 0 0 0 1 0 0 0 0 0 0 68 0 4
"113" 113 0.668604651163 0 1 6 4 3 12 0 0 18 0 27 1 0 1 3 0 0 4 1 2
"114" 114 0.108527131783 0 0 0 0 0 0 0 0 0 0 83 0 0 0 0 0 0 0 0 0
"115" 115 0.182692307692 0 0 0 0 0 0 0 0 0 0 0 83 0 0 0 0 0 0 0 0
"116" 116 0.077519379845 0 0 0 0 0 0 0 0 0 0 83 0 0 0 0 0 0 0 0 0
"117" 117 0.296511627907 0 0 2 0 1 1 0 0 66 3 2 0 1 0 0 1 0 1 5 0
"118" 118 0.222627737226 0 0 3 0 3 1 0 0 0 0 19 0 0 0 0 0 0 2 0 55
"119" 119 0.0 0 0 0 0 0 0 0 0 0 0 0 0 0 0 0 0 83 0 0 0
"120" 120 0.00507614213198 0 0 0 0 0 0 81 0 0 0 0 0 0 2 0 0 0 0 0 0
"121" 121 0.0 0 0 1 0 0 0 0 0 0 0 82 0 0 0 0 0 0 0 0 0
"122" 122 0.00497512437811 0 0 0 0 0 0 0 0 0 0 0 0 0 83 0 0 0 0 0 0
"123" 123 0.0621761658031 0 83 0 0 0 0 0 0 0 0 0 0 0 0 0 0 0 0 0 0
"124" 124 0.0248756218905 0 0 0 0 0 0 0 0 0 0 0 0 0 83 0 0 0 0 0 0
"125" 125 0.311004784689 0 0 0 0 2 0 0 0 0 11 3 0 0 0 1 40 0 1 25 0
"126" 126 0.046511627907 0 0 2 3 0 3 5 0 45 0 5 0 5 0 1 0 14 0 0 0
"127" 127 0.465408805031 0 32 6 3 2 6 2 12 1 0 4 1 2 0 2 0 1 6 2 1
"128" 128 0.587443946188 0 13 5 17 11 13 0 0 0 0 4 0 0 9 1 0 1 4 0 5
"129" 129 0.0 0 0 0 0 0 0 83 0 0 0 0 0 0 0 0 0 0 0 0 0
"130" 130 0.322869955157 0 0 0 0 45 0 0 0 0 0 19 1 0 0 13 0 0 2 0 3
"131" 131 0.567307692308 0 4 0 24 7 11 0 0 0 1 2 0 5 6 3 1 0 8 6 5
"132" 132 0.196652719665 0 0 0 0 0 0 0 0 0 82 0 0 0 0 0 0 0 0 1 0
"133" 133 0.0418410041841 0 0 0 0 0 0 0 0 0 82 0 0 0 0 0 0 0 0 1 0
"134" 134 0.777202072539 0 5 7 25 9 6 0 0 16 0 1 3 3 0 0 0 0 3 4 1
"135" 135 0.162436548223 0 0 0 0 0 0 83 0 0 0 0 0 0 0 0 0 0 0 0 0
"136" 136 0.421383647799 0 0 0 0 0 0 0 83 0 0 0 0 0 0 0 0 0 0 0 0
"137" 137 0.116751269036 0 0 0 0 0 0 83 0 0 0 0 0 0 0 0 0 0 0 0 0
"138" 138 0.238341968912 0 0 0 0 3 0 4 0 0 3 0 0 0 0 0 27 19 0 27 0
"139" 139 0.157894736842 0 0 0 0 0 0 0 0 0 0 0 0 83 0 0 0 0 0 0 0
"140" 140 0.0 0 0 0 0 0 0 0 0 0 0 0 0 0 82 0 0 0 0 0 1
"141" 141 0.298165137615 0 0 0 0 2 5 9 0 1 0 0 0 0 34 0 9 4 19 0 0
"142" 142 0.0 0 0 0 0 0 0 0 0 0 0 0 83 0 0 0 0 0 0 0 0
"143" 143 0.0632183908046 0 1 0 0 0 0 0 0 1 0 0 0 0 0 0 0 81 0 0 0
"144" 144 0.314465408805 0 0 0 0 0 1 0 80 0 0 0 1 0 0 1 0 0 0 0 0
"145" 145 0.218274111675 0 0 0 1 1 3 32 0 0 0 0 0 0 45 0 0 1 0 0 0
"146" 146 0.00497512437811 0 0 0 0 0 0 0 0 0 0 0 0 0 81 0 0 0 0 0 2
"147" 147 0.0 0 0 0 0 0 0 0 0 0 0 0 83 0 0 0 0 0 0 0 0
"148" 148 0.584821428571 0 2 5 3 4 18 0 0 11 0 9 0 1 2 1 0 0 25 1 1
"149" 149 0.148288973384 0 0 0 0 0 0 0 0 0 2 0 0 0 0 0 0 0 0 81 0
"150" 150 0.00418410041841 0 0 0 0 0 0 0 0 0 83 0 0 0 0 0 0 0 0 0 0
"151" 151 0.392857142857 0 0 2 2 3 28 0 0 2 1 10 0 1 8 8 0 0 13 1 4
"152" 152 0.490384615385 0 0 0 15 4 25 0 0 0 0 7 1 0 10 8 0 0 12 0 1
"153" 153 0.35864978903 0 0 0 0 9 1 0 0 0 0 5 0 0 0 0 0 0 3 0 65
"154" 154 0.723076923077 0 4 0 44 25 6 0 0 0 0 1 2 0 0 1 0 0 0 0 0
"155" 155 0.179104477612 0 0 0 0 0 0 0 0 0 0 0 0 0 83 0 0 0 0 0 0
"156" 156 0.65625 0 0 7 3 30 11 0 0 15 0 0 0 0 11 0 0 1 5 0 0
"157" 157 0.414507772021 0 60 0 3 0 0 0 0 0 0 0 19 0 0 0 0 0 0 0 1
"158" 158 0.116751269036 0 0 0 0 0 0 48 0 33 0 1 0 0 0 0 0 1 0 0 0
"159" 159 0.00574712643678 0 0 0 0 0 0 46 0 0 0 0 0 0 0 0 0 37 0 0 0
"160" 160 0.0 0 0 0 0 0 0 80 0 0 0 0 0 0 0 0 0 3 0 0 0
"161" 161 0.00574712643678 0 0 0 0 0 0 0 0 0 0 0 0 0 0 0 0 83 0 0 0
"162" 162 0.00662251655629 0 0 0 0 0 0 0 0 0 0 83 0 0 0 0 0 0 0 0 0
"163" 163 0.0125786163522 0 0 0 0 0 0 0 83 0 0 0 0 0 0 0 0 0 0 0 0
"164" 164 0.290155440415 0 23 2 44 0 0 0 0 6 0 0 0 8 0 0 0 0 0 0 0
"165" 165 0.521531100478 0 3 22 3 3 0 0 0 6 0 7 2 12 14 0 1 0 6 0 4
"166" 166 0.576923076923 0 4 18 5 6 3 0 0 34 0 0 9 0 1 1 0 1 1 0 0
"167" 167 0.0 0 12 0 28 0 0 0 0 6 2 32 1 1 0 0 0 0 0 1 0
"168" 168 0.304597701149 0 0 0 0 2 1 54 0 0 0 1 0 0 3 2 0 5 14 0 1
"169" 169 0.575581395349 0 21 2 2 8 6 1 2 6 0 8 0 0 3 5 0 4 13 0 2
"170" 170 0.138686131387 0 2 0 1 0 0 0 0 0 0 15 0 0 17 12 11 0 20 1 4
"171" 171 0.0077519379845 0 0 1 0 0 0 0 0 0 0 82 0 0 0 0 0 0 0 0 0
"172" 172 0.554744525547 0 0 0 2 6 31 1 0 1 0 2 0 0 22 10 0 0 5 0 3
"173" 173 0.443037974684 0 3 0 1 6 21 0 0 0 1 5 0 0 18 3 17 0 7 0 1
"174" 174 0.0 0 0 0 0 0 0 0 0 0 0 0 0 0 83 0 0 0 0 0 0
"175" 175 0.031007751938 0 0 0 0 0 0 0 0 0 0 81 2 0 0 0 0 0 0 0 0
"176" 176 0.466321243523 0 4 1 13 10 29 1 0 0 0 6 0 0 5 5 0 0 6 0 3
"177" 177 0.273722627737 0 0 1 0 40 0 0 0 0 0 2 0 0 0 1 0 0 23 0 16
"178" 178 0.124378109453 0 0 0 0 0 0 0 0 0 0 0 0 0 83 0 0 0 0 0 0
"179" 179 0.742616033755 0 1 0 46 8 13 0 0 0 0 0 13 0 0 2 0 0 0 0 0
"180" 180 0.139534883721 0 0 0 0 0 0 0 0 0 0 82 0 0 0 1 0 0 0 0 0
"181" 181 0.440251572327 0 0 1 0 0 0 0 82 0 0 0 0 0 0 0 0 0 0 0 0
"182" 182 0.365482233503 0 0 0 0 0 0 11 0 60 0 0 0 0 0 0 0 12 0 0 0
"183" 183 0.0232558139535 0 0 0 0 0 0 0 0 0 0 83 0 0 0 0 0 0 0 0 0
"184" 184 0.197969543147 0 0 1 0 1 3 43 0 6 0 1 0 0 0 13 0 8 0 0 7
"185" 185 0.00507614213198 0 0 0 0 0 0 71 0 0 0 0 0 0 0 0 0 12 0 0 0
"186" 186 0.150259067358 0 83 0 0 0 0 0 0 0 0 0 0 0 0 0 0 0 0 0 0
"187" 187 0.544303797468 0 16 2 22 2 1 0 0 0 0 20 0 0 0 7 0 0 0 0 13
"188" 188 0.810218978102 0 0 0 0 0 0 0 0 0 0 0 0 0 0 83 0 0 0 0 0
"189" 189 0.371559633028 0 0 5 0 5 0 3 0 11 0 4 0 0 0 6 0 14 0 0 35
"190" 190 0.512820512821 0 0 3 0 2 0 1 0 15 37 1 0 1 0 0 10 0 0 13 0
"191" 191 0.197969543147 0 0 1 0 0 0 0 0 8 0 0 0 0 0 0 0 74 0 0 0
"192" 192 0.419540229885 0 17 1 1 0 3 2 0 0 0 0 0 0 2 0 0 57 0 0 0
"193" 193 0.423076923077 0 0 0 0 0 0 0 0 0 0 0 83 0 0 0 0 0 0 0 0
"194" 194 0.574358974359 0 71 0 4 0 1 0 0 2 0 0 0 0 2 0 0 2 1 0 0
"195" 195 0.0406091370558 0 0 0 0 0 0 82 0 0 0 0 0 0 0 0 0 1 0 0 0
"196" 196 0.647321428571 0 1 6 1 3 6 0 0 2 0 2 0 0 3 50 0 0 8 1 0
"197" 197 0.346153846154 0 0 0 0 0 0 0 0 0 0 0 83 0 0 0 0 0 0 0 0
"198" 198 0.130801687764 0 0 0 0 19 37 0 0 0 3 0 0 0 5 1 0 0 0 17 1
"199" 199 0.0 0 0 0 0 0 0 2 0 19 0 0 0 0 0 1 6 52 2 0 1
"200" 200 0.0 0 0 0 0 0 0 0 0 0 0 83 0 0 0 0 0 0 0 0 0
"201" 201 0.0 0 0 0 0 0 0 83 0 0 0 0 0 0 0 0 0 0 0 0 0
"202" 202 0.0 0 0 0 0 0 0 0 0 0 0 0 0 0 83 0 0 0 0 0 0
"203" 203 0.00507614213198 0 0 0 0 0 0 82 0 0 0 0 0 0 0 0 0 1 0 0 0
"204" 204 0.113989637306 0 17 0 7 0 0 0 0 48 0 7 4 0 0 0 0 0 0 0 0
"205" 205 0.020725388601 0 1 4 4 0 29 0 0 0 1 26 7 0 10 1 0 0 0 0 0
"206" 206 0.0609137055838 0 0 0 0 0 0 81 0 1 0 0 0 0 0 0 0 1 0 0 0
"207" 207 0.0253807106599 0 0 0 0 0 0 81 0 0 0 0 0 0 0 0 0 2 0 0 0
"208" 208 0.227979274611 0 37 2 0 2 24 0 0 0 0 5 5 0 0 5 0 0 3 0 0
"209" 209 0.31976744186 0 3 22 2 0 2 0 0 50 0 0 0 1 0 0 0 0 2 1 0
"210" 210 0.031007751938 0 0 0 0 0 0 0 0 0 0 56 27 0 0 0 0 0 0 0 0
"211" 211 0.134615384615 0 16 1 0 4 4 0 0 2 0 0 7 0 0 0 0 0 49 0 0
"212" 212 0.441860465116 0 29 2 4 3 9 2 4 10 0 10 0 0 0 1 0 6 3 0 0
"213" 213 0.0253807106599 0 0 0 0 0 0 18 0 1 0 0 0 0 0 0 0 62 1 0 1
"214" 214 0.0348837209302 0 0 0 0 0 0 0 0 83 0 0 0 0 0 0 0 0 0 0 0
"215" 215 0.547263681592 0 5 0 6 3 36 1 0 0 0 4 0 0 7 10 0 0 8 0 3
"216" 216 0.0 0 0 0 0 0 0 0 0 0 0 83 0 0 0 0 0 0 0 0 0
"217" 217 0.0 0 0 0 0 0 0 0 0 0 0 83 0 0 0 0 0 0 0 0 0
"218" 218 0.379487179487 0 5 3 3 3 37 1 0 6 0 18 1 0 3 0 0 0 3 0 0
"219" 219 0.15503875969 0 1 0 0 18 0 2 0 7 0 5 0 2 2 1 0 0 42 0 3
"220" 220 0.00497512437811 0 0 0 0 0 0 0 0 0 0 0 0 0 83 0 0 0 0 0 0
"221" 221 0.379310344828 0 0 0 0 2 0 17 0 1 3 1 0 1 1 1 12 13 0 4 27
"222" 222 0.723214285714 0 17 0 8 4 16 0 0 0 0 10 0 0 22 3 2 0 1 0 0
"223" 223 0.394871794872 0 17 0 11 20 10 0 0 0 0 0 0 1 0 21 0 0 2 0 1
"224" 224 0.326923076923 0 0 0 0 0 0 0 0 0 0 0 83 0 0 0 0 0 0 0 0
"225" 225 0.108527131783 0 0 1 0 0 0 0 0 0 0 82 0 0 0 0 0 0 0 0 0
"226" 226 0.409282700422 0 2 1 0 9 23 0 0 0 0 4 0 0 17 10 0 0 15 1 1
"227" 227 0.214285714286 0 0 2 0 11 2 0 0 1 0 5 0 0 0 6 0 0 25 0 31
"228" 228 0.0172413793103 0 0 0 0 0 0 0 0 0 0 0 0 0 0 0 0 83 0 0 0
"229" 229 0.0342205323194 0 0 0 0 0 0 0 0 0 30 0 0 0 0 0 0 0 0 53 0
"230" 230 0.0 0 0 4 0 0 0 0 0 0 0 79 0 0 0 0 0 0 0 0 0
"231" 231 0.0 83 0 0 0 0 0 0 0 0 0 0 0 0 0 0 0 0 0 0 0
"232" 232 0.00632911392405 83 0 0 0 0 0 0 0 0 0 0 0 0 0 0 0 0 0 0 0
"233" 233 0.0116279069767 0 0 8 0 0 0 0 0 74 0 1 0 0 0 0 0 0 0 0 0
"234" 234 0.0143540669856 0 0 0 0 0 0 0 0 0 0 0 0 83 0 0 0 0 0 0 0
"235" 235 0.0188679245283 0 0 0 0 0 0 0 82 0 0 1 0 0 0 0 0 0 0 0 0
"236" 236 0.218390804598 0 0 0 0 1 0 0 0 1 0 5 0 0 0 0 0 61 7 0 8
"237" 237 0.0547263681592 0 0 0 0 0 0 0 0 0 0 0 0 0 83 0 0 0 0 0 0
"238" 238 0.304635761589 0 3 58 0 7 1 0 0 2 0 4 5 0 0 0 0 1 1 0 1
"239" 239 0.519230769231 0 0 1 0 0 0 0 0 0 0 0 82 0 0 0 0 0 0 0 0
"240" 240 0.314465408805 0 18 4 13 11 9 0 10 2 0 3 1 0 2 1 0 0 8 0 1
"241" 241 0.0 0 0 0 0 0 0 0 0 0 0 83 0 0 0 0 0 0 0 0 0
"242" 242 0.0172413793103 0 0 0 0 0 0 0 0 0 0 0 0 0 0 0 0 83 0 0 0
"243" 243 0.388392857143 0 9 1 2 8 10 1 0 4 0 5 0 0 1 13 0 3 24 1 1
"244" 244 0.386861313869 0 0 0 4 3 29 0 0 0 0 1 0 0 14 21 1 0 0 0 10
"245" 245 0.0152284263959 0 0 0 0 0 0 77 0 0 0 0 0 0 0 0 0 5 0 0 1
"246" 246 0.169230769231 0 0 0 83 0 0 0 0 0 0 0 0 0 0 0 0 0 0 0 0
"247" 247 0.707692307692 0 4 2 6 4 11 0 0 1 0 2 0 0 10 18 0 0 20 0 5
"248" 248 0.0662251655629 0 0 83 0 0 0 0 0 0 0 0 0 0 0 0 0 0 0 0 0
"249" 249 0.273255813953 0 1 0 3 14 8 0 0 0 14 1 3 1 0 2 1 2 0 30 3
"250" 250 0.010152284264 0 0 0 0 0 0 73 0 8 0 0 0 0 0 0 0 2 0 0 0
"251" 251 0.476793248945 0 0 0 0 49 13 0 0 0 0 2 0 0 0 1 0 0 8 0 10
"252" 252 0.147321428571 0 0 1 0 11 0 0 0 0 0 1 0 0 0 0 0 0 68 0 2
"253" 253 0.0 0 0 0 0 0 0 0 0 0 0 0 0 0 83 0 0 0 0 0 0
"254" 254 0.0 0 0 0 0 0 0 0 0 0 0 0 0 0 0 0 0 83 0 0 0
"255" 255 0.00574712643678 0 0 0 0 0 0 0 0 5 0 0 0 0 0 0 0 78 0 0 0
"256" 256 0.00581395348837 0 0 1 0 0 0 0 0 82 0 0 0 0 0 0 0 0 0 0 0
"257" 257 0.107692307692 0 11 0 72 0 0 0 0 0 0 0 0 0 0 0 0 0 0 0 0
"258" 258 0.0 0 0 74 0 0 0 0 0 0 0 9 0 0 0 0 0 0 0 0 0
"259" 259 0.0558375634518 0 0 0 0 0 0 83 0 0 0 0 0 0 0 0 0 0 0 0 0
"260" 260 0.261603375527 0 0 0 0 3 15 0 0 0 2 3 0 0 5 5 0 0 0 50 0
"261" 261 0.199004975124 0 0 3 0 16 12 1 0 3 5 1 1 5 10 7 10 0 8 0 1
"262" 262 0.245283018868 0 6 0 2 8 1 0 28 7 0 0 0 0 0 0 2 1 27 0 1
"263" 263 0.732142857143 0 12 3 1 4 2 1 0 2 0 0 2 0 2 2 0 0 52 0 0
"264" 264 0.6875 0 12 24 16 7 2 0 0 14 0 3 1 0 1 0 0 0 0 0 3
"265" 265 0.270042194093 0 0 0 1 3 55 0 0 0 1 1 0 0 13 4 1 0 0 2 2
"266" 266 0.658227848101 0 1 5 4 6 8 3 0 8 4 0 2 11 1 2 8 9 6 3 2
"267" 267 0.0355329949239 0 0 0 0 0 0 83 0 0 0 0 0 0 0 0 0 0 0 0 0
"268" 268 0.575892857143 0 12 2 6 2 14 6 0 5 0 6 3 0 4 1 0 15 7 0 0
"269" 269 0.302919708029 0 0 0 68 0 6 0 0 0 1 0 0 5 0 2 0 0 0 1 0
"270" 270 0.255230125523 0 0 0 0 0 0 0 0 0 76 0 0 1 3 0 0 0 0 3 0
"271" 271 0.413502109705 0 0 4 0 38 15 0 0 12 0 2 0 0 0 3 0 1 0 0 8
"272" 272 0.291479820628 0 0 1 0 54 0 0 0 2 0 1 0 0 0 1 0 2 5 0 17
"273" 273 0.114427860697 0 0 0 0 0 0 0 0 0 0 0 0 0 82 0 0 0 0 0 1
"274" 274 0.278145695364 0 1 79 0 0 0 0 0 3 0 0 0 0 0 0 0 0 0 0 0
"275" 275 0.00574712643678 0 0 1 0 0 0 0 0 0 0 0 0 0 0 0 0 82 0 0 0
"276" 276 0.0 0 0 0 0 0 0 0 0 0 0 6 77 0 0 0 0 0 0 0 0
"277" 277 0.440251572327 0 0 1 0 0 1 1 78 0 0 0 0 0 0 0 1 0 1 0 0
"278" 278 0.179104477612 0 0 0 0 1 0 27 0 0 0 0 0 0 53 0 0 0 0 0 2
"279" 279 0.00497512437811 0 0 0 0 0 0 0 0 0 0 0 0 0 83 0 0 0 0 0 0
"280" 280 0.0 0 0 0 0 0 0 0 0 0 0 83 0 0 0 0 0 0 0 0 0
"281" 281 0.290178571429 0 0 0 2 3 0 0 0 1 0 5 0 0 0 0 0 0 72 0 0
"282" 282 0.0077519379845 0 0 0 0 0 0 0 0 0 0 83 0 0 0 0 0 0 0 0 0
"283" 283 0.0 0 0 0 0 0 0 83 0 0 0 0 0 0 0 0 0 0 0 0 0
"284" 284 0.223350253807 0 0 0 0 1 1 43 0 0 0 0 0 0 36 0 0 0 0 0 2
"285" 285 0.164233576642 0 0 0 0 0 0 0 0 0 0 9 1 1 0 71 0 0 0 0 1
"286" 286 0.0919540229885 0 0 0 0 1 0 0 0 1 1 0 0 0 6 0 1 70 2 0 1
"287" 287 0.22009569378 0 0 0 0 0 0 0 0 0 16 2 0 52 0 0 0 0 0 13 0
"288" 288 0.473214285714 0 4 0 19 4 24 0 0 0 0 0 0 0 22 2 0 0 1 4 3
"289" 289 0.798206278027 0 7 1 38 20 5 0 0 0 0 0 2 1 0 3 0 0 5 1 0
"290" 290 0.340807174888 0 0 0 0 71 8 0 0 0 0 0 0 0 4 0 0 0 0 0 0
"291" 291 0.437086092715 0 8 50 2 0 4 0 0 0 0 12 2 0 1 2 0 0 1 0 1
"292" 292 0.114942528736 0 0 1 0 0 0 0 0 29 0 0 0 0 0 0 1 52 0 0 0
"293" 293 0.516556291391 0 12 22 8 2 9 0 0 4 0 5 5 0 2 1 1 0 6 0 6
"294" 294 0.631178707224 0 1 0 0 13 2 0 0 0 0 57 3 0 2 0 0 0 3 0 2
"295" 295 0.199004975124 0 0 0 0 0 0 0 0 0 0 0 0 0 83 0 0 0 0 0 0
"296" 296 0.573221757322 0 0 0 0 0 0 0 0 1 81 0 0 1 0 0 0 0 0 0 0
