"site" "RSA" "aa1" "aa2" "aa3" "aa4" "aa5" "aa6" "aa7" "aa8" "aa9" "aa10" "aa11" "aa12" "aa13" "aa14" "aa15" "aa16" "aa17" "aa18" "aa19" "aa20"
"0" 0 0.283582089552 0 0 0 0 0 0 0 0 0 0 0 0 0 52 0 0 0 0 0 8
"1" 1 0.171532846715 0 0 0 0 0 0 0 0 0 0 0 0 0 0 60 0 0 0 0 0
"2" 2 0.0 0 0 0 0 0 0 0 0 0 0 0 0 0 0 0 0 60 0 0 0
"3" 3 0.0 0 0 0 0 0 0 0 0 0 0 0 0 0 60 0 0 0 0 0 0
"4" 4 0.0 0 0 0 0 0 0 0 0 0 0 0 0 0 0 0 0 60 0 0 0
"5" 5 0.100775193798 0 0 0 0 0 0 0 0 0 37 0 0 0 0 0 3 0 0 20 0
"6" 6 0.0287356321839 0 0 0 0 0 0 0 0 0 0 0 0 0 0 0 0 60 0 0 0
"7" 7 0.282700421941 0 0 0 0 9 47 0 0 0 0 1 0 0 0 0 0 0 3 0 0
"8" 8 0.244525547445 0 0 0 0 0 0 0 0 0 0 0 0 0 50 0 0 0 10 0 0
"9" 9 0.00574712643678 0 0 0 0 0 0 0 0 1 0 0 0 0 0 0 0 59 0 0 0
"10" 10 0.106598984772 0 0 0 0 0 0 55 0 0 0 1 0 0 0 0 0 4 0 0 0
"11" 11 0.124352331606 0 59 0 0 0 0 0 0 0 0 0 0 0 0 1 0 0 0 0 0
"12" 12 0.661596958175 0 0 14 0 2 2 2 0 0 0 17 0 0 2 1 11 5 3 1 0
"13" 13 0.573643410853 0 0 40 3 1 1 0 0 2 0 1 1 0 0 10 0 0 1 0 0
"14" 14 0.270114942529 0 0 0 0 9 0 8 0 0 0 0 0 0 0 0 0 43 0 0 0
"15" 15 0.814345991561 0 0 3 1 19 14 5 0 2 0 0 0 0 1 1 0 7 7 0 0
"16" 16 0.456852791878 0 0 13 0 2 0 0 0 37 0 2 2 0 0 2 0 1 0 0 1
"17" 17 0.580291970803 0 0 0 0 5 1 23 0 2 0 0 0 0 2 1 0 20 5 0 1
"18" 18 0.132183908046 0 0 0 0 0 0 0 0 0 0 0 0 0 0 0 0 60 0 0 0
"19" 19 0.286919831224 0 0 1 0 1 31 0 0 0 0 1 0 1 23 1 0 0 1 0 0
"20" 20 0.817610062893 0 1 1 0 1 0 0 55 0 0 0 0 0 0 0 0 0 1 0 1
"21" 21 0.502590673575 0 44 4 9 0 1 0 0 1 0 1 0 0 0 0 0 0 0 0 0
"22" 22 0.43795620438 0 0 0 5 0 48 0 0 0 1 0 0 5 0 1 0 0 0 0 0
"23" 23 0.424418604651 0 0 12 7 11 1 0 0 25 0 0 0 0 1 0 0 1 0 0 2
"24" 24 0.0480769230769 0 0 0 0 0 0 0 0 0 0 0 60 0 0 0 0 0 0 0 0
"25" 25 0.264367816092 0 0 0 0 0 2 3 0 18 0 0 0 0 0 0 0 32 0 0 5
"26" 26 0.16091954023 0 0 0 0 2 10 0 0 0 0 0 0 0 14 4 0 30 0 0 0
"27" 27 0.325581395349 0 0 0 0 1 1 0 0 5 0 0 0 0 0 52 0 0 1 0 0
"28" 28 0.730569948187 0 11 10 1 12 11 2 0 2 0 1 0 0 1 0 0 3 6 0 0
"29" 29 0.884615384615 0 0 0 0 0 0 0 0 0 0 0 60 0 0 0 0 0 0 0 0
"30" 30 0.166666666667 0 0 0 0 0 0 11 0 0 0 0 0 0 0 0 0 49 0 0 0
"31" 31 0.535864978903 0 1 0 1 13 24 0 4 7 0 0 0 0 2 1 0 3 4 0 0
"32" 32 0.191387559809 0 0 0 0 1 2 0 0 0 0 1 0 54 0 1 0 0 1 0 0
"33" 33 0.192052980132 0 0 58 1 0 0 0 0 0 0 0 1 0 0 0 0 0 0 0 0
"34" 34 0.0366972477064 0 0 0 0 0 0 0 0 0 0 0 0 0 0 0 0 4 0 0 56
"35" 35 0.00512820512821 0 2 0 58 0 0 0 0 0 0 0 0 0 0 0 0 0 0 0 0
"36" 36 0.182389937107 0 0 0 0 0 0 0 60 0 0 0 0 0 0 0 0 0 0 0 0
"37" 37 0.092050209205 0 0 0 0 0 0 0 0 0 27 0 0 0 0 0 0 0 0 33 0
"38" 38 0.0443037974684 60 0 0 0 0 0 0 0 0 0 0 0 0 0 0 0 0 0 0 0
"39" 39 0.303571428571 0 0 0 0 54 1 0 0 0 0 1 0 0 0 1 0 0 1 0 2
"40" 40 0.0304568527919 0 0 0 0 0 0 58 0 0 0 2 0 0 0 0 0 0 0 0 0
"41" 41 0.0 0 0 0 0 0 0 0 0 0 0 60 0 0 0 0 0 0 0 0 0
"42" 42 0.00574712643678 0 0 0 0 0 0 0 0 2 0 0 0 0 0 0 0 58 0 0 0
"43" 43 0.0178571428571 0 0 0 0 0 0 0 0 0 0 0 0 0 0 0 0 0 60 0 0
"44" 44 0.0267857142857 0 0 0 0 27 0 0 0 1 0 12 0 0 0 0 0 0 20 0 0
"45" 45 0.0 0 0 0 0 0 0 0 0 0 0 60 0 0 0 0 0 0 0 0 0
"46" 46 0.0172413793103 0 0 0 0 0 0 0 0 1 0 2 0 0 0 0 0 57 0 0 0
"47" 47 0.306569343066 0 0 0 0 20 3 0 0 0 0 1 0 0 1 33 0 0 2 0 0
"48" 48 0.00995024875622 0 0 0 0 0 0 0 0 0 0 0 0 0 35 0 0 0 0 0 25
"49" 49 0.206751054852 0 0 0 0 0 58 0 0 0 0 1 0 0 0 1 0 0 0 0 0
"50" 50 0.522321428571 0 0 0 0 0 0 0 0 0 0 0 0 0 0 0 0 0 60 0 0
"51" 51 0.493670886076 0 1 1 35 1 8 0 0 0 0 0 0 0 4 6 1 0 1 0 2
"52" 52 0.810126582278 0 1 0 39 0 3 0 0 0 0 0 16 0 0 0 0 0 1 0 0
"53" 53 0.358208955224 0 0 0 0 3 2 0 0 0 0 0 0 0 47 0 7 0 0 1 0
"54" 54 0.0402298850575 0 0 0 0 0 0 0 0 0 0 0 0 0 0 0 0 60 0 0 0
"55" 55 0.721518987342 0 59 0 0 0 1 0 0 0 0 0 0 0 0 0 0 0 0 0 0
"56" 56 0.205357142857 0 0 0 0 0 0 0 0 0 0 0 0 0 0 0 0 0 60 0 0
"57" 57 0.0 0 0 0 0 0 0 0 0 0 0 0 0 0 0 0 0 60 0 0 0
"58" 58 0.0 0 0 0 0 0 0 54 0 0 0 0 0 0 0 0 0 6 0 0 0
"59" 59 0.0077519379845 0 0 1 0 0 0 0 0 0 0 59 0 0 0 0 0 0 0 0 0
"60" 60 0.0114942528736 0 0 0 0 0 0 0 0 1 0 0 0 0 0 0 0 59 0 0 0
"61" 61 0.0198675496689 0 0 49 0 0 0 0 0 0 0 11 0 0 0 0 0 0 0 0 0
"62" 62 0.126582278481 60 0 0 0 0 0 0 0 0 0 0 0 0 0 0 0 0 0 0 0
"63" 63 0.0288461538462 0 0 0 0 0 0 0 0 0 0 0 60 0 0 0 0 0 0 0 0
"64" 64 0.138364779874 0 0 0 0 0 0 0 60 0 0 0 0 0 0 0 0 0 0 0 0
"65" 65 0.348837209302 0 10 8 2 1 7 0 0 1 0 2 0 0 4 0 14 0 3 7 1
"66" 66 0.412556053812 0 13 10 7 4 15 0 0 2 0 2 0 0 3 0 0 0 2 0 2
"67" 67 0.0253164556962 60 0 0 0 0 0 0 0 0 0 0 0 0 0 0 0 0 0 0 0
"68" 68 0.210762331839 0 0 0 0 56 0 0 0 0 0 0 0 0 0 2 0 0 0 0 2
"69" 69 0.53125 0 5 2 7 2 5 0 0 7 2 1 0 1 2 9 0 0 15 0 2
"70" 70 0.0406976744186 0 0 0 0 0 0 0 0 10 0 50 0 0 0 0 0 0 0 0 0
"71" 71 0.0 0 0 0 0 0 0 60 0 0 0 0 0 0 0 0 0 0 0 0 0
"72" 72 0.171532846715 0 0 0 0 0 17 0 0 4 7 4 0 0 2 4 0 0 6 8 8
"73" 73 0.372093023256 0 1 0 0 1 0 1 0 5 1 1 0 1 2 1 3 0 42 0 1
"74" 74 0.0 0 0 0 0 0 0 0 0 0 0 60 0 0 0 0 0 0 0 0 0
"75" 75 0.0 0 0 0 0 0 0 0 0 0 0 0 0 0 60 0 0 0 0 0 0
"76" 76 0.062015503876 0 0 0 0 0 0 0 0 0 0 60 0 0 0 0 0 0 0 0 0
"77" 77 0.0550458715596 0 0 0 0 0 0 0 0 0 0 0 0 0 1 0 0 0 0 0 59
"78" 78 0.144230769231 0 0 0 0 0 0 0 0 0 0 0 60 0 0 0 0 0 0 0 0
"79" 79 0.0077519379845 0 0 0 0 0 0 0 0 0 0 60 0 0 0 0 0 0 0 0 0
"80" 80 0.295336787565 0 60 0 0 0 0 0 0 0 0 0 0 0 0 0 0 0 0 0 0
"81" 81 0.211678832117 0 0 0 0 0 0 0 0 0 0 0 0 0 0 60 0 0 0 0 0
"82" 82 0.00961538461538 0 0 0 0 0 0 0 0 0 0 0 60 0 0 0 0 0 0 0 0
"83" 83 0.00507614213198 0 0 0 0 0 0 58 0 0 0 0 0 0 0 0 0 2 0 0 0
"84" 84 0.0 0 0 0 0 0 0 0 0 0 0 0 0 60 0 0 0 0 0 0 0
"85" 85 0.0 0 0 0 0 0 0 9 0 0 0 0 0 0 0 0 0 51 0 0 0
"86" 86 0.308035714286 0 0 0 0 0 0 0 0 0 11 0 0 1 1 1 0 0 1 45 0
"87" 87 0.0114942528736 0 0 0 0 0 0 0 0 0 0 0 0 0 0 0 0 60 0 0 0
"88" 88 0.389937106918 0 0 0 0 0 0 0 60 0 0 0 0 0 0 0 0 0 0 0 0
"89" 89 0.572327044025 0 0 1 0 0 1 0 57 0 0 0 1 0 0 0 0 0 0 0 0
"90" 90 0.511627906977 0 18 2 4 2 7 0 0 1 0 4 1 0 4 2 1 1 11 0 2
"91" 91 0.433035714286 0 7 0 0 10 3 0 0 0 1 1 0 0 1 0 26 0 8 2 1
"92" 92 0.162790697674 0 0 1 0 0 0 0 0 0 4 43 0 2 0 0 0 0 0 10 0
"93" 93 0.584821428571 0 2 11 4 3 29 0 0 0 0 5 0 0 2 2 0 0 2 0 0
"94" 94 0.576642335766 0 0 0 1 0 4 0 0 0 1 0 0 2 2 44 0 0 0 6 0
"95" 95 0.189054726368 0 0 0 0 0 0 0 0 0 0 0 0 0 60 0 0 0 0 0 0
"96" 96 0.163461538462 0 0 0 0 0 0 0 0 1 0 0 59 0 0 0 0 0 0 0 0
"97" 97 0.0754716981132 0 0 1 0 0 0 0 58 0 0 1 0 0 0 0 0 0 0 0 0
"98" 98 0.338308457711 0 1 0 0 4 18 9 0 1 0 0 0 6 0 0 1 3 13 4 0
"99" 99 0.0313901345291 0 0 0 0 55 0 0 0 0 0 1 0 0 0 0 0 2 2 0 0
"100" 100 0.172413793103 0 0 0 0 0 0 53 0 0 0 0 0 0 0 0 0 7 0 0 0
"101" 101 0.0 0 0 0 0 0 0 0 0 0 0 60 0 0 0 0 0 0 0 0 0
"102" 102 0.36496350365 0 0 0 0 0 3 0 0 0 0 1 0 0 19 14 15 0 0 0 8
"103" 103 0.0229885057471 0 0 0 0 0 0 0 0 0 0 0 0 0 0 0 0 60 0 0 0
"104" 104 0.00995024875622 0 0 0 0 0 0 0 0 0 0 0 0 0 60 0 0 0 0 0 0
"105" 105 0.031007751938 0 0 0 0 0 0 0 0 0 0 60 0 0 0 0 0 0 0 0 0
"106" 106 0.215189873418 0 0 1 1 8 20 0 0 0 0 10 0 0 0 15 0 0 3 0 2
"107" 107 0.0 0 0 0 0 0 0 1 0 0 0 0 0 0 59 0 0 0 0 0 0
"108" 108 0.0077519379845 0 0 0 0 0 0 0 0 0 0 60 0 0 0 0 0 0 0 0 0
"109" 109 0.59375 0 6 0 8 6 19 0 0 0 0 2 0 0 8 1 1 0 8 0 1
"110" 110 0.438818565401 0 0 0 0 1 59 0 0 0 0 0 0 0 0 0 0 0 0 0 0
"111" 111 0.0848214285714 0 0 0 0 0 0 0 0 0 0 0 0 0 0 0 0 0 60 0 0
"112" 112 0.645569620253 0 2 0 18 18 5 0 0 0 0 0 7 6 0 2 0 0 0 1 1
"113" 113 0.0344827586207 0 0 2 0 0 0 0 0 6 0 3 0 0 0 0 0 49 0 0 0
"114" 114 0.305699481865 0 56 0 0 0 0 0 0 0 0 0 0 2 0 0 0 0 0 0 2
"115" 115 0.00497512437811 0 0 0 0 0 0 1 0 0 0 0 0 0 59 0 0 0 0 0 0
"116" 116 0.0 0 0 0 0 0 0 0 0 0 0 0 0 0 0 0 0 60 0 0 0
"117" 117 0.00497512437811 0 0 0 0 0 0 0 0 0 0 0 0 0 60 0 0 0 0 0 0
"118" 118 0.0348258706468 0 0 2 0 0 0 0 0 0 0 3 0 0 51 0 0 4 0 0 0
"119" 119 0.125 0 0 0 0 0 0 0 0 0 0 0 60 0 0 0 0 0 0 0 0
"120" 120 0.206751054852 0 0 0 0 0 59 0 0 0 0 0 0 0 0 1 0 0 0 0 0
"121" 121 0.219730941704 0 0 0 0 26 22 0 0 0 0 0 0 0 0 8 0 0 4 0 0
"122" 122 0.100775193798 0 0 50 0 0 0 0 0 0 0 3 0 0 4 1 0 0 2 0 0
"123" 123 0.243654822335 0 0 0 0 0 0 55 0 0 0 0 0 0 0 0 0 3 0 0 2
"124" 124 0.39896373057 0 0 0 0 0 0 12 0 0 0 0 0 0 0 0 0 1 44 0 3
"125" 125 0.316062176166 0 51 0 1 1 0 0 0 2 0 1 0 0 3 0 0 0 1 0 0
"126" 126 0.497409326425 0 0 0 35 2 12 0 0 0 0 0 2 8 0 0 0 0 1 0 0
"127" 127 0.272151898734 60 0 0 0 0 0 0 0 0 0 0 0 0 0 0 0 0 0 0 0
"128" 128 0.194871794872 0 2 0 16 0 0 0 0 0 0 0 34 7 0 1 0 0 0 0 0
"129" 129 0.390134529148 0 0 0 0 17 11 0 0 0 0 0 0 0 0 32 0 0 0 0 0
"130" 130 0.197674418605 0 0 0 0 0 0 0 0 51 0 9 0 0 0 0 0 0 0 0 0
"131" 131 0.0288461538462 0 0 0 0 0 0 0 1 0 0 8 51 0 0 0 0 0 0 0 0
"132" 132 0.215246636771 0 9 0 2 4 14 0 0 1 1 8 0 1 2 0 0 3 6 9 0
"133" 133 0.275229357798 0 0 0 1 0 6 0 0 0 1 0 0 0 46 0 0 0 0 5 1
"134" 134 0.0 0 0 0 0 0 0 0 0 53 0 7 0 0 0 0 0 0 0 0 0
"135" 135 0.0 0 0 0 0 0 0 0 0 0 0 60 0 0 0 0 0 0 0 0 0
"136" 136 0.423076923077 0 2 2 1 6 15 0 0 5 0 14 0 0 8 1 0 0 2 2 2
"137" 137 0.330543933054 0 0 0 1 0 0 0 0 0 34 0 0 0 8 0 0 0 0 17 0
"138" 138 0.109452736318 0 0 0 0 0 0 0 0 0 0 0 0 0 60 0 0 0 0 0 0
"139" 139 0.772020725389 0 1 0 19 1 3 0 0 0 0 0 13 18 0 3 1 0 1 0 0
"140" 140 0.170212765957 0 0 0 0 0 0 0 0 0 0 0 0 0 0 0 60 0 0 0 0
"141" 141 0.301886792453 0 0 0 0 0 0 0 60 0 0 0 0 0 0 0 0 0 0 0 0
"142" 142 0.367713004484 0 0 4 0 4 3 24 0 2 0 4 0 0 0 0 0 2 2 0 15
"143" 143 0.0 0 0 0 0 0 0 0 0 0 0 0 60 0 0 0 0 0 0 0 0
"144" 144 0.0348837209302 0 0 42 1 0 0 0 0 9 0 4 3 0 0 0 0 0 0 0 1
"145" 145 0.192468619247 0 2 0 42 0 5 0 0 0 0 1 0 1 0 9 0 0 0 0 0
"146" 146 0.0 0 0 0 0 0 0 0 0 0 0 60 0 0 0 0 0 0 0 0 0
"147" 147 0.0860927152318 0 0 3 0 0 1 19 0 8 0 1 0 0 0 0 0 27 0 0 1
"148" 148 0.367713004484 0 0 4 0 7 4 0 0 0 0 0 0 2 7 5 0 0 17 7 7
"149" 149 0.0229885057471 0 0 0 0 0 0 9 0 0 0 0 0 0 0 0 0 51 0 0 0
"150" 150 0.226744186047 0 1 0 0 3 5 6 0 2 0 0 0 0 7 4 0 17 10 3 2
"151" 151 0.114427860697 0 0 0 0 0 0 0 0 0 0 0 0 0 47 0 0 13 0 0 0
"152" 152 0.433035714286 0 22 1 12 1 2 0 0 0 0 1 0 0 18 2 0 1 0 0 0
"153" 153 0.625 0 0 0 0 0 0 0 0 0 0 0 60 0 0 0 0 0 0 0 0
"154" 154 0.528497409326 0 15 2 20 8 4 0 0 6 0 0 2 0 2 0 0 0 1 0 0
"155" 155 0.244725738397 0 0 0 0 3 10 5 0 9 2 0 0 0 0 9 0 1 1 9 11
"156" 156 0.0 0 0 0 0 0 0 0 0 0 0 0 0 0 60 0 0 0 0 0 0
"157" 157 0.35864978903 0 0 0 0 1 21 16 0 0 0 0 0 0 0 8 0 5 9 0 0
"158" 158 0.0 0 0 0 0 0 0 0 0 0 0 0 0 0 0 0 0 60 0 0 0
"159" 159 0.290178571429 0 0 0 1 1 2 0 0 1 0 0 0 0 14 10 0 25 4 0 2
"160" 160 0.131386861314 0 0 0 0 0 0 0 0 0 0 0 0 0 0 60 0 0 0 0 0
"161" 161 0.254464285714 0 0 0 0 4 0 1 0 0 0 0 0 0 3 52 0 0 0 0 0
"162" 162 0.319796954315 0 0 0 0 0 0 55 0 0 0 0 0 0 0 1 0 4 0 0 0
"163" 163 0.943005181347 0 16 1 3 3 4 0 16 1 0 6 0 0 1 0 0 0 9 0 0
"164" 164 0.817307692308 0 8 0 29 5 1 0 0 3 0 1 0 0 3 0 0 0 5 2 3
"165" 165 0.326923076923 0 0 0 0 0 0 0 0 0 0 0 60 0 0 0 0 0 0 0 0
"166" 166 0.437810945274 0 0 1 0 1 2 1 0 11 3 0 0 0 27 3 0 1 8 2 0
"167" 167 0.321428571429 0 0 0 0 18 0 0 0 0 0 0 0 0 10 0 0 0 31 0 1
"168" 168 0.459302325581 0 0 0 0 1 2 7 0 17 0 0 0 1 0 1 0 17 8 0 6
"169" 169 0.28855721393 0 0 0 0 0 0 0 0 0 0 0 0 0 12 0 0 48 0 0 0
"170" 170 0.64598540146 0 0 0 0 0 0 10 0 1 9 0 0 0 2 3 0 16 2 16 1
"171" 171 0.0796019900498 0 0 0 0 0 0 0 0 0 0 0 0 0 60 0 0 0 0 0 0
"172" 172 0.582278481013 0 0 1 2 7 11 4 0 3 0 0 0 0 3 1 0 19 8 1 0
"173" 173 0.174129353234 0 0 0 0 0 0 0 0 0 0 0 0 0 60 0 0 0 0 0 0
"174" 174 0.276729559748 0 0 0 0 0 0 0 60 0 0 0 0 0 0 0 0 0 0 0 0
"175" 175 0.0 0 0 10 0 0 0 0 0 0 0 50 0 0 0 0 0 0 0 0 0
"176" 176 0.0 0 0 0 0 0 0 0 0 0 0 0 0 0 0 0 0 60 0 0 0
"177" 177 0.0 0 0 0 0 0 0 0 0 0 0 0 0 0 0 0 0 60 0 0 0
"178" 178 0.00581395348837 0 0 2 1 1 0 0 0 44 0 12 0 0 0 0 0 0 0 0 0
"179" 179 0.0 0 0 0 0 0 0 0 0 0 0 60 0 0 0 0 0 0 0 0 0
"180" 180 0.0777202072539 0 60 0 0 0 0 0 0 0 0 0 0 0 0 0 0 0 0 0 0
"181" 181 0.492537313433 0 0 8 0 0 1 0 0 0 0 3 0 0 2 0 0 0 44 1 1
"182" 182 0.664233576642 0 2 0 13 8 2 0 0 0 0 0 23 0 5 0 0 0 3 0 4
"183" 183 0.0597014925373 0 0 0 0 0 0 0 0 0 0 0 0 0 60 0 0 0 0 0 0
"184" 184 0.0871794871795 0 0 0 40 0 0 0 0 20 0 0 0 0 0 0 0 0 0 0 0
"185" 185 0.741071428571 0 7 0 1 12 3 10 0 2 0 1 0 0 6 0 0 16 2 0 0
"186" 186 0.201257861635 0 0 0 0 0 0 0 60 0 0 0 0 0 0 0 0 0 0 0 0
"187" 187 0.273722627737 0 0 0 0 0 0 0 0 0 0 0 0 0 0 60 0 0 0 0 0
"188" 188 0.817490494297 0 2 1 7 19 7 0 0 1 0 1 0 0 10 1 0 1 3 4 3
"189" 189 0.232558139535 0 0 0 0 0 0 0 4 0 0 56 0 0 0 0 0 0 0 0 0
"190" 190 0.424418604651 0 1 9 1 24 6 0 0 4 0 0 1 0 10 3 0 0 1 0 0
"191" 191 0.666666666667 0 9 0 1 0 4 1 3 3 0 3 0 0 3 0 0 3 29 1 0
"192" 192 0.440251572327 0 16 6 0 2 3 0 0 4 0 0 1 1 1 0 0 0 25 1 0
"193" 193 0.333333333333 0 2 0 2 19 0 0 0 0 0 0 0 0 8 7 4 0 18 0 0
"194" 194 0.375634517766 0 0 0 0 2 33 6 0 0 0 0 0 0 11 1 6 0 1 0 0
"195" 195 0.467889908257 0 0 0 1 0 47 4 0 0 0 1 0 0 1 1 0 1 4 0 0
"196" 196 0.556962025316 0 5 1 7 5 24 1 0 1 0 1 0 0 2 2 0 0 11 0 0
"197" 197 0.015503875969 0 0 0 0 0 0 0 0 0 0 60 0 0 0 0 0 0 0 0 0
"198" 198 0.518987341772 0 2 0 1 8 12 1 0 0 0 5 0 0 16 4 0 0 10 1 0
"199" 199 0.696202531646 0 4 0 11 4 24 0 0 0 0 2 0 0 6 4 0 0 3 0 2
"200" 200 0.274261603376 0 0 0 0 0 49 0 0 0 0 1 0 0 5 5 0 0 0 0 0
"201" 201 0.620253164557 0 2 2 4 23 6 0 0 9 0 1 2 0 6 0 0 0 4 1 0
"202" 202 0.0456852791878 0 0 0 0 0 0 60 0 0 0 0 0 0 0 0 0 0 0 0 0
"203" 203 0.379464285714 0 0 0 0 1 0 0 0 1 0 0 0 0 0 0 0 0 58 0 0
"204" 204 0.367816091954 0 0 0 0 0 0 7 0 0 0 0 0 0 0 0 0 53 0 0 0
"205" 205 0.0964467005076 0 0 0 0 0 0 43 0 2 0 0 0 0 0 13 0 2 0 0 0
"206" 206 0.464135021097 0 0 0 1 3 20 0 0 25 1 0 0 1 0 0 0 1 2 5 1
"207" 207 0.0817610062893 0 0 0 0 0 0 0 60 0 0 0 0 0 0 0 0 0 0 0 0
"208" 208 0.528846153846 0 9 12 2 1 8 0 0 4 0 9 0 0 4 1 0 0 6 1 3
"209" 209 0.580310880829 0 50 1 0 1 0 0 0 0 0 2 0 6 0 0 0 0 0 0 0
"210" 210 0.134328358209 0 0 0 0 0 0 0 0 0 0 0 0 0 60 0 0 0 0 0 0
"211" 211 0.653846153846 0 0 0 0 0 0 0 0 0 0 0 60 0 0 0 0 0 0 0 0
"212" 212 0.051724137931 0 0 0 0 0 0 0 0 0 0 0 0 0 0 0 0 60 0 0 0
"213" 213 0.549222797927 0 1 28 2 8 1 0 0 1 0 4 1 0 6 1 0 0 5 0 2
"214" 214 0.199004975124 0 0 0 0 0 0 0 0 2 0 0 0 0 58 0 0 0 0 0 0
"215" 215 0.453488372093 0 0 5 0 6 6 2 0 3 0 1 0 1 0 0 0 3 32 1 0
"216" 216 0.284768211921 0 0 49 0 0 0 0 0 0 0 11 0 0 0 0 0 0 0 0 0
"217" 217 0.818565400844 0 21 1 11 4 1 0 0 13 0 0 0 1 0 0 0 0 2 4 2
"218" 218 0.731343283582 0 2 3 2 8 1 2 0 1 1 0 0 0 21 1 1 0 1 2 14
"219" 219 0.708609271523 0 0 38 1 0 11 0 0 0 1 0 0 0 1 3 0 1 0 3 1
"220" 220 0.632183908046 0 0 0 0 11 20 9 0 7 0 0 0 0 1 0 0 12 0 0 0
"221" 221 0.781725888325 0 4 0 0 0 7 7 0 9 0 1 2 1 1 0 0 6 22 0 0
"222" 222 0.291390728477 0 0 4 1 2 30 0 0 0 0 3 0 0 0 18 0 0 2 0 0
"223" 223 0.235632183908 0 0 0 0 2 0 0 0 0 0 0 0 0 0 0 0 57 1 0 0
"224" 224 0.504464285714 0 0 0 0 0 1 0 0 10 0 0 0 0 0 0 0 3 46 0 0
"225" 225 0.580310880829 0 1 2 1 1 24 0 9 3 0 6 1 0 0 5 0 0 7 0 0
"226" 226 0.666666666667 0 1 0 0 0 0 0 57 2 0 0 0 0 0 0 0 0 0 0 0
"227" 227 0.823899371069 0 0 0 0 0 0 0 59 1 0 0 0 0 0 0 0 0 0 0 0
"228" 228 0.85201793722 0 0 3 2 33 6 0 0 13 0 0 0 0 0 0 0 0 2 0 1
"229" 229 0.875912408759 0 3 6 0 9 7 0 0 11 0 2 0 0 1 1 0 15 3 1 1
"230" 230 0.755813953488 0 1 9 1 5 5 1 0 15 0 1 0 0 2 0 0 7 12 1 0
"231" 231 0.744186046512 0 8 18 0 1 2 0 14 1 0 6 0 1 1 1 0 2 5 0 0
"232" 232 0.759615384615 0 0 3 0 0 0 0 0 0 0 0 57 0 0 0 0 0 0 0 0
"233" 233 0.701149425287 0 0 1 2 5 1 3 0 16 1 0 0 1 1 6 0 9 2 12 0
"234" 234 0.835443037975 0 1 0 1 8 10 9 0 10 0 0 0 0 4 2 0 7 7 1 0
"235" 235 0.258620689655 0 0 0 0 0 0 0 0 2 5 1 0 0 0 0 0 52 0 0 0
"236" 236 0.611607142857 0 17 3 12 0 6 1 0 7 0 2 0 0 3 2 0 4 3 0 0
"237" 237 0.383720930233 0 0 10 0 1 0 0 0 49 0 0 0 0 0 0 0 0 0 0 0
"238" 238 0.656976744186 0 24 0 4 1 3 3 0 11 0 3 0 0 1 1 0 0 8 0 1
"239" 239 0.696428571429 0 21 1 8 5 5 0 0 2 0 5 0 0 4 0 0 1 7 0 1
"240" 240 0.259067357513 0 13 0 0 5 0 0 0 3 0 2 0 27 0 1 0 0 9 0 0
"241" 241 0.398009950249 0 0 0 0 1 12 0 0 0 0 0 0 0 30 3 0 0 13 0 1
"242" 242 0.333333333333 0 2 0 2 1 21 5 0 1 0 4 0 0 16 2 0 0 4 0 2
"243" 243 0.317829457364 0 6 3 7 2 8 1 0 5 0 9 1 0 2 12 0 0 4 0 0
"244" 244 0.303797468354 0 0 0 0 19 2 0 0 2 0 2 1 0 0 9 0 0 20 0 5
"245" 245 0.298507462687 0 3 0 0 4 1 0 0 0 0 1 0 0 38 11 0 0 2 0 0
"246" 246 0.518987341772 0 0 2 0 3 26 0 0 0 0 10 1 1 0 2 0 0 12 0 3
"247" 247 0.651785714286 0 3 1 5 2 20 0 0 0 0 4 0 1 5 7 0 0 12 0 0
"248" 248 0.51269035533 0 13 0 9 11 2 0 0 0 8 0 0 0 8 1 0 0 3 3 2
"249" 249 0.5 0 0 0 0 0 0 0 0 0 0 0 60 0 0 0 0 0 0 0 0
"250" 250 0.660583941606 0 2 0 0 17 8 0 0 0 1 0 0 0 7 0 0 4 11 9 1
"251" 251 0.664974619289 0 0 0 1 17 9 2 0 0 0 2 4 0 5 2 0 15 2 0 1
