"site" "RSA" "aa1" "aa2" "aa3" "aa4" "aa5" "aa6" "aa7" "aa8" "aa9" "aa10" "aa11" "aa12" "aa13" "aa14" "aa15" "aa16" "aa17" "aa18" "aa19" "aa20"
"0" 0 0.816513761468 0 0 0 0 0 0 0 0 0 0 0 0 0 14 0 0 0 0 0 12
"1" 1 0.384105960265 0 4 17 6 2 0 0 26 9 0 5 0 0 0 0 0 0 0 0 0
"2" 2 0.312820512821 0 0 0 13 6 31 0 0 6 0 0 0 2 0 23 0 2 1 0 0
"3" 3 0.0 8 0 0 0 0 0 1 0 2 0 5 0 0 0 0 0 124 0 0 2
"4" 4 0.121338912134 0 0 0 0 0 0 0 0 2 89 0 0 0 0 1 5 0 0 47 0
"5" 5 0.0 0 0 0 0 0 0 2 0 0 125 0 0 0 10 0 0 0 0 0 7
"6" 6 0.238341968912 0 128 1 2 0 3 0 0 3 0 0 0 1 0 0 0 0 6 0 0
"7" 7 0.0152284263959 0 0 0 0 0 0 92 1 1 1 0 0 0 6 0 0 36 0 0 7
"8" 8 0.0988372093023 1 2 31 6 5 5 1 0 43 0 21 2 0 2 2 0 3 20 0 0
"9" 9 0.320675105485 1 0 1 0 2 2 87 0 0 2 18 0 2 5 0 2 16 3 3 0
"10" 10 0.589743589744 0 36 1 17 1 0 0 0 0 0 0 85 0 0 1 0 0 2 0 0
"11" 11 0.576923076923 0 14 7 17 0 2 0 0 2 0 4 91 0 1 1 0 0 5 0 0
"12" 12 0.434108527132 0 5 5 5 15 30 1 6 11 0 15 1 1 0 3 0 9 35 0 2
"13" 13 0.74213836478 0 5 6 2 1 22 0 71 0 0 12 0 1 4 4 0 5 7 1 1
"14" 14 0.278606965174 0 0 4 0 3 4 15 4 5 0 53 1 0 34 0 0 20 2 0 2
"15" 15 0.269230769231 0 0 2 0 0 3 0 1 0 0 1 144 0 0 0 0 0 1 0 0
"16" 16 0.290697674419 1 0 1 0 1 12 0 2 5 1 0 0 1 1 124 0 0 2 0 1
"17" 17 0.0 0 0 0 0 0 0 109 0 1 0 0 0 0 5 0 0 35 0 0 2
"18" 18 0.354430379747 0 1 3 5 3 14 12 0 22 0 3 0 1 3 2 0 58 25 0 0
"19" 19 0.0 0 0 0 0 0 0 39 0 0 62 0 0 0 9 0 0 0 0 0 42
"20" 20 0.354430379747 0 1 0 4 4 16 0 0 2 0 2 36 0 2 2 0 0 82 0 1
"21" 21 0.0696517412935 0 0 0 0 0 0 1 0 0 1 0 0 0 149 0 0 2 0 0 0
"22" 22 0.196652719665 0 0 0 0 0 1 0 0 0 86 1 0 0 0 26 0 0 0 38 0
"23" 23 0.0984455958549 0 26 26 8 0 10 0 1 2 3 32 39 0 1 1 0 1 2 0 0
"24" 24 0.875647668394 0 110 4 9 2 18 0 0 1 0 0 0 1 0 0 0 0 7 0 0
"25" 25 0.183908045977 0 9 0 0 2 7 23 0 22 0 4 0 0 1 0 0 82 0 0 0
"26" 26 0.0 3 0 0 0 0 0 0 0 19 3 3 0 0 1 0 0 124 0 0 0
"27" 27 0.396226415094 0 0 0 0 0 0 0 155 0 0 0 0 0 0 0 0 0 0 0 0
"28" 28 0.573839662447 0 1 0 1 4 120 5 0 0 0 1 0 0 2 17 0 1 1 0 2
"29" 29 0.0 0 0 0 0 0 0 0 0 155 0 0 0 0 0 0 0 0 0 0 0
"30" 30 0.0 5 0 3 0 0 0 0 0 8 0 109 0 0 0 0 0 29 0 0 0
"31" 31 0.279069767442 0 3 0 3 2 11 0 0 1 0 9 0 0 0 12 0 0 114 0 0
"32" 32 0.0 0 1 1 153 0 0 0 0 0 0 0 0 0 0 0 0 0 0 0 0
"33" 33 0.0 0 0 0 0 0 0 0 0 0 154 0 0 0 0 0 0 1 0 0 0
"34" 34 0.0912408759124 1 0 0 0 1 7 2 0 0 0 3 0 1 4 125 0 4 1 4 2
"35" 35 0.031007751938 9 1 4 0 25 3 0 1 2 0 83 0 0 2 0 0 3 22 0 1
"36" 36 0.00497512437811 0 0 0 0 0 0 1 1 0 8 0 0 0 146 0 0 0 0 0 0
"37" 37 0.0126582278481 117 0 9 1 0 0 0 0 0 0 27 1 0 0 0 0 1 0 0 0
"38" 38 0.302325581395 0 0 1 0 1 9 2 0 135 0 3 0 0 2 1 0 1 1 0 0
"39" 39 0.278846153846 0 1 1 2 0 4 0 0 0 0 0 133 9 0 4 0 0 2 0 0
"40" 40 0.589285714286 0 8 3 2 8 4 0 3 2 0 2 0 1 0 0 0 1 121 1 0
"41" 41 0.485232067511 0 0 3 11 3 100 0 3 3 0 5 0 6 3 11 0 2 3 2 1
"42" 42 0.701923076923 0 0 3 3 1 4 0 11 3 0 0 127 0 1 1 0 2 0 0 0
"43" 43 0.238493723849 0 0 0 3 6 5 15 0 3 73 1 0 0 17 0 0 12 9 10 2
"44" 44 0.105769230769 0 0 5 0 1 0 0 0 4 0 0 140 5 0 0 0 0 0 0 0
"45" 45 0.0 0 0 0 0 0 0 0 0 0 31 0 0 0 1 1 0 0 0 122 0
"46" 46 0.511627906977 0 0 1 0 4 122 1 0 1 0 11 0 0 1 5 0 2 8 0 0
"47" 47 0.336538461538 0 6 2 22 0 3 0 0 0 0 1 120 1 0 0 0 0 0 1 0
"48" 48 0.046357615894 17 0 127 1 0 0 1 0 6 0 4 0 0 0 0 0 0 0 0 0
"49" 49 0.191387559809 4 0 29 2 3 25 27 11 24 1 7 5 3 0 5 0 8 0 0 2
"50" 50 0.0 0 0 0 0 0 0 2 0 0 153 0 0 0 1 0 0 0 0 0 0
"51" 51 0.11961722488 0 0 0 0 0 0 0 0 0 0 0 0 156 0 0 0 0 0 0 0
"52" 52 0.361313868613 0 0 0 0 0 0 0 0 0 0 0 0 0 0 156 0 0 0 0 0
"53" 53 0.00574712643678 0 0 0 0 0 0 64 0 0 0 0 0 0 0 0 0 92 0 0 0
"54" 54 0.121827411168 0 0 1 0 0 0 152 0 0 0 0 0 0 0 0 0 2 0 0 1
"55" 55 0.301886792453 0 1 1 2 1 41 0 101 5 0 0 0 0 1 2 0 0 1 0 0
"56" 56 0.663212435233 0 39 9 31 25 4 0 0 0 0 0 35 1 0 1 0 0 11 0 0
"57" 57 0.192468619247 0 0 0 0 0 0 0 0 0 155 0 0 0 1 0 0 0 0 0 0
"58" 58 0.0137614678899 0 0 0 0 0 0 0 0 0 0 0 0 0 1 0 0 2 0 0 153
"59" 59 0.0 51 0 0 0 0 0 62 0 0 0 10 0 0 27 0 0 4 0 0 2
"60" 60 0.139013452915 0 0 0 0 156 0 0 0 0 0 0 0 0 0 0 0 0 0 0 0
"61" 61 0.0 0 0 1 0 0 0 0 0 0 1 1 153 0 0 0 0 0 0 0 0
"62" 62 0.0 0 0 0 0 0 0 0 0 0 0 0 156 0 0 0 0 0 0 0 0
"63" 63 0.0103626943005 0 156 0 0 0 0 0 0 0 0 0 0 0 0 0 0 0 0 0 0
"64" 64 0.188284518828 0 0 0 0 0 0 11 0 1 142 0 0 0 0 0 0 0 0 2 0
"65" 65 0.488372093023 0 3 4 0 2 0 3 0 126 0 0 0 0 2 0 0 8 6 0 2
"66" 66 0.364341085271 2 0 2 59 4 17 0 1 4 0 12 1 7 0 41 0 0 3 0 3
"67" 67 0.201923076923 0 1 1 1 6 2 0 0 0 10 1 94 34 0 5 0 0 1 0 0
"68" 68 0.502564102564 0 53 1 97 1 2 0 0 1 0 0 0 0 1 0 0 0 0 0 0
"69" 69 0.298076923077 0 0 0 0 0 0 0 0 0 0 0 156 0 0 0 0 0 0 0 0
"70" 70 0.651162790698 0 0 4 0 0 2 2 0 137 0 1 0 0 0 5 0 0 0 4 1
"71" 71 0.173076923077 0 0 0 0 0 0 0 0 0 0 0 155 0 0 0 0 0 0 0 0
"72" 72 0.182692307692 2 0 9 0 0 0 0 0 0 0 1 142 0 0 0 0 1 0 0 1
"73" 73 0.35864978903 3 1 0 0 2 73 2 0 5 2 1 0 2 1 15 0 2 43 3 1
"74" 74 0.0198675496689 3 0 151 0 0 0 0 0 2 0 0 0 0 0 0 0 0 0 0 0
"75" 75 0.203045685279 0 0 0 0 0 0 153 0 0 0 0 0 0 0 0 0 3 0 0 0
"76" 76 0.406844106464 0 0 0 0 0 0 0 0 0 1 0 0 1 0 0 1 0 0 153 0
"77" 77 0.355769230769 0 0 0 1 0 0 0 0 0 0 0 151 0 0 4 0 0 0 0 0
"78" 78 0.573643410853 0 11 12 17 3 9 1 4 7 0 17 9 3 0 14 0 1 44 1 3
"79" 79 0.514767932489 1 2 3 1 1 105 0 2 18 1 0 0 1 0 19 0 1 0 0 1
"80" 80 0.100418410042 0 0 0 0 0 0 0 0 0 155 0 0 0 0 0 0 1 0 0 0
"81" 81 0.449612403101 0 19 3 6 3 11 0 29 1 0 47 1 0 0 3 0 0 33 0 0
"82" 82 0.124352331606 0 156 0 0 0 0 0 0 0 0 0 0 0 0 0 0 0 0 0 0
"83" 83 0.236607142857 0 1 0 0 0 0 0 0 0 0 0 0 0 0 0 0 0 155 0 0
"84" 84 0.235897435897 0 3 5 143 0 2 0 0 0 0 1 2 0 0 0 0 0 0 0 0
"85" 85 0.334728033473 0 0 0 0 0 0 0 0 0 153 0 0 0 2 0 1 0 0 0 0
"86" 86 0.587443946188 0 11 5 10 19 46 14 1 21 1 4 0 1 1 1 0 5 15 1 0
"87" 87 0.218905472637 0 0 0 1 0 10 12 0 0 2 2 4 4 97 2 0 11 4 4 3
"88" 88 0.552742616034 0 0 3 3 6 111 2 2 8 0 1 1 1 0 15 0 2 1 0 0
"89" 89 0.0 0 0 0 0 0 0 0 0 0 0 0 0 156 0 0 0 0 0 0 0
"90" 90 0.420512820513 0 29 14 7 2 2 1 0 61 4 3 2 0 3 0 0 4 11 12 0
"91" 91 0.324894514768 1 0 5 1 4 26 0 0 4 0 2 76 2 0 23 0 2 7 0 1
"92" 92 0.37106918239 0 0 0 0 1 10 0 115 0 0 18 0 1 1 3 0 2 3 0 2
"93" 93 0.0192307692308 0 0 0 0 0 0 0 0 0 16 1 134 0 0 0 0 0 0 4 1
"94" 94 0.0199004975124 5 0 1 0 2 2 28 0 16 1 1 0 0 61 2 12 14 0 3 8
"95" 95 0.0 0 0 0 0 0 0 1 0 0 0 0 0 0 148 0 0 7 0 0 0
"96" 96 0.0 0 0 155 0 0 0 0 0 0 0 1 0 0 0 0 0 0 0 0 0
"97" 97 0.0 0 0 0 0 0 0 0 0 0 0 0 0 0 0 0 0 1 0 0 155
"98" 98 0.062015503876 0 0 0 0 0 0 0 0 0 0 155 0 0 0 0 0 1 0 0 0
"99" 99 0.225641025641 0 0 0 156 0 0 0 0 0 0 0 0 0 0 0 0 0 0 0 0
"100" 100 0.635658914729 3 0 24 0 1 0 0 0 2 0 119 0 0 0 5 0 0 0 2 0
"101" 101 0.240384615385 0 0 0 0 0 0 0 0 0 0 1 154 0 0 0 0 0 1 0 0
"102" 102 0.654088050314 0 0 1 0 4 18 0 111 0 0 7 0 0 0 12 0 1 2 0 0
"103" 103 0.476923076923 0 30 1 108 0 0 0 0 0 0 0 10 7 0 0 0 0 0 0 0
"104" 104 0.156976744186 0 0 7 0 0 0 0 0 149 0 0 0 0 0 0 0 0 0 0 0
"105" 105 0.0 0 0 0 155 1 0 0 0 0 0 0 0 0 0 0 0 0 0 0 0
"106" 106 0.0961538461538 0 1 5 1 0 0 0 0 1 0 0 147 0 1 0 0 0 0 0 0
"107" 107 0.00662251655629 8 0 148 0 0 0 0 0 0 0 0 0 0 0 0 0 0 0 0 0
"108" 108 0.103139013453 0 0 0 0 156 0 0 0 0 0 0 0 0 0 0 0 0 0 0 0
"109" 109 0.0 0 0 0 0 0 0 0 0 0 155 1 0 0 0 0 0 0 0 0 0
"110" 110 0.0209205020921 0 0 0 0 0 0 0 0 0 154 0 0 0 0 0 0 0 0 1 0
"111" 111 0.0 0 0 0 0 0 0 135 0 0 0 0 0 0 14 0 0 6 0 0 0
"112" 112 0.0 44 0 0 0 0 0 2 0 107 0 0 0 0 1 0 0 0 0 1 0
"113" 113 0.0988372093023 7 0 0 0 0 0 0 0 123 10 1 0 0 6 0 0 8 0 0 0
"114" 114 0.252873563218 0 6 4 4 0 8 6 0 6 0 31 4 0 0 1 0 80 4 0 1
"115" 115 0.390804597701 0 6 4 1 6 63 0 33 4 0 8 1 0 1 3 0 17 8 0 0
"116" 116 0.0 22 0 1 0 1 0 0 0 124 0 5 0 0 1 0 0 1 0 0 0
"117" 117 0.403973509934 0 16 44 3 2 0 0 62 6 0 4 0 0 0 0 0 0 18 0 0
"118" 118 0.535460992908 0 0 0 0 1 0 0 0 0 7 0 1 19 1 2 124 0 0 0 0
"119" 119 0.089552238806 0 0 0 0 0 0 0 0 0 0 0 0 0 155 0 0 0 0 0 0
"120" 120 0.238341968912 0 141 0 13 0 0 0 0 0 0 0 1 0 0 0 0 0 0 0 0
"121" 121 0.413461538462 0 0 1 13 1 4 0 0 0 2 0 134 0 0 0 0 0 0 0 0
"122" 122 0.540084388186 0 0 0 1 0 117 0 0 0 0 6 1 3 2 21 0 1 2 0 1
"123" 123 0.157894736842 0 0 0 1 0 0 0 0 0 0 0 0 153 0 0 1 0 0 0 0
"124" 124 0.0 3 0 0 0 0 0 0 0 10 0 0 0 0 0 0 0 142 0 0 0
"125" 125 0.0172413793103 0 0 0 0 0 0 0 0 0 0 2 0 0 0 0 0 153 0 0 0
"126" 126 0.0 0 0 2 0 0 0 0 0 0 152 0 0 0 0 0 0 0 0 0 0
"127" 127 0.0 0 0 0 0 0 0 0 0 0 0 0 154 0 0 0 0 0 0 0 0
"128" 128 0.205357142857 1 0 5 2 31 45 0 0 1 2 0 0 5 0 22 0 2 38 0 0
"129" 129 0.0862068965517 0 0 0 0 0 0 8 0 0 0 0 0 0 2 0 0 144 0 0 0
"130" 130 0.380710659898 0 0 4 0 1 4 37 1 13 0 8 0 0 31 1 0 50 3 0 1
"131" 131 0.481865284974 0 37 16 6 6 15 0 0 0 0 0 0 1 0 3 0 0 70 0 0
"132" 132 0.0288461538462 0 0 6 0 0 0 0 0 0 0 1 146 1 0 0 0 0 0 0 0
"133" 133 0.238532110092 0 0 0 1 5 8 4 1 1 10 0 0 0 18 2 1 1 3 18 81
"134" 134 0.625641025641 0 88 13 14 1 4 0 0 0 0 1 3 1 6 3 0 0 19 0 0
"135" 135 0.0287356321839 0 0 0 0 0 0 28 0 7 0 1 0 2 9 0 0 105 0 1 0
"136" 136 0.0 1 0 1 0 0 0 7 0 0 0 0 0 0 14 0 0 129 0 0 1
"137" 137 0.544303797468 0 6 2 2 5 69 0 0 4 0 2 0 0 0 47 0 0 10 4 1
"138" 138 0.255813953488 0 2 4 1 8 63 2 0 4 0 30 0 1 8 8 0 0 15 1 5
"139" 139 0.0 1 0 1 0 0 0 89 0 0 1 0 0 0 18 0 0 16 0 0 26
"140" 140 0.129464285714 0 0 0 0 2 3 0 0 0 0 1 1 0 0 0 0 0 145 0 0
"141" 141 0.488372093023 0 2 35 21 6 15 0 0 7 0 39 7 1 2 10 0 1 4 1 0
"142" 142 0.138392857143 8 0 2 4 18 8 1 1 17 9 5 0 1 16 1 0 34 9 12 5
"143" 143 0.0192307692308 0 2 2 0 4 9 0 18 7 0 2 95 0 0 5 0 0 6 0 0
"144" 144 0.165562913907 0 5 76 5 1 4 0 1 54 0 2 0 0 0 0 0 2 1 0 0
"145" 145 0.721153846154 0 14 21 7 28 10 0 9 3 0 7 30 3 1 9 0 0 7 2 0
"146" 146 0.562913907285 0 4 81 13 6 3 0 4 8 1 11 2 3 0 11 0 0 3 0 2
"147" 147 0.0192307692308 0 25 4 12 1 0 0 0 0 0 0 109 0 0 0 0 0 1 0 0
"148" 148 0.64135021097 0 1 3 5 5 70 2 0 10 0 15 0 0 1 30 0 4 2 1 1
"149" 149 0.188679245283 2 0 1 0 0 0 1 100 38 0 0 0 0 1 0 0 6 0 0 0
"150" 150 0.700729927007 1 1 38 6 3 34 5 0 12 1 4 0 0 6 22 0 8 3 0 3
"151" 151 0.0993377483444 2 1 10 1 16 56 1 0 4 2 19 3 4 5 5 0 8 8 0 2
"152" 152 0.368613138686 0 19 5 6 3 31 2 22 11 0 7 1 0 2 15 0 7 14 0 1
"153" 153 0.0 11 0 1 0 0 0 35 1 0 0 4 0 0 2 0 1 91 0 0 0
"154" 154 0.236607142857 0 0 2 0 1 31 12 0 21 0 5 0 0 5 7 0 48 10 1 3
"155" 155 0.0 0 0 0 0 0 0 130 0 1 0 0 0 0 0 0 0 15 0 0 0
"156" 156 0.356589147287 0 1 16 0 3 5 3 1 18 1 51 0 0 2 0 0 32 10 2 1
"157" 157 0.523206751055 0 81 2 18 6 8 0 0 0 0 11 1 0 0 0 0 0 19 0 0
"158" 158 0.107594936709 102 0 33 0 0 0 0 0 0 1 9 0 0 0 0 0 1 0 0 0
"159" 159 0.0769230769231 0 0 1 0 0 0 0 0 0 0 0 141 0 0 0 0 0 0 0 0
"160" 160 0.367816091954 0 0 0 0 5 0 0 0 3 0 4 0 0 1 0 0 13 9 0 0
"161" 161 0.645569620253 3 0 0 0 0 0 1 0 0 0 2 0 0 14 0 0 5 0 0 0
