"site" "RSA" "aa1" "aa2" "aa3" "aa4" "aa5" "aa6" "aa7" "aa8" "aa9" "aa10" "aa11" "aa12" "aa13" "aa14" "aa15" "aa16" "aa17" "aa18" "aa19" "aa20"
"0" 0 0.79274611399 0 7 0 1 0 0 0 0 0 0 0 0 0 0 0 0 0 6 0 0
"1" 1 0.593908629442 0 0 0 0 0 0 20 0 0 0 0 0 0 17 0 0 0 0 0 0
"2" 2 0.611398963731 0 11 1 4 6 6 0 0 0 0 0 0 1 0 0 0 0 10 0 0
"3" 3 0.43023255814 0 8 2 3 3 2 0 0 2 0 1 0 6 0 4 0 0 10 0 0
"4" 4 0.512437810945 0 0 0 0 0 0 1 0 0 0 0 0 0 47 0 0 2 0 0 0
"5" 5 0.548223350254 0 0 0 0 0 0 6 0 0 30 0 0 0 14 0 0 0 0 0 0
"6" 6 0.403973509934 0 9 5 1 5 1 1 0 2 0 12 0 0 0 0 0 3 11 0 0
"7" 7 0.410256410256 0 0 0 33 2 4 0 0 0 0 0 0 8 1 1 0 0 0 1 0
"8" 8 0.502564102564 0 0 0 50 0 0 0 0 0 0 0 0 0 0 0 0 0 0 0 0
"9" 9 0.410852713178 1 0 1 0 1 10 0 0 0 0 3 0 2 5 23 0 1 3 0 0
"10" 10 0.567164179104 1 2 1 2 3 5 1 0 0 0 13 0 1 2 4 0 1 14 0 0
"11" 11 0.418439716312 0 0 0 0 0 0 0 0 0 0 0 0 0 0 0 50 0 0 0 0
"12" 12 0.271523178808 0 0 11 0 0 0 0 0 0 0 36 0 0 0 2 0 1 0 0 0
"13" 13 0.497890295359 1 6 0 3 4 6 0 0 3 0 12 0 1 2 0 0 0 11 1 0
"14" 14 0.422018348624 0 3 5 1 5 9 0 0 0 0 1 4 1 0 11 0 0 8 0 2
"15" 15 0.10447761194 0 0 0 0 0 4 21 0 2 0 0 0 0 2 3 0 4 0 0 14
"16" 16 0.436781609195 0 0 0 4 1 14 2 0 5 0 1 0 1 1 5 0 4 11 0 1
"17" 17 0.549107142857 0 1 6 0 5 6 1 0 2 0 6 0 2 1 6 0 2 12 0 0
"18" 18 0.709821428571 0 7 1 1 4 3 0 0 0 0 4 0 0 0 7 0 1 22 0 0
"19" 19 0.450777202073 0 35 0 2 2 0 0 0 0 0 0 0 1 1 7 0 0 2 0 0
"20" 20 0.465408805031 0 0 2 0 0 0 0 46 0 0 1 0 0 0 0 0 0 1 0 0
"21" 21 0.125 0 12 3 4 4 3 0 0 1 0 2 11 1 1 0 0 0 8 0 0
"22" 22 0.26359832636 0 0 0 0 0 0 0 0 0 42 0 0 0 0 0 0 0 0 8 0
"23" 23 0.301255230126 0 0 0 0 0 0 0 0 0 50 0 0 0 0 0 0 0 0 0 0
"24" 24 0.526785714286 0 5 7 2 2 9 0 3 7 0 5 0 2 2 0 0 0 6 0 0
"25" 25 0.464135021097 0 0 2 4 2 10 2 0 5 0 3 3 0 0 14 0 0 5 0 0
"26" 26 0.402985074627 0 0 0 0 0 0 0 0 1 0 0 0 0 48 0 0 0 0 0 1
"27" 27 0.627906976744 0 0 21 0 0 2 0 0 0 0 16 1 0 3 0 0 5 0 0 2
"28" 28 0.497757847534 0 3 1 5 4 17 1 0 1 0 6 1 0 1 3 0 1 5 0 1
"29" 29 0.736434108527 0 1 0 0 30 1 0 0 0 0 4 4 2 1 2 0 1 2 0 2
"30" 30 0.618834080717 0 0 0 0 48 0 1 0 0 0 0 0 1 0 0 0 0 0 0 0
"31" 31 0.561181434599 0 0 9 7 2 9 0 0 13 0 7 0 1 0 1 0 0 1 0 0
"32" 32 0.132075471698 0 0 0 0 0 0 0 49 0 0 0 0 1 0 0 0 0 0 0 0
"33" 33 0.441605839416 0 4 0 0 3 9 0 0 1 0 0 0 2 0 7 0 0 23 0 1
"34" 34 0.175732217573 0 0 0 0 0 0 0 0 0 8 0 0 0 0 0 0 0 0 42 0
"35" 35 0.0 0 0 0 0 0 0 0 0 0 1 0 0 0 43 0 0 0 0 0 6
"36" 36 0.0141843971631 0 0 0 0 0 0 0 0 0 0 0 0 0 0 0 50 0 0 0 0
"37" 37 0.0 0 0 0 0 0 0 49 0 0 0 0 0 0 0 0 0 1 0 0 0
"38" 38 0.00961538461538 0 0 0 0 0 0 0 0 0 0 0 50 0 0 0 0 0 0 0 0
"39" 39 0.0189873417722 50 0 0 0 0 0 0 0 0 0 0 0 0 0 0 0 0 0 0 0
"40" 40 0.430463576159 0 0 43 0 0 0 0 0 0 0 7 0 0 0 0 0 0 0 0 0
"41" 41 0.40414507772 0 50 0 0 0 0 0 0 0 0 0 0 0 0 0 0 0 0 0 0
"42" 42 0.23178807947 0 0 49 0 0 0 0 0 0 0 1 0 0 0 0 0 0 0 0 0
"43" 43 0.551094890511 0 0 0 0 0 0 0 0 0 0 0 0 0 0 50 0 0 0 0 0
"44" 44 0.166666666667 0 0 0 0 0 0 2 0 0 0 0 0 0 0 0 0 48 0 0 0
"45" 45 0.364779874214 0 0 1 0 0 0 0 48 0 0 1 0 0 0 0 0 0 0 0 0
"46" 46 0.0 0 0 2 0 0 0 0 0 0 0 47 0 0 0 0 0 0 1 0 0
"47" 47 0.294642857143 0 0 0 37 0 0 0 0 1 0 0 0 0 0 0 0 0 12 0 0
"48" 48 0.748175182482 0 1 0 0 23 4 0 0 1 0 1 0 0 0 4 0 3 13 0 0
"49" 49 0.1592039801 0 0 0 0 0 0 29 0 0 0 0 0 0 17 0 0 4 0 0 0
"50" 50 0.28488372093 0 0 0 0 0 0 8 0 20 0 0 0 0 5 0 0 15 0 0 2
"51" 51 0.538461538462 0 7 1 4 0 1 0 0 0 0 1 36 0 0 0 0 0 0 0 0
"52" 52 0.124378109453 0 0 0 0 0 0 0 0 2 0 1 0 0 39 0 0 1 0 0 7
"53" 53 0.459821428571 0 3 0 0 6 0 0 4 0 1 5 3 1 13 0 0 1 9 1 3
"54" 54 0.534591194969 0 0 1 0 1 0 0 47 0 0 1 0 0 0 0 0 0 0 0 0
"55" 55 0.384615384615 0 0 0 0 0 0 0 0 0 0 0 50 0 0 0 0 0 0 0 0
"56" 56 0.290178571429 0 9 0 0 2 0 0 0 0 0 1 0 0 0 0 0 0 38 0 0
"57" 57 0.089552238806 0 0 0 0 0 0 5 0 0 0 2 0 0 21 0 0 22 0 0 0
"58" 58 0.255230125523 0 0 0 0 0 0 1 0 0 49 0 0 0 0 0 0 0 0 0 0
"59" 59 0.333333333333 0 0 0 0 0 0 1 0 0 0 0 0 0 0 0 0 49 0 0 0
"60" 60 0.0765550239234 0 0 0 0 0 0 0 0 0 0 0 0 50 0 0 0 0 0 0 0
"61" 61 0.251824817518 0 0 0 0 0 0 0 0 0 0 0 0 0 0 50 0 0 0 0 0
"62" 62 0.0769230769231 0 0 0 50 0 0 0 0 0 0 0 0 0 0 0 0 0 0 0 0
"63" 63 0.293103448276 0 0 0 0 0 0 21 0 0 0 0 0 0 0 0 0 29 0 0 0
"64" 64 0.0 0 0 0 0 0 0 0 0 0 0 50 0 0 0 0 0 0 0 0 0
"65" 65 0.0102564102564 0 0 0 50 0 0 0 0 0 0 0 0 0 0 0 0 0 0 0 0
"66" 66 0.0 0 0 0 0 7 0 2 0 0 0 0 0 0 13 0 0 25 0 0 3
"67" 67 0.0114942528736 1 0 0 0 0 0 1 0 0 0 0 0 0 1 0 0 47 0 0 0
"68" 68 0.0659898477157 2 0 0 1 0 0 14 1 0 0 2 0 2 1 0 0 27 0 0 0
"69" 69 0.622009569378 0 0 0 2 0 0 0 6 0 0 0 0 41 0 1 0 0 0 0 0
"70" 70 0.720930232558 0 0 11 0 0 0 0 0 36 0 2 1 0 0 0 0 0 0 0 0
"71" 71 0.150259067358 0 50 0 0 0 0 0 0 0 0 0 0 0 0 0 0 0 0 0 0
"72" 72 0.616915422886 0 0 0 0 0 0 1 0 0 6 1 0 1 40 0 0 0 0 0 1
"73" 73 0.517948717949 0 0 1 49 0 0 0 0 0 0 0 0 0 0 0 0 0 0 0 0
"74" 74 0.0 36 0 0 0 0 0 0 0 0 1 6 1 0 3 0 0 3 0 0 0
"75" 75 0.169154228856 0 0 0 0 0 0 0 0 0 0 0 0 1 46 0 0 0 0 0 3
"76" 76 0.403973509934 0 0 47 0 0 0 0 0 1 0 2 0 0 0 0 0 0 0 0 0
"77" 77 0.149425287356 0 0 0 0 0 0 0 0 3 0 4 0 0 0 0 0 43 0 0 0
"78" 78 0.0 0 0 0 0 0 0 23 0 0 0 0 0 0 16 0 0 10 0 0 1
"79" 79 0.345291479821 0 0 0 3 41 1 0 0 0 0 0 0 1 0 0 0 0 4 0 0
"80" 80 0.41825095057 0 0 0 0 0 0 0 0 0 15 0 1 0 0 0 0 0 0 34 0
"81" 81 0.0 0 0 1 0 0 0 0 0 0 0 49 0 0 0 0 0 0 0 0 0
"82" 82 0.0 0 0 0 0 0 0 7 0 0 0 0 0 0 0 0 0 43 0 0 0
"83" 83 0.295336787565 0 30 0 0 1 1 0 0 0 0 0 0 0 0 2 0 0 16 0 0
"84" 84 0.373563218391 0 0 0 0 3 0 1 0 0 2 1 1 5 1 1 0 33 0 1 1
"85" 85 0.0995024875622 0 0 0 0 0 0 1 0 0 0 0 0 1 48 0 0 0 0 0 0
"86" 86 0.513392857143 0 0 0 2 3 37 0 0 0 0 0 0 1 0 2 0 0 5 0 0
"87" 87 0.0 0 0 0 0 0 0 6 0 0 0 0 0 0 0 0 0 44 0 0 0
"88" 88 0.379464285714 0 0 0 0 3 28 0 0 0 0 0 0 0 0 3 0 0 16 0 0
"89" 89 0.200956937799 0 1 0 1 0 0 0 0 0 0 0 0 48 0 0 0 0 0 0 0
"90" 90 0.0 0 0 0 0 0 0 40 0 0 0 0 0 0 4 0 0 6 0 0 0
"91" 91 0.0355329949239 0 0 0 0 0 0 24 0 1 0 0 0 0 10 0 0 1 0 0 14
"92" 92 0.00507614213198 0 0 0 0 0 0 10 0 0 0 0 0 0 0 0 0 40 0 0 0
"93" 93 0.0253164556962 24 0 0 0 0 0 0 0 3 0 0 0 0 0 0 0 23 0 0 0
"94" 94 0.0 0 0 0 0 0 0 0 0 0 0 0 50 0 0 0 0 0 0 0 0
"95" 95 0.0478468899522 0 0 0 0 0 0 0 0 0 0 0 0 50 0 0 0 0 0 0 0
"96" 96 0.106463878327 0 1 2 0 0 0 0 0 2 0 0 0 0 0 0 0 0 0 45 0
"97" 97 0.557692307692 0 1 1 4 1 0 0 0 0 0 0 42 0 0 0 0 0 1 0 0
"98" 98 0.0189873417722 50 0 0 0 0 0 0 0 0 0 0 0 0 0 0 0 0 0 0 0
"99" 99 0.384615384615 0 0 4 0 0 0 0 0 0 0 1 45 0 0 0 0 0 0 0 0
"100" 100 0.0576923076923 0 0 0 0 0 0 0 0 0 0 0 50 0 0 0 0 0 0 0 0
"101" 101 0.0287356321839 0 0 0 0 0 0 11 0 0 0 1 0 0 0 0 0 38 0 0 0
"102" 102 0.363228699552 0 2 1 2 4 19 0 0 0 1 4 1 2 2 7 0 1 2 1 1
"103" 103 0.100775193798 0 0 0 0 0 0 0 0 0 0 49 0 0 0 0 0 1 0 0 0
"104" 104 0.0697674418605 0 0 7 0 0 0 0 0 0 0 42 0 0 0 0 0 1 0 0 0
"105" 105 0.229885057471 0 0 0 0 0 0 7 0 1 0 2 0 0 24 0 0 3 0 0 13
"106" 106 0.486607142857 0 6 3 4 6 1 0 0 5 0 4 2 0 1 4 0 0 14 0 0
"107" 107 0.476923076923 1 11 1 18 2 2 0 1 0 0 1 10 0 0 2 0 0 0 1 0
"108" 108 0.283018867925 0 3 2 2 6 5 0 6 3 0 5 0 1 4 4 0 2 6 1 0
"109" 109 0.857142857143 0 3 6 1 2 5 0 2 0 0 1 3 0 0 17 0 0 10 0 0
"110" 110 0.477611940299 0 0 0 0 0 0 3 0 1 8 1 0 10 18 0 0 7 0 0 2
"111" 111 0.442307692308 0 1 0 0 0 0 0 0 0 0 0 49 0 0 0 0 0 0 0 0
"112" 112 0.756218905473 0 0 0 0 0 0 2 1 0 0 0 0 0 44 0 0 2 0 1 0
"113" 113 0.269035532995 0 0 0 0 0 0 30 0 1 0 11 0 0 3 0 0 5 0 0 0
"114" 114 0.148717948718 0 37 2 11 0 0 0 0 0 0 0 0 0 0 0 0 0 0 0 0
"115" 115 0.523076923077 0 0 0 44 0 0 0 2 0 0 0 2 1 0 0 0 0 0 1 0
"116" 116 0.234042553191 0 0 0 0 0 0 0 0 0 0 0 0 0 0 0 50 0 0 0 0
"117" 117 0.0199004975124 0 0 0 0 0 0 9 0 1 0 0 0 0 40 0 0 0 0 0 0
"118" 118 0.393034825871 0 0 1 0 1 0 0 0 1 0 1 2 1 10 33 0 0 0 0 0
"119" 119 0.358851674641 0 0 0 7 1 0 0 2 1 0 0 0 39 0 0 0 0 0 0 0
"120" 120 0.0 0 0 0 0 0 0 32 0 0 0 0 0 0 0 0 0 18 0 0 0
"121" 121 0.375912408759 0 0 0 0 8 13 0 0 2 0 0 1 0 0 22 0 0 2 1 1
"122" 122 0.528497409326 0 47 0 0 0 0 0 0 0 0 0 0 0 0 1 0 0 2 0 0
"123" 123 0.0609137055838 0 0 0 0 0 0 14 0 0 0 1 0 0 6 0 0 29 0 0 0
"124" 124 0.205673758865 0 0 0 0 1 2 3 0 0 0 7 0 1 0 14 6 0 0 16 0
"125" 125 0.456066945607 0 9 0 3 2 0 0 0 1 6 2 0 2 5 10 0 1 4 4 0
"126" 126 0.497890295359 0 0 0 2 1 24 1 0 1 3 0 0 0 5 10 0 1 1 0 1
"127" 127 0.0622009569378 0 0 0 8 0 0 0 0 0 3 0 0 36 0 0 0 0 0 2 0
"128" 128 0.423841059603 0 2 10 0 5 6 2 0 1 1 10 1 0 0 6 0 0 5 0 1
"129" 129 0.615894039735 0 4 6 0 4 5 0 1 6 0 9 2 2 0 2 0 2 7 0 0
"130" 130 0.0398009950249 2 2 0 1 5 1 3 0 0 2 1 0 0 11 2 2 2 9 4 3
"131" 131 0.0199004975124 0 0 0 0 0 0 4 0 1 1 0 0 0 41 0 0 0 0 0 3
"132" 132 0.413461538462 0 19 3 2 0 2 1 0 0 0 8 9 0 0 0 0 0 6 0 0
"133" 133 0.59375 0 5 3 1 4 6 1 0 5 0 9 4 1 0 2 0 1 8 0 0
"134" 134 0.178899082569 1 0 1 0 0 0 11 0 2 3 0 0 0 19 0 1 3 2 0 5
"135" 135 0.433962264151 0 5 5 2 1 3 1 18 4 0 2 0 0 0 1 0 0 6 0 0
"136" 136 0.614349775785 0 14 1 1 3 0 0 7 3 0 0 3 1 0 1 0 2 10 2 0
"137" 137 0.607142857143 0 7 0 2 8 3 1 1 1 0 5 1 0 0 0 0 0 20 0 0
"138" 138 0.430656934307 0 4 2 0 6 5 0 0 0 1 5 0 2 2 3 1 2 16 0 0
"139" 139 0.20802919708 0 0 0 0 4 10 0 0 0 0 0 0 0 0 33 0 0 2 0 0
"140" 140 0.228855721393 0 0 2 0 0 0 4 0 0 6 6 1 5 12 0 0 10 1 2 1
"141" 141 0.212435233161 0 31 0 13 0 0 0 0 0 0 5 0 0 0 0 0 0 1 0 0
"142" 142 0.0988372093023 0 0 0 0 0 6 0 0 2 0 7 0 0 4 25 0 3 0 2 1
"143" 143 0.0 0 0 0 0 0 0 0 0 0 0 0 0 0 47 0 0 0 0 0 3
"144" 144 0.0253164556962 38 0 1 0 0 0 1 0 3 0 1 1 0 0 0 0 5 0 0 0
"145" 145 0.0892857142857 0 1 0 0 1 1 0 0 0 0 0 0 0 0 1 0 0 46 0 0
"146" 146 0.0 0 0 0 0 0 0 5 0 0 0 0 0 0 43 0 0 0 0 0 2
"147" 147 0.00512820512821 0 0 0 49 0 0 0 0 1 0 0 0 0 0 0 0 0 0 0 0
"148" 148 0.0 0 0 0 0 0 0 1 0 1 0 6 0 0 0 0 0 42 0 0 0
"149" 149 0.0137614678899 0 0 0 0 0 1 21 0 0 0 9 0 0 4 1 0 8 1 0 5
"150" 150 0.0535714285714 0 0 1 0 4 0 0 0 0 0 2 0 2 0 1 0 0 40 0 0
"151" 151 0.0179372197309 0 0 0 0 49 0 0 0 1 0 0 0 0 0 0 0 0 0 0 0
"152" 152 0.0172413793103 2 0 1 0 0 0 0 0 0 1 6 0 0 0 0 0 39 0 0 1
"153" 153 0.19391634981 0 0 0 2 1 2 2 0 2 0 7 3 3 2 3 0 8 1 11 3
"154" 154 0.133333333333 0 0 1 46 0 0 0 0 0 0 0 0 2 0 1 0 0 0 0 0
"155" 155 0.0 0 0 0 0 0 0 5 0 0 0 1 0 0 14 0 0 30 0 0 0
"156" 156 0.0 22 0 3 0 0 0 1 0 2 0 9 11 0 0 1 0 1 0 0 0
"157" 157 0.334928229665 0 1 2 9 11 3 0 0 0 0 1 0 8 1 9 0 2 2 0 1
"158" 158 0.105960264901 1 0 15 2 0 0 0 0 31 0 1 0 0 0 0 0 0 0 0 0
"159" 159 0.686046511628 0 0 9 6 0 1 0 2 30 0 2 0 0 0 0 0 0 0 0 0
"160" 160 0.0964467005076 1 0 0 0 0 0 27 1 2 0 1 1 0 0 0 0 16 0 0 1
"161" 161 0.0 0 0 0 0 0 0 3 0 0 1 0 0 0 8 0 0 28 0 0 10
"162" 162 0.233183856502 0 0 0 0 34 3 0 0 0 0 1 0 1 0 5 0 3 3 0 0
"163" 163 0.350993377483 0 17 7 11 2 1 0 0 1 0 2 1 0 0 2 0 0 6 0 0
"164" 164 0.0 0 0 1 0 0 0 0 0 0 0 48 0 0 0 0 0 0 0 0 1
"165" 165 0.0567375886525 0 0 0 0 1 0 0 0 0 0 0 0 1 0 0 46 0 0 2 0
"166" 166 0.662447257384 0 4 3 2 2 12 0 0 1 0 9 3 1 2 5 0 0 4 1 0
"167" 167 0.463503649635 0 1 1 3 3 4 0 0 0 0 3 0 0 0 34 0 0 1 0 0
"168" 168 0.423076923077 0 1 2 5 0 1 0 0 0 0 0 41 0 0 0 0 0 0 0 0
"169" 169 0.170403587444 0 0 2 0 41 4 0 0 0 0 1 0 0 0 2 0 0 0 0 0
"170" 170 0.725738396624 0 8 2 0 2 13 0 8 0 1 2 1 0 0 1 0 0 10 1 1
"171" 171 0.0114942528736 0 0 0 0 0 0 6 2 1 0 0 0 0 27 0 0 14 0 0 0
"172" 172 0.151162790698 0 0 9 0 3 2 2 0 17 0 4 0 0 0 1 0 3 4 2 3
"173" 173 0.0 0 0 0 0 0 0 18 0 0 0 0 0 0 5 0 0 27 0 0 0
"174" 174 0.124401913876 0 0 0 1 1 0 0 0 0 0 0 0 48 0 0 0 0 0 0 0
"175" 175 0.0 0 0 2 0 0 0 0 0 0 0 3 45 0 0 0 0 0 0 0 0
"176" 176 0.184397163121 1 0 0 0 0 0 0 0 0 3 0 0 0 1 0 42 3 0 0 0
"177" 177 0.0 6 0 0 0 0 0 20 0 1 1 3 0 0 1 0 0 18 0 0 0
"178" 178 0.0380228136882 0 0 0 0 0 0 0 0 0 4 0 0 0 0 0 0 0 0 46 0
"179" 179 0.125 0 5 12 2 0 0 0 0 0 0 0 30 0 0 1 0 0 0 0 0
"180" 180 0.38578680203 0 0 0 0 0 0 13 0 0 1 0 0 0 26 0 0 10 0 0 0
"181" 181 0.870813397129 0 1 3 5 1 13 0 0 2 0 2 3 8 0 6 0 1 5 0 0
"182" 182 0.59585492228 0 36 0 12 0 0 0 0 2 0 0 0 0 0 0 0 0 0 0 0
"183" 183 0.25 0 0 0 0 0 0 0 0 0 0 0 50 0 0 0 0 0 0 0 0
"184" 184 0.597014925373 0 0 0 0 1 2 8 0 1 2 0 0 3 24 8 0 0 0 1 0
"185" 185 0.238805970149 0 0 0 0 0 0 11 0 0 0 2 0 0 30 0 1 6 0 0 0
"186" 186 0.441605839416 0 0 0 3 4 11 3 0 5 0 0 0 4 0 17 0 0 3 0 0
"187" 187 0.430051813472 0 38 2 5 1 0 0 0 0 0 0 0 0 0 1 0 0 2 1 0
"188" 188 0.109452736318 0 0 0 0 2 0 0 0 0 0 0 0 0 44 0 0 0 0 0 4
"189" 189 0.414507772021 1 9 2 5 3 1 0 0 2 0 0 16 1 0 1 0 0 5 0 1
"190" 190 0.0229885057471 2 0 1 0 0 0 9 2 1 2 1 0 1 6 1 0 13 1 1 7
"191" 191 0.197674418605 5 3 14 3 2 0 0 1 10 0 2 1 0 1 2 0 1 0 0 1
"192" 192 0.0 1 0 2 0 0 0 10 0 0 2 13 0 0 2 0 0 15 0 0 1
"193" 193 0.43023255814 1 10 11 4 1 0 0 2 12 0 0 2 0 0 2 0 0 1 0 0
"194" 194 0.266666666667 0 3 15 7 1 1 0 0 2 0 1 12 1 0 2 0 0 1 0 0
"195" 195 0.321167883212 0 0 2 2 1 3 3 7 2 1 5 1 0 3 9 0 2 2 2 0
"196" 196 0.486607142857 0 8 1 0 2 1 0 0 1 0 7 2 0 0 2 0 0 20 0 0
"197" 197 0.191860465116 0 9 2 0 3 3 0 1 4 0 3 4 0 1 0 0 2 12 0 0
"198" 198 0.0199004975124 0 0 0 0 0 0 7 0 0 2 4 0 0 20 1 1 7 0 0 1
"199" 199 0.25 0 6 1 2 3 0 1 6 1 0 0 1 0 0 1 0 4 15 0 0
"200" 200 0.367713004484 0 5 3 0 4 4 2 5 1 0 5 0 0 2 2 0 0 8 0 0
"201" 201 0.175182481752 1 0 2 1 3 1 5 1 1 1 5 1 0 1 9 0 8 0 0 0
"202" 202 0.102661596958 0 0 1 0 1 2 0 0 0 2 0 0 1 0 1 0 0 1 31 0
"203" 203 0.521897810219 0 2 0 1 8 5 0 0 0 0 0 0 0 0 17 0 0 4 1 0
"204" 204 0.354066985646 0 2 1 4 3 3 0 0 2 0 5 0 3 2 4 0 0 1 1 0
"205" 205 0.0769230769231 0 0 2 0 0 1 0 0 2 0 22 3 0 0 0 0 0 0 1 0
"206" 206 0.0761421319797 0 0 1 0 0 0 11 0 0 1 0 0 0 9 0 0 7 0 0 1
"207" 207 0.311258278146 0 3 6 2 3 4 0 0 0 0 8 1 0 0 0 0 0 3 0 0
"208" 208 0.394871794872 0 2 1 4 1 6 0 0 2 0 2 2 0 0 5 0 0 1 1 0
"209" 209 0.149253731343 0 0 0 0 0 0 8 0 0 0 0 1 0 10 0 0 5 0 0 1
"210" 210 0.493670886076 0 0 0 0 2 6 0 0 2 0 2 0 0 0 2 0 1 0 0 0
"211" 211 0.716417910448 0 0 0 1 0 0 0 0 1 0 3 0 0 4 0 0 0 0 1 0
"212" 212 0.835443037975 0 0 0 0 0 6 0 0 0 0 0 0 0 0 4 0 0 0 0 0
