"site" "RSA" "aa1" "aa2" "aa3" "aa4" "aa5" "aa6" "aa7" "aa8" "aa9" "aa10" "aa11" "aa12" "aa13" "aa14" "aa15" "aa16" "aa17" "aa18" "aa19" "aa20"
"0" 0 0.529801324503 0 0 25 0 0 0 0 30 0 1 7 12 0 0 0 0 0 0 0 0
"1" 1 0.147208121827 0 0 0 0 0 0 25 0 1 0 0 0 0 0 0 0 49 0 0 0
"2" 2 0.290697674419 0 2 4 2 4 7 4 0 12 0 11 3 1 2 8 0 9 4 1 1
"3" 3 0.464135021097 0 0 2 2 2 16 2 0 2 3 7 1 2 0 6 0 6 19 3 2
"4" 4 0.0 0 0 10 0 0 0 0 0 65 0 0 0 0 0 0 0 0 0 0 0
"5" 5 0.428571428571 0 21 4 25 13 0 0 0 0 1 0 0 0 2 3 0 1 3 1 1
"6" 6 0.0199004975124 0 0 0 0 0 0 0 0 0 0 0 0 0 75 0 0 0 0 0 0
"7" 7 0.518134715026 0 73 0 1 0 0 0 0 0 0 0 1 0 0 0 0 0 0 0 0
"8" 8 0.653846153846 0 0 0 0 0 0 0 0 0 0 0 75 0 0 0 0 0 0 0 0
"9" 9 0.213197969543 0 0 0 0 0 0 75 0 0 0 0 0 0 0 0 0 0 0 0 0
"10" 10 0.0547263681592 0 0 0 0 0 0 0 0 0 0 0 0 0 75 0 0 0 0 0 0
"11" 11 0.452830188679 0 2 2 2 0 2 0 47 5 0 0 0 0 5 2 0 3 4 0 1
"12" 12 0.378109452736 0 1 0 0 0 0 0 0 0 0 0 0 0 74 0 0 0 0 0 0
"13" 13 0.465517241379 0 0 0 0 1 8 0 0 0 1 1 0 1 6 0 0 45 2 1 9
"14" 14 0.325581395349 0 1 18 0 8 7 0 0 0 2 19 1 6 0 1 0 0 3 6 3
"15" 15 0.321167883212 0 1 5 1 4 2 0 0 0 0 3 0 0 0 43 0 0 8 0 8
"16" 16 0.432692307692 0 0 22 0 0 0 0 0 1 0 0 52 0 0 0 0 0 0 0 0
"17" 17 0.413502109705 0 8 2 7 2 13 0 0 0 0 4 1 1 3 19 2 0 5 0 8
"18" 18 0.137931034483 0 0 4 1 0 0 0 0 23 0 0 0 0 0 0 0 47 0 0 0
"19" 19 0.167883211679 0 1 4 0 1 0 14 0 6 0 5 0 0 3 1 0 38 1 0 1
"20" 20 0.0 0 75 0 0 0 0 0 0 0 0 0 0 0 0 0 0 0 0 0 0
"21" 21 0.131979695431 0 0 0 0 0 0 33 0 1 0 0 0 0 20 0 0 20 0 0 1
"22" 22 0.0342205323194 0 0 0 0 0 0 0 0 0 2 0 0 0 0 0 0 0 0 73 0
"23" 23 0.330357142857 0 0 0 0 2 0 3 0 0 0 0 0 0 0 0 0 2 68 0 0
"24" 24 0.166666666667 0 0 0 0 0 0 0 0 0 0 0 0 0 0 0 0 75 0 0 0
"25" 25 0.424870466321 0 7 15 1 0 0 0 0 48 0 1 3 0 0 0 0 0 0 0 0
"26" 26 0.736434108527 0 22 6 4 1 11 0 1 1 0 13 2 0 3 2 0 0 9 0 0
"27" 27 0.336538461538 0 2 1 14 2 5 0 0 22 3 1 2 6 1 2 0 1 2 6 5
"28" 28 0.104651162791 0 0 0 0 0 2 22 0 7 0 0 0 0 1 2 0 37 0 4 0
"29" 29 0.144278606965 0 0 0 0 0 1 0 0 0 0 0 0 0 72 1 0 0 1 0 0
"30" 30 0.0 0 0 0 0 0 0 0 0 0 0 0 0 0 75 0 0 0 0 0 0
"31" 31 0.100418410042 0 0 1 1 3 0 30 0 1 4 2 0 0 11 1 0 15 3 3 0
"32" 32 0.0 0 0 0 0 0 0 0 0 0 0 0 0 0 0 0 0 75 0 0 0
"33" 33 0.131782945736 0 0 1 16 0 0 2 0 4 2 4 0 0 2 0 0 42 0 2 0
"34" 34 0.0 0 0 10 0 0 0 0 0 59 0 1 5 0 0 0 0 0 0 0 0
"35" 35 0.0 0 75 0 0 0 0 0 0 0 0 0 0 0 0 0 0 0 0 0 0
"36" 36 0.0802919708029 0 0 0 0 0 0 0 0 0 0 0 0 0 2 73 0 0 0 0 0
"37" 37 0.0 0 0 0 0 0 0 66 0 1 0 0 0 0 0 0 0 3 0 0 5
"38" 38 0.112582781457 0 0 4 0 0 0 0 0 0 43 0 0 2 0 0 4 0 1 21 0
"39" 39 0.0387596899225 0 0 13 0 0 0 0 0 0 0 62 0 0 0 0 0 0 0 0 0
"40" 40 0.250950570342 0 4 0 5 1 0 0 0 0 19 1 1 4 0 0 0 0 0 40 0
"41" 41 0.678756476684 0 22 2 28 0 1 0 0 0 0 0 21 1 0 0 0 0 0 0 0
"42" 42 0.103448275862 0 0 0 0 0 5 0 0 1 0 3 0 0 0 18 0 48 0 0 0
"43" 43 0.284263959391 0 0 7 6 3 0 1 0 38 0 2 2 0 0 3 0 5 4 0 4
"44" 44 0.0275229357798 0 0 2 0 7 0 0 0 7 1 1 0 0 0 0 0 0 0 0 57
"45" 45 0.517857142857 0 0 1 0 11 16 0 0 0 1 10 2 1 3 6 1 0 19 2 2
"46" 46 0.164102564103 0 0 0 73 0 0 0 0 1 0 0 1 0 0 0 0 0 0 0 0
"47" 47 0.0331125827815 0 0 3 0 0 0 0 0 30 0 10 21 0 0 0 0 11 0 0 0
"48" 48 0.0 0 0 0 0 0 0 64 0 0 0 0 0 0 0 0 0 11 0 0 0
"49" 49 0.194968553459 0 0 0 0 4 0 0 67 0 0 0 0 0 0 0 0 0 4 0 0
"50" 50 0.245535714286 0 57 0 5 0 0 0 0 0 0 0 7 6 0 0 0 0 0 0 0
"51" 51 0.0 0 0 0 0 0 75 0 0 0 0 0 0 0 0 0 0 0 0 0 0
"52" 52 0.00961538461538 0 0 0 0 0 0 0 0 0 0 0 75 0 0 0 0 0 0 0 0
"53" 53 0.0913705583756 0 0 0 0 4 21 33 0 1 0 0 0 0 0 6 0 6 3 0 1
"54" 54 0.00497512437811 0 0 0 0 0 0 0 0 0 0 0 0 0 75 0 0 0 0 0 0
"55" 55 0.044776119403 0 2 0 8 23 0 0 0 6 0 6 0 0 15 0 0 0 14 0 1
"56" 56 0.0523255813953 0 0 2 0 0 0 0 0 25 0 48 0 0 0 0 0 0 0 0 0
"57" 57 0.282700421941 0 2 1 4 9 10 0 0 1 1 1 0 4 17 16 0 0 5 1 3
"58" 58 0.00995024875622 0 0 0 0 0 0 0 0 0 0 0 0 0 74 0 0 0 0 0 1
"59" 59 0.0264900662252 0 0 20 0 0 0 0 0 12 0 41 2 0 0 0 0 0 0 0 0
"60" 60 0.348214285714 0 0 1 0 4 18 0 0 0 0 3 0 1 16 9 2 0 19 1 1
"61" 61 0.171548117155 0 0 0 0 0 0 0 0 0 75 0 0 0 0 0 0 0 0 0 0
"62" 62 0.0 0 0 0 0 0 0 0 0 0 0 0 0 0 0 0 75 0 0 0 0
"63" 63 0.0125523012552 0 0 0 1 1 0 0 0 0 20 1 0 0 17 1 0 0 1 32 1
"64" 64 0.683544303797 0 3 1 2 8 13 8 0 7 0 5 0 0 6 1 0 5 14 1 1
"65" 65 0.242677824268 0 0 0 0 0 0 0 0 0 62 0 0 0 0 0 1 0 0 12 0
"66" 66 0.0 0 0 0 1 0 0 0 0 0 0 0 0 0 73 0 0 0 0 0 1
"67" 67 0.397350993377 0 0 42 0 10 3 0 0 0 0 13 4 0 0 2 0 0 1 0 0
"68" 68 0.820512820513 0 8 4 20 13 6 0 0 4 0 1 4 1 2 1 0 0 9 1 1
"69" 69 0.222797927461 0 69 0 1 0 0 0 0 0 0 0 0 1 0 0 0 0 4 0 0
"70" 70 0.0747126436782 0 0 0 0 0 0 0 0 4 0 0 0 0 0 0 0 71 0 0 0
"71" 71 0.317518248175 0 5 5 2 22 1 2 0 4 1 3 1 0 4 13 1 6 4 1 0
"72" 72 0.179487179487 0 3 1 61 0 0 0 0 8 0 0 2 0 0 0 0 0 0 0 0
"73" 73 0.0287081339713 0 3 14 3 0 0 0 0 0 0 55 0 0 0 0 0 0 0 0 0
"74" 74 0.174129353234 0 0 3 0 3 0 0 0 0 5 0 0 1 51 1 0 1 0 9 1
"75" 75 0.14367816092 0 0 0 0 0 0 1 0 0 0 1 0 0 0 0 0 73 0 0 0
"76" 76 0.735751295337 0 8 4 4 26 8 3 1 1 3 0 0 0 3 0 0 3 6 1 4
"77" 77 0.335025380711 0 0 0 0 0 0 70 0 0 0 0 0 0 1 0 0 4 0 0 0
"78" 78 0.209302325581 0 7 10 1 8 10 0 0 2 0 8 11 1 3 0 0 0 9 1 4
"79" 79 0.811320754717 0 1 3 0 0 1 0 64 2 0 2 0 0 1 0 0 0 1 0 0
"80" 80 0.875 0 0 0 0 0 0 0 0 0 0 0 75 0 0 0 0 0 0 0 0
"81" 81 0.455696202532 0 0 0 0 5 16 0 0 4 5 2 0 2 3 1 0 0 1 34 2
"82" 82 0.412790697674 0 1 7 2 1 1 3 0 38 0 5 2 2 3 1 0 8 1 0 0
"83" 83 0.126903553299 0 1 0 0 7 0 54 0 1 0 1 0 0 1 1 0 3 0 2 4
"84" 84 0.0585774058577 0 0 0 0 0 0 0 0 0 75 0 0 0 0 0 0 0 0 0 0
"85" 85 0.533678756477 0 36 0 0 4 1 0 0 0 0 3 0 27 0 0 0 0 3 0 1
"86" 86 0.307984790875 0 0 0 0 0 0 0 0 0 10 0 0 0 0 0 0 0 0 65 0
"87" 87 0.0746268656716 0 0 0 0 0 0 0 0 0 0 0 0 0 75 0 0 0 0 0 0
"88" 88 0.314465408805 0 0 0 0 0 0 0 75 0 0 0 0 0 0 0 0 0 0 0 0
"89" 89 0.666666666667 0 12 9 3 1 5 0 9 2 0 9 7 0 3 2 6 0 5 0 2
"90" 90 0.409282700422 0 3 0 12 2 20 0 0 0 0 5 1 0 15 6 0 0 7 0 4
"91" 91 0.0 0 0 0 0 0 0 0 0 0 0 0 0 0 75 0 0 0 0 0 0
"92" 92 0.324503311258 0 0 46 0 2 12 0 0 2 0 8 2 0 0 3 0 0 0 0 0
"93" 93 0.370535714286 0 1 6 1 2 2 0 0 0 2 3 0 46 5 1 0 0 5 1 0
"94" 94 0.641509433962 0 35 1 4 0 7 1 5 1 0 2 1 0 2 2 0 1 9 2 2
"95" 95 0.57805907173 0 1 0 0 2 49 0 0 0 0 4 1 0 1 12 0 0 5 0 0
"96" 96 0.0570342205323 0 0 0 0 0 0 0 0 0 3 0 0 0 0 0 0 0 0 72 0
"97" 97 0.291139240506 0 0 0 0 1 23 0 0 2 0 7 0 0 0 36 0 0 3 0 3
"98" 98 0.540697674419 0 6 6 5 0 14 4 0 5 0 17 2 0 3 4 2 1 5 0 1
"99" 99 0.0986547085202 0 0 0 0 65 0 0 0 2 0 0 0 0 6 0 0 0 2 0 0
"100" 100 0.00497512437811 0 0 0 0 0 0 2 0 0 0 0 0 0 73 0 0 0 0 0 0
"101" 101 0.392857142857 0 3 7 1 6 17 0 0 0 0 13 0 1 1 0 0 2 23 0 1
"102" 102 0.455958549223 0 38 0 10 1 0 0 0 0 0 0 25 0 0 0 0 0 1 0 0
"103" 103 0.0255474452555 0 0 0 0 0 0 0 0 0 0 0 0 0 0 74 0 0 0 0 1
"104" 104 0.0860927152318 0 0 6 0 0 0 0 0 0 0 68 1 0 0 0 0 0 0 0 0
"105" 105 0.119402985075 0 0 1 2 0 0 3 0 0 0 1 0 1 60 0 0 0 2 0 5
"106" 106 0.044776119403 0 0 0 0 0 0 0 0 0 0 1 0 0 74 0 0 0 0 0 0
"107" 107 0.00574712643678 0 0 0 0 6 1 10 0 0 0 0 0 0 0 0 0 55 2 0 1
"108" 108 0.368421052632 0 0 0 4 1 10 0 0 3 10 2 3 0 12 1 5 0 2 16 6
"109" 109 0.299578059072 0 0 0 0 0 71 1 0 0 0 0 0 0 0 2 0 1 0 0 0
"110" 110 0.248803827751 0 0 0 0 4 1 0 0 6 16 0 0 28 0 0 0 3 0 17 0
"111" 111 0.438818565401 0 0 1 2 11 6 1 0 10 4 5 0 1 3 1 2 14 3 10 1
"112" 112 0.572139303483 0 2 1 0 4 15 3 0 9 0 1 0 1 18 3 0 4 11 0 3
"113" 113 0.010152284264 0 0 0 0 0 0 74 0 0 0 0 0 0 0 0 0 1 0 0 0
"114" 114 0.490566037736 0 6 0 2 0 0 0 66 0 0 0 0 0 0 1 0 0 0 0 0
"115" 115 0.00497512437811 0 0 0 0 0 0 1 0 0 0 0 0 0 74 0 0 0 0 0 0
"116" 116 0.169642857143 0 3 2 0 35 1 1 0 0 0 19 1 0 1 0 0 0 10 0 2
"117" 117 0.0 0 0 0 0 0 0 2 0 0 0 2 0 0 0 0 0 71 0 0 0
"118" 118 0.10152284264 0 0 0 0 0 0 41 0 1 0 3 0 0 0 4 0 25 1 0 0
"119" 119 0.0 0 0 0 0 0 0 34 0 0 0 0 0 0 0 0 0 41 0 0 0
"120" 120 0.0255474452555 0 0 0 0 0 0 0 0 0 1 0 0 0 0 67 6 0 0 0 1
"121" 121 0.0 0 0 0 0 0 0 0 0 0 0 0 75 0 0 0 0 0 0 0 0
"122" 122 0.00380228136882 0 0 0 0 0 0 0 0 0 52 0 0 0 0 0 0 0 0 23 0
"123" 123 0.0 0 0 0 0 0 0 75 0 0 0 0 0 0 0 0 0 0 0 0 0
"124" 124 0.0755813953488 0 0 2 0 0 0 0 0 71 0 0 2 0 0 0 0 0 0 0 0
"125" 125 0.201923076923 0 0 1 0 0 0 0 0 0 0 0 74 0 0 0 0 0 0 0 0
"126" 126 0.331125827815 0 11 7 1 1 0 0 4 3 0 0 1 2 4 13 0 0 28 0 0
"127" 127 0.0 0 0 0 0 0 0 0 0 0 0 73 2 0 0 0 0 0 0 0 0
"128" 128 0.13475177305 0 0 0 0 0 0 0 0 0 0 0 0 0 0 0 75 0 0 0 0
"129" 129 0.485232067511 0 4 2 4 9 17 13 0 3 0 2 0 0 2 4 3 4 6 0 2
"130" 130 0.183035714286 0 0 0 0 0 0 0 0 0 0 0 0 0 0 0 0 0 75 0 0
"131" 131 0.0836501901141 0 0 0 0 0 0 0 0 0 0 0 0 0 0 0 0 0 0 75 0
"132" 132 0.471264367816 0 0 0 4 8 4 0 0 2 0 10 0 0 13 1 0 19 5 0 9
"133" 133 0.729957805907 0 7 3 5 4 21 1 0 1 0 7 0 0 3 6 0 2 11 1 3
"134" 134 0.552325581395 0 2 2 4 5 5 0 0 27 8 5 0 6 0 2 0 1 0 8 0
"135" 135 0.269230769231 0 0 0 0 0 0 0 0 0 0 0 75 0 0 0 0 0 0 0 0
"136" 136 0.168604651163 0 0 2 0 0 9 0 0 64 0 0 0 0 0 0 0 0 0 0 0
"137" 137 0.0 0 0 1 0 0 0 0 0 0 0 1 0 0 0 0 0 73 0 0 0
"138" 138 0.0382775119617 0 0 0 0 0 0 0 0 0 0 1 2 72 0 0 0 0 0 0 0
"139" 139 0.519230769231 0 0 0 0 0 0 0 0 0 0 0 75 0 0 0 0 0 0 0 0
"140" 140 0.268656716418 0 0 1 2 4 1 6 0 1 0 0 0 1 29 0 0 17 3 0 10
"141" 141 0.835443037975 0 1 0 0 43 4 1 0 3 0 4 0 0 3 1 1 7 5 0 2
"142" 142 0.161434977578 0 0 0 0 61 0 0 0 0 0 0 0 0 2 0 0 0 0 0 12
"143" 143 0.396226415094 0 0 0 1 0 0 0 74 0 0 0 0 0 0 0 0 0 0 0 0
"144" 144 0.883408071749 0 3 6 8 3 13 0 20 1 0 2 3 0 8 2 0 0 5 1 0
"145" 145 0.423076923077 0 0 0 0 0 0 0 0 0 0 0 75 0 0 0 0 0 0 0 0
"146" 146 0.0597014925373 0 0 0 0 0 0 0 0 0 0 0 0 0 75 0 0 0 0 0 0
"147" 147 0.506329113924 0 0 1 4 25 17 0 0 2 1 1 0 1 14 3 0 0 0 3 3
"148" 148 0.223214285714 0 0 1 0 10 0 0 0 0 0 4 0 0 0 0 0 0 60 0 0
"149" 149 0.0 0 0 3 0 0 0 0 0 0 0 2 70 0 0 0 0 0 0 0 0
"150" 150 0.286995515695 0 0 0 0 35 11 0 0 0 0 1 0 0 1 6 0 0 18 0 3
"151" 151 0.325892857143 0 0 1 0 6 3 0 0 0 0 0 0 0 0 1 0 0 63 0 1
"152" 152 0.0209205020921 0 0 0 0 0 0 0 0 0 74 0 0 0 1 0 0 0 0 0 0
"153" 153 0.610062893082 0 2 0 0 0 1 0 72 0 0 0 0 0 0 0 0 0 0 0 0
"154" 154 0.625 0 0 6 0 1 4 0 0 10 1 5 0 0 0 36 0 2 5 2 3
"155" 155 0.0880503144654 0 0 0 0 0 0 0 73 0 0 2 0 0 0 0 0 0 0 0 0
"156" 156 0.187817258883 0 0 0 1 4 0 48 0 3 5 0 0 0 0 0 0 1 0 13 0
"157" 157 0.0627615062762 0 0 0 0 0 0 0 0 0 71 0 0 0 0 0 0 0 0 4 0
"158" 158 0.0 0 1 0 9 0 0 0 0 19 0 33 0 12 0 0 0 1 0 0 0
"159" 159 0.0 0 0 0 0 0 0 0 75 0 0 0 0 0 0 0 0 0 0 0 0
"160" 160 0.00662251655629 0 0 15 0 0 3 0 0 1 0 50 3 0 0 1 0 0 0 0 2
"161" 161 0.18023255814 0 0 4 0 5 7 8 0 9 0 3 0 0 18 0 0 14 6 0 1
"162" 162 0.400843881857 0 25 2 11 4 6 9 0 0 0 1 1 0 5 3 1 0 5 1 1
"163" 163 0.647668393782 0 0 0 0 0 1 17 0 11 1 0 0 0 12 1 2 15 10 5 0
"164" 164 0.629464285714 0 0 4 1 22 4 4 0 6 1 0 0 0 3 1 0 16 1 3 9
"165" 165 0.328205128205 0 15 1 18 1 0 0 0 2 0 20 1 9 0 1 0 1 3 0 3
"166" 166 0.10152284264 0 0 0 0 0 0 73 0 0 0 0 0 0 0 0 0 2 0 0 0
"167" 167 0.245033112583 0 0 67 0 0 0 0 0 0 0 7 1 0 0 0 0 0 0 0 0
"168" 168 0.232704402516 0 0 0 0 0 0 0 75 0 0 0 0 0 0 0 0 0 0 0 0
"169" 169 0.519379844961 0 21 1 7 4 7 4 0 8 0 7 0 0 3 2 1 6 2 0 2
"170" 170 0.363228699552 0 2 0 0 32 4 3 0 1 0 2 1 0 0 4 0 2 22 0 2
"171" 171 0.0 0 0 0 0 0 0 0 0 0 0 75 0 0 0 0 0 0 0 0 0
"172" 172 0.131782945736 0 0 0 0 1 8 0 0 0 4 48 1 0 0 9 0 0 1 2 1
"173" 173 0.589285714286 0 4 0 4 10 32 4 0 1 1 4 1 0 4 1 0 1 5 0 3
"174" 174 0.402985074627 0 0 0 3 4 4 18 0 4 0 5 1 0 9 6 0 2 12 1 6
"175" 175 0.132183908046 0 0 0 0 1 0 1 0 5 0 0 0 0 0 0 0 68 0 0 0
"176" 176 0.298076923077 0 0 0 0 0 0 0 0 0 0 0 75 0 0 0 0 0 0 0 0
"177" 177 0.651785714286 0 1 3 0 9 12 8 1 4 0 5 1 0 1 4 0 8 18 0 0
"178" 178 0.580310880829 0 8 1 0 6 8 4 0 10 0 3 1 0 5 2 0 0 27 0 0
"179" 179 0.149253731343 0 0 0 0 0 0 3 0 2 0 0 0 0 69 0 0 0 1 0 0
"180" 180 0.0264900662252 0 0 3 1 0 0 0 0 0 0 64 6 0 0 0 0 0 0 0 1
"181" 181 0.631386861314 0 9 1 3 7 8 6 0 2 0 3 0 0 5 10 1 0 15 0 5
"182" 182 0.273722627737 0 2 2 2 3 10 0 0 0 1 2 0 0 12 34 0 0 7 0 0
"183" 183 0.0 0 0 0 0 0 0 0 0 1 0 0 0 0 0 0 0 74 0 0 0
"184" 184 0.131782945736 0 0 1 0 0 0 0 0 0 0 72 2 0 0 0 0 0 0 0 0
"185" 185 0.522321428571 0 5 1 4 6 11 3 0 2 0 6 3 0 7 11 1 1 13 0 1
"186" 186 0.149253731343 0 0 0 0 0 0 0 0 0 0 0 0 0 75 0 0 0 0 0 0
"187" 187 0.0 0 0 0 0 0 0 0 0 0 0 75 0 0 0 0 0 0 0 0 0
"188" 188 0.206896551724 0 0 0 0 3 1 45 0 1 0 0 0 1 0 12 0 2 2 0 8
"189" 189 0.485232067511 0 2 3 0 1 13 0 0 10 2 5 0 0 3 2 1 0 6 15 12
"190" 190 0.00497512437811 0 0 0 0 0 0 0 0 0 0 0 0 0 75 0 0 0 0 0 0
"191" 191 0.0 0 0 0 0 0 0 0 0 0 54 0 0 0 0 0 0 0 0 21 0
"192" 192 0.192052980132 0 0 4 1 1 12 0 0 7 0 20 1 4 6 5 0 0 8 5 1
"193" 193 0.341772151899 0 0 0 0 0 71 2 0 0 0 0 0 0 1 0 0 1 0 0 0
"194" 194 0.0 75 0 0 0 0 0 0 0 0 0 0 0 0 0 0 0 0 0 0 0
"195" 195 0.0675105485232 0 0 0 0 0 58 0 0 0 0 6 0 0 0 1 0 0 0 0 10
"196" 196 0.481865284974 0 56 1 4 1 3 2 0 0 0 1 0 0 1 1 0 0 5 0 0
"197" 197 0.167300380228 0 0 0 0 0 0 0 0 0 5 0 0 0 0 0 0 0 0 70 0
"198" 198 0.0 0 0 4 0 0 0 0 0 0 0 71 0 0 0 0 0 0 0 0 0
"199" 199 0.430379746835 0 0 3 1 1 51 0 0 1 0 5 0 0 0 4 0 0 7 0 2
"200" 200 0.544642857143 0 4 0 10 9 23 0 0 1 0 6 0 0 9 6 0 0 6 0 1
"201" 201 0.299578059072 0 0 0 0 18 29 0 0 0 0 9 0 0 0 7 0 0 3 0 9
"202" 202 0.307692307692 0 0 0 0 0 0 0 0 0 0 0 75 0 0 0 0 0 0 0 0
"203" 203 0.00507614213198 0 0 0 0 0 0 74 0 0 0 0 0 0 0 0 0 1 0 0 0
"204" 204 0.0152284263959 0 0 0 0 0 0 69 0 0 0 0 0 0 0 0 0 6 0 0 0
"205" 205 0.0 0 0 0 0 0 0 69 0 0 0 0 0 0 0 0 0 6 0 0 0
"206" 206 0.0 0 0 3 0 0 0 0 0 0 0 72 0 0 0 0 0 0 0 0 0
"207" 207 0.0569948186528 0 33 3 1 0 0 0 0 0 14 0 0 0 0 0 3 0 0 21 0
"208" 208 0.0116279069767 0 0 6 0 0 0 0 0 18 0 50 0 0 0 0 0 1 0 0 0
"209" 209 0.316455696203 0 0 3 40 4 1 0 0 2 0 1 0 0 2 11 0 4 5 0 2
"210" 210 0.00418410041841 0 0 0 0 0 0 0 0 0 73 0 0 0 0 0 0 0 0 1 1
"211" 211 0.209821428571 0 0 0 0 6 1 9 0 14 2 1 0 1 6 1 12 12 4 3 3
"212" 212 0.00418410041841 0 0 0 0 0 0 0 0 0 74 0 0 0 0 0 0 0 0 1 0
"213" 213 0.0288461538462 0 0 0 0 0 0 0 0 0 0 0 75 0 0 0 0 0 0 0 0
"214" 214 0.0761421319797 0 0 0 0 1 1 61 0 0 0 0 0 0 0 4 0 1 1 0 6
"215" 215 0.0725388601036 0 67 0 7 0 0 0 0 0 0 0 0 0 0 0 0 0 1 0 0
"216" 216 0.549107142857 0 5 8 1 3 5 1 0 13 0 3 2 2 19 2 2 4 3 0 2
"217" 217 0.751054852321 0 2 27 16 2 5 0 0 6 0 3 0 0 2 7 0 0 2 3 0
"218" 218 0.412790697674 0 2 1 19 7 13 0 0 5 0 1 0 0 3 19 0 0 3 0 2
"219" 219 0.482051282051 0 7 0 15 8 9 0 0 0 1 3 6 11 0 2 4 0 5 2 2
"220" 220 0.330357142857 0 0 3 0 10 2 17 0 2 0 0 0 0 3 8 0 16 10 0 4
"221" 221 0.0659898477157 0 0 0 0 0 0 62 0 0 0 0 0 0 0 0 0 13 0 0 0
"222" 222 0.0 0 0 0 0 0 0 58 0 0 0 0 0 0 0 0 0 17 0 0 0
"223" 223 0.0 0 0 0 0 6 0 0 0 0 0 0 0 0 69 0 0 0 0 0 0
"224" 224 0.0804597701149 0 0 0 0 0 0 3 0 64 0 0 0 0 0 1 0 0 0 0 7
"225" 225 0.165803108808 0 0 12 0 0 0 0 0 0 0 0 63 0 0 0 0 0 0 0 0
"226" 226 0.205357142857 0 1 2 11 3 0 0 0 0 0 3 5 0 40 0 0 1 2 0 7
"227" 227 0.0 0 0 0 0 0 0 0 0 0 0 0 0 0 0 0 0 75 0 0 0
"228" 228 0.0 0 0 0 10 0 0 0 0 0 0 0 0 0 65 0 0 0 0 0 0
"229" 229 0.0 0 0 1 0 0 0 0 0 72 0 0 0 0 2 0 0 0 0 0 0
"230" 230 0.0314465408805 0 0 0 0 0 0 0 72 0 0 3 0 0 0 0 0 0 0 0 0
"231" 231 0.217616580311 0 75 0 0 0 0 0 0 0 0 0 0 0 0 0 0 0 0 0 0
"232" 232 0.0927152317881 0 0 31 0 1 0 0 0 39 1 1 0 0 0 0 0 0 1 0 1
"233" 233 0.0728476821192 0 0 1 0 0 0 0 0 0 0 74 0 0 0 0 0 0 0 0 0
"234" 234 0.35401459854 0 8 0 6 12 31 2 0 0 0 1 0 0 0 3 0 0 7 0 5
"235" 235 0.00836820083682 0 0 0 0 0 0 0 0 0 75 0 0 0 0 0 0 0 0 0 0
"236" 236 0.0248226950355 0 0 0 0 0 0 0 0 0 0 0 0 0 0 0 75 0 0 0 0
"237" 237 0.369230769231 0 33 1 18 0 7 8 1 1 1 0 0 0 1 1 0 2 1 0 0
"238" 238 0.240384615385 0 0 2 0 2 0 0 0 0 6 19 13 13 0 0 2 0 0 16 2
"239" 239 0.767441860465 0 18 12 6 7 4 0 0 1 0 5 1 1 2 4 0 2 11 0 1
"240" 240 0.503311258278 0 5 0 26 14 5 0 0 1 0 0 1 2 5 8 0 0 5 1 2
"241" 241 0.25855513308 0 0 0 0 0 0 0 0 0 37 0 0 0 0 0 1 0 0 37 0
"242" 242 0.523206751055 0 2 14 1 22 12 0 0 1 1 0 0 0 4 4 0 0 11 2 1
"243" 243 0.327586206897 0 0 2 0 4 0 41 0 4 0 0 0 0 0 2 0 18 4 0 0
"244" 244 0.480769230769 0 0 0 0 0 0 0 0 0 0 0 75 0 0 0 0 0 0 0 0
"245" 245 0.339285714286 0 0 3 0 12 2 0 0 28 0 3 12 0 0 6 0 0 1 0 8
"246" 246 0.496688741722 0 2 35 2 0 0 0 10 0 0 10 14 0 1 1 0 0 0 0 0
"247" 247 0.0941704035874 0 0 0 0 74 0 0 0 0 0 0 0 0 0 0 0 0 1 0 0
"248" 248 0.564766839378 0 8 5 2 7 10 0 13 1 0 12 2 1 0 3 1 0 9 0 1
"249" 249 0.185430463576 0 9 21 13 0 0 0 0 0 0 2 0 27 1 0 0 0 1 1 0
"250" 250 0.12927756654 0 0 0 0 0 0 0 0 0 39 0 0 2 0 0 0 0 0 34 0
"251" 251 0.0155440414508 0 0 3 0 0 0 0 0 52 0 17 0 0 0 0 0 3 0 0 0
"252" 252 0.10970464135 0 2 0 2 8 15 0 0 0 2 3 0 5 18 11 0 0 0 0 9
"253" 253 0.14798206278 0 0 0 0 72 0 0 0 0 0 0 0 0 0 0 1 0 2 0 0
"254" 254 0.301255230126 0 3 1 1 3 3 3 0 9 4 5 0 5 0 2 0 13 19 3 1
"255" 255 0.0 0 0 0 0 0 0 8 0 1 0 0 0 0 65 0 0 1 0 0 0
"256" 256 0.346715328467 0 1 1 4 15 10 4 0 0 0 6 0 4 7 9 7 0 3 0 4
"257" 257 0.435233160622 0 46 1 7 2 2 1 0 3 0 2 1 0 1 4 0 0 5 0 0
"258" 258 0.216312056738 0 0 0 0 0 0 0 0 0 0 0 0 0 0 0 74 0 0 1 0
"259" 259 0.00497512437811 0 0 0 0 0 0 0 0 0 0 0 0 0 75 0 0 0 0 0 0
"260" 260 0.325581395349 0 1 2 8 9 8 10 0 2 0 3 4 0 8 11 2 0 7 0 0
"261" 261 0.596899224806 0 7 1 10 8 10 1 0 1 0 18 1 1 6 2 1 0 7 1 0
"262" 262 0.415384615385 0 0 0 18 34 6 0 0 1 0 0 0 2 0 2 0 0 9 0 3
"263" 263 0.713080168776 0 10 2 37 5 10 0 0 0 0 1 5 2 0 1 0 0 1 1 0
"264" 264 0.233830845771 0 0 0 2 8 4 0 0 0 0 1 0 0 59 0 0 0 0 1 0
"265" 265 0.338461538462 0 0 0 0 0 3 0 0 0 0 64 2 0 1 4 0 0 0 1 0
"266" 266 0.355769230769 0 0 0 0 0 0 0 0 0 0 0 75 0 0 0 0 0 0 0 0
"267" 267 0.35632183908 0 0 1 0 10 6 6 0 3 0 3 0 0 2 1 0 38 2 0 3
"268" 268 0.574358974359 0 1 9 2 1 15 2 5 3 0 9 2 1 2 5 2 5 11 0 0
"269" 269 0.432692307692 0 0 0 0 0 0 0 0 0 0 0 75 0 0 0 0 0 0 0 0
"270" 270 0.0632183908046 0 0 0 0 0 0 9 0 3 0 0 0 0 0 0 0 63 0 0 0
"271" 271 0.637130801688 0 0 2 0 7 27 0 0 2 0 1 0 0 1 3 0 0 28 1 3
"272" 272 0.0137614678899 0 0 0 0 0 0 0 0 0 0 6 0 0 8 0 0 0 0 1 60
"273" 273 0.314465408805 0 1 0 1 0 0 0 67 0 0 0 0 5 1 0 0 0 0 0 0
"274" 274 0.533632286996 0 12 1 4 2 7 1 31 1 0 3 1 0 2 2 0 0 7 0 1
"275" 275 0.642487046632 0 19 0 7 5 9 0 0 4 0 12 3 0 4 0 0 3 8 0 1
"276" 276 0.0659898477157 0 0 0 0 2 0 26 0 0 0 1 0 0 0 0 0 46 0 0 0
"277" 277 0.0229885057471 0 0 0 0 0 0 2 0 0 0 1 0 0 0 0 0 72 0 0 0
"278" 278 0.424870466321 0 5 3 5 1 10 3 0 5 0 12 1 2 5 10 1 0 10 0 2
"279" 279 0.467153284672 0 3 0 10 6 16 3 0 5 0 2 0 0 4 14 0 4 8 0 0
"280" 280 0.0 0 0 6 0 0 0 2 0 11 0 46 1 0 0 0 0 9 0 0 0
"281" 281 0.244525547445 0 0 0 0 2 10 0 0 0 1 0 0 1 0 58 1 0 1 0 1
"282" 282 0.387596899225 0 4 0 6 8 15 4 0 0 0 9 0 0 7 8 0 0 11 2 1
"283" 283 0.274261603376 0 3 1 4 2 1 0 0 0 0 8 0 0 39 9 7 0 0 1 0
"284" 284 0.00760456273764 0 1 0 0 0 0 0 0 0 51 1 0 2 0 0 0 0 0 20 0
"285" 285 0.137055837563 0 0 0 0 0 0 52 0 0 0 0 0 0 0 2 0 18 3 0 0
"286" 286 0.450892857143 0 3 9 3 8 9 2 0 0 0 5 1 0 18 8 3 0 3 2 1
"287" 287 0.0077519379845 0 0 0 0 0 0 0 0 0 0 75 0 0 0 0 0 0 0 0 0
"288" 288 0.0836501901141 0 0 0 0 0 0 0 0 0 49 0 0 0 0 0 0 0 0 26 0
"289" 289 0.191964285714 0 0 0 0 0 1 3 0 0 0 0 0 1 0 1 0 0 68 0 1
"290" 290 0.186046511628 0 0 0 2 0 0 3 0 61 0 9 0 0 0 0 0 0 0 0 0
"291" 291 0.0 0 0 0 0 0 0 0 0 0 0 0 0 0 75 0 0 0 0 0 0
"292" 292 0.104651162791 0 0 1 0 0 0 0 0 71 0 2 0 0 0 0 0 1 0 0 0
"293" 293 0.576923076923 0 0 0 0 0 0 0 0 0 0 0 75 0 0 0 0 0 0 0 0
"294" 294 0.384105960265 0 0 8 3 12 7 4 0 3 0 1 0 2 10 3 0 9 9 1 3
"295" 295 0.544303797468 0 4 5 3 8 7 2 0 9 0 3 1 1 17 6 0 3 4 0 2
"296" 296 0.145390070922 0 0 0 0 0 0 0 0 0 6 0 0 0 0 0 64 0 0 5 0
"297" 297 0.721854304636 0 0 0 0 0 0 0 0 0 0 0 75 0 0 0 0 0 0 0 0
"298" 298 0.708133971292 0 8 9 6 4 12 0 0 1 0 4 11 0 4 1 0 0 12 1 2
