"site" "RSA" "aa1" "aa2" "aa3" "aa4" "aa5" "aa6" "aa7" "aa8" "aa9" "aa10" "aa11" "aa12" "aa13" "aa14" "aa15" "aa16" "aa17" "aa18" "aa19" "aa20"
"0" 0 0.773255813953 0 0 4 0 19 1 2 0 15 0 0 2 0 1 5 0 4 3 0 0
"1" 1 0.313432835821 0 0 0 0 0 0 0 0 0 0 0 0 0 56 0 0 0 0 0 0
"2" 2 0.15611814346 0 0 0 0 0 29 1 0 0 11 0 0 0 0 0 0 2 0 13 0
"3" 3 0.0 0 0 0 0 0 0 54 0 0 0 0 0 0 0 0 0 2 0 0 0
"4" 4 0.0 0 0 0 0 0 0 0 0 0 0 56 0 0 0 0 0 0 0 0 0
"5" 5 0.0 0 0 0 0 0 0 0 56 0 0 0 0 0 0 0 0 0 0 0 0
"6" 6 0.046357615894 0 19 8 5 0 0 0 0 0 0 21 0 0 2 0 0 0 1 0 0
"7" 7 0.0 0 0 1 0 0 0 54 0 0 0 1 0 0 0 0 0 0 0 0 0
"8" 8 0.149253731343 0 0 18 1 5 0 0 0 0 0 9 0 2 6 0 0 0 12 3 0
"9" 9 0.31007751938 0 0 1 0 0 0 0 0 0 0 54 1 0 0 0 0 0 0 0 0
"10" 10 0.108527131783 0 0 22 0 0 0 0 0 0 0 28 6 0 0 0 0 0 0 0 0
"11" 11 0.383419689119 0 54 0 1 0 0 0 0 0 0 0 0 0 0 0 0 0 1 0 0
"12" 12 0.422053231939 0 1 15 1 2 14 0 0 6 0 2 0 2 1 2 1 0 6 0 3
"13" 13 0.635658914729 0 3 36 9 3 0 0 0 3 0 1 0 0 1 0 0 0 0 0 0
"14" 14 0.420512820513 0 0 0 20 1 1 0 0 0 0 2 0 2 0 30 0 0 0 0 0
"15" 15 0.1589958159 0 1 0 1 0 0 0 0 0 50 0 0 0 0 0 1 0 0 3 0
"16" 16 0.341085271318 0 0 7 0 0 0 0 4 0 0 43 1 0 0 0 0 0 1 0 0
"17" 17 0.370860927152 0 4 0 4 18 3 1 0 1 0 4 1 0 1 0 0 4 15 0 0
"18" 18 0.0580357142857 0 0 0 0 13 0 0 0 0 0 2 0 0 0 0 0 2 37 0 2
"19" 19 0.0 0 0 0 0 0 0 0 0 0 0 0 0 0 56 0 0 0 0 0 0
"20" 20 0.364341085271 0 0 3 2 1 7 2 0 1 2 18 0 0 2 4 10 0 2 1 1
"21" 21 0.215328467153 0 0 0 3 0 7 0 0 0 0 0 0 0 0 20 0 0 25 0 1
"22" 22 0.0 0 0 0 0 0 0 56 0 0 0 0 0 0 0 0 0 0 0 0 0
"23" 23 0.3125 0 0 0 0 3 1 0 0 0 0 2 0 0 1 1 0 0 44 0 4
"24" 24 0.620535714286 0 2 2 5 4 31 0 0 0 1 0 0 1 6 1 1 0 0 0 2
"25" 25 0.0988372093023 0 0 20 0 0 0 0 0 36 0 0 0 0 0 0 0 0 0 0 0
"26" 26 0.373056994819 0 14 4 11 2 1 1 0 7 0 0 2 2 3 0 0 0 6 0 3
"27" 27 0.0232558139535 0 0 3 0 0 0 0 0 0 0 53 0 0 0 0 0 0 0 0 0
"28" 28 0.272321428571 0 15 3 5 11 6 0 0 3 0 1 0 2 3 0 0 1 1 4 1
"29" 29 0.0456273764259 0 0 0 0 1 4 0 0 0 2 0 1 1 4 0 0 0 6 22 15
"30" 30 0.0 0 0 0 0 0 0 0 0 0 0 0 0 0 0 0 0 56 0 0 0
"31" 31 0.0 0 0 2 1 0 0 0 0 0 5 8 0 38 0 0 0 0 0 2 0
"32" 32 0.0 0 0 0 0 0 0 54 0 0 0 0 0 0 0 0 0 2 0 0 0
"33" 33 0.0310880829016 0 21 2 2 1 0 0 0 0 3 8 0 1 2 4 1 1 9 1 0
"34" 34 0.0406091370558 0 0 0 0 0 0 54 0 0 0 0 0 0 0 0 0 2 0 0 0
"35" 35 0.0366972477064 0 0 0 0 4 0 0 0 0 0 22 0 1 0 1 0 0 0 0 28
"36" 36 0.165803108808 0 56 0 0 0 0 0 0 0 0 0 0 0 0 0 0 0 0 0 0
"37" 37 0.211538461538 0 0 0 0 0 0 0 0 0 0 0 56 0 0 0 0 0 0 0 0
"38" 38 0.650224215247 0 1 0 6 13 19 0 0 1 0 4 0 1 2 0 0 0 1 8 0
"39" 39 0.171548117155 0 0 0 0 0 0 0 0 0 49 0 0 1 0 0 0 0 0 6 0
"40" 40 0.0459770114943 0 0 0 0 0 0 0 0 1 0 0 0 0 0 0 0 55 0 0 0
"41" 41 0.635220125786 0 8 17 0 4 3 0 8 4 0 4 2 0 1 1 1 0 2 0 1
"42" 42 0.45641025641 0 0 6 6 9 6 0 0 15 1 0 1 0 0 0 0 0 0 12 0
"43" 43 0.664974619289 0 0 0 0 0 3 22 0 2 1 0 0 0 0 1 0 22 2 2 1
"44" 44 0.198675496689 0 0 56 0 0 0 0 0 0 0 0 0 0 0 0 0 0 0 0 0
"45" 45 0.0962343096234 0 0 0 0 0 0 0 0 0 56 0 0 0 0 0 0 0 0 0 0
"46" 46 0.307692307692 0 2 11 1 0 0 0 0 9 0 0 33 0 0 0 0 0 0 0 0
"47" 47 0.131782945736 0 0 0 0 0 0 0 0 0 0 41 1 0 0 0 14 0 0 0 0
"48" 48 0.740932642487 0 16 4 2 9 8 0 0 1 0 4 1 0 4 2 0 0 4 0 1
"49" 49 0.252873563218 0 0 1 0 3 0 1 0 15 0 4 0 0 0 0 0 25 1 0 6
"50" 50 0.0 0 0 0 0 0 0 0 0 0 0 0 0 0 0 0 0 56 0 0 0
"51" 51 0.294573643411 0 0 0 0 1 29 0 0 0 0 13 0 1 0 4 0 0 6 0 2
"52" 52 0.483443708609 0 4 2 13 3 19 0 0 0 0 2 1 1 1 1 1 0 4 0 4
"53" 53 0.0137614678899 0 0 0 0 0 0 0 0 0 0 0 0 0 0 0 0 0 0 0 56
"54" 54 0.189781021898 0 0 0 0 0 0 0 0 0 0 0 0 0 0 56 0 0 0 0 0
"55" 55 0.675105485232 0 11 4 7 5 8 6 0 0 0 3 0 0 2 3 0 4 2 0 1
"56" 56 0.377990430622 0 0 0 7 1 1 0 0 0 7 0 0 6 0 0 0 0 0 34 0
"57" 57 0.0596026490066 0 0 51 0 0 0 0 0 1 0 4 0 0 0 0 0 0 0 0 0
"58" 58 0.759493670886 0 4 4 22 8 2 0 0 6 0 0 3 1 2 0 0 0 3 1 0
"59" 59 0.144278606965 0 0 0 0 0 1 0 0 0 0 1 0 0 50 4 0 0 0 0 0
"60" 60 0.224137931034 0 0 0 0 0 0 22 0 0 1 0 0 0 0 0 0 31 0 2 0
"61" 61 0.0 0 0 0 0 0 0 0 0 0 55 0 0 0 1 0 0 0 0 0 0
"62" 62 0.0 0 43 0 8 0 0 0 0 0 0 0 0 4 0 0 0 0 0 0 1
"63" 63 0.0 56 0 0 0 0 0 0 0 0 0 0 0 0 0 0 0 0 0 0 0
"64" 64 0.0 0 0 0 1 0 0 0 0 0 0 0 0 53 0 0 0 1 0 1 0
"65" 65 0.0 0 0 0 0 0 0 0 0 0 0 0 0 0 56 0 0 0 0 0 0
"66" 66 0.0137614678899 0 0 0 5 0 0 0 0 0 1 16 0 0 0 0 0 0 18 0 16
"67" 67 0.0114942528736 0 0 0 0 0 0 0 0 0 0 0 0 0 0 0 0 56 0 0 0
"68" 68 0.241379310345 0 0 0 0 8 0 0 0 6 0 1 0 0 4 18 0 8 8 0 3
"69" 69 0.414507772021 0 10 0 39 0 1 0 0 0 1 0 0 0 0 0 0 0 4 1 0
"70" 70 0.0062893081761 0 0 0 0 0 0 0 56 0 0 0 0 0 0 0 0 0 0 0 0
"71" 71 0.200892857143 0 0 6 0 3 2 2 0 0 2 14 1 1 0 3 6 1 6 9 0
"72" 72 0.481751824818 0 4 26 2 5 7 0 0 3 0 4 0 0 0 2 0 0 1 0 2
"73" 73 0.304182509506 0 0 0 2 19 0 0 0 0 6 0 0 2 5 1 0 0 0 19 2
"74" 74 0.0114942528736 0 0 0 0 0 0 0 0 0 0 1 0 0 0 0 0 55 0 0 0
"75" 75 0.464285714286 0 2 2 6 3 6 1 0 3 0 3 0 0 3 4 0 3 19 0 1
"76" 76 0.325581395349 0 8 0 24 2 3 0 0 0 1 10 0 3 0 0 0 0 4 0 1
"77" 77 0.00836820083682 0 0 0 0 0 0 0 0 0 56 0 0 0 0 0 0 0 0 0 0
"78" 78 0.22480620155 0 0 2 0 0 0 0 0 0 0 52 0 0 0 0 1 0 0 0 1
"79" 79 0.681614349776 0 3 0 7 5 17 0 0 0 0 3 1 0 3 12 0 0 5 0 0
"80" 80 0.0697674418605 0 0 0 0 0 0 0 0 0 0 56 0 0 0 0 0 0 0 0 0
"81" 81 0.182692307692 0 0 0 0 0 0 0 0 0 0 0 56 0 0 0 0 0 0 0 0
"82" 82 0.0542635658915 0 0 1 0 0 0 0 0 0 0 55 0 0 0 0 0 0 0 0 0
"83" 83 0.305699481865 0 56 0 0 0 0 0 0 0 0 0 0 0 0 0 0 0 0 0 0
"84" 84 0.0152284263959 0 0 0 0 0 0 45 0 0 0 0 0 0 0 0 0 9 0 2 0
"85" 85 0.0 0 0 0 0 0 0 0 0 0 0 0 0 0 0 0 0 0 0 0 56
"86" 86 0.0 0 0 1 0 0 0 0 0 54 0 0 0 0 0 0 0 1 0 0 0
"87" 87 0.010152284264 0 0 0 0 0 0 46 0 0 0 0 0 0 0 0 0 10 0 0 0
"88" 88 0.0 0 0 0 0 0 0 0 0 0 1 0 0 53 0 0 0 0 0 1 1
"89" 89 0.127906976744 0 0 3 0 0 0 0 0 47 0 3 0 0 0 0 0 3 0 0 0
"90" 90 0.272321428571 0 0 0 0 0 0 0 0 0 0 0 0 0 0 0 0 0 56 0 0
"91" 91 0.0529801324503 0 0 6 0 0 0 0 0 0 0 50 0 0 0 0 0 0 0 0 0
"92" 92 0.104651162791 0 0 0 0 0 0 0 0 56 0 0 0 0 0 0 0 0 0 0 0
"93" 93 0.850364963504 0 9 4 11 2 7 0 0 5 0 2 3 0 5 0 0 0 7 0 1
"94" 94 0.636363636364 0 4 0 6 3 1 0 0 0 1 5 0 12 0 17 0 0 3 4 0
"95" 95 0.147208121827 0 0 0 0 0 0 56 0 0 0 0 0 0 0 0 0 0 0 0 0
"96" 96 0.406698564593 0 1 0 0 1 1 6 0 8 0 0 0 0 9 2 0 5 21 1 1
"97" 97 0.317307692308 0 12 0 2 2 6 0 0 0 0 3 7 0 7 3 0 1 10 1 2
"98" 98 0.0232558139535 0 0 0 0 0 0 0 0 8 0 47 0 0 0 0 0 1 0 0 0
"99" 99 0.0 0 0 0 0 0 0 0 0 0 0 0 0 0 56 0 0 0 0 0 0
"100" 100 0.488789237668 0 1 0 2 6 24 1 0 0 0 0 0 0 9 12 0 0 1 0 0
"101" 101 0.430379746835 0 1 0 3 8 7 0 0 3 1 6 1 0 19 1 0 0 3 2 1
"102" 102 0.0 0 0 0 0 0 0 56 0 0 0 0 0 0 0 0 0 0 0 0 0
"103" 103 0.371308016878 0 0 0 10 3 8 2 0 0 0 5 0 0 16 3 0 1 0 0 8
"104" 104 0.705426356589 0 8 0 10 1 9 0 0 1 0 9 1 0 3 2 9 0 2 1 0
"105" 105 0.271317829457 0 0 2 0 1 0 0 0 0 0 50 3 0 0 0 0 0 0 0 0
"106" 106 0.673076923077 0 0 0 0 0 0 0 0 0 0 0 56 0 0 0 0 0 0 0 0
"107" 107 0.0733944954128 0 0 0 0 0 0 0 0 0 0 0 0 0 0 0 0 0 0 0 56
"108" 108 0.472573839662 0 2 0 5 1 13 0 0 0 2 3 0 0 29 1 0 0 0 0 0
"109" 109 0.0 0 0 0 0 0 0 0 0 0 0 56 0 0 0 0 0 0 0 0 0
"110" 110 0.0 0 0 0 0 0 0 0 0 0 0 0 56 0 0 0 0 0 0 0 0
"111" 111 0.0 0 0 0 0 0 0 0 0 0 0 0 0 0 0 0 0 56 0 0 0
"112" 112 0.0 0 0 0 0 0 0 0 0 1 0 2 0 0 0 0 0 53 0 0 0
"113" 113 0.0 0 0 0 0 0 0 54 0 0 0 0 0 0 0 0 0 2 0 0 0
"114" 114 0.153846153846 0 1 4 3 4 4 0 0 24 0 3 0 0 0 3 0 0 4 0 6
"115" 115 0.150943396226 0 0 0 0 0 0 0 56 0 0 0 0 0 0 0 0 0 0 0 0
"116" 116 0.692307692308 0 27 5 5 1 3 0 0 0 0 1 0 0 4 0 0 1 9 0 0
"117" 117 0.151162790698 0 0 3 0 0 0 0 0 47 0 6 0 0 0 0 0 0 0 0 0
"118" 118 0.465408805031 0 2 5 1 0 0 0 45 0 0 1 0 0 0 1 0 0 1 0 0
"119" 119 0.093023255814 0 0 5 0 1 0 0 5 0 0 43 0 0 0 0 2 0 0 0 0
"120" 120 0.470930232558 0 16 2 3 1 11 0 0 1 0 8 2 0 5 0 0 1 3 0 3
"121" 121 0.248062015504 0 4 0 0 13 4 0 0 0 0 31 0 0 0 0 0 0 1 0 3
"122" 122 0.0 0 0 0 0 0 0 0 0 0 0 0 0 0 56 0 0 0 0 0 0
"123" 123 0.388392857143 0 0 0 0 0 10 0 0 0 0 2 0 0 23 0 0 0 20 0 1
"124" 124 0.534591194969 0 0 0 2 0 1 0 53 0 0 0 0 0 0 0 0 0 0 0 0
"125" 125 0.00995024875622 0 0 0 0 0 0 0 0 0 0 0 0 0 56 0 0 0 0 0 0
"126" 126 0.00995024875622 0 0 0 0 0 0 0 0 0 0 0 0 0 56 0 0 0 0 0 0
"127" 127 0.616580310881 0 8 7 9 1 6 0 0 4 1 5 1 0 0 1 0 0 8 5 0
"128" 128 0.0796019900498 0 2 0 6 1 4 15 0 0 2 0 1 4 5 0 0 2 8 5 1
"129" 129 0.0574712643678 0 0 0 0 0 0 0 0 0 0 0 0 0 0 0 0 56 0 0 0
"130" 130 0.284974093264 0 28 0 0 0 1 0 0 0 0 1 0 26 0 0 0 0 0 0 0
"131" 131 0.00896860986547 0 0 0 0 45 0 4 0 0 0 0 0 0 0 0 0 1 1 0 5
"132" 132 0.0 0 0 0 0 0 0 0 0 0 0 0 0 0 0 0 0 56 0 0 0
"133" 133 0.0 0 0 0 0 0 0 0 0 1 0 0 0 0 49 0 0 4 0 0 2
"134" 134 0.0 0 0 0 0 0 0 42 0 0 0 0 0 0 0 0 0 14 0 0 0
"135" 135 0.0183486238532 0 0 0 0 0 0 0 0 0 0 0 0 0 0 0 0 0 0 0 56
"136" 136 0.0 0 0 0 0 0 0 0 0 56 0 0 0 0 0 0 0 0 0 0 0
"137" 137 0.0459770114943 0 0 0 0 0 0 44 0 0 0 0 0 0 0 0 0 9 0 0 3
"138" 138 0.441025641026 0 0 0 1 3 2 0 0 2 1 0 0 7 0 15 8 7 5 4 1
"139" 139 0.138364779874 0 0 0 0 0 0 0 56 0 0 0 0 0 0 0 0 0 0 0 0
"140" 140 0.0480769230769 0 0 0 0 0 0 0 0 0 0 0 56 0 0 0 0 0 0 0 0
"141" 141 0.464435146444 0 0 3 0 0 4 0 0 17 1 3 1 7 0 3 0 0 0 13 4
"142" 142 0.519230769231 0 2 5 4 3 0 0 0 17 0 0 8 0 3 0 0 0 14 0 0
"143" 143 0.586538461538 0 0 0 0 0 0 0 0 0 0 0 56 0 0 0 0 0 0 0 0
"144" 144 0.210762331839 0 0 0 0 39 0 0 0 0 0 0 0 0 13 0 0 0 0 0 4
"145" 145 0.651162790698 0 4 17 5 2 3 0 4 4 1 2 0 1 4 0 0 1 8 0 0
"146" 146 0.167364016736 0 0 0 0 0 0 0 0 0 55 0 0 1 0 0 0 0 0 0 0
"147" 147 0.187817258883 0 12 0 1 0 0 11 0 2 0 0 0 0 1 29 0 0 0 0 0
"148" 148 0.427672955975 0 0 0 0 0 0 0 54 0 0 0 0 0 0 0 0 0 2 0 0
"149" 149 0.513392857143 0 5 0 4 4 4 0 0 0 0 4 0 0 0 4 0 0 31 0 0
"150" 150 0.0253164556962 56 0 0 0 0 0 0 0 0 0 0 0 0 0 0 0 0 0 0 0
"151" 151 0.119402985075 0 0 0 0 0 0 0 0 0 0 0 0 0 56 0 0 0 0 0 0
"152" 152 0.611607142857 0 2 9 3 2 20 0 0 3 0 5 0 0 3 1 0 2 4 0 2
"153" 153 0.0970464135021 0 1 0 3 10 1 1 0 0 3 5 0 2 0 0 0 0 0 8 22
"154" 154 0.0 0 0 0 0 0 0 0 0 0 0 0 0 0 0 0 0 56 0 0 0
"155" 155 0.356589147287 0 0 9 0 1 5 0 0 6 0 18 0 0 7 4 3 0 1 1 1
"156" 156 0.296511627907 0 0 1 1 10 1 0 0 25 0 7 0 0 0 2 0 0 3 0 6
"157" 157 0.0 0 0 0 0 0 0 4 0 1 0 0 0 0 0 0 0 51 0 0 0
"158" 158 0.147286821705 0 3 1 2 0 1 0 0 0 0 38 0 1 0 0 3 0 5 2 0
"159" 159 0.510548523207 0 1 1 1 9 13 3 0 1 0 7 1 0 5 2 0 0 8 0 4
"160" 160 0.13829787234 0 0 0 0 0 1 0 0 0 0 0 0 0 4 0 51 0 0 0 0
"161" 161 0.222627737226 0 0 0 0 0 1 0 0 0 0 0 0 0 0 50 0 0 0 0 5
"162" 162 0.683937823834 0 8 4 3 6 11 5 0 1 0 4 0 0 2 0 0 4 4 1 3
"163" 163 0.46875 0 9 0 5 4 2 0 0 1 0 2 0 0 16 2 1 0 11 0 3
"164" 164 0.337552742616 0 0 0 4 0 28 0 0 0 3 0 0 0 11 0 0 0 0 3 7
"165" 165 0.692307692308 0 1 0 10 0 2 0 0 0 0 0 41 1 0 1 0 0 0 0 0
"166" 166 0.228855721393 0 0 0 0 1 0 0 0 0 0 0 0 0 55 0 0 0 0 0 0
"167" 167 0.761589403974 0 23 2 13 0 1 0 0 0 1 3 3 5 0 2 0 1 0 2 0
"168" 168 0.0334728033473 0 0 0 0 0 0 0 0 0 56 0 0 0 0 0 0 0 0 0 0
"169" 169 0.176165803109 0 33 0 6 1 0 0 0 0 0 2 0 7 5 1 1 0 0 0 0
"170" 170 0.0 0 0 0 0 0 0 49 0 0 0 0 0 0 0 0 0 7 0 0 0
"171" 171 0.0 0 0 0 0 1 0 0 0 0 0 55 0 0 0 0 0 0 0 0 0
"172" 172 0.0 0 0 0 0 0 0 0 0 0 0 0 0 0 0 0 0 56 0 0 0
"173" 173 0.0829015544041 0 10 4 11 0 1 0 0 0 0 4 0 19 0 0 0 0 5 1 1
"174" 174 0.0673076923077 0 0 0 0 0 0 0 0 0 0 0 56 0 0 0 0 0 0 0 0
"175" 175 0.259615384615 0 0 0 0 0 0 0 0 0 0 0 56 0 0 0 0 0 0 0 0
"176" 176 0.0344827586207 0 0 0 0 0 0 26 0 0 0 0 0 0 0 0 0 30 0 0 0
"177" 177 0.20725388601 0 40 0 16 0 0 0 0 0 0 0 0 0 0 0 0 0 0 0 0
"178" 178 0.312820512821 0 0 27 0 1 9 0 0 3 0 11 0 2 0 1 0 0 2 0 0
"179" 179 0.704641350211 0 1 12 2 1 1 0 0 39 0 0 0 0 0 0 0 0 0 0 0
"180" 180 0.139534883721 0 0 4 0 0 0 0 0 43 3 0 0 0 0 0 0 0 0 6 0
"181" 181 0.0 0 0 0 0 0 0 56 0 0 0 0 0 0 0 0 0 0 0 0 0
"182" 182 0.310218978102 0 0 0 0 0 1 0 0 0 0 0 0 0 1 54 0 0 0 0 0
"183" 183 0.325581395349 0 1 0 1 6 14 0 0 0 0 7 0 0 7 3 0 0 7 0 10
"184" 184 0.0 56 0 0 0 0 0 0 0 0 0 0 0 0 0 0 0 0 0 0 0
"185" 185 0.365019011407 0 0 0 0 0 0 0 0 0 3 0 0 0 42 0 0 0 0 11 0
"186" 186 0.575892857143 0 0 0 1 0 0 0 0 0 0 0 0 0 1 0 0 0 54 0 0
"187" 187 0.15503875969 0 0 0 0 0 0 0 0 0 0 56 0 0 0 0 0 0 0 0 0
"188" 188 0.201923076923 0 0 0 0 0 0 0 0 0 0 0 56 0 0 0 0 0 0 0 0
"189" 189 0.015503875969 0 0 0 0 0 0 0 0 0 0 56 0 0 0 0 0 0 0 0 0
"190" 190 0.102564102564 0 8 0 42 0 0 1 0 1 0 0 0 1 0 0 0 2 1 0 0
"191" 191 0.0 0 0 0 0 0 0 0 0 2 0 0 0 0 0 0 0 54 0 0 0
"192" 192 0.0 0 0 0 0 0 0 0 0 0 56 0 0 0 0 0 0 0 0 0 0
"193" 193 0.0 0 0 0 0 1 0 3 0 0 0 0 0 0 0 0 0 52 0 0 0
"194" 194 0.015503875969 0 0 1 0 0 0 0 0 0 0 55 0 0 0 0 0 0 0 0 0
"195" 195 0.163461538462 0 0 0 0 0 0 0 0 0 0 0 56 0 0 0 0 0 0 0 0
"196" 196 0.390728476821 0 3 1 0 0 0 0 48 1 0 0 0 0 0 0 1 1 0 0 1
"197" 197 0.0760456273764 0 0 0 0 1 0 0 0 0 24 0 0 2 0 0 2 0 0 27 0
"198" 198 0.0 0 0 0 0 0 0 0 0 0 0 0 0 0 56 0 0 0 0 0 0
"199" 199 0.100418410042 0 0 0 0 0 0 0 0 0 56 0 0 0 0 0 0 0 0 0 0
"200" 200 0.666666666667 0 0 32 4 1 11 0 0 0 0 4 3 0 0 1 0 0 0 0 0
"201" 201 0.139534883721 0 1 2 1 26 3 0 0 0 1 10 0 0 0 2 0 0 8 1 1
"202" 202 0.774834437086 0 9 13 4 4 5 0 0 9 0 3 2 0 1 1 0 0 5 0 0
"203" 203 0.40932642487 0 38 0 17 0 0 0 0 0 0 0 0 0 0 0 0 0 1 0 0
"204" 204 0.0149253731343 0 0 0 0 0 0 0 0 0 0 0 0 0 56 0 0 0 0 0 0
"205" 205 0.298850574713 0 0 0 0 1 16 0 0 0 0 0 0 0 0 3 0 17 18 0 1
"206" 206 0.377483443709 0 0 6 0 4 11 0 0 8 1 10 3 0 2 3 0 0 5 2 1
"207" 207 0.139013452915 0 0 0 0 2 0 0 0 0 0 53 0 0 0 0 0 0 1 0 0
"208" 208 0.0 0 0 0 0 0 0 0 0 0 0 2 0 0 0 0 0 54 0 0 0
"209" 209 0.399103139013 0 0 0 8 3 11 1 0 0 0 1 1 1 12 14 0 0 4 0 0
"210" 210 0.244186046512 0 1 21 2 3 4 1 0 2 0 0 0 0 6 1 0 1 13 0 1
"211" 211 0.0 0 0 0 0 0 0 0 0 0 0 0 0 0 56 0 0 0 0 0 0
"212" 212 0.175182481752 0 1 0 4 7 0 2 0 0 0 1 0 0 26 4 0 0 5 0 6
"213" 213 0.56976744186 0 7 2 3 2 13 1 0 4 0 9 0 0 2 6 1 0 5 0 1
"214" 214 0.201550387597 0 0 1 0 0 0 0 0 0 0 55 0 0 0 0 0 0 0 0 0
"215" 215 0.0348258706468 0 0 0 0 0 0 0 0 0 0 0 0 0 56 0 0 0 0 0 0
"216" 216 0.851282051282 0 7 1 4 0 3 0 0 0 0 16 20 0 0 1 0 0 0 0 4
