"site" "RSA" "aa1" "aa2" "aa3" "aa4" "aa5" "aa6" "aa7" "aa8" "aa9" "aa10" "aa11" "aa12" "aa13" "aa14" "aa15" "aa16" "aa17" "aa18" "aa19" "aa20"
"0" 0 0.155963302752 0 0 0 0 0 0 6 0 0 0 0 0 0 2 0 0 3 0 0 20
"1" 1 0.264248704663 0 32 0 0 0 0 0 0 0 0 0 0 0 0 0 0 0 0 0 0
"2" 2 0.0 0 0 0 0 0 0 1 0 0 23 0 0 0 8 0 0 0 0 0 0
"3" 3 0.190114068441 0 0 0 0 0 0 0 0 0 0 0 0 0 0 0 0 0 0 32 0
"4" 4 0.0722433460076 0 0 0 0 1 0 0 0 0 0 0 0 2 0 0 0 0 0 29 0
"5" 5 0.169154228856 0 0 2 0 1 0 2 0 2 2 0 0 2 10 3 0 4 0 0 4
"6" 6 0.251572327044 0 0 0 0 0 0 0 30 0 0 0 1 0 1 0 0 0 1 0 0
"7" 7 0.0576923076923 1 0 3 0 0 0 1 0 0 1 1 23 0 2 0 0 0 0 1 0
"8" 8 0.152317880795 0 0 32 0 0 0 0 1 1 0 0 0 0 0 0 0 0 0 0 0
"9" 9 0.015503875969 0 0 6 0 0 0 0 3 0 0 22 3 0 0 0 0 0 0 0 0
"10" 10 0.182389937107 0 1 0 1 0 0 0 29 0 0 0 2 0 0 0 0 1 0 0 0
"11" 11 0.0 33 0 1 0 0 0 0 0 0 0 0 0 0 0 0 0 0 0 0 0
"12" 12 0.0036496350365 0 0 0 0 2 0 0 0 0 0 0 0 1 0 31 0 0 0 0 0
"13" 13 0.0077519379845 0 0 15 2 0 0 0 0 3 0 14 0 0 0 0 0 0 0 0 0
"14" 14 0.0 0 0 0 0 0 0 3 0 0 0 0 0 0 0 0 0 31 0 0 0
"15" 15 0.0582959641256 0 0 0 0 6 0 4 0 0 0 0 0 0 16 4 0 1 0 0 3
"16" 16 0.0 0 0 0 0 0 0 0 0 0 0 0 0 0 11 0 0 0 0 0 23
"17" 17 0.0 0 0 0 0 0 0 1 0 19 0 6 0 0 2 0 0 6 0 0 0
"18" 18 0.0232558139535 0 0 0 0 0 0 0 0 0 0 32 2 0 0 0 0 0 0 0 0
"19" 19 0.286821705426 0 0 0 0 0 27 0 0 0 0 6 0 0 0 1 0 0 0 0 0
"20" 20 0.100775193798 0 0 0 0 0 0 0 0 0 0 33 0 0 0 0 0 1 0 0 0
"21" 21 0.0114942528736 0 0 0 0 0 0 2 0 0 1 0 0 0 16 0 0 15 0 0 0
"22" 22 0.644230769231 0 1 0 3 0 1 0 0 0 0 0 29 0 0 0 0 0 0 0 0
"23" 23 0.137931034483 0 0 0 0 0 0 2 0 0 0 0 0 0 9 0 0 23 0 0 0
"24" 24 0.776785714286 0 7 1 1 3 1 0 0 0 0 0 0 2 0 0 0 0 19 0 0
"25" 25 0.139303482587 0 0 0 0 0 0 0 0 0 4 0 0 0 29 0 0 0 0 0 1
"26" 26 0.405128205128 0 3 0 31 0 0 0 0 0 0 0 0 0 0 0 0 0 0 0 0
"27" 27 0.383084577114 0 0 0 0 0 12 0 0 0 0 0 0 0 20 1 0 0 0 0 1
"28" 28 0.405063291139 0 0 0 1 0 28 4 0 1 0 0 0 0 0 0 0 0 0 0 0
"29" 29 0.402985074627 0 0 0 1 0 2 3 1 1 2 0 0 1 16 1 0 3 2 1 0
"30" 30 0.0348837209302 0 0 0 0 0 0 3 0 8 0 0 0 0 15 0 0 7 0 0 1
"31" 31 0.348717948718 0 10 1 19 0 1 0 0 0 0 0 0 0 0 2 0 0 1 0 0
"32" 32 0.452736318408 0 0 0 0 0 0 1 0 6 0 0 0 0 21 0 0 5 0 0 1
"33" 33 0.52752293578 0 1 0 0 1 2 0 0 0 3 1 2 2 4 4 0 0 0 0 14
"34" 34 0.837209302326 0 2 1 0 0 7 0 0 0 0 16 0 2 1 0 0 0 5 0 0
"35" 35 0.163461538462 0 0 0 0 2 1 0 0 0 0 0 30 0 0 0 0 0 1 0 0
"36" 36 0.241071428571 0 7 0 0 1 0 0 0 0 0 0 0 0 0 0 0 0 26 0 0
"37" 37 0.167464114833 0 0 0 1 12 0 0 0 1 0 0 0 20 0 0 0 0 0 0 0
"38" 38 0.509174311927 0 0 0 0 1 0 0 0 0 1 0 0 0 25 0 0 0 0 0 7
"39" 39 0.367088607595 0 0 0 1 0 26 0 0 5 0 2 0 0 0 0 0 0 0 0 0
"40" 40 0.553459119497 0 0 0 0 0 0 0 34 0 0 0 0 0 0 0 0 0 0 0 0
"41" 41 0.482142857143 0 2 0 0 0 0 0 0 0 0 0 0 0 0 0 0 0 32 0 0
"42" 42 0.0418410041841 0 0 0 0 0 0 0 0 0 28 0 0 0 0 0 0 0 0 6 0
"43" 43 0.298507462687 0 0 0 0 0 0 6 0 0 0 1 0 0 17 0 0 10 0 0 0
"44" 44 0.738396624473 0 0 0 0 1 32 0 0 0 0 1 0 0 0 1 0 0 0 0 0
"45" 45 0.26368159204 0 0 0 0 0 0 19 0 0 0 0 0 0 14 0 0 0 0 0 2
"46" 46 0.0 0 0 0 35 0 0 0 0 0 0 0 0 0 0 0 0 0 0 0 0
"47" 47 0.572327044025 0 0 0 0 0 0 0 35 0 0 0 0 0 0 0 0 0 0 0 0
"48" 48 0.506726457399 0 0 0 0 35 0 0 0 0 0 0 0 0 0 0 0 0 0 0 0
"49" 49 0.301435406699 0 0 0 0 0 0 0 0 0 0 0 0 34 0 1 0 0 0 0 0
"50" 50 0.215189873418 9 0 1 1 0 0 0 0 21 0 1 0 0 0 0 0 2 0 0 0
"51" 51 0.187817258883 0 0 0 0 0 0 23 0 0 0 0 0 0 0 0 0 12 0 0 0
"52" 52 0.0062893081761 0 0 0 0 0 0 0 35 0 0 0 0 0 0 0 0 0 0 0 0
"53" 53 0.0 0 0 0 0 0 0 0 0 35 0 0 0 0 0 0 0 0 0 0 0
"54" 54 0.00995024875622 0 0 0 0 0 0 5 0 0 0 0 0 0 29 0 0 0 0 0 1
"55" 55 0.103448275862 0 3 0 1 0 0 1 0 0 0 0 0 1 0 0 0 29 0 0 0
"56" 56 0.020725388601 0 35 0 0 0 0 0 0 0 0 0 0 0 0 0 0 0 0 0 0
"57" 57 0.602678571429 0 5 0 24 0 0 0 0 0 0 0 4 1 0 0 0 0 1 0 0
"58" 58 0.658031088083 0 9 0 0 0 0 0 0 0 0 0 26 0 0 0 0 0 0 0 0
"59" 59 0.403846153846 0 0 0 0 0 0 0 0 0 0 0 1 0 0 0 0 0 0 0 0
"60" 60 0.414225941423 0 0 0 0 0 0 0 0 0 32 0 0 0 3 0 0 0 0 0 0
"61" 61 0.183908045977 2 0 10 0 0 0 2 0 1 0 9 0 0 0 0 0 10 0 1 0
"62" 62 0.144278606965 0 0 0 0 0 0 7 0 0 0 0 0 0 26 0 0 1 0 0 1
"63" 63 0.223404255319 2 0 0 1 0 0 0 0 1 0 0 0 0 1 0 30 0 0 0 0
"64" 64 0.299107142857 0 0 0 0 0 0 0 0 0 0 0 0 0 0 0 0 0 35 0 0
"65" 65 0.0132450331126 0 0 35 0 0 0 0 0 0 0 0 0 0 0 0 0 0 0 0 0
"66" 66 0.0802919708029 0 0 0 0 0 0 0 0 0 0 0 0 0 0 35 0 0 0 0 0
"67" 67 0.317829457364 0 0 0 0 0 0 0 1 0 0 34 0 0 0 0 0 0 0 0 0
"68" 68 0.0 0 0 0 0 0 0 35 0 0 0 0 0 0 0 0 0 0 0 0 0
"69" 69 0.0 3 0 0 0 2 0 2 0 0 0 4 0 0 13 0 0 0 0 0 11
"70" 70 0.167512690355 1 0 1 0 1 0 12 0 5 0 2 0 0 0 1 0 12 0 0 0
"71" 71 0.148288973384 0 0 0 0 0 0 0 0 0 0 0 0 0 0 0 0 0 0 35 0
"72" 72 0.0 0 0 0 0 0 0 0 0 0 0 0 0 0 35 0 0 0 0 0 0
"73" 73 0.00574712643678 3 0 0 0 0 0 0 0 0 0 9 0 0 0 0 0 23 0 0 0
"74" 74 0.491071428571 0 6 1 2 1 0 0 0 0 0 0 0 0 0 0 0 0 25 0 0
"75" 75 0.405063291139 0 0 0 0 5 26 0 0 1 0 1 0 0 0 1 0 0 0 0 1
"76" 76 0.140684410646 0 0 0 0 0 0 0 0 0 0 0 0 0 0 0 0 0 0 35 0
"77" 77 0.0 0 1 0 0 0 0 0 0 0 0 5 29 0 0 0 0 0 0 0 0
"78" 78 0.395348837209 0 0 0 0 0 0 0 0 0 0 1 0 0 0 0 0 0 0 0 0
"79" 79 0.703349282297 0 0 0 0 0 0 0 0 0 0 0 0 1 0 0 0 0 0 0 0
"80" 80 0.331606217617 0 1 0 0 1 31 0 0 0 0 1 1 0 0 0 0 0 0 0 0
"81" 81 0.558139534884 0 1 0 0 1 0 0 1 0 0 1 1 0 0 0 0 0 0 0 0
"82" 82 0.59585492228 0 23 0 4 0 0 1 0 3 0 0 1 0 0 0 0 0 2 0 0
"83" 83 0.114427860697 0 0 0 0 0 0 0 0 0 0 0 0 0 1 0 0 1 1 0 0
"84" 84 0.139534883721 0 0 0 0 0 0 0 0 0 0 2 1 0 0 0 0 0 0 0 0
"85" 85 0.361607142857 0 29 2 0 1 0 0 0 0 0 0 0 0 0 0 0 0 3 0 0
"86" 86 0.346715328467 0 0 20 0 0 5 0 1 1 0 3 1 0 0 2 0 0 0 0 0
"87" 87 0.0696517412935 0 0 0 0 0 0 0 0 0 0 0 0 0 35 0 0 0 0 0 0
"88" 88 0.0570342205323 0 0 0 0 0 0 0 0 0 4 0 0 0 2 0 0 0 0 29 0
"89" 89 0.11320754717 0 0 0 0 0 0 0 35 0 0 0 0 0 0 0 0 0 0 0 0
"90" 90 0.476821192053 0 0 4 0 0 25 0 0 1 0 1 0 0 0 3 0 0 1 0 0
"91" 91 0.341968911917 4 27 0 1 0 0 1 0 0 0 0 0 1 0 0 0 0 1 0 0
"92" 92 0.641509433962 0 0 0 0 0 0 1 30 1 0 0 0 0 0 0 0 3 0 0 0
"93" 93 0.722627737226 0 0 0 0 15 17 0 0 0 0 0 0 0 0 2 0 0 1 0 0
"94" 94 0.591240875912 0 0 0 0 4 20 0 0 1 0 2 1 0 0 5 0 0 2 0 0
"95" 95 0.189781021898 0 0 0 0 8 2 0 0 0 0 0 0 0 0 25 0 0 0 0 0
"96" 96 0.395348837209 0 0 0 0 0 0 0 0 0 0 35 0 0 0 0 0 0 0 0 0
"97" 97 0.258620689655 0 0 0 0 0 1 3 0 0 0 0 0 0 16 0 0 15 0 0 0
"98" 98 0.0114942528736 0 0 0 0 0 0 14 0 0 0 0 0 0 0 0 0 21 0 0 0
"99" 99 0.267942583732 0 5 0 29 0 0 0 0 0 0 0 0 1 0 0 0 0 0 0 0
"100" 100 0.515695067265 0 0 0 0 34 0 0 0 0 0 0 0 1 0 0 0 0 0 0 0
"101" 101 0.0839416058394 0 0 0 0 0 1 0 0 0 0 0 0 0 0 34 0 0 0 0 0
"102" 102 0.0348258706468 0 0 0 0 0 0 0 0 0 0 0 0 0 35 0 0 0 0 0 0
"103" 103 0.623430962343 0 1 0 0 1 0 0 0 0 5 0 0 0 0 0 0 0 0 28 0
"104" 104 0.100418410042 0 0 0 0 0 0 0 0 0 34 0 0 0 0 0 0 0 0 1 0
"105" 105 0.0 0 35 0 0 0 0 0 0 0 0 0 0 0 0 0 0 0 0 0 0
"106" 106 0.281609195402 0 0 0 0 0 0 3 0 0 0 1 0 0 4 0 0 3 0 0 23
"107" 107 0.503875968992 0 0 2 1 0 0 0 0 1 0 1 29 0 1 0 0 0 0 0 0
"108" 108 0.16091954023 0 0 1 1 0 0 0 0 31 0 0 1 0 0 0 0 1 0 0 0
"109" 109 0.0 0 0 0 0 0 0 0 0 0 0 0 0 0 33 0 0 0 0 0 2
"110" 110 0.110266159696 0 0 0 1 0 0 1 0 0 2 0 0 0 0 0 0 0 0 31 0
"111" 111 0.385650224215 0 1 1 0 21 5 0 2 0 0 1 0 2 0 0 0 0 2 0 0
"112" 112 0.222627737226 0 0 15 0 0 0 0 0 0 0 4 0 0 0 16 0 0 0 0 0
"113" 113 0.0 0 0 0 0 0 0 0 0 0 30 0 0 0 1 0 0 0 0 4 0
"114" 114 0.077519379845 0 0 6 0 0 0 1 0 0 0 18 6 0 0 0 0 2 0 1 1
"115" 115 0.303571428571 0 19 1 1 2 3 0 0 2 0 0 0 0 1 0 0 0 5 1 0
"116" 116 0.110266159696 0 0 0 0 1 0 0 0 0 1 4 0 2 1 0 0 0 0 26 0
"117" 117 0.0722433460076 0 0 0 0 0 0 2 0 0 6 0 0 0 0 0 1 0 0 26 0
"118" 118 0.292775665399 0 0 0 0 0 0 0 0 0 1 1 0 0 0 0 0 0 0 33 0
"119" 119 0.345911949686 0 0 1 0 0 0 0 34 0 0 0 0 0 0 0 0 0 0 0 0
"120" 120 0.139013452915 0 0 0 0 25 0 4 0 0 0 0 0 1 2 0 1 1 0 1 0
"121" 121 0.106598984772 0 0 0 0 0 0 16 0 0 7 0 0 0 4 0 0 3 0 0 5
"122" 122 0.276150627615 0 0 0 0 0 1 0 0 1 21 0 0 0 3 7 0 0 0 0 1
"123" 123 0.663461538462 0 1 1 1 5 1 0 1 3 1 7 6 0 1 0 0 0 1 0 0
"124" 124 0.825112107623 0 1 0 0 1 0 0 0 0 0 0 0 0 0 0 0 0 0 0 0
"125" 125 0.518987341772 0 0 0 0 0 1 0 0 0 0 0 0 0 0 0 0 1 3 0 0
"126" 126 0.379310344828 0 0 1 3 0 13 0 0 1 0 0 15 0 0 1 0 1 0 0 0
"127" 127 0.767295597484 0 0 0 1 7 9 0 1 2 0 13 1 0 0 0 0 1 0 0 0
"128" 128 0.649425287356 0 0 1 0 0 0 0 26 0 0 5 0 0 0 0 0 1 1 1 0
"129" 129 0.240384615385 0 0 0 0 0 1 0 4 0 0 19 5 0 2 0 0 1 1 1 1
"130" 130 0.440414507772 0 17 3 10 0 0 0 2 2 0 0 0 0 0 0 0 0 1 0 0
"131" 131 0.509433962264 0 2 1 0 1 0 0 18 0 0 4 0 0 1 0 0 0 8 0 0
"132" 132 0.346153846154 0 7 0 0 1 0 0 0 0 0 5 4 0 0 0 0 1 17 0 0
"133" 133 0.357664233577 0 3 0 6 0 9 0 0 2 0 7 0 3 3 1 0 1 0 0 0
"134" 134 0.1592039801 0 0 0 0 0 2 0 0 0 10 1 0 1 8 0 1 1 2 6 3
"135" 135 0.591240875912 0 0 0 0 6 19 0 0 1 0 4 0 0 1 2 0 1 1 0 0
"136" 136 0.264900662252 0 0 1 0 2 30 0 0 0 0 0 0 0 0 1 0 0 0 0 0
"137" 137 0.0 0 0 0 0 0 0 14 0 0 1 0 0 0 7 0 0 6 0 0 6
"138" 138 0.183035714286 0 6 0 0 3 1 0 0 0 0 0 4 2 0 0 0 1 16 1 0
"139" 139 0.403587443946 0 8 3 1 2 1 0 0 3 0 3 0 0 0 0 0 2 11 0 0
"140" 140 0.0 0 0 1 1 0 0 0 0 0 0 33 0 0 0 0 0 0 0 0 0
"141" 141 0.0 0 0 0 0 0 0 0 0 0 17 0 0 0 13 0 0 3 0 1 1
"142" 142 0.433035714286 0 2 0 0 2 5 0 0 2 0 1 9 0 0 0 0 1 13 0 0
"143" 143 0.330543933054 0 0 0 0 0 0 1 0 0 23 0 0 1 6 0 0 1 0 1 2
"144" 144 0.0 0 0 0 0 0 0 0 0 0 3 0 0 0 32 0 0 0 0 0 0
"145" 145 0.0358974358974 0 13 0 16 0 0 0 0 0 0 0 0 0 0 0 0 0 6 0 0
"146" 146 0.488372093023 1 0 1 1 0 1 4 0 22 0 1 3 0 0 0 0 1 0 0 0
"147" 147 0.234309623431 0 0 0 0 0 0 0 0 0 30 0 0 0 3 0 0 0 0 2 0
"148" 148 0.00497512437811 0 0 0 0 0 0 0 0 0 0 0 0 0 35 0 0 0 0 0 0
"149" 149 0.598214285714 0 5 0 1 0 0 0 0 1 0 2 3 1 0 0 0 0 22 0 0
"150" 150 0.701923076923 0 2 1 0 1 4 0 0 1 0 1 24 0 0 0 0 0 1 0 0
"151" 151 0.388392857143 0 2 5 1 21 0 0 0 2 0 0 0 2 0 1 0 0 1 0 0
"152" 152 0.313901345291 0 4 1 0 5 11 0 1 4 0 2 0 0 0 0 0 0 6 0 1
"153" 153 0.0228136882129 0 0 0 0 0 0 0 0 0 9 0 0 0 0 0 3 0 0 23 0
"154" 154 0.0 0 0 0 0 0 0 0 0 0 0 12 0 0 2 0 0 21 0 0 0
"155" 155 0.124031007752 0 0 0 0 0 0 0 0 1 0 32 0 0 0 0 0 2 0 0 0
"156" 156 0.105769230769 0 1 0 0 0 0 0 0 0 0 0 3 0 0 0 0 0 0 0 0
"157" 157 0.490384615385 0 0 0 0 0 0 0 0 0 0 0 34 0 1 0 0 0 0 0 0
"158" 158 0.668393782383 0 22 2 3 0 0 0 2 0 0 1 2 0 0 0 0 0 3 0 0
"159" 159 0.362694300518 2 2 12 5 4 3 0 0 3 0 0 0 2 0 1 0 0 0 0 0
"160" 160 0.11320754717 0 0 0 0 0 0 0 1 0 2 0 0 0 27 0 0 2 0 2 1
"161" 161 0.0232558139535 0 0 4 0 0 0 0 0 31 0 0 0 0 0 0 0 0 0 0 0
"162" 162 0.0 0 0 0 0 0 0 11 0 0 0 0 0 0 8 0 0 16 0 0 0
"163" 163 0.0 0 0 0 0 0 0 0 0 0 0 35 0 0 0 0 0 0 0 0 0
"164" 164 0.0 0 35 0 0 0 0 0 0 0 0 0 0 0 0 0 0 0 0 0 0
"165" 165 0.00995024875622 0 0 0 0 0 0 18 0 0 2 0 0 0 14 0 0 1 0 0 0
"166" 166 0.00662251655629 0 0 14 0 0 0 0 1 2 0 17 0 0 1 0 0 0 0 0 0
"167" 167 0.0 0 0 0 0 0 0 12 0 2 1 0 0 0 17 0 0 3 0 0 0
"168" 168 0.0 0 0 0 0 0 0 2 0 0 0 3 0 0 20 0 0 9 0 1 0
"169" 169 0.0077519379845 0 0 1 0 0 0 0 0 2 0 32 0 0 0 0 0 0 0 0 0
"170" 170 0.00581395348837 0 0 16 0 0 0 0 0 19 0 0 0 0 0 0 0 0 0 0 0
"171" 171 0.0 0 0 0 0 0 0 10 0 0 0 0 0 0 3 0 0 20 0 1 1
"172" 172 0.0 0 0 27 0 0 0 0 0 6 0 2 0 0 0 0 0 0 0 0 0
"173" 173 0.0 0 0 4 1 0 0 0 0 30 0 0 0 0 0 0 0 0 0 0 0
"174" 174 0.0 1 0 0 0 0 0 5 0 0 19 2 0 0 0 0 0 0 0 6 2
"175" 175 0.433035714286 0 11 0 0 0 1 0 1 0 0 2 0 0 0 0 0 1 19 0 0
"176" 176 0.206896551724 0 0 2 0 0 0 3 0 0 1 7 0 0 1 0 0 20 0 0 1
"177" 177 0.100775193798 1 0 4 0 0 0 1 0 3 0 16 0 0 2 0 0 6 0 1 1
"178" 178 0.586538461538 0 9 0 1 2 2 0 0 0 0 0 17 0 0 0 0 0 4 0 0
"179" 179 0.0950570342205 1 0 0 0 0 0 1 0 0 18 0 0 2 2 0 1 3 0 7 0
"180" 180 0.435233160622 0 32 1 0 0 0 0 1 0 0 0 0 0 0 0 0 0 1 0 0
"181" 181 0.0149253731343 0 0 0 0 0 0 10 0 0 8 0 0 0 12 0 0 3 0 2 0
"182" 182 0.591240875912 0 0 16 1 0 8 0 0 3 0 2 2 0 0 2 0 0 1 0 0
"183" 183 0.474452554745 0 0 0 0 2 21 0 3 0 0 1 1 0 0 5 0 0 2 0 0
"184" 184 0.0494296577947 0 0 0 0 0 0 0 0 0 2 0 0 0 0 0 0 0 0 33 0
"185" 185 0.526785714286 0 0 5 0 0 4 0 15 1 0 4 3 1 0 0 0 0 2 0 0
"186" 186 0.117948717949 0 0 1 33 0 0 0 0 0 0 0 0 1 0 0 0 0 0 0 0
"187" 187 0.0 0 0 0 0 0 0 5 0 1 0 0 0 0 0 0 0 29 0 0 0
"188" 188 0.121076233184 0 0 4 3 4 1 0 0 4 0 12 0 0 1 0 0 3 2 1 0
"189" 189 0.266423357664 0 0 2 0 0 12 0 0 0 0 3 0 0 0 17 0 0 1 0 0
"190" 190 0.0 0 0 0 0 0 0 0 0 0 0 0 0 0 0 1 33 0 0 1 0
"191" 191 0.0684410646388 0 0 0 0 0 0 0 0 0 4 0 0 0 0 0 0 0 0 31 0
"192" 192 0.477678571429 0 5 2 0 0 2 0 0 1 0 6 2 0 0 0 0 0 17 0 0
"193" 193 0.328467153285 0 0 2 12 2 5 0 0 1 0 2 0 1 5 5 0 0 0 0 0
"194" 194 0.0 5 0 0 0 0 0 2 0 2 0 15 0 0 2 0 0 8 0 0 1
"195" 195 0.17880794702 0 0 3 0 7 22 0 0 0 0 1 0 0 1 1 0 0 0 0 0
"196" 196 0.627906976744 0 0 1 0 1 16 0 0 3 0 8 1 0 0 0 0 0 5 0 0
"197" 197 0.416243654822 0 0 2 0 0 0 2 0 9 0 1 0 0 1 0 0 17 3 0 0
"198" 198 0.0689655172414 0 0 0 0 0 0 4 0 12 0 9 0 0 2 0 0 7 0 0 1
"199" 199 0.389937106918 0 0 0 0 0 0 0 31 0 0 3 0 0 0 0 0 1 0 0 0
"200" 200 0.125 0 0 0 0 0 1 0 0 0 0 0 34 0 0 0 0 0 0 0 0
"201" 201 0.077519379845 0 0 0 0 2 1 1 0 0 0 7 0 2 0 0 15 0 0 5 0
"202" 202 0.533678756477 0 18 0 0 0 0 0 0 1 0 1 0 0 0 0 0 1 12 0 0
"203" 203 0.405063291139 0 0 0 0 1 1 5 0 0 0 3 0 0 2 0 0 3 17 0 1
"204" 204 0.00512820512821 3 0 0 29 0 0 0 0 1 0 0 1 0 0 0 0 0 0 0 0
"205" 205 0.287356321839 0 0 0 0 2 2 0 0 0 0 1 1 1 2 2 12 5 6 0 0
"206" 206 0.517857142857 0 3 6 0 2 3 0 0 1 0 7 0 0 0 0 0 0 12 0 0
"207" 207 0.0384615384615 0 0 0 0 0 0 0 0 0 0 1 30 0 0 0 3 0 0 0 0
"208" 208 0.015503875969 7 0 1 0 0 0 2 0 1 0 8 0 0 3 0 0 5 0 0 2
"209" 209 0.561181434599 0 2 0 0 4 6 1 0 0 0 1 0 0 5 0 0 1 7 0 0
"210" 210 0.344827586207 0 0 1 0 2 2 0 0 0 0 9 2 0 2 0 0 1 6 0 0
"211" 211 0.0543933054393 0 0 0 0 0 0 1 0 0 20 2 0 0 1 0 0 0 0 0 0
"212" 212 0.153846153846 0 0 1 0 0 10 0 0 0 0 1 2 0 0 7 0 0 0 0 0
"213" 213 0.5 0 1 1 0 2 11 1 3 0 0 1 0 0 0 1 0 0 0 0 0
"214" 214 0.307984790875 0 0 1 0 0 0 0 0 0 7 0 0 0 1 0 0 0 0 7 2
"215" 215 0.18410041841 0 0 0 0 0 0 0 0 0 13 0 0 0 0 0 0 0 0 1 0
"216" 216 0.96511627907 0 0 0 2 0 0 0 0 1 0 0 0 0 0 0 0 1 0 0 0
