"site" "RSA" "aa1" "aa2" "aa3" "aa4" "aa5" "aa6" "aa7" "aa8" "aa9" "aa10" "aa11" "aa12" "aa13" "aa14" "aa15" "aa16" "aa17" "aa18" "aa19" "aa20"
"0" 0 0.883408071749 0 0 0 0 1 0 0 0 0 0 0 0 0 0 0 0 0 0 0 0
"1" 1 0.759615384615 0 0 0 0 0 0 0 0 0 1 0 0 0 0 0 0 0 0 0 0
"2" 2 0.336538461538 0 0 2 1 0 0 0 0 0 0 0 3 0 0 0 0 0 0 1 0
"3" 3 0.114427860697 0 0 0 0 0 0 17 0 0 1 0 0 0 18 0 0 8 0 0 2
"4" 4 0.276785714286 0 26 0 0 2 3 0 0 1 0 0 0 0 1 4 0 0 14 0 0
"5" 5 0.678571428571 0 10 0 3 3 6 0 15 2 0 1 0 0 0 3 0 1 9 0 0
"6" 6 0.193798449612 0 0 2 0 2 0 18 0 0 0 8 0 0 20 1 0 1 1 1 0
"7" 7 0.0 0 0 0 0 0 0 22 0 0 0 0 0 0 11 0 0 24 0 0 0
"8" 8 0.383211678832 0 1 1 0 4 14 1 0 0 0 2 0 0 2 27 0 0 5 0 0
"9" 9 0.387596899225 0 2 6 8 6 1 0 0 7 0 12 0 1 5 7 0 1 1 0 1
"10" 10 0.177304964539 0 0 2 0 0 0 0 0 1 3 43 1 0 0 0 10 0 0 0 0
"11" 11 0.0696517412935 0 0 0 0 0 0 2 0 0 3 0 0 0 61 0 0 0 0 0 0
"12" 12 0.609489051095 2 4 0 0 6 2 2 0 2 1 15 0 1 16 2 0 3 7 0 3
"13" 13 0.723214285714 0 0 0 0 0 0 0 0 0 0 0 0 0 0 0 0 0 66 0 0
"14" 14 0.481865284974 0 66 0 0 0 0 0 0 0 0 0 0 0 0 0 0 0 0 0 0
"15" 15 0.194029850746 2 0 0 0 0 0 30 0 0 0 3 0 0 23 0 1 6 0 0 1
"16" 16 0.586538461538 0 1 3 3 0 0 0 5 2 1 2 46 3 0 0 0 0 0 0 0
"17" 17 0.816143497758 0 2 11 5 1 0 1 2 11 1 3 2 2 1 18 1 0 1 4 0
"18" 18 0.240384615385 2 0 0 1 2 0 1 0 0 0 1 50 1 1 1 0 1 6 0 0
"19" 19 0.217616580311 0 68 0 0 0 0 0 0 0 0 0 0 0 0 0 0 0 0 0 0
"20" 20 0.482587064677 0 0 1 0 0 0 27 0 0 0 3 0 1 9 5 0 22 0 0 0
"21" 21 0.610465116279 0 0 4 0 0 0 0 0 64 0 0 0 0 0 0 0 0 0 0 0
"22" 22 0.0728476821192 1 0 17 0 0 0 0 0 39 0 7 2 0 0 0 0 2 0 0 0
"23" 23 0.427860696517 0 10 0 12 10 0 1 0 2 0 5 1 0 11 3 0 2 9 0 1
"24" 24 0.726368159204 2 0 10 0 0 0 0 0 6 1 33 2 0 9 0 1 1 0 2 0
"25" 25 0.655172413793 5 0 0 0 0 0 18 0 14 1 2 0 0 10 0 0 14 1 0 2
"26" 26 0.0862068965517 0 1 0 0 1 0 29 0 0 4 1 0 0 4 0 1 14 1 0 5
"27" 27 0.427672955975 0 7 3 1 0 2 0 40 1 0 2 3 0 1 2 0 0 5 0 0
"28" 28 0.647321428571 0 3 0 0 1 1 0 14 4 0 19 2 1 0 0 0 0 23 0 0
"29" 29 0.751295336788 0 16 7 5 2 2 0 4 3 0 3 11 1 0 1 0 1 11 1 0
"30" 30 0.283582089552 3 2 5 0 5 6 3 0 7 0 15 0 5 5 5 0 0 7 0 0
"31" 31 0.526785714286 0 0 1 2 10 5 5 3 13 0 2 0 1 0 11 0 5 6 0 3
"32" 32 0.0769230769231 2 1 9 1 0 0 1 0 2 0 22 19 0 3 1 0 0 0 2 4
"33" 33 0.258928571429 0 2 5 0 5 6 2 0 19 0 2 0 4 0 12 0 2 8 1 0
"34" 34 0.0 0 0 1 0 0 0 0 0 2 2 40 11 0 2 0 0 9 0 0 1
"35" 35 0.0574712643678 1 6 1 1 5 3 5 0 6 0 4 0 3 1 10 0 12 6 4 0
"36" 36 0.00507614213198 0 0 0 0 0 0 15 0 0 9 1 0 0 26 0 4 9 0 0 4
"37" 37 0.169154228856 0 0 2 6 0 2 16 0 5 2 5 0 2 7 3 0 18 0 0 0
"38" 38 0.0 9 0 5 0 0 0 2 1 6 0 37 1 0 3 0 0 4 0 0 0
"39" 39 0.37552742616 0 0 0 0 0 36 0 0 0 0 0 0 0 0 32 0 0 0 0 0
"40" 40 0.25 0 0 1 0 13 4 0 0 2 0 6 0 0 0 1 0 1 40 0 0
"41" 41 0.394230769231 0 20 3 2 1 0 0 19 2 0 9 1 0 0 0 0 0 11 0 0
"42" 42 0.0 2 1 0 0 0 0 0 0 1 1 2 50 0 9 0 0 0 0 0 2
"43" 43 0.0 0 0 0 0 0 0 17 0 4 0 0 0 0 1 1 0 44 0 0 1
"44" 44 0.0 0 0 0 0 0 0 21 0 0 2 2 0 0 19 0 0 22 0 0 2
"45" 45 0.0 10 0 10 0 0 0 0 0 0 0 48 0 0 0 0 0 0 0 0 0
"46" 46 0.0 0 0 0 0 0 0 0 0 0 0 0 68 0 0 0 0 0 0 0 0
"47" 47 0.0547263681592 1 0 3 0 0 2 10 0 4 0 0 1 0 35 0 0 7 0 0 4
"48" 48 0.301418439716 0 18 4 0 6 2 0 12 3 0 8 2 0 0 0 0 0 11 0 0
"49" 49 0.00574712643678 1 0 0 0 0 0 11 2 0 1 3 0 0 11 0 6 31 0 0 2
"50" 50 0.0 0 0 2 0 0 0 2 0 0 15 39 0 0 0 0 0 10 0 0 0
"51" 51 0.410714285714 1 5 1 2 2 9 0 1 0 1 15 0 1 2 10 0 2 14 0 2
"52" 52 0.375912408759 0 0 1 0 3 0 2 0 1 1 13 0 0 10 25 0 1 6 1 4
"53" 53 0.00574712643678 0 0 1 0 0 0 5 0 5 0 15 2 0 1 0 0 39 0 0 0
"54" 54 0.0 1 0 0 0 0 0 0 0 0 61 1 0 0 2 0 0 0 0 3 0
"55" 55 0.279069767442 0 0 1 1 6 7 1 0 5 1 6 2 7 1 15 0 0 10 0 1
"56" 56 0.164179104478 0 2 0 0 7 2 3 0 2 0 5 0 0 35 6 0 1 1 1 3
"57" 57 0.217054263566 1 0 0 0 1 0 4 0 2 1 1 0 0 35 0 0 20 0 2 1
"58" 58 0.108808290155 0 48 4 4 0 0 0 0 0 0 0 9 1 0 0 0 0 2 0 0
"59" 59 0.691823899371 0 5 5 1 2 1 0 37 0 0 6 2 0 0 2 0 0 3 0 0
"60" 60 0.594890510949 0 7 12 3 8 2 0 1 11 0 4 2 1 0 7 0 1 8 0 0
"61" 61 0.104651162791 0 0 1 0 0 0 20 0 6 1 3 0 0 17 0 0 18 0 0 1
"62" 62 0.240310077519 0 3 7 2 5 8 1 0 4 0 8 2 0 1 8 0 6 11 1 1
"63" 63 0.0794979079498 2 0 0 0 0 0 14 0 1 21 3 1 0 4 1 0 18 0 0 3
"64" 64 0.354651162791 0 5 2 3 6 3 3 0 14 0 1 1 2 2 4 0 6 16 0 0
"65" 65 0.40251572327 1 0 2 1 1 1 9 11 2 7 9 0 0 6 3 9 6 0 0 0
"66" 66 0.422885572139 2 3 1 1 1 1 0 0 2 3 1 0 12 14 4 0 5 6 9 3
"67" 67 0.155172413793 3 0 0 1 2 12 6 0 1 4 12 0 0 2 4 0 21 0 0 0
"68" 68 0.519379844961 0 2 4 3 4 8 1 8 4 0 16 1 4 0 8 0 1 4 0 0
"69" 69 0.263392857143 0 57 0 0 0 0 0 0 0 0 0 0 0 0 0 0 0 11 0 0
"70" 70 0.115384615385 0 0 1 0 0 0 0 0 0 0 0 67 0 0 0 0 0 0 0 0
"71" 71 0.240310077519 0 23 6 0 5 1 0 0 3 0 11 1 0 0 2 0 1 15 0 0
"72" 72 0.434306569343 0 2 8 3 4 7 2 2 2 1 8 1 1 2 15 4 2 4 0 0
"73" 73 0.0747126436782 5 0 1 0 0 0 9 0 0 3 3 0 0 7 1 0 39 0 0 0
"74" 74 0.488372093023 1 1 4 1 2 10 0 3 3 0 12 2 4 1 1 0 0 19 2 2
"75" 75 0.660714285714 1 0 3 1 0 16 1 13 3 0 21 0 0 0 6 0 2 1 0 0
"76" 76 0.490384615385 0 5 0 4 0 4 0 0 0 0 0 55 0 0 0 0 0 0 0 0
"77" 77 0.25 0 20 2 1 15 1 1 0 9 0 7 1 0 0 0 0 1 9 0 0
"78" 78 0.325892857143 0 1 0 2 1 3 5 3 10 0 2 0 1 8 3 0 24 3 0 2
"79" 79 0.0 0 0 0 0 0 0 20 0 0 2 1 0 0 27 0 0 14 0 0 4
"80" 80 0.0 4 0 0 0 0 0 2 0 0 7 40 5 0 4 0 1 0 0 0 5
"81" 81 0.262773722628 0 0 5 1 2 3 2 0 16 1 1 0 1 2 13 1 5 14 0 1
"82" 82 0.0 0 0 0 0 0 0 12 0 0 3 3 0 0 20 0 0 27 0 0 3
"83" 83 0.368613138686 0 2 13 2 2 9 0 0 10 2 2 0 1 0 7 0 0 17 1 0
"84" 84 0.0480769230769 0 0 0 0 0 0 0 0 0 0 2 66 0 0 0 0 0 0 0 0
"85" 85 0.100628930818 0 9 14 9 0 2 0 27 1 0 1 0 1 1 2 0 0 1 0 0
"86" 86 0.044776119403 0 0 4 0 0 0 5 1 8 0 35 1 0 6 0 0 7 0 0 1
"87" 87 0.233576642336 1 2 5 0 1 2 1 0 0 0 5 1 1 0 47 0 1 1 0 0
"88" 88 0.0480769230769 0 3 15 1 2 1 1 5 5 1 18 9 0 2 1 0 3 0 0 1
"89" 89 0.0 0 0 0 0 0 0 19 0 0 0 0 0 0 41 0 0 6 0 0 2
"90" 90 0.223880597015 0 0 0 0 0 0 1 0 0 0 0 0 0 67 0 0 0 0 0 0
"91" 91 0.100775193798 0 0 14 0 6 3 4 0 27 0 6 0 0 1 2 0 1 0 0 4
"92" 92 0.0 0 0 0 0 0 0 0 0 1 0 28 38 0 0 0 0 0 0 1 0
"93" 93 0.214285714286 0 0 0 0 0 0 0 0 0 0 0 0 0 0 0 0 0 68 0 0
"94" 94 0.361313868613 0 0 0 0 0 0 0 0 0 0 0 0 0 0 68 0 0 0 0 0
"95" 95 0.0646766169154 0 0 1 0 0 0 4 1 30 0 0 0 0 4 0 0 28 0 0 0
"96" 96 0.0 0 0 1 0 0 0 2 0 0 0 61 1 0 0 0 0 1 0 0 2
"97" 97 0.00995024875622 0 0 0 0 0 0 1 0 0 0 0 0 0 66 0 0 0 0 0 1
"98" 98 0.430769230769 0 0 0 68 0 0 0 0 0 0 0 0 0 0 0 0 0 0 0 0
"99" 99 0.044776119403 0 0 0 0 0 0 2 0 0 32 0 0 0 29 0 0 1 0 4 0
"100" 100 0.00497512437811 1 0 1 0 0 0 2 0 1 2 6 1 0 45 0 0 4 0 0 5
"101" 101 0.107623318386 4 0 1 0 44 0 0 0 1 0 0 12 0 0 0 0 0 0 0 6
"102" 102 0.178832116788 0 0 0 1 0 1 0 1 5 0 0 0 13 2 45 0 0 0 0 0
"103" 103 0.00995024875622 0 0 0 0 0 0 0 0 0 0 0 0 0 43 0 0 0 0 0 25
"104" 104 0.0 8 0 60 0 0 0 0 0 0 0 0 0 0 0 0 0 0 0 0 0
"105" 105 0.0288461538462 0 0 0 0 0 0 0 0 0 0 4 64 0 0 0 0 0 0 0 0
"106" 106 0.0 0 0 0 0 0 0 49 0 4 0 0 0 0 0 0 0 15 0 0 0
"107" 107 0.0 0 0 3 0 0 0 0 0 0 0 65 0 0 0 0 0 0 0 0 0
"108" 108 0.168604651163 0 0 7 1 0 0 0 0 60 0 0 0 0 0 0 0 0 0 0 0
"109" 109 0.213930348259 0 0 0 0 3 2 1 0 5 0 12 1 3 22 5 0 2 2 4 6
"110" 110 0.0 2 0 1 0 0 0 0 0 60 0 4 0 0 0 0 0 1 0 0 0
"111" 111 0.167883211679 0 0 7 6 0 1 0 0 1 0 22 0 2 0 27 0 0 1 1 0
"112" 112 0.22480620155 0 1 6 2 10 10 0 0 5 0 13 2 2 1 14 0 0 1 1 0
"113" 113 0.0380228136882 3 0 0 0 0 0 3 0 0 20 3 0 0 6 0 2 3 0 27 1
"114" 114 0.252873563218 0 0 0 0 0 0 1 0 1 0 19 0 0 0 0 0 47 0 0 0
"115" 115 0.473214285714 0 20 3 4 2 7 0 0 0 0 8 2 1 0 4 0 0 17 0 0
"116" 116 0.178294573643 0 0 0 0 2 8 1 0 0 0 33 0 1 10 2 0 2 8 0 1
"117" 117 0.0298507462687 0 0 0 0 0 1 14 0 5 0 1 0 0 21 1 0 25 0 0 0
"118" 118 0.596899224806 0 0 1 2 0 11 0 2 0 0 33 1 1 0 2 0 0 15 0 0
"119" 119 0.846153846154 0 6 2 1 0 0 0 0 0 0 0 46 12 1 0 0 0 0 0 0
"120" 120 0.255813953488 0 0 4 1 0 0 0 0 44 2 0 4 2 9 0 0 0 0 2 0
"121" 121 0.616033755274 0 1 4 4 0 24 0 12 0 0 1 8 4 0 7 0 0 3 0 0
"122" 122 0.093023255814 4 0 0 0 0 0 1 0 20 0 33 0 0 1 0 0 9 0 0 0
"123" 123 0.260089686099 0 3 4 1 9 12 0 0 1 0 3 0 1 0 29 0 2 2 0 1
"124" 124 0.0203045685279 0 0 0 0 0 0 32 0 0 0 0 0 0 26 0 0 10 0 0 0
"125" 125 0.0646766169154 3 0 0 0 0 0 3 0 5 0 3 0 0 27 1 0 26 0 0 0
"126" 126 0.00518134715026 14 54 0 0 0 0 0 0 0 0 0 0 0 0 0 0 0 0 0 0
"127" 127 0.139534883721 0 0 2 0 0 0 0 0 66 0 0 0 0 0 0 0 0 0 0 0
"128" 128 0.332116788321 0 0 0 0 0 0 0 0 0 0 0 0 0 0 68 0 0 0 0 0
"129" 129 0.535864978903 0 0 0 0 0 68 0 0 0 0 0 0 0 0 0 0 0 0 0 0
"130" 130 0.122093023256 0 0 0 0 0 0 0 0 68 0 0 0 0 0 0 0 0 0 0 0
"131" 131 0.28488372093 0 0 0 0 0 0 2 0 50 0 3 0 1 9 0 0 1 0 0 2
"132" 132 0.761006289308 0 0 0 0 0 0 0 68 0 0 0 0 0 0 0 0 0 0 0 0
"133" 133 0.682692307692 1 0 0 6 0 0 0 0 0 0 0 58 0 3 0 0 0 0 0 0
"134" 134 0.1592039801 0 0 0 1 0 0 0 0 0 1 0 0 4 54 0 3 0 0 1 4
"135" 135 0.204379562044 0 0 0 0 0 0 0 0 0 0 0 0 0 0 68 0 0 0 0 0
"136" 136 0.410852713178 0 1 3 2 1 0 11 1 2 1 17 1 0 8 1 0 10 0 0 9
"137" 137 0.0497512437811 0 0 0 0 0 0 2 1 0 7 7 0 0 46 0 0 5 0 0 0
"138" 138 0.0 0 5 0 0 11 0 0 0 0 0 0 0 0 1 0 0 0 51 0 0
"139" 139 0.042194092827 0 0 0 0 0 65 0 0 0 0 0 0 0 0 3 0 0 0 0 0
"140" 140 0.163498098859 0 0 0 0 2 0 0 0 0 0 2 0 6 2 1 0 0 3 52 0
"141" 141 0.0 0 0 4 0 0 0 0 0 0 0 63 1 0 0 0 0 0 0 0 0
"142" 142 0.0 0 0 0 0 0 0 1 0 4 0 0 0 0 0 0 0 63 0 0 0
"143" 143 0.459854014599 0 0 0 0 4 7 0 0 8 0 2 0 0 6 38 0 2 0 0 1
"144" 144 0.132183908046 18 0 1 0 2 0 10 0 0 0 9 0 5 2 1 0 18 0 0 2
"145" 145 0.0 0 0 0 0 0 0 0 0 0 0 1 67 0 0 0 0 0 0 0 0
"146" 146 0.394230769231 0 0 0 0 0 0 0 0 0 0 0 68 0 0 0 0 0 0 0 0
"147" 147 0.0288461538462 3 0 0 0 0 0 0 0 0 0 7 58 0 0 0 0 0 0 0 0
"148" 148 0.496350364964 1 0 6 0 3 5 4 0 5 6 4 2 9 2 6 0 6 0 6 3
"149" 149 0.261538461538 0 0 2 66 0 0 0 0 0 0 0 0 0 0 0 0 0 0 0 0
"150" 150 0.200956937799 0 0 0 0 0 1 0 0 0 0 0 0 67 0 0 0 0 0 0 0
"151" 151 0.0985401459854 0 0 0 0 0 0 0 0 0 0 0 0 0 0 68 0 0 0 0 0
"152" 152 0.3536121673 0 1 0 0 0 0 6 0 4 31 1 0 1 5 0 0 2 0 10 7
"153" 153 0.0288461538462 0 1 7 10 0 0 0 0 0 0 4 46 0 0 0 0 0 0 0 0
"154" 154 0.572139303483 0 0 0 0 0 0 0 0 0 0 0 0 0 68 0 0 0 0 0 0
"155" 155 0.627615062762 0 20 13 2 1 0 0 0 1 9 1 2 3 0 0 0 0 0 16 0
"156" 156 0.316062176166 0 63 2 3 0 0 0 0 0 0 0 0 0 0 0 0 0 0 0 0
"157" 157 0.173076923077 0 0 0 0 0 0 0 0 0 0 36 25 0 0 3 0 0 0 0 4
"158" 158 0.177664974619 0 0 0 0 0 0 20 0 0 5 4 0 0 0 0 0 38 0 0 1
"159" 159 0.0796019900498 0 0 0 0 0 0 0 0 0 0 0 0 0 46 0 0 0 0 0 22
"160" 160 0.0995024875622 0 0 0 0 0 0 56 0 0 0 1 0 0 9 0 0 2 0 0 0
"161" 161 0.282700421941 0 0 0 0 0 68 0 0 0 0 0 0 0 0 0 0 0 0 0 0
"162" 162 0.308035714286 0 54 0 0 0 0 0 0 0 0 0 0 0 0 0 0 0 14 0 0
"163" 163 0.630769230769 0 0 0 68 0 0 0 0 0 0 0 0 0 0 0 0 0 0 0 0
"164" 164 0.435406698565 0 0 0 0 0 0 0 0 0 0 0 0 68 0 0 0 0 0 0 0
"165" 165 0.0747126436782 0 0 0 0 0 1 53 0 0 0 1 0 0 1 0 0 11 0 0 1
"166" 166 0.63503649635 0 7 2 2 0 5 2 0 0 1 34 2 1 4 1 0 2 4 0 1
"167" 167 0.627906976744 0 0 0 0 0 0 3 0 0 5 45 5 0 0 0 0 9 0 0 1
"168" 168 0.093023255814 13 0 3 0 0 0 0 1 0 0 46 1 0 1 0 0 2 0 1 0
"169" 169 0.673076923077 0 0 0 0 0 0 0 0 0 0 1 65 1 0 0 0 0 1 0 0
"170" 170 0.182692307692 0 1 16 0 0 0 0 0 0 0 0 50 0 0 0 0 0 1 0 0
"171" 171 0.00574712643678 0 0 1 0 1 0 47 0 0 0 0 0 0 3 0 0 16 0 0 0
"172" 172 0.0384615384615 0 0 3 0 3 8 2 2 11 0 16 9 0 1 12 0 0 1 0 0
"173" 173 0.34375 0 1 1 2 10 3 0 5 4 0 12 1 0 0 3 0 1 25 0 0
"174" 174 0.031007751938 0 0 2 0 0 0 0 0 0 0 63 0 0 0 0 0 3 0 0 0
"175" 175 0.0 0 0 0 0 0 0 30 0 0 1 0 0 0 6 0 0 30 0 0 1
"176" 176 0.481751824818 0 1 2 2 6 5 0 0 3 0 16 0 0 2 14 0 0 17 0 0
"177" 177 0.386861313869 0 0 2 0 1 4 0 0 3 0 12 0 1 3 38 0 0 1 0 3
"178" 178 0.124031007752 4 0 1 0 0 0 5 0 1 0 43 0 0 2 0 0 11 0 0 1
"179" 179 0.409282700422 0 0 0 1 1 15 0 0 0 1 0 0 1 0 47 0 0 0 1 0
"180" 180 0.627906976744 0 2 6 1 2 6 0 1 0 0 22 1 2 0 6 1 1 11 1 1
"181" 181 0.722627737226 0 0 6 9 6 3 2 0 3 2 5 2 5 1 11 0 1 1 9 1
"182" 182 0.22480620155 0 0 3 1 0 1 14 0 2 3 27 0 3 5 1 0 5 1 1 1
"183" 183 0.314465408805 0 0 9 1 0 0 0 30 2 0 1 24 0 0 0 0 0 1 0 0
"184" 184 0.885167464115 0 5 1 1 1 1 0 1 1 8 1 4 35 0 0 0 1 1 6 0
"185" 185 0.631178707224 0 2 0 2 0 4 0 4 13 0 1 1 1 11 1 0 8 0 0 15
"186" 186 0.199004975124 0 0 0 0 0 0 4 4 6 0 1 0 1 20 8 0 16 0 1 5
"187" 187 0.569620253165 0 0 0 0 2 34 0 5 5 0 1 2 2 0 6 1 0 2 0 2
"188" 188 0.0172413793103 0 0 0 0 0 0 47 0 0 0 0 0 0 4 0 0 17 0 0 0
"189" 189 0.0223214285714 0 0 0 0 1 0 0 0 0 0 0 0 0 0 0 0 0 67 0 0
"190" 190 0.0 1 0 0 0 0 0 8 0 0 0 0 0 0 1 0 0 58 0 0 0
"191" 191 0.0892857142857 0 0 0 0 0 0 0 0 0 0 0 0 0 0 0 0 0 68 0 0
"192" 192 0.0 5 0 0 0 0 0 0 0 17 0 4 0 0 0 0 0 42 0 0 0
"193" 193 0.434306569343 0 23 0 0 0 2 0 1 2 0 1 0 0 0 6 0 0 33 0 0
"194" 194 0.192052980132 2 3 11 14 0 0 0 0 31 0 0 1 0 0 6 0 0 0 0 0
"195" 195 0.164179104478 0 0 0 0 0 1 3 0 0 3 0 0 0 56 0 0 3 2 0 0
"196" 196 0.584821428571 0 23 0 1 5 1 0 1 2 0 9 1 0 0 1 0 2 22 0 0
"197" 197 0.138392857143 0 2 0 0 33 0 0 0 0 0 0 3 0 0 0 0 0 24 0 6
"198" 198 0.0 0 0 0 0 0 0 2 0 0 1 2 0 0 34 0 0 29 0 0 0
"199" 199 0.361607142857 0 7 0 3 8 7 3 1 2 0 4 1 0 1 7 0 2 22 0 0
"200" 200 0.375 0 2 0 0 12 0 2 1 2 0 0 0 0 0 1 0 1 47 0 0
"201" 201 0.0 0 0 0 0 0 0 0 0 0 0 61 0 0 1 0 0 6 0 0 0
"202" 202 0.139303482587 0 0 0 0 1 0 4 0 0 0 3 0 0 48 0 0 8 0 0 4
"203" 203 0.705357142857 0 11 3 2 2 6 0 0 2 0 21 1 0 1 1 0 1 16 0 1
"204" 204 0.124031007752 0 0 2 1 1 0 1 0 2 1 39 2 4 3 1 0 6 2 3 0
"205" 205 0.269230769231 1 1 0 0 4 11 0 1 0 0 1 47 0 0 1 0 0 1 0 0
"206" 206 0.0387596899225 0 0 1 0 0 0 0 7 0 0 45 1 0 0 0 0 14 0 0 0
"207" 207 0.269430051813 0 60 1 0 1 0 0 0 0 0 0 1 2 0 0 0 0 3 0 0
"208" 208 0.164179104478 0 0 0 0 0 0 33 0 2 2 10 0 0 2 5 0 11 1 2 0
"209" 209 0.0 1 0 0 0 0 0 46 0 0 0 0 0 0 3 0 0 18 0 0 0
"210" 210 0.0149253731343 0 0 0 0 0 0 0 0 0 0 0 0 0 25 0 0 0 0 0 43
"211" 211 0.00995024875622 0 0 0 0 0 0 0 0 0 2 0 0 0 66 0 0 0 0 0 0
"212" 212 0.145077720207 0 68 0 0 0 0 0 0 0 0 0 0 0 0 0 0 0 0 0 0
"213" 213 0.389743589744 0 1 0 66 0 0 0 0 0 0 0 0 0 0 0 0 0 1 0 0
"214" 214 0.092050209205 0 0 0 0 0 0 0 0 0 14 0 0 0 1 2 0 0 0 0 51
"215" 215 0.522012578616 0 14 25 4 0 1 0 6 14 0 3 1 0 0 0 0 0 0 0 0
"216" 216 0.273631840796 2 4 0 1 0 0 3 19 5 0 1 0 3 21 1 0 8 0 0 0
"217" 217 0.589285714286 0 22 0 0 0 3 0 4 2 0 8 1 0 0 0 0 1 26 1 0
"218" 218 0.170542635659 0 9 1 1 10 0 1 0 13 0 5 0 0 6 3 0 3 5 0 9
"219" 219 0.0497512437811 0 0 0 0 0 0 3 0 2 0 3 0 0 26 0 0 3 0 0 31
"220" 220 0.510948905109 0 0 2 0 3 14 2 0 1 0 11 0 1 1 29 0 1 3 0 0
"221" 221 0.227678571429 0 1 2 0 10 4 1 0 0 0 5 0 1 0 5 0 0 39 0 0
"222" 222 0.0 1 0 0 0 0 0 0 0 0 2 62 2 0 0 0 0 1 0 0 0
"223" 223 0.183908045977 0 0 1 0 0 0 3 0 0 0 0 0 0 0 1 0 63 0 0 0
"224" 224 0.598540145985 0 2 4 0 4 13 0 0 2 0 13 6 2 1 12 0 1 7 1 0
"225" 225 0.321167883212 0 0 0 0 1 3 17 0 0 0 4 0 1 17 13 0 0 0 1 11
"226" 226 0.00574712643678 2 0 1 3 0 0 18 0 11 0 5 1 0 1 1 0 24 0 1 0
"227" 227 0.557692307692 0 11 0 9 1 6 0 3 0 0 20 14 1 0 3 0 0 0 0 0
"228" 228 0.653846153846 0 3 4 2 2 2 0 1 0 0 1 51 0 0 1 0 0 1 0 0
"229" 229 0.580291970803 0 0 2 2 4 7 1 1 1 0 0 1 1 0 47 0 0 1 0 0
"230" 230 0.132183908046 1 0 1 0 0 0 9 1 2 1 36 0 0 4 0 0 12 0 0 1
"231" 231 0.295597484277 0 0 0 0 1 14 11 7 2 0 2 0 0 15 3 0 6 5 0 2
"232" 232 0.0199004975124 0 0 1 0 0 0 9 0 16 1 0 0 0 32 0 0 9 0 0 0
"233" 233 0.03125 0 0 0 0 0 0 0 0 0 0 0 0 0 0 0 0 0 68 0 0
"234" 234 0.0077519379845 2 0 1 0 0 0 0 0 0 3 56 0 0 0 0 0 6 0 0 0
"235" 235 0.152317880795 0 0 67 0 0 0 0 0 1 0 0 0 0 0 0 0 0 0 0 0
"236" 236 0.163461538462 0 0 0 0 0 0 0 0 0 0 0 68 0 0 0 0 0 0 0 0
"237" 237 0.605128205128 0 2 2 28 0 0 0 0 1 0 0 30 0 0 5 0 0 0 0 0
"238" 238 0.133027522936 0 0 0 0 0 0 25 0 0 0 0 0 0 2 0 0 32 0 0 9
"239" 239 0.348837209302 1 0 3 12 0 2 0 0 45 0 1 0 0 0 2 0 0 2 0 0
"240" 240 0.373134328358 0 0 0 0 0 4 4 4 0 2 2 0 0 44 3 0 0 5 0 0
"241" 241 0.71875 0 16 2 1 2 2 0 1 4 0 7 0 0 1 0 0 0 32 0 0
"242" 242 0.507299270073 0 0 4 14 0 2 1 0 36 0 0 0 0 0 10 0 1 0 0 0
"243" 243 0.0 0 0 0 0 0 0 30 0 0 0 8 0 0 7 0 0 23 0 0 0
"244" 244 0.413502109705 0 0 0 0 2 10 0 9 0 0 14 3 0 0 28 0 1 1 0 0
"245" 245 0.170542635659 0 5 5 2 7 2 0 2 2 0 22 3 0 0 6 0 1 10 1 0
"246" 246 0.0077519379845 0 0 0 0 0 0 32 0 0 3 0 0 0 3 0 0 25 0 5 0
"247" 247 0.0387596899225 0 0 1 0 0 1 1 0 1 0 61 2 0 0 1 0 0 0 0 0
"248" 248 0.589285714286 0 4 1 1 2 5 0 0 0 0 20 0 0 2 0 0 0 33 0 0
"249" 249 0.162790697674 2 0 6 0 0 0 5 0 49 0 4 0 0 2 0 0 0 0 0 0
"250" 250 0.221153846154 0 0 0 0 0 0 0 0 0 0 0 68 0 0 0 0 0 0 0 0
"251" 251 0.00574712643678 0 0 0 0 0 0 1 0 0 0 0 0 0 0 0 0 67 0 0 0
"252" 252 0.19170984456 0 64 0 2 1 0 0 0 1 0 0 0 0 0 0 0 0 0 0 0
"253" 253 0.285171102662 0 1 0 0 0 0 5 0 0 10 1 0 0 11 2 0 6 0 31 1
"254" 254 0.0 0 0 0 0 0 0 59 0 0 0 1 0 0 2 0 0 5 0 0 1
"255" 255 0.0198675496689 0 0 65 0 0 0 0 0 0 0 3 0 0 0 0 0 0 0 0 0
"256" 256 0.0 1 0 12 0 0 0 5 0 8 0 1 0 0 5 0 0 34 0 0 2
"257" 257 0.134615384615 0 0 8 0 0 0 0 0 0 0 0 60 0 0 0 0 0 0 0 0
"258" 258 0.147286821705 0 0 2 0 0 3 0 0 1 1 48 0 0 1 2 9 0 0 0 1
"259" 259 0.0 0 0 0 0 0 0 8 4 2 0 0 0 0 53 0 0 1 0 0 0
"260" 260 0.0290697674419 0 0 0 0 0 0 5 0 63 0 0 0 0 0 0 0 0 0 0 0
"261" 261 0.641148325359 0 0 0 0 2 7 0 0 5 0 0 0 51 0 0 0 0 0 2 1
"262" 262 0.523178807947 0 3 56 0 1 0 0 0 0 0 1 0 3 0 4 0 0 0 0 0
"263" 263 0.0697674418605 1 0 8 0 0 0 3 2 0 2 33 0 0 0 0 0 18 0 1 0
"264" 264 0.527426160338 0 0 1 1 1 14 1 21 7 0 3 2 1 0 13 0 2 1 0 0
"265" 265 0.387596899225 0 0 8 5 0 0 10 1 5 0 27 0 0 0 0 5 7 0 0 0
"266" 266 0.00497512437811 0 0 0 0 0 2 4 0 0 5 3 0 0 39 0 0 9 0 0 6
"267" 267 0.414507772021 0 68 0 0 0 0 0 0 0 0 0 0 0 0 0 0 0 0 0 0
"268" 268 0.0199004975124 0 0 0 0 0 0 36 0 0 1 0 0 0 27 0 0 3 0 0 1
"269" 269 0.17880794702 0 0 43 0 0 0 0 0 1 0 5 19 0 0 0 0 0 0 0 0
"270" 270 0.0746268656716 0 0 0 0 0 0 1 0 0 4 0 0 0 41 0 0 0 0 0 22
"271" 271 0.557213930348 0 1 0 2 0 3 0 0 0 0 0 0 0 7 1 0 0 0 0 0
"272" 272 0.258620689655 0 0 0 0 0 0 4 0 0 0 0 0 0 3 0 0 4 0 0 1
"273" 273 0.350574712644 0 0 0 0 0 0 1 0 1 0 0 0 0 0 0 0 1 0 0 1
"274" 274 0.824817518248 0 0 0 1 0 1 0 0 0 0 0 0 0 0 0 0 0 0 0 0
"275" 275 1.0 0 0 0 0 0 0 0 0 0 0 0 0 0 0 0 0 0 0 0 0
