"site" "RSA" "aa1" "aa2" "aa3" "aa4" "aa5" "aa6" "aa7" "aa8" "aa9" "aa10" "aa11" "aa12" "aa13" "aa14" "aa15" "aa16" "aa17" "aa18" "aa19" "aa20"
"0" 0 0.773255813953 21 9 0 0 0 0 0 0 0 0 0 0 0 0 0 0 0 0 0 0
"1" 1 0.313432835821 56 24 15 12 3 3 1 1 1 0 0 0 0 0 0 0 0 0 0 0
"2" 2 0.15611814346 90 17 6 6 5 4 3 2 2 0 0 0 0 0 0 0 0 0 0 0
"3" 3 0.0 136 41 22 1 0 0 0 0 0 0 0 0 0 0 0 0 0 0 0 0
"4" 4 0.0 160 31 4 2 1 1 1 0 0 0 0 0 0 0 0 0 0 0 0 0
"5" 5 0.0 198 2 0 0 0 0 0 0 0 0 0 0 0 0 0 0 0 0 0 0
"6" 6 0.046357615894 200 0 0 0 0 0 0 0 0 0 0 0 0 0 0 0 0 0 0 0
"7" 7 0.0 165 23 11 1 0 0 0 0 0 0 0 0 0 0 0 0 0 0 0 0
"8" 8 0.149253731343 200 0 0 0 0 0 0 0 0 0 0 0 0 0 0 0 0 0 0 0
"9" 9 0.31007751938 144 52 2 2 0 0 0 0 0 0 0 0 0 0 0 0 0 0 0 0
"10" 10 0.108527131783 177 14 4 2 1 1 1 0 0 0 0 0 0 0 0 0 0 0 0 0
"11" 11 0.383419689119 187 13 0 0 0 0 0 0 0 0 0 0 0 0 0 0 0 0 0 0
"12" 12 0.422053231939 183 12 2 2 1 0 0 0 0 0 0 0 0 0 0 0 0 0 0 0
"13" 13 0.635658914729 108 47 19 8 8 2 2 2 2 1 1 0 0 0 0 0 0 0 0 0
"14" 14 0.420512820513 70 64 32 9 6 5 5 2 2 2 2 1 0 0 0 0 0 0 0 0
"15" 15 0.1589958159 179 16 3 2 0 0 0 0 0 0 0 0 0 0 0 0 0 0 0 0
"16" 16 0.341085271318 110 28 21 18 11 4 3 2 1 1 1 0 0 0 0 0 0 0 0 0
"17" 17 0.370860927152 83 25 23 22 16 9 8 6 4 1 1 1 1 0 0 0 0 0 0 0
"18" 18 0.0580357142857 125 46 15 4 3 2 2 1 1 1 0 0 0 0 0 0 0 0 0 0
"19" 19 0.0 90 80 18 4 3 3 1 1 0 0 0 0 0 0 0 0 0 0 0 0
"20" 20 0.364341085271 54 52 30 21 19 6 4 4 3 2 1 1 1 1 1 0 0 0 0 0
"21" 21 0.215328467153 75 24 19 18 16 15 8 8 5 4 2 2 2 1 1 0 0 0 0 0
"22" 22 0.0 96 54 27 21 1 1 0 0 0 0 0 0 0 0 0 0 0 0 0 0
"23" 23 0.3125 101 41 16 9 6 5 5 3 2 2 1 1 1 1 1 0 0 0 0 0
"24" 24 0.620535714286 50 43 27 21 16 11 10 8 5 1 1 1 0 0 0 0 0 0 0 0
"25" 25 0.0988372093023 125 26 19 8 6 4 3 2 2 1 1 1 1 0 0 0 0 0 0 0
"26" 26 0.373056994819 171 8 5 4 4 3 2 1 1 0 0 0 0 0 0 0 0 0 0 0
"27" 27 0.0232558139535 170 13 11 3 1 1 1 0 0 0 0 0 0 0 0 0 0 0 0 0
"28" 28 0.272321428571 151 24 6 5 4 3 3 2 1 1 0 0 0 0 0 0 0 0 0 0
"29" 29 0.0456273764259 98 59 10 8 7 6 4 3 3 1 1 0 0 0 0 0 0 0 0 0
"30" 30 0.0 94 49 39 11 5 1 1 0 0 0 0 0 0 0 0 0 0 0 0 0
"31" 31 0.0 200 0 0 0 0 0 0 0 0 0 0 0 0 0 0 0 0 0 0 0
"32" 32 0.0 86 61 31 17 3 1 1 0 0 0 0 0 0 0 0 0 0 0 0 0
"33" 33 0.0310880829016 200 0 0 0 0 0 0 0 0 0 0 0 0 0 0 0 0 0 0 0
"34" 34 0.0406091370558 169 30 1 0 0 0 0 0 0 0 0 0 0 0 0 0 0 0 0 0
"35" 35 0.0366972477064 200 0 0 0 0 0 0 0 0 0 0 0 0 0 0 0 0 0 0 0
"36" 36 0.165803108808 200 0 0 0 0 0 0 0 0 0 0 0 0 0 0 0 0 0 0 0
"37" 37 0.211538461538 196 3 1 0 0 0 0 0 0 0 0 0 0 0 0 0 0 0 0 0
"38" 38 0.650224215247 109 17 17 15 11 8 8 4 3 2 2 2 2 0 0 0 0 0 0 0
"39" 39 0.171548117155 194 6 0 0 0 0 0 0 0 0 0 0 0 0 0 0 0 0 0 0
"40" 40 0.0459770114943 199 1 0 0 0 0 0 0 0 0 0 0 0 0 0 0 0 0 0 0
"41" 41 0.635220125786 194 3 1 1 1 0 0 0 0 0 0 0 0 0 0 0 0 0 0 0
"42" 42 0.45641025641 181 14 2 2 1 0 0 0 0 0 0 0 0 0 0 0 0 0 0 0
"43" 43 0.664974619289 153 45 2 0 0 0 0 0 0 0 0 0 0 0 0 0 0 0 0 0
"44" 44 0.198675496689 120 80 0 0 0 0 0 0 0 0 0 0 0 0 0 0 0 0 0 0
"45" 45 0.0962343096234 99 69 13 12 6 1 0 0 0 0 0 0 0 0 0 0 0 0 0 0
"46" 46 0.307692307692 199 1 0 0 0 0 0 0 0 0 0 0 0 0 0 0 0 0 0 0
"47" 47 0.131782945736 119 23 21 10 9 6 5 3 1 1 1 1 0 0 0 0 0 0 0 0
"48" 48 0.740932642487 83 34 22 11 10 10 8 7 5 4 3 2 1 0 0 0 0 0 0 0
"49" 49 0.252873563218 132 44 6 6 4 4 3 1 0 0 0 0 0 0 0 0 0 0 0 0
"50" 50 0.0 116 40 26 10 6 1 1 0 0 0 0 0 0 0 0 0 0 0 0 0
"51" 51 0.294573643411 84 35 32 12 12 12 9 2 1 1 0 0 0 0 0 0 0 0 0 0
"52" 52 0.483443708609 131 48 5 4 3 3 3 1 1 1 0 0 0 0 0 0 0 0 0 0
"53" 53 0.0137614678899 80 76 25 9 5 4 1 0 0 0 0 0 0 0 0 0 0 0 0 0
"54" 54 0.189781021898 162 20 4 4 4 3 1 1 1 0 0 0 0 0 0 0 0 0 0 0
"55" 55 0.675105485232 91 50 15 9 7 7 6 6 4 3 1 1 0 0 0 0 0 0 0 0
"56" 56 0.377990430622 62 38 14 13 13 10 9 8 7 6 4 3 3 3 2 2 2 1 0 0
"57" 57 0.0596026490066 118 43 20 11 5 2 1 0 0 0 0 0 0 0 0 0 0 0 0 0
"58" 58 0.759493670886 57 47 24 19 15 11 10 6 4 4 2 1 0 0 0 0 0 0 0 0
"59" 59 0.144278606965 87 54 17 13 10 6 4 4 2 2 1 0 0 0 0 0 0 0 0 0
"60" 60 0.224137931034 84 57 14 14 12 4 3 2 2 2 1 1 1 1 1 1 0 0 0 0
"61" 61 0.0 90 75 17 14 3 1 0 0 0 0 0 0 0 0 0 0 0 0 0 0
"62" 62 0.0 199 1 0 0 0 0 0 0 0 0 0 0 0 0 0 0 0 0 0 0
"63" 63 0.0 159 21 13 7 0 0 0 0 0 0 0 0 0 0 0 0 0 0 0 0
"64" 64 0.0 200 0 0 0 0 0 0 0 0 0 0 0 0 0 0 0 0 0 0 0
"65" 65 0.0 194 5 1 0 0 0 0 0 0 0 0 0 0 0 0 0 0 0 0 0
"66" 66 0.0137614678899 200 0 0 0 0 0 0 0 0 0 0 0 0 0 0 0 0 0 0 0
"67" 67 0.0114942528736 160 35 2 2 1 0 0 0 0 0 0 0 0 0 0 0 0 0 0 0
"68" 68 0.241379310345 73 35 29 26 8 8 4 4 4 2 2 2 1 1 0 0 0 0 0 0
"69" 69 0.414507772021 51 46 35 24 15 8 7 5 5 2 1 0 0 0 0 0 0 0 0 0
"70" 70 0.0062893081761 147 31 14 8 0 0 0 0 0 0 0 0 0 0 0 0 0 0 0 0
"71" 71 0.200892857143 96 75 9 5 3 3 3 3 1 1 1 0 0 0 0 0 0 0 0 0
"72" 72 0.481751824818 66 39 25 15 14 10 9 4 4 4 3 3 2 1 1 0 0 0 0 0
"73" 73 0.304182509506 155 16 8 6 4 3 3 2 1 1 1 0 0 0 0 0 0 0 0 0
"74" 74 0.0114942528736 111 43 43 3 0 0 0 0 0 0 0 0 0 0 0 0 0 0 0 0
"75" 75 0.464285714286 84 29 29 20 11 8 6 4 3 2 2 1 1 0 0 0 0 0 0 0
"76" 76 0.325581395349 73 55 22 14 9 8 3 3 2 2 2 2 2 1 1 1 0 0 0 0
"77" 77 0.00836820083682 187 8 1 1 1 1 1 0 0 0 0 0 0 0 0 0 0 0 0 0
"78" 78 0.22480620155 141 28 17 6 4 2 1 1 0 0 0 0 0 0 0 0 0 0 0 0
"79" 79 0.681614349776 83 36 26 17 15 10 5 5 1 1 1 0 0 0 0 0 0 0 0 0
"80" 80 0.0697674418605 171 11 5 4 4 2 1 1 1 0 0 0 0 0 0 0 0 0 0 0
"81" 81 0.182692307692 200 0 0 0 0 0 0 0 0 0 0 0 0 0 0 0 0 0 0 0
"82" 82 0.0542635658915 169 15 15 1 0 0 0 0 0 0 0 0 0 0 0 0 0 0 0 0
"83" 83 0.305699481865 178 5 5 4 2 2 2 1 1 0 0 0 0 0 0 0 0 0 0 0
"84" 84 0.0152284263959 96 27 13 13 9 8 6 6 5 4 4 3 2 2 1 1 0 0 0 0
"85" 85 0.0 148 32 15 5 0 0 0 0 0 0 0 0 0 0 0 0 0 0 0 0
"86" 86 0.0 141 40 8 4 2 1 1 1 1 1 0 0 0 0 0 0 0 0 0 0
"87" 87 0.010152284264 160 19 11 9 1 0 0 0 0 0 0 0 0 0 0 0 0 0 0 0
"88" 88 0.0 195 4 1 0 0 0 0 0 0 0 0 0 0 0 0 0 0 0 0 0
"89" 89 0.127906976744 67 52 27 15 10 10 6 4 3 2 2 1 1 0 0 0 0 0 0 0
"90" 90 0.272321428571 200 0 0 0 0 0 0 0 0 0 0 0 0 0 0 0 0 0 0 0
"91" 91 0.0529801324503 161 24 9 3 2 1 0 0 0 0 0 0 0 0 0 0 0 0 0 0
"92" 92 0.104651162791 68 60 40 12 7 6 3 2 1 1 0 0 0 0 0 0 0 0 0 0
"93" 93 0.850364963504 84 26 19 14 14 9 6 5 5 5 4 3 3 2 1 0 0 0 0 0
"94" 94 0.636363636364 193 4 2 1 0 0 0 0 0 0 0 0 0 0 0 0 0 0 0 0
"95" 95 0.147208121827 133 50 5 5 2 2 1 1 1 0 0 0 0 0 0 0 0 0 0 0
"96" 96 0.406698564593 148 33 5 4 3 3 2 1 1 0 0 0 0 0 0 0 0 0 0 0
"97" 97 0.317307692308 183 10 5 1 1 0 0 0 0 0 0 0 0 0 0 0 0 0 0 0
"98" 98 0.0232558139535 109 30 29 18 7 3 2 1 1 0 0 0 0 0 0 0 0 0 0 0
"99" 99 0.0 109 62 27 1 1 0 0 0 0 0 0 0 0 0 0 0 0 0 0 0
"100" 100 0.488789237668 134 13 10 8 7 6 5 4 4 4 3 1 1 0 0 0 0 0 0 0
"101" 101 0.430379746835 42 37 36 17 14 13 9 8 7 4 4 3 3 2 1 0 0 0 0 0
"102" 102 0.0 187 7 3 2 1 0 0 0 0 0 0 0 0 0 0 0 0 0 0 0
"103" 103 0.371308016878 112 72 11 3 1 1 0 0 0 0 0 0 0 0 0 0 0 0 0 0
"104" 104 0.705426356589 47 44 40 28 17 12 6 4 1 1 0 0 0 0 0 0 0 0 0 0
"105" 105 0.271317829457 75 44 14 12 8 7 6 6 5 5 5 4 4 3 1 1 0 0 0 0
"106" 106 0.673076923077 189 4 3 1 1 1 1 0 0 0 0 0 0 0 0 0 0 0 0 0
"107" 107 0.0733944954128 51 48 30 26 22 13 10 0 0 0 0 0 0 0 0 0 0 0 0 0
"108" 108 0.472573839662 154 25 7 4 3 3 2 1 1 0 0 0 0 0 0 0 0 0 0 0
"109" 109 0.0 166 16 13 1 1 1 1 1 0 0 0 0 0 0 0 0 0 0 0 0
"110" 110 0.0 177 10 7 5 1 0 0 0 0 0 0 0 0 0 0 0 0 0 0 0
"111" 111 0.0 161 19 13 7 0 0 0 0 0 0 0 0 0 0 0 0 0 0 0 0
"112" 112 0.0 88 68 34 10 0 0 0 0 0 0 0 0 0 0 0 0 0 0 0 0
"113" 113 0.0 137 54 6 3 0 0 0 0 0 0 0 0 0 0 0 0 0 0 0 0
"114" 114 0.153846153846 189 6 2 1 1 1 0 0 0 0 0 0 0 0 0 0 0 0 0 0
"115" 115 0.150943396226 197 2 1 0 0 0 0 0 0 0 0 0 0 0 0 0 0 0 0 0
"116" 116 0.692307692308 76 68 28 19 4 2 1 1 1 0 0 0 0 0 0 0 0 0 0 0
"117" 117 0.151162790698 195 5 0 0 0 0 0 0 0 0 0 0 0 0 0 0 0 0 0 0
"118" 118 0.465408805031 170 20 3 2 2 1 1 1 0 0 0 0 0 0 0 0 0 0 0 0
"119" 119 0.093023255814 71 67 25 16 14 5 1 1 0 0 0 0 0 0 0 0 0 0 0 0
"120" 120 0.470930232558 80 35 15 15 12 7 7 6 6 4 4 3 2 2 1 1 0 0 0 0
"121" 121 0.248062015504 51 46 25 22 18 16 5 4 3 3 2 1 1 1 1 1 0 0 0 0
"122" 122 0.0 86 86 24 3 1 0 0 0 0 0 0 0 0 0 0 0 0 0 0 0
"123" 123 0.388392857143 102 27 26 9 8 7 6 4 3 3 1 1 1 1 1 0 0 0 0 0
"124" 124 0.534591194969 49 40 28 22 20 15 6 6 5 3 3 2 1 0 0 0 0 0 0 0
"125" 125 0.00995024875622 115 43 36 3 1 1 1 0 0 0 0 0 0 0 0 0 0 0 0 0
"126" 126 0.00995024875622 149 37 10 2 1 1 0 0 0 0 0 0 0 0 0 0 0 0 0 0
"127" 127 0.616580310881 73 35 31 14 10 9 8 7 6 5 1 1 0 0 0 0 0 0 0 0
"128" 128 0.0796019900498 67 33 28 20 11 10 7 7 4 4 2 2 2 1 1 1 0 0 0 0
"129" 129 0.0574712643678 97 49 30 11 10 2 1 0 0 0 0 0 0 0 0 0 0 0 0 0
"130" 130 0.284974093264 193 4 2 1 0 0 0 0 0 0 0 0 0 0 0 0 0 0 0 0
"131" 131 0.00896860986547 103 59 20 8 5 4 1 0 0 0 0 0 0 0 0 0 0 0 0 0
"132" 132 0.0 158 35 4 2 1 0 0 0 0 0 0 0 0 0 0 0 0 0 0 0
"133" 133 0.0 177 16 4 1 1 1 0 0 0 0 0 0 0 0 0 0 0 0 0 0
"134" 134 0.0 84 59 47 4 3 2 1 0 0 0 0 0 0 0 0 0 0 0 0 0
"135" 135 0.0183486238532 200 0 0 0 0 0 0 0 0 0 0 0 0 0 0 0 0 0 0 0
"136" 136 0.0 105 95 0 0 0 0 0 0 0 0 0 0 0 0 0 0 0 0 0 0
"137" 137 0.0459770114943 197 3 0 0 0 0 0 0 0 0 0 0 0 0 0 0 0 0 0 0
"138" 138 0.441025641026 192 3 2 2 1 0 0 0 0 0 0 0 0 0 0 0 0 0 0 0
"139" 139 0.138364779874 200 0 0 0 0 0 0 0 0 0 0 0 0 0 0 0 0 0 0 0
"140" 140 0.0480769230769 200 0 0 0 0 0 0 0 0 0 0 0 0 0 0 0 0 0 0 0
"141" 141 0.464435146444 195 5 0 0 0 0 0 0 0 0 0 0 0 0 0 0 0 0 0 0
"142" 142 0.519230769231 200 0 0 0 0 0 0 0 0 0 0 0 0 0 0 0 0 0 0 0
"143" 143 0.586538461538 199 1 0 0 0 0 0 0 0 0 0 0 0 0 0 0 0 0 0 0
"144" 144 0.210762331839 200 0 0 0 0 0 0 0 0 0 0 0 0 0 0 0 0 0 0 0
"145" 145 0.651162790698 84 67 24 7 5 3 3 2 2 1 1 1 0 0 0 0 0 0 0 0
"146" 146 0.167364016736 173 20 7 0 0 0 0 0 0 0 0 0 0 0 0 0 0 0 0 0
"147" 147 0.187817258883 171 21 2 2 2 1 1 0 0 0 0 0 0 0 0 0 0 0 0 0
"148" 148 0.427672955975 94 41 13 12 6 5 5 4 4 4 3 2 2 1 0 0 0 0 0 0
"149" 149 0.513392857143 59 30 27 17 16 13 8 7 6 5 5 2 2 2 1 0 0 0 0 0
"150" 150 0.0253164556962 46 39 29 28 22 15 15 2 1 1 1 1 0 0 0 0 0 0 0 0
"151" 151 0.119402985075 95 38 16 14 14 6 4 4 3 1 1 1 1 1 1 0 0 0 0 0
"152" 152 0.611607142857 46 35 33 19 15 13 11 8 7 5 5 1 1 1 0 0 0 0 0 0
"153" 153 0.0970464135021 187 7 2 2 1 1 0 0 0 0 0 0 0 0 0 0 0 0 0 0
"154" 154 0.0 128 57 10 3 1 1 0 0 0 0 0 0 0 0 0 0 0 0 0 0
"155" 155 0.356589147287 80 35 28 23 12 8 7 2 2 1 1 1 0 0 0 0 0 0 0 0
"156" 156 0.296511627907 46 37 30 25 14 13 11 6 4 3 3 2 2 2 1 1 0 0 0 0
"157" 157 0.0 131 33 19 12 2 2 1 0 0 0 0 0 0 0 0 0 0 0 0 0
"158" 158 0.147286821705 90 59 20 9 8 5 5 3 1 0 0 0 0 0 0 0 0 0 0 0
"159" 159 0.510548523207 49 41 30 23 17 13 10 6 4 3 3 0 0 0 0 0 0 0 0 0
"160" 160 0.13829787234 90 49 21 11 10 8 5 2 1 1 1 0 0 0 0 0 0 0 0 0
"161" 161 0.222627737226 80 29 22 18 16 15 8 4 4 1 1 0 0 0 0 0 0 0 0 0
"162" 162 0.683937823834 58 29 14 13 13 13 6 5 4 4 2 2 1 1 1 1 0 0 0 0
"163" 163 0.46875 66 28 16 14 11 11 10 3 2 2 1 1 1 0 0 0 0 0 0 0
"164" 164 0.337552742616 43 28 25 13 12 12 10 9 9 8 7 6 5 3 2 2 1 1 0 0
"165" 165 0.692307692308 113 35 22 5 4 4 4 2 2 1 1 1 1 0 0 0 0 0 0 0
"166" 166 0.228855721393 84 48 11 10 9 8 8 6 2 2 2 2 1 1 1 1 1 0 0 0
"167" 167 0.761589403974 50 34 27 18 13 12 10 10 7 6 5 4 1 1 1 0 0 0 0 0
"168" 168 0.0334728033473 63 30 28 23 18 12 8 7 7 2 1 0 0 0 0 0 0 0 0 0
"169" 169 0.176165803109 56 42 25 18 15 10 8 6 4 3 3 2 2 2 1 1 1 0 0 0
"170" 170 0.0 160 38 2 0 0 0 0 0 0 0 0 0 0 0 0 0 0 0 0 0
"171" 171 0.0 161 29 3 3 2 1 1 0 0 0 0 0 0 0 0 0 0 0 0 0
"172" 172 0.0 156 41 2 1 0 0 0 0 0 0 0 0 0 0 0 0 0 0 0 0
"173" 173 0.0829015544041 200 0 0 0 0 0 0 0 0 0 0 0 0 0 0 0 0 0 0 0
"174" 174 0.0673076923077 200 0 0 0 0 0 0 0 0 0 0 0 0 0 0 0 0 0 0 0
"175" 175 0.259615384615 200 0 0 0 0 0 0 0 0 0 0 0 0 0 0 0 0 0 0 0
"176" 176 0.0344827586207 105 90 3 2 0 0 0 0 0 0 0 0 0 0 0 0 0 0 0 0
"177" 177 0.20725388601 76 50 28 18 9 7 4 3 2 2 1 0 0 0 0 0 0 0 0 0
"178" 178 0.312820512821 53 35 21 19 18 10 9 7 6 6 6 3 2 2 2 1 0 0 0 0
"179" 179 0.704641350211 64 33 29 17 16 14 9 6 4 3 2 1 1 1 0 0 0 0 0 0
"180" 180 0.139534883721 123 74 2 1 0 0 0 0 0 0 0 0 0 0 0 0 0 0 0 0
"181" 181 0.0 107 54 23 5 3 3 3 1 1 0 0 0 0 0 0 0 0 0 0 0
"182" 182 0.310218978102 48 40 30 18 17 9 7 7 6 4 3 3 3 2 2 1 0 0 0 0
"183" 183 0.325581395349 39 31 25 23 18 17 14 9 8 4 3 3 3 1 1 1 0 0 0 0
"184" 184 0.0 77 47 28 24 21 2 1 0 0 0 0 0 0 0 0 0 0 0 0 0
"185" 185 0.365019011407 66 45 32 13 9 9 9 6 5 4 1 1 0 0 0 0 0 0 0 0
"186" 186 0.575892857143 71 34 31 17 16 9 9 4 3 2 2 2 0 0 0 0 0 0 0 0
"187" 187 0.15503875969 178 9 5 3 1 1 1 1 1 0 0 0 0 0 0 0 0 0 0 0
"188" 188 0.201923076923 200 0 0 0 0 0 0 0 0 0 0 0 0 0 0 0 0 0 0 0
"189" 189 0.015503875969 185 6 3 3 3 0 0 0 0 0 0 0 0 0 0 0 0 0 0 0
"190" 190 0.102564102564 81 80 27 4 3 2 1 1 1 0 0 0 0 0 0 0 0 0 0 0
"191" 191 0.0 129 23 22 7 7 5 3 2 1 1 0 0 0 0 0 0 0 0 0 0
"192" 192 0.0 115 44 25 8 4 2 2 0 0 0 0 0 0 0 0 0 0 0 0 0
"193" 193 0.0 197 3 0 0 0 0 0 0 0 0 0 0 0 0 0 0 0 0 0 0
"194" 194 0.015503875969 183 7 6 2 1 1 0 0 0 0 0 0 0 0 0 0 0 0 0 0
"195" 195 0.163461538462 200 0 0 0 0 0 0 0 0 0 0 0 0 0 0 0 0 0 0 0
"196" 196 0.390728476821 177 16 6 1 0 0 0 0 0 0 0 0 0 0 0 0 0 0 0 0
"197" 197 0.0760456273764 136 40 8 6 5 3 1 1 0 0 0 0 0 0 0 0 0 0 0 0
"198" 198 0.0 128 43 11 8 8 1 1 0 0 0 0 0 0 0 0 0 0 0 0 0
"199" 199 0.100418410042 171 29 0 0 0 0 0 0 0 0 0 0 0 0 0 0 0 0 0 0
"200" 200 0.666666666667 81 44 33 14 6 5 4 3 3 1 1 0 0 0 0 0 0 0 0 0
"201" 201 0.139534883721 39 39 30 15 14 8 8 6 4 3 2 1 1 0 0 0 0 0 0 0
"202" 202 0.774834437086 46 31 27 22 12 10 8 8 6 5 3 3 0 0 0 0 0 0 0 0
"203" 203 0.40932642487 108 23 13 7 6 4 2 2 2 1 1 1 1 0 0 0 0 0 0 0
"204" 204 0.0149253731343 52 34 23 21 19 8 3 2 2 2 1 1 1 0 0 0 0 0 0 0
"205" 205 0.298850574713 54 20 18 12 11 10 7 6 6 5 5 5 2 2 1 1 0 0 0 0
"206" 206 0.377483443709 46 30 26 16 12 8 7 6 6 2 2 2 1 1 1 0 0 0 0 0
"207" 207 0.139013452915 52 41 29 9 8 6 4 3 2 2 2 2 2 1 1 1 0 0 0 0
"208" 208 0.0 112 35 7 4 3 3 1 0 0 0 0 0 0 0 0 0 0 0 0 0
"209" 209 0.399103139013 41 29 21 20 17 9 8 8 7 1 1 1 1 0 0 0 0 0 0 0
"210" 210 0.244186046512 42 21 12 12 12 11 10 9 9 8 8 5 3 2 0 0 0 0 0 0
"211" 211 0.0 113 34 8 7 1 1 0 0 0 0 0 0 0 0 0 0 0 0 0 0
"212" 212 0.175182481752 93 53 5 2 1 1 1 1 1 1 1 0 0 0 0 0 0 0 0 0
"213" 213 0.56976744186 24 17 14 13 12 9 9 6 5 3 1 1 1 0 0 0 0 0 0 0
"214" 214 0.201550387597 62 15 7 4 4 3 3 2 2 1 1 0 0 0 0 0 0 0 0 0
"215" 215 0.0348258706468 26 13 6 4 3 2 1 1 1 0 0 0 0 0 0 0 0 0 0 0
"216" 216 0.851282051282 17 3 3 2 1 1 1 0 0 0 0 0 0 0 0 0 0 0 0 0
