"site" "RSA" "aa1" "aa2" "aa3" "aa4" "aa5" "aa6" "aa7" "aa8" "aa9" "aa10" "aa11" "aa12" "aa13" "aa14" "aa15" "aa16" "aa17" "aa18" "aa19" "aa20"
"0" 0 0.0275229357798 283 176 25 9 6 1 0 0 0 0 0 0 0 0 0 0 0 0 0 0
"1" 1 0.0615384615385 500 0 0 0 0 0 0 0 0 0 0 0 0 0 0 0 0 0 0 0
"2" 2 0.0 310 155 33 2 0 0 0 0 0 0 0 0 0 0 0 0 0 0 0 0
"3" 3 0.00574712643678 500 0 0 0 0 0 0 0 0 0 0 0 0 0 0 0 0 0 0 0
"4" 4 0.00995024875622 320 89 61 15 9 4 1 1 0 0 0 0 0 0 0 0 0 0 0 0
"5" 5 0.0550458715596 473 22 5 0 0 0 0 0 0 0 0 0 0 0 0 0 0 0 0 0
"6" 6 0.115384615385 500 0 0 0 0 0 0 0 0 0 0 0 0 0 0 0 0 0 0 0
"7" 7 0.134328358209 492 8 0 0 0 0 0 0 0 0 0 0 0 0 0 0 0 0 0 0
"8" 8 0.0251572327044 486 11 1 1 1 0 0 0 0 0 0 0 0 0 0 0 0 0 0 0
"9" 9 0.201923076923 500 0 0 0 0 0 0 0 0 0 0 0 0 0 0 0 0 0 0 0
"10" 10 0.0232558139535 500 0 0 0 0 0 0 0 0 0 0 0 0 0 0 0 0 0 0 0
"11" 11 0.144230769231 500 0 0 0 0 0 0 0 0 0 0 0 0 0 0 0 0 0 0 0
"12" 12 0.0970464135021 177 115 92 61 45 7 2 1 0 0 0 0 0 0 0 0 0 0 0 0
"13" 13 0.336538461538 223 182 35 29 10 10 4 2 2 2 1 0 0 0 0 0 0 0 0 0
"14" 14 0.133720930233 233 205 33 19 5 3 1 1 0 0 0 0 0 0 0 0 0 0 0 0
"15" 15 0.0358744394619 468 19 10 1 1 1 0 0 0 0 0 0 0 0 0 0 0 0 0 0
"16" 16 0.0 323 176 1 0 0 0 0 0 0 0 0 0 0 0 0 0 0 0 0 0
"17" 17 0.245535714286 446 19 10 8 5 5 2 2 1 1 1 0 0 0 0 0 0 0 0 0
"18" 18 0.171532846715 330 87 33 28 11 6 2 1 1 1 0 0 0 0 0 0 0 0 0 0
"19" 19 0.0 233 133 45 33 25 25 3 2 1 0 0 0 0 0 0 0 0 0 0 0
"20" 20 0.224137931034 427 71 2 0 0 0 0 0 0 0 0 0 0 0 0 0 0 0 0 0
"21" 21 0.71875 355 88 22 20 14 1 0 0 0 0 0 0 0 0 0 0 0 0 0 0
"22" 22 0.378238341969 306 79 58 36 17 2 1 1 0 0 0 0 0 0 0 0 0 0 0 0
"23" 23 0.300380228137 234 155 90 20 1 0 0 0 0 0 0 0 0 0 0 0 0 0 0 0
"24" 24 0.538461538462 500 0 0 0 0 0 0 0 0 0 0 0 0 0 0 0 0 0 0 0
"25" 25 0.0609137055838 220 150 102 26 2 0 0 0 0 0 0 0 0 0 0 0 0 0 0 0
"26" 26 0.106918238994 500 0 0 0 0 0 0 0 0 0 0 0 0 0 0 0 0 0 0 0
"27" 27 0.277511961722 294 108 41 31 19 4 2 1 0 0 0 0 0 0 0 0 0 0 0 0
"28" 28 0.010152284264 500 0 0 0 0 0 0 0 0 0 0 0 0 0 0 0 0 0 0 0
"29" 29 0.0596026490066 209 198 33 27 22 8 2 1 0 0 0 0 0 0 0 0 0 0 0 0
"30" 30 0.0290697674419 216 166 105 13 0 0 0 0 0 0 0 0 0 0 0 0 0 0 0 0
"31" 31 0.182692307692 337 65 54 29 5 5 3 1 1 0 0 0 0 0 0 0 0 0 0 0
"32" 32 0.435233160622 328 133 21 11 5 2 0 0 0 0 0 0 0 0 0 0 0 0 0 0
"33" 33 0.224770642202 485 11 2 1 1 0 0 0 0 0 0 0 0 0 0 0 0 0 0 0
"34" 34 0.0460251046025 148 134 43 40 33 29 24 15 14 11 8 1 0 0 0 0 0 0 0 0
"35" 35 0.200729927007 309 165 11 6 5 3 1 0 0 0 0 0 0 0 0 0 0 0 0 0
"36" 36 0.325581395349 260 133 57 48 2 0 0 0 0 0 0 0 0 0 0 0 0 0 0 0
"37" 37 0.0542635658915 189 184 71 35 18 2 1 0 0 0 0 0 0 0 0 0 0 0 0 0
"38" 38 0.183486238532 264 147 59 20 6 2 1 1 0 0 0 0 0 0 0 0 0 0 0 0
"39" 39 0.742616033755 357 143 0 0 0 0 0 0 0 0 0 0 0 0 0 0 0 0 0 0
"40" 40 0.633928571429 288 173 21 13 3 2 0 0 0 0 0 0 0 0 0 0 0 0 0 0
"41" 41 0.647321428571 361 134 5 0 0 0 0 0 0 0 0 0 0 0 0 0 0 0 0 0
"42" 42 0.267441860465 469 27 4 0 0 0 0 0 0 0 0 0 0 0 0 0 0 0 0 0
"43" 43 0.710691823899 491 8 1 0 0 0 0 0 0 0 0 0 0 0 0 0 0 0 0 0
"44" 44 0.233830845771 175 94 82 72 28 27 8 6 4 3 1 0 0 0 0 0 0 0 0 0
"45" 45 0.0 500 0 0 0 0 0 0 0 0 0 0 0 0 0 0 0 0 0 0 0
"46" 46 0.477611940299 240 142 118 0 0 0 0 0 0 0 0 0 0 0 0 0 0 0 0 0
"47" 47 0.473214285714 460 30 6 2 1 1 0 0 0 0 0 0 0 0 0 0 0 0 0 0
"48" 48 0.0 476 18 3 2 1 0 0 0 0 0 0 0 0 0 0 0 0 0 0 0
"49" 49 0.383966244726 262 204 29 3 1 1 0 0 0 0 0 0 0 0 0 0 0 0 0 0
"50" 50 0.430463576159 500 0 0 0 0 0 0 0 0 0 0 0 0 0 0 0 0 0 0 0
"51" 51 0.292775665399 500 0 0 0 0 0 0 0 0 0 0 0 0 0 0 0 0 0 0 0
"52" 52 0.111675126904 409 67 20 2 1 1 0 0 0 0 0 0 0 0 0 0 0 0 0 0
"53" 53 0.316062176166 300 101 87 6 5 1 0 0 0 0 0 0 0 0 0 0 0 0 0 0
"54" 54 0.518987341772 450 39 11 0 0 0 0 0 0 0 0 0 0 0 0 0 0 0 0 0
"55" 55 0.0673076923077 500 0 0 0 0 0 0 0 0 0 0 0 0 0 0 0 0 0 0 0
"56" 56 0.348214285714 461 39 0 0 0 0 0 0 0 0 0 0 0 0 0 0 0 0 0 0
"57" 57 0.223880597015 313 36 33 32 32 26 19 5 1 1 1 1 0 0 0 0 0 0 0 0
"58" 58 0.0574712643678 465 21 6 5 3 0 0 0 0 0 0 0 0 0 0 0 0 0 0 0
"59" 59 0.327044025157 499 1 0 0 0 0 0 0 0 0 0 0 0 0 0 0 0 0 0 0
"60" 60 0.290155440415 199 119 92 42 23 13 7 5 0 0 0 0 0 0 0 0 0 0 0 0
"61" 61 0.776785714286 378 75 47 0 0 0 0 0 0 0 0 0 0 0 0 0 0 0 0 0
"62" 62 0.206896551724 258 123 71 33 4 4 2 2 1 1 1 0 0 0 0 0 0 0 0 0
"63" 63 0.0290697674419 319 70 28 25 24 18 9 4 1 1 1 0 0 0 0 0 0 0 0 0
"64" 64 0.182741116751 201 156 69 48 24 2 0 0 0 0 0 0 0 0 0 0 0 0 0 0
"65" 65 0.403846153846 364 92 24 19 1 0 0 0 0 0 0 0 0 0 0 0 0 0 0 0
"66" 66 0.126903553299 254 182 22 18 5 5 4 3 2 2 1 1 1 0 0 0 0 0 0 0
"67" 67 0.0 500 0 0 0 0 0 0 0 0 0 0 0 0 0 0 0 0 0 0 0
"68" 68 0.481012658228 352 99 35 13 1 0 0 0 0 0 0 0 0 0 0 0 0 0 0 0
"69" 69 0.59375 323 106 49 9 8 4 1 0 0 0 0 0 0 0 0 0 0 0 0 0
"70" 70 0.204379562044 435 56 4 2 2 1 0 0 0 0 0 0 0 0 0 0 0 0 0 0
"71" 71 0.0199004975124 500 0 0 0 0 0 0 0 0 0 0 0 0 0 0 0 0 0 0 0
"72" 72 0.346153846154 349 135 13 3 0 0 0 0 0 0 0 0 0 0 0 0 0 0 0 0
"73" 73 0.459915611814 479 9 6 4 2 0 0 0 0 0 0 0 0 0 0 0 0 0 0 0
"74" 74 0.751295336788 500 0 0 0 0 0 0 0 0 0 0 0 0 0 0 0 0 0 0 0
"75" 75 0.367875647668 491 9 0 0 0 0 0 0 0 0 0 0 0 0 0 0 0 0 0 0
"76" 76 0.00632911392405 500 0 0 0 0 0 0 0 0 0 0 0 0 0 0 0 0 0 0 0
"77" 77 0.53125 457 43 0 0 0 0 0 0 0 0 0 0 0 0 0 0 0 0 0 0
"78" 78 0.594890510949 457 43 0 0 0 0 0 0 0 0 0 0 0 0 0 0 0 0 0 0
"79" 79 0.00961538461538 500 0 0 0 0 0 0 0 0 0 0 0 0 0 0 0 0 0 0 0
"80" 80 0.00418410041841 499 1 0 0 0 0 0 0 0 0 0 0 0 0 0 0 0 0 0 0
"81" 81 0.0 238 174 52 15 9 8 2 2 0 0 0 0 0 0 0 0 0 0 0 0
"82" 82 0.0 500 0 0 0 0 0 0 0 0 0 0 0 0 0 0 0 0 0 0 0
"83" 83 0.0518134715026 290 122 49 29 4 3 2 1 0 0 0 0 0 0 0 0 0 0 0 0
"84" 84 0.0288461538462 500 0 0 0 0 0 0 0 0 0 0 0 0 0 0 0 0 0 0 0
"85" 85 0.0 312 188 0 0 0 0 0 0 0 0 0 0 0 0 0 0 0 0 0 0
"86" 86 0.0251572327044 500 0 0 0 0 0 0 0 0 0 0 0 0 0 0 0 0 0 0 0
"87" 87 0.204379562044 323 53 39 30 18 18 11 7 1 0 0 0 0 0 0 0 0 0 0 0
"88" 88 0.0523255813953 270 137 61 28 2 1 1 0 0 0 0 0 0 0 0 0 0 0 0 0
"89" 89 0.235632183908 489 7 4 0 0 0 0 0 0 0 0 0 0 0 0 0 0 0 0 0
"90" 90 0.333333333333 345 82 38 33 1 1 0 0 0 0 0 0 0 0 0 0 0 0 0 0
"91" 91 0.0179372197309 396 76 26 1 1 0 0 0 0 0 0 0 0 0 0 0 0 0 0 0
"92" 92 0.0 500 0 0 0 0 0 0 0 0 0 0 0 0 0 0 0 0 0 0 0
"93" 93 0.495535714286 437 45 18 0 0 0 0 0 0 0 0 0 0 0 0 0 0 0 0 0
"94" 94 0.131782945736 183 111 57 48 47 26 22 5 1 0 0 0 0 0 0 0 0 0 0 0
"95" 95 0.0 500 0 0 0 0 0 0 0 0 0 0 0 0 0 0 0 0 0 0 0
"96" 96 0.245535714286 255 132 65 45 1 1 1 0 0 0 0 0 0 0 0 0 0 0 0 0
"97" 97 0.602678571429 383 111 4 2 0 0 0 0 0 0 0 0 0 0 0 0 0 0 0 0
"98" 98 0.0710659898477 500 0 0 0 0 0 0 0 0 0 0 0 0 0 0 0 0 0 0 0
"99" 99 0.0149253731343 499 1 0 0 0 0 0 0 0 0 0 0 0 0 0 0 0 0 0 0
"100" 100 0.696428571429 263 237 0 0 0 0 0 0 0 0 0 0 0 0 0 0 0 0 0 0
"101" 101 0.700892857143 301 161 27 11 0 0 0 0 0 0 0 0 0 0 0 0 0 0 0 0
"102" 102 0.311787072243 499 1 0 0 0 0 0 0 0 0 0 0 0 0 0 0 0 0 0 0
"103" 103 0.538461538462 500 0 0 0 0 0 0 0 0 0 0 0 0 0 0 0 0 0 0 0
"104" 104 0.130801687764 499 1 0 0 0 0 0 0 0 0 0 0 0 0 0 0 0 0 0 0
"105" 105 0.553459119497 263 201 34 2 0 0 0 0 0 0 0 0 0 0 0 0 0 0 0 0
"106" 106 0.0507614213198 499 1 0 0 0 0 0 0 0 0 0 0 0 0 0 0 0 0 0 0
"107" 107 0.300518134715 500 0 0 0 0 0 0 0 0 0 0 0 0 0 0 0 0 0 0 0
"108" 108 0.311787072243 421 72 5 1 1 0 0 0 0 0 0 0 0 0 0 0 0 0 0 0
"109" 109 0.0 500 0 0 0 0 0 0 0 0 0 0 0 0 0 0 0 0 0 0 0
"110" 110 0.00507614213198 461 35 3 1 0 0 0 0 0 0 0 0 0 0 0 0 0 0 0 0
"111" 111 0.0615384615385 347 55 34 18 18 9 8 4 3 3 1 0 0 0 0 0 0 0 0 0
"112" 112 0.010152284264 485 13 1 1 0 0 0 0 0 0 0 0 0 0 0 0 0 0 0 0
"113" 113 0.517857142857 395 79 6 6 5 3 2 2 2 0 0 0 0 0 0 0 0 0 0 0
"114" 114 0.0459770114943 329 150 16 5 0 0 0 0 0 0 0 0 0 0 0 0 0 0 0 0
"115" 115 0.383419689119 331 78 61 22 7 1 0 0 0 0 0 0 0 0 0 0 0 0 0 0
"116" 116 0.443037974684 392 106 1 1 0 0 0 0 0 0 0 0 0 0 0 0 0 0 0 0
"117" 117 0.611398963731 331 78 62 22 6 1 0 0 0 0 0 0 0 0 0 0 0 0 0 0
"118" 118 0.298850574713 412 30 28 25 4 1 0 0 0 0 0 0 0 0 0 0 0 0 0 0
"119" 119 0.0 495 5 0 0 0 0 0 0 0 0 0 0 0 0 0 0 0 0 0 0
"120" 120 0.247706422018 396 79 17 7 1 0 0 0 0 0 0 0 0 0 0 0 0 0 0 0
"121" 121 0.397321428571 334 98 47 8 7 5 1 0 0 0 0 0 0 0 0 0 0 0 0 0
"122" 122 0.197080291971 495 4 1 0 0 0 0 0 0 0 0 0 0 0 0 0 0 0 0 0
"123" 123 0.00497512437811 374 77 27 22 0 0 0 0 0 0 0 0 0 0 0 0 0 0 0 0
"124" 124 0.255813953488 374 66 57 3 0 0 0 0 0 0 0 0 0 0 0 0 0 0 0 0
"125" 125 0.0384615384615 248 216 22 6 5 3 0 0 0 0 0 0 0 0 0 0 0 0 0 0
"126" 126 0.13503649635 302 183 8 7 0 0 0 0 0 0 0 0 0 0 0 0 0 0 0 0
"127" 127 0.204379562044 480 10 8 2 0 0 0 0 0 0 0 0 0 0 0 0 0 0 0 0
"128" 128 0.0355329949239 256 136 56 25 18 6 2 1 0 0 0 0 0 0 0 0 0 0 0 0
"129" 129 0.00632911392405 235 176 89 0 0 0 0 0 0 0 0 0 0 0 0 0 0 0 0 0
"130" 130 0.483443708609 241 188 71 0 0 0 0 0 0 0 0 0 0 0 0 0 0 0 0 0
"131" 131 0.551724137931 242 227 20 8 2 1 0 0 0 0 0 0 0 0 0 0 0 0 0 0
"132" 132 0.411392405063 132 121 114 89 37 4 1 1 1 0 0 0 0 0 0 0 0 0 0 0
"133" 133 0.394230769231 500 0 0 0 0 0 0 0 0 0 0 0 0 0 0 0 0 0 0 0
"134" 134 0.0581395348837 295 123 43 26 13 0 0 0 0 0 0 0 0 0 0 0 0 0 0 0
"135" 135 0.186046511628 183 115 77 69 19 16 8 7 3 1 1 1 0 0 0 0 0 0 0 0
"136" 136 0.0570342205323 495 2 2 1 0 0 0 0 0 0 0 0 0 0 0 0 0 0 0 0
"137" 137 0.0622009569378 216 181 68 15 6 6 4 3 1 0 0 0 0 0 0 0 0 0 0 0
"138" 138 0.467661691542 244 238 17 1 0 0 0 0 0 0 0 0 0 0 0 0 0 0 0 0
"139" 139 0.540229885057 135 130 92 80 29 18 9 7 0 0 0 0 0 0 0 0 0 0 0 0
"140" 140 0.523012552301 486 9 5 0 0 0 0 0 0 0 0 0 0 0 0 0 0 0 0 0
"141" 141 0.292307692308 488 12 0 0 0 0 0 0 0 0 0 0 0 0 0 0 0 0 0 0
"142" 142 0.433962264151 500 0 0 0 0 0 0 0 0 0 0 0 0 0 0 0 0 0 0 0
"143" 143 0.100628930818 500 0 0 0 0 0 0 0 0 0 0 0 0 0 0 0 0 0 0 0
"144" 144 0.708860759494 500 0 0 0 0 0 0 0 0 0 0 0 0 0 0 0 0 0 0 0
"145" 145 0.447674418605 500 0 0 0 0 0 0 0 0 0 0 0 0 0 0 0 0 0 0 0
"146" 146 0.710691823899 491 9 0 0 0 0 0 0 0 0 0 0 0 0 0 0 0 0 0 0
"147" 147 0.394230769231 500 0 0 0 0 0 0 0 0 0 0 0 0 0 0 0 0 0 0 0
"148" 148 0.319796954315 496 4 0 0 0 0 0 0 0 0 0 0 0 0 0 0 0 0 0 0
"149" 149 0.0253164556962 390 105 3 2 0 0 0 0 0 0 0 0 0 0 0 0 0 0 0 0
"150" 150 0.352331606218 500 0 0 0 0 0 0 0 0 0 0 0 0 0 0 0 0 0 0 0
"151" 151 0.561181434599 190 172 78 35 25 0 0 0 0 0 0 0 0 0 0 0 0 0 0 0
"152" 152 0.352331606218 382 83 25 9 1 0 0 0 0 0 0 0 0 0 0 0 0 0 0 0
"153" 153 0.432692307692 500 0 0 0 0 0 0 0 0 0 0 0 0 0 0 0 0 0 0 0
"154" 154 0.0769230769231 480 11 9 0 0 0 0 0 0 0 0 0 0 0 0 0 0 0 0 0
"155" 155 0.674107142857 248 241 11 0 0 0 0 0 0 0 0 0 0 0 0 0 0 0 0 0
"156" 156 0.129353233831 500 0 0 0 0 0 0 0 0 0 0 0 0 0 0 0 0 0 0 0
"157" 157 0.365019011407 366 134 0 0 0 0 0 0 0 0 0 0 0 0 0 0 0 0 0 0
"158" 158 0.385650224215 487 10 2 1 0 0 0 0 0 0 0 0 0 0 0 0 0 0 0 0
"159" 159 0.120437956204 298 130 64 3 3 1 1 0 0 0 0 0 0 0 0 0 0 0 0 0
"160" 160 0.627906976744 238 180 51 23 6 1 1 0 0 0 0 0 0 0 0 0 0 0 0 0
"161" 161 0.0569948186528 181 95 92 68 38 9 9 3 2 1 1 1 0 0 0 0 0 0 0 0
"162" 162 0.0 272 74 63 43 20 14 10 3 1 0 0 0 0 0 0 0 0 0 0 0
"163" 163 0.287179487179 352 148 0 0 0 0 0 0 0 0 0 0 0 0 0 0 0 0 0 0
"164" 164 0.665178571429 309 103 81 5 2 0 0 0 0 0 0 0 0 0 0 0 0 0 0 0
"165" 165 0.705357142857 340 85 49 15 11 0 0 0 0 0 0 0 0 0 0 0 0 0 0 0
"166" 166 0.0581395348837 359 50 45 23 13 9 1 0 0 0 0 0 0 0 0 0 0 0 0 0
"167" 167 0.0 500 0 0 0 0 0 0 0 0 0 0 0 0 0 0 0 0 0 0 0
"168" 168 0.443708609272 408 30 27 18 17 0 0 0 0 0 0 0 0 0 0 0 0 0 0 0
"169" 169 0.31223628692 394 61 44 1 0 0 0 0 0 0 0 0 0 0 0 0 0 0 0 0
"170" 170 0.0766423357664 486 8 5 1 0 0 0 0 0 0 0 0 0 0 0 0 0 0 0 0
"171" 171 0.0796019900498 500 0 0 0 0 0 0 0 0 0 0 0 0 0 0 0 0 0 0 0
"172" 172 0.459821428571 326 129 26 16 3 0 0 0 0 0 0 0 0 0 0 0 0 0 0 0
"173" 173 0.0919540229885 399 84 11 3 2 1 0 0 0 0 0 0 0 0 0 0 0 0 0 0
"174" 174 0.0666666666667 397 29 28 13 10 8 7 3 3 2 0 0 0 0 0 0 0 0 0 0
"175" 175 0.334862385321 314 126 57 2 1 0 0 0 0 0 0 0 0 0 0 0 0 0 0 0
"176" 176 0.594936708861 359 141 0 0 0 0 0 0 0 0 0 0 0 0 0 0 0 0 0 0
"177" 177 0.174887892377 459 32 6 2 1 0 0 0 0 0 0 0 0 0 0 0 0 0 0 0
"178" 178 0.186046511628 409 59 21 5 4 1 1 0 0 0 0 0 0 0 0 0 0 0 0 0
"179" 179 0.470852017937 413 56 27 2 2 0 0 0 0 0 0 0 0 0 0 0 0 0 0 0
"180" 180 0.301886792453 499 1 0 0 0 0 0 0 0 0 0 0 0 0 0 0 0 0 0 0
"181" 181 0.0348258706468 500 0 0 0 0 0 0 0 0 0 0 0 0 0 0 0 0 0 0 0
"182" 182 0.109452736318 389 59 15 14 6 4 4 3 3 3 0 0 0 0 0 0 0 0 0 0
"183" 183 0.455958549223 364 75 36 19 6 0 0 0 0 0 0 0 0 0 0 0 0 0 0 0
"184" 184 0.125523012552 425 71 4 0 0 0 0 0 0 0 0 0 0 0 0 0 0 0 0 0
"185" 185 0.00380228136882 498 2 0 0 0 0 0 0 0 0 0 0 0 0 0 0 0 0 0 0
"186" 186 0.503311258278 349 151 0 0 0 0 0 0 0 0 0 0 0 0 0 0 0 0 0 0
"187" 187 0.651785714286 259 207 33 1 0 0 0 0 0 0 0 0 0 0 0 0 0 0 0 0
"188" 188 0.329113924051 226 195 77 2 0 0 0 0 0 0 0 0 0 0 0 0 0 0 0 0
"189" 189 0.615384615385 500 0 0 0 0 0 0 0 0 0 0 0 0 0 0 0 0 0 0 0
"190" 190 0.15969581749 471 29 0 0 0 0 0 0 0 0 0 0 0 0 0 0 0 0 0 0
"191" 191 0.179104477612 500 0 0 0 0 0 0 0 0 0 0 0 0 0 0 0 0 0 0 0
"192" 192 0.077519379845 408 35 17 16 6 6 6 5 1 0 0 0 0 0 0 0 0 0 0 0
"193" 193 0.487179487179 398 61 18 9 8 6 0 0 0 0 0 0 0 0 0 0 0 0 0 0
"194" 194 0.0402298850575 462 38 0 0 0 0 0 0 0 0 0 0 0 0 0 0 0 0 0 0
"195" 195 0.405128205128 497 2 1 0 0 0 0 0 0 0 0 0 0 0 0 0 0 0 0 0
"196" 196 0.0288461538462 479 21 0 0 0 0 0 0 0 0 0 0 0 0 0 0 0 0 0 0
"197" 197 0.408071748879 374 77 49 0 0 0 0 0 0 0 0 0 0 0 0 0 0 0 0 0
"198" 198 0.29197080292 391 107 2 0 0 0 0 0 0 0 0 0 0 0 0 0 0 0 0 0
"199" 199 0.616580310881 291 207 2 0 0 0 0 0 0 0 0 0 0 0 0 0 0 0 0 0
"200" 200 0.243654822335 370 61 31 14 14 4 2 2 1 1 0 0 0 0 0 0 0 0 0 0
"201" 201 0.488789237668 327 169 2 1 1 0 0 0 0 0 0 0 0 0 0 0 0 0 0 0
"202" 202 0.414507772021 284 192 24 0 0 0 0 0 0 0 0 0 0 0 0 0 0 0 0 0
"203" 203 0.0229885057471 393 107 0 0 0 0 0 0 0 0 0 0 0 0 0 0 0 0 0 0
"204" 204 0.0456273764259 335 96 35 14 11 5 3 1 0 0 0 0 0 0 0 0 0 0 0 0
"205" 205 0.333333333333 195 150 101 51 2 1 0 0 0 0 0 0 0 0 0 0 0 0 0 0
"206" 206 0.295336787565 328 172 0 0 0 0 0 0 0 0 0 0 0 0 0 0 0 0 0 0
"207" 207 0.00574712643678 414 39 25 14 4 3 1 0 0 0 0 0 0 0 0 0 0 0 0 0
"208" 208 0.37552742616 235 208 18 15 6 6 6 4 1 1 0 0 0 0 0 0 0 0 0 0
"209" 209 0.683937823834 257 189 54 0 0 0 0 0 0 0 0 0 0 0 0 0 0 0 0 0
"210" 210 0.203980099502 419 40 13 10 8 3 3 1 1 1 1 0 0 0 0 0 0 0 0 0
"211" 211 0.00497512437811 214 156 111 13 3 2 1 0 0 0 0 0 0 0 0 0 0 0 0 0
"212" 212 0.576923076923 469 30 1 0 0 0 0 0 0 0 0 0 0 0 0 0 0 0 0 0
"213" 213 0.807692307692 500 0 0 0 0 0 0 0 0 0 0 0 0 0 0 0 0 0 0 0
"214" 214 0.10447761194 436 59 2 2 1 0 0 0 0 0 0 0 0 0 0 0 0 0 0 0
"215" 215 0.881856540084 478 22 0 0 0 0 0 0 0 0 0 0 0 0 0 0 0 0 0 0
