"site" "RSA" "aa1" "aa2" "aa3" "aa4" "aa5" "aa6" "aa7" "aa8" "aa9" "aa10" "aa11" "aa12" "aa13" "aa14" "aa15" "aa16" "aa17" "aa18" "aa19" "aa20"
"0" 0 0.230769230769 470 21 9 0 0 0 0 0 0 0 0 0 0 0 0 0 0 0 0 0
"1" 1 0.558974358974 419 72 6 3 0 0 0 0 0 0 0 0 0 0 0 0 0 0 0 0
"2" 2 0.43654822335 459 25 16 0 0 0 0 0 0 0 0 0 0 0 0 0 0 0 0 0
"3" 3 0.071129707113 462 38 0 0 0 0 0 0 0 0 0 0 0 0 0 0 0 0 0 0
"4" 4 0.0697674418605 364 130 6 0 0 0 0 0 0 0 0 0 0 0 0 0 0 0 0 0
"5" 5 0.507692307692 479 13 6 2 0 0 0 0 0 0 0 0 0 0 0 0 0 0 0 0
"6" 6 0.0945273631841 367 133 0 0 0 0 0 0 0 0 0 0 0 0 0 0 0 0 0 0
"7" 7 0.0 487 11 1 1 0 0 0 0 0 0 0 0 0 0 0 0 0 0 0 0
"8" 8 0.447257383966 386 70 30 7 6 1 0 0 0 0 0 0 0 0 0 0 0 0 0 0
"9" 9 0.528846153846 440 60 0 0 0 0 0 0 0 0 0 0 0 0 0 0 0 0 0 0
"10" 10 0.134328358209 500 0 0 0 0 0 0 0 0 0 0 0 0 0 0 0 0 0 0 0
"11" 11 0.317991631799 425 36 29 9 1 0 0 0 0 0 0 0 0 0 0 0 0 0 0 0
"12" 12 0.615384615385 500 0 0 0 0 0 0 0 0 0 0 0 0 0 0 0 0 0 0 0
"13" 13 0.573839662447 383 117 0 0 0 0 0 0 0 0 0 0 0 0 0 0 0 0 0 0
"14" 14 0.772151898734 500 0 0 0 0 0 0 0 0 0 0 0 0 0 0 0 0 0 0 0
"15" 15 0.352678571429 500 0 0 0 0 0 0 0 0 0 0 0 0 0 0 0 0 0 0 0
"16" 16 0.0596330275229 500 0 0 0 0 0 0 0 0 0 0 0 0 0 0 0 0 0 0 0
"17" 17 0.120437956204 376 120 2 1 1 0 0 0 0 0 0 0 0 0 0 0 0 0 0 0
"18" 18 0.0 497 2 1 0 0 0 0 0 0 0 0 0 0 0 0 0 0 0 0 0
"19" 19 0.0 479 15 5 1 0 0 0 0 0 0 0 0 0 0 0 0 0 0 0 0
"20" 20 0.0 497 3 0 0 0 0 0 0 0 0 0 0 0 0 0 0 0 0 0 0
"21" 21 0.0 277 125 37 33 9 7 4 3 2 2 1 0 0 0 0 0 0 0 0 0
"22" 22 0.0 500 0 0 0 0 0 0 0 0 0 0 0 0 0 0 0 0 0 0 0
"23" 23 0.0696517412935 474 16 10 0 0 0 0 0 0 0 0 0 0 0 0 0 0 0 0 0
"24" 24 0.424870466321 450 50 0 0 0 0 0 0 0 0 0 0 0 0 0 0 0 0 0 0
"25" 25 0.527131782946 500 0 0 0 0 0 0 0 0 0 0 0 0 0 0 0 0 0 0 0
"26" 26 0.015503875969 499 1 0 0 0 0 0 0 0 0 0 0 0 0 0 0 0 0 0 0
"27" 27 0.115384615385 500 0 0 0 0 0 0 0 0 0 0 0 0 0 0 0 0 0 0 0
"28" 28 0.0295358649789 495 3 1 1 0 0 0 0 0 0 0 0 0 0 0 0 0 0 0 0
"29" 29 0.348837209302 249 107 70 56 8 4 3 1 1 1 0 0 0 0 0 0 0 0 0 0
"30" 30 0.343023255814 367 44 43 22 21 2 1 0 0 0 0 0 0 0 0 0 0 0 0 0
"31" 31 0.010152284264 500 0 0 0 0 0 0 0 0 0 0 0 0 0 0 0 0 0 0 0
"32" 32 0.00995024875622 481 19 0 0 0 0 0 0 0 0 0 0 0 0 0 0 0 0 0 0
"33" 33 0.608365019011 384 98 18 0 0 0 0 0 0 0 0 0 0 0 0 0 0 0 0 0
"34" 34 0.345991561181 381 83 24 7 5 0 0 0 0 0 0 0 0 0 0 0 0 0 0 0
"35" 35 0.0199004975124 500 0 0 0 0 0 0 0 0 0 0 0 0 0 0 0 0 0 0 0
"36" 36 0.573839662447 470 30 0 0 0 0 0 0 0 0 0 0 0 0 0 0 0 0 0 0
"37" 37 0.0547263681592 500 0 0 0 0 0 0 0 0 0 0 0 0 0 0 0 0 0 0 0
"38" 38 0.394230769231 500 0 0 0 0 0 0 0 0 0 0 0 0 0 0 0 0 0 0 0
"39" 39 0.705357142857 500 0 0 0 0 0 0 0 0 0 0 0 0 0 0 0 0 0 0 0
"40" 40 0.248730964467 490 9 1 0 0 0 0 0 0 0 0 0 0 0 0 0 0 0 0 0
"41" 41 0.396551724138 497 3 0 0 0 0 0 0 0 0 0 0 0 0 0 0 0 0 0 0
"42" 42 0.453488372093 126 100 97 70 53 28 15 6 3 1 1 0 0 0 0 0 0 0 0 0
"43" 43 0.401162790698 307 180 13 0 0 0 0 0 0 0 0 0 0 0 0 0 0 0 0 0
"44" 44 0.502538071066 300 81 38 34 23 13 11 0 0 0 0 0 0 0 0 0 0 0 0 0
"45" 45 0.295597484277 323 73 69 13 9 6 5 2 0 0 0 0 0 0 0 0 0 0 0 0
"46" 46 0.279069767442 405 55 38 2 0 0 0 0 0 0 0 0 0 0 0 0 0 0 0 0
"47" 47 0.680203045685 500 0 0 0 0 0 0 0 0 0 0 0 0 0 0 0 0 0 0 0
"48" 48 0.471153846154 500 0 0 0 0 0 0 0 0 0 0 0 0 0 0 0 0 0 0 0
"49" 49 0.0209205020921 223 144 39 25 23 18 10 6 6 3 2 1 0 0 0 0 0 0 0 0
"50" 50 0.466666666667 241 95 88 37 32 3 3 1 0 0 0 0 0 0 0 0 0 0 0 0
"51" 51 0.0 330 93 39 20 8 4 3 2 1 0 0 0 0 0 0 0 0 0 0 0
"52" 52 0.133928571429 150 107 92 56 42 26 7 6 5 4 2 2 1 0 0 0 0 0 0 0
"53" 53 0.21511627907 241 170 65 14 10 0 0 0 0 0 0 0 0 0 0 0 0 0 0 0
"54" 54 0.0172413793103 500 0 0 0 0 0 0 0 0 0 0 0 0 0 0 0 0 0 0 0
"55" 55 0.540178571429 444 43 10 3 0 0 0 0 0 0 0 0 0 0 0 0 0 0 0 0
"56" 56 0.239543726236 375 77 48 0 0 0 0 0 0 0 0 0 0 0 0 0 0 0 0 0
"57" 57 0.409282700422 500 0 0 0 0 0 0 0 0 0 0 0 0 0 0 0 0 0 0 0
"58" 58 0.0769230769231 491 9 0 0 0 0 0 0 0 0 0 0 0 0 0 0 0 0 0 0
"59" 59 0.0 500 0 0 0 0 0 0 0 0 0 0 0 0 0 0 0 0 0 0 0
"60" 60 0.0198675496689 256 164 47 19 14 0 0 0 0 0 0 0 0 0 0 0 0 0 0 0
"61" 61 0.00418410041841 496 2 2 0 0 0 0 0 0 0 0 0 0 0 0 0 0 0 0 0
"62" 62 0.00581395348837 413 83 2 1 1 0 0 0 0 0 0 0 0 0 0 0 0 0 0 0
"63" 63 0.0 217 143 92 19 14 11 3 1 0 0 0 0 0 0 0 0 0 0 0 0
"64" 64 0.0106382978723 297 127 36 14 11 10 3 1 1 0 0 0 0 0 0 0 0 0 0 0
"65" 65 0.419689119171 446 50 3 1 0 0 0 0 0 0 0 0 0 0 0 0 0 0 0 0
"66" 66 0.051724137931 487 6 3 1 1 1 1 0 0 0 0 0 0 0 0 0 0 0 0 0
"67" 67 0.298076923077 500 0 0 0 0 0 0 0 0 0 0 0 0 0 0 0 0 0 0 0
"68" 68 0.634615384615 500 0 0 0 0 0 0 0 0 0 0 0 0 0 0 0 0 0 0 0
"69" 69 0.165919282511 186 177 52 36 27 10 7 4 1 0 0 0 0 0 0 0 0 0 0 0
"70" 70 0.373056994819 449 51 0 0 0 0 0 0 0 0 0 0 0 0 0 0 0 0 0 0
"71" 71 0.637130801688 500 0 0 0 0 0 0 0 0 0 0 0 0 0 0 0 0 0 0 0
"72" 72 0.558375634518 500 0 0 0 0 0 0 0 0 0 0 0 0 0 0 0 0 0 0 0
"73" 73 0.543795620438 238 147 114 1 0 0 0 0 0 0 0 0 0 0 0 0 0 0 0 0
"74" 74 0.220125786164 270 205 24 1 0 0 0 0 0 0 0 0 0 0 0 0 0 0 0 0
"75" 75 0.26368159204 239 138 40 36 19 12 7 4 2 2 1 0 0 0 0 0 0 0 0 0
"76" 76 0.0780141843972 173 130 85 57 29 15 7 4 0 0 0 0 0 0 0 0 0 0 0 0
"77" 77 0.448905109489 491 9 0 0 0 0 0 0 0 0 0 0 0 0 0 0 0 0 0 0
"78" 78 0.66985645933 500 0 0 0 0 0 0 0 0 0 0 0 0 0 0 0 0 0 0 0
"79" 79 0.167300380228 327 134 17 14 2 2 2 1 1 0 0 0 0 0 0 0 0 0 0 0
"80" 80 0.00836820083682 315 94 42 37 3 3 2 2 1 1 0 0 0 0 0 0 0 0 0 0
"81" 81 0.461883408072 500 0 0 0 0 0 0 0 0 0 0 0 0 0 0 0 0 0 0 0
"82" 82 0.189743589744 329 82 45 44 0 0 0 0 0 0 0 0 0 0 0 0 0 0 0 0
"83" 83 0.0232558139535 500 0 0 0 0 0 0 0 0 0 0 0 0 0 0 0 0 0 0 0
"84" 84 0.313901345291 496 4 0 0 0 0 0 0 0 0 0 0 0 0 0 0 0 0 0 0
"85" 85 0.0 498 2 0 0 0 0 0 0 0 0 0 0 0 0 0 0 0 0 0 0
"86" 86 0.0149253731343 462 36 2 0 0 0 0 0 0 0 0 0 0 0 0 0 0 0 0 0
"87" 87 0.010152284264 488 10 2 0 0 0 0 0 0 0 0 0 0 0 0 0 0 0 0 0
"88" 88 0.00418410041841 500 0 0 0 0 0 0 0 0 0 0 0 0 0 0 0 0 0 0 0
"89" 89 0.0 499 1 0 0 0 0 0 0 0 0 0 0 0 0 0 0 0 0 0 0
"90" 90 0.0402298850575 488 6 5 1 0 0 0 0 0 0 0 0 0 0 0 0 0 0 0 0
"91" 91 0.145077720207 412 86 2 0 0 0 0 0 0 0 0 0 0 0 0 0 0 0 0 0
"92" 92 0.0 500 0 0 0 0 0 0 0 0 0 0 0 0 0 0 0 0 0 0 0
"93" 93 0.230769230769 424 75 1 0 0 0 0 0 0 0 0 0 0 0 0 0 0 0 0 0
"94" 94 0.150259067358 488 12 0 0 0 0 0 0 0 0 0 0 0 0 0 0 0 0 0 0
"95" 95 0.379562043796 458 18 8 6 5 2 1 1 1 0 0 0 0 0 0 0 0 0 0 0
"96" 96 0.638392857143 500 0 0 0 0 0 0 0 0 0 0 0 0 0 0 0 0 0 0 0
"97" 97 0.288321167883 486 12 2 0 0 0 0 0 0 0 0 0 0 0 0 0 0 0 0 0
"98" 98 0.0459770114943 280 204 14 2 0 0 0 0 0 0 0 0 0 0 0 0 0 0 0 0
"99" 99 0.507692307692 486 10 4 0 0 0 0 0 0 0 0 0 0 0 0 0 0 0 0 0
"100" 100 0.272321428571 482 12 5 1 0 0 0 0 0 0 0 0 0 0 0 0 0 0 0 0
"101" 101 0.0232558139535 474 16 4 4 2 0 0 0 0 0 0 0 0 0 0 0 0 0 0 0
"102" 102 0.332116788321 471 17 12 0 0 0 0 0 0 0 0 0 0 0 0 0 0 0 0 0
"103" 103 0.419642857143 457 17 9 9 5 2 1 0 0 0 0 0 0 0 0 0 0 0 0 0
"104" 104 0.03125 498 2 0 0 0 0 0 0 0 0 0 0 0 0 0 0 0 0 0 0
"105" 105 0.0 486 14 0 0 0 0 0 0 0 0 0 0 0 0 0 0 0 0 0 0
"106" 106 0.238532110092 473 21 4 2 0 0 0 0 0 0 0 0 0 0 0 0 0 0 0 0
"107" 107 0.474452554745 495 3 1 1 0 0 0 0 0 0 0 0 0 0 0 0 0 0 0 0
"108" 108 0.0229357798165 403 47 23 13 4 4 3 2 1 0 0 0 0 0 0 0 0 0 0 0
"109" 109 0.0696517412935 486 14 0 0 0 0 0 0 0 0 0 0 0 0 0 0 0 0 0 0
"110" 110 0.581395348837 483 17 0 0 0 0 0 0 0 0 0 0 0 0 0 0 0 0 0 0
"111" 111 0.232142857143 317 146 19 9 2 2 2 1 1 1 0 0 0 0 0 0 0 0 0 0
"112" 112 0.678756476684 365 80 55 0 0 0 0 0 0 0 0 0 0 0 0 0 0 0 0 0
"113" 113 0.428571428571 499 1 0 0 0 0 0 0 0 0 0 0 0 0 0 0 0 0 0 0
"114" 114 0.00497512437811 462 37 1 0 0 0 0 0 0 0 0 0 0 0 0 0 0 0 0 0
"115" 115 0.448905109489 365 135 0 0 0 0 0 0 0 0 0 0 0 0 0 0 0 0 0 0
"116" 116 0.642487046632 493 4 3 0 0 0 0 0 0 0 0 0 0 0 0 0 0 0 0 0
"117" 117 0.0232558139535 500 0 0 0 0 0 0 0 0 0 0 0 0 0 0 0 0 0 0 0
"118" 118 0.0114942528736 261 239 0 0 0 0 0 0 0 0 0 0 0 0 0 0 0 0 0 0
"119" 119 0.00497512437811 486 14 0 0 0 0 0 0 0 0 0 0 0 0 0 0 0 0 0 0
"120" 120 0.0 500 0 0 0 0 0 0 0 0 0 0 0 0 0 0 0 0 0 0 0
"121" 121 0.0 498 2 0 0 0 0 0 0 0 0 0 0 0 0 0 0 0 0 0 0
"122" 122 0.00418410041841 499 1 0 0 0 0 0 0 0 0 0 0 0 0 0 0 0 0 0 0
"123" 123 0.0 294 201 5 0 0 0 0 0 0 0 0 0 0 0 0 0 0 0 0 0
"124" 124 0.025641025641 497 3 0 0 0 0 0 0 0 0 0 0 0 0 0 0 0 0 0 0
"125" 125 0.227848101266 332 87 76 4 1 0 0 0 0 0 0 0 0 0 0 0 0 0 0 0
"126" 126 0.22869955157 301 99 84 16 0 0 0 0 0 0 0 0 0 0 0 0 0 0 0 0
"127" 127 0.538860103627 486 10 2 1 1 0 0 0 0 0 0 0 0 0 0 0 0 0 0 0
"128" 128 0.298507462687 500 0 0 0 0 0 0 0 0 0 0 0 0 0 0 0 0 0 0 0
"129" 129 0.805031446541 500 0 0 0 0 0 0 0 0 0 0 0 0 0 0 0 0 0 0 0
"130" 130 0.476923076923 500 0 0 0 0 0 0 0 0 0 0 0 0 0 0 0 0 0 0 0
"131" 131 0.147286821705 500 0 0 0 0 0 0 0 0 0 0 0 0 0 0 0 0 0 0 0
"132" 132 0.0229357798165 366 87 20 8 8 4 4 1 1 1 0 0 0 0 0 0 0 0 0 0
"133" 133 0.415384615385 500 0 0 0 0 0 0 0 0 0 0 0 0 0 0 0 0 0 0 0
"134" 134 0.22480620155 316 102 76 5 1 0 0 0 0 0 0 0 0 0 0 0 0 0 0 0
"135" 135 0.527131782946 313 99 88 0 0 0 0 0 0 0 0 0 0 0 0 0 0 0 0 0
"136" 136 0.330357142857 312 165 13 8 2 0 0 0 0 0 0 0 0 0 0 0 0 0 0 0
"137" 137 0.0 278 201 15 5 1 0 0 0 0 0 0 0 0 0 0 0 0 0 0 0
"138" 138 0.0813953488372 234 175 88 3 0 0 0 0 0 0 0 0 0 0 0 0 0 0 0 0
"139" 139 0.668393782383 170 164 113 41 11 1 0 0 0 0 0 0 0 0 0 0 0 0 0 0
"140" 140 0.481012658228 244 101 55 41 25 14 13 7 0 0 0 0 0 0 0 0 0 0 0 0
"141" 141 0.0 500 0 0 0 0 0 0 0 0 0 0 0 0 0 0 0 0 0 0 0
"142" 142 0.125 500 0 0 0 0 0 0 0 0 0 0 0 0 0 0 0 0 0 0 0
"143" 143 0.0 498 2 0 0 0 0 0 0 0 0 0 0 0 0 0 0 0 0 0 0
"144" 144 0.626794258373 241 152 88 7 6 3 3 0 0 0 0 0 0 0 0 0 0 0 0 0
"145" 145 0.516556291391 248 241 5 3 2 1 0 0 0 0 0 0 0 0 0 0 0 0 0 0
"146" 146 0.124378109453 486 14 0 0 0 0 0 0 0 0 0 0 0 0 0 0 0 0 0 0
"147" 147 0.678832116788 500 0 0 0 0 0 0 0 0 0 0 0 0 0 0 0 0 0 0 0
"148" 148 0.918660287081 500 0 0 0 0 0 0 0 0 0 0 0 0 0 0 0 0 0 0 0
"149" 149 0.109489051095 377 109 7 7 0 0 0 0 0 0 0 0 0 0 0 0 0 0 0 0
"150" 150 0.348717948718 315 133 26 15 9 2 0 0 0 0 0 0 0 0 0 0 0 0 0 0
"151" 151 0.191489361702 500 0 0 0 0 0 0 0 0 0 0 0 0 0 0 0 0 0 0 0
"152" 152 0.307984790875 500 0 0 0 0 0 0 0 0 0 0 0 0 0 0 0 0 0 0 0
"153" 153 0.147208121827 498 2 0 0 0 0 0 0 0 0 0 0 0 0 0 0 0 0 0 0
"154" 154 0.116591928251 500 0 0 0 0 0 0 0 0 0 0 0 0 0 0 0 0 0 0 0
"155" 155 0.279069767442 301 101 76 16 6 0 0 0 0 0 0 0 0 0 0 0 0 0 0 0
"156" 156 0.0 499 1 0 0 0 0 0 0 0 0 0 0 0 0 0 0 0 0 0 0
"157" 157 0.0443037974684 448 45 4 1 1 1 0 0 0 0 0 0 0 0 0 0 0 0 0 0
"158" 158 0.0232558139535 500 0 0 0 0 0 0 0 0 0 0 0 0 0 0 0 0 0 0 0
"159" 159 0.540697674419 394 55 33 17 1 0 0 0 0 0 0 0 0 0 0 0 0 0 0 0
"160" 160 0.556291390728 453 27 13 3 2 2 0 0 0 0 0 0 0 0 0 0 0 0 0 0
"161" 161 0.221153846154 500 0 0 0 0 0 0 0 0 0 0 0 0 0 0 0 0 0 0 0
"162" 162 0.528497409326 361 102 19 11 7 0 0 0 0 0 0 0 0 0 0 0 0 0 0 0
"163" 163 0.0 500 0 0 0 0 0 0 0 0 0 0 0 0 0 0 0 0 0 0 0
"164" 164 0.00497512437811 500 0 0 0 0 0 0 0 0 0 0 0 0 0 0 0 0 0 0 0
"165" 165 0.319391634981 366 134 0 0 0 0 0 0 0 0 0 0 0 0 0 0 0 0 0 0
"166" 166 0.370535714286 308 163 29 0 0 0 0 0 0 0 0 0 0 0 0 0 0 0 0 0
"167" 167 0.0 500 0 0 0 0 0 0 0 0 0 0 0 0 0 0 0 0 0 0 0
"168" 168 0.0149253731343 489 8 2 1 0 0 0 0 0 0 0 0 0 0 0 0 0 0 0 0
"169" 169 0.331606217617 324 173 2 1 0 0 0 0 0 0 0 0 0 0 0 0 0 0 0 0
"170" 170 0.131205673759 500 0 0 0 0 0 0 0 0 0 0 0 0 0 0 0 0 0 0 0
"171" 171 0.0 498 2 0 0 0 0 0 0 0 0 0 0 0 0 0 0 0 0 0 0
"172" 172 0.0662251655629 500 0 0 0 0 0 0 0 0 0 0 0 0 0 0 0 0 0 0 0
"173" 173 0.353846153846 487 7 4 2 0 0 0 0 0 0 0 0 0 0 0 0 0 0 0 0
"174" 174 0.125560538117 268 165 67 0 0 0 0 0 0 0 0 0 0 0 0 0 0 0 0 0
"175" 175 0.044776119403 500 0 0 0 0 0 0 0 0 0 0 0 0 0 0 0 0 0 0 0
"176" 176 0.204379562044 467 33 0 0 0 0 0 0 0 0 0 0 0 0 0 0 0 0 0 0
"177" 177 0.651282051282 278 160 62 0 0 0 0 0 0 0 0 0 0 0 0 0 0 0 0 0
"178" 178 0.452914798206 239 236 15 10 0 0 0 0 0 0 0 0 0 0 0 0 0 0 0 0
"179" 179 1.03797468354 358 138 4 0 0 0 0 0 0 0 0 0 0 0 0 0 0 0 0 0
