"site" "RSA" "aa1" "aa2" "aa3" "aa4" "aa5" "aa6" "aa7" "aa8" "aa9" "aa10" "aa11" "aa12" "aa13" "aa14" "aa15" "aa16" "aa17" "aa18" "aa19" "aa20"
"0" 0 0.816513761468 30 21 0 0 0 0 0 0 0 0 0 0 0 0 0 0 0 0 0 0
"1" 1 0.384105960265 47 42 15 11 11 6 2 1 1 0 0 0 0 0 0 0 0 0 0 0
"2" 2 0.312820512821 67 43 31 17 11 6 5 1 1 0 0 0 0 0 0 0 0 0 0 0
"3" 3 0.0 245 16 8 6 3 2 2 1 0 0 0 0 0 0 0 0 0 0 0 0
"4" 4 0.121338912134 179 101 7 3 1 1 0 0 0 0 0 0 0 0 0 0 0 0 0 0
"5" 5 0.0 256 19 13 2 1 0 0 0 0 0 0 0 0 0 0 0 0 0 0 0
"6" 6 0.238341968912 260 10 5 5 3 3 2 1 1 0 0 0 0 0 0 0 0 0 0 0
"7" 7 0.0152284263959 182 77 18 8 3 2 1 1 0 0 0 0 0 0 0 0 0 0 0 0
"8" 8 0.0988372093023 81 67 41 35 17 11 8 8 7 4 4 3 2 2 1 1 0 0 0 0
"9" 9 0.320675105485 182 37 31 8 6 6 5 4 3 3 2 2 2 1 1 1 0 0 0 0
"10" 10 0.589743589744 161 75 42 5 3 2 2 1 1 0 0 0 0 0 0 0 0 0 0 0
"11" 11 0.576923076923 177 33 32 14 13 10 9 2 2 1 1 1 0 0 0 0 0 0 0 0
"12" 12 0.434108527132 75 64 39 26 17 13 12 12 11 10 8 2 2 1 1 1 1 0 0 0
"13" 13 0.74213836478 143 39 20 18 17 11 10 6 5 5 4 3 3 2 2 1 1 0 0 0
"14" 14 0.278606965174 116 64 39 25 10 8 8 7 6 6 4 3 1 1 0 0 0 0 0 0
"15" 15 0.269230769231 285 5 5 3 2 2 1 1 0 0 0 0 0 0 0 0 0 0 0 0
"16" 16 0.290697674419 262 16 10 4 2 2 2 2 1 1 1 1 0 0 0 0 0 0 0 0
"17" 17 0.0 229 60 9 5 1 1 0 0 0 0 0 0 0 0 0 0 0 0 0 0
"18" 18 0.354430379747 144 40 38 30 17 7 7 6 4 4 3 2 1 1 1 0 0 0 0 0
"19" 19 0.0 118 97 70 17 4 0 0 0 0 0 0 0 0 0 0 0 0 0 0 0
"20" 20 0.354430379747 161 76 32 9 8 6 4 3 3 2 2 1 0 0 0 0 0 0 0 0
"21" 21 0.0696517412935 300 4 2 1 1 0 0 0 0 0 0 0 0 0 0 0 0 0 0 0
"22" 22 0.196652719665 162 75 58 2 2 2 2 2 1 1 0 0 0 0 0 0 0 0 0 0
"23" 23 0.0984455958549 82 81 51 38 17 13 6 5 4 3 2 2 1 1 1 0 0 0 0 0
"24" 24 0.875647668394 215 38 21 18 6 3 3 2 1 0 0 0 0 0 0 0 0 0 0 0
"25" 25 0.183908045977 164 42 40 20 15 8 5 4 3 1 1 1 0 0 0 0 0 0 0 0
"26" 26 0.0 255 34 10 4 4 1 0 0 0 0 0 0 0 0 0 0 0 0 0 0
"27" 27 0.396226415094 310 0 0 0 0 0 0 0 0 0 0 0 0 0 0 0 0 0 0 0
"28" 28 0.573839662447 248 30 9 5 4 4 3 3 2 1 1 0 0 0 0 0 0 0 0 0
"29" 29 0.0 309 1 0 0 0 0 0 0 0 0 0 0 0 0 0 0 0 0 0 0
"30" 30 0.0 224 56 16 8 5 1 0 0 0 0 0 0 0 0 0 0 0 0 0 0
"31" 31 0.279069767442 234 22 21 16 7 5 3 2 1 0 0 0 0 0 0 0 0 0 0 0
"32" 32 0.0 309 1 1 0 0 0 0 0 0 0 0 0 0 0 0 0 0 0 0 0
"33" 33 0.0 309 2 0 0 0 0 0 0 0 0 0 0 0 0 0 0 0 0 0 0
"34" 34 0.0912408759124 251 18 11 7 6 5 3 3 2 2 1 1 1 0 0 0 0 0 0 0
"35" 35 0.031007751938 180 42 32 25 11 5 4 3 3 2 1 1 1 1 1 0 0 0 0 0
"36" 36 0.00497512437811 300 8 2 1 1 0 0 0 0 0 0 0 0 0 0 0 0 0 0 0
"37" 37 0.0126582278481 243 51 14 1 1 1 1 0 0 0 0 0 0 0 0 0 0 0 0 0
"38" 38 0.302325581395 270 13 6 5 4 4 3 2 2 2 1 0 0 0 0 0 0 0 0 0
"39" 39 0.278846153846 266 22 10 6 2 2 2 1 1 0 0 0 0 0 0 0 0 0 0 0
"40" 40 0.589285714286 251 13 12 10 7 6 3 3 2 2 2 1 0 0 0 0 0 0 0 0
"41" 41 0.485232067511 218 18 15 15 11 8 6 5 3 3 3 2 2 2 1 0 0 0 0 0
"42" 42 0.701923076923 271 13 6 5 4 3 2 2 1 1 1 1 1 1 0 0 0 0 0 0
"43" 43 0.238493723849 150 29 27 24 23 19 11 7 7 6 3 2 2 1 1 0 0 0 0 0
"44" 44 0.105769230769 284 8 8 6 3 1 1 0 0 0 0 0 0 0 0 0 0 0 0 0
"45" 45 0.0 255 51 2 2 1 0 0 0 0 0 0 0 0 0 0 0 0 0 0 0
"46" 46 0.511627906977 233 26 20 10 9 6 4 1 1 1 1 0 0 0 0 0 0 0 0 0
"47" 47 0.336538461538 258 31 11 4 2 1 1 1 1 1 1 0 0 0 0 0 0 0 0 0
"48" 48 0.046357615894 264 28 9 4 4 1 1 1 0 0 0 0 0 0 0 0 0 0 0 0
"49" 49 0.191387559809 58 51 49 44 27 18 14 12 10 9 6 4 3 2 2 2 1 0 0 0
"50" 50 0.0 306 2 2 1 1 0 0 0 0 0 0 0 0 0 0 0 0 0 0 0
"51" 51 0.11961722488 311 1 0 0 0 0 0 0 0 0 0 0 0 0 0 0 0 0 0 0
"52" 52 0.361313868613 311 1 0 0 0 0 0 0 0 0 0 0 0 0 0 0 0 0 0 0
"53" 53 0.00574712643678 183 126 2 1 0 0 0 0 0 0 0 0 0 0 0 0 0 0 0 0
"54" 54 0.121827411168 306 3 1 1 1 0 0 0 0 0 0 0 0 0 0 0 0 0 0 0
"55" 55 0.301886792453 206 81 7 6 3 2 2 2 1 1 1 0 0 0 0 0 0 0 0 0
"56" 56 0.663212435233 71 71 63 56 20 15 11 3 1 1 0 0 0 0 0 0 0 0 0 0
"57" 57 0.192468619247 311 1 0 0 0 0 0 0 0 0 0 0 0 0 0 0 0 0 0 0
"58" 58 0.0137614678899 308 3 1 0 0 0 0 0 0 0 0 0 0 0 0 0 0 0 0 0
"59" 59 0.0 119 104 57 17 10 4 1 0 0 0 0 0 0 0 0 0 0 0 0 0
"60" 60 0.139013452915 311 1 0 0 0 0 0 0 0 0 0 0 0 0 0 0 0 0 0 0
"61" 61 0.0 304 5 2 1 0 0 0 0 0 0 0 0 0 0 0 0 0 0 0 0
"62" 62 0.0 312 0 0 0 0 0 0 0 0 0 0 0 0 0 0 0 0 0 0 0
"63" 63 0.0103626943005 311 1 0 0 0 0 0 0 0 0 0 0 0 0 0 0 0 0 0 0
"64" 64 0.188284518828 283 21 4 3 1 0 0 0 0 0 0 0 0 0 0 0 0 0 0 0
"65" 65 0.488372093023 260 12 11 10 8 4 3 2 2 0 0 0 0 0 0 0 0 0 0 0
"66" 66 0.364341085271 109 81 35 32 16 10 5 5 5 4 4 2 1 1 1 1 0 0 0 0
"67" 67 0.201923076923 185 71 17 9 8 6 3 3 2 2 2 2 1 1 0 0 0 0 0 0
"68" 68 0.502564102564 199 103 3 2 2 1 1 1 0 0 0 0 0 0 0 0 0 0 0 0
"69" 69 0.298076923077 311 1 0 0 0 0 0 0 0 0 0 0 0 0 0 0 0 0 0 0
"70" 70 0.651162790698 271 17 8 6 3 2 2 1 1 1 0 0 0 0 0 0 0 0 0 0
"71" 71 0.173076923077 311 0 0 0 0 0 0 0 0 0 0 0 0 0 0 0 0 0 0 0
"72" 72 0.182692307692 296 10 3 1 1 1 0 0 0 0 0 0 0 0 0 0 0 0 0 0
"73" 73 0.35864978903 150 95 28 8 7 6 3 3 2 2 2 2 2 1 1 0 0 0 0 0
"74" 74 0.0198675496689 307 3 2 0 0 0 0 0 0 0 0 0 0 0 0 0 0 0 0 0
"75" 75 0.203045685279 306 6 0 0 0 0 0 0 0 0 0 0 0 0 0 0 0 0 0 0
"76" 76 0.406844106464 303 5 2 2 0 0 0 0 0 0 0 0 0 0 0 0 0 0 0 0
"77" 77 0.355769230769 306 4 1 1 0 0 0 0 0 0 0 0 0 0 0 0 0 0 0 0
"78" 78 0.573643410853 95 35 32 28 23 23 22 17 11 7 5 4 4 2 2 1 1 0 0 0
"79" 79 0.514767932489 217 43 25 5 5 3 3 2 1 1 1 1 1 1 1 1 1 0 0 0
"80" 80 0.100418410042 311 1 0 0 0 0 0 0 0 0 0 0 0 0 0 0 0 0 0 0
"81" 81 0.449612403101 91 74 61 35 22 12 6 5 3 2 1 0 0 0 0 0 0 0 0 0
"82" 82 0.124352331606 312 0 0 0 0 0 0 0 0 0 0 0 0 0 0 0 0 0 0 0
"83" 83 0.236607142857 310 1 1 0 0 0 0 0 0 0 0 0 0 0 0 0 0 0 0 0
"84" 84 0.235897435897 279 15 5 4 3 3 3 0 0 0 0 0 0 0 0 0 0 0 0 0
"85" 85 0.334728033473 306 5 1 0 0 0 0 0 0 0 0 0 0 0 0 0 0 0 0 0
"86" 86 0.587443946188 97 37 37 35 24 18 16 15 12 9 3 3 2 1 1 1 1 0 0 0
"87" 87 0.218905472637 201 26 20 15 8 7 7 7 7 4 4 3 2 1 0 0 0 0 0 0
"88" 88 0.552742616034 223 33 14 8 7 6 6 3 2 2 2 2 2 1 1 0 0 0 0 0
"89" 89 0.0 310 1 1 0 0 0 0 0 0 0 0 0 0 0 0 0 0 0 0 0
"90" 90 0.420512820513 135 56 24 18 17 13 12 10 6 5 4 4 3 2 1 0 0 0 0 0
"91" 91 0.324894514768 157 51 41 13 8 8 7 6 5 2 2 1 1 1 0 0 0 0 0 0
"92" 92 0.37106918239 221 33 18 7 7 6 5 3 3 3 2 2 1 1 0 0 0 0 0 0
"93" 93 0.0192307692308 272 28 8 2 1 1 0 0 0 0 0 0 0 0 0 0 0 0 0 0
"94" 94 0.0199004975124 112 61 40 32 20 12 9 7 6 5 2 2 1 1 1 1 0 0 0 0
"95" 95 0.0 296 12 3 1 0 0 0 0 0 0 0 0 0 0 0 0 0 0 0 0
"96" 96 0.0 311 1 0 0 0 0 0 0 0 0 0 0 0 0 0 0 0 0 0 0
"97" 97 0.0 309 1 1 1 0 0 0 0 0 0 0 0 0 0 0 0 0 0 0 0
"98" 98 0.062015503876 311 1 0 0 0 0 0 0 0 0 0 0 0 0 0 0 0 0 0 0
"99" 99 0.225641025641 312 0 0 0 0 0 0 0 0 0 0 0 0 0 0 0 0 0 0 0
"100" 100 0.635658914729 238 53 9 7 2 2 1 0 0 0 0 0 0 0 0 0 0 0 0 0
"101" 101 0.240384615385 310 1 1 0 0 0 0 0 0 0 0 0 0 0 0 0 0 0 0 0
"102" 102 0.654088050314 235 35 20 12 4 2 2 2 0 0 0 0 0 0 0 0 0 0 0 0
"103" 103 0.476923076923 229 53 19 9 1 1 0 0 0 0 0 0 0 0 0 0 0 0 0 0
"104" 104 0.156976744186 297 15 0 0 0 0 0 0 0 0 0 0 0 0 0 0 0 0 0 0
"105" 105 0.0 311 1 0 0 0 0 0 0 0 0 0 0 0 0 0 0 0 0 0 0
"106" 106 0.0961538461538 299 9 1 1 1 1 0 0 0 0 0 0 0 0 0 0 0 0 0 0
"107" 107 0.00662251655629 301 9 2 0 0 0 0 0 0 0 0 0 0 0 0 0 0 0 0 0
"108" 108 0.103139013453 310 2 0 0 0 0 0 0 0 0 0 0 0 0 0 0 0 0 0 0
"109" 109 0.0 310 1 1 0 0 0 0 0 0 0 0 0 0 0 0 0 0 0 0 0
"110" 110 0.0209205020921 309 1 1 0 0 0 0 0 0 0 0 0 0 0 0 0 0 0 0 0
"111" 111 0.0 267 28 14 2 0 0 0 0 0 0 0 0 0 0 0 0 0 0 0 0
"112" 112 0.0 210 96 2 2 1 0 0 0 0 0 0 0 0 0 0 0 0 0 0 0
"113" 113 0.0988372093023 256 18 12 11 10 2 1 1 0 0 0 0 0 0 0 0 0 0 0 0
"114" 114 0.252873563218 156 64 19 16 15 11 9 6 5 4 3 2 1 0 0 0 0 0 0 0
"115" 115 0.390804597701 117 66 30 20 19 14 13 12 7 5 3 3 1 1 0 0 0 0 0 0
"116" 116 0.0 258 37 8 3 2 1 1 1 0 0 0 0 0 0 0 0 0 0 0 0
"117" 117 0.403973509934 131 80 35 31 12 11 5 3 1 1 1 0 0 0 0 0 0 0 0 0
"118" 118 0.535460992908 247 49 9 2 1 1 1 1 0 0 0 0 0 0 0 0 0 0 0 0
"119" 119 0.089552238806 311 0 0 0 0 0 0 0 0 0 0 0 0 0 0 0 0 0 0 0
"120" 120 0.238341968912 284 26 1 0 0 0 0 0 0 0 0 0 0 0 0 0 0 0 0 0
"121" 121 0.413461538462 266 28 6 3 2 2 1 1 1 1 0 0 0 0 0 0 0 0 0 0
"122" 122 0.540084388186 231 53 11 4 2 2 2 2 1 1 1 1 0 0 0 0 0 0 0 0
"123" 123 0.157894736842 309 1 1 0 0 0 0 0 0 0 0 0 0 0 0 0 0 0 0 0
"124" 124 0.0 289 18 4 0 0 0 0 0 0 0 0 0 0 0 0 0 0 0 0 0
"125" 125 0.0172413793103 308 3 0 0 0 0 0 0 0 0 0 0 0 0 0 0 0 0 0 0
"126" 126 0.0 308 2 0 0 0 0 0 0 0 0 0 0 0 0 0 0 0 0 0 0
"127" 127 0.0 309 0 0 0 0 0 0 0 0 0 0 0 0 0 0 0 0 0 0 0
"128" 128 0.205357142857 93 76 47 42 16 14 8 4 3 3 2 1 0 0 0 0 0 0 0 0
"129" 129 0.0862068965517 289 12 7 1 0 0 0 0 0 0 0 0 0 0 0 0 0 0 0 0
"130" 130 0.380710659898 107 76 58 24 13 9 7 6 3 3 1 1 0 0 0 0 0 0 0 0
"131" 131 0.481865284974 155 66 29 28 12 8 3 3 1 1 1 1 0 0 0 0 0 0 0 0
"132" 132 0.0288461538462 287 12 5 2 1 1 0 0 0 0 0 0 0 0 0 0 0 0 0 0
"133" 133 0.238532110092 178 33 26 16 15 12 8 5 3 3 3 2 1 1 1 1 0 0 0 0
"134" 134 0.625641025641 178 35 29 25 10 7 6 5 4 3 3 1 1 0 0 0 0 0 0 0
"135" 135 0.0287356321839 215 51 20 14 2 2 2 1 0 0 0 0 0 0 0 0 0 0 0 0
"136" 136 0.0 263 25 14 2 2 1 0 0 0 0 0 0 0 0 0 0 0 0 0 0
"137" 137 0.544303797468 129 95 18 17 14 8 7 7 3 3 2 2 1 1 0 0 0 0 0 0
"138" 138 0.255813953488 131 61 26 19 18 11 11 8 7 5 3 2 2 1 1 1 0 0 0 0
"139" 139 0.0 177 53 37 35 2 1 1 1 0 0 0 0 0 0 0 0 0 0 0 0
"140" 140 0.129464285714 292 4 4 3 2 1 1 0 0 0 0 0 0 0 0 0 0 0 0 0
"141" 141 0.488372093023 73 73 40 40 19 15 10 10 9 4 4 3 2 1 1 1 1 0 0 0
"142" 142 0.138392857143 68 37 35 33 23 20 19 13 13 11 9 8 8 5 1 1 1 1 0 0
"143" 143 0.0192307692308 197 34 19 15 12 6 5 5 5 4 1 0 0 0 0 0 0 0 0 0
"144" 144 0.165562913907 155 104 12 8 7 6 3 2 2 1 1 1 1 1 0 0 0 0 0 0
"145" 145 0.721153846154 59 52 40 27 27 21 18 17 15 12 5 4 3 2 1 1 0 0 0 0
"146" 146 0.562913907285 165 30 23 16 16 10 10 8 8 6 4 4 3 1 1 0 0 0 0 0
"147" 147 0.0192307692308 222 54 15 8 3 2 1 0 0 0 0 0 0 0 0 0 0 0 0 0
"148" 148 0.64135021097 132 61 30 23 15 15 6 4 4 3 2 2 2 1 1 1 0 0 0 0
"149" 149 0.188679245283 198 79 12 4 3 1 1 1 1 0 0 0 0 0 0 0 0 0 0 0
"150" 150 0.700729927007 73 68 37 29 21 15 14 8 7 6 5 5 4 3 1 1 0 0 0 0
"151" 151 0.0993377483444 105 43 37 24 20 13 9 8 7 6 6 5 4 4 2 2 1 1 0 0
"152" 152 0.368613138686 83 45 39 29 29 16 14 11 10 9 4 3 2 1 1 0 0 0 0 0
"153" 153 0.0 177 76 24 8 4 3 2 2 1 0 0 0 0 0 0 0 0 0 0 0
"154" 154 0.236607142857 91 63 49 27 17 12 10 8 7 7 3 2 0 0 0 0 0 0 0 0
"155" 155 0.0 263 28 2 1 1 1 0 0 0 0 0 0 0 0 0 0 0 0 0 0
"156" 156 0.356589147287 102 57 36 34 27 7 7 6 5 3 3 2 2 1 1 1 1 1 0 0
"157" 157 0.523206751055 163 40 30 21 21 11 6 2 1 1 0 0 0 0 0 0 0 0 0 0
"158" 158 0.107594936709 206 72 15 1 1 0 0 0 0 0 0 0 0 0 0 0 0 0 0 0
"159" 159 0.0769230769231 286 2 1 0 0 0 0 0 0 0 0 0 0 0 0 0 0 0 0 0
"160" 160 0.367816091954 29 16 16 8 6 4 1 1 0 0 0 0 0 0 0 0 0 0 0 0
"161" 161 0.645569620253 39 11 6 4 2 0 0 0 0 0 0 0 0 0 0 0 0 0 0 0
