"site" "RSA" "aa1" "aa2" "aa3" "aa4" "aa5" "aa6" "aa7" "aa8" "aa9" "aa10" "aa11" "aa12" "aa13" "aa14" "aa15" "aa16" "aa17" "aa18" "aa19" "aa20"
"0" 0 0.283582089552 453 45 1 1 0 0 0 0 0 0 0 0 0 0 0 0 0 0 0 0
"1" 1 0.171532846715 426 72 1 1 0 0 0 0 0 0 0 0 0 0 0 0 0 0 0 0
"2" 2 0.0 496 2 2 0 0 0 0 0 0 0 0 0 0 0 0 0 0 0 0 0
"3" 3 0.0 500 0 0 0 0 0 0 0 0 0 0 0 0 0 0 0 0 0 0 0
"4" 4 0.0 500 0 0 0 0 0 0 0 0 0 0 0 0 0 0 0 0 0 0 0
"5" 5 0.100775193798 409 55 28 3 2 1 1 1 0 0 0 0 0 0 0 0 0 0 0 0
"6" 6 0.0287356321839 486 9 5 0 0 0 0 0 0 0 0 0 0 0 0 0 0 0 0 0
"7" 7 0.282700421941 224 123 78 37 10 9 9 6 2 1 1 0 0 0 0 0 0 0 0 0
"8" 8 0.244525547445 438 42 17 2 1 0 0 0 0 0 0 0 0 0 0 0 0 0 0 0
"9" 9 0.00574712643678 497 3 0 0 0 0 0 0 0 0 0 0 0 0 0 0 0 0 0 0
"10" 10 0.106598984772 490 10 0 0 0 0 0 0 0 0 0 0 0 0 0 0 0 0 0 0
"11" 11 0.124352331606 332 81 53 18 16 0 0 0 0 0 0 0 0 0 0 0 0 0 0 0
"12" 12 0.661596958175 409 42 23 14 8 3 1 0 0 0 0 0 0 0 0 0 0 0 0 0
"13" 13 0.573643410853 396 49 35 19 1 0 0 0 0 0 0 0 0 0 0 0 0 0 0 0
"14" 14 0.270114942529 499 1 0 0 0 0 0 0 0 0 0 0 0 0 0 0 0 0 0 0
"15" 15 0.814345991561 500 0 0 0 0 0 0 0 0 0 0 0 0 0 0 0 0 0 0 0
"16" 16 0.456852791878 429 71 0 0 0 0 0 0 0 0 0 0 0 0 0 0 0 0 0 0
"17" 17 0.580291970803 268 223 9 0 0 0 0 0 0 0 0 0 0 0 0 0 0 0 0 0
"18" 18 0.132183908046 470 22 5 2 1 0 0 0 0 0 0 0 0 0 0 0 0 0 0 0
"19" 19 0.286919831224 359 74 65 1 1 0 0 0 0 0 0 0 0 0 0 0 0 0 0 0
"20" 20 0.817610062893 425 75 0 0 0 0 0 0 0 0 0 0 0 0 0 0 0 0 0 0
"21" 21 0.502590673575 426 46 28 0 0 0 0 0 0 0 0 0 0 0 0 0 0 0 0 0
"22" 22 0.43795620438 363 125 8 3 1 0 0 0 0 0 0 0 0 0 0 0 0 0 0 0
"23" 23 0.424418604651 500 0 0 0 0 0 0 0 0 0 0 0 0 0 0 0 0 0 0 0
"24" 24 0.0480769230769 500 0 0 0 0 0 0 0 0 0 0 0 0 0 0 0 0 0 0 0
"25" 25 0.264367816092 485 10 3 1 1 0 0 0 0 0 0 0 0 0 0 0 0 0 0 0
"26" 26 0.16091954023 223 116 111 39 9 2 0 0 0 0 0 0 0 0 0 0 0 0 0 0
"27" 27 0.325581395349 283 185 32 0 0 0 0 0 0 0 0 0 0 0 0 0 0 0 0 0
"28" 28 0.730569948187 500 0 0 0 0 0 0 0 0 0 0 0 0 0 0 0 0 0 0 0
"29" 29 0.884615384615 500 0 0 0 0 0 0 0 0 0 0 0 0 0 0 0 0 0 0 0
"30" 30 0.166666666667 497 2 1 0 0 0 0 0 0 0 0 0 0 0 0 0 0 0 0 0
"31" 31 0.535864978903 331 116 53 0 0 0 0 0 0 0 0 0 0 0 0 0 0 0 0 0
"32" 32 0.191387559809 196 140 58 55 32 19 0 0 0 0 0 0 0 0 0 0 0 0 0 0
"33" 33 0.192052980132 222 211 41 13 13 0 0 0 0 0 0 0 0 0 0 0 0 0 0 0
"34" 34 0.0366972477064 439 25 22 5 4 4 1 0 0 0 0 0 0 0 0 0 0 0 0 0
"35" 35 0.00512820512821 500 0 0 0 0 0 0 0 0 0 0 0 0 0 0 0 0 0 0 0
"36" 36 0.182389937107 492 2 2 1 1 1 1 0 0 0 0 0 0 0 0 0 0 0 0 0
"37" 37 0.092050209205 255 140 65 39 1 0 0 0 0 0 0 0 0 0 0 0 0 0 0 0
"38" 38 0.0443037974684 361 123 15 1 0 0 0 0 0 0 0 0 0 0 0 0 0 0 0 0
"39" 39 0.303571428571 291 183 16 9 1 0 0 0 0 0 0 0 0 0 0 0 0 0 0 0
"40" 40 0.0304568527919 331 109 52 8 0 0 0 0 0 0 0 0 0 0 0 0 0 0 0 0
"41" 41 0.0 500 0 0 0 0 0 0 0 0 0 0 0 0 0 0 0 0 0 0 0
"42" 42 0.00574712643678 468 23 6 3 0 0 0 0 0 0 0 0 0 0 0 0 0 0 0 0
"43" 43 0.0178571428571 297 203 0 0 0 0 0 0 0 0 0 0 0 0 0 0 0 0 0 0
"44" 44 0.0267857142857 246 237 8 8 1 0 0 0 0 0 0 0 0 0 0 0 0 0 0 0
"45" 45 0.0 500 0 0 0 0 0 0 0 0 0 0 0 0 0 0 0 0 0 0 0
"46" 46 0.0172413793103 275 172 45 4 2 2 0 0 0 0 0 0 0 0 0 0 0 0 0 0
"47" 47 0.306569343066 269 195 14 13 9 0 0 0 0 0 0 0 0 0 0 0 0 0 0 0
"48" 48 0.00995024875622 496 4 0 0 0 0 0 0 0 0 0 0 0 0 0 0 0 0 0 0
"49" 49 0.206751054852 326 169 5 0 0 0 0 0 0 0 0 0 0 0 0 0 0 0 0 0
"50" 50 0.522321428571 321 123 29 13 11 2 1 0 0 0 0 0 0 0 0 0 0 0 0 0
"51" 51 0.493670886076 438 40 19 2 1 0 0 0 0 0 0 0 0 0 0 0 0 0 0 0
"52" 52 0.810126582278 500 0 0 0 0 0 0 0 0 0 0 0 0 0 0 0 0 0 0 0
"53" 53 0.358208955224 408 86 6 0 0 0 0 0 0 0 0 0 0 0 0 0 0 0 0 0
"54" 54 0.0402298850575 496 2 2 0 0 0 0 0 0 0 0 0 0 0 0 0 0 0 0 0
"55" 55 0.721518987342 500 0 0 0 0 0 0 0 0 0 0 0 0 0 0 0 0 0 0 0
"56" 56 0.205357142857 305 186 7 2 0 0 0 0 0 0 0 0 0 0 0 0 0 0 0 0
"57" 57 0.0 500 0 0 0 0 0 0 0 0 0 0 0 0 0 0 0 0 0 0 0
"58" 58 0.0 470 26 3 1 0 0 0 0 0 0 0 0 0 0 0 0 0 0 0 0
"59" 59 0.0077519379845 491 4 4 1 0 0 0 0 0 0 0 0 0 0 0 0 0 0 0 0
"60" 60 0.0114942528736 257 242 1 0 0 0 0 0 0 0 0 0 0 0 0 0 0 0 0 0
"61" 61 0.0198675496689 393 107 0 0 0 0 0 0 0 0 0 0 0 0 0 0 0 0 0 0
"62" 62 0.126582278481 399 70 30 1 0 0 0 0 0 0 0 0 0 0 0 0 0 0 0 0
"63" 63 0.0288461538462 500 0 0 0 0 0 0 0 0 0 0 0 0 0 0 0 0 0 0 0
"64" 64 0.138364779874 250 175 60 10 3 2 0 0 0 0 0 0 0 0 0 0 0 0 0 0
"65" 65 0.348837209302 270 145 57 28 0 0 0 0 0 0 0 0 0 0 0 0 0 0 0 0
"66" 66 0.412556053812 200 191 60 45 4 0 0 0 0 0 0 0 0 0 0 0 0 0 0 0
"67" 67 0.0253164556962 150 137 104 102 3 3 1 0 0 0 0 0 0 0 0 0 0 0 0 0
"68" 68 0.210762331839 249 148 49 34 19 1 0 0 0 0 0 0 0 0 0 0 0 0 0 0
"69" 69 0.53125 197 160 65 33 23 12 9 1 0 0 0 0 0 0 0 0 0 0 0 0
"70" 70 0.0406976744186 436 58 5 1 0 0 0 0 0 0 0 0 0 0 0 0 0 0 0 0
"71" 71 0.0 499 1 0 0 0 0 0 0 0 0 0 0 0 0 0 0 0 0 0 0
"72" 72 0.171532846715 185 164 146 5 0 0 0 0 0 0 0 0 0 0 0 0 0 0 0 0
"73" 73 0.372093023256 198 162 62 32 21 13 5 2 2 1 1 1 0 0 0 0 0 0 0 0
"74" 74 0.0 489 6 4 1 0 0 0 0 0 0 0 0 0 0 0 0 0 0 0 0
"75" 75 0.0 500 0 0 0 0 0 0 0 0 0 0 0 0 0 0 0 0 0 0 0
"76" 76 0.062015503876 493 7 0 0 0 0 0 0 0 0 0 0 0 0 0 0 0 0 0 0
"77" 77 0.0550458715596 500 0 0 0 0 0 0 0 0 0 0 0 0 0 0 0 0 0 0 0
"78" 78 0.144230769231 500 0 0 0 0 0 0 0 0 0 0 0 0 0 0 0 0 0 0 0
"79" 79 0.0077519379845 499 1 0 0 0 0 0 0 0 0 0 0 0 0 0 0 0 0 0 0
"80" 80 0.295336787565 495 5 0 0 0 0 0 0 0 0 0 0 0 0 0 0 0 0 0 0
"81" 81 0.211678832117 257 114 63 39 22 2 2 1 0 0 0 0 0 0 0 0 0 0 0 0
"82" 82 0.00961538461538 499 1 0 0 0 0 0 0 0 0 0 0 0 0 0 0 0 0 0 0
"83" 83 0.00507614213198 422 78 0 0 0 0 0 0 0 0 0 0 0 0 0 0 0 0 0 0
"84" 84 0.0 275 222 3 0 0 0 0 0 0 0 0 0 0 0 0 0 0 0 0 0
"85" 85 0.0 474 26 0 0 0 0 0 0 0 0 0 0 0 0 0 0 0 0 0 0
"86" 86 0.308035714286 413 39 28 14 4 1 1 0 0 0 0 0 0 0 0 0 0 0 0 0
"87" 87 0.0114942528736 499 1 0 0 0 0 0 0 0 0 0 0 0 0 0 0 0 0 0 0
"88" 88 0.389937106918 461 25 11 2 1 0 0 0 0 0 0 0 0 0 0 0 0 0 0 0
"89" 89 0.572327044025 431 45 24 0 0 0 0 0 0 0 0 0 0 0 0 0 0 0 0 0
"90" 90 0.511627906977 269 216 9 5 1 0 0 0 0 0 0 0 0 0 0 0 0 0 0 0
"91" 91 0.433035714286 428 53 9 5 4 1 0 0 0 0 0 0 0 0 0 0 0 0 0 0
"92" 92 0.162790697674 265 118 49 47 19 2 0 0 0 0 0 0 0 0 0 0 0 0 0 0
"93" 93 0.584821428571 500 0 0 0 0 0 0 0 0 0 0 0 0 0 0 0 0 0 0 0
"94" 94 0.576642335766 488 12 0 0 0 0 0 0 0 0 0 0 0 0 0 0 0 0 0 0
"95" 95 0.189054726368 428 70 2 0 0 0 0 0 0 0 0 0 0 0 0 0 0 0 0 0
"96" 96 0.163461538462 303 99 53 24 16 5 0 0 0 0 0 0 0 0 0 0 0 0 0 0
"97" 97 0.0754716981132 479 16 3 2 0 0 0 0 0 0 0 0 0 0 0 0 0 0 0 0
"98" 98 0.338308457711 435 26 18 8 7 3 2 1 0 0 0 0 0 0 0 0 0 0 0 0
"99" 99 0.0313901345291 261 185 44 8 2 0 0 0 0 0 0 0 0 0 0 0 0 0 0 0
"100" 100 0.172413793103 276 173 38 7 2 1 1 1 1 0 0 0 0 0 0 0 0 0 0 0
"101" 101 0.0 480 20 0 0 0 0 0 0 0 0 0 0 0 0 0 0 0 0 0 0
"102" 102 0.36496350365 346 74 51 21 6 1 1 0 0 0 0 0 0 0 0 0 0 0 0 0
"103" 103 0.0229885057471 470 30 0 0 0 0 0 0 0 0 0 0 0 0 0 0 0 0 0 0
"104" 104 0.00995024875622 491 3 2 1 1 1 1 0 0 0 0 0 0 0 0 0 0 0 0 0
"105" 105 0.031007751938 494 6 0 0 0 0 0 0 0 0 0 0 0 0 0 0 0 0 0 0
"106" 106 0.215189873418 497 2 1 0 0 0 0 0 0 0 0 0 0 0 0 0 0 0 0 0
"107" 107 0.0 239 218 43 0 0 0 0 0 0 0 0 0 0 0 0 0 0 0 0 0
"108" 108 0.0077519379845 494 6 0 0 0 0 0 0 0 0 0 0 0 0 0 0 0 0 0 0
"109" 109 0.59375 500 0 0 0 0 0 0 0 0 0 0 0 0 0 0 0 0 0 0 0
"110" 110 0.438818565401 360 86 39 6 4 2 2 1 0 0 0 0 0 0 0 0 0 0 0 0
"111" 111 0.0848214285714 342 64 47 29 13 2 1 1 1 0 0 0 0 0 0 0 0 0 0 0
"112" 112 0.645569620253 500 0 0 0 0 0 0 0 0 0 0 0 0 0 0 0 0 0 0 0
"113" 113 0.0344827586207 497 2 1 0 0 0 0 0 0 0 0 0 0 0 0 0 0 0 0 0
"114" 114 0.305699481865 500 0 0 0 0 0 0 0 0 0 0 0 0 0 0 0 0 0 0 0
"115" 115 0.00497512437811 314 140 44 2 0 0 0 0 0 0 0 0 0 0 0 0 0 0 0 0
"116" 116 0.0 494 6 0 0 0 0 0 0 0 0 0 0 0 0 0 0 0 0 0 0
"117" 117 0.00497512437811 498 2 0 0 0 0 0 0 0 0 0 0 0 0 0 0 0 0 0 0
"118" 118 0.0348258706468 291 180 17 7 2 2 1 0 0 0 0 0 0 0 0 0 0 0 0 0
"119" 119 0.125 500 0 0 0 0 0 0 0 0 0 0 0 0 0 0 0 0 0 0 0
"120" 120 0.206751054852 209 88 76 54 50 14 4 4 1 0 0 0 0 0 0 0 0 0 0 0
"121" 121 0.219730941704 174 149 69 45 35 22 4 1 1 0 0 0 0 0 0 0 0 0 0 0
"122" 122 0.100775193798 463 27 7 1 1 1 0 0 0 0 0 0 0 0 0 0 0 0 0 0
"123" 123 0.243654822335 479 11 4 2 2 1 1 0 0 0 0 0 0 0 0 0 0 0 0 0
"124" 124 0.39896373057 414 59 22 4 1 0 0 0 0 0 0 0 0 0 0 0 0 0 0 0
"125" 125 0.316062176166 206 173 76 20 16 5 2 2 0 0 0 0 0 0 0 0 0 0 0 0
"126" 126 0.497409326425 286 183 23 8 0 0 0 0 0 0 0 0 0 0 0 0 0 0 0 0
"127" 127 0.272151898734 321 150 16 9 2 2 0 0 0 0 0 0 0 0 0 0 0 0 0 0
"128" 128 0.194871794872 376 79 21 13 9 1 1 0 0 0 0 0 0 0 0 0 0 0 0 0
"129" 129 0.390134529148 497 3 0 0 0 0 0 0 0 0 0 0 0 0 0 0 0 0 0 0
"130" 130 0.197674418605 269 176 31 16 5 3 0 0 0 0 0 0 0 0 0 0 0 0 0 0
"131" 131 0.0288461538462 418 49 25 5 3 0 0 0 0 0 0 0 0 0 0 0 0 0 0 0
"132" 132 0.215246636771 491 7 2 0 0 0 0 0 0 0 0 0 0 0 0 0 0 0 0 0
"133" 133 0.275229357798 317 129 26 16 6 2 2 1 1 0 0 0 0 0 0 0 0 0 0 0
"134" 134 0.0 493 7 0 0 0 0 0 0 0 0 0 0 0 0 0 0 0 0 0 0
"135" 135 0.0 480 20 0 0 0 0 0 0 0 0 0 0 0 0 0 0 0 0 0 0
"136" 136 0.423076923077 338 151 11 0 0 0 0 0 0 0 0 0 0 0 0 0 0 0 0 0
"137" 137 0.330543933054 309 141 26 20 3 1 0 0 0 0 0 0 0 0 0 0 0 0 0 0
"138" 138 0.109452736318 494 6 0 0 0 0 0 0 0 0 0 0 0 0 0 0 0 0 0 0
"139" 139 0.772020725389 500 0 0 0 0 0 0 0 0 0 0 0 0 0 0 0 0 0 0 0
"140" 140 0.170212765957 500 0 0 0 0 0 0 0 0 0 0 0 0 0 0 0 0 0 0 0
"141" 141 0.301886792453 359 141 0 0 0 0 0 0 0 0 0 0 0 0 0 0 0 0 0 0
"142" 142 0.367713004484 472 20 5 3 0 0 0 0 0 0 0 0 0 0 0 0 0 0 0 0
"143" 143 0.0 500 0 0 0 0 0 0 0 0 0 0 0 0 0 0 0 0 0 0 0
"144" 144 0.0348837209302 491 5 4 0 0 0 0 0 0 0 0 0 0 0 0 0 0 0 0 0
"145" 145 0.192468619247 316 164 16 3 1 0 0 0 0 0 0 0 0 0 0 0 0 0 0 0
"146" 146 0.0 498 2 0 0 0 0 0 0 0 0 0 0 0 0 0 0 0 0 0 0
"147" 147 0.0860927152318 260 195 26 19 0 0 0 0 0 0 0 0 0 0 0 0 0 0 0 0
"148" 148 0.367713004484 387 69 29 14 1 0 0 0 0 0 0 0 0 0 0 0 0 0 0 0
"149" 149 0.0229885057471 251 245 3 1 0 0 0 0 0 0 0 0 0 0 0 0 0 0 0 0
"150" 150 0.226744186047 327 83 37 26 22 3 1 1 0 0 0 0 0 0 0 0 0 0 0 0
"151" 151 0.114427860697 259 235 4 1 1 0 0 0 0 0 0 0 0 0 0 0 0 0 0 0
"152" 152 0.433035714286 225 121 83 51 12 2 2 2 2 0 0 0 0 0 0 0 0 0 0 0
"153" 153 0.625 500 0 0 0 0 0 0 0 0 0 0 0 0 0 0 0 0 0 0 0
"154" 154 0.528497409326 254 246 0 0 0 0 0 0 0 0 0 0 0 0 0 0 0 0 0 0
"155" 155 0.244725738397 365 111 14 7 3 0 0 0 0 0 0 0 0 0 0 0 0 0 0 0
"156" 156 0.0 485 7 3 2 2 1 0 0 0 0 0 0 0 0 0 0 0 0 0 0
"157" 157 0.35864978903 126 121 84 81 76 3 2 2 2 2 1 0 0 0 0 0 0 0 0 0
"158" 158 0.0 500 0 0 0 0 0 0 0 0 0 0 0 0 0 0 0 0 0 0 0
"159" 159 0.290178571429 178 87 80 72 47 31 4 1 0 0 0 0 0 0 0 0 0 0 0 0
"160" 160 0.131386861314 331 133 36 0 0 0 0 0 0 0 0 0 0 0 0 0 0 0 0 0
"161" 161 0.254464285714 200 110 95 56 19 5 5 4 3 2 1 0 0 0 0 0 0 0 0 0
"162" 162 0.319796954315 453 45 2 0 0 0 0 0 0 0 0 0 0 0 0 0 0 0 0 0
"163" 163 0.943005181347 363 73 59 5 0 0 0 0 0 0 0 0 0 0 0 0 0 0 0 0
"164" 164 0.817307692308 295 203 2 0 0 0 0 0 0 0 0 0 0 0 0 0 0 0 0 0
"165" 165 0.326923076923 500 0 0 0 0 0 0 0 0 0 0 0 0 0 0 0 0 0 0 0
"166" 166 0.437810945274 325 109 39 8 5 4 3 3 2 2 0 0 0 0 0 0 0 0 0 0
"167" 167 0.321428571429 263 125 88 23 1 0 0 0 0 0 0 0 0 0 0 0 0 0 0 0
"168" 168 0.459302325581 150 94 83 81 44 14 11 10 8 5 0 0 0 0 0 0 0 0 0 0
"169" 169 0.28855721393 264 205 23 8 0 0 0 0 0 0 0 0 0 0 0 0 0 0 0 0
"170" 170 0.64598540146 205 132 64 51 15 12 10 6 5 0 0 0 0 0 0 0 0 0 0 0
"171" 171 0.0796019900498 500 0 0 0 0 0 0 0 0 0 0 0 0 0 0 0 0 0 0 0
"172" 172 0.582278481013 280 141 79 0 0 0 0 0 0 0 0 0 0 0 0 0 0 0 0 0
"173" 173 0.174129353234 493 3 3 1 0 0 0 0 0 0 0 0 0 0 0 0 0 0 0 0
"174" 174 0.276729559748 500 0 0 0 0 0 0 0 0 0 0 0 0 0 0 0 0 0 0 0
"175" 175 0.0 398 89 11 2 0 0 0 0 0 0 0 0 0 0 0 0 0 0 0 0
"176" 176 0.0 500 0 0 0 0 0 0 0 0 0 0 0 0 0 0 0 0 0 0 0
"177" 177 0.0 485 12 2 1 0 0 0 0 0 0 0 0 0 0 0 0 0 0 0 0
"178" 178 0.00581395348837 491 7 2 0 0 0 0 0 0 0 0 0 0 0 0 0 0 0 0 0
"179" 179 0.0 331 169 0 0 0 0 0 0 0 0 0 0 0 0 0 0 0 0 0 0
"180" 180 0.0777202072539 384 96 14 6 0 0 0 0 0 0 0 0 0 0 0 0 0 0 0 0
"181" 181 0.492537313433 226 130 47 44 34 16 3 0 0 0 0 0 0 0 0 0 0 0 0 0
"182" 182 0.664233576642 420 67 6 5 2 0 0 0 0 0 0 0 0 0 0 0 0 0 0 0
"183" 183 0.0597014925373 492 7 1 0 0 0 0 0 0 0 0 0 0 0 0 0 0 0 0 0
"184" 184 0.0871794871795 487 13 0 0 0 0 0 0 0 0 0 0 0 0 0 0 0 0 0 0
"185" 185 0.741071428571 500 0 0 0 0 0 0 0 0 0 0 0 0 0 0 0 0 0 0 0
"186" 186 0.201257861635 492 8 0 0 0 0 0 0 0 0 0 0 0 0 0 0 0 0 0 0
"187" 187 0.273722627737 260 211 29 0 0 0 0 0 0 0 0 0 0 0 0 0 0 0 0 0
"188" 188 0.817490494297 500 0 0 0 0 0 0 0 0 0 0 0 0 0 0 0 0 0 0 0
"189" 189 0.232558139535 481 11 6 1 1 0 0 0 0 0 0 0 0 0 0 0 0 0 0 0
"190" 190 0.424418604651 285 215 0 0 0 0 0 0 0 0 0 0 0 0 0 0 0 0 0 0
"191" 191 0.666666666667 467 22 11 0 0 0 0 0 0 0 0 0 0 0 0 0 0 0 0 0
"192" 192 0.440251572327 383 92 24 1 0 0 0 0 0 0 0 0 0 0 0 0 0 0 0 0
"193" 193 0.333333333333 257 148 67 27 1 0 0 0 0 0 0 0 0 0 0 0 0 0 0 0
"194" 194 0.375634517766 372 107 11 7 3 0 0 0 0 0 0 0 0 0 0 0 0 0 0 0
"195" 195 0.467889908257 470 16 9 5 0 0 0 0 0 0 0 0 0 0 0 0 0 0 0 0
"196" 196 0.556962025316 475 22 3 0 0 0 0 0 0 0 0 0 0 0 0 0 0 0 0 0
"197" 197 0.015503875969 500 0 0 0 0 0 0 0 0 0 0 0 0 0 0 0 0 0 0 0
"198" 198 0.518987341772 302 139 54 5 0 0 0 0 0 0 0 0 0 0 0 0 0 0 0 0
"199" 199 0.696202531646 497 3 0 0 0 0 0 0 0 0 0 0 0 0 0 0 0 0 0 0
"200" 200 0.274261603376 478 22 0 0 0 0 0 0 0 0 0 0 0 0 0 0 0 0 0 0
"201" 201 0.620253164557 500 0 0 0 0 0 0 0 0 0 0 0 0 0 0 0 0 0 0 0
"202" 202 0.0456852791878 474 25 1 0 0 0 0 0 0 0 0 0 0 0 0 0 0 0 0 0
"203" 203 0.379464285714 249 133 42 41 23 5 3 2 1 1 0 0 0 0 0 0 0 0 0 0
"204" 204 0.367816091954 274 76 68 51 19 11 1 0 0 0 0 0 0 0 0 0 0 0 0 0
"205" 205 0.0964467005076 359 112 24 3 1 1 0 0 0 0 0 0 0 0 0 0 0 0 0 0
"206" 206 0.464135021097 419 75 3 2 1 0 0 0 0 0 0 0 0 0 0 0 0 0 0 0
"207" 207 0.0817610062893 500 0 0 0 0 0 0 0 0 0 0 0 0 0 0 0 0 0 0 0
"208" 208 0.528846153846 489 11 0 0 0 0 0 0 0 0 0 0 0 0 0 0 0 0 0 0
"209" 209 0.580310880829 494 3 2 1 0 0 0 0 0 0 0 0 0 0 0 0 0 0 0 0
"210" 210 0.134328358209 498 1 1 0 0 0 0 0 0 0 0 0 0 0 0 0 0 0 0 0
"211" 211 0.653846153846 500 0 0 0 0 0 0 0 0 0 0 0 0 0 0 0 0 0 0 0
"212" 212 0.051724137931 496 3 1 0 0 0 0 0 0 0 0 0 0 0 0 0 0 0 0 0
"213" 213 0.549222797927 459 41 0 0 0 0 0 0 0 0 0 0 0 0 0 0 0 0 0 0
"214" 214 0.199004975124 441 47 12 0 0 0 0 0 0 0 0 0 0 0 0 0 0 0 0 0
"215" 215 0.453488372093 411 47 42 0 0 0 0 0 0 0 0 0 0 0 0 0 0 0 0 0
"216" 216 0.284768211921 500 0 0 0 0 0 0 0 0 0 0 0 0 0 0 0 0 0 0 0
"217" 217 0.818565400844 378 92 24 5 1 0 0 0 0 0 0 0 0 0 0 0 0 0 0 0
"218" 218 0.731343283582 337 102 39 8 6 3 3 1 1 0 0 0 0 0 0 0 0 0 0 0
"219" 219 0.708609271523 500 0 0 0 0 0 0 0 0 0 0 0 0 0 0 0 0 0 0 0
"220" 220 0.632183908046 203 190 32 22 17 14 11 5 2 2 1 1 0 0 0 0 0 0 0 0
"221" 221 0.781725888325 495 5 0 0 0 0 0 0 0 0 0 0 0 0 0 0 0 0 0 0
"222" 222 0.291390728477 342 121 29 5 2 1 0 0 0 0 0 0 0 0 0 0 0 0 0 0
"223" 223 0.235632183908 455 18 17 7 2 1 0 0 0 0 0 0 0 0 0 0 0 0 0 0
"224" 224 0.504464285714 378 121 1 0 0 0 0 0 0 0 0 0 0 0 0 0 0 0 0 0
"225" 225 0.580310880829 495 2 2 1 0 0 0 0 0 0 0 0 0 0 0 0 0 0 0 0
"226" 226 0.666666666667 500 0 0 0 0 0 0 0 0 0 0 0 0 0 0 0 0 0 0 0
"227" 227 0.823899371069 500 0 0 0 0 0 0 0 0 0 0 0 0 0 0 0 0 0 0 0
"228" 228 0.85201793722 498 2 0 0 0 0 0 0 0 0 0 0 0 0 0 0 0 0 0 0
"229" 229 0.875912408759 500 0 0 0 0 0 0 0 0 0 0 0 0 0 0 0 0 0 0 0
"230" 230 0.755813953488 454 46 0 0 0 0 0 0 0 0 0 0 0 0 0 0 0 0 0 0
"231" 231 0.744186046512 500 0 0 0 0 0 0 0 0 0 0 0 0 0 0 0 0 0 0 0
"232" 232 0.759615384615 500 0 0 0 0 0 0 0 0 0 0 0 0 0 0 0 0 0 0 0
"233" 233 0.701149425287 328 118 24 22 4 4 0 0 0 0 0 0 0 0 0 0 0 0 0 0
"234" 234 0.835443037975 500 0 0 0 0 0 0 0 0 0 0 0 0 0 0 0 0 0 0 0
"235" 235 0.258620689655 285 200 9 6 0 0 0 0 0 0 0 0 0 0 0 0 0 0 0 0
"236" 236 0.611607142857 500 0 0 0 0 0 0 0 0 0 0 0 0 0 0 0 0 0 0 0
"237" 237 0.383720930233 500 0 0 0 0 0 0 0 0 0 0 0 0 0 0 0 0 0 0 0
"238" 238 0.656976744186 460 22 17 1 0 0 0 0 0 0 0 0 0 0 0 0 0 0 0 0
"239" 239 0.696428571429 494 5 1 0 0 0 0 0 0 0 0 0 0 0 0 0 0 0 0 0
"240" 240 0.259067357513 197 186 116 1 0 0 0 0 0 0 0 0 0 0 0 0 0 0 0 0
"241" 241 0.398009950249 399 54 35 5 4 2 1 0 0 0 0 0 0 0 0 0 0 0 0 0
"242" 242 0.333333333333 432 44 19 5 0 0 0 0 0 0 0 0 0 0 0 0 0 0 0 0
"243" 243 0.317829457364 283 108 105 2 2 0 0 0 0 0 0 0 0 0 0 0 0 0 0 0
"244" 244 0.303797468354 204 149 117 28 1 1 0 0 0 0 0 0 0 0 0 0 0 0 0 0
"245" 245 0.298507462687 335 56 51 37 12 6 3 0 0 0 0 0 0 0 0 0 0 0 0 0
"246" 246 0.518987341772 393 107 0 0 0 0 0 0 0 0 0 0 0 0 0 0 0 0 0 0
"247" 247 0.651785714286 404 68 24 3 1 0 0 0 0 0 0 0 0 0 0 0 0 0 0 0
"248" 248 0.51269035533 455 24 8 5 4 2 1 1 0 0 0 0 0 0 0 0 0 0 0 0
"249" 249 0.5 500 0 0 0 0 0 0 0 0 0 0 0 0 0 0 0 0 0 0 0
"250" 250 0.660583941606 454 41 3 2 0 0 0 0 0 0 0 0 0 0 0 0 0 0 0 0
"251" 251 0.664974619289 496 2 2 0 0 0 0 0 0 0 0 0 0 0 0 0 0 0 0 0
