"site" "RSA" "aa1" "aa2" "aa3" "aa4" "aa5" "aa6" "aa7" "aa8" "aa9" "aa10" "aa11" "aa12" "aa13" "aa14" "aa15" "aa16" "aa17" "aa18" "aa19" "aa20"
"0" 0 0.848623853211 31 4 1 0 0 0 0 0 0 0 0 0 0 0 0 0 0 0 0 0
"1" 1 0.517948717949 7 6 5 4 4 4 4 3 3 2 2 1 1 0 0 0 0 0 0 0
"2" 2 0.0583941605839 120 0 0 0 0 0 0 0 0 0 0 0 0 0 0 0 0 0 0 0
"3" 3 0.383647798742 62 13 8 7 5 5 4 3 3 3 2 2 1 1 1 0 0 0 0 0
"4" 4 0.443708609272 61 43 7 3 3 2 1 1 1 0 0 0 0 0 0 0 0 0 0 0
"5" 5 0.644230769231 86 10 7 5 4 4 3 2 2 0 0 0 0 0 0 0 0 0 0 0
"6" 6 0.0766423357664 122 0 0 0 0 0 0 0 0 0 0 0 0 0 0 0 0 0 0 0
"7" 7 0.317829457364 32 16 14 13 10 7 7 7 6 6 2 1 1 0 0 0 0 0 0 0
"8" 8 0.294573643411 37 26 13 11 5 4 4 4 4 4 3 3 2 1 1 0 0 0 0 0
"9" 9 0.424870466321 68 15 9 5 5 5 4 3 2 1 1 1 1 1 1 0 0 0 0 0
"10" 10 0.430493273543 63 30 13 8 2 2 1 1 1 1 0 0 0 0 0 0 0 0 0 0
"11" 11 0.0348258706468 90 13 9 4 3 2 1 1 1 0 0 0 0 0 0 0 0 0 0 0
"12" 12 0.043795620438 124 0 0 0 0 0 0 0 0 0 0 0 0 0 0 0 0 0 0 0
"13" 13 0.704402515723 81 9 9 8 4 4 4 2 1 1 1 0 0 0 0 0 0 0 0 0
"14" 14 0.137055837563 58 53 9 3 1 0 0 0 0 0 0 0 0 0 0 0 0 0 0 0
"15" 15 0.565693430657 34 24 23 21 8 4 3 2 1 1 1 1 1 0 0 0 0 0 0 0
"16" 16 0.126903553299 78 21 17 5 3 0 0 0 0 0 0 0 0 0 0 0 0 0 0 0
"17" 17 0.313953488372 70 36 6 4 3 2 1 1 1 0 0 0 0 0 0 0 0 0 0 0
"18" 18 0.142335766423 76 18 12 3 3 3 2 2 2 1 1 1 0 0 0 0 0 0 0 0
"19" 19 0.622009569378 37 31 25 12 7 4 2 2 2 2 0 0 0 0 0 0 0 0 0 0
"20" 20 0.414448669202 47 46 15 8 4 3 1 0 0 0 0 0 0 0 0 0 0 0 0 0
"21" 21 0.360465116279 66 12 12 8 8 6 4 4 2 1 1 0 0 0 0 0 0 0 0 0
"22" 22 0.789029535865 47 30 6 5 5 4 4 4 3 3 3 3 2 2 2 1 0 0 0 0
"23" 23 0.77033492823 69 27 11 6 2 2 1 1 1 1 1 1 1 0 0 0 0 0 0 0
"24" 24 0.178294573643 101 16 3 2 1 1 0 0 0 0 0 0 0 0 0 0 0 0 0 0
"25" 25 0.174107142857 94 9 5 5 4 3 2 1 1 0 0 0 0 0 0 0 0 0 0 0
"26" 26 0.00961538461538 117 4 2 0 0 0 0 0 0 0 0 0 0 0 0 0 0 0 0 0
"27" 27 0.00662251655629 121 3 0 0 0 0 0 0 0 0 0 0 0 0 0 0 0 0 0 0
"28" 28 0.0 92 16 11 3 1 1 0 0 0 0 0 0 0 0 0 0 0 0 0 0
"29" 29 0.0696517412935 115 4 2 2 1 1 0 0 0 0 0 0 0 0 0 0 0 0 0 0
"30" 30 0.0 63 50 5 3 2 1 1 0 0 0 0 0 0 0 0 0 0 0 0 0
"31" 31 0.0982142857143 66 14 12 12 8 4 3 3 2 1 0 0 0 0 0 0 0 0 0 0
"32" 32 0.0 70 15 14 10 5 3 3 2 2 1 1 0 0 0 0 0 0 0 0 0
"33" 33 0.182692307692 126 0 0 0 0 0 0 0 0 0 0 0 0 0 0 0 0 0 0 0
"34" 34 0.492227979275 56 20 14 12 6 6 4 4 2 1 1 0 0 0 0 0 0 0 0 0
"35" 35 0.0 126 0 0 0 0 0 0 0 0 0 0 0 0 0 0 0 0 0 0 0
"36" 36 0.295358649789 58 38 12 5 4 3 3 1 1 1 0 0 0 0 0 0 0 0 0 0
"37" 37 0.0 124 2 0 0 0 0 0 0 0 0 0 0 0 0 0 0 0 0 0 0
"38" 38 0.106598984772 71 51 4 0 0 0 0 0 0 0 0 0 0 0 0 0 0 0 0 0
"39" 39 0.0 119 5 2 0 0 0 0 0 0 0 0 0 0 0 0 0 0 0 0 0
"40" 40 0.122093023256 93 12 10 9 2 0 0 0 0 0 0 0 0 0 0 0 0 0 0 0
"41" 41 0.0 108 15 2 1 0 0 0 0 0 0 0 0 0 0 0 0 0 0 0 0
"42" 42 0.245033112583 78 41 3 3 1 0 0 0 0 0 0 0 0 0 0 0 0 0 0 0
"43" 43 0.131782945736 80 19 13 4 4 3 1 1 1 0 0 0 0 0 0 0 0 0 0 0
"44" 44 0.477678571429 88 11 9 6 3 3 2 1 1 1 1 0 0 0 0 0 0 0 0 0
"45" 45 0.695364238411 64 22 10 8 7 5 4 3 1 1 1 0 0 0 0 0 0 0 0 0
"46" 46 0.192307692308 44 34 23 12 6 3 2 1 1 0 0 0 0 0 0 0 0 0 0 0
"47" 47 0.241379310345 114 4 2 2 2 1 1 0 0 0 0 0 0 0 0 0 0 0 0 0
"48" 48 0.396226415094 125 1 0 0 0 0 0 0 0 0 0 0 0 0 0 0 0 0 0 0
"49" 49 0.605839416058 50 47 9 5 4 3 3 2 1 1 1 0 0 0 0 0 0 0 0 0
"50" 50 0.125523012552 83 36 5 2 0 0 0 0 0 0 0 0 0 0 0 0 0 0 0 0
"51" 51 0.771144278607 84 14 11 11 3 2 1 0 0 0 0 0 0 0 0 0 0 0 0 0
"52" 52 0.561181434599 65 42 5 3 3 3 1 1 1 1 1 0 0 0 0 0 0 0 0 0
"53" 53 0.242152466368 41 21 21 11 8 8 5 4 3 1 1 1 1 0 0 0 0 0 0 0
"54" 54 0.0 126 0 0 0 0 0 0 0 0 0 0 0 0 0 0 0 0 0 0 0
"55" 55 0.152482269504 126 0 0 0 0 0 0 0 0 0 0 0 0 0 0 0 0 0 0 0
"56" 56 0.0 71 29 26 0 0 0 0 0 0 0 0 0 0 0 0 0 0 0 0 0
"57" 57 0.308139534884 115 5 4 1 1 0 0 0 0 0 0 0 0 0 0 0 0 0 0 0
"58" 58 0.062015503876 123 2 1 0 0 0 0 0 0 0 0 0 0 0 0 0 0 0 0 0
"59" 59 0.455357142857 126 0 0 0 0 0 0 0 0 0 0 0 0 0 0 0 0 0 0 0
"60" 60 0.0228136882129 126 0 0 0 0 0 0 0 0 0 0 0 0 0 0 0 0 0 0 0
"61" 61 0.105769230769 59 33 18 12 3 1 0 0 0 0 0 0 0 0 0 0 0 0 0 0
"62" 62 0.174311926606 121 5 0 0 0 0 0 0 0 0 0 0 0 0 0 0 0 0 0 0
"63" 63 0.388059701493 125 1 0 0 0 0 0 0 0 0 0 0 0 0 0 0 0 0 0 0
"64" 64 0.062893081761 126 0 0 0 0 0 0 0 0 0 0 0 0 0 0 0 0 0 0 0
"65" 65 0.605839416058 97 14 7 5 3 0 0 0 0 0 0 0 0 0 0 0 0 0 0 0
"66" 66 0.0331125827815 69 57 0 0 0 0 0 0 0 0 0 0 0 0 0 0 0 0 0 0
"67" 67 0.197674418605 124 1 1 0 0 0 0 0 0 0 0 0 0 0 0 0 0 0 0 0
"68" 68 0.5 47 17 16 13 9 7 5 4 3 2 2 1 0 0 0 0 0 0 0 0
"69" 69 0.642857142857 53 26 17 11 7 3 3 2 2 1 1 0 0 0 0 0 0 0 0 0
"70" 70 0.551094890511 126 0 0 0 0 0 0 0 0 0 0 0 0 0 0 0 0 0 0 0
"71" 71 0.215384615385 28 28 20 14 12 11 10 1 1 1 0 0 0 0 0 0 0 0 0 0
"72" 72 0.497757847534 21 21 17 12 10 9 8 7 5 4 3 3 3 2 1 0 0 0 0 0
"73" 73 0.448905109489 125 1 0 0 0 0 0 0 0 0 0 0 0 0 0 0 0 0 0 0
"74" 74 0.209821428571 110 13 1 0 0 0 0 0 0 0 0 0 0 0 0 0 0 0 0 0
"75" 75 0.674418604651 71 27 7 6 2 2 2 1 1 1 1 0 0 0 0 0 0 0 0 0
"76" 76 0.576158940397 60 21 16 6 6 5 3 2 2 0 0 0 0 0 0 0 0 0 0 0
"77" 77 0.412408759124 46 43 9 5 2 2 2 1 1 0 0 0 0 0 0 0 0 0 0 0
"78" 78 0.615384615385 106 5 1 1 0 0 0 0 0 0 0 0 0 0 0 0 0 0 0 0
"79" 79 0.493670886076 105 12 2 1 1 1 1 0 0 0 0 0 0 0 0 0 0 0 0 0
"80" 80 0.295964125561 62 25 18 13 3 3 1 0 0 0 0 0 0 0 0 0 0 0 0 0
"81" 81 0.201923076923 54 43 12 8 3 2 1 1 1 0 0 0 0 0 0 0 0 0 0 0
"82" 82 0.519230769231 125 1 0 0 0 0 0 0 0 0 0 0 0 0 0 0 0 0 0 0
"83" 83 0.394160583942 126 0 0 0 0 0 0 0 0 0 0 0 0 0 0 0 0 0 0 0
"84" 84 0.046511627907 112 12 1 1 0 0 0 0 0 0 0 0 0 0 0 0 0 0 0 0
"85" 85 0.383084577114 54 21 17 13 8 7 2 1 1 1 1 0 0 0 0 0 0 0 0 0
"86" 86 0.352678571429 126 0 0 0 0 0 0 0 0 0 0 0 0 0 0 0 0 0 0 0
"87" 87 0.0 126 0 0 0 0 0 0 0 0 0 0 0 0 0 0 0 0 0 0 0
"88" 88 0.0896860986547 112 14 0 0 0 0 0 0 0 0 0 0 0 0 0 0 0 0 0 0
"89" 89 0.627737226277 126 0 0 0 0 0 0 0 0 0 0 0 0 0 0 0 0 0 0 0
"90" 90 0.0398009950249 124 1 1 0 0 0 0 0 0 0 0 0 0 0 0 0 0 0 0 0
"91" 91 0.0 121 5 0 0 0 0 0 0 0 0 0 0 0 0 0 0 0 0 0 0
"92" 92 0.0192307692308 112 13 1 0 0 0 0 0 0 0 0 0 0 0 0 0 0 0 0 0
"93" 93 0.339416058394 126 0 0 0 0 0 0 0 0 0 0 0 0 0 0 0 0 0 0 0
"94" 94 0.0 88 36 1 1 0 0 0 0 0 0 0 0 0 0 0 0 0 0 0 0
"95" 95 0.0 121 4 1 0 0 0 0 0 0 0 0 0 0 0 0 0 0 0 0 0
"96" 96 0.21897810219 126 0 0 0 0 0 0 0 0 0 0 0 0 0 0 0 0 0 0 0
"97" 97 0.271317829457 98 23 2 2 1 0 0 0 0 0 0 0 0 0 0 0 0 0 0 0
"98" 98 0.0232558139535 58 41 9 7 6 3 2 0 0 0 0 0 0 0 0 0 0 0 0 0
"99" 99 0.0149253731343 74 29 11 5 3 2 2 0 0 0 0 0 0 0 0 0 0 0 0 0
"100" 100 0.19170984456 117 9 0 0 0 0 0 0 0 0 0 0 0 0 0 0 0 0 0 0
"101" 101 0.114427860697 91 15 9 8 2 1 0 0 0 0 0 0 0 0 0 0 0 0 0 0
"102" 102 0.443708609272 40 23 10 9 9 9 8 5 3 3 3 2 1 1 0 0 0 0 0 0
"103" 103 0.350210970464 65 40 7 3 2 2 2 1 1 1 1 1 0 0 0 0 0 0 0 0
"104" 104 0.0 114 6 5 1 0 0 0 0 0 0 0 0 0 0 0 0 0 0 0 0
"105" 105 0.0480769230769 124 2 0 0 0 0 0 0 0 0 0 0 0 0 0 0 0 0 0 0
"106" 106 0.584821428571 116 3 2 2 2 1 0 0 0 0 0 0 0 0 0 0 0 0 0 0
"107" 107 0.0923076923077 76 28 6 4 3 2 2 2 1 1 1 0 0 0 0 0 0 0 0 0
"108" 108 0.0290697674419 85 20 16 1 1 1 1 1 0 0 0 0 0 0 0 0 0 0 0 0
"109" 109 0.0 96 19 10 1 0 0 0 0 0 0 0 0 0 0 0 0 0 0 0 0
"110" 110 0.368821292776 45 21 17 9 7 6 6 4 3 2 2 2 2 0 0 0 0 0 0 0
"111" 111 0.00507614213198 57 35 31 2 1 0 0 0 0 0 0 0 0 0 0 0 0 0 0 0
"112" 112 0.20207253886 126 0 0 0 0 0 0 0 0 0 0 0 0 0 0 0 0 0 0 0
"113" 113 0.0 117 7 2 0 0 0 0 0 0 0 0 0 0 0 0 0 0 0 0 0
"114" 114 0.310880829016 126 0 0 0 0 0 0 0 0 0 0 0 0 0 0 0 0 0 0 0
"115" 115 0.0 126 0 0 0 0 0 0 0 0 0 0 0 0 0 0 0 0 0 0 0
"116" 116 0.38578680203 73 51 2 0 0 0 0 0 0 0 0 0 0 0 0 0 0 0 0 0
"117" 117 0.340807174888 117 5 3 1 0 0 0 0 0 0 0 0 0 0 0 0 0 0 0 0
"118" 118 0.178294573643 125 1 0 0 0 0 0 0 0 0 0 0 0 0 0 0 0 0 0 0
"119" 119 0.20207253886 126 0 0 0 0 0 0 0 0 0 0 0 0 0 0 0 0 0 0 0
"120" 120 0.105769230769 116 10 0 0 0 0 0 0 0 0 0 0 0 0 0 0 0 0 0 0
"121" 121 0.173076923077 126 0 0 0 0 0 0 0 0 0 0 0 0 0 0 0 0 0 0 0
"122" 122 0.0348837209302 126 0 0 0 0 0 0 0 0 0 0 0 0 0 0 0 0 0 0 0
"123" 123 0.120437956204 126 0 0 0 0 0 0 0 0 0 0 0 0 0 0 0 0 0 0 0
"124" 124 0.00581395348837 114 11 1 0 0 0 0 0 0 0 0 0 0 0 0 0 0 0 0 0
"125" 125 0.0 116 8 1 1 0 0 0 0 0 0 0 0 0 0 0 0 0 0 0 0
"126" 126 0.0 84 42 0 0 0 0 0 0 0 0 0 0 0 0 0 0 0 0 0 0
"127" 127 0.00507614213198 122 4 0 0 0 0 0 0 0 0 0 0 0 0 0 0 0 0 0 0
"128" 128 0.0 117 6 2 1 0 0 0 0 0 0 0 0 0 0 0 0 0 0 0 0
"129" 129 0.0 125 1 0 0 0 0 0 0 0 0 0 0 0 0 0 0 0 0 0 0
"130" 130 0.0 87 29 10 0 0 0 0 0 0 0 0 0 0 0 0 0 0 0 0 0
"131" 131 0.00581395348837 43 35 21 18 3 2 2 1 1 0 0 0 0 0 0 0 0 0 0 0
"132" 132 0.0 104 15 6 1 0 0 0 0 0 0 0 0 0 0 0 0 0 0 0 0
"133" 133 0.0 126 0 0 0 0 0 0 0 0 0 0 0 0 0 0 0 0 0 0 0
"134" 134 0.00995024875622 100 11 8 6 1 0 0 0 0 0 0 0 0 0 0 0 0 0 0 0
"135" 135 0.162436548223 35 30 15 13 5 5 5 4 4 2 2 2 1 1 1 1 0 0 0 0
"136" 136 0.0673575129534 75 30 5 3 3 2 2 2 2 1 1 0 0 0 0 0 0 0 0 0
"137" 137 0.0 119 2 1 1 1 1 1 0 0 0 0 0 0 0 0 0 0 0 0 0
"138" 138 0.0646766169154 38 37 33 9 4 4 1 0 0 0 0 0 0 0 0 0 0 0 0 0
"139" 139 0.457364341085 35 13 11 11 9 9 8 8 7 5 5 2 2 1 0 0 0 0 0 0
"140" 140 0.252873563218 39 13 12 10 10 8 7 6 5 5 5 3 2 1 0 0 0 0 0 0
"141" 141 0.0199004975124 91 18 7 5 2 1 1 1 0 0 0 0 0 0 0 0 0 0 0 0
"142" 142 0.514767932489 24 21 20 13 12 9 6 4 3 2 2 2 2 2 1 1 1 0 0 0
"143" 143 0.827004219409 28 23 23 16 9 9 7 4 2 1 1 1 1 0 0 0 0 0 0 0
"144" 144 0.540145985401 21 20 19 17 9 8 8 7 7 3 2 1 1 1 1 0 0 0 0 0
"145" 145 0.615384615385 87 17 5 2 2 2 2 1 1 1 1 1 1 1 1 0 0 0 0 0
"146" 146 0.170542635659 24 16 15 14 14 9 8 6 4 4 4 3 2 1 1 0 0 0 0 0
"147" 147 0.124378109453 65 43 10 3 1 1 0 0 0 0 0 0 0 0 0 0 0 0 0 0
"148" 148 0.497890295359 39 17 14 12 12 6 5 5 4 3 2 2 2 1 0 0 0 0 0 0
"149" 149 0.384615384615 22 22 17 10 9 8 8 7 4 4 4 3 2 2 1 1 0 0 0 0
"150" 150 0.502564102564 28 27 23 8 6 5 4 4 4 4 2 2 2 1 1 1 1 1 0 0
"151" 151 0.0125786163522 120 3 1 0 0 0 0 0 0 0 0 0 0 0 0 0 0 0 0 0
"152" 152 0.323383084577 53 43 17 5 5 1 1 0 0 0 0 0 0 0 0 0 0 0 0 0
"153" 153 0.523206751055 40 23 22 12 5 5 4 4 3 2 2 2 1 0 0 0 0 0 0 0
"154" 154 0.291479820628 39 17 15 12 8 7 5 5 5 3 3 3 1 1 1 0 0 0 0 0
"155" 155 0.0963302752294 20 20 16 13 13 10 8 7 6 3 3 2 1 1 1 1 1 0 0 0
"156" 156 0.0 88 22 15 1 0 0 0 0 0 0 0 0 0 0 0 0 0 0 0 0
"157" 157 0.0 111 13 1 1 0 0 0 0 0 0 0 0 0 0 0 0 0 0 0 0
"158" 158 0.0077519379845 119 7 0 0 0 0 0 0 0 0 0 0 0 0 0 0 0 0 0 0
"159" 159 0.0 81 35 7 2 1 0 0 0 0 0 0 0 0 0 0 0 0 0 0 0
"160" 160 0.0331125827815 126 0 0 0 0 0 0 0 0 0 0 0 0 0 0 0 0 0 0 0
"161" 161 0.00574712643678 106 16 2 1 1 0 0 0 0 0 0 0 0 0 0 0 0 0 0 0
"162" 162 0.0 124 1 1 0 0 0 0 0 0 0 0 0 0 0 0 0 0 0 0 0
"163" 163 0.126903553299 73 30 15 3 2 2 1 0 0 0 0 0 0 0 0 0 0 0 0 0
"164" 164 0.144486692015 45 33 18 14 6 3 2 1 1 1 1 0 0 0 0 0 0 0 0 0
"165" 165 0.417040358744 29 21 18 17 15 12 9 1 1 1 0 0 0 0 0 0 0 0 0 0
"166" 166 0.615384615385 102 6 5 3 2 2 2 1 1 1 0 0 0 0 0 0 0 0 0 0
"167" 167 0.33908045977 34 27 22 14 8 5 2 2 2 2 2 2 1 1 1 0 0 0 0 0
"168" 168 0.251572327044 69 21 8 7 6 5 3 2 2 1 1 1 0 0 0 0 0 0 0 0
"169" 169 0.0229885057471 61 28 12 7 7 5 3 1 1 1 0 0 0 0 0 0 0 0 0 0
"170" 170 0.00497512437811 109 8 4 2 1 1 1 0 0 0 0 0 0 0 0 0 0 0 0 0
"171" 171 0.0 126 0 0 0 0 0 0 0 0 0 0 0 0 0 0 0 0 0 0 0
"172" 172 0.00995024875622 123 2 1 0 0 0 0 0 0 0 0 0 0 0 0 0 0 0 0 0
"173" 173 0.0569948186528 57 18 18 15 9 5 2 1 1 0 0 0 0 0 0 0 0 0 0 0
"174" 174 0.490494296578 121 4 1 0 0 0 0 0 0 0 0 0 0 0 0 0 0 0 0 0
"175" 175 0.492537313433 21 19 17 17 11 10 9 6 5 4 2 2 1 1 1 0 0 0 0 0
"176" 176 0.0 125 1 0 0 0 0 0 0 0 0 0 0 0 0 0 0 0 0 0 0
"177" 177 0.362694300518 126 0 0 0 0 0 0 0 0 0 0 0 0 0 0 0 0 0 0 0
"178" 178 0.443708609272 101 11 5 3 2 1 1 1 1 0 0 0 0 0 0 0 0 0 0 0
"179" 179 0.441860465116 30 15 14 13 12 11 8 7 6 5 3 1 1 0 0 0 0 0 0 0
"180" 180 0.046511627907 111 13 1 1 0 0 0 0 0 0 0 0 0 0 0 0 0 0 0 0
"181" 181 0.473214285714 54 34 10 10 5 4 2 2 1 1 1 1 1 0 0 0 0 0 0 0
"182" 182 0.0581395348837 59 55 8 2 1 1 0 0 0 0 0 0 0 0 0 0 0 0 0 0
"183" 183 0.129533678756 126 0 0 0 0 0 0 0 0 0 0 0 0 0 0 0 0 0 0 0
"184" 184 0.00497512437811 84 16 7 6 6 3 2 1 1 0 0 0 0 0 0 0 0 0 0 0
"185" 185 0.0923076923077 125 1 0 0 0 0 0 0 0 0 0 0 0 0 0 0 0 0 0 0
"186" 186 0.00574712643678 78 21 13 12 1 1 0 0 0 0 0 0 0 0 0 0 0 0 0 0
"187" 187 0.0172413793103 110 14 2 0 0 0 0 0 0 0 0 0 0 0 0 0 0 0 0 0
"188" 188 0.00917431192661 100 10 6 4 2 1 1 1 1 0 0 0 0 0 0 0 0 0 0 0
"189" 189 0.0581395348837 97 15 3 3 2 2 2 1 1 0 0 0 0 0 0 0 0 0 0 0
"190" 190 0.279792746114 54 30 20 11 7 2 1 0 0 0 0 0 0 0 0 0 0 0 0 0
"191" 191 0.713178294574 30 21 12 12 11 10 9 7 4 4 3 2 1 0 0 0 0 0 0 0
"192" 192 0.307692307692 109 7 3 2 2 1 1 1 0 0 0 0 0 0 0 0 0 0 0 0
"193" 193 0.317307692308 31 21 21 15 8 7 7 7 3 3 2 1 0 0 0 0 0 0 0 0
"194" 194 0.364016736402 69 26 19 7 3 2 0 0 0 0 0 0 0 0 0 0 0 0 0 0
"195" 195 0.258883248731 63 56 5 2 0 0 0 0 0 0 0 0 0 0 0 0 0 0 0 0
"196" 196 0.1875 126 0 0 0 0 0 0 0 0 0 0 0 0 0 0 0 0 0 0 0
"197" 197 0.362068965517 68 40 15 2 1 0 0 0 0 0 0 0 0 0 0 0 0 0 0 0
"198" 198 0.313901345291 125 1 0 0 0 0 0 0 0 0 0 0 0 0 0 0 0 0 0 0
"199" 199 0.298076923077 108 13 4 1 0 0 0 0 0 0 0 0 0 0 0 0 0 0 0 0
"200" 200 0.372093023256 116 9 1 0 0 0 0 0 0 0 0 0 0 0 0 0 0 0 0 0
"201" 201 0.31007751938 90 36 0 0 0 0 0 0 0 0 0 0 0 0 0 0 0 0 0 0
"202" 202 0.625 126 0 0 0 0 0 0 0 0 0 0 0 0 0 0 0 0 0 0 0
"203" 203 0.269230769231 61 27 11 7 5 4 3 2 2 2 1 1 0 0 0 0 0 0 0 0
"204" 204 0.596899224806 55 16 9 8 8 7 6 6 3 2 1 1 1 1 1 1 0 0 0 0
"205" 205 0.635220125786 60 28 12 10 9 2 2 1 1 1 0 0 0 0 0 0 0 0 0 0
"206" 206 0.225941422594 116 6 1 1 1 1 0 0 0 0 0 0 0 0 0 0 0 0 0 0
"207" 207 0.63503649635 70 25 12 4 3 3 3 2 2 1 1 0 0 0 0 0 0 0 0 0
"208" 208 0.572327044025 73 11 7 6 5 4 3 3 3 2 2 2 2 1 1 1 0 0 0 0
"209" 209 0.604651162791 35 22 16 11 10 8 7 6 3 2 1 1 1 1 1 1 0 0 0 0
"210" 210 0.294642857143 70 40 5 4 2 1 1 1 1 1 0 0 0 0 0 0 0 0 0 0
"211" 211 0.243781094527 84 24 15 1 1 0 0 0 0 0 0 0 0 0 0 0 0 0 0 0
"212" 212 0.461538461538 44 38 9 8 6 4 3 3 3 3 2 1 1 0 0 0 0 0 0 0
"213" 213 0.302325581395 33 22 18 12 9 8 6 6 5 2 1 1 1 1 0 0 0 0 0 0
"214" 214 0.0045871559633 64 54 4 1 1 1 0 0 0 0 0 0 0 0 0 0 0 0 0 0
"215" 215 0.10447761194 96 9 6 4 4 2 2 2 0 0 0 0 0 0 0 0 0 0 0 0
"216" 216 0.5625 48 23 17 9 8 6 6 2 2 2 1 1 0 0 0 0 0 0 0 0
"217" 217 0.109452736318 106 5 4 3 3 3 1 0 0 0 0 0 0 0 0 0 0 0 0 0
"218" 218 0.0 103 21 1 0 0 0 0 0 0 0 0 0 0 0 0 0 0 0 0 0
"219" 219 0.304932735426 49 26 10 8 7 6 4 4 3 2 2 2 1 1 0 0 0 0 0 0
"220" 220 0.479820627803 38 20 18 9 7 6 5 4 4 3 2 2 2 2 1 1 0 0 0 0
"221" 221 0.0384615384615 119 3 2 0 0 0 0 0 0 0 0 0 0 0 0 0 0 0 0 0
"222" 222 0.0 74 15 10 9 7 4 2 1 1 0 0 0 0 0 0 0 0 0 0 0
"223" 223 0.403587443946 29 17 16 13 11 8 8 6 4 4 2 1 1 1 1 1 0 0 0 0
"224" 224 0.428571428571 61 24 10 9 6 5 3 2 1 1 1 0 0 0 0 0 0 0 0 0
"225" 225 0.0 101 19 1 1 1 0 0 0 0 0 0 0 0 0 0 0 0 0 0 0
"226" 226 0.00418410041841 33 26 24 8 8 7 5 4 3 1 1 1 0 0 0 0 0 0 0 0
"227" 227 0.553571428571 31 28 12 11 9 8 5 4 3 3 2 2 1 0 0 0 0 0 0 0
"228" 228 0.243781094527 33 27 18 9 7 6 3 3 2 2 2 2 1 1 1 1 1 0 0 0
"229" 229 0.0 117 1 0 0 0 0 0 0 0 0 0 0 0 0 0 0 0 0 0 0
"230" 230 0.456204379562 49 36 7 4 4 4 3 2 2 2 2 1 0 0 0 0 0 0 0 0
"231" 231 0.457364341085 40 25 13 9 6 4 3 3 3 2 2 2 1 0 0 0 0 0 0 0
"232" 232 0.131782945736 82 14 4 4 2 2 1 1 1 1 0 0 0 0 0 0 0 0 0 0
"233" 233 0.189054726368 85 10 7 2 2 2 1 0 0 0 0 0 0 0 0 0 0 0 0 0
"234" 234 0.558139534884 26 15 12 2 1 1 1 1 1 0 0 0 0 0 0 0 0 0 0 0
"235" 235 0.808035714286 14 11 5 2 0 0 0 0 0 0 0 0 0 0 0 0 0 0 0 0
