"site" "RSA" "aa1" "aa2" "aa3" "aa4" "aa5" "aa6" "aa7" "aa8" "aa9" "aa10" "aa11" "aa12" "aa13" "aa14" "aa15" "aa16" "aa17" "aa18" "aa19" "aa20"
"0" 0 0.283582089552 438 62 0 0 0 0 0 0 0 0 0 0 0 0 0 0 0 0 0 0
"1" 1 0.171532846715 500 0 0 0 0 0 0 0 0 0 0 0 0 0 0 0 0 0 0 0
"2" 2 0.0 500 0 0 0 0 0 0 0 0 0 0 0 0 0 0 0 0 0 0 0
"3" 3 0.0 500 0 0 0 0 0 0 0 0 0 0 0 0 0 0 0 0 0 0 0
"4" 4 0.0 500 0 0 0 0 0 0 0 0 0 0 0 0 0 0 0 0 0 0 0
"5" 5 0.100775193798 336 137 25 2 0 0 0 0 0 0 0 0 0 0 0 0 0 0 0 0
"6" 6 0.0287356321839 500 0 0 0 0 0 0 0 0 0 0 0 0 0 0 0 0 0 0 0
"7" 7 0.282700421941 416 36 29 6 5 3 2 1 1 1 0 0 0 0 0 0 0 0 0 0
"8" 8 0.244525547445 429 64 3 2 1 1 0 0 0 0 0 0 0 0 0 0 0 0 0 0
"9" 9 0.00574712643678 498 1 1 0 0 0 0 0 0 0 0 0 0 0 0 0 0 0 0 0
"10" 10 0.106598984772 476 24 0 0 0 0 0 0 0 0 0 0 0 0 0 0 0 0 0 0
"11" 11 0.124352331606 470 18 4 4 2 1 1 0 0 0 0 0 0 0 0 0 0 0 0 0
"12" 12 0.661596958175 135 115 62 49 31 29 21 18 10 8 7 7 5 1 1 1 0 0 0 0
"13" 13 0.573643410853 337 48 36 35 11 10 8 5 4 4 2 0 0 0 0 0 0 0 0 0
"14" 14 0.270114942529 384 56 44 11 2 2 1 0 0 0 0 0 0 0 0 0 0 0 0 0
"15" 15 0.814345991561 211 72 55 44 32 25 22 16 7 5 4 3 2 1 1 0 0 0 0 0
"16" 16 0.456852791878 243 120 46 30 15 15 13 10 4 3 1 0 0 0 0 0 0 0 0 0
"17" 17 0.580291970803 167 159 42 39 21 21 19 14 3 3 3 3 2 2 1 1 0 0 0 0
"18" 18 0.132183908046 498 1 1 0 0 0 0 0 0 0 0 0 0 0 0 0 0 0 0 0
"19" 19 0.286919831224 286 170 10 7 7 6 5 2 2 2 2 1 0 0 0 0 0 0 0 0
"20" 20 0.817610062893 474 7 5 4 4 2 1 1 1 1 0 0 0 0 0 0 0 0 0 0
"21" 21 0.502590673575 398 44 11 8 8 8 7 7 5 2 1 1 0 0 0 0 0 0 0 0
"22" 22 0.43795620438 414 35 28 11 6 2 2 2 0 0 0 0 0 0 0 0 0 0 0 0
"23" 23 0.424418604651 185 79 74 72 52 12 8 8 6 2 1 1 0 0 0 0 0 0 0 0
"24" 24 0.0480769230769 500 0 0 0 0 0 0 0 0 0 0 0 0 0 0 0 0 0 0 0
"25" 25 0.264367816092 338 112 17 16 9 4 3 1 0 0 0 0 0 0 0 0 0 0 0 0
"26" 26 0.16091954023 253 109 90 24 9 6 3 2 2 1 1 0 0 0 0 0 0 0 0 0
"27" 27 0.325581395349 429 43 17 7 2 1 1 0 0 0 0 0 0 0 0 0 0 0 0 0
"28" 28 0.730569948187 101 72 67 48 44 38 33 28 27 23 16 2 1 0 0 0 0 0 0 0
"29" 29 0.884615384615 500 0 0 0 0 0 0 0 0 0 0 0 0 0 0 0 0 0 0 0
"30" 30 0.166666666667 399 98 2 1 0 0 0 0 0 0 0 0 0 0 0 0 0 0 0 0
"31" 31 0.535864978903 165 111 69 37 29 26 23 17 12 6 3 2 0 0 0 0 0 0 0 0
"32" 32 0.191387559809 451 19 14 5 4 4 3 0 0 0 0 0 0 0 0 0 0 0 0 0
"33" 33 0.192052980132 463 26 7 3 1 0 0 0 0 0 0 0 0 0 0 0 0 0 0 0
"34" 34 0.0366972477064 470 28 1 1 0 0 0 0 0 0 0 0 0 0 0 0 0 0 0 0
"35" 35 0.00512820512821 492 8 0 0 0 0 0 0 0 0 0 0 0 0 0 0 0 0 0 0
"36" 36 0.182389937107 500 0 0 0 0 0 0 0 0 0 0 0 0 0 0 0 0 0 0 0
"37" 37 0.092050209205 334 159 7 0 0 0 0 0 0 0 0 0 0 0 0 0 0 0 0 0
"38" 38 0.0443037974684 500 0 0 0 0 0 0 0 0 0 0 0 0 0 0 0 0 0 0 0
"39" 39 0.303571428571 455 16 14 8 4 2 1 0 0 0 0 0 0 0 0 0 0 0 0 0
"40" 40 0.0304568527919 489 9 2 0 0 0 0 0 0 0 0 0 0 0 0 0 0 0 0 0
"41" 41 0.0 500 0 0 0 0 0 0 0 0 0 0 0 0 0 0 0 0 0 0 0
"42" 42 0.00574712643678 482 13 5 0 0 0 0 0 0 0 0 0 0 0 0 0 0 0 0 0
"43" 43 0.0178571428571 500 0 0 0 0 0 0 0 0 0 0 0 0 0 0 0 0 0 0 0
"44" 44 0.0267857142857 239 169 81 10 1 0 0 0 0 0 0 0 0 0 0 0 0 0 0 0
"45" 45 0.0 500 0 0 0 0 0 0 0 0 0 0 0 0 0 0 0 0 0 0 0
"46" 46 0.0172413793103 482 15 3 0 0 0 0 0 0 0 0 0 0 0 0 0 0 0 0 0
"47" 47 0.306569343066 300 123 26 18 11 8 5 4 3 1 1 0 0 0 0 0 0 0 0 0
"48" 48 0.00995024875622 257 237 3 1 1 1 0 0 0 0 0 0 0 0 0 0 0 0 0 0
"49" 49 0.206751054852 487 11 1 1 0 0 0 0 0 0 0 0 0 0 0 0 0 0 0 0
"50" 50 0.522321428571 499 1 0 0 0 0 0 0 0 0 0 0 0 0 0 0 0 0 0 0
"51" 51 0.493670886076 282 102 27 18 14 13 10 9 8 7 5 2 2 1 0 0 0 0 0 0
"52" 52 0.810126582278 294 164 19 7 7 4 2 2 1 0 0 0 0 0 0 0 0 0 0 0
"53" 53 0.358208955224 348 112 17 15 3 2 1 1 1 0 0 0 0 0 0 0 0 0 0 0
"54" 54 0.0402298850575 500 0 0 0 0 0 0 0 0 0 0 0 0 0 0 0 0 0 0 0
"55" 55 0.721518987342 480 6 4 2 2 1 1 1 1 1 1 0 0 0 0 0 0 0 0 0
"56" 56 0.205357142857 500 0 0 0 0 0 0 0 0 0 0 0 0 0 0 0 0 0 0 0
"57" 57 0.0 500 0 0 0 0 0 0 0 0 0 0 0 0 0 0 0 0 0 0 0
"58" 58 0.0 440 60 0 0 0 0 0 0 0 0 0 0 0 0 0 0 0 0 0 0
"59" 59 0.0077519379845 488 12 0 0 0 0 0 0 0 0 0 0 0 0 0 0 0 0 0 0
"60" 60 0.0114942528736 494 6 0 0 0 0 0 0 0 0 0 0 0 0 0 0 0 0 0 0
"61" 61 0.0198675496689 430 70 0 0 0 0 0 0 0 0 0 0 0 0 0 0 0 0 0 0
"62" 62 0.126582278481 500 0 0 0 0 0 0 0 0 0 0 0 0 0 0 0 0 0 0 0
"63" 63 0.0288461538462 500 0 0 0 0 0 0 0 0 0 0 0 0 0 0 0 0 0 0 0
"64" 64 0.138364779874 499 1 0 0 0 0 0 0 0 0 0 0 0 0 0 0 0 0 0 0
"65" 65 0.348837209302 102 90 63 56 46 38 26 25 11 10 10 9 7 3 3 1 0 0 0 0
"66" 66 0.412556053812 123 111 88 46 35 29 21 17 10 10 5 4 1 0 0 0 0 0 0 0
"67" 67 0.0253164556962 500 0 0 0 0 0 0 0 0 0 0 0 0 0 0 0 0 0 0 0
"68" 68 0.210762331839 483 8 4 3 1 1 0 0 0 0 0 0 0 0 0 0 0 0 0 0
"69" 69 0.53125 96 77 63 61 56 43 32 24 17 7 6 6 6 5 1 0 0 0 0 0
"70" 70 0.0406976744186 425 75 0 0 0 0 0 0 0 0 0 0 0 0 0 0 0 0 0 0
"71" 71 0.0 500 0 0 0 0 0 0 0 0 0 0 0 0 0 0 0 0 0 0 0
"72" 72 0.171532846715 141 115 69 63 37 22 19 18 12 3 1 0 0 0 0 0 0 0 0 0
"73" 73 0.372093023256 377 25 22 14 14 13 10 10 7 3 2 2 1 0 0 0 0 0 0 0
"74" 74 0.0 500 0 0 0 0 0 0 0 0 0 0 0 0 0 0 0 0 0 0 0
"75" 75 0.0 500 0 0 0 0 0 0 0 0 0 0 0 0 0 0 0 0 0 0 0
"76" 76 0.062015503876 500 0 0 0 0 0 0 0 0 0 0 0 0 0 0 0 0 0 0 0
"77" 77 0.0550458715596 493 3 3 1 0 0 0 0 0 0 0 0 0 0 0 0 0 0 0 0
"78" 78 0.144230769231 500 0 0 0 0 0 0 0 0 0 0 0 0 0 0 0 0 0 0 0
"79" 79 0.0077519379845 499 1 0 0 0 0 0 0 0 0 0 0 0 0 0 0 0 0 0 0
"80" 80 0.295336787565 500 0 0 0 0 0 0 0 0 0 0 0 0 0 0 0 0 0 0 0
"81" 81 0.211678832117 499 1 0 0 0 0 0 0 0 0 0 0 0 0 0 0 0 0 0 0
"82" 82 0.00961538461538 500 0 0 0 0 0 0 0 0 0 0 0 0 0 0 0 0 0 0 0
"83" 83 0.00507614213198 481 18 1 0 0 0 0 0 0 0 0 0 0 0 0 0 0 0 0 0
"84" 84 0.0 499 1 0 0 0 0 0 0 0 0 0 0 0 0 0 0 0 0 0 0
"85" 85 0.0 403 97 0 0 0 0 0 0 0 0 0 0 0 0 0 0 0 0 0 0
"86" 86 0.308035714286 339 102 26 7 7 5 5 3 3 1 1 1 0 0 0 0 0 0 0 0
"87" 87 0.0114942528736 500 0 0 0 0 0 0 0 0 0 0 0 0 0 0 0 0 0 0 0
"88" 88 0.389937106918 500 0 0 0 0 0 0 0 0 0 0 0 0 0 0 0 0 0 0 0
"89" 89 0.572327044025 480 7 6 2 2 1 1 1 0 0 0 0 0 0 0 0 0 0 0 0
"90" 90 0.511627906977 218 81 57 42 24 20 14 13 11 9 5 3 1 1 1 0 0 0 0 0
"91" 91 0.433035714286 225 79 74 53 32 10 8 7 6 3 2 1 0 0 0 0 0 0 0 0
"92" 92 0.162790697674 300 97 73 15 5 4 1 1 1 1 1 1 0 0 0 0 0 0 0 0
"93" 93 0.584821428571 235 74 55 38 29 19 17 12 10 6 4 1 0 0 0 0 0 0 0 0
"94" 94 0.576642335766 319 60 37 22 18 9 7 7 6 5 5 3 1 1 0 0 0 0 0 0
"95" 95 0.189054726368 500 0 0 0 0 0 0 0 0 0 0 0 0 0 0 0 0 0 0 0
"96" 96 0.163461538462 484 10 3 3 0 0 0 0 0 0 0 0 0 0 0 0 0 0 0 0
"97" 97 0.0754716981132 483 12 5 0 0 0 0 0 0 0 0 0 0 0 0 0 0 0 0 0
"98" 98 0.338308457711 159 117 53 50 19 19 17 17 16 10 8 8 3 2 1 1 0 0 0 0
"99" 99 0.0313901345291 475 15 7 2 1 0 0 0 0 0 0 0 0 0 0 0 0 0 0 0
"100" 100 0.172413793103 447 45 4 3 1 0 0 0 0 0 0 0 0 0 0 0 0 0 0 0
"101" 101 0.0 500 0 0 0 0 0 0 0 0 0 0 0 0 0 0 0 0 0 0 0
"102" 102 0.36496350365 145 103 101 61 58 20 8 2 2 0 0 0 0 0 0 0 0 0 0 0
"103" 103 0.0229885057471 494 6 0 0 0 0 0 0 0 0 0 0 0 0 0 0 0 0 0 0
"104" 104 0.00995024875622 500 0 0 0 0 0 0 0 0 0 0 0 0 0 0 0 0 0 0 0
"105" 105 0.031007751938 500 0 0 0 0 0 0 0 0 0 0 0 0 0 0 0 0 0 0 0
"106" 106 0.215189873418 165 98 92 90 49 4 2 0 0 0 0 0 0 0 0 0 0 0 0 0
"107" 107 0.0 495 5 0 0 0 0 0 0 0 0 0 0 0 0 0 0 0 0 0 0
"108" 108 0.0077519379845 496 4 0 0 0 0 0 0 0 0 0 0 0 0 0 0 0 0 0 0
"109" 109 0.59375 139 92 56 48 41 39 19 18 16 9 8 6 3 3 1 1 1 0 0 0
"110" 110 0.438818565401 493 2 2 2 1 0 0 0 0 0 0 0 0 0 0 0 0 0 0 0
"111" 111 0.0848214285714 497 3 0 0 0 0 0 0 0 0 0 0 0 0 0 0 0 0 0 0
"112" 112 0.645569620253 153 92 78 72 35 27 17 15 6 2 1 1 1 0 0 0 0 0 0 0
"113" 113 0.0344827586207 457 25 18 0 0 0 0 0 0 0 0 0 0 0 0 0 0 0 0 0
"114" 114 0.305699481865 467 29 3 1 0 0 0 0 0 0 0 0 0 0 0 0 0 0 0 0
"115" 115 0.00497512437811 493 6 1 0 0 0 0 0 0 0 0 0 0 0 0 0 0 0 0 0
"116" 116 0.0 500 0 0 0 0 0 0 0 0 0 0 0 0 0 0 0 0 0 0 0
"117" 117 0.00497512437811 500 0 0 0 0 0 0 0 0 0 0 0 0 0 0 0 0 0 0 0
"118" 118 0.0348258706468 437 18 17 15 8 2 2 1 0 0 0 0 0 0 0 0 0 0 0 0
"119" 119 0.125 500 0 0 0 0 0 0 0 0 0 0 0 0 0 0 0 0 0 0 0
"120" 120 0.206751054852 487 4 3 3 1 1 1 0 0 0 0 0 0 0 0 0 0 0 0 0
"121" 121 0.219730941704 241 162 56 18 7 6 6 2 2 0 0 0 0 0 0 0 0 0 0 0
"122" 122 0.100775193798 426 27 26 10 6 3 1 1 0 0 0 0 0 0 0 0 0 0 0 0
"123" 123 0.243654822335 461 19 8 6 2 2 1 1 0 0 0 0 0 0 0 0 0 0 0 0
"124" 124 0.39896373057 372 71 34 13 3 3 3 1 0 0 0 0 0 0 0 0 0 0 0 0
"125" 125 0.316062176166 436 16 11 9 6 5 4 3 3 2 2 1 1 1 0 0 0 0 0 0
"126" 126 0.497409326425 320 106 39 22 4 4 3 1 1 0 0 0 0 0 0 0 0 0 0 0
"127" 127 0.272151898734 500 0 0 0 0 0 0 0 0 0 0 0 0 0 0 0 0 0 0 0
"128" 128 0.194871794872 289 112 67 20 8 4 0 0 0 0 0 0 0 0 0 0 0 0 0 0
"129" 129 0.390134529148 222 138 129 6 3 2 0 0 0 0 0 0 0 0 0 0 0 0 0 0
"130" 130 0.197674418605 441 53 3 2 1 0 0 0 0 0 0 0 0 0 0 0 0 0 0 0
"131" 131 0.0288461538462 439 45 12 2 2 0 0 0 0 0 0 0 0 0 0 0 0 0 0 0
"132" 132 0.215246636771 85 76 64 64 51 27 25 25 18 16 11 9 7 7 6 4 3 2 0 0
"133" 133 0.275229357798 406 31 22 15 12 4 3 3 2 1 1 0 0 0 0 0 0 0 0 0
"134" 134 0.0 461 39 0 0 0 0 0 0 0 0 0 0 0 0 0 0 0 0 0 0
"135" 135 0.0 496 2 2 0 0 0 0 0 0 0 0 0 0 0 0 0 0 0 0 0
"136" 136 0.423076923077 133 79 63 58 50 45 14 14 11 9 7 7 7 2 1 0 0 0 0 0
"137" 137 0.330543933054 248 182 57 4 2 2 2 1 1 1 0 0 0 0 0 0 0 0 0 0
"138" 138 0.109452736318 500 0 0 0 0 0 0 0 0 0 0 0 0 0 0 0 0 0 0 0
"139" 139 0.772020725389 181 145 92 40 15 15 4 3 3 1 1 0 0 0 0 0 0 0 0 0
"140" 140 0.170212765957 500 0 0 0 0 0 0 0 0 0 0 0 0 0 0 0 0 0 0 0
"141" 141 0.301886792453 498 1 1 0 0 0 0 0 0 0 0 0 0 0 0 0 0 0 0 0
"142" 142 0.367713004484 230 89 59 22 17 16 16 15 15 12 5 2 2 0 0 0 0 0 0 0
"143" 143 0.0 500 0 0 0 0 0 0 0 0 0 0 0 0 0 0 0 0 0 0 0
"144" 144 0.0348837209302 336 90 49 7 7 5 2 2 1 1 0 0 0 0 0 0 0 0 0 0
"145" 145 0.192468619247 322 99 44 21 9 3 1 1 0 0 0 0 0 0 0 0 0 0 0 0
"146" 146 0.0 500 0 0 0 0 0 0 0 0 0 0 0 0 0 0 0 0 0 0 0
"147" 147 0.0860927152318 238 158 63 20 9 6 4 2 0 0 0 0 0 0 0 0 0 0 0 0
"148" 148 0.367713004484 135 69 59 47 42 39 38 28 17 15 9 2 0 0 0 0 0 0 0 0
"149" 149 0.0229885057471 423 77 0 0 0 0 0 0 0 0 0 0 0 0 0 0 0 0 0 0
"150" 150 0.226744186047 122 67 63 48 44 41 33 26 16 15 9 8 3 2 1 1 1 0 0 0
"151" 151 0.114427860697 395 103 2 0 0 0 0 0 0 0 0 0 0 0 0 0 0 0 0 0
"152" 152 0.433035714286 197 142 67 23 19 12 11 9 8 7 4 1 0 0 0 0 0 0 0 0
"153" 153 0.625 500 0 0 0 0 0 0 0 0 0 0 0 0 0 0 0 0 0 0 0
"154" 154 0.528497409326 216 109 45 39 34 19 10 9 8 4 2 2 1 1 1 0 0 0 0 0
"155" 155 0.244725738397 124 94 65 64 38 34 33 28 9 5 3 3 0 0 0 0 0 0 0 0
"156" 156 0.0 499 1 0 0 0 0 0 0 0 0 0 0 0 0 0 0 0 0 0 0
"157" 157 0.35864978903 203 77 70 59 57 12 8 4 4 4 1 1 0 0 0 0 0 0 0 0
"158" 158 0.0 500 0 0 0 0 0 0 0 0 0 0 0 0 0 0 0 0 0 0 0
"159" 159 0.290178571429 179 93 69 64 50 19 13 11 1 1 0 0 0 0 0 0 0 0 0 0
"160" 160 0.131386861314 500 0 0 0 0 0 0 0 0 0 0 0 0 0 0 0 0 0 0 0
"161" 161 0.254464285714 427 28 14 10 5 3 3 2 2 2 1 1 1 1 0 0 0 0 0 0
"162" 162 0.319796954315 454 39 5 2 0 0 0 0 0 0 0 0 0 0 0 0 0 0 0 0
"163" 163 0.943005181347 155 96 86 41 31 30 19 19 7 7 5 2 1 1 0 0 0 0 0 0
"164" 164 0.817307692308 244 62 34 25 24 23 16 14 13 11 11 6 6 5 4 1 1 0 0 0
"165" 165 0.326923076923 500 0 0 0 0 0 0 0 0 0 0 0 0 0 0 0 0 0 0 0
"166" 166 0.437810945274 215 65 58 42 42 15 15 10 8 8 6 5 5 3 2 1 0 0 0 0
"167" 167 0.321428571429 274 127 83 5 4 3 3 1 0 0 0 0 0 0 0 0 0 0 0 0
"168" 168 0.459302325581 156 111 84 68 26 15 13 10 4 4 3 2 2 2 0 0 0 0 0 0
"169" 169 0.28855721393 398 79 7 5 4 3 2 1 1 0 0 0 0 0 0 0 0 0 0 0
"170" 170 0.64598540146 141 134 115 42 36 11 7 5 4 3 1 1 0 0 0 0 0 0 0 0
"171" 171 0.0796019900498 500 0 0 0 0 0 0 0 0 0 0 0 0 0 0 0 0 0 0 0
"172" 172 0.582278481013 104 95 89 65 45 42 25 16 6 6 3 2 1 1 0 0 0 0 0 0
"173" 173 0.174129353234 500 0 0 0 0 0 0 0 0 0 0 0 0 0 0 0 0 0 0 0
"174" 174 0.276729559748 500 0 0 0 0 0 0 0 0 0 0 0 0 0 0 0 0 0 0 0
"175" 175 0.0 437 61 2 0 0 0 0 0 0 0 0 0 0 0 0 0 0 0 0 0
"176" 176 0.0 500 0 0 0 0 0 0 0 0 0 0 0 0 0 0 0 0 0 0 0
"177" 177 0.0 500 0 0 0 0 0 0 0 0 0 0 0 0 0 0 0 0 0 0 0
"178" 178 0.00581395348837 389 67 25 15 3 1 0 0 0 0 0 0 0 0 0 0 0 0 0 0
"179" 179 0.0 497 2 1 0 0 0 0 0 0 0 0 0 0 0 0 0 0 0 0 0
"180" 180 0.0777202072539 486 8 5 1 0 0 0 0 0 0 0 0 0 0 0 0 0 0 0 0
"181" 181 0.492537313433 349 58 40 29 7 7 6 2 1 1 0 0 0 0 0 0 0 0 0 0
"182" 182 0.664233576642 192 114 57 38 24 22 22 15 9 6 1 0 0 0 0 0 0 0 0 0
"183" 183 0.0597014925373 500 0 0 0 0 0 0 0 0 0 0 0 0 0 0 0 0 0 0 0
"184" 184 0.0871794871795 355 145 0 0 0 0 0 0 0 0 0 0 0 0 0 0 0 0 0 0
"185" 185 0.741071428571 128 109 99 35 32 25 24 20 16 5 2 1 1 1 1 1 0 0 0 0
"186" 186 0.201257861635 500 0 0 0 0 0 0 0 0 0 0 0 0 0 0 0 0 0 0 0
"187" 187 0.273722627737 500 0 0 0 0 0 0 0 0 0 0 0 0 0 0 0 0 0 0 0
"188" 188 0.817490494297 157 80 53 43 37 30 20 14 13 12 12 11 6 5 3 2 2 0 0 0
"189" 189 0.232558139535 484 13 2 1 0 0 0 0 0 0 0 0 0 0 0 0 0 0 0 0
"190" 190 0.424418604651 234 59 56 52 36 34 8 5 5 4 3 1 1 1 1 0 0 0 0 0
"191" 191 0.666666666667 195 90 55 25 25 19 17 14 14 11 11 8 8 3 3 1 1 0 0 0
"192" 192 0.440251572327 236 98 45 42 22 14 12 11 4 3 3 2 2 2 2 2 0 0 0 0
"193" 193 0.333333333333 195 125 52 33 33 16 13 13 12 8 0 0 0 0 0 0 0 0 0 0
"194" 194 0.375634517766 228 106 98 13 13 11 9 7 5 4 2 2 1 1 0 0 0 0 0 0
"195" 195 0.467889908257 357 28 23 20 18 17 15 8 6 5 1 1 1 0 0 0 0 0 0 0
"196" 196 0.556962025316 171 99 58 43 36 29 28 14 10 6 3 2 1 0 0 0 0 0 0 0
"197" 197 0.015503875969 500 0 0 0 0 0 0 0 0 0 0 0 0 0 0 0 0 0 0 0
"198" 198 0.518987341772 166 90 65 58 43 24 17 13 7 5 3 2 2 2 1 1 1 0 0 0
"199" 199 0.696202531646 209 61 47 40 39 39 26 19 5 4 4 4 2 1 0 0 0 0 0 0
"200" 200 0.274261603376 373 63 60 2 1 1 0 0 0 0 0 0 0 0 0 0 0 0 0 0
"201" 201 0.620253164557 196 79 77 47 27 25 17 9 8 6 5 2 1 1 0 0 0 0 0 0
"202" 202 0.0456852791878 498 2 0 0 0 0 0 0 0 0 0 0 0 0 0 0 0 0 0 0
"203" 203 0.379464285714 482 4 3 3 3 2 1 1 1 0 0 0 0 0 0 0 0 0 0 0
"204" 204 0.367816091954 422 45 11 9 7 3 2 1 0 0 0 0 0 0 0 0 0 0 0 0
"205" 205 0.0964467005076 350 114 19 17 0 0 0 0 0 0 0 0 0 0 0 0 0 0 0 0
"206" 206 0.464135021097 208 139 32 31 25 16 15 10 8 7 3 2 2 2 0 0 0 0 0 0
"207" 207 0.0817610062893 500 0 0 0 0 0 0 0 0 0 0 0 0 0 0 0 0 0 0 0
"208" 208 0.528846153846 109 79 71 54 53 43 19 17 12 12 12 11 6 1 1 0 0 0 0 0
"209" 209 0.580310880829 412 51 8 6 5 5 4 4 2 1 1 1 0 0 0 0 0 0 0 0
"210" 210 0.134328358209 500 0 0 0 0 0 0 0 0 0 0 0 0 0 0 0 0 0 0 0
"211" 211 0.653846153846 500 0 0 0 0 0 0 0 0 0 0 0 0 0 0 0 0 0 0 0
"212" 212 0.051724137931 500 0 0 0 0 0 0 0 0 0 0 0 0 0 0 0 0 0 0 0
"213" 213 0.549222797927 257 41 36 36 33 28 24 14 13 7 4 3 3 1 0 0 0 0 0 0
"214" 214 0.199004975124 486 14 0 0 0 0 0 0 0 0 0 0 0 0 0 0 0 0 0 0
"215" 215 0.453488372093 296 38 31 26 22 22 21 11 6 6 6 5 4 2 2 1 1 0 0 0
"216" 216 0.284768211921 391 108 1 0 0 0 0 0 0 0 0 0 0 0 0 0 0 0 0 0
"217" 217 0.818565400844 195 78 71 33 30 16 14 12 11 9 8 8 7 4 2 1 1 0 0 0
"218" 218 0.731343283582 162 130 81 25 18 17 14 13 9 9 5 4 4 4 3 1 1 0 0 0
"219" 219 0.708609271523 233 133 43 26 22 12 9 9 8 2 1 1 1 0 0 0 0 0 0 0
"220" 220 0.632183908046 150 111 87 81 58 6 4 1 1 1 0 0 0 0 0 0 0 0 0 0
"221" 221 0.781725888325 155 70 61 44 43 42 18 18 12 11 8 8 6 2 1 1 0 0 0 0
"222" 222 0.291390728477 253 108 50 30 22 21 7 3 2 2 1 1 0 0 0 0 0 0 0 0
"223" 223 0.235632183908 483 15 1 1 0 0 0 0 0 0 0 0 0 0 0 0 0 0 0 0
"224" 224 0.504464285714 405 61 15 8 4 3 1 1 1 1 0 0 0 0 0 0 0 0 0 0
"225" 225 0.580310880829 204 98 58 35 31 27 22 8 6 4 2 2 1 1 1 0 0 0 0 0
"226" 226 0.666666666667 482 8 3 1 1 1 1 1 1 1 0 0 0 0 0 0 0 0 0 0
"227" 227 0.823899371069 484 5 4 2 2 2 1 0 0 0 0 0 0 0 0 0 0 0 0 0
"228" 228 0.85201793722 331 70 27 20 18 11 5 5 4 3 2 2 1 1 0 0 0 0 0 0
"229" 229 0.875912408759 127 79 63 54 51 32 26 17 17 15 8 4 3 3 1 0 0 0 0 0
"230" 230 0.755813953488 103 89 70 64 45 34 19 15 12 11 9 7 5 4 4 3 3 2 1 0
"231" 231 0.744186046512 153 101 54 48 32 32 25 13 12 7 7 6 3 3 2 1 1 0 0 0
"232" 232 0.759615384615 470 28 2 0 0 0 0 0 0 0 0 0 0 0 0 0 0 0 0 0
"233" 233 0.701149425287 139 123 53 40 26 22 17 15 14 9 9 9 8 5 5 4 1 1 0 0
"234" 234 0.835443037975 133 95 68 53 46 31 21 16 11 10 9 2 2 2 1 0 0 0 0 0
"235" 235 0.258620689655 383 48 38 16 14 1 0 0 0 0 0 0 0 0 0 0 0 0 0 0
"236" 236 0.611607142857 158 129 50 49 30 28 16 10 8 7 6 6 2 1 0 0 0 0 0 0
"237" 237 0.383720930233 444 46 3 2 2 1 1 1 0 0 0 0 0 0 0 0 0 0 0 0
"238" 238 0.656976744186 152 80 55 37 35 30 18 17 17 13 13 11 9 6 5 1 1 0 0 0
"239" 239 0.696428571429 183 81 56 37 37 32 19 13 12 11 9 6 3 1 0 0 0 0 0 0
"240" 240 0.259067357513 193 110 80 51 25 20 12 3 2 2 1 1 0 0 0 0 0 0 0 0
"241" 241 0.398009950249 169 142 113 31 17 11 11 3 1 1 1 0 0 0 0 0 0 0 0 0
"242" 242 0.333333333333 135 70 40 40 39 35 30 28 27 20 17 15 2 2 0 0 0 0 0 0
"243" 243 0.317829457364 113 88 71 54 47 31 28 16 16 9 8 8 5 3 1 1 1 0 0 0
"244" 244 0.303797468354 186 133 58 56 26 14 6 6 3 3 3 2 2 1 1 0 0 0 0 0
"245" 245 0.298507462687 280 107 27 20 20 16 12 10 5 2 1 0 0 0 0 0 0 0 0 0
"246" 246 0.518987341772 188 158 56 38 20 11 10 7 6 3 2 1 0 0 0 0 0 0 0 0
"247" 247 0.651785714286 184 103 62 38 36 31 25 7 6 3 2 2 1 0 0 0 0 0 0 0
"248" 248 0.51269035533 117 76 68 62 32 31 29 26 24 9 6 6 5 5 3 1 0 0 0 0
"249" 249 0.5 500 0 0 0 0 0 0 0 0 0 0 0 0 0 0 0 0 0 0 0
"250" 250 0.660583941606 132 89 75 60 47 41 16 13 8 7 4 3 2 2 1 0 0 0 0 0
"251" 251 0.664974619289 146 108 83 47 21 20 19 16 15 15 4 3 2 1 0 0 0 0 0 0
