"site" "RSA" "aa1" "aa2" "aa3" "aa4" "aa5" "aa6" "aa7" "aa8" "aa9" "aa10" "aa11" "aa12" "aa13" "aa14" "aa15" "aa16" "aa17" "aa18" "aa19" "aa20"
"0" 0 1.09271523179 500 0 0 0 0 0 0 0 0 0 0 0 0 0 0 0 0 0 0 0
"1" 1 0.846715328467 500 0 0 0 0 0 0 0 0 0 0 0 0 0 0 0 0 0 0 0
"2" 2 0.886075949367 500 0 0 0 0 0 0 0 0 0 0 0 0 0 0 0 0 0 0 0
"3" 3 0.270042194093 443 42 5 5 4 1 0 0 0 0 0 0 0 0 0 0 0 0 0 0
"4" 4 0.574358974359 249 144 105 2 0 0 0 0 0 0 0 0 0 0 0 0 0 0 0 0
"5" 5 0.177664974619 468 11 9 7 5 0 0 0 0 0 0 0 0 0 0 0 0 0 0 0
"6" 6 0.00995024875622 494 6 0 0 0 0 0 0 0 0 0 0 0 0 0 0 0 0 0 0
"7" 7 0.113924050633 500 0 0 0 0 0 0 0 0 0 0 0 0 0 0 0 0 0 0 0
"8" 8 0.0 498 1 1 0 0 0 0 0 0 0 0 0 0 0 0 0 0 0 0 0
"9" 9 0.0 482 13 4 1 0 0 0 0 0 0 0 0 0 0 0 0 0 0 0 0
"10" 10 0.00507614213198 393 64 39 3 1 0 0 0 0 0 0 0 0 0 0 0 0 0 0 0
"11" 11 0.0 469 31 0 0 0 0 0 0 0 0 0 0 0 0 0 0 0 0 0 0
"12" 12 0.0 500 0 0 0 0 0 0 0 0 0 0 0 0 0 0 0 0 0 0 0
"13" 13 0.145077720207 454 46 0 0 0 0 0 0 0 0 0 0 0 0 0 0 0 0 0 0
"14" 14 0.370860927152 288 135 25 22 13 7 4 3 2 1 0 0 0 0 0 0 0 0 0 0
"15" 15 0.471153846154 500 0 0 0 0 0 0 0 0 0 0 0 0 0 0 0 0 0 0 0
"16" 16 0.00574712643678 500 0 0 0 0 0 0 0 0 0 0 0 0 0 0 0 0 0 0 0
"17" 17 0.134615384615 500 0 0 0 0 0 0 0 0 0 0 0 0 0 0 0 0 0 0 0
"18" 18 0.0506329113924 406 89 2 2 1 0 0 0 0 0 0 0 0 0 0 0 0 0 0 0
"19" 19 0.127906976744 403 34 27 22 8 2 2 1 1 0 0 0 0 0 0 0 0 0 0 0
"20" 20 0.12582781457 482 15 2 1 0 0 0 0 0 0 0 0 0 0 0 0 0 0 0 0
"21" 21 0.0 463 32 3 2 0 0 0 0 0 0 0 0 0 0 0 0 0 0 0 0
"22" 22 0.045871559633 358 50 46 44 2 0 0 0 0 0 0 0 0 0 0 0 0 0 0 0
"23" 23 0.200956937799 437 29 16 10 4 2 2 0 0 0 0 0 0 0 0 0 0 0 0 0
"24" 24 0.171532846715 442 31 14 9 4 0 0 0 0 0 0 0 0 0 0 0 0 0 0 0
"25" 25 0.06463878327 486 8 5 1 0 0 0 0 0 0 0 0 0 0 0 0 0 0 0 0
"26" 26 0.109195402299 496 2 2 0 0 0 0 0 0 0 0 0 0 0 0 0 0 0 0 0
"27" 27 0.353846153846 366 109 14 7 4 0 0 0 0 0 0 0 0 0 0 0 0 0 0 0
"28" 28 0.575129533679 262 164 38 33 3 0 0 0 0 0 0 0 0 0 0 0 0 0 0 0
"29" 29 0.565400843882 455 45 0 0 0 0 0 0 0 0 0 0 0 0 0 0 0 0 0 0
"30" 30 0.266159695817 411 89 0 0 0 0 0 0 0 0 0 0 0 0 0 0 0 0 0 0
"31" 31 0.344370860927 488 12 0 0 0 0 0 0 0 0 0 0 0 0 0 0 0 0 0 0
"32" 32 0.52466367713 418 82 0 0 0 0 0 0 0 0 0 0 0 0 0 0 0 0 0 0
"33" 33 0.766816143498 500 0 0 0 0 0 0 0 0 0 0 0 0 0 0 0 0 0 0 0
"34" 34 0.269961977186 477 16 7 0 0 0 0 0 0 0 0 0 0 0 0 0 0 0 0 0
"35" 35 0.763713080169 500 0 0 0 0 0 0 0 0 0 0 0 0 0 0 0 0 0 0 0
"36" 36 0.395348837209 272 196 16 6 5 3 2 0 0 0 0 0 0 0 0 0 0 0 0 0
"37" 37 0.174418604651 461 32 4 3 0 0 0 0 0 0 0 0 0 0 0 0 0 0 0 0
"38" 38 0.527918781726 398 59 32 11 0 0 0 0 0 0 0 0 0 0 0 0 0 0 0 0
"39" 39 0.0769230769231 500 0 0 0 0 0 0 0 0 0 0 0 0 0 0 0 0 0 0 0
"40" 40 0.124031007752 490 4 2 1 1 1 1 0 0 0 0 0 0 0 0 0 0 0 0 0
"41" 41 0.569948186528 489 8 1 1 1 0 0 0 0 0 0 0 0 0 0 0 0 0 0 0
"42" 42 0.297071129707 275 214 9 2 0 0 0 0 0 0 0 0 0 0 0 0 0 0 0 0
"43" 43 0.258706467662 317 84 67 19 5 4 2 2 0 0 0 0 0 0 0 0 0 0 0 0
"44" 44 0.418604651163 234 190 50 10 6 5 4 1 0 0 0 0 0 0 0 0 0 0 0 0
"45" 45 0.240506329114 486 14 0 0 0 0 0 0 0 0 0 0 0 0 0 0 0 0 0 0
"46" 46 0.616071428571 243 85 53 48 42 18 9 1 1 0 0 0 0 0 0 0 0 0 0 0
"47" 47 0.132183908046 500 0 0 0 0 0 0 0 0 0 0 0 0 0 0 0 0 0 0 0
"48" 48 0.523255813953 451 33 16 0 0 0 0 0 0 0 0 0 0 0 0 0 0 0 0 0
"49" 49 0.051724137931 480 20 0 0 0 0 0 0 0 0 0 0 0 0 0 0 0 0 0 0
"50" 50 0.683937823834 282 209 9 0 0 0 0 0 0 0 0 0 0 0 0 0 0 0 0 0
"51" 51 0.567307692308 500 0 0 0 0 0 0 0 0 0 0 0 0 0 0 0 0 0 0 0
"52" 52 0.79274611399 447 48 5 0 0 0 0 0 0 0 0 0 0 0 0 0 0 0 0 0
"53" 53 0.518987341772 445 26 11 7 5 4 2 0 0 0 0 0 0 0 0 0 0 0 0 0
"54" 54 0.706896551724 308 129 24 21 18 0 0 0 0 0 0 0 0 0 0 0 0 0 0 0
"55" 55 0.100775193798 496 4 0 0 0 0 0 0 0 0 0 0 0 0 0 0 0 0 0 0
"56" 56 0.168604651163 363 70 48 8 6 5 0 0 0 0 0 0 0 0 0 0 0 0 0 0
"57" 57 0.0 482 11 4 1 1 1 0 0 0 0 0 0 0 0 0 0 0 0 0 0
"58" 58 0.152466367713 285 194 9 7 2 1 1 1 0 0 0 0 0 0 0 0 0 0 0 0
"59" 59 0.0 337 140 12 8 3 0 0 0 0 0 0 0 0 0 0 0 0 0 0 0
"60" 60 0.124113475177 481 6 4 3 2 2 1 1 0 0 0 0 0 0 0 0 0 0 0 0
"61" 61 0.0466321243523 349 50 36 33 10 10 8 2 1 1 0 0 0 0 0 0 0 0 0 0
"62" 62 0.0348837209302 496 3 1 0 0 0 0 0 0 0 0 0 0 0 0 0 0 0 0 0
"63" 63 0.0387596899225 500 0 0 0 0 0 0 0 0 0 0 0 0 0 0 0 0 0 0 0
"64" 64 0.144230769231 500 0 0 0 0 0 0 0 0 0 0 0 0 0 0 0 0 0 0 0
"65" 65 0.291479820628 263 118 82 22 11 2 1 1 0 0 0 0 0 0 0 0 0 0 0 0
"66" 66 0.732142857143 475 13 7 5 0 0 0 0 0 0 0 0 0 0 0 0 0 0 0 0
"67" 67 0.715328467153 379 48 35 31 7 0 0 0 0 0 0 0 0 0 0 0 0 0 0 0
"68" 68 0.142259414226 261 104 63 32 20 14 6 0 0 0 0 0 0 0 0 0 0 0 0 0
"69" 69 0.269058295964 364 112 17 5 2 0 0 0 0 0 0 0 0 0 0 0 0 0 0 0
"70" 70 0.58940397351 453 47 0 0 0 0 0 0 0 0 0 0 0 0 0 0 0 0 0 0
"71" 71 0.532338308458 500 0 0 0 0 0 0 0 0 0 0 0 0 0 0 0 0 0 0 0
"72" 72 0.432692307692 500 0 0 0 0 0 0 0 0 0 0 0 0 0 0 0 0 0 0 0
"73" 73 0.195402298851 188 177 47 32 13 9 9 8 8 3 2 2 1 1 0 0 0 0 0 0
"74" 74 0.410852713178 469 31 0 0 0 0 0 0 0 0 0 0 0 0 0 0 0 0 0 0
"75" 75 0.138075313808 448 41 3 3 2 2 1 0 0 0 0 0 0 0 0 0 0 0 0 0
"76" 76 0.0266159695817 175 106 94 54 48 14 5 4 0 0 0 0 0 0 0 0 0 0 0 0
"77" 77 0.485401459854 194 113 103 66 24 0 0 0 0 0 0 0 0 0 0 0 0 0 0 0
"78" 78 0.548076923077 500 0 0 0 0 0 0 0 0 0 0 0 0 0 0 0 0 0 0 0
"79" 79 0.062015503876 499 1 0 0 0 0 0 0 0 0 0 0 0 0 0 0 0 0 0 0
"80" 80 0.0880829015544 500 0 0 0 0 0 0 0 0 0 0 0 0 0 0 0 0 0 0 0
"81" 81 0.0 499 1 0 0 0 0 0 0 0 0 0 0 0 0 0 0 0 0 0 0
"82" 82 0.0 500 0 0 0 0 0 0 0 0 0 0 0 0 0 0 0 0 0 0 0
"83" 83 0.0 452 40 7 1 0 0 0 0 0 0 0 0 0 0 0 0 0 0 0 0
"84" 84 0.0 500 0 0 0 0 0 0 0 0 0 0 0 0 0 0 0 0 0 0 0
"85" 85 0.0 494 4 2 0 0 0 0 0 0 0 0 0 0 0 0 0 0 0 0 0
"86" 86 0.00380228136882 199 152 140 6 3 0 0 0 0 0 0 0 0 0 0 0 0 0 0 0
"87" 87 0.0466321243523 397 103 0 0 0 0 0 0 0 0 0 0 0 0 0 0 0 0 0 0
"88" 88 0.0172413793103 259 140 72 15 8 6 0 0 0 0 0 0 0 0 0 0 0 0 0 0
"89" 89 0.232558139535 494 5 1 0 0 0 0 0 0 0 0 0 0 0 0 0 0 0 0 0
"90" 90 0.369230769231 442 58 0 0 0 0 0 0 0 0 0 0 0 0 0 0 0 0 0 0
"91" 91 0.286821705426 499 1 0 0 0 0 0 0 0 0 0 0 0 0 0 0 0 0 0 0
"92" 92 0.364238410596 477 22 1 0 0 0 0 0 0 0 0 0 0 0 0 0 0 0 0 0
"93" 93 0.0132450331126 500 0 0 0 0 0 0 0 0 0 0 0 0 0 0 0 0 0 0 0
"94" 94 0.146443514644 439 49 6 2 1 1 1 1 0 0 0 0 0 0 0 0 0 0 0 0
"95" 95 0.589285714286 457 42 1 0 0 0 0 0 0 0 0 0 0 0 0 0 0 0 0 0
"96" 96 0.261538461538 454 25 12 6 2 1 0 0 0 0 0 0 0 0 0 0 0 0 0 0
"97" 97 0.0 274 226 0 0 0 0 0 0 0 0 0 0 0 0 0 0 0 0 0 0
"98" 98 0.396624472574 254 149 34 31 20 10 1 1 0 0 0 0 0 0 0 0 0 0 0 0
"99" 99 0.483443708609 329 137 21 8 2 2 1 0 0 0 0 0 0 0 0 0 0 0 0 0
"100" 100 0.0815602836879 206 158 136 0 0 0 0 0 0 0 0 0 0 0 0 0 0 0 0 0
"101" 101 0.226277372263 275 225 0 0 0 0 0 0 0 0 0 0 0 0 0 0 0 0 0 0
"102" 102 0.248704663212 219 155 62 37 27 0 0 0 0 0 0 0 0 0 0 0 0 0 0 0
"103" 103 0.28125 304 108 35 20 15 9 7 2 0 0 0 0 0 0 0 0 0 0 0 0
"104" 104 0.0 499 1 0 0 0 0 0 0 0 0 0 0 0 0 0 0 0 0 0 0
"105" 105 0.169154228856 437 56 7 0 0 0 0 0 0 0 0 0 0 0 0 0 0 0 0 0
"106" 106 0.580459770115 450 27 19 4 0 0 0 0 0 0 0 0 0 0 0 0 0 0 0 0
"107" 107 0.382775119617 389 90 10 9 2 0 0 0 0 0 0 0 0 0 0 0 0 0 0 0
"108" 108 0.015503875969 452 48 0 0 0 0 0 0 0 0 0 0 0 0 0 0 0 0 0 0
"109" 109 0.610256410256 261 167 72 0 0 0 0 0 0 0 0 0 0 0 0 0 0 0 0 0
"110" 110 0.155172413793 288 153 48 11 0 0 0 0 0 0 0 0 0 0 0 0 0 0 0 0
"111" 111 0.85641025641 485 15 0 0 0 0 0 0 0 0 0 0 0 0 0 0 0 0 0 0
"112" 112 0.304635761589 485 13 1 1 0 0 0 0 0 0 0 0 0 0 0 0 0 0 0 0
"113" 113 0.320754716981 500 0 0 0 0 0 0 0 0 0 0 0 0 0 0 0 0 0 0 0
"114" 114 0.727678571429 500 0 0 0 0 0 0 0 0 0 0 0 0 0 0 0 0 0 0 0
"115" 115 0.575581395349 485 13 2 0 0 0 0 0 0 0 0 0 0 0 0 0 0 0 0 0
"116" 116 0.0418410041841 488 11 1 0 0 0 0 0 0 0 0 0 0 0 0 0 0 0 0 0
"117" 117 0.119496855346 246 191 54 3 3 1 1 1 0 0 0 0 0 0 0 0 0 0 0 0
"118" 118 0.0585774058577 500 0 0 0 0 0 0 0 0 0 0 0 0 0 0 0 0 0 0 0
"119" 119 0.0 499 1 0 0 0 0 0 0 0 0 0 0 0 0 0 0 0 0 0 0
"120" 120 0.010152284264 256 201 43 0 0 0 0 0 0 0 0 0 0 0 0 0 0 0 0 0
"121" 121 0.00497512437811 403 61 34 2 0 0 0 0 0 0 0 0 0 0 0 0 0 0 0 0
"122" 122 0.0 218 181 52 34 8 5 1 1 0 0 0 0 0 0 0 0 0 0 0 0
"123" 123 0.0307692307692 421 57 22 0 0 0 0 0 0 0 0 0 0 0 0 0 0 0 0 0
"124" 124 0.278481012658 201 187 100 11 1 0 0 0 0 0 0 0 0 0 0 0 0 0 0 0
"125" 125 0.208121827411 386 78 12 10 8 4 2 0 0 0 0 0 0 0 0 0 0 0 0 0
"126" 126 0.300518134715 498 2 0 0 0 0 0 0 0 0 0 0 0 0 0 0 0 0 0 0
"127" 127 0.062015503876 413 76 6 5 0 0 0 0 0 0 0 0 0 0 0 0 0 0 0 0
"128" 128 0.535714285714 329 169 2 0 0 0 0 0 0 0 0 0 0 0 0 0 0 0 0 0
"129" 129 0.625 331 169 0 0 0 0 0 0 0 0 0 0 0 0 0 0 0 0 0 0
"130" 130 0.682119205298 487 13 0 0 0 0 0 0 0 0 0 0 0 0 0 0 0 0 0 0
"131" 131 0.396624472574 495 3 2 0 0 0 0 0 0 0 0 0 0 0 0 0 0 0 0 0
"132" 132 0.194092827004 478 16 4 2 0 0 0 0 0 0 0 0 0 0 0 0 0 0 0 0
"133" 133 0.53807106599 500 0 0 0 0 0 0 0 0 0 0 0 0 0 0 0 0 0 0 0
"134" 134 0.109195402299 449 49 1 1 0 0 0 0 0 0 0 0 0 0 0 0 0 0 0 0
"135" 135 0.370860927152 193 173 134 0 0 0 0 0 0 0 0 0 0 0 0 0 0 0 0 0
"136" 136 0.504464285714 319 133 24 15 5 2 1 1 0 0 0 0 0 0 0 0 0 0 0 0
"137" 137 0.248945147679 400 89 10 1 0 0 0 0 0 0 0 0 0 0 0 0 0 0 0 0
"138" 138 0.344370860927 165 127 67 60 41 24 15 1 0 0 0 0 0 0 0 0 0 0 0 0
"139" 139 0.0077519379845 391 52 42 11 2 1 1 0 0 0 0 0 0 0 0 0 0 0 0 0
"140" 140 0.412556053812 242 170 73 15 0 0 0 0 0 0 0 0 0 0 0 0 0 0 0 0
"141" 141 0.625 278 158 36 15 13 0 0 0 0 0 0 0 0 0 0 0 0 0 0 0
"142" 142 0.169154228856 440 37 15 2 2 1 1 1 1 0 0 0 0 0 0 0 0 0 0 0
"143" 143 0.031007751938 500 0 0 0 0 0 0 0 0 0 0 0 0 0 0 0 0 0 0 0
"144" 144 0.561181434599 434 30 17 15 4 0 0 0 0 0 0 0 0 0 0 0 0 0 0 0
"145" 145 0.569536423841 441 39 16 4 0 0 0 0 0 0 0 0 0 0 0 0 0 0 0 0
"146" 146 0.0945273631841 245 231 10 6 5 2 1 0 0 0 0 0 0 0 0 0 0 0 0 0
"147" 147 0.509615384615 500 0 0 0 0 0 0 0 0 0 0 0 0 0 0 0 0 0 0 0
"148" 148 0.616580310881 385 115 0 0 0 0 0 0 0 0 0 0 0 0 0 0 0 0 0 0
"149" 149 0.0862944162437 290 210 0 0 0 0 0 0 0 0 0 0 0 0 0 0 0 0 0 0
"150" 150 0.270440251572 500 0 0 0 0 0 0 0 0 0 0 0 0 0 0 0 0 0 0 0
"151" 151 0.129353233831 498 1 1 0 0 0 0 0 0 0 0 0 0 0 0 0 0 0 0 0
"152" 152 0.154811715481 481 10 8 1 0 0 0 0 0 0 0 0 0 0 0 0 0 0 0 0
"153" 153 0.169154228856 209 164 44 37 35 4 2 2 1 1 1 0 0 0 0 0 0 0 0 0
"154" 154 0.0 434 66 0 0 0 0 0 0 0 0 0 0 0 0 0 0 0 0 0 0
"155" 155 0.0 500 0 0 0 0 0 0 0 0 0 0 0 0 0 0 0 0 0 0 0
"156" 156 0.015503875969 419 79 2 0 0 0 0 0 0 0 0 0 0 0 0 0 0 0 0 0
"157" 157 0.362869198312 412 86 2 0 0 0 0 0 0 0 0 0 0 0 0 0 0 0 0 0
"158" 158 0.451282051282 489 7 2 2 0 0 0 0 0 0 0 0 0 0 0 0 0 0 0 0
"159" 159 0.418604651163 289 166 39 4 2 0 0 0 0 0 0 0 0 0 0 0 0 0 0 0
"160" 160 0.350253807107 482 12 4 2 0 0 0 0 0 0 0 0 0 0 0 0 0 0 0 0
"161" 161 0.297435897436 500 0 0 0 0 0 0 0 0 0 0 0 0 0 0 0 0 0 0 0
"162" 162 0.0114942528736 460 35 4 1 0 0 0 0 0 0 0 0 0 0 0 0 0 0 0 0
"163" 163 0.523316062176 251 165 72 11 1 0 0 0 0 0 0 0 0 0 0 0 0 0 0 0
"164" 164 0.325581395349 264 236 0 0 0 0 0 0 0 0 0 0 0 0 0 0 0 0 0 0
"165" 165 0.0 500 0 0 0 0 0 0 0 0 0 0 0 0 0 0 0 0 0 0 0
"166" 166 0.00418410041841 447 24 11 9 6 2 1 0 0 0 0 0 0 0 0 0 0 0 0 0
"167" 167 0.482142857143 311 188 1 0 0 0 0 0 0 0 0 0 0 0 0 0 0 0 0 0
"168" 168 0.191964285714 444 48 7 1 0 0 0 0 0 0 0 0 0 0 0 0 0 0 0 0
"169" 169 0.0 464 30 5 1 0 0 0 0 0 0 0 0 0 0 0 0 0 0 0 0
"170" 170 0.0387596899225 499 1 0 0 0 0 0 0 0 0 0 0 0 0 0 0 0 0 0 0
"171" 171 0.339416058394 430 40 29 1 0 0 0 0 0 0 0 0 0 0 0 0 0 0 0 0
"172" 172 0.0596026490066 219 149 121 6 4 1 0 0 0 0 0 0 0 0 0 0 0 0 0 0
"173" 173 0.0 494 6 0 0 0 0 0 0 0 0 0 0 0 0 0 0 0 0 0 0
"174" 174 0.129353233831 342 100 27 21 5 4 1 0 0 0 0 0 0 0 0 0 0 0 0 0
"175" 175 0.659192825112 210 135 125 13 12 3 1 1 0 0 0 0 0 0 0 0 0 0 0 0
"176" 176 0.282511210762 236 220 27 13 4 0 0 0 0 0 0 0 0 0 0 0 0 0 0 0
"177" 177 0.148717948718 354 144 2 0 0 0 0 0 0 0 0 0 0 0 0 0 0 0 0 0
"178" 178 0.591928251121 230 153 54 27 19 11 4 1 1 0 0 0 0 0 0 0 0 0 0 0
"179" 179 0.914728682171 233 212 53 1 1 0 0 0 0 0 0 0 0 0 0 0 0 0 0 0
