"site" "RSA" "aa1" "aa2" "aa3" "aa4" "aa5" "aa6" "aa7" "aa8" "aa9" "aa10" "aa11" "aa12" "aa13" "aa14" "aa15" "aa16" "aa17" "aa18" "aa19" "aa20"
"0" 0 0.704641350211 198 110 71 31 23 20 16 10 9 5 3 2 1 1 0 0 0 0 0 0
"1" 1 0.0288461538462 500 0 0 0 0 0 0 0 0 0 0 0 0 0 0 0 0 0 0 0
"2" 2 0.105769230769 371 80 12 10 7 7 3 3 3 1 1 1 1 0 0 0 0 0 0 0
"3" 3 0.00574712643678 500 0 0 0 0 0 0 0 0 0 0 0 0 0 0 0 0 0 0 0
"4" 4 0.0203045685279 280 197 5 4 4 3 2 2 1 1 1 0 0 0 0 0 0 0 0 0
"5" 5 0.0 224 187 67 10 3 3 3 2 1 0 0 0 0 0 0 0 0 0 0 0
"6" 6 0.139896373057 208 98 52 34 29 29 28 6 5 3 2 2 2 1 1 0 0 0 0 0
"7" 7 0.0 500 0 0 0 0 0 0 0 0 0 0 0 0 0 0 0 0 0 0 0
"8" 8 0.333333333333 314 93 35 12 11 10 6 6 5 4 2 2 0 0 0 0 0 0 0 0
"9" 9 0.287179487179 279 161 49 4 2 1 1 1 1 1 0 0 0 0 0 0 0 0 0 0
"10" 10 0.201550387597 406 41 36 6 4 3 1 1 1 1 0 0 0 0 0 0 0 0 0 0
"11" 11 0.629464285714 84 62 61 47 45 40 39 36 29 29 9 7 5 3 1 1 1 1 0 0
"12" 12 0.143497757848 178 172 128 11 6 2 2 1 0 0 0 0 0 0 0 0 0 0 0 0
"13" 13 0.0 499 1 0 0 0 0 0 0 0 0 0 0 0 0 0 0 0 0 0 0
"14" 14 0.476793248945 316 41 40 26 23 23 12 11 5 2 1 0 0 0 0 0 0 0 0 0
"15" 15 0.152284263959 426 28 14 10 10 4 3 1 1 1 1 1 0 0 0 0 0 0 0 0
"16" 16 0.0 497 3 0 0 0 0 0 0 0 0 0 0 0 0 0 0 0 0 0 0
"17" 17 0.276785714286 494 3 2 1 0 0 0 0 0 0 0 0 0 0 0 0 0 0 0 0
"18" 18 0.410852713178 165 79 52 43 38 33 27 24 19 8 6 3 1 1 1 0 0 0 0 0
"19" 19 0.0387596899225 434 64 2 0 0 0 0 0 0 0 0 0 0 0 0 0 0 0 0 0
"20" 20 0.384615384615 500 0 0 0 0 0 0 0 0 0 0 0 0 0 0 0 0 0 0 0
"21" 21 0.0387596899225 483 15 2 0 0 0 0 0 0 0 0 0 0 0 0 0 0 0 0 0
"22" 22 0.413793103448 122 122 74 52 39 32 32 12 8 5 1 1 0 0 0 0 0 0 0 0
"23" 23 0.031007751938 453 42 3 1 1 0 0 0 0 0 0 0 0 0 0 0 0 0 0 0
"24" 24 0.0 500 0 0 0 0 0 0 0 0 0 0 0 0 0 0 0 0 0 0 0
"25" 25 0.0 387 70 14 12 7 4 3 2 1 0 0 0 0 0 0 0 0 0 0 0
"26" 26 0.015503875969 468 30 2 0 0 0 0 0 0 0 0 0 0 0 0 0 0 0 0 0
"27" 27 0.149253731343 282 56 28 21 19 19 17 16 14 8 8 4 4 2 2 0 0 0 0 0
"28" 28 0.647321428571 269 51 49 33 26 16 13 10 7 6 6 6 3 2 2 1 0 0 0 0
"29" 29 1.29807692308 416 77 2 2 1 1 1 0 0 0 0 0 0 0 0 0 0 0 0 0
"30" 30 0.653846153846 327 155 6 4 3 2 1 1 1 0 0 0 0 0 0 0 0 0 0 0
"31" 31 0.396551724138 149 104 80 56 31 22 16 13 8 6 5 5 1 1 1 1 1 0 0 0
"32" 32 0.302325581395 113 105 68 57 52 36 15 13 10 10 5 5 4 4 2 1 0 0 0 0
"33" 33 0.536496350365 240 115 77 27 10 9 6 6 3 3 3 1 0 0 0 0 0 0 0 0
"34" 34 0.224770642202 348 132 12 5 2 1 0 0 0 0 0 0 0 0 0 0 0 0 0 0
"35" 35 0.093023255814 488 11 1 0 0 0 0 0 0 0 0 0 0 0 0 0 0 0 0 0
"36" 36 0.378238341969 173 81 63 49 28 25 24 21 20 8 3 3 2 0 0 0 0 0 0 0
"37" 37 0.295597484277 497 1 1 1 0 0 0 0 0 0 0 0 0 0 0 0 0 0 0 0
"38" 38 0.540697674419 209 53 34 32 29 28 19 19 16 15 13 12 7 6 4 3 1 0 0 0
"39" 39 0.14367816092 299 73 44 33 11 10 7 7 4 3 3 2 1 1 1 1 0 0 0 0
"40" 40 0.0 490 9 1 0 0 0 0 0 0 0 0 0 0 0 0 0 0 0 0 0
"41" 41 0.415178571429 136 93 50 42 39 39 36 25 11 9 7 7 4 2 0 0 0 0 0 0
"42" 42 0.375 473 11 7 4 3 1 1 0 0 0 0 0 0 0 0 0 0 0 0 0
"43" 43 0.0 495 3 2 0 0 0 0 0 0 0 0 0 0 0 0 0 0 0 0 0
"44" 44 0.197247706422 235 108 63 41 13 10 9 8 6 3 1 1 1 1 0 0 0 0 0 0
"45" 45 0.723076923077 99 93 64 46 46 38 37 20 20 19 8 7 1 1 1 0 0 0 0 0
"46" 46 0.077519379845 477 20 3 0 0 0 0 0 0 0 0 0 0 0 0 0 0 0 0 0
"47" 47 0.0862068965517 499 1 0 0 0 0 0 0 0 0 0 0 0 0 0 0 0 0 0 0
"48" 48 0.788079470199 302 152 15 12 4 4 4 4 3 0 0 0 0 0 0 0 0 0 0 0
"49" 49 0.172588832487 479 13 4 3 1 0 0 0 0 0 0 0 0 0 0 0 0 0 0 0
"50" 50 0.364779874214 497 1 1 1 0 0 0 0 0 0 0 0 0 0 0 0 0 0 0 0
"51" 51 0.0172413793103 496 2 2 0 0 0 0 0 0 0 0 0 0 0 0 0 0 0 0 0
"52" 52 0.0275229357798 166 81 64 59 28 24 23 19 9 7 7 5 4 3 1 0 0 0 0 0
"53" 53 0.0077519379845 482 12 3 2 1 0 0 0 0 0 0 0 0 0 0 0 0 0 0 0
"54" 54 0.147679324895 174 109 84 24 23 22 21 15 14 13 1 0 0 0 0 0 0 0 0 0
"55" 55 0.0 464 29 6 1 0 0 0 0 0 0 0 0 0 0 0 0 0 0 0 0
"56" 56 0.142335766423 497 2 1 0 0 0 0 0 0 0 0 0 0 0 0 0 0 0 0 0
"57" 57 0.0913705583756 190 114 88 27 27 14 13 9 6 4 4 2 2 0 0 0 0 0 0 0
"58" 58 0.153846153846 500 0 0 0 0 0 0 0 0 0 0 0 0 0 0 0 0 0 0 0
"59" 59 0.234449760766 304 114 75 4 2 1 0 0 0 0 0 0 0 0 0 0 0 0 0 0
"60" 60 0.399239543726 296 52 47 22 21 19 12 7 5 4 4 4 2 2 2 1 0 0 0 0
"61" 61 0.505747126437 104 59 59 52 46 36 30 29 27 14 13 11 7 6 5 1 1 0 0 0
"62" 62 0.0401785714286 500 0 0 0 0 0 0 0 0 0 0 0 0 0 0 0 0 0 0 0
"63" 63 0.0 500 0 0 0 0 0 0 0 0 0 0 0 0 0 0 0 0 0 0 0
"64" 64 0.244525547445 478 11 4 2 2 2 1 0 0 0 0 0 0 0 0 0 0 0 0 0
"65" 65 0.310344827586 254 50 44 23 22 21 20 16 14 13 12 7 2 1 1 0 0 0 0 0
"66" 66 0.0 489 8 2 1 0 0 0 0 0 0 0 0 0 0 0 0 0 0 0 0
"67" 67 0.169642857143 498 2 0 0 0 0 0 0 0 0 0 0 0 0 0 0 0 0 0 0
"68" 68 0.68992248062 142 61 57 53 44 40 26 26 14 11 9 8 3 2 2 2 0 0 0 0
"69" 69 0.218905472637 438 20 20 9 4 3 2 1 1 1 1 0 0 0 0 0 0 0 0 0
"70" 70 0.403846153846 500 0 0 0 0 0 0 0 0 0 0 0 0 0 0 0 0 0 0 0
"71" 71 0.0459770114943 396 83 17 3 1 0 0 0 0 0 0 0 0 0 0 0 0 0 0 0
"72" 72 0.388601036269 265 213 9 5 2 2 2 1 1 0 0 0 0 0 0 0 0 0 0 0
"73" 73 0.178707224335 431 27 15 12 7 4 1 1 1 1 0 0 0 0 0 0 0 0 0 0
"74" 74 0.0 488 12 0 0 0 0 0 0 0 0 0 0 0 0 0 0 0 0 0 0
"75" 75 0.0103626943005 492 7 1 0 0 0 0 0 0 0 0 0 0 0 0 0 0 0 0 0
"76" 76 0.0133928571429 500 0 0 0 0 0 0 0 0 0 0 0 0 0 0 0 0 0 0 0
"77" 77 0.0 473 25 1 1 0 0 0 0 0 0 0 0 0 0 0 0 0 0 0 0
"78" 78 0.214285714286 500 0 0 0 0 0 0 0 0 0 0 0 0 0 0 0 0 0 0 0
"79" 79 0.385057471264 290 73 56 56 9 6 6 2 1 1 0 0 0 0 0 0 0 0 0 0
"80" 80 0.0995024875622 130 121 80 67 41 15 12 10 9 4 4 3 2 1 1 0 0 0 0 0
"81" 81 0.302325581395 164 84 74 52 29 27 16 14 11 8 8 7 5 1 0 0 0 0 0 0
"82" 82 0.314465408805 495 3 1 1 0 0 0 0 0 0 0 0 0 0 0 0 0 0 0 0
"83" 83 0.418604651163 174 132 44 43 19 17 15 14 13 10 9 5 4 1 0 0 0 0 0 0
"84" 84 0.274611398964 351 142 4 2 1 0 0 0 0 0 0 0 0 0 0 0 0 0 0 0
"85" 85 0.785714285714 120 83 78 77 40 31 14 13 12 12 9 6 3 2 0 0 0 0 0 0
"86" 86 0.678571428571 332 60 21 19 16 15 15 10 4 3 2 2 1 0 0 0 0 0 0 0
"87" 87 0.556485355649 243 71 36 35 27 23 13 13 12 8 6 4 3 2 2 1 1 0 0 0
"88" 88 0.248803827751 349 35 27 25 21 8 6 6 5 5 5 3 3 1 1 0 0 0 0 0
"89" 89 0.0253807106599 463 36 1 0 0 0 0 0 0 0 0 0 0 0 0 0 0 0 0 0
"90" 90 0.284974093264 364 56 34 12 8 6 5 5 4 3 2 1 0 0 0 0 0 0 0 0
"91" 91 0.0210970464135 482 11 7 0 0 0 0 0 0 0 0 0 0 0 0 0 0 0 0 0
"92" 92 0.587591240876 192 107 67 58 16 15 11 10 9 6 6 1 1 1 0 0 0 0 0 0
"93" 93 0.457399103139 124 97 64 43 41 30 27 23 23 16 7 5 0 0 0 0 0 0 0 0
"94" 94 0.0753138075314 481 19 0 0 0 0 0 0 0 0 0 0 0 0 0 0 0 0 0 0
"95" 95 0.761627906977 121 91 66 54 39 34 21 19 14 11 11 7 6 3 2 1 0 0 0 0
"96" 96 0.0689655172414 345 68 54 19 11 3 0 0 0 0 0 0 0 0 0 0 0 0 0 0
"97" 97 0.251572327044 452 11 7 5 5 4 3 2 2 2 2 2 1 1 1 0 0 0 0 0
"98" 98 0.00418410041841 500 0 0 0 0 0 0 0 0 0 0 0 0 0 0 0 0 0 0 0
"99" 99 0.0 367 31 20 20 15 14 13 7 5 4 2 1 1 0 0 0 0 0 0 0
"100" 100 0.0126582278481 500 0 0 0 0 0 0 0 0 0 0 0 0 0 0 0 0 0 0 0
"101" 101 0.0384615384615 500 0 0 0 0 0 0 0 0 0 0 0 0 0 0 0 0 0 0 0
"102" 102 0.00632911392405 500 0 0 0 0 0 0 0 0 0 0 0 0 0 0 0 0 0 0 0
"103" 103 0.441605839416 167 152 148 12 8 7 3 2 1 0 0 0 0 0 0 0 0 0 0 0
"104" 104 0.269430051813 333 153 3 3 2 2 2 1 1 0 0 0 0 0 0 0 0 0 0 0
"105" 105 0.0 500 0 0 0 0 0 0 0 0 0 0 0 0 0 0 0 0 0 0 0
"106" 106 0.0 500 0 0 0 0 0 0 0 0 0 0 0 0 0 0 0 0 0 0 0
"107" 107 0.0401785714286 464 10 5 4 4 4 2 2 1 1 1 1 1 0 0 0 0 0 0 0
"108" 108 0.0 496 2 2 0 0 0 0 0 0 0 0 0 0 0 0 0 0 0 0 0
"109" 109 0.0 491 5 3 1 0 0 0 0 0 0 0 0 0 0 0 0 0 0 0 0
"110" 110 0.332116788321 380 78 10 6 5 5 5 4 4 1 1 1 0 0 0 0 0 0 0 0
"111" 111 0.0620437956204 343 82 38 9 5 5 4 3 3 3 2 2 1 0 0 0 0 0 0 0
"112" 112 0.142131979695 499 1 0 0 0 0 0 0 0 0 0 0 0 0 0 0 0 0 0 0
"113" 113 0.387596899225 308 72 52 22 20 10 4 3 3 2 2 2 0 0 0 0 0 0 0 0
"114" 114 0.178571428571 417 41 9 9 6 6 5 5 1 1 0 0 0 0 0 0 0 0 0 0
"115" 115 0.192307692308 500 0 0 0 0 0 0 0 0 0 0 0 0 0 0 0 0 0 0 0
"116" 116 0.046511627907 447 50 3 0 0 0 0 0 0 0 0 0 0 0 0 0 0 0 0 0
"117" 117 0.370860927152 176 139 43 36 25 16 15 14 11 8 6 4 2 2 2 1 0 0 0 0
"118" 118 0.0366972477064 164 110 75 63 57 21 5 4 1 0 0 0 0 0 0 0 0 0 0 0
"119" 119 0.0 500 0 0 0 0 0 0 0 0 0 0 0 0 0 0 0 0 0 0 0
"120" 120 0.0474452554745 500 0 0 0 0 0 0 0 0 0 0 0 0 0 0 0 0 0 0 0
"121" 121 0.00581395348837 475 21 4 0 0 0 0 0 0 0 0 0 0 0 0 0 0 0 0 0
"122" 122 0.160337552743 214 125 78 28 27 17 9 2 0 0 0 0 0 0 0 0 0 0 0 0
"123" 123 0.115384615385 500 0 0 0 0 0 0 0 0 0 0 0 0 0 0 0 0 0 0 0
"124" 124 0.375 133 104 77 52 52 26 25 8 6 5 4 3 3 2 0 0 0 0 0 0
"125" 125 0.459119496855 453 46 1 0 0 0 0 0 0 0 0 0 0 0 0 0 0 0 0 0
"126" 126 0.836538461538 500 0 0 0 0 0 0 0 0 0 0 0 0 0 0 0 0 0 0 0
"127" 127 0.406976744186 272 81 53 34 16 9 8 6 5 5 5 2 1 1 1 1 0 0 0 0
"128" 128 0.442307692308 486 6 4 1 1 1 1 0 0 0 0 0 0 0 0 0 0 0 0 0
"129" 129 0.389743589744 360 91 22 15 4 3 2 2 1 0 0 0 0 0 0 0 0 0 0 0
"130" 130 0.126903553299 233 141 47 29 24 10 4 4 2 2 2 1 1 0 0 0 0 0 0 0
"131" 131 0.362068965517 171 171 34 30 23 17 15 14 7 5 5 4 2 2 0 0 0 0 0 0
"132" 132 0.21875 401 24 22 13 8 7 7 4 4 4 2 2 1 1 0 0 0 0 0 0
"133" 133 0.0 461 32 4 3 0 0 0 0 0 0 0 0 0 0 0 0 0 0 0 0
"134" 134 0.172413793103 83 65 64 48 42 38 35 30 27 24 17 8 6 5 4 3 1 0 0 0
"135" 135 0.503649635036 328 81 27 22 11 10 10 5 2 2 1 1 0 0 0 0 0 0 0 0
"136" 136 0.0574162679426 499 1 0 0 0 0 0 0 0 0 0 0 0 0 0 0 0 0 0 0
"137" 137 0.0 467 11 8 5 4 3 2 0 0 0 0 0 0 0 0 0 0 0 0 0
"138" 138 0.547445255474 96 81 63 63 39 36 36 27 20 10 9 6 5 4 3 2 0 0 0 0
"139" 139 0.438818565401 166 126 81 73 12 12 12 11 3 2 1 1 0 0 0 0 0 0 0 0
"140" 140 0.00574712643678 474 21 5 0 0 0 0 0 0 0 0 0 0 0 0 0 0 0 0 0
"141" 141 0.102564102564 136 111 71 66 30 27 15 10 8 6 6 4 3 3 1 1 1 1 0 0
"142" 142 0.403100775194 78 67 59 49 42 39 36 28 25 16 16 13 11 11 5 3 2 0 0 0
"143" 143 0.112107623318 222 60 56 54 52 21 11 10 6 5 2 1 0 0 0 0 0 0 0 0
"144" 144 0.0609137055838 493 7 0 0 0 0 0 0 0 0 0 0 0 0 0 0 0 0 0 0
"145" 145 0.532846715328 120 52 51 48 44 36 31 25 24 21 13 11 11 5 4 2 1 1 0 0
"146" 146 0.455696202532 107 82 75 38 34 31 31 27 24 16 11 10 6 4 3 1 0 0 0 0
"147" 147 0.0 424 48 20 8 0 0 0 0 0 0 0 0 0 0 0 0 0 0 0 0
"148" 148 0.281609195402 359 74 13 13 8 8 8 7 5 2 2 1 0 0 0 0 0 0 0 0
"149" 149 0.748717948718 170 47 47 47 41 38 20 15 15 15 14 12 8 7 4 0 0 0 0 0
"150" 150 0.0871559633028 237 174 64 6 6 4 4 3 2 0 0 0 0 0 0 0 0 0 0 0
"151" 151 0.384105960265 164 76 41 41 29 24 23 22 18 18 16 10 9 7 1 1 0 0 0 0
"152" 152 0.446428571429 153 64 60 53 34 23 22 14 10 9 9 8 8 8 7 6 6 4 2 0
"153" 153 0.704663212435 105 82 63 46 40 39 29 27 20 16 14 13 3 2 1 0 0 0 0 0
"154" 154 0.477678571429 124 86 75 42 41 39 31 23 15 13 9 1 1 0 0 0 0 0 0 0
"155" 155 0.0 481 14 3 2 0 0 0 0 0 0 0 0 0 0 0 0 0 0 0 0
"156" 156 0.48275862069 91 73 47 45 44 37 36 28 26 18 15 13 11 7 7 1 1 0 0 0
"157" 157 0.53488372093 65 60 59 57 52 47 46 41 23 11 11 9 8 6 4 1 0 0 0 0
"158" 158 0.116071428571 189 71 52 46 41 40 29 17 6 3 2 2 1 1 0 0 0 0 0 0
"159" 159 0.0387596899225 494 5 1 0 0 0 0 0 0 0 0 0 0 0 0 0 0 0 0 0
"160" 160 0.776371308017 144 50 47 43 42 37 36 30 22 17 9 7 6 4 3 2 1 0 0 0
"161" 161 0.717488789238 93 89 61 51 44 38 32 32 20 16 8 8 4 2 1 1 0 0 0 0
"162" 162 0.129353233831 450 24 10 9 4 2 1 0 0 0 0 0 0 0 0 0 0 0 0 0
"163" 163 0.365384615385 500 0 0 0 0 0 0 0 0 0 0 0 0 0 0 0 0 0 0 0
"164" 164 0.100775193798 473 17 10 0 0 0 0 0 0 0 0 0 0 0 0 0 0 0 0 0
"165" 165 0.276729559748 136 104 66 32 30 29 23 21 18 13 10 9 8 1 0 0 0 0 0 0
"166" 166 0.206896551724 128 120 96 96 13 10 9 7 5 4 3 3 3 1 1 1 0 0 0 0
"167" 167 0.549107142857 169 81 51 48 30 29 25 16 13 12 12 4 4 3 2 1 0 0 0 0
"168" 168 0.0804597701149 472 18 4 3 2 1 0 0 0 0 0 0 0 0 0 0 0 0 0 0
"169" 169 0.0 499 1 0 0 0 0 0 0 0 0 0 0 0 0 0 0 0 0 0 0
"170" 170 0.328467153285 274 86 33 25 20 16 13 9 6 5 5 4 1 1 1 1 0 0 0 0
"171" 171 0.299107142857 421 21 13 11 10 7 5 4 4 1 1 1 1 0 0 0 0 0 0 0
"172" 172 0.0 499 1 0 0 0 0 0 0 0 0 0 0 0 0 0 0 0 0 0 0
"173" 173 0.20253164557 377 56 31 30 3 2 1 0 0 0 0 0 0 0 0 0 0 0 0 0
"174" 174 0.605839416058 414 22 15 7 6 5 5 5 4 3 3 3 3 2 2 1 0 0 0 0
"175" 175 0.358208955224 218 168 40 29 18 9 4 4 3 3 1 1 1 1 0 0 0 0 0 0
"176" 176 0.375 500 0 0 0 0 0 0 0 0 0 0 0 0 0 0 0 0 0 0 0
"177" 177 0.357664233577 500 0 0 0 0 0 0 0 0 0 0 0 0 0 0 0 0 0 0 0
"178" 178 0.0199004975124 500 0 0 0 0 0 0 0 0 0 0 0 0 0 0 0 0 0 0 0
"179" 179 0.295597484277 500 0 0 0 0 0 0 0 0 0 0 0 0 0 0 0 0 0 0 0
"180" 180 0.126436781609 500 0 0 0 0 0 0 0 0 0 0 0 0 0 0 0 0 0 0 0
"181" 181 0.35632183908 320 46 29 23 20 20 14 10 6 4 3 3 2 0 0 0 0 0 0 0
"182" 182 0.0153846153846 490 3 3 3 1 0 0 0 0 0 0 0 0 0 0 0 0 0 0 0
"183" 183 0.071129707113 165 134 62 28 22 16 14 13 12 11 7 5 4 3 3 1 0 0 0 0
"184" 184 0.0 436 44 10 9 1 0 0 0 0 0 0 0 0 0 0 0 0 0 0 0
"185" 185 0.0697674418605 385 98 13 2 2 0 0 0 0 0 0 0 0 0 0 0 0 0 0 0
"186" 186 0.105769230769 500 0 0 0 0 0 0 0 0 0 0 0 0 0 0 0 0 0 0 0
"187" 187 0.125 500 0 0 0 0 0 0 0 0 0 0 0 0 0 0 0 0 0 0 0
"188" 188 0.0804597701149 318 174 6 1 1 0 0 0 0 0 0 0 0 0 0 0 0 0 0 0
"189" 189 0.273255813953 145 133 86 76 25 16 9 6 1 1 1 1 0 0 0 0 0 0 0 0
"190" 190 0.331395348837 121 76 61 53 35 33 27 24 19 18 17 4 3 3 3 3 0 0 0 0
"191" 191 0.0377358490566 500 0 0 0 0 0 0 0 0 0 0 0 0 0 0 0 0 0 0 0
"192" 192 0.37984496124 121 109 69 47 46 39 25 11 7 6 5 5 3 3 2 1 1 0 0 0
"193" 193 0.150259067358 427 73 0 0 0 0 0 0 0 0 0 0 0 0 0 0 0 0 0 0
"194" 194 0.0 497 2 1 0 0 0 0 0 0 0 0 0 0 0 0 0 0 0 0 0
"195" 195 0.0542635658915 499 1 0 0 0 0 0 0 0 0 0 0 0 0 0 0 0 0 0 0
"196" 196 0.318407960199 113 67 66 50 44 39 36 22 20 17 11 5 3 3 2 1 1 0 0 0
"197" 197 0.0 381 78 19 15 5 2 0 0 0 0 0 0 0 0 0 0 0 0 0 0
"198" 198 0.0183486238532 497 2 1 0 0 0 0 0 0 0 0 0 0 0 0 0 0 0 0 0
"199" 199 0.526315789474 202 183 37 23 15 13 10 4 4 2 2 2 1 1 1 0 0 0 0 0
"200" 200 0.044776119403 357 35 31 15 15 12 10 9 7 3 3 2 1 0 0 0 0 0 0 0
"201" 201 0.336538461538 500 0 0 0 0 0 0 0 0 0 0 0 0 0 0 0 0 0 0 0
"202" 202 0.0 292 208 0 0 0 0 0 0 0 0 0 0 0 0 0 0 0 0 0 0
"203" 203 0.0880829015544 500 0 0 0 0 0 0 0 0 0 0 0 0 0 0 0 0 0 0 0
"204" 204 0.0 500 0 0 0 0 0 0 0 0 0 0 0 0 0 0 0 0 0 0 0
"205" 205 0.0 495 3 1 1 0 0 0 0 0 0 0 0 0 0 0 0 0 0 0 0
"206" 206 0.0585774058577 412 58 9 6 6 4 2 2 1 0 0 0 0 0 0 0 0 0 0 0
"207" 207 0.0344827586207 477 17 4 1 1 0 0 0 0 0 0 0 0 0 0 0 0 0 0 0
"208" 208 0.269230769231 253 170 65 10 1 1 0 0 0 0 0 0 0 0 0 0 0 0 0 0
"209" 209 0.298013245033 229 105 84 21 16 12 7 6 5 4 3 3 2 1 1 1 0 0 0 0
"210" 210 0.307692307692 277 60 35 27 22 13 10 9 8 8 7 7 5 5 4 2 1 0 0 0
"211" 211 0.0253807106599 424 50 15 10 1 0 0 0 0 0 0 0 0 0 0 0 0 0 0 0
"212" 212 0.146443514644 499 1 0 0 0 0 0 0 0 0 0 0 0 0 0 0 0 0 0 0
"213" 213 0.679324894515 136 72 60 59 49 46 27 18 13 7 6 4 2 1 0 0 0 0 0 0
"214" 214 0.172185430464 261 109 51 23 15 10 9 8 4 3 3 2 1 1 0 0 0 0 0 0
"215" 215 0.821428571429 100 80 69 45 39 36 32 30 22 16 11 10 5 3 1 1 0 0 0 0
"216" 216 0.415384615385 291 150 22 10 4 4 4 3 3 2 2 2 1 1 1 0 0 0 0 0
"217" 217 0.176100628931 499 1 0 0 0 0 0 0 0 0 0 0 0 0 0 0 0 0 0 0
"218" 218 0.290178571429 485 2 2 2 2 2 1 1 1 1 1 0 0 0 0 0 0 0 0 0
"219" 219 0.438818565401 335 40 24 22 21 14 14 10 9 6 3 2 0 0 0 0 0 0 0 0
"220" 220 0.148288973384 207 116 64 53 20 17 16 5 1 1 0 0 0 0 0 0 0 0 0 0
"221" 221 0.0 465 27 7 1 0 0 0 0 0 0 0 0 0 0 0 0 0 0 0 0
"222" 222 0.481751824818 476 16 4 1 1 1 1 0 0 0 0 0 0 0 0 0 0 0 0 0
"223" 223 0.0542635658915 481 14 3 2 0 0 0 0 0 0 0 0 0 0 0 0 0 0 0 0
"224" 224 0.00507614213198 302 149 44 2 1 1 1 0 0 0 0 0 0 0 0 0 0 0 0 0
"225" 225 0.0977011494253 432 30 15 10 3 3 3 2 1 1 0 0 0 0 0 0 0 0 0 0
"226" 226 0.433035714286 137 125 68 45 29 21 20 18 16 16 2 1 1 1 0 0 0 0 0 0
"227" 227 0.0 497 2 1 0 0 0 0 0 0 0 0 0 0 0 0 0 0 0 0 0
"228" 228 0.0 412 85 3 0 0 0 0 0 0 0 0 0 0 0 0 0 0 0 0 0
"229" 229 0.354651162791 195 59 51 36 29 28 28 19 17 11 10 8 4 2 2 1 0 0 0 0
"230" 230 0.282296650718 211 78 76 43 29 26 15 5 4 4 3 3 2 1 0 0 0 0 0 0
"231" 231 0.19391634981 332 81 57 25 3 2 0 0 0 0 0 0 0 0 0 0 0 0 0 0
"232" 232 0.553571428571 156 93 44 38 37 22 21 18 16 14 10 7 6 6 5 3 3 1 0 0
"233" 233 0.388601036269 280 212 3 3 1 1 0 0 0 0 0 0 0 0 0 0 0 0 0 0
"234" 234 0.543726235741 114 104 46 44 37 29 29 27 24 20 10 7 4 2 2 1 0 0 0 0
"235" 235 0.714285714286 125 93 74 42 23 23 20 18 14 14 13 12 11 9 4 3 1 1 0 0
"236" 236 0.223880597015 375 35 34 16 14 10 7 4 2 1 1 1 0 0 0 0 0 0 0 0
"237" 237 0.0609137055838 473 13 10 4 0 0 0 0 0 0 0 0 0 0 0 0 0 0 0 0
"238" 238 0.410852713178 83 70 65 55 48 34 27 27 25 15 13 10 9 8 5 3 2 1 0 0
"239" 239 0.583732057416 148 67 66 53 31 30 26 22 18 10 9 6 6 3 2 2 1 0 0 0
"240" 240 0.164179104478 494 2 1 1 1 1 0 0 0 0 0 0 0 0 0 0 0 0 0 0
"241" 241 0.403973509934 369 115 10 3 1 1 1 0 0 0 0 0 0 0 0 0 0 0 0 0
"242" 242 0.607594936709 118 62 54 48 47 36 34 33 22 15 12 9 5 3 1 1 0 0 0 0
"243" 243 0.596153846154 490 7 3 0 0 0 0 0 0 0 0 0 0 0 0 0 0 0 0 0
"244" 244 0.691542288557 267 102 26 21 19 17 13 12 9 7 5 2 0 0 0 0 0 0 0 0
