"site" "RSA" "aa1" "aa2" "aa3" "aa4" "aa5" "aa6" "aa7" "aa8" "aa9" "aa10" "aa11" "aa12" "aa13" "aa14" "aa15" "aa16" "aa17" "aa18" "aa19" "aa20"
"0" 0 0.790697674419 246 227 26 1 0 0 0 0 0 0 0 0 0 0 0 0 0 0 0 0
"1" 1 0.34375 430 51 12 7 0 0 0 0 0 0 0 0 0 0 0 0 0 0 0 0
"2" 2 0.601990049751 484 16 0 0 0 0 0 0 0 0 0 0 0 0 0 0 0 0 0 0
"3" 3 0.267857142857 500 0 0 0 0 0 0 0 0 0 0 0 0 0 0 0 0 0 0 0
"4" 4 0.20802919708 202 172 123 1 1 1 0 0 0 0 0 0 0 0 0 0 0 0 0 0
"5" 5 0.0 480 18 2 0 0 0 0 0 0 0 0 0 0 0 0 0 0 0 0 0
"6" 6 0.0 381 105 11 2 1 0 0 0 0 0 0 0 0 0 0 0 0 0 0 0
"7" 7 0.0 397 83 10 7 2 1 0 0 0 0 0 0 0 0 0 0 0 0 0 0
"8" 8 0.031007751938 362 78 42 8 5 3 2 0 0 0 0 0 0 0 0 0 0 0 0 0
"9" 9 0.0 500 0 0 0 0 0 0 0 0 0 0 0 0 0 0 0 0 0 0 0
"10" 10 0.101265822785 487 10 3 0 0 0 0 0 0 0 0 0 0 0 0 0 0 0 0 0
"11" 11 0.0251572327044 495 5 0 0 0 0 0 0 0 0 0 0 0 0 0 0 0 0 0 0
"12" 12 0.0777202072539 257 220 20 2 1 0 0 0 0 0 0 0 0 0 0 0 0 0 0 0
"13" 13 0.0 500 0 0 0 0 0 0 0 0 0 0 0 0 0 0 0 0 0 0 0
"14" 14 0.14367816092 469 31 0 0 0 0 0 0 0 0 0 0 0 0 0 0 0 0 0 0
"15" 15 0.614349775785 289 211 0 0 0 0 0 0 0 0 0 0 0 0 0 0 0 0 0 0
"16" 16 0.470802919708 220 155 124 1 0 0 0 0 0 0 0 0 0 0 0 0 0 0 0 0
"17" 17 0.538461538462 500 0 0 0 0 0 0 0 0 0 0 0 0 0 0 0 0 0 0 0
"18" 18 0.0995024875622 226 105 100 44 13 11 1 0 0 0 0 0 0 0 0 0 0 0 0 0
"19" 19 0.294416243655 469 31 0 0 0 0 0 0 0 0 0 0 0 0 0 0 0 0 0 0
"20" 20 0.629139072848 333 97 58 12 0 0 0 0 0 0 0 0 0 0 0 0 0 0 0 0
"21" 21 0.303571428571 207 126 57 43 20 14 12 11 6 2 2 0 0 0 0 0 0 0 0 0
"22" 22 0.0 497 3 0 0 0 0 0 0 0 0 0 0 0 0 0 0 0 0 0 0
"23" 23 0.157360406091 242 129 86 40 2 1 0 0 0 0 0 0 0 0 0 0 0 0 0 0
"24" 24 0.238410596026 169 105 95 64 38 24 3 2 0 0 0 0 0 0 0 0 0 0 0 0
"25" 25 0.0656934306569 498 1 1 0 0 0 0 0 0 0 0 0 0 0 0 0 0 0 0 0
"26" 26 0.0 499 1 0 0 0 0 0 0 0 0 0 0 0 0 0 0 0 0 0 0
"27" 27 0.607142857143 193 190 117 0 0 0 0 0 0 0 0 0 0 0 0 0 0 0 0 0
"28" 28 0.667883211679 239 97 73 64 13 12 2 0 0 0 0 0 0 0 0 0 0 0 0 0
"29" 29 0.409282700422 445 55 0 0 0 0 0 0 0 0 0 0 0 0 0 0 0 0 0 0
"30" 30 0.182692307692 500 0 0 0 0 0 0 0 0 0 0 0 0 0 0 0 0 0 0 0
"31" 31 0.0669456066946 444 55 1 0 0 0 0 0 0 0 0 0 0 0 0 0 0 0 0 0
"32" 32 0.0928270042194 273 208 12 3 2 1 1 0 0 0 0 0 0 0 0 0 0 0 0 0
"33" 33 0.293532338308 499 1 0 0 0 0 0 0 0 0 0 0 0 0 0 0 0 0 0 0
"34" 34 0.0114942528736 497 2 1 0 0 0 0 0 0 0 0 0 0 0 0 0 0 0 0 0
"35" 35 0.0288461538462 478 22 0 0 0 0 0 0 0 0 0 0 0 0 0 0 0 0 0 0
"36" 36 0.41116751269 241 146 82 15 12 2 1 1 0 0 0 0 0 0 0 0 0 0 0 0
"37" 37 0.215189873418 400 65 21 8 3 2 1 0 0 0 0 0 0 0 0 0 0 0 0 0
"38" 38 0.540229885057 245 135 82 27 11 0 0 0 0 0 0 0 0 0 0 0 0 0 0 0
"39" 39 0.223880597015 401 67 22 6 2 1 1 0 0 0 0 0 0 0 0 0 0 0 0 0
"40" 40 0.573604060914 489 11 0 0 0 0 0 0 0 0 0 0 0 0 0 0 0 0 0 0
"41" 41 0.0314465408805 495 2 2 1 0 0 0 0 0 0 0 0 0 0 0 0 0 0 0 0
"42" 42 0.482558139535 401 75 24 0 0 0 0 0 0 0 0 0 0 0 0 0 0 0 0 0
"43" 43 0.286919831224 475 25 0 0 0 0 0 0 0 0 0 0 0 0 0 0 0 0 0 0
"44" 44 0.596412556054 500 0 0 0 0 0 0 0 0 0 0 0 0 0 0 0 0 0 0 0
"45" 45 0.154811715481 344 60 44 24 23 3 1 1 0 0 0 0 0 0 0 0 0 0 0 0
"46" 46 0.0 491 6 3 0 0 0 0 0 0 0 0 0 0 0 0 0 0 0 0 0
"47" 47 0.304932735426 500 0 0 0 0 0 0 0 0 0 0 0 0 0 0 0 0 0 0 0
"48" 48 0.439461883408 457 40 3 0 0 0 0 0 0 0 0 0 0 0 0 0 0 0 0 0
"49" 49 0.0717703349282 108 75 73 62 50 43 36 26 16 3 3 2 1 1 1 0 0 0 0 0
"50" 50 0.0684410646388 311 110 29 20 15 6 3 3 2 1 0 0 0 0 0 0 0 0 0 0
"51" 51 0.382775119617 269 158 72 1 0 0 0 0 0 0 0 0 0 0 0 0 0 0 0 0
"52" 52 0.59585492228 157 114 110 110 6 2 1 0 0 0 0 0 0 0 0 0 0 0 0 0
"53" 53 0.228855721393 430 31 14 13 7 2 2 1 0 0 0 0 0 0 0 0 0 0 0 0
"54" 54 0.582278481013 272 228 0 0 0 0 0 0 0 0 0 0 0 0 0 0 0 0 0 0
"55" 55 0.705357142857 498 2 0 0 0 0 0 0 0 0 0 0 0 0 0 0 0 0 0 0
"56" 56 0.507299270073 483 9 8 0 0 0 0 0 0 0 0 0 0 0 0 0 0 0 0 0
"57" 57 0.823899371069 486 14 0 0 0 0 0 0 0 0 0 0 0 0 0 0 0 0 0 0
"58" 58 0.355648535565 204 144 96 50 3 2 1 0 0 0 0 0 0 0 0 0 0 0 0 0
"59" 59 0.10460251046 500 0 0 0 0 0 0 0 0 0 0 0 0 0 0 0 0 0 0 0
"60" 60 0.482051282051 472 24 4 0 0 0 0 0 0 0 0 0 0 0 0 0 0 0 0 0
"61" 61 0.413461538462 475 15 5 2 1 1 1 0 0 0 0 0 0 0 0 0 0 0 0 0
"62" 62 0.238805970149 446 21 14 10 3 3 2 1 0 0 0 0 0 0 0 0 0 0 0 0
"63" 63 0.0 498 2 0 0 0 0 0 0 0 0 0 0 0 0 0 0 0 0 0 0
"64" 64 0.40414507772 475 24 1 0 0 0 0 0 0 0 0 0 0 0 0 0 0 0 0 0
"65" 65 0.138075313808 491 5 3 1 0 0 0 0 0 0 0 0 0 0 0 0 0 0 0 0
"66" 66 0.0248756218905 197 109 87 38 27 16 15 5 3 3 0 0 0 0 0 0 0 0 0 0
"67" 67 0.165562913907 500 0 0 0 0 0 0 0 0 0 0 0 0 0 0 0 0 0 0 0
"68" 68 0.523178807947 500 0 0 0 0 0 0 0 0 0 0 0 0 0 0 0 0 0 0 0
"69" 69 0.0769230769231 443 57 0 0 0 0 0 0 0 0 0 0 0 0 0 0 0 0 0 0
"70" 70 0.220125786164 443 36 7 5 5 4 0 0 0 0 0 0 0 0 0 0 0 0 0 0
"71" 71 0.0 258 105 53 42 29 8 5 0 0 0 0 0 0 0 0 0 0 0 0 0
"72" 72 0.0761421319797 381 118 1 0 0 0 0 0 0 0 0 0 0 0 0 0 0 0 0 0
"73" 73 0.0 295 66 53 48 13 10 7 3 2 2 1 0 0 0 0 0 0 0 0 0
"74" 74 0.0 443 57 0 0 0 0 0 0 0 0 0 0 0 0 0 0 0 0 0 0
"75" 75 0.0 476 22 2 0 0 0 0 0 0 0 0 0 0 0 0 0 0 0 0 0
"76" 76 0.0106382978723 500 0 0 0 0 0 0 0 0 0 0 0 0 0 0 0 0 0 0 0
"77" 77 0.03125 262 197 41 0 0 0 0 0 0 0 0 0 0 0 0 0 0 0 0 0
"78" 78 0.0 500 0 0 0 0 0 0 0 0 0 0 0 0 0 0 0 0 0 0 0
"79" 79 0.491071428571 473 17 10 0 0 0 0 0 0 0 0 0 0 0 0 0 0 0 0 0
"80" 80 0.25 500 0 0 0 0 0 0 0 0 0 0 0 0 0 0 0 0 0 0 0
"81" 81 0.0 499 1 0 0 0 0 0 0 0 0 0 0 0 0 0 0 0 0 0 0
"82" 82 0.0456852791878 499 1 0 0 0 0 0 0 0 0 0 0 0 0 0 0 0 0 0 0
"83" 83 0.494186046512 269 115 97 19 0 0 0 0 0 0 0 0 0 0 0 0 0 0 0 0
"84" 84 0.326996197719 324 175 1 0 0 0 0 0 0 0 0 0 0 0 0 0 0 0 0 0
"85" 85 0.00961538461538 500 0 0 0 0 0 0 0 0 0 0 0 0 0 0 0 0 0 0 0
"86" 86 0.474452554745 229 151 91 24 3 2 0 0 0 0 0 0 0 0 0 0 0 0 0 0
"87" 87 0.569620253165 310 126 35 24 5 0 0 0 0 0 0 0 0 0 0 0 0 0 0 0
"88" 88 0.114427860697 500 0 0 0 0 0 0 0 0 0 0 0 0 0 0 0 0 0 0 0
"89" 89 0.0203045685279 457 34 3 3 2 1 0 0 0 0 0 0 0 0 0 0 0 0 0 0
"90" 90 0.163461538462 500 0 0 0 0 0 0 0 0 0 0 0 0 0 0 0 0 0 0 0
"91" 91 0.31007751938 500 0 0 0 0 0 0 0 0 0 0 0 0 0 0 0 0 0 0 0
"92" 92 0.540697674419 225 225 43 4 3 0 0 0 0 0 0 0 0 0 0 0 0 0 0 0
"93" 93 0.176165803109 372 102 13 13 0 0 0 0 0 0 0 0 0 0 0 0 0 0 0 0
"94" 94 0.0440251572327 500 0 0 0 0 0 0 0 0 0 0 0 0 0 0 0 0 0 0 0
"95" 95 0.668161434978 411 80 5 4 0 0 0 0 0 0 0 0 0 0 0 0 0 0 0 0
"96" 96 0.691983122363 385 102 13 0 0 0 0 0 0 0 0 0 0 0 0 0 0 0 0 0
"97" 97 0.0993377483444 500 0 0 0 0 0 0 0 0 0 0 0 0 0 0 0 0 0 0 0
"98" 98 0.457364341085 362 138 0 0 0 0 0 0 0 0 0 0 0 0 0 0 0 0 0 0
"99" 99 0.748427672956 328 138 34 0 0 0 0 0 0 0 0 0 0 0 0 0 0 0 0 0
"100" 100 0.461538461538 500 0 0 0 0 0 0 0 0 0 0 0 0 0 0 0 0 0 0 0
"101" 101 0.110465116279 500 0 0 0 0 0 0 0 0 0 0 0 0 0 0 0 0 0 0 0
"102" 102 0.0 499 1 0 0 0 0 0 0 0 0 0 0 0 0 0 0 0 0 0 0
"103" 103 0.0839416058394 352 144 4 0 0 0 0 0 0 0 0 0 0 0 0 0 0 0 0 0
"104" 104 0.240384615385 500 0 0 0 0 0 0 0 0 0 0 0 0 0 0 0 0 0 0 0
"105" 105 0.367875647668 429 57 13 1 0 0 0 0 0 0 0 0 0 0 0 0 0 0 0 0
"106" 106 0.139303482587 272 154 47 11 11 3 1 1 0 0 0 0 0 0 0 0 0 0 0 0
"107" 107 0.093023255814 260 240 0 0 0 0 0 0 0 0 0 0 0 0 0 0 0 0 0 0
"108" 108 0.568965517241 499 1 0 0 0 0 0 0 0 0 0 0 0 0 0 0 0 0 0 0
"109" 109 0.413793103448 411 84 4 1 0 0 0 0 0 0 0 0 0 0 0 0 0 0 0 0
"110" 110 0.379310344828 347 150 2 1 0 0 0 0 0 0 0 0 0 0 0 0 0 0 0 0
"111" 111 0.451923076923 207 181 67 28 17 0 0 0 0 0 0 0 0 0 0 0 0 0 0 0
"112" 112 0.448905109489 498 2 0 0 0 0 0 0 0 0 0 0 0 0 0 0 0 0 0 0
"113" 113 0.0512820512821 360 135 5 0 0 0 0 0 0 0 0 0 0 0 0 0 0 0 0 0
"114" 114 0.0 316 181 2 1 0 0 0 0 0 0 0 0 0 0 0 0 0 0 0 0
"115" 115 0.0 489 4 3 2 1 1 0 0 0 0 0 0 0 0 0 0 0 0 0 0
"116" 116 0.157894736842 262 70 66 44 24 16 6 5 3 2 2 0 0 0 0 0 0 0 0 0
"117" 117 0.134615384615 367 62 37 18 13 3 0 0 0 0 0 0 0 0 0 0 0 0 0 0
"118" 118 0.0 468 30 2 0 0 0 0 0 0 0 0 0 0 0 0 0 0 0 0 0
"119" 119 0.502590673575 225 225 23 16 10 1 0 0 0 0 0 0 0 0 0 0 0 0 0 0
"120" 120 0.105769230769 430 61 8 1 0 0 0 0 0 0 0 0 0 0 0 0 0 0 0 0
"121" 121 0.553459119497 430 68 2 0 0 0 0 0 0 0 0 0 0 0 0 0 0 0 0 0
"122" 122 0.575892857143 378 72 50 0 0 0 0 0 0 0 0 0 0 0 0 0 0 0 0 0
"123" 123 0.174418604651 265 145 43 25 6 5 3 3 3 1 1 0 0 0 0 0 0 0 0 0
"124" 124 0.015503875969 493 7 0 0 0 0 0 0 0 0 0 0 0 0 0 0 0 0 0 0
"125" 125 0.573839662447 446 51 3 0 0 0 0 0 0 0 0 0 0 0 0 0 0 0 0 0
"126" 126 0.507772020725 338 79 75 4 2 2 0 0 0 0 0 0 0 0 0 0 0 0 0 0
"127" 127 0.09375 288 106 68 13 10 6 3 3 1 1 1 0 0 0 0 0 0 0 0 0
"128" 128 0.0964467005076 474 20 4 2 0 0 0 0 0 0 0 0 0 0 0 0 0 0 0 0
"129" 129 0.713080168776 418 51 30 1 0 0 0 0 0 0 0 0 0 0 0 0 0 0 0 0
"130" 130 0.243781094527 472 15 5 4 4 0 0 0 0 0 0 0 0 0 0 0 0 0 0 0
"131" 131 0.0354609929078 206 88 87 59 29 11 7 6 2 2 1 1 1 0 0 0 0 0 0 0
"132" 132 0.0418410041841 500 0 0 0 0 0 0 0 0 0 0 0 0 0 0 0 0 0 0 0
"133" 133 0.518987341772 314 186 0 0 0 0 0 0 0 0 0 0 0 0 0 0 0 0 0 0
"134" 134 0.685534591195 422 77 1 0 0 0 0 0 0 0 0 0 0 0 0 0 0 0 0 0
"135" 135 0.629464285714 500 0 0 0 0 0 0 0 0 0 0 0 0 0 0 0 0 0 0 0
"136" 136 0.290178571429 191 128 115 65 1 0 0 0 0 0 0 0 0 0 0 0 0 0 0 0
"137" 137 0.169154228856 477 10 7 3 2 1 0 0 0 0 0 0 0 0 0 0 0 0 0 0
"138" 138 0.390804597701 499 1 0 0 0 0 0 0 0 0 0 0 0 0 0 0 0 0 0 0
"139" 139 0.741721854305 206 122 119 39 11 2 1 0 0 0 0 0 0 0 0 0 0 0 0 0
"140" 140 0.430962343096 288 208 3 1 0 0 0 0 0 0 0 0 0 0 0 0 0 0 0 0
"141" 141 0.651162790698 276 159 40 24 1 0 0 0 0 0 0 0 0 0 0 0 0 0 0 0
"142" 142 0.145695364238 410 90 0 0 0 0 0 0 0 0 0 0 0 0 0 0 0 0 0 0
"143" 143 0.692307692308 500 0 0 0 0 0 0 0 0 0 0 0 0 0 0 0 0 0 0 0
"144" 144 0.390728476821 410 90 0 0 0 0 0 0 0 0 0 0 0 0 0 0 0 0 0 0
"145" 145 0.147321428571 221 217 57 2 2 1 0 0 0 0 0 0 0 0 0 0 0 0 0 0
"146" 146 0.599156118143 477 21 2 0 0 0 0 0 0 0 0 0 0 0 0 0 0 0 0 0
"147" 147 0.794326241135 500 0 0 0 0 0 0 0 0 0 0 0 0 0 0 0 0 0 0 0
"148" 148 0.335025380711 393 107 0 0 0 0 0 0 0 0 0 0 0 0 0 0 0 0 0 0
"149" 149 0.406844106464 499 1 0 0 0 0 0 0 0 0 0 0 0 0 0 0 0 0 0 0
