"site" "RSA" "aa1" "aa2" "aa3" "aa4" "aa5" "aa6" "aa7" "aa8" "aa9" "aa10" "aa11" "aa12" "aa13" "aa14" "aa15" "aa16" "aa17" "aa18" "aa19" "aa20"
"0" 0 0.275229357798 35 6 0 0 0 0 0 0 0 0 0 0 0 0 0 0 0 0 0 0
"1" 1 0.723214285714 27 9 2 2 2 1 1 0 0 0 0 0 0 0 0 0 0 0 0 0
"2" 2 0.317948717949 14 12 8 5 2 2 1 1 1 1 1 0 0 0 0 0 0 0 0 0
"3" 3 0.0836820083682 38 16 0 0 0 0 0 0 0 0 0 0 0 0 0 0 0 0 0 0
"4" 4 0.390134529148 17 17 4 4 3 2 2 2 1 1 1 0 0 0 0 0 0 0 0 0
"5" 5 0.316455696203 43 7 3 1 0 0 0 0 0 0 0 0 0 0 0 0 0 0 0 0
"6" 6 0.402298850575 27 17 7 1 1 1 0 0 0 0 0 0 0 0 0 0 0 0 0 0
"7" 7 0.482142857143 51 2 1 0 0 0 0 0 0 0 0 0 0 0 0 0 0 0 0 0
"8" 8 0.514767932489 53 1 0 0 0 0 0 0 0 0 0 0 0 0 0 0 0 0 0 0
"9" 9 0.395939086294 34 11 8 1 0 0 0 0 0 0 0 0 0 0 0 0 0 0 0 0
"10" 10 0.240384615385 54 0 0 0 0 0 0 0 0 0 0 0 0 0 0 0 0 0 0 0
"11" 11 0.683035714286 52 1 1 0 0 0 0 0 0 0 0 0 0 0 0 0 0 0 0 0
"12" 12 0.336538461538 54 0 0 0 0 0 0 0 0 0 0 0 0 0 0 0 0 0 0 0
"13" 13 1.06976744186 53 1 0 0 0 0 0 0 0 0 0 0 0 0 0 0 0 0 0 0
"14" 14 0.269230769231 47 7 0 0 0 0 0 0 0 0 0 0 0 0 0 0 0 0 0 0
"15" 15 0.14367816092 29 11 7 3 2 1 1 0 0 0 0 0 0 0 0 0 0 0 0 0
"16" 16 0.183908045977 54 0 0 0 0 0 0 0 0 0 0 0 0 0 0 0 0 0 0 0
"17" 17 0.171102661597 44 10 0 0 0 0 0 0 0 0 0 0 0 0 0 0 0 0 0 0
"18" 18 0.240506329114 51 4 0 0 0 0 0 0 0 0 0 0 0 0 0 0 0 0 0 0
"19" 19 0.0 36 17 2 0 0 0 0 0 0 0 0 0 0 0 0 0 0 0 0 0
"20" 20 0.357664233577 23 23 3 2 2 1 1 0 0 0 0 0 0 0 0 0 0 0 0 0
"21" 21 0.0923076923077 23 20 6 3 1 1 1 0 0 0 0 0 0 0 0 0 0 0 0 0
"22" 22 0.455696202532 22 18 4 2 2 2 2 1 1 1 0 0 0 0 0 0 0 0 0 0
"23" 23 0.696517412935 8 8 7 5 5 4 4 3 2 2 2 1 1 0 0 0 0 0 0 0
"24" 24 0.563953488372 37 7 6 2 2 1 0 0 0 0 0 0 0 0 0 0 0 0 0 0
"25" 25 0.432692307692 38 5 3 2 2 2 1 1 1 0 0 0 0 0 0 0 0 0 0 0
"26" 26 0.379464285714 24 9 7 6 3 2 1 1 1 1 0 0 0 0 0 0 0 0 0 0
"27" 27 0.350574712644 23 14 8 5 3 1 1 0 0 0 0 0 0 0 0 0 0 0 0 0
"28" 28 0.0 49 4 1 1 0 0 0 0 0 0 0 0 0 0 0 0 0 0 0 0
"29" 29 0.124031007752 55 0 0 0 0 0 0 0 0 0 0 0 0 0 0 0 0 0 0 0
"30" 30 0.0 46 6 2 1 0 0 0 0 0 0 0 0 0 0 0 0 0 0 0 0
"31" 31 0.177215189873 55 0 0 0 0 0 0 0 0 0 0 0 0 0 0 0 0 0 0 0
"32" 32 0.0759493670886 36 11 5 1 1 1 0 0 0 0 0 0 0 0 0 0 0 0 0 0
"33" 33 0.10152284264 43 5 5 1 1 0 0 0 0 0 0 0 0 0 0 0 0 0 0 0
"34" 34 0.489051094891 45 4 2 2 1 1 0 0 0 0 0 0 0 0 0 0 0 0 0 0
"35" 35 0.139303482587 50 2 1 1 1 0 0 0 0 0 0 0 0 0 0 0 0 0 0 0
"36" 36 0.378238341969 30 21 2 1 1 0 0 0 0 0 0 0 0 0 0 0 0 0 0 0
"37" 37 0.343023255814 11 7 7 6 4 3 3 3 3 2 2 1 1 1 1 0 0 0 0 0
"38" 38 0.723214285714 38 17 0 0 0 0 0 0 0 0 0 0 0 0 0 0 0 0 0 0
"39" 39 0.593023255814 26 11 5 3 1 1 1 0 0 0 0 0 0 0 0 0 0 0 0 0
"40" 40 0.709821428571 53 1 1 0 0 0 0 0 0 0 0 0 0 0 0 0 0 0 0 0
"41" 41 0.288461538462 55 0 0 0 0 0 0 0 0 0 0 0 0 0 0 0 0 0 0 0
"42" 42 0.362068965517 36 11 6 1 1 0 0 0 0 0 0 0 0 0 0 0 0 0 0 0
"43" 43 0.207547169811 55 0 0 0 0 0 0 0 0 0 0 0 0 0 0 0 0 0 0 0
"44" 44 0.569536423841 46 4 3 2 0 0 0 0 0 0 0 0 0 0 0 0 0 0 0 0
"45" 45 0.348837209302 50 5 0 0 0 0 0 0 0 0 0 0 0 0 0 0 0 0 0 0
"46" 46 0.0 52 3 0 0 0 0 0 0 0 0 0 0 0 0 0 0 0 0 0 0
"47" 47 0.482233502538 42 11 1 1 0 0 0 0 0 0 0 0 0 0 0 0 0 0 0 0
"48" 48 0.29197080292 55 0 0 0 0 0 0 0 0 0 0 0 0 0 0 0 0 0 0 0
"49" 49 0.0267857142857 55 0 0 0 0 0 0 0 0 0 0 0 0 0 0 0 0 0 0 0
"50" 50 0.121827411168 48 7 0 0 0 0 0 0 0 0 0 0 0 0 0 0 0 0 0 0
"51" 51 0.403973509934 45 5 4 1 0 0 0 0 0 0 0 0 0 0 0 0 0 0 0 0
"52" 52 0.0597014925373 48 6 1 0 0 0 0 0 0 0 0 0 0 0 0 0 0 0 0 0
"53" 53 0.0398009950249 49 6 0 0 0 0 0 0 0 0 0 0 0 0 0 0 0 0 0 0
"54" 54 0.632911392405 43 8 4 0 0 0 0 0 0 0 0 0 0 0 0 0 0 0 0 0
"55" 55 0.424107142857 47 4 1 1 1 1 0 0 0 0 0 0 0 0 0 0 0 0 0 0
"56" 56 0.0199004975124 50 3 1 1 0 0 0 0 0 0 0 0 0 0 0 0 0 0 0 0
"57" 57 0.594871794872 14 8 7 6 6 4 4 3 1 1 1 0 0 0 0 0 0 0 0 0
"58" 58 0.177033492823 46 3 2 1 1 1 1 0 0 0 0 0 0 0 0 0 0 0 0 0
"59" 59 0.566037735849 31 6 5 5 2 2 2 1 1 0 0 0 0 0 0 0 0 0 0 0
"60" 60 0.0564102564103 47 3 3 1 1 0 0 0 0 0 0 0 0 0 0 0 0 0 0 0
"61" 61 0.010152284264 42 12 1 0 0 0 0 0 0 0 0 0 0 0 0 0 0 0 0 0
"62" 62 0.0287356321839 51 2 1 1 0 0 0 0 0 0 0 0 0 0 0 0 0 0 0 0
"63" 63 0.430379746835 18 9 7 5 4 3 2 2 2 1 1 1 0 0 0 0 0 0 0 0
"64" 64 0.124378109453 54 1 0 0 0 0 0 0 0 0 0 0 0 0 0 0 0 0 0 0
"65" 65 0.268656716418 13 9 8 5 4 3 3 3 2 2 2 1 0 0 0 0 0 0 0 0
"66" 66 0.461139896373 40 8 2 1 1 1 1 1 0 0 0 0 0 0 0 0 0 0 0 0
"67" 67 0.155172413793 46 5 3 1 0 0 0 0 0 0 0 0 0 0 0 0 0 0 0 0
"68" 68 0.147208121827 22 13 11 4 2 2 1 0 0 0 0 0 0 0 0 0 0 0 0 0
"69" 69 0.66985645933 29 10 6 5 2 1 1 1 0 0 0 0 0 0 0 0 0 0 0 0
"70" 70 0.348837209302 13 10 9 7 4 2 2 2 2 1 1 1 1 0 0 0 0 0 0 0
"71" 71 0.723214285714 32 14 3 2 2 1 1 0 0 0 0 0 0 0 0 0 0 0 0 0
"72" 72 0.4 20 10 10 6 3 2 2 2 0 0 0 0 0 0 0 0 0 0 0 0
"73" 73 0.257383966245 29 17 3 2 1 1 1 1 0 0 0 0 0 0 0 0 0 0 0 0
"74" 74 0.0298507462687 51 2 1 1 0 0 0 0 0 0 0 0 0 0 0 0 0 0 0 0
"75" 75 0.0836501901141 37 10 4 1 1 1 1 0 0 0 0 0 0 0 0 0 0 0 0 0
"76" 76 0.0 52 2 1 0 0 0 0 0 0 0 0 0 0 0 0 0 0 0 0 0
"77" 77 0.0172413793103 46 9 0 0 0 0 0 0 0 0 0 0 0 0 0 0 0 0 0 0
"78" 78 0.0836820083682 55 0 0 0 0 0 0 0 0 0 0 0 0 0 0 0 0 0 0 0
"79" 79 0.174107142857 53 2 0 0 0 0 0 0 0 0 0 0 0 0 0 0 0 0 0 0
"80" 80 0.163179916318 30 24 1 0 0 0 0 0 0 0 0 0 0 0 0 0 0 0 0 0
"81" 81 0.0497512437811 33 12 5 4 1 0 0 0 0 0 0 0 0 0 0 0 0 0 0 0
"82" 82 0.377990430622 29 6 5 3 3 3 2 2 1 1 0 0 0 0 0 0 0 0 0 0
"83" 83 0.125560538117 16 12 7 7 4 3 2 1 1 1 1 0 0 0 0 0 0 0 0 0
"84" 84 0.217616580311 55 0 0 0 0 0 0 0 0 0 0 0 0 0 0 0 0 0 0 0
"85" 85 0.0 54 1 0 0 0 0 0 0 0 0 0 0 0 0 0 0 0 0 0 0
"86" 86 0.232067510549 54 1 0 0 0 0 0 0 0 0 0 0 0 0 0 0 0 0 0 0
"87" 87 0.485232067511 49 3 2 1 0 0 0 0 0 0 0 0 0 0 0 0 0 0 0 0
"88" 88 0.0334728033473 29 15 4 4 1 1 1 0 0 0 0 0 0 0 0 0 0 0 0 0
"89" 89 0.0321100917431 25 16 9 5 0 0 0 0 0 0 0 0 0 0 0 0 0 0 0 0
"90" 90 0.492227979275 44 9 2 0 0 0 0 0 0 0 0 0 0 0 0 0 0 0 0 0
"91" 91 0.612403100775 10 10 7 2 2 2 1 1 1 1 1 1 0 0 0 0 0 0 0 0
"92" 92 0.0927152317881 6 4 4 4 2 2 2 2 2 1 1 1 1 0 0 0 0 0 0 0
"93" 93 0.527131782946 15 8 6 3 3 2 2 1 1 0 0 0 0 0 0 0 0 0 0 0
"94" 94 0.880597014925 7 7 6 5 4 3 2 2 1 1 1 1 1 1 0 0 0 0 0 0
"95" 95 0.761627906977 12 8 5 5 4 3 3 2 2 2 2 1 1 1 1 0 0 0 0 0
"96" 96 0.173076923077 20 6 6 4 3 3 2 2 2 2 1 1 0 0 0 0 0 0 0 0
"97" 97 0.0710659898477 6 6 4 4 4 3 3 3 3 3 3 2 1 1 1 0 0 0 0 0
"98" 98 0.51572327044 22 12 7 4 3 2 1 1 1 0 0 0 0 0 0 0 0 0 0 0
"99" 99 0.283582089552 15 10 8 4 3 3 2 2 1 1 1 1 1 0 0 0 0 0 0 0
"100" 100 0.396226415094 18 5 5 4 4 4 2 2 2 1 1 1 1 1 1 0 0 0 0 0
"101" 101 0.0199004975124 22 11 8 6 5 2 1 0 0 0 0 0 0 0 0 0 0 0 0 0
"102" 102 0.0304568527919 30 19 2 1 1 1 1 0 0 0 0 0 0 0 0 0 0 0 0 0
"103" 103 0.0632911392405 49 4 1 1 0 0 0 0 0 0 0 0 0 0 0 0 0 0 0 0
"104" 104 0.0132450331126 35 4 3 3 2 2 1 1 1 1 1 0 0 0 0 0 0 0 0 0
"105" 105 0.0 27 22 3 1 1 0 0 0 0 0 0 0 0 0 0 0 0 0 0 0
"106" 106 0.0 24 19 6 4 1 0 0 0 0 0 0 0 0 0 0 0 0 0 0 0
"107" 107 0.209205020921 28 10 9 3 1 1 1 1 0 0 0 0 0 0 0 0 0 0 0 0
"108" 108 0.0582959641256 54 0 0 0 0 0 0 0 0 0 0 0 0 0 0 0 0 0 0 0
"109" 109 0.0 33 14 6 1 0 0 0 0 0 0 0 0 0 0 0 0 0 0 0 0
"110" 110 0.0 40 6 3 3 1 1 0 0 0 0 0 0 0 0 0 0 0 0 0 0
"111" 111 0.282511210762 15 13 9 4 3 3 2 2 1 1 1 0 0 0 0 0 0 0 0 0
"112" 112 0.0 46 8 0 0 0 0 0 0 0 0 0 0 0 0 0 0 0 0 0 0
"113" 113 0.0 27 13 10 1 1 1 1 0 0 0 0 0 0 0 0 0 0 0 0 0
"114" 114 0.116279069767 25 8 4 3 3 2 2 2 1 1 1 1 1 0 0 0 0 0 0 0
"115" 115 0.209205020921 38 9 5 1 1 0 0 0 0 0 0 0 0 0 0 0 0 0 0 0
"116" 116 0.0 52 1 1 0 0 0 0 0 0 0 0 0 0 0 0 0 0 0 0 0
"117" 117 0.124401913876 54 0 0 0 0 0 0 0 0 0 0 0 0 0 0 0 0 0 0 0
"118" 118 0.576158940397 15 9 9 4 3 3 3 2 1 1 1 1 1 1 0 0 0 0 0 0
"119" 119 0.320574162679 23 20 9 1 1 0 0 0 0 0 0 0 0 0 0 0 0 0 0 0
"120" 120 0.35401459854 38 7 3 2 2 1 1 0 0 0 0 0 0 0 0 0 0 0 0 0
"121" 121 0.0 33 20 1 0 0 0 0 0 0 0 0 0 0 0 0 0 0 0 0 0
"122" 122 0.0 44 4 4 1 1 0 0 0 0 0 0 0 0 0 0 0 0 0 0 0
"123" 123 0.0 54 0 0 0 0 0 0 0 0 0 0 0 0 0 0 0 0 0 0 0
"124" 124 0.0583941605839 54 0 0 0 0 0 0 0 0 0 0 0 0 0 0 0 0 0 0 0
"125" 125 0.0880829015544 54 0 0 0 0 0 0 0 0 0 0 0 0 0 0 0 0 0 0 0
"126" 126 0.0 54 0 0 0 0 0 0 0 0 0 0 0 0 0 0 0 0 0 0 0
"127" 127 0.172995780591 54 0 0 0 0 0 0 0 0 0 0 0 0 0 0 0 0 0 0 0
"128" 128 0.0 54 0 0 0 0 0 0 0 0 0 0 0 0 0 0 0 0 0 0 0
"129" 129 0.309417040359 52 2 0 0 0 0 0 0 0 0 0 0 0 0 0 0 0 0 0 0
"130" 130 0.0717948717949 54 0 0 0 0 0 0 0 0 0 0 0 0 0 0 0 0 0 0 0
"131" 131 0.0 46 7 1 0 0 0 0 0 0 0 0 0 0 0 0 0 0 0 0 0
"132" 132 0.199004975124 54 0 0 0 0 0 0 0 0 0 0 0 0 0 0 0 0 0 0 0
"133" 133 0.0 43 9 2 0 0 0 0 0 0 0 0 0 0 0 0 0 0 0 0 0
"134" 134 0.138461538462 30 22 1 1 0 0 0 0 0 0 0 0 0 0 0 0 0 0 0 0
"135" 135 0.383720930233 11 8 7 6 5 4 3 3 2 1 1 1 1 1 0 0 0 0 0 0
"136" 136 0.571428571429 17 11 8 7 5 2 1 1 1 1 0 0 0 0 0 0 0 0 0 0
"137" 137 0.0 42 7 1 1 1 1 1 0 0 0 0 0 0 0 0 0 0 0 0 0
"138" 138 0.0697674418605 10 9 8 5 4 4 3 2 2 2 2 1 1 1 0 0 0 0 0 0
"139" 139 0.0 29 20 3 2 0 0 0 0 0 0 0 0 0 0 0 0 0 0 0 0
"140" 140 0.10970464135 52 2 0 0 0 0 0 0 0 0 0 0 0 0 0 0 0 0 0 0
"141" 141 0.0 40 11 3 0 0 0 0 0 0 0 0 0 0 0 0 0 0 0 0 0
"142" 142 0.0697674418605 52 2 0 0 0 0 0 0 0 0 0 0 0 0 0 0 0 0 0 0
"143" 143 0.305699481865 54 0 0 0 0 0 0 0 0 0 0 0 0 0 0 0 0 0 0 0
"144" 144 0.00418410041841 48 6 0 0 0 0 0 0 0 0 0 0 0 0 0 0 0 0 0 0
"145" 145 0.105769230769 54 0 0 0 0 0 0 0 0 0 0 0 0 0 0 0 0 0 0 0
"146" 146 0.268656716418 54 0 0 0 0 0 0 0 0 0 0 0 0 0 0 0 0 0 0 0
"147" 147 0.0 42 11 1 0 0 0 0 0 0 0 0 0 0 0 0 0 0 0 0 0
"148" 148 0.197080291971 54 0 0 0 0 0 0 0 0 0 0 0 0 0 0 0 0 0 0 0
"149" 149 0.325581395349 43 5 3 2 1 0 0 0 0 0 0 0 0 0 0 0 0 0 0 0
"150" 150 0.125523012552 49 2 2 1 0 0 0 0 0 0 0 0 0 0 0 0 0 0 0 0
"151" 151 0.269230769231 44 4 2 1 1 1 1 0 0 0 0 0 0 0 0 0 0 0 0 0
"152" 152 0.804597701149 30 16 7 1 0 0 0 0 0 0 0 0 0 0 0 0 0 0 0 0
"153" 153 0.748427672956 54 0 0 0 0 0 0 0 0 0 0 0 0 0 0 0 0 0 0 0
"154" 154 0.16091954023 32 10 6 2 2 1 1 0 0 0 0 0 0 0 0 0 0 0 0 0
"155" 155 0.558394160584 38 10 6 0 0 0 0 0 0 0 0 0 0 0 0 0 0 0 0 0
"156" 156 0.523255813953 19 10 8 7 4 3 2 1 0 0 0 0 0 0 0 0 0 0 0 0
"157" 157 0.110266159696 40 11 3 0 0 0 0 0 0 0 0 0 0 0 0 0 0 0 0 0
"158" 158 0.832535885167 43 6 5 0 0 0 0 0 0 0 0 0 0 0 0 0 0 0 0 0
"159" 159 0.790178571429 54 0 0 0 0 0 0 0 0 0 0 0 0 0 0 0 0 0 0 0
"160" 160 0.0804597701149 47 8 0 0 0 0 0 0 0 0 0 0 0 0 0 0 0 0 0 0
"161" 161 0.0114942528736 51 2 1 1 0 0 0 0 0 0 0 0 0 0 0 0 0 0 0 0
"162" 162 0.273255813953 55 0 0 0 0 0 0 0 0 0 0 0 0 0 0 0 0 0 0 0
"163" 163 0.164179104478 55 0 0 0 0 0 0 0 0 0 0 0 0 0 0 0 0 0 0 0
"164" 164 0.351063829787 55 0 0 0 0 0 0 0 0 0 0 0 0 0 0 0 0 0 0 0
"165" 165 0.0152091254753 55 0 0 0 0 0 0 0 0 0 0 0 0 0 0 0 0 0 0 0
"166" 166 0.142335766423 55 0 0 0 0 0 0 0 0 0 0 0 0 0 0 0 0 0 0 0
"167" 167 0.0077519379845 45 7 2 1 0 0 0 0 0 0 0 0 0 0 0 0 0 0 0 0
"168" 168 0.0 55 0 0 0 0 0 0 0 0 0 0 0 0 0 0 0 0 0 0 0
"169" 169 0.0223214285714 39 16 0 0 0 0 0 0 0 0 0 0 0 0 0 0 0 0 0 0
"170" 170 0.0761421319797 32 23 0 0 0 0 0 0 0 0 0 0 0 0 0 0 0 0 0 0
"171" 171 0.0199004975124 55 0 0 0 0 0 0 0 0 0 0 0 0 0 0 0 0 0 0 0
"172" 172 0.0 46 6 3 0 0 0 0 0 0 0 0 0 0 0 0 0 0 0 0 0
"173" 173 0.259615384615 54 1 0 0 0 0 0 0 0 0 0 0 0 0 0 0 0 0 0 0
"174" 174 0.113924050633 25 12 5 4 4 4 1 0 0 0 0 0 0 0 0 0 0 0 0 0
"175" 175 0.455696202532 20 14 6 4 3 2 2 1 1 1 1 0 0 0 0 0 0 0 0 0
"176" 176 0.539923954373 13 8 6 5 5 4 4 2 2 2 1 1 1 1 0 0 0 0 0 0
"177" 177 0.0304182509506 55 0 0 0 0 0 0 0 0 0 0 0 0 0 0 0 0 0 0 0
"178" 178 0.23178807947 41 5 4 4 1 0 0 0 0 0 0 0 0 0 0 0 0 0 0 0
"179" 179 0.267441860465 39 9 2 1 1 1 1 1 0 0 0 0 0 0 0 0 0 0 0 0
"180" 180 0.0852713178295 25 13 11 5 1 0 0 0 0 0 0 0 0 0 0 0 0 0 0 0
"181" 181 0.0 31 22 1 1 0 0 0 0 0 0 0 0 0 0 0 0 0 0 0 0
"182" 182 0.0 54 1 0 0 0 0 0 0 0 0 0 0 0 0 0 0 0 0 0 0
"183" 183 0.010152284264 33 13 7 2 0 0 0 0 0 0 0 0 0 0 0 0 0 0 0 0
"184" 184 0.0 55 0 0 0 0 0 0 0 0 0 0 0 0 0 0 0 0 0 0 0
"185" 185 0.0 53 1 1 0 0 0 0 0 0 0 0 0 0 0 0 0 0 0 0 0
"186" 186 0.00497512437811 18 14 11 10 1 1 0 0 0 0 0 0 0 0 0 0 0 0 0 0
"187" 187 0.0 54 1 0 0 0 0 0 0 0 0 0 0 0 0 0 0 0 0 0 0
"188" 188 0.00632911392405 51 3 1 0 0 0 0 0 0 0 0 0 0 0 0 0 0 0 0 0
"189" 189 0.0 54 1 0 0 0 0 0 0 0 0 0 0 0 0 0 0 0 0 0 0
"190" 190 0.0 47 4 2 1 1 0 0 0 0 0 0 0 0 0 0 0 0 0 0 0
"191" 191 0.0 45 4 2 2 1 1 0 0 0 0 0 0 0 0 0 0 0 0 0 0
"192" 192 0.0178571428571 55 0 0 0 0 0 0 0 0 0 0 0 0 0 0 0 0 0 0 0
"193" 193 0.0 44 7 3 1 0 0 0 0 0 0 0 0 0 0 0 0 0 0 0 0
"194" 194 0.0689655172414 20 16 8 4 2 2 1 1 1 0 0 0 0 0 0 0 0 0 0 0
"195" 195 0.191860465116 27 14 3 3 3 2 1 1 1 0 0 0 0 0 0 0 0 0 0 0
"196" 196 0.299270072993 19 14 12 5 2 2 1 0 0 0 0 0 0 0 0 0 0 0 0 0
"197" 197 0.631386861314 29 15 4 2 1 1 1 1 1 0 0 0 0 0 0 0 0 0 0 0
"198" 198 0.15503875969 41 13 1 0 0 0 0 0 0 0 0 0 0 0 0 0 0 0 0 0
"199" 199 0.144278606965 52 1 1 1 0 0 0 0 0 0 0 0 0 0 0 0 0 0 0 0
"200" 200 0.00836820083682 55 0 0 0 0 0 0 0 0 0 0 0 0 0 0 0 0 0 0 0
"201" 201 0.245283018868 35 7 5 3 1 1 1 1 1 0 0 0 0 0 0 0 0 0 0 0
"202" 202 0.0384615384615 54 1 0 0 0 0 0 0 0 0 0 0 0 0 0 0 0 0 0 0
"203" 203 0.683937823834 38 7 4 2 2 1 1 0 0 0 0 0 0 0 0 0 0 0 0 0
"204" 204 0.337748344371 42 6 4 1 1 1 0 0 0 0 0 0 0 0 0 0 0 0 0 0
"205" 205 0.495535714286 40 6 5 2 2 0 0 0 0 0 0 0 0 0 0 0 0 0 0 0
"206" 206 0.324873096447 34 7 6 3 1 1 1 1 1 0 0 0 0 0 0 0 0 0 0 0
"207" 207 0.124352331606 48 5 1 1 0 0 0 0 0 0 0 0 0 0 0 0 0 0 0 0
"208" 208 0.0 46 9 0 0 0 0 0 0 0 0 0 0 0 0 0 0 0 0 0 0
"209" 209 0.0348258706468 48 7 0 0 0 0 0 0 0 0 0 0 0 0 0 0 0 0 0 0
"210" 210 0.200836820084 32 8 4 3 2 2 1 1 1 1 0 0 0 0 0 0 0 0 0 0
"211" 211 0.277372262774 30 17 6 1 1 0 0 0 0 0 0 0 0 0 0 0 0 0 0 0
"212" 212 0.0 54 1 0 0 0 0 0 0 0 0 0 0 0 0 0 0 0 0 0 0
"213" 213 0.00418410041841 55 0 0 0 0 0 0 0 0 0 0 0 0 0 0 0 0 0 0 0
"214" 214 0.383211678832 40 9 4 2 0 0 0 0 0 0 0 0 0 0 0 0 0 0 0 0
"215" 215 0.104651162791 16 15 11 9 2 1 1 0 0 0 0 0 0 0 0 0 0 0 0 0
"216" 216 0.0298507462687 42 10 1 1 1 0 0 0 0 0 0 0 0 0 0 0 0 0 0 0
"217" 217 0.0576923076923 50 2 1 1 1 0 0 0 0 0 0 0 0 0 0 0 0 0 0 0
"218" 218 0.156976744186 53 2 0 0 0 0 0 0 0 0 0 0 0 0 0 0 0 0 0 0
"219" 219 0.0377358490566 55 0 0 0 0 0 0 0 0 0 0 0 0 0 0 0 0 0 0 0
"220" 220 0.424870466321 19 18 9 5 1 1 1 1 0 0 0 0 0 0 0 0 0 0 0 0
"221" 221 0.34375 43 7 2 2 1 0 0 0 0 0 0 0 0 0 0 0 0 0 0 0
"222" 222 0.770114942529 14 9 8 5 4 4 3 3 2 2 1 0 0 0 0 0 0 0 0 0
"223" 223 0.350574712644 18 11 10 6 3 2 2 2 1 0 0 0 0 0 0 0 0 0 0 0
"224" 224 0.0390070921986 55 0 0 0 0 0 0 0 0 0 0 0 0 0 0 0 0 0 0 0
"225" 225 0.522012578616 52 1 1 1 0 0 0 0 0 0 0 0 0 0 0 0 0 0 0 0
"226" 226 0.317307692308 43 5 2 2 2 1 0 0 0 0 0 0 0 0 0 0 0 0 0 0
"227" 227 0.0 45 5 2 1 1 1 0 0 0 0 0 0 0 0 0 0 0 0 0 0
"228" 228 0.354651162791 24 23 4 2 1 1 0 0 0 0 0 0 0 0 0 0 0 0 0 0
"229" 229 0.675496688742 15 12 9 6 3 3 3 2 1 1 0 0 0 0 0 0 0 0 0 0
"230" 230 0.0871559633028 46 4 3 1 1 0 0 0 0 0 0 0 0 0 0 0 0 0 0 0
"231" 231 0.509433962264 38 6 3 3 2 1 1 1 0 0 0 0 0 0 0 0 0 0 0 0
"232" 232 0.466321243523 35 10 5 3 1 1 0 0 0 0 0 0 0 0 0 0 0 0 0 0
"233" 233 0.155893536122 33 12 9 1 0 0 0 0 0 0 0 0 0 0 0 0 0 0 0 0
"234" 234 0.426160337553 41 6 2 2 1 1 1 1 0 0 0 0 0 0 0 0 0 0 0 0
"235" 235 0.654088050314 18 9 7 4 3 2 2 2 2 2 1 1 1 1 0 0 0 0 0 0
"236" 236 0.668874172185 18 11 5 3 3 1 1 1 1 1 0 0 0 0 0 0 0 0 0 0
"237" 237 0.0376569037657 44 9 2 0 0 0 0 0 0 0 0 0 0 0 0 0 0 0 0 0
"238" 238 0.345911949686 47 5 1 1 1 0 0 0 0 0 0 0 0 0 0 0 0 0 0 0
"239" 239 0.763713080169 12 10 8 7 5 4 3 2 1 1 1 0 0 0 0 0 0 0 0 0
"240" 240 0.27304964539 38 9 4 1 1 1 0 0 0 0 0 0 0 0 0 0 0 0 0 0
"241" 241 0.713178294574 9 9 6 6 6 4 3 3 2 1 1 1 1 1 1 0 0 0 0 0
"242" 242 0.416058394161 19 9 7 5 4 3 3 2 2 1 0 0 0 0 0 0 0 0 0 0
"243" 243 0.367713004484 20 6 5 3 3 3 2 2 1 1 1 1 1 1 1 1 1 1 0 0
"244" 244 0.528497409326 14 11 8 7 3 3 3 2 1 1 1 1 0 0 0 0 0 0 0 0
"245" 245 0.0753138075314 35 7 7 2 2 1 1 0 0 0 0 0 0 0 0 0 0 0 0 0
"246" 246 0.291390728477 15 10 5 4 4 4 3 2 2 2 1 1 1 1 0 0 0 0 0 0
"247" 247 0.590717299578 12 10 9 4 3 3 2 2 2 2 2 2 1 1 0 0 0 0 0 0
"248" 248 0.0689655172414 14 12 8 4 3 3 3 2 2 1 1 1 1 0 0 0 0 0 0 0
"249" 249 0.00574712643678 28 9 9 3 2 2 1 1 0 0 0 0 0 0 0 0 0 0 0 0
"250" 250 0.509433962264 33 11 3 2 2 1 1 1 1 0 0 0 0 0 0 0 0 0 0 0
"251" 251 0.59748427673 13 8 5 5 5 3 3 3 3 2 2 2 1 0 0 0 0 0 0 0
"252" 252 0.0298507462687 35 9 5 3 1 1 1 0 0 0 0 0 0 0 0 0 0 0 0 0
"253" 253 0.316062176166 33 7 4 4 3 2 1 0 0 0 0 0 0 0 0 0 0 0 0 0
"254" 254 0.647321428571 10 10 8 7 3 3 2 2 2 2 1 1 1 1 0 0 0 0 0 0
"255" 255 0.238341968912 13 7 4 4 4 3 3 3 3 2 2 2 2 1 1 0 0 0 0 0
"256" 256 0.0 43 9 1 1 0 0 0 0 0 0 0 0 0 0 0 0 0 0 0 0
"257" 257 0.284671532847 18 17 6 5 3 1 1 1 1 0 0 0 0 0 0 0 0 0 0 0
"258" 258 0.304635761589 46 2 2 2 1 1 0 0 0 0 0 0 0 0 0 0 0 0 0 0
"259" 259 0.0 52 1 1 0 0 0 0 0 0 0 0 0 0 0 0 0 0 0 0 0
"260" 260 0.00497512437811 51 1 1 1 0 0 0 0 0 0 0 0 0 0 0 0 0 0 0 0
"261" 261 0.264900662252 16 13 7 6 4 2 2 1 1 1 0 0 0 0 0 0 0 0 0 0
"262" 262 0.318385650224 21 8 6 6 3 2 1 1 1 1 1 1 1 0 0 0 0 0 0 0
"263" 263 0.0 38 11 1 1 1 1 0 0 0 0 0 0 0 0 0 0 0 0 0 0
"264" 264 0.0248756218905 47 3 1 1 1 0 0 0 0 0 0 0 0 0 0 0 0 0 0 0
"265" 265 0.282296650718 12 11 9 5 4 4 3 2 1 1 1 0 0 0 0 0 0 0 0 0
"266" 266 0.0304182509506 36 9 3 2 2 1 0 0 0 0 0 0 0 0 0 0 0 0 0 0
"267" 267 0.0984455958549 29 8 7 3 2 2 1 1 0 0 0 0 0 0 0 0 0 0 0 0
"268" 268 0.194968553459 52 1 0 0 0 0 0 0 0 0 0 0 0 0 0 0 0 0 0 0
"269" 269 0.723076923077 18 9 7 6 4 3 2 2 1 1 0 0 0 0 0 0 0 0 0 0
"270" 270 0.616033755274 19 7 4 3 3 3 3 2 2 2 1 1 1 1 1 0 0 0 0 0
"271" 271 0.0510948905109 53 0 0 0 0 0 0 0 0 0 0 0 0 0 0 0 0 0 0 0
"272" 272 0.10152284264 49 2 1 1 0 0 0 0 0 0 0 0 0 0 0 0 0 0 0 0
"273" 273 0.364238410596 33 16 1 1 1 1 0 0 0 0 0 0 0 0 0 0 0 0 0 0
"274" 274 0.0077519379845 48 3 1 1 0 0 0 0 0 0 0 0 0 0 0 0 0 0 0 0
"275" 275 0.675105485232 26 10 4 3 2 2 2 2 1 1 0 0 0 0 0 0 0 0 0 0
"276" 276 0.348837209302 11 10 8 7 6 4 3 2 1 1 0 0 0 0 0 0 0 0 0 0
"277" 277 0.0 44 4 2 1 1 1 0 0 0 0 0 0 0 0 0 0 0 0 0 0
"278" 278 0.233830845771 39 11 2 1 0 0 0 0 0 0 0 0 0 0 0 0 0 0 0 0
"279" 279 0.697674418605 11 10 6 6 5 4 4 2 2 1 1 1 0 0 0 0 0 0 0 0
"280" 280 0.0813397129187 51 1 1 0 0 0 0 0 0 0 0 0 0 0 0 0 0 0 0 0
"281" 281 0.415094339623 36 8 3 1 1 1 1 1 1 0 0 0 0 0 0 0 0 0 0 0
"282" 282 0.0 41 8 4 0 0 0 0 0 0 0 0 0 0 0 0 0 0 0 0 0
"283" 283 0.0418410041841 50 3 0 0 0 0 0 0 0 0 0 0 0 0 0 0 0 0 0 0
"284" 284 0.677130044843 19 9 6 4 4 3 2 1 1 1 1 0 0 0 0 0 0 0 0 0
"285" 285 0.518134715026 32 5 5 4 2 1 1 0 0 0 0 0 0 0 0 0 0 0 0 0
"286" 286 0.229885057471 24 11 6 2 1 1 0 0 0 0 0 0 0 0 0 0 0 0 0 0
"287" 287 0.517441860465 15 5 4 4 1 1 1 1 1 1 0 0 0 0 0 0 0 0 0 0
"288" 288 0.489451476793 15 3 3 2 2 1 1 1 0 0 0 0 0 0 0 0 0 0 0 0
"289" 289 0.22641509434 6 3 2 1 1 1 1 0 0 0 0 0 0 0 0 0 0 0 0 0
"290" 290 0.563218390805 5 5 1 1 1 0 0 0 0 0 0 0 0 0 0 0 0 0 0 0
"291" 291 0.0377358490566 5 2 1 0 0 0 0 0 0 0 0 0 0 0 0 0 0 0 0 0
"292" 292 0.88995215311 2 1 1 1 1 0 0 0 0 0 0 0 0 0 0 0 0 0 0 0
"293" 293 0.497512437811 4 2 0 0 0 0 0 0 0 0 0 0 0 0 0 0 0 0 0 0
