"site" "RSA" "aa1" "aa2" "aa3" "aa4" "aa5" "aa6" "aa7" "aa8" "aa9" "aa10" "aa11" "aa12" "aa13" "aa14" "aa15" "aa16" "aa17" "aa18" "aa19" "aa20"
"0" 0 1.17054263566 491 5 4 0 0 0 0 0 0 0 0 0 0 0 0 0 0 0 0 0
"1" 1 0.273722627737 414 86 0 0 0 0 0 0 0 0 0 0 0 0 0 0 0 0 0 0
"2" 2 0.395348837209 443 53 3 1 0 0 0 0 0 0 0 0 0 0 0 0 0 0 0 0
"3" 3 0.0794979079498 329 84 38 24 12 8 2 2 1 0 0 0 0 0 0 0 0 0 0 0
"4" 4 0.0 300 180 15 4 1 0 0 0 0 0 0 0 0 0 0 0 0 0 0 0
"5" 5 0.0 461 33 6 0 0 0 0 0 0 0 0 0 0 0 0 0 0 0 0 0
"6" 6 0.0 382 83 35 0 0 0 0 0 0 0 0 0 0 0 0 0 0 0 0 0
"7" 7 0.0 226 110 105 59 0 0 0 0 0 0 0 0 0 0 0 0 0 0 0 0
"8" 8 0.0205128205128 258 241 1 0 0 0 0 0 0 0 0 0 0 0 0 0 0 0 0 0
"9" 9 0.00418410041841 309 133 27 16 14 1 0 0 0 0 0 0 0 0 0 0 0 0 0 0
"10" 10 0.253164556962 192 189 119 0 0 0 0 0 0 0 0 0 0 0 0 0 0 0 0 0
"11" 11 0.805970149254 321 179 0 0 0 0 0 0 0 0 0 0 0 0 0 0 0 0 0 0
"12" 12 0.389743589744 487 13 0 0 0 0 0 0 0 0 0 0 0 0 0 0 0 0 0 0
"13" 13 0.317307692308 500 0 0 0 0 0 0 0 0 0 0 0 0 0 0 0 0 0 0 0
"14" 14 0.264900662252 499 1 0 0 0 0 0 0 0 0 0 0 0 0 0 0 0 0 0 0
"15" 15 0.540084388186 469 29 2 0 0 0 0 0 0 0 0 0 0 0 0 0 0 0 0 0
"16" 16 0.708520179372 267 151 82 0 0 0 0 0 0 0 0 0 0 0 0 0 0 0 0 0
"17" 17 0.218543046358 247 186 40 12 12 1 1 1 0 0 0 0 0 0 0 0 0 0 0 0
"18" 18 0.0 499 1 0 0 0 0 0 0 0 0 0 0 0 0 0 0 0 0 0 0
"19" 19 0.379746835443 487 13 0 0 0 0 0 0 0 0 0 0 0 0 0 0 0 0 0 0
"20" 20 0.491071428571 248 229 15 6 2 0 0 0 0 0 0 0 0 0 0 0 0 0 0 0
"21" 21 0.0304568527919 340 153 6 1 0 0 0 0 0 0 0 0 0 0 0 0 0 0 0 0
"22" 22 0.0 430 64 6 0 0 0 0 0 0 0 0 0 0 0 0 0 0 0 0 0
"23" 23 0.285714285714 296 198 6 0 0 0 0 0 0 0 0 0 0 0 0 0 0 0 0 0
"24" 24 0.222627737226 480 7 7 3 2 1 0 0 0 0 0 0 0 0 0 0 0 0 0 0
"25" 25 0.0149253731343 232 128 104 20 10 2 1 1 1 1 0 0 0 0 0 0 0 0 0 0
"26" 26 0.138461538462 500 0 0 0 0 0 0 0 0 0 0 0 0 0 0 0 0 0 0 0
"27" 27 0.645348837209 495 5 0 0 0 0 0 0 0 0 0 0 0 0 0 0 0 0 0 0
"28" 28 0.124031007752 463 17 8 6 3 2 1 0 0 0 0 0 0 0 0 0 0 0 0 0
"29" 29 0.682119205298 500 0 0 0 0 0 0 0 0 0 0 0 0 0 0 0 0 0 0 0
"30" 30 0.0862944162437 495 5 0 0 0 0 0 0 0 0 0 0 0 0 0 0 0 0 0 0
"31" 31 0.125786163522 443 34 21 2 0 0 0 0 0 0 0 0 0 0 0 0 0 0 0 0
"32" 32 0.65625 252 196 52 0 0 0 0 0 0 0 0 0 0 0 0 0 0 0 0 0
"33" 33 0.553846153846 500 0 0 0 0 0 0 0 0 0 0 0 0 0 0 0 0 0 0 0
"34" 34 0.0459770114943 477 23 0 0 0 0 0 0 0 0 0 0 0 0 0 0 0 0 0 0
"35" 35 0.241071428571 263 141 53 27 5 4 3 3 1 0 0 0 0 0 0 0 0 0 0 0
"36" 36 0.0 477 22 1 0 0 0 0 0 0 0 0 0 0 0 0 0 0 0 0 0
"37" 37 0.0 478 11 7 4 0 0 0 0 0 0 0 0 0 0 0 0 0 0 0 0
"38" 38 0.0 388 66 12 11 10 5 4 2 1 1 0 0 0 0 0 0 0 0 0 0
"39" 39 0.0 487 8 3 2 0 0 0 0 0 0 0 0 0 0 0 0 0 0 0 0
"40" 40 0.0 500 0 0 0 0 0 0 0 0 0 0 0 0 0 0 0 0 0 0 0
"41" 41 0.106918238994 500 0 0 0 0 0 0 0 0 0 0 0 0 0 0 0 0 0 0 0
"42" 42 0.356589147287 401 89 5 3 1 1 0 0 0 0 0 0 0 0 0 0 0 0 0 0
"43" 43 0.697674418605 500 0 0 0 0 0 0 0 0 0 0 0 0 0 0 0 0 0 0 0
"44" 44 0.186311787072 498 2 0 0 0 0 0 0 0 0 0 0 0 0 0 0 0 0 0 0
"45" 45 0.0547263681592 498 2 0 0 0 0 0 0 0 0 0 0 0 0 0 0 0 0 0 0
"46" 46 0.528497409326 484 16 0 0 0 0 0 0 0 0 0 0 0 0 0 0 0 0 0 0
"47" 47 0.216730038023 495 4 1 0 0 0 0 0 0 0 0 0 0 0 0 0 0 0 0 0
"48" 48 0.0 494 6 0 0 0 0 0 0 0 0 0 0 0 0 0 0 0 0 0 0
"49" 49 0.247126436782 474 26 0 0 0 0 0 0 0 0 0 0 0 0 0 0 0 0 0 0
"50" 50 0.53642384106 489 11 0 0 0 0 0 0 0 0 0 0 0 0 0 0 0 0 0 0
"51" 51 0.0796019900498 500 0 0 0 0 0 0 0 0 0 0 0 0 0 0 0 0 0 0 0
"52" 52 0.155172413793 301 95 57 21 12 7 5 2 0 0 0 0 0 0 0 0 0 0 0 0
"53" 53 0.53164556962 500 0 0 0 0 0 0 0 0 0 0 0 0 0 0 0 0 0 0 0
"54" 54 0.189873417722 433 52 7 5 3 0 0 0 0 0 0 0 0 0 0 0 0 0 0 0
"55" 55 0.77358490566 476 13 7 4 0 0 0 0 0 0 0 0 0 0 0 0 0 0 0 0
"56" 56 0.152466367713 485 10 5 0 0 0 0 0 0 0 0 0 0 0 0 0 0 0 0 0
"57" 57 0.0632183908046 177 139 61 60 31 19 13 0 0 0 0 0 0 0 0 0 0 0 0 0
"58" 58 0.186046511628 482 8 5 2 2 1 0 0 0 0 0 0 0 0 0 0 0 0 0 0
"59" 59 0.0287356321839 395 94 6 3 2 0 0 0 0 0 0 0 0 0 0 0 0 0 0 0
"60" 60 0.0 499 1 0 0 0 0 0 0 0 0 0 0 0 0 0 0 0 0 0 0
"61" 61 0.015503875969 435 56 7 2 0 0 0 0 0 0 0 0 0 0 0 0 0 0 0 0
"62" 62 0.206278026906 277 222 1 0 0 0 0 0 0 0 0 0 0 0 0 0 0 0 0 0
"63" 63 0.0666666666667 241 134 73 22 21 6 2 1 0 0 0 0 0 0 0 0 0 0 0 0
"64" 64 0.015503875969 497 2 1 0 0 0 0 0 0 0 0 0 0 0 0 0 0 0 0 0
"65" 65 0.197718631179 445 54 1 0 0 0 0 0 0 0 0 0 0 0 0 0 0 0 0 0
"66" 66 0.134328358209 361 64 46 15 13 1 0 0 0 0 0 0 0 0 0 0 0 0 0 0
"67" 67 0.459915611814 447 52 1 0 0 0 0 0 0 0 0 0 0 0 0 0 0 0 0 0
"68" 68 0.147286821705 237 128 46 31 23 20 13 2 0 0 0 0 0 0 0 0 0 0 0 0
"69" 69 0.596026490066 493 6 1 0 0 0 0 0 0 0 0 0 0 0 0 0 0 0 0 0
"70" 70 0.605769230769 500 0 0 0 0 0 0 0 0 0 0 0 0 0 0 0 0 0 0 0
"71" 71 0.736434108527 500 0 0 0 0 0 0 0 0 0 0 0 0 0 0 0 0 0 0 0
"72" 72 0.322175732218 499 1 0 0 0 0 0 0 0 0 0 0 0 0 0 0 0 0 0 0
"73" 73 0.895348837209 500 0 0 0 0 0 0 0 0 0 0 0 0 0 0 0 0 0 0 0
"74" 74 0.673076923077 500 0 0 0 0 0 0 0 0 0 0 0 0 0 0 0 0 0 0 0
"75" 75 0.330357142857 445 54 1 0 0 0 0 0 0 0 0 0 0 0 0 0 0 0 0 0
"76" 76 0.297435897436 395 64 28 6 6 1 0 0 0 0 0 0 0 0 0 0 0 0 0 0
"77" 77 0.0529801324503 404 96 0 0 0 0 0 0 0 0 0 0 0 0 0 0 0 0 0 0
"78" 78 0.0 372 80 46 1 1 0 0 0 0 0 0 0 0 0 0 0 0 0 0 0
"79" 79 0.331606217617 432 34 23 5 3 2 1 0 0 0 0 0 0 0 0 0 0 0 0 0
"80" 80 0.511210762332 317 105 59 16 2 1 0 0 0 0 0 0 0 0 0 0 0 0 0 0
"81" 81 0.0152284263959 396 55 26 15 8 0 0 0 0 0 0 0 0 0 0 0 0 0 0 0
"82" 82 0.405063291139 497 3 0 0 0 0 0 0 0 0 0 0 0 0 0 0 0 0 0 0
"83" 83 0.689119170984 428 37 34 1 0 0 0 0 0 0 0 0 0 0 0 0 0 0 0 0
"84" 84 0.195402298851 277 89 84 24 16 8 2 0 0 0 0 0 0 0 0 0 0 0 0 0
"85" 85 0.211538461538 500 0 0 0 0 0 0 0 0 0 0 0 0 0 0 0 0 0 0 0
"86" 86 0.0077519379845 500 0 0 0 0 0 0 0 0 0 0 0 0 0 0 0 0 0 0 0
"87" 87 0.455696202532 300 178 12 6 3 1 0 0 0 0 0 0 0 0 0 0 0 0 0 0
"88" 88 0.0780141843972 211 148 83 36 16 3 2 1 0 0 0 0 0 0 0 0 0 0 0 0
"89" 89 0.00574712643678 405 92 2 1 0 0 0 0 0 0 0 0 0 0 0 0 0 0 0 0
"90" 90 0.010152284264 488 8 4 0 0 0 0 0 0 0 0 0 0 0 0 0 0 0 0 0
"91" 91 0.00995024875622 495 2 1 1 1 0 0 0 0 0 0 0 0 0 0 0 0 0 0 0
"92" 92 0.0 500 0 0 0 0 0 0 0 0 0 0 0 0 0 0 0 0 0 0 0
"93" 93 0.0526315789474 500 0 0 0 0 0 0 0 0 0 0 0 0 0 0 0 0 0 0 0
"94" 94 0.158940397351 321 75 74 30 0 0 0 0 0 0 0 0 0 0 0 0 0 0 0 0
"95" 95 0.303571428571 354 62 43 30 9 2 0 0 0 0 0 0 0 0 0 0 0 0 0 0
"96" 96 0.21897810219 211 90 75 70 47 4 3 0 0 0 0 0 0 0 0 0 0 0 0 0
"97" 97 0.14598540146 376 124 0 0 0 0 0 0 0 0 0 0 0 0 0 0 0 0 0 0
"98" 98 0.470198675497 228 176 48 45 3 0 0 0 0 0 0 0 0 0 0 0 0 0 0 0
"99" 99 0.642585551331 314 143 42 1 0 0 0 0 0 0 0 0 0 0 0 0 0 0 0 0
"100" 100 0.485355648536 286 159 20 15 8 7 3 2 0 0 0 0 0 0 0 0 0 0 0 0
"101" 101 0.736842105263 500 0 0 0 0 0 0 0 0 0 0 0 0 0 0 0 0 0 0 0
"102" 102 0.0625 242 85 54 42 31 19 12 10 4 1 0 0 0 0 0 0 0 0 0 0
"103" 103 0.476683937824 427 73 0 0 0 0 0 0 0 0 0 0 0 0 0 0 0 0 0 0
"104" 104 0.165803108808 305 98 75 19 3 0 0 0 0 0 0 0 0 0 0 0 0 0 0 0
"105" 105 0.409282700422 278 87 65 56 10 4 0 0 0 0 0 0 0 0 0 0 0 0 0 0
"106" 106 0.217573221757 137 115 85 81 73 9 0 0 0 0 0 0 0 0 0 0 0 0 0 0
"107" 107 0.00507614213198 308 113 69 8 1 1 0 0 0 0 0 0 0 0 0 0 0 0 0 0
"108" 108 0.0 455 45 0 0 0 0 0 0 0 0 0 0 0 0 0 0 0 0 0 0
"109" 109 0.243523316062 216 128 91 59 3 2 1 0 0 0 0 0 0 0 0 0 0 0 0 0
"110" 110 0.0126582278481 454 26 13 6 1 0 0 0 0 0 0 0 0 0 0 0 0 0 0 0
"111" 111 0.0 495 5 0 0 0 0 0 0 0 0 0 0 0 0 0 0 0 0 0 0
"112" 112 0.476793248945 269 132 43 37 19 0 0 0 0 0 0 0 0 0 0 0 0 0 0 0
"113" 113 0.205020920502 227 208 65 0 0 0 0 0 0 0 0 0 0 0 0 0 0 0 0 0
"114" 114 0.0232558139535 312 185 1 1 1 0 0 0 0 0 0 0 0 0 0 0 0 0 0 0
"115" 115 0.203980099502 367 76 53 3 1 0 0 0 0 0 0 0 0 0 0 0 0 0 0 0
"116" 116 0.538461538462 428 58 14 0 0 0 0 0 0 0 0 0 0 0 0 0 0 0 0 0
"117" 117 0.255605381166 205 109 77 50 44 12 3 0 0 0 0 0 0 0 0 0 0 0 0 0
"118" 118 0.615384615385 500 0 0 0 0 0 0 0 0 0 0 0 0 0 0 0 0 0 0 0
"119" 119 0.0172413793103 300 96 49 43 11 1 0 0 0 0 0 0 0 0 0 0 0 0 0 0
"120" 120 0.0769230769231 248 142 34 30 21 15 6 2 1 1 0 0 0 0 0 0 0 0 0 0
"121" 121 0.0 500 0 0 0 0 0 0 0 0 0 0 0 0 0 0 0 0 0 0 0
"122" 122 0.0 499 1 0 0 0 0 0 0 0 0 0 0 0 0 0 0 0 0 0 0
"123" 123 0.00497512437811 500 0 0 0 0 0 0 0 0 0 0 0 0 0 0 0 0 0 0 0
"124" 124 0.0 480 19 1 0 0 0 0 0 0 0 0 0 0 0 0 0 0 0 0 0
"125" 125 0.010152284264 500 0 0 0 0 0 0 0 0 0 0 0 0 0 0 0 0 0 0 0
"126" 126 0.0961538461538 500 0 0 0 0 0 0 0 0 0 0 0 0 0 0 0 0 0 0 0
"127" 127 0.00446428571429 459 33 4 4 0 0 0 0 0 0 0 0 0 0 0 0 0 0 0 0
"128" 128 0.209302325581 264 202 34 0 0 0 0 0 0 0 0 0 0 0 0 0 0 0 0 0
"129" 129 0.18407960199 287 110 103 0 0 0 0 0 0 0 0 0 0 0 0 0 0 0 0 0
"130" 130 0.571428571429 411 53 35 1 0 0 0 0 0 0 0 0 0 0 0 0 0 0 0 0
"131" 131 0.285714285714 364 76 56 2 2 0 0 0 0 0 0 0 0 0 0 0 0 0 0 0
"132" 132 0.26582278481 488 12 0 0 0 0 0 0 0 0 0 0 0 0 0 0 0 0 0 0
"133" 133 0.679324894515 287 109 102 1 1 0 0 0 0 0 0 0 0 0 0 0 0 0 0 0
"134" 134 0.511627906977 233 136 107 20 2 2 0 0 0 0 0 0 0 0 0 0 0 0 0 0
"135" 135 0.5 500 0 0 0 0 0 0 0 0 0 0 0 0 0 0 0 0 0 0 0
"136" 136 0.438818565401 310 133 32 25 0 0 0 0 0 0 0 0 0 0 0 0 0 0 0 0
"137" 137 0.145348837209 179 172 96 50 3 0 0 0 0 0 0 0 0 0 0 0 0 0 0 0
"138" 138 0.353233830846 395 36 32 12 8 7 3 3 2 1 1 0 0 0 0 0 0 0 0 0
"139" 139 0.440414507772 387 36 32 19 18 7 1 0 0 0 0 0 0 0 0 0 0 0 0 0
"140" 140 0.0344827586207 154 135 93 80 30 7 1 0 0 0 0 0 0 0 0 0 0 0 0 0
"141" 141 0.0229885057471 499 1 0 0 0 0 0 0 0 0 0 0 0 0 0 0 0 0 0 0
"142" 142 0.348214285714 456 22 9 7 6 0 0 0 0 0 0 0 0 0 0 0 0 0 0 0
"143" 143 0.408759124088 314 127 40 6 6 6 1 0 0 0 0 0 0 0 0 0 0 0 0 0
"144" 144 0.0403587443946 375 125 0 0 0 0 0 0 0 0 0 0 0 0 0 0 0 0 0 0
"145" 145 0.0 500 0 0 0 0 0 0 0 0 0 0 0 0 0 0 0 0 0 0 0
"146" 146 0.205128205128 350 62 45 41 2 0 0 0 0 0 0 0 0 0 0 0 0 0 0 0
"147" 147 0.15503875969 161 160 121 38 12 5 3 0 0 0 0 0 0 0 0 0 0 0 0 0
"148" 148 0.0172413793103 500 0 0 0 0 0 0 0 0 0 0 0 0 0 0 0 0 0 0 0
"149" 149 0.119402985075 499 1 0 0 0 0 0 0 0 0 0 0 0 0 0 0 0 0 0 0
"150" 150 0.602678571429 256 200 43 1 0 0 0 0 0 0 0 0 0 0 0 0 0 0 0 0
"151" 151 0.321428571429 442 45 7 2 1 1 1 1 0 0 0 0 0 0 0 0 0 0 0 0
"152" 152 0.0574712643678 476 24 0 0 0 0 0 0 0 0 0 0 0 0 0 0 0 0 0 0
"153" 153 0.831223628692 500 0 0 0 0 0 0 0 0 0 0 0 0 0 0 0 0 0 0 0
"154" 154 0.538860103627 388 71 41 0 0 0 0 0 0 0 0 0 0 0 0 0 0 0 0 0
"155" 155 0.0425531914894 500 0 0 0 0 0 0 0 0 0 0 0 0 0 0 0 0 0 0 0
"156" 156 0.575581395349 267 93 71 56 10 3 0 0 0 0 0 0 0 0 0 0 0 0 0 0
"157" 157 0.523076923077 239 235 12 10 2 1 1 0 0 0 0 0 0 0 0 0 0 0 0 0
"158" 158 0.0172413793103 390 110 0 0 0 0 0 0 0 0 0 0 0 0 0 0 0 0 0 0
"159" 159 0.0 224 204 34 34 1 1 1 1 0 0 0 0 0 0 0 0 0 0 0 0
"160" 160 0.0 500 0 0 0 0 0 0 0 0 0 0 0 0 0 0 0 0 0 0 0
"161" 161 0.0 500 0 0 0 0 0 0 0 0 0 0 0 0 0 0 0 0 0 0 0
"162" 162 0.00760456273764 473 19 6 1 1 0 0 0 0 0 0 0 0 0 0 0 0 0 0 0
"163" 163 0.0669642857143 217 94 73 58 19 18 15 6 0 0 0 0 0 0 0 0 0 0 0 0
"164" 164 0.0062893081761 391 52 26 12 10 8 1 0 0 0 0 0 0 0 0 0 0 0 0 0
"165" 165 0.241379310345 159 151 76 49 45 9 7 3 1 0 0 0 0 0 0 0 0 0 0 0
"166" 166 0.031914893617 500 0 0 0 0 0 0 0 0 0 0 0 0 0 0 0 0 0 0 0
"167" 167 0.131782945736 451 49 0 0 0 0 0 0 0 0 0 0 0 0 0 0 0 0 0 0
"168" 168 0.46192893401 171 163 79 38 34 6 4 3 2 0 0 0 0 0 0 0 0 0 0 0
"169" 169 0.865384615385 500 0 0 0 0 0 0 0 0 0 0 0 0 0 0 0 0 0 0 0
"170" 170 0.302325581395 500 0 0 0 0 0 0 0 0 0 0 0 0 0 0 0 0 0 0 0
"171" 171 0.75 500 0 0 0 0 0 0 0 0 0 0 0 0 0 0 0 0 0 0 0
"172" 172 0.442786069652 410 63 15 12 0 0 0 0 0 0 0 0 0 0 0 0 0 0 0 0
"173" 173 0.627906976744 484 13 2 1 0 0 0 0 0 0 0 0 0 0 0 0 0 0 0 0
"174" 174 0.193798449612 313 163 12 5 3 2 2 0 0 0 0 0 0 0 0 0 0 0 0 0
"175" 175 0.296511627907 309 185 6 0 0 0 0 0 0 0 0 0 0 0 0 0 0 0 0 0
"176" 176 0.100628930818 500 0 0 0 0 0 0 0 0 0 0 0 0 0 0 0 0 0 0 0
"177" 177 0.517857142857 469 23 8 0 0 0 0 0 0 0 0 0 0 0 0 0 0 0 0 0
"178" 178 0.243523316062 465 29 2 2 1 1 0 0 0 0 0 0 0 0 0 0 0 0 0 0
"179" 179 0.0077519379845 327 159 8 4 2 0 0 0 0 0 0 0 0 0 0 0 0 0 0 0
"180" 180 0.192825112108 270 155 70 5 0 0 0 0 0 0 0 0 0 0 0 0 0 0 0 0
"181" 181 0.502590673575 323 122 42 13 0 0 0 0 0 0 0 0 0 0 0 0 0 0 0 0
"182" 182 0.0659898477157 471 20 6 2 1 0 0 0 0 0 0 0 0 0 0 0 0 0 0 0
"183" 183 0.0 500 0 0 0 0 0 0 0 0 0 0 0 0 0 0 0 0 0 0 0
"184" 184 0.271317829457 196 126 118 59 1 0 0 0 0 0 0 0 0 0 0 0 0 0 0 0
"185" 185 0.291390728477 221 129 125 17 4 3 1 0 0 0 0 0 0 0 0 0 0 0 0 0
"186" 186 0.00507614213198 499 1 0 0 0 0 0 0 0 0 0 0 0 0 0 0 0 0 0 0
"187" 187 0.0693430656934 193 171 67 50 9 7 3 0 0 0 0 0 0 0 0 0 0 0 0 0
"188" 188 0.675105485232 239 220 20 16 4 1 0 0 0 0 0 0 0 0 0 0 0 0 0 0
"189" 189 0.117154811715 500 0 0 0 0 0 0 0 0 0 0 0 0 0 0 0 0 0 0 0
"190" 190 0.0 499 1 0 0 0 0 0 0 0 0 0 0 0 0 0 0 0 0 0 0
"191" 191 0.232558139535 499 1 0 0 0 0 0 0 0 0 0 0 0 0 0 0 0 0 0 0
"192" 192 0.549668874172 360 82 58 0 0 0 0 0 0 0 0 0 0 0 0 0 0 0 0 0
"193" 193 0.46835443038 500 0 0 0 0 0 0 0 0 0 0 0 0 0 0 0 0 0 0 0
"194" 194 0.208955223881 499 1 0 0 0 0 0 0 0 0 0 0 0 0 0 0 0 0 0 0
"195" 195 0.278846153846 500 0 0 0 0 0 0 0 0 0 0 0 0 0 0 0 0 0 0 0
"196" 196 0.60621761658 397 95 8 0 0 0 0 0 0 0 0 0 0 0 0 0 0 0 0 0
"197" 197 0.535864978903 384 116 0 0 0 0 0 0 0 0 0 0 0 0 0 0 0 0 0 0
"198" 198 0.31007751938 497 3 0 0 0 0 0 0 0 0 0 0 0 0 0 0 0 0 0 0
"199" 199 0.0077519379845 497 2 1 0 0 0 0 0 0 0 0 0 0 0 0 0 0 0 0 0
"200" 200 0.225165562914 261 113 76 50 0 0 0 0 0 0 0 0 0 0 0 0 0 0 0 0
"201" 201 0.540178571429 368 74 47 11 0 0 0 0 0 0 0 0 0 0 0 0 0 0 0 0
"202" 202 0.0398009950249 499 1 0 0 0 0 0 0 0 0 0 0 0 0 0 0 0 0 0 0
"203" 203 0.105839416058 412 84 2 2 0 0 0 0 0 0 0 0 0 0 0 0 0 0 0 0
"204" 204 0.0 499 1 0 0 0 0 0 0 0 0 0 0 0 0 0 0 0 0 0 0
"205" 205 0.0 462 35 3 0 0 0 0 0 0 0 0 0 0 0 0 0 0 0 0 0
"206" 206 0.0342205323194 323 148 13 7 3 2 2 1 1 0 0 0 0 0 0 0 0 0 0 0
"207" 207 0.125 500 0 0 0 0 0 0 0 0 0 0 0 0 0 0 0 0 0 0 0
"208" 208 0.0865384615385 443 55 1 1 0 0 0 0 0 0 0 0 0 0 0 0 0 0 0 0
"209" 209 0.549668874172 218 178 57 25 14 5 3 0 0 0 0 0 0 0 0 0 0 0 0 0
"210" 210 0.046511627907 455 31 14 0 0 0 0 0 0 0 0 0 0 0 0 0 0 0 0 0
"211" 211 0.241025641026 290 210 0 0 0 0 0 0 0 0 0 0 0 0 0 0 0 0 0 0
"212" 212 0.201923076923 377 98 15 10 0 0 0 0 0 0 0 0 0 0 0 0 0 0 0 0
"213" 213 0.708609271523 282 122 80 16 0 0 0 0 0 0 0 0 0 0 0 0 0 0 0 0
"214" 214 0.2 314 167 9 4 2 2 2 0 0 0 0 0 0 0 0 0 0 0 0 0
"215" 215 0.0077519379845 472 28 0 0 0 0 0 0 0 0 0 0 0 0 0 0 0 0 0 0
"216" 216 0.379310344828 364 107 28 1 0 0 0 0 0 0 0 0 0 0 0 0 0 0 0 0
"217" 217 0.354651162791 494 6 0 0 0 0 0 0 0 0 0 0 0 0 0 0 0 0 0 0
"218" 218 0.0167364016736 315 181 3 1 0 0 0 0 0 0 0 0 0 0 0 0 0 0 0 0
"219" 219 0.345991561181 500 0 0 0 0 0 0 0 0 0 0 0 0 0 0 0 0 0 0 0
"220" 220 0.699481865285 341 158 1 0 0 0 0 0 0 0 0 0 0 0 0 0 0 0 0 0
"221" 221 0.160337552743 342 158 0 0 0 0 0 0 0 0 0 0 0 0 0 0 0 0 0 0
"222" 222 0.573643410853 353 147 0 0 0 0 0 0 0 0 0 0 0 0 0 0 0 0 0 0
"223" 223 0.145077720207 228 184 76 10 2 0 0 0 0 0 0 0 0 0 0 0 0 0 0 0
"224" 224 0.00574712643678 328 171 1 0 0 0 0 0 0 0 0 0 0 0 0 0 0 0 0 0
"225" 225 0.0414507772021 500 0 0 0 0 0 0 0 0 0 0 0 0 0 0 0 0 0 0 0
"226" 226 0.0 500 0 0 0 0 0 0 0 0 0 0 0 0 0 0 0 0 0 0 0
"227" 227 0.0 428 33 28 11 0 0 0 0 0 0 0 0 0 0 0 0 0 0 0 0
"228" 228 0.0398009950249 500 0 0 0 0 0 0 0 0 0 0 0 0 0 0 0 0 0 0 0
"229" 229 0.0114942528736 498 2 0 0 0 0 0 0 0 0 0 0 0 0 0 0 0 0 0 0
"230" 230 0.173076923077 246 138 116 0 0 0 0 0 0 0 0 0 0 0 0 0 0 0 0 0
"231" 231 0.5 269 173 30 21 7 0 0 0 0 0 0 0 0 0 0 0 0 0 0 0
"232" 232 0.0697674418605 291 174 35 0 0 0 0 0 0 0 0 0 0 0 0 0 0 0 0 0
"233" 233 0.0 274 226 0 0 0 0 0 0 0 0 0 0 0 0 0 0 0 0 0 0
"234" 234 0.243781094527 299 189 12 0 0 0 0 0 0 0 0 0 0 0 0 0 0 0 0 0
"235" 235 0.434599156118 366 129 5 0 0 0 0 0 0 0 0 0 0 0 0 0 0 0 0 0
"236" 236 0.48427672956 478 16 3 2 1 0 0 0 0 0 0 0 0 0 0 0 0 0 0 0
"237" 237 0.191964285714 276 123 63 33 5 0 0 0 0 0 0 0 0 0 0 0 0 0 0 0
"238" 238 0.0167364016736 269 226 5 0 0 0 0 0 0 0 0 0 0 0 0 0 0 0 0 0
"239" 239 0.149425287356 448 29 12 6 2 2 1 0 0 0 0 0 0 0 0 0 0 0 0 0
"240" 240 0.492227979275 360 104 21 15 0 0 0 0 0 0 0 0 0 0 0 0 0 0 0 0
"241" 241 0.0 500 0 0 0 0 0 0 0 0 0 0 0 0 0 0 0 0 0 0 0
"242" 242 0.00507614213198 471 22 5 2 0 0 0 0 0 0 0 0 0 0 0 0 0 0 0 0
"243" 243 0.235897435897 500 0 0 0 0 0 0 0 0 0 0 0 0 0 0 0 0 0 0 0
"244" 244 0.0927152317881 279 221 0 0 0 0 0 0 0 0 0 0 0 0 0 0 0 0 0 0
"245" 245 0.273722627737 358 94 20 13 12 2 1 0 0 0 0 0 0 0 0 0 0 0 0 0
"246" 246 0.907692307692 500 0 0 0 0 0 0 0 0 0 0 0 0 0 0 0 0 0 0 0
