"site" "RSA" "aa1" "aa2" "aa3" "aa4" "aa5" "aa6" "aa7" "aa8" "aa9" "aa10" "aa11" "aa12" "aa13" "aa14" "aa15" "aa16" "aa17" "aa18" "aa19" "aa20"
"0" 0 1.05960264901 112 105 89 61 34 31 20 16 10 8 7 4 3 0 0 0 0 0 0 0
"1" 1 0.732142857143 236 100 41 34 25 16 15 14 11 2 2 2 1 1 0 0 0 0 0 0
"2" 2 0.0722433460076 277 223 0 0 0 0 0 0 0 0 0 0 0 0 0 0 0 0 0 0
"3" 3 0.357512953368 369 121 3 3 2 1 1 0 0 0 0 0 0 0 0 0 0 0 0 0
"4" 4 0.06463878327 379 121 0 0 0 0 0 0 0 0 0 0 0 0 0 0 0 0 0 0
"5" 5 0.273631840796 252 155 31 17 16 10 5 4 3 3 2 1 1 0 0 0 0 0 0 0
"6" 6 0.00418410041841 500 0 0 0 0 0 0 0 0 0 0 0 0 0 0 0 0 0 0 0
"7" 7 0.160337552743 364 61 35 15 9 6 4 3 1 1 1 0 0 0 0 0 0 0 0 0
"8" 8 0.0 485 14 1 0 0 0 0 0 0 0 0 0 0 0 0 0 0 0 0 0
"9" 9 0.0 500 0 0 0 0 0 0 0 0 0 0 0 0 0 0 0 0 0 0 0
"10" 10 0.0 499 1 0 0 0 0 0 0 0 0 0 0 0 0 0 0 0 0 0 0
"11" 11 0.0 217 171 109 2 1 0 0 0 0 0 0 0 0 0 0 0 0 0 0 0
"12" 12 0.0 500 0 0 0 0 0 0 0 0 0 0 0 0 0 0 0 0 0 0 0
"13" 13 0.14358974359 376 64 17 15 9 6 6 5 1 1 0 0 0 0 0 0 0 0 0 0
"14" 14 0.377483443709 222 132 46 27 22 22 9 6 5 4 2 2 1 0 0 0 0 0 0 0
"15" 15 0.538461538462 500 0 0 0 0 0 0 0 0 0 0 0 0 0 0 0 0 0 0 0
"16" 16 0.0114942528736 363 62 60 12 3 0 0 0 0 0 0 0 0 0 0 0 0 0 0 0
"17" 17 0.153846153846 500 0 0 0 0 0 0 0 0 0 0 0 0 0 0 0 0 0 0 0
"18" 18 0.0253164556962 273 206 19 1 1 0 0 0 0 0 0 0 0 0 0 0 0 0 0 0
"19" 19 0.192052980132 146 144 83 83 16 8 8 8 3 1 0 0 0 0 0 0 0 0 0 0
"20" 20 0.0886075949367 500 0 0 0 0 0 0 0 0 0 0 0 0 0 0 0 0 0 0 0
"21" 21 0.0199004975124 499 1 0 0 0 0 0 0 0 0 0 0 0 0 0 0 0 0 0 0
"22" 22 0.0 500 0 0 0 0 0 0 0 0 0 0 0 0 0 0 0 0 0 0 0
"23" 23 0.109452736318 455 8 8 6 6 5 4 2 2 2 1 1 0 0 0 0 0 0 0 0
"24" 24 0.153284671533 500 0 0 0 0 0 0 0 0 0 0 0 0 0 0 0 0 0 0 0
"25" 25 0.0167364016736 500 0 0 0 0 0 0 0 0 0 0 0 0 0 0 0 0 0 0 0
"26" 26 0.185430463576 277 162 49 6 3 1 1 1 0 0 0 0 0 0 0 0 0 0 0 0
"27" 27 0.40414507772 367 38 36 14 13 12 9 4 3 2 1 1 0 0 0 0 0 0 0 0
"28" 28 0.59585492228 297 197 6 0 0 0 0 0 0 0 0 0 0 0 0 0 0 0 0 0
"29" 29 0.377906976744 186 87 77 47 35 34 18 10 4 1 1 0 0 0 0 0 0 0 0 0
"30" 30 0.281368821293 475 17 8 0 0 0 0 0 0 0 0 0 0 0 0 0 0 0 0 0
"31" 31 0.470930232558 319 76 35 32 28 4 3 1 1 1 0 0 0 0 0 0 0 0 0 0
"32" 32 0.589743589744 106 95 69 66 50 28 18 14 13 9 8 7 7 3 2 2 2 1 0 0
"33" 33 0.787564766839 367 75 27 11 6 6 5 1 1 1 0 0 0 0 0 0 0 0 0 0
"34" 34 0.220532319392 247 237 4 4 3 2 1 1 1 0 0 0 0 0 0 0 0 0 0 0
"35" 35 0.802030456853 128 101 78 63 42 24 21 12 9 8 6 4 2 1 1 0 0 0 0 0
"36" 36 0.377483443709 445 27 20 4 2 1 1 0 0 0 0 0 0 0 0 0 0 0 0 0
"37" 37 0.802325581395 154 73 52 41 37 34 33 17 12 10 10 9 8 6 3 1 0 0 0 0
"38" 38 0.675126903553 164 86 75 40 34 22 21 20 12 8 7 5 2 2 1 1 0 0 0 0
"39" 39 0.451923076923 500 0 0 0 0 0 0 0 0 0 0 0 0 0 0 0 0 0 0 0
"40" 40 0.0919540229885 317 92 76 8 3 2 2 0 0 0 0 0 0 0 0 0 0 0 0 0
"41" 41 0.523316062176 252 64 44 42 32 23 19 12 6 5 1 0 0 0 0 0 0 0 0 0
"42" 42 0.292887029289 312 184 4 0 0 0 0 0 0 0 0 0 0 0 0 0 0 0 0 0
"43" 43 0.270042194093 417 47 20 9 3 2 2 0 0 0 0 0 0 0 0 0 0 0 0 0
"44" 44 0.446700507614 230 164 90 13 2 1 0 0 0 0 0 0 0 0 0 0 0 0 0 0
"45" 45 0.227848101266 480 8 6 5 1 0 0 0 0 0 0 0 0 0 0 0 0 0 0 0
"46" 46 0.424418604651 321 155 22 2 0 0 0 0 0 0 0 0 0 0 0 0 0 0 0 0
"47" 47 0.0689655172414 455 40 4 1 0 0 0 0 0 0 0 0 0 0 0 0 0 0 0 0
"48" 48 0.53125 134 118 105 82 24 16 6 4 3 2 2 2 1 1 0 0 0 0 0 0
"49" 49 0.0199004975124 281 214 3 2 0 0 0 0 0 0 0 0 0 0 0 0 0 0 0 0
"50" 50 0.549222797927 178 142 92 65 8 4 4 3 2 1 1 0 0 0 0 0 0 0 0 0
"51" 51 0.692307692308 498 2 0 0 0 0 0 0 0 0 0 0 0 0 0 0 0 0 0 0
"52" 52 0.303797468354 337 125 17 6 6 5 3 1 0 0 0 0 0 0 0 0 0 0 0 0
"53" 53 0.174418604651 186 80 76 34 31 28 21 19 7 6 4 3 2 1 1 1 0 0 0 0
"54" 54 0.0 499 1 0 0 0 0 0 0 0 0 0 0 0 0 0 0 0 0 0 0
"55" 55 0.244725738397 211 122 61 55 48 2 1 0 0 0 0 0 0 0 0 0 0 0 0 0
"56" 56 0.0 499 1 0 0 0 0 0 0 0 0 0 0 0 0 0 0 0 0 0 0
"57" 57 0.22869955157 246 107 73 50 10 7 4 2 1 0 0 0 0 0 0 0 0 0 0 0
"58" 58 0.00507614213198 475 25 0 0 0 0 0 0 0 0 0 0 0 0 0 0 0 0 0 0
"59" 59 0.195035460993 418 52 30 0 0 0 0 0 0 0 0 0 0 0 0 0 0 0 0 0
"60" 60 0.0259067357513 193 149 81 67 9 1 0 0 0 0 0 0 0 0 0 0 0 0 0 0
"61" 61 0.0116279069767 477 20 1 1 1 0 0 0 0 0 0 0 0 0 0 0 0 0 0 0
"62" 62 0.519379844961 479 20 1 0 0 0 0 0 0 0 0 0 0 0 0 0 0 0 0 0
"63" 63 0.403846153846 500 0 0 0 0 0 0 0 0 0 0 0 0 0 0 0 0 0 0 0
"64" 64 0.255605381166 165 126 94 48 30 14 13 7 1 1 1 0 0 0 0 0 0 0 0 0
"65" 65 0.0625 487 6 3 2 2 0 0 0 0 0 0 0 0 0 0 0 0 0 0 0
"66" 66 0.642335766423 214 112 47 34 23 21 19 9 7 4 4 4 1 1 0 0 0 0 0 0
"67" 67 0.602510460251 177 93 51 35 32 29 24 23 13 7 6 4 2 2 1 1 0 0 0 0
"68" 68 0.481751824818 204 100 73 42 32 28 9 6 3 1 1 1 0 0 0 0 0 0 0 0
"69" 69 0.5 209 103 44 36 28 23 14 12 11 9 9 2 0 0 0 0 0 0 0 0
"70" 70 0.106598984772 348 124 23 4 1 0 0 0 0 0 0 0 0 0 0 0 0 0 0 0
"71" 71 0.377906976744 104 91 76 54 53 33 19 15 13 10 9 8 8 7 0 0 0 0 0 0
"72" 72 0.324503311258 326 90 70 5 3 3 2 1 0 0 0 0 0 0 0 0 0 0 0 0
"73" 73 0.456953642384 103 84 78 74 41 31 25 15 14 13 10 9 1 1 1 0 0 0 0 0
"74" 74 0.06463878327 500 0 0 0 0 0 0 0 0 0 0 0 0 0 0 0 0 0 0 0
"75" 75 0.0114068441065 289 210 1 0 0 0 0 0 0 0 0 0 0 0 0 0 0 0 0 0
"76" 76 0.613138686131 124 120 58 33 33 31 28 27 12 10 7 6 4 3 2 2 0 0 0 0
"77" 77 0.528846153846 500 0 0 0 0 0 0 0 0 0 0 0 0 0 0 0 0 0 0 0
"78" 78 0.0331125827815 356 143 1 0 0 0 0 0 0 0 0 0 0 0 0 0 0 0 0 0
"79" 79 0.239234449761 450 31 19 0 0 0 0 0 0 0 0 0 0 0 0 0 0 0 0 0
"80" 80 0.0 500 0 0 0 0 0 0 0 0 0 0 0 0 0 0 0 0 0 0 0
"81" 81 0.0 494 6 0 0 0 0 0 0 0 0 0 0 0 0 0 0 0 0 0 0
"82" 82 0.0152284263959 497 3 0 0 0 0 0 0 0 0 0 0 0 0 0 0 0 0 0 0
"83" 83 0.0 492 7 1 0 0 0 0 0 0 0 0 0 0 0 0 0 0 0 0 0
"84" 84 0.00574712643678 499 1 0 0 0 0 0 0 0 0 0 0 0 0 0 0 0 0 0 0
"85" 85 0.0 477 23 0 0 0 0 0 0 0 0 0 0 0 0 0 0 0 0 0 0
"86" 86 0.0621761658031 491 9 0 0 0 0 0 0 0 0 0 0 0 0 0 0 0 0 0 0
"87" 87 0.00574712643678 434 28 19 19 0 0 0 0 0 0 0 0 0 0 0 0 0 0 0 0
"88" 88 0.209302325581 484 15 1 0 0 0 0 0 0 0 0 0 0 0 0 0 0 0 0 0
"89" 89 0.378238341969 317 177 3 1 1 1 0 0 0 0 0 0 0 0 0 0 0 0 0 0
"90" 90 0.381165919283 264 60 49 46 28 20 10 6 4 4 3 2 1 1 1 1 0 0 0 0
"91" 91 0.477678571429 100 91 81 64 50 37 26 10 10 9 9 6 2 2 1 1 1 0 0 0
"92" 92 0.0132450331126 487 7 3 3 0 0 0 0 0 0 0 0 0 0 0 0 0 0 0 0
"93" 93 0.0627615062762 490 9 1 0 0 0 0 0 0 0 0 0 0 0 0 0 0 0 0 0
"94" 94 0.394871794872 204 62 62 43 35 35 21 12 8 4 4 3 2 2 1 1 1 0 0 0
"95" 95 0.00961538461538 348 52 40 17 11 8 7 5 5 4 2 1 0 0 0 0 0 0 0 0
"96" 96 0.0 494 4 1 1 0 0 0 0 0 0 0 0 0 0 0 0 0 0 0 0
"97" 97 0.565400843882 199 137 38 30 27 22 18 12 6 6 3 2 0 0 0 0 0 0 0 0
"98" 98 0.155963302752 158 83 49 38 36 36 28 26 13 8 6 6 5 3 2 2 1 0 0 0
"99" 99 0.0141843971631 500 0 0 0 0 0 0 0 0 0 0 0 0 0 0 0 0 0 0 0
"100" 100 0.0796019900498 439 60 1 0 0 0 0 0 0 0 0 0 0 0 0 0 0 0 0 0
"101" 101 0.506726457399 228 50 38 36 36 29 25 16 15 11 4 4 3 3 2 0 0 0 0 0
"102" 102 0.200892857143 201 81 64 61 53 15 7 6 6 3 1 1 1 0 0 0 0 0 0 0
"103" 103 0.0203045685279 496 4 0 0 0 0 0 0 0 0 0 0 0 0 0 0 0 0 0 0
"104" 104 0.709844559585 124 78 63 52 47 42 29 25 16 9 6 5 3 1 0 0 0 0 0 0
"105" 105 0.653284671533 140 113 82 55 27 27 13 12 12 11 4 2 2 0 0 0 0 0 0 0
"106" 106 0.285171102662 401 95 4 0 0 0 0 0 0 0 0 0 0 0 0 0 0 0 0 0
"107" 107 0.116279069767 496 3 1 0 0 0 0 0 0 0 0 0 0 0 0 0 0 0 0 0
"108" 108 0.459302325581 326 65 31 23 20 8 8 6 5 3 2 1 1 1 0 0 0 0 0 0
"109" 109 0.788079470199 200 74 51 29 27 24 22 19 16 12 10 9 3 2 1 1 0 0 0 0
"110" 110 0.523255813953 251 87 44 33 25 13 11 7 6 6 5 5 4 1 1 1 0 0 0 0
"111" 111 0.109195402299 351 129 13 6 1 0 0 0 0 0 0 0 0 0 0 0 0 0 0 0
"112" 112 0.129353233831 183 161 126 18 8 2 1 1 0 0 0 0 0 0 0 0 0 0 0 0
"113" 113 0.198312236287 383 78 10 9 8 5 5 1 1 0 0 0 0 0 0 0 0 0 0 0
"114" 114 0.0 500 0 0 0 0 0 0 0 0 0 0 0 0 0 0 0 0 0 0 0
"115" 115 0.0 500 0 0 0 0 0 0 0 0 0 0 0 0 0 0 0 0 0 0 0
"116" 116 0.00574712643678 496 4 0 0 0 0 0 0 0 0 0 0 0 0 0 0 0 0 0 0
"117" 117 0.0 500 0 0 0 0 0 0 0 0 0 0 0 0 0 0 0 0 0 0 0
"118" 118 0.025641025641 499 1 0 0 0 0 0 0 0 0 0 0 0 0 0 0 0 0 0 0
"119" 119 0.244725738397 396 63 19 18 2 1 1 0 0 0 0 0 0 0 0 0 0 0 0 0
"120" 120 0.0759493670886 500 0 0 0 0 0 0 0 0 0 0 0 0 0 0 0 0 0 0 0
"121" 121 0.20725388601 230 107 52 44 35 18 6 3 1 1 1 1 1 0 0 0 0 0 0 0
"122" 122 0.363184079602 297 91 28 18 17 16 10 9 6 4 4 0 0 0 0 0 0 0 0 0
"123" 123 0.632911392405 410 24 12 11 10 7 5 4 4 3 2 2 2 2 1 1 0 0 0 0
"124" 124 0.875647668394 137 116 70 39 35 31 21 14 13 11 7 5 1 0 0 0 0 0 0 0
"125" 125 0.637130801688 149 102 86 77 36 16 13 8 7 3 1 1 1 0 0 0 0 0 0 0
"126" 126 0.255474452555 500 0 0 0 0 0 0 0 0 0 0 0 0 0 0 0 0 0 0 0
"127" 127 0.431034482759 148 120 70 50 31 26 25 9 5 5 4 3 1 1 1 1 0 0 0 0
"128" 128 0.0172413793103 499 1 0 0 0 0 0 0 0 0 0 0 0 0 0 0 0 0 0 0
"129" 129 0.526785714286 231 91 68 30 19 13 12 11 9 7 4 3 2 0 0 0 0 0 0 0
"130" 130 0.372623574144 153 131 72 56 31 17 15 10 5 4 3 2 1 0 0 0 0 0 0 0
"131" 131 0.549222797927 119 109 69 55 42 36 24 20 10 5 5 3 2 1 0 0 0 0 0 0
"132" 132 0.48275862069 110 102 88 45 39 31 21 16 13 9 8 8 6 2 1 1 0 0 0 0
"133" 133 0.0 500 0 0 0 0 0 0 0 0 0 0 0 0 0 0 0 0 0 0 0
"134" 134 0.303797468354 292 81 54 27 16 11 7 6 3 3 0 0 0 0 0 0 0 0 0 0
"135" 135 0.584821428571 128 87 62 53 47 29 25 25 23 7 6 5 1 1 1 0 0 0 0 0
"136" 136 0.213389121339 443 57 0 0 0 0 0 0 0 0 0 0 0 0 0 0 0 0 0 0
"137" 137 0.0 499 1 0 0 0 0 0 0 0 0 0 0 0 0 0 0 0 0 0 0
"138" 138 0.492227979275 285 55 33 29 24 23 18 14 5 5 3 2 1 1 1 1 0 0 0 0
"139" 139 0.635658914729 131 111 84 84 44 11 10 9 6 3 2 2 2 1 0 0 0 0 0 0
"140" 140 0.246153846154 220 127 124 12 7 6 3 1 0 0 0 0 0 0 0 0 0 0 0 0
"141" 141 0.789029535865 324 60 47 33 12 8 6 4 2 2 2 0 0 0 0 0 0 0 0 0
"142" 142 0.0321100917431 499 1 0 0 0 0 0 0 0 0 0 0 0 0 0 0 0 0 0 0
"143" 143 0.327044025157 449 20 13 4 3 3 2 2 1 1 1 1 0 0 0 0 0 0 0 0
"144" 144 0.0627615062762 452 48 0 0 0 0 0 0 0 0 0 0 0 0 0 0 0 0 0 0
"145" 145 0.174129353234 264 69 63 48 38 14 2 1 1 0 0 0 0 0 0 0 0 0 0 0
"146" 146 0.116071428571 500 0 0 0 0 0 0 0 0 0 0 0 0 0 0 0 0 0 0 0
"147" 147 0.0 495 4 1 0 0 0 0 0 0 0 0 0 0 0 0 0 0 0 0 0
"148" 148 0.0 411 55 30 4 0 0 0 0 0 0 0 0 0 0 0 0 0 0 0 0
"149" 149 0.015503875969 482 17 1 0 0 0 0 0 0 0 0 0 0 0 0 0 0 0 0 0
"150" 150 0.333333333333 143 73 71 62 52 26 22 16 11 9 5 4 3 2 1 0 0 0 0 0
"151" 151 0.347150259067 95 80 59 47 47 30 29 27 25 16 13 9 7 6 6 2 1 1 0 0
"152" 152 0.41059602649 499 1 0 0 0 0 0 0 0 0 0 0 0 0 0 0 0 0 0 0
"153" 153 0.308139534884 152 107 66 46 36 35 16 14 9 7 4 3 2 1 1 1 0 0 0 0
"154" 154 0.307692307692 497 1 1 1 0 0 0 0 0 0 0 0 0 0 0 0 0 0 0 0
"155" 155 0.0172413793103 499 1 0 0 0 0 0 0 0 0 0 0 0 0 0 0 0 0 0 0
"156" 156 0.397321428571 438 20 7 5 5 5 4 3 3 3 2 2 2 1 0 0 0 0 0 0
"157" 157 0.430051813472 162 83 81 39 35 32 24 10 9 7 5 4 3 2 2 1 1 0 0 0
"158" 158 0.031007751938 495 4 1 0 0 0 0 0 0 0 0 0 0 0 0 0 0 0 0 0
"159" 159 0.0125523012552 496 4 0 0 0 0 0 0 0 0 0 0 0 0 0 0 0 0 0 0
"160" 160 0.26368159204 270 124 47 14 10 10 6 5 4 3 2 2 1 1 1 0 0 0 0 0
"161" 161 0.261627906977 180 146 90 22 20 19 8 4 3 2 2 2 1 1 0 0 0 0 0 0
"162" 162 0.0 500 0 0 0 0 0 0 0 0 0 0 0 0 0 0 0 0 0 0 0
"163" 163 0.0 500 0 0 0 0 0 0 0 0 0 0 0 0 0 0 0 0 0 0 0
"164" 164 0.317518248175 134 129 114 62 15 14 12 8 5 3 2 1 1 0 0 0 0 0 0 0
"165" 165 0.134529147982 138 131 57 54 35 31 23 8 6 6 4 4 2 1 0 0 0 0 0 0
"166" 166 0.0 500 0 0 0 0 0 0 0 0 0 0 0 0 0 0 0 0 0 0 0
"167" 167 0.177215189873 186 126 115 28 15 13 12 3 1 1 0 0 0 0 0 0 0 0 0 0
"168" 168 0.651785714286 131 125 75 47 34 30 16 15 12 8 6 1 0 0 0 0 0 0 0 0
"169" 169 0.490066225166 135 122 104 49 25 20 15 15 11 2 1 1 0 0 0 0 0 0 0 0
"170" 170 0.160550458716 469 21 4 3 2 1 0 0 0 0 0 0 0 0 0 0 0 0 0 0
"171" 171 0.417218543046 223 135 38 34 27 17 8 6 5 3 2 1 1 0 0 0 0 0 0 0
"172" 172 0.547085201794 232 83 41 35 26 17 12 11 10 8 6 5 4 4 3 3 0 0 0 0
"173" 173 0.690582959641 333 49 44 14 12 12 10 9 5 3 2 2 2 1 1 1 0 0 0 0
"174" 174 0.323076923077 195 103 55 34 33 30 18 16 14 2 0 0 0 0 0 0 0 0 0 0
"175" 175 0.0845771144279 496 3 1 0 0 0 0 0 0 0 0 0 0 0 0 0 0 0 0 0
"176" 176 0.364102564103 175 99 65 58 38 25 16 9 7 5 2 1 0 0 0 0 0 0 0 0
"177" 177 0.441964285714 283 59 40 38 19 19 12 7 7 6 5 3 2 0 0 0 0 0 0 0
"178" 178 0.0523255813953 230 98 86 49 26 7 3 1 0 0 0 0 0 0 0 0 0 0 0 0
"179" 179 0.0523255813953 213 181 40 20 20 11 11 2 2 0 0 0 0 0 0 0 0 0 0 0
"180" 180 0.27802690583 267 188 22 13 3 3 2 2 0 0 0 0 0 0 0 0 0 0 0 0
"181" 181 0.654008438819 136 85 66 66 45 37 18 15 12 8 7 4 1 0 0 0 0 0 0 0
"182" 182 0.443037974684 150 137 84 41 27 20 18 14 3 2 2 1 1 0 0 0 0 0 0 0
"183" 183 0.504464285714 378 29 27 21 12 9 7 5 3 3 3 1 1 1 0 0 0 0 0 0
"184" 184 0.694300518135 465 30 2 1 1 1 0 0 0 0 0 0 0 0 0 0 0 0 0 0
"185" 185 0.459915611814 153 123 58 34 24 22 20 15 12 11 11 8 8 1 0 0 0 0 0 0
"186" 186 0.586538461538 500 0 0 0 0 0 0 0 0 0 0 0 0 0 0 0 0 0 0 0
"187" 187 0.692307692308 155 108 65 63 34 24 22 8 7 4 4 2 2 1 1 0 0 0 0 0
"188" 188 0.701149425287 112 111 59 54 34 34 30 26 12 11 6 3 3 3 1 1 0 0 0 0
"189" 189 0.579487179487 446 53 1 0 0 0 0 0 0 0 0 0 0 0 0 0 0 0 0 0
"190" 190 0.786069651741 147 63 53 45 37 35 32 27 19 13 12 11 2 1 1 1 1 0 0 0
"191" 191 0.835443037975 242 90 67 25 22 12 10 8 6 5 5 3 3 1 1 0 0 0 0 0
"192" 192 0.423076923077 500 0 0 0 0 0 0 0 0 0 0 0 0 0 0 0 0 0 0 0
"193" 193 1.05381165919 149 61 55 44 42 36 22 19 17 16 14 7 6 6 5 1 0 0 0 0
