"site" "RSA" "aa1" "aa2" "aa3" "aa4" "aa5" "aa6" "aa7" "aa8" "aa9" "aa10" "aa11" "aa12" "aa13" "aa14" "aa15" "aa16" "aa17" "aa18" "aa19" "aa20"
"0" 0 0.283582089552 49 18 1 1 0 0 0 0 0 0 0 0 0 0 0 0 0 0 0 0
"1" 1 0.171532846715 53 21 3 0 0 0 0 0 0 0 0 0 0 0 0 0 0 0 0 0
"2" 2 0.0 37 32 7 1 0 0 0 0 0 0 0 0 0 0 0 0 0 0 0 0
"3" 3 0.0 72 2 1 1 1 0 0 0 0 0 0 0 0 0 0 0 0 0 0 0
"4" 4 0.0 77 0 0 0 0 0 0 0 0 0 0 0 0 0 0 0 0 0 0 0
"5" 5 0.100775193798 37 23 15 1 1 0 0 0 0 0 0 0 0 0 0 0 0 0 0 0
"6" 6 0.0287356321839 64 7 5 1 0 0 0 0 0 0 0 0 0 0 0 0 0 0 0 0
"7" 7 0.282700421941 77 0 0 0 0 0 0 0 0 0 0 0 0 0 0 0 0 0 0 0
"8" 8 0.244525547445 76 1 0 0 0 0 0 0 0 0 0 0 0 0 0 0 0 0 0 0
"9" 9 0.00574712643678 71 3 2 1 1 0 0 0 0 0 0 0 0 0 0 0 0 0 0 0
"10" 10 0.106598984772 43 33 1 1 0 0 0 0 0 0 0 0 0 0 0 0 0 0 0 0
"11" 11 0.124352331606 79 0 0 0 0 0 0 0 0 0 0 0 0 0 0 0 0 0 0 0
"12" 12 0.661596958175 67 8 3 1 1 0 0 0 0 0 0 0 0 0 0 0 0 0 0 0
"13" 13 0.573643410853 46 32 1 1 0 0 0 0 0 0 0 0 0 0 0 0 0 0 0 0
"14" 14 0.270114942529 75 3 1 1 1 0 0 0 0 0 0 0 0 0 0 0 0 0 0 0
"15" 15 0.814345991561 76 3 2 0 0 0 0 0 0 0 0 0 0 0 0 0 0 0 0 0
"16" 16 0.456852791878 39 30 8 4 0 0 0 0 0 0 0 0 0 0 0 0 0 0 0 0
"17" 17 0.580291970803 80 1 0 0 0 0 0 0 0 0 0 0 0 0 0 0 0 0 0 0
"18" 18 0.132183908046 76 3 1 1 0 0 0 0 0 0 0 0 0 0 0 0 0 0 0 0
"19" 19 0.286919831224 67 7 3 3 1 0 0 0 0 0 0 0 0 0 0 0 0 0 0 0
"20" 20 0.817610062893 30 26 17 4 2 1 1 0 0 0 0 0 0 0 0 0 0 0 0 0
"21" 21 0.502590673575 75 3 1 1 0 0 0 0 0 0 0 0 0 0 0 0 0 0 0 0
"22" 22 0.43795620438 33 17 13 10 4 3 0 0 0 0 0 0 0 0 0 0 0 0 0 0
"23" 23 0.424418604651 38 35 6 2 0 0 0 0 0 0 0 0 0 0 0 0 0 0 0 0
"24" 24 0.0480769230769 74 3 3 1 0 0 0 0 0 0 0 0 0 0 0 0 0 0 0 0
"25" 25 0.264367816092 75 6 0 0 0 0 0 0 0 0 0 0 0 0 0 0 0 0 0 0
"26" 26 0.16091954023 39 22 20 0 0 0 0 0 0 0 0 0 0 0 0 0 0 0 0 0
"27" 27 0.325581395349 38 36 5 2 0 0 0 0 0 0 0 0 0 0 0 0 0 0 0 0
"28" 28 0.730569948187 39 15 5 4 3 3 3 3 1 0 0 0 0 0 0 0 0 0 0 0
"29" 29 0.884615384615 53 25 2 1 0 0 0 0 0 0 0 0 0 0 0 0 0 0 0 0
"30" 30 0.166666666667 76 2 1 1 1 0 0 0 0 0 0 0 0 0 0 0 0 0 0 0
"31" 31 0.535864978903 79 1 1 0 0 0 0 0 0 0 0 0 0 0 0 0 0 0 0 0
"32" 32 0.191387559809 49 24 6 1 1 0 0 0 0 0 0 0 0 0 0 0 0 0 0 0
"33" 33 0.192052980132 72 9 1 1 0 0 0 0 0 0 0 0 0 0 0 0 0 0 0 0
"34" 34 0.0366972477064 66 11 4 1 1 0 0 0 0 0 0 0 0 0 0 0 0 0 0 0
"35" 35 0.00512820512821 83 0 0 0 0 0 0 0 0 0 0 0 0 0 0 0 0 0 0 0
"36" 36 0.182389937107 83 0 0 0 0 0 0 0 0 0 0 0 0 0 0 0 0 0 0 0
"37" 37 0.092050209205 82 1 0 0 0 0 0 0 0 0 0 0 0 0 0 0 0 0 0 0
"38" 38 0.0443037974684 54 29 0 0 0 0 0 0 0 0 0 0 0 0 0 0 0 0 0 0
"39" 39 0.303571428571 79 4 0 0 0 0 0 0 0 0 0 0 0 0 0 0 0 0 0 0
"40" 40 0.0304568527919 80 2 1 0 0 0 0 0 0 0 0 0 0 0 0 0 0 0 0 0
"41" 41 0.0 80 3 0 0 0 0 0 0 0 0 0 0 0 0 0 0 0 0 0 0
"42" 42 0.00574712643678 71 5 5 2 0 0 0 0 0 0 0 0 0 0 0 0 0 0 0 0
"43" 43 0.0178571428571 83 0 0 0 0 0 0 0 0 0 0 0 0 0 0 0 0 0 0 0
"44" 44 0.0267857142857 82 1 0 0 0 0 0 0 0 0 0 0 0 0 0 0 0 0 0 0
"45" 45 0.0 80 3 0 0 0 0 0 0 0 0 0 0 0 0 0 0 0 0 0 0
"46" 46 0.0172413793103 52 17 11 2 1 0 0 0 0 0 0 0 0 0 0 0 0 0 0 0
"47" 47 0.306569343066 79 3 1 0 0 0 0 0 0 0 0 0 0 0 0 0 0 0 0 0
"48" 48 0.00995024875622 69 7 6 1 0 0 0 0 0 0 0 0 0 0 0 0 0 0 0 0
"49" 49 0.206751054852 69 13 1 0 0 0 0 0 0 0 0 0 0 0 0 0 0 0 0 0
"50" 50 0.522321428571 82 1 0 0 0 0 0 0 0 0 0 0 0 0 0 0 0 0 0 0
"51" 51 0.493670886076 45 29 3 2 2 1 1 0 0 0 0 0 0 0 0 0 0 0 0 0
"52" 52 0.810126582278 53 20 6 2 1 1 0 0 0 0 0 0 0 0 0 0 0 0 0 0
"53" 53 0.358208955224 19 18 14 10 10 6 2 1 1 1 0 0 0 0 0 0 0 0 0 0
"54" 54 0.0402298850575 52 25 4 1 1 0 0 0 0 0 0 0 0 0 0 0 0 0 0 0
"55" 55 0.721518987342 30 20 14 9 4 2 2 1 1 0 0 0 0 0 0 0 0 0 0 0
"56" 56 0.205357142857 74 4 2 1 1 1 0 0 0 0 0 0 0 0 0 0 0 0 0 0
"57" 57 0.0 42 41 0 0 0 0 0 0 0 0 0 0 0 0 0 0 0 0 0 0
"58" 58 0.0 44 30 3 3 2 1 0 0 0 0 0 0 0 0 0 0 0 0 0 0
"59" 59 0.0077519379845 50 29 2 2 0 0 0 0 0 0 0 0 0 0 0 0 0 0 0 0
"60" 60 0.0114942528736 71 5 4 2 1 0 0 0 0 0 0 0 0 0 0 0 0 0 0 0
"61" 61 0.0198675496689 73 10 1 0 0 0 0 0 0 0 0 0 0 0 0 0 0 0 0 0
"62" 62 0.126582278481 35 22 16 4 4 3 0 0 0 0 0 0 0 0 0 0 0 0 0 0
"63" 63 0.0288461538462 83 1 0 0 0 0 0 0 0 0 0 0 0 0 0 0 0 0 0 0
"64" 64 0.138364779874 58 14 2 2 2 2 2 1 1 0 0 0 0 0 0 0 0 0 0 0
"65" 65 0.348837209302 24 20 11 8 7 6 3 1 1 1 1 1 0 0 0 0 0 0 0 0
"66" 66 0.412556053812 41 17 12 5 3 2 1 1 1 1 0 0 0 0 0 0 0 0 0 0
"67" 67 0.0253164556962 41 24 15 2 1 1 0 0 0 0 0 0 0 0 0 0 0 0 0 0
"68" 68 0.210762331839 62 7 5 3 3 2 1 1 0 0 0 0 0 0 0 0 0 0 0 0
"69" 69 0.53125 61 21 1 1 0 0 0 0 0 0 0 0 0 0 0 0 0 0 0 0
"70" 70 0.0406976744186 55 13 8 4 1 1 1 1 0 0 0 0 0 0 0 0 0 0 0 0
"71" 71 0.0 53 29 2 0 0 0 0 0 0 0 0 0 0 0 0 0 0 0 0 0
"72" 72 0.171532846715 82 2 0 0 0 0 0 0 0 0 0 0 0 0 0 0 0 0 0 0
"73" 73 0.372093023256 73 3 3 3 1 1 0 0 0 0 0 0 0 0 0 0 0 0 0 0
"74" 74 0.0 77 6 1 0 0 0 0 0 0 0 0 0 0 0 0 0 0 0 0 0
"75" 75 0.0 68 12 1 1 1 1 0 0 0 0 0 0 0 0 0 0 0 0 0 0
"76" 76 0.062015503876 81 2 1 0 0 0 0 0 0 0 0 0 0 0 0 0 0 0 0 0
"77" 77 0.0550458715596 57 12 10 3 1 1 0 0 0 0 0 0 0 0 0 0 0 0 0 0
"78" 78 0.144230769231 84 0 0 0 0 0 0 0 0 0 0 0 0 0 0 0 0 0 0 0
"79" 79 0.0077519379845 78 2 2 1 1 0 0 0 0 0 0 0 0 0 0 0 0 0 0 0
"80" 80 0.295336787565 84 0 0 0 0 0 0 0 0 0 0 0 0 0 0 0 0 0 0 0
"81" 81 0.211678832117 71 5 3 2 2 1 0 0 0 0 0 0 0 0 0 0 0 0 0 0
"82" 82 0.00961538461538 50 29 4 1 0 0 0 0 0 0 0 0 0 0 0 0 0 0 0 0
"83" 83 0.00507614213198 71 9 3 1 0 0 0 0 0 0 0 0 0 0 0 0 0 0 0 0
"84" 84 0.0 40 39 4 1 0 0 0 0 0 0 0 0 0 0 0 0 0 0 0 0
"85" 85 0.0 67 17 0 0 0 0 0 0 0 0 0 0 0 0 0 0 0 0 0 0
"86" 86 0.308035714286 22 2 2 2 1 1 1 0 0 0 0 0 0 0 0 0 0 0 0 0
"87" 87 0.0114942528736 18 5 2 2 1 1 1 1 0 0 0 0 0 0 0 0 0 0 0 0
"88" 88 0.389937106918 14 5 5 2 1 1 1 1 0 0 0 0 0 0 0 0 0 0 0 0
"89" 89 0.572327044025 7 5 5 5 3 2 1 1 0 0 0 0 0 0 0 0 0 0 0 0
"90" 90 0.511627906977 27 14 10 9 5 4 2 2 2 2 1 1 1 0 0 0 0 0 0 0
"91" 91 0.433035714286 41 15 7 5 5 4 3 1 1 0 0 0 0 0 0 0 0 0 0 0
"92" 92 0.162790697674 33 12 8 7 5 5 3 1 1 1 1 0 0 0 0 0 0 0 0 0
"93" 93 0.584821428571 33 14 12 8 4 3 3 2 1 1 1 1 0 0 0 0 0 0 0 0
"94" 94 0.576642335766 19 10 9 7 5 4 4 4 4 4 3 3 3 2 2 0 0 0 0 0
"95" 95 0.189054726368 43 15 7 4 3 2 1 1 0 0 0 0 0 0 0 0 0 0 0 0
"96" 96 0.163461538462 39 23 8 4 3 2 1 1 1 1 0 0 0 0 0 0 0 0 0 0
"97" 97 0.0754716981132 76 7 1 0 0 0 0 0 0 0 0 0 0 0 0 0 0 0 0 0
"98" 98 0.338308457711 76 6 1 1 0 0 0 0 0 0 0 0 0 0 0 0 0 0 0 0
"99" 99 0.0313901345291 37 11 11 10 6 5 2 1 1 0 0 0 0 0 0 0 0 0 0 0
"100" 100 0.172413793103 75 9 0 0 0 0 0 0 0 0 0 0 0 0 0 0 0 0 0 0
"101" 101 0.0 69 15 0 0 0 0 0 0 0 0 0 0 0 0 0 0 0 0 0 0
"102" 102 0.36496350365 77 5 1 1 0 0 0 0 0 0 0 0 0 0 0 0 0 0 0 0
"103" 103 0.0229885057471 33 30 12 4 4 1 0 0 0 0 0 0 0 0 0 0 0 0 0 0
"104" 104 0.00995024875622 74 5 4 1 0 0 0 0 0 0 0 0 0 0 0 0 0 0 0 0
"105" 105 0.031007751938 45 24 8 3 2 1 1 0 0 0 0 0 0 0 0 0 0 0 0 0
"106" 106 0.215189873418 36 29 10 4 3 1 1 0 0 0 0 0 0 0 0 0 0 0 0 0
"107" 107 0.0 36 30 15 2 1 0 0 0 0 0 0 0 0 0 0 0 0 0 0 0
"108" 108 0.0077519379845 35 35 6 3 2 1 1 1 0 0 0 0 0 0 0 0 0 0 0 0
"109" 109 0.59375 37 23 9 6 3 2 2 1 1 0 0 0 0 0 0 0 0 0 0 0
"110" 110 0.438818565401 30 16 12 8 8 6 1 1 1 1 0 0 0 0 0 0 0 0 0 0
"111" 111 0.0848214285714 76 5 1 1 1 0 0 0 0 0 0 0 0 0 0 0 0 0 0 0
"112" 112 0.645569620253 31 20 8 7 6 4 3 3 2 0 0 0 0 0 0 0 0 0 0 0
"113" 113 0.0344827586207 52 13 11 3 2 1 1 1 0 0 0 0 0 0 0 0 0 0 0 0
"114" 114 0.305699481865 32 19 11 8 8 3 1 1 1 0 0 0 0 0 0 0 0 0 0 0
"115" 115 0.00497512437811 73 8 3 0 0 0 0 0 0 0 0 0 0 0 0 0 0 0 0 0
"116" 116 0.0 54 24 4 1 1 0 0 0 0 0 0 0 0 0 0 0 0 0 0 0
"117" 117 0.00497512437811 56 18 6 3 1 0 0 0 0 0 0 0 0 0 0 0 0 0 0 0
"118" 118 0.0348258706468 57 13 9 2 1 1 1 0 0 0 0 0 0 0 0 0 0 0 0 0
"119" 119 0.125 84 0 0 0 0 0 0 0 0 0 0 0 0 0 0 0 0 0 0 0
"120" 120 0.206751054852 84 0 0 0 0 0 0 0 0 0 0 0 0 0 0 0 0 0 0 0
"121" 121 0.219730941704 84 0 0 0 0 0 0 0 0 0 0 0 0 0 0 0 0 0 0 0
"122" 122 0.100775193798 73 11 0 0 0 0 0 0 0 0 0 0 0 0 0 0 0 0 0 0
"123" 123 0.243654822335 84 0 0 0 0 0 0 0 0 0 0 0 0 0 0 0 0 0 0 0
"124" 124 0.39896373057 84 0 0 0 0 0 0 0 0 0 0 0 0 0 0 0 0 0 0 0
"125" 125 0.316062176166 63 10 7 3 1 0 0 0 0 0 0 0 0 0 0 0 0 0 0 0
"126" 126 0.497409326425 84 0 0 0 0 0 0 0 0 0 0 0 0 0 0 0 0 0 0 0
"127" 127 0.272151898734 24 19 19 15 4 1 1 1 0 0 0 0 0 0 0 0 0 0 0 0
"128" 128 0.194871794872 76 4 3 1 0 0 0 0 0 0 0 0 0 0 0 0 0 0 0 0
"129" 129 0.390134529148 76 8 0 0 0 0 0 0 0 0 0 0 0 0 0 0 0 0 0 0
"130" 130 0.197674418605 80 3 1 0 0 0 0 0 0 0 0 0 0 0 0 0 0 0 0 0
"131" 131 0.0288461538462 72 11 1 0 0 0 0 0 0 0 0 0 0 0 0 0 0 0 0 0
"132" 132 0.215246636771 82 1 1 0 0 0 0 0 0 0 0 0 0 0 0 0 0 0 0 0
"133" 133 0.275229357798 78 2 2 1 1 0 0 0 0 0 0 0 0 0 0 0 0 0 0 0
"134" 134 0.0 63 14 4 3 0 0 0 0 0 0 0 0 0 0 0 0 0 0 0 0
"135" 135 0.0 75 6 3 0 0 0 0 0 0 0 0 0 0 0 0 0 0 0 0 0
"136" 136 0.423076923077 58 23 2 1 0 0 0 0 0 0 0 0 0 0 0 0 0 0 0 0
"137" 137 0.330543933054 71 5 3 3 1 1 0 0 0 0 0 0 0 0 0 0 0 0 0 0
"138" 138 0.109452736318 62 9 7 5 1 0 0 0 0 0 0 0 0 0 0 0 0 0 0 0
"139" 139 0.772020725389 39 28 11 4 1 1 0 0 0 0 0 0 0 0 0 0 0 0 0 0
"140" 140 0.170212765957 64 6 3 2 2 2 1 1 1 1 1 0 0 0 0 0 0 0 0 0
"141" 141 0.301886792453 57 12 9 6 0 0 0 0 0 0 0 0 0 0 0 0 0 0 0 0
"142" 142 0.367713004484 83 1 0 0 0 0 0 0 0 0 0 0 0 0 0 0 0 0 0 0
"143" 143 0.0 48 36 0 0 0 0 0 0 0 0 0 0 0 0 0 0 0 0 0 0
"144" 144 0.0348837209302 80 1 1 1 1 0 0 0 0 0 0 0 0 0 0 0 0 0 0 0
"145" 145 0.192468619247 73 6 2 2 1 0 0 0 0 0 0 0 0 0 0 0 0 0 0 0
"146" 146 0.0 79 3 1 1 0 0 0 0 0 0 0 0 0 0 0 0 0 0 0 0
"147" 147 0.0860927152318 77 2 2 2 1 0 0 0 0 0 0 0 0 0 0 0 0 0 0 0
"148" 148 0.367713004484 52 19 4 4 3 1 1 0 0 0 0 0 0 0 0 0 0 0 0 0
"149" 149 0.0229885057471 55 17 12 0 0 0 0 0 0 0 0 0 0 0 0 0 0 0 0 0
"150" 150 0.226744186047 33 12 11 8 7 4 4 2 1 1 1 0 0 0 0 0 0 0 0 0
"151" 151 0.114427860697 26 21 19 6 5 2 2 1 1 0 0 0 0 0 0 0 0 0 0 0
"152" 152 0.433035714286 24 23 14 6 5 4 4 2 1 1 0 0 0 0 0 0 0 0 0 0
"153" 153 0.625 37 22 7 6 5 3 2 1 1 0 0 0 0 0 0 0 0 0 0 0
"154" 154 0.528497409326 34 30 8 4 3 2 2 1 0 0 0 0 0 0 0 0 0 0 0 0
"155" 155 0.244725738397 43 7 7 5 5 5 3 2 2 2 1 1 1 0 0 0 0 0 0 0
"156" 156 0.0 28 24 22 6 2 2 0 0 0 0 0 0 0 0 0 0 0 0 0 0
"157" 157 0.35864978903 28 21 8 6 5 4 4 3 2 1 1 1 0 0 0 0 0 0 0 0
"158" 158 0.0 80 3 1 0 0 0 0 0 0 0 0 0 0 0 0 0 0 0 0 0
"159" 159 0.290178571429 62 7 7 4 2 1 1 0 0 0 0 0 0 0 0 0 0 0 0 0
"160" 160 0.131386861314 83 1 0 0 0 0 0 0 0 0 0 0 0 0 0 0 0 0 0 0
"161" 161 0.254464285714 84 0 0 0 0 0 0 0 0 0 0 0 0 0 0 0 0 0 0 0
"162" 162 0.319796954315 47 36 1 0 0 0 0 0 0 0 0 0 0 0 0 0 0 0 0 0
"163" 163 0.943005181347 84 0 0 0 0 0 0 0 0 0 0 0 0 0 0 0 0 0 0 0
"164" 164 0.817307692308 81 2 1 0 0 0 0 0 0 0 0 0 0 0 0 0 0 0 0 0
"165" 165 0.326923076923 84 0 0 0 0 0 0 0 0 0 0 0 0 0 0 0 0 0 0 0
"166" 166 0.437810945274 72 4 3 2 1 1 1 0 0 0 0 0 0 0 0 0 0 0 0 0
"167" 167 0.321428571429 50 30 1 1 1 1 0 0 0 0 0 0 0 0 0 0 0 0 0 0
"168" 168 0.459302325581 71 6 2 1 1 1 1 1 0 0 0 0 0 0 0 0 0 0 0 0
"169" 169 0.28855721393 40 27 17 0 0 0 0 0 0 0 0 0 0 0 0 0 0 0 0 0
"170" 170 0.64598540146 22 18 13 9 8 4 4 3 1 1 1 0 0 0 0 0 0 0 0 0
"171" 171 0.0796019900498 52 13 5 5 3 3 2 1 0 0 0 0 0 0 0 0 0 0 0 0
"172" 172 0.582278481013 36 10 9 8 7 6 3 2 2 1 0 0 0 0 0 0 0 0 0 0
"173" 173 0.174129353234 68 8 3 2 1 1 1 0 0 0 0 0 0 0 0 0 0 0 0 0
"174" 174 0.276729559748 84 0 0 0 0 0 0 0 0 0 0 0 0 0 0 0 0 0 0 0
"175" 175 0.0 69 5 3 2 2 2 1 0 0 0 0 0 0 0 0 0 0 0 0 0
"176" 176 0.0 57 27 0 0 0 0 0 0 0 0 0 0 0 0 0 0 0 0 0 0
"177" 177 0.0 60 18 6 0 0 0 0 0 0 0 0 0 0 0 0 0 0 0 0 0
"178" 178 0.00581395348837 70 14 0 0 0 0 0 0 0 0 0 0 0 0 0 0 0 0 0 0
"179" 179 0.0 46 28 6 2 2 0 0 0 0 0 0 0 0 0 0 0 0 0 0 0
"180" 180 0.0777202072539 84 0 0 0 0 0 0 0 0 0 0 0 0 0 0 0 0 0 0 0
"181" 181 0.492537313433 84 0 0 0 0 0 0 0 0 0 0 0 0 0 0 0 0 0 0 0
"182" 182 0.664233576642 84 0 0 0 0 0 0 0 0 0 0 0 0 0 0 0 0 0 0 0
"183" 183 0.0597014925373 83 1 0 0 0 0 0 0 0 0 0 0 0 0 0 0 0 0 0 0
"184" 184 0.0871794871795 83 1 0 0 0 0 0 0 0 0 0 0 0 0 0 0 0 0 0 0
"185" 185 0.741071428571 73 5 4 1 1 0 0 0 0 0 0 0 0 0 0 0 0 0 0 0
"186" 186 0.201257861635 84 0 0 0 0 0 0 0 0 0 0 0 0 0 0 0 0 0 0 0
"187" 187 0.273722627737 84 0 0 0 0 0 0 0 0 0 0 0 0 0 0 0 0 0 0 0
"188" 188 0.817490494297 79 5 0 0 0 0 0 0 0 0 0 0 0 0 0 0 0 0 0 0
"189" 189 0.232558139535 73 10 1 0 0 0 0 0 0 0 0 0 0 0 0 0 0 0 0 0
"190" 190 0.424418604651 43 35 5 1 0 0 0 0 0 0 0 0 0 0 0 0 0 0 0 0
"191" 191 0.666666666667 84 0 0 0 0 0 0 0 0 0 0 0 0 0 0 0 0 0 0 0
"192" 192 0.440251572327 83 1 0 0 0 0 0 0 0 0 0 0 0 0 0 0 0 0 0 0
"193" 193 0.333333333333 83 1 0 0 0 0 0 0 0 0 0 0 0 0 0 0 0 0 0 0
"194" 194 0.375634517766 83 1 0 0 0 0 0 0 0 0 0 0 0 0 0 0 0 0 0 0
"195" 195 0.467889908257 83 1 0 0 0 0 0 0 0 0 0 0 0 0 0 0 0 0 0 0
"196" 196 0.556962025316 81 1 1 0 0 0 0 0 0 0 0 0 0 0 0 0 0 0 0 0
"197" 197 0.015503875969 82 1 0 0 0 0 0 0 0 0 0 0 0 0 0 0 0 0 0 0
"198" 198 0.518987341772 79 4 0 0 0 0 0 0 0 0 0 0 0 0 0 0 0 0 0 0
"199" 199 0.696202531646 73 6 4 0 0 0 0 0 0 0 0 0 0 0 0 0 0 0 0 0
"200" 200 0.274261603376 81 1 1 0 0 0 0 0 0 0 0 0 0 0 0 0 0 0 0 0
"201" 201 0.620253164557 58 13 3 3 3 2 1 0 0 0 0 0 0 0 0 0 0 0 0 0
"202" 202 0.0456852791878 39 39 2 2 1 0 0 0 0 0 0 0 0 0 0 0 0 0 0 0
"203" 203 0.379464285714 32 26 11 9 2 1 1 1 0 0 0 0 0 0 0 0 0 0 0 0
"204" 204 0.367816091954 25 19 16 11 3 3 2 2 1 1 0 0 0 0 0 0 0 0 0 0
"205" 205 0.0964467005076 27 18 17 6 6 3 2 1 1 1 1 0 0 0 0 0 0 0 0 0
"206" 206 0.464135021097 33 22 13 11 1 1 1 1 0 0 0 0 0 0 0 0 0 0 0 0
"207" 207 0.0817610062893 51 18 9 3 2 0 0 0 0 0 0 0 0 0 0 0 0 0 0 0
"208" 208 0.528846153846 29 19 11 9 6 5 2 1 1 0 0 0 0 0 0 0 0 0 0 0
"209" 209 0.580310880829 63 5 5 4 2 2 1 0 0 0 0 0 0 0 0 0 0 0 0 0
"210" 210 0.134328358209 58 12 11 2 0 0 0 0 0 0 0 0 0 0 0 0 0 0 0 0
"211" 211 0.653846153846 77 2 1 1 1 1 0 0 0 0 0 0 0 0 0 0 0 0 0 0
"212" 212 0.051724137931 71 6 4 1 1 0 0 0 0 0 0 0 0 0 0 0 0 0 0 0
"213" 213 0.549222797927 67 7 3 2 1 1 1 0 0 0 0 0 0 0 0 0 0 0 0 0
"214" 214 0.199004975124 26 20 18 9 2 2 2 1 1 1 0 0 0 0 0 0 0 0 0 0
"215" 215 0.453488372093 25 24 18 7 3 2 2 1 1 0 0 0 0 0 0 0 0 0 0 0
"216" 216 0.284768211921 55 17 2 2 2 2 1 1 1 0 0 0 0 0 0 0 0 0 0 0
"217" 217 0.818565400844 59 8 4 4 4 2 1 1 0 0 0 0 0 0 0 0 0 0 0 0
"218" 218 0.731343283582 51 14 11 4 2 1 0 0 0 0 0 0 0 0 0 0 0 0 0 0
"219" 219 0.708609271523 31 24 12 5 5 2 2 2 0 0 0 0 0 0 0 0 0 0 0 0
"220" 220 0.632183908046 33 27 17 3 2 1 0 0 0 0 0 0 0 0 0 0 0 0 0 0
"221" 221 0.781725888325 46 18 16 1 1 1 0 0 0 0 0 0 0 0 0 0 0 0 0 0
"222" 222 0.291390728477 48 20 6 6 1 1 1 0 0 0 0 0 0 0 0 0 0 0 0 0
"223" 223 0.235632183908 73 9 1 0 0 0 0 0 0 0 0 0 0 0 0 0 0 0 0 0
"224" 224 0.504464285714 34 18 16 7 3 2 1 1 1 0 0 0 0 0 0 0 0 0 0 0
"225" 225 0.580310880829 57 16 5 5 0 0 0 0 0 0 0 0 0 0 0 0 0 0 0 0
"226" 226 0.666666666667 83 0 0 0 0 0 0 0 0 0 0 0 0 0 0 0 0 0 0 0
"227" 227 0.823899371069 58 17 3 2 2 1 0 0 0 0 0 0 0 0 0 0 0 0 0 0
"228" 228 0.85201793722 26 14 12 6 6 6 5 5 3 0 0 0 0 0 0 0 0 0 0 0
"229" 229 0.875912408759 83 0 0 0 0 0 0 0 0 0 0 0 0 0 0 0 0 0 0 0
"230" 230 0.755813953488 22 21 19 8 4 3 2 1 1 1 1 0 0 0 0 0 0 0 0 0
"231" 231 0.744186046512 63 15 2 2 1 0 0 0 0 0 0 0 0 0 0 0 0 0 0 0
"232" 232 0.759615384615 83 0 0 0 0 0 0 0 0 0 0 0 0 0 0 0 0 0 0 0
"233" 233 0.701149425287 38 30 5 4 2 2 1 1 0 0 0 0 0 0 0 0 0 0 0 0
"234" 234 0.835443037975 60 10 5 3 2 1 1 1 0 0 0 0 0 0 0 0 0 0 0 0
"235" 235 0.258620689655 81 2 0 0 0 0 0 0 0 0 0 0 0 0 0 0 0 0 0 0
"236" 236 0.611607142857 32 20 10 9 6 5 1 0 0 0 0 0 0 0 0 0 0 0 0 0
"237" 237 0.383720930233 36 28 10 9 0 0 0 0 0 0 0 0 0 0 0 0 0 0 0 0
"238" 238 0.656976744186 69 8 5 1 0 0 0 0 0 0 0 0 0 0 0 0 0 0 0 0
"239" 239 0.696428571429 33 31 14 2 1 1 1 0 0 0 0 0 0 0 0 0 0 0 0 0
"240" 240 0.259067357513 48 10 9 7 7 1 1 0 0 0 0 0 0 0 0 0 0 0 0 0
"241" 241 0.398009950249 81 1 1 0 0 0 0 0 0 0 0 0 0 0 0 0 0 0 0 0
"242" 242 0.333333333333 63 14 4 1 1 0 0 0 0 0 0 0 0 0 0 0 0 0 0 0
"243" 243 0.317829457364 21 21 16 10 6 3 2 2 1 1 0 0 0 0 0 0 0 0 0 0
"244" 244 0.303797468354 79 2 1 1 0 0 0 0 0 0 0 0 0 0 0 0 0 0 0 0
"245" 245 0.298507462687 82 1 0 0 0 0 0 0 0 0 0 0 0 0 0 0 0 0 0 0
"246" 246 0.518987341772 73 8 1 1 0 0 0 0 0 0 0 0 0 0 0 0 0 0 0 0
"247" 247 0.651785714286 36 24 6 3 3 1 1 1 0 0 0 0 0 0 0 0 0 0 0 0
"248" 248 0.51269035533 30 13 4 4 3 2 2 2 1 1 1 1 1 0 0 0 0 0 0 0
"249" 249 0.5 33 30 2 0 0 0 0 0 0 0 0 0 0 0 0 0 0 0 0 0
"250" 250 0.660583941606 25 12 6 4 2 2 1 1 1 0 0 0 0 0 0 0 0 0 0 0
"251" 251 0.664974619289 35 15 4 0 0 0 0 0 0 0 0 0 0 0 0 0 0 0 0 0
