"site" "RSA" "aa1" "aa2" "aa3" "aa4" "aa5" "aa6" "aa7" "aa8" "aa9" "aa10" "aa11" "aa12" "aa13" "aa14" "aa15" "aa16" "aa17" "aa18" "aa19" "aa20"
"0" 0 0.155963302752 25 4 2 2 0 0 0 0 0 0 0 0 0 0 0 0 0 0 0 0
"1" 1 0.264248704663 32 1 0 0 0 0 0 0 0 0 0 0 0 0 0 0 0 0 0 0
"2" 2 0.0 21 12 0 0 0 0 0 0 0 0 0 0 0 0 0 0 0 0 0 0
"3" 3 0.190114068441 33 0 0 0 0 0 0 0 0 0 0 0 0 0 0 0 0 0 0 0
"4" 4 0.0722433460076 29 2 1 1 0 0 0 0 0 0 0 0 0 0 0 0 0 0 0 0
"5" 5 0.169154228856 15 4 3 3 2 2 2 1 1 0 0 0 0 0 0 0 0 0 0 0
"6" 6 0.251572327044 29 2 1 1 0 0 0 0 0 0 0 0 0 0 0 0 0 0 0 0
"7" 7 0.0576923076923 20 3 3 2 2 1 1 1 0 0 0 0 0 0 0 0 0 0 0 0
"8" 8 0.152317880795 30 1 1 1 0 0 0 0 0 0 0 0 0 0 0 0 0 0 0 0
"9" 9 0.015503875969 20 7 4 2 0 0 0 0 0 0 0 0 0 0 0 0 0 0 0 0
"10" 10 0.182389937107 24 4 3 1 1 0 0 0 0 0 0 0 0 0 0 0 0 0 0 0
"11" 11 0.0 27 4 1 1 0 0 0 0 0 0 0 0 0 0 0 0 0 0 0 0
"12" 12 0.0036496350365 32 1 0 0 0 0 0 0 0 0 0 0 0 0 0 0 0 0 0 0
"13" 13 0.0077519379845 14 13 4 1 1 0 0 0 0 0 0 0 0 0 0 0 0 0 0 0
"14" 14 0.0 29 4 0 0 0 0 0 0 0 0 0 0 0 0 0 0 0 0 0 0
"15" 15 0.0582959641256 16 6 5 4 2 0 0 0 0 0 0 0 0 0 0 0 0 0 0 0
"16" 16 0.0 25 8 0 0 0 0 0 0 0 0 0 0 0 0 0 0 0 0 0 0
"17" 17 0.0 19 6 5 3 0 0 0 0 0 0 0 0 0 0 0 0 0 0 0 0
"18" 18 0.0232558139535 29 4 0 0 0 0 0 0 0 0 0 0 0 0 0 0 0 0 0 0
"19" 19 0.286821705426 24 6 3 0 0 0 0 0 0 0 0 0 0 0 0 0 0 0 0 0
"20" 20 0.100775193798 32 1 0 0 0 0 0 0 0 0 0 0 0 0 0 0 0 0 0 0
"21" 21 0.0114942528736 18 12 3 0 0 0 0 0 0 0 0 0 0 0 0 0 0 0 0 0
"22" 22 0.644230769231 28 2 2 1 0 0 0 0 0 0 0 0 0 0 0 0 0 0 0 0
"23" 23 0.137931034483 21 6 6 0 0 0 0 0 0 0 0 0 0 0 0 0 0 0 0 0
"24" 24 0.776785714286 19 7 2 2 2 1 0 0 0 0 0 0 0 0 0 0 0 0 0 0
"25" 25 0.139303482587 26 7 0 0 0 0 0 0 0 0 0 0 0 0 0 0 0 0 0 0
"26" 26 0.405128205128 30 2 1 0 0 0 0 0 0 0 0 0 0 0 0 0 0 0 0 0
"27" 27 0.383084577114 15 12 2 1 1 1 1 0 0 0 0 0 0 0 0 0 0 0 0 0
"28" 28 0.405063291139 28 2 1 1 1 1 0 0 0 0 0 0 0 0 0 0 0 0 0 0
"29" 29 0.402985074627 16 8 5 2 1 1 1 0 0 0 0 0 0 0 0 0 0 0 0 0
"30" 30 0.0348837209302 15 7 7 5 0 0 0 0 0 0 0 0 0 0 0 0 0 0 0 0
"31" 31 0.348717948718 26 5 2 1 0 0 0 0 0 0 0 0 0 0 0 0 0 0 0 0
"32" 32 0.452736318408 18 10 2 1 1 1 1 0 0 0 0 0 0 0 0 0 0 0 0 0
"33" 33 0.52752293578 15 5 4 4 2 1 1 1 1 0 0 0 0 0 0 0 0 0 0 0
"34" 34 0.837209302326 13 11 3 1 1 1 1 1 1 1 0 0 0 0 0 0 0 0 0 0
"35" 35 0.163461538462 30 1 1 1 1 0 0 0 0 0 0 0 0 0 0 0 0 0 0 0
"36" 36 0.241071428571 28 5 1 0 0 0 0 0 0 0 0 0 0 0 0 0 0 0 0 0
"37" 37 0.167464114833 18 14 1 1 0 0 0 0 0 0 0 0 0 0 0 0 0 0 0 0
"38" 38 0.509174311927 25 6 1 1 1 0 0 0 0 0 0 0 0 0 0 0 0 0 0 0
"39" 39 0.367088607595 24 6 2 1 1 0 0 0 0 0 0 0 0 0 0 0 0 0 0 0
"40" 40 0.553459119497 34 0 0 0 0 0 0 0 0 0 0 0 0 0 0 0 0 0 0 0
"41" 41 0.482142857143 31 2 1 0 0 0 0 0 0 0 0 0 0 0 0 0 0 0 0 0
"42" 42 0.0418410041841 30 4 0 0 0 0 0 0 0 0 0 0 0 0 0 0 0 0 0 0
"43" 43 0.298507462687 17 11 5 1 0 0 0 0 0 0 0 0 0 0 0 0 0 0 0 0
"44" 44 0.738396624473 32 2 1 0 0 0 0 0 0 0 0 0 0 0 0 0 0 0 0 0
"45" 45 0.26368159204 23 10 2 0 0 0 0 0 0 0 0 0 0 0 0 0 0 0 0 0
"46" 46 0.0 35 0 0 0 0 0 0 0 0 0 0 0 0 0 0 0 0 0 0 0
"47" 47 0.572327044025 34 1 0 0 0 0 0 0 0 0 0 0 0 0 0 0 0 0 0 0
"48" 48 0.506726457399 35 0 0 0 0 0 0 0 0 0 0 0 0 0 0 0 0 0 0 0
"49" 49 0.301435406699 35 0 0 0 0 0 0 0 0 0 0 0 0 0 0 0 0 0 0 0
"50" 50 0.215189873418 25 7 2 1 0 0 0 0 0 0 0 0 0 0 0 0 0 0 0 0
"51" 51 0.187817258883 25 10 0 0 0 0 0 0 0 0 0 0 0 0 0 0 0 0 0 0
"52" 52 0.0062893081761 35 0 0 0 0 0 0 0 0 0 0 0 0 0 0 0 0 0 0 0
"53" 53 0.0 35 0 0 0 0 0 0 0 0 0 0 0 0 0 0 0 0 0 0 0
"54" 54 0.00995024875622 31 3 1 0 0 0 0 0 0 0 0 0 0 0 0 0 0 0 0 0
"55" 55 0.103448275862 31 2 1 1 0 0 0 0 0 0 0 0 0 0 0 0 0 0 0 0
"56" 56 0.020725388601 35 0 0 0 0 0 0 0 0 0 0 0 0 0 0 0 0 0 0 0
"57" 57 0.602678571429 22 5 4 2 1 1 0 0 0 0 0 0 0 0 0 0 0 0 0 0
"58" 58 0.658031088083 26 9 0 0 0 0 0 0 0 0 0 0 0 0 0 0 0 0 0 0
"59" 59 0.403846153846 2 0 0 0 0 0 0 0 0 0 0 0 0 0 0 0 0 0 0 0
"60" 60 0.414225941423 34 1 0 0 0 0 0 0 0 0 0 0 0 0 0 0 0 0 0 0
"61" 61 0.183908045977 12 9 7 3 1 1 1 1 0 0 0 0 0 0 0 0 0 0 0 0
"62" 62 0.144278606965 19 12 3 1 0 0 0 0 0 0 0 0 0 0 0 0 0 0 0 0
"63" 63 0.223404255319 32 1 1 1 0 0 0 0 0 0 0 0 0 0 0 0 0 0 0 0
"64" 64 0.299107142857 35 0 0 0 0 0 0 0 0 0 0 0 0 0 0 0 0 0 0 0
"65" 65 0.0132450331126 33 1 1 0 0 0 0 0 0 0 0 0 0 0 0 0 0 0 0 0
"66" 66 0.0802919708029 35 0 0 0 0 0 0 0 0 0 0 0 0 0 0 0 0 0 0 0
"67" 67 0.317829457364 35 0 0 0 0 0 0 0 0 0 0 0 0 0 0 0 0 0 0 0
"68" 68 0.0 35 0 0 0 0 0 0 0 0 0 0 0 0 0 0 0 0 0 0 0
"69" 69 0.0 13 10 5 3 1 1 1 1 0 0 0 0 0 0 0 0 0 0 0 0
"70" 70 0.167512690355 14 11 6 1 1 1 1 0 0 0 0 0 0 0 0 0 0 0 0 0
"71" 71 0.148288973384 35 0 0 0 0 0 0 0 0 0 0 0 0 0 0 0 0 0 0 0
"72" 72 0.0 35 0 0 0 0 0 0 0 0 0 0 0 0 0 0 0 0 0 0 0
"73" 73 0.00574712643678 28 5 1 1 0 0 0 0 0 0 0 0 0 0 0 0 0 0 0 0
"74" 74 0.491071428571 26 5 3 1 0 0 0 0 0 0 0 0 0 0 0 0 0 0 0 0
"75" 75 0.405063291139 27 6 1 1 0 0 0 0 0 0 0 0 0 0 0 0 0 0 0 0
"76" 76 0.140684410646 35 0 0 0 0 0 0 0 0 0 0 0 0 0 0 0 0 0 0 0
"77" 77 0.0 31 4 0 0 0 0 0 0 0 0 0 0 0 0 0 0 0 0 0 0
"78" 78 0.395348837209 2 0 0 0 0 0 0 0 0 0 0 0 0 0 0 0 0 0 0 0
"79" 79 0.703349282297 2 0 0 0 0 0 0 0 0 0 0 0 0 0 0 0 0 0 0 0
"80" 80 0.331606217617 29 2 2 2 0 0 0 0 0 0 0 0 0 0 0 0 0 0 0 0
"81" 81 0.558139534884 2 2 1 1 0 0 0 0 0 0 0 0 0 0 0 0 0 0 0 0
"82" 82 0.59585492228 23 6 2 1 1 1 0 0 0 0 0 0 0 0 0 0 0 0 0 0
"83" 83 0.114427860697 2 1 0 0 0 0 0 0 0 0 0 0 0 0 0 0 0 0 0 0
"84" 84 0.139534883721 2 1 0 0 0 0 0 0 0 0 0 0 0 0 0 0 0 0 0 0
"85" 85 0.361607142857 29 3 2 1 0 0 0 0 0 0 0 0 0 0 0 0 0 0 0 0
"86" 86 0.346715328467 19 4 3 2 2 1 1 0 0 0 0 0 0 0 0 0 0 0 0 0
"87" 87 0.0696517412935 35 0 0 0 0 0 0 0 0 0 0 0 0 0 0 0 0 0 0 0
"88" 88 0.0570342205323 30 5 0 0 0 0 0 0 0 0 0 0 0 0 0 0 0 0 0 0
"89" 89 0.11320754717 34 1 0 0 0 0 0 0 0 0 0 0 0 0 0 0 0 0 0 0
"90" 90 0.476821192053 23 6 2 1 1 1 1 0 0 0 0 0 0 0 0 0 0 0 0 0
"91" 91 0.341968911917 29 4 1 1 0 0 0 0 0 0 0 0 0 0 0 0 0 0 0 0
"92" 92 0.641509433962 30 3 1 1 0 0 0 0 0 0 0 0 0 0 0 0 0 0 0 0
"93" 93 0.722627737226 18 15 2 0 0 0 0 0 0 0 0 0 0 0 0 0 0 0 0 0
"94" 94 0.591240875912 20 6 4 2 1 1 1 0 0 0 0 0 0 0 0 0 0 0 0 0
"95" 95 0.189781021898 25 6 4 0 0 0 0 0 0 0 0 0 0 0 0 0 0 0 0 0
"96" 96 0.395348837209 35 0 0 0 0 0 0 0 0 0 0 0 0 0 0 0 0 0 0 0
"97" 97 0.258620689655 18 15 2 0 0 0 0 0 0 0 0 0 0 0 0 0 0 0 0 0
"98" 98 0.0114942528736 19 16 0 0 0 0 0 0 0 0 0 0 0 0 0 0 0 0 0 0
"99" 99 0.267942583732 27 6 2 0 0 0 0 0 0 0 0 0 0 0 0 0 0 0 0 0
"100" 100 0.515695067265 34 1 0 0 0 0 0 0 0 0 0 0 0 0 0 0 0 0 0 0
"101" 101 0.0839416058394 35 0 0 0 0 0 0 0 0 0 0 0 0 0 0 0 0 0 0 0
"102" 102 0.0348258706468 35 0 0 0 0 0 0 0 0 0 0 0 0 0 0 0 0 0 0 0
"103" 103 0.623430962343 29 4 2 0 0 0 0 0 0 0 0 0 0 0 0 0 0 0 0 0
"104" 104 0.100418410042 34 1 0 0 0 0 0 0 0 0 0 0 0 0 0 0 0 0 0 0
"105" 105 0.0 35 0 0 0 0 0 0 0 0 0 0 0 0 0 0 0 0 0 0 0
"106" 106 0.281609195402 24 5 3 2 0 0 0 0 0 0 0 0 0 0 0 0 0 0 0 0
"107" 107 0.503875968992 28 3 2 1 1 0 0 0 0 0 0 0 0 0 0 0 0 0 0 0
"108" 108 0.16091954023 28 2 2 1 1 1 0 0 0 0 0 0 0 0 0 0 0 0 0 0
"109" 109 0.0 32 3 0 0 0 0 0 0 0 0 0 0 0 0 0 0 0 0 0 0
"110" 110 0.110266159696 25 3 3 1 1 1 1 0 0 0 0 0 0 0 0 0 0 0 0 0
"111" 111 0.385650224215 14 7 5 3 2 2 2 0 0 0 0 0 0 0 0 0 0 0 0 0
"112" 112 0.222627737226 15 12 5 2 1 0 0 0 0 0 0 0 0 0 0 0 0 0 0 0
"113" 113 0.0 29 3 2 1 0 0 0 0 0 0 0 0 0 0 0 0 0 0 0 0
"114" 114 0.077519379845 19 6 4 3 1 1 1 0 0 0 0 0 0 0 0 0 0 0 0 0
"115" 115 0.303571428571 14 8 5 3 2 1 1 1 0 0 0 0 0 0 0 0 0 0 0 0
"116" 116 0.110266159696 30 4 1 0 0 0 0 0 0 0 0 0 0 0 0 0 0 0 0 0
"117" 117 0.0722433460076 21 8 3 1 1 1 0 0 0 0 0 0 0 0 0 0 0 0 0 0
"118" 118 0.292775665399 30 4 1 0 0 0 0 0 0 0 0 0 0 0 0 0 0 0 0 0
"119" 119 0.345911949686 34 1 0 0 0 0 0 0 0 0 0 0 0 0 0 0 0 0 0 0
"120" 120 0.139013452915 23 5 2 2 1 1 0 0 0 0 0 0 0 0 0 0 0 0 0 0
"121" 121 0.106598984772 16 10 4 3 1 1 0 0 0 0 0 0 0 0 0 0 0 0 0 0
"122" 122 0.276150627615 16 8 4 2 1 1 1 0 0 0 0 0 0 0 0 0 0 0 0 0
"123" 123 0.663461538462 7 6 4 4 3 2 2 1 1 1 1 0 0 0 0 0 0 0 0 0
"124" 124 0.825112107623 2 0 0 0 0 0 0 0 0 0 0 0 0 0 0 0 0 0 0 0
"125" 125 0.518987341772 2 2 0 0 0 0 0 0 0 0 0 0 0 0 0 0 0 0 0 0
"126" 126 0.379310344828 17 10 3 2 2 1 0 0 0 0 0 0 0 0 0 0 0 0 0 0
"127" 127 0.767295597484 12 10 7 2 2 1 0 0 0 0 0 0 0 0 0 0 0 0 0 0
"128" 128 0.649425287356 21 5 3 2 2 1 1 0 0 0 0 0 0 0 0 0 0 0 0 0
"129" 129 0.240384615385 18 10 2 2 1 1 1 0 0 0 0 0 0 0 0 0 0 0 0 0
"130" 130 0.440414507772 22 7 2 2 2 0 0 0 0 0 0 0 0 0 0 0 0 0 0 0
"131" 131 0.509433962264 22 6 4 1 1 1 0 0 0 0 0 0 0 0 0 0 0 0 0 0
"132" 132 0.346153846154 23 6 3 2 1 0 0 0 0 0 0 0 0 0 0 0 0 0 0 0
"133" 133 0.357664233577 11 7 6 5 3 2 1 0 0 0 0 0 0 0 0 0 0 0 0 0
"134" 134 0.1592039801 10 10 8 3 2 1 1 0 0 0 0 0 0 0 0 0 0 0 0 0
"135" 135 0.591240875912 20 3 3 3 2 1 1 1 1 0 0 0 0 0 0 0 0 0 0 0
"136" 136 0.264900662252 32 2 0 0 0 0 0 0 0 0 0 0 0 0 0 0 0 0 0 0
"137" 137 0.0 10 10 5 5 2 1 0 0 0 0 0 0 0 0 0 0 0 0 0 0
"138" 138 0.183035714286 21 5 2 2 1 1 1 0 0 0 0 0 0 0 0 0 0 0 0 0
"139" 139 0.403587443946 8 6 5 5 2 2 2 1 1 1 0 0 0 0 0 0 0 0 0 0
"140" 140 0.0 31 2 1 1 0 0 0 0 0 0 0 0 0 0 0 0 0 0 0 0
"141" 141 0.0 21 12 1 1 0 0 0 0 0 0 0 0 0 0 0 0 0 0 0 0
"142" 142 0.433035714286 14 6 6 4 1 1 1 1 1 0 0 0 0 0 0 0 0 0 0 0
"143" 143 0.330543933054 24 6 2 1 1 1 0 0 0 0 0 0 0 0 0 0 0 0 0 0
"144" 144 0.0 34 1 0 0 0 0 0 0 0 0 0 0 0 0 0 0 0 0 0 0
"145" 145 0.0358974358974 21 9 5 0 0 0 0 0 0 0 0 0 0 0 0 0 0 0 0 0
"146" 146 0.488372093023 23 5 2 1 1 1 1 1 0 0 0 0 0 0 0 0 0 0 0 0
"147" 147 0.234309623431 33 1 1 0 0 0 0 0 0 0 0 0 0 0 0 0 0 0 0 0
"148" 148 0.00497512437811 35 0 0 0 0 0 0 0 0 0 0 0 0 0 0 0 0 0 0 0
"149" 149 0.598214285714 25 4 2 1 1 1 1 0 0 0 0 0 0 0 0 0 0 0 0 0
"150" 150 0.701923076923 26 3 2 2 1 1 0 0 0 0 0 0 0 0 0 0 0 0 0 0
"151" 151 0.388392857143 24 3 3 2 1 1 1 0 0 0 0 0 0 0 0 0 0 0 0 0
"152" 152 0.313901345291 8 8 7 5 3 2 1 1 0 0 0 0 0 0 0 0 0 0 0 0
"153" 153 0.0228136882129 24 10 1 0 0 0 0 0 0 0 0 0 0 0 0 0 0 0 0 0
"154" 154 0.0 26 8 1 0 0 0 0 0 0 0 0 0 0 0 0 0 0 0 0 0
"155" 155 0.124031007752 34 1 0 0 0 0 0 0 0 0 0 0 0 0 0 0 0 0 0 0
"156" 156 0.105769230769 3 1 0 0 0 0 0 0 0 0 0 0 0 0 0 0 0 0 0 0
"157" 157 0.490384615385 35 0 0 0 0 0 0 0 0 0 0 0 0 0 0 0 0 0 0 0
"158" 158 0.668393782383 21 6 3 2 1 1 1 0 0 0 0 0 0 0 0 0 0 0 0 0
"159" 159 0.362694300518 7 6 5 4 4 3 2 1 1 1 0 0 0 0 0 0 0 0 0 0
"160" 160 0.11320754717 27 3 2 1 1 1 0 0 0 0 0 0 0 0 0 0 0 0 0 0
"161" 161 0.0232558139535 30 5 0 0 0 0 0 0 0 0 0 0 0 0 0 0 0 0 0 0
"162" 162 0.0 17 9 9 0 0 0 0 0 0 0 0 0 0 0 0 0 0 0 0 0
"163" 163 0.0 35 0 0 0 0 0 0 0 0 0 0 0 0 0 0 0 0 0 0 0
"164" 164 0.0 35 0 0 0 0 0 0 0 0 0 0 0 0 0 0 0 0 0 0 0
"165" 165 0.00995024875622 18 15 2 0 0 0 0 0 0 0 0 0 0 0 0 0 0 0 0 0
"166" 166 0.00662251655629 17 15 2 1 0 0 0 0 0 0 0 0 0 0 0 0 0 0 0 0
"167" 167 0.0 19 12 2 1 1 0 0 0 0 0 0 0 0 0 0 0 0 0 0 0
"168" 168 0.0 26 7 2 0 0 0 0 0 0 0 0 0 0 0 0 0 0 0 0 0
"169" 169 0.0077519379845 29 4 2 0 0 0 0 0 0 0 0 0 0 0 0 0 0 0 0 0
"170" 170 0.00581395348837 20 13 1 1 0 0 0 0 0 0 0 0 0 0 0 0 0 0 0 0
"171" 171 0.0 24 7 2 1 1 0 0 0 0 0 0 0 0 0 0 0 0 0 0 0
"172" 172 0.0 28 4 3 0 0 0 0 0 0 0 0 0 0 0 0 0 0 0 0 0
"173" 173 0.0 31 2 2 0 0 0 0 0 0 0 0 0 0 0 0 0 0 0 0 0
"174" 174 0.0 23 3 3 2 1 1 1 1 0 0 0 0 0 0 0 0 0 0 0 0
"175" 175 0.433035714286 19 11 2 1 1 1 0 0 0 0 0 0 0 0 0 0 0 0 0 0
"176" 176 0.206896551724 19 8 3 2 1 1 1 0 0 0 0 0 0 0 0 0 0 0 0 0
"177" 177 0.100775193798 13 9 3 3 2 2 1 1 1 0 0 0 0 0 0 0 0 0 0 0
"178" 178 0.586538461538 14 11 3 3 3 1 0 0 0 0 0 0 0 0 0 0 0 0 0 0
"179" 179 0.0950570342205 18 7 6 1 1 1 1 0 0 0 0 0 0 0 0 0 0 0 0 0
"180" 180 0.435233160622 33 2 0 0 0 0 0 0 0 0 0 0 0 0 0 0 0 0 0 0
"181" 181 0.0149253731343 11 10 8 5 1 0 0 0 0 0 0 0 0 0 0 0 0 0 0 0
"182" 182 0.591240875912 21 8 3 1 1 1 0 0 0 0 0 0 0 0 0 0 0 0 0 0
"183" 183 0.474452554745 23 4 3 3 1 1 0 0 0 0 0 0 0 0 0 0 0 0 0 0
"184" 184 0.0494296577947 30 5 0 0 0 0 0 0 0 0 0 0 0 0 0 0 0 0 0 0
"185" 185 0.526785714286 14 6 5 4 4 1 1 0 0 0 0 0 0 0 0 0 0 0 0 0
"186" 186 0.117948717949 32 2 1 0 0 0 0 0 0 0 0 0 0 0 0 0 0 0 0 0
"187" 187 0.0 29 4 1 1 0 0 0 0 0 0 0 0 0 0 0 0 0 0 0 0
"188" 188 0.121076233184 15 4 4 3 3 2 1 1 1 1 0 0 0 0 0 0 0 0 0 0
"189" 189 0.266423357664 16 15 1 1 1 1 0 0 0 0 0 0 0 0 0 0 0 0 0 0
"190" 190 0.0 33 1 1 0 0 0 0 0 0 0 0 0 0 0 0 0 0 0 0 0
"191" 191 0.0684410646388 29 4 2 0 0 0 0 0 0 0 0 0 0 0 0 0 0 0 0 0
"192" 192 0.477678571429 15 12 3 2 1 1 1 0 0 0 0 0 0 0 0 0 0 0 0 0
"193" 193 0.328467153285 15 5 5 3 2 2 1 1 1 0 0 0 0 0 0 0 0 0 0 0
"194" 194 0.0 18 9 3 3 1 1 0 0 0 0 0 0 0 0 0 0 0 0 0 0
"195" 195 0.17880794702 23 9 2 1 0 0 0 0 0 0 0 0 0 0 0 0 0 0 0 0
"196" 196 0.627906976744 17 7 6 3 1 1 0 0 0 0 0 0 0 0 0 0 0 0 0 0
"197" 197 0.416243654822 17 7 6 1 1 1 1 1 0 0 0 0 0 0 0 0 0 0 0 0
"198" 198 0.0689655172414 16 10 6 2 1 0 0 0 0 0 0 0 0 0 0 0 0 0 0 0
"199" 199 0.389937106918 34 1 0 0 0 0 0 0 0 0 0 0 0 0 0 0 0 0 0 0
"200" 200 0.125 34 1 0 0 0 0 0 0 0 0 0 0 0 0 0 0 0 0 0 0
"201" 201 0.077519379845 18 7 3 2 2 0 0 0 0 0 0 0 0 0 0 0 0 0 0 0
"202" 202 0.533678756477 18 12 1 1 0 0 0 0 0 0 0 0 0 0 0 0 0 0 0 0
"203" 203 0.405063291139 21 3 2 2 2 1 1 0 0 0 0 0 0 0 0 0 0 0 0 0
"204" 204 0.00512820512821 29 1 1 1 0 0 0 0 0 0 0 0 0 0 0 0 0 0 0 0
"205" 205 0.287356321839 14 5 3 3 2 1 1 1 1 0 0 0 0 0 0 0 0 0 0 0
"206" 206 0.517857142857 17 8 2 1 1 1 1 0 0 0 0 0 0 0 0 0 0 0 0 0
"207" 207 0.0384615384615 25 2 2 1 0 0 0 0 0 0 0 0 0 0 0 0 0 0 0 0
"208" 208 0.015503875969 10 4 4 3 1 1 0 0 0 0 0 0 0 0 0 0 0 0 0 0
"209" 209 0.561181434599 7 5 3 2 1 1 1 0 0 0 0 0 0 0 0 0 0 0 0 0
"210" 210 0.344827586207 5 4 2 2 2 1 1 0 0 0 0 0 0 0 0 0 0 0 0 0
"211" 211 0.0543933054393 12 2 1 1 0 0 0 0 0 0 0 0 0 0 0 0 0 0 0 0
"212" 212 0.153846153846 7 4 2 0 0 0 0 0 0 0 0 0 0 0 0 0 0 0 0 0
"213" 213 0.5 6 2 1 1 1 1 1 0 0 0 0 0 0 0 0 0 0 0 0 0
"214" 214 0.307984790875 5 4 1 1 0 0 0 0 0 0 0 0 0 0 0 0 0 0 0 0
"215" 215 0.18410041841 8 0 0 0 0 0 0 0 0 0 0 0 0 0 0 0 0 0 0 0
"216" 216 0.96511627907 2 2 0 0 0 0 0 0 0 0 0 0 0 0 0 0 0 0 0 0
