"site" "RSA" "aa1" "aa2" "aa3" "aa4" "aa5" "aa6" "aa7" "aa8" "aa9" "aa10" "aa11" "aa12" "aa13" "aa14" "aa15" "aa16" "aa17" "aa18" "aa19" "aa20"
"0" 0 1.08609271523 4 2 2 1 1 1 0 0 0 0 0 0 0 0 0 0 0 0 0 0
"1" 1 0.669642857143 25 0 0 0 0 0 0 0 0 0 0 0 0 0 0 0 0 0 0 0
"2" 2 0.114427860697 22 4 1 1 0 0 0 0 0 0 0 0 0 0 0 0 0 0 0 0
"3" 3 0.517412935323 12 10 3 1 1 1 0 0 0 0 0 0 0 0 0 0 0 0 0 0
"4" 4 0.5625 21 4 1 1 1 1 0 0 0 0 0 0 0 0 0 0 0 0 0 0
"5" 5 0.575892857143 17 9 1 1 1 0 0 0 0 0 0 0 0 0 0 0 0 0 0 0
"6" 6 0.183856502242 28 1 0 0 0 0 0 0 0 0 0 0 0 0 0 0 0 0 0 0
"7" 7 0.257383966245 18 7 2 1 1 0 0 0 0 0 0 0 0 0 0 0 0 0 0 0
"8" 8 0.412556053812 14 3 3 2 2 2 1 1 1 0 0 0 0 0 0 0 0 0 0 0
"9" 9 0.294642857143 25 4 0 0 0 0 0 0 0 0 0 0 0 0 0 0 0 0 0 0
"10" 10 0.010152284264 25 2 2 0 0 0 0 0 0 0 0 0 0 0 0 0 0 0 0 0
"11" 11 0.475285171103 15 10 2 1 1 0 0 0 0 0 0 0 0 0 0 0 0 0 0 0
"12" 12 0.53125 27 1 1 0 0 0 0 0 0 0 0 0 0 0 0 0 0 0 0 0
"13" 13 0.062015503876 29 0 0 0 0 0 0 0 0 0 0 0 0 0 0 0 0 0 0 0
"14" 14 0.0376569037657 29 0 0 0 0 0 0 0 0 0 0 0 0 0 0 0 0 0 0 0
"15" 15 0.317880794702 13 8 4 2 1 1 0 0 0 0 0 0 0 0 0 0 0 0 0 0
"16" 16 0.651741293532 29 0 0 0 0 0 0 0 0 0 0 0 0 0 0 0 0 0 0 0
"17" 17 0.246861924686 29 0 0 0 0 0 0 0 0 0 0 0 0 0 0 0 0 0 0 0
"18" 18 0.150259067358 28 1 0 0 0 0 0 0 0 0 0 0 0 0 0 0 0 0 0 0
"19" 19 0.651282051282 13 5 5 4 1 1 0 0 0 0 0 0 0 0 0 0 0 0 0 0
"20" 20 0.728205128205 13 5 4 3 2 1 1 0 0 0 0 0 0 0 0 0 0 0 0 0
"21" 21 0.331606217617 13 11 4 1 0 0 0 0 0 0 0 0 0 0 0 0 0 0 0 0
"22" 22 0.278846153846 26 1 1 1 0 0 0 0 0 0 0 0 0 0 0 0 0 0 0 0
"23" 23 0.188284518828 7 6 5 4 2 2 1 1 1 0 0 0 0 0 0 0 0 0 0 0
"24" 24 0.044776119403 22 6 1 0 0 0 0 0 0 0 0 0 0 0 0 0 0 0 0 0
"25" 25 0.290155440415 26 3 0 0 0 0 0 0 0 0 0 0 0 0 0 0 0 0 0 0
"26" 26 0.0988593155894 15 5 4 2 1 1 1 0 0 0 0 0 0 0 0 0 0 0 0 0
"27" 27 0.607655502392 16 11 2 0 0 0 0 0 0 0 0 0 0 0 0 0 0 0 0 0
"28" 28 0.1875 27 1 1 0 0 0 0 0 0 0 0 0 0 0 0 0 0 0 0 0
"29" 29 0.194029850746 25 2 1 1 0 0 0 0 0 0 0 0 0 0 0 0 0 0 0 0
"30" 30 0.388185654008 26 3 0 0 0 0 0 0 0 0 0 0 0 0 0 0 0 0 0 0
"31" 31 0.35632183908 24 3 1 1 0 0 0 0 0 0 0 0 0 0 0 0 0 0 0 0
"32" 32 0.046511627907 24 2 2 1 0 0 0 0 0 0 0 0 0 0 0 0 0 0 0 0
"33" 33 0.540084388186 25 4 0 0 0 0 0 0 0 0 0 0 0 0 0 0 0 0 0 0
"34" 34 0.449612403101 29 0 0 0 0 0 0 0 0 0 0 0 0 0 0 0 0 0 0 0
"35" 35 0.10447761194 29 0 0 0 0 0 0 0 0 0 0 0 0 0 0 0 0 0 0 0
"36" 36 0.413461538462 29 0 0 0 0 0 0 0 0 0 0 0 0 0 0 0 0 0 0 0
"37" 37 0.259414225941 28 1 0 0 0 0 0 0 0 0 0 0 0 0 0 0 0 0 0 0
"38" 38 0.629464285714 18 9 1 1 0 0 0 0 0 0 0 0 0 0 0 0 0 0 0 0
"39" 39 0.218905472637 12 7 6 2 1 1 0 0 0 0 0 0 0 0 0 0 0 0 0 0
"40" 40 0.446540880503 18 4 3 3 1 0 0 0 0 0 0 0 0 0 0 0 0 0 0 0
"41" 41 0.586497890295 28 1 0 0 0 0 0 0 0 0 0 0 0 0 0 0 0 0 0 0
"42" 42 0.667883211679 10 8 5 2 1 1 1 1 0 0 0 0 0 0 0 0 0 0 0 0
"43" 43 0.410714285714 24 2 1 1 1 0 0 0 0 0 0 0 0 0 0 0 0 0 0 0
"44" 44 0.0507614213198 15 11 3 0 0 0 0 0 0 0 0 0 0 0 0 0 0 0 0 0
"45" 45 0.238805970149 14 8 3 2 1 1 0 0 0 0 0 0 0 0 0 0 0 0 0 0
"46" 46 0.507772020725 11 5 4 3 3 1 1 1 0 0 0 0 0 0 0 0 0 0 0 0
"47" 47 0.18407960199 12 10 6 1 0 0 0 0 0 0 0 0 0 0 0 0 0 0 0 0
"48" 48 0.0507614213198 15 10 3 1 0 0 0 0 0 0 0 0 0 0 0 0 0 0 0 0
"49" 49 0.507772020725 8 5 4 3 3 3 2 1 0 0 0 0 0 0 0 0 0 0 0 0
"50" 50 0.598214285714 15 7 2 2 2 1 0 0 0 0 0 0 0 0 0 0 0 0 0 0
"51" 51 0.269961977186 12 9 2 2 1 1 1 0 0 0 0 0 0 0 0 0 0 0 0 0
"52" 52 0.217616580311 22 2 1 1 1 1 0 0 0 0 0 0 0 0 0 0 0 0 0 0
"53" 53 0.741721854305 12 3 3 2 2 2 1 1 1 1 1 0 0 0 0 0 0 0 0 0
"54" 54 0.46875 9 5 3 3 3 3 1 1 1 0 0 0 0 0 0 0 0 0 0 0
"55" 55 0.875 13 5 3 3 2 1 1 1 0 0 0 0 0 0 0 0 0 0 0 0
"56" 56 0.412408759124 8 8 6 5 1 1 0 0 0 0 0 0 0 0 0 0 0 0 0 0
"57" 57 0.55023923445 5 4 3 3 3 3 2 2 1 1 1 1 0 0 0 0 0 0 0 0
"58" 58 0.248756218905 14 9 3 3 0 0 0 0 0 0 0 0 0 0 0 0 0 0 0 0
"59" 59 0.443037974684 6 5 4 4 2 2 2 1 1 1 1 0 0 0 0 0 0 0 0 0
"60" 60 0.209125475285 12 11 3 2 1 0 0 0 0 0 0 0 0 0 0 0 0 0 0 0
"61" 61 0.507772020725 9 7 4 4 1 1 1 1 1 0 0 0 0 0 0 0 0 0 0 0
"62" 62 0.165803108808 16 6 4 2 1 0 0 0 0 0 0 0 0 0 0 0 0 0 0 0
"63" 63 0.150627615063 28 1 0 0 0 0 0 0 0 0 0 0 0 0 0 0 0 0 0 0
"64" 64 0.247148288973 5 4 4 3 2 2 2 2 2 1 1 1 0 0 0 0 0 0 0 0
"65" 65 0.43654822335 12 6 6 3 2 0 0 0 0 0 0 0 0 0 0 0 0 0 0 0
"66" 66 0.137931034483 21 8 0 0 0 0 0 0 0 0 0 0 0 0 0 0 0 0 0 0
"67" 67 0.105769230769 15 4 4 4 1 1 0 0 0 0 0 0 0 0 0 0 0 0 0 0
"68" 68 0.433035714286 8 7 3 2 2 2 1 1 1 1 1 0 0 0 0 0 0 0 0 0
"69" 69 0.295358649789 21 4 2 1 1 0 0 0 0 0 0 0 0 0 0 0 0 0 0 0
"70" 70 0.0152284263959 16 10 1 1 1 0 0 0 0 0 0 0 0 0 0 0 0 0 0 0
"71" 71 0.402985074627 13 8 3 2 1 1 1 0 0 0 0 0 0 0 0 0 0 0 0 0
"72" 72 0.746835443038 13 5 3 3 2 2 1 0 0 0 0 0 0 0 0 0 0 0 0 0
"73" 73 0.299270072993 25 4 0 0 0 0 0 0 0 0 0 0 0 0 0 0 0 0 0 0
"74" 74 0.40414507772 28 1 0 0 0 0 0 0 0 0 0 0 0 0 0 0 0 0 0 0
"75" 75 0.622641509434 18 9 1 1 0 0 0 0 0 0 0 0 0 0 0 0 0 0 0 0
"76" 76 0.303482587065 11 6 3 2 2 1 1 1 1 1 0 0 0 0 0 0 0 0 0 0
"77" 77 0.362694300518 22 6 1 0 0 0 0 0 0 0 0 0 0 0 0 0 0 0 0 0
"78" 78 0.629464285714 29 0 0 0 0 0 0 0 0 0 0 0 0 0 0 0 0 0 0 0
"79" 79 0.192893401015 21 5 2 1 0 0 0 0 0 0 0 0 0 0 0 0 0 0 0 0
"80" 80 0.341772151899 11 5 4 3 3 1 1 1 0 0 0 0 0 0 0 0 0 0 0 0
"81" 81 0.514598540146 18 11 0 0 0 0 0 0 0 0 0 0 0 0 0 0 0 0 0 0
"82" 82 0.232558139535 28 1 0 0 0 0 0 0 0 0 0 0 0 0 0 0 0 0 0 0
"83" 83 0.0125523012552 29 0 0 0 0 0 0 0 0 0 0 0 0 0 0 0 0 0 0 0
"84" 84 0.502242152466 10 8 4 3 1 1 1 1 0 0 0 0 0 0 0 0 0 0 0 0
"85" 85 0.626865671642 29 0 0 0 0 0 0 0 0 0 0 0 0 0 0 0 0 0 0 0
"86" 86 0.230125523013 29 0 0 0 0 0 0 0 0 0 0 0 0 0 0 0 0 0 0 0
"87" 87 0.0310880829016 28 1 0 0 0 0 0 0 0 0 0 0 0 0 0 0 0 0 0 0
"88" 88 0.357512953368 20 6 3 0 0 0 0 0 0 0 0 0 0 0 0 0 0 0 0 0
"89" 89 0.336787564767 24 2 1 1 1 0 0 0 0 0 0 0 0 0 0 0 0 0 0 0
"90" 90 0.722488038278 6 6 5 4 2 2 1 1 1 1 0 0 0 0 0 0 0 0 0 0
"91" 91 0.436046511628 25 2 2 0 0 0 0 0 0 0 0 0 0 0 0 0 0 0 0 0
"92" 92 0.384615384615 29 0 0 0 0 0 0 0 0 0 0 0 0 0 0 0 0 0 0 0
"93" 93 0.308016877637 24 2 1 1 1 0 0 0 0 0 0 0 0 0 0 0 0 0 0 0
"94" 94 0.0253807106599 29 0 0 0 0 0 0 0 0 0 0 0 0 0 0 0 0 0 0 0
"95" 95 0.0596026490066 23 6 0 0 0 0 0 0 0 0 0 0 0 0 0 0 0 0 0 0
"96" 96 0.167512690355 13 12 3 1 0 0 0 0 0 0 0 0 0 0 0 0 0 0 0 0
"97" 97 0.548523206751 16 9 3 1 0 0 0 0 0 0 0 0 0 0 0 0 0 0 0 0
"98" 98 0.0153846153846 24 3 2 0 0 0 0 0 0 0 0 0 0 0 0 0 0 0 0 0
"99" 99 0.203980099502 29 0 0 0 0 0 0 0 0 0 0 0 0 0 0 0 0 0 0 0
"100" 100 0.313868613139 16 12 1 0 0 0 0 0 0 0 0 0 0 0 0 0 0 0 0 0
"101" 101 0.251824817518 25 3 1 0 0 0 0 0 0 0 0 0 0 0 0 0 0 0 0 0
"102" 102 0.0862068965517 27 2 0 0 0 0 0 0 0 0 0 0 0 0 0 0 0 0 0 0
"103" 103 0.093023255814 26 2 1 0 0 0 0 0 0 0 0 0 0 0 0 0 0 0 0 0
"104" 104 0.666666666667 13 10 2 1 1 1 1 0 0 0 0 0 0 0 0 0 0 0 0 0
"105" 105 0.625 27 1 1 0 0 0 0 0 0 0 0 0 0 0 0 0 0 0 0 0
"106" 106 0.641791044776 28 1 0 0 0 0 0 0 0 0 0 0 0 0 0 0 0 0 0 0
"107" 107 0.557692307692 26 2 1 0 0 0 0 0 0 0 0 0 0 0 0 0 0 0 0 0
"108" 108 0.535714285714 29 0 0 0 0 0 0 0 0 0 0 0 0 0 0 0 0 0 0 0
"109" 109 0.790697674419 16 8 1 1 1 1 1 0 0 0 0 0 0 0 0 0 0 0 0 0
"110" 110 0.378109452736 17 6 4 2 0 0 0 0 0 0 0 0 0 0 0 0 0 0 0 0
"111" 111 0.401162790698 12 10 4 2 1 0 0 0 0 0 0 0 0 0 0 0 0 0 0 0
"112" 112 0.341968911917 26 2 1 0 0 0 0 0 0 0 0 0 0 0 0 0 0 0 0 0
"113" 113 0.616071428571 17 7 3 1 1 0 0 0 0 0 0 0 0 0 0 0 0 0 0 0
"114" 114 0.473214285714 29 0 0 0 0 0 0 0 0 0 0 0 0 0 0 0 0 0 0 0
"115" 115 0.0398009950249 25 3 1 0 0 0 0 0 0 0 0 0 0 0 0 0 0 0 0 0
"116" 116 0.361313868613 17 6 2 2 1 1 0 0 0 0 0 0 0 0 0 0 0 0 0 0
"117" 117 0.550387596899 14 14 1 0 0 0 0 0 0 0 0 0 0 0 0 0 0 0 0 0
"118" 118 0.0862944162437 29 0 0 0 0 0 0 0 0 0 0 0 0 0 0 0 0 0 0 0
"119" 119 0.566964285714 17 10 1 1 0 0 0 0 0 0 0 0 0 0 0 0 0 0 0 0
"120" 120 0.611607142857 29 0 0 0 0 0 0 0 0 0 0 0 0 0 0 0 0 0 0 0
"121" 121 0.430962343096 16 13 0 0 0 0 0 0 0 0 0 0 0 0 0 0 0 0 0 0
"122" 122 0.119170984456 29 0 0 0 0 0 0 0 0 0 0 0 0 0 0 0 0 0 0 0
"123" 123 0.691542288557 13 9 5 1 1 0 0 0 0 0 0 0 0 0 0 0 0 0 0 0
"124" 124 0.512953367876 28 1 0 0 0 0 0 0 0 0 0 0 0 0 0 0 0 0 0 0
"125" 125 0.528846153846 18 5 2 2 1 1 0 0 0 0 0 0 0 0 0 0 0 0 0 0
"126" 126 0.341968911917 29 0 0 0 0 0 0 0 0 0 0 0 0 0 0 0 0 0 0 0
"127" 127 0.182692307692 27 2 0 0 0 0 0 0 0 0 0 0 0 0 0 0 0 0 0 0
"128" 128 0.267857142857 22 2 2 1 1 0 0 0 0 0 0 0 0 0 0 0 0 0 0 0
"129" 129 0.0355329949239 19 8 1 0 0 0 0 0 0 0 0 0 0 0 0 0 0 0 0 0
"130" 130 0.174358974359 16 11 1 0 0 0 0 0 0 0 0 0 0 0 0 0 0 0 0 0
"131" 131 0.263392857143 17 8 2 1 0 0 0 0 0 0 0 0 0 0 0 0 0 0 0 0
"132" 132 0.625641025641 16 4 3 3 1 1 0 0 0 0 0 0 0 0 0 0 0 0 0 0
"133" 133 0.0401785714286 27 1 0 0 0 0 0 0 0 0 0 0 0 0 0 0 0 0 0 0
"134" 134 0.0753138075314 27 1 0 0 0 0 0 0 0 0 0 0 0 0 0 0 0 0 0 0
"135" 135 0.116751269036 14 9 2 1 1 1 0 0 0 0 0 0 0 0 0 0 0 0 0 0
"136" 136 0.46511627907 11 6 6 2 1 1 1 0 0 0 0 0 0 0 0 0 0 0 0 0
"137" 137 0.355329949239 23 3 1 0 0 0 0 0 0 0 0 0 0 0 0 0 0 0 0 0
"138" 138 0.335443037975 18 5 0 0 0 0 0 0 0 0 0 0 0 0 0 0 0 0 0 0
"139" 139 0.383720930233 6 6 2 1 0 0 0 0 0 0 0 0 0 0 0 0 0 0 0 0
"140" 140 0.891191709845 6 3 3 2 0 0 0 0 0 0 0 0 0 0 0 0 0 0 0 0
"141" 141 1.04635761589 5 3 1 1 0 0 0 0 0 0 0 0 0 0 0 0 0 0 0 0
