"site" "RSA" "aa1" "aa2" "aa3" "aa4" "aa5" "aa6" "aa7" "aa8" "aa9" "aa10" "aa11" "aa12" "aa13" "aa14" "aa15" "aa16" "aa17" "aa18" "aa19" "aa20"
"0" 0 0.766423357664 419 51 24 4 1 1 0 0 0 0 0 0 0 0 0 0 0 0 0 0
"1" 1 0.426395939086 475 19 4 1 1 0 0 0 0 0 0 0 0 0 0 0 0 0 0 0
"2" 2 0.197674418605 179 128 87 33 31 20 12 7 2 1 0 0 0 0 0 0 0 0 0 0
"3" 3 0.497512437811 338 121 41 0 0 0 0 0 0 0 0 0 0 0 0 0 0 0 0 0
"4" 4 0.155172413793 260 127 113 0 0 0 0 0 0 0 0 0 0 0 0 0 0 0 0 0
"5" 5 0.663212435233 437 41 12 5 4 1 0 0 0 0 0 0 0 0 0 0 0 0 0 0
"6" 6 0.387559808612 488 12 0 0 0 0 0 0 0 0 0 0 0 0 0 0 0 0 0 0
"7" 7 0.584905660377 466 29 5 0 0 0 0 0 0 0 0 0 0 0 0 0 0 0 0 0
"8" 8 0.422885572139 386 60 23 15 12 4 0 0 0 0 0 0 0 0 0 0 0 0 0 0
"9" 9 0.0172413793103 386 113 1 0 0 0 0 0 0 0 0 0 0 0 0 0 0 0 0 0
"10" 10 0.511210762332 398 60 33 4 3 1 1 0 0 0 0 0 0 0 0 0 0 0 0 0
"11" 11 0.516746411483 266 210 12 5 4 2 1 0 0 0 0 0 0 0 0 0 0 0 0 0
"12" 12 0.160337552743 323 120 27 15 4 4 3 2 1 1 0 0 0 0 0 0 0 0 0 0
"13" 13 0.0547263681592 486 10 3 1 0 0 0 0 0 0 0 0 0 0 0 0 0 0 0 0
"14" 14 0.449612403101 318 177 5 0 0 0 0 0 0 0 0 0 0 0 0 0 0 0 0 0
"15" 15 0.377990430622 182 179 132 3 3 1 0 0 0 0 0 0 0 0 0 0 0 0 0 0
"16" 16 0.0 470 26 4 0 0 0 0 0 0 0 0 0 0 0 0 0 0 0 0 0
"17" 17 0.251824817518 282 152 23 21 11 8 3 0 0 0 0 0 0 0 0 0 0 0 0 0
"18" 18 0.233160621762 497 2 1 0 0 0 0 0 0 0 0 0 0 0 0 0 0 0 0 0
"19" 19 0.801687763713 497 3 0 0 0 0 0 0 0 0 0 0 0 0 0 0 0 0 0 0
"20" 20 0.740875912409 497 2 1 0 0 0 0 0 0 0 0 0 0 0 0 0 0 0 0 0
"21" 21 0.116279069767 500 0 0 0 0 0 0 0 0 0 0 0 0 0 0 0 0 0 0 0
"22" 22 0.336538461538 452 48 0 0 0 0 0 0 0 0 0 0 0 0 0 0 0 0 0 0
"23" 23 0.339622641509 452 48 0 0 0 0 0 0 0 0 0 0 0 0 0 0 0 0 0 0
"24" 24 0.518987341772 276 167 56 1 0 0 0 0 0 0 0 0 0 0 0 0 0 0 0 0
"25" 25 0.455958549223 283 156 23 20 13 5 0 0 0 0 0 0 0 0 0 0 0 0 0 0
"26" 26 0.0209205020921 406 94 0 0 0 0 0 0 0 0 0 0 0 0 0 0 0 0 0 0
"27" 27 0.288321167883 435 61 2 1 1 0 0 0 0 0 0 0 0 0 0 0 0 0 0 0
"28" 28 0.303571428571 380 48 31 30 9 1 1 0 0 0 0 0 0 0 0 0 0 0 0 0
"29" 29 0.10447761194 362 118 11 9 0 0 0 0 0 0 0 0 0 0 0 0 0 0 0 0
"30" 30 0.0232558139535 466 12 10 7 5 0 0 0 0 0 0 0 0 0 0 0 0 0 0 0
"31" 31 0.178571428571 473 21 4 2 0 0 0 0 0 0 0 0 0 0 0 0 0 0 0 0
"32" 32 0.357142857143 318 112 32 25 12 1 0 0 0 0 0 0 0 0 0 0 0 0 0 0
"33" 33 0.0574712643678 344 125 30 1 0 0 0 0 0 0 0 0 0 0 0 0 0 0 0 0
"34" 34 0.232558139535 490 4 3 2 1 0 0 0 0 0 0 0 0 0 0 0 0 0 0 0
"35" 35 0.308457711443 485 15 0 0 0 0 0 0 0 0 0 0 0 0 0 0 0 0 0 0
"36" 36 0.31007751938 489 10 1 0 0 0 0 0 0 0 0 0 0 0 0 0 0 0 0 0
"37" 37 0.619771863118 257 240 2 1 0 0 0 0 0 0 0 0 0 0 0 0 0 0 0 0
"38" 38 0.316964285714 257 177 54 7 3 1 1 0 0 0 0 0 0 0 0 0 0 0 0 0
"39" 39 0.139534883721 310 103 48 15 11 5 4 4 0 0 0 0 0 0 0 0 0 0 0 0
"40" 40 0.591240875912 500 0 0 0 0 0 0 0 0 0 0 0 0 0 0 0 0 0 0 0
"41" 41 0.414507772021 402 96 1 1 0 0 0 0 0 0 0 0 0 0 0 0 0 0 0 0
"42" 42 0.273631840796 185 125 81 62 21 17 5 2 1 1 0 0 0 0 0 0 0 0 0 0
"43" 43 0.638392857143 329 97 72 2 0 0 0 0 0 0 0 0 0 0 0 0 0 0 0 0
"44" 44 0.437810945274 325 150 25 0 0 0 0 0 0 0 0 0 0 0 0 0 0 0 0 0
"45" 45 0.459821428571 495 5 0 0 0 0 0 0 0 0 0 0 0 0 0 0 0 0 0 0
"46" 46 0.598214285714 236 94 47 38 24 24 17 7 7 5 1 0 0 0 0 0 0 0 0 0
"47" 47 0.343023255814 500 0 0 0 0 0 0 0 0 0 0 0 0 0 0 0 0 0 0 0
"48" 48 0.43023255814 339 140 21 0 0 0 0 0 0 0 0 0 0 0 0 0 0 0 0 0
"49" 49 0.390804597701 500 0 0 0 0 0 0 0 0 0 0 0 0 0 0 0 0 0 0 0
"50" 50 0.8125 262 238 0 0 0 0 0 0 0 0 0 0 0 0 0 0 0 0 0 0
"51" 51 0.354651162791 500 0 0 0 0 0 0 0 0 0 0 0 0 0 0 0 0 0 0 0
"52" 52 0.849056603774 500 0 0 0 0 0 0 0 0 0 0 0 0 0 0 0 0 0 0 0
"53" 53 0.771573604061 500 0 0 0 0 0 0 0 0 0 0 0 0 0 0 0 0 0 0 0
"54" 54 0.364341085271 500 0 0 0 0 0 0 0 0 0 0 0 0 0 0 0 0 0 0 0
"55" 55 0.685534591195 262 238 0 0 0 0 0 0 0 0 0 0 0 0 0 0 0 0 0 0
"56" 56 0.22480620155 496 4 0 0 0 0 0 0 0 0 0 0 0 0 0 0 0 0 0 0
"57" 57 0.64598540146 250 216 20 10 4 0 0 0 0 0 0 0 0 0 0 0 0 0 0 0
"58" 58 0.270114942529 496 4 0 0 0 0 0 0 0 0 0 0 0 0 0 0 0 0 0 0
"59" 59 0.565400843882 326 125 41 6 2 0 0 0 0 0 0 0 0 0 0 0 0 0 0 0
"60" 60 0.362068965517 500 0 0 0 0 0 0 0 0 0 0 0 0 0 0 0 0 0 0 0
"61" 61 0.502487562189 195 150 117 15 13 10 0 0 0 0 0 0 0 0 0 0 0 0 0 0
"62" 62 0.198675496689 463 33 4 0 0 0 0 0 0 0 0 0 0 0 0 0 0 0 0 0
"63" 63 0.711538461538 500 0 0 0 0 0 0 0 0 0 0 0 0 0 0 0 0 0 0 0
"64" 64 0.396624472574 378 61 57 3 1 0 0 0 0 0 0 0 0 0 0 0 0 0 0 0
"65" 65 0.405063291139 217 134 61 46 38 3 1 0 0 0 0 0 0 0 0 0 0 0 0 0
"66" 66 0.114427860697 276 219 2 1 1 1 0 0 0 0 0 0 0 0 0 0 0 0 0 0
"67" 67 0.0 489 7 3 1 0 0 0 0 0 0 0 0 0 0 0 0 0 0 0 0
"68" 68 0.0149253731343 500 0 0 0 0 0 0 0 0 0 0 0 0 0 0 0 0 0 0 0
"69" 69 0.0 495 5 0 0 0 0 0 0 0 0 0 0 0 0 0 0 0 0 0 0
"70" 70 0.0 495 5 0 0 0 0 0 0 0 0 0 0 0 0 0 0 0 0 0 0
"71" 71 0.0152284263959 499 1 0 0 0 0 0 0 0 0 0 0 0 0 0 0 0 0 0 0
"72" 72 0.154228855721 330 65 63 18 17 3 2 1 1 0 0 0 0 0 0 0 0 0 0 0
"73" 73 0.335766423358 423 48 12 11 4 2 0 0 0 0 0 0 0 0 0 0 0 0 0 0
"74" 74 0.062015503876 426 67 7 0 0 0 0 0 0 0 0 0 0 0 0 0 0 0 0 0
"75" 75 0.0288461538462 500 0 0 0 0 0 0 0 0 0 0 0 0 0 0 0 0 0 0 0
"76" 76 0.228855721393 264 81 70 42 20 9 6 5 3 0 0 0 0 0 0 0 0 0 0 0
"77" 77 0.0459770114943 452 24 20 3 1 0 0 0 0 0 0 0 0 0 0 0 0 0 0 0
"78" 78 0.0287356321839 498 2 0 0 0 0 0 0 0 0 0 0 0 0 0 0 0 0 0 0
"79" 79 0.464285714286 246 172 56 18 4 2 2 0 0 0 0 0 0 0 0 0 0 0 0 0
"80" 80 0.0865384615385 500 0 0 0 0 0 0 0 0 0 0 0 0 0 0 0 0 0 0 0
"81" 81 0.0812182741117 448 27 23 1 1 0 0 0 0 0 0 0 0 0 0 0 0 0 0 0
"82" 82 0.169154228856 498 2 0 0 0 0 0 0 0 0 0 0 0 0 0 0 0 0 0 0
"83" 83 0.670886075949 458 42 0 0 0 0 0 0 0 0 0 0 0 0 0 0 0 0 0 0
"84" 84 0.582089552239 497 3 0 0 0 0 0 0 0 0 0 0 0 0 0 0 0 0 0 0
"85" 85 0.229885057471 181 179 70 63 6 1 0 0 0 0 0 0 0 0 0 0 0 0 0 0
"86" 86 0.578616352201 222 221 57 0 0 0 0 0 0 0 0 0 0 0 0 0 0 0 0 0
"87" 87 0.612440191388 141 106 75 71 48 31 28 0 0 0 0 0 0 0 0 0 0 0 0 0
"88" 88 0.077519379845 315 101 68 11 2 2 1 0 0 0 0 0 0 0 0 0 0 0 0 0
"89" 89 0.357664233577 454 36 10 0 0 0 0 0 0 0 0 0 0 0 0 0 0 0 0 0
"90" 90 0.287356321839 498 2 0 0 0 0 0 0 0 0 0 0 0 0 0 0 0 0 0 0
"91" 91 0.00961538461538 500 0 0 0 0 0 0 0 0 0 0 0 0 0 0 0 0 0 0 0
"92" 92 0.287081339713 317 142 18 17 3 2 1 0 0 0 0 0 0 0 0 0 0 0 0 0
"93" 93 0.0 500 0 0 0 0 0 0 0 0 0 0 0 0 0 0 0 0 0 0 0
"94" 94 0.0 257 210 16 8 4 4 1 0 0 0 0 0 0 0 0 0 0 0 0 0
"95" 95 0.0348258706468 365 93 18 10 7 7 0 0 0 0 0 0 0 0 0 0 0 0 0 0
"96" 96 0.509505703422 406 94 0 0 0 0 0 0 0 0 0 0 0 0 0 0 0 0 0 0
"97" 97 0.251824817518 280 116 61 28 12 3 0 0 0 0 0 0 0 0 0 0 0 0 0 0
"98" 98 0.274611398964 380 88 24 8 0 0 0 0 0 0 0 0 0 0 0 0 0 0 0 0
"99" 99 0.698113207547 498 2 0 0 0 0 0 0 0 0 0 0 0 0 0 0 0 0 0 0
"100" 100 0.763392857143 437 63 0 0 0 0 0 0 0 0 0 0 0 0 0 0 0 0 0 0
"101" 101 0.397350993377 364 65 37 33 1 0 0 0 0 0 0 0 0 0 0 0 0 0 0 0
"102" 102 0.199004975124 257 243 0 0 0 0 0 0 0 0 0 0 0 0 0 0 0 0 0 0
"103" 103 0.435897435897 499 1 0 0 0 0 0 0 0 0 0 0 0 0 0 0 0 0 0 0
"104" 104 0.207547169811 282 152 59 7 0 0 0 0 0 0 0 0 0 0 0 0 0 0 0 0
"105" 105 0.270114942529 417 55 17 8 2 1 0 0 0 0 0 0 0 0 0 0 0 0 0 0
"106" 106 0.394618834081 470 30 0 0 0 0 0 0 0 0 0 0 0 0 0 0 0 0 0 0
"107" 107 0.437262357414 309 94 77 8 7 5 0 0 0 0 0 0 0 0 0 0 0 0 0 0
"108" 108 0.422053231939 246 243 11 0 0 0 0 0 0 0 0 0 0 0 0 0 0 0 0 0
"109" 109 0.167512690355 470 27 2 1 0 0 0 0 0 0 0 0 0 0 0 0 0 0 0 0
"110" 110 0.523206751055 500 0 0 0 0 0 0 0 0 0 0 0 0 0 0 0 0 0 0 0
"111" 111 0.134328358209 500 0 0 0 0 0 0 0 0 0 0 0 0 0 0 0 0 0 0 0
"112" 112 0.0817610062893 492 7 1 0 0 0 0 0 0 0 0 0 0 0 0 0 0 0 0 0
"113" 113 0.559748427673 500 0 0 0 0 0 0 0 0 0 0 0 0 0 0 0 0 0 0 0
"114" 114 0.367875647668 495 3 1 1 0 0 0 0 0 0 0 0 0 0 0 0 0 0 0 0
"115" 115 0.0609137055838 426 45 23 6 0 0 0 0 0 0 0 0 0 0 0 0 0 0 0 0
"116" 116 0.441860465116 500 0 0 0 0 0 0 0 0 0 0 0 0 0 0 0 0 0 0 0
"117" 117 0.526785714286 493 3 3 1 0 0 0 0 0 0 0 0 0 0 0 0 0 0 0 0
"118" 118 0.109489051095 364 126 10 0 0 0 0 0 0 0 0 0 0 0 0 0 0 0 0 0
"119" 119 0.273722627737 323 75 62 26 3 3 2 2 2 1 1 0 0 0 0 0 0 0 0 0
"120" 120 0.0077519379845 452 47 1 0 0 0 0 0 0 0 0 0 0 0 0 0 0 0 0 0
"121" 121 0.092050209205 459 38 3 0 0 0 0 0 0 0 0 0 0 0 0 0 0 0 0 0
"122" 122 0.0 500 0 0 0 0 0 0 0 0 0 0 0 0 0 0 0 0 0 0 0
"123" 123 0.1592039801 476 23 1 0 0 0 0 0 0 0 0 0 0 0 0 0 0 0 0 0
"124" 124 0.186528497409 492 3 2 2 1 0 0 0 0 0 0 0 0 0 0 0 0 0 0 0
"125" 125 0.207547169811 199 150 127 13 7 2 2 0 0 0 0 0 0 0 0 0 0 0 0 0
"126" 126 0.0995024875622 498 1 1 0 0 0 0 0 0 0 0 0 0 0 0 0 0 0 0 0
"127" 127 0.147286821705 492 8 0 0 0 0 0 0 0 0 0 0 0 0 0 0 0 0 0 0
"128" 128 0.0872093023256 455 45 0 0 0 0 0 0 0 0 0 0 0 0 0 0 0 0 0 0
"129" 129 0.0192307692308 500 0 0 0 0 0 0 0 0 0 0 0 0 0 0 0 0 0 0 0
"130" 130 0.0192307692308 279 180 21 13 6 1 0 0 0 0 0 0 0 0 0 0 0 0 0 0
"131" 131 0.205298013245 342 59 53 31 12 3 0 0 0 0 0 0 0 0 0 0 0 0 0 0
"132" 132 0.031007751938 367 111 20 1 1 0 0 0 0 0 0 0 0 0 0 0 0 0 0 0
"133" 133 0.0397350993377 474 23 2 1 0 0 0 0 0 0 0 0 0 0 0 0 0 0 0 0
"134" 134 0.233830845771 443 27 26 3 1 0 0 0 0 0 0 0 0 0 0 0 0 0 0 0
"135" 135 0.0 500 0 0 0 0 0 0 0 0 0 0 0 0 0 0 0 0 0 0 0
"136" 136 0.0298507462687 498 2 0 0 0 0 0 0 0 0 0 0 0 0 0 0 0 0 0 0
"137" 137 0.298013245033 276 110 52 43 17 2 0 0 0 0 0 0 0 0 0 0 0 0 0 0
"138" 138 0.0497512437811 483 9 3 3 1 1 0 0 0 0 0 0 0 0 0 0 0 0 0 0
"139" 139 0.0 495 5 0 0 0 0 0 0 0 0 0 0 0 0 0 0 0 0 0 0
"140" 140 0.565400843882 242 95 45 34 33 25 20 6 0 0 0 0 0 0 0 0 0 0 0 0
"141" 141 0.59375 276 102 87 18 16 1 0 0 0 0 0 0 0 0 0 0 0 0 0 0
"142" 142 0.397810218978 475 21 4 0 0 0 0 0 0 0 0 0 0 0 0 0 0 0 0 0
"143" 143 0.288461538462 500 0 0 0 0 0 0 0 0 0 0 0 0 0 0 0 0 0 0 0
"144" 144 0.046511627907 432 67 1 0 0 0 0 0 0 0 0 0 0 0 0 0 0 0 0 0
"145" 145 0.581395348837 494 6 0 0 0 0 0 0 0 0 0 0 0 0 0 0 0 0 0 0
"146" 146 0.5 500 0 0 0 0 0 0 0 0 0 0 0 0 0 0 0 0 0 0 0
"147" 147 0.0804597701149 438 61 1 0 0 0 0 0 0 0 0 0 0 0 0 0 0 0 0 0
"148" 148 0.0548523206751 324 94 55 25 1 1 0 0 0 0 0 0 0 0 0 0 0 0 0 0
"149" 149 0.0398009950249 480 20 0 0 0 0 0 0 0 0 0 0 0 0 0 0 0 0 0 0
"150" 150 0.186046511628 500 0 0 0 0 0 0 0 0 0 0 0 0 0 0 0 0 0 0 0
"151" 151 0.0964467005076 451 24 11 9 4 1 0 0 0 0 0 0 0 0 0 0 0 0 0 0
"152" 152 0.0298507462687 489 10 1 0 0 0 0 0 0 0 0 0 0 0 0 0 0 0 0 0
"153" 153 0.0 498 1 1 0 0 0 0 0 0 0 0 0 0 0 0 0 0 0 0 0
"154" 154 0.0 500 0 0 0 0 0 0 0 0 0 0 0 0 0 0 0 0 0 0 0
"155" 155 0.295597484277 500 0 0 0 0 0 0 0 0 0 0 0 0 0 0 0 0 0 0 0
"156" 156 0.424107142857 457 35 6 2 0 0 0 0 0 0 0 0 0 0 0 0 0 0 0 0
"157" 157 0.0 500 0 0 0 0 0 0 0 0 0 0 0 0 0 0 0 0 0 0 0
"158" 158 0.109452736318 496 3 1 0 0 0 0 0 0 0 0 0 0 0 0 0 0 0 0 0
"159" 159 0.589285714286 474 21 5 0 0 0 0 0 0 0 0 0 0 0 0 0 0 0 0 0
"160" 160 0.313868613139 300 174 26 0 0 0 0 0 0 0 0 0 0 0 0 0 0 0 0 0
"161" 161 0.0203045685279 498 2 0 0 0 0 0 0 0 0 0 0 0 0 0 0 0 0 0 0
"162" 162 0.480620155039 479 21 0 0 0 0 0 0 0 0 0 0 0 0 0 0 0 0 0 0
"163" 163 0.68776371308 315 185 0 0 0 0 0 0 0 0 0 0 0 0 0 0 0 0 0 0
"164" 164 0.253886010363 465 9 6 6 6 4 2 1 1 0 0 0 0 0 0 0 0 0 0 0
"165" 165 0.0909090909091 497 2 1 0 0 0 0 0 0 0 0 0 0 0 0 0 0 0 0 0
"166" 166 0.528301886792 500 0 0 0 0 0 0 0 0 0 0 0 0 0 0 0 0 0 0 0
"167" 167 0.777202072539 162 145 71 63 28 25 6 0 0 0 0 0 0 0 0 0 0 0 0 0
"168" 168 0.0813953488372 374 126 0 0 0 0 0 0 0 0 0 0 0 0 0 0 0 0 0 0
"169" 169 0.129464285714 418 47 24 9 1 1 0 0 0 0 0 0 0 0 0 0 0 0 0 0
"170" 170 0.0344827586207 471 28 1 0 0 0 0 0 0 0 0 0 0 0 0 0 0 0 0 0
"171" 171 0.114942528736 168 127 73 50 41 38 2 1 0 0 0 0 0 0 0 0 0 0 0 0
"172" 172 0.0114942528736 467 31 1 1 0 0 0 0 0 0 0 0 0 0 0 0 0 0 0 0
"173" 173 0.139534883721 381 103 4 4 3 2 1 1 1 0 0 0 0 0 0 0 0 0 0 0
"174" 174 0.124031007752 205 144 120 25 4 1 1 0 0 0 0 0 0 0 0 0 0 0 0 0
"175" 175 0.38578680203 468 29 2 1 0 0 0 0 0 0 0 0 0 0 0 0 0 0 0 0
"176" 176 0.0984455958549 322 150 10 9 5 3 1 0 0 0 0 0 0 0 0 0 0 0 0 0
"177" 177 0.589285714286 493 7 0 0 0 0 0 0 0 0 0 0 0 0 0 0 0 0 0 0
"178" 178 0.496350364964 499 1 0 0 0 0 0 0 0 0 0 0 0 0 0 0 0 0 0 0
"179" 179 0.0796019900498 498 2 0 0 0 0 0 0 0 0 0 0 0 0 0 0 0 0 0 0
"180" 180 0.251282051282 500 0 0 0 0 0 0 0 0 0 0 0 0 0 0 0 0 0 0 0
"181" 181 0.689119170984 500 0 0 0 0 0 0 0 0 0 0 0 0 0 0 0 0 0 0 0
"182" 182 0.598086124402 251 247 2 0 0 0 0 0 0 0 0 0 0 0 0 0 0 0 0 0
"183" 183 0.00961538461538 500 0 0 0 0 0 0 0 0 0 0 0 0 0 0 0 0 0 0 0
"184" 184 0.304182509506 191 173 135 1 0 0 0 0 0 0 0 0 0 0 0 0 0 0 0 0
"185" 185 0.147208121827 500 0 0 0 0 0 0 0 0 0 0 0 0 0 0 0 0 0 0 0
"186" 186 0.195402298851 319 181 0 0 0 0 0 0 0 0 0 0 0 0 0 0 0 0 0 0
"187" 187 0.51572327044 410 72 8 5 4 1 0 0 0 0 0 0 0 0 0 0 0 0 0 0
"188" 188 0.0288461538462 500 0 0 0 0 0 0 0 0 0 0 0 0 0 0 0 0 0 0 0
"189" 189 0.134328358209 460 39 1 0 0 0 0 0 0 0 0 0 0 0 0 0 0 0 0 0
"190" 190 0.442307692308 500 0 0 0 0 0 0 0 0 0 0 0 0 0 0 0 0 0 0 0
"191" 191 0.259067357513 425 75 0 0 0 0 0 0 0 0 0 0 0 0 0 0 0 0 0 0
"192" 192 0.170542635659 298 200 1 1 0 0 0 0 0 0 0 0 0 0 0 0 0 0 0 0
"193" 193 0.0576923076923 423 74 2 1 0 0 0 0 0 0 0 0 0 0 0 0 0 0 0 0
"194" 194 0.145077720207 499 1 0 0 0 0 0 0 0 0 0 0 0 0 0 0 0 0 0 0
"195" 195 0.142335766423 500 0 0 0 0 0 0 0 0 0 0 0 0 0 0 0 0 0 0 0
"196" 196 0.00507614213198 372 34 26 23 23 6 5 5 4 1 1 0 0 0 0 0 0 0 0 0
"197" 197 0.357414448669 414 48 11 10 10 5 2 0 0 0 0 0 0 0 0 0 0 0 0 0
"198" 198 0.461538461538 500 0 0 0 0 0 0 0 0 0 0 0 0 0 0 0 0 0 0 0
"199" 199 0.290697674419 489 7 4 0 0 0 0 0 0 0 0 0 0 0 0 0 0 0 0 0
"200" 200 1.05485232068 499 1 0 0 0 0 0 0 0 0 0 0 0 0 0 0 0 0 0 0
