"site" "RSA" "aa1" "aa2" "aa3" "aa4" "aa5" "aa6" "aa7" "aa8" "aa9" "aa10" "aa11" "aa12" "aa13" "aa14" "aa15" "aa16" "aa17" "aa18" "aa19" "aa20"
"0" 0 0.79274611399 212 120 37 35 27 27 20 9 6 5 1 1 0 0 0 0 0 0 0 0
"1" 1 0.593908629442 165 81 78 49 28 22 21 21 12 9 7 4 2 1 0 0 0 0 0 0
"2" 2 0.611398963731 232 64 50 40 37 22 21 13 9 3 3 3 1 1 1 0 0 0 0 0
"3" 3 0.43023255814 243 204 38 4 3 3 2 2 1 0 0 0 0 0 0 0 0 0 0 0
"4" 4 0.512437810945 139 95 91 40 34 33 32 15 8 6 3 2 2 0 0 0 0 0 0 0
"5" 5 0.548223350254 150 99 58 43 39 33 22 22 12 8 6 5 2 1 0 0 0 0 0 0
"6" 6 0.403973509934 176 70 57 37 34 28 27 21 19 18 7 2 2 2 0 0 0 0 0 0
"7" 7 0.410256410256 196 60 50 41 40 33 33 16 12 8 4 2 2 2 1 0 0 0 0 0
"8" 8 0.502564102564 118 78 58 55 53 52 26 21 17 9 4 3 3 2 1 0 0 0 0 0
"9" 9 0.410852713178 202 53 39 36 34 30 27 27 20 13 8 8 2 1 0 0 0 0 0 0
"10" 10 0.567164179104 129 96 83 46 41 26 25 23 12 5 5 5 2 2 0 0 0 0 0 0
"11" 11 0.418439716312 114 76 76 59 46 33 32 30 10 8 5 3 3 2 2 1 0 0 0 0
"12" 12 0.271523178808 194 159 37 33 24 22 10 8 6 4 2 1 0 0 0 0 0 0 0 0
"13" 13 0.497890295359 182 113 46 40 25 25 18 15 12 7 6 5 4 1 1 0 0 0 0 0
"14" 14 0.422018348624 175 150 41 35 24 23 19 11 5 4 4 3 3 2 1 0 0 0 0 0
"15" 15 0.10447761194 428 36 14 9 5 3 2 1 1 1 0 0 0 0 0 0 0 0 0 0
"16" 16 0.436781609195 201 112 83 67 22 7 3 2 2 1 0 0 0 0 0 0 0 0 0 0
"17" 17 0.549107142857 171 150 51 28 24 20 17 11 9 9 4 3 1 1 1 0 0 0 0 0
"18" 18 0.709821428571 184 110 74 30 21 16 11 11 10 8 6 6 5 4 2 1 1 0 0 0
"19" 19 0.450777202073 177 114 94 90 10 7 4 3 1 0 0 0 0 0 0 0 0 0 0 0
"20" 20 0.465408805031 497 3 0 0 0 0 0 0 0 0 0 0 0 0 0 0 0 0 0 0
"21" 21 0.125 149 134 56 46 33 28 18 13 7 6 5 4 1 0 0 0 0 0 0 0
"22" 22 0.26359832636 498 2 0 0 0 0 0 0 0 0 0 0 0 0 0 0 0 0 0 0
"23" 23 0.301255230126 500 0 0 0 0 0 0 0 0 0 0 0 0 0 0 0 0 0 0 0
"24" 24 0.526785714286 263 53 47 30 26 22 15 13 12 8 8 2 1 0 0 0 0 0 0 0
"25" 25 0.464135021097 388 43 14 10 9 9 8 7 6 5 1 0 0 0 0 0 0 0 0 0
"26" 26 0.402985074627 498 2 0 0 0 0 0 0 0 0 0 0 0 0 0 0 0 0 0 0
"27" 27 0.627906976744 172 161 62 31 18 17 15 10 5 3 2 1 1 1 1 0 0 0 0 0
"28" 28 0.497757847534 326 110 43 6 5 3 2 2 1 1 1 0 0 0 0 0 0 0 0 0
"29" 29 0.736434108527 466 12 11 7 2 2 0 0 0 0 0 0 0 0 0 0 0 0 0 0
"30" 30 0.618834080717 211 79 67 62 43 13 8 5 5 4 3 0 0 0 0 0 0 0 0 0
"31" 31 0.561181434599 423 69 4 3 1 0 0 0 0 0 0 0 0 0 0 0 0 0 0 0
"32" 32 0.132075471698 500 0 0 0 0 0 0 0 0 0 0 0 0 0 0 0 0 0 0 0
"33" 33 0.441605839416 447 20 19 4 2 2 2 1 1 1 1 0 0 0 0 0 0 0 0 0
"34" 34 0.175732217573 319 178 3 0 0 0 0 0 0 0 0 0 0 0 0 0 0 0 0 0
"35" 35 0.0 498 2 0 0 0 0 0 0 0 0 0 0 0 0 0 0 0 0 0 0
"36" 36 0.0141843971631 499 1 0 0 0 0 0 0 0 0 0 0 0 0 0 0 0 0 0 0
"37" 37 0.0 500 0 0 0 0 0 0 0 0 0 0 0 0 0 0 0 0 0 0 0
"38" 38 0.00961538461538 500 0 0 0 0 0 0 0 0 0 0 0 0 0 0 0 0 0 0 0
"39" 39 0.0189873417722 500 0 0 0 0 0 0 0 0 0 0 0 0 0 0 0 0 0 0 0
"40" 40 0.430463576159 306 154 10 10 9 4 2 2 1 1 1 0 0 0 0 0 0 0 0 0
"41" 41 0.40414507772 500 0 0 0 0 0 0 0 0 0 0 0 0 0 0 0 0 0 0 0
"42" 42 0.23178807947 289 90 69 29 13 8 2 0 0 0 0 0 0 0 0 0 0 0 0 0
"43" 43 0.551094890511 227 107 101 30 18 9 3 3 2 0 0 0 0 0 0 0 0 0 0 0
"44" 44 0.166666666667 492 5 2 1 0 0 0 0 0 0 0 0 0 0 0 0 0 0 0 0
"45" 45 0.364779874214 500 0 0 0 0 0 0 0 0 0 0 0 0 0 0 0 0 0 0 0
"46" 46 0.0 349 151 0 0 0 0 0 0 0 0 0 0 0 0 0 0 0 0 0 0
"47" 47 0.294642857143 423 29 25 16 7 0 0 0 0 0 0 0 0 0 0 0 0 0 0 0
"48" 48 0.748175182482 214 83 75 55 25 23 9 7 6 1 1 1 0 0 0 0 0 0 0 0
"49" 49 0.1592039801 500 0 0 0 0 0 0 0 0 0 0 0 0 0 0 0 0 0 0 0
"50" 50 0.28488372093 500 0 0 0 0 0 0 0 0 0 0 0 0 0 0 0 0 0 0 0
"51" 51 0.538461538462 500 0 0 0 0 0 0 0 0 0 0 0 0 0 0 0 0 0 0 0
"52" 52 0.124378109453 500 0 0 0 0 0 0 0 0 0 0 0 0 0 0 0 0 0 0 0
"53" 53 0.459821428571 387 73 15 11 4 3 3 1 1 1 1 0 0 0 0 0 0 0 0 0
"54" 54 0.534591194969 500 0 0 0 0 0 0 0 0 0 0 0 0 0 0 0 0 0 0 0
"55" 55 0.384615384615 500 0 0 0 0 0 0 0 0 0 0 0 0 0 0 0 0 0 0 0
"56" 56 0.290178571429 257 199 22 15 2 2 1 1 1 0 0 0 0 0 0 0 0 0 0 0
"57" 57 0.089552238806 499 1 0 0 0 0 0 0 0 0 0 0 0 0 0 0 0 0 0 0
"58" 58 0.255230125523 381 98 11 4 3 2 1 0 0 0 0 0 0 0 0 0 0 0 0 0
"59" 59 0.333333333333 269 204 27 0 0 0 0 0 0 0 0 0 0 0 0 0 0 0 0 0
"60" 60 0.0765550239234 493 5 1 1 0 0 0 0 0 0 0 0 0 0 0 0 0 0 0 0
"61" 61 0.251824817518 241 98 74 65 16 3 2 1 0 0 0 0 0 0 0 0 0 0 0 0
"62" 62 0.0769230769231 500 0 0 0 0 0 0 0 0 0 0 0 0 0 0 0 0 0 0 0
"63" 63 0.293103448276 267 153 46 11 9 6 4 2 1 1 0 0 0 0 0 0 0 0 0 0
"64" 64 0.0 447 53 0 0 0 0 0 0 0 0 0 0 0 0 0 0 0 0 0 0
"65" 65 0.0102564102564 473 27 0 0 0 0 0 0 0 0 0 0 0 0 0 0 0 0 0 0
"66" 66 0.0 500 0 0 0 0 0 0 0 0 0 0 0 0 0 0 0 0 0 0 0
"67" 67 0.0114942528736 500 0 0 0 0 0 0 0 0 0 0 0 0 0 0 0 0 0 0 0
"68" 68 0.0659898477157 493 6 1 0 0 0 0 0 0 0 0 0 0 0 0 0 0 0 0 0
"69" 69 0.622009569378 197 107 33 32 28 24 21 19 8 7 7 6 3 3 2 2 1 0 0 0
"70" 70 0.720930232558 184 77 54 40 30 29 21 20 20 7 5 4 4 3 2 0 0 0 0 0
"71" 71 0.150259067358 500 0 0 0 0 0 0 0 0 0 0 0 0 0 0 0 0 0 0 0
"72" 72 0.616915422886 118 67 65 54 53 46 37 20 12 9 8 7 3 1 0 0 0 0 0 0
"73" 73 0.517948717949 152 77 69 48 33 31 24 20 11 10 8 7 7 3 0 0 0 0 0 0
"74" 74 0.0 500 0 0 0 0 0 0 0 0 0 0 0 0 0 0 0 0 0 0 0
"75" 75 0.169154228856 474 7 7 4 4 3 1 0 0 0 0 0 0 0 0 0 0 0 0 0
"76" 76 0.403973509934 121 85 61 58 57 57 29 15 8 5 2 1 1 0 0 0 0 0 0 0
"77" 77 0.149425287356 457 14 9 6 6 3 2 2 1 0 0 0 0 0 0 0 0 0 0 0
"78" 78 0.0 499 1 0 0 0 0 0 0 0 0 0 0 0 0 0 0 0 0 0 0
"79" 79 0.345291479821 449 35 8 2 2 1 1 1 1 0 0 0 0 0 0 0 0 0 0 0
"80" 80 0.41825095057 457 14 9 6 5 2 2 2 1 1 1 0 0 0 0 0 0 0 0 0
"81" 81 0.0 500 0 0 0 0 0 0 0 0 0 0 0 0 0 0 0 0 0 0 0
"82" 82 0.0 473 27 0 0 0 0 0 0 0 0 0 0 0 0 0 0 0 0 0 0
"83" 83 0.295336787565 470 26 2 1 1 0 0 0 0 0 0 0 0 0 0 0 0 0 0 0
"84" 84 0.373563218391 363 108 9 8 5 3 1 1 1 1 0 0 0 0 0 0 0 0 0 0
"85" 85 0.0995024875622 498 1 1 0 0 0 0 0 0 0 0 0 0 0 0 0 0 0 0 0
"86" 86 0.513392857143 190 143 83 33 15 15 10 7 2 2 0 0 0 0 0 0 0 0 0 0
"87" 87 0.0 499 1 0 0 0 0 0 0 0 0 0 0 0 0 0 0 0 0 0 0
"88" 88 0.379464285714 444 15 14 7 6 5 3 3 1 1 1 0 0 0 0 0 0 0 0 0
"89" 89 0.200956937799 500 0 0 0 0 0 0 0 0 0 0 0 0 0 0 0 0 0 0 0
"90" 90 0.0 500 0 0 0 0 0 0 0 0 0 0 0 0 0 0 0 0 0 0 0
"91" 91 0.0355329949239 492 8 0 0 0 0 0 0 0 0 0 0 0 0 0 0 0 0 0 0
"92" 92 0.00507614213198 499 1 0 0 0 0 0 0 0 0 0 0 0 0 0 0 0 0 0 0
"93" 93 0.0253164556962 500 0 0 0 0 0 0 0 0 0 0 0 0 0 0 0 0 0 0 0
"94" 94 0.0 478 22 0 0 0 0 0 0 0 0 0 0 0 0 0 0 0 0 0 0
"95" 95 0.0478468899522 369 131 0 0 0 0 0 0 0 0 0 0 0 0 0 0 0 0 0 0
"96" 96 0.106463878327 456 43 1 0 0 0 0 0 0 0 0 0 0 0 0 0 0 0 0 0
"97" 97 0.557692307692 500 0 0 0 0 0 0 0 0 0 0 0 0 0 0 0 0 0 0 0
"98" 98 0.0189873417722 500 0 0 0 0 0 0 0 0 0 0 0 0 0 0 0 0 0 0 0
"99" 99 0.384615384615 398 41 27 18 7 3 3 1 1 1 0 0 0 0 0 0 0 0 0 0
"100" 100 0.0576923076923 266 231 3 0 0 0 0 0 0 0 0 0 0 0 0 0 0 0 0 0
"101" 101 0.0287356321839 497 2 1 0 0 0 0 0 0 0 0 0 0 0 0 0 0 0 0 0
"102" 102 0.363228699552 165 132 53 45 40 25 18 12 6 2 2 0 0 0 0 0 0 0 0 0
"103" 103 0.100775193798 495 3 1 1 0 0 0 0 0 0 0 0 0 0 0 0 0 0 0 0
"104" 104 0.0697674418605 500 0 0 0 0 0 0 0 0 0 0 0 0 0 0 0 0 0 0 0
"105" 105 0.229885057471 477 15 4 2 1 1 0 0 0 0 0 0 0 0 0 0 0 0 0 0
"106" 106 0.486607142857 174 63 53 52 49 47 24 12 7 7 6 4 1 1 0 0 0 0 0 0
"107" 107 0.476923076923 407 82 4 3 3 1 0 0 0 0 0 0 0 0 0 0 0 0 0 0
"108" 108 0.283018867925 494 4 1 1 0 0 0 0 0 0 0 0 0 0 0 0 0 0 0 0
"109" 109 0.857142857143 358 109 25 3 2 1 1 1 0 0 0 0 0 0 0 0 0 0 0 0
"110" 110 0.477611940299 493 3 1 1 1 1 0 0 0 0 0 0 0 0 0 0 0 0 0 0
"111" 111 0.442307692308 500 0 0 0 0 0 0 0 0 0 0 0 0 0 0 0 0 0 0 0
"112" 112 0.756218905473 163 117 116 44 12 12 11 9 5 4 4 2 1 0 0 0 0 0 0 0
"113" 113 0.269035532995 314 134 24 19 4 2 2 1 0 0 0 0 0 0 0 0 0 0 0 0
"114" 114 0.148717948718 218 145 37 33 32 25 4 3 1 1 1 0 0 0 0 0 0 0 0 0
"115" 115 0.523076923077 255 67 67 31 14 13 11 11 10 7 5 3 3 3 0 0 0 0 0 0
"116" 116 0.234042553191 498 1 1 0 0 0 0 0 0 0 0 0 0 0 0 0 0 0 0 0
"117" 117 0.0199004975124 500 0 0 0 0 0 0 0 0 0 0 0 0 0 0 0 0 0 0 0
"118" 118 0.393034825871 287 105 46 19 15 12 7 5 3 1 0 0 0 0 0 0 0 0 0 0
"119" 119 0.358851674641 499 1 0 0 0 0 0 0 0 0 0 0 0 0 0 0 0 0 0 0
"120" 120 0.0 497 3 0 0 0 0 0 0 0 0 0 0 0 0 0 0 0 0 0 0
"121" 121 0.375912408759 400 74 9 9 2 2 1 1 1 1 0 0 0 0 0 0 0 0 0 0
"122" 122 0.528497409326 188 89 67 42 35 33 16 14 7 4 3 1 1 0 0 0 0 0 0 0
"123" 123 0.0609137055838 499 1 0 0 0 0 0 0 0 0 0 0 0 0 0 0 0 0 0 0
"124" 124 0.205673758865 234 208 41 6 5 3 2 1 0 0 0 0 0 0 0 0 0 0 0 0
"125" 125 0.456066945607 213 66 44 41 26 21 20 19 17 13 9 6 2 2 1 0 0 0 0 0
"126" 126 0.497890295359 495 3 2 0 0 0 0 0 0 0 0 0 0 0 0 0 0 0 0 0
"127" 127 0.0622009569378 500 0 0 0 0 0 0 0 0 0 0 0 0 0 0 0 0 0 0 0
"128" 128 0.423841059603 133 113 69 63 38 36 16 10 9 5 4 3 1 0 0 0 0 0 0 0
"129" 129 0.615894039735 161 94 66 53 28 24 18 15 14 14 4 3 2 2 1 1 0 0 0 0
"130" 130 0.0398009950249 500 0 0 0 0 0 0 0 0 0 0 0 0 0 0 0 0 0 0 0
"131" 131 0.0199004975124 500 0 0 0 0 0 0 0 0 0 0 0 0 0 0 0 0 0 0 0
"132" 132 0.413461538462 146 75 64 53 36 27 22 20 14 12 12 10 8 1 0 0 0 0 0 0
"133" 133 0.59375 132 107 67 63 42 32 23 9 9 7 6 2 1 0 0 0 0 0 0 0
"134" 134 0.178899082569 479 10 9 2 0 0 0 0 0 0 0 0 0 0 0 0 0 0 0 0
"135" 135 0.433962264151 498 2 0 0 0 0 0 0 0 0 0 0 0 0 0 0 0 0 0 0
"136" 136 0.614349775785 443 19 14 13 5 2 1 1 1 1 0 0 0 0 0 0 0 0 0 0
"137" 137 0.607142857143 207 99 68 33 32 25 13 11 6 3 2 1 0 0 0 0 0 0 0 0
"138" 138 0.430656934307 313 49 48 34 24 17 10 5 0 0 0 0 0 0 0 0 0 0 0 0
"139" 139 0.20802919708 491 9 0 0 0 0 0 0 0 0 0 0 0 0 0 0 0 0 0 0
"140" 140 0.228855721393 430 29 25 4 3 3 2 2 1 1 0 0 0 0 0 0 0 0 0 0
"141" 141 0.212435233161 247 98 57 39 22 15 8 5 3 3 2 1 0 0 0 0 0 0 0 0
"142" 142 0.0988372093023 458 31 8 1 1 1 0 0 0 0 0 0 0 0 0 0 0 0 0 0
"143" 143 0.0 498 2 0 0 0 0 0 0 0 0 0 0 0 0 0 0 0 0 0 0
"144" 144 0.0253164556962 500 0 0 0 0 0 0 0 0 0 0 0 0 0 0 0 0 0 0 0
"145" 145 0.0892857142857 441 44 11 3 1 0 0 0 0 0 0 0 0 0 0 0 0 0 0 0
"146" 146 0.0 500 0 0 0 0 0 0 0 0 0 0 0 0 0 0 0 0 0 0 0
"147" 147 0.00512820512821 360 73 52 7 6 2 0 0 0 0 0 0 0 0 0 0 0 0 0 0
"148" 148 0.0 494 4 1 1 0 0 0 0 0 0 0 0 0 0 0 0 0 0 0 0
"149" 149 0.0137614678899 488 12 0 0 0 0 0 0 0 0 0 0 0 0 0 0 0 0 0 0
"150" 150 0.0535714285714 500 0 0 0 0 0 0 0 0 0 0 0 0 0 0 0 0 0 0 0
"151" 151 0.0179372197309 500 0 0 0 0 0 0 0 0 0 0 0 0 0 0 0 0 0 0 0
"152" 152 0.0172413793103 500 0 0 0 0 0 0 0 0 0 0 0 0 0 0 0 0 0 0 0
"153" 153 0.19391634981 437 45 15 2 1 0 0 0 0 0 0 0 0 0 0 0 0 0 0 0
"154" 154 0.133333333333 486 7 4 3 0 0 0 0 0 0 0 0 0 0 0 0 0 0 0 0
"155" 155 0.0 500 0 0 0 0 0 0 0 0 0 0 0 0 0 0 0 0 0 0 0
"156" 156 0.0 500 0 0 0 0 0 0 0 0 0 0 0 0 0 0 0 0 0 0 0
"157" 157 0.334928229665 219 174 57 34 9 3 3 1 0 0 0 0 0 0 0 0 0 0 0 0
"158" 158 0.105960264901 497 2 1 0 0 0 0 0 0 0 0 0 0 0 0 0 0 0 0 0
"159" 159 0.686046511628 142 98 58 57 34 33 20 15 15 12 9 4 2 1 0 0 0 0 0 0
"160" 160 0.0964467005076 499 1 0 0 0 0 0 0 0 0 0 0 0 0 0 0 0 0 0 0
"161" 161 0.0 474 26 0 0 0 0 0 0 0 0 0 0 0 0 0 0 0 0 0 0
"162" 162 0.233183856502 195 78 70 69 34 32 10 8 3 1 0 0 0 0 0 0 0 0 0 0
"163" 163 0.350993377483 154 73 67 64 36 30 23 19 18 8 5 1 1 1 0 0 0 0 0 0
"164" 164 0.0 500 0 0 0 0 0 0 0 0 0 0 0 0 0 0 0 0 0 0 0
"165" 165 0.0567375886525 500 0 0 0 0 0 0 0 0 0 0 0 0 0 0 0 0 0 0 0
"166" 166 0.662447257384 197 139 61 29 20 18 18 8 5 4 1 0 0 0 0 0 0 0 0 0
"167" 167 0.463503649635 468 16 8 2 1 1 1 1 1 1 0 0 0 0 0 0 0 0 0 0
"168" 168 0.423076923077 500 0 0 0 0 0 0 0 0 0 0 0 0 0 0 0 0 0 0 0
"169" 169 0.170403587444 339 61 29 16 12 9 7 5 5 5 3 3 2 2 2 0 0 0 0 0
"170" 170 0.725738396624 379 72 15 8 8 5 5 3 2 2 1 0 0 0 0 0 0 0 0 0
"171" 171 0.0114942528736 500 0 0 0 0 0 0 0 0 0 0 0 0 0 0 0 0 0 0 0
"172" 172 0.151162790698 369 55 39 13 10 7 6 1 0 0 0 0 0 0 0 0 0 0 0 0
"173" 173 0.0 500 0 0 0 0 0 0 0 0 0 0 0 0 0 0 0 0 0 0 0
"174" 174 0.124401913876 500 0 0 0 0 0 0 0 0 0 0 0 0 0 0 0 0 0 0 0
"175" 175 0.0 500 0 0 0 0 0 0 0 0 0 0 0 0 0 0 0 0 0 0 0
"176" 176 0.184397163121 375 76 22 17 8 2 0 0 0 0 0 0 0 0 0 0 0 0 0 0
"177" 177 0.0 466 32 2 0 0 0 0 0 0 0 0 0 0 0 0 0 0 0 0 0
"178" 178 0.0380228136882 486 14 0 0 0 0 0 0 0 0 0 0 0 0 0 0 0 0 0 0
"179" 179 0.125 364 62 42 19 6 3 2 2 0 0 0 0 0 0 0 0 0 0 0 0
"180" 180 0.38578680203 263 96 84 31 9 6 5 4 1 1 0 0 0 0 0 0 0 0 0 0
"181" 181 0.870813397129 171 103 48 37 36 30 25 17 14 11 7 1 0 0 0 0 0 0 0 0
"182" 182 0.59585492228 499 1 0 0 0 0 0 0 0 0 0 0 0 0 0 0 0 0 0 0
"183" 183 0.25 500 0 0 0 0 0 0 0 0 0 0 0 0 0 0 0 0 0 0 0
"184" 184 0.597014925373 351 88 31 21 4 1 1 1 1 1 0 0 0 0 0 0 0 0 0 0
"185" 185 0.238805970149 497 3 0 0 0 0 0 0 0 0 0 0 0 0 0 0 0 0 0 0
"186" 186 0.441605839416 361 62 59 9 4 2 2 1 0 0 0 0 0 0 0 0 0 0 0 0
"187" 187 0.430051813472 343 107 17 10 6 6 5 4 1 1 0 0 0 0 0 0 0 0 0 0
"188" 188 0.109452736318 500 0 0 0 0 0 0 0 0 0 0 0 0 0 0 0 0 0 0 0
"189" 189 0.414507772021 216 131 83 44 19 2 2 2 1 0 0 0 0 0 0 0 0 0 0 0
"190" 190 0.0229885057471 498 1 1 0 0 0 0 0 0 0 0 0 0 0 0 0 0 0 0 0
"191" 191 0.197674418605 471 24 2 2 1 0 0 0 0 0 0 0 0 0 0 0 0 0 0 0
"192" 192 0.0 437 63 0 0 0 0 0 0 0 0 0 0 0 0 0 0 0 0 0 0
"193" 193 0.43023255814 319 66 43 26 20 8 7 7 3 1 0 0 0 0 0 0 0 0 0 0
"194" 194 0.266666666667 453 45 2 0 0 0 0 0 0 0 0 0 0 0 0 0 0 0 0 0
"195" 195 0.321167883212 411 20 17 14 12 10 5 5 4 1 1 0 0 0 0 0 0 0 0 0
"196" 196 0.486607142857 201 91 90 26 24 24 17 6 6 6 4 3 1 1 0 0 0 0 0 0
"197" 197 0.191860465116 454 45 1 0 0 0 0 0 0 0 0 0 0 0 0 0 0 0 0 0
"198" 198 0.0199004975124 500 0 0 0 0 0 0 0 0 0 0 0 0 0 0 0 0 0 0 0
"199" 199 0.25 126 112 69 45 27 25 22 17 13 11 8 8 6 4 3 2 2 0 0 0
"200" 200 0.367713004484 116 95 83 82 41 22 21 11 10 10 4 3 2 0 0 0 0 0 0 0
"201" 201 0.175182481752 281 124 56 24 11 3 1 0 0 0 0 0 0 0 0 0 0 0 0 0
"202" 202 0.102661596958 499 1 0 0 0 0 0 0 0 0 0 0 0 0 0 0 0 0 0 0
"203" 203 0.521897810219 166 103 42 37 36 36 30 15 11 7 5 4 3 2 2 1 0 0 0 0
"204" 204 0.354066985646 108 99 70 67 50 40 19 15 9 7 6 3 2 2 1 1 1 0 0 0
"205" 205 0.0769230769231 499 1 0 0 0 0 0 0 0 0 0 0 0 0 0 0 0 0 0 0
"206" 206 0.0761421319797 306 193 1 0 0 0 0 0 0 0 0 0 0 0 0 0 0 0 0 0
"207" 207 0.311258278146 185 135 55 46 23 21 14 13 5 2 1 0 0 0 0 0 0 0 0 0
"208" 208 0.394871794872 196 99 80 78 18 13 3 3 3 3 1 1 1 1 0 0 0 0 0 0
"209" 209 0.149253731343 490 5 3 1 1 0 0 0 0 0 0 0 0 0 0 0 0 0 0 0
"210" 210 0.493670886076 370 70 38 15 4 2 1 0 0 0 0 0 0 0 0 0 0 0 0 0
"211" 211 0.716417910448 116 90 84 63 41 38 36 13 11 2 2 2 2 0 0 0 0 0 0 0
"212" 212 0.835443037975 112 96 67 62 44 37 29 21 10 9 8 2 2 1 0 0 0 0 0 0
