"site" "RSA" "aa1" "aa2" "aa3" "aa4" "aa5" "aa6" "aa7" "aa8" "aa9" "aa10" "aa11" "aa12" "aa13" "aa14" "aa15" "aa16" "aa17" "aa18" "aa19" "aa20"
"0" 0 0.645348837209 425 50 25 0 0 0 0 0 0 0 0 0 0 0 0 0 0 0 0 0
"1" 1 0.451923076923 500 0 0 0 0 0 0 0 0 0 0 0 0 0 0 0 0 0 0 0
"2" 2 0.788461538462 500 0 0 0 0 0 0 0 0 0 0 0 0 0 0 0 0 0 0 0
"3" 3 0.743119266055 450 50 0 0 0 0 0 0 0 0 0 0 0 0 0 0 0 0 0 0
"4" 4 0.519379844961 472 27 1 0 0 0 0 0 0 0 0 0 0 0 0 0 0 0 0 0
"5" 5 0.0993377483444 366 60 42 23 6 2 1 0 0 0 0 0 0 0 0 0 0 0 0 0
"6" 6 0.704641350211 322 159 19 0 0 0 0 0 0 0 0 0 0 0 0 0 0 0 0 0
"7" 7 0.187943262411 302 114 43 19 16 4 2 0 0 0 0 0 0 0 0 0 0 0 0 0
"8" 8 0.0829015544041 495 2 2 1 0 0 0 0 0 0 0 0 0 0 0 0 0 0 0 0
"9" 9 0.533632286996 255 230 9 6 0 0 0 0 0 0 0 0 0 0 0 0 0 0 0 0
"10" 10 0.362869198312 500 0 0 0 0 0 0 0 0 0 0 0 0 0 0 0 0 0 0 0
"11" 11 0.0 500 0 0 0 0 0 0 0 0 0 0 0 0 0 0 0 0 0 0 0
"12" 12 0.0137614678899 243 162 66 12 7 4 3 2 1 0 0 0 0 0 0 0 0 0 0 0
"13" 13 0.259067357513 223 142 123 6 3 2 1 0 0 0 0 0 0 0 0 0 0 0 0 0
"14" 14 0.0761421319797 419 45 22 13 1 0 0 0 0 0 0 0 0 0 0 0 0 0 0 0
"15" 15 0.0 500 0 0 0 0 0 0 0 0 0 0 0 0 0 0 0 0 0 0 0
"16" 16 0.174904942966 224 139 66 21 19 14 6 5 5 1 0 0 0 0 0 0 0 0 0 0
"17" 17 0.424107142857 241 185 68 5 1 0 0 0 0 0 0 0 0 0 0 0 0 0 0 0
"18" 18 0.0714285714286 485 7 5 2 1 0 0 0 0 0 0 0 0 0 0 0 0 0 0 0
"19" 19 0.0077519379845 500 0 0 0 0 0 0 0 0 0 0 0 0 0 0 0 0 0 0 0
"20" 20 0.243781094527 175 122 102 95 5 1 0 0 0 0 0 0 0 0 0 0 0 0 0 0
"21" 21 0.358208955224 443 32 7 6 4 4 4 0 0 0 0 0 0 0 0 0 0 0 0 0
"22" 22 0.0 500 0 0 0 0 0 0 0 0 0 0 0 0 0 0 0 0 0 0 0
"23" 23 0.212927756654 266 213 13 5 3 0 0 0 0 0 0 0 0 0 0 0 0 0 0 0
"24" 24 0.679324894515 264 167 30 24 15 0 0 0 0 0 0 0 0 0 0 0 0 0 0 0
"25" 25 0.464285714286 454 17 10 8 7 4 0 0 0 0 0 0 0 0 0 0 0 0 0 0
"26" 26 0.307692307692 500 0 0 0 0 0 0 0 0 0 0 0 0 0 0 0 0 0 0 0
"27" 27 0.0 500 0 0 0 0 0 0 0 0 0 0 0 0 0 0 0 0 0 0 0
"28" 28 0.0 428 37 24 5 3 2 1 0 0 0 0 0 0 0 0 0 0 0 0 0
"29" 29 0.0188679245283 500 0 0 0 0 0 0 0 0 0 0 0 0 0 0 0 0 0 0 0
"30" 30 0.0355329949239 387 99 14 0 0 0 0 0 0 0 0 0 0 0 0 0 0 0 0 0
"31" 31 0.0 500 0 0 0 0 0 0 0 0 0 0 0 0 0 0 0 0 0 0 0
"32" 32 0.0 500 0 0 0 0 0 0 0 0 0 0 0 0 0 0 0 0 0 0 0
"33" 33 0.0 500 0 0 0 0 0 0 0 0 0 0 0 0 0 0 0 0 0 0 0
"34" 34 0.0 490 5 5 0 0 0 0 0 0 0 0 0 0 0 0 0 0 0 0 0
"35" 35 0.0 500 0 0 0 0 0 0 0 0 0 0 0 0 0 0 0 0 0 0 0
"36" 36 0.174358974359 283 123 89 3 1 1 0 0 0 0 0 0 0 0 0 0 0 0 0 0
"37" 37 0.158974358974 261 152 60 10 8 6 3 0 0 0 0 0 0 0 0 0 0 0 0 0
"38" 38 0.666666666667 281 109 88 19 2 1 0 0 0 0 0 0 0 0 0 0 0 0 0 0
"39" 39 0.435233160622 373 127 0 0 0 0 0 0 0 0 0 0 0 0 0 0 0 0 0 0
"40" 40 0.0 500 0 0 0 0 0 0 0 0 0 0 0 0 0 0 0 0 0 0 0
"41" 41 0.35761589404 482 18 0 0 0 0 0 0 0 0 0 0 0 0 0 0 0 0 0 0
"42" 42 0.316091954023 419 81 0 0 0 0 0 0 0 0 0 0 0 0 0 0 0 0 0 0
"43" 43 0.238805970149 413 67 11 6 2 1 0 0 0 0 0 0 0 0 0 0 0 0 0 0
"44" 44 0.0769230769231 500 0 0 0 0 0 0 0 0 0 0 0 0 0 0 0 0 0 0 0
"45" 45 0.310218978102 396 63 35 4 1 1 0 0 0 0 0 0 0 0 0 0 0 0 0 0
"46" 46 0.00961538461538 500 0 0 0 0 0 0 0 0 0 0 0 0 0 0 0 0 0 0 0
"47" 47 0.0813397129187 449 37 8 4 1 1 0 0 0 0 0 0 0 0 0 0 0 0 0 0
"48" 48 0.0 487 7 5 1 0 0 0 0 0 0 0 0 0 0 0 0 0 0 0 0
"49" 49 0.174311926606 191 124 76 57 31 11 5 2 1 1 1 0 0 0 0 0 0 0 0 0
"50" 50 0.0948905109489 282 163 32 15 6 2 0 0 0 0 0 0 0 0 0 0 0 0 0 0
"51" 51 0.330543933054 282 180 26 9 2 1 0 0 0 0 0 0 0 0 0 0 0 0 0 0
"52" 52 0.255605381166 397 61 12 11 7 6 5 1 0 0 0 0 0 0 0 0 0 0 0 0
"53" 53 0.57805907173 491 7 1 1 0 0 0 0 0 0 0 0 0 0 0 0 0 0 0 0
"54" 54 0.682692307692 500 0 0 0 0 0 0 0 0 0 0 0 0 0 0 0 0 0 0 0
"55" 55 0.12582781457 500 0 0 0 0 0 0 0 0 0 0 0 0 0 0 0 0 0 0 0
"56" 56 0.565891472868 500 0 0 0 0 0 0 0 0 0 0 0 0 0 0 0 0 0 0 0
"57" 57 0.482558139535 422 37 24 17 0 0 0 0 0 0 0 0 0 0 0 0 0 0 0 0
"58" 58 0.119402985075 359 52 28 25 16 7 5 5 2 1 0 0 0 0 0 0 0 0 0 0
"59" 59 0.0717703349282 454 32 11 2 1 0 0 0 0 0 0 0 0 0 0 0 0 0 0 0
"60" 60 0.00961538461538 500 0 0 0 0 0 0 0 0 0 0 0 0 0 0 0 0 0 0 0
"61" 61 0.0357142857143 417 41 20 11 8 2 1 0 0 0 0 0 0 0 0 0 0 0 0 0
"62" 62 0.147208121827 294 135 33 17 7 6 5 1 1 1 0 0 0 0 0 0 0 0 0 0
"63" 63 0.0264900662252 310 123 36 30 1 0 0 0 0 0 0 0 0 0 0 0 0 0 0 0
"64" 64 0.0 372 121 7 0 0 0 0 0 0 0 0 0 0 0 0 0 0 0 0 0
"65" 65 0.0746268656716 476 18 3 1 1 1 0 0 0 0 0 0 0 0 0 0 0 0 0 0
"66" 66 0.598214285714 285 168 23 12 8 4 0 0 0 0 0 0 0 0 0 0 0 0 0 0
"67" 67 0.471794871795 500 0 0 0 0 0 0 0 0 0 0 0 0 0 0 0 0 0 0 0
"68" 68 0.113924050633 428 72 0 0 0 0 0 0 0 0 0 0 0 0 0 0 0 0 0 0
"69" 69 0.384615384615 500 0 0 0 0 0 0 0 0 0 0 0 0 0 0 0 0 0 0 0
"70" 70 0.930656934307 500 0 0 0 0 0 0 0 0 0 0 0 0 0 0 0 0 0 0 0
"71" 71 0.278606965174 413 81 6 0 0 0 0 0 0 0 0 0 0 0 0 0 0 0 0 0
"72" 72 0.65625 460 23 17 0 0 0 0 0 0 0 0 0 0 0 0 0 0 0 0 0
"73" 73 0.317307692308 500 0 0 0 0 0 0 0 0 0 0 0 0 0 0 0 0 0 0 0
"74" 74 0.64135021097 367 111 13 9 0 0 0 0 0 0 0 0 0 0 0 0 0 0 0 0
"75" 75 0.137931034483 471 8 6 6 4 3 2 0 0 0 0 0 0 0 0 0 0 0 0 0
"76" 76 0.0152091254753 499 1 0 0 0 0 0 0 0 0 0 0 0 0 0 0 0 0 0 0
"77" 77 0.451476793249 500 0 0 0 0 0 0 0 0 0 0 0 0 0 0 0 0 0 0 0
"78" 78 0.341968911917 434 61 4 1 0 0 0 0 0 0 0 0 0 0 0 0 0 0 0 0
"79" 79 0.0 500 0 0 0 0 0 0 0 0 0 0 0 0 0 0 0 0 0 0 0
"80" 80 0.0 251 221 14 7 6 1 0 0 0 0 0 0 0 0 0 0 0 0 0 0
"81" 81 0.0 477 11 11 1 0 0 0 0 0 0 0 0 0 0 0 0 0 0 0 0
"82" 82 0.0 286 214 0 0 0 0 0 0 0 0 0 0 0 0 0 0 0 0 0 0
"83" 83 0.0 493 7 0 0 0 0 0 0 0 0 0 0 0 0 0 0 0 0 0 0
"84" 84 0.0348837209302 500 0 0 0 0 0 0 0 0 0 0 0 0 0 0 0 0 0 0 0
"85" 85 0.0199004975124 402 49 26 8 8 2 2 2 1 0 0 0 0 0 0 0 0 0 0 0
"86" 86 0.0132450331126 358 141 1 0 0 0 0 0 0 0 0 0 0 0 0 0 0 0 0 0
"87" 87 0.0 493 7 0 0 0 0 0 0 0 0 0 0 0 0 0 0 0 0 0 0
"88" 88 0.113924050633 399 100 1 0 0 0 0 0 0 0 0 0 0 0 0 0 0 0 0 0
"89" 89 0.533678756477 436 46 15 1 1 1 0 0 0 0 0 0 0 0 0 0 0 0 0 0
"90" 90 0.366972477064 203 128 87 39 22 15 3 2 1 0 0 0 0 0 0 0 0 0 0 0
"91" 91 0.0 392 83 20 2 1 1 1 0 0 0 0 0 0 0 0 0 0 0 0 0
"92" 92 0.00581395348837 476 24 0 0 0 0 0 0 0 0 0 0 0 0 0 0 0 0 0 0
"93" 93 0.307692307692 359 118 17 4 1 1 0 0 0 0 0 0 0 0 0 0 0 0 0 0
"94" 94 0.116279069767 278 157 31 25 2 2 1 1 1 1 1 0 0 0 0 0 0 0 0 0
"95" 95 0.0 500 0 0 0 0 0 0 0 0 0 0 0 0 0 0 0 0 0 0 0
"96" 96 0.0964467005076 284 92 63 39 13 5 4 0 0 0 0 0 0 0 0 0 0 0 0 0
"97" 97 0.577981651376 376 100 20 4 0 0 0 0 0 0 0 0 0 0 0 0 0 0 0 0
"98" 98 0.296577946768 382 82 31 4 1 0 0 0 0 0 0 0 0 0 0 0 0 0 0 0
"99" 99 0.211538461538 500 0 0 0 0 0 0 0 0 0 0 0 0 0 0 0 0 0 0 0
"100" 100 0.0 497 3 0 0 0 0 0 0 0 0 0 0 0 0 0 0 0 0 0 0
"101" 101 0.251572327044 274 226 0 0 0 0 0 0 0 0 0 0 0 0 0 0 0 0 0 0
"102" 102 0.0401459854015 347 86 28 26 10 2 1 0 0 0 0 0 0 0 0 0 0 0 0 0
"103" 103 0.00632911392405 301 192 7 0 0 0 0 0 0 0 0 0 0 0 0 0 0 0 0 0
"104" 104 0.00574712643678 474 18 5 3 0 0 0 0 0 0 0 0 0 0 0 0 0 0 0 0
"105" 105 0.0 499 1 0 0 0 0 0 0 0 0 0 0 0 0 0 0 0 0 0 0
"106" 106 0.0 500 0 0 0 0 0 0 0 0 0 0 0 0 0 0 0 0 0 0 0
"107" 107 0.00446428571429 422 31 21 14 12 0 0 0 0 0 0 0 0 0 0 0 0 0 0 0
"108" 108 0.210256410256 349 145 6 0 0 0 0 0 0 0 0 0 0 0 0 0 0 0 0 0
"109" 109 0.5 399 77 15 8 1 0 0 0 0 0 0 0 0 0 0 0 0 0 0 0
"110" 110 0.174358974359 320 72 40 34 20 7 5 2 0 0 0 0 0 0 0 0 0 0 0 0
"111" 111 0.154811715481 496 4 0 0 0 0 0 0 0 0 0 0 0 0 0 0 0 0 0 0
"112" 112 0.481012658228 362 131 3 2 1 1 0 0 0 0 0 0 0 0 0 0 0 0 0 0
"113" 113 0.139072847682 500 0 0 0 0 0 0 0 0 0 0 0 0 0 0 0 0 0 0 0
"114" 114 0.746835443038 425 38 23 13 1 0 0 0 0 0 0 0 0 0 0 0 0 0 0 0
"115" 115 0.0 476 24 0 0 0 0 0 0 0 0 0 0 0 0 0 0 0 0 0 0
"116" 116 0.0580357142857 349 133 12 3 1 1 1 0 0 0 0 0 0 0 0 0 0 0 0 0
"117" 117 0.523206751055 350 148 2 0 0 0 0 0 0 0 0 0 0 0 0 0 0 0 0 0
"118" 118 0.410646387833 308 104 85 1 1 1 0 0 0 0 0 0 0 0 0 0 0 0 0 0
"119" 119 0.0 500 0 0 0 0 0 0 0 0 0 0 0 0 0 0 0 0 0 0 0
"120" 120 0.385650224215 497 3 0 0 0 0 0 0 0 0 0 0 0 0 0 0 0 0 0 0
"121" 121 0.593023255814 411 44 35 8 2 0 0 0 0 0 0 0 0 0 0 0 0 0 0 0
"122" 122 0.463503649635 408 76 8 3 2 2 1 0 0 0 0 0 0 0 0 0 0 0 0 0
"123" 123 0.673076923077 500 0 0 0 0 0 0 0 0 0 0 0 0 0 0 0 0 0 0 0
"124" 124 0.105263157895 240 221 39 0 0 0 0 0 0 0 0 0 0 0 0 0 0 0 0 0
"125" 125 0.205357142857 500 0 0 0 0 0 0 0 0 0 0 0 0 0 0 0 0 0 0 0
"126" 126 0.172413793103 500 0 0 0 0 0 0 0 0 0 0 0 0 0 0 0 0 0 0 0
"127" 127 0.241379310345 411 46 25 18 0 0 0 0 0 0 0 0 0 0 0 0 0 0 0 0
"128" 128 0.316091954023 499 1 0 0 0 0 0 0 0 0 0 0 0 0 0 0 0 0 0 0
"129" 129 0.385057471264 200 156 114 12 12 4 1 1 0 0 0 0 0 0 0 0 0 0 0 0
"130" 130 0.388601036269 345 154 1 0 0 0 0 0 0 0 0 0 0 0 0 0 0 0 0 0
"131" 131 0.0880829015544 465 19 8 7 1 0 0 0 0 0 0 0 0 0 0 0 0 0 0 0
"132" 132 0.401785714286 493 5 2 0 0 0 0 0 0 0 0 0 0 0 0 0 0 0 0 0
"133" 133 0.346715328467 381 64 53 1 1 0 0 0 0 0 0 0 0 0 0 0 0 0 0 0
"134" 134 0.0316455696203 463 31 5 1 0 0 0 0 0 0 0 0 0 0 0 0 0 0 0 0
"135" 135 0.139240506329 401 77 11 6 3 2 0 0 0 0 0 0 0 0 0 0 0 0 0 0
"136" 136 0.620253164557 370 103 21 5 1 0 0 0 0 0 0 0 0 0 0 0 0 0 0 0
"137" 137 0.0746268656716 479 13 6 1 1 0 0 0 0 0 0 0 0 0 0 0 0 0 0 0
"138" 138 0.0183486238532 425 37 21 9 8 0 0 0 0 0 0 0 0 0 0 0 0 0 0 0
"139" 139 0.379746835443 375 105 20 0 0 0 0 0 0 0 0 0 0 0 0 0 0 0 0 0
"140" 140 0.434977578475 275 185 39 1 0 0 0 0 0 0 0 0 0 0 0 0 0 0 0 0
"141" 141 0.0 264 236 0 0 0 0 0 0 0 0 0 0 0 0 0 0 0 0 0 0
"142" 142 0.152284263959 432 29 19 9 5 4 1 1 0 0 0 0 0 0 0 0 0 0 0 0
"143" 143 0.518134715026 275 105 104 16 0 0 0 0 0 0 0 0 0 0 0 0 0 0 0 0
"144" 144 0.424107142857 316 179 4 1 0 0 0 0 0 0 0 0 0 0 0 0 0 0 0 0
"145" 145 0.229927007299 172 168 141 17 2 0 0 0 0 0 0 0 0 0 0 0 0 0 0 0
"146" 146 0.352201257862 435 50 13 1 1 0 0 0 0 0 0 0 0 0 0 0 0 0 0 0
"147" 147 0.57399103139 432 68 0 0 0 0 0 0 0 0 0 0 0 0 0 0 0 0 0 0
"148" 148 0.217616580311 473 24 2 1 0 0 0 0 0 0 0 0 0 0 0 0 0 0 0 0
"149" 149 0.0390070921986 453 20 9 9 7 1 1 0 0 0 0 0 0 0 0 0 0 0 0 0
"150" 150 0.338912133891 481 14 1 1 1 1 1 0 0 0 0 0 0 0 0 0 0 0 0 0
"151" 151 0.433035714286 489 9 1 1 0 0 0 0 0 0 0 0 0 0 0 0 0 0 0 0
"152" 152 0.020725388601 295 93 64 19 12 8 4 3 1 1 0 0 0 0 0 0 0 0 0 0
"153" 153 0.218274111675 462 19 10 3 2 2 1 1 0 0 0 0 0 0 0 0 0 0 0 0
"154" 154 0.625 499 1 0 0 0 0 0 0 0 0 0 0 0 0 0 0 0 0 0 0
"155" 155 0.71875 376 107 14 1 1 1 0 0 0 0 0 0 0 0 0 0 0 0 0 0
