"site" "RSA" "aa1" "aa2" "aa3" "aa4" "aa5" "aa6" "aa7" "aa8" "aa9" "aa10" "aa11" "aa12" "aa13" "aa14" "aa15" "aa16" "aa17" "aa18" "aa19" "aa20"
"0" 0 0.736040609137 2 1 0 0 0 0 0 0 0 0 0 0 0 0 0 0 0 0 0 0
"1" 1 0.157232704403 5 1 0 0 0 0 0 0 0 0 0 0 0 0 0 0 0 0 0 0
"2" 2 0.527131782946 3 2 2 0 0 0 0 0 0 0 0 0 0 0 0 0 0 0 0 0
"3" 3 0.154811715481 8 3 0 0 0 0 0 0 0 0 0 0 0 0 0 0 0 0 0 0
"4" 4 0.488038277512 3 2 2 2 1 1 0 0 0 0 0 0 0 0 0 0 0 0 0 0
"5" 5 0.553459119497 5 3 2 1 0 0 0 0 0 0 0 0 0 0 0 0 0 0 0 0
"6" 6 0.644230769231 12 0 0 0 0 0 0 0 0 0 0 0 0 0 0 0 0 0 0 0
"7" 7 0.482142857143 7 4 1 0 0 0 0 0 0 0 0 0 0 0 0 0 0 0 0 0
"8" 8 0.174129353234 9 2 1 0 0 0 0 0 0 0 0 0 0 0 0 0 0 0 0 0
"9" 9 0.0512820512821 6 5 1 0 0 0 0 0 0 0 0 0 0 0 0 0 0 0 0 0
"10" 10 0.373563218391 10 2 0 0 0 0 0 0 0 0 0 0 0 0 0 0 0 0 0 0
"11" 11 0.0570342205323 5 5 1 1 0 0 0 0 0 0 0 0 0 0 0 0 0 0 0 0
"12" 12 0.35761589404 5 3 2 1 1 0 0 0 0 0 0 0 0 0 0 0 0 0 0 0
"13" 13 0.325581395349 3 3 2 2 1 1 0 0 0 0 0 0 0 0 0 0 0 0 0 0
"14" 14 0.213836477987 9 3 0 0 0 0 0 0 0 0 0 0 0 0 0 0 0 0 0 0
"15" 15 0.384615384615 4 2 2 2 1 1 1 1 0 0 0 0 0 0 0 0 0 0 0 0
"16" 16 0.321243523316 6 3 2 1 1 1 1 0 0 0 0 0 0 0 0 0 0 0 0 0
"17" 17 0.0 5 5 4 1 1 1 0 0 0 0 0 0 0 0 0 0 0 0 0 0
"18" 18 0.0697674418605 7 3 2 2 2 1 0 0 0 0 0 0 0 0 0 0 0 0 0 0
"19" 19 0.326424870466 7 5 3 2 1 1 1 1 1 0 0 0 0 0 0 0 0 0 0 0
"20" 20 0.00574712643678 13 4 3 2 1 0 0 0 0 0 0 0 0 0 0 0 0 0 0 0
"21" 21 0.0132450331126 7 7 4 2 2 2 2 0 0 0 0 0 0 0 0 0 0 0 0 0
"22" 22 0.459854014599 23 4 3 2 1 1 1 1 0 0 0 0 0 0 0 0 0 0 0 0
"23" 23 0.302325581395 34 4 3 2 2 1 1 1 1 0 0 0 0 0 0 0 0 0 0 0
"24" 24 0.0845771144279 28 25 12 2 1 1 1 1 1 0 0 0 0 0 0 0 0 0 0 0
"25" 25 0.350364963504 61 9 3 2 2 1 1 0 0 0 0 0 0 0 0 0 0 0 0 0
"26" 26 0.73631840796 21 20 10 8 5 4 3 2 1 1 1 1 1 1 0 0 0 0 0 0
"27" 27 0.563953488372 18 14 8 8 7 6 5 4 3 2 2 2 1 1 0 0 0 0 0 0
"28" 28 0.480769230769 68 4 4 3 2 2 2 2 2 1 1 1 0 0 0 0 0 0 0 0
"29" 29 0.215328467153 27 16 16 11 9 7 5 2 2 1 1 0 0 0 0 0 0 0 0 0
"30" 30 0.284671532847 36 23 18 9 4 4 3 1 1 1 1 1 0 0 0 0 0 0 0 0
"31" 31 0.00574712643678 57 42 6 3 1 1 1 0 0 0 0 0 0 0 0 0 0 0 0 0
"32" 32 0.0 56 41 9 2 2 2 1 1 0 0 0 0 0 0 0 0 0 0 0 0
"33" 33 0.0 74 33 15 0 0 0 0 0 0 0 0 0 0 0 0 0 0 0 0 0
"34" 34 0.0 117 2 2 1 1 0 0 0 0 0 0 0 0 0 0 0 0 0 0 0
"35" 35 0.157232704403 112 10 1 0 0 0 0 0 0 0 0 0 0 0 0 0 0 0 0 0
"36" 36 0.0872093023256 123 0 0 0 0 0 0 0 0 0 0 0 0 0 0 0 0 0 0 0
"37" 37 0.587155963303 123 1 0 0 0 0 0 0 0 0 0 0 0 0 0 0 0 0 0 0
"38" 38 0.0192307692308 124 0 0 0 0 0 0 0 0 0 0 0 0 0 0 0 0 0 0 0
"39" 39 0.341085271318 72 26 18 4 2 1 1 0 0 0 0 0 0 0 0 0 0 0 0 0
"40" 40 0.0149253731343 123 1 0 0 0 0 0 0 0 0 0 0 0 0 0 0 0 0 0 0
"41" 41 0.11961722488 124 0 0 0 0 0 0 0 0 0 0 0 0 0 0 0 0 0 0 0
"42" 42 0.379464285714 62 19 17 7 6 4 2 2 2 1 1 1 0 0 0 0 0 0 0 0
"43" 43 0.115384615385 124 0 0 0 0 0 0 0 0 0 0 0 0 0 0 0 0 0 0 0
"44" 44 0.143540669856 124 0 0 0 0 0 0 0 0 0 0 0 0 0 0 0 0 0 0 0
"45" 45 0.0149253731343 76 24 8 6 4 4 1 1 0 0 0 0 0 0 0 0 0 0 0 0
"46" 46 0.15503875969 50 33 19 12 3 3 2 1 1 0 0 0 0 0 0 0 0 0 0 0
"47" 47 0.089552238806 121 2 1 0 0 0 0 0 0 0 0 0 0 0 0 0 0 0 0 0
"48" 48 0.0114942528736 84 16 9 7 6 1 0 0 0 0 0 0 0 0 0 0 0 0 0 0
"49" 49 0.317518248175 76 17 10 5 5 2 2 1 1 1 1 1 0 0 0 0 0 0 0 0
"50" 50 0.0852713178295 36 27 18 12 10 9 4 3 2 1 1 1 0 0 0 0 0 0 0 0
"51" 51 0.0 114 3 3 1 1 1 1 0 0 0 0 0 0 0 0 0 0 0 0 0
"52" 52 0.333333333333 67 34 6 4 4 3 2 1 0 0 0 0 0 0 0 0 0 0 0 0
"53" 53 0.649635036496 28 26 19 13 10 7 5 3 3 3 2 2 1 1 0 0 0 0 0 0
"54" 54 0.051724137931 29 23 15 11 11 8 7 4 4 3 3 2 2 1 1 0 0 0 0 0
"55" 55 0.610062893082 49 18 15 13 9 4 4 3 2 1 1 1 1 0 0 0 0 0 0 0
"56" 56 0.461538461538 71 13 7 7 6 4 3 3 2 1 1 1 1 1 1 0 0 0 0 0
"57" 57 0.0331125827815 9 3 3 1 1 1 1 0 0 0 0 0 0 0 0 0 0 0 0 0
"58" 58 0.0 29 26 12 9 9 6 6 6 5 5 3 2 2 2 1 1 0 0 0 0
"59" 59 0.0 103 10 5 4 1 1 0 0 0 0 0 0 0 0 0 0 0 0 0 0
"60" 60 0.0 91 20 7 5 1 0 0 0 0 0 0 0 0 0 0 0 0 0 0 0
"61" 61 0.0 78 33 5 4 2 1 1 0 0 0 0 0 0 0 0 0 0 0 0 0
"62" 62 0.00662251655629 100 24 0 0 0 0 0 0 0 0 0 0 0 0 0 0 0 0 0 0
"63" 63 0.152284263959 106 14 4 0 0 0 0 0 0 0 0 0 0 0 0 0 0 0 0 0
"64" 64 0.071129707113 122 2 0 0 0 0 0 0 0 0 0 0 0 0 0 0 0 0 0 0
"65" 65 0.551724137931 120 2 2 0 0 0 0 0 0 0 0 0 0 0 0 0 0 0 0 0
"66" 66 0.205128205128 124 0 0 0 0 0 0 0 0 0 0 0 0 0 0 0 0 0 0 0
"67" 67 0.358490566038 117 7 0 0 0 0 0 0 0 0 0 0 0 0 0 0 0 0 0 0
"68" 68 0.646788990826 57 41 10 8 4 4 0 0 0 0 0 0 0 0 0 0 0 0 0 0
"69" 69 0.22869955157 124 0 0 0 0 0 0 0 0 0 0 0 0 0 0 0 0 0 0 0
"70" 70 0.857740585774 124 0 0 0 0 0 0 0 0 0 0 0 0 0 0 0 0 0 0 0
"71" 71 0.730769230769 88 21 6 5 2 2 0 0 0 0 0 0 0 0 0 0 0 0 0 0
"72" 72 0.503875968992 62 26 6 6 5 5 4 4 3 2 1 0 0 0 0 0 0 0 0 0
"73" 73 1.18238993711 36 36 13 10 7 6 5 3 2 1 1 1 1 1 1 0 0 0 0 0
"74" 74 0.60621761658 103 12 3 2 1 1 1 0 0 0 0 0 0 0 0 0 0 0 0 0
"75" 75 0.497409326425 109 3 2 2 1 1 0 0 0 0 0 0 0 0 0 0 0 0 0 0
"76" 76 0.0362694300518 120 2 2 0 0 0 0 0 0 0 0 0 0 0 0 0 0 0 0 0
"77" 77 0.318407960199 44 24 15 13 7 5 5 4 3 1 1 1 1 0 0 0 0 0 0 0
"78" 78 0.472868217054 75 22 7 6 3 3 2 2 2 2 1 0 0 0 0 0 0 0 0 0
"79" 79 0.215246636771 37 33 11 9 8 7 7 4 3 2 2 1 1 0 0 0 0 0 0 0
"80" 80 0.00497512437811 93 14 7 3 2 2 1 1 1 1 0 0 0 0 0 0 0 0 0 0
"81" 81 0.63503649635 39 28 22 9 4 4 3 3 3 2 2 1 1 0 0 0 0 0 0 0
"82" 82 0.674418604651 52 18 10 10 9 8 7 4 3 2 1 0 0 0 0 0 0 0 0 0
"83" 83 0.183035714286 49 40 11 7 4 3 2 2 2 1 1 1 1 1 0 0 0 0 0 0
"84" 84 0.278846153846 108 5 4 2 2 2 1 1 0 0 0 0 0 0 0 0 0 0 0 0
"85" 85 0.00574712643678 75 24 16 3 2 2 1 1 1 0 0 0 0 0 0 0 0 0 0 0
"86" 86 0.0357142857143 87 11 10 8 4 2 1 1 1 0 0 0 0 0 0 0 0 0 0 0
"87" 87 0.0 49 26 23 15 4 3 2 1 1 1 0 0 0 0 0 0 0 0 0 0
"88" 88 0.0 68 31 13 12 1 0 0 0 0 0 0 0 0 0 0 0 0 0 0 0
"89" 89 0.0 98 17 8 2 0 0 0 0 0 0 0 0 0 0 0 0 0 0 0 0
"90" 90 0.197674418605 82 13 9 6 5 4 2 1 1 1 1 0 0 0 0 0 0 0 0 0
"91" 91 0.062893081761 125 0 0 0 0 0 0 0 0 0 0 0 0 0 0 0 0 0 0 0
"92" 92 0.482558139535 29 28 24 11 8 7 5 4 3 2 1 1 1 1 0 0 0 0 0 0
"93" 93 0.389534883721 53 32 12 11 4 3 2 2 2 1 0 0 0 0 0 0 0 0 0 0
"94" 94 0.542635658915 32 28 22 9 8 7 4 4 3 3 2 0 0 0 0 0 0 0 0 0
"95" 95 0.240310077519 60 20 16 10 6 6 3 3 1 0 0 0 0 0 0 0 0 0 0 0
"96" 96 0.0045871559633 85 19 12 9 0 0 0 0 0 0 0 0 0 0 0 0 0 0 0 0
"97" 97 0.117870722433 117 3 2 1 1 1 0 0 0 0 0 0 0 0 0 0 0 0 0 0
"98" 98 0.591194968553 113 3 3 3 1 1 1 0 0 0 0 0 0 0 0 0 0 0 0 0
"99" 99 0.533678756477 21 19 16 14 11 10 8 6 5 4 4 4 1 1 1 0 0 0 0 0
"100" 100 0.384615384615 94 13 6 4 3 2 1 1 1 0 0 0 0 0 0 0 0 0 0 0
"101" 101 0.492537313433 40 18 14 11 10 8 4 4 3 3 3 3 2 1 1 0 0 0 0 0
"102" 102 0.63503649635 25 22 22 14 7 5 5 4 4 3 3 2 2 2 2 1 0 0 0 0
"103" 103 0.738372093023 83 18 5 5 3 2 1 1 1 1 1 1 1 1 0 0 0 0 0 0
"104" 104 0.412790697674 34 27 10 10 9 7 7 5 4 3 3 2 2 1 1 0 0 0 0 0
"105" 105 0.0632183908046 79 34 6 4 1 1 0 0 0 0 0 0 0 0 0 0 0 0 0 0
"106" 106 0.775784753363 26 19 14 14 13 11 6 6 4 4 1 1 1 1 1 1 0 0 0 0
"107" 107 0.150943396226 51 34 14 6 4 3 3 2 1 1 1 1 0 0 0 0 0 0 0 0
"108" 108 0.269230769231 58 26 15 10 9 3 2 1 1 0 0 0 0 0 0 0 0 0 0 0
"109" 109 0.710691823899 40 36 12 9 6 5 4 3 3 2 2 1 1 1 0 0 0 0 0 0
"110" 110 0.0497512437811 63 25 14 14 6 2 1 0 0 0 0 0 0 0 0 0 0 0 0 0
"111" 111 0.0697674418605 37 34 22 19 5 5 2 1 0 0 0 0 0 0 0 0 0 0 0 0
"112" 112 0.511627906977 41 23 16 7 7 6 6 6 6 2 2 2 1 0 0 0 0 0 0 0
"113" 113 0.325892857143 25 22 17 15 11 10 6 4 4 3 2 2 1 1 1 0 0 0 0 0
"114" 114 0.0597014925373 114 5 3 2 1 0 0 0 0 0 0 0 0 0 0 0 0 0 0 0
"115" 115 0.107142857143 75 45 5 0 0 0 0 0 0 0 0 0 0 0 0 0 0 0 0 0
"116" 116 0.00961538461538 114 8 2 1 0 0 0 0 0 0 0 0 0 0 0 0 0 0 0 0
"117" 117 0.471153846154 74 10 9 6 4 4 4 3 3 3 2 1 1 1 0 0 0 0 0 0
"118" 118 0.459119496855 43 25 18 10 10 5 4 3 3 2 1 1 0 0 0 0 0 0 0 0
"119" 119 0.445255474453 125 0 0 0 0 0 0 0 0 0 0 0 0 0 0 0 0 0 0 0
"120" 120 0.59748427673 124 1 0 0 0 0 0 0 0 0 0 0 0 0 0 0 0 0 0 0
"121" 121 0.273255813953 95 17 7 2 1 1 1 1 0 0 0 0 0 0 0 0 0 0 0 0
"122" 122 0.363636363636 109 16 0 0 0 0 0 0 0 0 0 0 0 0 0 0 0 0 0 0
"123" 123 0.0251046025105 124 1 0 0 0 0 0 0 0 0 0 0 0 0 0 0 0 0 0 0
"124" 124 0.116279069767 36 28 24 10 8 6 3 2 2 2 1 1 1 1 0 0 0 0 0 0
"125" 125 0.0384615384615 125 0 0 0 0 0 0 0 0 0 0 0 0 0 0 0 0 0 0 0
"126" 126 0.114942528736 106 16 3 0 0 0 0 0 0 0 0 0 0 0 0 0 0 0 0 0
"127" 127 0.0248756218905 71 31 11 7 4 1 0 0 0 0 0 0 0 0 0 0 0 0 0 0
"128" 128 0.046511627907 118 2 2 2 1 0 0 0 0 0 0 0 0 0 0 0 0 0 0 0
"129" 129 0.0804597701149 112 10 3 0 0 0 0 0 0 0 0 0 0 0 0 0 0 0 0 0
"130" 130 0.0344827586207 124 1 0 0 0 0 0 0 0 0 0 0 0 0 0 0 0 0 0 0
"131" 131 0.194029850746 37 26 14 12 10 9 7 5 3 2 0 0 0 0 0 0 0 0 0 0
"132" 132 0.274261603376 115 3 3 2 1 1 0 0 0 0 0 0 0 0 0 0 0 0 0 0
"133" 133 0.0199004975124 121 3 1 0 0 0 0 0 0 0 0 0 0 0 0 0 0 0 0 0
"134" 134 0.0398009950249 77 44 2 1 1 0 0 0 0 0 0 0 0 0 0 0 0 0 0 0
"135" 135 0.443946188341 62 17 14 11 7 5 4 3 2 0 0 0 0 0 0 0 0 0 0 0
"136" 136 0.10152284264 44 33 26 9 7 2 1 1 1 1 0 0 0 0 0 0 0 0 0 0
"137" 137 0.0 79 17 11 8 6 2 2 0 0 0 0 0 0 0 0 0 0 0 0 0
"138" 138 0.379562043796 42 40 10 9 5 5 3 2 2 2 2 1 1 1 0 0 0 0 0 0
"139" 139 0.0377358490566 106 12 3 3 1 0 0 0 0 0 0 0 0 0 0 0 0 0 0 0
"140" 140 0.238341968912 94 6 5 5 4 4 2 2 1 1 1 0 0 0 0 0 0 0 0 0
"141" 141 0.324817518248 45 33 14 7 5 4 3 2 2 2 2 2 1 1 1 1 0 0 0 0
"142" 142 0.0 120 3 2 0 0 0 0 0 0 0 0 0 0 0 0 0 0 0 0 0
"143" 143 0.0209205020921 33 26 24 23 8 8 1 1 1 0 0 0 0 0 0 0 0 0 0 0
"144" 144 0.0376569037657 122 3 0 0 0 0 0 0 0 0 0 0 0 0 0 0 0 0 0 0
"145" 145 0.144230769231 125 0 0 0 0 0 0 0 0 0 0 0 0 0 0 0 0 0 0 0
"146" 146 0.223214285714 67 31 13 10 2 1 1 0 0 0 0 0 0 0 0 0 0 0 0 0
"147" 147 0.135021097046 125 0 0 0 0 0 0 0 0 0 0 0 0 0 0 0 0 0 0 0
"148" 148 0.248704663212 125 0 0 0 0 0 0 0 0 0 0 0 0 0 0 0 0 0 0 0
"149" 149 0.0988593155894 60 31 22 11 1 0 0 0 0 0 0 0 0 0 0 0 0 0 0 0
"150" 150 0.0224215246637 125 0 0 0 0 0 0 0 0 0 0 0 0 0 0 0 0 0 0 0
"151" 151 0.170403587444 125 0 0 0 0 0 0 0 0 0 0 0 0 0 0 0 0 0 0 0
"152" 152 0.0199004975124 106 10 3 2 2 2 0 0 0 0 0 0 0 0 0 0 0 0 0 0
"153" 153 0.0862068965517 48 15 14 14 9 6 6 4 4 3 1 1 0 0 0 0 0 0 0 0
"154" 154 0.0 70 35 16 3 1 0 0 0 0 0 0 0 0 0 0 0 0 0 0 0
"155" 155 0.0 87 29 8 1 0 0 0 0 0 0 0 0 0 0 0 0 0 0 0 0
"156" 156 0.430656934307 86 13 11 7 5 1 1 1 0 0 0 0 0 0 0 0 0 0 0 0
"157" 157 0.273542600897 70 28 9 6 5 3 1 1 1 1 0 0 0 0 0 0 0 0 0 0
"158" 158 0.0248756218905 84 29 6 5 1 0 0 0 0 0 0 0 0 0 0 0 0 0 0 0
"159" 159 0.103448275862 89 25 7 1 1 1 1 0 0 0 0 0 0 0 0 0 0 0 0 0
"160" 160 0.503875968992 43 31 11 9 7 7 5 3 3 2 2 1 1 0 0 0 0 0 0 0
"161" 161 0.564766839378 116 4 3 1 1 0 0 0 0 0 0 0 0 0 0 0 0 0 0 0
"162" 162 0.422594142259 110 11 4 0 0 0 0 0 0 0 0 0 0 0 0 0 0 0 0 0
"163" 163 0.74358974359 49 41 16 4 3 3 2 2 2 1 1 1 0 0 0 0 0 0 0 0
"164" 164 0.139303482587 52 24 22 15 4 3 2 1 1 1 0 0 0 0 0 0 0 0 0 0
"165" 165 0.839378238342 66 23 13 6 4 3 3 3 2 2 0 0 0 0 0 0 0 0 0 0
"166" 166 0.114942528736 79 24 9 9 1 1 1 1 0 0 0 0 0 0 0 0 0 0 0 0
"167" 167 0.356589147287 59 21 12 9 7 7 5 3 2 0 0 0 0 0 0 0 0 0 0 0
"168" 168 0.103448275862 86 37 2 0 0 0 0 0 0 0 0 0 0 0 0 0 0 0 0 0
"169" 169 0.247126436782 68 23 8 8 5 4 3 2 2 1 1 0 0 0 0 0 0 0 0 0
"170" 170 0.201923076923 78 18 15 5 3 2 1 1 1 1 0 0 0 0 0 0 0 0 0 0
"171" 171 0.0689655172414 68 16 13 7 6 5 4 3 2 1 0 0 0 0 0 0 0 0 0 0
"172" 172 0.559748427673 100 10 8 3 2 1 1 0 0 0 0 0 0 0 0 0 0 0 0 0
"173" 173 0.156976744186 84 39 1 1 0 0 0 0 0 0 0 0 0 0 0 0 0 0 0 0
"174" 174 0.235632183908 91 8 7 5 4 4 4 1 1 0 0 0 0 0 0 0 0 0 0 0
"175" 175 0.273722627737 125 0 0 0 0 0 0 0 0 0 0 0 0 0 0 0 0 0 0 0
"176" 176 0.339285714286 86 28 7 4 0 0 0 0 0 0 0 0 0 0 0 0 0 0 0 0
"177" 177 0.875968992248 31 29 22 16 7 6 4 3 2 2 1 1 1 0 0 0 0 0 0 0
"178" 178 0.357512953368 115 5 2 2 1 0 0 0 0 0 0 0 0 0 0 0 0 0 0 0
"179" 179 0.144230769231 124 1 0 0 0 0 0 0 0 0 0 0 0 0 0 0 0 0 0 0
"180" 180 0.044776119403 124 1 0 0 0 0 0 0 0 0 0 0 0 0 0 0 0 0 0 0
"181" 181 0.0387596899225 125 0 0 0 0 0 0 0 0 0 0 0 0 0 0 0 0 0 0 0
"182" 182 0.128440366972 65 42 4 3 3 3 2 1 1 1 0 0 0 0 0 0 0 0 0 0
"183" 183 0.105960264901 125 0 0 0 0 0 0 0 0 0 0 0 0 0 0 0 0 0 0 0
"184" 184 0.245033112583 125 0 0 0 0 0 0 0 0 0 0 0 0 0 0 0 0 0 0 0
"185" 185 0.299270072993 125 0 0 0 0 0 0 0 0 0 0 0 0 0 0 0 0 0 0 0
"186" 186 0.123076923077 125 0 0 0 0 0 0 0 0 0 0 0 0 0 0 0 0 0 0 0
"187" 187 0.551094890511 36 28 16 16 12 5 3 2 2 2 1 1 1 0 0 0 0 0 0 0
"188" 188 0.673003802281 108 7 5 2 2 1 0 0 0 0 0 0 0 0 0 0 0 0 0 0
"189" 189 0.089552238806 123 2 0 0 0 0 0 0 0 0 0 0 0 0 0 0 0 0 0 0
"190" 190 0.39378238342 62 28 19 6 3 3 2 1 1 0 0 0 0 0 0 0 0 0 0 0
"191" 191 0.716981132075 44 31 21 11 5 3 3 2 1 1 1 1 1 0 0 0 0 0 0 0
"192" 192 0.565891472868 58 29 14 5 4 3 3 2 2 2 2 1 0 0 0 0 0 0 0 0
"193" 193 0.219730941704 60 45 7 5 4 2 2 0 0 0 0 0 0 0 0 0 0 0 0 0
"194" 194 0.262773722628 118 2 2 1 1 1 0 0 0 0 0 0 0 0 0 0 0 0 0 0
"195" 195 0.46511627907 38 20 17 14 9 7 5 3 3 3 2 2 1 1 0 0 0 0 0 0
"196" 196 0.263565891473 34 17 14 14 10 9 8 6 6 3 2 2 0 0 0 0 0 0 0 0
"197" 197 0.0 124 1 0 0 0 0 0 0 0 0 0 0 0 0 0 0 0 0 0 0
"198" 198 0.252873563218 44 35 11 11 7 5 4 4 2 0 0 0 0 0 0 0 0 0 0 0
"199" 199 0.0542635658915 40 21 12 9 9 5 5 5 5 5 3 2 1 1 0 0 0 0 0 0
"200" 200 0.0199004975124 106 12 5 1 1 0 0 0 0 0 0 0 0 0 0 0 0 0 0 0
"201" 201 0.0198675496689 43 29 17 13 6 5 3 3 2 1 1 1 0 0 0 0 0 0 0 0
"202" 202 0.333333333333 66 27 13 8 3 3 1 1 1 1 0 0 0 0 0 0 0 0 0 0
"203" 203 0.0077519379845 77 17 9 8 5 3 2 1 1 1 0 0 0 0 0 0 0 0 0 0
"204" 204 0.0 104 14 3 1 1 1 0 0 0 0 0 0 0 0 0 0 0 0 0 0
"205" 205 0.337209302326 22 15 15 12 10 10 7 7 5 5 3 3 2 2 2 1 1 1 0 0
"206" 206 0.286821705426 50 20 11 9 7 6 4 4 4 3 2 1 1 0 0 0 0 0 0 0
"207" 207 0.0 47 22 17 12 9 5 5 3 2 1 1 0 0 0 0 0 0 0 0 0
"208" 208 0.232558139535 60 16 10 9 6 4 4 3 3 2 2 1 1 1 1 0 0 0 0 0
"209" 209 0.66985645933 29 26 14 12 9 6 4 4 4 4 3 3 2 1 1 1 0 0 0 0
"210" 210 0.201550387597 52 24 11 10 7 4 4 4 2 2 1 1 1 1 0 0 0 0 0 0
"211" 211 0.0077519379845 29 29 22 11 8 6 4 3 3 2 2 2 1 1 1 0 0 0 0 0
"212" 212 0.691860465116 30 26 18 11 10 7 6 3 3 3 2 1 1 1 0 0 0 0 0 0
"213" 213 0.596899224806 43 17 10 8 8 7 7 6 4 3 2 2 2 1 1 0 0 0 0 0
"214" 214 0.201923076923 110 5 2 1 1 1 1 0 0 0 0 0 0 0 0 0 0 0 0 0
"215" 215 0.263565891473 30 24 11 8 8 7 6 5 3 2 2 2 2 2 1 0 0 0 0 0
"216" 216 0.547085201794 19 18 16 15 11 10 5 5 4 3 2 2 0 0 0 0 0 0 0 0
"217" 217 0.263565891473 49 11 9 8 7 7 6 5 4 4 4 2 1 1 1 0 0 0 0 0
"218" 218 0.0077519379845 36 26 16 9 8 5 4 3 2 2 2 1 1 1 1 0 0 0 0 0
"219" 219 0.199004975124 58 15 9 9 8 4 3 2 2 2 2 1 1 1 1 0 0 0 0 0
"220" 220 0.466321243523 40 15 13 11 9 8 6 4 4 2 2 1 1 1 0 0 0 0 0 0
"221" 221 0.209302325581 47 12 9 8 7 5 5 5 4 3 3 3 2 2 1 1 0 0 0 0
"222" 222 0.0 81 9 8 7 4 2 2 1 1 1 1 1 1 0 0 0 0 0 0 0
"223" 223 0.350364963504 56 17 7 7 6 5 5 3 3 3 2 2 2 2 1 1 0 0 0 0
"224" 224 0.449612403101 44 16 15 11 8 8 4 4 3 2 2 2 2 1 1 0 0 0 0 0
"225" 225 0.235632183908 34 18 9 9 8 7 7 6 6 4 3 2 2 1 1 0 0 0 0 0
"226" 226 0.00995024875622 78 23 9 3 1 1 1 0 0 0 0 0 0 0 0 0 0 0 0 0
"227" 227 0.59585492228 22 20 19 15 12 8 5 5 4 2 2 2 1 1 0 0 0 0 0 0
"228" 228 0.604651162791 55 15 11 8 6 6 6 5 1 1 1 1 1 0 0 0 0 0 0 0
"229" 229 0.131782945736 55 23 9 9 7 5 4 3 2 2 1 1 1 1 0 0 0 0 0 0
"230" 230 0.830188679245 61 48 3 2 2 2 1 1 1 0 0 0 0 0 0 0 0 0 0 0
"231" 231 0.509615384615 46 20 15 9 7 4 4 3 2 2 1 1 1 1 1 1 1 0 0 0
"232" 232 0.0804597701149 26 17 8 7 7 7 3 3 1 1 1 1 1 1 1 0 0 0 0 0
"233" 233 0.286821705426 29 14 13 11 11 10 9 7 6 4 3 3 1 1 0 0 0 0 0 0
"234" 234 0.201149425287 50 30 20 20 2 2 0 0 0 0 0 0 0 0 0 0 0 0 0 0
"235" 235 0.336787564767 105 13 5 1 1 0 0 0 0 0 0 0 0 0 0 0 0 0 0 0
"236" 236 0.0988593155894 114 4 3 2 1 1 0 0 0 0 0 0 0 0 0 0 0 0 0 0
"237" 237 0.089552238806 64 29 12 9 9 1 1 0 0 0 0 0 0 0 0 0 0 0 0 0
"238" 238 0.294642857143 64 23 9 7 7 7 3 1 1 1 1 0 0 0 0 0 0 0 0 0
"239" 239 0.134328358209 49 33 26 9 2 2 1 0 0 0 0 0 0 0 0 0 0 0 0 0
"240" 240 0.0985401459854 73 23 6 3 3 2 2 2 1 1 1 1 1 1 0 0 0 0 0 0
"241" 241 0.243523316062 64 11 9 7 5 4 4 4 4 3 1 0 0 0 0 0 0 0 0 0
"242" 242 0.492385786802 51 10 9 8 4 4 3 3 3 2 2 2 2 1 1 0 0 0 0 0
"243" 243 0.365384615385 32 30 12 10 9 7 4 3 3 3 2 1 1 1 0 0 0 0 0 0
"244" 244 0.0199004975124 91 5 5 4 2 1 1 1 1 1 1 0 0 0 0 0 0 0 0 0
"245" 245 0.230769230769 27 23 17 13 13 7 6 5 2 1 1 1 1 1 1 0 0 0 0 0
"246" 246 0.723270440252 71 15 6 5 4 4 3 3 2 2 2 1 1 1 1 0 0 0 0 0
"247" 247 0.178899082569 23 23 20 13 8 8 7 5 4 3 2 1 1 1 0 0 0 0 0 0
"248" 248 0.37106918239 37 13 10 9 8 8 6 5 5 5 4 4 1 1 1 1 1 0 0 0
"249" 249 0.786069651741 20 15 15 12 12 6 5 5 4 4 4 3 3 2 1 0 0 0 0 0
"250" 250 0.6 17 14 8 7 7 6 5 5 4 2 2 2 2 1 1 0 0 0 0 0
"251" 251 0.230769230769 49 12 6 5 5 4 1 1 1 1 0 0 0 0 0 0 0 0 0 0
"252" 252 0.344370860927 28 23 18 8 6 6 6 4 4 3 2 2 2 2 2 1 0 0 0 0
"253" 253 0.00961538461538 50 29 10 5 5 4 4 3 2 2 1 1 1 1 1 1 0 0 0 0
"254" 254 0.0839416058394 21 20 6 6 5 5 5 4 3 3 2 2 2 2 1 1 1 0 0 0
"255" 255 0.00497512437811 63 26 18 7 3 2 1 1 1 1 0 0 0 0 0 0 0 0 0 0
"256" 256 0.0348258706468 82 16 11 7 6 0 0 0 0 0 0 0 0 0 0 0 0 0 0 0
"257" 257 0.00574712643678 61 25 13 12 3 3 2 1 0 0 0 0 0 0 0 0 0 0 0 0
"258" 258 0.0 122 1 1 1 0 0 0 0 0 0 0 0 0 0 0 0 0 0 0 0
"259" 259 0.0 103 17 3 1 1 0 0 0 0 0 0 0 0 0 0 0 0 0 0 0
"260" 260 0.416058394161 55 22 19 9 6 3 3 3 2 1 1 1 0 0 0 0 0 0 0 0
"261" 261 0.00497512437811 59 38 20 7 1 0 0 0 0 0 0 0 0 0 0 0 0 0 0 0
"262" 262 0.490384615385 115 5 2 2 1 0 0 0 0 0 0 0 0 0 0 0 0 0 0 0
"263" 263 0.848837209302 31 19 16 16 9 8 7 7 5 3 3 1 0 0 0 0 0 0 0 0
"264" 264 0.0581395348837 92 17 13 1 1 1 0 0 0 0 0 0 0 0 0 0 0 0 0 0
"265" 265 0.171532846715 122 2 1 0 0 0 0 0 0 0 0 0 0 0 0 0 0 0 0 0
"266" 266 0.0248756218905 125 0 0 0 0 0 0 0 0 0 0 0 0 0 0 0 0 0 0 0
"267" 267 0.124378109453 111 14 0 0 0 0 0 0 0 0 0 0 0 0 0 0 0 0 0 0
"268" 268 0.0362694300518 125 0 0 0 0 0 0 0 0 0 0 0 0 0 0 0 0 0 0 0
"269" 269 0.0153846153846 123 2 0 0 0 0 0 0 0 0 0 0 0 0 0 0 0 0 0 0
"270" 270 0.157360406091 29 27 22 16 4 4 3 2 2 2 1 1 1 0 0 0 0 0 0 0
"271" 271 0.333333333333 25 17 16 8 8 7 5 5 4 2 2 2 1 1 1 0 0 0 0 0
"272" 272 0.010152284264 56 28 16 4 1 0 0 0 0 0 0 0 0 0 0 0 0 0 0 0
"273" 273 0.392857142857 14 9 8 4 4 4 3 2 2 2 1 1 1 1 1 0 0 0 0 0
"274" 274 0.0558375634518 25 12 8 3 2 1 0 0 0 0 0 0 0 0 0 0 0 0 0 0
"275" 275 0.519230769231 21 3 2 2 1 1 0 0 0 0 0 0 0 0 0 0 0 0 0 0
"276" 276 0.761627906977 7 1 1 1 0 0 0 0 0 0 0 0 0 0 0 0 0 0 0 0
