"site" "RSA" "aa1" "aa2" "aa3" "aa4" "aa5" "aa6" "aa7" "aa8" "aa9" "aa10" "aa11" "aa12" "aa13" "aa14" "aa15" "aa16" "aa17" "aa18" "aa19" "aa20"
"0" 0 0.671794871795 498 1 1 0 0 0 0 0 0 0 0 0 0 0 0 0 0 0 0 0
"1" 1 0.154228855721 223 163 70 32 11 1 0 0 0 0 0 0 0 0 0 0 0 0 0 0
"2" 2 0.223628691983 300 130 19 17 8 8 7 4 3 2 1 1 0 0 0 0 0 0 0 0
"3" 3 0.0 500 0 0 0 0 0 0 0 0 0 0 0 0 0 0 0 0 0 0 0
"4" 4 0.00418410041841 173 165 66 35 28 16 12 4 1 0 0 0 0 0 0 0 0 0 0 0
"5" 5 0.12582781457 496 4 0 0 0 0 0 0 0 0 0 0 0 0 0 0 0 0 0 0
"6" 6 0.0149253731343 479 18 2 1 0 0 0 0 0 0 0 0 0 0 0 0 0 0 0 0
"7" 7 0.435897435897 499 1 0 0 0 0 0 0 0 0 0 0 0 0 0 0 0 0 0 0
"8" 8 0.0529801324503 498 2 0 0 0 0 0 0 0 0 0 0 0 0 0 0 0 0 0 0
"9" 9 0.0358974358974 500 0 0 0 0 0 0 0 0 0 0 0 0 0 0 0 0 0 0 0
"10" 10 0.283018867925 500 0 0 0 0 0 0 0 0 0 0 0 0 0 0 0 0 0 0 0
"11" 11 0.473214285714 325 106 63 6 0 0 0 0 0 0 0 0 0 0 0 0 0 0 0 0
"12" 12 0.0 500 0 0 0 0 0 0 0 0 0 0 0 0 0 0 0 0 0 0 0
"13" 13 0.0 496 4 0 0 0 0 0 0 0 0 0 0 0 0 0 0 0 0 0 0
"14" 14 0.316455696203 307 111 52 22 6 2 0 0 0 0 0 0 0 0 0 0 0 0 0 0
"15" 15 0.272321428571 316 93 52 23 13 2 1 0 0 0 0 0 0 0 0 0 0 0 0 0
"16" 16 0.0 500 0 0 0 0 0 0 0 0 0 0 0 0 0 0 0 0 0 0 0
"17" 17 0.0 500 0 0 0 0 0 0 0 0 0 0 0 0 0 0 0 0 0 0 0
"18" 18 0.512953367876 246 111 61 53 27 2 0 0 0 0 0 0 0 0 0 0 0 0 0 0
"19" 19 0.431472081218 489 7 4 0 0 0 0 0 0 0 0 0 0 0 0 0 0 0 0 0
"20" 20 0.195402298851 491 9 0 0 0 0 0 0 0 0 0 0 0 0 0 0 0 0 0 0
"21" 21 0.538461538462 500 0 0 0 0 0 0 0 0 0 0 0 0 0 0 0 0 0 0 0
"22" 22 0.281609195402 500 0 0 0 0 0 0 0 0 0 0 0 0 0 0 0 0 0 0 0
"23" 23 0.739910313901 496 4 0 0 0 0 0 0 0 0 0 0 0 0 0 0 0 0 0 0
"24" 24 0.228855721393 475 20 4 1 0 0 0 0 0 0 0 0 0 0 0 0 0 0 0 0
"25" 25 0.144230769231 482 9 8 1 0 0 0 0 0 0 0 0 0 0 0 0 0 0 0 0
"26" 26 0.451476793249 499 1 0 0 0 0 0 0 0 0 0 0 0 0 0 0 0 0 0 0
"27" 27 0.208860759494 303 189 3 3 1 1 0 0 0 0 0 0 0 0 0 0 0 0 0 0
"28" 28 0.205298013245 220 200 55 9 8 6 2 0 0 0 0 0 0 0 0 0 0 0 0 0
"29" 29 0.17816091954 486 5 4 3 1 1 0 0 0 0 0 0 0 0 0 0 0 0 0 0
"30" 30 0.43023255814 498 2 0 0 0 0 0 0 0 0 0 0 0 0 0 0 0 0 0 0
"31" 31 0.375912408759 479 21 0 0 0 0 0 0 0 0 0 0 0 0 0 0 0 0 0 0
"32" 32 0.410041841004 386 114 0 0 0 0 0 0 0 0 0 0 0 0 0 0 0 0 0 0
"33" 33 0.900662251656 499 1 0 0 0 0 0 0 0 0 0 0 0 0 0 0 0 0 0 0
"34" 34 0.544041450777 499 1 0 0 0 0 0 0 0 0 0 0 0 0 0 0 0 0 0 0
"35" 35 0.394230769231 452 36 8 3 1 0 0 0 0 0 0 0 0 0 0 0 0 0 0 0
"36" 36 0.544642857143 192 136 72 52 34 6 5 1 1 1 0 0 0 0 0 0 0 0 0 0
"37" 37 0.114942528736 445 47 8 0 0 0 0 0 0 0 0 0 0 0 0 0 0 0 0 0
"38" 38 0.421524663677 461 39 0 0 0 0 0 0 0 0 0 0 0 0 0 0 0 0 0 0
"39" 39 0.0761421319797 487 7 5 1 0 0 0 0 0 0 0 0 0 0 0 0 0 0 0 0
"40" 40 0.405128205128 313 138 39 6 4 0 0 0 0 0 0 0 0 0 0 0 0 0 0 0
"41" 41 0.167512690355 251 100 82 54 12 1 0 0 0 0 0 0 0 0 0 0 0 0 0 0
"42" 42 0.473214285714 202 194 88 12 2 2 0 0 0 0 0 0 0 0 0 0 0 0 0 0
"43" 43 0.325892857143 256 157 81 6 0 0 0 0 0 0 0 0 0 0 0 0 0 0 0 0
"44" 44 0.622516556291 472 21 7 0 0 0 0 0 0 0 0 0 0 0 0 0 0 0 0 0
"45" 45 0.0152284263959 251 126 102 11 4 2 1 1 1 1 0 0 0 0 0 0 0 0 0 0
"46" 46 0.649635036496 411 61 28 0 0 0 0 0 0 0 0 0 0 0 0 0 0 0 0 0
"47" 47 0.317307692308 500 0 0 0 0 0 0 0 0 0 0 0 0 0 0 0 0 0 0 0
"48" 48 0.0189873417722 474 17 6 2 1 0 0 0 0 0 0 0 0 0 0 0 0 0 0 0
"49" 49 0.108808290155 313 93 64 13 11 4 1 1 0 0 0 0 0 0 0 0 0 0 0 0
"50" 50 0.0 303 157 23 9 8 0 0 0 0 0 0 0 0 0 0 0 0 0 0 0
"51" 51 0.0228136882129 398 78 24 0 0 0 0 0 0 0 0 0 0 0 0 0 0 0 0 0
"52" 52 0.0 484 16 0 0 0 0 0 0 0 0 0 0 0 0 0 0 0 0 0 0
"53" 53 0.0152284263959 500 0 0 0 0 0 0 0 0 0 0 0 0 0 0 0 0 0 0 0
"54" 54 0.00448430493274 333 127 20 17 3 0 0 0 0 0 0 0 0 0 0 0 0 0 0 0
"55" 55 0.00662251655629 500 0 0 0 0 0 0 0 0 0 0 0 0 0 0 0 0 0 0 0
"56" 56 0.0 288 209 2 1 0 0 0 0 0 0 0 0 0 0 0 0 0 0 0 0
"57" 57 0.0529801324503 295 204 1 0 0 0 0 0 0 0 0 0 0 0 0 0 0 0 0 0
"58" 58 0.730569948187 221 82 53 49 47 24 22 1 1 0 0 0 0 0 0 0 0 0 0 0
"59" 59 0.364779874214 243 236 13 7 1 0 0 0 0 0 0 0 0 0 0 0 0 0 0 0
"60" 60 0.195402298851 202 197 43 35 23 0 0 0 0 0 0 0 0 0 0 0 0 0 0 0
"61" 61 0.507692307692 329 131 32 8 0 0 0 0 0 0 0 0 0 0 0 0 0 0 0 0
"62" 62 0.352678571429 242 143 80 19 6 6 3 1 0 0 0 0 0 0 0 0 0 0 0 0
"63" 63 0.0909090909091 296 204 0 0 0 0 0 0 0 0 0 0 0 0 0 0 0 0 0 0
"64" 64 0.0812182741117 316 93 53 15 6 5 5 3 3 1 0 0 0 0 0 0 0 0 0 0
"65" 65 0.435779816514 291 106 65 19 18 1 0 0 0 0 0 0 0 0 0 0 0 0 0 0
"66" 66 0.00892857142857 499 1 0 0 0 0 0 0 0 0 0 0 0 0 0 0 0 0 0 0
"67" 67 0.0 469 25 3 3 0 0 0 0 0 0 0 0 0 0 0 0 0 0 0 0
"68" 68 0.109452736318 351 98 13 9 9 8 5 3 3 1 0 0 0 0 0 0 0 0 0 0
"69" 69 0.263959390863 239 142 65 34 12 5 2 1 0 0 0 0 0 0 0 0 0 0 0 0
"70" 70 0.0 479 11 5 3 2 0 0 0 0 0 0 0 0 0 0 0 0 0 0 0
"71" 71 0.0 386 114 0 0 0 0 0 0 0 0 0 0 0 0 0 0 0 0 0 0
"72" 72 0.284974093264 288 80 65 49 12 5 1 0 0 0 0 0 0 0 0 0 0 0 0 0
"73" 73 0.193798449612 204 133 84 77 2 0 0 0 0 0 0 0 0 0 0 0 0 0 0 0
"74" 74 0.0 202 165 80 28 12 7 5 1 0 0 0 0 0 0 0 0 0 0 0 0
"75" 75 0.400843881857 425 75 0 0 0 0 0 0 0 0 0 0 0 0 0 0 0 0 0 0
"76" 76 0.624087591241 248 218 27 6 1 0 0 0 0 0 0 0 0 0 0 0 0 0 0 0
"77" 77 0.31007751938 374 77 49 0 0 0 0 0 0 0 0 0 0 0 0 0 0 0 0 0
"78" 78 0.364238410596 484 16 0 0 0 0 0 0 0 0 0 0 0 0 0 0 0 0 0 0
"79" 79 0.139534883721 468 32 0 0 0 0 0 0 0 0 0 0 0 0 0 0 0 0 0 0
"80" 80 0.590717299578 483 8 7 2 0 0 0 0 0 0 0 0 0 0 0 0 0 0 0 0
"81" 81 0.145348837209 431 47 10 10 2 0 0 0 0 0 0 0 0 0 0 0 0 0 0 0
"82" 82 0.0304568527919 500 0 0 0 0 0 0 0 0 0 0 0 0 0 0 0 0 0 0 0
"83" 83 0.0153846153846 330 169 1 0 0 0 0 0 0 0 0 0 0 0 0 0 0 0 0 0
"84" 84 0.0 496 2 2 0 0 0 0 0 0 0 0 0 0 0 0 0 0 0 0 0
"85" 85 0.00574712643678 500 0 0 0 0 0 0 0 0 0 0 0 0 0 0 0 0 0 0 0
"86" 86 0.0 473 22 3 2 0 0 0 0 0 0 0 0 0 0 0 0 0 0 0 0
"87" 87 0.0062893081761 500 0 0 0 0 0 0 0 0 0 0 0 0 0 0 0 0 0 0 0
"88" 88 0.0380228136882 406 94 0 0 0 0 0 0 0 0 0 0 0 0 0 0 0 0 0 0
"89" 89 0.0190114068441 442 57 1 0 0 0 0 0 0 0 0 0 0 0 0 0 0 0 0 0
"90" 90 0.00961538461538 500 0 0 0 0 0 0 0 0 0 0 0 0 0 0 0 0 0 0 0
"91" 91 0.300380228137 368 47 25 25 10 8 8 4 3 2 0 0 0 0 0 0 0 0 0 0
"92" 92 0.0232558139535 342 125 22 6 4 1 0 0 0 0 0 0 0 0 0 0 0 0 0 0
"93" 93 0.372262773723 200 187 89 19 4 1 0 0 0 0 0 0 0 0 0 0 0 0 0 0
"94" 94 0.233183856502 352 66 34 24 14 8 1 1 0 0 0 0 0 0 0 0 0 0 0 0
"95" 95 0.160621761658 431 65 4 0 0 0 0 0 0 0 0 0 0 0 0 0 0 0 0 0
"96" 96 0.656934306569 492 8 0 0 0 0 0 0 0 0 0 0 0 0 0 0 0 0 0 0
"97" 97 0.607594936709 493 7 0 0 0 0 0 0 0 0 0 0 0 0 0 0 0 0 0 0
"98" 98 0.880794701987 493 7 0 0 0 0 0 0 0 0 0 0 0 0 0 0 0 0 0 0
"99" 99 0.839416058394 500 0 0 0 0 0 0 0 0 0 0 0 0 0 0 0 0 0 0 0
"100" 100 0.441964285714 344 156 0 0 0 0 0 0 0 0 0 0 0 0 0 0 0 0 0 0
"101" 101 0.534591194969 416 58 12 11 3 0 0 0 0 0 0 0 0 0 0 0 0 0 0 0
"102" 102 0.319796954315 500 0 0 0 0 0 0 0 0 0 0 0 0 0 0 0 0 0 0 0
"103" 103 0.156976744186 239 89 56 54 37 13 5 4 2 1 0 0 0 0 0 0 0 0 0 0
"104" 104 0.0 500 0 0 0 0 0 0 0 0 0 0 0 0 0 0 0 0 0 0 0
"105" 105 0.316455696203 428 71 1 0 0 0 0 0 0 0 0 0 0 0 0 0 0 0 0 0
"106" 106 0.492537313433 250 61 57 49 33 28 13 3 3 2 1 0 0 0 0 0 0 0 0 0
"107" 107 0.0167364016736 367 67 41 16 4 2 1 1 1 0 0 0 0 0 0 0 0 0 0 0
"108" 108 0.0 500 0 0 0 0 0 0 0 0 0 0 0 0 0 0 0 0 0 0 0
"109" 109 0.323076923077 428 72 0 0 0 0 0 0 0 0 0 0 0 0 0 0 0 0 0 0
"110" 110 0.338308457711 190 100 81 70 59 0 0 0 0 0 0 0 0 0 0 0 0 0 0 0
"111" 111 0.0 265 123 66 16 13 10 3 2 1 1 0 0 0 0 0 0 0 0 0 0
"112" 112 0.209821428571 408 92 0 0 0 0 0 0 0 0 0 0 0 0 0 0 0 0 0 0
"113" 113 0.668604651163 426 74 0 0 0 0 0 0 0 0 0 0 0 0 0 0 0 0 0 0
"114" 114 0.108527131783 499 1 0 0 0 0 0 0 0 0 0 0 0 0 0 0 0 0 0 0
"115" 115 0.182692307692 500 0 0 0 0 0 0 0 0 0 0 0 0 0 0 0 0 0 0 0
"116" 116 0.077519379845 499 1 0 0 0 0 0 0 0 0 0 0 0 0 0 0 0 0 0 0
"117" 117 0.296511627907 482 18 0 0 0 0 0 0 0 0 0 0 0 0 0 0 0 0 0 0
"118" 118 0.222627737226 308 184 5 2 1 0 0 0 0 0 0 0 0 0 0 0 0 0 0 0
"119" 119 0.0 389 106 3 1 1 0 0 0 0 0 0 0 0 0 0 0 0 0 0 0
"120" 120 0.00507614213198 479 21 0 0 0 0 0 0 0 0 0 0 0 0 0 0 0 0 0 0
"121" 121 0.0 200 192 102 6 0 0 0 0 0 0 0 0 0 0 0 0 0 0 0 0
"122" 122 0.00497512437811 486 10 3 1 0 0 0 0 0 0 0 0 0 0 0 0 0 0 0 0
"123" 123 0.0621761658031 497 2 1 0 0 0 0 0 0 0 0 0 0 0 0 0 0 0 0 0
"124" 124 0.0248756218905 300 199 1 0 0 0 0 0 0 0 0 0 0 0 0 0 0 0 0 0
"125" 125 0.311004784689 257 243 0 0 0 0 0 0 0 0 0 0 0 0 0 0 0 0 0 0
"126" 126 0.046511627907 387 69 44 0 0 0 0 0 0 0 0 0 0 0 0 0 0 0 0 0
"127" 127 0.465408805031 218 122 116 40 4 0 0 0 0 0 0 0 0 0 0 0 0 0 0 0
"128" 128 0.587443946188 286 162 45 4 3 0 0 0 0 0 0 0 0 0 0 0 0 0 0 0
"129" 129 0.0 500 0 0 0 0 0 0 0 0 0 0 0 0 0 0 0 0 0 0 0
"130" 130 0.322869955157 196 177 113 14 0 0 0 0 0 0 0 0 0 0 0 0 0 0 0 0
"131" 131 0.567307692308 313 78 54 43 7 4 1 0 0 0 0 0 0 0 0 0 0 0 0 0
"132" 132 0.196652719665 500 0 0 0 0 0 0 0 0 0 0 0 0 0 0 0 0 0 0 0
"133" 133 0.0418410041841 481 16 3 0 0 0 0 0 0 0 0 0 0 0 0 0 0 0 0 0
"134" 134 0.777202072539 500 0 0 0 0 0 0 0 0 0 0 0 0 0 0 0 0 0 0 0
"135" 135 0.162436548223 390 109 1 0 0 0 0 0 0 0 0 0 0 0 0 0 0 0 0 0
"136" 136 0.421383647799 496 2 2 0 0 0 0 0 0 0 0 0 0 0 0 0 0 0 0 0
"137" 137 0.116751269036 500 0 0 0 0 0 0 0 0 0 0 0 0 0 0 0 0 0 0 0
"138" 138 0.238341968912 159 156 52 32 31 27 13 13 7 6 2 1 1 0 0 0 0 0 0 0
"139" 139 0.157894736842 500 0 0 0 0 0 0 0 0 0 0 0 0 0 0 0 0 0 0 0
"140" 140 0.0 384 97 11 2 2 2 1 1 0 0 0 0 0 0 0 0 0 0 0 0
"141" 141 0.298165137615 389 56 18 14 11 5 3 2 1 1 0 0 0 0 0 0 0 0 0 0
"142" 142 0.0 485 12 3 0 0 0 0 0 0 0 0 0 0 0 0 0 0 0 0 0
"143" 143 0.0632183908046 445 35 9 9 2 0 0 0 0 0 0 0 0 0 0 0 0 0 0 0
"144" 144 0.314465408805 478 13 8 1 0 0 0 0 0 0 0 0 0 0 0 0 0 0 0 0
"145" 145 0.218274111675 457 24 8 5 3 2 1 0 0 0 0 0 0 0 0 0 0 0 0 0
"146" 146 0.00497512437811 488 6 6 0 0 0 0 0 0 0 0 0 0 0 0 0 0 0 0 0
"147" 147 0.0 484 16 0 0 0 0 0 0 0 0 0 0 0 0 0 0 0 0 0 0
"148" 148 0.584821428571 272 127 98 2 1 0 0 0 0 0 0 0 0 0 0 0 0 0 0 0
"149" 149 0.148288973384 323 176 1 0 0 0 0 0 0 0 0 0 0 0 0 0 0 0 0 0
"150" 150 0.00418410041841 475 25 0 0 0 0 0 0 0 0 0 0 0 0 0 0 0 0 0 0
"151" 151 0.392857142857 278 222 0 0 0 0 0 0 0 0 0 0 0 0 0 0 0 0 0 0
"152" 152 0.490384615385 400 100 0 0 0 0 0 0 0 0 0 0 0 0 0 0 0 0 0 0
"153" 153 0.35864978903 500 0 0 0 0 0 0 0 0 0 0 0 0 0 0 0 0 0 0 0
"154" 154 0.723076923077 500 0 0 0 0 0 0 0 0 0 0 0 0 0 0 0 0 0 0 0
"155" 155 0.179104477612 500 0 0 0 0 0 0 0 0 0 0 0 0 0 0 0 0 0 0 0
"156" 156 0.65625 500 0 0 0 0 0 0 0 0 0 0 0 0 0 0 0 0 0 0 0
"157" 157 0.414507772021 500 0 0 0 0 0 0 0 0 0 0 0 0 0 0 0 0 0 0 0
"158" 158 0.116751269036 437 63 0 0 0 0 0 0 0 0 0 0 0 0 0 0 0 0 0 0
"159" 159 0.00574712643678 499 1 0 0 0 0 0 0 0 0 0 0 0 0 0 0 0 0 0 0
"160" 160 0.0 500 0 0 0 0 0 0 0 0 0 0 0 0 0 0 0 0 0 0 0
"161" 161 0.00574712643678 397 69 34 0 0 0 0 0 0 0 0 0 0 0 0 0 0 0 0 0
"162" 162 0.00662251655629 499 1 0 0 0 0 0 0 0 0 0 0 0 0 0 0 0 0 0 0
"163" 163 0.0125786163522 500 0 0 0 0 0 0 0 0 0 0 0 0 0 0 0 0 0 0 0
"164" 164 0.290155440415 459 18 17 6 0 0 0 0 0 0 0 0 0 0 0 0 0 0 0 0
"165" 165 0.521531100478 319 140 19 14 3 2 2 1 0 0 0 0 0 0 0 0 0 0 0 0
"166" 166 0.576923076923 244 146 60 48 1 1 0 0 0 0 0 0 0 0 0 0 0 0 0 0
"167" 167 0.0 317 166 12 2 1 1 1 0 0 0 0 0 0 0 0 0 0 0 0 0
"168" 168 0.304597701149 350 66 44 31 5 1 1 1 1 0 0 0 0 0 0 0 0 0 0 0
"169" 169 0.575581395349 323 124 41 6 6 0 0 0 0 0 0 0 0 0 0 0 0 0 0 0
"170" 170 0.138686131387 437 52 10 1 0 0 0 0 0 0 0 0 0 0 0 0 0 0 0 0
"171" 171 0.0077519379845 500 0 0 0 0 0 0 0 0 0 0 0 0 0 0 0 0 0 0 0
"172" 172 0.554744525547 454 44 2 0 0 0 0 0 0 0 0 0 0 0 0 0 0 0 0 0
"173" 173 0.443037974684 444 39 5 4 3 2 2 1 0 0 0 0 0 0 0 0 0 0 0 0
"174" 174 0.0 500 0 0 0 0 0 0 0 0 0 0 0 0 0 0 0 0 0 0 0
"175" 175 0.031007751938 500 0 0 0 0 0 0 0 0 0 0 0 0 0 0 0 0 0 0 0
"176" 176 0.466321243523 500 0 0 0 0 0 0 0 0 0 0 0 0 0 0 0 0 0 0 0
"177" 177 0.273722627737 475 16 8 1 0 0 0 0 0 0 0 0 0 0 0 0 0 0 0 0
"178" 178 0.124378109453 500 0 0 0 0 0 0 0 0 0 0 0 0 0 0 0 0 0 0 0
"179" 179 0.742616033755 500 0 0 0 0 0 0 0 0 0 0 0 0 0 0 0 0 0 0 0
"180" 180 0.139534883721 437 63 0 0 0 0 0 0 0 0 0 0 0 0 0 0 0 0 0 0
"181" 181 0.440251572327 499 1 0 0 0 0 0 0 0 0 0 0 0 0 0 0 0 0 0 0
"182" 182 0.365482233503 500 0 0 0 0 0 0 0 0 0 0 0 0 0 0 0 0 0 0 0
"183" 183 0.0232558139535 442 34 24 0 0 0 0 0 0 0 0 0 0 0 0 0 0 0 0 0
"184" 184 0.197969543147 386 73 28 5 5 1 1 1 0 0 0 0 0 0 0 0 0 0 0 0
"185" 185 0.00507614213198 498 1 1 0 0 0 0 0 0 0 0 0 0 0 0 0 0 0 0 0
"186" 186 0.150259067358 458 17 8 7 6 2 2 0 0 0 0 0 0 0 0 0 0 0 0 0
"187" 187 0.544303797468 246 128 114 10 2 0 0 0 0 0 0 0 0 0 0 0 0 0 0 0
"188" 188 0.810218978102 451 34 13 1 1 0 0 0 0 0 0 0 0 0 0 0 0 0 0 0
"189" 189 0.371559633028 153 140 99 98 4 4 1 1 0 0 0 0 0 0 0 0 0 0 0 0
"190" 190 0.512820512821 303 127 46 15 5 4 0 0 0 0 0 0 0 0 0 0 0 0 0 0
"191" 191 0.197969543147 452 46 2 0 0 0 0 0 0 0 0 0 0 0 0 0 0 0 0 0
"192" 192 0.419540229885 289 127 42 37 4 1 0 0 0 0 0 0 0 0 0 0 0 0 0 0
"193" 193 0.423076923077 500 0 0 0 0 0 0 0 0 0 0 0 0 0 0 0 0 0 0 0
"194" 194 0.574358974359 478 22 0 0 0 0 0 0 0 0 0 0 0 0 0 0 0 0 0 0
"195" 195 0.0406091370558 500 0 0 0 0 0 0 0 0 0 0 0 0 0 0 0 0 0 0 0
"196" 196 0.647321428571 500 0 0 0 0 0 0 0 0 0 0 0 0 0 0 0 0 0 0 0
"197" 197 0.346153846154 500 0 0 0 0 0 0 0 0 0 0 0 0 0 0 0 0 0 0 0
"198" 198 0.130801687764 478 22 0 0 0 0 0 0 0 0 0 0 0 0 0 0 0 0 0 0
"199" 199 0.0 445 32 11 5 3 3 1 0 0 0 0 0 0 0 0 0 0 0 0 0
"200" 200 0.0 430 69 1 0 0 0 0 0 0 0 0 0 0 0 0 0 0 0 0 0
"201" 201 0.0 500 0 0 0 0 0 0 0 0 0 0 0 0 0 0 0 0 0 0 0
"202" 202 0.0 500 0 0 0 0 0 0 0 0 0 0 0 0 0 0 0 0 0 0 0
"203" 203 0.00507614213198 491 9 0 0 0 0 0 0 0 0 0 0 0 0 0 0 0 0 0 0
"204" 204 0.113989637306 484 9 2 2 1 1 1 0 0 0 0 0 0 0 0 0 0 0 0 0
"205" 205 0.020725388601 497 2 1 0 0 0 0 0 0 0 0 0 0 0 0 0 0 0 0 0
"206" 206 0.0609137055838 331 129 22 14 3 1 0 0 0 0 0 0 0 0 0 0 0 0 0 0
"207" 207 0.0253807106599 478 13 5 2 1 1 0 0 0 0 0 0 0 0 0 0 0 0 0 0
"208" 208 0.227979274611 371 77 36 15 1 0 0 0 0 0 0 0 0 0 0 0 0 0 0 0
"209" 209 0.31976744186 413 74 13 0 0 0 0 0 0 0 0 0 0 0 0 0 0 0 0 0
"210" 210 0.031007751938 480 20 0 0 0 0 0 0 0 0 0 0 0 0 0 0 0 0 0 0
"211" 211 0.134615384615 476 11 10 2 1 0 0 0 0 0 0 0 0 0 0 0 0 0 0 0
"212" 212 0.441860465116 476 16 7 1 0 0 0 0 0 0 0 0 0 0 0 0 0 0 0 0
"213" 213 0.0253807106599 478 13 8 1 0 0 0 0 0 0 0 0 0 0 0 0 0 0 0 0
"214" 214 0.0348837209302 500 0 0 0 0 0 0 0 0 0 0 0 0 0 0 0 0 0 0 0
"215" 215 0.547263681592 227 124 90 42 15 1 1 0 0 0 0 0 0 0 0 0 0 0 0 0
"216" 216 0.0 500 0 0 0 0 0 0 0 0 0 0 0 0 0 0 0 0 0 0 0
"217" 217 0.0 500 0 0 0 0 0 0 0 0 0 0 0 0 0 0 0 0 0 0 0
"218" 218 0.379487179487 251 245 4 0 0 0 0 0 0 0 0 0 0 0 0 0 0 0 0 0
"219" 219 0.15503875969 232 172 42 41 11 1 1 0 0 0 0 0 0 0 0 0 0 0 0 0
"220" 220 0.00497512437811 500 0 0 0 0 0 0 0 0 0 0 0 0 0 0 0 0 0 0 0
"221" 221 0.379310344828 500 0 0 0 0 0 0 0 0 0 0 0 0 0 0 0 0 0 0 0
"222" 222 0.723214285714 212 166 61 33 24 4 0 0 0 0 0 0 0 0 0 0 0 0 0 0
"223" 223 0.394871794872 406 46 41 6 1 0 0 0 0 0 0 0 0 0 0 0 0 0 0 0
"224" 224 0.326923076923 500 0 0 0 0 0 0 0 0 0 0 0 0 0 0 0 0 0 0 0
"225" 225 0.108527131783 500 0 0 0 0 0 0 0 0 0 0 0 0 0 0 0 0 0 0 0
"226" 226 0.409282700422 489 11 0 0 0 0 0 0 0 0 0 0 0 0 0 0 0 0 0 0
"227" 227 0.214285714286 453 32 5 3 3 3 1 0 0 0 0 0 0 0 0 0 0 0 0 0
"228" 228 0.0172413793103 500 0 0 0 0 0 0 0 0 0 0 0 0 0 0 0 0 0 0 0
"229" 229 0.0342205323194 407 93 0 0 0 0 0 0 0 0 0 0 0 0 0 0 0 0 0 0
"230" 230 0.0 487 13 0 0 0 0 0 0 0 0 0 0 0 0 0 0 0 0 0 0
"231" 231 0.0 466 22 12 0 0 0 0 0 0 0 0 0 0 0 0 0 0 0 0 0
"232" 232 0.00632911392405 498 1 1 0 0 0 0 0 0 0 0 0 0 0 0 0 0 0 0 0
"233" 233 0.0116279069767 480 11 6 3 0 0 0 0 0 0 0 0 0 0 0 0 0 0 0 0
"234" 234 0.0143540669856 500 0 0 0 0 0 0 0 0 0 0 0 0 0 0 0 0 0 0 0
"235" 235 0.0188679245283 500 0 0 0 0 0 0 0 0 0 0 0 0 0 0 0 0 0 0 0
"236" 236 0.218390804598 215 161 52 38 13 12 4 3 1 1 0 0 0 0 0 0 0 0 0 0
"237" 237 0.0547263681592 494 6 0 0 0 0 0 0 0 0 0 0 0 0 0 0 0 0 0 0
"238" 238 0.304635761589 265 75 63 62 29 4 2 0 0 0 0 0 0 0 0 0 0 0 0 0
"239" 239 0.519230769231 500 0 0 0 0 0 0 0 0 0 0 0 0 0 0 0 0 0 0 0
"240" 240 0.314465408805 202 151 134 10 2 1 0 0 0 0 0 0 0 0 0 0 0 0 0 0
"241" 241 0.0 494 6 0 0 0 0 0 0 0 0 0 0 0 0 0 0 0 0 0 0
"242" 242 0.0172413793103 500 0 0 0 0 0 0 0 0 0 0 0 0 0 0 0 0 0 0 0
"243" 243 0.388392857143 335 133 29 2 1 0 0 0 0 0 0 0 0 0 0 0 0 0 0 0
"244" 244 0.386861313869 496 3 1 0 0 0 0 0 0 0 0 0 0 0 0 0 0 0 0 0
"245" 245 0.0152284263959 268 231 1 0 0 0 0 0 0 0 0 0 0 0 0 0 0 0 0 0
"246" 246 0.169230769231 500 0 0 0 0 0 0 0 0 0 0 0 0 0 0 0 0 0 0 0
"247" 247 0.707692307692 362 120 18 0 0 0 0 0 0 0 0 0 0 0 0 0 0 0 0 0
"248" 248 0.0662251655629 500 0 0 0 0 0 0 0 0 0 0 0 0 0 0 0 0 0 0 0
"249" 249 0.273255813953 500 0 0 0 0 0 0 0 0 0 0 0 0 0 0 0 0 0 0 0
"250" 250 0.010152284264 269 231 0 0 0 0 0 0 0 0 0 0 0 0 0 0 0 0 0 0
"251" 251 0.476793248945 499 1 0 0 0 0 0 0 0 0 0 0 0 0 0 0 0 0 0 0
"252" 252 0.147321428571 324 176 0 0 0 0 0 0 0 0 0 0 0 0 0 0 0 0 0 0
"253" 253 0.0 499 1 0 0 0 0 0 0 0 0 0 0 0 0 0 0 0 0 0 0
"254" 254 0.0 487 12 1 0 0 0 0 0 0 0 0 0 0 0 0 0 0 0 0 0
"255" 255 0.00574712643678 264 235 1 0 0 0 0 0 0 0 0 0 0 0 0 0 0 0 0 0
"256" 256 0.00581395348837 494 6 0 0 0 0 0 0 0 0 0 0 0 0 0 0 0 0 0 0
"257" 257 0.107692307692 379 118 3 0 0 0 0 0 0 0 0 0 0 0 0 0 0 0 0 0
"258" 258 0.0 500 0 0 0 0 0 0 0 0 0 0 0 0 0 0 0 0 0 0 0
"259" 259 0.0558375634518 500 0 0 0 0 0 0 0 0 0 0 0 0 0 0 0 0 0 0 0
"260" 260 0.261603375527 352 92 54 2 0 0 0 0 0 0 0 0 0 0 0 0 0 0 0 0
"261" 261 0.199004975124 263 165 68 2 2 0 0 0 0 0 0 0 0 0 0 0 0 0 0 0
"262" 262 0.245283018868 284 85 74 57 0 0 0 0 0 0 0 0 0 0 0 0 0 0 0 0
"263" 263 0.732142857143 354 92 54 0 0 0 0 0 0 0 0 0 0 0 0 0 0 0 0 0
"264" 264 0.6875 308 118 53 21 0 0 0 0 0 0 0 0 0 0 0 0 0 0 0 0
"265" 265 0.270042194093 500 0 0 0 0 0 0 0 0 0 0 0 0 0 0 0 0 0 0 0
"266" 266 0.658227848101 496 3 1 0 0 0 0 0 0 0 0 0 0 0 0 0 0 0 0 0
"267" 267 0.0355329949239 500 0 0 0 0 0 0 0 0 0 0 0 0 0 0 0 0 0 0 0
"268" 268 0.575892857143 488 12 0 0 0 0 0 0 0 0 0 0 0 0 0 0 0 0 0 0
"269" 269 0.302919708029 488 12 0 0 0 0 0 0 0 0 0 0 0 0 0 0 0 0 0 0
"270" 270 0.255230125523 275 201 13 10 1 0 0 0 0 0 0 0 0 0 0 0 0 0 0 0
"271" 271 0.413502109705 471 26 3 0 0 0 0 0 0 0 0 0 0 0 0 0 0 0 0 0
"272" 272 0.291479820628 480 15 5 0 0 0 0 0 0 0 0 0 0 0 0 0 0 0 0 0
"273" 273 0.114427860697 497 3 0 0 0 0 0 0 0 0 0 0 0 0 0 0 0 0 0 0
"274" 274 0.278145695364 468 31 1 0 0 0 0 0 0 0 0 0 0 0 0 0 0 0 0 0
"275" 275 0.00574712643678 443 43 14 0 0 0 0 0 0 0 0 0 0 0 0 0 0 0 0 0
"276" 276 0.0 457 43 0 0 0 0 0 0 0 0 0 0 0 0 0 0 0 0 0 0
"277" 277 0.440251572327 435 43 19 3 0 0 0 0 0 0 0 0 0 0 0 0 0 0 0 0
"278" 278 0.179104477612 355 69 31 27 12 5 1 0 0 0 0 0 0 0 0 0 0 0 0 0
"279" 279 0.00497512437811 499 1 0 0 0 0 0 0 0 0 0 0 0 0 0 0 0 0 0 0
"280" 280 0.0 500 0 0 0 0 0 0 0 0 0 0 0 0 0 0 0 0 0 0 0
"281" 281 0.290178571429 294 67 62 39 26 7 5 0 0 0 0 0 0 0 0 0 0 0 0 0
"282" 282 0.0077519379845 386 92 13 4 3 2 0 0 0 0 0 0 0 0 0 0 0 0 0 0
"283" 283 0.0 500 0 0 0 0 0 0 0 0 0 0 0 0 0 0 0 0 0 0 0
"284" 284 0.223350253807 244 233 18 5 0 0 0 0 0 0 0 0 0 0 0 0 0 0 0 0
"285" 285 0.164233576642 297 104 42 28 18 4 3 2 1 1 0 0 0 0 0 0 0 0 0 0
"286" 286 0.0919540229885 223 190 32 17 14 11 7 4 1 1 0 0 0 0 0 0 0 0 0 0
"287" 287 0.22009569378 253 163 61 20 2 1 0 0 0 0 0 0 0 0 0 0 0 0 0 0
"288" 288 0.473214285714 196 116 114 64 7 3 0 0 0 0 0 0 0 0 0 0 0 0 0 0
"289" 289 0.798206278027 500 0 0 0 0 0 0 0 0 0 0 0 0 0 0 0 0 0 0 0
"290" 290 0.340807174888 370 123 5 2 0 0 0 0 0 0 0 0 0 0 0 0 0 0 0 0
"291" 291 0.437086092715 498 2 0 0 0 0 0 0 0 0 0 0 0 0 0 0 0 0 0 0
"292" 292 0.114942528736 233 157 71 14 9 9 3 2 1 1 0 0 0 0 0 0 0 0 0 0
"293" 293 0.516556291391 497 3 0 0 0 0 0 0 0 0 0 0 0 0 0 0 0 0 0 0
"294" 294 0.631178707224 500 0 0 0 0 0 0 0 0 0 0 0 0 0 0 0 0 0 0 0
"295" 295 0.199004975124 327 65 34 29 18 8 7 5 4 3 0 0 0 0 0 0 0 0 0 0
"296" 296 0.573221757322 478 9 7 6 0 0 0 0 0 0 0 0 0 0 0 0 0 0 0 0
