"site" "RSA" "aa1" "aa2" "aa3" "aa4" "aa5" "aa6" "aa7" "aa8" "aa9" "aa10" "aa11" "aa12" "aa13" "aa14" "aa15" "aa16" "aa17" "aa18" "aa19" "aa20"
"0" 0 0.324503311258 13 4 4 3 2 0 0 0 0 0 0 0 0 0 0 0 0 0 0 0
"1" 1 0.548076923077 21 3 2 1 1 1 1 1 1 1 0 0 0 0 0 0 0 0 0 0
"2" 2 0.569230769231 14 14 5 4 3 2 1 1 1 0 0 0 0 0 0 0 0 0 0 0
"3" 3 0.0 56 7 5 2 1 1 1 0 0 0 0 0 0 0 0 0 0 0 0 0
"4" 4 0.583941605839 20 19 19 9 7 5 3 3 3 2 2 1 1 1 0 0 0 0 0 0
"5" 5 0.451776649746 56 48 12 2 0 0 0 0 0 0 0 0 0 0 0 0 0 0 0 0
"6" 6 0.480769230769 43 32 18 12 8 6 1 0 0 0 0 0 0 0 0 0 0 0 0 0
"7" 7 0.459915611814 62 25 11 8 7 4 3 3 2 1 1 0 0 0 0 0 0 0 0 0
"8" 8 0.616352201258 85 8 7 7 7 4 4 2 1 1 1 1 0 0 0 0 0 0 0 0
"9" 9 0.062015503876 132 1 0 0 0 0 0 0 0 0 0 0 0 0 0 0 0 0 0 0
"10" 10 0.106918238994 135 0 0 0 0 0 0 0 0 0 0 0 0 0 0 0 0 0 0 0
"11" 11 0.476683937824 51 16 11 10 9 7 5 5 4 4 4 3 2 1 1 1 0 0 0 0
"12" 12 0.0502092050209 124 9 1 0 0 0 0 0 0 0 0 0 0 0 0 0 0 0 0 0
"13" 13 0.514767932489 43 29 21 20 6 5 3 2 2 2 1 0 0 0 0 0 0 0 0 0
"14" 14 0.0542635658915 56 50 10 7 3 3 3 1 1 0 0 0 0 0 0 0 0 0 0 0
"15" 15 0.220930232558 71 11 10 9 8 5 5 4 3 3 2 1 1 1 0 0 0 0 0 0
"16" 16 0.0 127 2 2 2 1 0 0 0 0 0 0 0 0 0 0 0 0 0 0 0
"17" 17 0.0172413793103 113 8 4 4 2 2 1 0 0 0 0 0 0 0 0 0 0 0 0 0
"18" 18 0.155172413793 67 19 11 10 9 6 3 2 2 1 1 1 1 1 0 0 0 0 0 0
"19" 19 0.704663212435 54 50 8 6 5 4 2 2 1 1 1 0 0 0 0 0 0 0 0 0
"20" 20 0.423076923077 99 13 7 7 2 2 2 1 1 1 0 0 0 0 0 0 0 0 0 0
"21" 21 0.426356589147 50 17 14 13 12 10 6 6 4 2 1 0 0 0 0 0 0 0 0 0
"22" 22 0.359832635983 113 13 5 4 1 0 0 0 0 0 0 0 0 0 0 0 0 0 0 0
"23" 23 0.535864978903 79 10 10 8 6 5 5 4 3 2 1 1 1 1 0 0 0 0 0 0
"24" 24 0.388392857143 53 34 15 14 7 4 3 3 2 1 0 0 0 0 0 0 0 0 0 0
"25" 25 0.0172413793103 81 25 16 5 3 2 2 1 1 0 0 0 0 0 0 0 0 0 0 0
"26" 26 0.329113924051 59 55 6 5 4 2 2 1 1 1 1 0 0 0 0 0 0 0 0 0
"27" 27 0.0845771144279 130 4 1 1 1 0 0 0 0 0 0 0 0 0 0 0 0 0 0 0
"28" 28 0.397350993377 80 12 10 9 7 7 5 2 1 1 1 1 1 0 0 0 0 0 0 0
"29" 29 0.471502590674 100 15 9 6 3 2 2 1 0 0 0 0 0 0 0 0 0 0 0 0
"30" 30 0.133079847909 108 24 3 2 1 0 0 0 0 0 0 0 0 0 0 0 0 0 0 0
"31" 31 0.603375527426 68 36 11 6 5 2 2 2 2 2 1 1 0 0 0 0 0 0 0 0
"32" 32 0.625 133 2 2 1 0 0 0 0 0 0 0 0 0 0 0 0 0 0 0 0
"33" 33 0.413502109705 123 9 5 1 0 0 0 0 0 0 0 0 0 0 0 0 0 0 0 0
"34" 34 0.041825095057 112 23 2 1 0 0 0 0 0 0 0 0 0 0 0 0 0 0 0 0
"35" 35 0.0114942528736 80 48 4 3 1 1 1 0 0 0 0 0 0 0 0 0 0 0 0 0
"36" 36 0.0 110 12 12 2 1 1 0 0 0 0 0 0 0 0 0 0 0 0 0 0
"37" 37 0.0 112 19 4 2 1 0 0 0 0 0 0 0 0 0 0 0 0 0 0 0
"38" 38 0.0 114 9 7 5 2 1 0 0 0 0 0 0 0 0 0 0 0 0 0 0
"39" 39 0.0 134 3 1 0 0 0 0 0 0 0 0 0 0 0 0 0 0 0 0 0
"40" 40 0.0304182509506 133 3 1 1 0 0 0 0 0 0 0 0 0 0 0 0 0 0 0 0
"41" 41 0.0503144654088 138 0 0 0 0 0 0 0 0 0 0 0 0 0 0 0 0 0 0 0
"42" 42 0.303482587065 112 14 6 4 2 0 0 0 0 0 0 0 0 0 0 0 0 0 0 0
"43" 43 0.0518134715026 131 4 4 0 0 0 0 0 0 0 0 0 0 0 0 0 0 0 0 0
"44" 44 0.430962343096 135 2 1 1 0 0 0 0 0 0 0 0 0 0 0 0 0 0 0 0
"45" 45 0.232558139535 134 5 0 0 0 0 0 0 0 0 0 0 0 0 0 0 0 0 0 0
"46" 46 0.715481171548 133 5 0 0 0 0 0 0 0 0 0 0 0 0 0 0 0 0 0 0
"47" 47 0.212643678161 138 1 0 0 0 0 0 0 0 0 0 0 0 0 0 0 0 0 0 0
"48" 48 0.100628930818 138 1 0 0 0 0 0 0 0 0 0 0 0 0 0 0 0 0 0 0
"49" 49 0.511627906977 133 6 0 0 0 0 0 0 0 0 0 0 0 0 0 0 0 0 0 0
"50" 50 0.0401785714286 139 0 0 0 0 0 0 0 0 0 0 0 0 0 0 0 0 0 0 0
"51" 51 0.010152284264 119 17 3 0 0 0 0 0 0 0 0 0 0 0 0 0 0 0 0 0
"52" 52 0.157360406091 91 16 13 10 3 3 2 1 0 0 0 0 0 0 0 0 0 0 0 0
"53" 53 0.294573643411 117 8 7 5 1 1 0 0 0 0 0 0 0 0 0 0 0 0 0 0
"54" 54 0.00418410041841 130 8 1 0 0 0 0 0 0 0 0 0 0 0 0 0 0 0 0 0
"55" 55 0.0 113 16 5 2 2 1 0 0 0 0 0 0 0 0 0 0 0 0 0 0
"56" 56 0.512820512821 100 18 12 6 2 1 0 0 0 0 0 0 0 0 0 0 0 0 0 0
"57" 57 0.277372262774 88 18 17 6 4 2 1 1 1 1 0 0 0 0 0 0 0 0 0 0
"58" 58 0.015503875969 46 26 24 15 11 6 4 3 1 1 1 1 0 0 0 0 0 0 0 0
"59" 59 0.495535714286 46 28 17 14 13 7 5 3 3 2 1 0 0 0 0 0 0 0 0 0
"60" 60 0.264248704663 98 19 9 5 5 1 1 1 0 0 0 0 0 0 0 0 0 0 0 0
"61" 61 0.0 139 0 0 0 0 0 0 0 0 0 0 0 0 0 0 0 0 0 0 0
"62" 62 0.255474452555 48 40 13 11 9 6 5 3 2 1 1 0 0 0 0 0 0 0 0 0
"63" 63 0.658227848101 59 23 17 14 10 8 3 2 2 1 0 0 0 0 0 0 0 0 0 0
"64" 64 0.268656716418 55 42 16 9 5 3 3 3 1 1 1 0 0 0 0 0 0 0 0 0
"65" 65 0.259615384615 80 43 11 2 2 1 0 0 0 0 0 0 0 0 0 0 0 0 0 0
"66" 66 0.0 61 44 20 13 1 0 0 0 0 0 0 0 0 0 0 0 0 0 0 0
"67" 67 0.133928571429 92 20 7 5 4 4 3 2 1 1 0 0 0 0 0 0 0 0 0 0
"68" 68 0.0114942528736 114 13 12 0 0 0 0 0 0 0 0 0 0 0 0 0 0 0 0 0
"69" 69 0.0 48 45 37 5 2 2 0 0 0 0 0 0 0 0 0 0 0 0 0 0
"70" 70 0.0 73 53 5 4 2 1 1 0 0 0 0 0 0 0 0 0 0 0 0 0
"71" 71 0.0 56 49 24 5 2 1 1 1 0 0 0 0 0 0 0 0 0 0 0 0
"72" 72 0.0 139 0 0 0 0 0 0 0 0 0 0 0 0 0 0 0 0 0 0 0
"73" 73 0.0229885057471 58 49 17 11 2 1 0 0 0 0 0 0 0 0 0 0 0 0 0 0
"74" 74 0.155440414508 139 0 0 0 0 0 0 0 0 0 0 0 0 0 0 0 0 0 0 0
"75" 75 0.205298013245 137 2 0 0 0 0 0 0 0 0 0 0 0 0 0 0 0 0 0 0
"76" 76 0.165919282511 58 26 20 16 13 3 2 1 0 0 0 0 0 0 0 0 0 0 0 0
"77" 77 0.560669456067 105 32 1 1 0 0 0 0 0 0 0 0 0 0 0 0 0 0 0 0
"78" 78 0.279069767442 73 42 11 8 5 0 0 0 0 0 0 0 0 0 0 0 0 0 0 0
"79" 79 0.0 135 4 0 0 0 0 0 0 0 0 0 0 0 0 0 0 0 0 0 0
"80" 80 0.203980099502 121 4 4 4 2 1 1 1 1 0 0 0 0 0 0 0 0 0 0 0
"81" 81 0.372093023256 124 5 4 3 1 1 1 0 0 0 0 0 0 0 0 0 0 0 0 0
"82" 82 0.00354609929078 130 5 3 1 0 0 0 0 0 0 0 0 0 0 0 0 0 0 0 0
"83" 83 0.0862944162437 53 29 17 7 7 5 5 4 3 3 2 2 2 0 0 0 0 0 0 0
"84" 84 0.610256410256 89 22 12 5 2 2 2 2 1 1 0 0 0 0 0 0 0 0 0 0
"85" 85 0.203488372093 96 15 11 4 3 3 2 2 1 1 1 0 0 0 0 0 0 0 0 0
"86" 86 0.421383647799 97 20 8 5 3 3 2 1 0 0 0 0 0 0 0 0 0 0 0 0
"87" 87 0.248175182482 122 11 6 0 0 0 0 0 0 0 0 0 0 0 0 0 0 0 0 0
"88" 88 0.675105485232 99 15 8 8 3 2 2 2 0 0 0 0 0 0 0 0 0 0 0 0
"89" 89 0.660714285714 36 30 16 16 9 7 7 6 5 5 1 1 0 0 0 0 0 0 0 0
"90" 90 0.346153846154 139 0 0 0 0 0 0 0 0 0 0 0 0 0 0 0 0 0 0 0
"91" 91 0.00961538461538 139 0 0 0 0 0 0 0 0 0 0 0 0 0 0 0 0 0 0 0
"92" 92 0.0 109 20 10 0 0 0 0 0 0 0 0 0 0 0 0 0 0 0 0 0
"93" 93 0.0384615384615 134 4 1 0 0 0 0 0 0 0 0 0 0 0 0 0 0 0 0 0
"94" 94 0.647798742138 23 22 20 17 16 13 9 8 5 3 1 1 1 0 0 0 0 0 0 0
"95" 95 0.0796019900498 56 43 30 8 1 1 0 0 0 0 0 0 0 0 0 0 0 0 0 0
"96" 96 0.446153846154 48 37 14 9 7 6 5 4 4 3 1 1 0 0 0 0 0 0 0 0
"97" 97 0.0304568527919 87 41 6 5 0 0 0 0 0 0 0 0 0 0 0 0 0 0 0 0
"98" 98 0.062893081761 134 2 1 1 1 0 0 0 0 0 0 0 0 0 0 0 0 0 0 0
"99" 99 0.0 113 12 8 6 0 0 0 0 0 0 0 0 0 0 0 0 0 0 0 0
"100" 100 0.0 89 30 18 1 1 0 0 0 0 0 0 0 0 0 0 0 0 0 0 0
"101" 101 0.077519379845 74 62 1 1 1 0 0 0 0 0 0 0 0 0 0 0 0 0 0 0
"102" 102 0.0103626943005 139 0 0 0 0 0 0 0 0 0 0 0 0 0 0 0 0 0 0 0
"103" 103 0.436781609195 44 33 19 13 7 6 5 4 4 3 1 0 0 0 0 0 0 0 0 0
"104" 104 0.656976744186 51 36 22 19 5 2 2 1 1 0 0 0 0 0 0 0 0 0 0 0
"105" 105 0.288321167883 66 30 16 11 4 4 2 2 2 1 1 0 0 0 0 0 0 0 0 0
"106" 106 0.598540145985 29 26 26 18 16 8 7 3 2 2 2 0 0 0 0 0 0 0 0 0
"107" 107 0.0348258706468 114 13 8 2 1 1 0 0 0 0 0 0 0 0 0 0 0 0 0 0
"108" 108 0.0 84 46 5 3 1 0 0 0 0 0 0 0 0 0 0 0 0 0 0 0
"109" 109 0.508928571429 52 48 8 8 7 6 4 2 2 1 1 0 0 0 0 0 0 0 0 0
"110" 110 0.124352331606 80 30 15 8 2 1 1 1 1 0 0 0 0 0 0 0 0 0 0 0
"111" 111 0.0 133 5 1 0 0 0 0 0 0 0 0 0 0 0 0 0 0 0 0 0
"112" 112 0.355769230769 113 11 10 2 1 1 1 0 0 0 0 0 0 0 0 0 0 0 0 0
"113" 113 0.0172413793103 127 5 3 3 1 0 0 0 0 0 0 0 0 0 0 0 0 0 0 0
"114" 114 0.164179104478 117 16 3 1 1 1 0 0 0 0 0 0 0 0 0 0 0 0 0 0
"115" 115 0.151898734177 38 21 21 20 7 6 5 4 4 3 2 2 1 1 1 0 0 0 0 0
"116" 116 0.71511627907 83 13 13 7 3 3 3 2 2 2 2 1 0 0 0 0 0 0 0 0
"117" 117 0.694300518135 60 44 8 8 6 4 3 2 1 1 0 0 0 0 0 0 0 0 0 0
"118" 118 0.482142857143 39 22 15 14 12 12 6 5 4 3 3 2 0 0 0 0 0 0 0 0
"119" 119 0.173076923077 129 1 1 1 1 0 0 0 0 0 0 0 0 0 0 0 0 0 0 0
"120" 120 0.0507614213198 57 44 17 8 4 3 2 1 1 1 1 0 0 0 0 0 0 0 0 0
"121" 121 0.0 94 20 12 12 1 0 0 0 0 0 0 0 0 0 0 0 0 0 0 0
"122" 122 0.254752851711 83 27 24 2 1 1 1 0 0 0 0 0 0 0 0 0 0 0 0 0
"123" 123 0.0474452554745 138 1 0 0 0 0 0 0 0 0 0 0 0 0 0 0 0 0 0 0
"124" 124 0.0 135 4 0 0 0 0 0 0 0 0 0 0 0 0 0 0 0 0 0 0
"125" 125 0.0199004975124 113 15 4 2 2 1 1 1 0 0 0 0 0 0 0 0 0 0 0 0
"126" 126 0.0 132 3 2 1 1 0 0 0 0 0 0 0 0 0 0 0 0 0 0 0
"127" 127 0.0 108 26 4 1 0 0 0 0 0 0 0 0 0 0 0 0 0 0 0 0
"128" 128 0.00507614213198 137 2 0 0 0 0 0 0 0 0 0 0 0 0 0 0 0 0 0 0
"129" 129 0.0673575129534 134 4 1 0 0 0 0 0 0 0 0 0 0 0 0 0 0 0 0 0
"130" 130 0.173076923077 55 29 18 13 9 5 3 2 1 1 1 1 1 0 0 0 0 0 0 0
"131" 131 0.721518987342 75 23 15 6 5 4 3 3 2 1 1 1 0 0 0 0 0 0 0 0
"132" 132 0.0961538461538 124 13 2 0 0 0 0 0 0 0 0 0 0 0 0 0 0 0 0 0
"133" 133 0.183908045977 59 40 13 13 4 3 3 2 1 1 0 0 0 0 0 0 0 0 0 0
"134" 134 0.0 83 29 27 0 0 0 0 0 0 0 0 0 0 0 0 0 0 0 0 0
"135" 135 0.204379562044 121 13 3 2 0 0 0 0 0 0 0 0 0 0 0 0 0 0 0 0
"136" 136 0.156950672646 83 45 4 2 2 1 1 1 0 0 0 0 0 0 0 0 0 0 0 0
"137" 137 0.258883248731 79 13 11 8 6 6 5 4 4 3 0 0 0 0 0 0 0 0 0 0
"138" 138 0.220930232558 101 17 10 5 2 2 1 1 0 0 0 0 0 0 0 0 0 0 0 0
"139" 139 0.385057471264 72 48 16 2 1 0 0 0 0 0 0 0 0 0 0 0 0 0 0 0
"140" 140 0.205128205128 137 1 1 0 0 0 0 0 0 0 0 0 0 0 0 0 0 0 0 0
"141" 141 0.507772020725 120 13 3 2 1 0 0 0 0 0 0 0 0 0 0 0 0 0 0 0
"142" 142 0.174129353234 114 7 4 3 3 3 2 2 1 0 0 0 0 0 0 0 0 0 0 0
"143" 143 0.591194968553 119 7 5 3 3 2 0 0 0 0 0 0 0 0 0 0 0 0 0 0
"144" 144 0.534482758621 111 12 9 7 0 0 0 0 0 0 0 0 0 0 0 0 0 0 0 0
"145" 145 0.278846153846 139 0 0 0 0 0 0 0 0 0 0 0 0 0 0 0 0 0 0 0
"146" 146 0.116788321168 139 0 0 0 0 0 0 0 0 0 0 0 0 0 0 0 0 0 0 0
"147" 147 0.384105960265 102 31 3 3 0 0 0 0 0 0 0 0 0 0 0 0 0 0 0 0
"148" 148 0.0747126436782 129 9 1 0 0 0 0 0 0 0 0 0 0 0 0 0 0 0 0 0
"149" 149 0.507772020725 112 22 3 1 1 0 0 0 0 0 0 0 0 0 0 0 0 0 0 0
"150" 150 0.357142857143 139 0 0 0 0 0 0 0 0 0 0 0 0 0 0 0 0 0 0 0
"151" 151 0.031007751938 79 30 17 4 4 2 2 1 0 0 0 0 0 0 0 0 0 0 0 0
"152" 152 0.0995024875622 118 18 1 1 1 0 0 0 0 0 0 0 0 0 0 0 0 0 0 0
"153" 153 0.160583941606 138 0 0 0 0 0 0 0 0 0 0 0 0 0 0 0 0 0 0 0
"154" 154 0.0995024875622 105 14 9 8 2 0 0 0 0 0 0 0 0 0 0 0 0 0 0 0
"155" 155 0.0 84 34 20 0 0 0 0 0 0 0 0 0 0 0 0 0 0 0 0 0
"156" 156 0.210762331839 72 32 18 12 3 1 0 0 0 0 0 0 0 0 0 0 0 0 0 0
"157" 157 0.077519379845 137 1 0 0 0 0 0 0 0 0 0 0 0 0 0 0 0 0 0 0
"158" 158 0.192468619247 102 15 12 5 2 1 0 0 0 0 0 0 0 0 0 0 0 0 0 0
"159" 159 0.116591928251 126 5 2 2 1 1 0 0 0 0 0 0 0 0 0 0 0 0 0 0
"160" 160 0.285171102662 89 38 8 1 0 0 0 0 0 0 0 0 0 0 0 0 0 0 0 0
"161" 161 0.18023255814 67 44 8 5 5 5 1 1 0 0 0 0 0 0 0 0 0 0 0 0
"162" 162 0.388601036269 79 37 11 7 1 1 0 0 0 0 0 0 0 0 0 0 0 0 0 0
"163" 163 0.625 59 40 12 9 5 4 2 2 1 1 1 0 0 0 0 0 0 0 0 0
"164" 164 0.468899521531 104 14 8 7 1 1 0 0 0 0 0 0 0 0 0 0 0 0 0 0
"165" 165 0.490384615385 121 10 2 2 0 0 0 0 0 0 0 0 0 0 0 0 0 0 0 0
"166" 166 0.191964285714 127 4 1 1 1 1 0 0 0 0 0 0 0 0 0 0 0 0 0 0
"167" 167 0.373563218391 133 1 0 0 0 0 0 0 0 0 0 0 0 0 0 0 0 0 0 0
"168" 168 0.23417721519 131 2 1 0 0 0 0 0 0 0 0 0 0 0 0 0 0 0 0 0
"169" 169 0.163522012579 133 1 0 0 0 0 0 0 0 0 0 0 0 0 0 0 0 0 0 0
"170" 170 0.821705426357 120 8 3 1 1 1 0 0 0 0 0 0 0 0 0 0 0 0 0 0
"171" 171 0.5 70 45 6 6 3 2 1 1 0 0 0 0 0 0 0 0 0 0 0 0
"172" 172 0.0248226950355 134 0 0 0 0 0 0 0 0 0 0 0 0 0 0 0 0 0 0 0
"173" 173 0.548523206751 68 20 17 9 7 4 4 3 2 0 0 0 0 0 0 0 0 0 0 0
"174" 174 0.465408805031 96 18 14 2 1 1 1 1 0 0 0 0 0 0 0 0 0 0 0 0
"175" 175 0.817307692308 116 7 6 5 0 0 0 0 0 0 0 0 0 0 0 0 0 0 0 0
"176" 176 0.344370860927 42 24 23 13 10 9 8 4 0 0 0 0 0 0 0 0 0 0 0 0
"177" 177 0.300518134715 46 35 15 11 10 5 3 2 2 1 1 0 0 0 0 0 0 0 0 0
"178" 178 0.127906976744 113 7 6 6 1 0 0 0 0 0 0 0 0 0 0 0 0 0 0 0
"179" 179 0.137055837563 75 54 3 1 0 0 0 0 0 0 0 0 0 0 0 0 0 0 0 0
"180" 180 0.308016877637 89 16 15 3 1 1 1 1 1 0 0 0 0 0 0 0 0 0 0 0
"181" 181 0.522012578616 95 26 2 2 1 1 0 0 0 0 0 0 0 0 0 0 0 0 0 0
"182" 182 0.384615384615 73 23 11 9 7 6 3 0 0 0 0 0 0 0 0 0 0 0 0 0
"183" 183 0.626436781609 71 28 10 6 5 2 2 2 1 1 1 0 0 0 0 0 0 0 0 0
"184" 184 0.668393782383 40 25 10 10 8 8 7 7 4 4 2 1 1 0 0 0 0 0 0 0
"185" 185 0.373056994819 39 31 19 14 7 6 5 3 3 0 0 0 0 0 0 0 0 0 0 0
"186" 186 0.0927152317881 82 19 10 7 4 3 1 1 1 1 0 0 0 0 0 0 0 0 0 0
"187" 187 0.510548523207 79 16 13 8 4 2 2 1 1 1 1 1 0 0 0 0 0 0 0 0
"188" 188 0.5 80 13 9 6 6 5 3 2 2 1 1 0 0 0 0 0 0 0 0 0
"189" 189 0.182509505703 112 16 0 0 0 0 0 0 0 0 0 0 0 0 0 0 0 0 0 0
"190" 190 0.401673640167 115 8 4 1 0 0 0 0 0 0 0 0 0 0 0 0 0 0 0 0
"191" 191 0.569536423841 38 22 19 9 8 5 4 3 3 2 0 0 0 0 0 0 0 0 0 0
"192" 192 0.607594936709 65 8 6 6 5 4 1 1 1 0 0 0 0 0 0 0 0 0 0 0
"193" 193 0.377990430622 20 20 17 13 4 3 2 1 0 0 0 0 0 0 0 0 0 0 0 0
"194" 194 0.907692307692 38 4 2 2 1 1 0 0 0 0 0 0 0 0 0 0 0 0 0 0
