"site" "RSA" "aa1" "aa2" "aa3" "aa4" "aa5" "aa6" "aa7" "aa8" "aa9" "aa10" "aa11" "aa12" "aa13" "aa14" "aa15" "aa16" "aa17" "aa18" "aa19" "aa20"
"0" 0 0.773255813953 374 76 40 10 0 0 0 0 0 0 0 0 0 0 0 0 0 0 0 0
"1" 1 0.313432835821 444 48 6 2 0 0 0 0 0 0 0 0 0 0 0 0 0 0 0 0
"2" 2 0.15611814346 259 156 40 19 18 6 1 1 0 0 0 0 0 0 0 0 0 0 0 0
"3" 3 0.0 269 160 70 1 0 0 0 0 0 0 0 0 0 0 0 0 0 0 0 0
"4" 4 0.0 496 1 1 1 1 0 0 0 0 0 0 0 0 0 0 0 0 0 0 0
"5" 5 0.0 500 0 0 0 0 0 0 0 0 0 0 0 0 0 0 0 0 0 0 0
"6" 6 0.046357615894 210 125 109 32 24 0 0 0 0 0 0 0 0 0 0 0 0 0 0 0
"7" 7 0.0 333 109 55 2 1 0 0 0 0 0 0 0 0 0 0 0 0 0 0 0
"8" 8 0.149253731343 199 160 87 50 3 1 0 0 0 0 0 0 0 0 0 0 0 0 0 0
"9" 9 0.31007751938 425 67 7 1 0 0 0 0 0 0 0 0 0 0 0 0 0 0 0 0
"10" 10 0.108527131783 286 145 58 9 2 0 0 0 0 0 0 0 0 0 0 0 0 0 0 0
"11" 11 0.383419689119 428 72 0 0 0 0 0 0 0 0 0 0 0 0 0 0 0 0 0 0
"12" 12 0.422053231939 336 164 0 0 0 0 0 0 0 0 0 0 0 0 0 0 0 0 0 0
"13" 13 0.635658914729 428 72 0 0 0 0 0 0 0 0 0 0 0 0 0 0 0 0 0 0
"14" 14 0.420512820513 489 11 0 0 0 0 0 0 0 0 0 0 0 0 0 0 0 0 0 0
"15" 15 0.1589958159 496 3 1 0 0 0 0 0 0 0 0 0 0 0 0 0 0 0 0 0
"16" 16 0.341085271318 453 41 6 0 0 0 0 0 0 0 0 0 0 0 0 0 0 0 0 0
"17" 17 0.370860927152 362 133 5 0 0 0 0 0 0 0 0 0 0 0 0 0 0 0 0 0
"18" 18 0.0580357142857 491 8 1 0 0 0 0 0 0 0 0 0 0 0 0 0 0 0 0 0
"19" 19 0.0 499 1 0 0 0 0 0 0 0 0 0 0 0 0 0 0 0 0 0 0
"20" 20 0.364341085271 363 135 1 1 0 0 0 0 0 0 0 0 0 0 0 0 0 0 0 0
"21" 21 0.215328467153 480 11 9 0 0 0 0 0 0 0 0 0 0 0 0 0 0 0 0 0
"22" 22 0.0 491 9 0 0 0 0 0 0 0 0 0 0 0 0 0 0 0 0 0 0
"23" 23 0.3125 346 135 19 0 0 0 0 0 0 0 0 0 0 0 0 0 0 0 0 0
"24" 24 0.620535714286 397 52 30 21 0 0 0 0 0 0 0 0 0 0 0 0 0 0 0 0
"25" 25 0.0988372093023 272 227 1 0 0 0 0 0 0 0 0 0 0 0 0 0 0 0 0 0
"26" 26 0.373056994819 398 48 32 12 10 0 0 0 0 0 0 0 0 0 0 0 0 0 0 0
"27" 27 0.0232558139535 500 0 0 0 0 0 0 0 0 0 0 0 0 0 0 0 0 0 0 0
"28" 28 0.272321428571 356 115 10 9 6 4 0 0 0 0 0 0 0 0 0 0 0 0 0 0
"29" 29 0.0456273764259 220 190 34 19 9 6 5 4 4 3 3 1 1 1 0 0 0 0 0 0
"30" 30 0.0 442 53 4 1 0 0 0 0 0 0 0 0 0 0 0 0 0 0 0 0
"31" 31 0.0 176 112 64 55 35 20 12 10 9 6 1 0 0 0 0 0 0 0 0 0
"32" 32 0.0 331 169 0 0 0 0 0 0 0 0 0 0 0 0 0 0 0 0 0 0
"33" 33 0.0310880829016 321 75 34 26 14 13 12 3 2 0 0 0 0 0 0 0 0 0 0 0
"34" 34 0.0406091370558 225 184 81 4 3 2 1 0 0 0 0 0 0 0 0 0 0 0 0 0
"35" 35 0.0366972477064 487 8 3 2 0 0 0 0 0 0 0 0 0 0 0 0 0 0 0 0
"36" 36 0.165803108808 500 0 0 0 0 0 0 0 0 0 0 0 0 0 0 0 0 0 0 0
"37" 37 0.211538461538 500 0 0 0 0 0 0 0 0 0 0 0 0 0 0 0 0 0 0 0
"38" 38 0.650224215247 497 3 0 0 0 0 0 0 0 0 0 0 0 0 0 0 0 0 0 0
"39" 39 0.171548117155 487 10 3 0 0 0 0 0 0 0 0 0 0 0 0 0 0 0 0 0
"40" 40 0.0459770114943 496 3 1 0 0 0 0 0 0 0 0 0 0 0 0 0 0 0 0 0
"41" 41 0.635220125786 488 12 0 0 0 0 0 0 0 0 0 0 0 0 0 0 0 0 0 0
"42" 42 0.45641025641 478 10 10 2 0 0 0 0 0 0 0 0 0 0 0 0 0 0 0 0
"43" 43 0.664974619289 497 3 0 0 0 0 0 0 0 0 0 0 0 0 0 0 0 0 0 0
"44" 44 0.198675496689 500 0 0 0 0 0 0 0 0 0 0 0 0 0 0 0 0 0 0 0
"45" 45 0.0962343096234 500 0 0 0 0 0 0 0 0 0 0 0 0 0 0 0 0 0 0 0
"46" 46 0.307692307692 477 16 7 0 0 0 0 0 0 0 0 0 0 0 0 0 0 0 0 0
"47" 47 0.131782945736 435 42 16 7 0 0 0 0 0 0 0 0 0 0 0 0 0 0 0 0
"48" 48 0.740932642487 475 16 7 2 0 0 0 0 0 0 0 0 0 0 0 0 0 0 0 0
"49" 49 0.252873563218 357 139 3 1 0 0 0 0 0 0 0 0 0 0 0 0 0 0 0 0
"50" 50 0.0 322 106 72 0 0 0 0 0 0 0 0 0 0 0 0 0 0 0 0 0
"51" 51 0.294573643411 500 0 0 0 0 0 0 0 0 0 0 0 0 0 0 0 0 0 0 0
"52" 52 0.483443708609 498 2 0 0 0 0 0 0 0 0 0 0 0 0 0 0 0 0 0 0
"53" 53 0.0137614678899 499 1 0 0 0 0 0 0 0 0 0 0 0 0 0 0 0 0 0 0
"54" 54 0.189781021898 477 21 1 1 0 0 0 0 0 0 0 0 0 0 0 0 0 0 0 0
"55" 55 0.675105485232 477 23 0 0 0 0 0 0 0 0 0 0 0 0 0 0 0 0 0 0
"56" 56 0.377990430622 452 48 0 0 0 0 0 0 0 0 0 0 0 0 0 0 0 0 0 0
"57" 57 0.0596026490066 408 92 0 0 0 0 0 0 0 0 0 0 0 0 0 0 0 0 0 0
"58" 58 0.759493670886 459 41 0 0 0 0 0 0 0 0 0 0 0 0 0 0 0 0 0 0
"59" 59 0.144278606965 435 41 15 5 3 1 0 0 0 0 0 0 0 0 0 0 0 0 0 0
"60" 60 0.224137931034 429 33 18 13 5 1 1 0 0 0 0 0 0 0 0 0 0 0 0 0
"61" 61 0.0 408 91 1 0 0 0 0 0 0 0 0 0 0 0 0 0 0 0 0 0
"62" 62 0.0 312 109 68 5 2 2 2 0 0 0 0 0 0 0 0 0 0 0 0 0
"63" 63 0.0 474 21 4 1 0 0 0 0 0 0 0 0 0 0 0 0 0 0 0 0
"64" 64 0.0 185 97 97 73 14 9 9 7 5 3 1 0 0 0 0 0 0 0 0 0
"65" 65 0.0 405 77 12 3 3 0 0 0 0 0 0 0 0 0 0 0 0 0 0 0
"66" 66 0.0137614678899 327 74 45 28 11 7 6 2 0 0 0 0 0 0 0 0 0 0 0 0
"67" 67 0.0114942528736 428 35 22 11 2 2 0 0 0 0 0 0 0 0 0 0 0 0 0 0
"68" 68 0.241379310345 488 9 3 0 0 0 0 0 0 0 0 0 0 0 0 0 0 0 0 0
"69" 69 0.414507772021 445 43 9 3 0 0 0 0 0 0 0 0 0 0 0 0 0 0 0 0
"70" 70 0.0062893081761 500 0 0 0 0 0 0 0 0 0 0 0 0 0 0 0 0 0 0 0
"71" 71 0.200892857143 161 134 120 61 13 7 4 0 0 0 0 0 0 0 0 0 0 0 0 0
"72" 72 0.481751824818 358 113 26 2 1 0 0 0 0 0 0 0 0 0 0 0 0 0 0 0
"73" 73 0.304182509506 378 47 31 20 9 7 4 4 0 0 0 0 0 0 0 0 0 0 0 0
"74" 74 0.0114942528736 296 201 2 1 0 0 0 0 0 0 0 0 0 0 0 0 0 0 0 0
"75" 75 0.464285714286 250 205 34 11 0 0 0 0 0 0 0 0 0 0 0 0 0 0 0 0
"76" 76 0.325581395349 244 165 44 23 9 8 4 3 0 0 0 0 0 0 0 0 0 0 0 0
"77" 77 0.00836820083682 462 36 1 1 0 0 0 0 0 0 0 0 0 0 0 0 0 0 0 0
"78" 78 0.22480620155 453 47 0 0 0 0 0 0 0 0 0 0 0 0 0 0 0 0 0 0
"79" 79 0.681614349776 257 218 12 11 1 1 0 0 0 0 0 0 0 0 0 0 0 0 0 0
"80" 80 0.0697674418605 500 0 0 0 0 0 0 0 0 0 0 0 0 0 0 0 0 0 0 0
"81" 81 0.182692307692 500 0 0 0 0 0 0 0 0 0 0 0 0 0 0 0 0 0 0 0
"82" 82 0.0542635658915 482 18 0 0 0 0 0 0 0 0 0 0 0 0 0 0 0 0 0 0
"83" 83 0.305699481865 478 22 0 0 0 0 0 0 0 0 0 0 0 0 0 0 0 0 0 0
"84" 84 0.0152284263959 422 41 13 13 5 3 2 1 0 0 0 0 0 0 0 0 0 0 0 0
"85" 85 0.0 500 0 0 0 0 0 0 0 0 0 0 0 0 0 0 0 0 0 0 0
"86" 86 0.0 496 2 2 0 0 0 0 0 0 0 0 0 0 0 0 0 0 0 0 0
"87" 87 0.010152284264 259 234 7 0 0 0 0 0 0 0 0 0 0 0 0 0 0 0 0 0
"88" 88 0.0 420 69 7 3 1 0 0 0 0 0 0 0 0 0 0 0 0 0 0 0
"89" 89 0.127906976744 293 199 4 2 2 0 0 0 0 0 0 0 0 0 0 0 0 0 0 0
"90" 90 0.272321428571 315 66 58 49 6 4 1 1 0 0 0 0 0 0 0 0 0 0 0 0
"91" 91 0.0529801324503 500 0 0 0 0 0 0 0 0 0 0 0 0 0 0 0 0 0 0 0
"92" 92 0.104651162791 500 0 0 0 0 0 0 0 0 0 0 0 0 0 0 0 0 0 0 0
"93" 93 0.850364963504 499 1 0 0 0 0 0 0 0 0 0 0 0 0 0 0 0 0 0 0
"94" 94 0.636363636364 500 0 0 0 0 0 0 0 0 0 0 0 0 0 0 0 0 0 0 0
"95" 95 0.147208121827 486 5 4 3 2 0 0 0 0 0 0 0 0 0 0 0 0 0 0 0
"96" 96 0.406698564593 350 149 1 0 0 0 0 0 0 0 0 0 0 0 0 0 0 0 0 0
"97" 97 0.317307692308 317 98 83 2 0 0 0 0 0 0 0 0 0 0 0 0 0 0 0 0
"98" 98 0.0232558139535 265 235 0 0 0 0 0 0 0 0 0 0 0 0 0 0 0 0 0 0
"99" 99 0.0 497 2 1 0 0 0 0 0 0 0 0 0 0 0 0 0 0 0 0 0
"100" 100 0.488789237668 202 197 78 11 6 6 0 0 0 0 0 0 0 0 0 0 0 0 0 0
"101" 101 0.430379746835 367 70 30 24 4 3 2 0 0 0 0 0 0 0 0 0 0 0 0 0
"102" 102 0.0 500 0 0 0 0 0 0 0 0 0 0 0 0 0 0 0 0 0 0 0
"103" 103 0.371308016878 421 75 4 0 0 0 0 0 0 0 0 0 0 0 0 0 0 0 0 0
"104" 104 0.705426356589 481 12 6 1 0 0 0 0 0 0 0 0 0 0 0 0 0 0 0 0
"105" 105 0.271317829457 232 181 29 24 22 8 3 1 0 0 0 0 0 0 0 0 0 0 0 0
"106" 106 0.673076923077 500 0 0 0 0 0 0 0 0 0 0 0 0 0 0 0 0 0 0 0
"107" 107 0.0733944954128 500 0 0 0 0 0 0 0 0 0 0 0 0 0 0 0 0 0 0 0
"108" 108 0.472573839662 321 122 39 16 2 0 0 0 0 0 0 0 0 0 0 0 0 0 0 0
"109" 109 0.0 497 3 0 0 0 0 0 0 0 0 0 0 0 0 0 0 0 0 0 0
"110" 110 0.0 500 0 0 0 0 0 0 0 0 0 0 0 0 0 0 0 0 0 0 0
"111" 111 0.0 487 8 5 0 0 0 0 0 0 0 0 0 0 0 0 0 0 0 0 0
"112" 112 0.0 429 66 5 0 0 0 0 0 0 0 0 0 0 0 0 0 0 0 0 0
"113" 113 0.0 497 2 1 0 0 0 0 0 0 0 0 0 0 0 0 0 0 0 0 0
"114" 114 0.153846153846 265 163 69 3 0 0 0 0 0 0 0 0 0 0 0 0 0 0 0 0
"115" 115 0.150943396226 500 0 0 0 0 0 0 0 0 0 0 0 0 0 0 0 0 0 0 0
"116" 116 0.692307692308 320 123 47 5 4 1 0 0 0 0 0 0 0 0 0 0 0 0 0 0
"117" 117 0.151162790698 206 115 62 39 36 24 15 2 1 0 0 0 0 0 0 0 0 0 0 0
"118" 118 0.465408805031 499 1 0 0 0 0 0 0 0 0 0 0 0 0 0 0 0 0 0 0
"119" 119 0.093023255814 255 199 21 11 10 3 1 0 0 0 0 0 0 0 0 0 0 0 0 0
"120" 120 0.470930232558 234 136 124 5 1 0 0 0 0 0 0 0 0 0 0 0 0 0 0 0
"121" 121 0.248062015504 244 207 31 12 2 2 1 1 0 0 0 0 0 0 0 0 0 0 0 0
"122" 122 0.0 499 1 0 0 0 0 0 0 0 0 0 0 0 0 0 0 0 0 0 0
"123" 123 0.388392857143 210 199 72 17 2 0 0 0 0 0 0 0 0 0 0 0 0 0 0 0
"124" 124 0.534591194969 295 205 0 0 0 0 0 0 0 0 0 0 0 0 0 0 0 0 0 0
"125" 125 0.00995024875622 486 10 2 2 0 0 0 0 0 0 0 0 0 0 0 0 0 0 0 0
"126" 126 0.00995024875622 496 1 1 1 1 0 0 0 0 0 0 0 0 0 0 0 0 0 0 0
"127" 127 0.616580310881 500 0 0 0 0 0 0 0 0 0 0 0 0 0 0 0 0 0 0 0
"128" 128 0.0796019900498 187 127 104 59 6 6 5 4 2 0 0 0 0 0 0 0 0 0 0 0
"129" 129 0.0574712643678 490 6 2 2 0 0 0 0 0 0 0 0 0 0 0 0 0 0 0 0
"130" 130 0.284974093264 425 74 1 0 0 0 0 0 0 0 0 0 0 0 0 0 0 0 0 0
"131" 131 0.00896860986547 374 55 30 17 14 5 4 1 0 0 0 0 0 0 0 0 0 0 0 0
"132" 132 0.0 489 9 2 0 0 0 0 0 0 0 0 0 0 0 0 0 0 0 0 0
"133" 133 0.0 243 196 41 11 6 1 1 1 0 0 0 0 0 0 0 0 0 0 0 0
"134" 134 0.0 499 1 0 0 0 0 0 0 0 0 0 0 0 0 0 0 0 0 0 0
"135" 135 0.0183486238532 497 2 1 0 0 0 0 0 0 0 0 0 0 0 0 0 0 0 0 0
"136" 136 0.0 500 0 0 0 0 0 0 0 0 0 0 0 0 0 0 0 0 0 0 0
"137" 137 0.0459770114943 498 2 0 0 0 0 0 0 0 0 0 0 0 0 0 0 0 0 0 0
"138" 138 0.441025641026 322 99 53 23 3 0 0 0 0 0 0 0 0 0 0 0 0 0 0 0
"139" 139 0.138364779874 500 0 0 0 0 0 0 0 0 0 0 0 0 0 0 0 0 0 0 0
"140" 140 0.0480769230769 500 0 0 0 0 0 0 0 0 0 0 0 0 0 0 0 0 0 0 0
"141" 141 0.464435146444 397 42 32 23 6 0 0 0 0 0 0 0 0 0 0 0 0 0 0 0
"142" 142 0.519230769231 252 107 78 36 20 5 2 0 0 0 0 0 0 0 0 0 0 0 0 0
"143" 143 0.586538461538 500 0 0 0 0 0 0 0 0 0 0 0 0 0 0 0 0 0 0 0
"144" 144 0.210762331839 495 5 0 0 0 0 0 0 0 0 0 0 0 0 0 0 0 0 0 0
"145" 145 0.651162790698 500 0 0 0 0 0 0 0 0 0 0 0 0 0 0 0 0 0 0 0
"146" 146 0.167364016736 419 57 24 0 0 0 0 0 0 0 0 0 0 0 0 0 0 0 0 0
"147" 147 0.187817258883 438 35 27 0 0 0 0 0 0 0 0 0 0 0 0 0 0 0 0 0
"148" 148 0.427672955975 488 12 0 0 0 0 0 0 0 0 0 0 0 0 0 0 0 0 0 0
"149" 149 0.513392857143 464 35 1 0 0 0 0 0 0 0 0 0 0 0 0 0 0 0 0 0
"150" 150 0.0253164556962 500 0 0 0 0 0 0 0 0 0 0 0 0 0 0 0 0 0 0 0
"151" 151 0.119402985075 424 43 25 8 0 0 0 0 0 0 0 0 0 0 0 0 0 0 0 0
"152" 152 0.611607142857 499 1 0 0 0 0 0 0 0 0 0 0 0 0 0 0 0 0 0 0
"153" 153 0.0970464135021 215 212 55 9 5 4 0 0 0 0 0 0 0 0 0 0 0 0 0 0
"154" 154 0.0 459 30 5 4 2 0 0 0 0 0 0 0 0 0 0 0 0 0 0 0
"155" 155 0.356589147287 499 1 0 0 0 0 0 0 0 0 0 0 0 0 0 0 0 0 0 0
"156" 156 0.296511627907 248 133 79 13 9 8 4 4 2 0 0 0 0 0 0 0 0 0 0 0
"157" 157 0.0 408 88 2 1 1 0 0 0 0 0 0 0 0 0 0 0 0 0 0 0
"158" 158 0.147286821705 482 7 6 3 2 0 0 0 0 0 0 0 0 0 0 0 0 0 0 0
"159" 159 0.510548523207 205 152 98 45 0 0 0 0 0 0 0 0 0 0 0 0 0 0 0 0
"160" 160 0.13829787234 186 164 87 54 5 3 1 0 0 0 0 0 0 0 0 0 0 0 0 0
"161" 161 0.222627737226 495 5 0 0 0 0 0 0 0 0 0 0 0 0 0 0 0 0 0 0
"162" 162 0.683937823834 224 167 99 5 3 2 0 0 0 0 0 0 0 0 0 0 0 0 0 0
"163" 163 0.46875 223 173 55 49 0 0 0 0 0 0 0 0 0 0 0 0 0 0 0 0
"164" 164 0.337552742616 254 237 4 3 1 1 0 0 0 0 0 0 0 0 0 0 0 0 0 0
"165" 165 0.692307692308 500 0 0 0 0 0 0 0 0 0 0 0 0 0 0 0 0 0 0 0
"166" 166 0.228855721393 495 5 0 0 0 0 0 0 0 0 0 0 0 0 0 0 0 0 0 0
"167" 167 0.761589403974 500 0 0 0 0 0 0 0 0 0 0 0 0 0 0 0 0 0 0 0
"168" 168 0.0334728033473 492 5 2 1 0 0 0 0 0 0 0 0 0 0 0 0 0 0 0 0
"169" 169 0.176165803109 166 106 74 42 41 37 22 11 1 0 0 0 0 0 0 0 0 0 0 0
"170" 170 0.0 291 198 11 0 0 0 0 0 0 0 0 0 0 0 0 0 0 0 0 0
"171" 171 0.0 203 193 45 36 18 5 0 0 0 0 0 0 0 0 0 0 0 0 0 0
"172" 172 0.0 403 49 24 14 8 2 0 0 0 0 0 0 0 0 0 0 0 0 0 0
"173" 173 0.0829015544041 280 120 79 10 5 3 1 1 1 0 0 0 0 0 0 0 0 0 0 0
"174" 174 0.0673076923077 500 0 0 0 0 0 0 0 0 0 0 0 0 0 0 0 0 0 0 0
"175" 175 0.259615384615 500 0 0 0 0 0 0 0 0 0 0 0 0 0 0 0 0 0 0 0
"176" 176 0.0344827586207 447 52 1 0 0 0 0 0 0 0 0 0 0 0 0 0 0 0 0 0
"177" 177 0.20725388601 497 3 0 0 0 0 0 0 0 0 0 0 0 0 0 0 0 0 0 0
"178" 178 0.312820512821 463 16 14 7 0 0 0 0 0 0 0 0 0 0 0 0 0 0 0 0
"179" 179 0.704641350211 500 0 0 0 0 0 0 0 0 0 0 0 0 0 0 0 0 0 0 0
"180" 180 0.139534883721 488 12 0 0 0 0 0 0 0 0 0 0 0 0 0 0 0 0 0 0
"181" 181 0.0 493 6 1 0 0 0 0 0 0 0 0 0 0 0 0 0 0 0 0 0
"182" 182 0.310218978102 216 185 86 10 3 0 0 0 0 0 0 0 0 0 0 0 0 0 0 0
"183" 183 0.325581395349 479 12 9 0 0 0 0 0 0 0 0 0 0 0 0 0 0 0 0 0
"184" 184 0.0 194 93 87 45 40 29 12 0 0 0 0 0 0 0 0 0 0 0 0 0
"185" 185 0.365019011407 458 28 13 1 0 0 0 0 0 0 0 0 0 0 0 0 0 0 0 0
"186" 186 0.575892857143 216 185 96 3 0 0 0 0 0 0 0 0 0 0 0 0 0 0 0 0
"187" 187 0.15503875969 496 4 0 0 0 0 0 0 0 0 0 0 0 0 0 0 0 0 0 0
"188" 188 0.201923076923 500 0 0 0 0 0 0 0 0 0 0 0 0 0 0 0 0 0 0 0
"189" 189 0.015503875969 500 0 0 0 0 0 0 0 0 0 0 0 0 0 0 0 0 0 0 0
"190" 190 0.102564102564 294 111 89 4 1 1 0 0 0 0 0 0 0 0 0 0 0 0 0 0
"191" 191 0.0 489 4 3 2 1 1 0 0 0 0 0 0 0 0 0 0 0 0 0 0
"192" 192 0.0 452 48 0 0 0 0 0 0 0 0 0 0 0 0 0 0 0 0 0 0
"193" 193 0.0 338 73 39 22 18 4 3 3 0 0 0 0 0 0 0 0 0 0 0 0
"194" 194 0.015503875969 499 1 0 0 0 0 0 0 0 0 0 0 0 0 0 0 0 0 0 0
"195" 195 0.163461538462 500 0 0 0 0 0 0 0 0 0 0 0 0 0 0 0 0 0 0 0
"196" 196 0.390728476821 454 21 21 3 1 0 0 0 0 0 0 0 0 0 0 0 0 0 0 0
"197" 197 0.0760456273764 398 75 14 8 2 2 1 0 0 0 0 0 0 0 0 0 0 0 0 0
"198" 198 0.0 421 79 0 0 0 0 0 0 0 0 0 0 0 0 0 0 0 0 0 0
"199" 199 0.100418410042 350 81 60 9 0 0 0 0 0 0 0 0 0 0 0 0 0 0 0 0
"200" 200 0.666666666667 455 45 0 0 0 0 0 0 0 0 0 0 0 0 0 0 0 0 0 0
"201" 201 0.139534883721 329 106 58 5 2 0 0 0 0 0 0 0 0 0 0 0 0 0 0 0
"202" 202 0.774834437086 500 0 0 0 0 0 0 0 0 0 0 0 0 0 0 0 0 0 0 0
"203" 203 0.40932642487 457 40 3 0 0 0 0 0 0 0 0 0 0 0 0 0 0 0 0 0
"204" 204 0.0149253731343 420 80 0 0 0 0 0 0 0 0 0 0 0 0 0 0 0 0 0 0
"205" 205 0.298850574713 422 48 23 7 0 0 0 0 0 0 0 0 0 0 0 0 0 0 0 0
"206" 206 0.377483443709 388 58 26 18 5 4 1 0 0 0 0 0 0 0 0 0 0 0 0 0
"207" 207 0.139013452915 435 58 4 3 0 0 0 0 0 0 0 0 0 0 0 0 0 0 0 0
"208" 208 0.0 269 230 1 0 0 0 0 0 0 0 0 0 0 0 0 0 0 0 0 0
"209" 209 0.399103139013 315 132 29 15 8 1 0 0 0 0 0 0 0 0 0 0 0 0 0 0
"210" 210 0.244186046512 281 68 65 62 20 2 2 0 0 0 0 0 0 0 0 0 0 0 0 0
"211" 211 0.0 483 14 2 1 0 0 0 0 0 0 0 0 0 0 0 0 0 0 0 0
"212" 212 0.175182481752 167 122 120 89 1 1 0 0 0 0 0 0 0 0 0 0 0 0 0 0
"213" 213 0.56976744186 261 239 0 0 0 0 0 0 0 0 0 0 0 0 0 0 0 0 0 0
"214" 214 0.201550387597 500 0 0 0 0 0 0 0 0 0 0 0 0 0 0 0 0 0 0 0
"215" 215 0.0348258706468 492 7 1 0 0 0 0 0 0 0 0 0 0 0 0 0 0 0 0 0
"216" 216 0.851282051282 479 21 0 0 0 0 0 0 0 0 0 0 0 0 0 0 0 0 0 0
