"site" "RSA" "aa1" "aa2" "aa3" "aa4" "aa5" "aa6" "aa7" "aa8" "aa9" "aa10" "aa11" "aa12" "aa13" "aa14" "aa15" "aa16" "aa17" "aa18" "aa19" "aa20"
"0" 0 0.802325581395 13 4 0 0 0 0 0 0 0 0 0 0 0 0 0 0 0 0 0 0
"1" 1 0.482587064677 20 1 1 0 0 0 0 0 0 0 0 0 0 0 0 0 0 0 0 0
"2" 2 0.233830845771 19 2 1 1 1 1 0 0 0 0 0 0 0 0 0 0 0 0 0 0
"3" 3 0.456953642384 13 5 3 2 1 1 1 0 0 0 0 0 0 0 0 0 0 0 0 0
"4" 4 0.483443708609 10 5 5 2 2 1 1 0 0 0 0 0 0 0 0 0 0 0 0 0
"5" 5 0.100418410042 23 2 2 1 1 0 0 0 0 0 0 0 0 0 0 0 0 0 0 0
"6" 6 0.134615384615 23 2 1 1 1 1 1 1 0 0 0 0 0 0 0 0 0 0 0 0
"7" 7 0.383720930233 16 7 6 5 3 1 1 1 0 0 0 0 0 0 0 0 0 0 0 0
"8" 8 0.339622641509 31 8 4 2 2 1 1 1 1 1 1 1 1 0 0 0 0 0 0 0
"9" 9 0.326359832636 25 23 11 4 3 2 1 1 1 0 0 0 0 0 0 0 0 0 0 0
"10" 10 0.446428571429 13 12 12 10 6 5 5 4 3 2 1 1 0 0 0 0 0 0 0 0
"11" 11 0.0729927007299 35 20 9 5 5 4 2 1 0 0 0 0 0 0 0 0 0 0 0 0
"12" 12 0.0 44 41 7 2 2 1 1 0 0 0 0 0 0 0 0 0 0 0 0 0
"13" 13 0.397321428571 70 5 4 4 3 2 2 2 2 2 2 1 0 0 0 0 0 0 0 0
"14" 14 0.389743589744 40 14 12 11 6 5 4 3 3 1 1 0 0 0 0 0 0 0 0 0
"15" 15 0.0 65 27 6 1 1 0 0 0 0 0 0 0 0 0 0 0 0 0 0 0
"16" 16 0.0149253731343 57 37 7 0 0 0 0 0 0 0 0 0 0 0 0 0 0 0 0 0
"17" 17 0.209302325581 42 20 15 7 5 4 4 2 2 0 0 0 0 0 0 0 0 0 0 0
"18" 18 0.0 37 35 16 4 2 2 2 2 1 0 0 0 0 0 0 0 0 0 0 0
"19" 19 0.0 47 29 13 5 3 3 2 0 0 0 0 0 0 0 0 0 0 0 0 0
"20" 20 0.478102189781 69 19 8 5 2 1 0 0 0 0 0 0 0 0 0 0 0 0 0 0
"21" 21 0.540178571429 31 25 17 8 8 4 3 2 1 1 1 1 1 1 0 0 0 0 0 0
"22" 22 0.173076923077 104 0 0 0 0 0 0 0 0 0 0 0 0 0 0 0 0 0 0 0
"23" 23 0.295620437956 40 40 7 5 3 3 2 1 1 1 1 0 0 0 0 0 0 0 0 0
"24" 24 0.0192307692308 54 26 13 3 3 2 1 1 1 0 0 0 0 0 0 0 0 0 0 0
"25" 25 0.0 74 15 10 4 1 0 0 0 0 0 0 0 0 0 0 0 0 0 0 0
"26" 26 0.0 59 25 18 2 0 0 0 0 0 0 0 0 0 0 0 0 0 0 0 0
"27" 27 0.00574712643678 51 43 7 3 0 0 0 0 0 0 0 0 0 0 0 0 0 0 0 0
"28" 28 0.0497512437811 64 17 10 9 3 1 0 0 0 0 0 0 0 0 0 0 0 0 0 0
"29" 29 0.512953367876 104 0 0 0 0 0 0 0 0 0 0 0 0 0 0 0 0 0 0 0
"30" 30 0.487179487179 103 2 0 0 0 0 0 0 0 0 0 0 0 0 0 0 0 0 0 0
"31" 31 0.294642857143 105 0 0 0 0 0 0 0 0 0 0 0 0 0 0 0 0 0 0 0
"32" 32 0.00961538461538 97 6 2 0 0 0 0 0 0 0 0 0 0 0 0 0 0 0 0 0
"33" 33 0.0155440414508 105 0 0 0 0 0 0 0 0 0 0 0 0 0 0 0 0 0 0 0
"34" 34 0.0 84 8 7 4 2 0 0 0 0 0 0 0 0 0 0 0 0 0 0 0
"35" 35 0.0 56 32 5 4 3 2 2 1 0 0 0 0 0 0 0 0 0 0 0 0
"36" 36 0.0167364016736 24 24 23 9 8 7 5 4 1 0 0 0 0 0 0 0 0 0 0 0
"37" 37 0.0 67 23 10 3 1 1 0 0 0 0 0 0 0 0 0 0 0 0 0 0
"38" 38 0.0 96 3 3 3 0 0 0 0 0 0 0 0 0 0 0 0 0 0 0 0
"39" 39 0.357142857143 65 21 10 3 2 1 1 1 1 0 0 0 0 0 0 0 0 0 0 0
"40" 40 0.261627906977 21 19 19 13 9 7 4 4 3 2 2 1 1 0 0 0 0 0 0 0
"41" 41 0.0 28 28 15 15 13 6 0 0 0 0 0 0 0 0 0 0 0 0 0 0
"42" 42 0.273255813953 92 4 3 3 2 1 0 0 0 0 0 0 0 0 0 0 0 0 0 0
"43" 43 0.281609195402 60 14 9 6 5 4 2 1 1 1 1 1 0 0 0 0 0 0 0 0
"44" 44 0.638392857143 57 17 11 8 4 3 2 2 1 0 0 0 0 0 0 0 0 0 0 0
"45" 45 0.161434977578 42 31 6 5 4 4 3 3 2 1 1 1 1 1 0 0 0 0 0 0
"46" 46 0.0045871559633 55 34 15 1 0 0 0 0 0 0 0 0 0 0 0 0 0 0 0 0
"47" 47 0.271317829457 61 41 2 1 0 0 0 0 0 0 0 0 0 0 0 0 0 0 0 0
"48" 48 0.0696517412935 70 20 8 1 1 1 1 1 1 1 0 0 0 0 0 0 0 0 0 0
"49" 49 0.00581395348837 84 12 7 2 0 0 0 0 0 0 0 0 0 0 0 0 0 0 0 0
"50" 50 0.263959390863 53 40 4 3 2 2 1 0 0 0 0 0 0 0 0 0 0 0 0 0
"51" 51 0.532846715328 54 22 19 4 2 2 1 1 0 0 0 0 0 0 0 0 0 0 0 0
"52" 52 0.22966507177 38 26 26 9 3 1 1 1 0 0 0 0 0 0 0 0 0 0 0 0
"53" 53 0.0769230769231 64 17 16 6 2 0 0 0 0 0 0 0 0 0 0 0 0 0 0 0
"54" 54 0.278145695364 63 39 2 1 0 0 0 0 0 0 0 0 0 0 0 0 0 0 0 0
"55" 55 0.163461538462 105 0 0 0 0 0 0 0 0 0 0 0 0 0 0 0 0 0 0 0
"56" 56 0.401015228426 65 36 2 1 1 0 0 0 0 0 0 0 0 0 0 0 0 0 0 0
"57" 57 0.0229885057471 56 47 1 1 0 0 0 0 0 0 0 0 0 0 0 0 0 0 0 0
"58" 58 0.0253164556962 105 0 0 0 0 0 0 0 0 0 0 0 0 0 0 0 0 0 0 0
"59" 59 0.00995024875622 86 8 5 3 2 1 0 0 0 0 0 0 0 0 0 0 0 0 0 0
"60" 60 0.0 33 26 20 16 9 1 0 0 0 0 0 0 0 0 0 0 0 0 0 0
"61" 61 0.010152284264 65 25 14 1 0 0 0 0 0 0 0 0 0 0 0 0 0 0 0 0
"62" 62 0.186046511628 70 7 7 6 4 4 3 1 1 1 1 0 0 0 0 0 0 0 0 0
"63" 63 0.303571428571 30 19 13 9 8 8 6 6 3 2 1 0 0 0 0 0 0 0 0 0
"64" 64 0.59067357513 65 16 13 3 3 3 2 0 0 0 0 0 0 0 0 0 0 0 0 0
"65" 65 0.14598540146 62 15 7 6 4 3 2 2 1 1 1 1 0 0 0 0 0 0 0 0
"66" 66 0.149635036496 28 20 18 15 15 5 2 1 1 0 0 0 0 0 0 0 0 0 0 0
"67" 67 0.476793248945 38 25 15 11 6 5 2 2 1 0 0 0 0 0 0 0 0 0 0 0
"68" 68 0.349775784753 44 14 13 11 8 5 3 3 1 1 1 1 0 0 0 0 0 0 0 0
"69" 69 0.00497512437811 103 1 1 0 0 0 0 0 0 0 0 0 0 0 0 0 0 0 0 0
"70" 70 0.569948186528 26 25 12 12 11 10 4 3 2 0 0 0 0 0 0 0 0 0 0 0
"71" 71 0.00497512437811 98 7 0 0 0 0 0 0 0 0 0 0 0 0 0 0 0 0 0 0
"72" 72 0.421383647799 87 4 3 2 2 2 2 2 1 0 0 0 0 0 0 0 0 0 0 0
"73" 73 0.229357798165 37 30 23 10 2 1 1 1 0 0 0 0 0 0 0 0 0 0 0 0
"74" 74 0.435779816514 103 1 1 0 0 0 0 0 0 0 0 0 0 0 0 0 0 0 0 0
"75" 75 0.655172413793 70 17 7 6 1 1 1 1 1 0 0 0 0 0 0 0 0 0 0 0
"76" 76 1.10714285714 22 18 17 11 8 7 7 6 6 1 1 1 0 0 0 0 0 0 0 0
"77" 77 0.471153846154 64 30 6 1 1 1 1 1 0 0 0 0 0 0 0 0 0 0 0 0
"78" 78 0.397489539749 99 6 0 0 0 0 0 0 0 0 0 0 0 0 0 0 0 0 0 0
"79" 79 0.0 104 1 0 0 0 0 0 0 0 0 0 0 0 0 0 0 0 0 0 0
"80" 80 0.224137931034 89 11 3 1 1 0 0 0 0 0 0 0 0 0 0 0 0 0 0 0
"81" 81 0.093023255814 84 20 1 0 0 0 0 0 0 0 0 0 0 0 0 0 0 0 0 0
"82" 82 0.0 88 17 0 0 0 0 0 0 0 0 0 0 0 0 0 0 0 0 0 0
"83" 83 0.09375 83 22 0 0 0 0 0 0 0 0 0 0 0 0 0 0 0 0 0 0
"84" 84 0.0232558139535 98 4 1 1 1 0 0 0 0 0 0 0 0 0 0 0 0 0 0 0
"85" 85 0.217054263566 44 30 17 7 2 1 1 1 1 1 0 0 0 0 0 0 0 0 0 0
"86" 86 0.732142857143 41 11 10 10 8 5 4 3 3 2 2 1 1 1 1 0 0 0 0 0
"87" 87 0.625 103 1 1 0 0 0 0 0 0 0 0 0 0 0 0 0 0 0 0 0
"88" 88 0.201149425287 80 16 5 3 1 0 0 0 0 0 0 0 0 0 0 0 0 0 0 0
"89" 89 0.691860465116 80 21 2 1 1 0 0 0 0 0 0 0 0 0 0 0 0 0 0 0
"90" 90 0.552325581395 105 0 0 0 0 0 0 0 0 0 0 0 0 0 0 0 0 0 0 0
"91" 91 0.0 105 0 0 0 0 0 0 0 0 0 0 0 0 0 0 0 0 0 0 0
"92" 92 0.316091954023 70 35 0 0 0 0 0 0 0 0 0 0 0 0 0 0 0 0 0 0
"93" 93 0.370860927152 105 0 0 0 0 0 0 0 0 0 0 0 0 0 0 0 0 0 0 0
"94" 94 0.147286821705 104 1 0 0 0 0 0 0 0 0 0 0 0 0 0 0 0 0 0 0
"95" 95 0.325581395349 60 8 7 6 6 4 3 3 2 2 2 1 1 0 0 0 0 0 0 0
"96" 96 0.0725388601036 101 4 0 0 0 0 0 0 0 0 0 0 0 0 0 0 0 0 0 0
"97" 97 0.0875912408759 105 0 0 0 0 0 0 0 0 0 0 0 0 0 0 0 0 0 0 0
"98" 98 0.00507614213198 66 14 9 7 5 3 1 0 0 0 0 0 0 0 0 0 0 0 0 0
"99" 99 0.255813953488 37 28 13 6 6 3 3 2 2 2 1 1 1 0 0 0 0 0 0 0
"100" 100 0.0 104 1 0 0 0 0 0 0 0 0 0 0 0 0 0 0 0 0 0 0
"101" 101 0.0114942528736 77 25 1 1 1 0 0 0 0 0 0 0 0 0 0 0 0 0 0 0
"102" 102 0.408759124088 28 27 24 9 6 4 3 2 1 1 0 0 0 0 0 0 0 0 0 0
"103" 103 0.201550387597 49 25 19 4 3 2 1 1 1 0 0 0 0 0 0 0 0 0 0 0
"104" 104 0.0077519379845 85 15 2 2 1 0 0 0 0 0 0 0 0 0 0 0 0 0 0 0
"105" 105 0.0507614213198 53 29 9 5 4 3 2 0 0 0 0 0 0 0 0 0 0 0 0 0
"106" 106 0.279069767442 38 26 17 9 5 3 3 2 1 1 0 0 0 0 0 0 0 0 0 0
"107" 107 0.715025906736 38 29 8 6 5 4 3 3 2 2 2 1 1 1 0 0 0 0 0 0
"108" 108 0.567307692308 22 19 17 10 9 8 7 5 3 2 2 1 0 0 0 0 0 0 0 0
"109" 109 0.031007751938 55 14 10 10 5 5 2 2 1 1 0 0 0 0 0 0 0 0 0 0
"110" 110 0.544303797468 32 18 17 7 7 5 4 3 3 3 2 1 1 1 0 0 0 0 0 0
"111" 111 0.314465408805 72 19 3 2 2 2 1 1 1 1 0 0 0 0 0 0 0 0 0 0
"112" 112 0.602649006623 31 22 13 9 7 7 5 2 2 1 1 1 1 1 0 0 0 0 0 0
"113" 113 0.326424870466 86 5 5 4 2 1 1 0 0 0 0 0 0 0 0 0 0 0 0 0
"114" 114 0.0149253731343 56 34 8 7 0 0 0 0 0 0 0 0 0 0 0 0 0 0 0 0
"115" 115 0.466666666667 49 15 10 7 6 6 4 3 2 1 1 1 0 0 0 0 0 0 0 0
"116" 116 0.306569343066 48 23 18 13 1 1 1 0 0 0 0 0 0 0 0 0 0 0 0 0
"117" 117 0.685534591195 105 0 0 0 0 0 0 0 0 0 0 0 0 0 0 0 0 0 0 0
"118" 118 0.115384615385 105 0 0 0 0 0 0 0 0 0 0 0 0 0 0 0 0 0 0 0
"119" 119 0.354066985646 105 0 0 0 0 0 0 0 0 0 0 0 0 0 0 0 0 0 0 0
"120" 120 0.0172413793103 68 34 1 1 1 0 0 0 0 0 0 0 0 0 0 0 0 0 0 0
"121" 121 0.192468619247 101 2 2 0 0 0 0 0 0 0 0 0 0 0 0 0 0 0 0 0
"122" 122 0.0062893081761 104 1 0 0 0 0 0 0 0 0 0 0 0 0 0 0 0 0 0 0
"123" 123 0.0597014925373 97 7 1 0 0 0 0 0 0 0 0 0 0 0 0 0 0 0 0 0
"124" 124 0.167883211679 59 14 13 5 4 3 3 2 1 1 0 0 0 0 0 0 0 0 0 0
"125" 125 0.0697674418605 100 2 2 1 0 0 0 0 0 0 0 0 0 0 0 0 0 0 0 0
"126" 126 0.385650224215 52 20 14 5 4 4 3 1 1 1 0 0 0 0 0 0 0 0 0 0
"127" 127 0.666666666667 27 27 18 11 7 4 3 3 2 2 1 0 0 0 0 0 0 0 0 0
"128" 128 0.413461538462 94 3 2 2 2 1 1 0 0 0 0 0 0 0 0 0 0 0 0 0
"129" 129 0.0480769230769 105 0 0 0 0 0 0 0 0 0 0 0 0 0 0 0 0 0 0 0
"130" 130 0.0344827586207 99 2 2 1 1 0 0 0 0 0 0 0 0 0 0 0 0 0 0 0
"131" 131 0.412935323383 100 2 2 1 0 0 0 0 0 0 0 0 0 0 0 0 0 0 0 0
"132" 132 0.46511627907 38 18 11 8 7 6 5 5 2 1 1 1 1 1 0 0 0 0 0 0
"133" 133 0.412408759124 105 0 0 0 0 0 0 0 0 0 0 0 0 0 0 0 0 0 0 0
"134" 134 0.394230769231 51 23 6 5 5 5 4 2 1 1 1 1 0 0 0 0 0 0 0 0
"135" 135 0.105769230769 105 0 0 0 0 0 0 0 0 0 0 0 0 0 0 0 0 0 0 0
"136" 136 0.0956937799043 93 12 0 0 0 0 0 0 0 0 0 0 0 0 0 0 0 0 0 0
"137" 137 0.0755813953488 105 0 0 0 0 0 0 0 0 0 0 0 0 0 0 0 0 0 0 0
"138" 138 0.0133928571429 105 0 0 0 0 0 0 0 0 0 0 0 0 0 0 0 0 0 0 0
"139" 139 0.0 77 26 2 0 0 0 0 0 0 0 0 0 0 0 0 0 0 0 0 0
"140" 140 0.0 35 34 18 17 1 0 0 0 0 0 0 0 0 0 0 0 0 0 0 0
"141" 141 0.0710659898477 71 16 13 2 2 1 0 0 0 0 0 0 0 0 0 0 0 0 0 0
"142" 142 0.0725388601036 103 2 0 0 0 0 0 0 0 0 0 0 0 0 0 0 0 0 0 0
"143" 143 0.00497512437811 82 11 6 4 2 0 0 0 0 0 0 0 0 0 0 0 0 0 0 0
"144" 144 0.0 57 20 14 7 5 2 0 0 0 0 0 0 0 0 0 0 0 0 0 0
"145" 145 0.436046511628 71 9 7 6 4 3 2 1 1 1 0 0 0 0 0 0 0 0 0 0
"146" 146 0.323383084577 91 13 1 0 0 0 0 0 0 0 0 0 0 0 0 0 0 0 0 0
"147" 147 0.0542635658915 97 7 1 0 0 0 0 0 0 0 0 0 0 0 0 0 0 0 0 0
"148" 148 0.644230769231 100 3 1 1 0 0 0 0 0 0 0 0 0 0 0 0 0 0 0 0
"149" 149 0.163179916318 76 13 4 4 3 2 1 1 1 0 0 0 0 0 0 0 0 0 0 0
"150" 150 0.253164556962 26 17 10 10 8 8 6 6 3 3 3 2 1 1 1 0 0 0 0 0
"151" 151 0.333333333333 96 4 2 2 1 0 0 0 0 0 0 0 0 0 0 0 0 0 0 0
"152" 152 0.0542635658915 74 17 4 4 2 1 1 1 1 0 0 0 0 0 0 0 0 0 0 0
"153" 153 0.0 75 21 8 1 0 0 0 0 0 0 0 0 0 0 0 0 0 0 0 0
"154" 154 0.00574712643678 96 4 3 1 1 0 0 0 0 0 0 0 0 0 0 0 0 0 0 0
"155" 155 0.0298507462687 71 34 0 0 0 0 0 0 0 0 0 0 0 0 0 0 0 0 0 0
"156" 156 0.0 89 11 4 1 0 0 0 0 0 0 0 0 0 0 0 0 0 0 0 0
"157" 157 0.183035714286 105 0 0 0 0 0 0 0 0 0 0 0 0 0 0 0 0 0 0 0
"158" 158 0.0398009950249 63 25 17 0 0 0 0 0 0 0 0 0 0 0 0 0 0 0 0 0
"159" 159 0.156976744186 48 25 14 6 5 5 2 0 0 0 0 0 0 0 0 0 0 0 0 0
"160" 160 0.179487179487 80 16 3 2 1 1 1 1 0 0 0 0 0 0 0 0 0 0 0 0
"161" 161 0.80310880829 52 23 21 2 2 2 1 1 1 0 0 0 0 0 0 0 0 0 0 0
"162" 162 0.611398963731 102 2 1 0 0 0 0 0 0 0 0 0 0 0 0 0 0 0 0 0
"163" 163 0.519230769231 104 1 0 0 0 0 0 0 0 0 0 0 0 0 0 0 0 0 0 0
"164" 164 0.267441860465 70 28 4 1 1 1 0 0 0 0 0 0 0 0 0 0 0 0 0 0
"165" 165 0.344036697248 104 1 0 0 0 0 0 0 0 0 0 0 0 0 0 0 0 0 0 0
"166" 166 0.0077519379845 92 7 5 1 0 0 0 0 0 0 0 0 0 0 0 0 0 0 0 0
"167" 167 0.452554744526 95 7 3 0 0 0 0 0 0 0 0 0 0 0 0 0 0 0 0 0
"168" 168 0.271317829457 48 17 17 8 5 5 4 1 0 0 0 0 0 0 0 0 0 0 0 0
"169" 169 0.477987421384 84 11 3 2 2 2 1 0 0 0 0 0 0 0 0 0 0 0 0 0
"170" 170 0.254464285714 43 41 16 2 1 1 1 0 0 0 0 0 0 0 0 0 0 0 0 0
"171" 171 0.0 74 18 8 3 2 0 0 0 0 0 0 0 0 0 0 0 0 0 0 0
"172" 172 0.0507614213198 28 26 22 8 5 5 3 3 2 2 1 0 0 0 0 0 0 0 0 0
"173" 173 0.526785714286 22 14 11 10 9 7 5 5 4 4 4 4 3 3 0 0 0 0 0 0
"174" 174 0.0753138075314 86 12 3 3 1 0 0 0 0 0 0 0 0 0 0 0 0 0 0 0
"175" 175 0.0 82 10 8 2 2 1 0 0 0 0 0 0 0 0 0 0 0 0 0 0
"176" 176 0.471794871795 27 26 17 13 13 4 3 1 1 0 0 0 0 0 0 0 0 0 0 0
"177" 177 0.548523206751 33 24 17 12 6 5 4 1 1 1 1 0 0 0 0 0 0 0 0 0
"178" 178 0.296650717703 85 6 6 2 1 1 1 1 1 1 0 0 0 0 0 0 0 0 0 0
"179" 179 0.569230769231 38 28 22 6 4 2 2 1 1 1 0 0 0 0 0 0 0 0 0 0
"180" 180 0.0366972477064 65 23 12 3 2 0 0 0 0 0 0 0 0 0 0 0 0 0 0 0
"181" 181 0.062015503876 51 29 5 5 4 4 3 2 1 1 0 0 0 0 0 0 0 0 0 0
"182" 182 0.00497512437811 52 30 17 3 1 1 1 0 0 0 0 0 0 0 0 0 0 0 0 0
"183" 183 0.00574712643678 33 25 24 14 4 4 1 0 0 0 0 0 0 0 0 0 0 0 0 0
"184" 184 0.116279069767 69 29 4 2 1 0 0 0 0 0 0 0 0 0 0 0 0 0 0 0
"185" 185 0.0253807106599 90 13 2 0 0 0 0 0 0 0 0 0 0 0 0 0 0 0 0 0
"186" 186 0.700892857143 44 37 9 5 4 3 1 1 1 0 0 0 0 0 0 0 0 0 0 0
"187" 187 0.0362694300518 90 7 3 2 2 1 0 0 0 0 0 0 0 0 0 0 0 0 0 0
"188" 188 0.00995024875622 89 11 3 2 0 0 0 0 0 0 0 0 0 0 0 0 0 0 0 0
"189" 189 0.183908045977 67 25 10 1 1 1 0 0 0 0 0 0 0 0 0 0 0 0 0 0
"190" 190 0.286821705426 34 15 15 12 7 7 4 2 2 2 1 1 1 1 1 0 0 0 0 0
"191" 191 0.0798479087452 90 6 5 3 1 0 0 0 0 0 0 0 0 0 0 0 0 0 0 0
"192" 192 0.251824817518 93 3 1 1 0 0 0 0 0 0 0 0 0 0 0 0 0 0 0 0
"193" 193 0.600896860987 25 12 6 4 4 3 3 1 1 1 1 1 0 0 0 0 0 0 0 0
"194" 194 0.503875968992 11 6 4 4 4 2 1 1 1 0 0 0 0 0 0 0 0 0 0 0
"195" 195 0.684210526316 19 3 2 2 1 0 0 0 0 0 0 0 0 0 0 0 0 0 0 0
