"site" "RSA" "aa1" "aa2" "aa3" "aa4" "aa5" "aa6" "aa7" "aa8" "aa9" "aa10" "aa11" "aa12" "aa13" "aa14" "aa15" "aa16" "aa17" "aa18" "aa19" "aa20"
"0" 0 0.671794871795 12 11 9 5 2 2 2 1 0 0 0 0 0 0 0 0 0 0 0 0
"1" 1 0.154228855721 51 21 21 8 4 2 1 0 0 0 0 0 0 0 0 0 0 0 0 0
"2" 2 0.223628691983 72 14 11 3 3 3 2 2 1 0 0 0 0 0 0 0 0 0 0 0
"3" 3 0.0 59 29 28 1 0 0 0 0 0 0 0 0 0 0 0 0 0 0 0 0
"4" 4 0.00418410041841 91 11 6 5 2 2 0 0 0 0 0 0 0 0 0 0 0 0 0 0
"5" 5 0.12582781457 48 34 33 1 1 0 0 0 0 0 0 0 0 0 0 0 0 0 0 0
"6" 6 0.0149253731343 86 23 5 2 1 0 0 0 0 0 0 0 0 0 0 0 0 0 0 0
"7" 7 0.435897435897 80 15 14 5 2 1 1 0 0 0 0 0 0 0 0 0 0 0 0 0
"8" 8 0.0529801324503 64 50 3 1 0 0 0 0 0 0 0 0 0 0 0 0 0 0 0 0
"9" 9 0.0358974358974 96 9 8 3 1 1 0 0 0 0 0 0 0 0 0 0 0 0 0 0
"10" 10 0.283018867925 52 22 15 11 6 4 2 2 1 1 1 1 0 0 0 0 0 0 0 0
"11" 11 0.473214285714 36 29 11 9 9 6 5 4 3 2 1 1 1 1 0 0 0 0 0 0
"12" 12 0.0 110 4 2 2 0 0 0 0 0 0 0 0 0 0 0 0 0 0 0 0
"13" 13 0.0 108 8 1 1 0 0 0 0 0 0 0 0 0 0 0 0 0 0 0 0
"14" 14 0.316455696203 42 24 16 13 6 4 3 3 2 2 1 1 1 0 0 0 0 0 0 0
"15" 15 0.272321428571 34 26 25 12 6 5 4 3 1 1 1 0 0 0 0 0 0 0 0 0
"16" 16 0.0 88 28 1 1 0 0 0 0 0 0 0 0 0 0 0 0 0 0 0 0
"17" 17 0.0 75 19 11 8 3 1 1 0 0 0 0 0 0 0 0 0 0 0 0 0
"18" 18 0.512953367876 25 21 19 12 10 9 6 6 2 2 2 1 1 1 1 0 0 0 0 0
"19" 19 0.431472081218 30 22 11 8 8 7 6 5 4 4 4 2 2 2 1 1 1 0 0 0
"20" 20 0.195402298851 86 11 8 5 4 3 1 0 0 0 0 0 0 0 0 0 0 0 0 0
"21" 21 0.538461538462 73 14 7 6 4 4 3 2 2 2 1 0 0 0 0 0 0 0 0 0
"22" 22 0.281609195402 37 30 24 9 6 3 3 2 2 1 1 0 0 0 0 0 0 0 0 0
"23" 23 0.739910313901 52 14 9 9 9 7 5 5 4 1 1 1 1 0 0 0 0 0 0 0
"24" 24 0.228855721393 91 9 7 6 1 1 1 1 1 0 0 0 0 0 0 0 0 0 0 0
"25" 25 0.144230769231 83 12 11 5 5 1 1 0 0 0 0 0 0 0 0 0 0 0 0 0
"26" 26 0.451476793249 44 16 11 10 9 8 5 5 5 1 1 1 1 1 0 0 0 0 0 0
"27" 27 0.208860759494 52 18 14 10 9 5 4 4 1 1 0 0 0 0 0 0 0 0 0 0
"28" 28 0.205298013245 25 21 18 10 10 7 6 5 4 3 3 2 2 1 1 0 0 0 0 0
"29" 29 0.17816091954 84 15 8 2 2 2 2 1 1 1 0 0 0 0 0 0 0 0 0 0
"30" 30 0.43023255814 30 20 18 17 10 8 3 3 2 2 1 1 1 1 1 0 0 0 0 0
"31" 31 0.375912408759 60 12 12 12 9 6 2 2 2 1 0 0 0 0 0 0 0 0 0 0
"32" 32 0.410041841004 116 1 1 0 0 0 0 0 0 0 0 0 0 0 0 0 0 0 0 0
"33" 33 0.900662251656 79 26 7 4 2 0 0 0 0 0 0 0 0 0 0 0 0 0 0 0
"34" 34 0.544041450777 110 7 1 0 0 0 0 0 0 0 0 0 0 0 0 0 0 0 0 0
"35" 35 0.394230769231 104 6 4 1 1 1 1 0 0 0 0 0 0 0 0 0 0 0 0 0
"36" 36 0.544642857143 116 2 0 0 0 0 0 0 0 0 0 0 0 0 0 0 0 0 0 0
"37" 37 0.114942528736 69 27 10 3 2 2 2 1 1 1 0 0 0 0 0 0 0 0 0 0
"38" 38 0.421524663677 23 20 19 16 8 6 6 5 4 3 2 2 1 1 1 1 0 0 0 0
"39" 39 0.0761421319797 80 21 5 3 3 3 2 1 0 0 0 0 0 0 0 0 0 0 0 0
"40" 40 0.405128205128 42 20 16 13 10 4 3 3 2 2 1 1 1 0 0 0 0 0 0 0
"41" 41 0.167512690355 86 15 7 5 2 1 1 1 0 0 0 0 0 0 0 0 0 0 0 0
"42" 42 0.473214285714 31 27 15 13 9 8 4 3 2 2 1 1 1 1 0 0 0 0 0 0
"43" 43 0.325892857143 106 7 2 1 1 1 0 0 0 0 0 0 0 0 0 0 0 0 0 0
"44" 44 0.622516556291 49 49 15 3 2 0 0 0 0 0 0 0 0 0 0 0 0 0 0 0
"45" 45 0.0152284263959 97 20 1 0 0 0 0 0 0 0 0 0 0 0 0 0 0 0 0 0
"46" 46 0.649635036496 118 0 0 0 0 0 0 0 0 0 0 0 0 0 0 0 0 0 0 0
"47" 47 0.317307692308 112 2 1 1 1 1 0 0 0 0 0 0 0 0 0 0 0 0 0 0
"48" 48 0.0189873417722 21 17 16 12 11 10 10 4 4 4 2 2 2 1 1 1 0 0 0 0
"49" 49 0.108808290155 98 9 7 1 1 1 1 0 0 0 0 0 0 0 0 0 0 0 0 0
"50" 50 0.0 94 10 5 3 3 2 1 0 0 0 0 0 0 0 0 0 0 0 0 0
"51" 51 0.0228136882129 91 27 0 0 0 0 0 0 0 0 0 0 0 0 0 0 0 0 0 0
"52" 52 0.0 54 45 16 3 0 0 0 0 0 0 0 0 0 0 0 0 0 0 0 0
"53" 53 0.0152284263959 61 45 12 0 0 0 0 0 0 0 0 0 0 0 0 0 0 0 0 0
"54" 54 0.00448430493274 117 1 0 0 0 0 0 0 0 0 0 0 0 0 0 0 0 0 0 0
"55" 55 0.00662251655629 71 46 1 0 0 0 0 0 0 0 0 0 0 0 0 0 0 0 0 0
"56" 56 0.0 98 6 5 3 3 1 1 1 0 0 0 0 0 0 0 0 0 0 0 0
"57" 57 0.0529801324503 58 43 5 4 2 2 1 1 1 1 0 0 0 0 0 0 0 0 0 0
"58" 58 0.730569948187 24 16 11 9 9 8 7 7 6 5 3 2 2 2 2 2 1 1 1 0
"59" 59 0.364779874214 115 1 1 1 0 0 0 0 0 0 0 0 0 0 0 0 0 0 0 0
"60" 60 0.195402298851 69 22 20 3 1 0 0 0 0 0 0 0 0 0 0 0 0 0 0 0
"61" 61 0.507692307692 107 3 2 2 1 1 1 0 0 0 0 0 0 0 0 0 0 0 0 0
"62" 62 0.352678571429 59 31 6 5 4 3 2 2 1 1 1 1 1 0 0 0 0 0 0 0
"63" 63 0.0909090909091 83 20 5 4 3 1 1 0 0 0 0 0 0 0 0 0 0 0 0 0
"64" 64 0.0812182741117 99 10 4 3 1 1 0 0 0 0 0 0 0 0 0 0 0 0 0 0
"65" 65 0.435779816514 111 2 2 1 1 1 0 0 0 0 0 0 0 0 0 0 0 0 0 0
"66" 66 0.00892857142857 114 4 0 0 0 0 0 0 0 0 0 0 0 0 0 0 0 0 0 0
"67" 67 0.0 106 6 4 1 1 0 0 0 0 0 0 0 0 0 0 0 0 0 0 0
"68" 68 0.109452736318 99 6 4 4 2 2 1 0 0 0 0 0 0 0 0 0 0 0 0 0
"69" 69 0.263959390863 69 28 17 2 1 1 0 0 0 0 0 0 0 0 0 0 0 0 0 0
"70" 70 0.0 79 15 13 3 3 2 2 1 0 0 0 0 0 0 0 0 0 0 0 0
"71" 71 0.0 54 27 11 11 9 4 2 0 0 0 0 0 0 0 0 0 0 0 0 0
"72" 72 0.284974093264 117 1 0 0 0 0 0 0 0 0 0 0 0 0 0 0 0 0 0 0
"73" 73 0.193798449612 114 2 2 0 0 0 0 0 0 0 0 0 0 0 0 0 0 0 0 0
"74" 74 0.0 78 12 10 9 5 3 1 0 0 0 0 0 0 0 0 0 0 0 0 0
"75" 75 0.400843881857 61 56 1 0 0 0 0 0 0 0 0 0 0 0 0 0 0 0 0 0
"76" 76 0.624087591241 117 1 0 0 0 0 0 0 0 0 0 0 0 0 0 0 0 0 0 0
"77" 77 0.31007751938 103 12 3 0 0 0 0 0 0 0 0 0 0 0 0 0 0 0 0 0
"78" 78 0.364238410596 118 0 0 0 0 0 0 0 0 0 0 0 0 0 0 0 0 0 0 0
"79" 79 0.139534883721 112 3 2 1 0 0 0 0 0 0 0 0 0 0 0 0 0 0 0 0
"80" 80 0.590717299578 28 26 18 14 8 6 6 5 4 2 1 0 0 0 0 0 0 0 0 0
"81" 81 0.145348837209 70 17 13 5 5 2 2 2 2 0 0 0 0 0 0 0 0 0 0 0
"82" 82 0.0304568527919 102 16 0 0 0 0 0 0 0 0 0 0 0 0 0 0 0 0 0 0
"83" 83 0.0153846153846 85 26 2 2 2 1 0 0 0 0 0 0 0 0 0 0 0 0 0 0
"84" 84 0.0 85 21 9 2 1 0 0 0 0 0 0 0 0 0 0 0 0 0 0 0
"85" 85 0.00574712643678 106 7 4 1 0 0 0 0 0 0 0 0 0 0 0 0 0 0 0 0
"86" 86 0.0 68 20 18 12 0 0 0 0 0 0 0 0 0 0 0 0 0 0 0 0
"87" 87 0.0062893081761 117 1 0 0 0 0 0 0 0 0 0 0 0 0 0 0 0 0 0 0
"88" 88 0.0380228136882 114 2 1 1 0 0 0 0 0 0 0 0 0 0 0 0 0 0 0 0
"89" 89 0.0190114068441 65 52 1 0 0 0 0 0 0 0 0 0 0 0 0 0 0 0 0 0
"90" 90 0.00961538461538 113 3 1 1 0 0 0 0 0 0 0 0 0 0 0 0 0 0 0 0
"91" 91 0.300380228137 115 1 1 1 0 0 0 0 0 0 0 0 0 0 0 0 0 0 0 0
"92" 92 0.0232558139535 106 8 4 0 0 0 0 0 0 0 0 0 0 0 0 0 0 0 0 0
"93" 93 0.372262773723 116 2 0 0 0 0 0 0 0 0 0 0 0 0 0 0 0 0 0 0
"94" 94 0.233183856502 109 4 2 2 1 0 0 0 0 0 0 0 0 0 0 0 0 0 0 0
"95" 95 0.160621761658 113 5 0 0 0 0 0 0 0 0 0 0 0 0 0 0 0 0 0 0
"96" 96 0.656934306569 111 7 0 0 0 0 0 0 0 0 0 0 0 0 0 0 0 0 0 0
"97" 97 0.607594936709 96 20 1 1 0 0 0 0 0 0 0 0 0 0 0 0 0 0 0 0
"98" 98 0.880794701987 35 32 18 16 9 6 1 1 0 0 0 0 0 0 0 0 0 0 0 0
"99" 99 0.839416058394 118 0 0 0 0 0 0 0 0 0 0 0 0 0 0 0 0 0 0 0
"100" 100 0.441964285714 33 32 17 14 7 7 5 2 1 0 0 0 0 0 0 0 0 0 0 0
"101" 101 0.534591194969 109 5 4 0 0 0 0 0 0 0 0 0 0 0 0 0 0 0 0 0
"102" 102 0.319796954315 116 2 0 0 0 0 0 0 0 0 0 0 0 0 0 0 0 0 0 0
"103" 103 0.156976744186 70 42 4 2 0 0 0 0 0 0 0 0 0 0 0 0 0 0 0 0
"104" 104 0.0 107 10 1 0 0 0 0 0 0 0 0 0 0 0 0 0 0 0 0 0
"105" 105 0.316455696203 108 9 1 0 0 0 0 0 0 0 0 0 0 0 0 0 0 0 0 0
"106" 106 0.492537313433 97 16 4 1 0 0 0 0 0 0 0 0 0 0 0 0 0 0 0 0
"107" 107 0.0167364016736 102 6 3 3 3 1 0 0 0 0 0 0 0 0 0 0 0 0 0 0
"108" 108 0.0 115 3 0 0 0 0 0 0 0 0 0 0 0 0 0 0 0 0 0 0
"109" 109 0.323076923077 75 36 3 1 1 1 1 0 0 0 0 0 0 0 0 0 0 0 0 0
"110" 110 0.338308457711 76 30 6 4 2 0 0 0 0 0 0 0 0 0 0 0 0 0 0 0
"111" 111 0.0 54 50 10 2 2 0 0 0 0 0 0 0 0 0 0 0 0 0 0 0
"112" 112 0.209821428571 53 24 14 10 9 2 2 1 1 1 1 0 0 0 0 0 0 0 0 0
"113" 113 0.668604651163 33 21 15 12 10 8 5 5 3 3 1 1 1 0 0 0 0 0 0 0
"114" 114 0.108527131783 90 19 5 4 0 0 0 0 0 0 0 0 0 0 0 0 0 0 0 0
"115" 115 0.182692307692 115 2 1 0 0 0 0 0 0 0 0 0 0 0 0 0 0 0 0 0
"116" 116 0.077519379845 68 28 15 2 1 1 1 1 1 0 0 0 0 0 0 0 0 0 0 0
"117" 117 0.296511627907 59 20 11 7 6 6 4 3 2 0 0 0 0 0 0 0 0 0 0 0
"118" 118 0.222627737226 118 0 0 0 0 0 0 0 0 0 0 0 0 0 0 0 0 0 0 0
"119" 119 0.0 86 16 10 4 1 1 0 0 0 0 0 0 0 0 0 0 0 0 0 0
"120" 120 0.00507614213198 69 24 19 6 0 0 0 0 0 0 0 0 0 0 0 0 0 0 0 0
"121" 121 0.0 92 12 9 3 1 1 0 0 0 0 0 0 0 0 0 0 0 0 0 0
"122" 122 0.00497512437811 47 31 24 12 3 1 0 0 0 0 0 0 0 0 0 0 0 0 0 0
"123" 123 0.0621761658031 117 1 0 0 0 0 0 0 0 0 0 0 0 0 0 0 0 0 0 0
"124" 124 0.0248756218905 114 3 1 0 0 0 0 0 0 0 0 0 0 0 0 0 0 0 0 0
"125" 125 0.311004784689 118 0 0 0 0 0 0 0 0 0 0 0 0 0 0 0 0 0 0 0
"126" 126 0.046511627907 109 6 1 1 1 0 0 0 0 0 0 0 0 0 0 0 0 0 0 0
"127" 127 0.465408805031 36 23 19 19 7 6 3 2 2 1 0 0 0 0 0 0 0 0 0 0
"128" 128 0.587443946188 113 5 0 0 0 0 0 0 0 0 0 0 0 0 0 0 0 0 0 0
"129" 129 0.0 107 5 4 1 1 0 0 0 0 0 0 0 0 0 0 0 0 0 0 0
"130" 130 0.322869955157 112 3 1 1 1 0 0 0 0 0 0 0 0 0 0 0 0 0 0 0
"131" 131 0.567307692308 117 1 0 0 0 0 0 0 0 0 0 0 0 0 0 0 0 0 0 0
"132" 132 0.196652719665 112 6 0 0 0 0 0 0 0 0 0 0 0 0 0 0 0 0 0 0
"133" 133 0.0418410041841 117 1 0 0 0 0 0 0 0 0 0 0 0 0 0 0 0 0 0 0
"134" 134 0.777202072539 85 26 2 2 1 1 1 0 0 0 0 0 0 0 0 0 0 0 0 0
"135" 135 0.162436548223 95 13 4 3 2 1 0 0 0 0 0 0 0 0 0 0 0 0 0 0
"136" 136 0.421383647799 118 0 0 0 0 0 0 0 0 0 0 0 0 0 0 0 0 0 0 0
"137" 137 0.116751269036 88 11 8 5 3 1 1 1 0 0 0 0 0 0 0 0 0 0 0 0
"138" 138 0.238341968912 117 1 0 0 0 0 0 0 0 0 0 0 0 0 0 0 0 0 0 0
"139" 139 0.157894736842 55 54 3 2 2 1 1 0 0 0 0 0 0 0 0 0 0 0 0 0
"140" 140 0.0 89 13 10 4 1 1 0 0 0 0 0 0 0 0 0 0 0 0 0 0
"141" 141 0.298165137615 50 13 9 9 9 6 5 4 3 2 2 2 1 1 1 1 0 0 0 0
"142" 142 0.0 67 38 8 2 2 1 0 0 0 0 0 0 0 0 0 0 0 0 0 0
"143" 143 0.0632183908046 27 25 20 7 7 6 6 4 4 3 2 2 2 1 1 1 0 0 0 0
"144" 144 0.314465408805 95 3 3 3 2 2 2 2 1 1 1 1 1 1 0 0 0 0 0 0
"145" 145 0.218274111675 41 34 32 5 3 1 1 0 0 0 0 0 0 0 0 0 0 0 0 0
"146" 146 0.00497512437811 63 20 19 11 2 1 1 0 0 0 0 0 0 0 0 0 0 0 0 0
"147" 147 0.0 44 25 8 8 8 5 3 3 2 2 2 1 1 1 0 0 0 0 0 0
"148" 148 0.584821428571 34 22 14 10 8 6 6 5 5 4 2 1 0 0 0 0 0 0 0 0
"149" 149 0.148288973384 65 28 11 4 3 2 2 2 1 0 0 0 0 0 0 0 0 0 0 0
"150" 150 0.00418410041841 50 32 21 4 3 3 2 2 1 0 0 0 0 0 0 0 0 0 0 0
"151" 151 0.392857142857 26 24 16 10 7 7 5 4 4 3 3 2 1 1 1 1 1 1 0 0
"152" 152 0.490384615385 22 20 15 12 11 9 6 6 5 5 1 1 1 1 0 0 0 0 0 0
"153" 153 0.35864978903 38 17 14 11 5 4 4 3 3 3 3 2 1 1 1 1 0 0 0 0
"154" 154 0.723076923077 30 28 14 13 7 3 3 3 2 2 2 2 1 1 1 1 1 0 0 0
"155" 155 0.179104477612 44 13 12 9 6 5 5 5 3 3 3 2 2 1 1 1 0 0 0 0
"156" 156 0.65625 42 31 14 6 6 5 4 3 3 2 1 0 0 0 0 0 0 0 0 0
"157" 157 0.414507772021 59 37 11 5 2 1 1 1 1 0 0 0 0 0 0 0 0 0 0 0
"158" 158 0.116751269036 42 26 19 10 9 3 3 3 2 1 0 0 0 0 0 0 0 0 0 0
"159" 159 0.00574712643678 78 15 11 6 3 3 1 1 0 0 0 0 0 0 0 0 0 0 0 0
"160" 160 0.0 82 31 2 1 1 1 0 0 0 0 0 0 0 0 0 0 0 0 0 0
"161" 161 0.00574712643678 110 7 1 0 0 0 0 0 0 0 0 0 0 0 0 0 0 0 0 0
"162" 162 0.00662251655629 106 11 1 0 0 0 0 0 0 0 0 0 0 0 0 0 0 0 0 0
"163" 163 0.0125786163522 117 1 0 0 0 0 0 0 0 0 0 0 0 0 0 0 0 0 0 0
"164" 164 0.290155440415 116 2 0 0 0 0 0 0 0 0 0 0 0 0 0 0 0 0 0 0
"165" 165 0.521531100478 45 24 22 8 8 4 2 2 2 1 0 0 0 0 0 0 0 0 0 0
"166" 166 0.576923076923 110 4 3 1 0 0 0 0 0 0 0 0 0 0 0 0 0 0 0 0
"167" 167 0.0 100 10 3 3 1 1 0 0 0 0 0 0 0 0 0 0 0 0 0 0
"168" 168 0.304597701149 98 9 5 2 2 2 0 0 0 0 0 0 0 0 0 0 0 0 0 0
"169" 169 0.575581395349 38 24 17 14 7 5 3 3 2 2 1 1 1 0 0 0 0 0 0 0
"170" 170 0.138686131387 109 3 1 1 1 1 1 1 0 0 0 0 0 0 0 0 0 0 0 0
"171" 171 0.0077519379845 109 4 3 2 0 0 0 0 0 0 0 0 0 0 0 0 0 0 0 0
"172" 172 0.554744525547 103 3 3 3 2 1 1 1 1 0 0 0 0 0 0 0 0 0 0 0
"173" 173 0.443037974684 47 25 10 8 7 6 3 3 3 2 2 1 1 0 0 0 0 0 0 0
"174" 174 0.0 43 35 10 10 10 5 3 1 1 0 0 0 0 0 0 0 0 0 0 0
"175" 175 0.031007751938 104 5 3 2 1 1 1 1 0 0 0 0 0 0 0 0 0 0 0 0
"176" 176 0.466321243523 51 27 12 6 6 5 5 4 1 1 0 0 0 0 0 0 0 0 0 0
"177" 177 0.273722627737 55 16 12 7 7 6 3 3 3 2 2 1 1 0 0 0 0 0 0 0
"178" 178 0.124378109453 87 17 6 5 2 1 0 0 0 0 0 0 0 0 0 0 0 0 0 0
"179" 179 0.742616033755 33 30 23 14 8 3 3 2 1 1 0 0 0 0 0 0 0 0 0 0
"180" 180 0.139534883721 61 11 11 10 8 7 7 2 1 0 0 0 0 0 0 0 0 0 0 0
"181" 181 0.440251572327 54 29 10 9 6 3 2 1 1 1 1 1 0 0 0 0 0 0 0 0
"182" 182 0.365482233503 73 29 10 4 2 0 0 0 0 0 0 0 0 0 0 0 0 0 0 0
"183" 183 0.0232558139535 108 5 2 2 1 0 0 0 0 0 0 0 0 0 0 0 0 0 0 0
"184" 184 0.197969543147 113 2 2 1 0 0 0 0 0 0 0 0 0 0 0 0 0 0 0 0
"185" 185 0.00507614213198 78 30 4 3 1 1 1 0 0 0 0 0 0 0 0 0 0 0 0 0
"186" 186 0.150259067358 105 4 3 2 1 1 1 1 0 0 0 0 0 0 0 0 0 0 0 0
"187" 187 0.544303797468 112 3 2 1 0 0 0 0 0 0 0 0 0 0 0 0 0 0 0 0
"188" 188 0.810218978102 105 4 3 2 1 1 1 1 0 0 0 0 0 0 0 0 0 0 0 0
"189" 189 0.371559633028 89 6 5 4 3 3 2 2 1 1 1 1 0 0 0 0 0 0 0 0
"190" 190 0.512820512821 74 19 5 4 4 4 3 1 1 1 1 0 0 0 0 0 0 0 0 0
"191" 191 0.197969543147 65 39 10 3 1 0 0 0 0 0 0 0 0 0 0 0 0 0 0 0
"192" 192 0.419540229885 104 12 1 1 0 0 0 0 0 0 0 0 0 0 0 0 0 0 0 0
"193" 193 0.423076923077 118 0 0 0 0 0 0 0 0 0 0 0 0 0 0 0 0 0 0 0
"194" 194 0.574358974359 69 27 12 2 2 2 2 1 1 0 0 0 0 0 0 0 0 0 0 0
"195" 195 0.0406091370558 102 16 0 0 0 0 0 0 0 0 0 0 0 0 0 0 0 0 0 0
"196" 196 0.647321428571 37 32 11 7 7 6 5 4 4 2 2 1 0 0 0 0 0 0 0 0
"197" 197 0.346153846154 95 17 6 0 0 0 0 0 0 0 0 0 0 0 0 0 0 0 0 0
"198" 198 0.130801687764 76 36 2 1 1 1 1 0 0 0 0 0 0 0 0 0 0 0 0 0
"199" 199 0.0 45 17 15 14 7 6 5 4 3 1 1 0 0 0 0 0 0 0 0 0
"200" 200 0.0 51 41 23 1 1 1 0 0 0 0 0 0 0 0 0 0 0 0 0 0
"201" 201 0.0 77 23 17 1 0 0 0 0 0 0 0 0 0 0 0 0 0 0 0 0
"202" 202 0.0 50 44 15 8 1 0 0 0 0 0 0 0 0 0 0 0 0 0 0 0
"203" 203 0.00507614213198 43 42 11 11 7 1 1 1 1 0 0 0 0 0 0 0 0 0 0 0
"204" 204 0.113989637306 117 1 0 0 0 0 0 0 0 0 0 0 0 0 0 0 0 0 0 0
"205" 205 0.020725388601 118 0 0 0 0 0 0 0 0 0 0 0 0 0 0 0 0 0 0 0
"206" 206 0.0609137055838 57 49 10 2 0 0 0 0 0 0 0 0 0 0 0 0 0 0 0 0
"207" 207 0.0253807106599 74 32 4 4 3 1 0 0 0 0 0 0 0 0 0 0 0 0 0 0
"208" 208 0.227979274611 105 7 2 2 1 1 0 0 0 0 0 0 0 0 0 0 0 0 0 0
"209" 209 0.31976744186 104 14 0 0 0 0 0 0 0 0 0 0 0 0 0 0 0 0 0 0
"210" 210 0.031007751938 80 36 2 0 0 0 0 0 0 0 0 0 0 0 0 0 0 0 0 0
"211" 211 0.134615384615 107 2 2 2 2 1 1 1 0 0 0 0 0 0 0 0 0 0 0 0
"212" 212 0.441860465116 102 10 5 1 0 0 0 0 0 0 0 0 0 0 0 0 0 0 0 0
"213" 213 0.0253807106599 58 45 9 3 2 1 0 0 0 0 0 0 0 0 0 0 0 0 0 0
"214" 214 0.0348837209302 45 27 24 7 4 3 2 1 1 1 1 1 1 0 0 0 0 0 0 0
"215" 215 0.547263681592 26 22 14 14 12 7 7 6 3 2 2 1 1 1 0 0 0 0 0 0
"216" 216 0.0 85 22 6 2 2 1 0 0 0 0 0 0 0 0 0 0 0 0 0 0
"217" 217 0.0 99 10 3 2 2 1 1 0 0 0 0 0 0 0 0 0 0 0 0 0
"218" 218 0.379487179487 26 20 17 15 14 7 6 5 4 1 1 1 1 0 0 0 0 0 0 0
"219" 219 0.15503875969 76 11 11 8 5 3 3 1 0 0 0 0 0 0 0 0 0 0 0 0
"220" 220 0.00497512437811 107 4 3 1 1 1 1 0 0 0 0 0 0 0 0 0 0 0 0 0
"221" 221 0.379310344828 50 22 13 10 5 4 4 2 2 1 1 1 1 1 1 0 0 0 0 0
"222" 222 0.723214285714 60 16 12 7 5 5 5 3 2 2 1 0 0 0 0 0 0 0 0 0
"223" 223 0.394871794872 23 22 17 13 11 10 4 4 4 3 3 3 1 0 0 0 0 0 0 0
"224" 224 0.326923076923 118 0 0 0 0 0 0 0 0 0 0 0 0 0 0 0 0 0 0 0
"225" 225 0.108527131783 115 2 1 0 0 0 0 0 0 0 0 0 0 0 0 0 0 0 0 0
"226" 226 0.409282700422 50 17 12 12 6 5 4 3 3 2 1 1 1 1 0 0 0 0 0 0
"227" 227 0.214285714286 39 21 16 13 12 7 4 2 2 2 0 0 0 0 0 0 0 0 0 0
"228" 228 0.0172413793103 95 21 2 0 0 0 0 0 0 0 0 0 0 0 0 0 0 0 0 0
"229" 229 0.0342205323194 57 10 10 8 7 7 5 4 3 3 2 1 1 0 0 0 0 0 0 0
"230" 230 0.0 89 12 4 3 3 3 3 1 0 0 0 0 0 0 0 0 0 0 0 0
"231" 231 0.0 43 34 16 7 6 4 3 3 1 1 0 0 0 0 0 0 0 0 0 0
"232" 232 0.00632911392405 49 42 12 11 2 1 1 0 0 0 0 0 0 0 0 0 0 0 0 0
"233" 233 0.0116279069767 101 15 2 0 0 0 0 0 0 0 0 0 0 0 0 0 0 0 0 0
"234" 234 0.0143540669856 118 0 0 0 0 0 0 0 0 0 0 0 0 0 0 0 0 0 0 0
"235" 235 0.0188679245283 48 46 23 1 0 0 0 0 0 0 0 0 0 0 0 0 0 0 0 0
"236" 236 0.218390804598 97 15 6 0 0 0 0 0 0 0 0 0 0 0 0 0 0 0 0 0
"237" 237 0.0547263681592 92 23 1 1 1 0 0 0 0 0 0 0 0 0 0 0 0 0 0 0
"238" 238 0.304635761589 103 6 4 3 2 0 0 0 0 0 0 0 0 0 0 0 0 0 0 0
"239" 239 0.519230769231 109 2 2 1 1 1 1 1 0 0 0 0 0 0 0 0 0 0 0 0
"240" 240 0.314465408805 60 12 12 10 9 5 5 3 2 0 0 0 0 0 0 0 0 0 0 0
"241" 241 0.0 116 1 1 0 0 0 0 0 0 0 0 0 0 0 0 0 0 0 0 0
"242" 242 0.0172413793103 42 33 9 8 6 4 3 3 3 2 1 1 1 1 1 0 0 0 0 0
"243" 243 0.388392857143 58 24 11 10 6 4 3 1 1 0 0 0 0 0 0 0 0 0 0 0
"244" 244 0.386861313869 86 16 7 3 2 2 1 1 0 0 0 0 0 0 0 0 0 0 0 0
"245" 245 0.0152284263959 66 43 8 1 0 0 0 0 0 0 0 0 0 0 0 0 0 0 0 0
"246" 246 0.169230769231 20 18 14 14 13 12 6 5 5 4 3 2 1 1 0 0 0 0 0 0
"247" 247 0.707692307692 33 17 16 15 12 9 4 4 3 2 2 1 0 0 0 0 0 0 0 0
"248" 248 0.0662251655629 95 12 4 3 2 1 1 0 0 0 0 0 0 0 0 0 0 0 0 0
"249" 249 0.273255813953 33 18 17 7 6 6 5 5 4 4 4 3 1 1 1 1 1 1 0 0
"250" 250 0.010152284264 52 51 9 2 2 1 1 0 0 0 0 0 0 0 0 0 0 0 0 0
"251" 251 0.476793248945 39 28 21 8 5 4 4 3 2 2 1 1 0 0 0 0 0 0 0 0
"252" 252 0.147321428571 81 16 4 4 3 2 2 1 1 1 1 1 0 0 0 0 0 0 0 0
"253" 253 0.0 55 35 17 5 3 1 1 0 0 0 0 0 0 0 0 0 0 0 0 0
"254" 254 0.0 70 31 4 3 3 2 2 1 1 0 0 0 0 0 0 0 0 0 0 0
"255" 255 0.00574712643678 70 28 7 4 2 2 2 1 1 0 0 0 0 0 0 0 0 0 0 0
"256" 256 0.00581395348837 99 9 5 2 2 0 0 0 0 0 0 0 0 0 0 0 0 0 0 0
"257" 257 0.107692307692 80 37 0 0 0 0 0 0 0 0 0 0 0 0 0 0 0 0 0 0
"258" 258 0.0 80 36 1 0 0 0 0 0 0 0 0 0 0 0 0 0 0 0 0 0
"259" 259 0.0558375634518 105 7 4 1 0 0 0 0 0 0 0 0 0 0 0 0 0 0 0 0
"260" 260 0.261603375527 69 8 5 5 5 4 4 3 3 3 2 2 1 1 0 0 0 0 0 0
"261" 261 0.199004975124 68 12 11 6 5 4 3 2 2 1 1 0 0 0 0 0 0 0 0 0
"262" 262 0.245283018868 42 18 17 6 5 5 4 4 3 3 3 2 1 1 0 0 0 0 0 0
"263" 263 0.732142857143 49 18 13 8 7 6 4 2 2 1 1 0 0 0 0 0 0 0 0 0
"264" 264 0.6875 31 20 17 14 7 6 5 3 2 2 2 2 1 0 0 0 0 0 0 0
"265" 265 0.270042194093 45 19 8 7 5 5 4 3 3 2 2 1 1 1 1 0 0 0 0 0
"266" 266 0.658227848101 22 14 13 10 9 6 6 4 4 4 3 3 3 2 2 2 1 1 1 0
"267" 267 0.0355329949239 27 15 14 14 10 9 6 6 4 4 1 1 1 0 0 0 0 0 0 0
"268" 268 0.575892857143 29 23 20 14 8 5 5 4 3 2 1 1 1 1 0 0 0 0 0 0
"269" 269 0.302919708029 81 16 9 5 2 1 1 1 0 0 0 0 0 0 0 0 0 0 0 0
"270" 270 0.255230125523 69 25 10 7 4 1 1 0 0 0 0 0 0 0 0 0 0 0 0 0
"271" 271 0.413502109705 39 28 19 12 6 5 3 1 1 1 1 1 0 0 0 0 0 0 0 0
"272" 272 0.291479820628 46 33 11 9 4 3 3 3 2 2 1 0 0 0 0 0 0 0 0 0
"273" 273 0.114427860697 77 19 17 2 1 1 0 0 0 0 0 0 0 0 0 0 0 0 0 0
"274" 274 0.278145695364 95 18 1 1 1 1 0 0 0 0 0 0 0 0 0 0 0 0 0 0
"275" 275 0.00574712643678 69 25 8 7 4 2 2 0 0 0 0 0 0 0 0 0 0 0 0 0
"276" 276 0.0 91 13 11 1 1 0 0 0 0 0 0 0 0 0 0 0 0 0 0 0
"277" 277 0.440251572327 54 14 9 8 7 6 6 5 3 2 2 1 0 0 0 0 0 0 0 0
"278" 278 0.179104477612 94 8 7 4 3 1 0 0 0 0 0 0 0 0 0 0 0 0 0 0
"279" 279 0.00497512437811 65 21 17 11 3 0 0 0 0 0 0 0 0 0 0 0 0 0 0 0
"280" 280 0.0 68 45 3 1 0 0 0 0 0 0 0 0 0 0 0 0 0 0 0 0
"281" 281 0.290178571429 78 12 12 4 3 2 2 2 2 0 0 0 0 0 0 0 0 0 0 0
"282" 282 0.0077519379845 88 18 5 4 1 1 0 0 0 0 0 0 0 0 0 0 0 0 0 0
"283" 283 0.0 103 8 4 1 1 0 0 0 0 0 0 0 0 0 0 0 0 0 0 0
"284" 284 0.223350253807 31 15 13 10 6 6 5 5 4 4 4 3 3 3 2 2 1 0 0 0
"285" 285 0.164233576642 91 8 4 4 3 2 1 1 1 1 1 0 0 0 0 0 0 0 0 0
"286" 286 0.0919540229885 82 27 6 1 1 0 0 0 0 0 0 0 0 0 0 0 0 0 0 0
"287" 287 0.22009569378 53 18 14 9 5 5 3 2 2 2 1 1 1 1 0 0 0 0 0 0
"288" 288 0.473214285714 34 30 10 9 8 7 5 4 4 3 1 1 1 0 0 0 0 0 0 0
"289" 289 0.798206278027 37 27 17 10 6 5 4 3 3 2 1 1 1 0 0 0 0 0 0 0
"290" 290 0.340807174888 40 18 11 10 8 8 6 4 3 3 3 2 1 0 0 0 0 0 0 0
"291" 291 0.437086092715 99 14 2 2 0 0 0 0 0 0 0 0 0 0 0 0 0 0 0 0
"292" 292 0.114942528736 77 29 11 0 0 0 0 0 0 0 0 0 0 0 0 0 0 0 0 0
"293" 293 0.516556291391 104 4 2 2 2 1 1 1 0 0 0 0 0 0 0 0 0 0 0 0
"294" 294 0.631178707224 44 14 13 10 8 7 5 4 4 2 1 1 1 1 1 0 0 0 0 0
"295" 295 0.199004975124 96 9 8 3 0 0 0 0 0 0 0 0 0 0 0 0 0 0 0 0
"296" 296 0.573221757322 109 4 1 0 0 0 0 0 0 0 0 0 0 0 0 0 0 0 0 0
