"site" "RSA" "aa1" "aa2" "aa3" "aa4" "aa5" "aa6" "aa7" "aa8" "aa9" "aa10" "aa11" "aa12" "aa13" "aa14" "aa15" "aa16" "aa17" "aa18" "aa19" "aa20"
"0" 0 0.790697674419 198 53 49 45 40 25 24 23 14 9 9 6 5 0 0 0 0 0 0 0
"1" 1 0.34375 440 25 13 10 9 2 1 0 0 0 0 0 0 0 0 0 0 0 0 0
"2" 2 0.601990049751 427 22 21 8 6 6 4 2 1 1 1 1 0 0 0 0 0 0 0 0
"3" 3 0.267857142857 493 6 1 0 0 0 0 0 0 0 0 0 0 0 0 0 0 0 0 0
"4" 4 0.20802919708 481 19 0 0 0 0 0 0 0 0 0 0 0 0 0 0 0 0 0 0
"5" 5 0.0 371 119 6 3 1 0 0 0 0 0 0 0 0 0 0 0 0 0 0 0
"6" 6 0.0 499 1 0 0 0 0 0 0 0 0 0 0 0 0 0 0 0 0 0 0
"7" 7 0.0 448 51 1 0 0 0 0 0 0 0 0 0 0 0 0 0 0 0 0 0
"8" 8 0.031007751938 470 24 6 0 0 0 0 0 0 0 0 0 0 0 0 0 0 0 0 0
"9" 9 0.0 500 0 0 0 0 0 0 0 0 0 0 0 0 0 0 0 0 0 0 0
"10" 10 0.101265822785 351 148 1 0 0 0 0 0 0 0 0 0 0 0 0 0 0 0 0 0
"11" 11 0.0251572327044 500 0 0 0 0 0 0 0 0 0 0 0 0 0 0 0 0 0 0 0
"12" 12 0.0777202072539 427 53 12 3 2 1 1 1 0 0 0 0 0 0 0 0 0 0 0 0
"13" 13 0.0 499 1 0 0 0 0 0 0 0 0 0 0 0 0 0 0 0 0 0 0
"14" 14 0.14367816092 416 57 22 5 0 0 0 0 0 0 0 0 0 0 0 0 0 0 0 0
"15" 15 0.614349775785 136 116 69 42 27 25 22 19 12 11 8 6 4 2 1 0 0 0 0 0
"16" 16 0.470802919708 225 189 49 18 9 5 3 1 1 0 0 0 0 0 0 0 0 0 0 0
"17" 17 0.538461538462 250 216 13 9 4 4 2 1 1 0 0 0 0 0 0 0 0 0 0 0
"18" 18 0.0995024875622 296 119 78 4 2 1 0 0 0 0 0 0 0 0 0 0 0 0 0 0
"19" 19 0.294416243655 340 159 1 0 0 0 0 0 0 0 0 0 0 0 0 0 0 0 0 0
"20" 20 0.629139072848 144 72 60 45 39 39 36 17 11 11 10 9 5 1 1 0 0 0 0 0
"21" 21 0.303571428571 498 2 0 0 0 0 0 0 0 0 0 0 0 0 0 0 0 0 0 0
"22" 22 0.0 500 0 0 0 0 0 0 0 0 0 0 0 0 0 0 0 0 0 0 0
"23" 23 0.157360406091 370 53 26 24 10 8 7 1 1 0 0 0 0 0 0 0 0 0 0 0
"24" 24 0.238410596026 184 127 63 34 33 13 9 8 8 8 7 2 2 1 1 0 0 0 0 0
"25" 25 0.0656934306569 498 2 0 0 0 0 0 0 0 0 0 0 0 0 0 0 0 0 0 0
"26" 26 0.0 500 0 0 0 0 0 0 0 0 0 0 0 0 0 0 0 0 0 0 0
"27" 27 0.607142857143 163 67 66 54 50 46 33 9 8 3 1 0 0 0 0 0 0 0 0 0
"28" 28 0.667883211679 114 98 56 41 41 39 27 27 23 14 10 6 3 1 0 0 0 0 0 0
"29" 29 0.409282700422 276 124 45 28 11 9 4 2 1 0 0 0 0 0 0 0 0 0 0 0
"30" 30 0.182692307692 500 0 0 0 0 0 0 0 0 0 0 0 0 0 0 0 0 0 0 0
"31" 31 0.0669456066946 487 13 0 0 0 0 0 0 0 0 0 0 0 0 0 0 0 0 0 0
"32" 32 0.0928270042194 499 1 0 0 0 0 0 0 0 0 0 0 0 0 0 0 0 0 0 0
"33" 33 0.293532338308 499 1 0 0 0 0 0 0 0 0 0 0 0 0 0 0 0 0 0 0
"34" 34 0.0114942528736 498 2 0 0 0 0 0 0 0 0 0 0 0 0 0 0 0 0 0 0
"35" 35 0.0288461538462 500 0 0 0 0 0 0 0 0 0 0 0 0 0 0 0 0 0 0 0
"36" 36 0.41116751269 434 13 13 11 11 7 5 3 2 1 0 0 0 0 0 0 0 0 0 0
"37" 37 0.215189873418 499 1 0 0 0 0 0 0 0 0 0 0 0 0 0 0 0 0 0 0
"38" 38 0.540229885057 265 114 60 27 9 9 8 4 2 1 1 0 0 0 0 0 0 0 0 0
"39" 39 0.223880597015 305 110 82 1 1 1 0 0 0 0 0 0 0 0 0 0 0 0 0 0
"40" 40 0.573604060914 319 166 10 2 2 1 0 0 0 0 0 0 0 0 0 0 0 0 0 0
"41" 41 0.0314465408805 500 0 0 0 0 0 0 0 0 0 0 0 0 0 0 0 0 0 0 0
"42" 42 0.482558139535 311 178 8 1 1 1 0 0 0 0 0 0 0 0 0 0 0 0 0 0
"43" 43 0.286919831224 114 100 51 45 44 41 35 35 25 4 2 2 1 1 0 0 0 0 0 0
"44" 44 0.596412556054 435 47 13 3 1 1 0 0 0 0 0 0 0 0 0 0 0 0 0 0
"45" 45 0.154811715481 499 1 0 0 0 0 0 0 0 0 0 0 0 0 0 0 0 0 0 0
"46" 46 0.0 500 0 0 0 0 0 0 0 0 0 0 0 0 0 0 0 0 0 0 0
"47" 47 0.304932735426 492 4 2 1 1 0 0 0 0 0 0 0 0 0 0 0 0 0 0 0
"48" 48 0.439461883408 154 90 79 58 36 20 16 14 13 9 7 2 1 1 0 0 0 0 0 0
"49" 49 0.0717703349282 494 5 1 0 0 0 0 0 0 0 0 0 0 0 0 0 0 0 0 0
"50" 50 0.0684410646388 342 155 2 1 0 0 0 0 0 0 0 0 0 0 0 0 0 0 0 0
"51" 51 0.382775119617 175 166 54 36 30 15 9 4 4 3 2 1 1 0 0 0 0 0 0 0
"52" 52 0.59585492228 135 86 58 52 47 42 19 18 8 8 7 6 5 4 2 1 1 1 0 0
"53" 53 0.228855721393 208 87 54 37 37 33 19 12 6 5 1 1 0 0 0 0 0 0 0 0
"54" 54 0.582278481013 304 107 57 12 10 5 3 1 1 0 0 0 0 0 0 0 0 0 0 0
"55" 55 0.705357142857 103 75 68 58 56 49 20 20 18 11 10 6 3 2 1 0 0 0 0 0
"56" 56 0.507299270073 173 136 80 44 22 22 12 5 3 2 1 0 0 0 0 0 0 0 0 0
"57" 57 0.823899371069 298 83 28 27 18 17 7 7 3 3 2 2 2 1 1 1 0 0 0 0
"58" 58 0.355648535565 122 66 65 51 47 34 22 19 17 15 12 11 8 6 4 1 0 0 0 0
"59" 59 0.10460251046 500 0 0 0 0 0 0 0 0 0 0 0 0 0 0 0 0 0 0 0
"60" 60 0.482051282051 171 65 60 47 39 28 28 18 15 12 5 4 3 3 2 0 0 0 0 0
"61" 61 0.413461538462 249 81 25 25 25 19 14 13 12 11 8 8 6 2 2 0 0 0 0 0
"62" 62 0.238805970149 392 33 21 13 9 8 7 7 6 3 1 0 0 0 0 0 0 0 0 0
"63" 63 0.0 500 0 0 0 0 0 0 0 0 0 0 0 0 0 0 0 0 0 0 0
"64" 64 0.40414507772 115 81 65 53 46 28 27 21 17 15 10 8 8 4 1 1 0 0 0 0
"65" 65 0.138075313808 490 10 0 0 0 0 0 0 0 0 0 0 0 0 0 0 0 0 0 0
"66" 66 0.0248756218905 493 7 0 0 0 0 0 0 0 0 0 0 0 0 0 0 0 0 0 0
"67" 67 0.165562913907 353 123 24 0 0 0 0 0 0 0 0 0 0 0 0 0 0 0 0 0
"68" 68 0.523178807947 384 105 11 0 0 0 0 0 0 0 0 0 0 0 0 0 0 0 0 0
"69" 69 0.0769230769231 500 0 0 0 0 0 0 0 0 0 0 0 0 0 0 0 0 0 0 0
"70" 70 0.220125786164 498 1 1 0 0 0 0 0 0 0 0 0 0 0 0 0 0 0 0 0
"71" 71 0.0 500 0 0 0 0 0 0 0 0 0 0 0 0 0 0 0 0 0 0 0
"72" 72 0.0761421319797 428 72 0 0 0 0 0 0 0 0 0 0 0 0 0 0 0 0 0 0
"73" 73 0.0 500 0 0 0 0 0 0 0 0 0 0 0 0 0 0 0 0 0 0 0
"74" 74 0.0 492 5 2 1 0 0 0 0 0 0 0 0 0 0 0 0 0 0 0 0
"75" 75 0.0 500 0 0 0 0 0 0 0 0 0 0 0 0 0 0 0 0 0 0 0
"76" 76 0.0106382978723 500 0 0 0 0 0 0 0 0 0 0 0 0 0 0 0 0 0 0 0
"77" 77 0.03125 493 7 0 0 0 0 0 0 0 0 0 0 0 0 0 0 0 0 0 0
"78" 78 0.0 500 0 0 0 0 0 0 0 0 0 0 0 0 0 0 0 0 0 0 0
"79" 79 0.491071428571 366 64 46 7 6 6 3 2 0 0 0 0 0 0 0 0 0 0 0 0
"80" 80 0.25 499 1 0 0 0 0 0 0 0 0 0 0 0 0 0 0 0 0 0 0
"81" 81 0.0 499 1 0 0 0 0 0 0 0 0 0 0 0 0 0 0 0 0 0 0
"82" 82 0.0456852791878 495 5 0 0 0 0 0 0 0 0 0 0 0 0 0 0 0 0 0 0
"83" 83 0.494186046512 135 110 50 40 39 32 30 24 17 10 5 4 2 1 1 0 0 0 0 0
"84" 84 0.326996197719 298 100 29 25 18 10 7 5 3 2 1 1 1 0 0 0 0 0 0 0
"85" 85 0.00961538461538 500 0 0 0 0 0 0 0 0 0 0 0 0 0 0 0 0 0 0 0
"86" 86 0.474452554745 245 100 36 36 24 17 14 14 4 4 4 1 1 0 0 0 0 0 0 0
"87" 87 0.569620253165 245 112 93 12 12 10 6 3 2 2 1 1 1 0 0 0 0 0 0 0
"88" 88 0.114427860697 448 52 0 0 0 0 0 0 0 0 0 0 0 0 0 0 0 0 0 0
"89" 89 0.0203045685279 474 26 0 0 0 0 0 0 0 0 0 0 0 0 0 0 0 0 0 0
"90" 90 0.163461538462 500 0 0 0 0 0 0 0 0 0 0 0 0 0 0 0 0 0 0 0
"91" 91 0.31007751938 476 8 6 4 3 3 0 0 0 0 0 0 0 0 0 0 0 0 0 0
"92" 92 0.540697674419 249 162 33 10 9 8 7 7 6 4 3 1 1 0 0 0 0 0 0 0
"93" 93 0.176165803109 388 96 7 3 2 2 2 0 0 0 0 0 0 0 0 0 0 0 0 0
"94" 94 0.0440251572327 500 0 0 0 0 0 0 0 0 0 0 0 0 0 0 0 0 0 0 0
"95" 95 0.668161434978 285 52 49 43 36 11 11 4 4 3 1 1 0 0 0 0 0 0 0 0
"96" 96 0.691983122363 234 99 62 39 32 17 13 2 1 1 0 0 0 0 0 0 0 0 0 0
"97" 97 0.0993377483444 342 158 0 0 0 0 0 0 0 0 0 0 0 0 0 0 0 0 0 0
"98" 98 0.457364341085 117 85 82 55 47 39 22 21 19 6 5 1 1 0 0 0 0 0 0 0
"99" 99 0.748427672956 471 16 4 3 2 1 1 1 1 0 0 0 0 0 0 0 0 0 0 0
"100" 100 0.461538461538 500 0 0 0 0 0 0 0 0 0 0 0 0 0 0 0 0 0 0 0
"101" 101 0.110465116279 418 82 0 0 0 0 0 0 0 0 0 0 0 0 0 0 0 0 0 0
"102" 102 0.0 500 0 0 0 0 0 0 0 0 0 0 0 0 0 0 0 0 0 0 0
"103" 103 0.0839416058394 341 106 37 16 0 0 0 0 0 0 0 0 0 0 0 0 0 0 0 0
"104" 104 0.240384615385 500 0 0 0 0 0 0 0 0 0 0 0 0 0 0 0 0 0 0 0
"105" 105 0.367875647668 499 1 0 0 0 0 0 0 0 0 0 0 0 0 0 0 0 0 0 0
"106" 106 0.139303482587 495 1 1 1 1 1 0 0 0 0 0 0 0 0 0 0 0 0 0 0
"107" 107 0.093023255814 499 1 0 0 0 0 0 0 0 0 0 0 0 0 0 0 0 0 0 0
"108" 108 0.568965517241 97 72 68 66 62 36 28 22 19 11 11 5 2 1 0 0 0 0 0 0
"109" 109 0.413793103448 232 147 56 28 13 10 5 3 2 1 1 1 1 0 0 0 0 0 0 0
"110" 110 0.379310344828 173 122 59 43 41 17 14 11 10 4 3 1 1 1 0 0 0 0 0 0
"111" 111 0.451923076923 144 111 61 55 41 26 24 22 7 6 1 1 1 0 0 0 0 0 0 0
"112" 112 0.448905109489 453 24 12 9 1 1 0 0 0 0 0 0 0 0 0 0 0 0 0 0
"113" 113 0.0512820512821 390 110 0 0 0 0 0 0 0 0 0 0 0 0 0 0 0 0 0 0
"114" 114 0.0 487 6 3 3 1 0 0 0 0 0 0 0 0 0 0 0 0 0 0 0
"115" 115 0.0 500 0 0 0 0 0 0 0 0 0 0 0 0 0 0 0 0 0 0 0
"116" 116 0.157894736842 138 114 87 33 31 28 20 14 13 10 5 3 2 1 1 0 0 0 0 0
"117" 117 0.134615384615 474 14 9 2 1 0 0 0 0 0 0 0 0 0 0 0 0 0 0 0
"118" 118 0.0 277 220 3 0 0 0 0 0 0 0 0 0 0 0 0 0 0 0 0 0
"119" 119 0.502590673575 149 81 67 39 36 28 26 25 19 14 5 4 3 2 1 1 0 0 0 0
"120" 120 0.105769230769 499 1 0 0 0 0 0 0 0 0 0 0 0 0 0 0 0 0 0 0
"121" 121 0.553459119497 488 6 2 1 1 1 1 0 0 0 0 0 0 0 0 0 0 0 0 0
"122" 122 0.575892857143 184 63 48 38 36 33 29 19 12 11 8 7 6 6 0 0 0 0 0 0
"123" 123 0.174418604651 210 95 52 41 27 25 20 15 8 2 2 1 1 1 0 0 0 0 0 0
"124" 124 0.015503875969 500 0 0 0 0 0 0 0 0 0 0 0 0 0 0 0 0 0 0 0
"125" 125 0.573839662447 123 122 50 45 44 22 20 19 17 16 12 5 3 2 0 0 0 0 0 0
"126" 126 0.507772020725 191 120 79 45 23 15 8 5 5 4 2 1 1 1 0 0 0 0 0 0
"127" 127 0.09375 264 174 32 20 5 3 1 1 0 0 0 0 0 0 0 0 0 0 0 0
"128" 128 0.0964467005076 500 0 0 0 0 0 0 0 0 0 0 0 0 0 0 0 0 0 0 0
"129" 129 0.713080168776 217 57 52 38 34 26 24 24 13 6 2 2 2 2 1 0 0 0 0 0
"130" 130 0.243781094527 491 3 2 2 1 1 0 0 0 0 0 0 0 0 0 0 0 0 0 0
"131" 131 0.0354609929078 500 0 0 0 0 0 0 0 0 0 0 0 0 0 0 0 0 0 0 0
"132" 132 0.0418410041841 500 0 0 0 0 0 0 0 0 0 0 0 0 0 0 0 0 0 0 0
"133" 133 0.518987341772 173 85 60 58 53 18 17 12 10 5 4 3 2 0 0 0 0 0 0 0
"134" 134 0.685534591195 491 5 2 1 1 0 0 0 0 0 0 0 0 0 0 0 0 0 0 0
"135" 135 0.629464285714 138 101 50 46 42 31 29 19 16 12 7 6 3 0 0 0 0 0 0 0
"136" 136 0.290178571429 499 1 0 0 0 0 0 0 0 0 0 0 0 0 0 0 0 0 0 0
"137" 137 0.169154228856 500 0 0 0 0 0 0 0 0 0 0 0 0 0 0 0 0 0 0 0
"138" 138 0.390804597701 230 168 33 20 14 12 5 4 3 3 2 2 2 1 1 0 0 0 0 0
"139" 139 0.741721854305 130 94 86 53 43 25 20 15 12 9 5 5 1 1 1 0 0 0 0 0
"140" 140 0.430962343096 470 30 0 0 0 0 0 0 0 0 0 0 0 0 0 0 0 0 0 0
"141" 141 0.651162790698 191 91 87 42 36 13 12 12 9 3 2 1 1 0 0 0 0 0 0 0
"142" 142 0.145695364238 465 35 0 0 0 0 0 0 0 0 0 0 0 0 0 0 0 0 0 0
"143" 143 0.692307692308 130 101 63 46 44 44 20 15 12 11 6 4 2 1 1 0 0 0 0 0
"144" 144 0.390728476821 219 146 36 34 16 15 12 10 5 3 3 1 0 0 0 0 0 0 0 0
"145" 145 0.147321428571 494 5 1 0 0 0 0 0 0 0 0 0 0 0 0 0 0 0 0 0
"146" 146 0.599156118143 118 112 80 49 38 22 21 13 12 12 10 7 5 1 0 0 0 0 0 0
"147" 147 0.794326241135 252 42 40 37 36 30 25 14 7 6 4 4 1 1 1 0 0 0 0 0
"148" 148 0.335025380711 360 78 23 10 8 6 4 4 2 2 1 1 1 0 0 0 0 0 0 0
"149" 149 0.406844106464 489 11 0 0 0 0 0 0 0 0 0 0 0 0 0 0 0 0 0 0
