"site" "RSA" "aa1" "aa2" "aa3" "aa4" "aa5" "aa6" "aa7" "aa8" "aa9" "aa10" "aa11" "aa12" "aa13" "aa14" "aa15" "aa16" "aa17" "aa18" "aa19" "aa20"
"0" 0 0.773255813953 11 2 0 0 0 0 0 0 0 0 0 0 0 0 0 0 0 0 0 0
"1" 1 0.313432835821 21 15 7 6 3 1 1 0 0 0 0 0 0 0 0 0 0 0 0 0
"2" 2 0.15611814346 42 9 4 3 2 2 2 1 0 0 0 0 0 0 0 0 0 0 0 0
"3" 3 0.0 65 21 13 1 0 0 0 0 0 0 0 0 0 0 0 0 0 0 0 0
"4" 4 0.0 77 15 4 1 1 1 1 0 0 0 0 0 0 0 0 0 0 0 0 0
"5" 5 0.0 99 1 0 0 0 0 0 0 0 0 0 0 0 0 0 0 0 0 0 0
"6" 6 0.046357615894 100 0 0 0 0 0 0 0 0 0 0 0 0 0 0 0 0 0 0 0
"7" 7 0.0 78 15 7 0 0 0 0 0 0 0 0 0 0 0 0 0 0 0 0 0
"8" 8 0.149253731343 100 0 0 0 0 0 0 0 0 0 0 0 0 0 0 0 0 0 0 0
"9" 9 0.31007751938 74 23 2 1 0 0 0 0 0 0 0 0 0 0 0 0 0 0 0 0
"10" 10 0.108527131783 88 7 2 2 1 0 0 0 0 0 0 0 0 0 0 0 0 0 0 0
"11" 11 0.383419689119 94 6 0 0 0 0 0 0 0 0 0 0 0 0 0 0 0 0 0 0
"12" 12 0.422053231939 91 7 1 1 0 0 0 0 0 0 0 0 0 0 0 0 0 0 0 0
"13" 13 0.635658914729 51 25 8 7 2 2 2 1 1 1 0 0 0 0 0 0 0 0 0 0
"14" 14 0.420512820513 36 29 16 4 4 3 2 2 2 1 1 0 0 0 0 0 0 0 0 0
"15" 15 0.1589958159 88 9 2 1 0 0 0 0 0 0 0 0 0 0 0 0 0 0 0 0
"16" 16 0.341085271318 52 14 11 10 7 2 2 1 1 0 0 0 0 0 0 0 0 0 0 0
"17" 17 0.370860927152 39 12 12 12 8 6 4 3 2 1 1 0 0 0 0 0 0 0 0 0
"18" 18 0.0580357142857 62 22 8 2 2 2 1 1 0 0 0 0 0 0 0 0 0 0 0 0
"19" 19 0.0 42 40 11 2 2 2 1 0 0 0 0 0 0 0 0 0 0 0 0 0
"20" 20 0.364341085271 30 28 13 10 8 3 3 2 1 1 1 0 0 0 0 0 0 0 0 0
"21" 21 0.215328467153 39 12 10 8 8 8 5 3 3 2 1 1 0 0 0 0 0 0 0 0
"22" 22 0.0 42 27 19 11 1 0 0 0 0 0 0 0 0 0 0 0 0 0 0 0
"23" 23 0.3125 54 21 8 5 4 3 2 1 1 0 0 0 0 0 0 0 0 0 0 0
"24" 24 0.620535714286 29 22 15 6 6 6 5 5 4 1 0 0 0 0 0 0 0 0 0 0
"25" 25 0.0988372093023 64 13 8 4 3 2 2 1 1 1 1 0 0 0 0 0 0 0 0 0
"26" 26 0.373056994819 88 6 2 2 1 0 0 0 0 0 0 0 0 0 0 0 0 0 0 0
"27" 27 0.0232558139535 82 9 7 2 0 0 0 0 0 0 0 0 0 0 0 0 0 0 0 0
"28" 28 0.272321428571 80 10 3 2 1 1 1 1 1 0 0 0 0 0 0 0 0 0 0 0
"29" 29 0.0456273764259 50 25 6 6 4 3 3 2 1 0 0 0 0 0 0 0 0 0 0 0
"30" 30 0.0 46 27 17 7 3 0 0 0 0 0 0 0 0 0 0 0 0 0 0 0
"31" 31 0.0 100 0 0 0 0 0 0 0 0 0 0 0 0 0 0 0 0 0 0 0
"32" 32 0.0 43 25 17 12 2 1 0 0 0 0 0 0 0 0 0 0 0 0 0 0
"33" 33 0.0310880829016 100 0 0 0 0 0 0 0 0 0 0 0 0 0 0 0 0 0 0 0
"34" 34 0.0406091370558 84 15 1 0 0 0 0 0 0 0 0 0 0 0 0 0 0 0 0 0
"35" 35 0.0366972477064 100 0 0 0 0 0 0 0 0 0 0 0 0 0 0 0 0 0 0 0
"36" 36 0.165803108808 100 0 0 0 0 0 0 0 0 0 0 0 0 0 0 0 0 0 0 0
"37" 37 0.211538461538 97 2 1 0 0 0 0 0 0 0 0 0 0 0 0 0 0 0 0 0
"38" 38 0.650224215247 54 10 9 7 6 4 3 2 2 1 1 1 0 0 0 0 0 0 0 0
"39" 39 0.171548117155 97 3 0 0 0 0 0 0 0 0 0 0 0 0 0 0 0 0 0 0
"40" 40 0.0459770114943 99 1 0 0 0 0 0 0 0 0 0 0 0 0 0 0 0 0 0 0
"41" 41 0.635220125786 96 2 1 1 0 0 0 0 0 0 0 0 0 0 0 0 0 0 0 0
"42" 42 0.45641025641 90 7 2 1 0 0 0 0 0 0 0 0 0 0 0 0 0 0 0 0
"43" 43 0.664974619289 75 23 2 0 0 0 0 0 0 0 0 0 0 0 0 0 0 0 0 0
"44" 44 0.198675496689 57 43 0 0 0 0 0 0 0 0 0 0 0 0 0 0 0 0 0 0
"45" 45 0.0962343096234 52 30 8 7 3 0 0 0 0 0 0 0 0 0 0 0 0 0 0 0
"46" 46 0.307692307692 99 1 0 0 0 0 0 0 0 0 0 0 0 0 0 0 0 0 0 0
"47" 47 0.131782945736 57 11 10 6 6 3 2 2 1 1 1 0 0 0 0 0 0 0 0 0
"48" 48 0.740932642487 44 14 10 6 6 5 3 3 3 2 2 1 1 0 0 0 0 0 0 0
"49" 49 0.252873563218 67 22 3 3 2 1 1 1 0 0 0 0 0 0 0 0 0 0 0 0
"50" 50 0.0 54 20 14 6 5 1 0 0 0 0 0 0 0 0 0 0 0 0 0 0
"51" 51 0.294573643411 40 19 15 9 6 5 4 1 1 0 0 0 0 0 0 0 0 0 0 0
"52" 52 0.483443708609 61 24 3 3 3 2 1 1 1 1 0 0 0 0 0 0 0 0 0 0
"53" 53 0.0137614678899 39 37 16 5 1 1 1 0 0 0 0 0 0 0 0 0 0 0 0 0
"54" 54 0.189781021898 79 12 3 3 3 0 0 0 0 0 0 0 0 0 0 0 0 0 0 0
"55" 55 0.675105485232 49 20 8 6 5 4 2 2 2 1 1 0 0 0 0 0 0 0 0 0
"56" 56 0.377990430622 31 14 8 7 7 6 5 4 3 3 3 3 2 1 1 1 1 0 0 0
"57" 57 0.0596026490066 58 20 12 6 3 1 0 0 0 0 0 0 0 0 0 0 0 0 0 0
"58" 58 0.759493670886 30 20 12 10 10 6 4 3 2 2 1 0 0 0 0 0 0 0 0 0
"59" 59 0.144278606965 43 29 8 5 4 3 3 2 2 1 0 0 0 0 0 0 0 0 0 0
"60" 60 0.224137931034 41 28 7 7 7 3 2 2 1 1 1 0 0 0 0 0 0 0 0 0
"61" 61 0.0 46 34 11 7 1 1 0 0 0 0 0 0 0 0 0 0 0 0 0 0
"62" 62 0.0 100 0 0 0 0 0 0 0 0 0 0 0 0 0 0 0 0 0 0 0
"63" 63 0.0 76 11 8 5 0 0 0 0 0 0 0 0 0 0 0 0 0 0 0 0
"64" 64 0.0 100 0 0 0 0 0 0 0 0 0 0 0 0 0 0 0 0 0 0 0
"65" 65 0.0 98 2 0 0 0 0 0 0 0 0 0 0 0 0 0 0 0 0 0 0
"66" 66 0.0137614678899 100 0 0 0 0 0 0 0 0 0 0 0 0 0 0 0 0 0 0 0
"67" 67 0.0114942528736 80 18 1 1 0 0 0 0 0 0 0 0 0 0 0 0 0 0 0 0
"68" 68 0.241379310345 39 18 16 12 6 2 2 1 1 1 1 1 0 0 0 0 0 0 0 0
"69" 69 0.414507772021 28 22 20 10 6 6 4 2 1 1 0 0 0 0 0 0 0 0 0 0
"70" 70 0.0062893081761 72 17 7 4 0 0 0 0 0 0 0 0 0 0 0 0 0 0 0 0
"71" 71 0.200892857143 48 40 4 3 2 1 1 1 0 0 0 0 0 0 0 0 0 0 0 0
"72" 72 0.481751824818 33 22 14 9 5 4 3 3 2 2 2 1 0 0 0 0 0 0 0 0
"73" 73 0.304182509506 76 7 4 4 2 2 2 1 1 1 0 0 0 0 0 0 0 0 0 0
"74" 74 0.0114942528736 56 23 21 0 0 0 0 0 0 0 0 0 0 0 0 0 0 0 0 0
"75" 75 0.464285714286 41 15 12 11 8 4 3 2 1 1 1 1 0 0 0 0 0 0 0 0
"76" 76 0.325581395349 35 25 12 8 5 4 2 2 2 1 1 1 1 1 0 0 0 0 0 0
"77" 77 0.00836820083682 95 4 1 0 0 0 0 0 0 0 0 0 0 0 0 0 0 0 0 0
"78" 78 0.22480620155 74 14 8 3 1 0 0 0 0 0 0 0 0 0 0 0 0 0 0 0
"79" 79 0.681614349776 44 20 13 10 6 3 2 1 1 0 0 0 0 0 0 0 0 0 0 0
"80" 80 0.0697674418605 83 5 4 3 2 1 1 1 0 0 0 0 0 0 0 0 0 0 0 0
"81" 81 0.182692307692 100 0 0 0 0 0 0 0 0 0 0 0 0 0 0 0 0 0 0 0
"82" 82 0.0542635658915 84 9 7 0 0 0 0 0 0 0 0 0 0 0 0 0 0 0 0 0
"83" 83 0.305699481865 88 4 2 2 1 1 1 1 0 0 0 0 0 0 0 0 0 0 0 0
"84" 84 0.0152284263959 46 10 10 9 5 5 4 2 2 2 2 1 1 1 0 0 0 0 0 0
"85" 85 0.0 79 15 4 2 0 0 0 0 0 0 0 0 0 0 0 0 0 0 0 0
"86" 86 0.0 66 26 3 2 1 1 1 0 0 0 0 0 0 0 0 0 0 0 0 0
"87" 87 0.010152284264 78 13 6 3 0 0 0 0 0 0 0 0 0 0 0 0 0 0 0 0
"88" 88 0.0 97 2 1 0 0 0 0 0 0 0 0 0 0 0 0 0 0 0 0 0
"89" 89 0.127906976744 33 24 16 8 5 4 3 3 2 1 1 0 0 0 0 0 0 0 0 0
"90" 90 0.272321428571 100 0 0 0 0 0 0 0 0 0 0 0 0 0 0 0 0 0 0 0
"91" 91 0.0529801324503 83 12 3 2 0 0 0 0 0 0 0 0 0 0 0 0 0 0 0 0
"92" 92 0.104651162791 32 32 22 5 4 3 2 0 0 0 0 0 0 0 0 0 0 0 0 0
"93" 93 0.850364963504 40 13 11 8 6 6 4 3 3 2 2 1 1 0 0 0 0 0 0 0
"94" 94 0.636363636364 96 3 1 0 0 0 0 0 0 0 0 0 0 0 0 0 0 0 0 0
"95" 95 0.147208121827 64 26 4 2 1 1 1 1 0 0 0 0 0 0 0 0 0 0 0 0
"96" 96 0.406698564593 73 18 2 2 2 1 1 1 0 0 0 0 0 0 0 0 0 0 0 0
"97" 97 0.317307692308 90 5 3 1 1 0 0 0 0 0 0 0 0 0 0 0 0 0 0 0
"98" 98 0.0232558139535 56 16 15 6 2 2 2 1 0 0 0 0 0 0 0 0 0 0 0 0
"99" 99 0.0 57 31 12 0 0 0 0 0 0 0 0 0 0 0 0 0 0 0 0 0
"100" 100 0.488789237668 69 8 5 4 3 3 2 2 1 1 1 1 0 0 0 0 0 0 0 0
"101" 101 0.430379746835 21 19 17 10 8 6 5 5 2 2 2 1 1 1 0 0 0 0 0 0
"102" 102 0.0 94 4 1 1 0 0 0 0 0 0 0 0 0 0 0 0 0 0 0 0
"103" 103 0.371308016878 49 41 8 2 0 0 0 0 0 0 0 0 0 0 0 0 0 0 0 0
"104" 104 0.705426356589 24 22 15 13 9 9 4 2 1 1 0 0 0 0 0 0 0 0 0 0
"105" 105 0.271317829457 38 25 6 5 4 3 3 3 3 3 2 2 1 1 1 0 0 0 0 0
"106" 106 0.673076923077 93 3 1 1 1 1 0 0 0 0 0 0 0 0 0 0 0 0 0 0
"107" 107 0.0733944954128 28 26 14 13 11 5 3 0 0 0 0 0 0 0 0 0 0 0 0 0
"108" 108 0.472573839662 81 10 2 2 1 1 1 1 1 0 0 0 0 0 0 0 0 0 0 0
"109" 109 0.0 85 8 6 1 0 0 0 0 0 0 0 0 0 0 0 0 0 0 0 0
"110" 110 0.0 87 7 3 3 0 0 0 0 0 0 0 0 0 0 0 0 0 0 0 0
"111" 111 0.0 80 10 6 4 0 0 0 0 0 0 0 0 0 0 0 0 0 0 0 0
"112" 112 0.0 47 34 16 3 0 0 0 0 0 0 0 0 0 0 0 0 0 0 0 0
"113" 113 0.0 69 28 2 1 0 0 0 0 0 0 0 0 0 0 0 0 0 0 0 0
"114" 114 0.153846153846 93 5 1 1 0 0 0 0 0 0 0 0 0 0 0 0 0 0 0 0
"115" 115 0.150943396226 98 1 1 0 0 0 0 0 0 0 0 0 0 0 0 0 0 0 0 0
"116" 116 0.692307692308 37 34 14 10 2 2 1 0 0 0 0 0 0 0 0 0 0 0 0 0
"117" 117 0.151162790698 99 1 0 0 0 0 0 0 0 0 0 0 0 0 0 0 0 0 0 0
"118" 118 0.465408805031 89 6 2 1 1 1 0 0 0 0 0 0 0 0 0 0 0 0 0 0
"119" 119 0.093023255814 43 27 9 9 8 3 1 0 0 0 0 0 0 0 0 0 0 0 0 0
"120" 120 0.470930232558 37 15 10 9 8 5 4 3 2 2 2 1 1 1 0 0 0 0 0 0
"121" 121 0.248062015504 28 22 15 8 6 6 5 3 2 2 1 1 1 0 0 0 0 0 0 0
"122" 122 0.0 49 37 13 1 0 0 0 0 0 0 0 0 0 0 0 0 0 0 0 0
"123" 123 0.388392857143 51 15 11 4 4 3 3 2 2 1 1 1 1 1 0 0 0 0 0 0
"124" 124 0.534591194969 27 23 13 12 7 7 4 2 2 1 1 1 0 0 0 0 0 0 0 0
"125" 125 0.00995024875622 58 21 18 2 1 0 0 0 0 0 0 0 0 0 0 0 0 0 0 0
"126" 126 0.00995024875622 76 20 2 1 1 0 0 0 0 0 0 0 0 0 0 0 0 0 0 0
"127" 127 0.616580310881 37 20 14 8 4 4 4 3 2 2 1 1 0 0 0 0 0 0 0 0
"128" 128 0.0796019900498 29 16 16 10 6 5 4 4 3 2 1 1 1 1 1 0 0 0 0 0
"129" 129 0.0574712643678 50 28 13 6 2 1 0 0 0 0 0 0 0 0 0 0 0 0 0 0
"130" 130 0.284974093264 97 2 1 0 0 0 0 0 0 0 0 0 0 0 0 0 0 0 0 0
"131" 131 0.00896860986547 52 29 8 6 3 1 1 0 0 0 0 0 0 0 0 0 0 0 0 0
"132" 132 0.0 79 17 2 1 1 0 0 0 0 0 0 0 0 0 0 0 0 0 0 0
"133" 133 0.0 93 7 0 0 0 0 0 0 0 0 0 0 0 0 0 0 0 0 0 0
"134" 134 0.0 42 31 23 2 1 1 0 0 0 0 0 0 0 0 0 0 0 0 0 0
"135" 135 0.0183486238532 100 0 0 0 0 0 0 0 0 0 0 0 0 0 0 0 0 0 0 0
"136" 136 0.0 53 47 0 0 0 0 0 0 0 0 0 0 0 0 0 0 0 0 0 0
"137" 137 0.0459770114943 98 2 0 0 0 0 0 0 0 0 0 0 0 0 0 0 0 0 0 0
"138" 138 0.441025641026 96 2 1 1 0 0 0 0 0 0 0 0 0 0 0 0 0 0 0 0
"139" 139 0.138364779874 100 0 0 0 0 0 0 0 0 0 0 0 0 0 0 0 0 0 0 0
"140" 140 0.0480769230769 100 0 0 0 0 0 0 0 0 0 0 0 0 0 0 0 0 0 0 0
"141" 141 0.464435146444 98 2 0 0 0 0 0 0 0 0 0 0 0 0 0 0 0 0 0 0
"142" 142 0.519230769231 100 0 0 0 0 0 0 0 0 0 0 0 0 0 0 0 0 0 0 0
"143" 143 0.586538461538 100 0 0 0 0 0 0 0 0 0 0 0 0 0 0 0 0 0 0 0
"144" 144 0.210762331839 100 0 0 0 0 0 0 0 0 0 0 0 0 0 0 0 0 0 0 0
"145" 145 0.651162790698 43 35 12 5 2 1 1 1 0 0 0 0 0 0 0 0 0 0 0 0
"146" 146 0.167364016736 87 9 4 0 0 0 0 0 0 0 0 0 0 0 0 0 0 0 0 0
"147" 147 0.187817258883 84 12 1 1 1 1 0 0 0 0 0 0 0 0 0 0 0 0 0 0
"148" 148 0.427672955975 44 23 8 7 3 3 2 2 2 1 1 1 1 0 0 0 0 0 0 0
"149" 149 0.513392857143 31 15 14 9 8 5 5 4 3 2 2 1 1 0 0 0 0 0 0 0
"150" 150 0.0253164556962 20 17 15 14 11 10 7 2 1 1 1 1 0 0 0 0 0 0 0 0
"151" 151 0.119402985075 44 20 9 9 5 4 3 3 1 1 1 0 0 0 0 0 0 0 0 0
"152" 152 0.611607142857 25 18 15 9 8 6 5 5 4 2 1 1 1 0 0 0 0 0 0 0
"153" 153 0.0970464135021 94 3 1 1 1 0 0 0 0 0 0 0 0 0 0 0 0 0 0 0
"154" 154 0.0 64 26 7 2 1 0 0 0 0 0 0 0 0 0 0 0 0 0 0 0
"155" 155 0.356589147287 41 16 15 11 7 4 2 2 1 1 0 0 0 0 0 0 0 0 0 0
"156" 156 0.296511627907 28 17 13 13 9 6 5 2 1 1 1 1 1 1 1 0 0 0 0 0
"157" 157 0.0 65 18 9 6 1 1 0 0 0 0 0 0 0 0 0 0 0 0 0 0
"158" 158 0.147286821705 46 31 6 5 5 3 2 2 0 0 0 0 0 0 0 0 0 0 0 0
"159" 159 0.510548523207 28 19 15 10 9 6 4 3 2 2 2 0 0 0 0 0 0 0 0 0
"160" 160 0.13829787234 46 22 13 5 5 3 2 1 1 1 1 0 0 0 0 0 0 0 0 0
"161" 161 0.222627737226 36 14 14 9 9 7 5 3 3 0 0 0 0 0 0 0 0 0 0 0
"162" 162 0.683937823834 30 16 8 7 5 5 2 2 2 1 1 1 1 1 0 0 0 0 0 0
"163" 163 0.46875 28 18 10 8 7 4 2 1 1 1 1 0 0 0 0 0 0 0 0 0
"164" 164 0.337552742616 16 16 12 10 7 6 6 5 4 4 3 3 2 2 2 1 0 0 0 0
"165" 165 0.692307692308 57 19 13 3 2 2 1 1 1 0 0 0 0 0 0 0 0 0 0 0
"166" 166 0.228855721393 41 25 5 5 4 4 4 3 2 1 1 1 1 1 0 0 0 0 0 0
"167" 167 0.761589403974 24 15 15 10 8 6 5 4 3 3 3 2 1 0 0 0 0 0 0 0
"168" 168 0.0334728033473 32 16 16 10 10 4 4 4 2 1 0 0 0 0 0 0 0 0 0 0
"169" 169 0.176165803109 29 18 18 9 6 6 5 2 2 1 1 1 1 0 0 0 0 0 0 0
"170" 170 0.0 81 18 1 0 0 0 0 0 0 0 0 0 0 0 0 0 0 0 0 0
"171" 171 0.0 76 18 2 1 1 1 1 0 0 0 0 0 0 0 0 0 0 0 0 0
"172" 172 0.0 81 18 1 0 0 0 0 0 0 0 0 0 0 0 0 0 0 0 0 0
"173" 173 0.0829015544041 100 0 0 0 0 0 0 0 0 0 0 0 0 0 0 0 0 0 0 0
"174" 174 0.0673076923077 100 0 0 0 0 0 0 0 0 0 0 0 0 0 0 0 0 0 0 0
"175" 175 0.259615384615 100 0 0 0 0 0 0 0 0 0 0 0 0 0 0 0 0 0 0 0
"176" 176 0.0344827586207 55 44 1 0 0 0 0 0 0 0 0 0 0 0 0 0 0 0 0 0
"177" 177 0.20725388601 36 26 13 8 6 5 2 2 1 1 0 0 0 0 0 0 0 0 0 0
"178" 178 0.312820512821 25 13 13 9 8 8 4 4 3 3 2 2 2 2 1 1 0 0 0 0
"179" 179 0.704641350211 28 18 17 11 6 5 4 3 3 3 1 1 0 0 0 0 0 0 0 0
"180" 180 0.139534883721 61 38 1 0 0 0 0 0 0 0 0 0 0 0 0 0 0 0 0 0
"181" 181 0.0 50 25 14 4 3 1 1 1 1 0 0 0 0 0 0 0 0 0 0 0
"182" 182 0.310218978102 28 20 15 9 6 5 5 4 3 1 1 1 1 1 0 0 0 0 0 0
"183" 183 0.325581395349 18 16 13 13 11 9 5 4 4 2 2 1 1 1 0 0 0 0 0 0
"184" 184 0.0 44 21 14 10 9 1 1 0 0 0 0 0 0 0 0 0 0 0 0 0
"185" 185 0.365019011407 39 21 14 7 4 4 3 3 2 2 1 0 0 0 0 0 0 0 0 0
"186" 186 0.575892857143 35 19 14 10 7 4 3 3 2 1 1 1 0 0 0 0 0 0 0 0
"187" 187 0.15503875969 87 4 4 2 1 1 1 0 0 0 0 0 0 0 0 0 0 0 0 0
"188" 188 0.201923076923 100 0 0 0 0 0 0 0 0 0 0 0 0 0 0 0 0 0 0 0
"189" 189 0.015503875969 94 3 2 1 0 0 0 0 0 0 0 0 0 0 0 0 0 0 0 0
"190" 190 0.102564102564 41 36 18 2 1 1 1 0 0 0 0 0 0 0 0 0 0 0 0 0
"191" 191 0.0 60 15 7 6 4 4 2 1 1 0 0 0 0 0 0 0 0 0 0 0
"192" 192 0.0 58 19 15 5 2 1 0 0 0 0 0 0 0 0 0 0 0 0 0 0
"193" 193 0.0 99 1 0 0 0 0 0 0 0 0 0 0 0 0 0 0 0 0 0 0
"194" 194 0.015503875969 88 6 3 2 1 0 0 0 0 0 0 0 0 0 0 0 0 0 0 0
"195" 195 0.163461538462 100 0 0 0 0 0 0 0 0 0 0 0 0 0 0 0 0 0 0 0
"196" 196 0.390728476821 84 10 5 1 0 0 0 0 0 0 0 0 0 0 0 0 0 0 0 0
"197" 197 0.0760456273764 67 21 5 4 2 1 0 0 0 0 0 0 0 0 0 0 0 0 0 0
"198" 198 0.0 64 20 9 3 3 1 0 0 0 0 0 0 0 0 0 0 0 0 0 0
"199" 199 0.100418410042 86 14 0 0 0 0 0 0 0 0 0 0 0 0 0 0 0 0 0 0
"200" 200 0.666666666667 43 19 16 7 3 3 2 2 2 1 0 0 0 0 0 0 0 0 0 0
"201" 201 0.139534883721 18 16 15 9 5 5 5 4 2 2 1 0 0 0 0 0 0 0 0 0
"202" 202 0.774834437086 23 15 14 9 7 4 4 4 3 2 2 1 0 0 0 0 0 0 0 0
"203" 203 0.40932642487 52 12 5 4 4 2 1 1 1 1 0 0 0 0 0 0 0 0 0 0
"204" 204 0.0149253731343 27 14 13 10 8 3 2 1 1 1 0 0 0 0 0 0 0 0 0 0
"205" 205 0.298850574713 27 11 7 5 4 3 3 3 3 3 3 2 2 1 1 0 0 0 0 0
"206" 206 0.377483443709 20 14 14 8 5 4 4 3 2 1 1 1 1 1 0 0 0 0 0 0
"207" 207 0.139013452915 20 20 16 5 5 3 2 2 2 1 1 1 1 0 0 0 0 0 0 0
"208" 208 0.0 57 15 3 1 1 1 1 0 0 0 0 0 0 0 0 0 0 0 0 0
"209" 209 0.399103139013 21 17 12 7 6 5 4 3 3 1 0 0 0 0 0 0 0 0 0 0
"210" 210 0.244186046512 24 10 10 7 6 4 4 3 3 2 2 2 2 0 0 0 0 0 0 0
"211" 211 0.0 49 20 5 4 1 0 0 0 0 0 0 0 0 0 0 0 0 0 0 0
"212" 212 0.175182481752 43 31 2 1 1 1 0 0 0 0 0 0 0 0 0 0 0 0 0 0
"213" 213 0.56976744186 13 8 7 6 5 4 3 3 3 1 1 1 1 0 0 0 0 0 0 0
"214" 214 0.201550387597 31 7 4 2 2 2 1 1 0 0 0 0 0 0 0 0 0 0 0 0
"215" 215 0.0348258706468 11 6 2 1 1 1 1 1 1 0 0 0 0 0 0 0 0 0 0 0
"216" 216 0.851282051282 8 2 1 1 1 0 0 0 0 0 0 0 0 0 0 0 0 0 0 0
