"site" "RSA" "aa1" "aa2" "aa3" "aa4" "aa5" "aa6" "aa7" "aa8" "aa9" "aa10" "aa11" "aa12" "aa13" "aa14" "aa15" "aa16" "aa17" "aa18" "aa19" "aa20"
"0" 0 0.816513761468 173 79 40 40 35 34 25 16 15 12 11 9 5 4 2 0 0 0 0 0
"1" 1 0.384105960265 138 70 50 38 37 37 33 29 28 14 11 8 3 1 1 1 1 0 0 0
"2" 2 0.312820512821 152 151 36 29 26 25 25 25 13 6 5 3 2 2 0 0 0 0 0 0
"3" 3 0.0 448 50 1 1 0 0 0 0 0 0 0 0 0 0 0 0 0 0 0 0
"4" 4 0.121338912134 281 210 8 1 0 0 0 0 0 0 0 0 0 0 0 0 0 0 0 0
"5" 5 0.0 427 41 13 9 4 3 2 1 0 0 0 0 0 0 0 0 0 0 0 0
"6" 6 0.238341968912 136 107 46 38 36 20 17 17 16 14 14 14 10 5 4 3 2 1 0 0
"7" 7 0.0152284263959 438 62 0 0 0 0 0 0 0 0 0 0 0 0 0 0 0 0 0 0
"8" 8 0.0988372093023 210 114 58 30 23 16 14 14 6 6 4 2 1 1 1 0 0 0 0 0
"9" 9 0.320675105485 172 72 58 54 29 28 19 15 13 13 10 9 2 2 2 1 1 0 0 0
"10" 10 0.589743589744 316 154 13 5 5 2 2 1 1 1 0 0 0 0 0 0 0 0 0 0
"11" 11 0.576923076923 500 0 0 0 0 0 0 0 0 0 0 0 0 0 0 0 0 0 0 0
"12" 12 0.434108527132 60 58 48 47 44 36 31 28 24 24 22 19 13 13 12 11 5 5 0 0
"13" 13 0.74213836478 268 49 42 34 30 26 11 8 7 6 6 4 4 3 2 0 0 0 0 0
"14" 14 0.278606965174 456 18 14 4 3 3 1 1 0 0 0 0 0 0 0 0 0 0 0 0
"15" 15 0.269230769231 500 0 0 0 0 0 0 0 0 0 0 0 0 0 0 0 0 0 0 0
"16" 16 0.290697674419 164 123 55 37 33 26 24 22 7 3 2 1 1 1 1 0 0 0 0 0
"17" 17 0.0 467 33 0 0 0 0 0 0 0 0 0 0 0 0 0 0 0 0 0 0
"18" 18 0.354430379747 187 45 42 41 36 34 33 30 24 8 6 5 4 3 1 1 0 0 0 0
"19" 19 0.0 489 10 1 0 0 0 0 0 0 0 0 0 0 0 0 0 0 0 0 0
"20" 20 0.354430379747 160 58 49 45 43 33 24 24 18 17 12 5 4 3 3 1 1 0 0 0
"21" 21 0.0696517412935 500 0 0 0 0 0 0 0 0 0 0 0 0 0 0 0 0 0 0 0
"22" 22 0.196652719665 137 133 56 33 32 24 20 13 13 13 12 6 4 2 1 1 0 0 0 0
"23" 23 0.0984455958549 448 49 1 1 1 0 0 0 0 0 0 0 0 0 0 0 0 0 0 0
"24" 24 0.875647668394 201 51 45 43 43 25 23 18 16 12 10 10 1 1 1 0 0 0 0 0
"25" 25 0.183908045977 168 84 79 38 25 21 18 14 14 12 9 7 4 4 2 1 0 0 0 0
"26" 26 0.0 195 144 69 63 27 1 1 0 0 0 0 0 0 0 0 0 0 0 0 0
"27" 27 0.396226415094 241 99 53 39 21 11 8 6 5 4 3 3 2 2 2 1 0 0 0 0
"28" 28 0.573839662447 64 59 53 50 43 34 32 29 28 23 22 21 14 13 10 3 2 0 0 0
"29" 29 0.0 428 33 29 7 3 0 0 0 0 0 0 0 0 0 0 0 0 0 0 0
"30" 30 0.0 479 13 8 0 0 0 0 0 0 0 0 0 0 0 0 0 0 0 0 0
"31" 31 0.279069767442 134 80 66 47 41 40 26 18 16 15 8 6 1 1 1 0 0 0 0 0
"32" 32 0.0 224 94 87 36 31 22 5 1 0 0 0 0 0 0 0 0 0 0 0 0
"33" 33 0.0 471 29 0 0 0 0 0 0 0 0 0 0 0 0 0 0 0 0 0 0
"34" 34 0.0912408759124 458 12 10 7 6 2 2 1 1 1 0 0 0 0 0 0 0 0 0 0
"35" 35 0.031007751938 83 77 63 46 43 37 33 23 20 16 12 11 10 9 7 4 3 3 0 0
"36" 36 0.00497512437811 499 1 0 0 0 0 0 0 0 0 0 0 0 0 0 0 0 0 0 0
"37" 37 0.0126582278481 500 0 0 0 0 0 0 0 0 0 0 0 0 0 0 0 0 0 0 0
"38" 38 0.302325581395 107 82 49 47 36 35 29 27 27 25 21 8 4 2 1 0 0 0 0 0
"39" 39 0.278846153846 500 0 0 0 0 0 0 0 0 0 0 0 0 0 0 0 0 0 0 0
"40" 40 0.589285714286 130 75 53 38 36 29 26 23 18 17 15 14 14 8 2 1 1 0 0 0
"41" 41 0.485232067511 157 128 96 46 21 18 12 5 4 4 3 3 2 1 0 0 0 0 0 0
"42" 42 0.701923076923 500 0 0 0 0 0 0 0 0 0 0 0 0 0 0 0 0 0 0 0
"43" 43 0.238493723849 454 34 5 3 2 1 1 0 0 0 0 0 0 0 0 0 0 0 0 0
"44" 44 0.105769230769 500 0 0 0 0 0 0 0 0 0 0 0 0 0 0 0 0 0 0 0
"45" 45 0.0 408 91 1 0 0 0 0 0 0 0 0 0 0 0 0 0 0 0 0 0
"46" 46 0.511627906977 189 124 62 29 28 26 23 6 5 4 2 1 1 0 0 0 0 0 0 0
"47" 47 0.336538461538 500 0 0 0 0 0 0 0 0 0 0 0 0 0 0 0 0 0 0 0
"48" 48 0.046357615894 358 98 43 1 0 0 0 0 0 0 0 0 0 0 0 0 0 0 0 0
"49" 49 0.191387559809 307 41 37 26 18 18 13 8 7 6 5 5 5 2 2 0 0 0 0 0
"50" 50 0.0 392 104 2 1 1 0 0 0 0 0 0 0 0 0 0 0 0 0 0 0
"51" 51 0.11961722488 362 67 48 19 2 2 0 0 0 0 0 0 0 0 0 0 0 0 0 0
"52" 52 0.361313868613 125 118 73 66 56 21 15 10 6 5 2 1 1 1 0 0 0 0 0 0
"53" 53 0.00574712643678 479 18 2 1 0 0 0 0 0 0 0 0 0 0 0 0 0 0 0 0
"54" 54 0.121827411168 213 136 69 47 15 9 3 3 2 1 1 1 0 0 0 0 0 0 0 0
"55" 55 0.301886792453 494 2 2 1 1 0 0 0 0 0 0 0 0 0 0 0 0 0 0 0
"56" 56 0.663212435233 228 164 40 21 8 7 6 6 5 4 3 3 2 2 1 0 0 0 0 0
"57" 57 0.192468619247 93 79 73 72 44 40 32 24 11 9 8 7 4 2 1 1 0 0 0 0
"58" 58 0.0137614678899 194 119 103 42 15 13 12 1 1 0 0 0 0 0 0 0 0 0 0 0
"59" 59 0.0 476 20 2 1 1 0 0 0 0 0 0 0 0 0 0 0 0 0 0 0
"60" 60 0.139013452915 123 113 78 72 39 26 24 16 5 3 1 0 0 0 0 0 0 0 0 0
"61" 61 0.0 500 0 0 0 0 0 0 0 0 0 0 0 0 0 0 0 0 0 0 0
"62" 62 0.0 500 0 0 0 0 0 0 0 0 0 0 0 0 0 0 0 0 0 0 0
"63" 63 0.0103626943005 500 0 0 0 0 0 0 0 0 0 0 0 0 0 0 0 0 0 0 0
"64" 64 0.188284518828 237 95 86 70 4 4 2 1 1 0 0 0 0 0 0 0 0 0 0 0
"65" 65 0.488372093023 180 137 90 20 19 14 12 11 4 4 3 3 1 1 1 0 0 0 0 0
"66" 66 0.364341085271 226 119 39 38 27 23 10 5 4 4 3 2 0 0 0 0 0 0 0 0
"67" 67 0.201923076923 450 15 14 8 7 2 1 1 1 1 0 0 0 0 0 0 0 0 0 0
"68" 68 0.502564102564 321 172 3 2 1 1 0 0 0 0 0 0 0 0 0 0 0 0 0 0
"69" 69 0.298076923077 500 0 0 0 0 0 0 0 0 0 0 0 0 0 0 0 0 0 0 0
"70" 70 0.651162790698 207 102 68 33 21 16 14 12 11 7 3 3 1 1 1 0 0 0 0 0
"71" 71 0.173076923077 500 0 0 0 0 0 0 0 0 0 0 0 0 0 0 0 0 0 0 0
"72" 72 0.182692307692 500 0 0 0 0 0 0 0 0 0 0 0 0 0 0 0 0 0 0 0
"73" 73 0.35864978903 152 115 75 65 32 29 14 9 7 1 1 0 0 0 0 0 0 0 0 0
"74" 74 0.0198675496689 492 4 4 0 0 0 0 0 0 0 0 0 0 0 0 0 0 0 0 0
"75" 75 0.203045685279 244 160 66 21 6 3 0 0 0 0 0 0 0 0 0 0 0 0 0 0
"76" 76 0.406844106464 163 91 59 45 38 26 22 16 9 8 7 6 4 4 2 0 0 0 0 0
"77" 77 0.355769230769 500 0 0 0 0 0 0 0 0 0 0 0 0 0 0 0 0 0 0 0
"78" 78 0.573643410853 71 68 63 60 41 32 31 26 23 21 17 16 10 9 4 3 3 2 0 0
"79" 79 0.514767932489 238 116 31 30 18 18 11 8 8 5 4 4 3 3 1 1 1 0 0 0
"80" 80 0.100418410042 457 19 8 8 3 2 2 1 0 0 0 0 0 0 0 0 0 0 0 0
"81" 81 0.449612403101 83 78 69 59 52 34 28 27 22 18 9 8 4 4 3 1 1 0 0 0
"82" 82 0.124352331606 342 77 61 11 2 2 2 1 1 1 0 0 0 0 0 0 0 0 0 0
"83" 83 0.236607142857 482 6 3 3 2 2 1 1 0 0 0 0 0 0 0 0 0 0 0 0
"84" 84 0.235897435897 231 98 79 42 16 16 11 4 2 1 0 0 0 0 0 0 0 0 0 0
"85" 85 0.334728033473 369 102 21 3 3 1 1 0 0 0 0 0 0 0 0 0 0 0 0 0
"86" 86 0.587443946188 62 58 50 49 47 39 35 33 27 24 23 17 15 7 5 5 3 1 0 0
"87" 87 0.218905472637 414 22 20 10 9 5 4 4 4 3 2 2 1 0 0 0 0 0 0 0
"88" 88 0.552742616034 171 97 76 47 30 27 18 11 9 6 5 2 1 0 0 0 0 0 0 0
"89" 89 0.0 500 0 0 0 0 0 0 0 0 0 0 0 0 0 0 0 0 0 0 0
"90" 90 0.420512820513 143 126 55 49 35 29 11 11 8 7 6 6 5 5 3 1 0 0 0 0
"91" 91 0.324894514768 129 74 69 56 51 51 34 23 9 2 1 1 0 0 0 0 0 0 0 0
"92" 92 0.37106918239 397 37 35 11 11 4 2 1 1 1 0 0 0 0 0 0 0 0 0 0
"93" 93 0.0192307692308 500 0 0 0 0 0 0 0 0 0 0 0 0 0 0 0 0 0 0 0
"94" 94 0.0199004975124 485 5 2 2 2 2 1 1 0 0 0 0 0 0 0 0 0 0 0 0
"95" 95 0.0 488 5 5 1 1 0 0 0 0 0 0 0 0 0 0 0 0 0 0 0
"96" 96 0.0 420 74 2 1 1 1 1 0 0 0 0 0 0 0 0 0 0 0 0 0
"97" 97 0.0 427 26 20 11 6 4 2 2 1 1 0 0 0 0 0 0 0 0 0 0
"98" 98 0.062015503876 280 131 27 15 13 12 7 5 3 3 1 1 1 1 0 0 0 0 0 0
"99" 99 0.225641025641 497 2 1 0 0 0 0 0 0 0 0 0 0 0 0 0 0 0 0 0
"100" 100 0.635658914729 141 69 47 38 34 29 28 27 25 20 16 16 10 0 0 0 0 0 0 0
"101" 101 0.240384615385 500 0 0 0 0 0 0 0 0 0 0 0 0 0 0 0 0 0 0 0
"102" 102 0.654088050314 335 27 27 23 20 15 12 11 7 6 4 3 3 2 2 2 1 0 0 0
"103" 103 0.476923076923 232 182 75 6 3 1 1 0 0 0 0 0 0 0 0 0 0 0 0 0
"104" 104 0.156976744186 148 148 84 41 23 20 16 10 6 4 0 0 0 0 0 0 0 0 0 0
"105" 105 0.0 359 60 47 18 6 6 1 1 1 1 0 0 0 0 0 0 0 0 0 0
"106" 106 0.0961538461538 315 177 8 0 0 0 0 0 0 0 0 0 0 0 0 0 0 0 0 0
"107" 107 0.00662251655629 245 243 12 0 0 0 0 0 0 0 0 0 0 0 0 0 0 0 0 0
"108" 108 0.103139013453 379 48 25 15 11 5 4 3 3 2 2 2 1 0 0 0 0 0 0 0
"109" 109 0.0 484 12 4 0 0 0 0 0 0 0 0 0 0 0 0 0 0 0 0 0
"110" 110 0.0209205020921 474 7 6 4 4 2 2 1 0 0 0 0 0 0 0 0 0 0 0 0
"111" 111 0.0 491 9 0 0 0 0 0 0 0 0 0 0 0 0 0 0 0 0 0 0
"112" 112 0.0 343 148 8 1 0 0 0 0 0 0 0 0 0 0 0 0 0 0 0 0
"113" 113 0.0988372093023 470 24 3 1 1 1 0 0 0 0 0 0 0 0 0 0 0 0 0 0
"114" 114 0.252873563218 227 119 102 14 8 7 7 6 5 4 1 0 0 0 0 0 0 0 0 0
"115" 115 0.390804597701 187 116 75 33 26 22 16 7 7 5 4 1 1 0 0 0 0 0 0 0
"116" 116 0.0 331 49 41 24 18 17 9 5 3 2 1 0 0 0 0 0 0 0 0 0
"117" 117 0.403973509934 154 55 46 40 39 27 27 21 18 17 16 13 10 5 4 4 4 0 0 0
"118" 118 0.535460992908 79 71 65 46 37 34 32 22 18 15 13 13 13 12 12 10 7 1 0 0
"119" 119 0.089552238806 331 33 31 25 23 14 11 9 6 6 6 5 0 0 0 0 0 0 0 0
"120" 120 0.238341968912 474 22 3 1 0 0 0 0 0 0 0 0 0 0 0 0 0 0 0 0
"121" 121 0.413461538462 500 0 0 0 0 0 0 0 0 0 0 0 0 0 0 0 0 0 0 0
"122" 122 0.540084388186 107 76 58 51 44 43 34 33 15 8 8 7 5 4 3 2 2 0 0 0
"123" 123 0.157894736842 497 3 0 0 0 0 0 0 0 0 0 0 0 0 0 0 0 0 0 0
"124" 124 0.0 491 6 2 1 0 0 0 0 0 0 0 0 0 0 0 0 0 0 0 0
"125" 125 0.0172413793103 489 7 4 0 0 0 0 0 0 0 0 0 0 0 0 0 0 0 0 0
"126" 126 0.0 499 1 0 0 0 0 0 0 0 0 0 0 0 0 0 0 0 0 0 0
"127" 127 0.0 500 0 0 0 0 0 0 0 0 0 0 0 0 0 0 0 0 0 0 0
"128" 128 0.205357142857 162 111 64 62 33 25 12 11 11 5 3 1 0 0 0 0 0 0 0 0
"129" 129 0.0862068965517 484 11 5 0 0 0 0 0 0 0 0 0 0 0 0 0 0 0 0 0
"130" 130 0.380710659898 182 105 77 49 28 25 12 8 7 4 2 1 0 0 0 0 0 0 0 0
"131" 131 0.481865284974 128 103 58 58 45 29 19 18 15 10 7 6 2 2 0 0 0 0 0 0
"132" 132 0.0288461538462 500 0 0 0 0 0 0 0 0 0 0 0 0 0 0 0 0 0 0 0
"133" 133 0.238532110092 130 97 70 58 37 21 19 13 11 8 7 6 6 5 4 4 3 1 0 0
"134" 134 0.625641025641 98 66 55 48 47 40 38 33 17 15 15 11 10 4 1 1 1 0 0 0
"135" 135 0.0287356321839 464 27 8 1 0 0 0 0 0 0 0 0 0 0 0 0 0 0 0 0
"136" 136 0.0 488 5 3 3 1 0 0 0 0 0 0 0 0 0 0 0 0 0 0 0
"137" 137 0.544303797468 103 51 46 41 39 36 34 33 28 23 14 12 10 9 8 5 5 3 0 0
"138" 138 0.255813953488 177 136 73 41 25 15 7 6 4 3 3 3 3 2 1 1 0 0 0 0
"139" 139 0.0 494 6 0 0 0 0 0 0 0 0 0 0 0 0 0 0 0 0 0 0
"140" 140 0.129464285714 485 8 3 3 1 0 0 0 0 0 0 0 0 0 0 0 0 0 0 0
"141" 141 0.488372093023 104 73 55 49 47 39 33 30 28 17 15 4 3 1 1 1 0 0 0 0
"142" 142 0.138392857143 194 128 48 36 26 17 10 9 9 6 5 4 4 3 1 0 0 0 0 0
"143" 143 0.0192307692308 500 0 0 0 0 0 0 0 0 0 0 0 0 0 0 0 0 0 0 0
"144" 144 0.165562913907 452 15 15 8 6 4 0 0 0 0 0 0 0 0 0 0 0 0 0 0
"145" 145 0.721153846154 98 71 48 47 43 37 27 27 20 19 17 13 10 9 7 4 3 0 0 0
"146" 146 0.562913907285 131 67 66 54 34 32 30 24 24 12 11 10 2 1 1 1 0 0 0 0
"147" 147 0.0192307692308 500 0 0 0 0 0 0 0 0 0 0 0 0 0 0 0 0 0 0 0
"148" 148 0.64135021097 75 67 66 44 41 38 31 25 21 20 19 13 12 9 8 5 4 2 0 0
"149" 149 0.188679245283 310 156 19 7 3 2 2 1 0 0 0 0 0 0 0 0 0 0 0 0
"150" 150 0.700729927007 131 126 71 58 23 21 19 15 10 10 7 5 3 1 0 0 0 0 0 0
"151" 151 0.0993377483444 309 102 37 27 12 5 3 2 2 1 0 0 0 0 0 0 0 0 0 0
"152" 152 0.368613138686 240 42 39 32 31 25 23 15 13 11 8 6 6 3 3 1 1 1 0 0
"153" 153 0.0 360 133 2 2 2 1 0 0 0 0 0 0 0 0 0 0 0 0 0 0
"154" 154 0.236607142857 230 103 41 33 32 25 22 6 5 1 1 1 0 0 0 0 0 0 0 0
"155" 155 0.0 476 18 2 2 1 1 0 0 0 0 0 0 0 0 0 0 0 0 0 0
"156" 156 0.356589147287 255 48 35 32 29 29 23 11 8 8 8 6 5 2 1 0 0 0 0 0
"157" 157 0.523206751055 152 99 64 45 44 37 19 10 6 6 6 3 3 2 2 1 1 0 0 0
"158" 158 0.107594936709 500 0 0 0 0 0 0 0 0 0 0 0 0 0 0 0 0 0 0 0
"159" 159 0.0769230769231 500 0 0 0 0 0 0 0 0 0 0 0 0 0 0 0 0 0 0 0
"160" 160 0.367816091954 176 108 102 25 21 18 16 9 6 6 6 5 1 1 0 0 0 0 0 0
"161" 161 0.645569620253 500 0 0 0 0 0 0 0 0 0 0 0 0 0 0 0 0 0 0 0
