"site" "RSA" "aa1" "aa2" "aa3" "aa4" "aa5" "aa6" "aa7" "aa8" "aa9" "aa10" "aa11" "aa12" "aa13" "aa14" "aa15" "aa16" "aa17" "aa18" "aa19" "aa20"
"0" 0 0.79274611399 9 8 1 0 0 0 0 0 0 0 0 0 0 0 0 0 0 0 0 0
"1" 1 0.593908629442 19 15 1 0 0 0 0 0 0 0 0 0 0 0 0 0 0 0 0 0
"2" 2 0.611398963731 13 8 6 4 4 2 1 1 0 0 0 0 0 0 0 0 0 0 0 0
"3" 3 0.43023255814 7 7 6 6 5 4 3 1 1 0 0 0 0 0 0 0 0 0 0 0
"4" 4 0.512437810945 45 3 1 0 0 0 0 0 0 0 0 0 0 0 0 0 0 0 0 0
"5" 5 0.548223350254 24 15 9 1 0 0 0 0 0 0 0 0 0 0 0 0 0 0 0 0
"6" 6 0.403973509934 12 11 9 7 3 2 2 1 1 1 0 0 0 0 0 0 0 0 0 0
"7" 7 0.410256410256 31 5 5 3 2 2 1 0 0 0 0 0 0 0 0 0 0 0 0 0
"8" 8 0.502564102564 49 0 0 0 0 0 0 0 0 0 0 0 0 0 0 0 0 0 0 0
"9" 9 0.410852713178 25 13 2 2 2 2 1 1 1 0 0 0 0 0 0 0 0 0 0 0
"10" 10 0.567164179104 16 11 6 6 3 1 1 1 1 1 1 1 0 0 0 0 0 0 0 0
"11" 11 0.418439716312 49 0 0 0 0 0 0 0 0 0 0 0 0 0 0 0 0 0 0 0
"12" 12 0.271523178808 30 13 5 1 0 0 0 0 0 0 0 0 0 0 0 0 0 0 0 0
"13" 13 0.497890295359 17 8 8 5 4 3 1 1 1 1 0 0 0 0 0 0 0 0 0 0
"14" 14 0.422018348624 10 8 7 6 4 4 3 3 2 1 1 0 0 0 0 0 0 0 0 0
"15" 15 0.10447761194 20 9 6 3 3 3 3 1 1 0 0 0 0 0 0 0 0 0 0 0
"16" 16 0.436781609195 13 7 7 5 5 4 2 1 1 1 1 1 1 0 0 0 0 0 0 0
"17" 17 0.549107142857 10 7 7 7 5 4 2 2 2 1 1 1 0 0 0 0 0 0 0 0
"18" 18 0.709821428571 20 6 5 4 3 3 2 2 2 1 1 0 0 0 0 0 0 0 0 0
"19" 19 0.450777202073 37 3 2 2 1 1 1 1 1 0 0 0 0 0 0 0 0 0 0 0
"20" 20 0.465408805031 45 2 1 1 0 0 0 0 0 0 0 0 0 0 0 0 0 0 0 0
"21" 21 0.125 13 11 9 5 4 2 1 1 1 1 1 0 0 0 0 0 0 0 0 0
"22" 22 0.26359832636 40 9 0 0 0 0 0 0 0 0 0 0 0 0 0 0 0 0 0 0
"23" 23 0.301255230126 49 0 0 0 0 0 0 0 0 0 0 0 0 0 0 0 0 0 0 0
"24" 24 0.526785714286 10 10 8 5 5 2 2 2 1 1 1 1 1 0 0 0 0 0 0 0
"25" 25 0.464135021097 17 7 4 4 3 3 3 3 2 2 1 0 0 0 0 0 0 0 0 0
"26" 26 0.402985074627 47 1 1 0 0 0 0 0 0 0 0 0 0 0 0 0 0 0 0 0
"27" 27 0.627906976744 19 17 5 3 2 2 1 0 0 0 0 0 0 0 0 0 0 0 0 0
"28" 28 0.497757847534 12 9 6 4 4 3 2 2 2 1 1 1 1 1 0 0 0 0 0 0
"29" 29 0.736434108527 32 4 4 2 2 1 1 1 1 1 0 0 0 0 0 0 0 0 0 0
"30" 30 0.618834080717 48 1 0 0 0 0 0 0 0 0 0 0 0 0 0 0 0 0 0 0
"31" 31 0.561181434599 13 12 8 5 4 2 2 1 1 1 0 0 0 0 0 0 0 0 0 0
"32" 32 0.132075471698 48 1 0 0 0 0 0 0 0 0 0 0 0 0 0 0 0 0 0 0
"33" 33 0.441605839416 27 6 5 4 2 2 2 1 0 0 0 0 0 0 0 0 0 0 0 0
"34" 34 0.175732217573 42 5 2 0 0 0 0 0 0 0 0 0 0 0 0 0 0 0 0 0
"35" 35 0.0 45 3 1 0 0 0 0 0 0 0 0 0 0 0 0 0 0 0 0 0
"36" 36 0.0141843971631 49 0 0 0 0 0 0 0 0 0 0 0 0 0 0 0 0 0 0 0
"37" 37 0.0 49 0 0 0 0 0 0 0 0 0 0 0 0 0 0 0 0 0 0 0
"38" 38 0.00961538461538 49 0 0 0 0 0 0 0 0 0 0 0 0 0 0 0 0 0 0 0
"39" 39 0.0189873417722 49 0 0 0 0 0 0 0 0 0 0 0 0 0 0 0 0 0 0 0
"40" 40 0.430463576159 38 11 0 0 0 0 0 0 0 0 0 0 0 0 0 0 0 0 0 0
"41" 41 0.40414507772 49 0 0 0 0 0 0 0 0 0 0 0 0 0 0 0 0 0 0 0
"42" 42 0.23178807947 48 1 0 0 0 0 0 0 0 0 0 0 0 0 0 0 0 0 0 0
"43" 43 0.551094890511 49 0 0 0 0 0 0 0 0 0 0 0 0 0 0 0 0 0 0 0
"44" 44 0.166666666667 47 2 0 0 0 0 0 0 0 0 0 0 0 0 0 0 0 0 0 0
"45" 45 0.364779874214 47 1 1 0 0 0 0 0 0 0 0 0 0 0 0 0 0 0 0 0
"46" 46 0.0 47 1 1 0 0 0 0 0 0 0 0 0 0 0 0 0 0 0 0 0
"47" 47 0.294642857143 39 9 1 0 0 0 0 0 0 0 0 0 0 0 0 0 0 0 0 0
"48" 48 0.748175182482 23 18 3 2 2 1 0 0 0 0 0 0 0 0 0 0 0 0 0 0
"49" 49 0.1592039801 35 11 3 0 0 0 0 0 0 0 0 0 0 0 0 0 0 0 0 0
"50" 50 0.28488372093 20 14 10 2 2 1 0 0 0 0 0 0 0 0 0 0 0 0 0 0
"51" 51 0.538461538462 39 7 1 1 1 0 0 0 0 0 0 0 0 0 0 0 0 0 0 0
"52" 52 0.124378109453 36 8 3 2 0 0 0 0 0 0 0 0 0 0 0 0 0 0 0 0
"53" 53 0.459821428571 14 6 6 5 5 4 3 2 2 1 1 0 0 0 0 0 0 0 0 0
"54" 54 0.534591194969 45 3 1 0 0 0 0 0 0 0 0 0 0 0 0 0 0 0 0 0
"55" 55 0.384615384615 49 0 0 0 0 0 0 0 0 0 0 0 0 0 0 0 0 0 0 0
"56" 56 0.290178571429 42 4 2 1 0 0 0 0 0 0 0 0 0 0 0 0 0 0 0 0
"57" 57 0.089552238806 22 19 5 2 1 0 0 0 0 0 0 0 0 0 0 0 0 0 0 0
"58" 58 0.255230125523 48 1 0 0 0 0 0 0 0 0 0 0 0 0 0 0 0 0 0 0
"59" 59 0.333333333333 48 1 0 0 0 0 0 0 0 0 0 0 0 0 0 0 0 0 0 0
"60" 60 0.0765550239234 49 0 0 0 0 0 0 0 0 0 0 0 0 0 0 0 0 0 0 0
"61" 61 0.251824817518 49 0 0 0 0 0 0 0 0 0 0 0 0 0 0 0 0 0 0 0
"62" 62 0.0769230769231 49 0 0 0 0 0 0 0 0 0 0 0 0 0 0 0 0 0 0 0
"63" 63 0.293103448276 28 21 0 0 0 0 0 0 0 0 0 0 0 0 0 0 0 0 0 0
"64" 64 0.0 48 1 0 0 0 0 0 0 0 0 0 0 0 0 0 0 0 0 0 0
"65" 65 0.0102564102564 49 0 0 0 0 0 0 0 0 0 0 0 0 0 0 0 0 0 0 0
"66" 66 0.0 28 8 6 6 1 0 0 0 0 0 0 0 0 0 0 0 0 0 0 0
"67" 67 0.0114942528736 45 2 1 1 0 0 0 0 0 0 0 0 0 0 0 0 0 0 0 0
"68" 68 0.0659898477157 29 8 3 2 2 2 1 1 1 0 0 0 0 0 0 0 0 0 0 0
"69" 69 0.622009569378 39 4 3 1 1 1 0 0 0 0 0 0 0 0 0 0 0 0 0 0
"70" 70 0.720930232558 32 12 3 1 1 0 0 0 0 0 0 0 0 0 0 0 0 0 0 0
"71" 71 0.150259067358 49 0 0 0 0 0 0 0 0 0 0 0 0 0 0 0 0 0 0 0
"72" 72 0.616915422886 35 6 4 2 2 0 0 0 0 0 0 0 0 0 0 0 0 0 0 0
"73" 73 0.517948717949 49 0 0 0 0 0 0 0 0 0 0 0 0 0 0 0 0 0 0 0
"74" 74 0.0 34 5 4 2 2 1 1 0 0 0 0 0 0 0 0 0 0 0 0 0
"75" 75 0.169154228856 46 2 1 0 0 0 0 0 0 0 0 0 0 0 0 0 0 0 0 0
"76" 76 0.403973509934 43 4 1 1 0 0 0 0 0 0 0 0 0 0 0 0 0 0 0 0
"77" 77 0.149425287356 45 2 1 1 0 0 0 0 0 0 0 0 0 0 0 0 0 0 0 0
"78" 78 0.0 22 18 7 2 0 0 0 0 0 0 0 0 0 0 0 0 0 0 0 0
"79" 79 0.345291479821 40 3 2 2 2 0 0 0 0 0 0 0 0 0 0 0 0 0 0 0
"80" 80 0.41825095057 30 18 1 0 0 0 0 0 0 0 0 0 0 0 0 0 0 0 0 0
"81" 81 0.0 48 1 0 0 0 0 0 0 0 0 0 0 0 0 0 0 0 0 0 0
"82" 82 0.0 41 8 0 0 0 0 0 0 0 0 0 0 0 0 0 0 0 0 0 0
"83" 83 0.295336787565 23 21 2 1 1 1 0 0 0 0 0 0 0 0 0 0 0 0 0 0
"84" 84 0.373563218391 36 3 2 2 2 1 1 1 1 0 0 0 0 0 0 0 0 0 0 0
"85" 85 0.0995024875622 47 1 1 0 0 0 0 0 0 0 0 0 0 0 0 0 0 0 0 0
"86" 86 0.513392857143 37 5 4 2 1 0 0 0 0 0 0 0 0 0 0 0 0 0 0 0
"87" 87 0.0 44 5 0 0 0 0 0 0 0 0 0 0 0 0 0 0 0 0 0 0
"88" 88 0.379464285714 33 11 3 2 0 0 0 0 0 0 0 0 0 0 0 0 0 0 0 0
"89" 89 0.200956937799 49 0 0 0 0 0 0 0 0 0 0 0 0 0 0 0 0 0 0 0
"90" 90 0.0 38 8 3 0 0 0 0 0 0 0 0 0 0 0 0 0 0 0 0 0
"91" 91 0.0355329949239 26 11 10 1 1 0 0 0 0 0 0 0 0 0 0 0 0 0 0 0
"92" 92 0.00507614213198 42 7 0 0 0 0 0 0 0 0 0 0 0 0 0 0 0 0 0 0
"93" 93 0.0253164556962 24 21 3 1 0 0 0 0 0 0 0 0 0 0 0 0 0 0 0 0
"94" 94 0.0 49 0 0 0 0 0 0 0 0 0 0 0 0 0 0 0 0 0 0 0
"95" 95 0.0478468899522 49 0 0 0 0 0 0 0 0 0 0 0 0 0 0 0 0 0 0 0
"96" 96 0.106463878327 45 2 1 1 0 0 0 0 0 0 0 0 0 0 0 0 0 0 0 0
"97" 97 0.557692307692 46 2 1 0 0 0 0 0 0 0 0 0 0 0 0 0 0 0 0 0
"98" 98 0.0189873417722 49 0 0 0 0 0 0 0 0 0 0 0 0 0 0 0 0 0 0 0
"99" 99 0.384615384615 44 5 0 0 0 0 0 0 0 0 0 0 0 0 0 0 0 0 0 0
"100" 100 0.0576923076923 49 0 0 0 0 0 0 0 0 0 0 0 0 0 0 0 0 0 0 0
"101" 101 0.0287356321839 46 3 0 0 0 0 0 0 0 0 0 0 0 0 0 0 0 0 0 0
"102" 102 0.363228699552 15 9 8 3 2 2 2 1 1 1 1 1 1 1 1 0 0 0 0 0
"103" 103 0.100775193798 49 0 0 0 0 0 0 0 0 0 0 0 0 0 0 0 0 0 0 0
"104" 104 0.0697674418605 43 5 1 0 0 0 0 0 0 0 0 0 0 0 0 0 0 0 0 0
"105" 105 0.229885057471 25 13 5 2 1 1 1 1 0 0 0 0 0 0 0 0 0 0 0 0
"106" 106 0.486607142857 7 6 6 6 5 4 4 3 3 2 1 1 1 0 0 0 0 0 0 0
"107" 107 0.476923076923 20 8 7 4 2 2 2 1 1 1 1 0 0 0 0 0 0 0 0 0
"108" 108 0.283018867925 7 7 6 5 5 5 4 2 2 2 1 1 1 1 0 0 0 0 0 0
"109" 109 0.857142857143 18 6 5 5 3 3 3 3 2 1 0 0 0 0 0 0 0 0 0 0
"110" 110 0.477611940299 17 9 8 6 3 2 1 1 1 1 0 0 0 0 0 0 0 0 0 0
"111" 111 0.442307692308 48 1 0 0 0 0 0 0 0 0 0 0 0 0 0 0 0 0 0 0
"112" 112 0.756218905473 39 4 3 1 1 1 0 0 0 0 0 0 0 0 0 0 0 0 0 0
"113" 113 0.269035532995 28 8 8 3 2 0 0 0 0 0 0 0 0 0 0 0 0 0 0 0
"114" 114 0.148717948718 36 10 2 1 0 0 0 0 0 0 0 0 0 0 0 0 0 0 0 0
"115" 115 0.523076923077 38 5 2 1 1 1 1 0 0 0 0 0 0 0 0 0 0 0 0 0
"116" 116 0.234042553191 49 0 0 0 0 0 0 0 0 0 0 0 0 0 0 0 0 0 0 0
"117" 117 0.0199004975124 37 11 1 0 0 0 0 0 0 0 0 0 0 0 0 0 0 0 0 0
"118" 118 0.393034825871 34 8 3 2 1 1 0 0 0 0 0 0 0 0 0 0 0 0 0 0
"119" 119 0.358851674641 34 7 6 1 1 0 0 0 0 0 0 0 0 0 0 0 0 0 0 0
"120" 120 0.0 30 19 0 0 0 0 0 0 0 0 0 0 0 0 0 0 0 0 0 0
"121" 121 0.375912408759 20 12 11 2 2 1 1 0 0 0 0 0 0 0 0 0 0 0 0 0
"122" 122 0.528497409326 43 3 1 1 1 0 0 0 0 0 0 0 0 0 0 0 0 0 0 0
"123" 123 0.0609137055838 30 9 7 1 1 1 0 0 0 0 0 0 0 0 0 0 0 0 0 0
"124" 124 0.205673758865 19 12 4 4 2 2 1 1 1 1 1 1 0 0 0 0 0 0 0 0
"125" 125 0.456066945607 9 7 7 5 4 3 3 3 2 2 1 1 1 0 0 0 0 0 0 0
"126" 126 0.497890295359 25 7 6 3 3 2 1 1 1 0 0 0 0 0 0 0 0 0 0 0
"127" 127 0.0622009569378 34 6 3 2 1 1 1 0 0 0 0 0 0 0 0 0 0 0 0 0
"128" 128 0.423841059603 8 6 6 6 5 4 4 3 2 2 1 1 1 0 0 0 0 0 0 0
"129" 129 0.615894039735 8 8 7 5 5 4 2 2 2 2 1 1 1 1 0 0 0 0 0 0
"130" 130 0.0398009950249 13 11 5 4 3 2 2 2 1 1 1 1 1 1 1 0 0 0 0 0
"131" 131 0.0199004975124 38 5 3 2 1 0 0 0 0 0 0 0 0 0 0 0 0 0 0 0
"132" 132 0.413461538462 16 10 9 5 3 2 1 1 1 0 0 0 0 0 0 0 0 0 0 0
"133" 133 0.59375 10 8 7 6 4 4 3 2 1 1 1 1 1 0 0 0 0 0 0 0
"134" 134 0.178899082569 16 14 4 3 3 3 2 1 1 0 0 0 0 0 0 0 0 0 0 0
"135" 135 0.433962264151 14 6 5 5 4 3 2 2 2 1 1 1 1 0 0 0 0 0 0 0
"136" 136 0.614349775785 13 11 4 4 3 2 2 2 1 1 1 1 1 1 0 0 0 0 0 0
"137" 137 0.607142857143 28 8 3 2 2 2 1 1 1 0 0 0 0 0 0 0 0 0 0 0
"138" 138 0.430656934307 15 7 6 4 4 3 2 2 1 1 1 1 1 0 0 0 0 0 0 0
"139" 139 0.20802919708 31 8 4 2 1 1 1 0 0 0 0 0 0 0 0 0 0 0 0 0
"140" 140 0.228855721393 10 9 8 6 5 3 3 2 1 1 1 0 0 0 0 0 0 0 0 0
"141" 141 0.212435233161 26 16 2 2 2 1 0 0 0 0 0 0 0 0 0 0 0 0 0 0
"142" 142 0.0988372093023 29 6 5 3 3 1 1 1 0 0 0 0 0 0 0 0 0 0 0 0
"143" 143 0.0 43 4 2 0 0 0 0 0 0 0 0 0 0 0 0 0 0 0 0 0
"144" 144 0.0253164556962 35 10 2 1 1 0 0 0 0 0 0 0 0 0 0 0 0 0 0 0
"145" 145 0.0892857142857 47 1 1 0 0 0 0 0 0 0 0 0 0 0 0 0 0 0 0 0
"146" 146 0.0 41 7 1 0 0 0 0 0 0 0 0 0 0 0 0 0 0 0 0 0
"147" 147 0.00512820512821 48 1 0 0 0 0 0 0 0 0 0 0 0 0 0 0 0 0 0 0
"148" 148 0.0 40 6 2 1 0 0 0 0 0 0 0 0 0 0 0 0 0 0 0 0
"149" 149 0.0137614678899 22 11 4 4 4 2 1 1 0 0 0 0 0 0 0 0 0 0 0 0
"150" 150 0.0535714285714 35 6 3 2 2 1 0 0 0 0 0 0 0 0 0 0 0 0 0 0
"151" 151 0.0179372197309 48 1 0 0 0 0 0 0 0 0 0 0 0 0 0 0 0 0 0 0
"152" 152 0.0172413793103 38 5 4 1 1 0 0 0 0 0 0 0 0 0 0 0 0 0 0 0
"153" 153 0.19391634981 10 9 7 5 3 3 2 2 2 1 1 1 1 1 1 0 0 0 0 0
"154" 154 0.133333333333 42 3 2 1 1 0 0 0 0 0 0 0 0 0 0 0 0 0 0 0
"155" 155 0.0 27 16 5 1 0 0 0 0 0 0 0 0 0 0 0 0 0 0 0 0
"156" 156 0.0 23 10 8 3 2 2 1 0 0 0 0 0 0 0 0 0 0 0 0 0
"157" 157 0.334928229665 11 9 8 7 7 2 2 1 1 1 0 0 0 0 0 0 0 0 0 0
"158" 158 0.105960264901 34 10 2 1 1 1 0 0 0 0 0 0 0 0 0 0 0 0 0 0
"159" 159 0.686046511628 23 9 6 5 2 2 1 1 0 0 0 0 0 0 0 0 0 0 0 0
"160" 160 0.0964467005076 26 15 2 2 1 1 1 1 0 0 0 0 0 0 0 0 0 0 0 0
"161" 161 0.0 34 6 5 4 0 0 0 0 0 0 0 0 0 0 0 0 0 0 0 0
"162" 162 0.233183856502 34 7 3 3 2 0 0 0 0 0 0 0 0 0 0 0 0 0 0 0
"163" 163 0.350993377483 16 9 7 5 5 2 1 1 1 1 1 0 0 0 0 0 0 0 0 0
"164" 164 0.0 47 2 0 0 0 0 0 0 0 0 0 0 0 0 0 0 0 0 0 0
"165" 165 0.0567375886525 48 1 0 0 0 0 0 0 0 0 0 0 0 0 0 0 0 0 0 0
"166" 166 0.662447257384 11 11 8 6 3 3 2 2 1 1 0 0 0 0 0 0 0 0 0 0
"167" 167 0.463503649635 27 7 4 3 3 3 2 0 0 0 0 0 0 0 0 0 0 0 0 0
"168" 168 0.423076923077 41 5 1 1 1 0 0 0 0 0 0 0 0 0 0 0 0 0 0 0
"169" 169 0.170403587444 38 5 3 2 1 0 0 0 0 0 0 0 0 0 0 0 0 0 0 0
"170" 170 0.725738396624 11 7 7 6 5 4 3 1 1 1 1 1 1 0 0 0 0 0 0 0
"171" 171 0.0114942528736 34 9 3 2 1 0 0 0 0 0 0 0 0 0 0 0 0 0 0 0
"172" 172 0.151162790698 18 6 6 4 3 2 2 2 2 2 1 1 0 0 0 0 0 0 0 0
"173" 173 0.0 27 16 6 0 0 0 0 0 0 0 0 0 0 0 0 0 0 0 0 0
"174" 174 0.124401913876 48 1 0 0 0 0 0 0 0 0 0 0 0 0 0 0 0 0 0 0
"175" 175 0.0 46 2 1 0 0 0 0 0 0 0 0 0 0 0 0 0 0 0 0 0
"176" 176 0.184397163121 44 3 1 1 0 0 0 0 0 0 0 0 0 0 0 0 0 0 0 0
"177" 177 0.0 24 17 6 1 1 0 0 0 0 0 0 0 0 0 0 0 0 0 0 0
"178" 178 0.0380228136882 46 3 0 0 0 0 0 0 0 0 0 0 0 0 0 0 0 0 0 0
"179" 179 0.125 32 8 5 2 1 1 0 0 0 0 0 0 0 0 0 0 0 0 0 0
"180" 180 0.38578680203 31 9 6 2 1 0 0 0 0 0 0 0 0 0 0 0 0 0 0 0
"181" 181 0.870813397129 12 6 6 5 5 4 3 2 2 2 1 1 0 0 0 0 0 0 0 0
"182" 182 0.59585492228 32 13 2 2 0 0 0 0 0 0 0 0 0 0 0 0 0 0 0 0
"183" 183 0.25 49 0 0 0 0 0 0 0 0 0 0 0 0 0 0 0 0 0 0 0
"184" 184 0.597014925373 25 9 5 3 2 2 2 1 0 0 0 0 0 0 0 0 0 0 0 0
"185" 185 0.238805970149 23 15 7 2 1 1 0 0 0 0 0 0 0 0 0 0 0 0 0 0
"186" 186 0.441605839416 20 9 7 4 4 2 1 1 1 0 0 0 0 0 0 0 0 0 0 0
"187" 187 0.430051813472 34 7 3 3 1 1 0 0 0 0 0 0 0 0 0 0 0 0 0 0
"188" 188 0.109452736318 42 5 1 1 0 0 0 0 0 0 0 0 0 0 0 0 0 0 0 0
"189" 189 0.414507772021 17 10 6 3 3 3 2 2 1 0 0 0 0 0 0 0 0 0 0 0
"190" 190 0.0229885057471 16 10 6 4 2 2 2 1 1 1 1 1 1 1 0 0 0 0 0 0
"191" 191 0.197674418605 17 15 3 3 3 2 1 1 1 1 0 0 0 0 0 0 0 0 0 0
"192" 192 0.0 17 11 11 3 1 1 1 1 1 0 0 0 0 0 0 0 0 0 0 0
"193" 193 0.43023255814 16 10 6 4 4 3 1 1 1 1 0 0 0 0 0 0 0 0 0 0
"194" 194 0.266666666667 17 9 6 4 3 2 2 1 1 1 1 0 0 0 0 0 0 0 0 0
"195" 195 0.321167883212 10 7 4 4 4 4 2 2 2 2 2 2 1 0 0 0 0 0 0 0
"196" 196 0.486607142857 19 8 6 3 3 2 2 2 1 0 0 0 0 0 0 0 0 0 0 0
"197" 197 0.191860465116 12 9 5 4 4 3 2 2 1 1 1 1 0 0 0 0 0 0 0 0
"198" 198 0.0199004975124 21 7 7 4 2 1 1 1 0 0 0 0 0 0 0 0 0 0 0 0
"199" 199 0.25 17 5 3 3 3 3 2 2 1 1 1 1 1 0 0 0 0 0 0 0
"200" 200 0.367713004484 14 6 4 4 3 3 2 2 2 1 1 1 0 0 0 0 0 0 0 0
"201" 201 0.175182481752 10 6 5 5 3 3 3 2 1 1 1 0 0 0 0 0 0 0 0 0
"202" 202 0.102661596958 30 3 2 2 1 1 1 0 0 0 0 0 0 0 0 0 0 0 0 0
"203" 203 0.521897810219 13 10 5 3 2 1 1 1 0 0 0 0 0 0 0 0 0 0 0 0
"204" 204 0.354066985646 5 5 4 4 3 3 3 2 1 0 0 0 0 0 0 0 0 0 0 0
"205" 205 0.0769230769231 20 2 1 1 1 1 1 1 0 0 0 0 0 0 0 0 0 0 0 0
"206" 206 0.0761421319797 9 7 6 3 2 0 0 0 0 0 0 0 0 0 0 0 0 0 0 0
"207" 207 0.311258278146 9 5 3 3 2 1 1 1 1 0 0 0 0 0 0 0 0 0 0 0
"208" 208 0.394871794872 5 3 2 2 2 1 1 1 1 1 1 1 0 0 0 0 0 0 0 0
"209" 209 0.149253731343 10 5 4 1 0 0 0 0 0 0 0 0 0 0 0 0 0 0 0 0
"210" 210 0.493670886076 3 2 1 1 1 1 1 1 0 0 0 0 0 0 0 0 0 0 0 0
"211" 211 0.716417910448 4 1 1 1 0 0 0 0 0 0 0 0 0 0 0 0 0 0 0 0
"212" 212 0.835443037975 5 2 0 0 0 0 0 0 0 0 0 0 0 0 0 0 0 0 0 0
