"site" "RSA" "aa1" "aa2" "aa3" "aa4" "aa5" "aa6" "aa7" "aa8" "aa9" "aa10" "aa11" "aa12" "aa13" "aa14" "aa15" "aa16" "aa17" "aa18" "aa19" "aa20"
"0" 0 0.261627906977 14 7 4 2 0 0 0 0 0 0 0 0 0 0 0 0 0 0 0 0
"1" 1 0.623574144487 46 9 1 0 0 0 0 0 0 0 0 0 0 0 0 0 0 0 0 0
"2" 2 0.360465116279 18 13 8 4 4 3 2 2 1 1 0 0 0 0 0 0 0 0 0 0
"3" 3 0.279069767442 31 9 5 4 3 2 1 1 0 0 0 0 0 0 0 0 0 0 0 0
"4" 4 0.0875912408759 20 16 13 4 2 1 0 0 0 0 0 0 0 0 0 0 0 0 0 0
"5" 5 0.107623318386 31 8 4 3 3 2 1 1 1 1 1 0 0 0 0 0 0 0 0 0
"6" 6 0.0659898477157 28 9 8 5 1 1 1 1 1 1 0 0 0 0 0 0 0 0 0 0
"7" 7 0.0 55 3 0 0 0 0 0 0 0 0 0 0 0 0 0 0 0 0 0 0
"8" 8 0.062015503876 22 12 6 5 3 3 3 2 1 1 0 0 0 0 0 0 0 0 0 0
"9" 9 0.282700421941 27 10 8 8 2 1 1 1 0 0 0 0 0 0 0 0 0 0 0 0
"10" 10 0.0820512820513 32 17 4 2 1 1 1 0 0 0 0 0 0 0 0 0 0 0 0 0
"11" 11 0.21511627907 30 24 1 1 1 1 0 0 0 0 0 0 0 0 0 0 0 0 0 0
"12" 12 0.55223880597 23 11 7 6 3 2 2 1 1 1 1 0 0 0 0 0 0 0 0 0
"13" 13 0.379464285714 33 13 7 2 2 1 0 0 0 0 0 0 0 0 0 0 0 0 0 0
"14" 14 0.0152091254753 50 6 2 0 0 0 0 0 0 0 0 0 0 0 0 0 0 0 0 0
"15" 15 0.210970464135 43 7 3 3 2 0 0 0 0 0 0 0 0 0 0 0 0 0 0 0
"16" 16 0.0114942528736 26 17 9 2 1 1 1 1 0 0 0 0 0 0 0 0 0 0 0 0
"17" 17 0.0342205323194 40 18 0 0 0 0 0 0 0 0 0 0 0 0 0 0 0 0 0 0
"18" 18 0.00507614213198 30 17 6 2 2 1 0 0 0 0 0 0 0 0 0 0 0 0 0 0
"19" 19 0.111607142857 25 15 6 3 3 2 1 1 1 0 0 0 0 0 0 0 0 0 0 0
"20" 20 0.367088607595 19 13 7 5 3 2 2 2 1 1 1 1 0 0 0 0 0 0 0 0
"21" 21 0.580310880829 21 10 6 6 3 2 2 2 2 2 1 0 0 0 0 0 0 0 0 0
"22" 22 0.336538461538 46 3 2 2 2 1 1 1 0 0 0 0 0 0 0 0 0 0 0 0
"23" 23 0.354430379747 19 9 7 5 5 3 3 2 1 1 1 1 1 0 0 0 0 0 0 0
"24" 24 0.0 17 17 8 6 3 2 2 1 1 1 0 0 0 0 0 0 0 0 0 0
"25" 25 0.0459770114943 33 21 2 2 1 0 0 0 0 0 0 0 0 0 0 0 0 0 0 0
"26" 26 0.0 59 0 0 0 0 0 0 0 0 0 0 0 0 0 0 0 0 0 0 0
"27" 27 0.0077519379845 50 5 3 1 0 0 0 0 0 0 0 0 0 0 0 0 0 0 0 0
"28" 28 0.0 43 7 6 3 0 0 0 0 0 0 0 0 0 0 0 0 0 0 0 0
"29" 29 0.0 59 0 0 0 0 0 0 0 0 0 0 0 0 0 0 0 0 0 0 0
"30" 30 0.0310880829016 59 0 0 0 0 0 0 0 0 0 0 0 0 0 0 0 0 0 0 0
"31" 31 0.0 53 6 0 0 0 0 0 0 0 0 0 0 0 0 0 0 0 0 0 0
"32" 32 0.327044025157 58 1 0 0 0 0 0 0 0 0 0 0 0 0 0 0 0 0 0 0
"33" 33 0.00497512437811 46 5 4 1 1 1 1 0 0 0 0 0 0 0 0 0 0 0 0 0
"34" 34 0.269961977186 26 18 4 3 2 1 1 1 1 1 0 0 0 0 0 0 0 0 0 0
"35" 35 0.395348837209 44 5 2 2 1 1 1 1 1 0 0 0 0 0 0 0 0 0 0 0
"36" 36 0.243523316062 33 18 4 3 1 0 0 0 0 0 0 0 0 0 0 0 0 0 0 0
"37" 37 0.607594936709 22 8 7 5 4 3 2 2 2 1 1 1 0 0 0 0 0 0 0 0
"38" 38 0.607142857143 25 10 7 5 4 2 2 1 1 1 0 0 0 0 0 0 0 0 0 0
"39" 39 0.553846153846 24 11 9 7 3 1 1 1 1 1 0 0 0 0 0 0 0 0 0 0
"40" 40 0.210256410256 15 15 10 5 4 2 2 1 1 1 1 1 1 0 0 0 0 0 0 0
"41" 41 0.131979695431 26 18 7 4 2 1 1 0 0 0 0 0 0 0 0 0 0 0 0 0
"42" 42 0.00418410041841 25 14 13 5 2 0 0 0 0 0 0 0 0 0 0 0 0 0 0 0
"43" 43 0.0358974358974 53 5 1 0 0 0 0 0 0 0 0 0 0 0 0 0 0 0 0 0
"44" 44 0.0 54 3 2 0 0 0 0 0 0 0 0 0 0 0 0 0 0 0 0 0
"45" 45 0.0 45 14 0 0 0 0 0 0 0 0 0 0 0 0 0 0 0 0 0 0
"46" 46 0.0 55 2 1 1 0 0 0 0 0 0 0 0 0 0 0 0 0 0 0 0
"47" 47 0.0535714285714 59 0 0 0 0 0 0 0 0 0 0 0 0 0 0 0 0 0 0 0
"48" 48 0.0 36 22 1 0 0 0 0 0 0 0 0 0 0 0 0 0 0 0 0 0
"49" 49 0.0943396226415 59 0 0 0 0 0 0 0 0 0 0 0 0 0 0 0 0 0 0 0
"50" 50 0.105839416058 59 0 0 0 0 0 0 0 0 0 0 0 0 0 0 0 0 0 0 0
"51" 51 0.446808510638 58 1 0 0 0 0 0 0 0 0 0 0 0 0 0 0 0 0 0 0
"52" 52 0.28488372093 48 10 1 0 0 0 0 0 0 0 0 0 0 0 0 0 0 0 0 0
"53" 53 0.0820512820513 57 1 1 0 0 0 0 0 0 0 0 0 0 0 0 0 0 0 0 0
"54" 54 0.062015503876 53 3 2 1 0 0 0 0 0 0 0 0 0 0 0 0 0 0 0 0
"55" 55 0.0675105485232 59 0 0 0 0 0 0 0 0 0 0 0 0 0 0 0 0 0 0 0
"56" 56 0.0248756218905 42 7 6 2 1 1 0 0 0 0 0 0 0 0 0 0 0 0 0 0
"57" 57 0.183035714286 59 0 0 0 0 0 0 0 0 0 0 0 0 0 0 0 0 0 0 0
"58" 58 0.0152284263959 55 4 0 0 0 0 0 0 0 0 0 0 0 0 0 0 0 0 0 0
"59" 59 0.110465116279 21 21 7 6 3 1 0 0 0 0 0 0 0 0 0 0 0 0 0 0
"60" 60 0.189781021898 30 15 9 4 1 0 0 0 0 0 0 0 0 0 0 0 0 0 0 0
"61" 61 0.433035714286 32 18 2 2 2 2 1 0 0 0 0 0 0 0 0 0 0 0 0 0
"62" 62 0.334821428571 40 6 4 3 2 2 1 1 0 0 0 0 0 0 0 0 0 0 0 0
"63" 63 0.267441860465 25 7 6 5 4 2 2 2 2 1 1 1 1 0 0 0 0 0 0 0
"64" 64 0.0 41 9 7 2 0 0 0 0 0 0 0 0 0 0 0 0 0 0 0 0
"65" 65 0.0 55 3 1 0 0 0 0 0 0 0 0 0 0 0 0 0 0 0 0 0
"66" 66 0.0 58 1 0 0 0 0 0 0 0 0 0 0 0 0 0 0 0 0 0 0
"67" 67 0.0 56 2 1 0 0 0 0 0 0 0 0 0 0 0 0 0 0 0 0 0
"68" 68 0.157360406091 47 5 3 2 1 1 0 0 0 0 0 0 0 0 0 0 0 0 0 0
"69" 69 0.0358744394619 58 1 0 0 0 0 0 0 0 0 0 0 0 0 0 0 0 0 0 0
"70" 70 0.20725388601 58 1 0 0 0 0 0 0 0 0 0 0 0 0 0 0 0 0 0 0
"71" 71 0.348837209302 27 16 14 2 0 0 0 0 0 0 0 0 0 0 0 0 0 0 0 0
"72" 72 0.409282700422 58 1 0 0 0 0 0 0 0 0 0 0 0 0 0 0 0 0 0 0
"73" 73 0.776371308017 49 7 3 0 0 0 0 0 0 0 0 0 0 0 0 0 0 0 0 0
"74" 74 0.5 54 3 1 1 0 0 0 0 0 0 0 0 0 0 0 0 0 0 0 0
"75" 75 0.451476793249 41 7 3 2 2 1 1 1 1 0 0 0 0 0 0 0 0 0 0 0
"76" 76 0.18407960199 42 8 6 2 1 0 0 0 0 0 0 0 0 0 0 0 0 0 0 0
"77" 77 0.124087591241 59 0 0 0 0 0 0 0 0 0 0 0 0 0 0 0 0 0 0 0
"78" 78 0.112970711297 35 24 0 0 0 0 0 0 0 0 0 0 0 0 0 0 0 0 0 0
"79" 79 0.0 55 2 2 0 0 0 0 0 0 0 0 0 0 0 0 0 0 0 0 0
"80" 80 0.167883211679 24 16 4 3 3 3 3 2 1 0 0 0 0 0 0 0 0 0 0 0
"81" 81 0.0358974358974 56 1 1 1 0 0 0 0 0 0 0 0 0 0 0 0 0 0 0 0
"82" 82 0.0569620253165 29 13 12 3 1 1 0 0 0 0 0 0 0 0 0 0 0 0 0 0
"83" 83 0.359832635983 56 3 0 0 0 0 0 0 0 0 0 0 0 0 0 0 0 0 0 0
"84" 84 0.465408805031 59 0 0 0 0 0 0 0 0 0 0 0 0 0 0 0 0 0 0 0
"85" 85 0.0765550239234 47 9 2 1 0 0 0 0 0 0 0 0 0 0 0 0 0 0 0 0
"86" 86 0.454545454545 36 23 0 0 0 0 0 0 0 0 0 0 0 0 0 0 0 0 0 0
"87" 87 0.0 59 0 0 0 0 0 0 0 0 0 0 0 0 0 0 0 0 0 0 0
"88" 88 0.0 59 0 0 0 0 0 0 0 0 0 0 0 0 0 0 0 0 0 0 0
"89" 89 0.106598984772 51 5 1 1 1 0 0 0 0 0 0 0 0 0 0 0 0 0 0 0
"90" 90 0.00956937799043 49 10 0 0 0 0 0 0 0 0 0 0 0 0 0 0 0 0 0 0
"91" 91 0.0 59 0 0 0 0 0 0 0 0 0 0 0 0 0 0 0 0 0 0 0
"92" 92 0.0342205323194 59 0 0 0 0 0 0 0 0 0 0 0 0 0 0 0 0 0 0 0
"93" 93 0.0 59 0 0 0 0 0 0 0 0 0 0 0 0 0 0 0 0 0 0 0
"94" 94 0.0077519379845 57 1 1 0 0 0 0 0 0 0 0 0 0 0 0 0 0 0 0 0
"95" 95 0.0 26 18 14 1 0 0 0 0 0 0 0 0 0 0 0 0 0 0 0 0
"96" 96 0.0062893081761 59 0 0 0 0 0 0 0 0 0 0 0 0 0 0 0 0 0 0 0
"97" 97 0.103139013453 59 0 0 0 0 0 0 0 0 0 0 0 0 0 0 0 0 0 0 0
"98" 98 0.0 59 0 0 0 0 0 0 0 0 0 0 0 0 0 0 0 0 0 0 0
"99" 99 0.00354609929078 58 1 0 0 0 0 0 0 0 0 0 0 0 0 0 0 0 0 0 0
"100" 100 0.0 59 0 0 0 0 0 0 0 0 0 0 0 0 0 0 0 0 0 0 0
"101" 101 0.134715025907 42 17 0 0 0 0 0 0 0 0 0 0 0 0 0 0 0 0 0 0
"102" 102 0.0880503144654 58 1 0 0 0 0 0 0 0 0 0 0 0 0 0 0 0 0 0 0
"103" 103 0.261538461538 24 8 7 6 4 3 3 2 2 0 0 0 0 0 0 0 0 0 0 0
"104" 104 0.419540229885 30 13 3 3 2 2 2 1 1 1 1 0 0 0 0 0 0 0 0 0
"105" 105 0.456953642384 12 11 11 8 7 4 2 2 1 1 0 0 0 0 0 0 0 0 0 0
"106" 106 0.0143540669856 36 15 3 2 1 1 0 0 0 0 0 0 0 0 0 0 0 0 0 0
"107" 107 0.641509433962 19 10 7 6 4 3 2 2 1 1 1 1 1 0 0 0 0 0 0 0
"108" 108 0.174107142857 14 14 10 6 5 4 2 1 1 1 0 0 0 0 0 0 0 0 0 0
"109" 109 0.0872093023256 56 0 0 0 0 0 0 0 0 0 0 0 0 0 0 0 0 0 0 0
"110" 110 0.691983122363 30 15 6 3 2 1 1 1 0 0 0 0 0 0 0 0 0 0 0 0
"111" 111 0.100775193798 29 20 4 2 1 1 1 1 0 0 0 0 0 0 0 0 0 0 0 0
"112" 112 0.33908045977 29 13 4 2 2 2 2 1 1 1 1 1 0 0 0 0 0 0 0 0
"113" 113 0.00961538461538 59 0 0 0 0 0 0 0 0 0 0 0 0 0 0 0 0 0 0 0
"114" 114 0.0984455958549 59 0 0 0 0 0 0 0 0 0 0 0 0 0 0 0 0 0 0 0
"115" 115 0.0666666666667 55 2 1 1 0 0 0 0 0 0 0 0 0 0 0 0 0 0 0 0
"116" 116 0.155440414508 59 0 0 0 0 0 0 0 0 0 0 0 0 0 0 0 0 0 0 0
"117" 117 0.0188679245283 59 0 0 0 0 0 0 0 0 0 0 0 0 0 0 0 0 0 0 0
"118" 118 0.0 36 20 3 0 0 0 0 0 0 0 0 0 0 0 0 0 0 0 0 0
"119" 119 0.0466321243523 59 0 0 0 0 0 0 0 0 0 0 0 0 0 0 0 0 0 0 0
"120" 120 0.0 49 5 3 2 0 0 0 0 0 0 0 0 0 0 0 0 0 0 0 0
"121" 121 0.0 39 9 9 2 0 0 0 0 0 0 0 0 0 0 0 0 0 0 0 0
"122" 122 0.00446428571429 52 7 0 0 0 0 0 0 0 0 0 0 0 0 0 0 0 0 0 0
"123" 123 0.0609137055838 57 1 1 0 0 0 0 0 0 0 0 0 0 0 0 0 0 0 0 0
"124" 124 0.0192307692308 59 0 0 0 0 0 0 0 0 0 0 0 0 0 0 0 0 0 0 0
"125" 125 0.566964285714 25 13 9 5 3 1 1 1 1 0 0 0 0 0 0 0 0 0 0 0
"126" 126 0.546511627907 27 11 5 5 4 4 1 1 1 0 0 0 0 0 0 0 0 0 0 0
"127" 127 0.406091370558 44 12 2 1 0 0 0 0 0 0 0 0 0 0 0 0 0 0 0 0
"128" 128 0.0697674418605 22 12 9 6 3 2 1 1 1 1 1 0 0 0 0 0 0 0 0 0
"129" 129 0.479087452471 18 12 10 5 3 3 2 2 2 1 1 0 0 0 0 0 0 0 0 0
"130" 130 0.0813953488372 32 11 5 3 2 2 2 1 1 0 0 0 0 0 0 0 0 0 0 0
"131" 131 0.0192307692308 59 0 0 0 0 0 0 0 0 0 0 0 0 0 0 0 0 0 0 0
"132" 132 0.14798206278 28 14 11 3 2 1 0 0 0 0 0 0 0 0 0 0 0 0 0 0
"133" 133 0.126436781609 51 8 0 0 0 0 0 0 0 0 0 0 0 0 0 0 0 0 0 0
"134" 134 0.042194092827 20 17 12 7 1 1 1 0 0 0 0 0 0 0 0 0 0 0 0 0
"135" 135 0.304932735426 39 8 4 3 2 1 1 1 0 0 0 0 0 0 0 0 0 0 0 0
"136" 136 0.0 58 1 0 0 0 0 0 0 0 0 0 0 0 0 0 0 0 0 0 0
"137" 137 0.130801687764 59 0 0 0 0 0 0 0 0 0 0 0 0 0 0 0 0 0 0 0
"138" 138 0.015503875969 45 11 2 1 0 0 0 0 0 0 0 0 0 0 0 0 0 0 0 0
"139" 139 0.0 56 3 0 0 0 0 0 0 0 0 0 0 0 0 0 0 0 0 0 0
"140" 140 0.0 59 0 0 0 0 0 0 0 0 0 0 0 0 0 0 0 0 0 0 0
"141" 141 0.0 21 16 12 4 4 2 0 0 0 0 0 0 0 0 0 0 0 0 0 0
"142" 142 0.0137614678899 31 15 9 3 1 0 0 0 0 0 0 0 0 0 0 0 0 0 0 0
"143" 143 0.0 56 3 0 0 0 0 0 0 0 0 0 0 0 0 0 0 0 0 0 0
"144" 144 0.0 46 13 0 0 0 0 0 0 0 0 0 0 0 0 0 0 0 0 0 0
"145" 145 0.119402985075 40 15 4 0 0 0 0 0 0 0 0 0 0 0 0 0 0 0 0 0
"146" 146 0.0362694300518 59 0 0 0 0 0 0 0 0 0 0 0 0 0 0 0 0 0 0 0
"147" 147 0.424107142857 51 5 2 1 0 0 0 0 0 0 0 0 0 0 0 0 0 0 0 0
"148" 148 0.509615384615 55 3 1 0 0 0 0 0 0 0 0 0 0 0 0 0 0 0 0 0
"149" 149 0.330357142857 59 0 0 0 0 0 0 0 0 0 0 0 0 0 0 0 0 0 0 0
"150" 150 0.0 53 4 1 1 0 0 0 0 0 0 0 0 0 0 0 0 0 0 0 0
"151" 151 0.0414507772021 59 0 0 0 0 0 0 0 0 0 0 0 0 0 0 0 0 0 0 0
"152" 152 0.0 59 0 0 0 0 0 0 0 0 0 0 0 0 0 0 0 0 0 0 0
"153" 153 0.0 59 0 0 0 0 0 0 0 0 0 0 0 0 0 0 0 0 0 0 0
"154" 154 0.0 29 18 12 0 0 0 0 0 0 0 0 0 0 0 0 0 0 0 0 0
"155" 155 0.010152284264 43 7 5 3 1 0 0 0 0 0 0 0 0 0 0 0 0 0 0 0
"156" 156 0.0 31 21 3 2 1 1 0 0 0 0 0 0 0 0 0 0 0 0 0 0
"157" 157 0.0 54 5 0 0 0 0 0 0 0 0 0 0 0 0 0 0 0 0 0 0
"158" 158 0.113989637306 38 20 1 0 0 0 0 0 0 0 0 0 0 0 0 0 0 0 0 0
"159" 159 0.289340101523 43 7 4 3 1 1 0 0 0 0 0 0 0 0 0 0 0 0 0 0
"160" 160 0.651282051282 28 9 7 5 4 2 1 1 1 1 0 0 0 0 0 0 0 0 0 0
"161" 161 0.0673575129534 59 0 0 0 0 0 0 0 0 0 0 0 0 0 0 0 0 0 0 0
"162" 162 0.584905660377 52 5 1 1 0 0 0 0 0 0 0 0 0 0 0 0 0 0 0 0
"163" 163 0.199004975124 28 12 5 4 3 2 2 1 1 1 0 0 0 0 0 0 0 0 0 0
"164" 164 0.046511627907 55 1 1 1 1 0 0 0 0 0 0 0 0 0 0 0 0 0 0 0
"165" 165 0.62893081761 12 11 10 7 6 5 4 3 1 0 0 0 0 0 0 0 0 0 0 0
"166" 166 0.523206751055 33 10 6 3 3 2 1 1 0 0 0 0 0 0 0 0 0 0 0 0
"167" 167 0.0 31 7 7 5 5 4 0 0 0 0 0 0 0 0 0 0 0 0 0 0
"168" 168 0.435897435897 49 6 1 1 1 1 0 0 0 0 0 0 0 0 0 0 0 0 0 0
"169" 169 0.222797927461 50 4 3 1 1 0 0 0 0 0 0 0 0 0 0 0 0 0 0 0
"170" 170 0.0710659898477 42 12 4 1 0 0 0 0 0 0 0 0 0 0 0 0 0 0 0 0
"171" 171 0.482142857143 25 11 9 3 3 3 2 2 1 0 0 0 0 0 0 0 0 0 0 0
"172" 172 0.113989637306 59 0 0 0 0 0 0 0 0 0 0 0 0 0 0 0 0 0 0 0
"173" 173 0.0 45 13 1 0 0 0 0 0 0 0 0 0 0 0 0 0 0 0 0 0
"174" 174 0.370535714286 31 11 8 5 1 1 1 1 0 0 0 0 0 0 0 0 0 0 0 0
"175" 175 0.527426160338 28 19 3 2 2 2 1 1 1 0 0 0 0 0 0 0 0 0 0 0
"176" 176 0.357414448669 25 9 7 6 3 2 2 1 1 1 1 0 0 0 0 0 0 0 0 0
"177" 177 0.163179916318 14 13 11 9 5 3 3 0 0 0 0 0 0 0 0 0 0 0 0 0
"178" 178 0.622641509434 56 1 1 0 0 0 0 0 0 0 0 0 0 0 0 0 0 0 0 0
"179" 179 0.278846153846 55 2 1 1 0 0 0 0 0 0 0 0 0 0 0 0 0 0 0 0
"180" 180 0.169154228856 37 15 4 2 1 0 0 0 0 0 0 0 0 0 0 0 0 0 0 0
"181" 181 0.0995024875622 52 5 2 0 0 0 0 0 0 0 0 0 0 0 0 0 0 0 0 0
"182" 182 0.740875912409 20 18 10 5 4 1 1 0 0 0 0 0 0 0 0 0 0 0 0 0
"183" 183 0.178294573643 52 3 1 1 1 1 0 0 0 0 0 0 0 0 0 0 0 0 0 0
"184" 184 0.0116279069767 53 5 1 0 0 0 0 0 0 0 0 0 0 0 0 0 0 0 0 0
"185" 185 0.148717948718 27 13 7 4 4 1 1 1 1 0 0 0 0 0 0 0 0 0 0 0
"186" 186 0.299107142857 32 16 6 2 1 1 1 0 0 0 0 0 0 0 0 0 0 0 0 0
"187" 187 0.00709219858156 59 0 0 0 0 0 0 0 0 0 0 0 0 0 0 0 0 0 0 0
"188" 188 0.0 56 2 1 0 0 0 0 0 0 0 0 0 0 0 0 0 0 0 0 0
"189" 189 0.270072992701 41 18 0 0 0 0 0 0 0 0 0 0 0 0 0 0 0 0 0 0
"190" 190 0.167512690355 30 8 6 3 3 2 2 2 1 1 1 0 0 0 0 0 0 0 0 0
"191" 191 0.0190114068441 59 0 0 0 0 0 0 0 0 0 0 0 0 0 0 0 0 0 0 0
"192" 192 0.0548523206751 57 1 1 0 0 0 0 0 0 0 0 0 0 0 0 0 0 0 0 0
"193" 193 0.395939086294 33 20 4 2 0 0 0 0 0 0 0 0 0 0 0 0 0 0 0 0
"194" 194 0.213836477987 55 4 0 0 0 0 0 0 0 0 0 0 0 0 0 0 0 0 0 0
"195" 195 0.336787564767 46 6 4 1 1 1 0 0 0 0 0 0 0 0 0 0 0 0 0 0
"196" 196 0.730769230769 58 1 0 0 0 0 0 0 0 0 0 0 0 0 0 0 0 0 0 0
"197" 197 0.320675105485 57 1 1 0 0 0 0 0 0 0 0 0 0 0 0 0 0 0 0 0
"198" 198 0.610062893082 59 0 0 0 0 0 0 0 0 0 0 0 0 0 0 0 0 0 0 0
"199" 199 0.415178571429 42 7 4 1 1 1 1 1 1 0 0 0 0 0 0 0 0 0 0 0
"200" 200 0.0461538461538 59 0 0 0 0 0 0 0 0 0 0 0 0 0 0 0 0 0 0 0
"201" 201 0.578475336323 35 8 5 3 2 2 2 2 0 0 0 0 0 0 0 0 0 0 0 0
"202" 202 0.100418410042 57 1 1 0 0 0 0 0 0 0 0 0 0 0 0 0 0 0 0 0
"203" 203 0.139534883721 54 4 1 0 0 0 0 0 0 0 0 0 0 0 0 0 0 0 0 0
"204" 204 0.276150627615 57 2 0 0 0 0 0 0 0 0 0 0 0 0 0 0 0 0 0 0
"205" 205 0.82119205298 37 12 6 2 2 0 0 0 0 0 0 0 0 0 0 0 0 0 0 0
"206" 206 0.0769230769231 50 3 2 2 1 1 0 0 0 0 0 0 0 0 0 0 0 0 0 0
"207" 207 0.459821428571 44 4 4 3 1 1 1 1 0 0 0 0 0 0 0 0 0 0 0 0
"208" 208 0.162790697674 23 21 7 5 2 1 0 0 0 0 0 0 0 0 0 0 0 0 0 0
"209" 209 0.172995780591 51 4 2 2 0 0 0 0 0 0 0 0 0 0 0 0 0 0 0 0
"210" 210 0.323076923077 32 16 5 3 2 1 0 0 0 0 0 0 0 0 0 0 0 0 0 0
"211" 211 0.253164556962 29 16 10 1 1 1 1 0 0 0 0 0 0 0 0 0 0 0 0 0
"212" 212 0.713080168776 20 15 13 7 2 1 0 0 0 0 0 0 0 0 0 0 0 0 0 0
"213" 213 0.220532319392 37 15 3 2 1 0 0 0 0 0 0 0 0 0 0 0 0 0 0 0
"214" 214 0.0 53 4 1 0 0 0 0 0 0 0 0 0 0 0 0 0 0 0 0 0
"215" 215 0.213930348259 18 9 8 7 7 6 3 0 0 0 0 0 0 0 0 0 0 0 0 0
"216" 216 0.512953367876 17 15 11 7 3 2 2 1 0 0 0 0 0 0 0 0 0 0 0 0
"217" 217 0.0 27 25 6 0 0 0 0 0 0 0 0 0 0 0 0 0 0 0 0 0
"218" 218 0.0 39 19 0 0 0 0 0 0 0 0 0 0 0 0 0 0 0 0 0 0
"219" 219 0.476793248945 18 9 7 5 5 4 3 2 2 1 1 1 0 0 0 0 0 0 0 0
"220" 220 0.205357142857 35 10 4 4 1 1 1 1 1 0 0 0 0 0 0 0 0 0 0 0
"221" 221 0.0 33 15 5 4 1 0 0 0 0 0 0 0 0 0 0 0 0 0 0 0
"222" 222 0.124401913876 44 6 3 3 1 1 0 0 0 0 0 0 0 0 0 0 0 0 0 0
"223" 223 0.295336787565 27 6 5 5 4 3 3 2 2 1 0 0 0 0 0 0 0 0 0 0
"224" 224 0.112582781457 17 11 9 7 5 3 2 2 1 1 0 0 0 0 0 0 0 0 0 0
"225" 225 0.0460992907801 58 0 0 0 0 0 0 0 0 0 0 0 0 0 0 0 0 0 0 0
"226" 226 0.396624472574 28 10 8 8 2 1 1 0 0 0 0 0 0 0 0 0 0 0 0 0
"227" 227 0.42600896861 19 11 5 5 4 4 3 3 2 2 0 0 0 0 0 0 0 0 0 0
"228" 228 0.00497512437811 55 3 0 0 0 0 0 0 0 0 0 0 0 0 0 0 0 0 0 0
"229" 229 0.0355329949239 28 17 7 4 1 1 0 0 0 0 0 0 0 0 0 0 0 0 0 0
"230" 230 0.302325581395 10 8 7 6 6 5 5 4 2 1 1 1 0 0 0 0 0 0 0 0
"231" 231 0.519230769231 22 19 5 4 2 2 1 1 0 0 0 0 0 0 0 0 0 0 0 0
"232" 232 0.603375527426 11 6 2 1 1 1 1 0 0 0 0 0 0 0 0 0 0 0 0 0
"233" 233 0.152317880795 13 9 8 6 4 3 3 2 2 0 0 0 0 0 0 0 0 0 0 0
"234" 234 0.695364238411 13 9 8 7 4 3 3 2 2 1 1 0 0 0 0 0 0 0 0 0
"235" 235 0.347150259067 21 7 5 4 4 4 3 1 1 1 0 0 0 0 0 0 0 0 0 0
"236" 236 0.311258278146 12 9 7 6 5 5 2 2 1 1 1 1 0 0 0 0 0 0 0 0
"237" 237 0.350210970464 25 12 4 3 2 2 2 1 1 0 0 0 0 0 0 0 0 0 0 0
"238" 238 0.567307692308 18 10 6 5 3 3 2 2 2 1 0 0 0 0 0 0 0 0 0 0
"239" 239 0.0609137055838 31 14 3 1 1 1 0 0 0 0 0 0 0 0 0 0 0 0 0 0
"240" 240 0.186528497409 22 13 6 5 2 2 1 1 1 0 0 0 0 0 0 0 0 0 0 0
"241" 241 0.0845771144279 30 14 4 3 2 1 0 0 0 0 0 0 0 0 0 0 0 0 0 0
"242" 242 0.162790697674 20 7 7 4 3 3 2 2 2 2 1 1 1 0 0 0 0 0 0 0
"243" 243 0.0 48 2 2 1 1 1 0 0 0 0 0 0 0 0 0 0 0 0 0 0
"244" 244 0.0747126436782 22 19 5 3 3 1 1 1 0 0 0 0 0 0 0 0 0 0 0 0
"245" 245 0.354651162791 33 8 3 2 2 1 1 1 1 1 0 0 0 0 0 0 0 0 0 0
"246" 246 0.18407960199 21 11 6 2 2 2 2 1 1 1 1 1 1 0 0 0 0 0 0 0
"247" 247 0.534591194969 9 7 6 6 5 4 4 3 3 2 2 1 0 0 0 0 0 0 0 0
"248" 248 0.860103626943 15 12 12 6 3 2 1 1 1 0 0 0 0 0 0 0 0 0 0 0
"249" 249 0.116279069767 36 9 3 2 2 1 1 0 0 0 0 0 0 0 0 0 0 0 0 0
"250" 250 0.641509433962 33 4 3 3 2 2 1 1 1 1 1 0 0 0 0 0 0 0 0 0
"251" 251 0.296511627907 10 7 5 5 3 3 2 2 2 1 1 1 1 1 1 1 1 1 0 0
"252" 252 0.304182509506 6 6 5 4 4 4 4 3 2 2 2 2 1 1 1 1 1 0 0 0
"253" 253 0.35761589404 8 7 6 5 5 4 3 2 1 1 0 0 0 0 0 0 0 0 0 0
"254" 254 0.649789029536 10 8 5 4 4 3 2 1 1 1 1 1 1 0 0 0 0 0 0 0
"255" 255 0.449612403101 13 12 4 3 3 2 2 2 1 1 1 0 0 0 0 0 0 0 0 0
"256" 256 0.124031007752 9 4 3 3 3 2 2 2 1 1 0 0 0 0 0 0 0 0 0 0
"257" 257 0.0331125827815 22 9 4 2 2 2 2 1 1 1 1 0 0 0 0 0 0 0 0 0
"258" 258 0.533678756477 9 8 6 5 5 3 3 3 3 1 1 1 1 0 0 0 0 0 0 0
"259" 259 0.635658914729 20 8 5 4 4 3 2 1 1 1 1 1 0 0 0 0 0 0 0 0
"260" 260 0.10152284264 25 14 5 2 2 1 1 1 1 0 0 0 0 0 0 0 0 0 0 0
"261" 261 0.459119496855 17 15 5 4 3 3 2 1 1 1 1 0 0 0 0 0 0 0 0 0
"262" 262 0.622641509434 14 9 8 5 3 3 3 2 2 1 1 0 0 0 0 0 0 0 0 0
"263" 263 0.503875968992 13 9 7 6 4 4 2 2 1 1 1 0 0 0 0 0 0 0 0 0
"264" 264 0.331125827815 14 7 6 5 4 4 3 3 1 1 1 1 1 1 0 0 0 0 0 0
"265" 265 0.621890547264 21 6 6 4 3 3 2 2 2 1 1 0 0 0 0 0 0 0 0 0
"266" 266 0.447257383966 9 6 6 5 5 5 3 3 2 2 2 2 1 1 0 0 0 0 0 0
"267" 267 0.658914728682 12 9 5 3 3 3 3 2 2 2 2 2 1 1 0 0 0 0 0 0
"268" 268 0.435233160622 16 10 8 6 4 3 1 1 1 1 0 0 0 0 0 0 0 0 0 0
"269" 269 0.178294573643 16 6 5 4 4 2 2 2 2 2 1 1 1 0 0 0 0 0 0 0
"270" 270 0.779874213836 29 4 4 4 3 2 1 1 1 1 0 0 0 0 0 0 0 0 0 0
"271" 271 0.355329949239 12 7 5 4 4 3 3 3 3 2 2 1 1 1 0 0 0 0 0 0
"272" 272 0.585492227979 16 13 9 5 2 2 1 1 1 1 0 0 0 0 0 0 0 0 0 0
"273" 273 0.675105485232 10 9 6 5 3 3 2 1 1 1 1 1 1 1 0 0 0 0 0 0
"274" 274 0.364238410596 16 12 4 4 2 2 1 1 1 1 0 0 0 0 0 0 0 0 0 0
"275" 275 0.0761421319797 30 12 4 2 2 0 0 0 0 0 0 0 0 0 0 0 0 0 0 0
"276" 276 0.554404145078 36 4 3 3 2 1 1 0 0 0 0 0 0 0 0 0 0 0 0 0
"277" 277 0.497890295359 36 3 2 2 2 2 1 1 1 1 0 0 0 0 0 0 0 0 0 0
"278" 278 0.421985815603 47 2 1 1 0 0 0 0 0 0 0 0 0 0 0 0 0 0 0 0
"279" 279 0.18410041841 21 20 5 1 1 1 1 1 0 0 0 0 0 0 0 0 0 0 0 0
"280" 280 0.861924686192 24 24 0 0 0 0 0 0 0 0 0 0 0 0 0 0 0 0 0 0
