"site" "RSA" "aa1" "aa2" "aa3" "aa4" "aa5" "aa6" "aa7" "aa8" "aa9" "aa10" "aa11" "aa12" "aa13" "aa14" "aa15" "aa16" "aa17" "aa18" "aa19" "aa20"
"0" 0 0.279816513761 250 245 2 2 1 0 0 0 0 0 0 0 0 0 0 0 0 0 0 0
"1" 1 0.42194092827 152 139 79 30 20 19 14 13 11 8 5 4 4 1 1 0 0 0 0 0
"2" 2 0.385057471264 174 132 115 51 19 6 1 1 1 0 0 0 0 0 0 0 0 0 0 0
"3" 3 0.511494252874 227 165 45 16 11 10 6 5 5 4 2 2 1 1 0 0 0 0 0 0
"4" 4 0.476793248945 168 119 97 34 19 15 15 13 7 7 3 2 1 0 0 0 0 0 0 0
"5" 5 0.383928571429 302 109 43 18 14 6 3 3 2 0 0 0 0 0 0 0 0 0 0 0
"6" 6 0.317991631799 153 90 78 35 27 20 18 16 15 11 10 8 6 5 5 1 1 1 0 0
"7" 7 0.675496688742 128 110 52 46 43 43 23 15 12 7 6 4 4 4 2 1 0 0 0 0
"8" 8 0.258620689655 454 21 7 6 4 3 2 2 1 0 0 0 0 0 0 0 0 0 0 0
"9" 9 0.481012658228 500 0 0 0 0 0 0 0 0 0 0 0 0 0 0 0 0 0 0 0
"10" 10 0.423076923077 452 33 6 3 2 2 1 1 0 0 0 0 0 0 0 0 0 0 0 0
"11" 11 0.0288461538462 500 0 0 0 0 0 0 0 0 0 0 0 0 0 0 0 0 0 0 0
"12" 12 0.35401459854 298 64 40 28 18 14 14 10 7 2 2 1 1 1 0 0 0 0 0 0
"13" 13 0.0646766169154 420 27 27 15 4 2 1 1 1 1 1 0 0 0 0 0 0 0 0 0
"14" 14 0.0304568527919 396 95 6 2 1 0 0 0 0 0 0 0 0 0 0 0 0 0 0 0
"15" 15 0.177215189873 155 122 82 49 21 17 13 11 9 8 4 3 2 2 1 1 0 0 0 0
"16" 16 0.00497512437811 500 0 0 0 0 0 0 0 0 0 0 0 0 0 0 0 0 0 0 0
"17" 17 0.0728476821192 117 109 70 63 36 29 25 13 11 11 9 5 1 1 0 0 0 0 0 0
"18" 18 0.0239234449761 472 21 2 2 2 1 0 0 0 0 0 0 0 0 0 0 0 0 0 0
"19" 19 0.635897435897 202 109 72 21 17 14 14 11 9 8 8 6 4 2 1 1 1 0 0 0
"20" 20 0.0529801324503 500 0 0 0 0 0 0 0 0 0 0 0 0 0 0 0 0 0 0 0
"21" 21 0.569230769231 135 123 48 40 32 27 22 21 18 14 9 4 4 2 1 0 0 0 0 0
"22" 22 0.0993377483444 256 222 12 5 5 0 0 0 0 0 0 0 0 0 0 0 0 0 0 0
"23" 23 0.0 493 6 1 0 0 0 0 0 0 0 0 0 0 0 0 0 0 0 0 0
"24" 24 0.510548523207 371 95 10 10 5 2 2 2 2 1 0 0 0 0 0 0 0 0 0 0
"25" 25 0.0639534883721 459 27 7 7 0 0 0 0 0 0 0 0 0 0 0 0 0 0 0 0
"26" 26 0.377483443709 157 103 77 51 29 23 13 8 7 7 6 5 5 5 2 2 0 0 0 0
"27" 27 0.00917431192661 498 1 1 0 0 0 0 0 0 0 0 0 0 0 0 0 0 0 0 0
"28" 28 0.405128205128 191 67 55 54 38 25 17 12 10 9 7 5 3 3 2 1 1 0 0 0
"29" 29 0.0 499 1 0 0 0 0 0 0 0 0 0 0 0 0 0 0 0 0 0 0
"30" 30 0.0205128205128 333 81 22 20 12 10 8 4 4 3 2 1 0 0 0 0 0 0 0 0
"31" 31 0.0 492 8 0 0 0 0 0 0 0 0 0 0 0 0 0 0 0 0 0 0
"32" 32 0.0 479 21 0 0 0 0 0 0 0 0 0 0 0 0 0 0 0 0 0 0
"33" 33 0.00497512437811 499 1 0 0 0 0 0 0 0 0 0 0 0 0 0 0 0 0 0 0
"34" 34 0.0 500 0 0 0 0 0 0 0 0 0 0 0 0 0 0 0 0 0 0 0
"35" 35 0.451476793249 188 120 58 45 32 30 16 5 2 2 1 1 0 0 0 0 0 0 0 0
"36" 36 0.33971291866 89 79 77 66 57 28 24 15 15 9 9 8 7 6 6 3 1 1 0 0
"37" 37 0.190114068441 190 169 77 28 24 5 4 3 0 0 0 0 0 0 0 0 0 0 0 0
"38" 38 0.311787072243 260 131 54 35 10 2 2 2 1 1 1 1 0 0 0 0 0 0 0 0
"39" 39 0.302325581395 446 47 7 0 0 0 0 0 0 0 0 0 0 0 0 0 0 0 0 0
"40" 40 0.596412556054 238 203 45 4 3 2 2 1 1 1 0 0 0 0 0 0 0 0 0 0
"41" 41 0.730569948187 164 132 119 40 37 3 2 2 1 0 0 0 0 0 0 0 0 0 0 0
"42" 42 0.502092050209 300 104 35 28 18 11 3 1 0 0 0 0 0 0 0 0 0 0 0 0
"43" 43 0.899371069182 143 120 68 38 36 29 16 13 10 7 5 4 3 2 2 2 2 0 0 0
"44" 44 0.649635036496 121 88 71 46 36 32 28 19 18 14 8 8 6 4 1 0 0 0 0 0
"45" 45 0.138461538462 411 72 9 5 1 1 1 0 0 0 0 0 0 0 0 0 0 0 0 0
"46" 46 0.53164556962 126 108 93 85 78 6 4 0 0 0 0 0 0 0 0 0 0 0 0 0
"47" 47 0.21897810219 91 85 52 42 40 36 33 22 21 21 15 14 9 7 4 4 3 1 0 0
"48" 48 0.0710659898477 456 34 7 3 0 0 0 0 0 0 0 0 0 0 0 0 0 0 0 0
"49" 49 0.0062893081761 500 0 0 0 0 0 0 0 0 0 0 0 0 0 0 0 0 0 0 0
"50" 50 0.0 498 1 1 0 0 0 0 0 0 0 0 0 0 0 0 0 0 0 0 0
"51" 51 0.0 481 14 5 0 0 0 0 0 0 0 0 0 0 0 0 0 0 0 0 0
"52" 52 0.0 489 11 0 0 0 0 0 0 0 0 0 0 0 0 0 0 0 0 0 0
"53" 53 0.0 310 154 36 0 0 0 0 0 0 0 0 0 0 0 0 0 0 0 0 0
"54" 54 0.0 499 1 0 0 0 0 0 0 0 0 0 0 0 0 0 0 0 0 0 0
"55" 55 0.0 201 155 58 36 24 15 8 2 1 0 0 0 0 0 0 0 0 0 0 0
"56" 56 0.0288461538462 310 148 28 14 0 0 0 0 0 0 0 0 0 0 0 0 0 0 0 0
"57" 57 0.089552238806 438 41 16 5 0 0 0 0 0 0 0 0 0 0 0 0 0 0 0 0
"58" 58 0.470930232558 499 1 0 0 0 0 0 0 0 0 0 0 0 0 0 0 0 0 0 0
"59" 59 0.0822784810127 500 0 0 0 0 0 0 0 0 0 0 0 0 0 0 0 0 0 0 0
"60" 60 0.273255813953 159 97 58 40 35 22 18 13 11 9 8 7 6 6 4 3 2 2 0 0
"61" 61 0.0062893081761 499 1 0 0 0 0 0 0 0 0 0 0 0 0 0 0 0 0 0 0
"62" 62 0.222797927461 303 45 30 29 25 17 13 12 9 8 4 2 2 1 0 0 0 0 0 0
"63" 63 0.215384615385 147 135 68 50 35 24 20 8 4 3 3 2 1 0 0 0 0 0 0 0
"64" 64 0.0 497 2 1 0 0 0 0 0 0 0 0 0 0 0 0 0 0 0 0 0
"65" 65 0.0596026490066 248 247 3 2 0 0 0 0 0 0 0 0 0 0 0 0 0 0 0 0
"66" 66 0.611607142857 83 69 63 59 58 48 30 26 24 12 9 8 3 2 2 2 1 1 0 0
"67" 67 0.396624472574 191 171 53 19 17 14 12 9 9 3 1 1 0 0 0 0 0 0 0 0
"68" 68 0.0 495 4 1 0 0 0 0 0 0 0 0 0 0 0 0 0 0 0 0 0
"69" 69 0.493723849372 196 81 63 55 27 21 21 12 9 4 3 3 3 2 0 0 0 0 0 0
"70" 70 0.0 500 0 0 0 0 0 0 0 0 0 0 0 0 0 0 0 0 0 0 0
"71" 71 0.0717488789238 420 62 8 7 3 0 0 0 0 0 0 0 0 0 0 0 0 0 0 0
"72" 72 0.564853556485 110 69 60 54 35 29 28 26 24 21 13 10 5 4 4 3 3 2 0 0
"73" 73 0.0582959641256 258 100 71 55 9 6 1 0 0 0 0 0 0 0 0 0 0 0 0 0
"74" 74 0.0 495 4 1 0 0 0 0 0 0 0 0 0 0 0 0 0 0 0 0 0
"75" 75 0.0621761658031 500 0 0 0 0 0 0 0 0 0 0 0 0 0 0 0 0 0 0 0
"76" 76 0.535864978903 311 48 44 34 21 19 9 3 3 3 2 2 1 0 0 0 0 0 0 0
"77" 77 0.125475285171 265 231 2 2 0 0 0 0 0 0 0 0 0 0 0 0 0 0 0 0
"78" 78 0.0384615384615 500 0 0 0 0 0 0 0 0 0 0 0 0 0 0 0 0 0 0 0
"79" 79 0.0 500 0 0 0 0 0 0 0 0 0 0 0 0 0 0 0 0 0 0 0
"80" 80 0.0 490 5 5 0 0 0 0 0 0 0 0 0 0 0 0 0 0 0 0 0
"81" 81 0.0 477 23 0 0 0 0 0 0 0 0 0 0 0 0 0 0 0 0 0 0
"82" 82 0.0 500 0 0 0 0 0 0 0 0 0 0 0 0 0 0 0 0 0 0 0
"83" 83 0.0 500 0 0 0 0 0 0 0 0 0 0 0 0 0 0 0 0 0 0 0
"84" 84 0.0 500 0 0 0 0 0 0 0 0 0 0 0 0 0 0 0 0 0 0 0
"85" 85 0.020725388601 372 83 27 9 8 1 0 0 0 0 0 0 0 0 0 0 0 0 0 0
"86" 86 0.0 457 34 9 0 0 0 0 0 0 0 0 0 0 0 0 0 0 0 0 0
"87" 87 0.0 488 11 1 0 0 0 0 0 0 0 0 0 0 0 0 0 0 0 0 0
"88" 88 0.0 500 0 0 0 0 0 0 0 0 0 0 0 0 0 0 0 0 0 0 0
"89" 89 0.259124087591 327 112 29 18 8 2 2 1 1 0 0 0 0 0 0 0 0 0 0 0
"90" 90 0.240384615385 500 0 0 0 0 0 0 0 0 0 0 0 0 0 0 0 0 0 0 0
"91" 91 0.891191709845 134 89 59 59 48 38 19 18 12 9 4 4 2 2 1 1 1 0 0 0
"92" 92 0.522321428571 129 74 49 38 32 29 27 18 16 16 15 13 13 13 7 6 5 0 0 0
"93" 93 0.0459770114943 500 0 0 0 0 0 0 0 0 0 0 0 0 0 0 0 0 0 0 0
"94" 94 0.209302325581 416 66 7 4 3 2 1 1 0 0 0 0 0 0 0 0 0 0 0 0
"95" 95 0.384615384615 149 120 47 35 31 30 17 14 13 12 10 10 7 3 2 0 0 0 0 0
"96" 96 0.0518134715026 499 1 0 0 0 0 0 0 0 0 0 0 0 0 0 0 0 0 0 0
"97" 97 0.685534591195 434 17 9 9 8 6 5 5 3 1 1 1 1 0 0 0 0 0 0 0
"98" 98 0.71875 176 112 94 25 24 20 12 10 8 6 5 4 2 2 0 0 0 0 0 0
"99" 99 0.625 500 0 0 0 0 0 0 0 0 0 0 0 0 0 0 0 0 0 0 0
"100" 100 0.238410596026 383 65 26 13 6 3 2 1 1 0 0 0 0 0 0 0 0 0 0 0
"101" 101 0.521276595745 194 54 48 41 38 30 19 19 17 11 10 7 2 2 2 2 2 2 0 0
"102" 102 0.129533678756 490 9 1 0 0 0 0 0 0 0 0 0 0 0 0 0 0 0 0 0
"103" 103 0.0251046025105 498 1 1 0 0 0 0 0 0 0 0 0 0 0 0 0 0 0 0 0
"104" 104 0.0 500 0 0 0 0 0 0 0 0 0 0 0 0 0 0 0 0 0 0 0
"105" 105 0.188340807175 362 58 28 20 10 7 6 4 2 1 1 1 0 0 0 0 0 0 0 0
"106" 106 0.0 500 0 0 0 0 0 0 0 0 0 0 0 0 0 0 0 0 0 0 0
"107" 107 0.0 500 0 0 0 0 0 0 0 0 0 0 0 0 0 0 0 0 0 0 0
"108" 108 0.00961538461538 500 0 0 0 0 0 0 0 0 0 0 0 0 0 0 0 0 0 0 0
"109" 109 0.00418410041841 482 18 0 0 0 0 0 0 0 0 0 0 0 0 0 0 0 0 0 0
"110" 110 0.0114068441065 463 37 0 0 0 0 0 0 0 0 0 0 0 0 0 0 0 0 0 0
"111" 111 0.00995024875622 500 0 0 0 0 0 0 0 0 0 0 0 0 0 0 0 0 0 0 0
"112" 112 0.128205128205 422 58 5 5 4 3 2 1 0 0 0 0 0 0 0 0 0 0 0 0
"113" 113 0.0232558139535 495 5 0 0 0 0 0 0 0 0 0 0 0 0 0 0 0 0 0 0
"114" 114 0.529069767442 131 87 65 52 40 39 28 20 16 5 4 4 4 3 1 1 0 0 0 0
"115" 115 0.32735426009 335 37 34 32 26 11 9 5 4 3 2 2 0 0 0 0 0 0 0 0
"116" 116 0.6875 180 90 85 40 23 12 12 11 8 8 8 7 5 5 3 2 1 0 0 0
"117" 117 0.490566037736 434 16 16 10 7 5 5 3 2 1 1 0 0 0 0 0 0 0 0 0
"118" 118 0.0950570342205 492 5 3 0 0 0 0 0 0 0 0 0 0 0 0 0 0 0 0 0
"119" 119 0.15503875969 203 150 115 19 7 3 3 0 0 0 0 0 0 0 0 0 0 0 0 0
"120" 120 0.533632286996 105 103 60 54 40 38 30 18 17 12 11 10 2 0 0 0 0 0 0 0
"121" 121 0.0430622009569 487 13 0 0 0 0 0 0 0 0 0 0 0 0 0 0 0 0 0 0
"122" 122 0.00380228136882 500 0 0 0 0 0 0 0 0 0 0 0 0 0 0 0 0 0 0 0
"123" 123 0.206278026906 442 52 3 2 1 0 0 0 0 0 0 0 0 0 0 0 0 0 0 0
"124" 124 0.0 499 1 0 0 0 0 0 0 0 0 0 0 0 0 0 0 0 0 0 0
"125" 125 0.125475285171 305 116 76 3 0 0 0 0 0 0 0 0 0 0 0 0 0 0 0 0
"126" 126 0.295336787565 136 91 76 74 34 22 21 15 13 8 5 2 1 1 1 0 0 0 0 0
"127" 127 0.0 484 16 0 0 0 0 0 0 0 0 0 0 0 0 0 0 0 0 0 0
"128" 128 0.0 253 238 7 2 0 0 0 0 0 0 0 0 0 0 0 0 0 0 0 0
"129" 129 0.0430622009569 475 17 6 2 0 0 0 0 0 0 0 0 0 0 0 0 0 0 0 0
"130" 130 0.447257383966 233 111 88 40 9 6 5 3 2 1 1 1 0 0 0 0 0 0 0 0
"131" 131 0.138392857143 500 0 0 0 0 0 0 0 0 0 0 0 0 0 0 0 0 0 0 0
"132" 132 0.0 500 0 0 0 0 0 0 0 0 0 0 0 0 0 0 0 0 0 0 0
"133" 133 0.0 500 0 0 0 0 0 0 0 0 0 0 0 0 0 0 0 0 0 0 0
"134" 134 0.547085201794 176 81 37 36 35 29 22 22 20 12 8 5 5 5 2 2 2 1 0 0
"135" 135 0.209302325581 275 115 54 20 20 7 6 3 0 0 0 0 0 0 0 0 0 0 0 0
"136" 136 0.0 500 0 0 0 0 0 0 0 0 0 0 0 0 0 0 0 0 0 0 0
"137" 137 0.274611398964 201 92 81 48 27 23 9 7 3 3 2 1 1 1 1 0 0 0 0 0
"138" 138 0.602649006623 94 90 73 48 44 33 28 23 18 12 11 10 9 5 1 1 0 0 0 0
"139" 139 0.363636363636 359 77 56 4 2 1 1 0 0 0 0 0 0 0 0 0 0 0 0 0
"140" 140 0.167364016736 409 87 2 2 0 0 0 0 0 0 0 0 0 0 0 0 0 0 0 0
"141" 141 0.512820512821 203 201 37 26 13 10 6 4 0 0 0 0 0 0 0 0 0 0 0 0
"142" 142 0.392405063291 137 118 76 47 46 37 26 7 2 2 1 1 0 0 0 0 0 0 0 0
"143" 143 0.0248756218905 499 1 0 0 0 0 0 0 0 0 0 0 0 0 0 0 0 0 0 0
"144" 144 0.0673575129534 500 0 0 0 0 0 0 0 0 0 0 0 0 0 0 0 0 0 0 0
"145" 145 0.0 500 0 0 0 0 0 0 0 0 0 0 0 0 0 0 0 0 0 0 0
"146" 146 0.318407960199 380 63 12 9 8 8 7 3 3 2 2 1 1 1 0 0 0 0 0 0
"147" 147 0.518134715026 137 101 89 47 29 21 19 16 10 9 7 7 6 2 0 0 0 0 0 0
"148" 148 0.112820512821 488 4 2 1 1 1 1 1 1 0 0 0 0 0 0 0 0 0 0 0
"149" 149 0.0 346 147 6 1 0 0 0 0 0 0 0 0 0 0 0 0 0 0 0 0
"150" 150 0.0 486 13 1 0 0 0 0 0 0 0 0 0 0 0 0 0 0 0 0 0
"151" 151 0.0 462 38 0 0 0 0 0 0 0 0 0 0 0 0 0 0 0 0 0 0
"152" 152 0.0 387 90 16 5 2 0 0 0 0 0 0 0 0 0 0 0 0 0 0 0
"153" 153 0.0 500 0 0 0 0 0 0 0 0 0 0 0 0 0 0 0 0 0 0 0
"154" 154 0.0430622009569 342 52 49 35 15 7 0 0 0 0 0 0 0 0 0 0 0 0 0 0
"155" 155 0.0264900662252 467 20 6 6 1 0 0 0 0 0 0 0 0 0 0 0 0 0 0 0
"156" 156 0.0 500 0 0 0 0 0 0 0 0 0 0 0 0 0 0 0 0 0 0 0
"157" 157 0.0 500 0 0 0 0 0 0 0 0 0 0 0 0 0 0 0 0 0 0 0
"158" 158 0.0 500 0 0 0 0 0 0 0 0 0 0 0 0 0 0 0 0 0 0 0
"159" 159 0.00380228136882 372 85 31 6 3 1 1 1 0 0 0 0 0 0 0 0 0 0 0 0
"160" 160 0.0192307692308 500 0 0 0 0 0 0 0 0 0 0 0 0 0 0 0 0 0 0 0
"161" 161 0.0 499 1 0 0 0 0 0 0 0 0 0 0 0 0 0 0 0 0 0 0
"162" 162 0.010152284264 477 17 6 0 0 0 0 0 0 0 0 0 0 0 0 0 0 0 0 0
"163" 163 0.0189873417722 500 0 0 0 0 0 0 0 0 0 0 0 0 0 0 0 0 0 0 0
"164" 164 0.00961538461538 479 11 10 0 0 0 0 0 0 0 0 0 0 0 0 0 0 0 0 0
"165" 165 0.0152091254753 257 243 0 0 0 0 0 0 0 0 0 0 0 0 0 0 0 0 0 0
"166" 166 0.00995024875622 500 0 0 0 0 0 0 0 0 0 0 0 0 0 0 0 0 0 0 0
"167" 167 0.291139240506 349 41 34 25 20 12 4 4 4 2 2 1 1 1 0 0 0 0 0 0
"168" 168 0.125 418 43 20 5 4 3 3 2 1 1 0 0 0 0 0 0 0 0 0 0
"169" 169 0.041825095057 489 11 0 0 0 0 0 0 0 0 0 0 0 0 0 0 0 0 0 0
"170" 170 0.794701986755 154 67 57 47 43 41 25 17 13 8 7 6 5 5 4 1 0 0 0 0
"171" 171 0.567307692308 161 78 55 50 43 27 16 14 12 10 10 9 7 6 2 0 0 0 0 0
"172" 172 0.518987341772 194 189 39 21 13 11 10 9 4 3 3 2 1 1 0 0 0 0 0 0
"173" 173 0.189781021898 110 107 83 60 53 25 19 14 11 11 6 1 0 0 0 0 0 0 0 0
"174" 174 0.0380228136882 495 5 0 0 0 0 0 0 0 0 0 0 0 0 0 0 0 0 0 0
"175" 175 0.447257383966 281 145 32 17 10 6 4 3 2 0 0 0 0 0 0 0 0 0 0 0
"176" 176 0.00662251655629 460 37 3 0 0 0 0 0 0 0 0 0 0 0 0 0 0 0 0 0
"177" 177 0.0 500 0 0 0 0 0 0 0 0 0 0 0 0 0 0 0 0 0 0 0
"178" 178 0.0 500 0 0 0 0 0 0 0 0 0 0 0 0 0 0 0 0 0 0 0
"179" 179 0.0 499 1 0 0 0 0 0 0 0 0 0 0 0 0 0 0 0 0 0 0
"180" 180 0.0 500 0 0 0 0 0 0 0 0 0 0 0 0 0 0 0 0 0 0 0
"181" 181 0.0 234 231 14 10 10 1 0 0 0 0 0 0 0 0 0 0 0 0 0 0
"182" 182 0.0 500 0 0 0 0 0 0 0 0 0 0 0 0 0 0 0 0 0 0 0
"183" 183 0.0 482 5 4 3 3 2 1 0 0 0 0 0 0 0 0 0 0 0 0 0
"184" 184 0.00574712643678 469 26 2 2 1 0 0 0 0 0 0 0 0 0 0 0 0 0 0 0
"185" 185 0.0820512820513 156 141 112 33 31 18 4 2 1 1 1 0 0 0 0 0 0 0 0 0
"186" 186 0.0062893081761 495 3 2 0 0 0 0 0 0 0 0 0 0 0 0 0 0 0 0 0
"187" 187 0.0993377483444 194 152 75 26 15 12 7 7 5 4 3 0 0 0 0 0 0 0 0 0
"188" 188 0.564102564103 499 1 0 0 0 0 0 0 0 0 0 0 0 0 0 0 0 0 0 0
"189" 189 0.00574712643678 401 38 34 15 7 5 0 0 0 0 0 0 0 0 0 0 0 0 0 0
"190" 190 0.389937106918 341 94 13 13 11 9 5 5 4 3 1 1 0 0 0 0 0 0 0 0
"191" 191 0.0602836879433 495 2 1 1 1 0 0 0 0 0 0 0 0 0 0 0 0 0 0 0
"192" 192 0.0 500 0 0 0 0 0 0 0 0 0 0 0 0 0 0 0 0 0 0 0
"193" 193 0.313901345291 293 115 20 19 15 14 9 6 5 2 1 1 0 0 0 0 0 0 0 0
"194" 194 0.26582278481 496 2 1 1 0 0 0 0 0 0 0 0 0 0 0 0 0 0 0 0
"195" 195 0.0 498 1 1 0 0 0 0 0 0 0 0 0 0 0 0 0 0 0 0 0
"196" 196 0.00418410041841 469 21 3 2 1 1 1 1 1 0 0 0 0 0 0 0 0 0 0 0
"197" 197 0.544303797468 126 65 48 41 41 38 34 29 26 14 12 12 7 2 2 1 1 1 0 0
"198" 198 0.201923076923 500 0 0 0 0 0 0 0 0 0 0 0 0 0 0 0 0 0 0 0
"199" 199 0.0 255 245 0 0 0 0 0 0 0 0 0 0 0 0 0 0 0 0 0 0
"200" 200 0.0746268656716 500 0 0 0 0 0 0 0 0 0 0 0 0 0 0 0 0 0 0 0
"201" 201 0.346153846154 499 1 0 0 0 0 0 0 0 0 0 0 0 0 0 0 0 0 0 0
"202" 202 0.803571428571 370 80 31 18 1 0 0 0 0 0 0 0 0 0 0 0 0 0 0 0
"203" 203 0.152482269504 248 129 78 34 6 3 1 1 0 0 0 0 0 0 0 0 0 0 0 0
"204" 204 0.544642857143 133 100 78 38 36 26 19 14 14 8 6 6 6 6 5 4 1 0 0 0
"205" 205 0.410852713178 214 75 52 39 25 18 16 13 12 11 10 6 4 3 2 0 0 0 0 0
"206" 206 0.110266159696 317 182 1 0 0 0 0 0 0 0 0 0 0 0 0 0 0 0 0 0
"207" 207 0.0 360 124 10 2 2 1 1 0 0 0 0 0 0 0 0 0 0 0 0 0
"208" 208 0.0 499 1 0 0 0 0 0 0 0 0 0 0 0 0 0 0 0 0 0 0
"209" 209 0.0696202531646 500 0 0 0 0 0 0 0 0 0 0 0 0 0 0 0 0 0 0 0
"210" 210 0.293532338308 258 103 33 27 21 19 11 7 6 5 3 2 2 1 1 1 0 0 0 0
"211" 211 0.124378109453 456 39 3 1 1 0 0 0 0 0 0 0 0 0 0 0 0 0 0 0
"212" 212 0.00507614213198 455 40 2 2 1 0 0 0 0 0 0 0 0 0 0 0 0 0 0 0
"213" 213 0.42194092827 329 88 51 12 8 7 2 1 1 1 0 0 0 0 0 0 0 0 0 0
"214" 214 0.738461538462 183 75 42 37 35 29 24 16 15 15 10 9 3 2 2 2 1 0 0 0
"215" 215 0.182741116751 439 47 9 2 1 1 1 0 0 0 0 0 0 0 0 0 0 0 0 0
"216" 216 0.777372262774 114 71 65 60 47 42 23 17 16 14 11 7 5 4 2 2 0 0 0 0
"217" 217 0.143540669856 500 0 0 0 0 0 0 0 0 0 0 0 0 0 0 0 0 0 0 0
"218" 218 0.402298850575 148 114 63 55 27 21 17 14 11 10 7 4 2 2 2 2 1 0 0 0
"219" 219 0.576923076923 498 2 0 0 0 0 0 0 0 0 0 0 0 0 0 0 0 0 0 0
"220" 220 0.699481865285 124 109 87 39 23 23 18 16 13 12 11 5 4 4 4 4 4 0 0 0
"221" 221 0.238341968912 475 8 7 4 3 2 1 0 0 0 0 0 0 0 0 0 0 0 0 0
"222" 222 0.310218978102 162 82 73 46 35 34 31 21 7 7 1 1 0 0 0 0 0 0 0 0
"223" 223 0.010152284264 468 32 0 0 0 0 0 0 0 0 0 0 0 0 0 0 0 0 0 0
"224" 224 0.0248756218905 497 3 0 0 0 0 0 0 0 0 0 0 0 0 0 0 0 0 0 0
"225" 225 0.00507614213198 486 14 0 0 0 0 0 0 0 0 0 0 0 0 0 0 0 0 0 0
"226" 226 0.0143540669856 500 0 0 0 0 0 0 0 0 0 0 0 0 0 0 0 0 0 0 0
"227" 227 0.00574712643678 359 119 13 2 2 2 1 1 1 0 0 0 0 0 0 0 0 0 0 0
"228" 228 0.0 500 0 0 0 0 0 0 0 0 0 0 0 0 0 0 0 0 0 0 0
"229" 229 0.295336787565 395 94 8 2 1 0 0 0 0 0 0 0 0 0 0 0 0 0 0 0
"230" 230 0.41059602649 249 112 47 25 23 20 13 5 4 2 0 0 0 0 0 0 0 0 0 0
"231" 231 0.0310880829016 299 160 12 9 8 7 4 1 0 0 0 0 0 0 0 0 0 0 0 0
"232" 232 0.566037735849 439 11 11 6 6 6 5 5 4 3 2 1 1 0 0 0 0 0 0 0
"233" 233 0.255230125523 298 91 67 29 6 4 3 1 1 0 0 0 0 0 0 0 0 0 0 0
"234" 234 0.0746268656716 197 65 59 45 40 40 20 10 8 8 6 1 1 0 0 0 0 0 0 0
"235" 235 0.75 125 71 67 66 39 39 29 19 14 14 9 7 1 0 0 0 0 0 0 0
"236" 236 0.482142857143 113 76 54 41 39 35 30 27 24 13 9 9 8 7 5 5 3 2 0 0
"237" 237 0.0430622009569 245 134 117 3 1 0 0 0 0 0 0 0 0 0 0 0 0 0 0 0
"238" 238 0.0 437 55 5 2 1 0 0 0 0 0 0 0 0 0 0 0 0 0 0 0
"239" 239 0.291139240506 327 50 46 29 20 16 5 2 2 1 1 1 0 0 0 0 0 0 0 0
"240" 240 0.0062893081761 499 1 0 0 0 0 0 0 0 0 0 0 0 0 0 0 0 0 0 0
"241" 241 0.379464285714 98 91 68 53 51 46 43 19 12 6 6 3 2 1 1 0 0 0 0 0
"242" 242 0.203980099502 200 108 60 25 23 18 16 13 13 9 6 5 2 1 1 0 0 0 0 0
"243" 243 0.0149253731343 496 2 2 0 0 0 0 0 0 0 0 0 0 0 0 0 0 0 0 0
"244" 244 0.388059701493 329 42 27 25 21 16 13 11 5 3 3 2 1 1 1 0 0 0 0 0
"245" 245 0.526785714286 359 47 26 22 20 9 9 4 2 1 1 0 0 0 0 0 0 0 0 0
"246" 246 0.062015503876 460 35 5 0 0 0 0 0 0 0 0 0 0 0 0 0 0 0 0 0
"247" 247 0.0172413793103 353 121 10 6 4 4 2 0 0 0 0 0 0 0 0 0 0 0 0 0
"248" 248 0.544303797468 376 57 19 14 10 9 5 3 3 2 2 0 0 0 0 0 0 0 0 0
"249" 249 0.798449612403 283 141 30 16 8 8 5 4 2 1 1 1 0 0 0 0 0 0 0 0
"250" 250 0.191860465116 261 145 42 39 6 5 2 0 0 0 0 0 0 0 0 0 0 0 0 0
"251" 251 0.350993377483 340 52 29 21 17 12 9 4 4 4 3 3 1 1 0 0 0 0 0 0
"252" 252 0.0 500 0 0 0 0 0 0 0 0 0 0 0 0 0 0 0 0 0 0 0
"253" 253 0.340807174888 217 130 71 15 15 13 12 9 5 4 3 2 2 1 1 0 0 0 0 0
"254" 254 0.632124352332 499 1 0 0 0 0 0 0 0 0 0 0 0 0 0 0 0 0 0 0
"255" 255 0.247148288973 426 56 14 2 2 0 0 0 0 0 0 0 0 0 0 0 0 0 0 0
"256" 256 0.051724137931 454 45 1 0 0 0 0 0 0 0 0 0 0 0 0 0 0 0 0 0
"257" 257 0.236607142857 129 89 87 67 29 27 20 14 11 9 6 5 4 3 0 0 0 0 0 0
"258" 258 0.233502538071 482 18 0 0 0 0 0 0 0 0 0 0 0 0 0 0 0 0 0 0
"259" 259 0.299578059072 207 122 101 16 15 11 9 7 2 2 2 2 2 2 0 0 0 0 0 0
"260" 260 0.409282700422 158 108 70 50 31 22 16 14 10 6 5 3 3 2 2 0 0 0 0 0
"261" 261 0.166666666667 451 43 6 0 0 0 0 0 0 0 0 0 0 0 0 0 0 0 0 0
"262" 262 0.751196172249 108 81 67 59 57 56 22 21 8 7 5 4 3 2 0 0 0 0 0 0
"263" 263 0.413461538462 500 0 0 0 0 0 0 0 0 0 0 0 0 0 0 0 0 0 0 0
"264" 264 0.251046025105 248 188 22 13 12 12 4 1 0 0 0 0 0 0 0 0 0 0 0 0
"265" 265 0.424870466321 427 34 9 6 4 4 4 3 3 3 3 0 0 0 0 0 0 0 0 0
"266" 266 0.124401913876 240 57 41 39 35 33 19 16 8 7 2 2 1 0 0 0 0 0 0 0
"267" 267 0.251655629139 406 51 28 9 2 2 1 1 0 0 0 0 0 0 0 0 0 0 0 0
"268" 268 0.0760456273764 328 163 7 1 1 0 0 0 0 0 0 0 0 0 0 0 0 0 0 0
"269" 269 0.726235741445 202 68 50 49 33 22 16 14 14 10 8 6 5 2 1 0 0 0 0 0
"270" 270 0.00418410041841 499 1 0 0 0 0 0 0 0 0 0 0 0 0 0 0 0 0 0 0
"271" 271 0.0 458 41 1 0 0 0 0 0 0 0 0 0 0 0 0 0 0 0 0 0
"272" 272 0.0728476821192 288 195 7 5 4 1 0 0 0 0 0 0 0 0 0 0 0 0 0 0
"273" 273 0.395348837209 202 111 73 44 29 19 14 8 0 0 0 0 0 0 0 0 0 0 0 0
"274" 274 0.125523012552 479 17 4 0 0 0 0 0 0 0 0 0 0 0 0 0 0 0 0 0
"275" 275 0.00574712643678 497 3 0 0 0 0 0 0 0 0 0 0 0 0 0 0 0 0 0 0
"276" 276 0.333333333333 491 7 1 1 0 0 0 0 0 0 0 0 0 0 0 0 0 0 0 0
"277" 277 0.325892857143 393 27 25 21 9 7 7 5 2 2 2 0 0 0 0 0 0 0 0 0
"278" 278 0.0 500 0 0 0 0 0 0 0 0 0 0 0 0 0 0 0 0 0 0 0
"279" 279 0.0 499 1 0 0 0 0 0 0 0 0 0 0 0 0 0 0 0 0 0 0
"280" 280 0.428571428571 344 50 42 17 14 13 9 4 3 1 1 1 1 0 0 0 0 0 0 0
"281" 281 0.10460251046 481 18 1 0 0 0 0 0 0 0 0 0 0 0 0 0 0 0 0 0
"282" 282 0.0 500 0 0 0 0 0 0 0 0 0 0 0 0 0 0 0 0 0 0 0
"283" 283 0.0 499 1 0 0 0 0 0 0 0 0 0 0 0 0 0 0 0 0 0 0
"284" 284 0.503649635036 334 50 37 26 19 13 9 4 3 2 2 1 0 0 0 0 0 0 0 0
"285" 285 0.292307692308 116 78 66 42 41 40 40 32 19 7 7 6 2 2 1 1 0 0 0 0
"286" 286 0.0398009950249 500 0 0 0 0 0 0 0 0 0 0 0 0 0 0 0 0 0 0 0
"287" 287 0.596153846154 499 1 0 0 0 0 0 0 0 0 0 0 0 0 0 0 0 0 0 0
"288" 288 0.238805970149 500 0 0 0 0 0 0 0 0 0 0 0 0 0 0 0 0 0 0 0
"289" 289 0.609137055838 196 172 63 13 13 10 8 7 5 4 3 2 2 1 1 0 0 0 0 0
