"site" "RSA" "aa1" "aa2" "aa3" "aa4" "aa5" "aa6" "aa7" "aa8" "aa9" "aa10" "aa11" "aa12" "aa13" "aa14" "aa15" "aa16" "aa17" "aa18" "aa19" "aa20"
"0" 0 0.529801324503 471 22 7 0 0 0 0 0 0 0 0 0 0 0 0 0 0 0 0 0
"1" 1 0.147208121827 394 55 51 0 0 0 0 0 0 0 0 0 0 0 0 0 0 0 0 0
"2" 2 0.290697674419 493 7 0 0 0 0 0 0 0 0 0 0 0 0 0 0 0 0 0 0
"3" 3 0.464135021097 478 18 3 1 0 0 0 0 0 0 0 0 0 0 0 0 0 0 0 0
"4" 4 0.0 445 55 0 0 0 0 0 0 0 0 0 0 0 0 0 0 0 0 0 0
"5" 5 0.428571428571 287 213 0 0 0 0 0 0 0 0 0 0 0 0 0 0 0 0 0 0
"6" 6 0.0199004975124 500 0 0 0 0 0 0 0 0 0 0 0 0 0 0 0 0 0 0 0
"7" 7 0.518134715026 287 213 0 0 0 0 0 0 0 0 0 0 0 0 0 0 0 0 0 0
"8" 8 0.653846153846 500 0 0 0 0 0 0 0 0 0 0 0 0 0 0 0 0 0 0 0
"9" 9 0.213197969543 500 0 0 0 0 0 0 0 0 0 0 0 0 0 0 0 0 0 0 0
"10" 10 0.0547263681592 499 1 0 0 0 0 0 0 0 0 0 0 0 0 0 0 0 0 0 0
"11" 11 0.452830188679 444 56 0 0 0 0 0 0 0 0 0 0 0 0 0 0 0 0 0 0
"12" 12 0.378109452736 482 18 0 0 0 0 0 0 0 0 0 0 0 0 0 0 0 0 0 0
"13" 13 0.465517241379 218 154 68 31 15 8 3 1 1 1 0 0 0 0 0 0 0 0 0 0
"14" 14 0.325581395349 311 127 55 7 0 0 0 0 0 0 0 0 0 0 0 0 0 0 0 0
"15" 15 0.321167883212 405 78 17 0 0 0 0 0 0 0 0 0 0 0 0 0 0 0 0 0
"16" 16 0.432692307692 500 0 0 0 0 0 0 0 0 0 0 0 0 0 0 0 0 0 0 0
"17" 17 0.413502109705 328 136 19 8 4 2 2 1 0 0 0 0 0 0 0 0 0 0 0 0
"18" 18 0.137931034483 445 23 15 11 5 1 0 0 0 0 0 0 0 0 0 0 0 0 0 0
"19" 19 0.167883211679 454 18 8 8 6 3 2 1 0 0 0 0 0 0 0 0 0 0 0 0
"20" 20 0.0 500 0 0 0 0 0 0 0 0 0 0 0 0 0 0 0 0 0 0 0
"21" 21 0.131979695431 222 156 72 35 10 2 2 1 0 0 0 0 0 0 0 0 0 0 0 0
"22" 22 0.0342205323194 500 0 0 0 0 0 0 0 0 0 0 0 0 0 0 0 0 0 0 0
"23" 23 0.330357142857 138 104 88 75 56 36 3 0 0 0 0 0 0 0 0 0 0 0 0 0
"24" 24 0.166666666667 458 39 1 1 1 0 0 0 0 0 0 0 0 0 0 0 0 0 0 0
"25" 25 0.424870466321 303 185 11 1 0 0 0 0 0 0 0 0 0 0 0 0 0 0 0 0
"26" 26 0.736434108527 482 18 0 0 0 0 0 0 0 0 0 0 0 0 0 0 0 0 0 0
"27" 27 0.336538461538 432 62 4 2 0 0 0 0 0 0 0 0 0 0 0 0 0 0 0 0
"28" 28 0.104651162791 251 144 39 32 16 12 4 1 1 0 0 0 0 0 0 0 0 0 0 0
"29" 29 0.144278606965 214 193 44 20 13 6 4 2 2 1 1 0 0 0 0 0 0 0 0 0
"30" 30 0.0 498 2 0 0 0 0 0 0 0 0 0 0 0 0 0 0 0 0 0 0
"31" 31 0.100418410042 148 146 119 39 21 15 5 3 1 1 1 1 0 0 0 0 0 0 0 0
"32" 32 0.0 464 36 0 0 0 0 0 0 0 0 0 0 0 0 0 0 0 0 0 0
"33" 33 0.131782945736 482 8 4 2 2 1 1 0 0 0 0 0 0 0 0 0 0 0 0 0
"34" 34 0.0 500 0 0 0 0 0 0 0 0 0 0 0 0 0 0 0 0 0 0 0
"35" 35 0.0 500 0 0 0 0 0 0 0 0 0 0 0 0 0 0 0 0 0 0 0
"36" 36 0.0802919708029 497 3 0 0 0 0 0 0 0 0 0 0 0 0 0 0 0 0 0 0
"37" 37 0.0 119 107 103 45 42 32 25 13 7 3 2 1 1 0 0 0 0 0 0 0
"38" 38 0.112582781457 381 63 27 11 9 5 4 0 0 0 0 0 0 0 0 0 0 0 0 0
"39" 39 0.0387596899225 432 46 10 4 4 3 1 0 0 0 0 0 0 0 0 0 0 0 0 0
"40" 40 0.250950570342 311 102 30 29 18 6 4 0 0 0 0 0 0 0 0 0 0 0 0 0
"41" 41 0.678756476684 449 44 5 2 0 0 0 0 0 0 0 0 0 0 0 0 0 0 0 0
"42" 42 0.103448275862 487 13 0 0 0 0 0 0 0 0 0 0 0 0 0 0 0 0 0 0
"43" 43 0.284263959391 453 33 9 4 1 0 0 0 0 0 0 0 0 0 0 0 0 0 0 0
"44" 44 0.0275229357798 297 136 34 12 7 5 4 2 2 1 0 0 0 0 0 0 0 0 0 0
"45" 45 0.517857142857 500 0 0 0 0 0 0 0 0 0 0 0 0 0 0 0 0 0 0 0
"46" 46 0.164102564103 424 76 0 0 0 0 0 0 0 0 0 0 0 0 0 0 0 0 0 0
"47" 47 0.0331125827815 471 22 7 0 0 0 0 0 0 0 0 0 0 0 0 0 0 0 0 0
"48" 48 0.0 454 46 0 0 0 0 0 0 0 0 0 0 0 0 0 0 0 0 0 0
"49" 49 0.194968553459 317 132 51 0 0 0 0 0 0 0 0 0 0 0 0 0 0 0 0 0
"50" 50 0.245535714286 302 130 28 18 16 5 1 0 0 0 0 0 0 0 0 0 0 0 0 0
"51" 51 0.0 292 147 21 20 8 7 2 2 1 0 0 0 0 0 0 0 0 0 0 0
"52" 52 0.00961538461538 500 0 0 0 0 0 0 0 0 0 0 0 0 0 0 0 0 0 0 0
"53" 53 0.0913705583756 422 38 35 2 2 1 0 0 0 0 0 0 0 0 0 0 0 0 0 0
"54" 54 0.00497512437811 418 78 4 0 0 0 0 0 0 0 0 0 0 0 0 0 0 0 0 0
"55" 55 0.044776119403 294 72 29 27 18 16 12 12 7 7 2 1 1 1 1 0 0 0 0 0
"56" 56 0.0523255813953 483 16 1 0 0 0 0 0 0 0 0 0 0 0 0 0 0 0 0 0
"57" 57 0.282700421941 278 57 57 55 34 14 4 1 0 0 0 0 0 0 0 0 0 0 0 0
"58" 58 0.00995024875622 500 0 0 0 0 0 0 0 0 0 0 0 0 0 0 0 0 0 0 0
"59" 59 0.0264900662252 484 16 0 0 0 0 0 0 0 0 0 0 0 0 0 0 0 0 0 0
"60" 60 0.348214285714 176 145 52 50 50 25 1 1 0 0 0 0 0 0 0 0 0 0 0 0
"61" 61 0.171548117155 500 0 0 0 0 0 0 0 0 0 0 0 0 0 0 0 0 0 0 0
"62" 62 0.0 496 3 1 0 0 0 0 0 0 0 0 0 0 0 0 0 0 0 0 0
"63" 63 0.0125523012552 236 214 21 14 11 2 1 1 0 0 0 0 0 0 0 0 0 0 0 0
"64" 64 0.683544303797 404 63 30 3 0 0 0 0 0 0 0 0 0 0 0 0 0 0 0 0
"65" 65 0.242677824268 497 3 0 0 0 0 0 0 0 0 0 0 0 0 0 0 0 0 0 0
"66" 66 0.0 224 156 91 29 0 0 0 0 0 0 0 0 0 0 0 0 0 0 0 0
"67" 67 0.397350993377 500 0 0 0 0 0 0 0 0 0 0 0 0 0 0 0 0 0 0 0
"68" 68 0.820512820513 500 0 0 0 0 0 0 0 0 0 0 0 0 0 0 0 0 0 0 0
"69" 69 0.222797927461 456 32 12 0 0 0 0 0 0 0 0 0 0 0 0 0 0 0 0 0
"70" 70 0.0747126436782 500 0 0 0 0 0 0 0 0 0 0 0 0 0 0 0 0 0 0 0
"71" 71 0.317518248175 378 80 27 10 2 2 1 0 0 0 0 0 0 0 0 0 0 0 0 0
"72" 72 0.179487179487 465 35 0 0 0 0 0 0 0 0 0 0 0 0 0 0 0 0 0 0
"73" 73 0.0287081339713 393 89 16 1 1 0 0 0 0 0 0 0 0 0 0 0 0 0 0 0
"74" 74 0.174129353234 212 157 77 22 16 7 6 2 1 0 0 0 0 0 0 0 0 0 0 0
"75" 75 0.14367816092 421 43 15 7 6 4 3 1 0 0 0 0 0 0 0 0 0 0 0 0
"76" 76 0.735751295337 500 0 0 0 0 0 0 0 0 0 0 0 0 0 0 0 0 0 0 0
"77" 77 0.335025380711 499 1 0 0 0 0 0 0 0 0 0 0 0 0 0 0 0 0 0 0
"78" 78 0.209302325581 397 101 2 0 0 0 0 0 0 0 0 0 0 0 0 0 0 0 0 0
"79" 79 0.811320754717 500 0 0 0 0 0 0 0 0 0 0 0 0 0 0 0 0 0 0 0
"80" 80 0.875 500 0 0 0 0 0 0 0 0 0 0 0 0 0 0 0 0 0 0 0
"81" 81 0.455696202532 397 103 0 0 0 0 0 0 0 0 0 0 0 0 0 0 0 0 0 0
"82" 82 0.412790697674 335 163 2 0 0 0 0 0 0 0 0 0 0 0 0 0 0 0 0 0
"83" 83 0.126903553299 324 153 14 6 1 1 1 0 0 0 0 0 0 0 0 0 0 0 0 0
"84" 84 0.0585774058577 491 4 3 2 0 0 0 0 0 0 0 0 0 0 0 0 0 0 0 0
"85" 85 0.533678756477 338 162 0 0 0 0 0 0 0 0 0 0 0 0 0 0 0 0 0 0
"86" 86 0.307984790875 498 2 0 0 0 0 0 0 0 0 0 0 0 0 0 0 0 0 0 0
"87" 87 0.0746268656716 497 3 0 0 0 0 0 0 0 0 0 0 0 0 0 0 0 0 0 0
"88" 88 0.314465408805 499 1 0 0 0 0 0 0 0 0 0 0 0 0 0 0 0 0 0 0
"89" 89 0.666666666667 445 46 9 0 0 0 0 0 0 0 0 0 0 0 0 0 0 0 0 0
"90" 90 0.409282700422 497 3 0 0 0 0 0 0 0 0 0 0 0 0 0 0 0 0 0 0
"91" 91 0.0 489 9 2 0 0 0 0 0 0 0 0 0 0 0 0 0 0 0 0 0
"92" 92 0.324503311258 332 121 46 1 0 0 0 0 0 0 0 0 0 0 0 0 0 0 0 0
"93" 93 0.370535714286 493 7 0 0 0 0 0 0 0 0 0 0 0 0 0 0 0 0 0 0
"94" 94 0.641509433962 395 71 29 4 1 0 0 0 0 0 0 0 0 0 0 0 0 0 0 0
"95" 95 0.57805907173 500 0 0 0 0 0 0 0 0 0 0 0 0 0 0 0 0 0 0 0
"96" 96 0.0570342205323 287 213 0 0 0 0 0 0 0 0 0 0 0 0 0 0 0 0 0 0
"97" 97 0.291139240506 473 20 6 1 0 0 0 0 0 0 0 0 0 0 0 0 0 0 0 0
"98" 98 0.540697674419 493 7 0 0 0 0 0 0 0 0 0 0 0 0 0 0 0 0 0 0
"99" 99 0.0986547085202 500 0 0 0 0 0 0 0 0 0 0 0 0 0 0 0 0 0 0 0
"100" 100 0.00497512437811 455 45 0 0 0 0 0 0 0 0 0 0 0 0 0 0 0 0 0 0
"101" 101 0.392857142857 310 152 30 6 1 1 0 0 0 0 0 0 0 0 0 0 0 0 0 0
"102" 102 0.455958549223 279 216 5 0 0 0 0 0 0 0 0 0 0 0 0 0 0 0 0 0
"103" 103 0.0255474452555 500 0 0 0 0 0 0 0 0 0 0 0 0 0 0 0 0 0 0 0
"104" 104 0.0860927152318 497 3 0 0 0 0 0 0 0 0 0 0 0 0 0 0 0 0 0 0
"105" 105 0.119402985075 206 192 88 12 1 1 0 0 0 0 0 0 0 0 0 0 0 0 0 0
"106" 106 0.044776119403 435 59 5 1 0 0 0 0 0 0 0 0 0 0 0 0 0 0 0 0
"107" 107 0.00574712643678 155 146 54 42 40 25 16 13 5 4 0 0 0 0 0 0 0 0 0 0
"108" 108 0.368421052632 249 96 85 19 14 14 13 3 3 2 1 1 0 0 0 0 0 0 0 0
"109" 109 0.299578059072 222 193 65 15 3 1 1 0 0 0 0 0 0 0 0 0 0 0 0 0
"110" 110 0.248803827751 284 184 16 11 3 1 1 0 0 0 0 0 0 0 0 0 0 0 0 0
"111" 111 0.438818565401 322 63 60 42 10 3 0 0 0 0 0 0 0 0 0 0 0 0 0 0
"112" 112 0.572139303483 484 9 4 1 1 1 0 0 0 0 0 0 0 0 0 0 0 0 0 0
"113" 113 0.010152284264 261 229 9 1 0 0 0 0 0 0 0 0 0 0 0 0 0 0 0 0
"114" 114 0.490566037736 231 223 38 4 2 1 1 0 0 0 0 0 0 0 0 0 0 0 0 0
"115" 115 0.00497512437811 331 71 56 37 5 0 0 0 0 0 0 0 0 0 0 0 0 0 0 0
"116" 116 0.169642857143 180 62 61 55 48 27 24 13 11 9 4 3 3 0 0 0 0 0 0 0
"117" 117 0.0 221 198 42 38 1 0 0 0 0 0 0 0 0 0 0 0 0 0 0 0
"118" 118 0.10152284264 385 41 20 16 15 13 8 1 1 0 0 0 0 0 0 0 0 0 0 0
"119" 119 0.0 500 0 0 0 0 0 0 0 0 0 0 0 0 0 0 0 0 0 0 0
"120" 120 0.0255474452555 147 102 97 86 32 30 6 0 0 0 0 0 0 0 0 0 0 0 0 0
"121" 121 0.0 421 37 29 10 2 1 0 0 0 0 0 0 0 0 0 0 0 0 0 0
"122" 122 0.00380228136882 341 90 37 20 6 6 0 0 0 0 0 0 0 0 0 0 0 0 0 0
"123" 123 0.0 394 54 41 6 5 0 0 0 0 0 0 0 0 0 0 0 0 0 0 0
"124" 124 0.0755813953488 494 3 2 1 0 0 0 0 0 0 0 0 0 0 0 0 0 0 0 0
"125" 125 0.201923076923 500 0 0 0 0 0 0 0 0 0 0 0 0 0 0 0 0 0 0 0
"126" 126 0.331125827815 310 92 38 37 11 10 1 1 0 0 0 0 0 0 0 0 0 0 0 0
"127" 127 0.0 374 112 8 6 0 0 0 0 0 0 0 0 0 0 0 0 0 0 0 0
"128" 128 0.13475177305 258 203 14 11 9 2 1 1 1 0 0 0 0 0 0 0 0 0 0 0
"129" 129 0.485232067511 308 98 94 0 0 0 0 0 0 0 0 0 0 0 0 0 0 0 0 0
"130" 130 0.183035714286 500 0 0 0 0 0 0 0 0 0 0 0 0 0 0 0 0 0 0 0
"131" 131 0.0836501901141 499 1 0 0 0 0 0 0 0 0 0 0 0 0 0 0 0 0 0 0
"132" 132 0.471264367816 234 201 57 8 0 0 0 0 0 0 0 0 0 0 0 0 0 0 0 0
"133" 133 0.729957805907 454 38 8 0 0 0 0 0 0 0 0 0 0 0 0 0 0 0 0 0
"134" 134 0.552325581395 435 57 8 0 0 0 0 0 0 0 0 0 0 0 0 0 0 0 0 0
"135" 135 0.269230769231 500 0 0 0 0 0 0 0 0 0 0 0 0 0 0 0 0 0 0 0
"136" 136 0.168604651163 500 0 0 0 0 0 0 0 0 0 0 0 0 0 0 0 0 0 0 0
"137" 137 0.0 342 59 33 33 25 6 2 0 0 0 0 0 0 0 0 0 0 0 0 0
"138" 138 0.0382775119617 282 189 25 4 0 0 0 0 0 0 0 0 0 0 0 0 0 0 0 0
"139" 139 0.519230769231 500 0 0 0 0 0 0 0 0 0 0 0 0 0 0 0 0 0 0 0
"140" 140 0.268656716418 165 147 81 31 28 26 10 8 3 1 0 0 0 0 0 0 0 0 0 0
"141" 141 0.835443037975 500 0 0 0 0 0 0 0 0 0 0 0 0 0 0 0 0 0 0 0
"142" 142 0.161434977578 262 163 56 6 5 4 4 0 0 0 0 0 0 0 0 0 0 0 0 0
"143" 143 0.396226415094 498 2 0 0 0 0 0 0 0 0 0 0 0 0 0 0 0 0 0 0
"144" 144 0.883408071749 500 0 0 0 0 0 0 0 0 0 0 0 0 0 0 0 0 0 0 0
"145" 145 0.423076923077 500 0 0 0 0 0 0 0 0 0 0 0 0 0 0 0 0 0 0 0
"146" 146 0.0597014925373 310 187 3 0 0 0 0 0 0 0 0 0 0 0 0 0 0 0 0 0
"147" 147 0.506329113924 498 1 1 0 0 0 0 0 0 0 0 0 0 0 0 0 0 0 0 0
"148" 148 0.223214285714 225 166 69 20 8 5 5 2 0 0 0 0 0 0 0 0 0 0 0 0
"149" 149 0.0 500 0 0 0 0 0 0 0 0 0 0 0 0 0 0 0 0 0 0 0
"150" 150 0.286995515695 498 2 0 0 0 0 0 0 0 0 0 0 0 0 0 0 0 0 0 0
"151" 151 0.325892857143 247 168 82 2 1 0 0 0 0 0 0 0 0 0 0 0 0 0 0 0
"152" 152 0.0209205020921 233 162 80 11 7 4 3 0 0 0 0 0 0 0 0 0 0 0 0 0
"153" 153 0.610062893082 498 2 0 0 0 0 0 0 0 0 0 0 0 0 0 0 0 0 0 0
"154" 154 0.625 500 0 0 0 0 0 0 0 0 0 0 0 0 0 0 0 0 0 0 0
"155" 155 0.0880503144654 499 1 0 0 0 0 0 0 0 0 0 0 0 0 0 0 0 0 0 0
"156" 156 0.187817258883 206 142 90 23 16 8 5 3 3 2 1 1 0 0 0 0 0 0 0 0
"157" 157 0.0627615062762 274 221 3 2 0 0 0 0 0 0 0 0 0 0 0 0 0 0 0 0
"158" 158 0.0 227 102 65 53 34 6 5 5 2 1 0 0 0 0 0 0 0 0 0 0
"159" 159 0.0 500 0 0 0 0 0 0 0 0 0 0 0 0 0 0 0 0 0 0 0
"160" 160 0.00662251655629 241 93 74 46 37 5 2 2 0 0 0 0 0 0 0 0 0 0 0 0
"161" 161 0.18023255814 264 164 40 31 1 0 0 0 0 0 0 0 0 0 0 0 0 0 0 0
"162" 162 0.400843881857 307 103 57 17 10 3 2 1 0 0 0 0 0 0 0 0 0 0 0 0
"163" 163 0.647668393782 283 80 64 37 18 14 1 1 1 1 0 0 0 0 0 0 0 0 0 0
"164" 164 0.629464285714 492 5 3 0 0 0 0 0 0 0 0 0 0 0 0 0 0 0 0 0
"165" 165 0.328205128205 153 85 51 44 40 25 23 23 21 16 12 6 1 0 0 0 0 0 0 0
"166" 166 0.10152284264 500 0 0 0 0 0 0 0 0 0 0 0 0 0 0 0 0 0 0 0
"167" 167 0.245033112583 402 98 0 0 0 0 0 0 0 0 0 0 0 0 0 0 0 0 0 0
"168" 168 0.232704402516 371 50 41 26 6 2 1 1 1 1 0 0 0 0 0 0 0 0 0 0
"169" 169 0.519379844961 435 59 6 0 0 0 0 0 0 0 0 0 0 0 0 0 0 0 0 0
"170" 170 0.363228699552 489 6 5 0 0 0 0 0 0 0 0 0 0 0 0 0 0 0 0 0
"171" 171 0.0 435 61 2 2 0 0 0 0 0 0 0 0 0 0 0 0 0 0 0 0
"172" 172 0.131782945736 271 194 32 2 1 0 0 0 0 0 0 0 0 0 0 0 0 0 0 0
"173" 173 0.589285714286 493 6 1 0 0 0 0 0 0 0 0 0 0 0 0 0 0 0 0 0
"174" 174 0.402985074627 428 43 28 1 0 0 0 0 0 0 0 0 0 0 0 0 0 0 0 0
"175" 175 0.132183908046 178 105 87 76 51 3 0 0 0 0 0 0 0 0 0 0 0 0 0 0
"176" 176 0.298076923077 500 0 0 0 0 0 0 0 0 0 0 0 0 0 0 0 0 0 0 0
"177" 177 0.651785714286 494 3 3 0 0 0 0 0 0 0 0 0 0 0 0 0 0 0 0 0
"178" 178 0.580310880829 288 211 1 0 0 0 0 0 0 0 0 0 0 0 0 0 0 0 0 0
"179" 179 0.149253731343 234 212 40 6 4 2 1 1 0 0 0 0 0 0 0 0 0 0 0 0
"180" 180 0.0264900662252 435 63 1 1 0 0 0 0 0 0 0 0 0 0 0 0 0 0 0 0
"181" 181 0.631386861314 240 101 91 63 4 1 0 0 0 0 0 0 0 0 0 0 0 0 0 0
"182" 182 0.273722627737 235 161 73 23 6 2 0 0 0 0 0 0 0 0 0 0 0 0 0 0
"183" 183 0.0 412 72 8 4 2 2 0 0 0 0 0 0 0 0 0 0 0 0 0 0
"184" 184 0.131782945736 487 10 2 1 0 0 0 0 0 0 0 0 0 0 0 0 0 0 0 0
"185" 185 0.522321428571 219 137 137 6 1 0 0 0 0 0 0 0 0 0 0 0 0 0 0 0
"186" 186 0.149253731343 500 0 0 0 0 0 0 0 0 0 0 0 0 0 0 0 0 0 0 0
"187" 187 0.0 500 0 0 0 0 0 0 0 0 0 0 0 0 0 0 0 0 0 0 0
"188" 188 0.206896551724 394 105 1 0 0 0 0 0 0 0 0 0 0 0 0 0 0 0 0 0
"189" 189 0.485232067511 474 26 0 0 0 0 0 0 0 0 0 0 0 0 0 0 0 0 0 0
"190" 190 0.00497512437811 500 0 0 0 0 0 0 0 0 0 0 0 0 0 0 0 0 0 0 0
"191" 191 0.0 421 65 12 1 1 0 0 0 0 0 0 0 0 0 0 0 0 0 0 0
"192" 192 0.192052980132 373 96 26 3 2 0 0 0 0 0 0 0 0 0 0 0 0 0 0 0
"193" 193 0.341772151899 456 20 17 7 0 0 0 0 0 0 0 0 0 0 0 0 0 0 0 0
"194" 194 0.0 310 157 19 10 4 0 0 0 0 0 0 0 0 0 0 0 0 0 0 0
"195" 195 0.0675105485232 397 55 27 8 4 3 3 2 1 0 0 0 0 0 0 0 0 0 0 0
"196" 196 0.481865284974 315 113 42 18 10 1 1 0 0 0 0 0 0 0 0 0 0 0 0 0
"197" 197 0.167300380228 497 3 0 0 0 0 0 0 0 0 0 0 0 0 0 0 0 0 0 0
"198" 198 0.0 497 3 0 0 0 0 0 0 0 0 0 0 0 0 0 0 0 0 0 0
"199" 199 0.430379746835 314 158 28 0 0 0 0 0 0 0 0 0 0 0 0 0 0 0 0 0
"200" 200 0.544642857143 420 65 8 7 0 0 0 0 0 0 0 0 0 0 0 0 0 0 0 0
"201" 201 0.299578059072 500 0 0 0 0 0 0 0 0 0 0 0 0 0 0 0 0 0 0 0
"202" 202 0.307692307692 500 0 0 0 0 0 0 0 0 0 0 0 0 0 0 0 0 0 0 0
"203" 203 0.00507614213198 500 0 0 0 0 0 0 0 0 0 0 0 0 0 0 0 0 0 0 0
"204" 204 0.0152284263959 475 15 4 3 2 1 0 0 0 0 0 0 0 0 0 0 0 0 0 0
"205" 205 0.0 496 3 1 0 0 0 0 0 0 0 0 0 0 0 0 0 0 0 0 0
"206" 206 0.0 301 168 15 7 3 2 2 1 1 0 0 0 0 0 0 0 0 0 0 0
"207" 207 0.0569948186528 462 20 10 4 4 0 0 0 0 0 0 0 0 0 0 0 0 0 0 0
"208" 208 0.0116279069767 327 138 30 4 1 0 0 0 0 0 0 0 0 0 0 0 0 0 0 0
"209" 209 0.316455696203 391 25 24 22 12 10 9 4 2 1 0 0 0 0 0 0 0 0 0 0
"210" 210 0.00418410041841 353 146 1 0 0 0 0 0 0 0 0 0 0 0 0 0 0 0 0 0
"211" 211 0.209821428571 234 191 49 10 5 3 3 2 2 1 0 0 0 0 0 0 0 0 0 0
"212" 212 0.00418410041841 500 0 0 0 0 0 0 0 0 0 0 0 0 0 0 0 0 0 0 0
"213" 213 0.0288461538462 500 0 0 0 0 0 0 0 0 0 0 0 0 0 0 0 0 0 0 0
"214" 214 0.0761421319797 279 179 38 4 0 0 0 0 0 0 0 0 0 0 0 0 0 0 0 0
"215" 215 0.0725388601036 481 17 1 1 0 0 0 0 0 0 0 0 0 0 0 0 0 0 0 0
"216" 216 0.549107142857 262 105 49 42 29 10 3 0 0 0 0 0 0 0 0 0 0 0 0 0
"217" 217 0.751054852321 354 145 1 0 0 0 0 0 0 0 0 0 0 0 0 0 0 0 0 0
"218" 218 0.412790697674 496 2 1 1 0 0 0 0 0 0 0 0 0 0 0 0 0 0 0 0
"219" 219 0.482051282051 339 161 0 0 0 0 0 0 0 0 0 0 0 0 0 0 0 0 0 0
"220" 220 0.330357142857 382 115 2 1 0 0 0 0 0 0 0 0 0 0 0 0 0 0 0 0
"221" 221 0.0659898477157 491 6 2 1 0 0 0 0 0 0 0 0 0 0 0 0 0 0 0 0
"222" 222 0.0 499 1 0 0 0 0 0 0 0 0 0 0 0 0 0 0 0 0 0 0
"223" 223 0.0 485 15 0 0 0 0 0 0 0 0 0 0 0 0 0 0 0 0 0 0
"224" 224 0.0804597701149 302 198 0 0 0 0 0 0 0 0 0 0 0 0 0 0 0 0 0 0
"225" 225 0.165803108808 500 0 0 0 0 0 0 0 0 0 0 0 0 0 0 0 0 0 0 0
"226" 226 0.205357142857 482 6 4 2 2 2 1 1 0 0 0 0 0 0 0 0 0 0 0 0
"227" 227 0.0 484 15 1 0 0 0 0 0 0 0 0 0 0 0 0 0 0 0 0 0
"228" 228 0.0 332 144 15 5 4 0 0 0 0 0 0 0 0 0 0 0 0 0 0 0
"229" 229 0.0 500 0 0 0 0 0 0 0 0 0 0 0 0 0 0 0 0 0 0 0
"230" 230 0.0314465408805 230 151 96 16 3 2 2 0 0 0 0 0 0 0 0 0 0 0 0 0
"231" 231 0.217616580311 159 112 68 57 38 31 10 9 6 6 3 1 0 0 0 0 0 0 0 0
"232" 232 0.0927152317881 497 3 0 0 0 0 0 0 0 0 0 0 0 0 0 0 0 0 0 0
"233" 233 0.0728476821192 434 66 0 0 0 0 0 0 0 0 0 0 0 0 0 0 0 0 0 0
"234" 234 0.35401459854 243 66 52 51 45 16 13 10 2 1 1 0 0 0 0 0 0 0 0 0
"235" 235 0.00836820083682 477 17 3 3 0 0 0 0 0 0 0 0 0 0 0 0 0 0 0 0
"236" 236 0.0248226950355 177 164 66 51 26 16 0 0 0 0 0 0 0 0 0 0 0 0 0 0
"237" 237 0.369230769231 435 39 20 4 2 0 0 0 0 0 0 0 0 0 0 0 0 0 0 0
"238" 238 0.240384615385 475 18 5 2 0 0 0 0 0 0 0 0 0 0 0 0 0 0 0 0
"239" 239 0.767441860465 499 1 0 0 0 0 0 0 0 0 0 0 0 0 0 0 0 0 0 0
"240" 240 0.503311258278 435 33 16 15 1 0 0 0 0 0 0 0 0 0 0 0 0 0 0 0
"241" 241 0.25855513308 337 149 12 1 1 0 0 0 0 0 0 0 0 0 0 0 0 0 0 0
"242" 242 0.523206751055 370 85 45 0 0 0 0 0 0 0 0 0 0 0 0 0 0 0 0 0
"243" 243 0.327586206897 350 131 16 3 0 0 0 0 0 0 0 0 0 0 0 0 0 0 0 0
"244" 244 0.480769230769 500 0 0 0 0 0 0 0 0 0 0 0 0 0 0 0 0 0 0 0
"245" 245 0.339285714286 259 196 45 0 0 0 0 0 0 0 0 0 0 0 0 0 0 0 0 0
"246" 246 0.496688741722 458 35 5 2 0 0 0 0 0 0 0 0 0 0 0 0 0 0 0 0
"247" 247 0.0941704035874 477 11 10 2 0 0 0 0 0 0 0 0 0 0 0 0 0 0 0 0
"248" 248 0.564766839378 465 17 10 7 1 0 0 0 0 0 0 0 0 0 0 0 0 0 0 0
"249" 249 0.185430463576 361 86 34 12 4 2 1 0 0 0 0 0 0 0 0 0 0 0 0 0
"250" 250 0.12927756654 443 54 2 1 0 0 0 0 0 0 0 0 0 0 0 0 0 0 0 0
"251" 251 0.0155440414508 319 150 16 7 4 3 1 0 0 0 0 0 0 0 0 0 0 0 0 0
"252" 252 0.10970464135 300 104 66 11 9 4 2 2 1 1 0 0 0 0 0 0 0 0 0 0
"253" 253 0.14798206278 422 70 8 0 0 0 0 0 0 0 0 0 0 0 0 0 0 0 0 0
"254" 254 0.301255230126 284 84 51 38 30 5 4 2 1 1 0 0 0 0 0 0 0 0 0 0
"255" 255 0.0 405 53 22 6 6 4 2 2 0 0 0 0 0 0 0 0 0 0 0 0
"256" 256 0.346715328467 274 122 50 28 11 5 4 3 2 1 0 0 0 0 0 0 0 0 0 0
"257" 257 0.435233160622 218 166 109 4 3 0 0 0 0 0 0 0 0 0 0 0 0 0 0 0
"258" 258 0.216312056738 449 22 14 8 5 1 1 0 0 0 0 0 0 0 0 0 0 0 0 0
"259" 259 0.00497512437811 486 14 0 0 0 0 0 0 0 0 0 0 0 0 0 0 0 0 0 0
"260" 260 0.325581395349 334 127 29 10 0 0 0 0 0 0 0 0 0 0 0 0 0 0 0 0
"261" 261 0.596899224806 414 72 14 0 0 0 0 0 0 0 0 0 0 0 0 0 0 0 0 0
"262" 262 0.415384615385 459 41 0 0 0 0 0 0 0 0 0 0 0 0 0 0 0 0 0 0
"263" 263 0.713080168776 500 0 0 0 0 0 0 0 0 0 0 0 0 0 0 0 0 0 0 0
"264" 264 0.233830845771 472 27 1 0 0 0 0 0 0 0 0 0 0 0 0 0 0 0 0 0
"265" 265 0.338461538462 430 35 13 13 6 3 0 0 0 0 0 0 0 0 0 0 0 0 0 0
"266" 266 0.355769230769 500 0 0 0 0 0 0 0 0 0 0 0 0 0 0 0 0 0 0 0
"267" 267 0.35632183908 357 142 1 0 0 0 0 0 0 0 0 0 0 0 0 0 0 0 0 0
"268" 268 0.574358974359 497 3 0 0 0 0 0 0 0 0 0 0 0 0 0 0 0 0 0 0
"269" 269 0.432692307692 500 0 0 0 0 0 0 0 0 0 0 0 0 0 0 0 0 0 0 0
"270" 270 0.0632183908046 357 143 0 0 0 0 0 0 0 0 0 0 0 0 0 0 0 0 0 0
"271" 271 0.637130801688 500 0 0 0 0 0 0 0 0 0 0 0 0 0 0 0 0 0 0 0
"272" 272 0.0137614678899 456 34 3 3 2 1 1 0 0 0 0 0 0 0 0 0 0 0 0 0
"273" 273 0.314465408805 449 41 10 0 0 0 0 0 0 0 0 0 0 0 0 0 0 0 0 0
"274" 274 0.533632286996 336 91 62 11 0 0 0 0 0 0 0 0 0 0 0 0 0 0 0 0
"275" 275 0.642487046632 489 10 1 0 0 0 0 0 0 0 0 0 0 0 0 0 0 0 0 0
"276" 276 0.0659898477157 416 34 22 10 10 4 3 1 0 0 0 0 0 0 0 0 0 0 0 0
"277" 277 0.0229885057471 351 73 44 32 0 0 0 0 0 0 0 0 0 0 0 0 0 0 0 0
"278" 278 0.424870466321 381 83 32 3 1 0 0 0 0 0 0 0 0 0 0 0 0 0 0 0
"279" 279 0.467153284672 281 92 69 31 18 5 2 1 1 0 0 0 0 0 0 0 0 0 0 0
"280" 280 0.0 417 61 11 4 3 2 2 0 0 0 0 0 0 0 0 0 0 0 0 0
"281" 281 0.244525547445 350 46 38 35 29 2 0 0 0 0 0 0 0 0 0 0 0 0 0 0
"282" 282 0.387596899225 299 138 60 2 1 0 0 0 0 0 0 0 0 0 0 0 0 0 0 0
"283" 283 0.274261603376 429 35 22 8 4 2 0 0 0 0 0 0 0 0 0 0 0 0 0 0
"284" 284 0.00760456273764 271 85 49 22 15 11 10 9 9 7 5 4 2 1 0 0 0 0 0 0
"285" 285 0.137055837563 331 117 46 5 1 0 0 0 0 0 0 0 0 0 0 0 0 0 0 0
"286" 286 0.450892857143 415 54 22 7 2 0 0 0 0 0 0 0 0 0 0 0 0 0 0 0
"287" 287 0.0077519379845 493 6 1 0 0 0 0 0 0 0 0 0 0 0 0 0 0 0 0 0
"288" 288 0.0836501901141 453 47 0 0 0 0 0 0 0 0 0 0 0 0 0 0 0 0 0 0
"289" 289 0.191964285714 499 1 0 0 0 0 0 0 0 0 0 0 0 0 0 0 0 0 0 0
"290" 290 0.186046511628 493 7 0 0 0 0 0 0 0 0 0 0 0 0 0 0 0 0 0 0
"291" 291 0.0 497 3 0 0 0 0 0 0 0 0 0 0 0 0 0 0 0 0 0 0
"292" 292 0.104651162791 500 0 0 0 0 0 0 0 0 0 0 0 0 0 0 0 0 0 0 0
"293" 293 0.576923076923 500 0 0 0 0 0 0 0 0 0 0 0 0 0 0 0 0 0 0 0
"294" 294 0.384105960265 219 136 64 42 39 0 0 0 0 0 0 0 0 0 0 0 0 0 0 0
"295" 295 0.544303797468 289 183 14 12 2 0 0 0 0 0 0 0 0 0 0 0 0 0 0 0
"296" 296 0.145390070922 364 82 28 21 5 0 0 0 0 0 0 0 0 0 0 0 0 0 0 0
"297" 297 0.721854304636 500 0 0 0 0 0 0 0 0 0 0 0 0 0 0 0 0 0 0 0
"298" 298 0.708133971292 453 27 14 6 0 0 0 0 0 0 0 0 0 0 0 0 0 0 0 0
