"site" "RSA" "aa1" "aa2" "aa3" "aa4" "aa5" "aa6" "aa7" "aa8" "aa9" "aa10" "aa11" "aa12" "aa13" "aa14" "aa15" "aa16" "aa17" "aa18" "aa19" "aa20"
"0" 0 0.790697674419 6 2 0 0 0 0 0 0 0 0 0 0 0 0 0 0 0 0 0 0
"1" 1 0.34375 5 1 1 1 1 1 1 0 0 0 0 0 0 0 0 0 0 0 0 0
"2" 2 0.601990049751 21 4 3 3 2 1 1 1 1 0 0 0 0 0 0 0 0 0 0 0
"3" 3 0.267857142857 74 2 0 0 0 0 0 0 0 0 0 0 0 0 0 0 0 0 0 0
"4" 4 0.20802919708 56 12 5 1 1 1 0 0 0 0 0 0 0 0 0 0 0 0 0 0
"5" 5 0.0 69 7 0 0 0 0 0 0 0 0 0 0 0 0 0 0 0 0 0 0
"6" 6 0.0 61 12 3 0 0 0 0 0 0 0 0 0 0 0 0 0 0 0 0 0
"7" 7 0.0 48 17 10 1 0 0 0 0 0 0 0 0 0 0 0 0 0 0 0 0
"8" 8 0.031007751938 44 29 1 1 1 0 0 0 0 0 0 0 0 0 0 0 0 0 0 0
"9" 9 0.0 43 34 2 0 0 0 0 0 0 0 0 0 0 0 0 0 0 0 0 0
"10" 10 0.101265822785 79 0 0 0 0 0 0 0 0 0 0 0 0 0 0 0 0 0 0 0
"11" 11 0.0251572327044 79 0 0 0 0 0 0 0 0 0 0 0 0 0 0 0 0 0 0 0
"12" 12 0.0777202072539 79 0 0 0 0 0 0 0 0 0 0 0 0 0 0 0 0 0 0 0
"13" 13 0.0 75 4 0 0 0 0 0 0 0 0 0 0 0 0 0 0 0 0 0 0
"14" 14 0.14367816092 80 0 0 0 0 0 0 0 0 0 0 0 0 0 0 0 0 0 0 0
"15" 15 0.614349775785 68 3 2 1 1 1 1 1 1 1 0 0 0 0 0 0 0 0 0 0
"16" 16 0.470802919708 80 0 0 0 0 0 0 0 0 0 0 0 0 0 0 0 0 0 0 0
"17" 17 0.538461538462 61 6 5 4 2 2 0 0 0 0 0 0 0 0 0 0 0 0 0 0
"18" 18 0.0995024875622 72 3 2 1 1 1 0 0 0 0 0 0 0 0 0 0 0 0 0 0
"19" 19 0.294416243655 51 26 2 1 0 0 0 0 0 0 0 0 0 0 0 0 0 0 0 0
"20" 20 0.629139072848 75 2 2 1 0 0 0 0 0 0 0 0 0 0 0 0 0 0 0 0
"21" 21 0.303571428571 46 10 8 4 4 2 2 1 1 1 1 0 0 0 0 0 0 0 0 0
"22" 22 0.0 67 13 0 0 0 0 0 0 0 0 0 0 0 0 0 0 0 0 0 0
"23" 23 0.157360406091 58 12 7 2 1 0 0 0 0 0 0 0 0 0 0 0 0 0 0 0
"24" 24 0.238410596026 26 13 10 8 8 6 3 2 2 1 1 0 0 0 0 0 0 0 0 0
"25" 25 0.0656934306569 78 2 0 0 0 0 0 0 0 0 0 0 0 0 0 0 0 0 0 0
"26" 26 0.0 71 5 3 1 0 0 0 0 0 0 0 0 0 0 0 0 0 0 0 0
"27" 27 0.607142857143 79 1 0 0 0 0 0 0 0 0 0 0 0 0 0 0 0 0 0 0
"28" 28 0.667883211679 18 15 13 8 6 5 4 4 3 2 1 1 0 0 0 0 0 0 0 0
"29" 29 0.409282700422 50 29 1 0 0 0 0 0 0 0 0 0 0 0 0 0 0 0 0 0
"30" 30 0.182692307692 80 0 0 0 0 0 0 0 0 0 0 0 0 0 0 0 0 0 0 0
"31" 31 0.0669456066946 49 24 6 1 0 0 0 0 0 0 0 0 0 0 0 0 0 0 0 0
"32" 32 0.0928270042194 52 12 8 4 1 1 1 1 0 0 0 0 0 0 0 0 0 0 0 0
"33" 33 0.293532338308 70 5 4 1 0 0 0 0 0 0 0 0 0 0 0 0 0 0 0 0
"34" 34 0.0114942528736 56 8 4 4 4 2 1 1 0 0 0 0 0 0 0 0 0 0 0 0
"35" 35 0.0288461538462 40 38 1 1 0 0 0 0 0 0 0 0 0 0 0 0 0 0 0 0
"36" 36 0.41116751269 37 25 8 6 3 1 0 0 0 0 0 0 0 0 0 0 0 0 0 0
"37" 37 0.215189873418 79 1 0 0 0 0 0 0 0 0 0 0 0 0 0 0 0 0 0 0
"38" 38 0.540229885057 33 19 17 5 2 2 1 1 0 0 0 0 0 0 0 0 0 0 0 0
"39" 39 0.223880597015 24 23 12 6 5 3 2 2 1 1 1 0 0 0 0 0 0 0 0 0
"40" 40 0.573604060914 30 10 9 6 5 5 4 3 3 2 2 1 0 0 0 0 0 0 0 0
"41" 41 0.0314465408805 27 25 14 10 2 1 1 0 0 0 0 0 0 0 0 0 0 0 0 0
"42" 42 0.482558139535 45 15 6 5 4 3 1 1 0 0 0 0 0 0 0 0 0 0 0 0
"43" 43 0.286919831224 24 23 16 5 4 2 2 1 1 1 1 0 0 0 0 0 0 0 0 0
"44" 44 0.596412556054 40 16 6 6 6 4 1 1 0 0 0 0 0 0 0 0 0 0 0 0
"45" 45 0.154811715481 51 13 5 3 3 3 1 1 0 0 0 0 0 0 0 0 0 0 0 0
"46" 46 0.0 38 38 3 1 0 0 0 0 0 0 0 0 0 0 0 0 0 0 0 0
"47" 47 0.304932735426 43 16 6 5 3 3 2 1 1 0 0 0 0 0 0 0 0 0 0 0
"48" 48 0.439461883408 25 19 16 5 4 3 3 2 1 1 1 0 0 0 0 0 0 0 0 0
"49" 49 0.0717703349282 80 0 0 0 0 0 0 0 0 0 0 0 0 0 0 0 0 0 0 0
"50" 50 0.0684410646388 80 0 0 0 0 0 0 0 0 0 0 0 0 0 0 0 0 0 0 0
"51" 51 0.382775119617 31 12 9 6 6 5 2 2 2 2 1 1 1 0 0 0 0 0 0 0
"52" 52 0.59585492228 35 32 10 1 1 1 0 0 0 0 0 0 0 0 0 0 0 0 0 0
"53" 53 0.228855721393 42 38 0 0 0 0 0 0 0 0 0 0 0 0 0 0 0 0 0 0
"54" 54 0.582278481013 29 13 12 11 6 3 2 2 1 1 0 0 0 0 0 0 0 0 0 0
"55" 55 0.705357142857 21 20 15 11 4 3 3 1 1 1 0 0 0 0 0 0 0 0 0 0
"56" 56 0.507299270073 53 25 1 1 0 0 0 0 0 0 0 0 0 0 0 0 0 0 0 0
"57" 57 0.823899371069 72 3 2 2 1 0 0 0 0 0 0 0 0 0 0 0 0 0 0 0
"58" 58 0.355648535565 80 0 0 0 0 0 0 0 0 0 0 0 0 0 0 0 0 0 0 0
"59" 59 0.10460251046 63 17 0 0 0 0 0 0 0 0 0 0 0 0 0 0 0 0 0 0
"60" 60 0.482051282051 24 15 11 9 7 5 4 3 1 1 0 0 0 0 0 0 0 0 0 0
"61" 61 0.413461538462 38 11 10 6 4 3 3 2 2 1 0 0 0 0 0 0 0 0 0 0
"62" 62 0.238805970149 77 3 0 0 0 0 0 0 0 0 0 0 0 0 0 0 0 0 0 0
"63" 63 0.0 55 14 3 3 2 2 1 0 0 0 0 0 0 0 0 0 0 0 0 0
"64" 64 0.40414507772 23 16 15 9 4 4 3 3 2 1 0 0 0 0 0 0 0 0 0 0
"65" 65 0.138075313808 47 31 1 1 0 0 0 0 0 0 0 0 0 0 0 0 0 0 0 0
"66" 66 0.0248756218905 38 35 5 1 1 0 0 0 0 0 0 0 0 0 0 0 0 0 0 0
"67" 67 0.165562913907 33 20 5 4 4 3 3 2 2 2 1 1 0 0 0 0 0 0 0 0
"68" 68 0.523178807947 72 3 1 1 1 1 1 0 0 0 0 0 0 0 0 0 0 0 0 0
"69" 69 0.0769230769231 73 5 2 0 0 0 0 0 0 0 0 0 0 0 0 0 0 0 0 0
"70" 70 0.220125786164 80 0 0 0 0 0 0 0 0 0 0 0 0 0 0 0 0 0 0 0
"71" 71 0.0 68 10 2 0 0 0 0 0 0 0 0 0 0 0 0 0 0 0 0 0
"72" 72 0.0761421319797 55 10 8 4 2 1 0 0 0 0 0 0 0 0 0 0 0 0 0 0
"73" 73 0.0 63 7 7 1 1 1 0 0 0 0 0 0 0 0 0 0 0 0 0 0
"74" 74 0.0 78 1 1 0 0 0 0 0 0 0 0 0 0 0 0 0 0 0 0 0
"75" 75 0.0 67 9 2 1 1 0 0 0 0 0 0 0 0 0 0 0 0 0 0 0
"76" 76 0.0106382978723 73 2 1 1 1 1 1 0 0 0 0 0 0 0 0 0 0 0 0 0
"77" 77 0.03125 69 11 0 0 0 0 0 0 0 0 0 0 0 0 0 0 0 0 0 0
"78" 78 0.0 80 0 0 0 0 0 0 0 0 0 0 0 0 0 0 0 0 0 0 0
"79" 79 0.491071428571 24 17 14 5 5 4 3 3 2 1 1 1 0 0 0 0 0 0 0 0
"80" 80 0.25 25 24 18 8 4 1 0 0 0 0 0 0 0 0 0 0 0 0 0 0
"81" 81 0.0 57 14 9 0 0 0 0 0 0 0 0 0 0 0 0 0 0 0 0 0
"82" 82 0.0456852791878 57 21 1 1 0 0 0 0 0 0 0 0 0 0 0 0 0 0 0 0
"83" 83 0.494186046512 37 21 7 4 3 3 3 1 1 0 0 0 0 0 0 0 0 0 0 0
"84" 84 0.326996197719 35 11 11 5 4 4 3 2 2 1 1 1 0 0 0 0 0 0 0 0
"85" 85 0.00961538461538 37 26 8 5 2 1 1 0 0 0 0 0 0 0 0 0 0 0 0 0
"86" 86 0.474452554745 80 0 0 0 0 0 0 0 0 0 0 0 0 0 0 0 0 0 0 0
"87" 87 0.569620253165 24 12 10 8 7 4 3 2 2 2 2 2 1 1 0 0 0 0 0 0
"88" 88 0.114427860697 48 17 14 1 0 0 0 0 0 0 0 0 0 0 0 0 0 0 0 0
"89" 89 0.0203045685279 34 25 12 9 0 0 0 0 0 0 0 0 0 0 0 0 0 0 0 0
"90" 90 0.163461538462 80 0 0 0 0 0 0 0 0 0 0 0 0 0 0 0 0 0 0 0
"91" 91 0.31007751938 47 17 7 3 2 1 1 1 1 0 0 0 0 0 0 0 0 0 0 0
"92" 92 0.540697674419 79 1 0 0 0 0 0 0 0 0 0 0 0 0 0 0 0 0 0 0
"93" 93 0.176165803109 58 12 7 2 1 0 0 0 0 0 0 0 0 0 0 0 0 0 0 0
"94" 94 0.0440251572327 78 1 1 0 0 0 0 0 0 0 0 0 0 0 0 0 0 0 0 0
"95" 95 0.668161434978 40 24 4 4 2 1 1 1 1 1 1 0 0 0 0 0 0 0 0 0
"96" 96 0.691983122363 23 16 15 10 4 4 3 2 2 1 0 0 0 0 0 0 0 0 0 0
"97" 97 0.0993377483444 48 32 0 0 0 0 0 0 0 0 0 0 0 0 0 0 0 0 0 0
"98" 98 0.457364341085 30 17 8 7 6 5 2 1 1 1 1 1 0 0 0 0 0 0 0 0
"99" 99 0.748427672956 77 1 1 1 0 0 0 0 0 0 0 0 0 0 0 0 0 0 0 0
"100" 100 0.461538461538 80 0 0 0 0 0 0 0 0 0 0 0 0 0 0 0 0 0 0 0
"101" 101 0.110465116279 76 4 0 0 0 0 0 0 0 0 0 0 0 0 0 0 0 0 0 0
"102" 102 0.0 76 2 2 0 0 0 0 0 0 0 0 0 0 0 0 0 0 0 0 0
"103" 103 0.0839416058394 80 0 0 0 0 0 0 0 0 0 0 0 0 0 0 0 0 0 0 0
"104" 104 0.240384615385 79 1 0 0 0 0 0 0 0 0 0 0 0 0 0 0 0 0 0 0
"105" 105 0.367875647668 75 4 1 0 0 0 0 0 0 0 0 0 0 0 0 0 0 0 0 0
"106" 106 0.139303482587 46 23 10 1 0 0 0 0 0 0 0 0 0 0 0 0 0 0 0 0
"107" 107 0.093023255814 28 23 22 7 0 0 0 0 0 0 0 0 0 0 0 0 0 0 0 0
"108" 108 0.568965517241 39 23 10 3 2 1 1 0 0 0 0 0 0 0 0 0 0 0 0 0
"109" 109 0.413793103448 27 14 11 6 6 5 3 3 2 2 0 0 0 0 0 0 0 0 0 0
"110" 110 0.379310344828 45 15 6 6 5 2 0 0 0 0 0 0 0 0 0 0 0 0 0 0
"111" 111 0.451923076923 68 8 1 1 1 0 0 0 0 0 0 0 0 0 0 0 0 0 0 0
"112" 112 0.448905109489 69 5 2 2 1 1 0 0 0 0 0 0 0 0 0 0 0 0 0 0
"113" 113 0.0512820512821 79 1 0 0 0 0 0 0 0 0 0 0 0 0 0 0 0 0 0 0
"114" 114 0.0 31 30 15 2 1 1 0 0 0 0 0 0 0 0 0 0 0 0 0 0
"115" 115 0.0 45 17 16 1 0 0 0 0 0 0 0 0 0 0 0 0 0 0 0 0
"116" 116 0.157894736842 79 0 0 0 0 0 0 0 0 0 0 0 0 0 0 0 0 0 0 0
"117" 117 0.134615384615 72 7 0 0 0 0 0 0 0 0 0 0 0 0 0 0 0 0 0 0
"118" 118 0.0 79 0 0 0 0 0 0 0 0 0 0 0 0 0 0 0 0 0 0 0
"119" 119 0.502590673575 78 1 0 0 0 0 0 0 0 0 0 0 0 0 0 0 0 0 0 0
"120" 120 0.105769230769 58 9 8 1 1 1 1 0 0 0 0 0 0 0 0 0 0 0 0 0
"121" 121 0.553459119497 40 19 8 3 2 2 2 1 1 1 0 0 0 0 0 0 0 0 0 0
"122" 122 0.575892857143 54 10 7 2 2 2 2 0 0 0 0 0 0 0 0 0 0 0 0 0
"123" 123 0.174418604651 51 13 9 2 1 1 1 1 0 0 0 0 0 0 0 0 0 0 0 0
"124" 124 0.015503875969 74 4 1 0 0 0 0 0 0 0 0 0 0 0 0 0 0 0 0 0
"125" 125 0.573839662447 19 18 16 8 7 4 3 1 1 1 1 0 0 0 0 0 0 0 0 0
"126" 126 0.507772020725 36 27 3 3 2 2 1 1 1 1 1 1 0 0 0 0 0 0 0 0
"127" 127 0.09375 79 0 0 0 0 0 0 0 0 0 0 0 0 0 0 0 0 0 0 0
"128" 128 0.0964467005076 72 3 2 1 1 0 0 0 0 0 0 0 0 0 0 0 0 0 0 0
"129" 129 0.713080168776 33 13 11 8 7 2 1 1 1 1 1 0 0 0 0 0 0 0 0 0
"130" 130 0.243781094527 67 7 3 1 1 0 0 0 0 0 0 0 0 0 0 0 0 0 0 0
"131" 131 0.0354609929078 64 13 1 0 0 0 0 0 0 0 0 0 0 0 0 0 0 0 0 0
"132" 132 0.0418410041841 78 0 0 0 0 0 0 0 0 0 0 0 0 0 0 0 0 0 0 0
"133" 133 0.518987341772 27 6 6 5 5 5 4 3 3 3 3 1 0 0 0 0 0 0 0 0
"134" 134 0.685534591195 23 18 14 5 4 3 2 2 1 1 0 0 0 0 0 0 0 0 0 0
"135" 135 0.629464285714 33 12 11 7 3 2 2 2 1 1 0 0 0 0 0 0 0 0 0 0
"136" 136 0.290178571429 64 3 1 1 1 0 0 0 0 0 0 0 0 0 0 0 0 0 0 0
"137" 137 0.169154228856 49 13 7 2 1 1 0 0 0 0 0 0 0 0 0 0 0 0 0 0
"138" 138 0.390804597701 25 12 7 7 5 4 4 2 2 2 1 1 1 0 0 0 0 0 0 0
"139" 139 0.741721854305 15 14 10 9 7 5 3 3 2 2 1 1 1 0 0 0 0 0 0 0
"140" 140 0.430962343096 38 31 2 1 0 0 0 0 0 0 0 0 0 0 0 0 0 0 0 0
"141" 141 0.651162790698 19 17 8 7 5 4 4 3 1 1 0 0 0 0 0 0 0 0 0 0
"142" 142 0.145695364238 18 14 10 6 5 5 2 2 2 1 1 1 1 1 0 0 0 0 0 0
"143" 143 0.692307692308 16 14 12 8 4 4 2 2 2 1 1 1 1 1 0 0 0 0 0 0
"144" 144 0.390728476821 11 10 8 8 7 7 6 4 3 2 1 1 1 0 0 0 0 0 0 0
"145" 145 0.147321428571 13 10 9 8 8 6 5 4 4 1 1 0 0 0 0 0 0 0 0 0
"146" 146 0.599156118143 18 14 10 6 5 5 3 2 2 1 1 1 1 0 0 0 0 0 0 0
"147" 147 0.794326241135 63 2 1 1 1 1 0 0 0 0 0 0 0 0 0 0 0 0 0 0
"148" 148 0.335025380711 34 18 14 0 0 0 0 0 0 0 0 0 0 0 0 0 0 0 0 0
"149" 149 0.406844106464 56 3 1 0 0 0 0 0 0 0 0 0 0 0 0 0 0 0 0 0
