"site" "RSA" "aa1" "aa2" "aa3" "aa4" "aa5" "aa6" "aa7" "aa8" "aa9" "aa10" "aa11" "aa12" "aa13" "aa14" "aa15" "aa16" "aa17" "aa18" "aa19" "aa20"
"0" 0 0.848623853211 56 8 2 1 1 1 0 0 0 0 0 0 0 0 0 0 0 0 0 0
"1" 1 0.517948717949 12 11 10 8 8 7 6 5 5 4 4 3 3 2 2 0 0 0 0 0
"2" 2 0.0583941605839 240 0 0 0 0 0 0 0 0 0 0 0 0 0 0 0 0 0 0 0
"3" 3 0.383647798742 122 23 15 15 12 8 8 7 6 5 5 5 3 2 2 1 1 0 0 0
"4" 4 0.443708609272 111 96 16 5 3 2 2 2 2 1 1 1 0 0 0 0 0 0 0 0
"5" 5 0.644230769231 172 18 15 9 6 6 6 4 4 4 1 0 0 0 0 0 0 0 0 0
"6" 6 0.0766423357664 246 0 0 0 0 0 0 0 0 0 0 0 0 0 0 0 0 0 0 0
"7" 7 0.317829457364 65 37 31 28 16 14 13 10 9 9 3 3 3 2 1 1 1 0 0 0
"8" 8 0.294573643411 74 53 27 19 15 11 8 7 6 4 4 4 4 3 3 2 2 0 0 0
"9" 9 0.424870466321 142 33 17 10 7 6 6 6 6 3 3 3 1 1 1 1 0 0 0 0
"10" 10 0.430493273543 120 73 25 14 6 2 1 1 1 1 1 1 0 0 0 0 0 0 0 0
"11" 11 0.0348258706468 181 34 17 5 3 3 1 1 1 1 1 0 0 0 0 0 0 0 0 0
"12" 12 0.043795620438 248 0 0 0 0 0 0 0 0 0 0 0 0 0 0 0 0 0 0 0
"13" 13 0.704402515723 146 27 19 15 8 8 7 6 3 2 2 2 1 1 1 0 0 0 0 0
"14" 14 0.137055837563 132 88 17 8 1 1 1 0 0 0 0 0 0 0 0 0 0 0 0 0
"15" 15 0.565693430657 57 52 49 40 15 8 7 6 6 2 2 2 1 1 0 0 0 0 0 0
"16" 16 0.126903553299 148 46 38 9 8 0 0 0 0 0 0 0 0 0 0 0 0 0 0 0
"17" 17 0.313953488372 124 76 14 13 6 5 5 2 2 1 1 0 0 0 0 0 0 0 0 0
"18" 18 0.142335766423 149 38 24 10 6 5 5 4 2 2 1 1 1 1 0 0 0 0 0 0
"19" 19 0.622009569378 71 70 44 25 13 9 6 5 3 3 0 0 0 0 0 0 0 0 0 0
"20" 20 0.414448669202 93 90 33 16 7 7 1 1 1 0 0 0 0 0 0 0 0 0 0 0
"21" 21 0.360465116279 122 31 22 20 16 14 10 7 3 2 1 1 0 0 0 0 0 0 0 0
"22" 22 0.789029535865 105 51 11 9 9 9 7 7 6 6 6 5 4 4 4 3 3 0 0 0
"23" 23 0.77033492823 144 58 19 11 5 3 2 2 1 1 1 1 1 0 0 0 0 0 0 0
"24" 24 0.178294573643 201 36 6 3 1 1 1 0 0 0 0 0 0 0 0 0 0 0 0 0
"25" 25 0.174107142857 196 16 8 7 6 6 4 1 1 1 1 1 1 0 0 0 0 0 0 0
"26" 26 0.00961538461538 235 7 6 0 0 0 0 0 0 0 0 0 0 0 0 0 0 0 0 0
"27" 27 0.00662251655629 244 4 1 0 0 0 0 0 0 0 0 0 0 0 0 0 0 0 0 0
"28" 28 0.0 178 42 23 4 1 1 1 0 0 0 0 0 0 0 0 0 0 0 0 0
"29" 29 0.0696517412935 232 6 3 3 2 2 1 1 1 0 0 0 0 0 0 0 0 0 0 0
"30" 30 0.0 121 107 13 6 2 1 1 0 0 0 0 0 0 0 0 0 0 0 0 0
"31" 31 0.0982142857143 120 36 26 26 15 13 4 4 3 3 1 0 0 0 0 0 0 0 0 0
"32" 32 0.0 140 28 27 20 8 8 6 5 4 2 2 1 1 0 0 0 0 0 0 0
"33" 33 0.182692307692 252 0 0 0 0 0 0 0 0 0 0 0 0 0 0 0 0 0 0 0
"34" 34 0.492227979275 115 57 22 19 10 9 8 7 3 1 1 0 0 0 0 0 0 0 0 0
"35" 35 0.0 252 0 0 0 0 0 0 0 0 0 0 0 0 0 0 0 0 0 0 0
"36" 36 0.295358649789 116 69 34 13 6 5 4 3 1 1 0 0 0 0 0 0 0 0 0 0
"37" 37 0.0 248 3 1 0 0 0 0 0 0 0 0 0 0 0 0 0 0 0 0 0
"38" 38 0.106598984772 142 102 6 1 1 0 0 0 0 0 0 0 0 0 0 0 0 0 0 0
"39" 39 0.0 237 12 2 1 0 0 0 0 0 0 0 0 0 0 0 0 0 0 0 0
"40" 40 0.122093023256 178 30 21 19 3 1 0 0 0 0 0 0 0 0 0 0 0 0 0 0
"41" 41 0.0 223 25 3 1 0 0 0 0 0 0 0 0 0 0 0 0 0 0 0 0
"42" 42 0.245033112583 171 67 6 4 1 1 1 1 0 0 0 0 0 0 0 0 0 0 0 0
"43" 43 0.131782945736 142 59 28 10 4 3 3 1 1 1 0 0 0 0 0 0 0 0 0 0
"44" 44 0.477678571429 179 18 18 11 6 6 4 4 3 2 1 0 0 0 0 0 0 0 0 0
"45" 45 0.695364238411 130 51 17 12 12 11 5 4 4 3 1 1 1 0 0 0 0 0 0 0
"46" 46 0.192307692308 72 65 64 26 14 5 2 2 1 1 0 0 0 0 0 0 0 0 0 0
"47" 47 0.241379310345 228 8 5 4 2 2 1 1 1 0 0 0 0 0 0 0 0 0 0 0
"48" 48 0.396226415094 251 1 0 0 0 0 0 0 0 0 0 0 0 0 0 0 0 0 0 0
"49" 49 0.605839416058 114 76 17 14 8 5 4 4 2 2 2 1 1 1 1 0 0 0 0 0
"50" 50 0.125523012552 165 74 9 4 0 0 0 0 0 0 0 0 0 0 0 0 0 0 0 0
"51" 51 0.771144278607 172 32 17 16 4 4 3 2 2 0 0 0 0 0 0 0 0 0 0 0
"52" 52 0.561181434599 121 105 9 5 3 3 2 1 1 1 1 0 0 0 0 0 0 0 0 0
"53" 53 0.242152466368 75 61 35 21 15 13 9 9 6 3 2 1 1 1 0 0 0 0 0 0
"54" 54 0.0 252 0 0 0 0 0 0 0 0 0 0 0 0 0 0 0 0 0 0 0
"55" 55 0.152482269504 252 0 0 0 0 0 0 0 0 0 0 0 0 0 0 0 0 0 0 0
"56" 56 0.0 139 61 51 1 0 0 0 0 0 0 0 0 0 0 0 0 0 0 0 0
"57" 57 0.308139534884 233 8 6 3 2 0 0 0 0 0 0 0 0 0 0 0 0 0 0 0
"58" 58 0.062015503876 240 6 4 2 0 0 0 0 0 0 0 0 0 0 0 0 0 0 0 0
"59" 59 0.455357142857 252 0 0 0 0 0 0 0 0 0 0 0 0 0 0 0 0 0 0 0
"60" 60 0.0228136882129 251 1 0 0 0 0 0 0 0 0 0 0 0 0 0 0 0 0 0 0
"61" 61 0.105769230769 121 66 35 20 6 2 1 1 0 0 0 0 0 0 0 0 0 0 0 0
"62" 62 0.174311926606 238 14 0 0 0 0 0 0 0 0 0 0 0 0 0 0 0 0 0 0
"63" 63 0.388059701493 246 4 1 1 0 0 0 0 0 0 0 0 0 0 0 0 0 0 0 0
"64" 64 0.062893081761 252 0 0 0 0 0 0 0 0 0 0 0 0 0 0 0 0 0 0 0
"65" 65 0.605839416058 200 23 11 10 6 1 1 0 0 0 0 0 0 0 0 0 0 0 0 0
"66" 66 0.0331125827815 137 115 0 0 0 0 0 0 0 0 0 0 0 0 0 0 0 0 0 0
"67" 67 0.197674418605 246 3 2 1 0 0 0 0 0 0 0 0 0 0 0 0 0 0 0 0
"68" 68 0.5 95 35 24 21 18 17 13 8 7 5 4 3 1 1 0 0 0 0 0 0
"69" 69 0.642857142857 99 46 41 30 13 8 5 4 2 2 2 0 0 0 0 0 0 0 0 0
"70" 70 0.551094890511 252 0 0 0 0 0 0 0 0 0 0 0 0 0 0 0 0 0 0 0
"71" 71 0.215384615385 52 51 43 39 20 19 17 4 3 1 1 1 1 0 0 0 0 0 0 0
"72" 72 0.497757847534 42 41 30 27 21 18 18 15 7 7 7 5 4 4 3 2 1 0 0 0
"73" 73 0.448905109489 251 1 0 0 0 0 0 0 0 0 0 0 0 0 0 0 0 0 0 0
"74" 74 0.209821428571 227 21 1 0 0 0 0 0 0 0 0 0 0 0 0 0 0 0 0 0
"75" 75 0.674418604651 141 54 12 11 11 4 2 2 2 1 1 1 1 0 0 0 0 0 0 0
"76" 76 0.576158940397 113 45 31 17 11 11 7 2 2 2 1 1 0 0 0 0 0 0 0 0
"77" 77 0.412408759124 96 87 16 13 5 3 3 2 1 1 0 0 0 0 0 0 0 0 0 0
"78" 78 0.615384615385 217 7 2 1 1 1 0 0 0 0 0 0 0 0 0 0 0 0 0 0
"79" 79 0.493670886076 206 29 4 3 2 1 1 1 1 0 0 0 0 0 0 0 0 0 0 0
"80" 80 0.295964125561 124 48 31 29 11 5 1 1 0 0 0 0 0 0 0 0 0 0 0 0
"81" 81 0.201923076923 112 79 27 16 5 5 3 2 1 0 0 0 0 0 0 0 0 0 0 0
"82" 82 0.519230769231 251 1 0 0 0 0 0 0 0 0 0 0 0 0 0 0 0 0 0 0
"83" 83 0.394160583942 252 0 0 0 0 0 0 0 0 0 0 0 0 0 0 0 0 0 0 0
"84" 84 0.046511627907 229 21 1 1 0 0 0 0 0 0 0 0 0 0 0 0 0 0 0 0
"85" 85 0.383084577114 104 47 35 26 23 8 3 2 2 1 1 0 0 0 0 0 0 0 0 0
"86" 86 0.352678571429 252 0 0 0 0 0 0 0 0 0 0 0 0 0 0 0 0 0 0 0
"87" 87 0.0 252 0 0 0 0 0 0 0 0 0 0 0 0 0 0 0 0 0 0 0
"88" 88 0.0896860986547 223 25 3 1 0 0 0 0 0 0 0 0 0 0 0 0 0 0 0 0
"89" 89 0.627737226277 252 0 0 0 0 0 0 0 0 0 0 0 0 0 0 0 0 0 0 0
"90" 90 0.0398009950249 245 4 2 1 0 0 0 0 0 0 0 0 0 0 0 0 0 0 0 0
"91" 91 0.0 242 10 0 0 0 0 0 0 0 0 0 0 0 0 0 0 0 0 0 0
"92" 92 0.0192307692308 231 19 2 0 0 0 0 0 0 0 0 0 0 0 0 0 0 0 0 0
"93" 93 0.339416058394 252 0 0 0 0 0 0 0 0 0 0 0 0 0 0 0 0 0 0 0
"94" 94 0.0 179 68 2 2 1 0 0 0 0 0 0 0 0 0 0 0 0 0 0 0
"95" 95 0.0 237 13 2 0 0 0 0 0 0 0 0 0 0 0 0 0 0 0 0 0
"96" 96 0.21897810219 252 0 0 0 0 0 0 0 0 0 0 0 0 0 0 0 0 0 0 0
"97" 97 0.271317829457 186 51 7 4 2 2 0 0 0 0 0 0 0 0 0 0 0 0 0 0
"98" 98 0.0232558139535 128 79 14 11 10 5 5 0 0 0 0 0 0 0 0 0 0 0 0 0
"99" 99 0.0149253731343 150 55 17 13 11 3 2 1 0 0 0 0 0 0 0 0 0 0 0 0
"100" 100 0.19170984456 227 19 4 2 0 0 0 0 0 0 0 0 0 0 0 0 0 0 0 0
"101" 101 0.114427860697 192 27 13 9 5 2 1 1 1 1 0 0 0 0 0 0 0 0 0 0
"102" 102 0.443708609272 78 50 21 20 16 15 14 14 6 6 5 3 2 1 1 0 0 0 0 0
"103" 103 0.350210970464 135 69 17 7 4 4 4 4 3 2 1 1 1 0 0 0 0 0 0 0
"104" 104 0.0 228 12 9 3 0 0 0 0 0 0 0 0 0 0 0 0 0 0 0 0
"105" 105 0.0480769230769 247 2 1 1 1 0 0 0 0 0 0 0 0 0 0 0 0 0 0 0
"106" 106 0.584821428571 232 9 3 3 2 1 1 1 0 0 0 0 0 0 0 0 0 0 0 0
"107" 107 0.0923076923077 155 50 12 9 6 5 4 4 3 2 1 1 0 0 0 0 0 0 0 0
"108" 108 0.0290697674419 170 45 26 4 2 2 1 1 1 0 0 0 0 0 0 0 0 0 0 0
"109" 109 0.0 183 38 30 1 0 0 0 0 0 0 0 0 0 0 0 0 0 0 0 0
"110" 110 0.368821292776 86 51 25 20 10 10 10 9 6 6 5 4 4 3 2 1 0 0 0 0
"111" 111 0.00507614213198 114 72 63 2 1 0 0 0 0 0 0 0 0 0 0 0 0 0 0 0
"112" 112 0.20207253886 252 0 0 0 0 0 0 0 0 0 0 0 0 0 0 0 0 0 0 0
"113" 113 0.0 239 11 2 0 0 0 0 0 0 0 0 0 0 0 0 0 0 0 0 0
"114" 114 0.310880829016 252 0 0 0 0 0 0 0 0 0 0 0 0 0 0 0 0 0 0 0
"115" 115 0.0 252 0 0 0 0 0 0 0 0 0 0 0 0 0 0 0 0 0 0 0
"116" 116 0.38578680203 145 104 3 0 0 0 0 0 0 0 0 0 0 0 0 0 0 0 0 0
"117" 117 0.340807174888 234 8 5 2 2 1 0 0 0 0 0 0 0 0 0 0 0 0 0 0
"118" 118 0.178294573643 251 1 0 0 0 0 0 0 0 0 0 0 0 0 0 0 0 0 0 0
"119" 119 0.20207253886 252 0 0 0 0 0 0 0 0 0 0 0 0 0 0 0 0 0 0 0
"120" 120 0.105769230769 235 17 0 0 0 0 0 0 0 0 0 0 0 0 0 0 0 0 0 0
"121" 121 0.173076923077 252 0 0 0 0 0 0 0 0 0 0 0 0 0 0 0 0 0 0 0
"122" 122 0.0348837209302 252 0 0 0 0 0 0 0 0 0 0 0 0 0 0 0 0 0 0 0
"123" 123 0.120437956204 252 0 0 0 0 0 0 0 0 0 0 0 0 0 0 0 0 0 0 0
"124" 124 0.00581395348837 230 18 3 1 0 0 0 0 0 0 0 0 0 0 0 0 0 0 0 0
"125" 125 0.0 237 12 2 1 0 0 0 0 0 0 0 0 0 0 0 0 0 0 0 0
"126" 126 0.0 171 81 0 0 0 0 0 0 0 0 0 0 0 0 0 0 0 0 0 0
"127" 127 0.00507614213198 247 5 0 0 0 0 0 0 0 0 0 0 0 0 0 0 0 0 0 0
"128" 128 0.0 229 18 3 1 1 0 0 0 0 0 0 0 0 0 0 0 0 0 0 0
"129" 129 0.0 250 2 0 0 0 0 0 0 0 0 0 0 0 0 0 0 0 0 0 0
"130" 130 0.0 175 54 23 0 0 0 0 0 0 0 0 0 0 0 0 0 0 0 0 0
"131" 131 0.00581395348837 83 77 48 29 4 4 3 2 2 0 0 0 0 0 0 0 0 0 0 0
"132" 132 0.0 204 33 12 2 1 0 0 0 0 0 0 0 0 0 0 0 0 0 0 0
"133" 133 0.0 250 1 1 0 0 0 0 0 0 0 0 0 0 0 0 0 0 0 0 0
"134" 134 0.00995024875622 195 25 15 14 1 1 1 0 0 0 0 0 0 0 0 0 0 0 0 0
"135" 135 0.162436548223 71 61 30 24 12 11 9 9 7 7 3 3 2 1 1 1 0 0 0 0
"136" 136 0.0673575129534 144 61 13 8 7 4 4 4 2 2 2 1 0 0 0 0 0 0 0 0
"137" 137 0.0 235 11 2 1 1 1 1 0 0 0 0 0 0 0 0 0 0 0 0 0
"138" 138 0.0646766169154 70 69 63 20 18 9 3 0 0 0 0 0 0 0 0 0 0 0 0 0
"139" 139 0.457364341085 62 27 27 25 22 18 17 15 14 9 6 5 3 1 1 0 0 0 0 0
"140" 140 0.252873563218 76 35 19 18 17 16 15 11 11 10 8 5 5 3 1 1 1 0 0 0
"141" 141 0.0199004975124 179 39 15 10 4 2 1 1 1 0 0 0 0 0 0 0 0 0 0 0
"142" 142 0.514767932489 51 48 31 24 21 17 14 8 8 6 6 4 3 3 2 2 1 1 0 0
"143" 143 0.827004219409 57 50 47 23 22 17 16 7 4 4 1 1 1 0 0 0 0 0 0 0
"144" 144 0.540145985401 43 40 39 39 21 16 13 11 11 4 3 2 2 2 2 1 1 1 0 0
"145" 145 0.615384615385 168 39 9 8 7 5 4 3 2 1 1 1 1 1 1 0 0 0 0 0
"146" 146 0.170542635659 50 31 26 23 22 22 18 14 11 9 8 5 5 3 2 1 1 0 0 0
"147" 147 0.124378109453 130 77 25 7 4 2 1 1 1 1 0 0 0 0 0 0 0 0 0 0
"148" 148 0.497890295359 75 33 28 24 23 15 14 11 6 5 4 4 3 3 0 0 0 0 0 0
"149" 149 0.384615384615 44 37 35 33 19 19 15 9 9 8 5 4 4 3 2 2 0 0 0 0
"150" 150 0.502564102564 54 48 45 15 14 11 9 8 6 6 6 6 4 4 4 3 3 2 1 0
"151" 151 0.0125786163522 237 11 1 1 0 0 0 0 0 0 0 0 0 0 0 0 0 0 0 0
"152" 152 0.323383084577 119 78 34 9 6 1 1 1 1 1 0 0 0 0 0 0 0 0 0 0
"153" 153 0.523206751055 78 44 43 19 19 9 8 7 6 5 5 3 2 1 1 1 0 0 0 0
"154" 154 0.291479820628 93 40 23 18 16 13 10 9 7 6 4 3 3 2 1 1 1 1 0 0
"155" 155 0.0963302752294 43 40 32 28 20 20 19 17 11 7 5 4 2 1 1 1 1 0 0 0
"156" 156 0.0 170 41 38 2 1 0 0 0 0 0 0 0 0 0 0 0 0 0 0 0
"157" 157 0.0 225 21 3 1 1 1 0 0 0 0 0 0 0 0 0 0 0 0 0 0
"158" 158 0.0077519379845 237 15 0 0 0 0 0 0 0 0 0 0 0 0 0 0 0 0 0 0
"159" 159 0.0 150 81 18 2 1 0 0 0 0 0 0 0 0 0 0 0 0 0 0 0
"160" 160 0.0331125827815 252 0 0 0 0 0 0 0 0 0 0 0 0 0 0 0 0 0 0 0
"161" 161 0.00574712643678 202 39 8 1 1 1 0 0 0 0 0 0 0 0 0 0 0 0 0 0
"162" 162 0.0 250 1 1 0 0 0 0 0 0 0 0 0 0 0 0 0 0 0 0 0
"163" 163 0.126903553299 143 57 33 9 5 2 1 1 1 0 0 0 0 0 0 0 0 0 0 0
"164" 164 0.144486692015 89 69 26 24 15 4 4 3 3 3 2 1 1 1 0 0 0 0 0 0
"165" 165 0.417040358744 53 39 38 34 30 23 19 6 2 2 1 1 1 1 0 0 0 0 0 0
"166" 166 0.615384615385 196 16 11 5 5 4 4 3 3 2 2 0 0 0 0 0 0 0 0 0
"167" 167 0.33908045977 70 45 37 32 12 12 11 5 5 5 5 3 3 2 2 1 1 0 0 0
"168" 168 0.251572327044 133 46 16 14 13 8 5 4 3 3 2 2 1 1 1 0 0 0 0 0
"169" 169 0.0229885057471 119 55 25 20 11 9 6 3 3 1 0 0 0 0 0 0 0 0 0 0
"170" 170 0.00497512437811 222 14 9 2 2 2 1 0 0 0 0 0 0 0 0 0 0 0 0 0
"171" 171 0.0 252 0 0 0 0 0 0 0 0 0 0 0 0 0 0 0 0 0 0 0
"172" 172 0.00995024875622 249 2 1 0 0 0 0 0 0 0 0 0 0 0 0 0 0 0 0 0
"173" 173 0.0569948186528 125 35 34 26 14 9 5 2 1 1 0 0 0 0 0 0 0 0 0 0
"174" 174 0.490494296578 240 10 1 1 0 0 0 0 0 0 0 0 0 0 0 0 0 0 0 0
"175" 175 0.492537313433 51 46 32 24 18 18 16 15 10 10 3 3 2 2 1 1 0 0 0 0
"176" 176 0.0 251 1 0 0 0 0 0 0 0 0 0 0 0 0 0 0 0 0 0 0
"177" 177 0.362694300518 252 0 0 0 0 0 0 0 0 0 0 0 0 0 0 0 0 0 0 0
"178" 178 0.443708609272 198 23 13 5 5 3 1 1 1 1 1 0 0 0 0 0 0 0 0 0
"179" 179 0.441860465116 55 32 27 24 23 19 17 17 15 9 7 3 1 1 1 1 0 0 0 0
"180" 180 0.046511627907 222 27 2 1 0 0 0 0 0 0 0 0 0 0 0 0 0 0 0 0
"181" 181 0.473214285714 107 72 17 15 14 10 4 3 3 2 2 1 1 1 0 0 0 0 0 0
"182" 182 0.0581395348837 113 111 21 3 2 1 1 0 0 0 0 0 0 0 0 0 0 0 0 0
"183" 183 0.129533678756 252 0 0 0 0 0 0 0 0 0 0 0 0 0 0 0 0 0 0 0
"184" 184 0.00497512437811 164 28 25 12 8 5 3 3 2 2 0 0 0 0 0 0 0 0 0 0
"185" 185 0.0923076923077 251 1 0 0 0 0 0 0 0 0 0 0 0 0 0 0 0 0 0 0
"186" 186 0.00574712643678 142 52 34 22 1 1 0 0 0 0 0 0 0 0 0 0 0 0 0 0
"187" 187 0.0172413793103 225 22 4 1 0 0 0 0 0 0 0 0 0 0 0 0 0 0 0 0
"188" 188 0.00917431192661 199 21 8 7 3 3 3 3 2 1 1 1 0 0 0 0 0 0 0 0
"189" 189 0.0581395348837 193 32 9 5 4 3 2 2 1 1 0 0 0 0 0 0 0 0 0 0
"190" 190 0.279792746114 120 49 48 17 11 4 1 1 0 0 0 0 0 0 0 0 0 0 0 0
"191" 191 0.713178294574 58 45 28 27 21 16 15 14 10 7 5 3 1 1 0 0 0 0 0 0
"192" 192 0.307692307692 222 10 5 3 3 2 1 1 1 1 1 1 1 0 0 0 0 0 0 0
"193" 193 0.317307692308 67 42 40 32 17 15 13 13 5 5 2 1 0 0 0 0 0 0 0 0
"194" 194 0.364016736402 134 47 43 13 9 5 1 0 0 0 0 0 0 0 0 0 0 0 0 0
"195" 195 0.258883248731 136 101 9 2 2 1 1 0 0 0 0 0 0 0 0 0 0 0 0 0
"196" 196 0.1875 252 0 0 0 0 0 0 0 0 0 0 0 0 0 0 0 0 0 0 0
"197" 197 0.362068965517 127 93 29 2 1 0 0 0 0 0 0 0 0 0 0 0 0 0 0 0
"198" 198 0.313901345291 248 2 2 0 0 0 0 0 0 0 0 0 0 0 0 0 0 0 0 0
"199" 199 0.298076923077 215 25 6 4 2 0 0 0 0 0 0 0 0 0 0 0 0 0 0 0
"200" 200 0.372093023256 229 19 2 1 1 0 0 0 0 0 0 0 0 0 0 0 0 0 0 0
"201" 201 0.31007751938 179 72 1 0 0 0 0 0 0 0 0 0 0 0 0 0 0 0 0 0
"202" 202 0.625 252 0 0 0 0 0 0 0 0 0 0 0 0 0 0 0 0 0 0 0
"203" 203 0.269230769231 118 58 21 17 8 7 6 4 3 3 2 2 2 1 0 0 0 0 0 0
"204" 204 0.596899224806 97 35 19 15 15 14 13 12 9 5 5 4 3 3 1 1 1 0 0 0
"205" 205 0.635220125786 122 56 38 16 11 3 2 1 1 1 1 0 0 0 0 0 0 0 0 0
"206" 206 0.225941422594 229 13 3 3 2 2 0 0 0 0 0 0 0 0 0 0 0 0 0 0
"207" 207 0.63503649635 120 57 24 14 7 6 6 5 4 4 2 1 1 0 0 0 0 0 0 0
"208" 208 0.572327044025 138 30 15 13 10 7 6 6 5 5 4 4 2 2 1 1 1 1 0 0
"209" 209 0.604651162791 68 49 47 17 17 16 11 11 4 4 2 1 1 1 1 1 0 0 0 0
"210" 210 0.294642857143 132 78 10 9 5 4 3 3 2 2 1 1 1 0 0 0 0 0 0 0
"211" 211 0.243781094527 165 40 39 2 2 1 1 0 0 0 0 0 0 0 0 0 0 0 0 0
"212" 212 0.461538461538 78 70 24 14 11 10 10 10 7 5 3 3 2 2 1 0 0 0 0 0
"213" 213 0.302325581395 71 38 37 25 17 16 13 11 9 4 3 3 1 1 1 0 0 0 0 0
"214" 214 0.0045871559633 141 97 9 1 1 1 0 0 0 0 0 0 0 0 0 0 0 0 0 0
"215" 215 0.10447761194 193 18 11 7 6 6 5 2 2 0 0 0 0 0 0 0 0 0 0 0
"216" 216 0.5625 99 37 36 18 16 15 10 7 5 2 2 1 1 1 0 0 0 0 0 0
"217" 217 0.109452736318 211 10 7 6 5 4 2 1 1 1 1 1 0 0 0 0 0 0 0 0
"218" 218 0.0 214 35 1 0 0 0 0 0 0 0 0 0 0 0 0 0 0 0 0 0
"219" 219 0.304932735426 95 47 27 17 11 9 8 7 7 6 6 5 2 1 1 0 0 0 0 0
"220" 220 0.479820627803 89 31 25 14 11 11 10 10 9 9 7 5 5 5 5 2 0 0 0 0
"221" 221 0.0384615384615 237 5 5 1 0 0 0 0 0 0 0 0 0 0 0 0 0 0 0 0
"222" 222 0.0 155 25 22 18 11 7 3 3 2 1 0 0 0 0 0 0 0 0 0 0
"223" 223 0.403587443946 51 35 33 29 23 18 15 10 9 6 5 3 2 2 2 1 1 1 0 0
"224" 224 0.428571428571 115 48 20 19 11 9 9 7 2 2 1 1 1 1 0 0 0 0 0 0
"225" 225 0.0 198 40 3 1 1 1 0 0 0 0 0 0 0 0 0 0 0 0 0 0
"226" 226 0.00418410041841 72 51 38 17 16 15 15 4 4 4 3 2 1 0 0 0 0 0 0 0
"227" 227 0.553571428571 70 51 22 20 18 15 8 7 7 7 6 3 3 2 0 0 0 0 0 0
"228" 228 0.243781094527 61 58 40 16 16 9 7 7 5 4 4 3 2 2 2 2 1 0 0 0
"229" 229 0.0 233 1 1 1 1 0 0 0 0 0 0 0 0 0 0 0 0 0 0 0
"230" 230 0.456204379562 98 69 19 9 9 6 6 6 5 2 2 1 0 0 0 0 0 0 0 0
"231" 231 0.457364341085 65 54 33 22 8 8 8 7 5 4 3 3 3 1 1 0 0 0 0 0
"232" 232 0.131782945736 160 32 11 6 4 2 2 2 1 1 1 0 0 0 0 0 0 0 0 0
"233" 233 0.189054726368 174 18 17 3 2 2 1 0 0 0 0 0 0 0 0 0 0 0 0 0
"234" 234 0.558139534884 54 27 25 3 2 2 2 2 1 1 1 1 1 0 0 0 0 0 0 0
"235" 235 0.808035714286 31 14 14 5 1 0 0 0 0 0 0 0 0 0 0 0 0 0 0 0
