"site" "RSA" "aa1" "aa2" "aa3" "aa4" "aa5" "aa6" "aa7" "aa8" "aa9" "aa10" "aa11" "aa12" "aa13" "aa14" "aa15" "aa16" "aa17" "aa18" "aa19" "aa20"
"0" 0 0.0275229357798 35 1 1 1 0 0 0 0 0 0 0 0 0 0 0 0 0 0 0 0
"1" 1 0.0615384615385 26 7 3 1 1 0 0 0 0 0 0 0 0 0 0 0 0 0 0 0
"2" 2 0.0 27 9 1 1 0 0 0 0 0 0 0 0 0 0 0 0 0 0 0 0
"3" 3 0.00574712643678 18 10 8 2 0 0 0 0 0 0 0 0 0 0 0 0 0 0 0 0
"4" 4 0.00995024875622 30 6 1 1 0 0 0 0 0 0 0 0 0 0 0 0 0 0 0 0
"5" 5 0.0550458715596 22 14 2 0 0 0 0 0 0 0 0 0 0 0 0 0 0 0 0 0
"6" 6 0.115384615385 38 0 0 0 0 0 0 0 0 0 0 0 0 0 0 0 0 0 0 0
"7" 7 0.134328358209 19 17 2 0 0 0 0 0 0 0 0 0 0 0 0 0 0 0 0 0
"8" 8 0.0251572327044 38 0 0 0 0 0 0 0 0 0 0 0 0 0 0 0 0 0 0 0
"9" 9 0.201923076923 37 1 0 0 0 0 0 0 0 0 0 0 0 0 0 0 0 0 0 0
"10" 10 0.0232558139535 37 1 0 0 0 0 0 0 0 0 0 0 0 0 0 0 0 0 0 0
"11" 11 0.144230769231 38 0 0 0 0 0 0 0 0 0 0 0 0 0 0 0 0 0 0 0
"12" 12 0.0970464135021 38 0 0 0 0 0 0 0 0 0 0 0 0 0 0 0 0 0 0 0
"13" 13 0.336538461538 38 0 0 0 0 0 0 0 0 0 0 0 0 0 0 0 0 0 0 0
"14" 14 0.133720930233 38 0 0 0 0 0 0 0 0 0 0 0 0 0 0 0 0 0 0 0
"15" 15 0.0358744394619 37 1 0 0 0 0 0 0 0 0 0 0 0 0 0 0 0 0 0 0
"16" 16 0.0 34 2 1 1 0 0 0 0 0 0 0 0 0 0 0 0 0 0 0 0
"17" 17 0.245535714286 17 7 6 4 1 1 1 1 0 0 0 0 0 0 0 0 0 0 0 0
"18" 18 0.171532846715 16 5 4 3 2 2 1 1 1 1 1 1 0 0 0 0 0 0 0 0
"19" 19 0.0 27 11 0 0 0 0 0 0 0 0 0 0 0 0 0 0 0 0 0 0
"20" 20 0.224137931034 23 8 4 2 1 0 0 0 0 0 0 0 0 0 0 0 0 0 0 0
"21" 21 0.71875 16 8 7 2 2 2 1 0 0 0 0 0 0 0 0 0 0 0 0 0
"22" 22 0.378238341969 13 11 4 3 2 2 2 1 0 0 0 0 0 0 0 0 0 0 0 0
"23" 23 0.300380228137 22 12 4 0 0 0 0 0 0 0 0 0 0 0 0 0 0 0 0 0
"24" 24 0.538461538462 9 6 6 5 3 3 2 2 1 1 0 0 0 0 0 0 0 0 0 0
"25" 25 0.0609137055838 29 6 3 0 0 0 0 0 0 0 0 0 0 0 0 0 0 0 0 0
"26" 26 0.106918238994 30 4 4 0 0 0 0 0 0 0 0 0 0 0 0 0 0 0 0 0
"27" 27 0.277511961722 33 5 0 0 0 0 0 0 0 0 0 0 0 0 0 0 0 0 0 0
"28" 28 0.010152284264 38 0 0 0 0 0 0 0 0 0 0 0 0 0 0 0 0 0 0 0
"29" 29 0.0596026490066 38 0 0 0 0 0 0 0 0 0 0 0 0 0 0 0 0 0 0 0
"30" 30 0.0290697674419 38 0 0 0 0 0 0 0 0 0 0 0 0 0 0 0 0 0 0 0
"31" 31 0.182692307692 38 0 0 0 0 0 0 0 0 0 0 0 0 0 0 0 0 0 0 0
"32" 32 0.435233160622 37 1 0 0 0 0 0 0 0 0 0 0 0 0 0 0 0 0 0 0
"33" 33 0.224770642202 22 16 0 0 0 0 0 0 0 0 0 0 0 0 0 0 0 0 0 0
"34" 34 0.0460251046025 30 8 0 0 0 0 0 0 0 0 0 0 0 0 0 0 0 0 0 0
"35" 35 0.200729927007 38 0 0 0 0 0 0 0 0 0 0 0 0 0 0 0 0 0 0 0
"36" 36 0.325581395349 25 6 3 1 1 1 1 0 0 0 0 0 0 0 0 0 0 0 0 0
"37" 37 0.0542635658915 27 11 0 0 0 0 0 0 0 0 0 0 0 0 0 0 0 0 0 0
"38" 38 0.183486238532 15 12 8 3 0 0 0 0 0 0 0 0 0 0 0 0 0 0 0 0
"39" 39 0.742616033755 29 5 2 2 0 0 0 0 0 0 0 0 0 0 0 0 0 0 0 0
"40" 40 0.633928571429 16 12 3 2 2 1 1 1 0 0 0 0 0 0 0 0 0 0 0 0
"41" 41 0.647321428571 15 14 5 3 1 1 0 0 0 0 0 0 0 0 0 0 0 0 0 0
"42" 42 0.267441860465 39 0 0 0 0 0 0 0 0 0 0 0 0 0 0 0 0 0 0 0
"43" 43 0.710691823899 21 12 4 2 0 0 0 0 0 0 0 0 0 0 0 0 0 0 0 0
"44" 44 0.233830845771 27 11 1 0 0 0 0 0 0 0 0 0 0 0 0 0 0 0 0 0
"45" 45 0.0 39 0 0 0 0 0 0 0 0 0 0 0 0 0 0 0 0 0 0 0
"46" 46 0.477611940299 19 8 6 1 1 1 1 1 1 0 0 0 0 0 0 0 0 0 0 0
"47" 47 0.473214285714 17 11 5 4 2 0 0 0 0 0 0 0 0 0 0 0 0 0 0 0
"48" 48 0.0 38 1 0 0 0 0 0 0 0 0 0 0 0 0 0 0 0 0 0 0
"49" 49 0.383966244726 39 0 0 0 0 0 0 0 0 0 0 0 0 0 0 0 0 0 0 0
"50" 50 0.430463576159 17 9 4 4 2 2 1 0 0 0 0 0 0 0 0 0 0 0 0 0
"51" 51 0.292775665399 26 12 1 0 0 0 0 0 0 0 0 0 0 0 0 0 0 0 0 0
"52" 52 0.111675126904 25 13 1 0 0 0 0 0 0 0 0 0 0 0 0 0 0 0 0 0
"53" 53 0.316062176166 37 1 1 0 0 0 0 0 0 0 0 0 0 0 0 0 0 0 0 0
"54" 54 0.518987341772 24 6 4 2 1 1 1 0 0 0 0 0 0 0 0 0 0 0 0 0
"55" 55 0.0673076923077 39 0 0 0 0 0 0 0 0 0 0 0 0 0 0 0 0 0 0 0
"56" 56 0.348214285714 18 6 5 4 3 2 1 0 0 0 0 0 0 0 0 0 0 0 0 0
"57" 57 0.223880597015 39 0 0 0 0 0 0 0 0 0 0 0 0 0 0 0 0 0 0 0
"58" 58 0.0574712643678 39 0 0 0 0 0 0 0 0 0 0 0 0 0 0 0 0 0 0 0
"59" 59 0.327044025157 39 0 0 0 0 0 0 0 0 0 0 0 0 0 0 0 0 0 0 0
"60" 60 0.290155440415 39 0 0 0 0 0 0 0 0 0 0 0 0 0 0 0 0 0 0 0
"61" 61 0.776785714286 31 5 2 1 0 0 0 0 0 0 0 0 0 0 0 0 0 0 0 0
"62" 62 0.206896551724 30 7 2 0 0 0 0 0 0 0 0 0 0 0 0 0 0 0 0 0
"63" 63 0.0290697674419 25 12 2 0 0 0 0 0 0 0 0 0 0 0 0 0 0 0 0 0
"64" 64 0.182741116751 17 11 10 1 0 0 0 0 0 0 0 0 0 0 0 0 0 0 0 0
"65" 65 0.403846153846 27 3 3 3 1 1 1 0 0 0 0 0 0 0 0 0 0 0 0 0
"66" 66 0.126903553299 31 5 3 0 0 0 0 0 0 0 0 0 0 0 0 0 0 0 0 0
"67" 67 0.0 37 2 0 0 0 0 0 0 0 0 0 0 0 0 0 0 0 0 0 0
"68" 68 0.481012658228 18 9 9 1 1 1 0 0 0 0 0 0 0 0 0 0 0 0 0 0
"69" 69 0.59375 25 13 1 0 0 0 0 0 0 0 0 0 0 0 0 0 0 0 0 0
"70" 70 0.204379562044 39 0 0 0 0 0 0 0 0 0 0 0 0 0 0 0 0 0 0 0
"71" 71 0.0199004975124 35 3 1 0 0 0 0 0 0 0 0 0 0 0 0 0 0 0 0 0
"72" 72 0.346153846154 16 8 3 3 2 2 2 2 1 0 0 0 0 0 0 0 0 0 0 0
"73" 73 0.459915611814 15 14 7 1 1 1 0 0 0 0 0 0 0 0 0 0 0 0 0 0
"74" 74 0.751295336788 15 10 9 2 2 1 0 0 0 0 0 0 0 0 0 0 0 0 0 0
"75" 75 0.367875647668 39 0 0 0 0 0 0 0 0 0 0 0 0 0 0 0 0 0 0 0
"76" 76 0.00632911392405 27 8 2 1 1 0 0 0 0 0 0 0 0 0 0 0 0 0 0 0
"77" 77 0.53125 12 8 4 3 3 3 2 2 1 1 0 0 0 0 0 0 0 0 0 0
"78" 78 0.594890510949 14 14 3 2 2 2 1 1 0 0 0 0 0 0 0 0 0 0 0 0
"79" 79 0.00961538461538 39 0 0 0 0 0 0 0 0 0 0 0 0 0 0 0 0 0 0 0
"80" 80 0.00418410041841 35 4 0 0 0 0 0 0 0 0 0 0 0 0 0 0 0 0 0 0
"81" 81 0.0 29 6 3 1 0 0 0 0 0 0 0 0 0 0 0 0 0 0 0 0
"82" 82 0.0 39 0 0 0 0 0 0 0 0 0 0 0 0 0 0 0 0 0 0 0
"83" 83 0.0518134715026 39 0 0 0 0 0 0 0 0 0 0 0 0 0 0 0 0 0 0 0
"84" 84 0.0288461538462 39 0 0 0 0 0 0 0 0 0 0 0 0 0 0 0 0 0 0 0
"85" 85 0.0 34 5 0 0 0 0 0 0 0 0 0 0 0 0 0 0 0 0 0 0
"86" 86 0.0251572327044 39 0 0 0 0 0 0 0 0 0 0 0 0 0 0 0 0 0 0 0
"87" 87 0.204379562044 39 0 0 0 0 0 0 0 0 0 0 0 0 0 0 0 0 0 0 0
"88" 88 0.0523255813953 33 5 1 0 0 0 0 0 0 0 0 0 0 0 0 0 0 0 0 0
"89" 89 0.235632183908 21 12 4 1 1 0 0 0 0 0 0 0 0 0 0 0 0 0 0 0
"90" 90 0.333333333333 14 8 4 4 4 2 1 1 1 0 0 0 0 0 0 0 0 0 0 0
"91" 91 0.0179372197309 39 0 0 0 0 0 0 0 0 0 0 0 0 0 0 0 0 0 0 0
"92" 92 0.0 39 0 0 0 0 0 0 0 0 0 0 0 0 0 0 0 0 0 0 0
"93" 93 0.495535714286 23 6 3 3 3 1 0 0 0 0 0 0 0 0 0 0 0 0 0 0
"94" 94 0.131782945736 36 1 1 1 0 0 0 0 0 0 0 0 0 0 0 0 0 0 0 0
"95" 95 0.0 39 0 0 0 0 0 0 0 0 0 0 0 0 0 0 0 0 0 0 0
"96" 96 0.245535714286 20 11 2 2 1 1 1 1 0 0 0 0 0 0 0 0 0 0 0 0
"97" 97 0.602678571429 14 7 4 3 2 2 2 1 1 1 1 1 0 0 0 0 0 0 0 0
"98" 98 0.0710659898477 15 6 5 4 3 3 1 1 1 0 0 0 0 0 0 0 0 0 0 0
"99" 99 0.0149253731343 31 3 3 2 0 0 0 0 0 0 0 0 0 0 0 0 0 0 0 0
"100" 100 0.696428571429 11 6 5 4 4 2 2 2 1 1 1 0 0 0 0 0 0 0 0 0
"101" 101 0.700892857143 15 9 4 3 2 2 1 1 1 1 0 0 0 0 0 0 0 0 0 0
"102" 102 0.311787072243 25 7 3 2 1 1 0 0 0 0 0 0 0 0 0 0 0 0 0 0
"103" 103 0.538461538462 21 10 5 1 1 1 0 0 0 0 0 0 0 0 0 0 0 0 0 0
"104" 104 0.130801687764 18 5 4 4 3 1 1 1 1 1 0 0 0 0 0 0 0 0 0 0
"105" 105 0.553459119497 14 6 4 4 4 3 1 1 1 1 0 0 0 0 0 0 0 0 0 0
"106" 106 0.0507614213198 23 15 1 0 0 0 0 0 0 0 0 0 0 0 0 0 0 0 0 0
"107" 107 0.300518134715 27 5 4 3 0 0 0 0 0 0 0 0 0 0 0 0 0 0 0 0
"108" 108 0.311787072243 10 8 7 5 4 2 1 1 1 0 0 0 0 0 0 0 0 0 0 0
"109" 109 0.0 35 3 1 0 0 0 0 0 0 0 0 0 0 0 0 0 0 0 0 0
"110" 110 0.00507614213198 23 9 7 0 0 0 0 0 0 0 0 0 0 0 0 0 0 0 0 0
"111" 111 0.0615384615385 27 4 2 2 1 1 1 1 0 0 0 0 0 0 0 0 0 0 0 0
"112" 112 0.010152284264 32 3 2 1 1 0 0 0 0 0 0 0 0 0 0 0 0 0 0 0
"113" 113 0.517857142857 13 9 5 4 2 2 2 1 1 0 0 0 0 0 0 0 0 0 0 0
"114" 114 0.0459770114943 39 0 0 0 0 0 0 0 0 0 0 0 0 0 0 0 0 0 0 0
"115" 115 0.383419689119 17 14 4 3 1 0 0 0 0 0 0 0 0 0 0 0 0 0 0 0
"116" 116 0.443037974684 9 6 6 5 4 3 2 2 1 1 0 0 0 0 0 0 0 0 0 0
"117" 117 0.611398963731 22 7 6 1 1 1 1 0 0 0 0 0 0 0 0 0 0 0 0 0
"118" 118 0.298850574713 8 7 6 4 3 3 2 1 1 1 1 1 1 0 0 0 0 0 0 0
"119" 119 0.0 34 5 0 0 0 0 0 0 0 0 0 0 0 0 0 0 0 0 0 0
"120" 120 0.247706422018 11 10 9 6 1 1 1 0 0 0 0 0 0 0 0 0 0 0 0 0
"121" 121 0.397321428571 20 5 4 2 2 1 1 1 1 1 1 0 0 0 0 0 0 0 0 0
"122" 122 0.197080291971 39 0 0 0 0 0 0 0 0 0 0 0 0 0 0 0 0 0 0 0
"123" 123 0.00497512437811 28 4 4 3 0 0 0 0 0 0 0 0 0 0 0 0 0 0 0 0
"124" 124 0.255813953488 20 13 4 2 0 0 0 0 0 0 0 0 0 0 0 0 0 0 0 0
"125" 125 0.0384615384615 38 1 0 0 0 0 0 0 0 0 0 0 0 0 0 0 0 0 0 0
"126" 126 0.13503649635 39 0 0 0 0 0 0 0 0 0 0 0 0 0 0 0 0 0 0 0
"127" 127 0.204379562044 26 4 3 3 2 1 0 0 0 0 0 0 0 0 0 0 0 0 0 0
"128" 128 0.0355329949239 24 9 3 2 1 0 0 0 0 0 0 0 0 0 0 0 0 0 0 0
"129" 129 0.00632911392405 36 1 1 1 0 0 0 0 0 0 0 0 0 0 0 0 0 0 0 0
"130" 130 0.483443708609 16 13 4 2 1 1 1 1 0 0 0 0 0 0 0 0 0 0 0 0
"131" 131 0.551724137931 7 6 6 5 4 4 2 1 1 1 1 0 0 0 0 0 0 0 0 0
"132" 132 0.411392405063 36 2 1 0 0 0 0 0 0 0 0 0 0 0 0 0 0 0 0 0
"133" 133 0.394230769231 39 0 0 0 0 0 0 0 0 0 0 0 0 0 0 0 0 0 0 0
"134" 134 0.0581395348837 28 3 3 2 2 1 0 0 0 0 0 0 0 0 0 0 0 0 0 0
"135" 135 0.186046511628 26 8 3 2 0 0 0 0 0 0 0 0 0 0 0 0 0 0 0 0
"136" 136 0.0570342205323 32 7 0 0 0 0 0 0 0 0 0 0 0 0 0 0 0 0 0 0
"137" 137 0.0622009569378 38 1 0 0 0 0 0 0 0 0 0 0 0 0 0 0 0 0 0 0
"138" 138 0.467661691542 11 10 8 7 2 1 0 0 0 0 0 0 0 0 0 0 0 0 0 0
"139" 139 0.540229885057 12 7 6 5 3 2 1 1 1 1 0 0 0 0 0 0 0 0 0 0
"140" 140 0.523012552301 28 6 2 1 1 1 0 0 0 0 0 0 0 0 0 0 0 0 0 0
"141" 141 0.292307692308 27 3 3 1 1 1 1 1 1 0 0 0 0 0 0 0 0 0 0 0
"142" 142 0.433962264151 35 1 1 1 1 0 0 0 0 0 0 0 0 0 0 0 0 0 0 0
"143" 143 0.100628930818 30 6 1 0 0 0 0 0 0 0 0 0 0 0 0 0 0 0 0 0
"144" 144 0.708860759494 22 5 3 2 2 1 1 1 0 0 0 0 0 0 0 0 0 0 0 0
"145" 145 0.447674418605 16 11 4 3 2 1 0 0 0 0 0 0 0 0 0 0 0 0 0 0
"146" 146 0.710691823899 18 8 4 2 1 1 1 1 1 0 0 0 0 0 0 0 0 0 0 0
"147" 147 0.394230769231 29 4 2 1 1 0 0 0 0 0 0 0 0 0 0 0 0 0 0 0
"148" 148 0.319796954315 12 8 7 5 2 2 2 1 0 0 0 0 0 0 0 0 0 0 0 0
"149" 149 0.0253164556962 37 1 1 0 0 0 0 0 0 0 0 0 0 0 0 0 0 0 0 0
"150" 150 0.352331606218 38 1 0 0 0 0 0 0 0 0 0 0 0 0 0 0 0 0 0 0
"151" 151 0.561181434599 15 7 5 3 3 2 1 1 1 1 0 0 0 0 0 0 0 0 0 0
"152" 152 0.352331606218 31 6 1 1 0 0 0 0 0 0 0 0 0 0 0 0 0 0 0 0
"153" 153 0.432692307692 34 2 1 1 1 0 0 0 0 0 0 0 0 0 0 0 0 0 0 0
"154" 154 0.0769230769231 28 6 2 1 1 1 0 0 0 0 0 0 0 0 0 0 0 0 0 0
"155" 155 0.674107142857 28 4 2 1 1 1 1 1 0 0 0 0 0 0 0 0 0 0 0 0
"156" 156 0.129353233831 27 8 2 2 0 0 0 0 0 0 0 0 0 0 0 0 0 0 0 0
"157" 157 0.365019011407 24 6 6 2 1 0 0 0 0 0 0 0 0 0 0 0 0 0 0 0
"158" 158 0.385650224215 37 1 1 0 0 0 0 0 0 0 0 0 0 0 0 0 0 0 0 0
"159" 159 0.120437956204 39 0 0 0 0 0 0 0 0 0 0 0 0 0 0 0 0 0 0 0
"160" 160 0.627906976744 12 12 7 6 2 0 0 0 0 0 0 0 0 0 0 0 0 0 0 0
"161" 161 0.0569948186528 39 0 0 0 0 0 0 0 0 0 0 0 0 0 0 0 0 0 0 0
"162" 162 0.0 39 0 0 0 0 0 0 0 0 0 0 0 0 0 0 0 0 0 0 0
"163" 163 0.287179487179 18 11 6 2 1 1 0 0 0 0 0 0 0 0 0 0 0 0 0 0
"164" 164 0.665178571429 17 15 3 2 1 1 0 0 0 0 0 0 0 0 0 0 0 0 0 0
"165" 165 0.705357142857 31 3 2 1 1 1 0 0 0 0 0 0 0 0 0 0 0 0 0 0
"166" 166 0.0581395348837 34 3 1 1 0 0 0 0 0 0 0 0 0 0 0 0 0 0 0 0
"167" 167 0.0 34 3 2 0 0 0 0 0 0 0 0 0 0 0 0 0 0 0 0 0
"168" 168 0.443708609272 15 4 4 4 3 2 2 1 1 1 1 1 0 0 0 0 0 0 0 0
"169" 169 0.31223628692 19 8 6 2 2 1 1 0 0 0 0 0 0 0 0 0 0 0 0 0
"170" 170 0.0766423357664 39 0 0 0 0 0 0 0 0 0 0 0 0 0 0 0 0 0 0 0
"171" 171 0.0796019900498 33 5 1 0 0 0 0 0 0 0 0 0 0 0 0 0 0 0 0 0
"172" 172 0.459821428571 15 12 4 3 3 1 1 0 0 0 0 0 0 0 0 0 0 0 0 0
"173" 173 0.0919540229885 39 0 0 0 0 0 0 0 0 0 0 0 0 0 0 0 0 0 0 0
"174" 174 0.0666666666667 20 19 0 0 0 0 0 0 0 0 0 0 0 0 0 0 0 0 0 0
"175" 175 0.334862385321 10 8 5 4 2 2 2 2 1 1 1 1 0 0 0 0 0 0 0 0
"176" 176 0.594936708861 16 8 8 3 2 1 1 0 0 0 0 0 0 0 0 0 0 0 0 0
"177" 177 0.174887892377 27 4 3 2 2 1 0 0 0 0 0 0 0 0 0 0 0 0 0 0
"178" 178 0.186046511628 26 5 3 3 2 0 0 0 0 0 0 0 0 0 0 0 0 0 0 0
"179" 179 0.470852017937 12 7 6 5 4 1 1 1 1 1 0 0 0 0 0 0 0 0 0 0
"180" 180 0.301886792453 39 0 0 0 0 0 0 0 0 0 0 0 0 0 0 0 0 0 0 0
"181" 181 0.0348258706468 33 5 1 0 0 0 0 0 0 0 0 0 0 0 0 0 0 0 0 0
"182" 182 0.109452736318 20 12 4 2 1 0 0 0 0 0 0 0 0 0 0 0 0 0 0 0
"183" 183 0.455958549223 21 8 3 3 2 1 1 0 0 0 0 0 0 0 0 0 0 0 0 0
"184" 184 0.125523012552 23 14 2 0 0 0 0 0 0 0 0 0 0 0 0 0 0 0 0 0
"185" 185 0.00380228136882 39 0 0 0 0 0 0 0 0 0 0 0 0 0 0 0 0 0 0 0
"186" 186 0.503311258278 12 9 5 3 3 2 1 1 1 1 1 0 0 0 0 0 0 0 0 0
"187" 187 0.651785714286 18 10 4 3 1 1 1 1 0 0 0 0 0 0 0 0 0 0 0 0
"188" 188 0.329113924051 19 5 4 3 3 2 2 1 0 0 0 0 0 0 0 0 0 0 0 0
"189" 189 0.615384615385 31 5 1 1 1 0 0 0 0 0 0 0 0 0 0 0 0 0 0 0
"190" 190 0.15969581749 16 8 6 6 2 1 0 0 0 0 0 0 0 0 0 0 0 0 0 0
"191" 191 0.179104477612 32 4 1 1 1 0 0 0 0 0 0 0 0 0 0 0 0 0 0 0
"192" 192 0.077519379845 7 5 5 4 3 3 3 2 2 2 2 1 0 0 0 0 0 0 0 0
"193" 193 0.487179487179 11 9 5 5 3 1 1 1 1 1 1 0 0 0 0 0 0 0 0 0
"194" 194 0.0402298850575 21 14 3 1 0 0 0 0 0 0 0 0 0 0 0 0 0 0 0 0
"195" 195 0.405128205128 20 13 3 1 1 1 0 0 0 0 0 0 0 0 0 0 0 0 0 0
"196" 196 0.0288461538462 38 1 0 0 0 0 0 0 0 0 0 0 0 0 0 0 0 0 0 0
"197" 197 0.408071748879 8 7 6 6 5 2 1 1 1 1 1 0 0 0 0 0 0 0 0 0
"198" 198 0.29197080292 17 8 5 3 2 2 1 1 0 0 0 0 0 0 0 0 0 0 0 0
"199" 199 0.616580310881 19 8 6 4 1 1 0 0 0 0 0 0 0 0 0 0 0 0 0 0
"200" 200 0.243654822335 35 1 1 1 1 0 0 0 0 0 0 0 0 0 0 0 0 0 0 0
"201" 201 0.488789237668 13 11 6 3 2 1 1 1 1 0 0 0 0 0 0 0 0 0 0 0
"202" 202 0.414507772021 13 10 8 2 1 1 1 1 1 1 0 0 0 0 0 0 0 0 0 0
"203" 203 0.0229885057471 36 2 1 0 0 0 0 0 0 0 0 0 0 0 0 0 0 0 0 0
"204" 204 0.0456273764259 26 5 4 2 1 1 0 0 0 0 0 0 0 0 0 0 0 0 0 0
"205" 205 0.333333333333 16 7 4 3 3 2 2 1 1 0 0 0 0 0 0 0 0 0 0 0
"206" 206 0.295336787565 23 4 4 2 2 2 1 1 0 0 0 0 0 0 0 0 0 0 0 0
"207" 207 0.00574712643678 26 10 3 0 0 0 0 0 0 0 0 0 0 0 0 0 0 0 0 0
"208" 208 0.37552742616 12 5 4 3 3 2 2 2 1 1 1 1 1 0 0 0 0 0 0 0
"209" 209 0.683937823834 12 6 6 4 3 2 2 1 1 0 0 0 0 0 0 0 0 0 0 0
"210" 210 0.203980099502 11 10 8 5 3 0 0 0 0 0 0 0 0 0 0 0 0 0 0 0
"211" 211 0.00497512437811 30 6 1 0 0 0 0 0 0 0 0 0 0 0 0 0 0 0 0 0
"212" 212 0.576923076923 12 4 3 3 3 2 1 1 1 0 0 0 0 0 0 0 0 0 0 0
"213" 213 0.807692307692 8 5 3 2 1 1 0 0 0 0 0 0 0 0 0 0 0 0 0 0
"214" 214 0.10447761194 11 3 1 1 0 0 0 0 0 0 0 0 0 0 0 0 0 0 0 0
"215" 215 0.881856540084 7 1 1 0 0 0 0 0 0 0 0 0 0 0 0 0 0 0 0 0
