"site" "RSA" "aa1" "aa2" "aa3" "aa4" "aa5" "aa6" "aa7" "aa8" "aa9" "aa10" "aa11" "aa12" "aa13" "aa14" "aa15" "aa16" "aa17" "aa18" "aa19" "aa20"
"0" 0 0.79274611399 347 153 0 0 0 0 0 0 0 0 0 0 0 0 0 0 0 0 0 0
"1" 1 0.593908629442 219 181 98 2 0 0 0 0 0 0 0 0 0 0 0 0 0 0 0 0
"2" 2 0.611398963731 403 95 1 1 0 0 0 0 0 0 0 0 0 0 0 0 0 0 0 0
"3" 3 0.43023255814 279 221 0 0 0 0 0 0 0 0 0 0 0 0 0 0 0 0 0 0
"4" 4 0.512437810945 365 70 56 8 1 0 0 0 0 0 0 0 0 0 0 0 0 0 0 0
"5" 5 0.548223350254 224 206 52 18 0 0 0 0 0 0 0 0 0 0 0 0 0 0 0 0
"6" 6 0.403973509934 350 132 18 0 0 0 0 0 0 0 0 0 0 0 0 0 0 0 0 0
"7" 7 0.410256410256 371 115 14 0 0 0 0 0 0 0 0 0 0 0 0 0 0 0 0 0
"8" 8 0.502564102564 383 111 5 1 0 0 0 0 0 0 0 0 0 0 0 0 0 0 0 0
"9" 9 0.410852713178 358 74 56 10 2 0 0 0 0 0 0 0 0 0 0 0 0 0 0 0
"10" 10 0.567164179104 401 44 28 16 11 0 0 0 0 0 0 0 0 0 0 0 0 0 0 0
"11" 11 0.418439716312 367 96 16 11 9 1 0 0 0 0 0 0 0 0 0 0 0 0 0 0
"12" 12 0.271523178808 264 133 66 37 0 0 0 0 0 0 0 0 0 0 0 0 0 0 0 0
"13" 13 0.497890295359 391 57 51 1 0 0 0 0 0 0 0 0 0 0 0 0 0 0 0 0
"14" 14 0.422018348624 375 61 44 20 0 0 0 0 0 0 0 0 0 0 0 0 0 0 0 0
"15" 15 0.10447761194 329 84 38 25 15 7 1 1 0 0 0 0 0 0 0 0 0 0 0 0
"16" 16 0.436781609195 391 49 34 12 10 3 1 0 0 0 0 0 0 0 0 0 0 0 0 0
"17" 17 0.549107142857 458 15 12 10 5 0 0 0 0 0 0 0 0 0 0 0 0 0 0 0
"18" 18 0.709821428571 457 17 13 12 1 0 0 0 0 0 0 0 0 0 0 0 0 0 0 0
"19" 19 0.450777202073 462 20 13 5 0 0 0 0 0 0 0 0 0 0 0 0 0 0 0 0
"20" 20 0.465408805031 500 0 0 0 0 0 0 0 0 0 0 0 0 0 0 0 0 0 0 0
"21" 21 0.125 471 20 5 2 2 0 0 0 0 0 0 0 0 0 0 0 0 0 0 0
"22" 22 0.26359832636 469 10 8 7 3 2 1 0 0 0 0 0 0 0 0 0 0 0 0 0
"23" 23 0.301255230126 493 4 2 1 0 0 0 0 0 0 0 0 0 0 0 0 0 0 0 0
"24" 24 0.526785714286 491 4 3 2 0 0 0 0 0 0 0 0 0 0 0 0 0 0 0 0
"25" 25 0.464135021097 238 175 38 25 24 0 0 0 0 0 0 0 0 0 0 0 0 0 0 0
"26" 26 0.402985074627 480 6 6 5 3 0 0 0 0 0 0 0 0 0 0 0 0 0 0 0
"27" 27 0.627906976744 500 0 0 0 0 0 0 0 0 0 0 0 0 0 0 0 0 0 0 0
"28" 28 0.497757847534 474 26 0 0 0 0 0 0 0 0 0 0 0 0 0 0 0 0 0 0
"29" 29 0.736434108527 409 91 0 0 0 0 0 0 0 0 0 0 0 0 0 0 0 0 0 0
"30" 30 0.618834080717 254 153 51 14 11 9 5 2 1 0 0 0 0 0 0 0 0 0 0 0
"31" 31 0.561181434599 316 117 67 0 0 0 0 0 0 0 0 0 0 0 0 0 0 0 0 0
"32" 32 0.132075471698 500 0 0 0 0 0 0 0 0 0 0 0 0 0 0 0 0 0 0 0
"33" 33 0.441605839416 314 172 10 3 1 0 0 0 0 0 0 0 0 0 0 0 0 0 0 0
"34" 34 0.175732217573 482 14 3 1 0 0 0 0 0 0 0 0 0 0 0 0 0 0 0 0
"35" 35 0.0 413 44 42 1 0 0 0 0 0 0 0 0 0 0 0 0 0 0 0 0
"36" 36 0.0141843971631 483 6 4 3 2 1 1 0 0 0 0 0 0 0 0 0 0 0 0 0
"37" 37 0.0 500 0 0 0 0 0 0 0 0 0 0 0 0 0 0 0 0 0 0 0
"38" 38 0.00961538461538 472 27 1 0 0 0 0 0 0 0 0 0 0 0 0 0 0 0 0 0
"39" 39 0.0189873417722 498 2 0 0 0 0 0 0 0 0 0 0 0 0 0 0 0 0 0 0
"40" 40 0.430463576159 342 70 58 14 11 5 0 0 0 0 0 0 0 0 0 0 0 0 0 0
"41" 41 0.40414507772 187 152 72 36 28 19 3 2 1 0 0 0 0 0 0 0 0 0 0 0
"42" 42 0.23178807947 378 52 40 30 0 0 0 0 0 0 0 0 0 0 0 0 0 0 0 0
"43" 43 0.551094890511 404 45 26 11 7 2 2 1 1 1 0 0 0 0 0 0 0 0 0 0
"44" 44 0.166666666667 256 244 0 0 0 0 0 0 0 0 0 0 0 0 0 0 0 0 0 0
"45" 45 0.364779874214 497 3 0 0 0 0 0 0 0 0 0 0 0 0 0 0 0 0 0 0
"46" 46 0.0 261 227 7 3 1 1 0 0 0 0 0 0 0 0 0 0 0 0 0 0
"47" 47 0.294642857143 373 83 41 3 0 0 0 0 0 0 0 0 0 0 0 0 0 0 0 0
"48" 48 0.748175182482 500 0 0 0 0 0 0 0 0 0 0 0 0 0 0 0 0 0 0 0
"49" 49 0.1592039801 430 66 3 1 0 0 0 0 0 0 0 0 0 0 0 0 0 0 0 0
"50" 50 0.28488372093 482 16 2 0 0 0 0 0 0 0 0 0 0 0 0 0 0 0 0 0
"51" 51 0.538461538462 500 0 0 0 0 0 0 0 0 0 0 0 0 0 0 0 0 0 0 0
"52" 52 0.124378109453 373 74 39 5 4 3 2 0 0 0 0 0 0 0 0 0 0 0 0 0
"53" 53 0.459821428571 421 43 16 14 3 2 1 0 0 0 0 0 0 0 0 0 0 0 0 0
"54" 54 0.534591194969 413 83 4 0 0 0 0 0 0 0 0 0 0 0 0 0 0 0 0 0
"55" 55 0.384615384615 500 0 0 0 0 0 0 0 0 0 0 0 0 0 0 0 0 0 0 0
"56" 56 0.290178571429 312 100 37 30 13 6 2 0 0 0 0 0 0 0 0 0 0 0 0 0
"57" 57 0.089552238806 277 122 41 37 21 1 1 0 0 0 0 0 0 0 0 0 0 0 0 0
"58" 58 0.255230125523 211 167 63 44 11 3 1 0 0 0 0 0 0 0 0 0 0 0 0 0
"59" 59 0.333333333333 236 220 40 3 1 0 0 0 0 0 0 0 0 0 0 0 0 0 0 0
"60" 60 0.0765550239234 294 129 50 18 4 2 2 1 0 0 0 0 0 0 0 0 0 0 0 0
"61" 61 0.251824817518 472 22 6 0 0 0 0 0 0 0 0 0 0 0 0 0 0 0 0 0
"62" 62 0.0769230769231 500 0 0 0 0 0 0 0 0 0 0 0 0 0 0 0 0 0 0 0
"63" 63 0.293103448276 215 93 71 39 30 15 14 11 5 4 1 1 1 0 0 0 0 0 0 0
"64" 64 0.0 500 0 0 0 0 0 0 0 0 0 0 0 0 0 0 0 0 0 0 0
"65" 65 0.0102564102564 487 10 3 0 0 0 0 0 0 0 0 0 0 0 0 0 0 0 0 0
"66" 66 0.0 356 47 42 42 7 2 2 1 1 0 0 0 0 0 0 0 0 0 0 0
"67" 67 0.0114942528736 500 0 0 0 0 0 0 0 0 0 0 0 0 0 0 0 0 0 0 0
"68" 68 0.0659898477157 270 91 66 63 4 3 2 1 0 0 0 0 0 0 0 0 0 0 0 0
"69" 69 0.622009569378 381 119 0 0 0 0 0 0 0 0 0 0 0 0 0 0 0 0 0 0
"70" 70 0.720930232558 376 116 4 3 1 0 0 0 0 0 0 0 0 0 0 0 0 0 0 0
"71" 71 0.150259067358 493 7 0 0 0 0 0 0 0 0 0 0 0 0 0 0 0 0 0 0
"72" 72 0.616915422886 500 0 0 0 0 0 0 0 0 0 0 0 0 0 0 0 0 0 0 0
"73" 73 0.517948717949 272 227 1 0 0 0 0 0 0 0 0 0 0 0 0 0 0 0 0 0
"74" 74 0.0 284 137 44 14 11 6 4 0 0 0 0 0 0 0 0 0 0 0 0 0
"75" 75 0.169154228856 498 2 0 0 0 0 0 0 0 0 0 0 0 0 0 0 0 0 0 0
"76" 76 0.403973509934 272 131 96 1 0 0 0 0 0 0 0 0 0 0 0 0 0 0 0 0
"77" 77 0.149425287356 294 112 61 9 9 3 3 3 3 2 1 0 0 0 0 0 0 0 0 0
"78" 78 0.0 445 37 18 0 0 0 0 0 0 0 0 0 0 0 0 0 0 0 0 0
"79" 79 0.345291479821 192 119 95 86 4 3 1 0 0 0 0 0 0 0 0 0 0 0 0 0
"80" 80 0.41825095057 123 115 115 112 30 4 1 0 0 0 0 0 0 0 0 0 0 0 0 0
"81" 81 0.0 458 42 0 0 0 0 0 0 0 0 0 0 0 0 0 0 0 0 0 0
"82" 82 0.0 370 112 11 7 0 0 0 0 0 0 0 0 0 0 0 0 0 0 0 0
"83" 83 0.295336787565 189 155 100 47 4 3 2 0 0 0 0 0 0 0 0 0 0 0 0 0
"84" 84 0.373563218391 378 121 1 0 0 0 0 0 0 0 0 0 0 0 0 0 0 0 0 0
"85" 85 0.0995024875622 240 213 28 13 3 1 1 1 0 0 0 0 0 0 0 0 0 0 0 0
"86" 86 0.513392857143 156 133 87 66 53 3 2 0 0 0 0 0 0 0 0 0 0 0 0 0
"87" 87 0.0 500 0 0 0 0 0 0 0 0 0 0 0 0 0 0 0 0 0 0 0
"88" 88 0.379464285714 135 122 102 88 50 3 0 0 0 0 0 0 0 0 0 0 0 0 0 0
"89" 89 0.200956937799 254 224 19 2 1 0 0 0 0 0 0 0 0 0 0 0 0 0 0 0
"90" 90 0.0 483 17 0 0 0 0 0 0 0 0 0 0 0 0 0 0 0 0 0 0
"91" 91 0.0355329949239 492 4 2 1 1 0 0 0 0 0 0 0 0 0 0 0 0 0 0 0
"92" 92 0.00507614213198 500 0 0 0 0 0 0 0 0 0 0 0 0 0 0 0 0 0 0 0
"93" 93 0.0253164556962 424 69 6 1 0 0 0 0 0 0 0 0 0 0 0 0 0 0 0 0
"94" 94 0.0 481 9 9 1 0 0 0 0 0 0 0 0 0 0 0 0 0 0 0 0
"95" 95 0.0478468899522 230 177 35 32 23 2 1 0 0 0 0 0 0 0 0 0 0 0 0 0
"96" 96 0.106463878327 288 122 60 24 3 2 1 0 0 0 0 0 0 0 0 0 0 0 0 0
"97" 97 0.557692307692 500 0 0 0 0 0 0 0 0 0 0 0 0 0 0 0 0 0 0 0
"98" 98 0.0189873417722 430 64 3 2 1 0 0 0 0 0 0 0 0 0 0 0 0 0 0 0
"99" 99 0.384615384615 361 118 7 6 3 3 2 0 0 0 0 0 0 0 0 0 0 0 0 0
"100" 100 0.0576923076923 322 178 0 0 0 0 0 0 0 0 0 0 0 0 0 0 0 0 0 0
"101" 101 0.0287356321839 217 156 97 30 0 0 0 0 0 0 0 0 0 0 0 0 0 0 0 0
"102" 102 0.363228699552 370 55 49 17 6 1 1 1 0 0 0 0 0 0 0 0 0 0 0 0
"103" 103 0.100775193798 198 89 52 39 38 35 18 14 5 4 4 4 0 0 0 0 0 0 0 0
"104" 104 0.0697674418605 500 0 0 0 0 0 0 0 0 0 0 0 0 0 0 0 0 0 0 0
"105" 105 0.229885057471 253 195 20 14 7 4 3 2 1 1 0 0 0 0 0 0 0 0 0 0
"106" 106 0.486607142857 178 133 82 49 33 14 6 4 1 0 0 0 0 0 0 0 0 0 0 0
"107" 107 0.476923076923 424 30 27 7 7 4 1 0 0 0 0 0 0 0 0 0 0 0 0 0
"108" 108 0.283018867925 179 158 93 53 11 4 1 1 0 0 0 0 0 0 0 0 0 0 0 0
"109" 109 0.857142857143 494 6 0 0 0 0 0 0 0 0 0 0 0 0 0 0 0 0 0 0
"110" 110 0.477611940299 210 59 45 40 39 38 37 22 6 2 1 1 0 0 0 0 0 0 0 0
"111" 111 0.442307692308 500 0 0 0 0 0 0 0 0 0 0 0 0 0 0 0 0 0 0 0
"112" 112 0.756218905473 290 210 0 0 0 0 0 0 0 0 0 0 0 0 0 0 0 0 0 0
"113" 113 0.269035532995 219 84 73 54 46 13 6 2 1 1 1 0 0 0 0 0 0 0 0 0
"114" 114 0.148717948718 324 72 39 35 22 4 2 1 1 0 0 0 0 0 0 0 0 0 0 0
"115" 115 0.523076923077 321 98 81 0 0 0 0 0 0 0 0 0 0 0 0 0 0 0 0 0
"116" 116 0.234042553191 150 128 91 73 29 28 1 0 0 0 0 0 0 0 0 0 0 0 0 0
"117" 117 0.0199004975124 185 172 125 17 1 0 0 0 0 0 0 0 0 0 0 0 0 0 0 0
"118" 118 0.393034825871 393 99 4 3 1 0 0 0 0 0 0 0 0 0 0 0 0 0 0 0
"119" 119 0.358851674641 310 72 49 24 12 10 8 6 4 4 1 0 0 0 0 0 0 0 0 0
"120" 120 0.0 498 2 0 0 0 0 0 0 0 0 0 0 0 0 0 0 0 0 0 0
"121" 121 0.375912408759 435 18 16 14 9 5 2 1 0 0 0 0 0 0 0 0 0 0 0 0
"122" 122 0.528497409326 462 20 17 1 0 0 0 0 0 0 0 0 0 0 0 0 0 0 0 0
"123" 123 0.0609137055838 498 2 0 0 0 0 0 0 0 0 0 0 0 0 0 0 0 0 0 0
"124" 124 0.205673758865 217 194 28 24 14 12 4 4 2 1 0 0 0 0 0 0 0 0 0 0
"125" 125 0.456066945607 457 17 16 5 5 0 0 0 0 0 0 0 0 0 0 0 0 0 0 0
"126" 126 0.497890295359 498 1 1 0 0 0 0 0 0 0 0 0 0 0 0 0 0 0 0 0
"127" 127 0.0622009569378 238 217 38 7 0 0 0 0 0 0 0 0 0 0 0 0 0 0 0 0
"128" 128 0.423841059603 471 21 8 0 0 0 0 0 0 0 0 0 0 0 0 0 0 0 0 0
"129" 129 0.615894039735 418 67 8 7 0 0 0 0 0 0 0 0 0 0 0 0 0 0 0 0
"130" 130 0.0398009950249 358 128 7 6 1 0 0 0 0 0 0 0 0 0 0 0 0 0 0 0
"131" 131 0.0199004975124 499 1 0 0 0 0 0 0 0 0 0 0 0 0 0 0 0 0 0 0
"132" 132 0.413461538462 454 34 8 4 0 0 0 0 0 0 0 0 0 0 0 0 0 0 0 0
"133" 133 0.59375 445 50 3 2 0 0 0 0 0 0 0 0 0 0 0 0 0 0 0 0
"134" 134 0.178899082569 420 67 11 2 0 0 0 0 0 0 0 0 0 0 0 0 0 0 0 0
"135" 135 0.433962264151 199 117 63 60 30 17 12 2 0 0 0 0 0 0 0 0 0 0 0 0
"136" 136 0.614349775785 325 170 5 0 0 0 0 0 0 0 0 0 0 0 0 0 0 0 0 0
"137" 137 0.607142857143 282 134 55 29 0 0 0 0 0 0 0 0 0 0 0 0 0 0 0 0
"138" 138 0.430656934307 487 9 4 0 0 0 0 0 0 0 0 0 0 0 0 0 0 0 0 0
"139" 139 0.20802919708 500 0 0 0 0 0 0 0 0 0 0 0 0 0 0 0 0 0 0 0
"140" 140 0.228855721393 332 65 35 33 13 13 6 2 1 0 0 0 0 0 0 0 0 0 0 0
"141" 141 0.212435233161 374 57 45 14 7 1 1 1 0 0 0 0 0 0 0 0 0 0 0 0
"142" 142 0.0988372093023 429 39 29 2 1 0 0 0 0 0 0 0 0 0 0 0 0 0 0 0
"143" 143 0.0 496 2 2 0 0 0 0 0 0 0 0 0 0 0 0 0 0 0 0 0
"144" 144 0.0253164556962 382 82 29 4 2 1 0 0 0 0 0 0 0 0 0 0 0 0 0 0
"145" 145 0.0892857142857 207 176 83 26 5 1 1 1 0 0 0 0 0 0 0 0 0 0 0 0
"146" 146 0.0 366 128 5 1 0 0 0 0 0 0 0 0 0 0 0 0 0 0 0 0
"147" 147 0.00512820512821 341 126 25 4 3 1 0 0 0 0 0 0 0 0 0 0 0 0 0 0
"148" 148 0.0 230 135 104 17 13 1 0 0 0 0 0 0 0 0 0 0 0 0 0 0
"149" 149 0.0137614678899 496 2 1 1 0 0 0 0 0 0 0 0 0 0 0 0 0 0 0 0
"150" 150 0.0535714285714 480 19 1 0 0 0 0 0 0 0 0 0 0 0 0 0 0 0 0 0
"151" 151 0.0179372197309 317 174 5 2 1 1 0 0 0 0 0 0 0 0 0 0 0 0 0 0
"152" 152 0.0172413793103 374 123 2 1 0 0 0 0 0 0 0 0 0 0 0 0 0 0 0 0
"153" 153 0.19391634981 373 85 29 10 3 0 0 0 0 0 0 0 0 0 0 0 0 0 0 0
"154" 154 0.133333333333 421 50 19 8 1 1 0 0 0 0 0 0 0 0 0 0 0 0 0 0
"155" 155 0.0 463 36 1 0 0 0 0 0 0 0 0 0 0 0 0 0 0 0 0 0
"156" 156 0.0 430 56 12 2 0 0 0 0 0 0 0 0 0 0 0 0 0 0 0 0
"157" 157 0.334928229665 385 34 32 21 11 5 4 3 3 1 1 0 0 0 0 0 0 0 0 0
"158" 158 0.105960264901 500 0 0 0 0 0 0 0 0 0 0 0 0 0 0 0 0 0 0 0
"159" 159 0.686046511628 473 16 11 0 0 0 0 0 0 0 0 0 0 0 0 0 0 0 0 0
"160" 160 0.0964467005076 496 4 0 0 0 0 0 0 0 0 0 0 0 0 0 0 0 0 0 0
"161" 161 0.0 498 1 1 0 0 0 0 0 0 0 0 0 0 0 0 0 0 0 0 0
"162" 162 0.233183856502 458 36 6 0 0 0 0 0 0 0 0 0 0 0 0 0 0 0 0 0
"163" 163 0.350993377483 364 104 28 2 1 1 0 0 0 0 0 0 0 0 0 0 0 0 0 0
"164" 164 0.0 492 8 0 0 0 0 0 0 0 0 0 0 0 0 0 0 0 0 0 0
"165" 165 0.0567375886525 488 12 0 0 0 0 0 0 0 0 0 0 0 0 0 0 0 0 0 0
"166" 166 0.662447257384 335 163 2 0 0 0 0 0 0 0 0 0 0 0 0 0 0 0 0 0
"167" 167 0.463503649635 391 56 53 0 0 0 0 0 0 0 0 0 0 0 0 0 0 0 0 0
"168" 168 0.423076923077 500 0 0 0 0 0 0 0 0 0 0 0 0 0 0 0 0 0 0 0
"169" 169 0.170403587444 456 14 10 10 7 3 0 0 0 0 0 0 0 0 0 0 0 0 0 0
"170" 170 0.725738396624 305 191 4 0 0 0 0 0 0 0 0 0 0 0 0 0 0 0 0 0
"171" 171 0.0114942528736 374 119 7 0 0 0 0 0 0 0 0 0 0 0 0 0 0 0 0 0
"172" 172 0.151162790698 196 119 65 59 37 15 5 4 0 0 0 0 0 0 0 0 0 0 0 0
"173" 173 0.0 426 35 35 1 1 1 1 0 0 0 0 0 0 0 0 0 0 0 0 0
"174" 174 0.124401913876 268 130 75 12 8 6 1 0 0 0 0 0 0 0 0 0 0 0 0 0
"175" 175 0.0 374 104 20 2 0 0 0 0 0 0 0 0 0 0 0 0 0 0 0 0
"176" 176 0.184397163121 330 80 47 18 11 11 2 1 0 0 0 0 0 0 0 0 0 0 0 0
"177" 177 0.0 362 81 35 12 5 4 1 0 0 0 0 0 0 0 0 0 0 0 0 0
"178" 178 0.0380228136882 500 0 0 0 0 0 0 0 0 0 0 0 0 0 0 0 0 0 0 0
"179" 179 0.125 181 166 57 50 24 16 4 1 1 0 0 0 0 0 0 0 0 0 0 0
"180" 180 0.38578680203 324 138 21 8 7 1 1 0 0 0 0 0 0 0 0 0 0 0 0 0
"181" 181 0.870813397129 214 160 65 34 25 2 0 0 0 0 0 0 0 0 0 0 0 0 0 0
"182" 182 0.59585492228 493 4 3 0 0 0 0 0 0 0 0 0 0 0 0 0 0 0 0 0
"183" 183 0.25 500 0 0 0 0 0 0 0 0 0 0 0 0 0 0 0 0 0 0 0
"184" 184 0.597014925373 330 165 5 0 0 0 0 0 0 0 0 0 0 0 0 0 0 0 0 0
"185" 185 0.238805970149 335 74 43 19 17 3 3 2 2 1 1 0 0 0 0 0 0 0 0 0
"186" 186 0.441605839416 346 87 46 13 8 0 0 0 0 0 0 0 0 0 0 0 0 0 0 0
"187" 187 0.430051813472 326 132 33 8 1 0 0 0 0 0 0 0 0 0 0 0 0 0 0 0
"188" 188 0.109452736318 447 36 11 5 1 0 0 0 0 0 0 0 0 0 0 0 0 0 0 0
"189" 189 0.414507772021 465 33 1 1 0 0 0 0 0 0 0 0 0 0 0 0 0 0 0 0
"190" 190 0.0229885057471 259 220 20 1 0 0 0 0 0 0 0 0 0 0 0 0 0 0 0 0
"191" 191 0.197674418605 200 159 64 53 9 6 4 3 2 0 0 0 0 0 0 0 0 0 0 0
"192" 192 0.0 492 8 0 0 0 0 0 0 0 0 0 0 0 0 0 0 0 0 0 0
"193" 193 0.43023255814 190 147 62 53 47 1 0 0 0 0 0 0 0 0 0 0 0 0 0 0
"194" 194 0.266666666667 475 18 7 0 0 0 0 0 0 0 0 0 0 0 0 0 0 0 0 0
"195" 195 0.321167883212 335 134 17 7 3 2 1 1 0 0 0 0 0 0 0 0 0 0 0 0
"196" 196 0.486607142857 399 100 1 0 0 0 0 0 0 0 0 0 0 0 0 0 0 0 0 0
"197" 197 0.191860465116 478 19 2 1 0 0 0 0 0 0 0 0 0 0 0 0 0 0 0 0
"198" 198 0.0199004975124 404 56 15 14 11 0 0 0 0 0 0 0 0 0 0 0 0 0 0 0
"199" 199 0.25 203 179 87 31 0 0 0 0 0 0 0 0 0 0 0 0 0 0 0 0
"200" 200 0.367713004484 311 117 56 10 3 3 0 0 0 0 0 0 0 0 0 0 0 0 0 0
"201" 201 0.175182481752 498 1 1 0 0 0 0 0 0 0 0 0 0 0 0 0 0 0 0 0
"202" 202 0.102661596958 448 25 12 5 5 1 1 1 1 1 0 0 0 0 0 0 0 0 0 0
"203" 203 0.521897810219 183 175 141 1 0 0 0 0 0 0 0 0 0 0 0 0 0 0 0 0
"204" 204 0.354066985646 283 133 50 19 14 1 0 0 0 0 0 0 0 0 0 0 0 0 0 0
"205" 205 0.0769230769231 365 135 0 0 0 0 0 0 0 0 0 0 0 0 0 0 0 0 0 0
"206" 206 0.0761421319797 451 20 17 6 4 1 1 0 0 0 0 0 0 0 0 0 0 0 0 0
"207" 207 0.311258278146 243 94 80 68 9 6 0 0 0 0 0 0 0 0 0 0 0 0 0 0
"208" 208 0.394871794872 355 109 17 12 4 3 0 0 0 0 0 0 0 0 0 0 0 0 0 0
"209" 209 0.149253731343 443 51 2 1 1 1 1 0 0 0 0 0 0 0 0 0 0 0 0 0
"210" 210 0.493670886076 366 127 7 0 0 0 0 0 0 0 0 0 0 0 0 0 0 0 0 0
"211" 211 0.716417910448 135 132 101 79 49 3 1 0 0 0 0 0 0 0 0 0 0 0 0 0
"212" 212 0.835443037975 487 13 0 0 0 0 0 0 0 0 0 0 0 0 0 0 0 0 0 0
