"site" "RSA" "aa1" "aa2" "aa3" "aa4" "aa5" "aa6" "aa7" "aa8" "aa9" "aa10" "aa11" "aa12" "aa13" "aa14" "aa15" "aa16" "aa17" "aa18" "aa19" "aa20"
"0" 0 0.740384615385 62 1 0 0 0 0 0 0 0 0 0 0 0 0 0 0 0 0 0 0
"1" 1 0.424870466321 48 10 3 1 1 0 0 0 0 0 0 0 0 0 0 0 0 0 0 0
"2" 2 0.124031007752 25 17 9 7 3 3 2 1 0 0 0 0 0 0 0 0 0 0 0 0
"3" 3 0.441964285714 25 16 11 5 4 2 1 1 1 0 0 0 0 0 0 0 0 0 0 0
"4" 4 0.209302325581 49 10 5 2 1 1 0 0 0 0 0 0 0 0 0 0 0 0 0 0
"5" 5 0.0 69 1 1 0 0 0 0 0 0 0 0 0 0 0 0 0 0 0 0 0
"6" 6 0.341772151899 32 26 10 1 1 1 0 0 0 0 0 0 0 0 0 0 0 0 0 0
"7" 7 0.573839662447 57 6 3 3 2 1 0 0 0 0 0 0 0 0 0 0 0 0 0 0
"8" 8 0.0964467005076 40 22 7 2 1 0 0 0 0 0 0 0 0 0 0 0 0 0 0 0
"9" 9 0.0543933054393 71 1 0 0 0 0 0 0 0 0 0 0 0 0 0 0 0 0 0 0
"10" 10 0.574712643678 35 22 5 3 3 2 1 1 0 0 0 0 0 0 0 0 0 0 0 0
"11" 11 0.659192825112 29 27 5 3 2 2 1 1 1 1 0 0 0 0 0 0 0 0 0 0
"12" 12 0.240506329114 42 26 2 1 1 0 0 0 0 0 0 0 0 0 0 0 0 0 0 0
"13" 13 0.139240506329 70 2 0 0 0 0 0 0 0 0 0 0 0 0 0 0 0 0 0 0
"14" 14 0.217054263566 48 9 3 3 2 2 2 1 1 1 0 0 0 0 0 0 0 0 0 0
"15" 15 0.677130044843 65 2 1 1 0 0 0 0 0 0 0 0 0 0 0 0 0 0 0 0
"16" 16 0.215189873418 71 1 0 0 0 0 0 0 0 0 0 0 0 0 0 0 0 0 0 0
"17" 17 0.124401913876 72 0 0 0 0 0 0 0 0 0 0 0 0 0 0 0 0 0 0 0
"18" 18 0.0639534883721 60 6 2 2 1 1 0 0 0 0 0 0 0 0 0 0 0 0 0 0
"19" 19 0.0344827586207 40 10 6 4 4 3 3 1 0 0 0 0 0 0 0 0 0 0 0 0
"20" 20 0.4375 42 10 5 4 4 2 1 1 1 0 0 0 0 0 0 0 0 0 0 0
"21" 21 0.590717299578 31 15 6 5 4 2 2 2 1 1 1 1 0 0 0 0 0 0 0 0
"22" 22 0.740384615385 61 3 2 2 1 1 1 1 1 0 0 0 0 0 0 0 0 0 0 0
"23" 23 0.115384615385 52 11 5 2 1 1 1 0 0 0 0 0 0 0 0 0 0 0 0 0
"24" 24 0.662447257384 30 12 12 9 3 2 2 1 1 1 0 0 0 0 0 0 0 0 0 0
"25" 25 0.33971291866 53 13 2 1 1 1 0 0 0 0 0 0 0 0 0 0 0 0 0 0
"26" 26 0.481012658228 69 2 1 1 0 0 0 0 0 0 0 0 0 0 0 0 0 0 0 0
"27" 27 0.633720930233 23 20 16 8 2 1 1 0 0 0 0 0 0 0 0 0 0 0 0 0
"28" 28 0.0673076923077 71 2 0 0 0 0 0 0 0 0 0 0 0 0 0 0 0 0 0 0
"29" 29 0.0817610062893 72 1 0 0 0 0 0 0 0 0 0 0 0 0 0 0 0 0 0 0
"30" 30 0.0820512820513 65 3 1 1 1 1 0 0 0 0 0 0 0 0 0 0 0 0 0 0
"31" 31 0.109452736318 71 1 0 0 0 0 0 0 0 0 0 0 0 0 0 0 0 0 0 0
"32" 32 0.294326241135 34 10 7 6 4 3 2 2 1 1 1 0 0 0 0 0 0 0 0 0
"33" 33 0.25 71 1 0 0 0 0 0 0 0 0 0 0 0 0 0 0 0 0 0 0
"34" 34 0.0497512437811 49 11 6 4 2 1 0 0 0 0 0 0 0 0 0 0 0 0 0 0
"35" 35 0.188284518828 53 9 4 3 2 1 1 0 0 0 0 0 0 0 0 0 0 0 0 0
"36" 36 0.586538461538 67 2 1 1 1 1 0 0 0 0 0 0 0 0 0 0 0 0 0 0
"37" 37 0.153284671533 62 5 2 2 1 1 0 0 0 0 0 0 0 0 0 0 0 0 0 0
"38" 38 0.438818565401 43 12 4 2 2 2 2 2 1 1 1 0 0 0 0 0 0 0 0 0
"39" 39 0.0116279069767 39 31 2 1 0 0 0 0 0 0 0 0 0 0 0 0 0 0 0 0
"40" 40 0.125 72 1 0 0 0 0 0 0 0 0 0 0 0 0 0 0 0 0 0 0
"41" 41 0.470852017937 41 16 10 3 1 1 1 0 0 0 0 0 0 0 0 0 0 0 0 0
"42" 42 0.046511627907 47 11 7 3 2 1 1 1 0 0 0 0 0 0 0 0 0 0 0 0
"43" 43 0.666666666667 22 21 14 6 5 2 2 1 0 0 0 0 0 0 0 0 0 0 0 0
"44" 44 0.721153846154 64 2 1 1 1 0 0 0 0 0 0 0 0 0 0 0 0 0 0 0
"45" 45 0.150627615063 39 33 1 0 0 0 0 0 0 0 0 0 0 0 0 0 0 0 0 0
"46" 46 0.622516556291 40 15 5 3 3 3 3 1 0 0 0 0 0 0 0 0 0 0 0 0
"47" 47 0.110266159696 71 1 1 0 0 0 0 0 0 0 0 0 0 0 0 0 0 0 0 0
"48" 48 0.174418604651 47 22 1 1 1 1 0 0 0 0 0 0 0 0 0 0 0 0 0 0
"49" 49 0.544041450777 43 9 5 3 3 3 3 2 2 0 0 0 0 0 0 0 0 0 0 0
"50" 50 0.22480620155 62 4 3 2 1 1 0 0 0 0 0 0 0 0 0 0 0 0 0 0
"51" 51 0.102564102564 66 2 2 1 1 0 0 0 0 0 0 0 0 0 0 0 0 0 0 0
"52" 52 0.371308016878 55 7 4 3 1 1 1 1 0 0 0 0 0 0 0 0 0 0 0 0
"53" 53 0.635897435897 34 10 6 6 4 3 3 3 1 1 1 0 0 0 0 0 0 0 0 0
"54" 54 0.333333333333 54 7 5 4 1 1 1 0 0 0 0 0 0 0 0 0 0 0 0 0
"55" 55 0.365384615385 56 8 5 1 1 1 1 0 0 0 0 0 0 0 0 0 0 0 0 0
"56" 56 0.224137931034 42 28 1 1 1 0 0 0 0 0 0 0 0 0 0 0 0 0 0 0
"57" 57 0.446700507614 40 11 10 3 3 2 1 1 1 1 0 0 0 0 0 0 0 0 0 0
"58" 58 0.0390070921986 71 2 0 0 0 0 0 0 0 0 0 0 0 0 0 0 0 0 0 0
"59" 59 0.291390728477 18 12 12 11 8 7 1 1 1 0 0 0 0 0 0 0 0 0 0 0
"60" 60 0.410714285714 49 5 4 3 3 2 2 1 1 1 0 0 0 0 0 0 0 0 0 0
"61" 61 0.665178571429 24 17 9 6 5 3 2 2 1 1 1 0 0 0 0 0 0 0 0 0
"62" 62 0.093023255814 57 5 4 2 2 2 1 0 0 0 0 0 0 0 0 0 0 0 0 0
"63" 63 0.0298507462687 65 7 1 0 0 0 0 0 0 0 0 0 0 0 0 0 0 0 0 0
"64" 64 0.155963302752 24 13 12 12 5 3 2 1 1 0 0 0 0 0 0 0 0 0 0 0
"65" 65 0.508928571429 35 15 10 3 2 2 2 1 1 1 1 0 0 0 0 0 0 0 0 0
"66" 66 0.0608365019011 72 1 0 0 0 0 0 0 0 0 0 0 0 0 0 0 0 0 0 0
"67" 67 0.0746268656716 71 1 1 0 0 0 0 0 0 0 0 0 0 0 0 0 0 0 0 0
"68" 68 0.34375 40 15 6 4 3 2 1 1 1 0 0 0 0 0 0 0 0 0 0 0
"69" 69 0.287179487179 61 7 2 1 1 1 0 0 0 0 0 0 0 0 0 0 0 0 0 0
"70" 70 0.0 72 1 0 0 0 0 0 0 0 0 0 0 0 0 0 0 0 0 0 0
"71" 71 0.632911392405 64 4 1 1 1 1 0 0 0 0 0 0 0 0 0 0 0 0 0 0
"72" 72 0.666666666667 67 1 1 1 1 1 0 0 0 0 0 0 0 0 0 0 0 0 0 0
"73" 73 0.06463878327 61 9 1 1 0 0 0 0 0 0 0 0 0 0 0 0 0 0 0 0
"74" 74 0.010152284264 65 3 3 1 0 0 0 0 0 0 0 0 0 0 0 0 0 0 0 0
"75" 75 0.591194968553 67 2 1 1 1 0 0 0 0 0 0 0 0 0 0 0 0 0 0 0
"76" 76 0.596153846154 66 2 1 1 1 1 0 0 0 0 0 0 0 0 0 0 0 0 0 0
"77" 77 0.0813953488372 68 1 1 1 0 0 0 0 0 0 0 0 0 0 0 0 0 0 0 0
"78" 78 0.46835443038 70 1 1 0 0 0 0 0 0 0 0 0 0 0 0 0 0 0 0 0
"79" 79 0.220183486239 72 0 0 0 0 0 0 0 0 0 0 0 0 0 0 0 0 0 0 0
"80" 80 0.756345177665 33 19 16 2 1 1 0 0 0 0 0 0 0 0 0 0 0 0 0 0
"81" 81 0.259414225941 71 1 0 0 0 0 0 0 0 0 0 0 0 0 0 0 0 0 0 0
"82" 82 0.666666666667 47 10 9 3 2 1 0 0 0 0 0 0 0 0 0 0 0 0 0 0
"83" 83 0.163461538462 68 2 1 1 0 0 0 0 0 0 0 0 0 0 0 0 0 0 0 0
"84" 84 0.010152284264 43 26 2 1 0 0 0 0 0 0 0 0 0 0 0 0 0 0 0 0
"85" 85 0.700421940928 70 1 1 0 0 0 0 0 0 0 0 0 0 0 0 0 0 0 0 0
"86" 86 0.556962025316 66 2 2 1 1 0 0 0 0 0 0 0 0 0 0 0 0 0 0 0
"87" 87 0.552742616034 18 16 13 8 5 4 2 1 1 1 0 0 0 0 0 0 0 0 0 0
"88" 88 0.403973509934 20 10 10 8 7 5 4 2 2 1 0 0 0 0 0 0 0 0 0 0
"89" 89 0.183035714286 42 24 2 1 1 0 0 0 0 0 0 0 0 0 0 0 0 0 0 0
"90" 90 0.113138686131 71 2 0 0 0 0 0 0 0 0 0 0 0 0 0 0 0 0 0 0
"91" 91 0.352678571429 37 15 5 5 3 2 1 1 1 1 1 1 0 0 0 0 0 0 0 0
"92" 92 0.165803108808 61 7 2 1 1 0 0 0 0 0 0 0 0 0 0 0 0 0 0 0
"93" 93 0.00497512437811 63 5 5 0 0 0 0 0 0 0 0 0 0 0 0 0 0 0 0 0
"94" 94 0.0203045685279 62 7 3 1 0 0 0 0 0 0 0 0 0 0 0 0 0 0 0 0
"95" 95 0.278481012658 47 11 4 3 2 1 1 1 0 0 0 0 0 0 0 0 0 0 0 0
"96" 96 0.110266159696 53 13 1 1 1 1 0 0 0 0 0 0 0 0 0 0 0 0 0 0
"97" 97 0.044776119403 59 4 3 1 1 1 0 0 0 0 0 0 0 0 0 0 0 0 0 0
"98" 98 0.354430379747 48 7 2 2 2 1 1 1 0 0 0 0 0 0 0 0 0 0 0 0
"99" 99 0.448430493274 19 16 8 7 5 2 1 1 1 0 0 0 0 0 0 0 0 0 0 0
"100" 100 0.131782945736 39 8 4 3 2 1 1 0 0 0 0 0 0 0 0 0 0 0 0 0
"101" 101 0.0 44 7 2 1 1 0 0 0 0 0 0 0 0 0 0 0 0 0 0 0
"102" 102 0.46357615894 14 11 6 4 1 0 0 0 0 0 0 0 0 0 0 0 0 0 0 0
"103" 103 0.801324503311 7 2 1 0 0 0 0 0 0 0 0 0 0 0 0 0 0 0 0 0
