"site" "RSA" "aa1" "aa2" "aa3" "aa4" "aa5" "aa6" "aa7" "aa8" "aa9" "aa10" "aa11" "aa12" "aa13" "aa14" "aa15" "aa16" "aa17" "aa18" "aa19" "aa20"
"0" 0 0.842767295597 15 0 0 0 0 0 0 0 0 0 0 0 0 0 0 0 0 0 0 0
"1" 1 0.122093023256 10 9 3 1 1 1 1 0 0 0 0 0 0 0 0 0 0 0 0 0
"2" 2 0.360465116279 70 8 2 0 0 0 0 0 0 0 0 0 0 0 0 0 0 0 0 0
"3" 3 0.147208121827 29 23 20 5 1 1 1 0 0 0 0 0 0 0 0 0 0 0 0 0
"4" 4 0.556291390728 30 15 10 8 5 3 2 2 1 1 1 1 1 0 0 0 0 0 0 0
"5" 5 0.223880597015 30 10 7 7 7 6 4 4 2 1 1 1 0 0 0 0 0 0 0 0
"6" 6 0.00995024875622 76 2 2 1 1 1 0 0 0 0 0 0 0 0 0 0 0 0 0 0
"7" 7 0.322869955157 22 14 13 8 5 3 3 3 2 2 2 1 1 1 1 1 1 0 0 0
"8" 8 0.409282700422 38 12 9 7 6 4 4 1 1 1 0 0 0 0 0 0 0 0 0 0
"9" 9 0.197718631179 37 12 12 8 3 3 3 2 1 1 1 0 0 0 0 0 0 0 0 0
"10" 10 0.101265822785 69 8 2 2 1 1 1 1 1 0 0 0 0 0 0 0 0 0 0 0
"11" 11 0.632286995516 31 24 8 8 7 3 2 2 1 0 0 0 0 0 0 0 0 0 0 0
"12" 12 0.34375 24 16 11 8 8 7 6 5 1 0 0 0 0 0 0 0 0 0 0 0
"13" 13 0.742616033755 59 11 8 2 2 2 1 1 0 0 0 0 0 0 0 0 0 0 0 0
"14" 14 0.286919831224 46 14 10 7 4 2 1 1 1 1 0 0 0 0 0 0 0 0 0 0
"15" 15 0.266423357664 76 4 4 2 1 0 0 0 0 0 0 0 0 0 0 0 0 0 0 0
"16" 16 0.0627615062762 45 38 2 1 1 0 0 0 0 0 0 0 0 0 0 0 0 0 0 0
"17" 17 0.100775193798 48 19 11 8 1 0 0 0 0 0 0 0 0 0 0 0 0 0 0 0
"18" 18 0.0174418604651 25 16 13 11 11 8 1 1 1 0 0 0 0 0 0 0 0 0 0 0
"19" 19 0.00507614213198 52 23 5 4 2 1 0 0 0 0 0 0 0 0 0 0 0 0 0 0
"20" 20 0.0174418604651 85 1 1 0 0 0 0 0 0 0 0 0 0 0 0 0 0 0 0 0
"21" 21 0.0 66 15 4 2 0 0 0 0 0 0 0 0 0 0 0 0 0 0 0 0
"22" 22 0.0114068441065 87 0 0 0 0 0 0 0 0 0 0 0 0 0 0 0 0 0 0 0
"23" 23 0.274611398964 84 3 0 0 0 0 0 0 0 0 0 0 0 0 0 0 0 0 0 0
"24" 24 0.441064638783 69 8 5 3 1 1 0 0 0 0 0 0 0 0 0 0 0 0 0 0
"25" 25 0.53642384106 52 21 4 3 2 2 2 1 0 0 0 0 0 0 0 0 0 0 0 0
"26" 26 0.188284518828 76 5 4 1 1 0 0 0 0 0 0 0 0 0 0 0 0 0 0 0
"27" 27 0.0 73 12 2 0 0 0 0 0 0 0 0 0 0 0 0 0 0 0 0 0
"28" 28 0.337552742616 20 19 17 9 7 4 2 2 2 2 1 1 1 0 0 0 0 0 0 0
"29" 29 0.0547263681592 53 10 7 6 5 3 1 1 1 0 0 0 0 0 0 0 0 0 0 0
"30" 30 0.0 31 16 15 10 7 4 1 1 1 1 0 0 0 0 0 0 0 0 0 0
"31" 31 0.217054263566 37 19 12 8 3 3 1 1 1 1 1 0 0 0 0 0 0 0 0 0
"32" 32 0.461139896373 24 12 11 10 7 6 4 4 3 2 2 1 1 0 0 0 0 0 0 0
"33" 33 0.196428571429 49 15 7 7 4 3 1 1 0 0 0 0 0 0 0 0 0 0 0 0
"34" 34 0.317307692308 76 5 2 1 1 1 1 0 0 0 0 0 0 0 0 0 0 0 0 0
"35" 35 0.0149253731343 51 22 5 4 3 2 0 0 0 0 0 0 0 0 0 0 0 0 0 0
"36" 36 0.287179487179 35 29 10 4 4 3 2 0 0 0 0 0 0 0 0 0 0 0 0 0
"37" 37 0.0574712643678 46 13 8 4 4 4 3 3 1 1 0 0 0 0 0 0 0 0 0 0
"38" 38 0.0045871559633 38 34 9 6 0 0 0 0 0 0 0 0 0 0 0 0 0 0 0 0
"39" 39 0.0646766169154 86 1 0 0 0 0 0 0 0 0 0 0 0 0 0 0 0 0 0 0
"40" 40 0.0 63 24 0 0 0 0 0 0 0 0 0 0 0 0 0 0 0 0 0 0
"41" 41 0.00961538461538 87 0 0 0 0 0 0 0 0 0 0 0 0 0 0 0 0 0 0 0
"42" 42 0.0259067357513 87 0 0 0 0 0 0 0 0 0 0 0 0 0 0 0 0 0 0 0
"43" 43 0.158940397351 86 1 0 0 0 0 0 0 0 0 0 0 0 0 0 0 0 0 0 0
"44" 44 0.0 86 1 0 0 0 0 0 0 0 0 0 0 0 0 0 0 0 0 0 0
"45" 45 0.0 86 1 0 0 0 0 0 0 0 0 0 0 0 0 0 0 0 0 0 0
"46" 46 0.325688073394 72 13 1 1 0 0 0 0 0 0 0 0 0 0 0 0 0 0 0 0
"47" 47 0.273255813953 68 17 2 0 0 0 0 0 0 0 0 0 0 0 0 0 0 0 0 0
"48" 48 0.367816091954 34 24 18 5 4 2 0 0 0 0 0 0 0 0 0 0 0 0 0 0
"49" 49 0.27802690583 80 4 2 1 0 0 0 0 0 0 0 0 0 0 0 0 0 0 0 0
"50" 50 0.596153846154 87 0 0 0 0 0 0 0 0 0 0 0 0 0 0 0 0 0 0 0
"51" 51 0.401913875598 39 13 7 6 6 4 3 2 2 1 1 1 1 1 0 0 0 0 0 0
"52" 52 0.725388601036 42 11 9 5 5 4 3 3 3 1 1 0 0 0 0 0 0 0 0 0
"53" 53 0.105960264901 55 17 14 1 0 0 0 0 0 0 0 0 0 0 0 0 0 0 0 0
"54" 54 0.0232558139535 87 0 0 0 0 0 0 0 0 0 0 0 0 0 0 0 0 0 0 0
"55" 55 0.174129353234 68 11 7 1 0 0 0 0 0 0 0 0 0 0 0 0 0 0 0 0
"56" 56 0.37106918239 74 5 3 3 1 1 0 0 0 0 0 0 0 0 0 0 0 0 0 0
"57" 57 0.0229885057471 85 1 1 0 0 0 0 0 0 0 0 0 0 0 0 0 0 0 0 0
"58" 58 0.372093023256 69 13 3 1 1 0 0 0 0 0 0 0 0 0 0 0 0 0 0 0
"59" 59 0.120689655172 31 23 14 13 3 2 1 0 0 0 0 0 0 0 0 0 0 0 0 0
"60" 60 0.53488372093 38 26 12 4 2 2 2 1 0 0 0 0 0 0 0 0 0 0 0 0
"61" 61 0.238341968912 56 14 11 4 1 1 0 0 0 0 0 0 0 0 0 0 0 0 0 0
"62" 62 0.0 54 27 4 2 0 0 0 0 0 0 0 0 0 0 0 0 0 0 0 0
"63" 63 0.131782945736 36 22 12 5 4 4 2 1 1 0 0 0 0 0 0 0 0 0 0 0
"64" 64 0.631178707224 85 2 0 0 0 0 0 0 0 0 0 0 0 0 0 0 0 0 0 0
"65" 65 0.11004784689 87 0 0 0 0 0 0 0 0 0 0 0 0 0 0 0 0 0 0 0
"66" 66 0.0 78 3 2 2 1 1 0 0 0 0 0 0 0 0 0 0 0 0 0 0
"67" 67 0.162790697674 36 21 11 6 5 3 2 1 1 1 0 0 0 0 0 0 0 0 0 0
"68" 68 0.139534883721 46 25 8 5 1 1 1 0 0 0 0 0 0 0 0 0 0 0 0 0
"69" 69 0.0 84 2 1 0 0 0 0 0 0 0 0 0 0 0 0 0 0 0 0 0
"70" 70 0.171532846715 33 28 11 5 2 2 2 1 1 1 1 0 0 0 0 0 0 0 0 0
"71" 71 0.620437956204 65 13 4 3 2 0 0 0 0 0 0 0 0 0 0 0 0 0 0 0
"72" 72 0.0384615384615 72 10 2 1 1 1 0 0 0 0 0 0 0 0 0 0 0 0 0 0
"73" 73 0.0077519379845 27 21 11 7 6 4 3 2 2 1 1 1 1 0 0 0 0 0 0 0
"74" 74 0.51572327044 24 17 13 7 6 6 6 2 2 1 1 1 1 0 0 0 0 0 0 0
"75" 75 0.538461538462 25 17 10 8 5 5 5 3 3 2 2 1 1 0 0 0 0 0 0 0
"76" 76 0.0316455696203 50 16 9 7 2 1 1 1 0 0 0 0 0 0 0 0 0 0 0 0
"77" 77 0.0298507462687 53 29 2 2 1 0 0 0 0 0 0 0 0 0 0 0 0 0 0 0
"78" 78 0.0 34 30 22 1 0 0 0 0 0 0 0 0 0 0 0 0 0 0 0 0
"79" 79 0.0348258706468 26 23 21 17 0 0 0 0 0 0 0 0 0 0 0 0 0 0 0 0
"80" 80 0.0 58 13 6 5 4 1 0 0 0 0 0 0 0 0 0 0 0 0 0 0
"81" 81 0.020725388601 87 0 0 0 0 0 0 0 0 0 0 0 0 0 0 0 0 0 0 0
"82" 82 0.0 46 40 1 0 0 0 0 0 0 0 0 0 0 0 0 0 0 0 0 0
"83" 83 0.0062893081761 84 1 1 1 0 0 0 0 0 0 0 0 0 0 0 0 0 0 0 0
"84" 84 0.380753138075 87 0 0 0 0 0 0 0 0 0 0 0 0 0 0 0 0 0 0 0
"85" 85 0.545871559633 59 21 2 2 1 1 1 0 0 0 0 0 0 0 0 0 0 0 0 0
"86" 86 0.031007751938 66 10 9 1 1 0 0 0 0 0 0 0 0 0 0 0 0 0 0 0
"87" 87 0.041825095057 74 4 2 2 1 1 1 1 1 0 0 0 0 0 0 0 0 0 0 0
"88" 88 0.341085271318 34 14 11 8 4 3 2 2 2 2 1 1 1 1 1 0 0 0 0 0
"89" 89 0.267441860465 53 17 6 5 2 2 1 1 0 0 0 0 0 0 0 0 0 0 0 0
"90" 90 0.0943396226415 49 9 6 5 5 5 3 2 1 1 1 0 0 0 0 0 0 0 0 0
"91" 91 0.544642857143 54 6 6 4 3 3 2 2 2 1 1 1 1 1 0 0 0 0 0 0
"92" 92 0.408071748879 55 12 6 4 2 2 2 2 1 1 0 0 0 0 0 0 0 0 0 0
"93" 93 0.0 66 16 2 2 1 0 0 0 0 0 0 0 0 0 0 0 0 0 0 0
"94" 94 0.192468619247 26 20 12 12 10 4 3 0 0 0 0 0 0 0 0 0 0 0 0 0
"95" 95 0.540178571429 19 16 13 11 7 6 3 3 2 2 2 2 1 0 0 0 0 0 0 0
"96" 96 0.174358974359 61 11 7 2 2 1 1 1 1 0 0 0 0 0 0 0 0 0 0 0
"97" 97 0.0 76 5 3 2 1 0 0 0 0 0 0 0 0 0 0 0 0 0 0 0
"98" 98 0.162790697674 58 9 7 5 2 2 2 1 1 0 0 0 0 0 0 0 0 0 0 0
"99" 99 0.267441860465 27 14 11 10 8 5 5 4 1 1 1 0 0 0 0 0 0 0 0 0
"100" 100 0.0 74 8 4 1 0 0 0 0 0 0 0 0 0 0 0 0 0 0 0 0
"101" 101 0.197247706422 78 5 3 1 0 0 0 0 0 0 0 0 0 0 0 0 0 0 0 0
"102" 102 0.689781021898 42 23 14 6 1 1 0 0 0 0 0 0 0 0 0 0 0 0 0 0
"103" 103 0.217054263566 73 8 3 2 1 0 0 0 0 0 0 0 0 0 0 0 0 0 0 0
"104" 104 0.134615384615 87 0 0 0 0 0 0 0 0 0 0 0 0 0 0 0 0 0 0 0
"105" 105 0.0387596899225 87 0 0 0 0 0 0 0 0 0 0 0 0 0 0 0 0 0 0 0
"106" 106 0.302564102564 31 27 15 5 3 2 2 1 1 0 0 0 0 0 0 0 0 0 0 0
"107" 107 0.0137614678899 74 4 4 3 1 1 0 0 0 0 0 0 0 0 0 0 0 0 0 0
"108" 108 0.0 72 14 1 0 0 0 0 0 0 0 0 0 0 0 0 0 0 0 0 0
"109" 109 0.0295358649789 87 0 0 0 0 0 0 0 0 0 0 0 0 0 0 0 0 0 0 0
"110" 110 0.010152284264 53 21 7 6 0 0 0 0 0 0 0 0 0 0 0 0 0 0 0 0
"111" 111 0.0357142857143 87 0 0 0 0 0 0 0 0 0 0 0 0 0 0 0 0 0 0 0
"112" 112 0.115384615385 86 1 0 0 0 0 0 0 0 0 0 0 0 0 0 0 0 0 0 0
"113" 113 0.0769230769231 76 5 4 1 1 0 0 0 0 0 0 0 0 0 0 0 0 0 0 0
"114" 114 0.495535714286 29 14 11 8 8 4 3 2 2 2 2 1 1 0 0 0 0 0 0 0
"115" 115 0.556737588652 64 7 3 3 3 2 1 1 1 1 1 0 0 0 0 0 0 0 0 0
"116" 116 0.00497512437811 52 16 6 4 3 3 1 1 1 0 0 0 0 0 0 0 0 0 0 0
"117" 117 0.195402298851 32 16 11 6 5 4 4 2 1 1 1 1 1 1 1 0 0 0 0 0
"118" 118 0.513392857143 38 31 6 3 2 2 2 2 1 0 0 0 0 0 0 0 0 0 0 0
"119" 119 0.0348837209302 56 10 7 4 3 3 1 1 1 1 0 0 0 0 0 0 0 0 0 0
"120" 120 0.00574712643678 55 26 5 1 0 0 0 0 0 0 0 0 0 0 0 0 0 0 0 0
"121" 121 0.421524663677 27 15 13 9 9 4 4 3 1 1 1 0 0 0 0 0 0 0 0 0
"122" 122 0.178899082569 20 15 10 6 6 5 5 4 3 3 3 2 2 1 1 1 0 0 0 0
"123" 123 0.0 83 3 1 0 0 0 0 0 0 0 0 0 0 0 0 0 0 0 0 0
"124" 124 0.261627906977 29 22 15 13 4 2 1 1 0 0 0 0 0 0 0 0 0 0 0 0
"125" 125 0.633928571429 47 12 10 5 3 2 2 2 1 1 1 1 0 0 0 0 0 0 0 0
"126" 126 0.419708029197 69 8 5 3 1 1 0 0 0 0 0 0 0 0 0 0 0 0 0 0
"127" 127 0.643410852713 58 14 10 2 1 1 1 0 0 0 0 0 0 0 0 0 0 0 0 0
"128" 128 0.0804597701149 47 38 1 1 0 0 0 0 0 0 0 0 0 0 0 0 0 0 0 0
"129" 129 0.182389937107 85 2 0 0 0 0 0 0 0 0 0 0 0 0 0 0 0 0 0 0
"130" 130 0.0 82 3 2 0 0 0 0 0 0 0 0 0 0 0 0 0 0 0 0 0
"131" 131 0.0 82 2 1 1 1 0 0 0 0 0 0 0 0 0 0 0 0 0 0 0
"132" 132 0.0192307692308 55 23 4 2 1 1 1 0 0 0 0 0 0 0 0 0 0 0 0 0
"133" 133 0.0239234449761 87 0 0 0 0 0 0 0 0 0 0 0 0 0 0 0 0 0 0 0
"134" 134 0.0199004975124 70 13 2 2 0 0 0 0 0 0 0 0 0 0 0 0 0 0 0 0
"135" 135 0.0673076923077 87 0 0 0 0 0 0 0 0 0 0 0 0 0 0 0 0 0 0 0
"136" 136 0.0348258706468 87 0 0 0 0 0 0 0 0 0 0 0 0 0 0 0 0 0 0 0
"137" 137 0.0697674418605 72 7 2 2 2 1 1 0 0 0 0 0 0 0 0 0 0 0 0 0
"138" 138 0.100628930818 87 0 0 0 0 0 0 0 0 0 0 0 0 0 0 0 0 0 0 0
"139" 139 0.0627802690583 87 0 0 0 0 0 0 0 0 0 0 0 0 0 0 0 0 0 0 0
"140" 140 0.291390728477 65 8 4 3 3 1 1 1 1 0 0 0 0 0 0 0 0 0 0 0
"141" 141 0.0804597701149 81 5 1 0 0 0 0 0 0 0 0 0 0 0 0 0 0 0 0 0
"142" 142 0.610256410256 43 39 1 1 1 1 1 0 0 0 0 0 0 0 0 0 0 0 0 0
"143" 143 0.705583756345 23 15 13 11 10 6 3 3 1 1 1 0 0 0 0 0 0 0 0 0
"144" 144 0.225941422594 49 35 2 1 0 0 0 0 0 0 0 0 0 0 0 0 0 0 0 0
"145" 145 0.538461538462 86 1 0 0 0 0 0 0 0 0 0 0 0 0 0 0 0 0 0 0
"146" 146 0.153846153846 86 1 0 0 0 0 0 0 0 0 0 0 0 0 0 0 0 0 0 0
"147" 147 0.399239543726 65 22 0 0 0 0 0 0 0 0 0 0 0 0 0 0 0 0 0 0
"148" 148 0.464135021097 57 27 1 1 1 0 0 0 0 0 0 0 0 0 0 0 0 0 0 0
"149" 149 0.183908045977 69 13 3 2 0 0 0 0 0 0 0 0 0 0 0 0 0 0 0 0
"150" 150 0.224215246637 87 0 0 0 0 0 0 0 0 0 0 0 0 0 0 0 0 0 0 0
"151" 151 0.0865384615385 85 2 0 0 0 0 0 0 0 0 0 0 0 0 0 0 0 0 0 0
"152" 152 0.492700729927 62 25 0 0 0 0 0 0 0 0 0 0 0 0 0 0 0 0 0 0
"153" 153 0.471153846154 30 18 14 11 6 5 2 1 0 0 0 0 0 0 0 0 0 0 0 0
"154" 154 0.611398963731 28 16 13 13 5 4 3 2 1 1 1 0 0 0 0 0 0 0 0 0
"155" 155 0.75 23 18 11 5 5 4 4 4 2 2 2 2 1 1 0 0 0 0 0 0
"156" 156 0.317829457364 31 16 9 9 6 6 5 2 1 1 1 0 0 0 0 0 0 0 0 0
"157" 157 0.0288461538462 81 5 1 0 0 0 0 0 0 0 0 0 0 0 0 0 0 0 0 0
"158" 158 0.414507772021 17 17 16 13 7 5 5 3 1 1 1 1 0 0 0 0 0 0 0 0
"159" 159 0.42600896861 28 20 11 8 5 4 4 4 2 1 0 0 0 0 0 0 0 0 0 0
"160" 160 0.109452736318 40 26 20 1 0 0 0 0 0 0 0 0 0 0 0 0 0 0 0 0
"161" 161 0.144278606965 34 20 10 9 6 2 2 1 1 1 1 0 0 0 0 0 0 0 0 0
"162" 162 0.364238410596 19 16 13 9 8 8 5 3 3 3 0 0 0 0 0 0 0 0 0 0
"163" 163 0.0880829015544 61 11 7 4 3 1 0 0 0 0 0 0 0 0 0 0 0 0 0 0
"164" 164 0.0077519379845 82 3 1 1 0 0 0 0 0 0 0 0 0 0 0 0 0 0 0 0
"165" 165 0.348258706468 28 20 9 8 7 3 3 3 2 1 1 1 1 0 0 0 0 0 0 0
"166" 166 0.116279069767 49 9 9 4 3 3 2 2 2 2 1 1 0 0 0 0 0 0 0 0
"167" 167 0.0149253731343 70 7 4 3 2 1 0 0 0 0 0 0 0 0 0 0 0 0 0 0
"168" 168 0.191964285714 42 24 9 7 2 2 1 0 0 0 0 0 0 0 0 0 0 0 0 0
"169" 169 0.674418604651 27 23 12 11 6 4 2 1 1 0 0 0 0 0 0 0 0 0 0 0
"170" 170 0.046511627907 85 1 1 0 0 0 0 0 0 0 0 0 0 0 0 0 0 0 0 0
"171" 171 0.259615384615 87 0 0 0 0 0 0 0 0 0 0 0 0 0 0 0 0 0 0 0
"172" 172 0.031007751938 75 10 1 1 0 0 0 0 0 0 0 0 0 0 0 0 0 0 0 0
"173" 173 0.313901345291 33 16 13 12 4 2 1 1 1 1 1 1 1 0 0 0 0 0 0 0
"174" 174 0.0 46 22 9 5 3 1 1 0 0 0 0 0 0 0 0 0 0 0 0 0
"175" 175 0.0149253731343 54 13 13 4 1 1 1 0 0 0 0 0 0 0 0 0 0 0 0 0
"176" 176 0.0229885057471 48 33 6 0 0 0 0 0 0 0 0 0 0 0 0 0 0 0 0 0
"177" 177 0.0 70 10 4 2 1 0 0 0 0 0 0 0 0 0 0 0 0 0 0 0
"178" 178 0.120535714286 87 0 0 0 0 0 0 0 0 0 0 0 0 0 0 0 0 0 0 0
"179" 179 0.0316455696203 68 8 4 4 1 1 1 0 0 0 0 0 0 0 0 0 0 0 0 0
"180" 180 0.0 58 27 2 0 0 0 0 0 0 0 0 0 0 0 0 0 0 0 0 0
"181" 181 0.0566037735849 87 0 0 0 0 0 0 0 0 0 0 0 0 0 0 0 0 0 0 0
"182" 182 0.0919540229885 47 13 9 8 3 1 1 1 1 1 1 1 0 0 0 0 0 0 0 0
"183" 183 0.441964285714 19 19 16 7 5 4 3 3 3 2 2 2 1 1 0 0 0 0 0 0
"184" 184 0.0497512437811 82 5 0 0 0 0 0 0 0 0 0 0 0 0 0 0 0 0 0 0
"185" 185 0.0 66 18 3 0 0 0 0 0 0 0 0 0 0 0 0 0 0 0 0 0
"186" 186 0.430379746835 28 24 15 6 5 3 2 1 1 1 1 0 0 0 0 0 0 0 0 0
"187" 187 0.357664233577 27 22 11 10 7 6 4 0 0 0 0 0 0 0 0 0 0 0 0 0
"188" 188 0.0 53 26 8 0 0 0 0 0 0 0 0 0 0 0 0 0 0 0 0 0
"189" 189 0.0639534883721 65 14 6 2 0 0 0 0 0 0 0 0 0 0 0 0 0 0 0 0
"190" 190 0.607142857143 25 13 11 9 8 7 4 3 2 2 2 1 0 0 0 0 0 0 0 0
"191" 191 0.364341085271 33 10 10 6 5 4 4 3 3 3 3 2 1 0 0 0 0 0 0 0
"192" 192 0.0298507462687 55 22 4 2 1 1 1 1 0 0 0 0 0 0 0 0 0 0 0 0
"193" 193 0.496124031008 18 15 12 9 7 4 4 4 3 3 3 3 1 1 0 0 0 0 0 0
"194" 194 0.0812182741117 51 21 4 4 3 3 1 0 0 0 0 0 0 0 0 0 0 0 0 0
"195" 195 0.0 82 2 2 1 0 0 0 0 0 0 0 0 0 0 0 0 0 0 0 0
"196" 196 0.0 52 35 0 0 0 0 0 0 0 0 0 0 0 0 0 0 0 0 0 0
"197" 197 0.0152284263959 85 2 0 0 0 0 0 0 0 0 0 0 0 0 0 0 0 0 0 0
"198" 198 0.0 86 1 0 0 0 0 0 0 0 0 0 0 0 0 0 0 0 0 0 0
"199" 199 0.0710659898477 86 1 0 0 0 0 0 0 0 0 0 0 0 0 0 0 0 0 0 0
"200" 200 0.0288461538462 87 0 0 0 0 0 0 0 0 0 0 0 0 0 0 0 0 0 0 0
"201" 201 0.0 85 2 0 0 0 0 0 0 0 0 0 0 0 0 0 0 0 0 0 0
"202" 202 0.0 85 1 0 0 0 0 0 0 0 0 0 0 0 0 0 0 0 0 0 0
"203" 203 0.282051282051 22 19 14 10 7 7 2 2 1 1 1 0 0 0 0 0 0 0 0 0
"204" 204 0.235632183908 32 11 11 8 7 7 3 3 2 1 1 0 0 0 0 0 0 0 0 0
"205" 205 0.0116279069767 56 28 2 0 0 0 0 0 0 0 0 0 0 0 0 0 0 0 0 0
"206" 206 0.0880829015544 70 11 4 1 0 0 0 0 0 0 0 0 0 0 0 0 0 0 0 0
"207" 207 0.0 76 10 0 0 0 0 0 0 0 0 0 0 0 0 0 0 0 0 0 0
"208" 208 0.0134529147982 86 0 0 0 0 0 0 0 0 0 0 0 0 0 0 0 0 0 0 0
"209" 209 0.0659898477157 52 34 0 0 0 0 0 0 0 0 0 0 0 0 0 0 0 0 0 0
"210" 210 0.00497512437811 84 2 0 0 0 0 0 0 0 0 0 0 0 0 0 0 0 0 0 0
"211" 211 0.120689655172 86 0 0 0 0 0 0 0 0 0 0 0 0 0 0 0 0 0 0 0
"212" 212 0.0 42 32 3 2 2 2 1 1 1 0 0 0 0 0 0 0 0 0 0 0
"213" 213 0.129186602871 60 13 10 2 1 0 0 0 0 0 0 0 0 0 0 0 0 0 0 0
"214" 214 0.0880829015544 86 0 0 0 0 0 0 0 0 0 0 0 0 0 0 0 0 0 0 0
"215" 215 0.0077519379845 44 16 11 7 5 2 1 0 0 0 0 0 0 0 0 0 0 0 0 0
"216" 216 0.0418410041841 67 13 5 1 0 0 0 0 0 0 0 0 0 0 0 0 0 0 0 0
"217" 217 0.307692307692 81 3 1 1 0 0 0 0 0 0 0 0 0 0 0 0 0 0 0 0
"218" 218 0.446700507614 40 19 19 7 0 0 0 0 0 0 0 0 0 0 0 0 0 0 0 0
"219" 219 0.313953488372 31 26 8 8 6 2 1 1 1 0 0 0 0 0 0 0 0 0 0 0
"220" 220 0.625 23 15 11 10 4 3 3 3 3 2 2 2 1 1 0 0 0 0 0 0
"221" 221 0.673076923077 55 9 4 3 2 1 0 0 0 0 0 0 0 0 0 0 0 0 0 0
"222" 222 0.928229665072 24 21 15 10 6 3 2 1 1 1 1 1 0 0 0 0 0 0 0 0
"223" 223 0.253807106599 12 11 10 9 9 8 7 7 4 4 2 2 1 0 0 0 0 0 0 0
"224" 224 0.295597484277 72 13 1 0 0 0 0 0 0 0 0 0 0 0 0 0 0 0 0 0
"225" 225 0.476793248945 50 29 5 1 1 0 0 0 0 0 0 0 0 0 0 0 0 0 0 0
"226" 226 0.108786610879 86 0 0 0 0 0 0 0 0 0 0 0 0 0 0 0 0 0 0 0
"227" 227 0.0387596899225 42 25 14 3 1 1 0 0 0 0 0 0 0 0 0 0 0 0 0 0
"228" 228 0.143459915612 63 17 3 2 1 0 0 0 0 0 0 0 0 0 0 0 0 0 0 0
"229" 229 0.25641025641 67 14 2 1 1 1 0 0 0 0 0 0 0 0 0 0 0 0 0 0
"230" 230 0.00418410041841 76 10 0 0 0 0 0 0 0 0 0 0 0 0 0 0 0 0 0 0
"231" 231 0.218905472637 50 32 2 1 0 0 0 0 0 0 0 0 0 0 0 0 0 0 0 0
"232" 232 0.612403100775 30 10 8 7 7 6 3 3 3 3 2 1 1 1 1 0 0 0 0 0
"233" 233 0.651785714286 35 29 11 5 2 1 1 1 1 0 0 0 0 0 0 0 0 0 0 0
"234" 234 0.174418604651 26 22 11 8 7 3 3 2 2 1 1 0 0 0 0 0 0 0 0 0
"235" 235 0.663461538462 46 10 6 6 5 5 2 2 2 1 1 0 0 0 0 0 0 0 0 0
"236" 236 0.419689119171 36 26 11 5 2 2 1 1 1 1 0 0 0 0 0 0 0 0 0 0
"237" 237 0.269035532995 55 17 10 3 1 0 0 0 0 0 0 0 0 0 0 0 0 0 0 0
"238" 238 0.412408759124 22 20 15 8 6 5 3 2 2 1 1 1 0 0 0 0 0 0 0 0
"239" 239 0.116279069767 26 13 10 10 8 7 4 3 3 1 1 0 0 0 0 0 0 0 0 0
"240" 240 0.0 85 1 0 0 0 0 0 0 0 0 0 0 0 0 0 0 0 0 0 0
"241" 241 0.00574712643678 35 24 12 8 3 2 2 0 0 0 0 0 0 0 0 0 0 0 0 0
"242" 242 0.441605839416 18 15 12 11 11 7 5 2 2 2 1 0 0 0 0 0 0 0 0 0
"243" 243 0.22869955157 39 14 10 9 6 3 2 1 1 1 0 0 0 0 0 0 0 0 0 0
"244" 244 0.0114068441065 76 9 1 0 0 0 0 0 0 0 0 0 0 0 0 0 0 0 0 0
"245" 245 0.229357798165 42 20 5 3 2 2 2 2 2 1 1 1 1 1 1 0 0 0 0 0
"246" 246 0.46511627907 23 15 14 7 7 6 6 4 2 2 0 0 0 0 0 0 0 0 0 0
"247" 247 0.142857142857 35 32 8 8 3 0 0 0 0 0 0 0 0 0 0 0 0 0 0 0
"248" 248 0.00574712643678 85 1 0 0 0 0 0 0 0 0 0 0 0 0 0 0 0 0 0 0
"249" 249 0.504464285714 53 16 9 3 2 2 1 0 0 0 0 0 0 0 0 0 0 0 0 0
"250" 250 0.483443708609 20 18 17 9 8 6 5 1 1 1 0 0 0 0 0 0 0 0 0 0
"251" 251 0.0961538461538 57 8 5 5 4 3 2 1 1 0 0 0 0 0 0 0 0 0 0 0
"252" 252 0.505747126437 21 20 7 6 6 6 6 4 3 3 2 2 0 0 0 0 0 0 0 0
"253" 253 0.0114068441065 72 14 0 0 0 0 0 0 0 0 0 0 0 0 0 0 0 0 0 0
"254" 254 0.0188679245283 86 0 0 0 0 0 0 0 0 0 0 0 0 0 0 0 0 0 0 0
"255" 255 0.182692307692 31 22 10 5 5 2 2 2 1 1 1 1 0 0 0 0 0 0 0 0
"256" 256 0.584821428571 25 21 19 4 3 3 2 2 2 1 1 0 0 0 0 0 0 0 0 0
"257" 257 0.669642857143 63 6 5 4 2 1 1 0 0 0 0 0 0 0 0 0 0 0 0 0
"258" 258 0.0717703349282 75 2 2 1 1 0 0 0 0 0 0 0 0 0 0 0 0 0 0 0
"259" 259 0.0331125827815 29 20 11 9 4 3 2 1 1 1 0 0 0 0 0 0 0 0 0 0
"260" 260 0.112970711297 70 10 1 0 0 0 0 0 0 0 0 0 0 0 0 0 0 0 0 0
"261" 261 0.535885167464 10 5 3 3 2 0 0 0 0 0 0 0 0 0 0 0 0 0 0 0
