"site" "RSA" "aa1" "aa2" "aa3" "aa4" "aa5" "aa6" "aa7" "aa8" "aa9" "aa10" "aa11" "aa12" "aa13" "aa14" "aa15" "aa16" "aa17" "aa18" "aa19" "aa20"
"0" 0 0.353211009174 61 1 0 0 0 0 0 0 0 0 0 0 0 0 0 0 0 0 0 0
"1" 1 0.0 63 0 0 0 0 0 0 0 0 0 0 0 0 0 0 0 0 0 0 0
"2" 2 0.133720930233 63 0 0 0 0 0 0 0 0 0 0 0 0 0 0 0 0 0 0 0
"3" 3 0.00961538461538 64 0 0 0 0 0 0 0 0 0 0 0 0 0 0 0 0 0 0 0
"4" 4 0.462686567164 45 19 0 0 0 0 0 0 0 0 0 0 0 0 0 0 0 0 0 0
"5" 5 0.14367816092 46 18 0 0 0 0 0 0 0 0 0 0 0 0 0 0 0 0 0 0
"6" 6 0.383928571429 64 0 0 0 0 0 0 0 0 0 0 0 0 0 0 0 0 0 0 0
"7" 7 0.108527131783 40 7 5 2 2 2 2 2 1 1 0 0 0 0 0 0 0 0 0 0
"8" 8 0.304568527919 30 12 10 7 3 2 0 0 0 0 0 0 0 0 0 0 0 0 0 0
"9" 9 0.00961538461538 61 2 1 0 0 0 0 0 0 0 0 0 0 0 0 0 0 0 0 0
"10" 10 0.304597701149 34 7 6 4 3 2 2 2 1 1 1 1 0 0 0 0 0 0 0 0
"11" 11 0.0 49 13 1 1 0 0 0 0 0 0 0 0 0 0 0 0 0 0 0 0
"12" 12 0.350210970464 13 9 7 6 6 6 4 4 3 2 2 1 1 0 0 0 0 0 0 0
"13" 13 0.341968911917 16 14 6 5 4 4 4 3 1 1 1 1 1 1 0 0 0 0 0 0
"14" 14 0.195402298851 19 18 6 6 3 3 2 2 1 1 1 0 0 0 0 0 0 0 0 0
"15" 15 0.538116591928 10 9 9 8 7 5 4 3 3 2 2 1 0 0 0 0 0 0 0 0
"16" 16 0.519230769231 8 8 6 6 5 5 4 3 2 2 2 1 1 1 0 0 0 0 0 0
"17" 17 0.401162790698 16 13 5 5 4 4 3 2 2 2 2 1 1 0 0 0 0 0 0 0
"18" 18 0.451776649746 29 9 7 4 3 3 2 1 1 1 1 0 0 0 0 0 0 0 0 0
"19" 19 0.720207253886 15 12 7 5 4 4 3 3 2 1 1 0 0 0 0 0 0 0 0 0
"20" 20 0.712820512821 19 11 10 9 3 2 2 2 1 1 1 1 0 0 0 0 0 0 0 0
"21" 21 0.125 40 7 4 3 3 2 2 1 1 1 0 0 0 0 0 0 0 0 0 0
"22" 22 0.0962343096234 13 9 7 7 6 3 3 3 2 2 2 2 2 0 0 0 0 0 0 0
"23" 23 0.457364341085 18 8 5 3 3 2 2 1 1 1 1 1 0 0 0 0 0 0 0 0
"24" 24 0.0137614678899 36 11 11 2 0 0 0 0 0 0 0 0 0 0 0 0 0 0 0 0
"25" 25 0.337552742616 40 8 5 3 2 1 1 0 0 0 0 0 0 0 0 0 0 0 0 0
"26" 26 0.0 53 8 1 0 0 0 0 0 0 0 0 0 0 0 0 0 0 0 0 0
"27" 27 0.308035714286 11 10 10 9 5 5 4 4 2 1 1 1 0 0 0 0 0 0 0 0
"28" 28 0.0 36 12 5 5 3 1 1 0 0 0 0 0 0 0 0 0 0 0 0 0
"29" 29 0.295597484277 11 10 8 8 5 4 4 3 3 3 1 1 1 1 0 0 0 0 0 0
"30" 30 0.434977578475 19 8 8 6 5 4 3 3 2 2 1 1 1 0 0 0 0 0 0 0
"31" 31 0.0203045685279 32 24 5 2 1 0 0 0 0 0 0 0 0 0 0 0 0 0 0 0
"32" 32 0.0348258706468 56 3 2 1 1 1 0 0 0 0 0 0 0 0 0 0 0 0 0 0
"33" 33 0.658031088083 23 13 10 6 6 2 2 2 0 0 0 0 0 0 0 0 0 0 0 0
"34" 34 0.476683937824 53 8 2 1 0 0 0 0 0 0 0 0 0 0 0 0 0 0 0 0
"35" 35 0.101265822785 24 20 7 4 4 3 1 1 0 0 0 0 0 0 0 0 0 0 0 0
"36" 36 0.622009569378 35 9 6 4 4 2 1 1 1 1 0 0 0 0 0 0 0 0 0 0
"37" 37 0.459302325581 42 11 3 2 2 1 1 1 1 0 0 0 0 0 0 0 0 0 0 0
"38" 38 0.413461538462 64 0 0 0 0 0 0 0 0 0 0 0 0 0 0 0 0 0 0 0
"39" 39 0.310880829016 61 2 1 0 0 0 0 0 0 0 0 0 0 0 0 0 0 0 0 0
"40" 40 0.284768211921 64 0 0 0 0 0 0 0 0 0 0 0 0 0 0 0 0 0 0 0
"41" 41 0.0203045685279 60 3 1 0 0 0 0 0 0 0 0 0 0 0 0 0 0 0 0 0
"42" 42 0.031007751938 49 8 7 0 0 0 0 0 0 0 0 0 0 0 0 0 0 0 0 0
"43" 43 0.0 50 7 4 2 1 0 0 0 0 0 0 0 0 0 0 0 0 0 0 0
"44" 44 0.0307692307692 62 1 1 0 0 0 0 0 0 0 0 0 0 0 0 0 0 0 0 0
"45" 45 0.0384615384615 64 0 0 0 0 0 0 0 0 0 0 0 0 0 0 0 0 0 0 0
"46" 46 0.0348837209302 31 14 11 7 1 0 0 0 0 0 0 0 0 0 0 0 0 0 0 0
"47" 47 0.196202531646 64 0 0 0 0 0 0 0 0 0 0 0 0 0 0 0 0 0 0 0
"48" 48 0.0348258706468 64 0 0 0 0 0 0 0 0 0 0 0 0 0 0 0 0 0 0 0
"49" 49 0.447674418605 63 1 0 0 0 0 0 0 0 0 0 0 0 0 0 0 0 0 0 0
"50" 50 0.00574712643678 57 4 3 0 0 0 0 0 0 0 0 0 0 0 0 0 0 0 0 0
"51" 51 0.453488372093 58 3 1 1 1 0 0 0 0 0 0 0 0 0 0 0 0 0 0 0
"52" 52 0.512953367876 18 15 9 6 5 4 4 2 1 0 0 0 0 0 0 0 0 0 0 0
"53" 53 0.280334728033 52 6 3 2 1 0 0 0 0 0 0 0 0 0 0 0 0 0 0 0
"54" 54 0.40414507772 22 18 7 6 4 2 1 1 1 1 1 0 0 0 0 0 0 0 0 0
"55" 55 0.71897810219 13 10 8 7 7 5 5 3 2 2 1 1 0 0 0 0 0 0 0 0
"56" 56 0.475285171103 12 11 9 7 7 4 3 3 3 2 2 1 0 0 0 0 0 0 0 0
"57" 57 0.129186602871 21 9 8 6 4 3 3 3 2 2 1 1 1 0 0 0 0 0 0 0
"58" 58 0.0 63 1 0 0 0 0 0 0 0 0 0 0 0 0 0 0 0 0 0 0
"59" 59 0.232558139535 30 18 7 3 2 1 1 1 1 0 0 0 0 0 0 0 0 0 0 0
"60" 60 0.0114942528736 48 13 3 0 0 0 0 0 0 0 0 0 0 0 0 0 0 0 0 0
"61" 61 0.451923076923 36 26 2 0 0 0 0 0 0 0 0 0 0 0 0 0 0 0 0 0
"62" 62 0.0203045685279 31 16 11 3 2 1 0 0 0 0 0 0 0 0 0 0 0 0 0 0
"63" 63 0.403100775194 30 23 9 2 0 0 0 0 0 0 0 0 0 0 0 0 0 0 0 0
"64" 64 0.295597484277 50 3 3 2 2 1 1 1 1 0 0 0 0 0 0 0 0 0 0 0
"65" 65 0.424107142857 64 0 0 0 0 0 0 0 0 0 0 0 0 0 0 0 0 0 0 0
"66" 66 0.245033112583 60 4 0 0 0 0 0 0 0 0 0 0 0 0 0 0 0 0 0 0
"67" 67 0.0497512437811 43 8 7 3 2 1 0 0 0 0 0 0 0 0 0 0 0 0 0 0
"68" 68 0.496350364964 44 8 3 2 2 2 1 1 1 0 0 0 0 0 0 0 0 0 0 0
"69" 69 0.169154228856 39 7 6 6 3 1 1 1 0 0 0 0 0 0 0 0 0 0 0 0
"70" 70 0.0523255813953 53 11 0 0 0 0 0 0 0 0 0 0 0 0 0 0 0 0 0 0
"71" 71 0.0410256410256 37 16 5 3 1 1 1 0 0 0 0 0 0 0 0 0 0 0 0 0
"72" 72 0.0 59 4 1 0 0 0 0 0 0 0 0 0 0 0 0 0 0 0 0 0
"73" 73 0.134615384615 41 5 5 5 2 2 1 1 1 1 0 0 0 0 0 0 0 0 0 0
"74" 74 0.511210762332 17 11 10 7 4 3 2 2 2 2 2 1 1 0 0 0 0 0 0 0
"75" 75 0.0443037974684 50 4 4 2 1 1 1 0 0 0 0 0 0 0 0 0 0 0 0 0
"76" 76 0.556962025316 30 11 6 5 4 3 2 1 1 1 0 0 0 0 0 0 0 0 0 0
"77" 77 0.496124031008 11 11 10 9 5 5 3 2 2 2 1 1 1 1 0 0 0 0 0 0
"78" 78 0.519230769231 47 7 3 3 2 1 1 0 0 0 0 0 0 0 0 0 0 0 0 0
"79" 79 0.305699481865 43 15 4 2 0 0 0 0 0 0 0 0 0 0 0 0 0 0 0 0
"80" 80 0.396226415094 22 13 9 4 4 3 2 2 2 1 1 1 0 0 0 0 0 0 0 0
"81" 81 0.00574712643678 60 3 1 0 0 0 0 0 0 0 0 0 0 0 0 0 0 0 0 0
"82" 82 0.0102564102564 64 0 0 0 0 0 0 0 0 0 0 0 0 0 0 0 0 0 0 0
"83" 83 0.00497512437811 61 3 0 0 0 0 0 0 0 0 0 0 0 0 0 0 0 0 0 0
"84" 84 0.0535714285714 64 0 0 0 0 0 0 0 0 0 0 0 0 0 0 0 0 0 0 0
"85" 85 0.21897810219 63 1 0 0 0 0 0 0 0 0 0 0 0 0 0 0 0 0 0 0
"86" 86 0.341085271318 57 7 0 0 0 0 0 0 0 0 0 0 0 0 0 0 0 0 0 0
"87" 87 0.350574712644 24 23 11 4 2 0 0 0 0 0 0 0 0 0 0 0 0 0 0 0
"88" 88 0.800995024876 20 11 7 7 5 3 3 3 2 1 1 1 0 0 0 0 0 0 0 0
"89" 89 0.324503311258 30 8 6 6 4 3 2 2 1 1 1 0 0 0 0 0 0 0 0 0
"90" 90 0.748344370861 15 15 8 8 5 5 4 3 1 0 0 0 0 0 0 0 0 0 0 0
"91" 91 0.436046511628 26 20 8 6 2 2 0 0 0 0 0 0 0 0 0 0 0 0 0 0
"92" 92 0.142335766423 63 1 0 0 0 0 0 0 0 0 0 0 0 0 0 0 0 0 0 0
"93" 93 0.848623853211 27 22 10 2 2 1 0 0 0 0 0 0 0 0 0 0 0 0 0 0
"94" 94 0.317307692308 62 2 0 0 0 0 0 0 0 0 0 0 0 0 0 0 0 0 0 0
"95" 95 0.115384615385 64 0 0 0 0 0 0 0 0 0 0 0 0 0 0 0 0 0 0 0
"96" 96 0.0334928229665 64 0 0 0 0 0 0 0 0 0 0 0 0 0 0 0 0 0 0 0
"97" 97 0.384937238494 29 19 7 4 3 2 0 0 0 0 0 0 0 0 0 0 0 0 0 0
"98" 98 0.0114942528736 64 0 0 0 0 0 0 0 0 0 0 0 0 0 0 0 0 0 0 0
"99" 99 0.313901345291 41 16 6 1 0 0 0 0 0 0 0 0 0 0 0 0 0 0 0 0
"100" 100 0.0192307692308 62 2 0 0 0 0 0 0 0 0 0 0 0 0 0 0 0 0 0 0
"101" 101 0.516746411483 63 1 0 0 0 0 0 0 0 0 0 0 0 0 0 0 0 0 0 0
"102" 102 0.109195402299 50 14 0 0 0 0 0 0 0 0 0 0 0 0 0 0 0 0 0 0
"103" 103 0.186528497409 64 0 0 0 0 0 0 0 0 0 0 0 0 0 0 0 0 0 0 0
"104" 104 0.0 34 25 2 2 1 0 0 0 0 0 0 0 0 0 0 0 0 0 0 0
"105" 105 0.0114942528736 34 19 9 2 0 0 0 0 0 0 0 0 0 0 0 0 0 0 0 0
"106" 106 0.0 34 30 0 0 0 0 0 0 0 0 0 0 0 0 0 0 0 0 0 0
"107" 107 0.290178571429 21 16 7 6 4 3 3 1 1 1 1 0 0 0 0 0 0 0 0 0
"108" 108 0.0 56 4 4 0 0 0 0 0 0 0 0 0 0 0 0 0 0 0 0 0
"109" 109 0.189655172414 23 9 8 5 5 5 3 2 1 1 1 1 0 0 0 0 0 0 0 0
"110" 110 0.473214285714 26 8 6 6 5 3 3 3 2 1 1 0 0 0 0 0 0 0 0 0
"111" 111 0.282700421941 16 12 10 9 5 5 3 2 1 1 0 0 0 0 0 0 0 0 0 0
"112" 112 0.426160337553 15 14 10 6 5 4 3 2 1 1 1 1 1 0 0 0 0 0 0 0
"113" 113 0.52466367713 31 7 6 5 3 2 2 2 2 1 1 1 1 0 0 0 0 0 0 0
"114" 114 0.512953367876 32 20 3 2 2 2 1 1 1 0 0 0 0 0 0 0 0 0 0 0
"115" 115 0.605769230769 39 11 3 3 2 2 2 2 0 0 0 0 0 0 0 0 0 0 0 0
"116" 116 0.598214285714 41 12 6 2 1 1 1 0 0 0 0 0 0 0 0 0 0 0 0 0
"117" 117 0.131782945736 40 22 1 1 0 0 0 0 0 0 0 0 0 0 0 0 0 0 0 0
"118" 118 0.0609137055838 23 18 17 3 1 1 1 0 0 0 0 0 0 0 0 0 0 0 0 0
"119" 119 0.134715025907 18 13 7 5 4 4 3 3 3 2 2 0 0 0 0 0 0 0 0 0
"120" 120 0.0 22 14 10 9 8 1 0 0 0 0 0 0 0 0 0 0 0 0 0 0
"121" 121 0.0697674418605 21 16 9 4 4 3 2 2 1 1 1 0 0 0 0 0 0 0 0 0
"122" 122 0.0 22 21 11 9 1 0 0 0 0 0 0 0 0 0 0 0 0 0 0 0
"123" 123 0.434306569343 22 10 9 8 6 4 2 2 1 0 0 0 0 0 0 0 0 0 0 0
"124" 124 0.0251572327044 23 7 3 3 2 1 1 0 0 0 0 0 0 0 0 0 0 0 0 0
"125" 125 0.459854014599 15 9 7 5 3 3 2 2 2 2 1 1 0 0 0 0 0 0 0 0
"126" 126 0.259067357513 23 10 8 7 6 3 2 1 1 1 1 1 0 0 0 0 0 0 0 0
"127" 127 0.446540880503 17 10 8 7 5 5 3 2 1 1 1 1 1 1 0 0 0 0 0 0
"128" 128 0.489539748954 15 10 7 6 6 5 3 3 3 2 2 1 1 0 0 0 0 0 0 0
"129" 129 0.0172413793103 30 13 9 7 3 1 1 0 0 0 0 0 0 0 0 0 0 0 0 0
"130" 130 0.089552238806 39 11 3 3 2 1 1 1 1 1 1 0 0 0 0 0 0 0 0 0
"131" 131 0.540084388186 26 23 6 3 2 2 1 1 0 0 0 0 0 0 0 0 0 0 0 0
"132" 132 0.148288973384 55 4 2 1 1 1 0 0 0 0 0 0 0 0 0 0 0 0 0 0
"133" 133 0.0355329949239 44 10 4 4 2 0 0 0 0 0 0 0 0 0 0 0 0 0 0 0
"134" 134 0.522988505747 48 13 2 1 0 0 0 0 0 0 0 0 0 0 0 0 0 0 0 0
"135" 135 0.593155893536 31 15 7 3 2 2 1 1 1 1 0 0 0 0 0 0 0 0 0 0
"136" 136 0.586497890295 63 1 0 0 0 0 0 0 0 0 0 0 0 0 0 0 0 0 0 0
"137" 137 0.153846153846 64 0 0 0 0 0 0 0 0 0 0 0 0 0 0 0 0 0 0 0
"138" 138 0.414448669202 24 21 18 1 0 0 0 0 0 0 0 0 0 0 0 0 0 0 0 0
"139" 139 0.0 46 17 1 0 0 0 0 0 0 0 0 0 0 0 0 0 0 0 0 0
"140" 140 0.015503875969 37 21 5 1 0 0 0 0 0 0 0 0 0 0 0 0 0 0 0 0
"141" 141 0.0 27 20 17 0 0 0 0 0 0 0 0 0 0 0 0 0 0 0 0 0
"142" 142 0.0 63 1 0 0 0 0 0 0 0 0 0 0 0 0 0 0 0 0 0 0
"143" 143 0.0576923076923 64 0 0 0 0 0 0 0 0 0 0 0 0 0 0 0 0 0 0 0
"144" 144 0.0348837209302 29 14 13 8 0 0 0 0 0 0 0 0 0 0 0 0 0 0 0 0
"145" 145 0.145695364238 64 0 0 0 0 0 0 0 0 0 0 0 0 0 0 0 0 0 0 0
"146" 146 0.0597014925373 64 0 0 0 0 0 0 0 0 0 0 0 0 0 0 0 0 0 0 0
"147" 147 0.453488372093 64 0 0 0 0 0 0 0 0 0 0 0 0 0 0 0 0 0 0 0
"148" 148 0.00507614213198 44 17 3 0 0 0 0 0 0 0 0 0 0 0 0 0 0 0 0 0
"149" 149 0.28488372093 26 14 9 7 5 2 1 0 0 0 0 0 0 0 0 0 0 0 0 0
"150" 150 0.464114832536 18 13 6 5 4 4 4 4 2 2 1 1 0 0 0 0 0 0 0 0
"151" 151 0.241379310345 50 5 3 3 2 1 0 0 0 0 0 0 0 0 0 0 0 0 0 0
"152" 152 0.347150259067 29 9 6 6 4 2 2 2 1 1 1 1 0 0 0 0 0 0 0 0
"153" 153 0.740932642487 33 15 4 3 2 2 2 1 1 1 0 0 0 0 0 0 0 0 0 0
"154" 154 0.337748344371 12 11 10 8 6 5 5 3 2 1 1 0 0 0 0 0 0 0 0 0
"155" 155 0.104651162791 18 11 9 4 4 4 3 2 2 2 1 1 1 1 1 0 0 0 0 0
"156" 156 0.0 53 7 2 1 1 0 0 0 0 0 0 0 0 0 0 0 0 0 0 0
"157" 157 0.046357615894 16 15 12 4 4 4 3 2 1 1 1 1 0 0 0 0 0 0 0 0
"158" 158 0.0 30 22 8 3 1 0 0 0 0 0 0 0 0 0 0 0 0 0 0 0
"159" 159 0.261467889908 31 25 5 1 1 1 0 0 0 0 0 0 0 0 0 0 0 0 0 0
"160" 160 0.0045871559633 36 11 11 6 0 0 0 0 0 0 0 0 0 0 0 0 0 0 0 0
"161" 161 0.48730964467 53 11 0 0 0 0 0 0 0 0 0 0 0 0 0 0 0 0 0 0
"162" 162 0.370860927152 26 24 5 3 2 1 1 1 1 0 0 0 0 0 0 0 0 0 0 0
"163" 163 0.615969581749 34 28 1 1 0 0 0 0 0 0 0 0 0 0 0 0 0 0 0 0
"164" 164 0.168604651163 62 2 0 0 0 0 0 0 0 0 0 0 0 0 0 0 0 0 0 0
"165" 165 0.19730941704 41 6 3 3 2 2 2 1 1 1 1 1 0 0 0 0 0 0 0 0
"166" 166 0.576158940397 28 11 7 6 5 3 2 1 1 0 0 0 0 0 0 0 0 0 0 0
"167" 167 0.320675105485 25 13 5 4 4 4 3 2 2 1 1 0 0 0 0 0 0 0 0 0
"168" 168 0.0459770114943 22 21 17 2 1 1 0 0 0 0 0 0 0 0 0 0 0 0 0 0
"169" 169 0.0913705583756 24 20 11 3 3 2 1 0 0 0 0 0 0 0 0 0 0 0 0 0
"170" 170 0.0 35 9 8 7 4 1 0 0 0 0 0 0 0 0 0 0 0 0 0 0
"171" 171 0.108527131783 18 15 13 6 5 2 1 1 1 1 1 0 0 0 0 0 0 0 0 0
"172" 172 0.767932489451 10 9 7 7 5 5 4 4 4 3 2 2 1 1 0 0 0 0 0 0
"173" 173 0.126582278481 60 2 1 1 0 0 0 0 0 0 0 0 0 0 0 0 0 0 0 0
"174" 174 0.476923076923 26 6 6 5 4 4 4 3 2 2 1 1 0 0 0 0 0 0 0 0
"175" 175 0.494252873563 25 11 9 7 4 3 2 1 1 1 0 0 0 0 0 0 0 0 0 0
"176" 176 0.336538461538 63 1 0 0 0 0 0 0 0 0 0 0 0 0 0 0 0 0 0 0
"177" 177 0.336787564767 40 8 7 6 3 0 0 0 0 0 0 0 0 0 0 0 0 0 0 0
"178" 178 0.213930348259 13 11 10 10 5 3 3 2 2 1 1 1 1 1 0 0 0 0 0 0
"179" 179 0.0 60 2 2 0 0 0 0 0 0 0 0 0 0 0 0 0 0 0 0 0
"180" 180 0.00512820512821 64 0 0 0 0 0 0 0 0 0 0 0 0 0 0 0 0 0 0 0
"181" 181 0.0 23 23 18 0 0 0 0 0 0 0 0 0 0 0 0 0 0 0 0 0
"182" 182 0.0178571428571 64 0 0 0 0 0 0 0 0 0 0 0 0 0 0 0 0 0 0 0
"183" 183 0.00574712643678 31 11 10 5 4 1 1 1 0 0 0 0 0 0 0 0 0 0 0 0
"184" 184 0.176165803109 64 0 0 0 0 0 0 0 0 0 0 0 0 0 0 0 0 0 0 0
"185" 185 0.188340807175 18 15 14 9 5 2 1 0 0 0 0 0 0 0 0 0 0 0 0 0
"186" 186 0.502538071066 22 15 14 9 3 1 0 0 0 0 0 0 0 0 0 0 0 0 0 0
"187" 187 0.173076923077 51 12 1 0 0 0 0 0 0 0 0 0 0 0 0 0 0 0 0 0
"188" 188 0.299578059072 63 1 0 0 0 0 0 0 0 0 0 0 0 0 0 0 0 0 0 0
"189" 189 0.562737642586 55 4 2 2 1 0 0 0 0 0 0 0 0 0 0 0 0 0 0 0
"190" 190 0.372093023256 39 14 3 2 2 2 1 0 0 0 0 0 0 0 0 0 0 0 0 0
"191" 191 0.25 54 2 2 1 1 1 1 1 0 0 0 0 0 0 0 0 0 0 0 0
"192" 192 0.620253164557 40 16 3 2 1 1 0 0 0 0 0 0 0 0 0 0 0 0 0 0
"193" 193 0.373134328358 17 13 12 8 3 3 2 1 1 0 0 0 0 0 0 0 0 0 0 0
"194" 194 0.465517241379 20 20 12 7 0 0 0 0 0 0 0 0 0 0 0 0 0 0 0 0
"195" 195 0.455357142857 12 10 5 4 2 2 2 1 1 1 0 0 0 0 0 0 0 0 0 0
"196" 196 0.496124031008 11 11 2 2 1 1 1 1 1 0 0 0 0 0 0 0 0 0 0 0
"197" 197 0.535885167464 14 5 3 3 2 1 1 0 0 0 0 0 0 0 0 0 0 0 0 0
"198" 198 0.604060913706 9 7 3 2 1 0 0 0 0 0 0 0 0 0 0 0 0 0 0 0
"199" 199 0.627906976744 7 3 2 2 1 0 0 0 0 0 0 0 0 0 0 0 0 0 0 0
"200" 200 0.720207253886 6 1 1 0 0 0 0 0 0 0 0 0 0 0 0 0 0 0 0 0
"201" 201 0.815602836879 2 1 1 1 0 0 0 0 0 0 0 0 0 0 0 0 0 0 0 0
