"site" "RSA" "aa1" "aa2" "aa3" "aa4" "aa5" "aa6" "aa7" "aa8" "aa9" "aa10" "aa11" "aa12" "aa13" "aa14" "aa15" "aa16" "aa17" "aa18" "aa19" "aa20"
"0" 0 0.324503311258 243 142 110 5 0 0 0 0 0 0 0 0 0 0 0 0 0 0 0 0
"1" 1 0.548076923077 500 0 0 0 0 0 0 0 0 0 0 0 0 0 0 0 0 0 0 0
"2" 2 0.569230769231 499 1 0 0 0 0 0 0 0 0 0 0 0 0 0 0 0 0 0 0
"3" 3 0.0 487 12 1 0 0 0 0 0 0 0 0 0 0 0 0 0 0 0 0 0
"4" 4 0.583941605839 471 29 0 0 0 0 0 0 0 0 0 0 0 0 0 0 0 0 0 0
"5" 5 0.451776649746 500 0 0 0 0 0 0 0 0 0 0 0 0 0 0 0 0 0 0 0
"6" 6 0.480769230769 500 0 0 0 0 0 0 0 0 0 0 0 0 0 0 0 0 0 0 0
"7" 7 0.459915611814 498 2 0 0 0 0 0 0 0 0 0 0 0 0 0 0 0 0 0 0
"8" 8 0.616352201258 468 32 0 0 0 0 0 0 0 0 0 0 0 0 0 0 0 0 0 0
"9" 9 0.062015503876 500 0 0 0 0 0 0 0 0 0 0 0 0 0 0 0 0 0 0 0
"10" 10 0.106918238994 500 0 0 0 0 0 0 0 0 0 0 0 0 0 0 0 0 0 0 0
"11" 11 0.476683937824 237 145 70 32 15 1 0 0 0 0 0 0 0 0 0 0 0 0 0 0
"12" 12 0.0502092050209 497 3 0 0 0 0 0 0 0 0 0 0 0 0 0 0 0 0 0 0
"13" 13 0.514767932489 469 19 11 1 0 0 0 0 0 0 0 0 0 0 0 0 0 0 0 0
"14" 14 0.0542635658915 452 32 7 6 3 0 0 0 0 0 0 0 0 0 0 0 0 0 0 0
"15" 15 0.220930232558 432 25 18 7 5 5 4 2 1 1 0 0 0 0 0 0 0 0 0 0
"16" 16 0.0 264 224 9 3 0 0 0 0 0 0 0 0 0 0 0 0 0 0 0 0
"17" 17 0.0172413793103 492 8 0 0 0 0 0 0 0 0 0 0 0 0 0 0 0 0 0 0
"18" 18 0.155172413793 343 79 47 7 6 6 5 5 2 0 0 0 0 0 0 0 0 0 0 0
"19" 19 0.704663212435 372 128 0 0 0 0 0 0 0 0 0 0 0 0 0 0 0 0 0 0
"20" 20 0.423076923077 500 0 0 0 0 0 0 0 0 0 0 0 0 0 0 0 0 0 0 0
"21" 21 0.426356589147 389 111 0 0 0 0 0 0 0 0 0 0 0 0 0 0 0 0 0 0
"22" 22 0.359832635983 393 39 16 12 11 9 8 7 3 1 1 0 0 0 0 0 0 0 0 0
"23" 23 0.535864978903 367 74 48 7 3 1 0 0 0 0 0 0 0 0 0 0 0 0 0 0
"24" 24 0.388392857143 470 13 7 6 3 1 0 0 0 0 0 0 0 0 0 0 0 0 0 0
"25" 25 0.0172413793103 263 224 8 3 2 0 0 0 0 0 0 0 0 0 0 0 0 0 0 0
"26" 26 0.329113924051 342 72 55 18 13 0 0 0 0 0 0 0 0 0 0 0 0 0 0 0
"27" 27 0.0845771144279 255 244 1 0 0 0 0 0 0 0 0 0 0 0 0 0 0 0 0 0
"28" 28 0.397350993377 156 108 101 60 52 13 9 1 0 0 0 0 0 0 0 0 0 0 0 0
"29" 29 0.471502590674 412 70 18 0 0 0 0 0 0 0 0 0 0 0 0 0 0 0 0 0
"30" 30 0.133079847909 495 5 0 0 0 0 0 0 0 0 0 0 0 0 0 0 0 0 0 0
"31" 31 0.603375527426 500 0 0 0 0 0 0 0 0 0 0 0 0 0 0 0 0 0 0 0
"32" 32 0.625 500 0 0 0 0 0 0 0 0 0 0 0 0 0 0 0 0 0 0 0
"33" 33 0.413502109705 313 143 41 2 1 0 0 0 0 0 0 0 0 0 0 0 0 0 0 0
"34" 34 0.041825095057 322 168 9 1 0 0 0 0 0 0 0 0 0 0 0 0 0 0 0 0
"35" 35 0.0114942528736 495 5 0 0 0 0 0 0 0 0 0 0 0 0 0 0 0 0 0 0
"36" 36 0.0 418 32 31 19 0 0 0 0 0 0 0 0 0 0 0 0 0 0 0 0
"37" 37 0.0 495 3 2 0 0 0 0 0 0 0 0 0 0 0 0 0 0 0 0 0
"38" 38 0.0 321 112 43 17 2 2 2 1 0 0 0 0 0 0 0 0 0 0 0 0
"39" 39 0.0 492 4 4 0 0 0 0 0 0 0 0 0 0 0 0 0 0 0 0 0
"40" 40 0.0304182509506 482 16 1 1 0 0 0 0 0 0 0 0 0 0 0 0 0 0 0 0
"41" 41 0.0503144654088 499 1 0 0 0 0 0 0 0 0 0 0 0 0 0 0 0 0 0 0
"42" 42 0.303482587065 346 128 16 6 3 1 0 0 0 0 0 0 0 0 0 0 0 0 0 0
"43" 43 0.0518134715026 294 130 59 6 6 2 1 1 1 0 0 0 0 0 0 0 0 0 0 0
"44" 44 0.430962343096 262 107 50 34 27 18 2 0 0 0 0 0 0 0 0 0 0 0 0 0
"45" 45 0.232558139535 489 11 0 0 0 0 0 0 0 0 0 0 0 0 0 0 0 0 0 0
"46" 46 0.715481171548 429 71 0 0 0 0 0 0 0 0 0 0 0 0 0 0 0 0 0 0
"47" 47 0.212643678161 422 77 1 0 0 0 0 0 0 0 0 0 0 0 0 0 0 0 0 0
"48" 48 0.100628930818 500 0 0 0 0 0 0 0 0 0 0 0 0 0 0 0 0 0 0 0
"49" 49 0.511627906977 368 123 9 0 0 0 0 0 0 0 0 0 0 0 0 0 0 0 0 0
"50" 50 0.0401785714286 474 14 6 3 3 0 0 0 0 0 0 0 0 0 0 0 0 0 0 0
"51" 51 0.010152284264 500 0 0 0 0 0 0 0 0 0 0 0 0 0 0 0 0 0 0 0
"52" 52 0.157360406091 365 133 2 0 0 0 0 0 0 0 0 0 0 0 0 0 0 0 0 0
"53" 53 0.294573643411 277 217 3 3 0 0 0 0 0 0 0 0 0 0 0 0 0 0 0 0
"54" 54 0.00418410041841 316 92 30 25 10 10 6 5 2 2 1 1 0 0 0 0 0 0 0 0
"55" 55 0.0 500 0 0 0 0 0 0 0 0 0 0 0 0 0 0 0 0 0 0 0
"56" 56 0.512820512821 352 148 0 0 0 0 0 0 0 0 0 0 0 0 0 0 0 0 0 0
"57" 57 0.277372262774 351 65 59 17 8 0 0 0 0 0 0 0 0 0 0 0 0 0 0 0
"58" 58 0.015503875969 425 27 22 11 7 4 3 1 0 0 0 0 0 0 0 0 0 0 0 0
"59" 59 0.495535714286 319 152 29 0 0 0 0 0 0 0 0 0 0 0 0 0 0 0 0 0
"60" 60 0.264248704663 481 19 0 0 0 0 0 0 0 0 0 0 0 0 0 0 0 0 0 0
"61" 61 0.0 452 47 1 0 0 0 0 0 0 0 0 0 0 0 0 0 0 0 0 0
"62" 62 0.255474452555 425 39 30 6 0 0 0 0 0 0 0 0 0 0 0 0 0 0 0 0
"63" 63 0.658227848101 500 0 0 0 0 0 0 0 0 0 0 0 0 0 0 0 0 0 0 0
"64" 64 0.268656716418 478 10 5 4 3 0 0 0 0 0 0 0 0 0 0 0 0 0 0 0
"65" 65 0.259615384615 500 0 0 0 0 0 0 0 0 0 0 0 0 0 0 0 0 0 0 0
"66" 66 0.0 494 6 0 0 0 0 0 0 0 0 0 0 0 0 0 0 0 0 0 0
"67" 67 0.133928571429 304 142 39 7 3 2 2 1 0 0 0 0 0 0 0 0 0 0 0 0
"68" 68 0.0114942528736 461 39 0 0 0 0 0 0 0 0 0 0 0 0 0 0 0 0 0 0
"69" 69 0.0 482 8 5 2 2 1 0 0 0 0 0 0 0 0 0 0 0 0 0 0
"70" 70 0.0 458 25 11 5 1 0 0 0 0 0 0 0 0 0 0 0 0 0 0 0
"71" 71 0.0 481 10 9 0 0 0 0 0 0 0 0 0 0 0 0 0 0 0 0 0
"72" 72 0.0 350 145 3 1 1 0 0 0 0 0 0 0 0 0 0 0 0 0 0 0
"73" 73 0.0229885057471 314 185 1 0 0 0 0 0 0 0 0 0 0 0 0 0 0 0 0 0
"74" 74 0.155440414508 448 34 8 3 3 3 1 0 0 0 0 0 0 0 0 0 0 0 0 0
"75" 75 0.205298013245 500 0 0 0 0 0 0 0 0 0 0 0 0 0 0 0 0 0 0 0
"76" 76 0.165919282511 404 44 39 7 6 0 0 0 0 0 0 0 0 0 0 0 0 0 0 0
"77" 77 0.560669456067 393 77 23 5 2 0 0 0 0 0 0 0 0 0 0 0 0 0 0 0
"78" 78 0.279069767442 399 65 32 1 1 1 1 0 0 0 0 0 0 0 0 0 0 0 0 0
"79" 79 0.0 458 24 11 3 2 2 0 0 0 0 0 0 0 0 0 0 0 0 0 0
"80" 80 0.203980099502 376 124 0 0 0 0 0 0 0 0 0 0 0 0 0 0 0 0 0 0
"81" 81 0.372093023256 433 49 13 5 0 0 0 0 0 0 0 0 0 0 0 0 0 0 0 0
"82" 82 0.00354609929078 331 85 56 17 9 1 1 0 0 0 0 0 0 0 0 0 0 0 0 0
"83" 83 0.0862944162437 355 116 14 13 1 1 0 0 0 0 0 0 0 0 0 0 0 0 0 0
"84" 84 0.610256410256 376 111 13 0 0 0 0 0 0 0 0 0 0 0 0 0 0 0 0 0
"85" 85 0.203488372093 182 152 100 66 0 0 0 0 0 0 0 0 0 0 0 0 0 0 0 0
"86" 86 0.421383647799 455 43 1 1 0 0 0 0 0 0 0 0 0 0 0 0 0 0 0 0
"87" 87 0.248175182482 500 0 0 0 0 0 0 0 0 0 0 0 0 0 0 0 0 0 0 0
"88" 88 0.675105485232 455 43 1 1 0 0 0 0 0 0 0 0 0 0 0 0 0 0 0 0
"89" 89 0.660714285714 499 1 0 0 0 0 0 0 0 0 0 0 0 0 0 0 0 0 0 0
"90" 90 0.346153846154 500 0 0 0 0 0 0 0 0 0 0 0 0 0 0 0 0 0 0 0
"91" 91 0.00961538461538 500 0 0 0 0 0 0 0 0 0 0 0 0 0 0 0 0 0 0 0
"92" 92 0.0 487 11 1 1 0 0 0 0 0 0 0 0 0 0 0 0 0 0 0 0
"93" 93 0.0384615384615 500 0 0 0 0 0 0 0 0 0 0 0 0 0 0 0 0 0 0 0
"94" 94 0.647798742138 471 29 0 0 0 0 0 0 0 0 0 0 0 0 0 0 0 0 0 0
"95" 95 0.0796019900498 495 5 0 0 0 0 0 0 0 0 0 0 0 0 0 0 0 0 0 0
"96" 96 0.446153846154 331 87 79 3 0 0 0 0 0 0 0 0 0 0 0 0 0 0 0 0
"97" 97 0.0304568527919 426 50 22 2 0 0 0 0 0 0 0 0 0 0 0 0 0 0 0 0
"98" 98 0.062893081761 464 16 7 4 4 2 2 1 0 0 0 0 0 0 0 0 0 0 0 0
"99" 99 0.0 365 128 3 1 1 1 1 0 0 0 0 0 0 0 0 0 0 0 0 0
"100" 100 0.0 448 32 10 5 4 1 0 0 0 0 0 0 0 0 0 0 0 0 0 0
"101" 101 0.077519379845 498 2 0 0 0 0 0 0 0 0 0 0 0 0 0 0 0 0 0 0
"102" 102 0.0103626943005 500 0 0 0 0 0 0 0 0 0 0 0 0 0 0 0 0 0 0 0
"103" 103 0.436781609195 500 0 0 0 0 0 0 0 0 0 0 0 0 0 0 0 0 0 0 0
"104" 104 0.656976744186 240 235 25 0 0 0 0 0 0 0 0 0 0 0 0 0 0 0 0 0
"105" 105 0.288321167883 500 0 0 0 0 0 0 0 0 0 0 0 0 0 0 0 0 0 0 0
"106" 106 0.598540145985 335 109 39 16 1 0 0 0 0 0 0 0 0 0 0 0 0 0 0 0
"107" 107 0.0348258706468 491 9 0 0 0 0 0 0 0 0 0 0 0 0 0 0 0 0 0 0
"108" 108 0.0 499 1 0 0 0 0 0 0 0 0 0 0 0 0 0 0 0 0 0 0
"109" 109 0.508928571429 483 14 3 0 0 0 0 0 0 0 0 0 0 0 0 0 0 0 0 0
"110" 110 0.124352331606 375 116 8 1 0 0 0 0 0 0 0 0 0 0 0 0 0 0 0 0
"111" 111 0.0 290 185 12 7 4 1 1 0 0 0 0 0 0 0 0 0 0 0 0 0
"112" 112 0.355769230769 500 0 0 0 0 0 0 0 0 0 0 0 0 0 0 0 0 0 0 0
"113" 113 0.0172413793103 285 143 60 12 0 0 0 0 0 0 0 0 0 0 0 0 0 0 0 0
"114" 114 0.164179104478 489 8 3 0 0 0 0 0 0 0 0 0 0 0 0 0 0 0 0 0
"115" 115 0.151898734177 390 57 15 15 10 8 3 2 0 0 0 0 0 0 0 0 0 0 0 0
"116" 116 0.71511627907 385 115 0 0 0 0 0 0 0 0 0 0 0 0 0 0 0 0 0 0
"117" 117 0.694300518135 373 112 12 3 0 0 0 0 0 0 0 0 0 0 0 0 0 0 0 0
"118" 118 0.482142857143 388 112 0 0 0 0 0 0 0 0 0 0 0 0 0 0 0 0 0 0
"119" 119 0.173076923077 500 0 0 0 0 0 0 0 0 0 0 0 0 0 0 0 0 0 0 0
"120" 120 0.0507614213198 294 134 28 26 8 6 3 1 0 0 0 0 0 0 0 0 0 0 0 0
"121" 121 0.0 427 72 1 0 0 0 0 0 0 0 0 0 0 0 0 0 0 0 0 0
"122" 122 0.254752851711 284 93 71 49 2 1 0 0 0 0 0 0 0 0 0 0 0 0 0 0
"123" 123 0.0474452554745 471 13 7 4 4 1 0 0 0 0 0 0 0 0 0 0 0 0 0 0
"124" 124 0.0 250 155 46 35 11 3 0 0 0 0 0 0 0 0 0 0 0 0 0 0
"125" 125 0.0199004975124 294 87 57 47 12 2 1 0 0 0 0 0 0 0 0 0 0 0 0 0
"126" 126 0.0 293 185 9 5 4 2 1 1 0 0 0 0 0 0 0 0 0 0 0 0
"127" 127 0.0 492 8 0 0 0 0 0 0 0 0 0 0 0 0 0 0 0 0 0 0
"128" 128 0.00507614213198 494 6 0 0 0 0 0 0 0 0 0 0 0 0 0 0 0 0 0 0
"129" 129 0.0673575129534 500 0 0 0 0 0 0 0 0 0 0 0 0 0 0 0 0 0 0 0
"130" 130 0.173076923077 500 0 0 0 0 0 0 0 0 0 0 0 0 0 0 0 0 0 0 0
"131" 131 0.721518987342 378 77 17 15 13 0 0 0 0 0 0 0 0 0 0 0 0 0 0 0
"132" 132 0.0961538461538 500 0 0 0 0 0 0 0 0 0 0 0 0 0 0 0 0 0 0 0
"133" 133 0.183908045977 405 39 38 18 0 0 0 0 0 0 0 0 0 0 0 0 0 0 0 0
"134" 134 0.0 480 12 8 0 0 0 0 0 0 0 0 0 0 0 0 0 0 0 0 0
"135" 135 0.204379562044 500 0 0 0 0 0 0 0 0 0 0 0 0 0 0 0 0 0 0 0
"136" 136 0.156950672646 377 42 41 35 4 1 0 0 0 0 0 0 0 0 0 0 0 0 0 0
"137" 137 0.258883248731 495 3 2 0 0 0 0 0 0 0 0 0 0 0 0 0 0 0 0 0
"138" 138 0.220930232558 494 5 1 0 0 0 0 0 0 0 0 0 0 0 0 0 0 0 0 0
"139" 139 0.385057471264 167 154 77 49 35 11 6 1 0 0 0 0 0 0 0 0 0 0 0 0
"140" 140 0.205128205128 494 4 1 1 0 0 0 0 0 0 0 0 0 0 0 0 0 0 0 0
"141" 141 0.507772020725 489 11 0 0 0 0 0 0 0 0 0 0 0 0 0 0 0 0 0 0
"142" 142 0.174129353234 393 59 33 10 3 2 0 0 0 0 0 0 0 0 0 0 0 0 0 0
"143" 143 0.591194968553 355 71 59 15 0 0 0 0 0 0 0 0 0 0 0 0 0 0 0 0
"144" 144 0.534482758621 429 60 11 0 0 0 0 0 0 0 0 0 0 0 0 0 0 0 0 0
"145" 145 0.278846153846 500 0 0 0 0 0 0 0 0 0 0 0 0 0 0 0 0 0 0 0
"146" 146 0.116788321168 346 137 13 3 1 0 0 0 0 0 0 0 0 0 0 0 0 0 0 0
"147" 147 0.384105960265 495 5 0 0 0 0 0 0 0 0 0 0 0 0 0 0 0 0 0 0
"148" 148 0.0747126436782 240 201 24 14 11 5 4 1 0 0 0 0 0 0 0 0 0 0 0 0
"149" 149 0.507772020725 356 130 14 0 0 0 0 0 0 0 0 0 0 0 0 0 0 0 0 0
"150" 150 0.357142857143 496 3 1 0 0 0 0 0 0 0 0 0 0 0 0 0 0 0 0 0
"151" 151 0.031007751938 358 86 13 12 10 5 4 4 4 1 1 1 1 0 0 0 0 0 0 0
"152" 152 0.0995024875622 462 23 5 4 2 1 1 1 1 0 0 0 0 0 0 0 0 0 0 0
"153" 153 0.160583941606 495 2 2 1 0 0 0 0 0 0 0 0 0 0 0 0 0 0 0 0
"154" 154 0.0995024875622 493 3 2 1 1 0 0 0 0 0 0 0 0 0 0 0 0 0 0 0
"155" 155 0.0 458 36 6 0 0 0 0 0 0 0 0 0 0 0 0 0 0 0 0 0
"156" 156 0.210762331839 417 68 5 4 2 2 1 1 0 0 0 0 0 0 0 0 0 0 0 0
"157" 157 0.077519379845 427 56 9 4 3 1 0 0 0 0 0 0 0 0 0 0 0 0 0 0
"158" 158 0.192468619247 380 44 33 26 9 4 3 1 0 0 0 0 0 0 0 0 0 0 0 0
"159" 159 0.116591928251 252 222 14 10 2 0 0 0 0 0 0 0 0 0 0 0 0 0 0 0
"160" 160 0.285171102662 370 120 3 2 1 1 1 1 1 0 0 0 0 0 0 0 0 0 0 0
"161" 161 0.18023255814 401 89 9 1 0 0 0 0 0 0 0 0 0 0 0 0 0 0 0 0
"162" 162 0.388601036269 310 139 32 13 3 1 1 1 0 0 0 0 0 0 0 0 0 0 0 0
"163" 163 0.625 418 58 11 10 3 0 0 0 0 0 0 0 0 0 0 0 0 0 0 0
"164" 164 0.468899521531 317 175 4 2 1 1 0 0 0 0 0 0 0 0 0 0 0 0 0 0
"165" 165 0.490384615385 500 0 0 0 0 0 0 0 0 0 0 0 0 0 0 0 0 0 0 0
"166" 166 0.191964285714 338 65 49 26 7 6 3 3 1 1 1 0 0 0 0 0 0 0 0 0
"167" 167 0.373563218391 500 0 0 0 0 0 0 0 0 0 0 0 0 0 0 0 0 0 0 0
"168" 168 0.23417721519 342 88 67 1 1 1 0 0 0 0 0 0 0 0 0 0 0 0 0 0
"169" 169 0.163522012579 460 30 9 1 0 0 0 0 0 0 0 0 0 0 0 0 0 0 0 0
"170" 170 0.821705426357 461 39 0 0 0 0 0 0 0 0 0 0 0 0 0 0 0 0 0 0
"171" 171 0.5 500 0 0 0 0 0 0 0 0 0 0 0 0 0 0 0 0 0 0 0
"172" 172 0.0248226950355 494 5 1 0 0 0 0 0 0 0 0 0 0 0 0 0 0 0 0 0
"173" 173 0.548523206751 476 15 5 2 1 1 0 0 0 0 0 0 0 0 0 0 0 0 0 0
"174" 174 0.465408805031 494 4 2 0 0 0 0 0 0 0 0 0 0 0 0 0 0 0 0 0
"175" 175 0.817307692308 500 0 0 0 0 0 0 0 0 0 0 0 0 0 0 0 0 0 0 0
"176" 176 0.344370860927 497 2 1 0 0 0 0 0 0 0 0 0 0 0 0 0 0 0 0 0
"177" 177 0.300518134715 477 11 7 3 2 0 0 0 0 0 0 0 0 0 0 0 0 0 0 0
"178" 178 0.127906976744 446 27 13 6 4 2 2 0 0 0 0 0 0 0 0 0 0 0 0 0
"179" 179 0.137055837563 496 2 2 0 0 0 0 0 0 0 0 0 0 0 0 0 0 0 0 0
"180" 180 0.308016877637 296 183 7 5 5 2 1 1 0 0 0 0 0 0 0 0 0 0 0 0
"181" 181 0.522012578616 500 0 0 0 0 0 0 0 0 0 0 0 0 0 0 0 0 0 0 0
"182" 182 0.384615384615 486 10 3 1 0 0 0 0 0 0 0 0 0 0 0 0 0 0 0 0
"183" 183 0.626436781609 414 50 28 8 0 0 0 0 0 0 0 0 0 0 0 0 0 0 0 0
"184" 184 0.668393782383 417 83 0 0 0 0 0 0 0 0 0 0 0 0 0 0 0 0 0 0
"185" 185 0.373056994819 271 190 35 2 1 1 0 0 0 0 0 0 0 0 0 0 0 0 0 0
"186" 186 0.0927152317881 493 7 0 0 0 0 0 0 0 0 0 0 0 0 0 0 0 0 0 0
"187" 187 0.510548523207 443 57 0 0 0 0 0 0 0 0 0 0 0 0 0 0 0 0 0 0
"188" 188 0.5 475 25 0 0 0 0 0 0 0 0 0 0 0 0 0 0 0 0 0 0
"189" 189 0.182509505703 460 39 1 0 0 0 0 0 0 0 0 0 0 0 0 0 0 0 0 0
"190" 190 0.401673640167 442 23 20 11 2 1 1 0 0 0 0 0 0 0 0 0 0 0 0 0
"191" 191 0.569536423841 500 0 0 0 0 0 0 0 0 0 0 0 0 0 0 0 0 0 0 0
"192" 192 0.607594936709 497 2 1 0 0 0 0 0 0 0 0 0 0 0 0 0 0 0 0 0
"193" 193 0.377990430622 487 11 2 0 0 0 0 0 0 0 0 0 0 0 0 0 0 0 0 0
"194" 194 0.907692307692 469 16 15 0 0 0 0 0 0 0 0 0 0 0 0 0 0 0 0 0
