"site" "RSA" "aa1" "aa2" "aa3" "aa4" "aa5" "aa6" "aa7" "aa8" "aa9" "aa10" "aa11" "aa12" "aa13" "aa14" "aa15" "aa16" "aa17" "aa18" "aa19" "aa20"
"0" 0 0.883408071749 4 0 0 0 0 0 0 0 0 0 0 0 0 0 0 0 0 0 0 0
"1" 1 0.759615384615 2 2 0 0 0 0 0 0 0 0 0 0 0 0 0 0 0 0 0 0
"2" 2 0.336538461538 5 4 2 1 1 0 0 0 0 0 0 0 0 0 0 0 0 0 0 0
"3" 3 0.114427860697 35 29 17 3 2 0 0 0 0 0 0 0 0 0 0 0 0 0 0 0
"4" 4 0.276785714286 44 31 7 6 5 2 1 1 1 0 0 0 0 0 0 0 0 0 0 0
"5" 5 0.678571428571 27 26 14 12 8 5 4 2 2 1 1 0 0 0 0 0 0 0 0 0
"6" 6 0.193798449612 36 26 16 6 4 3 3 2 2 1 1 1 1 1 0 0 0 0 0 0
"7" 7 0.0 46 44 19 1 1 0 0 0 0 0 0 0 0 0 0 0 0 0 0 0
"8" 8 0.383211678832 47 24 7 7 6 5 3 3 2 2 2 2 1 0 0 0 0 0 0 0
"9" 9 0.387596899225 32 13 13 11 9 9 8 5 4 3 2 2 2 1 0 0 0 0 0 0
"10" 10 0.177304964539 87 18 5 4 2 1 1 0 0 0 0 0 0 0 0 0 0 0 0 0
"11" 11 0.0696517412935 122 6 6 0 0 0 0 0 0 0 0 0 0 0 0 0 0 0 0 0
"12" 12 0.609489051095 29 24 13 12 12 11 6 6 4 4 4 3 2 2 1 1 0 0 0 0
"13" 13 0.723214285714 135 0 0 0 0 0 0 0 0 0 0 0 0 0 0 0 0 0 0 0
"14" 14 0.481865284974 135 0 0 0 0 0 0 0 0 0 0 0 0 0 0 0 0 0 0 0
"15" 15 0.194029850746 60 50 9 4 4 2 2 2 1 1 0 0 0 0 0 0 0 0 0 0
"16" 16 0.586538461538 92 9 8 6 5 5 4 3 2 1 0 0 0 0 0 0 0 0 0 0
"17" 17 0.816143497758 34 20 20 9 8 7 7 7 5 4 3 3 3 2 1 1 1 0 0 0
"18" 18 0.240384615385 104 17 3 2 2 2 2 1 1 1 1 0 0 0 0 0 0 0 0 0
"19" 19 0.217616580311 137 0 0 0 0 0 0 0 0 0 0 0 0 0 0 0 0 0 0 0
"20" 20 0.482587064677 55 38 24 10 4 3 1 1 1 0 0 0 0 0 0 0 0 0 0 0
"21" 21 0.610465116279 125 12 0 0 0 0 0 0 0 0 0 0 0 0 0 0 0 0 0 0
"22" 22 0.0728476821192 91 29 12 2 2 1 0 0 0 0 0 0 0 0 0 0 0 0 0 0
"23" 23 0.427860696517 26 23 22 17 16 9 9 3 3 2 2 1 1 1 0 0 0 0 0 0
"24" 24 0.726368159204 66 25 20 8 4 3 3 3 1 1 1 1 0 0 0 0 0 0 0 0
"25" 25 0.655172413793 37 36 27 19 8 4 2 2 1 0 0 0 0 0 0 0 0 0 0 0
"26" 26 0.0862068965517 52 33 13 10 7 3 2 2 1 1 1 1 1 0 0 0 0 0 0 0
"27" 27 0.427672955975 86 9 6 6 6 5 5 3 3 3 1 1 1 0 0 0 0 0 0 0
"28" 28 0.647321428571 42 37 23 7 7 6 4 3 3 2 1 1 1 0 0 0 0 0 0 0
"29" 29 0.751295336788 37 19 18 14 11 10 7 5 4 3 3 2 2 1 1 0 0 0 0 0
"30" 30 0.283582089552 32 15 11 11 10 10 10 10 9 6 4 3 3 1 1 0 0 0 0 0
"31" 31 0.526785714286 19 19 18 17 15 9 9 8 8 3 3 2 2 1 1 1 1 0 0 0
"32" 32 0.0769230769231 43 43 19 8 5 5 5 2 2 1 1 1 1 0 0 0 0 0 0 0
"33" 33 0.258928571429 36 23 20 15 13 9 6 5 3 2 2 1 1 1 0 0 0 0 0 0
"34" 34 0.0 74 25 24 4 3 3 2 2 0 0 0 0 0 0 0 0 0 0 0 0
"35" 35 0.0574712643678 27 17 14 11 11 10 9 8 7 7 6 3 3 2 1 1 0 0 0 0
"36" 36 0.00507614213198 55 37 16 13 7 7 1 1 0 0 0 0 0 0 0 0 0 0 0 0
"37" 37 0.169154228856 38 29 18 11 10 6 6 5 5 3 2 2 1 1 0 0 0 0 0 0
"38" 38 0.0 80 17 10 9 8 5 4 2 1 1 0 0 0 0 0 0 0 0 0 0
"39" 39 0.37552742616 80 57 0 0 0 0 0 0 0 0 0 0 0 0 0 0 0 0 0 0
"40" 40 0.25 80 27 13 5 4 3 2 1 1 1 0 0 0 0 0 0 0 0 0 0
"41" 41 0.394230769231 46 30 20 16 7 5 4 3 3 2 1 0 0 0 0 0 0 0 0 0
"42" 42 0.0 107 13 5 4 3 2 1 1 1 0 0 0 0 0 0 0 0 0 0 0
"43" 43 0.0 89 36 6 3 2 1 0 0 0 0 0 0 0 0 0 0 0 0 0 0
"44" 44 0.0 46 42 38 4 4 3 0 0 0 0 0 0 0 0 0 0 0 0 0 0
"45" 45 0.0 102 21 14 0 0 0 0 0 0 0 0 0 0 0 0 0 0 0 0 0
"46" 46 0.0 137 0 0 0 0 0 0 0 0 0 0 0 0 0 0 0 0 0 0 0
"47" 47 0.0547263681592 78 16 14 11 7 3 2 2 1 1 1 0 0 0 0 0 0 0 0 0
"48" 48 0.301418439716 35 26 25 13 11 7 6 3 2 2 2 1 1 0 0 0 0 0 0 0
"49" 49 0.00574712643678 71 21 17 9 5 4 4 4 2 0 0 0 0 0 0 0 0 0 0 0
"50" 50 0.0 83 27 16 4 3 2 1 1 0 0 0 0 0 0 0 0 0 0 0 0
"51" 51 0.410714285714 36 27 25 19 8 4 3 3 3 2 2 1 1 1 1 1 0 0 0 0
"52" 52 0.375912408759 51 20 16 13 8 8 5 3 3 3 2 1 1 1 1 1 0 0 0 0
"53" 53 0.00574712643678 84 32 8 7 2 2 1 1 0 0 0 0 0 0 0 0 0 0 0 0
"54" 54 0.0 123 5 5 2 1 1 0 0 0 0 0 0 0 0 0 0 0 0 0 0
"55" 55 0.279069767442 26 22 16 13 12 11 11 5 3 3 3 2 2 1 1 1 0 0 0 0
"56" 56 0.164179104478 69 12 11 9 8 7 5 4 4 3 2 1 1 1 0 0 0 0 0 0
"57" 57 0.217054263566 74 36 8 6 3 2 2 2 1 1 1 0 0 0 0 0 0 0 0 0
"58" 58 0.108808290155 97 14 11 6 4 1 1 1 0 0 0 0 0 0 0 0 0 0 0 0
"59" 59 0.691823899371 70 16 13 9 8 7 2 2 2 1 1 0 0 0 0 0 0 0 0 0
"60" 60 0.594890510949 20 16 16 15 12 12 12 12 8 7 2 1 1 1 1 0 0 0 0 0
"61" 61 0.104651162791 42 33 32 13 6 5 3 2 0 0 0 0 0 0 0 0 0 0 0 0
"62" 62 0.240310077519 28 18 15 15 14 11 8 7 5 4 3 2 2 2 1 1 1 0 0 0
"63" 63 0.0794979079498 48 42 21 6 6 4 3 3 2 1 1 0 0 0 0 0 0 0 0 0
"64" 64 0.354651162791 37 27 14 11 10 6 6 5 5 5 4 3 3 1 0 0 0 0 0 0
"65" 65 0.40251572327 24 24 16 14 13 13 8 7 5 3 3 2 2 1 1 1 0 0 0 0
"66" 66 0.422885572139 30 22 14 10 9 9 9 8 4 4 4 3 3 2 2 2 1 1 0 0
"67" 67 0.155172413793 55 20 18 10 9 6 5 5 2 2 2 1 1 1 0 0 0 0 0 0
"68" 68 0.519379844961 26 25 14 12 10 10 10 10 5 4 3 3 2 1 1 1 0 0 0 0
"69" 69 0.263392857143 118 19 0 0 0 0 0 0 0 0 0 0 0 0 0 0 0 0 0 0
"70" 70 0.115384615385 135 1 1 0 0 0 0 0 0 0 0 0 0 0 0 0 0 0 0 0
"71" 71 0.240310077519 55 25 20 11 7 7 4 3 2 1 1 0 0 0 0 0 0 0 0 0
"72" 72 0.434306569343 25 21 14 14 13 7 6 5 5 4 4 4 4 3 3 3 1 1 0 0
"73" 73 0.0747126436782 85 20 11 9 5 4 1 1 1 0 0 0 0 0 0 0 0 0 0 0
"74" 74 0.488372093023 32 31 23 8 7 6 5 5 4 3 3 3 2 2 1 1 1 0 0 0
"75" 75 0.660714285714 35 33 30 13 9 4 4 3 2 1 1 1 1 0 0 0 0 0 0 0
"76" 76 0.490384615385 116 6 6 5 3 1 0 0 0 0 0 0 0 0 0 0 0 0 0 0
"77" 77 0.25 44 37 23 13 8 3 2 2 1 1 1 1 0 0 0 0 0 0 0 0
"78" 78 0.325892857143 54 19 17 14 7 5 4 4 3 3 2 2 2 1 0 0 0 0 0 0
"79" 79 0.0 50 44 26 10 4 3 0 0 0 0 0 0 0 0 0 0 0 0 0 0
"80" 80 0.0 77 16 12 12 8 7 3 1 1 0 0 0 0 0 0 0 0 0 0 0
"81" 81 0.262773722628 32 25 22 10 10 9 7 6 3 3 3 2 2 1 1 1 0 0 0 0
"82" 82 0.0 54 38 33 6 3 3 0 0 0 0 0 0 0 0 0 0 0 0 0 0
"83" 83 0.368613138686 36 24 20 18 13 6 4 4 4 2 2 2 1 1 0 0 0 0 0 0
"84" 84 0.0480769230769 132 3 1 1 0 0 0 0 0 0 0 0 0 0 0 0 0 0 0 0
"85" 85 0.100628930818 47 27 23 13 12 7 3 1 1 1 1 1 0 0 0 0 0 0 0 0
"86" 86 0.044776119403 68 18 15 14 10 6 3 1 1 1 0 0 0 0 0 0 0 0 0 0
"87" 87 0.233576642336 94 13 7 6 4 3 3 2 1 1 1 1 1 0 0 0 0 0 0 0
"88" 88 0.0480769230769 37 32 18 12 10 7 6 3 3 2 2 2 1 1 1 0 0 0 0 0
"89" 89 0.0 81 46 8 2 0 0 0 0 0 0 0 0 0 0 0 0 0 0 0 0
"90" 90 0.223880597015 136 1 0 0 0 0 0 0 0 0 0 0 0 0 0 0 0 0 0 0
"91" 91 0.100775193798 47 30 12 12 12 9 7 3 2 1 1 1 0 0 0 0 0 0 0 0
"92" 92 0.0 88 44 4 1 0 0 0 0 0 0 0 0 0 0 0 0 0 0 0 0
"93" 93 0.214285714286 137 0 0 0 0 0 0 0 0 0 0 0 0 0 0 0 0 0 0 0
"94" 94 0.361313868613 137 0 0 0 0 0 0 0 0 0 0 0 0 0 0 0 0 0 0 0
"95" 95 0.0646766169154 57 53 17 6 2 1 1 0 0 0 0 0 0 0 0 0 0 0 0 0
"96" 96 0.0 120 5 4 3 3 2 0 0 0 0 0 0 0 0 0 0 0 0 0 0
"97" 97 0.00995024875622 134 2 1 0 0 0 0 0 0 0 0 0 0 0 0 0 0 0 0 0
"98" 98 0.430769230769 137 0 0 0 0 0 0 0 0 0 0 0 0 0 0 0 0 0 0 0
"99" 99 0.044776119403 63 49 15 7 2 1 0 0 0 0 0 0 0 0 0 0 0 0 0 0
"100" 100 0.00497512437811 95 13 13 6 4 2 1 1 1 1 0 0 0 0 0 0 0 0 0 0
"101" 101 0.107623318386 93 22 9 9 3 1 0 0 0 0 0 0 0 0 0 0 0 0 0 0
"102" 102 0.178832116788 95 24 7 4 2 1 1 1 1 1 0 0 0 0 0 0 0 0 0 0
"103" 103 0.00995024875622 87 49 1 0 0 0 0 0 0 0 0 0 0 0 0 0 0 0 0 0
"104" 104 0.0 123 13 1 0 0 0 0 0 0 0 0 0 0 0 0 0 0 0 0 0
"105" 105 0.0288461538462 132 5 0 0 0 0 0 0 0 0 0 0 0 0 0 0 0 0 0 0
"106" 106 0.0 107 24 5 1 0 0 0 0 0 0 0 0 0 0 0 0 0 0 0 0
"107" 107 0.0 133 4 0 0 0 0 0 0 0 0 0 0 0 0 0 0 0 0 0 0
"108" 108 0.168604651163 121 15 1 0 0 0 0 0 0 0 0 0 0 0 0 0 0 0 0 0
"109" 109 0.213930348259 37 23 13 12 8 7 7 6 5 5 4 4 3 2 1 0 0 0 0 0
"110" 110 0.0 127 5 2 2 1 0 0 0 0 0 0 0 0 0 0 0 0 0 0 0
"111" 111 0.167883211679 51 44 15 12 7 2 1 1 1 1 1 1 0 0 0 0 0 0 0 0
"112" 112 0.22480620155 29 24 21 17 11 8 7 6 4 3 3 2 1 1 0 0 0 0 0 0
"113" 113 0.0380228136882 49 33 15 11 7 7 6 5 3 1 0 0 0 0 0 0 0 0 0 0
"114" 114 0.252873563218 92 37 3 2 1 1 1 0 0 0 0 0 0 0 0 0 0 0 0 0
"115" 115 0.473214285714 34 30 23 18 7 7 6 5 3 2 1 1 0 0 0 0 0 0 0 0
"116" 116 0.178294573643 58 20 18 18 8 5 5 1 1 1 1 1 0 0 0 0 0 0 0 0
"117" 117 0.0298507462687 46 45 32 9 2 1 1 1 0 0 0 0 0 0 0 0 0 0 0 0
"118" 118 0.596899224806 54 33 29 5 3 3 2 2 2 1 1 1 1 0 0 0 0 0 0 0
"119" 119 0.846153846154 96 17 16 2 2 1 1 1 1 0 0 0 0 0 0 0 0 0 0 0
"120" 120 0.255813953488 84 18 10 9 5 4 3 1 1 1 1 0 0 0 0 0 0 0 0 0
"121" 121 0.616033755274 51 23 16 13 8 6 6 4 3 3 3 1 0 0 0 0 0 0 0 0
"122" 122 0.093023255814 63 41 22 6 3 1 1 0 0 0 0 0 0 0 0 0 0 0 0 0
"123" 123 0.260089686099 55 33 18 5 5 5 4 3 3 2 2 1 1 0 0 0 0 0 0 0
"124" 124 0.0203045685279 62 55 20 0 0 0 0 0 0 0 0 0 0 0 0 0 0 0 0 0
"125" 125 0.0646766169154 54 53 14 6 5 3 2 0 0 0 0 0 0 0 0 0 0 0 0 0
"126" 126 0.00518134715026 108 27 1 1 0 0 0 0 0 0 0 0 0 0 0 0 0 0 0 0
"127" 127 0.139534883721 135 2 0 0 0 0 0 0 0 0 0 0 0 0 0 0 0 0 0 0
"128" 128 0.332116788321 137 0 0 0 0 0 0 0 0 0 0 0 0 0 0 0 0 0 0 0
"129" 129 0.535864978903 137 0 0 0 0 0 0 0 0 0 0 0 0 0 0 0 0 0 0 0
"130" 130 0.122093023256 137 0 0 0 0 0 0 0 0 0 0 0 0 0 0 0 0 0 0 0
"131" 131 0.28488372093 103 13 8 6 3 2 1 1 0 0 0 0 0 0 0 0 0 0 0 0
"132" 132 0.761006289308 136 1 0 0 0 0 0 0 0 0 0 0 0 0 0 0 0 0 0 0
"133" 133 0.682692307692 112 16 4 3 2 0 0 0 0 0 0 0 0 0 0 0 0 0 0 0
"134" 134 0.1592039801 105 13 6 4 4 2 1 1 1 0 0 0 0 0 0 0 0 0 0 0
"135" 135 0.204379562044 137 0 0 0 0 0 0 0 0 0 0 0 0 0 0 0 0 0 0 0
"136" 136 0.410852713178 34 22 20 19 17 6 3 3 2 2 2 2 1 1 1 1 1 0 0 0
"137" 137 0.0497512437811 84 24 10 10 5 2 1 1 0 0 0 0 0 0 0 0 0 0 0 0
"138" 138 0.0 106 16 10 3 2 0 0 0 0 0 0 0 0 0 0 0 0 0 0 0
"139" 139 0.042194092827 134 3 0 0 0 0 0 0 0 0 0 0 0 0 0 0 0 0 0 0
"140" 140 0.163498098859 110 6 6 5 4 2 2 1 1 0 0 0 0 0 0 0 0 0 0 0
"141" 141 0.0 129 7 1 0 0 0 0 0 0 0 0 0 0 0 0 0 0 0 0 0
"142" 142 0.0 129 5 1 1 1 0 0 0 0 0 0 0 0 0 0 0 0 0 0 0
"143" 143 0.459854014599 79 15 11 10 6 5 2 2 1 1 1 1 1 1 1 0 0 0 0 0
"144" 144 0.132183908046 48 28 20 20 9 6 2 2 1 1 0 0 0 0 0 0 0 0 0 0
"145" 145 0.0 136 1 0 0 0 0 0 0 0 0 0 0 0 0 0 0 0 0 0 0
"146" 146 0.394230769231 137 0 0 0 0 0 0 0 0 0 0 0 0 0 0 0 0 0 0 0
"147" 147 0.0288461538462 119 15 3 0 0 0 0 0 0 0 0 0 0 0 0 0 0 0 0 0
"148" 148 0.496350364964 14 13 11 11 11 10 10 9 9 7 7 6 5 4 4 3 2 1 0 0
"149" 149 0.261538461538 134 2 1 0 0 0 0 0 0 0 0 0 0 0 0 0 0 0 0 0
"150" 150 0.200956937799 136 1 0 0 0 0 0 0 0 0 0 0 0 0 0 0 0 0 0 0
"151" 151 0.0985401459854 137 0 0 0 0 0 0 0 0 0 0 0 0 0 0 0 0 0 0 0
"152" 152 0.3536121673 65 26 16 10 7 7 3 1 1 1 0 0 0 0 0 0 0 0 0 0
"153" 153 0.0288461538462 91 24 13 7 1 1 0 0 0 0 0 0 0 0 0 0 0 0 0 0
"154" 154 0.572139303483 136 1 0 0 0 0 0 0 0 0 0 0 0 0 0 0 0 0 0 0
"155" 155 0.627615062762 36 33 33 20 4 3 3 2 2 1 0 0 0 0 0 0 0 0 0 0
"156" 156 0.316062176166 130 3 2 1 1 0 0 0 0 0 0 0 0 0 0 0 0 0 0 0
"157" 157 0.173076923077 64 57 13 3 0 0 0 0 0 0 0 0 0 0 0 0 0 0 0 0
"158" 158 0.177664974619 80 41 7 6 2 1 0 0 0 0 0 0 0 0 0 0 0 0 0 0
"159" 159 0.0796019900498 96 40 1 0 0 0 0 0 0 0 0 0 0 0 0 0 0 0 0 0
"160" 160 0.0995024875622 104 27 5 1 0 0 0 0 0 0 0 0 0 0 0 0 0 0 0 0
"161" 161 0.282700421941 137 0 0 0 0 0 0 0 0 0 0 0 0 0 0 0 0 0 0 0
"162" 162 0.308035714286 114 23 0 0 0 0 0 0 0 0 0 0 0 0 0 0 0 0 0 0
"163" 163 0.630769230769 137 0 0 0 0 0 0 0 0 0 0 0 0 0 0 0 0 0 0 0
"164" 164 0.435406698565 137 0 0 0 0 0 0 0 0 0 0 0 0 0 0 0 0 0 0 0
"165" 165 0.0747126436782 110 20 3 2 1 1 0 0 0 0 0 0 0 0 0 0 0 0 0 0
"166" 166 0.63503649635 61 14 12 9 8 7 7 6 4 2 2 2 1 1 1 0 0 0 0 0
"167" 167 0.627906976744 89 19 9 8 7 3 2 0 0 0 0 0 0 0 0 0 0 0 0 0
"168" 168 0.093023255814 103 17 6 4 2 2 2 1 0 0 0 0 0 0 0 0 0 0 0 0
"169" 169 0.673076923077 132 1 1 1 1 1 0 0 0 0 0 0 0 0 0 0 0 0 0 0
"170" 170 0.182692307692 100 33 2 1 1 0 0 0 0 0 0 0 0 0 0 0 0 0 0 0
"171" 171 0.00574712643678 94 37 3 1 1 1 0 0 0 0 0 0 0 0 0 0 0 0 0 0
"172" 172 0.0384615384615 25 24 24 19 18 7 4 4 3 3 2 2 1 1 0 0 0 0 0 0
"173" 173 0.34375 44 21 19 13 11 8 6 5 3 2 2 1 1 1 0 0 0 0 0 0
"174" 174 0.031007751938 127 8 2 0 0 0 0 0 0 0 0 0 0 0 0 0 0 0 0 0
"175" 175 0.0 66 54 13 2 2 0 0 0 0 0 0 0 0 0 0 0 0 0 0 0
"176" 176 0.481751824818 31 24 22 17 16 9 6 3 3 2 2 1 1 0 0 0 0 0 0 0
"177" 177 0.386861313869 67 22 12 9 8 5 4 4 3 2 1 0 0 0 0 0 0 0 0 0
"178" 178 0.124031007752 89 24 8 6 5 3 1 1 0 0 0 0 0 0 0 0 0 0 0 0
"179" 179 0.409282700422 89 38 2 2 1 1 1 1 1 0 0 0 0 0 0 0 0 0 0 0
"180" 180 0.627906976744 50 24 12 10 9 7 5 4 3 2 2 2 1 1 1 0 0 0 0 0
"181" 181 0.722627737226 24 22 15 11 11 10 9 7 7 4 4 3 3 2 2 1 1 0 0 0
"182" 182 0.22480620155 53 26 20 10 5 4 4 3 2 2 2 2 2 1 1 0 0 0 0 0
"183" 183 0.314465408805 64 39 19 3 3 2 2 2 1 1 0 0 0 0 0 0 0 0 0 0
"184" 184 0.885167464115 74 22 9 6 5 4 3 3 2 1 1 1 1 1 1 0 0 0 0 0
"185" 185 0.631178707224 28 25 23 22 8 7 3 3 2 2 2 1 1 1 1 1 0 0 0 0
"186" 186 0.199004975124 36 35 18 13 9 8 6 3 2 1 1 1 0 0 0 0 0 0 0 0
"187" 187 0.569620253165 84 11 10 7 2 2 2 2 2 2 1 1 1 1 1 0 0 0 0 0
"188" 188 0.0172413793103 98 32 6 1 0 0 0 0 0 0 0 0 0 0 0 0 0 0 0 0
"189" 189 0.0223214285714 136 1 0 0 0 0 0 0 0 0 0 0 0 0 0 0 0 0 0 0
"190" 190 0.0 110 22 2 2 1 0 0 0 0 0 0 0 0 0 0 0 0 0 0 0
"191" 191 0.0892857142857 137 0 0 0 0 0 0 0 0 0 0 0 0 0 0 0 0 0 0 0
"192" 192 0.0 90 31 9 7 0 0 0 0 0 0 0 0 0 0 0 0 0 0 0 0
"193" 193 0.434306569343 65 41 14 5 5 3 3 1 0 0 0 0 0 0 0 0 0 0 0 0
"194" 194 0.192052980132 59 33 25 8 8 2 1 1 0 0 0 0 0 0 0 0 0 0 0 0
"195" 195 0.164179104478 111 7 6 5 4 2 1 1 0 0 0 0 0 0 0 0 0 0 0 0
"196" 196 0.584821428571 46 40 23 9 5 3 3 2 2 2 1 1 0 0 0 0 0 0 0 0
"197" 197 0.138392857143 65 45 14 9 3 1 0 0 0 0 0 0 0 0 0 0 0 0 0 0
"198" 198 0.0 65 63 3 3 3 0 0 0 0 0 0 0 0 0 0 0 0 0 0 0
"199" 199 0.361607142857 38 21 20 18 12 9 4 4 3 2 2 2 1 1 0 0 0 0 0 0
"200" 200 0.375 100 23 3 3 2 2 1 1 1 1 0 0 0 0 0 0 0 0 0 0
"201" 201 0.0 118 16 2 1 0 0 0 0 0 0 0 0 0 0 0 0 0 0 0 0
"202" 202 0.139303482587 95 23 8 5 5 1 0 0 0 0 0 0 0 0 0 0 0 0 0 0
"203" 203 0.705357142857 50 34 19 7 7 5 5 3 2 2 1 1 1 0 0 0 0 0 0 0
"204" 204 0.124031007752 82 8 6 6 6 5 5 4 3 3 3 3 1 1 1 0 0 0 0 0
"205" 205 0.269230769231 100 18 6 3 2 2 2 1 1 1 1 0 0 0 0 0 0 0 0 0
"206" 206 0.0387596899225 96 26 10 1 1 1 1 1 0 0 0 0 0 0 0 0 0 0 0 0
"207" 207 0.269430051813 123 5 2 2 1 1 1 1 1 0 0 0 0 0 0 0 0 0 0 0
"208" 208 0.164179104478 66 26 19 9 7 3 2 2 1 1 1 0 0 0 0 0 0 0 0 0
"209" 209 0.0 95 38 3 1 0 0 0 0 0 0 0 0 0 0 0 0 0 0 0 0
"210" 210 0.0149253731343 86 51 0 0 0 0 0 0 0 0 0 0 0 0 0 0 0 0 0 0
"211" 211 0.00995024875622 134 3 0 0 0 0 0 0 0 0 0 0 0 0 0 0 0 0 0 0
"212" 212 0.145077720207 137 0 0 0 0 0 0 0 0 0 0 0 0 0 0 0 0 0 0 0
"213" 213 0.389743589744 134 1 1 1 0 0 0 0 0 0 0 0 0 0 0 0 0 0 0 0
"214" 214 0.092050209205 108 26 2 1 0 0 0 0 0 0 0 0 0 0 0 0 0 0 0 0
"215" 215 0.522012578616 40 35 31 13 9 4 4 1 0 0 0 0 0 0 0 0 0 0 0 0
"216" 216 0.273631840796 39 36 18 9 8 6 5 5 3 2 1 1 1 1 1 1 0 0 0 0
"217" 217 0.589285714286 59 40 16 10 4 2 2 1 1 1 1 0 0 0 0 0 0 0 0 0
"218" 218 0.170542635659 28 19 16 15 14 12 11 7 5 4 3 1 0 0 0 0 0 0 0 0
"219" 219 0.0497512437811 66 49 7 6 5 4 0 0 0 0 0 0 0 0 0 0 0 0 0 0
"220" 220 0.510948905109 55 35 19 6 5 3 3 2 2 2 2 1 1 1 0 0 0 0 0 0
"221" 221 0.227678571429 73 18 14 10 10 5 2 2 1 1 1 0 0 0 0 0 0 0 0 0
"222" 222 0.0 128 2 2 2 1 1 1 0 0 0 0 0 0 0 0 0 0 0 0 0
"223" 223 0.183908045977 123 11 2 1 0 0 0 0 0 0 0 0 0 0 0 0 0 0 0 0
"224" 224 0.598540145985 26 26 24 20 11 10 7 4 2 2 2 1 1 1 0 0 0 0 0 0
"225" 225 0.321167883212 37 35 24 21 7 5 3 2 1 1 1 0 0 0 0 0 0 0 0 0
"226" 226 0.00574712643678 48 43 14 14 7 2 2 2 2 1 1 1 0 0 0 0 0 0 0 0
"227" 227 0.557692307692 39 28 22 19 14 3 3 3 3 2 1 0 0 0 0 0 0 0 0 0
"228" 228 0.653846153846 109 7 5 5 3 2 2 1 1 1 1 0 0 0 0 0 0 0 0 0
"229" 229 0.580291970803 101 15 8 3 2 2 1 1 1 1 1 1 0 0 0 0 0 0 0 0
"230" 230 0.132183908046 78 24 11 9 4 3 2 2 2 1 1 0 0 0 0 0 0 0 0 0
"231" 231 0.295597484277 33 25 19 16 16 11 5 4 3 3 2 0 0 0 0 0 0 0 0 0
"232" 232 0.0199004975124 53 40 22 17 3 1 1 0 0 0 0 0 0 0 0 0 0 0 0 0
"233" 233 0.03125 137 0 0 0 0 0 0 0 0 0 0 0 0 0 0 0 0 0 0 0
"234" 234 0.0077519379845 104 13 9 5 3 1 1 1 0 0 0 0 0 0 0 0 0 0 0 0
"235" 235 0.152317880795 136 1 0 0 0 0 0 0 0 0 0 0 0 0 0 0 0 0 0 0
"236" 236 0.163461538462 137 0 0 0 0 0 0 0 0 0 0 0 0 0 0 0 0 0 0 0
"237" 237 0.605128205128 63 52 14 3 2 2 1 0 0 0 0 0 0 0 0 0 0 0 0 0
"238" 238 0.133027522936 64 54 16 3 0 0 0 0 0 0 0 0 0 0 0 0 0 0 0 0
"239" 239 0.348837209302 84 24 11 5 4 4 2 2 1 0 0 0 0 0 0 0 0 0 0 0
"240" 240 0.373134328358 77 13 12 8 7 6 6 3 2 1 1 1 0 0 0 0 0 0 0 0
"241" 241 0.71875 63 36 9 8 6 4 3 3 3 1 1 0 0 0 0 0 0 0 0 0
"242" 242 0.507299270073 65 32 24 9 2 2 1 1 1 0 0 0 0 0 0 0 0 0 0 0
"243" 243 0.0 66 34 19 18 0 0 0 0 0 0 0 0 0 0 0 0 0 0 0 0
"244" 244 0.413502109705 59 20 15 15 6 6 5 3 2 2 1 1 1 1 0 0 0 0 0 0
"245" 245 0.170542635659 50 24 13 8 8 8 7 5 5 4 2 1 1 1 0 0 0 0 0 0
"246" 246 0.0077519379845 64 42 14 10 3 3 1 0 0 0 0 0 0 0 0 0 0 0 0 0
"247" 247 0.0387596899225 121 4 3 2 2 2 2 1 0 0 0 0 0 0 0 0 0 0 0 0
"248" 248 0.589285714286 65 33 9 9 5 4 4 3 3 1 1 0 0 0 0 0 0 0 0 0
"249" 249 0.162790697674 87 14 11 9 8 3 2 1 1 1 0 0 0 0 0 0 0 0 0 0
"250" 250 0.221153846154 137 0 0 0 0 0 0 0 0 0 0 0 0 0 0 0 0 0 0 0
"251" 251 0.00574712643678 132 4 1 0 0 0 0 0 0 0 0 0 0 0 0 0 0 0 0 0
"252" 252 0.19170984456 124 9 2 1 1 0 0 0 0 0 0 0 0 0 0 0 0 0 0 0
"253" 253 0.285171102662 56 25 23 14 12 3 2 1 1 0 0 0 0 0 0 0 0 0 0 0
"254" 254 0.0 115 13 5 2 2 0 0 0 0 0 0 0 0 0 0 0 0 0 0 0
"255" 255 0.0198675496689 133 4 0 0 0 0 0 0 0 0 0 0 0 0 0 0 0 0 0 0
"256" 256 0.0 59 29 13 12 9 7 4 4 0 0 0 0 0 0 0 0 0 0 0 0
"257" 257 0.134615384615 125 12 0 0 0 0 0 0 0 0 0 0 0 0 0 0 0 0 0 0
"258" 258 0.147286821705 96 18 5 5 4 3 1 1 1 1 1 1 0 0 0 0 0 0 0 0
"259" 259 0.0 107 18 6 4 2 0 0 0 0 0 0 0 0 0 0 0 0 0 0 0
"260" 260 0.0290697674419 127 9 1 0 0 0 0 0 0 0 0 0 0 0 0 0 0 0 0 0
"261" 261 0.641148325359 112 10 9 3 2 1 0 0 0 0 0 0 0 0 0 0 0 0 0 0
"262" 262 0.523178807947 115 9 5 4 2 1 1 0 0 0 0 0 0 0 0 0 0 0 0 0
"263" 263 0.0697674418605 71 35 16 5 3 3 2 1 1 0 0 0 0 0 0 0 0 0 0 0
"264" 264 0.527426160338 45 33 24 12 5 3 3 2 2 2 2 2 1 1 0 0 0 0 0 0
"265" 265 0.387596899225 54 24 16 13 10 8 7 2 1 1 1 0 0 0 0 0 0 0 0 0
"266" 266 0.00497512437811 89 16 13 8 5 3 2 1 0 0 0 0 0 0 0 0 0 0 0 0
"267" 267 0.414507772021 137 0 0 0 0 0 0 0 0 0 0 0 0 0 0 0 0 0 0 0
"268" 268 0.0199004975124 81 45 4 4 2 1 0 0 0 0 0 0 0 0 0 0 0 0 0 0
"269" 269 0.17880794702 92 38 6 1 0 0 0 0 0 0 0 0 0 0 0 0 0 0 0 0
"270" 270 0.0746268656716 88 41 7 1 0 0 0 0 0 0 0 0 0 0 0 0 0 0 0 0
"271" 271 0.557213930348 13 10 3 2 1 1 0 0 0 0 0 0 0 0 0 0 0 0 0 0
"272" 272 0.258620689655 9 8 4 2 2 0 0 0 0 0 0 0 0 0 0 0 0 0 0 0
"273" 273 0.350574712644 5 3 1 1 1 0 0 0 0 0 0 0 0 0 0 0 0 0 0 0
"274" 274 0.824817518248 3 1 1 1 1 0 0 0 0 0 0 0 0 0 0 0 0 0 0 0
"275" 275 1.0 5 0 0 0 0 0 0 0 0 0 0 0 0 0 0 0 0 0 0 0
