"site" "RSA" "aa1" "aa2" "aa3" "aa4" "aa5" "aa6" "aa7" "aa8" "aa9" "aa10" "aa11" "aa12" "aa13" "aa14" "aa15" "aa16" "aa17" "aa18" "aa19" "aa20"
"0" 0 0.529801324503 219 140 85 49 3 1 1 1 1 0 0 0 0 0 0 0 0 0 0 0
"1" 1 0.147208121827 348 145 2 2 2 1 0 0 0 0 0 0 0 0 0 0 0 0 0 0
"2" 2 0.290697674419 76 57 57 54 45 39 33 27 26 26 13 11 9 9 8 5 5 0 0 0
"3" 3 0.464135021097 92 89 42 41 38 26 25 24 22 22 18 18 14 10 10 5 4 0 0 0
"4" 4 0.0 432 67 1 0 0 0 0 0 0 0 0 0 0 0 0 0 0 0 0 0
"5" 5 0.428571428571 181 149 80 27 13 13 10 5 4 4 3 3 3 3 1 1 0 0 0 0
"6" 6 0.0199004975124 500 0 0 0 0 0 0 0 0 0 0 0 0 0 0 0 0 0 0 0
"7" 7 0.518134715026 440 22 21 11 2 2 1 1 0 0 0 0 0 0 0 0 0 0 0 0
"8" 8 0.653846153846 500 0 0 0 0 0 0 0 0 0 0 0 0 0 0 0 0 0 0 0
"9" 9 0.213197969543 497 3 0 0 0 0 0 0 0 0 0 0 0 0 0 0 0 0 0 0
"10" 10 0.0547263681592 500 0 0 0 0 0 0 0 0 0 0 0 0 0 0 0 0 0 0 0
"11" 11 0.452830188679 318 28 24 22 17 12 12 12 12 11 10 9 5 3 2 1 1 1 0 0
"12" 12 0.378109452736 491 2 2 2 1 1 1 0 0 0 0 0 0 0 0 0 0 0 0 0
"13" 13 0.465517241379 334 51 37 26 13 11 9 5 4 3 2 2 2 1 0 0 0 0 0 0
"14" 14 0.325581395349 126 112 48 44 43 43 31 12 11 11 5 5 3 3 3 0 0 0 0 0
"15" 15 0.321167883212 289 42 39 39 32 28 18 5 4 3 1 0 0 0 0 0 0 0 0 0
"16" 16 0.432692307692 360 124 10 2 2 1 1 0 0 0 0 0 0 0 0 0 0 0 0 0
"17" 17 0.413502109705 132 99 45 39 36 33 26 26 22 18 11 7 3 1 1 1 0 0 0 0
"18" 18 0.137931034483 362 114 17 4 3 0 0 0 0 0 0 0 0 0 0 0 0 0 0 0
"19" 19 0.167883211679 259 80 41 35 24 19 10 10 6 5 4 4 2 1 0 0 0 0 0 0
"20" 20 0.0 500 0 0 0 0 0 0 0 0 0 0 0 0 0 0 0 0 0 0 0
"21" 21 0.131979695431 193 156 119 11 10 5 2 2 2 0 0 0 0 0 0 0 0 0 0 0
"22" 22 0.0342205323194 485 15 0 0 0 0 0 0 0 0 0 0 0 0 0 0 0 0 0 0
"23" 23 0.330357142857 460 18 14 3 3 1 1 0 0 0 0 0 0 0 0 0 0 0 0 0
"24" 24 0.166666666667 498 1 1 0 0 0 0 0 0 0 0 0 0 0 0 0 0 0 0 0
"25" 25 0.424870466321 285 133 35 23 22 2 0 0 0 0 0 0 0 0 0 0 0 0 0 0
"26" 26 0.736434108527 106 75 64 52 48 43 27 22 16 15 12 7 5 4 3 1 0 0 0 0
"27" 27 0.336538461538 84 73 50 46 39 36 26 25 23 19 18 16 13 12 11 5 3 1 0 0
"28" 28 0.104651162791 237 151 35 32 9 8 8 8 3 3 2 2 1 1 0 0 0 0 0 0
"29" 29 0.144278606965 478 5 4 3 2 2 2 2 1 1 0 0 0 0 0 0 0 0 0 0
"30" 30 0.0 497 3 0 0 0 0 0 0 0 0 0 0 0 0 0 0 0 0 0 0
"31" 31 0.100418410042 186 103 92 35 21 15 12 8 7 5 5 4 4 3 0 0 0 0 0 0
"32" 32 0.0 494 4 2 0 0 0 0 0 0 0 0 0 0 0 0 0 0 0 0 0
"33" 33 0.131782945736 300 74 35 25 23 13 12 7 7 2 1 1 0 0 0 0 0 0 0 0
"34" 34 0.0 350 95 44 11 0 0 0 0 0 0 0 0 0 0 0 0 0 0 0 0
"35" 35 0.0 500 0 0 0 0 0 0 0 0 0 0 0 0 0 0 0 0 0 0 0
"36" 36 0.0802919708029 490 10 0 0 0 0 0 0 0 0 0 0 0 0 0 0 0 0 0 0
"37" 37 0.0 435 26 13 9 6 5 3 3 0 0 0 0 0 0 0 0 0 0 0 0
"38" 38 0.112582781457 262 153 41 18 13 5 3 2 2 1 0 0 0 0 0 0 0 0 0 0
"39" 39 0.0387596899225 414 75 6 1 1 1 1 1 0 0 0 0 0 0 0 0 0 0 0 0
"40" 40 0.250950570342 258 181 25 9 7 6 6 3 2 2 1 0 0 0 0 0 0 0 0 0
"41" 41 0.678756476684 182 163 119 11 5 4 4 3 3 3 2 1 0 0 0 0 0 0 0 0
"42" 42 0.103448275862 334 111 25 10 9 7 3 1 0 0 0 0 0 0 0 0 0 0 0 0
"43" 43 0.284263959391 282 42 34 30 20 17 15 14 13 11 11 5 3 2 1 0 0 0 0 0
"44" 44 0.0275229357798 418 32 20 12 6 4 3 3 1 1 0 0 0 0 0 0 0 0 0 0
"45" 45 0.517857142857 142 123 82 58 28 21 13 11 7 6 4 3 1 1 0 0 0 0 0 0
"46" 46 0.164102564103 475 12 8 2 1 1 1 0 0 0 0 0 0 0 0 0 0 0 0 0
"47" 47 0.0331125827815 215 85 79 76 45 0 0 0 0 0 0 0 0 0 0 0 0 0 0 0
"48" 48 0.0 449 51 0 0 0 0 0 0 0 0 0 0 0 0 0 0 0 0 0 0
"49" 49 0.194968553459 423 43 32 1 1 0 0 0 0 0 0 0 0 0 0 0 0 0 0 0
"50" 50 0.245535714286 393 38 34 25 2 2 1 1 1 1 1 1 0 0 0 0 0 0 0 0
"51" 51 0.0 499 1 0 0 0 0 0 0 0 0 0 0 0 0 0 0 0 0 0 0
"52" 52 0.00961538461538 500 0 0 0 0 0 0 0 0 0 0 0 0 0 0 0 0 0 0 0
"53" 53 0.0913705583756 185 152 74 25 23 20 8 8 3 1 1 0 0 0 0 0 0 0 0 0
"54" 54 0.00497512437811 498 2 0 0 0 0 0 0 0 0 0 0 0 0 0 0 0 0 0 0
"55" 55 0.044776119403 158 122 79 46 34 28 19 4 3 3 2 1 1 0 0 0 0 0 0 0
"56" 56 0.0523255813953 323 152 17 3 3 1 1 0 0 0 0 0 0 0 0 0 0 0 0 0
"57" 57 0.282700421941 114 112 97 43 35 25 22 22 11 6 4 3 2 2 2 0 0 0 0 0
"58" 58 0.00995024875622 488 12 0 0 0 0 0 0 0 0 0 0 0 0 0 0 0 0 0 0
"59" 59 0.0264900662252 248 171 78 3 0 0 0 0 0 0 0 0 0 0 0 0 0 0 0 0
"60" 60 0.348214285714 115 101 93 57 28 25 15 14 14 10 8 6 4 3 3 2 2 0 0 0
"61" 61 0.171548117155 499 1 0 0 0 0 0 0 0 0 0 0 0 0 0 0 0 0 0 0
"62" 62 0.0 500 0 0 0 0 0 0 0 0 0 0 0 0 0 0 0 0 0 0 0
"63" 63 0.0125523012552 193 186 85 8 7 5 5 3 3 2 1 1 1 0 0 0 0 0 0 0
"64" 64 0.683544303797 102 98 50 46 45 30 30 20 20 17 15 14 7 2 2 1 1 0 0 0
"65" 65 0.242677824268 403 91 5 1 0 0 0 0 0 0 0 0 0 0 0 0 0 0 0 0
"66" 66 0.0 492 5 3 0 0 0 0 0 0 0 0 0 0 0 0 0 0 0 0 0
"67" 67 0.397350993377 267 94 72 20 19 18 5 2 1 1 1 0 0 0 0 0 0 0 0 0
"68" 68 0.820512820513 111 76 57 49 46 33 27 23 22 14 9 8 8 8 4 3 1 1 0 0
"69" 69 0.222797927461 458 10 10 8 6 2 2 1 1 1 1 0 0 0 0 0 0 0 0 0
"70" 70 0.0747126436782 491 9 0 0 0 0 0 0 0 0 0 0 0 0 0 0 0 0 0 0
"71" 71 0.317518248175 141 56 54 44 39 30 29 27 19 18 10 8 6 6 5 4 3 1 0 0
"72" 72 0.179487179487 418 50 13 7 6 5 1 0 0 0 0 0 0 0 0 0 0 0 0 0
"73" 73 0.0287081339713 364 83 17 17 14 3 2 0 0 0 0 0 0 0 0 0 0 0 0 0
"74" 74 0.174129353234 334 64 24 17 10 8 8 7 7 5 4 4 4 3 1 0 0 0 0 0
"75" 75 0.14367816092 475 8 4 3 3 2 2 1 1 1 0 0 0 0 0 0 0 0 0 0
"76" 76 0.735751295337 151 68 62 35 27 26 26 22 16 15 14 11 8 8 6 2 1 1 1 0
"77" 77 0.335025380711 434 47 13 5 1 0 0 0 0 0 0 0 0 0 0 0 0 0 0 0
"78" 78 0.209302325581 97 57 56 55 47 45 36 28 24 18 16 8 7 3 2 1 0 0 0 0
"79" 79 0.811320754717 407 20 18 16 12 8 7 5 2 1 1 1 1 1 0 0 0 0 0 0
"80" 80 0.875 500 0 0 0 0 0 0 0 0 0 0 0 0 0 0 0 0 0 0 0
"81" 81 0.455696202532 189 151 37 28 21 16 15 14 13 4 4 3 3 1 1 0 0 0 0 0
"82" 82 0.412790697674 251 54 42 24 20 16 15 12 12 11 11 11 8 7 3 2 1 0 0 0
"83" 83 0.126903553299 359 37 31 12 11 11 9 5 5 5 4 3 3 2 1 1 1 0 0 0
"84" 84 0.0585774058577 491 6 1 1 1 0 0 0 0 0 0 0 0 0 0 0 0 0 0 0
"85" 85 0.533678756477 272 144 26 15 14 12 8 4 2 2 1 0 0 0 0 0 0 0 0 0
"86" 86 0.307984790875 431 65 2 1 1 0 0 0 0 0 0 0 0 0 0 0 0 0 0 0
"87" 87 0.0746268656716 500 0 0 0 0 0 0 0 0 0 0 0 0 0 0 0 0 0 0 0
"88" 88 0.314465408805 499 1 0 0 0 0 0 0 0 0 0 0 0 0 0 0 0 0 0 0
"89" 89 0.666666666667 99 56 49 48 46 40 36 29 25 16 11 11 10 8 7 4 3 2 0 0
"90" 90 0.409282700422 151 87 68 56 36 29 26 24 17 4 2 0 0 0 0 0 0 0 0 0
"91" 91 0.0 498 2 0 0 0 0 0 0 0 0 0 0 0 0 0 0 0 0 0 0
"92" 92 0.324503311258 263 126 33 24 23 17 8 3 2 1 0 0 0 0 0 0 0 0 0 0
"93" 93 0.370535714286 327 36 21 16 16 15 11 11 10 9 8 6 5 3 3 2 1 0 0 0
"94" 94 0.641509433962 220 63 55 37 32 17 15 14 9 9 6 6 5 4 3 3 1 1 0 0
"95" 95 0.57805907173 324 55 28 23 19 14 10 8 5 5 5 3 1 0 0 0 0 0 0 0
"96" 96 0.0570342205323 470 30 0 0 0 0 0 0 0 0 0 0 0 0 0 0 0 0 0 0
"97" 97 0.291139240506 249 172 31 19 11 8 7 2 1 0 0 0 0 0 0 0 0 0 0 0
"98" 98 0.540697674419 105 75 47 40 39 38 31 27 26 25 17 11 8 4 3 3 1 0 0 0
"99" 99 0.0986547085202 435 42 7 7 5 1 1 1 1 0 0 0 0 0 0 0 0 0 0 0
"100" 100 0.00497512437811 483 17 0 0 0 0 0 0 0 0 0 0 0 0 0 0 0 0 0 0
"101" 101 0.392857142857 183 97 65 64 50 8 7 6 6 4 3 2 2 1 1 1 0 0 0 0
"102" 102 0.455958549223 245 159 87 3 1 1 1 1 1 1 0 0 0 0 0 0 0 0 0 0
"103" 103 0.0255474452555 496 2 2 0 0 0 0 0 0 0 0 0 0 0 0 0 0 0 0 0
"104" 104 0.0860927152318 448 51 1 0 0 0 0 0 0 0 0 0 0 0 0 0 0 0 0 0
"105" 105 0.119402985075 410 37 13 11 10 4 4 4 2 2 2 1 0 0 0 0 0 0 0 0
"106" 106 0.044776119403 495 4 1 0 0 0 0 0 0 0 0 0 0 0 0 0 0 0 0 0
"107" 107 0.00574712643678 369 47 28 24 11 9 8 4 0 0 0 0 0 0 0 0 0 0 0 0
"108" 108 0.368421052632 87 86 73 69 37 34 30 19 14 12 11 10 10 3 3 1 1 0 0 0
"109" 109 0.299578059072 483 7 6 2 1 1 0 0 0 0 0 0 0 0 0 0 0 0 0 0
"110" 110 0.248803827751 208 134 84 23 17 14 14 2 1 1 1 1 0 0 0 0 0 0 0 0
"111" 111 0.438818565401 105 81 44 43 40 31 27 25 23 20 20 15 10 5 4 4 3 0 0 0
"112" 112 0.572139303483 126 95 75 54 39 38 21 12 9 7 7 6 5 5 1 0 0 0 0 0
"113" 113 0.010152284264 495 5 0 0 0 0 0 0 0 0 0 0 0 0 0 0 0 0 0 0
"114" 114 0.490566037736 430 39 8 7 4 2 2 2 1 1 1 1 1 1 0 0 0 0 0 0
"115" 115 0.00497512437811 475 17 7 1 0 0 0 0 0 0 0 0 0 0 0 0 0 0 0 0
"116" 116 0.169642857143 237 118 81 16 10 8 6 5 5 4 4 3 3 0 0 0 0 0 0 0
"117" 117 0.0 487 8 5 0 0 0 0 0 0 0 0 0 0 0 0 0 0 0 0 0
"118" 118 0.10152284264 303 162 15 7 4 4 2 1 1 1 0 0 0 0 0 0 0 0 0 0
"119" 119 0.0 267 233 0 0 0 0 0 0 0 0 0 0 0 0 0 0 0 0 0 0
"120" 120 0.0255474452555 472 13 9 2 1 1 1 1 0 0 0 0 0 0 0 0 0 0 0 0
"121" 121 0.0 500 0 0 0 0 0 0 0 0 0 0 0 0 0 0 0 0 0 0 0
"122" 122 0.00380228136882 300 198 2 0 0 0 0 0 0 0 0 0 0 0 0 0 0 0 0 0
"123" 123 0.0 495 4 1 0 0 0 0 0 0 0 0 0 0 0 0 0 0 0 0 0
"124" 124 0.0755813953488 482 9 9 0 0 0 0 0 0 0 0 0 0 0 0 0 0 0 0 0
"125" 125 0.201923076923 492 8 0 0 0 0 0 0 0 0 0 0 0 0 0 0 0 0 0 0
"126" 126 0.331125827815 218 82 70 43 24 19 8 7 6 6 5 4 4 1 1 1 1 0 0 0
"127" 127 0.0 482 16 2 0 0 0 0 0 0 0 0 0 0 0 0 0 0 0 0 0
"128" 128 0.13475177305 497 1 1 1 0 0 0 0 0 0 0 0 0 0 0 0 0 0 0 0
"129" 129 0.485232067511 116 62 52 50 43 35 30 27 25 20 15 9 7 4 3 1 1 0 0 0
"130" 130 0.183035714286 499 1 0 0 0 0 0 0 0 0 0 0 0 0 0 0 0 0 0 0
"131" 131 0.0836501901141 499 1 0 0 0 0 0 0 0 0 0 0 0 0 0 0 0 0 0 0
"132" 132 0.471264367816 100 76 69 67 51 31 28 22 20 10 9 6 6 2 1 1 1 0 0 0
"133" 133 0.729957805907 134 74 44 39 39 38 35 32 22 15 10 6 5 3 3 1 0 0 0 0
"134" 134 0.552325581395 176 49 44 36 33 28 23 23 20 19 15 15 13 4 2 0 0 0 0 0
"135" 135 0.269230769231 500 0 0 0 0 0 0 0 0 0 0 0 0 0 0 0 0 0 0 0
"136" 136 0.168604651163 405 51 28 5 5 3 1 1 1 0 0 0 0 0 0 0 0 0 0 0
"137" 137 0.0 486 6 3 2 2 1 0 0 0 0 0 0 0 0 0 0 0 0 0 0
"138" 138 0.0382775119617 493 5 2 0 0 0 0 0 0 0 0 0 0 0 0 0 0 0 0 0
"139" 139 0.519230769231 500 0 0 0 0 0 0 0 0 0 0 0 0 0 0 0 0 0 0 0
"140" 140 0.268656716418 182 92 68 62 31 17 7 7 7 7 6 6 2 2 2 2 0 0 0 0
"141" 141 0.835443037975 267 37 36 34 24 23 21 18 8 7 7 5 4 3 3 1 1 1 0 0
"142" 142 0.161434977578 444 38 10 5 3 0 0 0 0 0 0 0 0 0 0 0 0 0 0 0
"143" 143 0.396226415094 493 2 2 1 1 1 0 0 0 0 0 0 0 0 0 0 0 0 0 0
"144" 144 0.883408071749 83 76 61 51 40 35 32 25 25 24 22 10 6 3 2 2 2 1 0 0
"145" 145 0.423076923077 500 0 0 0 0 0 0 0 0 0 0 0 0 0 0 0 0 0 0 0
"146" 146 0.0597014925373 489 9 2 0 0 0 0 0 0 0 0 0 0 0 0 0 0 0 0 0
"147" 147 0.506329113924 195 110 97 20 19 15 9 8 7 5 4 4 3 2 1 1 0 0 0 0
"148" 148 0.223214285714 357 75 46 6 6 4 4 2 0 0 0 0 0 0 0 0 0 0 0 0
"149" 149 0.0 462 23 15 0 0 0 0 0 0 0 0 0 0 0 0 0 0 0 0 0
"150" 150 0.286995515695 223 134 73 29 19 6 6 6 3 1 0 0 0 0 0 0 0 0 0 0
"151" 151 0.325892857143 420 34 21 17 3 1 1 1 1 1 0 0 0 0 0 0 0 0 0 0
"152" 152 0.0209205020921 496 3 1 0 0 0 0 0 0 0 0 0 0 0 0 0 0 0 0 0
"153" 153 0.610062893082 485 7 3 1 1 1 1 1 0 0 0 0 0 0 0 0 0 0 0 0
"154" 154 0.625 202 63 39 32 30 25 24 19 14 13 12 10 5 4 4 3 1 0 0 0
"155" 155 0.0880503144654 490 9 1 0 0 0 0 0 0 0 0 0 0 0 0 0 0 0 0 0
"156" 156 0.187817258883 354 49 42 25 16 3 3 3 2 1 1 1 0 0 0 0 0 0 0 0
"157" 157 0.0627615062762 473 27 0 0 0 0 0 0 0 0 0 0 0 0 0 0 0 0 0 0
"158" 158 0.0 246 152 68 28 2 2 1 1 0 0 0 0 0 0 0 0 0 0 0 0
"159" 159 0.0 500 0 0 0 0 0 0 0 0 0 0 0 0 0 0 0 0 0 0 0
"160" 160 0.00662251655629 344 105 21 11 8 3 3 3 1 1 0 0 0 0 0 0 0 0 0 0
"161" 161 0.18023255814 113 106 51 50 37 33 27 26 17 15 10 7 5 2 1 0 0 0 0 0
"162" 162 0.400843881857 181 85 38 37 35 31 25 21 14 11 9 6 2 2 1 1 1 0 0 0
"163" 163 0.647668393782 119 95 89 63 42 22 17 15 14 6 5 5 3 2 1 1 1 0 0 0
"164" 164 0.629464285714 166 76 46 45 30 27 24 24 21 20 8 6 4 1 1 1 0 0 0 0
"165" 165 0.328205128205 162 106 93 45 25 13 13 10 10 10 6 3 2 1 1 0 0 0 0 0
"166" 166 0.10152284264 479 16 1 1 1 1 1 0 0 0 0 0 0 0 0 0 0 0 0 0
"167" 167 0.245033112583 439 56 5 0 0 0 0 0 0 0 0 0 0 0 0 0 0 0 0 0
"168" 168 0.232704402516 499 1 0 0 0 0 0 0 0 0 0 0 0 0 0 0 0 0 0 0
"169" 169 0.519379844961 116 52 51 47 42 36 34 26 20 18 17 14 12 8 2 2 2 1 0 0
"170" 170 0.363228699552 207 164 26 21 20 16 13 11 10 5 4 1 1 1 0 0 0 0 0 0
"171" 171 0.0 499 1 0 0 0 0 0 0 0 0 0 0 0 0 0 0 0 0 0 0
"172" 172 0.131782945736 297 69 53 24 17 14 8 6 4 3 3 1 1 0 0 0 0 0 0 0
"173" 173 0.589285714286 213 51 51 30 29 27 20 19 17 11 10 7 5 4 3 2 1 0 0 0
"174" 174 0.402985074627 160 69 50 40 39 32 29 28 23 7 7 4 4 3 2 2 1 0 0 0
"175" 175 0.132183908046 446 25 23 4 1 1 0 0 0 0 0 0 0 0 0 0 0 0 0 0
"176" 176 0.298076923077 500 0 0 0 0 0 0 0 0 0 0 0 0 0 0 0 0 0 0 0
"177" 177 0.651785714286 126 81 51 43 41 38 34 22 16 15 13 7 5 4 2 1 1 0 0 0
"178" 178 0.580310880829 210 61 45 29 24 23 23 21 14 14 14 9 7 4 1 1 0 0 0 0
"179" 179 0.149253731343 465 9 8 8 4 3 1 1 1 0 0 0 0 0 0 0 0 0 0 0
"180" 180 0.0264900662252 400 57 20 13 5 4 1 0 0 0 0 0 0 0 0 0 0 0 0 0
"181" 181 0.631386861314 121 57 53 53 39 37 34 27 24 18 13 10 7 5 1 1 0 0 0 0
"182" 182 0.273722627737 223 81 51 37 31 28 15 8 6 5 4 4 4 2 1 0 0 0 0 0
"183" 183 0.0 490 7 3 0 0 0 0 0 0 0 0 0 0 0 0 0 0 0 0 0
"184" 184 0.131782945736 464 27 9 0 0 0 0 0 0 0 0 0 0 0 0 0 0 0 0 0
"185" 185 0.522321428571 84 81 68 45 41 39 29 27 22 18 17 13 6 6 3 1 0 0 0 0
"186" 186 0.149253731343 495 2 1 1 1 0 0 0 0 0 0 0 0 0 0 0 0 0 0 0
"187" 187 0.0 494 4 2 0 0 0 0 0 0 0 0 0 0 0 0 0 0 0 0 0
"188" 188 0.206896551724 295 49 40 37 26 21 17 9 4 1 1 0 0 0 0 0 0 0 0 0
"189" 189 0.485232067511 120 82 56 55 40 29 27 25 21 9 8 7 7 7 5 2 0 0 0 0
"190" 190 0.00497512437811 500 0 0 0 0 0 0 0 0 0 0 0 0 0 0 0 0 0 0 0
"191" 191 0.0 361 139 0 0 0 0 0 0 0 0 0 0 0 0 0 0 0 0 0 0
"192" 192 0.192052980132 127 108 58 48 39 36 27 15 9 8 7 7 6 4 1 0 0 0 0 0
"193" 193 0.341772151899 462 15 11 5 4 1 1 1 0 0 0 0 0 0 0 0 0 0 0 0
"194" 194 0.0 500 0 0 0 0 0 0 0 0 0 0 0 0 0 0 0 0 0 0 0
"195" 195 0.0675105485232 381 88 26 2 2 1 0 0 0 0 0 0 0 0 0 0 0 0 0 0
"196" 196 0.481865284974 339 47 30 23 15 9 9 7 6 4 3 3 2 2 1 0 0 0 0 0
"197" 197 0.167300380228 444 55 1 0 0 0 0 0 0 0 0 0 0 0 0 0 0 0 0 0
"198" 198 0.0 481 18 1 0 0 0 0 0 0 0 0 0 0 0 0 0 0 0 0 0
"199" 199 0.430379746835 329 52 28 27 17 17 13 12 1 1 1 1 1 0 0 0 0 0 0 0
"200" 200 0.544642857143 123 70 54 49 47 46 37 33 12 10 6 4 4 2 2 1 0 0 0 0
"201" 201 0.299578059072 232 146 42 33 30 14 2 1 0 0 0 0 0 0 0 0 0 0 0 0
"202" 202 0.307692307692 500 0 0 0 0 0 0 0 0 0 0 0 0 0 0 0 0 0 0 0
"203" 203 0.00507614213198 494 6 0 0 0 0 0 0 0 0 0 0 0 0 0 0 0 0 0 0
"204" 204 0.0152284263959 457 40 3 0 0 0 0 0 0 0 0 0 0 0 0 0 0 0 0 0
"205" 205 0.0 463 36 1 0 0 0 0 0 0 0 0 0 0 0 0 0 0 0 0 0
"206" 206 0.0 485 8 5 1 1 0 0 0 0 0 0 0 0 0 0 0 0 0 0 0
"207" 207 0.0569948186528 214 139 90 25 13 11 3 2 2 1 0 0 0 0 0 0 0 0 0 0
"208" 208 0.0116279069767 307 141 50 2 0 0 0 0 0 0 0 0 0 0 0 0 0 0 0 0
"209" 209 0.316455696203 295 50 39 19 19 15 14 12 11 10 8 7 1 0 0 0 0 0 0 0
"210" 210 0.00418410041841 474 18 3 3 1 1 0 0 0 0 0 0 0 0 0 0 0 0 0 0
"211" 211 0.209821428571 127 72 67 63 39 35 18 16 11 11 11 10 10 5 5 0 0 0 0 0
"212" 212 0.00418410041841 499 1 0 0 0 0 0 0 0 0 0 0 0 0 0 0 0 0 0 0
"213" 213 0.0288461538462 500 0 0 0 0 0 0 0 0 0 0 0 0 0 0 0 0 0 0 0
"214" 214 0.0761421319797 394 34 30 15 11 10 4 2 0 0 0 0 0 0 0 0 0 0 0 0
"215" 215 0.0725388601036 455 34 7 2 1 1 0 0 0 0 0 0 0 0 0 0 0 0 0 0
"216" 216 0.549107142857 102 89 67 34 32 28 28 22 21 17 16 13 12 8 7 2 2 0 0 0
"217" 217 0.751054852321 202 67 51 35 34 28 22 16 15 12 8 5 4 1 0 0 0 0 0 0
"218" 218 0.412790697674 136 113 83 65 33 22 13 9 9 6 5 3 1 1 1 0 0 0 0 0
"219" 219 0.482051282051 131 77 72 61 50 45 17 15 11 7 6 4 3 1 0 0 0 0 0 0
"220" 220 0.330357142857 132 131 61 47 27 26 26 22 18 8 2 0 0 0 0 0 0 0 0 0
"221" 221 0.0659898477157 438 60 1 1 0 0 0 0 0 0 0 0 0 0 0 0 0 0 0 0
"222" 222 0.0 348 150 1 1 0 0 0 0 0 0 0 0 0 0 0 0 0 0 0 0
"223" 223 0.0 472 28 0 0 0 0 0 0 0 0 0 0 0 0 0 0 0 0 0 0
"224" 224 0.0804597701149 400 46 28 8 5 4 4 2 1 1 1 0 0 0 0 0 0 0 0 0
"225" 225 0.165803108808 425 75 0 0 0 0 0 0 0 0 0 0 0 0 0 0 0 0 0 0
"226" 226 0.205357142857 288 59 36 25 23 23 12 12 8 6 5 3 0 0 0 0 0 0 0 0
"227" 227 0.0 493 6 1 0 0 0 0 0 0 0 0 0 0 0 0 0 0 0 0 0
"228" 228 0.0 441 56 2 1 0 0 0 0 0 0 0 0 0 0 0 0 0 0 0 0
"229" 229 0.0 485 11 4 0 0 0 0 0 0 0 0 0 0 0 0 0 0 0 0 0
"230" 230 0.0314465408805 490 8 2 0 0 0 0 0 0 0 0 0 0 0 0 0 0 0 0 0
"231" 231 0.217616580311 499 1 0 0 0 0 0 0 0 0 0 0 0 0 0 0 0 0 0 0
"232" 232 0.0927152317881 251 220 13 4 4 3 3 1 1 0 0 0 0 0 0 0 0 0 0 0
"233" 233 0.0728476821192 487 8 5 0 0 0 0 0 0 0 0 0 0 0 0 0 0 0 0 0
"234" 234 0.35401459854 179 88 70 33 32 31 24 18 7 6 4 3 2 2 1 0 0 0 0 0
"235" 235 0.00836820083682 500 0 0 0 0 0 0 0 0 0 0 0 0 0 0 0 0 0 0 0
"236" 236 0.0248226950355 496 2 1 1 0 0 0 0 0 0 0 0 0 0 0 0 0 0 0 0
"237" 237 0.369230769231 217 100 67 57 11 8 7 6 6 5 5 4 2 2 1 1 1 0 0 0
"238" 238 0.240384615385 159 99 82 54 41 20 18 12 7 3 2 2 1 0 0 0 0 0 0 0
"239" 239 0.767441860465 97 84 54 53 51 51 33 25 13 12 9 5 5 5 2 1 0 0 0 0
"240" 240 0.503311258278 147 71 51 48 45 41 26 17 12 10 9 7 6 5 5 0 0 0 0 0
"241" 241 0.25855513308 275 214 5 2 1 1 1 1 0 0 0 0 0 0 0 0 0 0 0 0
"242" 242 0.523206751055 177 75 71 55 32 26 14 10 9 7 7 5 5 3 2 1 1 0 0 0
"243" 243 0.327586206897 234 165 46 17 13 9 5 5 3 2 1 0 0 0 0 0 0 0 0 0
"244" 244 0.480769230769 500 0 0 0 0 0 0 0 0 0 0 0 0 0 0 0 0 0 0 0
"245" 245 0.339285714286 216 77 48 42 37 36 16 15 8 4 1 0 0 0 0 0 0 0 0 0
"246" 246 0.496688741722 244 83 74 61 9 7 5 4 4 3 2 1 1 1 1 0 0 0 0 0
"247" 247 0.0941704035874 499 1 0 0 0 0 0 0 0 0 0 0 0 0 0 0 0 0 0 0
"248" 248 0.564766839378 122 77 61 59 51 34 32 13 12 8 7 6 6 4 3 3 1 1 0 0
"249" 249 0.185430463576 184 101 94 71 21 11 7 4 2 2 2 1 0 0 0 0 0 0 0 0
"250" 250 0.12927756654 316 179 5 0 0 0 0 0 0 0 0 0 0 0 0 0 0 0 0 0
"251" 251 0.0155440414508 326 121 38 7 6 2 0 0 0 0 0 0 0 0 0 0 0 0 0 0
"252" 252 0.10970464135 130 105 50 50 39 33 27 21 11 11 8 7 6 1 1 0 0 0 0 0
"253" 253 0.14798206278 463 14 8 6 4 2 1 1 1 0 0 0 0 0 0 0 0 0 0 0
"254" 254 0.301255230126 105 102 63 33 32 27 25 22 19 18 14 11 10 8 5 3 2 1 0 0
"255" 255 0.0 433 56 7 2 1 1 0 0 0 0 0 0 0 0 0 0 0 0 0 0
"256" 256 0.346715328467 85 65 64 62 50 43 34 28 21 21 20 4 2 1 0 0 0 0 0 0
"257" 257 0.435233160622 277 53 36 25 25 25 13 13 11 10 3 3 3 2 1 0 0 0 0 0
"258" 258 0.216312056738 492 5 3 0 0 0 0 0 0 0 0 0 0 0 0 0 0 0 0 0
"259" 259 0.00497512437811 499 1 0 0 0 0 0 0 0 0 0 0 0 0 0 0 0 0 0 0
"260" 260 0.325581395349 68 63 52 50 46 42 42 31 29 26 19 9 9 7 5 2 0 0 0 0
"261" 261 0.596899224806 118 72 62 53 43 32 29 26 24 17 6 5 4 4 3 1 1 0 0 0
"262" 262 0.415384615385 183 106 78 49 37 12 11 9 9 3 2 1 0 0 0 0 0 0 0 0
"263" 263 0.713080168776 241 94 42 26 24 18 15 9 8 8 8 5 1 1 0 0 0 0 0 0
"264" 264 0.233830845771 411 43 24 7 4 4 2 2 1 1 1 0 0 0 0 0 0 0 0 0
"265" 265 0.338461538462 441 34 9 5 4 2 2 1 1 1 0 0 0 0 0 0 0 0 0 0
"266" 266 0.355769230769 500 0 0 0 0 0 0 0 0 0 0 0 0 0 0 0 0 0 0 0
"267" 267 0.35632183908 256 75 50 40 19 14 12 9 8 7 6 3 1 0 0 0 0 0 0 0
"268" 268 0.574358974359 84 73 58 56 38 35 31 30 20 20 15 9 7 6 5 4 4 3 2 0
"269" 269 0.432692307692 500 0 0 0 0 0 0 0 0 0 0 0 0 0 0 0 0 0 0 0
"270" 270 0.0632183908046 456 41 3 0 0 0 0 0 0 0 0 0 0 0 0 0 0 0 0 0
"271" 271 0.637130801688 183 176 53 20 17 16 10 7 3 3 3 3 2 1 1 1 1 0 0 0
"272" 272 0.0137614678899 410 55 27 2 2 1 1 1 1 0 0 0 0 0 0 0 0 0 0 0
"273" 273 0.314465408805 466 20 4 3 2 1 1 1 1 1 0 0 0 0 0 0 0 0 0 0
"274" 274 0.533632286996 215 62 43 33 30 27 19 13 13 11 9 9 8 4 1 1 1 1 0 0
"275" 275 0.642487046632 141 70 64 39 37 36 30 21 18 10 10 9 8 7 0 0 0 0 0 0
"276" 276 0.0659898477157 348 132 9 4 4 2 1 0 0 0 0 0 0 0 0 0 0 0 0 0
"277" 277 0.0229885057471 471 20 5 2 2 0 0 0 0 0 0 0 0 0 0 0 0 0 0 0
"278" 278 0.424870466321 88 79 67 51 37 37 34 24 20 16 14 12 7 7 3 2 2 0 0 0
"279" 279 0.467153284672 87 70 64 40 40 33 31 31 25 23 23 15 9 8 1 0 0 0 0 0
"280" 280 0.0 320 88 29 25 24 5 4 2 2 1 0 0 0 0 0 0 0 0 0 0
"281" 281 0.244525547445 412 34 15 12 10 5 3 3 3 2 1 0 0 0 0 0 0 0 0 0
"282" 282 0.387596899225 79 62 55 51 50 45 43 40 23 22 8 7 5 5 2 1 1 1 0 0
"283" 283 0.274261603376 265 63 49 46 32 13 8 8 4 3 2 2 2 2 1 0 0 0 0 0
"284" 284 0.00760456273764 333 155 4 2 2 2 1 1 0 0 0 0 0 0 0 0 0 0 0 0
"285" 285 0.137055837563 364 101 22 6 5 2 0 0 0 0 0 0 0 0 0 0 0 0 0 0
"286" 286 0.450892857143 92 83 56 49 47 43 27 25 23 16 14 7 6 5 3 3 1 0 0 0
"287" 287 0.0077519379845 498 2 0 0 0 0 0 0 0 0 0 0 0 0 0 0 0 0 0 0
"288" 288 0.0836501901141 299 201 0 0 0 0 0 0 0 0 0 0 0 0 0 0 0 0 0 0
"289" 289 0.191964285714 435 35 10 8 6 4 1 1 0 0 0 0 0 0 0 0 0 0 0 0
"290" 290 0.186046511628 404 42 34 8 6 2 2 1 1 0 0 0 0 0 0 0 0 0 0 0
"291" 291 0.0 500 0 0 0 0 0 0 0 0 0 0 0 0 0 0 0 0 0 0 0
"292" 292 0.104651162791 484 8 5 3 0 0 0 0 0 0 0 0 0 0 0 0 0 0 0 0
"293" 293 0.576923076923 500 0 0 0 0 0 0 0 0 0 0 0 0 0 0 0 0 0 0 0
"294" 294 0.384105960265 83 66 63 58 42 40 28 24 18 17 17 14 12 6 5 4 2 1 0 0
"295" 295 0.544303797468 87 66 60 48 42 32 28 25 24 22 20 15 11 11 3 2 2 2 0 0
"296" 296 0.145390070922 379 64 38 7 4 4 1 1 1 1 0 0 0 0 0 0 0 0 0 0
"297" 297 0.721854304636 499 1 0 0 0 0 0 0 0 0 0 0 0 0 0 0 0 0 0 0
"298" 298 0.708133971292 117 72 57 51 42 40 29 26 24 20 10 4 3 2 2 1 0 0 0 0
