"site" "RSA" "aa1" "aa2" "aa3" "aa4" "aa5" "aa6" "aa7" "aa8" "aa9" "aa10" "aa11" "aa12" "aa13" "aa14" "aa15" "aa16" "aa17" "aa18" "aa19" "aa20"
"0" 0 0.805031446541 219 71 42 35 33 25 16 15 12 10 9 7 4 1 1 0 0 0 0 0
"1" 1 0.041825095057 271 229 0 0 0 0 0 0 0 0 0 0 0 0 0 0 0 0 0 0
"2" 2 0.0 496 4 0 0 0 0 0 0 0 0 0 0 0 0 0 0 0 0 0 0
"3" 3 0.0 500 0 0 0 0 0 0 0 0 0 0 0 0 0 0 0 0 0 0 0
"4" 4 0.0 426 74 0 0 0 0 0 0 0 0 0 0 0 0 0 0 0 0 0 0
"5" 5 0.0 500 0 0 0 0 0 0 0 0 0 0 0 0 0 0 0 0 0 0 0
"6" 6 0.041825095057 495 5 0 0 0 0 0 0 0 0 0 0 0 0 0 0 0 0 0 0
"7" 7 0.167300380228 425 38 37 0 0 0 0 0 0 0 0 0 0 0 0 0 0 0 0 0
"8" 8 0.158940397351 401 81 18 0 0 0 0 0 0 0 0 0 0 0 0 0 0 0 0 0
"9" 9 0.226277372263 220 150 104 12 9 3 2 0 0 0 0 0 0 0 0 0 0 0 0 0
"10" 10 0.77990430622 343 95 20 12 11 11 6 2 0 0 0 0 0 0 0 0 0 0 0 0
"11" 11 0.365384615385 500 0 0 0 0 0 0 0 0 0 0 0 0 0 0 0 0 0 0 0
"12" 12 0.139534883721 437 54 6 2 1 0 0 0 0 0 0 0 0 0 0 0 0 0 0 0
"13" 13 0.00581395348837 488 7 5 0 0 0 0 0 0 0 0 0 0 0 0 0 0 0 0 0
"14" 14 0.193798449612 303 146 21 17 5 5 1 1 1 0 0 0 0 0 0 0 0 0 0 0
"15" 15 0.348214285714 481 13 2 1 1 1 1 0 0 0 0 0 0 0 0 0 0 0 0 0
"16" 16 0.0045871559633 498 2 0 0 0 0 0 0 0 0 0 0 0 0 0 0 0 0 0 0
"17" 17 0.0 500 0 0 0 0 0 0 0 0 0 0 0 0 0 0 0 0 0 0 0
"18" 18 0.423357664234 317 122 20 10 8 7 5 4 3 2 1 1 0 0 0 0 0 0 0 0
"19" 19 0.0313901345291 451 32 5 4 3 2 1 1 1 0 0 0 0 0 0 0 0 0 0 0
"20" 20 0.00507614213198 496 4 0 0 0 0 0 0 0 0 0 0 0 0 0 0 0 0 0 0
"21" 21 0.046511627907 500 0 0 0 0 0 0 0 0 0 0 0 0 0 0 0 0 0 0 0
"22" 22 0.408759124088 83 68 64 59 59 50 41 39 16 10 4 3 2 1 1 0 0 0 0 0
"23" 23 0.0 500 0 0 0 0 0 0 0 0 0 0 0 0 0 0 0 0 0 0 0
"24" 24 0.0 500 0 0 0 0 0 0 0 0 0 0 0 0 0 0 0 0 0 0 0
"25" 25 0.508928571429 192 122 52 31 27 22 18 10 7 6 3 3 2 2 1 1 1 0 0 0
"26" 26 0.448430493274 144 101 92 41 32 29 27 20 10 2 2 0 0 0 0 0 0 0 0 0
"27" 27 0.105769230769 500 0 0 0 0 0 0 0 0 0 0 0 0 0 0 0 0 0 0 0
"28" 28 0.644230769231 500 0 0 0 0 0 0 0 0 0 0 0 0 0 0 0 0 0 0 0
"29" 29 0.175732217573 492 5 2 1 0 0 0 0 0 0 0 0 0 0 0 0 0 0 0 0
"30" 30 0.232142857143 167 81 51 45 42 34 19 17 8 7 7 7 7 6 2 0 0 0 0 0
"31" 31 0.186046511628 500 0 0 0 0 0 0 0 0 0 0 0 0 0 0 0 0 0 0 0
"32" 32 0.295620437956 249 150 77 14 3 3 2 2 0 0 0 0 0 0 0 0 0 0 0 0
"33" 33 0.0459770114943 345 135 12 3 3 1 1 0 0 0 0 0 0 0 0 0 0 0 0 0
"34" 34 0.189781021898 500 0 0 0 0 0 0 0 0 0 0 0 0 0 0 0 0 0 0 0
"35" 35 0.093023255814 492 8 0 0 0 0 0 0 0 0 0 0 0 0 0 0 0 0 0 0
"36" 36 0.0229885057471 500 0 0 0 0 0 0 0 0 0 0 0 0 0 0 0 0 0 0 0
"37" 37 0.383647798742 498 1 1 0 0 0 0 0 0 0 0 0 0 0 0 0 0 0 0 0
"38" 38 0.596899224806 275 65 34 27 25 20 20 17 6 4 3 2 1 1 0 0 0 0 0 0
"39" 39 0.350574712644 419 47 30 2 1 1 0 0 0 0 0 0 0 0 0 0 0 0 0 0
"40" 40 0.649006622517 291 86 69 40 11 3 0 0 0 0 0 0 0 0 0 0 0 0 0 0
"41" 41 0.78488372093 249 52 49 45 29 24 14 14 13 4 3 2 2 0 0 0 0 0 0 0
"42" 42 0.9375 327 142 18 4 4 2 2 1 0 0 0 0 0 0 0 0 0 0 0 0
"43" 43 1.28846153846 500 0 0 0 0 0 0 0 0 0 0 0 0 0 0 0 0 0 0 0
"44" 44 0.124031007752 494 4 2 0 0 0 0 0 0 0 0 0 0 0 0 0 0 0 0 0
"45" 45 0.601990049751 108 83 65 61 61 48 27 25 12 8 1 1 0 0 0 0 0 0 0 0
"46" 46 0.513307984791 283 153 14 7 7 7 7 6 4 4 4 2 1 1 0 0 0 0 0 0
"47" 47 0.093023255814 421 79 0 0 0 0 0 0 0 0 0 0 0 0 0 0 0 0 0 0
"48" 48 0.377906976744 379 79 16 6 6 5 3 2 2 1 1 0 0 0 0 0 0 0 0 0
"49" 49 0.422885572139 337 154 5 3 1 0 0 0 0 0 0 0 0 0 0 0 0 0 0 0
"50" 50 0.504464285714 129 123 78 52 28 27 17 12 10 9 7 6 2 0 0 0 0 0 0 0
"51" 51 0.0673575129534 449 35 12 2 1 1 0 0 0 0 0 0 0 0 0 0 0 0 0 0
"52" 52 0.0 470 25 3 1 1 0 0 0 0 0 0 0 0 0 0 0 0 0 0 0
"53" 53 0.417721518987 222 213 20 14 13 7 6 4 1 0 0 0 0 0 0 0 0 0 0 0
"54" 54 0.425641025641 115 98 91 49 43 35 26 13 12 7 4 3 2 1 1 0 0 0 0 0
"55" 55 0.00632911392405 500 0 0 0 0 0 0 0 0 0 0 0 0 0 0 0 0 0 0 0
"56" 56 0.240310077519 376 70 23 10 10 5 5 1 0 0 0 0 0 0 0 0 0 0 0 0
"57" 57 0.0 500 0 0 0 0 0 0 0 0 0 0 0 0 0 0 0 0 0 0 0
"58" 58 0.00995024875622 474 25 1 0 0 0 0 0 0 0 0 0 0 0 0 0 0 0 0 0
"59" 59 0.0077519379845 492 8 0 0 0 0 0 0 0 0 0 0 0 0 0 0 0 0 0 0
"60" 60 0.0 500 0 0 0 0 0 0 0 0 0 0 0 0 0 0 0 0 0 0 0
"61" 61 0.0 500 0 0 0 0 0 0 0 0 0 0 0 0 0 0 0 0 0 0 0
"62" 62 0.0 500 0 0 0 0 0 0 0 0 0 0 0 0 0 0 0 0 0 0 0
"63" 63 0.11320754717 491 5 2 2 0 0 0 0 0 0 0 0 0 0 0 0 0 0 0 0
"64" 64 0.0813953488372 287 206 4 1 1 1 0 0 0 0 0 0 0 0 0 0 0 0 0 0
"65" 65 0.470802919708 129 89 77 66 42 39 35 10 7 3 2 1 0 0 0 0 0 0 0 0
"66" 66 0.778242677824 414 46 15 14 4 2 2 2 1 0 0 0 0 0 0 0 0 0 0 0
"67" 67 0.240384615385 500 0 0 0 0 0 0 0 0 0 0 0 0 0 0 0 0 0 0 0
"68" 68 0.487179487179 321 50 29 24 20 14 13 11 7 5 3 2 1 0 0 0 0 0 0 0
"69" 69 0.0825688073394 237 117 76 45 17 7 1 0 0 0 0 0 0 0 0 0 0 0 0 0
"70" 70 0.031007751938 415 80 3 2 0 0 0 0 0 0 0 0 0 0 0 0 0 0 0 0
"71" 71 0.556291390728 107 76 71 61 58 48 33 18 8 6 5 2 2 2 1 1 1 0 0 0
"72" 72 0.0691823899371 498 2 0 0 0 0 0 0 0 0 0 0 0 0 0 0 0 0 0 0
"73" 73 0.0 500 0 0 0 0 0 0 0 0 0 0 0 0 0 0 0 0 0 0 0
"74" 74 0.37552742616 390 30 22 18 14 9 7 4 3 1 1 1 0 0 0 0 0 0 0 0
"75" 75 0.631178707224 189 127 49 42 29 23 18 13 5 2 2 1 0 0 0 0 0 0 0 0
"76" 76 0.108786610879 395 103 2 0 0 0 0 0 0 0 0 0 0 0 0 0 0 0 0 0
"77" 77 0.0845771144279 497 3 0 0 0 0 0 0 0 0 0 0 0 0 0 0 0 0 0 0
"78" 78 0.523316062176 404 23 17 12 10 9 7 7 6 2 2 1 0 0 0 0 0 0 0 0
"79" 79 0.413461538462 159 121 82 31 27 25 18 10 10 9 5 3 0 0 0 0 0 0 0 0
"80" 80 0.0406976744186 493 3 2 1 1 0 0 0 0 0 0 0 0 0 0 0 0 0 0 0
"81" 81 0.529801324503 175 81 67 59 32 30 14 12 11 7 4 3 3 2 0 0 0 0 0 0
"82" 82 0.46357615894 349 75 21 13 10 7 5 4 4 4 4 2 1 1 0 0 0 0 0 0
"83" 83 0.0199004975124 500 0 0 0 0 0 0 0 0 0 0 0 0 0 0 0 0 0 0 0
"84" 84 0.159574468085 270 69 63 25 24 18 14 12 2 1 1 1 0 0 0 0 0 0 0 0
"85" 85 0.746268656716 224 62 49 39 38 25 19 17 13 10 2 1 1 0 0 0 0 0 0 0
"86" 86 0.56976744186 263 68 54 48 25 14 11 7 5 4 1 0 0 0 0 0 0 0 0 0
"87" 87 0.365384615385 499 1 0 0 0 0 0 0 0 0 0 0 0 0 0 0 0 0 0 0
"88" 88 0.145695364238 342 51 37 36 25 4 1 1 1 1 1 0 0 0 0 0 0 0 0 0
"89" 89 0.0149253731343 481 19 0 0 0 0 0 0 0 0 0 0 0 0 0 0 0 0 0 0
"90" 90 0.505747126437 365 61 16 14 14 9 6 3 3 3 2 2 2 0 0 0 0 0 0 0
"91" 91 0.375 500 0 0 0 0 0 0 0 0 0 0 0 0 0 0 0 0 0 0 0
"92" 92 0.194092827004 388 101 8 1 1 1 0 0 0 0 0 0 0 0 0 0 0 0 0 0
"93" 93 0.0188679245283 500 0 0 0 0 0 0 0 0 0 0 0 0 0 0 0 0 0 0 0
"94" 94 0.0 499 1 0 0 0 0 0 0 0 0 0 0 0 0 0 0 0 0 0 0
"95" 95 0.0 430 65 5 0 0 0 0 0 0 0 0 0 0 0 0 0 0 0 0 0
"96" 96 0.0 500 0 0 0 0 0 0 0 0 0 0 0 0 0 0 0 0 0 0 0
"97" 97 0.0 500 0 0 0 0 0 0 0 0 0 0 0 0 0 0 0 0 0 0 0
"98" 98 0.0 297 188 9 6 0 0 0 0 0 0 0 0 0 0 0 0 0 0 0 0
"99" 99 0.0529801324503 427 73 0 0 0 0 0 0 0 0 0 0 0 0 0 0 0 0 0 0
"100" 100 0.0523255813953 350 77 38 16 11 4 2 2 0 0 0 0 0 0 0 0 0 0 0 0
"101" 101 0.410852713178 228 203 34 29 2 2 1 1 0 0 0 0 0 0 0 0 0 0 0 0
"102" 102 0.317880794702 360 64 33 31 3 3 2 1 1 1 1 0 0 0 0 0 0 0 0 0
"103" 103 0.467661691542 287 104 50 15 12 10 9 8 2 2 1 0 0 0 0 0 0 0 0 0
"104" 104 0.502392344498 145 126 90 31 30 18 14 12 8 8 5 4 3 2 2 1 1 0 0 0
"105" 105 0.384615384615 500 0 0 0 0 0 0 0 0 0 0 0 0 0 0 0 0 0 0 0
"106" 106 0.269230769231 500 0 0 0 0 0 0 0 0 0 0 0 0 0 0 0 0 0 0 0
"107" 107 0.121076233184 247 139 70 17 11 4 4 3 2 1 1 1 0 0 0 0 0 0 0 0
"108" 108 0.473214285714 244 151 37 29 18 12 4 2 1 1 1 0 0 0 0 0 0 0 0 0
"109" 109 0.46511627907 294 69 30 23 17 16 16 13 7 7 4 3 1 0 0 0 0 0 0 0
"110" 110 0.0 290 210 0 0 0 0 0 0 0 0 0 0 0 0 0 0 0 0 0 0
"111" 111 0.0 482 12 5 1 0 0 0 0 0 0 0 0 0 0 0 0 0 0 0 0
"112" 112 0.407960199005 181 171 39 33 33 12 8 6 5 5 4 2 1 0 0 0 0 0 0 0
"113" 113 0.165562913907 468 15 6 3 3 2 1 1 1 0 0 0 0 0 0 0 0 0 0 0
"114" 114 0.0 459 40 1 0 0 0 0 0 0 0 0 0 0 0 0 0 0 0 0 0
"115" 115 0.0845771144279 499 1 0 0 0 0 0 0 0 0 0 0 0 0 0 0 0 0 0 0
"116" 116 0.482587064677 337 38 30 20 19 18 12 7 5 4 3 2 2 1 1 1 0 0 0 0
"117" 117 0.201257861635 96 87 54 44 43 39 28 24 19 17 15 11 10 9 2 1 1 0 0 0
"118" 118 0.0298507462687 500 0 0 0 0 0 0 0 0 0 0 0 0 0 0 0 0 0 0 0
"119" 119 0.507462686567 423 32 12 11 9 4 4 2 1 1 1 0 0 0 0 0 0 0 0 0
"120" 120 0.784688995215 268 104 42 29 19 18 14 2 2 1 1 0 0 0 0 0 0 0 0 0
"121" 121 0.114832535885 392 48 35 9 6 6 2 1 1 0 0 0 0 0 0 0 0 0 0 0
"122" 122 0.269230769231 500 0 0 0 0 0 0 0 0 0 0 0 0 0 0 0 0 0 0 0
"123" 123 0.0229357798165 496 2 1 1 0 0 0 0 0 0 0 0 0 0 0 0 0 0 0 0
"124" 124 0.398009950249 231 104 53 37 29 29 9 5 2 1 0 0 0 0 0 0 0 0 0 0
"125" 125 0.310344827586 402 73 25 0 0 0 0 0 0 0 0 0 0 0 0 0 0 0 0 0
"126" 126 0.10447761194 261 91 74 29 29 12 2 1 1 0 0 0 0 0 0 0 0 0 0 0
"127" 127 0.125 500 0 0 0 0 0 0 0 0 0 0 0 0 0 0 0 0 0 0 0
"128" 128 0.162436548223 421 79 0 0 0 0 0 0 0 0 0 0 0 0 0 0 0 0 0 0
"129" 129 0.899371069182 263 202 21 7 5 2 0 0 0 0 0 0 0 0 0 0 0 0 0 0
"130" 130 0.290697674419 402 92 6 0 0 0 0 0 0 0 0 0 0 0 0 0 0 0 0 0
"131" 131 0.459119496855 153 126 76 39 19 17 15 14 11 10 7 6 4 2 1 0 0 0 0 0
"132" 132 0.3536121673 350 132 10 3 2 1 1 1 0 0 0 0 0 0 0 0 0 0 0 0
"133" 133 0.0 500 0 0 0 0 0 0 0 0 0 0 0 0 0 0 0 0 0 0 0
"134" 134 0.0077519379845 499 1 0 0 0 0 0 0 0 0 0 0 0 0 0 0 0 0 0 0
"135" 135 0.132450331126 370 52 33 18 14 6 3 1 1 1 1 0 0 0 0 0 0 0 0 0
"136" 136 0.00478468899522 500 0 0 0 0 0 0 0 0 0 0 0 0 0 0 0 0 0 0 0
"137" 137 0.322175732218 343 152 4 1 0 0 0 0 0 0 0 0 0 0 0 0 0 0 0 0
"138" 138 0.015503875969 246 149 70 24 8 2 1 0 0 0 0 0 0 0 0 0 0 0 0 0
"139" 139 0.125 500 0 0 0 0 0 0 0 0 0 0 0 0 0 0 0 0 0 0 0
"140" 140 0.782945736434 292 40 40 32 27 16 15 12 10 7 4 3 2 0 0 0 0 0 0 0
"141" 141 0.450777202073 178 150 34 31 29 23 16 14 7 7 5 5 1 0 0 0 0 0 0 0
"142" 142 0.182692307692 500 0 0 0 0 0 0 0 0 0 0 0 0 0 0 0 0 0 0 0
"143" 143 0.299578059072 134 92 89 45 35 21 19 18 17 15 6 5 3 1 0 0 0 0 0 0
"144" 144 0.343065693431 494 4 2 0 0 0 0 0 0 0 0 0 0 0 0 0 0 0 0 0
"145" 145 0.549668874172 262 105 94 18 7 4 4 3 2 1 0 0 0 0 0 0 0 0 0 0
"146" 146 0.109452736318 500 0 0 0 0 0 0 0 0 0 0 0 0 0 0 0 0 0 0 0
"147" 147 0.284974093264 288 116 54 25 8 3 2 2 1 1 0 0 0 0 0 0 0 0 0 0
"148" 148 0.361607142857 201 58 51 43 37 21 21 16 15 14 9 6 5 2 1 0 0 0 0 0
"149" 149 0.612440191388 160 116 74 41 27 16 14 11 10 9 8 3 3 2 2 2 1 1 0 0
"150" 150 0.09375 500 0 0 0 0 0 0 0 0 0 0 0 0 0 0 0 0 0 0 0
"151" 151 0.203980099502 389 54 39 10 3 2 1 1 1 0 0 0 0 0 0 0 0 0 0 0
"152" 152 0.494186046512 318 36 29 28 26 24 16 5 4 3 3 2 2 1 1 1 1 0 0 0
"153" 153 0.189054726368 226 106 93 50 9 4 4 4 3 1 0 0 0 0 0 0 0 0 0 0
"154" 154 0.00632911392405 500 0 0 0 0 0 0 0 0 0 0 0 0 0 0 0 0 0 0 0
"155" 155 0.255474452555 267 204 13 5 5 2 2 1 1 0 0 0 0 0 0 0 0 0 0 0
"156" 156 0.341085271318 243 84 78 18 13 12 12 11 10 6 4 3 2 2 2 0 0 0 0 0
"157" 157 0.0199004975124 491 7 2 0 0 0 0 0 0 0 0 0 0 0 0 0 0 0 0 0
"158" 158 0.00961538461538 500 0 0 0 0 0 0 0 0 0 0 0 0 0 0 0 0 0 0 0
"159" 159 0.291139240506 217 132 77 48 22 3 1 0 0 0 0 0 0 0 0 0 0 0 0 0
"160" 160 0.343065693431 121 83 78 61 54 39 15 14 9 6 6 4 4 3 2 1 0 0 0 0
"161" 161 0.0 499 1 0 0 0 0 0 0 0 0 0 0 0 0 0 0 0 0 0 0
"162" 162 0.0 500 0 0 0 0 0 0 0 0 0 0 0 0 0 0 0 0 0 0 0
"163" 163 0.348214285714 192 175 58 36 11 10 7 5 2 1 1 1 1 0 0 0 0 0 0 0
"164" 164 0.18023255814 189 71 47 46 34 33 31 19 8 6 5 4 2 2 1 1 1 0 0 0
"165" 165 0.0852713178295 498 2 0 0 0 0 0 0 0 0 0 0 0 0 0 0 0 0 0 0
"166" 166 0.403846153846 492 3 2 1 1 1 0 0 0 0 0 0 0 0 0 0 0 0 0 0
"167" 167 0.776371308017 131 81 51 51 48 46 43 33 7 3 2 2 1 1 0 0 0 0 0 0
"168" 168 0.577114427861 285 164 12 9 6 5 5 4 3 2 2 2 1 0 0 0 0 0 0 0
