"site" "RSA" "aa1" "aa2" "aa3" "aa4" "aa5" "aa6" "aa7" "aa8" "aa9" "aa10" "aa11" "aa12" "aa13" "aa14" "aa15" "aa16" "aa17" "aa18" "aa19" "aa20"
"0" 0 0.529801324503 5 4 0 0 0 0 0 0 0 0 0 0 0 0 0 0 0 0 0 0
"1" 1 0.147208121827 6 4 2 1 1 0 0 0 0 0 0 0 0 0 0 0 0 0 0 0
"2" 2 0.290697674419 6 6 6 1 1 1 1 0 0 0 0 0 0 0 0 0 0 0 0 0
"3" 3 0.464135021097 5 4 4 3 2 2 2 1 1 0 0 0 0 0 0 0 0 0 0 0
"4" 4 0.0 11 4 4 3 1 1 1 1 0 0 0 0 0 0 0 0 0 0 0 0
"5" 5 0.428571428571 7 4 4 4 4 2 1 0 0 0 0 0 0 0 0 0 0 0 0 0
"6" 6 0.0199004975124 13 6 4 3 1 0 0 0 0 0 0 0 0 0 0 0 0 0 0 0
"7" 7 0.518134715026 5 5 4 3 3 2 1 1 1 1 1 0 0 0 0 0 0 0 0 0
"8" 8 0.653846153846 8 7 3 3 2 2 1 1 0 0 0 0 0 0 0 0 0 0 0 0
"9" 9 0.213197969543 9 6 3 3 3 1 0 0 0 0 0 0 0 0 0 0 0 0 0 0
"10" 10 0.0547263681592 39 3 2 2 1 1 1 0 0 0 0 0 0 0 0 0 0 0 0 0
"11" 11 0.452830188679 28 10 3 3 2 1 1 1 1 0 0 0 0 0 0 0 0 0 0 0
"12" 12 0.378109452736 39 5 2 1 1 1 1 0 0 0 0 0 0 0 0 0 0 0 0 0
"13" 13 0.465517241379 21 15 14 2 2 1 1 1 0 0 0 0 0 0 0 0 0 0 0 0
"14" 14 0.325581395349 19 8 7 6 6 5 3 1 1 1 1 1 0 0 0 0 0 0 0 0
"15" 15 0.321167883212 31 10 7 4 4 2 2 1 0 0 0 0 0 0 0 0 0 0 0 0
"16" 16 0.432692307692 63 0 0 0 0 0 0 0 0 0 0 0 0 0 0 0 0 0 0 0
"17" 17 0.413502109705 63 0 0 0 0 0 0 0 0 0 0 0 0 0 0 0 0 0 0 0
"18" 18 0.137931034483 63 0 0 0 0 0 0 0 0 0 0 0 0 0 0 0 0 0 0 0
"19" 19 0.167883211679 63 0 0 0 0 0 0 0 0 0 0 0 0 0 0 0 0 0 0 0
"20" 20 0.0 51 9 2 1 0 0 0 0 0 0 0 0 0 0 0 0 0 0 0 0
"21" 21 0.131979695431 25 16 11 7 3 1 0 0 0 0 0 0 0 0 0 0 0 0 0 0
"22" 22 0.0342205323194 61 2 0 0 0 0 0 0 0 0 0 0 0 0 0 0 0 0 0 0
"23" 23 0.330357142857 19 16 13 4 3 2 2 1 1 1 1 0 0 0 0 0 0 0 0 0
"24" 24 0.166666666667 23 14 10 4 3 3 3 2 1 0 0 0 0 0 0 0 0 0 0 0
"25" 25 0.424870466321 30 24 3 3 1 1 1 0 0 0 0 0 0 0 0 0 0 0 0 0
"26" 26 0.736434108527 16 10 3 3 3 2 2 1 1 1 0 0 0 0 0 0 0 0 0 0
"27" 27 0.336538461538 34 7 7 6 3 2 1 1 1 1 0 0 0 0 0 0 0 0 0 0
"28" 28 0.104651162791 16 11 8 6 4 3 3 3 2 2 1 1 1 1 0 0 0 0 0 0
"29" 29 0.144278606965 54 4 3 1 1 0 0 0 0 0 0 0 0 0 0 0 0 0 0 0
"30" 30 0.0 57 3 2 1 0 0 0 0 0 0 0 0 0 0 0 0 0 0 0 0
"31" 31 0.100418410042 26 19 13 3 2 0 0 0 0 0 0 0 0 0 0 0 0 0 0 0
"32" 32 0.0 58 4 1 0 0 0 0 0 0 0 0 0 0 0 0 0 0 0 0 0
"33" 33 0.131782945736 42 19 2 0 0 0 0 0 0 0 0 0 0 0 0 0 0 0 0 0
"34" 34 0.0 41 22 0 0 0 0 0 0 0 0 0 0 0 0 0 0 0 0 0 0
"35" 35 0.0 63 0 0 0 0 0 0 0 0 0 0 0 0 0 0 0 0 0 0 0
"36" 36 0.0802919708029 63 0 0 0 0 0 0 0 0 0 0 0 0 0 0 0 0 0 0 0
"37" 37 0.0 42 15 4 2 0 0 0 0 0 0 0 0 0 0 0 0 0 0 0 0
"38" 38 0.112582781457 63 0 0 0 0 0 0 0 0 0 0 0 0 0 0 0 0 0 0 0
"39" 39 0.0387596899225 62 1 0 0 0 0 0 0 0 0 0 0 0 0 0 0 0 0 0 0
"40" 40 0.250950570342 43 20 0 0 0 0 0 0 0 0 0 0 0 0 0 0 0 0 0 0
"41" 41 0.678756476684 63 0 0 0 0 0 0 0 0 0 0 0 0 0 0 0 0 0 0 0
"42" 42 0.103448275862 46 5 4 3 2 1 1 0 0 0 0 0 0 0 0 0 0 0 0 0
"43" 43 0.284263959391 44 18 0 0 0 0 0 0 0 0 0 0 0 0 0 0 0 0 0 0
"44" 44 0.0275229357798 32 28 1 1 0 0 0 0 0 0 0 0 0 0 0 0 0 0 0 0
"45" 45 0.517857142857 20 8 8 7 6 3 3 3 3 1 0 0 0 0 0 0 0 0 0 0
"46" 46 0.164102564103 19 14 8 7 6 3 2 2 0 0 0 0 0 0 0 0 0 0 0 0
"47" 47 0.0331125827815 24 20 7 4 3 1 1 1 1 1 0 0 0 0 0 0 0 0 0 0
"48" 48 0.0 55 8 0 0 0 0 0 0 0 0 0 0 0 0 0 0 0 0 0 0
"49" 49 0.194968553459 58 3 2 0 0 0 0 0 0 0 0 0 0 0 0 0 0 0 0 0
"50" 50 0.245535714286 17 16 9 6 4 2 2 2 2 2 1 0 0 0 0 0 0 0 0 0
"51" 51 0.0 63 0 0 0 0 0 0 0 0 0 0 0 0 0 0 0 0 0 0 0
"52" 52 0.00961538461538 63 0 0 0 0 0 0 0 0 0 0 0 0 0 0 0 0 0 0 0
"53" 53 0.0913705583756 16 9 9 7 6 6 4 3 1 1 1 0 0 0 0 0 0 0 0 0
"54" 54 0.00497512437811 31 20 11 1 0 0 0 0 0 0 0 0 0 0 0 0 0 0 0 0
"55" 55 0.044776119403 63 0 0 0 0 0 0 0 0 0 0 0 0 0 0 0 0 0 0 0
"56" 56 0.0523255813953 52 10 1 0 0 0 0 0 0 0 0 0 0 0 0 0 0 0 0 0
"57" 57 0.282700421941 26 8 7 6 5 5 4 1 1 0 0 0 0 0 0 0 0 0 0 0
"58" 58 0.00995024875622 25 16 15 4 2 1 0 0 0 0 0 0 0 0 0 0 0 0 0 0
"59" 59 0.0264900662252 45 9 9 0 0 0 0 0 0 0 0 0 0 0 0 0 0 0 0 0
"60" 60 0.348214285714 18 10 8 7 5 3 2 2 2 2 1 1 1 1 0 0 0 0 0 0
"61" 61 0.171548117155 49 6 3 3 1 1 0 0 0 0 0 0 0 0 0 0 0 0 0 0
"62" 62 0.0 61 2 0 0 0 0 0 0 0 0 0 0 0 0 0 0 0 0 0 0
"63" 63 0.0125523012552 58 3 2 0 0 0 0 0 0 0 0 0 0 0 0 0 0 0 0 0
"64" 64 0.683544303797 26 13 9 4 3 3 2 1 1 1 0 0 0 0 0 0 0 0 0 0
"65" 65 0.242677824268 16 10 9 8 5 4 4 3 3 1 0 0 0 0 0 0 0 0 0 0
"66" 66 0.0 39 8 5 5 2 2 1 1 0 0 0 0 0 0 0 0 0 0 0 0
"67" 67 0.397350993377 15 14 8 6 6 4 4 2 2 1 0 0 0 0 0 0 0 0 0 0
"68" 68 0.820512820513 27 13 5 3 3 2 2 2 1 1 1 0 0 0 0 0 0 0 0 0
"69" 69 0.222797927461 29 8 7 3 2 2 2 2 1 1 1 1 1 0 0 0 0 0 0 0
"70" 70 0.0747126436782 31 17 6 3 2 1 1 0 0 0 0 0 0 0 0 0 0 0 0 0
"71" 71 0.317518248175 39 7 4 3 3 2 2 2 1 0 0 0 0 0 0 0 0 0 0 0
"72" 72 0.179487179487 53 8 2 0 0 0 0 0 0 0 0 0 0 0 0 0 0 0 0 0
"73" 73 0.0287081339713 61 2 0 0 0 0 0 0 0 0 0 0 0 0 0 0 0 0 0 0
"74" 74 0.174129353234 36 7 6 5 5 1 1 1 0 0 0 0 0 0 0 0 0 0 0 0
"75" 75 0.14367816092 20 13 11 11 5 2 1 0 0 0 0 0 0 0 0 0 0 0 0 0
"76" 76 0.735751295337 7 2 2 1 1 1 1 0 0 0 0 0 0 0 0 0 0 0 0 0
"77" 77 0.335025380711 7 2 2 1 1 1 1 0 0 0 0 0 0 0 0 0 0 0 0 0
"78" 78 0.209302325581 5 2 1 1 1 1 1 1 1 1 0 0 0 0 0 0 0 0 0 0
"79" 79 0.811320754717 3 1 1 1 0 0 0 0 0 0 0 0 0 0 0 0 0 0 0 0
"80" 80 0.875 2 2 2 0 0 0 0 0 0 0 0 0 0 0 0 0 0 0 0 0
"81" 81 0.455696202532 18 13 10 4 3 2 1 0 0 0 0 0 0 0 0 0 0 0 0 0
"82" 82 0.412790697674 12 7 6 6 5 3 3 2 2 1 1 1 1 0 0 0 0 0 0 0
"83" 83 0.126903553299 19 6 5 5 3 2 2 2 2 2 1 1 1 0 0 0 0 0 0 0
"84" 84 0.0585774058577 17 6 5 5 3 2 1 1 1 1 1 0 0 0 0 0 0 0 0 0
"85" 85 0.533678756477 13 12 8 5 5 5 3 2 1 1 1 0 0 0 0 0 0 0 0 0
"86" 86 0.307984790875 21 9 6 4 4 4 3 1 1 1 0 0 0 0 0 0 0 0 0 0
"87" 87 0.0746268656716 15 8 7 5 5 4 3 3 3 2 1 1 1 0 0 0 0 0 0 0
"88" 88 0.314465408805 14 1 0 0 0 0 0 0 0 0 0 0 0 0 0 0 0 0 0 0
"89" 89 0.666666666667 5 4 2 1 1 1 1 0 0 0 0 0 0 0 0 0 0 0 0 0
"90" 90 0.409282700422 24 17 3 3 2 2 2 1 1 1 1 0 0 0 0 0 0 0 0 0
"91" 91 0.0 13 10 10 9 9 3 1 1 1 0 0 0 0 0 0 0 0 0 0 0
"92" 92 0.324503311258 14 12 11 6 4 3 2 1 1 1 1 0 0 0 0 0 0 0 0 0
"93" 93 0.370535714286 9 7 6 6 5 2 2 1 1 1 0 0 0 0 0 0 0 0 0 0
"94" 94 0.641509433962 14 13 5 2 2 1 1 1 1 1 1 0 0 0 0 0 0 0 0 0
"95" 95 0.57805907173 13 11 9 6 6 4 2 1 1 0 0 0 0 0 0 0 0 0 0 0
"96" 96 0.0570342205323 19 16 6 4 3 3 3 1 1 0 0 0 0 0 0 0 0 0 0 0
"97" 97 0.291139240506 17 9 8 7 5 3 3 2 1 1 1 0 0 0 0 0 0 0 0 0
"98" 98 0.540697674419 22 11 10 9 5 2 1 1 1 1 0 0 0 0 0 0 0 0 0 0
"99" 99 0.0986547085202 24 6 4 4 4 4 3 2 2 2 2 2 2 1 1 0 0 0 0 0
"100" 100 0.00497512437811 36 17 4 3 1 1 0 0 0 0 0 0 0 0 0 0 0 0 0 0
"101" 101 0.392857142857 15 10 10 7 7 4 3 2 2 1 1 1 0 0 0 0 0 0 0 0
"102" 102 0.455958549223 52 6 3 1 1 0 0 0 0 0 0 0 0 0 0 0 0 0 0 0
"103" 103 0.0255474452555 59 2 2 0 0 0 0 0 0 0 0 0 0 0 0 0 0 0 0 0
"104" 104 0.0860927152318 34 18 4 3 3 1 0 0 0 0 0 0 0 0 0 0 0 0 0 0
"105" 105 0.119402985075 42 10 8 3 0 0 0 0 0 0 0 0 0 0 0 0 0 0 0 0
"106" 106 0.044776119403 29 18 8 5 2 1 0 0 0 0 0 0 0 0 0 0 0 0 0 0
"107" 107 0.00574712643678 50 9 3 1 0 0 0 0 0 0 0 0 0 0 0 0 0 0 0 0
"108" 108 0.368421052632 38 19 3 1 1 1 0 0 0 0 0 0 0 0 0 0 0 0 0 0
"109" 109 0.299578059072 39 21 1 1 1 0 0 0 0 0 0 0 0 0 0 0 0 0 0 0
"110" 110 0.248803827751 30 16 5 5 4 1 1 1 0 0 0 0 0 0 0 0 0 0 0 0
"111" 111 0.438818565401 29 9 7 6 4 4 3 1 0 0 0 0 0 0 0 0 0 0 0 0
"112" 112 0.572139303483 22 12 11 5 5 4 2 2 0 0 0 0 0 0 0 0 0 0 0 0
"113" 113 0.010152284264 30 17 10 6 0 0 0 0 0 0 0 0 0 0 0 0 0 0 0 0
"114" 114 0.490566037736 50 5 3 2 1 1 1 0 0 0 0 0 0 0 0 0 0 0 0 0
"115" 115 0.00497512437811 28 26 5 2 2 0 0 0 0 0 0 0 0 0 0 0 0 0 0 0
"116" 116 0.169642857143 63 0 0 0 0 0 0 0 0 0 0 0 0 0 0 0 0 0 0 0
"117" 117 0.0 30 27 4 1 1 0 0 0 0 0 0 0 0 0 0 0 0 0 0 0
"118" 118 0.10152284264 37 26 0 0 0 0 0 0 0 0 0 0 0 0 0 0 0 0 0 0
"119" 119 0.0 53 8 2 0 0 0 0 0 0 0 0 0 0 0 0 0 0 0 0 0
"120" 120 0.0255474452555 63 0 0 0 0 0 0 0 0 0 0 0 0 0 0 0 0 0 0 0
"121" 121 0.0 63 0 0 0 0 0 0 0 0 0 0 0 0 0 0 0 0 0 0 0
"122" 122 0.00380228136882 62 1 0 0 0 0 0 0 0 0 0 0 0 0 0 0 0 0 0 0
"123" 123 0.0 37 24 2 0 0 0 0 0 0 0 0 0 0 0 0 0 0 0 0 0
"124" 124 0.0755813953488 25 13 12 9 2 1 1 0 0 0 0 0 0 0 0 0 0 0 0 0
"125" 125 0.201923076923 63 0 0 0 0 0 0 0 0 0 0 0 0 0 0 0 0 0 0 0
"126" 126 0.331125827815 62 1 0 0 0 0 0 0 0 0 0 0 0 0 0 0 0 0 0 0
"127" 127 0.0 44 16 2 1 0 0 0 0 0 0 0 0 0 0 0 0 0 0 0 0
"128" 128 0.13475177305 53 6 2 2 0 0 0 0 0 0 0 0 0 0 0 0 0 0 0 0
"129" 129 0.485232067511 47 5 3 2 2 1 1 1 1 0 0 0 0 0 0 0 0 0 0 0
"130" 130 0.183035714286 35 20 4 2 2 0 0 0 0 0 0 0 0 0 0 0 0 0 0 0
"131" 131 0.0836501901141 63 0 0 0 0 0 0 0 0 0 0 0 0 0 0 0 0 0 0 0
"132" 132 0.471264367816 34 14 6 3 2 2 1 1 0 0 0 0 0 0 0 0 0 0 0 0
"133" 133 0.729957805907 25 13 11 4 4 3 1 1 1 0 0 0 0 0 0 0 0 0 0 0
"134" 134 0.552325581395 24 19 6 4 3 2 1 1 1 1 1 0 0 0 0 0 0 0 0 0
"135" 135 0.269230769231 48 5 4 2 2 1 1 0 0 0 0 0 0 0 0 0 0 0 0 0
"136" 136 0.168604651163 32 12 9 4 2 2 1 1 0 0 0 0 0 0 0 0 0 0 0 0
"137" 137 0.0 53 8 2 0 0 0 0 0 0 0 0 0 0 0 0 0 0 0 0 0
"138" 138 0.0382775119617 46 13 2 1 1 0 0 0 0 0 0 0 0 0 0 0 0 0 0 0
"139" 139 0.519230769231 61 2 0 0 0 0 0 0 0 0 0 0 0 0 0 0 0 0 0 0
"140" 140 0.268656716418 42 7 6 2 2 1 1 1 1 0 0 0 0 0 0 0 0 0 0 0
"141" 141 0.835443037975 19 12 11 6 6 5 1 1 1 1 0 0 0 0 0 0 0 0 0 0
"142" 142 0.161434977578 50 4 3 3 3 0 0 0 0 0 0 0 0 0 0 0 0 0 0 0
"143" 143 0.396226415094 58 2 1 1 1 0 0 0 0 0 0 0 0 0 0 0 0 0 0 0
"144" 144 0.883408071749 21 20 6 5 3 3 2 2 1 0 0 0 0 0 0 0 0 0 0 0
"145" 145 0.423076923077 61 2 0 0 0 0 0 0 0 0 0 0 0 0 0 0 0 0 0 0
"146" 146 0.0597014925373 56 6 1 0 0 0 0 0 0 0 0 0 0 0 0 0 0 0 0 0
"147" 147 0.506329113924 21 15 9 6 3 2 2 2 1 1 1 0 0 0 0 0 0 0 0 0
"148" 148 0.223214285714 36 8 7 6 4 1 1 0 0 0 0 0 0 0 0 0 0 0 0 0
"149" 149 0.0 30 26 5 2 0 0 0 0 0 0 0 0 0 0 0 0 0 0 0 0
"150" 150 0.286995515695 18 16 15 6 5 3 0 0 0 0 0 0 0 0 0 0 0 0 0 0
"151" 151 0.325892857143 33 11 6 6 4 1 1 1 0 0 0 0 0 0 0 0 0 0 0 0
"152" 152 0.0209205020921 52 11 0 0 0 0 0 0 0 0 0 0 0 0 0 0 0 0 0 0
"153" 153 0.610062893082 52 5 3 1 1 1 0 0 0 0 0 0 0 0 0 0 0 0 0 0
"154" 154 0.625 42 6 5 3 3 1 1 1 1 0 0 0 0 0 0 0 0 0 0 0
"155" 155 0.0880503144654 50 9 2 1 1 0 0 0 0 0 0 0 0 0 0 0 0 0 0 0
"156" 156 0.187817258883 43 17 2 1 0 0 0 0 0 0 0 0 0 0 0 0 0 0 0 0
"157" 157 0.0627615062762 53 9 1 0 0 0 0 0 0 0 0 0 0 0 0 0 0 0 0 0
"158" 158 0.0 62 1 0 0 0 0 0 0 0 0 0 0 0 0 0 0 0 0 0 0
"159" 159 0.0 63 0 0 0 0 0 0 0 0 0 0 0 0 0 0 0 0 0 0 0
"160" 160 0.00662251655629 39 21 3 0 0 0 0 0 0 0 0 0 0 0 0 0 0 0 0 0
"161" 161 0.18023255814 53 8 1 1 0 0 0 0 0 0 0 0 0 0 0 0 0 0 0 0
"162" 162 0.400843881857 63 0 0 0 0 0 0 0 0 0 0 0 0 0 0 0 0 0 0 0
"163" 163 0.647668393782 61 2 0 0 0 0 0 0 0 0 0 0 0 0 0 0 0 0 0 0
"164" 164 0.629464285714 59 2 1 1 0 0 0 0 0 0 0 0 0 0 0 0 0 0 0 0
"165" 165 0.328205128205 59 2 1 1 0 0 0 0 0 0 0 0 0 0 0 0 0 0 0 0
"166" 166 0.10152284264 52 10 1 0 0 0 0 0 0 0 0 0 0 0 0 0 0 0 0 0
"167" 167 0.245033112583 40 7 6 5 3 1 1 0 0 0 0 0 0 0 0 0 0 0 0 0
"168" 168 0.232704402516 37 12 6 3 3 1 1 0 0 0 0 0 0 0 0 0 0 0 0 0
"169" 169 0.519379844961 25 20 10 3 2 2 1 0 0 0 0 0 0 0 0 0 0 0 0 0
"170" 170 0.363228699552 16 15 12 6 3 3 3 2 2 1 0 0 0 0 0 0 0 0 0 0
"171" 171 0.0 19 17 14 6 4 2 1 0 0 0 0 0 0 0 0 0 0 0 0 0
"172" 172 0.131782945736 21 16 8 5 3 3 2 2 1 1 1 0 0 0 0 0 0 0 0 0
"173" 173 0.589285714286 26 11 6 5 4 3 3 2 2 1 0 0 0 0 0 0 0 0 0 0
"174" 174 0.402985074627 21 20 6 5 4 2 2 1 1 1 0 0 0 0 0 0 0 0 0 0
"175" 175 0.132183908046 26 22 9 3 2 1 0 0 0 0 0 0 0 0 0 0 0 0 0 0
"176" 176 0.298076923077 63 0 0 0 0 0 0 0 0 0 0 0 0 0 0 0 0 0 0 0
"177" 177 0.651785714286 14 12 6 6 6 4 3 3 3 2 1 1 1 1 0 0 0 0 0 0
"178" 178 0.580310880829 28 15 8 3 3 2 2 1 1 0 0 0 0 0 0 0 0 0 0 0
"179" 179 0.149253731343 33 9 5 4 4 3 2 1 1 1 0 0 0 0 0 0 0 0 0 0
"180" 180 0.0264900662252 53 4 3 2 1 0 0 0 0 0 0 0 0 0 0 0 0 0 0 0
"181" 181 0.631386861314 16 14 9 6 4 4 4 2 1 1 1 1 0 0 0 0 0 0 0 0
"182" 182 0.273722627737 20 18 15 4 2 1 1 1 1 0 0 0 0 0 0 0 0 0 0 0
"183" 183 0.0 20 19 16 5 3 0 0 0 0 0 0 0 0 0 0 0 0 0 0 0
"184" 184 0.131782945736 36 8 8 6 3 2 0 0 0 0 0 0 0 0 0 0 0 0 0 0
"185" 185 0.522321428571 23 22 4 4 4 3 2 1 0 0 0 0 0 0 0 0 0 0 0 0
"186" 186 0.149253731343 20 13 7 7 5 4 4 1 1 1 0 0 0 0 0 0 0 0 0 0
"187" 187 0.0 33 16 14 0 0 0 0 0 0 0 0 0 0 0 0 0 0 0 0 0
"188" 188 0.206896551724 30 24 6 1 1 1 0 0 0 0 0 0 0 0 0 0 0 0 0 0
"189" 189 0.485232067511 19 16 8 8 6 1 1 1 1 1 1 0 0 0 0 0 0 0 0 0
"190" 190 0.00497512437811 37 19 6 1 0 0 0 0 0 0 0 0 0 0 0 0 0 0 0 0
"191" 191 0.0 62 1 0 0 0 0 0 0 0 0 0 0 0 0 0 0 0 0 0 0
"192" 192 0.192052980132 24 10 9 6 4 4 2 1 1 1 1 0 0 0 0 0 0 0 0 0
"193" 193 0.341772151899 16 10 10 9 6 4 4 2 1 1 0 0 0 0 0 0 0 0 0 0
"194" 194 0.0 48 8 6 1 0 0 0 0 0 0 0 0 0 0 0 0 0 0 0 0
"195" 195 0.0675105485232 30 13 8 4 3 3 1 1 0 0 0 0 0 0 0 0 0 0 0 0
"196" 196 0.481865284974 26 17 11 3 3 2 1 0 0 0 0 0 0 0 0 0 0 0 0 0
"197" 197 0.167300380228 38 9 6 5 2 2 1 0 0 0 0 0 0 0 0 0 0 0 0 0
"198" 198 0.0 62 1 0 0 0 0 0 0 0 0 0 0 0 0 0 0 0 0 0 0
"199" 199 0.430379746835 16 14 12 7 4 4 3 1 1 1 0 0 0 0 0 0 0 0 0 0
"200" 200 0.544642857143 16 16 10 5 4 4 3 2 1 1 1 0 0 0 0 0 0 0 0 0
"201" 201 0.299578059072 36 21 3 2 1 0 0 0 0 0 0 0 0 0 0 0 0 0 0 0
"202" 202 0.307692307692 62 1 0 0 0 0 0 0 0 0 0 0 0 0 0 0 0 0 0 0
"203" 203 0.00507614213198 54 5 3 1 0 0 0 0 0 0 0 0 0 0 0 0 0 0 0 0
"204" 204 0.0152284263959 62 1 0 0 0 0 0 0 0 0 0 0 0 0 0 0 0 0 0 0
"205" 205 0.0 50 10 3 0 0 0 0 0 0 0 0 0 0 0 0 0 0 0 0 0
"206" 206 0.0 61 2 0 0 0 0 0 0 0 0 0 0 0 0 0 0 0 0 0 0
"207" 207 0.0569948186528 63 0 0 0 0 0 0 0 0 0 0 0 0 0 0 0 0 0 0 0
"208" 208 0.0116279069767 63 0 0 0 0 0 0 0 0 0 0 0 0 0 0 0 0 0 0 0
"209" 209 0.316455696203 63 0 0 0 0 0 0 0 0 0 0 0 0 0 0 0 0 0 0 0
"210" 210 0.00418410041841 57 3 2 1 0 0 0 0 0 0 0 0 0 0 0 0 0 0 0 0
"211" 211 0.209821428571 63 0 0 0 0 0 0 0 0 0 0 0 0 0 0 0 0 0 0 0
"212" 212 0.00418410041841 59 2 2 0 0 0 0 0 0 0 0 0 0 0 0 0 0 0 0 0
"213" 213 0.0288461538462 63 0 0 0 0 0 0 0 0 0 0 0 0 0 0 0 0 0 0 0
"214" 214 0.0761421319797 32 10 8 5 3 3 2 0 0 0 0 0 0 0 0 0 0 0 0 0
"215" 215 0.0725388601036 41 5 4 4 3 2 1 1 0 0 0 0 0 0 0 0 0 0 0 0
"216" 216 0.549107142857 7 2 2 1 1 1 1 1 1 0 0 0 0 0 0 0 0 0 0 0
"217" 217 0.751054852321 17 6 3 3 2 2 2 2 2 1 1 1 1 0 0 0 0 0 0 0
"218" 218 0.412790697674 18 12 11 6 4 3 3 2 2 1 1 0 0 0 0 0 0 0 0 0
"219" 219 0.482051282051 42 9 6 2 1 1 1 0 0 0 0 0 0 0 0 0 0 0 0 0
"220" 220 0.330357142857 22 11 8 6 5 4 3 2 1 1 0 0 0 0 0 0 0 0 0 0
"221" 221 0.0659898477157 36 15 9 2 1 0 0 0 0 0 0 0 0 0 0 0 0 0 0 0
"222" 222 0.0 22 18 11 5 3 2 1 1 0 0 0 0 0 0 0 0 0 0 0 0
"223" 223 0.0 57 3 2 1 0 0 0 0 0 0 0 0 0 0 0 0 0 0 0 0
"224" 224 0.0804597701149 28 12 10 8 5 0 0 0 0 0 0 0 0 0 0 0 0 0 0 0
"225" 225 0.165803108808 63 0 0 0 0 0 0 0 0 0 0 0 0 0 0 0 0 0 0 0
"226" 226 0.205357142857 63 0 0 0 0 0 0 0 0 0 0 0 0 0 0 0 0 0 0 0
"227" 227 0.0 42 9 4 4 2 2 0 0 0 0 0 0 0 0 0 0 0 0 0 0
"228" 228 0.0 58 3 2 0 0 0 0 0 0 0 0 0 0 0 0 0 0 0 0 0
"229" 229 0.0 63 0 0 0 0 0 0 0 0 0 0 0 0 0 0 0 0 0 0 0
"230" 230 0.0314465408805 58 5 0 0 0 0 0 0 0 0 0 0 0 0 0 0 0 0 0 0
"231" 231 0.217616580311 63 0 0 0 0 0 0 0 0 0 0 0 0 0 0 0 0 0 0 0
"232" 232 0.0927152317881 63 0 0 0 0 0 0 0 0 0 0 0 0 0 0 0 0 0 0 0
"233" 233 0.0728476821192 63 0 0 0 0 0 0 0 0 0 0 0 0 0 0 0 0 0 0 0
"234" 234 0.35401459854 63 0 0 0 0 0 0 0 0 0 0 0 0 0 0 0 0 0 0 0
"235" 235 0.00836820083682 58 5 0 0 0 0 0 0 0 0 0 0 0 0 0 0 0 0 0 0
"236" 236 0.0248226950355 63 0 0 0 0 0 0 0 0 0 0 0 0 0 0 0 0 0 0 0
"237" 237 0.369230769231 44 5 4 3 3 2 1 1 0 0 0 0 0 0 0 0 0 0 0 0
"238" 238 0.240384615385 36 7 6 6 2 2 1 1 1 1 0 0 0 0 0 0 0 0 0 0
"239" 239 0.767441860465 31 13 8 6 3 1 1 0 0 0 0 0 0 0 0 0 0 0 0 0
"240" 240 0.503311258278 12 11 9 8 5 5 4 3 3 1 1 1 0 0 0 0 0 0 0 0
"241" 241 0.25855513308 61 2 0 0 0 0 0 0 0 0 0 0 0 0 0 0 0 0 0 0
"242" 242 0.523206751055 19 14 10 8 5 4 1 1 1 0 0 0 0 0 0 0 0 0 0 0
"243" 243 0.327586206897 31 19 4 4 3 1 1 0 0 0 0 0 0 0 0 0 0 0 0 0
"244" 244 0.480769230769 63 0 0 0 0 0 0 0 0 0 0 0 0 0 0 0 0 0 0 0
"245" 245 0.339285714286 15 11 9 7 5 4 3 3 1 1 1 1 1 1 0 0 0 0 0 0
"246" 246 0.496688741722 24 8 8 8 7 3 1 1 1 1 1 0 0 0 0 0 0 0 0 0
"247" 247 0.0941704035874 42 21 0 0 0 0 0 0 0 0 0 0 0 0 0 0 0 0 0 0
"248" 248 0.564766839378 37 12 7 2 1 1 1 1 1 0 0 0 0 0 0 0 0 0 0 0
"249" 249 0.185430463576 63 0 0 0 0 0 0 0 0 0 0 0 0 0 0 0 0 0 0 0
"250" 250 0.12927756654 43 17 3 0 0 0 0 0 0 0 0 0 0 0 0 0 0 0 0 0
"251" 251 0.0155440414508 63 0 0 0 0 0 0 0 0 0 0 0 0 0 0 0 0 0 0 0
"252" 252 0.10970464135 63 0 0 0 0 0 0 0 0 0 0 0 0 0 0 0 0 0 0 0
"253" 253 0.14798206278 63 0 0 0 0 0 0 0 0 0 0 0 0 0 0 0 0 0 0 0
"254" 254 0.301255230126 39 21 2 1 0 0 0 0 0 0 0 0 0 0 0 0 0 0 0 0
"255" 255 0.0 36 24 2 1 0 0 0 0 0 0 0 0 0 0 0 0 0 0 0 0
"256" 256 0.346715328467 63 0 0 0 0 0 0 0 0 0 0 0 0 0 0 0 0 0 0 0
"257" 257 0.435233160622 53 9 1 0 0 0 0 0 0 0 0 0 0 0 0 0 0 0 0 0
"258" 258 0.216312056738 39 24 0 0 0 0 0 0 0 0 0 0 0 0 0 0 0 0 0 0
"259" 259 0.00497512437811 63 0 0 0 0 0 0 0 0 0 0 0 0 0 0 0 0 0 0 0
"260" 260 0.325581395349 23 21 5 3 2 2 2 1 1 0 0 0 0 0 0 0 0 0 0 0
"261" 261 0.596899224806 20 16 11 2 2 2 2 2 2 1 0 0 0 0 0 0 0 0 0 0
"262" 262 0.415384615385 12 7 7 6 5 5 4 3 3 2 1 0 0 0 0 0 0 0 0 0
"263" 263 0.713080168776 14 13 8 7 7 3 3 3 2 1 1 1 0 0 0 0 0 0 0 0
"264" 264 0.233830845771 35 11 3 3 2 2 2 1 1 1 1 0 0 0 0 0 0 0 0 0
"265" 265 0.338461538462 29 7 5 4 3 3 3 2 1 1 1 1 0 0 0 0 0 0 0 0
"266" 266 0.355769230769 12 6 4 3 2 1 1 1 0 0 0 0 0 0 0 0 0 0 0 0
"267" 267 0.35632183908 14 13 10 8 4 3 2 2 1 1 1 1 1 0 0 0 0 0 0 0
"268" 268 0.574358974359 38 6 3 3 3 2 2 2 1 1 0 0 0 0 0 0 0 0 0 0
"269" 269 0.432692307692 21 21 13 1 1 1 1 1 0 0 0 0 0 0 0 0 0 0 0 0
"270" 270 0.0632183908046 45 13 1 1 0 0 0 0 0 0 0 0 0 0 0 0 0 0 0 0
"271" 271 0.637130801688 15 8 7 5 5 4 4 3 3 2 2 1 0 0 0 0 0 0 0 0
"272" 272 0.0137614678899 47 11 3 2 0 0 0 0 0 0 0 0 0 0 0 0 0 0 0 0
"273" 273 0.314465408805 57 3 2 1 0 0 0 0 0 0 0 0 0 0 0 0 0 0 0 0
"274" 274 0.533632286996 20 14 9 9 8 1 1 1 0 0 0 0 0 0 0 0 0 0 0 0
"275" 275 0.642487046632 28 26 4 3 1 1 0 0 0 0 0 0 0 0 0 0 0 0 0 0
"276" 276 0.0659898477157 37 24 2 0 0 0 0 0 0 0 0 0 0 0 0 0 0 0 0 0
"277" 277 0.0229885057471 33 17 5 5 1 1 1 0 0 0 0 0 0 0 0 0 0 0 0 0
"278" 278 0.424870466321 20 10 8 6 5 3 3 2 2 2 1 1 0 0 0 0 0 0 0 0
"279" 279 0.467153284672 33 10 6 4 3 3 2 1 1 0 0 0 0 0 0 0 0 0 0 0
"280" 280 0.0 61 2 0 0 0 0 0 0 0 0 0 0 0 0 0 0 0 0 0 0
"281" 281 0.244525547445 18 16 10 5 3 2 2 2 1 1 1 1 1 0 0 0 0 0 0 0
"282" 282 0.387596899225 24 19 5 4 3 2 2 1 1 1 1 0 0 0 0 0 0 0 0 0
"283" 283 0.274261603376 44 18 1 0 0 0 0 0 0 0 0 0 0 0 0 0 0 0 0 0
"284" 284 0.00760456273764 63 0 0 0 0 0 0 0 0 0 0 0 0 0 0 0 0 0 0 0
"285" 285 0.137055837563 24 9 7 7 5 5 1 1 1 1 1 1 0 0 0 0 0 0 0 0
"286" 286 0.450892857143 55 2 2 1 1 1 1 0 0 0 0 0 0 0 0 0 0 0 0 0
"287" 287 0.0077519379845 61 1 1 0 0 0 0 0 0 0 0 0 0 0 0 0 0 0 0 0
"288" 288 0.0836501901141 28 18 10 2 2 1 1 1 0 0 0 0 0 0 0 0 0 0 0 0
"289" 289 0.191964285714 35 8 4 4 3 2 2 2 1 1 1 0 0 0 0 0 0 0 0 0
"290" 290 0.186046511628 32 8 7 6 4 2 2 2 0 0 0 0 0 0 0 0 0 0 0 0
"291" 291 0.0 47 16 0 0 0 0 0 0 0 0 0 0 0 0 0 0 0 0 0 0
"292" 292 0.104651162791 52 3 3 1 1 1 0 0 0 0 0 0 0 0 0 0 0 0 0 0
"293" 293 0.576923076923 52 3 1 0 0 0 0 0 0 0 0 0 0 0 0 0 0 0 0 0
"294" 294 0.384105960265 6 5 5 3 3 1 1 1 1 1 1 0 0 0 0 0 0 0 0 0
"295" 295 0.544303797468 18 2 1 1 1 1 1 0 0 0 0 0 0 0 0 0 0 0 0 0
"296" 296 0.145390070922 9 9 2 0 0 0 0 0 0 0 0 0 0 0 0 0 0 0 0 0
"297" 297 0.721854304636 5 4 2 1 0 0 0 0 0 0 0 0 0 0 0 0 0 0 0 0
"298" 298 0.708133971292 1 1 1 0 0 0 0 0 0 0 0 0 0 0 0 0 0 0 0 0
