"site" "RSA" "aa1" "aa2" "aa3" "aa4" "aa5" "aa6" "aa7" "aa8" "aa9" "aa10" "aa11" "aa12" "aa13" "aa14" "aa15" "aa16" "aa17" "aa18" "aa19" "aa20"
"0" 0 0.802325581395 167 70 60 43 43 37 25 24 13 11 7 0 0 0 0 0 0 0 0 0
"1" 1 0.482587064677 119 86 69 58 42 42 32 24 13 7 4 3 1 0 0 0 0 0 0 0
"2" 2 0.233830845771 247 57 37 27 25 20 15 14 12 11 10 9 6 5 3 2 0 0 0 0
"3" 3 0.456953642384 344 84 30 13 6 6 5 4 4 2 2 0 0 0 0 0 0 0 0 0
"4" 4 0.483443708609 231 93 46 31 25 17 14 12 10 6 5 3 3 2 2 0 0 0 0 0
"5" 5 0.100418410042 441 31 28 0 0 0 0 0 0 0 0 0 0 0 0 0 0 0 0 0
"6" 6 0.134615384615 500 0 0 0 0 0 0 0 0 0 0 0 0 0 0 0 0 0 0 0
"7" 7 0.383720930233 313 66 28 24 17 12 10 9 6 5 4 3 1 1 1 0 0 0 0 0
"8" 8 0.339622641509 268 159 51 12 8 1 1 0 0 0 0 0 0 0 0 0 0 0 0 0
"9" 9 0.326359832636 182 162 39 26 25 21 20 8 5 4 3 2 2 1 0 0 0 0 0 0
"10" 10 0.446428571429 301 135 29 13 9 6 4 1 1 1 0 0 0 0 0 0 0 0 0 0
"11" 11 0.0729927007299 500 0 0 0 0 0 0 0 0 0 0 0 0 0 0 0 0 0 0 0
"12" 12 0.0 500 0 0 0 0 0 0 0 0 0 0 0 0 0 0 0 0 0 0 0
"13" 13 0.397321428571 187 83 46 37 27 27 20 19 16 16 9 8 1 1 1 1 1 0 0 0
"14" 14 0.389743589744 306 52 37 28 24 13 12 12 6 5 2 2 1 0 0 0 0 0 0 0
"15" 15 0.0 498 1 1 0 0 0 0 0 0 0 0 0 0 0 0 0 0 0 0 0
"16" 16 0.0149253731343 498 1 1 0 0 0 0 0 0 0 0 0 0 0 0 0 0 0 0 0
"17" 17 0.209302325581 110 105 54 46 41 41 39 21 13 8 6 6 5 3 1 1 0 0 0 0
"18" 18 0.0 498 1 1 0 0 0 0 0 0 0 0 0 0 0 0 0 0 0 0 0
"19" 19 0.0 499 1 0 0 0 0 0 0 0 0 0 0 0 0 0 0 0 0 0 0
"20" 20 0.478102189781 363 125 4 3 2 2 1 0 0 0 0 0 0 0 0 0 0 0 0 0
"21" 21 0.540178571429 212 62 52 46 42 27 23 16 14 4 1 1 0 0 0 0 0 0 0 0
"22" 22 0.173076923077 500 0 0 0 0 0 0 0 0 0 0 0 0 0 0 0 0 0 0 0
"23" 23 0.295620437956 193 74 74 55 30 30 12 10 8 8 2 2 1 1 0 0 0 0 0 0
"24" 24 0.0192307692308 500 0 0 0 0 0 0 0 0 0 0 0 0 0 0 0 0 0 0 0
"25" 25 0.0 500 0 0 0 0 0 0 0 0 0 0 0 0 0 0 0 0 0 0 0
"26" 26 0.0 499 1 0 0 0 0 0 0 0 0 0 0 0 0 0 0 0 0 0 0
"27" 27 0.00574712643678 483 16 1 0 0 0 0 0 0 0 0 0 0 0 0 0 0 0 0 0
"28" 28 0.0497512437811 269 155 29 17 7 6 5 3 3 2 1 1 1 1 0 0 0 0 0 0
"29" 29 0.512953367876 262 147 32 29 9 8 6 5 1 1 0 0 0 0 0 0 0 0 0 0
"30" 30 0.487179487179 135 68 61 58 50 42 24 18 15 11 6 5 4 2 1 0 0 0 0 0
"31" 31 0.294642857143 95 87 78 65 60 27 20 20 15 8 7 7 4 3 2 1 1 0 0 0
"32" 32 0.00961538461538 500 0 0 0 0 0 0 0 0 0 0 0 0 0 0 0 0 0 0 0
"33" 33 0.0155440414508 177 137 49 28 26 20 14 13 11 11 7 3 2 1 1 0 0 0 0 0
"34" 34 0.0 474 9 8 8 1 0 0 0 0 0 0 0 0 0 0 0 0 0 0 0
"35" 35 0.0 475 22 3 0 0 0 0 0 0 0 0 0 0 0 0 0 0 0 0 0
"36" 36 0.0167364016736 465 21 14 0 0 0 0 0 0 0 0 0 0 0 0 0 0 0 0 0
"37" 37 0.0 500 0 0 0 0 0 0 0 0 0 0 0 0 0 0 0 0 0 0 0
"38" 38 0.0 486 11 3 0 0 0 0 0 0 0 0 0 0 0 0 0 0 0 0 0
"39" 39 0.357142857143 205 144 54 21 20 13 10 8 7 4 4 4 3 3 0 0 0 0 0 0
"40" 40 0.261627906977 168 126 109 32 25 23 12 2 2 1 0 0 0 0 0 0 0 0 0 0
"41" 41 0.0 195 147 145 9 2 2 0 0 0 0 0 0 0 0 0 0 0 0 0 0
"42" 42 0.273255813953 226 185 68 5 5 3 3 2 1 1 1 0 0 0 0 0 0 0 0 0
"43" 43 0.281609195402 373 39 32 20 17 8 4 2 2 1 1 1 0 0 0 0 0 0 0 0
"44" 44 0.638392857143 116 107 50 47 46 38 18 16 14 13 10 8 8 6 2 1 0 0 0 0
"45" 45 0.161434977578 483 6 4 3 1 1 1 1 0 0 0 0 0 0 0 0 0 0 0 0
"46" 46 0.0045871559633 485 9 3 2 1 0 0 0 0 0 0 0 0 0 0 0 0 0 0 0
"47" 47 0.271317829457 146 117 65 62 51 23 13 4 4 4 4 3 2 2 0 0 0 0 0 0
"48" 48 0.0696517412935 264 104 33 28 18 17 10 8 5 4 3 2 2 2 0 0 0 0 0 0
"49" 49 0.00581395348837 153 127 109 80 25 3 2 1 0 0 0 0 0 0 0 0 0 0 0 0
"50" 50 0.263959390863 285 112 61 13 8 6 5 5 2 1 1 1 0 0 0 0 0 0 0 0
"51" 51 0.532846715328 87 68 64 51 48 33 31 30 29 27 17 10 3 1 1 0 0 0 0 0
"52" 52 0.22966507177 116 82 80 56 34 32 32 30 11 7 7 5 4 3 1 0 0 0 0 0
"53" 53 0.0769230769231 500 0 0 0 0 0 0 0 0 0 0 0 0 0 0 0 0 0 0 0
"54" 54 0.278145695364 446 29 9 4 3 3 2 2 1 1 0 0 0 0 0 0 0 0 0 0
"55" 55 0.163461538462 500 0 0 0 0 0 0 0 0 0 0 0 0 0 0 0 0 0 0 0
"56" 56 0.401015228426 357 22 22 20 13 12 12 11 8 6 4 4 3 2 2 1 1 0 0 0
"57" 57 0.0229885057471 483 12 2 2 1 0 0 0 0 0 0 0 0 0 0 0 0 0 0 0
"58" 58 0.0253164556962 500 0 0 0 0 0 0 0 0 0 0 0 0 0 0 0 0 0 0 0
"59" 59 0.00995024875622 500 0 0 0 0 0 0 0 0 0 0 0 0 0 0 0 0 0 0 0
"60" 60 0.0 500 0 0 0 0 0 0 0 0 0 0 0 0 0 0 0 0 0 0 0
"61" 61 0.010152284264 396 83 21 0 0 0 0 0 0 0 0 0 0 0 0 0 0 0 0 0
"62" 62 0.186046511628 443 56 1 0 0 0 0 0 0 0 0 0 0 0 0 0 0 0 0 0
"63" 63 0.303571428571 231 77 37 37 29 21 20 14 7 6 5 5 5 4 1 1 0 0 0 0
"64" 64 0.59067357513 146 53 51 50 50 43 20 19 16 15 14 9 7 3 1 1 1 1 0 0
"65" 65 0.14598540146 186 68 38 33 31 28 26 20 18 14 11 10 5 4 4 3 1 0 0 0
"66" 66 0.149635036496 358 125 6 4 2 2 1 1 1 0 0 0 0 0 0 0 0 0 0 0
"67" 67 0.476793248945 117 81 73 49 39 37 33 30 24 5 4 3 3 1 1 0 0 0 0 0
"68" 68 0.349775784753 280 109 32 26 12 8 8 7 7 6 2 1 1 1 0 0 0 0 0 0
"69" 69 0.00497512437811 497 2 1 0 0 0 0 0 0 0 0 0 0 0 0 0 0 0 0 0
"70" 70 0.569948186528 355 82 47 6 3 2 2 2 1 0 0 0 0 0 0 0 0 0 0 0
"71" 71 0.00497512437811 483 16 1 0 0 0 0 0 0 0 0 0 0 0 0 0 0 0 0 0
"72" 72 0.421383647799 452 10 8 7 6 4 4 3 2 2 1 1 0 0 0 0 0 0 0 0
"73" 73 0.229357798165 158 108 51 40 35 20 19 18 10 10 9 5 4 4 3 3 2 1 0 0
"74" 74 0.435779816514 328 87 49 25 4 2 2 1 1 1 0 0 0 0 0 0 0 0 0 0
"75" 75 0.655172413793 150 97 51 47 26 23 20 19 18 16 10 7 6 4 3 2 1 0 0 0
"76" 76 1.10714285714 249 120 24 24 18 18 14 11 6 5 4 2 1 1 1 1 1 0 0 0
"77" 77 0.471153846154 500 0 0 0 0 0 0 0 0 0 0 0 0 0 0 0 0 0 0 0
"78" 78 0.397489539749 357 35 29 28 14 11 9 6 4 4 1 1 1 0 0 0 0 0 0 0
"79" 79 0.0 411 47 23 16 3 0 0 0 0 0 0 0 0 0 0 0 0 0 0 0
"80" 80 0.224137931034 293 65 39 27 22 18 8 7 6 4 4 2 2 1 1 1 0 0 0 0
"81" 81 0.093023255814 351 102 23 8 3 3 3 2 1 1 1 1 1 0 0 0 0 0 0 0
"82" 82 0.0 492 8 0 0 0 0 0 0 0 0 0 0 0 0 0 0 0 0 0 0
"83" 83 0.09375 246 95 59 36 33 13 10 6 1 1 0 0 0 0 0 0 0 0 0 0
"84" 84 0.0232558139535 274 224 2 0 0 0 0 0 0 0 0 0 0 0 0 0 0 0 0 0
"85" 85 0.217054263566 220 161 69 45 3 2 0 0 0 0 0 0 0 0 0 0 0 0 0 0
"86" 86 0.732142857143 165 81 53 43 30 22 20 17 17 13 11 9 7 5 3 3 1 0 0 0
"87" 87 0.625 500 0 0 0 0 0 0 0 0 0 0 0 0 0 0 0 0 0 0 0
"88" 88 0.201149425287 441 51 5 3 0 0 0 0 0 0 0 0 0 0 0 0 0 0 0 0
"89" 89 0.691860465116 418 82 0 0 0 0 0 0 0 0 0 0 0 0 0 0 0 0 0 0
"90" 90 0.552325581395 174 62 56 45 42 32 24 21 18 9 8 7 1 1 0 0 0 0 0 0
"91" 91 0.0 500 0 0 0 0 0 0 0 0 0 0 0 0 0 0 0 0 0 0 0
"92" 92 0.316091954023 132 126 80 57 52 19 18 6 5 2 2 1 0 0 0 0 0 0 0 0
"93" 93 0.370860927152 339 49 27 22 16 12 8 7 5 4 3 2 2 2 2 0 0 0 0 0
"94" 94 0.147286821705 456 34 7 3 0 0 0 0 0 0 0 0 0 0 0 0 0 0 0 0
"95" 95 0.325581395349 151 81 61 59 24 21 20 20 19 13 8 8 5 5 3 2 0 0 0 0
"96" 96 0.0725388601036 500 0 0 0 0 0 0 0 0 0 0 0 0 0 0 0 0 0 0 0
"97" 97 0.0875912408759 361 100 17 9 5 3 2 2 1 0 0 0 0 0 0 0 0 0 0 0
"98" 98 0.00507614213198 445 22 13 10 4 2 2 2 0 0 0 0 0 0 0 0 0 0 0 0
"99" 99 0.255813953488 108 88 78 76 70 24 17 11 8 6 5 3 2 2 1 1 0 0 0 0
"100" 100 0.0 494 5 1 0 0 0 0 0 0 0 0 0 0 0 0 0 0 0 0 0
"101" 101 0.0114942528736 491 5 2 2 0 0 0 0 0 0 0 0 0 0 0 0 0 0 0 0
"102" 102 0.408759124088 284 55 28 26 25 18 16 13 12 10 6 2 2 1 1 1 0 0 0 0
"103" 103 0.201550387597 316 99 47 20 17 1 0 0 0 0 0 0 0 0 0 0 0 0 0 0
"104" 104 0.0077519379845 500 0 0 0 0 0 0 0 0 0 0 0 0 0 0 0 0 0 0 0
"105" 105 0.0507614213198 416 56 17 5 3 1 1 1 0 0 0 0 0 0 0 0 0 0 0 0
"106" 106 0.279069767442 245 187 30 10 9 8 5 3 1 1 1 0 0 0 0 0 0 0 0 0
"107" 107 0.715025906736 81 75 75 68 38 38 23 21 15 15 14 12 8 7 4 3 2 1 0 0
"108" 108 0.567307692308 500 0 0 0 0 0 0 0 0 0 0 0 0 0 0 0 0 0 0 0
"109" 109 0.031007751938 447 52 1 0 0 0 0 0 0 0 0 0 0 0 0 0 0 0 0 0
"110" 110 0.544303797468 244 61 58 33 22 19 17 11 9 9 6 4 3 2 1 1 0 0 0 0
"111" 111 0.314465408805 497 3 0 0 0 0 0 0 0 0 0 0 0 0 0 0 0 0 0 0
"112" 112 0.602649006623 105 104 87 52 42 20 18 14 12 11 10 8 8 7 2 0 0 0 0 0
"113" 113 0.326424870466 235 128 21 19 19 19 17 12 10 7 6 5 1 1 0 0 0 0 0 0
"114" 114 0.0149253731343 500 0 0 0 0 0 0 0 0 0 0 0 0 0 0 0 0 0 0 0
"115" 115 0.466666666667 321 68 58 20 12 4 4 4 4 3 2 0 0 0 0 0 0 0 0 0
"116" 116 0.306569343066 167 91 88 81 17 10 9 9 8 6 5 4 3 2 0 0 0 0 0 0
"117" 117 0.685534591195 168 155 75 53 18 10 9 4 3 2 2 1 0 0 0 0 0 0 0 0
"118" 118 0.115384615385 500 0 0 0 0 0 0 0 0 0 0 0 0 0 0 0 0 0 0 0
"119" 119 0.354066985646 370 88 24 4 4 2 2 2 1 1 1 1 0 0 0 0 0 0 0 0
"120" 120 0.0172413793103 494 5 1 0 0 0 0 0 0 0 0 0 0 0 0 0 0 0 0 0
"121" 121 0.192468619247 312 146 11 9 7 7 3 1 1 1 1 1 0 0 0 0 0 0 0 0
"122" 122 0.0062893081761 499 1 0 0 0 0 0 0 0 0 0 0 0 0 0 0 0 0 0 0
"123" 123 0.0597014925373 272 121 47 25 11 8 7 4 3 2 0 0 0 0 0 0 0 0 0 0
"124" 124 0.167883211679 199 84 69 37 35 17 17 12 8 8 5 5 4 0 0 0 0 0 0 0
"125" 125 0.0697674418605 397 59 29 10 4 1 0 0 0 0 0 0 0 0 0 0 0 0 0 0
"126" 126 0.385650224215 139 116 73 70 42 22 10 8 5 4 4 4 3 0 0 0 0 0 0 0
"127" 127 0.666666666667 207 57 35 33 28 27 27 20 17 13 8 6 6 6 5 5 0 0 0 0
"128" 128 0.413461538462 500 0 0 0 0 0 0 0 0 0 0 0 0 0 0 0 0 0 0 0
"129" 129 0.0480769230769 500 0 0 0 0 0 0 0 0 0 0 0 0 0 0 0 0 0 0 0
"130" 130 0.0344827586207 397 42 37 20 2 2 0 0 0 0 0 0 0 0 0 0 0 0 0 0
"131" 131 0.412935323383 369 39 34 17 9 8 8 5 5 3 2 1 0 0 0 0 0 0 0 0
"132" 132 0.46511627907 373 28 25 23 20 8 7 6 5 4 1 0 0 0 0 0 0 0 0 0
"133" 133 0.412408759124 383 34 30 24 7 5 5 4 2 2 1 1 1 1 0 0 0 0 0 0
"134" 134 0.394230769231 421 75 2 1 1 0 0 0 0 0 0 0 0 0 0 0 0 0 0 0
"135" 135 0.105769230769 499 1 0 0 0 0 0 0 0 0 0 0 0 0 0 0 0 0 0 0
"136" 136 0.0956937799043 218 89 39 37 28 22 21 19 13 7 4 1 1 1 0 0 0 0 0 0
"137" 137 0.0755813953488 270 147 56 12 12 2 1 0 0 0 0 0 0 0 0 0 0 0 0 0
"138" 138 0.0133928571429 497 2 1 0 0 0 0 0 0 0 0 0 0 0 0 0 0 0 0 0
"139" 139 0.0 498 1 1 0 0 0 0 0 0 0 0 0 0 0 0 0 0 0 0 0
"140" 140 0.0 381 109 6 3 1 0 0 0 0 0 0 0 0 0 0 0 0 0 0 0
"141" 141 0.0710659898477 302 115 52 22 6 2 1 0 0 0 0 0 0 0 0 0 0 0 0 0
"142" 142 0.0725388601036 494 3 2 1 0 0 0 0 0 0 0 0 0 0 0 0 0 0 0 0
"143" 143 0.00497512437811 500 0 0 0 0 0 0 0 0 0 0 0 0 0 0 0 0 0 0 0
"144" 144 0.0 326 152 13 6 1 1 1 0 0 0 0 0 0 0 0 0 0 0 0 0
"145" 145 0.436046511628 218 57 44 43 37 30 23 20 7 6 5 3 3 2 1 1 0 0 0 0
"146" 146 0.323383084577 183 146 109 40 10 6 3 1 1 1 0 0 0 0 0 0 0 0 0 0
"147" 147 0.0542635658915 497 3 0 0 0 0 0 0 0 0 0 0 0 0 0 0 0 0 0 0
"148" 148 0.644230769231 500 0 0 0 0 0 0 0 0 0 0 0 0 0 0 0 0 0 0 0
"149" 149 0.163179916318 454 33 8 2 1 1 1 0 0 0 0 0 0 0 0 0 0 0 0 0
"150" 150 0.253164556962 80 74 65 58 57 41 33 25 20 17 13 9 4 2 1 1 0 0 0 0
"151" 151 0.333333333333 455 25 7 5 4 1 1 1 1 0 0 0 0 0 0 0 0 0 0 0
"152" 152 0.0542635658915 415 42 36 5 1 1 0 0 0 0 0 0 0 0 0 0 0 0 0 0
"153" 153 0.0 420 72 8 0 0 0 0 0 0 0 0 0 0 0 0 0 0 0 0 0
"154" 154 0.00574712643678 495 3 2 0 0 0 0 0 0 0 0 0 0 0 0 0 0 0 0 0
"155" 155 0.0298507462687 233 73 62 46 40 24 17 3 1 1 0 0 0 0 0 0 0 0 0 0
"156" 156 0.0 500 0 0 0 0 0 0 0 0 0 0 0 0 0 0 0 0 0 0 0
"157" 157 0.183035714286 165 137 62 30 27 16 15 14 14 7 3 3 2 2 1 1 1 0 0 0
"158" 158 0.0398009950249 497 2 1 0 0 0 0 0 0 0 0 0 0 0 0 0 0 0 0 0
"159" 159 0.156976744186 206 93 86 44 42 12 8 6 2 1 0 0 0 0 0 0 0 0 0 0
"160" 160 0.179487179487 432 17 15 11 9 9 4 2 1 0 0 0 0 0 0 0 0 0 0 0
"161" 161 0.80310880829 155 133 60 31 28 22 15 13 10 9 7 6 6 2 1 1 1 0 0 0
"162" 162 0.611398963731 449 35 4 3 2 2 2 1 1 1 0 0 0 0 0 0 0 0 0 0
"163" 163 0.519230769231 500 0 0 0 0 0 0 0 0 0 0 0 0 0 0 0 0 0 0 0
"164" 164 0.267441860465 229 229 14 9 5 4 4 2 2 1 1 0 0 0 0 0 0 0 0 0
"165" 165 0.344036697248 132 71 51 45 38 36 33 26 19 19 8 5 5 3 3 3 2 1 0 0
"166" 166 0.0077519379845 495 3 2 0 0 0 0 0 0 0 0 0 0 0 0 0 0 0 0 0
"167" 167 0.452554744526 190 99 65 29 26 26 15 15 12 8 7 4 2 2 0 0 0 0 0 0
"168" 168 0.271317829457 185 107 104 28 24 18 15 7 4 3 2 1 1 1 0 0 0 0 0 0
"169" 169 0.477987421384 241 48 44 34 32 23 21 14 14 8 5 4 4 3 3 2 0 0 0 0
"170" 170 0.254464285714 249 198 44 2 2 1 1 1 1 1 0 0 0 0 0 0 0 0 0 0
"171" 171 0.0 500 0 0 0 0 0 0 0 0 0 0 0 0 0 0 0 0 0 0 0
"172" 172 0.0507614213198 305 174 12 5 3 1 0 0 0 0 0 0 0 0 0 0 0 0 0 0
"173" 173 0.526785714286 100 89 55 49 40 33 33 27 20 19 10 8 6 5 3 2 1 0 0 0
"174" 174 0.0753138075314 461 27 10 2 0 0 0 0 0 0 0 0 0 0 0 0 0 0 0 0
"175" 175 0.0 499 1 0 0 0 0 0 0 0 0 0 0 0 0 0 0 0 0 0 0
"176" 176 0.471794871795 122 95 58 54 31 22 22 20 20 14 13 12 6 3 3 2 2 1 0 0
"177" 177 0.548523206751 74 57 55 54 52 47 41 39 25 24 16 9 6 1 0 0 0 0 0 0
"178" 178 0.296650717703 132 98 81 61 38 31 25 23 9 1 1 0 0 0 0 0 0 0 0 0
"179" 179 0.569230769231 295 67 39 24 22 18 15 7 6 3 2 1 1 0 0 0 0 0 0 0
"180" 180 0.0366972477064 432 20 20 11 8 5 3 1 0 0 0 0 0 0 0 0 0 0 0 0
"181" 181 0.062015503876 477 23 0 0 0 0 0 0 0 0 0 0 0 0 0 0 0 0 0 0
"182" 182 0.00497512437811 335 106 30 9 8 5 2 2 2 1 0 0 0 0 0 0 0 0 0 0
"183" 183 0.00574712643678 481 13 4 2 0 0 0 0 0 0 0 0 0 0 0 0 0 0 0 0
"184" 184 0.116279069767 301 154 23 8 5 2 2 2 1 1 1 0 0 0 0 0 0 0 0 0
"185" 185 0.0253807106599 350 136 6 5 1 1 1 0 0 0 0 0 0 0 0 0 0 0 0 0
"186" 186 0.700892857143 177 77 61 40 30 22 19 14 13 10 9 8 8 5 4 1 1 1 0 0
"187" 187 0.0362694300518 500 0 0 0 0 0 0 0 0 0 0 0 0 0 0 0 0 0 0 0
"188" 188 0.00995024875622 476 13 10 1 0 0 0 0 0 0 0 0 0 0 0 0 0 0 0 0
"189" 189 0.183908045977 107 103 84 42 36 28 25 23 17 16 7 6 4 1 1 0 0 0 0 0
"190" 190 0.286821705426 139 98 62 37 30 28 27 26 23 8 7 6 4 3 1 1 0 0 0 0
"191" 191 0.0798479087452 250 181 69 0 0 0 0 0 0 0 0 0 0 0 0 0 0 0 0 0
"192" 192 0.251824817518 188 121 63 55 38 15 8 4 4 2 2 0 0 0 0 0 0 0 0 0
"193" 193 0.600896860987 162 99 62 56 49 24 16 14 5 4 3 2 2 1 1 0 0 0 0 0
"194" 194 0.503875968992 124 96 87 56 28 20 18 15 13 10 8 8 6 4 3 3 1 0 0 0
"195" 195 0.684210526316 280 163 14 13 6 6 4 3 3 3 2 2 1 0 0 0 0 0 0 0
