"site" "RSA" "aa1" "aa2" "aa3" "aa4" "aa5" "aa6" "aa7" "aa8" "aa9" "aa10" "aa11" "aa12" "aa13" "aa14" "aa15" "aa16" "aa17" "aa18" "aa19" "aa20"
"0" 0 0.5 500 0 0 0 0 0 0 0 0 0 0 0 0 0 0 0 0 0 0 0
"1" 1 0.630769230769 374 117 9 0 0 0 0 0 0 0 0 0 0 0 0 0 0 0 0 0
"2" 2 0.649746192893 189 118 67 65 48 8 3 2 0 0 0 0 0 0 0 0 0 0 0 0
"3" 3 0.092050209205 493 6 1 0 0 0 0 0 0 0 0 0 0 0 0 0 0 0 0 0
"4" 4 0.0397350993377 477 16 4 2 1 0 0 0 0 0 0 0 0 0 0 0 0 0 0 0
"5" 5 0.456953642384 357 143 0 0 0 0 0 0 0 0 0 0 0 0 0 0 0 0 0 0
"6" 6 0.0733944954128 199 177 118 3 2 1 0 0 0 0 0 0 0 0 0 0 0 0 0 0
"7" 7 0.0167364016736 416 38 34 4 3 1 1 1 1 1 0 0 0 0 0 0 0 0 0 0
"8" 8 0.378238341969 500 0 0 0 0 0 0 0 0 0 0 0 0 0 0 0 0 0 0 0
"9" 9 0.430379746835 225 202 35 13 13 10 2 0 0 0 0 0 0 0 0 0 0 0 0 0
"10" 10 0.0298507462687 500 0 0 0 0 0 0 0 0 0 0 0 0 0 0 0 0 0 0 0
"11" 11 0.63475177305 354 145 1 0 0 0 0 0 0 0 0 0 0 0 0 0 0 0 0 0
"12" 12 0.615384615385 500 0 0 0 0 0 0 0 0 0 0 0 0 0 0 0 0 0 0 0
"13" 13 0.172185430464 500 0 0 0 0 0 0 0 0 0 0 0 0 0 0 0 0 0 0 0
"14" 14 0.805128205128 500 0 0 0 0 0 0 0 0 0 0 0 0 0 0 0 0 0 0 0
"15" 15 0.227848101266 326 174 0 0 0 0 0 0 0 0 0 0 0 0 0 0 0 0 0 0
"16" 16 0.504464285714 246 199 30 13 10 2 0 0 0 0 0 0 0 0 0 0 0 0 0 0
"17" 17 0.0348258706468 476 9 9 5 1 0 0 0 0 0 0 0 0 0 0 0 0 0 0 0
"18" 18 0.138686131387 246 170 66 8 6 3 1 0 0 0 0 0 0 0 0 0 0 0 0 0
"19" 19 0.010152284264 485 15 0 0 0 0 0 0 0 0 0 0 0 0 0 0 0 0 0 0
"20" 20 0.00497512437811 500 0 0 0 0 0 0 0 0 0 0 0 0 0 0 0 0 0 0 0
"21" 21 0.0152284263959 416 26 22 13 13 3 2 2 2 1 0 0 0 0 0 0 0 0 0 0
"22" 22 0.0 497 3 0 0 0 0 0 0 0 0 0 0 0 0 0 0 0 0 0 0
"23" 23 0.0 500 0 0 0 0 0 0 0 0 0 0 0 0 0 0 0 0 0 0 0
"24" 24 0.0696517412935 278 144 40 37 1 0 0 0 0 0 0 0 0 0 0 0 0 0 0 0
"25" 25 0.424870466321 272 146 55 23 4 0 0 0 0 0 0 0 0 0 0 0 0 0 0 0
"26" 26 0.413461538462 500 0 0 0 0 0 0 0 0 0 0 0 0 0 0 0 0 0 0 0
"27" 27 0.0077519379845 269 231 0 0 0 0 0 0 0 0 0 0 0 0 0 0 0 0 0 0
"28" 28 0.134615384615 500 0 0 0 0 0 0 0 0 0 0 0 0 0 0 0 0 0 0 0
"29" 29 0.0210970464135 417 58 20 3 2 0 0 0 0 0 0 0 0 0 0 0 0 0 0 0
"30" 30 0.372093023256 177 121 81 71 36 10 3 1 0 0 0 0 0 0 0 0 0 0 0 0
"31" 31 0.389534883721 246 100 77 44 31 2 0 0 0 0 0 0 0 0 0 0 0 0 0 0
"32" 32 0.010152284264 411 64 9 7 6 2 1 0 0 0 0 0 0 0 0 0 0 0 0 0
"33" 33 0.0 353 143 3 1 0 0 0 0 0 0 0 0 0 0 0 0 0 0 0 0
"34" 34 0.456273764259 395 33 31 24 17 0 0 0 0 0 0 0 0 0 0 0 0 0 0 0
"35" 35 0.335766423358 499 1 0 0 0 0 0 0 0 0 0 0 0 0 0 0 0 0 0 0
"36" 36 0.0149253731343 308 173 7 6 3 2 1 0 0 0 0 0 0 0 0 0 0 0 0 0
"37" 37 0.636771300448 500 0 0 0 0 0 0 0 0 0 0 0 0 0 0 0 0 0 0 0
"38" 38 0.0812182741117 290 188 18 2 1 1 0 0 0 0 0 0 0 0 0 0 0 0 0 0
"39" 39 0.5 500 0 0 0 0 0 0 0 0 0 0 0 0 0 0 0 0 0 0 0
"40" 40 0.285714285714 500 0 0 0 0 0 0 0 0 0 0 0 0 0 0 0 0 0 0 0
"41" 41 0.281609195402 441 30 21 6 1 1 0 0 0 0 0 0 0 0 0 0 0 0 0 0
"42" 42 0.494252873563 498 2 0 0 0 0 0 0 0 0 0 0 0 0 0 0 0 0 0 0
"43" 43 0.517441860465 196 98 67 40 35 21 14 12 12 2 2 1 0 0 0 0 0 0 0 0
"44" 44 0.360465116279 395 64 32 6 3 0 0 0 0 0 0 0 0 0 0 0 0 0 0 0
"45" 45 0.261603375527 208 171 43 33 29 9 6 1 0 0 0 0 0 0 0 0 0 0 0 0
"46" 46 0.471698113208 490 4 2 2 2 0 0 0 0 0 0 0 0 0 0 0 0 0 0 0
"47" 47 0.31976744186 500 0 0 0 0 0 0 0 0 0 0 0 0 0 0 0 0 0 0 0
"48" 48 0.761421319797 362 138 0 0 0 0 0 0 0 0 0 0 0 0 0 0 0 0 0 0
"49" 49 0.625 500 0 0 0 0 0 0 0 0 0 0 0 0 0 0 0 0 0 0 0
"50" 50 0.0376569037657 493 7 0 0 0 0 0 0 0 0 0 0 0 0 0 0 0 0 0 0
"51" 51 0.533333333333 171 103 92 55 43 18 10 6 1 1 0 0 0 0 0 0 0 0 0 0
"52" 52 0.0 491 8 1 0 0 0 0 0 0 0 0 0 0 0 0 0 0 0 0 0
"53" 53 0.107142857143 189 148 95 25 16 10 6 3 2 2 2 1 1 0 0 0 0 0 0 0
"54" 54 0.110465116279 144 95 78 71 38 27 16 9 7 6 5 4 0 0 0 0 0 0 0 0
"55" 55 0.0149253731343 405 77 12 3 2 1 0 0 0 0 0 0 0 0 0 0 0 0 0 0
"56" 56 0.298013245033 213 132 93 32 12 11 7 0 0 0 0 0 0 0 0 0 0 0 0 0
"57" 57 0.133079847909 497 2 1 0 0 0 0 0 0 0 0 0 0 0 0 0 0 0 0 0
"58" 58 0.240506329114 354 145 1 0 0 0 0 0 0 0 0 0 0 0 0 0 0 0 0 0
"59" 59 0.123076923077 500 0 0 0 0 0 0 0 0 0 0 0 0 0 0 0 0 0 0 0
"60" 60 0.0149253731343 360 137 3 0 0 0 0 0 0 0 0 0 0 0 0 0 0 0 0 0
"61" 61 0.223628691983 147 127 125 45 31 10 9 4 2 0 0 0 0 0 0 0 0 0 0 0
"62" 62 0.0298507462687 338 141 11 3 3 2 1 1 0 0 0 0 0 0 0 0 0 0 0 0
"63" 63 0.0 206 84 72 63 48 15 6 3 2 1 0 0 0 0 0 0 0 0 0 0
"64" 64 0.0287356321839 438 58 2 2 0 0 0 0 0 0 0 0 0 0 0 0 0 0 0 0
"65" 65 0.0141843971631 500 0 0 0 0 0 0 0 0 0 0 0 0 0 0 0 0 0 0 0
"66" 66 0.40932642487 228 116 77 55 12 4 4 2 2 0 0 0 0 0 0 0 0 0 0 0
"67" 67 0.0248756218905 253 126 102 13 3 3 0 0 0 0 0 0 0 0 0 0 0 0 0 0
"68" 68 0.951923076923 500 0 0 0 0 0 0 0 0 0 0 0 0 0 0 0 0 0 0 0
"69" 69 0.390862944162 217 91 44 35 30 23 22 19 17 1 1 0 0 0 0 0 0 0 0 0
"70" 70 0.328467153285 399 44 34 23 0 0 0 0 0 0 0 0 0 0 0 0 0 0 0 0
"71" 71 0.698113207547 405 72 18 5 0 0 0 0 0 0 0 0 0 0 0 0 0 0 0 0
"72" 72 0.110266159696 138 132 129 52 33 15 1 0 0 0 0 0 0 0 0 0 0 0 0 0
"73" 73 0.031914893617 380 119 1 0 0 0 0 0 0 0 0 0 0 0 0 0 0 0 0 0
"74" 74 0.120437956204 390 52 24 20 7 3 2 2 0 0 0 0 0 0 0 0 0 0 0 0
"75" 75 0.588607594937 230 200 53 15 2 0 0 0 0 0 0 0 0 0 0 0 0 0 0 0
"76" 76 0.110266159696 357 63 57 17 6 0 0 0 0 0 0 0 0 0 0 0 0 0 0 0
"77" 77 0.00760456273764 479 12 5 2 1 1 0 0 0 0 0 0 0 0 0 0 0 0 0 0
"78" 78 0.550387596899 297 203 0 0 0 0 0 0 0 0 0 0 0 0 0 0 0 0 0 0
"79" 79 0.305699481865 247 204 40 5 4 0 0 0 0 0 0 0 0 0 0 0 0 0 0 0
"80" 80 0.0813953488372 500 0 0 0 0 0 0 0 0 0 0 0 0 0 0 0 0 0 0 0
"81" 81 0.147286821705 499 1 0 0 0 0 0 0 0 0 0 0 0 0 0 0 0 0 0 0
"82" 82 0.0 500 0 0 0 0 0 0 0 0 0 0 0 0 0 0 0 0 0 0 0
"83" 83 0.0747126436782 496 2 2 0 0 0 0 0 0 0 0 0 0 0 0 0 0 0 0 0
"84" 84 0.0203045685279 462 27 5 4 1 1 0 0 0 0 0 0 0 0 0 0 0 0 0 0
"85" 85 0.00418410041841 482 18 0 0 0 0 0 0 0 0 0 0 0 0 0 0 0 0 0 0
"86" 86 0.00574712643678 483 7 6 3 1 0 0 0 0 0 0 0 0 0 0 0 0 0 0 0
"87" 87 0.0287356321839 456 42 2 0 0 0 0 0 0 0 0 0 0 0 0 0 0 0 0 0
"88" 88 0.124352331606 487 13 0 0 0 0 0 0 0 0 0 0 0 0 0 0 0 0 0 0
"89" 89 0.0 270 230 0 0 0 0 0 0 0 0 0 0 0 0 0 0 0 0 0 0
"90" 90 0.273255813953 500 0 0 0 0 0 0 0 0 0 0 0 0 0 0 0 0 0 0 0
"91" 91 0.160621761658 458 38 4 0 0 0 0 0 0 0 0 0 0 0 0 0 0 0 0 0
"92" 92 0.274261603376 468 32 0 0 0 0 0 0 0 0 0 0 0 0 0 0 0 0 0 0
"93" 93 0.725388601036 462 38 0 0 0 0 0 0 0 0 0 0 0 0 0 0 0 0 0 0
"94" 94 0.313868613139 395 55 38 6 6 0 0 0 0 0 0 0 0 0 0 0 0 0 0 0
"95" 95 0.0137614678899 363 134 3 0 0 0 0 0 0 0 0 0 0 0 0 0 0 0 0 0
"96" 96 0.443708609272 497 3 0 0 0 0 0 0 0 0 0 0 0 0 0 0 0 0 0 0
"97" 97 0.43023255814 234 211 55 0 0 0 0 0 0 0 0 0 0 0 0 0 0 0 0 0
"98" 98 0.0387596899225 456 41 3 0 0 0 0 0 0 0 0 0 0 0 0 0 0 0 0 0
"99" 99 0.119205298013 500 0 0 0 0 0 0 0 0 0 0 0 0 0 0 0 0 0 0 0
"100" 100 0.544303797468 247 87 68 49 49 0 0 0 0 0 0 0 0 0 0 0 0 0 0 0
"101" 101 0.0803571428571 443 35 14 3 2 2 1 0 0 0 0 0 0 0 0 0 0 0 0 0
"102" 102 0.0248756218905 500 0 0 0 0 0 0 0 0 0 0 0 0 0 0 0 0 0 0 0
"103" 103 0.315789473684 255 230 15 0 0 0 0 0 0 0 0 0 0 0 0 0 0 0 0 0
"104" 104 0.338308457711 160 111 87 58 57 19 8 0 0 0 0 0 0 0 0 0 0 0 0 0
"105" 105 0.0229357798165 270 126 102 2 0 0 0 0 0 0 0 0 0 0 0 0 0 0 0 0
"106" 106 0.1592039801 477 21 2 0 0 0 0 0 0 0 0 0 0 0 0 0 0 0 0 0
"107" 107 0.354260089686 500 0 0 0 0 0 0 0 0 0 0 0 0 0 0 0 0 0 0 0
"108" 108 0.303571428571 398 50 16 14 12 10 0 0 0 0 0 0 0 0 0 0 0 0 0 0
"109" 109 0.388392857143 479 21 0 0 0 0 0 0 0 0 0 0 0 0 0 0 0 0 0 0
"110" 110 0.455357142857 466 21 13 0 0 0 0 0 0 0 0 0 0 0 0 0 0 0 0 0
"111" 111 0.00995024875622 498 2 0 0 0 0 0 0 0 0 0 0 0 0 0 0 0 0 0 0
"112" 112 0.242152466368 500 0 0 0 0 0 0 0 0 0 0 0 0 0 0 0 0 0 0 0
"113" 113 0.632124352332 347 127 26 0 0 0 0 0 0 0 0 0 0 0 0 0 0 0 0 0
"114" 114 0.031007751938 500 0 0 0 0 0 0 0 0 0 0 0 0 0 0 0 0 0 0 0
"115" 115 0.031007751938 328 154 15 2 1 0 0 0 0 0 0 0 0 0 0 0 0 0 0 0
"116" 116 0.044776119403 500 0 0 0 0 0 0 0 0 0 0 0 0 0 0 0 0 0 0 0
"117" 117 0.0 449 44 5 2 0 0 0 0 0 0 0 0 0 0 0 0 0 0 0 0
"118" 118 0.0 500 0 0 0 0 0 0 0 0 0 0 0 0 0 0 0 0 0 0 0
"119" 119 0.0 426 36 22 12 2 2 0 0 0 0 0 0 0 0 0 0 0 0 0 0
"120" 120 0.0 407 93 0 0 0 0 0 0 0 0 0 0 0 0 0 0 0 0 0 0
"121" 121 0.0307692307692 446 45 9 0 0 0 0 0 0 0 0 0 0 0 0 0 0 0 0 0
"122" 122 0.257383966245 463 16 13 8 0 0 0 0 0 0 0 0 0 0 0 0 0 0 0 0
"123" 123 0.233183856502 261 182 28 27 1 1 0 0 0 0 0 0 0 0 0 0 0 0 0 0
"124" 124 0.40414507772 492 3 2 2 1 0 0 0 0 0 0 0 0 0 0 0 0 0 0 0
"125" 125 0.439461883408 478 13 5 3 1 0 0 0 0 0 0 0 0 0 0 0 0 0 0 0
"126" 126 0.723270440252 500 0 0 0 0 0 0 0 0 0 0 0 0 0 0 0 0 0 0 0
"127" 127 0.663461538462 500 0 0 0 0 0 0 0 0 0 0 0 0 0 0 0 0 0 0 0
"128" 128 0.178294573643 270 230 0 0 0 0 0 0 0 0 0 0 0 0 0 0 0 0 0 0
"129" 129 0.154228855721 468 27 2 1 1 1 0 0 0 0 0 0 0 0 0 0 0 0 0 0
"130" 130 0.278145695364 302 197 1 0 0 0 0 0 0 0 0 0 0 0 0 0 0 0 0 0
"131" 131 0.186046511628 495 5 0 0 0 0 0 0 0 0 0 0 0 0 0 0 0 0 0 0
"132" 132 0.602649006623 289 113 53 43 2 0 0 0 0 0 0 0 0 0 0 0 0 0 0 0
"133" 133 0.455357142857 311 156 33 0 0 0 0 0 0 0 0 0 0 0 0 0 0 0 0 0
"134" 134 0.0 362 92 44 1 1 0 0 0 0 0 0 0 0 0 0 0 0 0 0 0
"135" 135 0.119205298013 500 0 0 0 0 0 0 0 0 0 0 0 0 0 0 0 0 0 0 0
"136" 136 0.248945147679 346 94 56 3 1 0 0 0 0 0 0 0 0 0 0 0 0 0 0 0
"137" 137 0.401785714286 341 135 21 2 1 0 0 0 0 0 0 0 0 0 0 0 0 0 0 0
"138" 138 0.0 500 0 0 0 0 0 0 0 0 0 0 0 0 0 0 0 0 0 0 0
"139" 139 0.435897435897 247 140 65 40 8 0 0 0 0 0 0 0 0 0 0 0 0 0 0 0
"140" 140 0.00995024875622 500 0 0 0 0 0 0 0 0 0 0 0 0 0 0 0 0 0 0 0
"141" 141 0.632183908046 239 106 92 52 11 0 0 0 0 0 0 0 0 0 0 0 0 0 0 0
"142" 142 0.334821428571 456 43 1 0 0 0 0 0 0 0 0 0 0 0 0 0 0 0 0 0
"143" 143 0.179104477612 399 78 23 0 0 0 0 0 0 0 0 0 0 0 0 0 0 0 0 0
"144" 144 0.35864978903 500 0 0 0 0 0 0 0 0 0 0 0 0 0 0 0 0 0 0 0
"145" 145 0.533678756477 500 0 0 0 0 0 0 0 0 0 0 0 0 0 0 0 0 0 0 0
"146" 146 0.226277372263 390 89 21 0 0 0 0 0 0 0 0 0 0 0 0 0 0 0 0 0
"147" 147 0.437086092715 157 144 118 59 14 4 3 1 0 0 0 0 0 0 0 0 0 0 0 0
"148" 148 0.276595744681 500 0 0 0 0 0 0 0 0 0 0 0 0 0 0 0 0 0 0 0
"149" 149 0.165562913907 408 65 12 7 4 2 1 1 0 0 0 0 0 0 0 0 0 0 0 0
"150" 150 0.172588832487 495 5 0 0 0 0 0 0 0 0 0 0 0 0 0 0 0 0 0 0
"151" 151 0.166666666667 413 65 22 0 0 0 0 0 0 0 0 0 0 0 0 0 0 0 0 0
"152" 152 0.333333333333 444 27 27 1 1 0 0 0 0 0 0 0 0 0 0 0 0 0 0 0
"153" 153 0.0132450331126 450 34 14 2 0 0 0 0 0 0 0 0 0 0 0 0 0 0 0 0
"154" 154 0.0264900662252 492 4 1 1 1 1 0 0 0 0 0 0 0 0 0 0 0 0 0 0
"155" 155 0.0 455 37 7 1 0 0 0 0 0 0 0 0 0 0 0 0 0 0 0 0
"156" 156 0.609137055838 246 175 79 0 0 0 0 0 0 0 0 0 0 0 0 0 0 0 0 0
"157" 157 0.206751054852 455 43 1 1 0 0 0 0 0 0 0 0 0 0 0 0 0 0 0 0
"158" 158 0.115384615385 500 0 0 0 0 0 0 0 0 0 0 0 0 0 0 0 0 0 0 0
"159" 159 0.5 316 181 2 1 0 0 0 0 0 0 0 0 0 0 0 0 0 0 0 0
"160" 160 0.0769230769231 500 0 0 0 0 0 0 0 0 0 0 0 0 0 0 0 0 0 0 0
"161" 161 0.0 491 6 1 1 1 0 0 0 0 0 0 0 0 0 0 0 0 0 0 0
"162" 162 0.296511627907 368 68 36 23 5 0 0 0 0 0 0 0 0 0 0 0 0 0 0 0
"163" 163 0.535714285714 500 0 0 0 0 0 0 0 0 0 0 0 0 0 0 0 0 0 0 0
"164" 164 0.0 453 40 7 0 0 0 0 0 0 0 0 0 0 0 0 0 0 0 0 0
"165" 165 0.0199004975124 254 231 13 1 1 0 0 0 0 0 0 0 0 0 0 0 0 0 0 0
"166" 166 0.362694300518 376 75 48 1 0 0 0 0 0 0 0 0 0 0 0 0 0 0 0 0
"167" 167 0.269503546099 490 5 3 1 1 0 0 0 0 0 0 0 0 0 0 0 0 0 0 0
"168" 168 0.00497512437811 499 1 0 0 0 0 0 0 0 0 0 0 0 0 0 0 0 0 0 0
"169" 169 0.0152284263959 489 9 1 1 0 0 0 0 0 0 0 0 0 0 0 0 0 0 0 0
"170" 170 0.367875647668 224 165 76 30 2 1 1 1 0 0 0 0 0 0 0 0 0 0 0 0
"171" 171 0.149425287356 365 113 10 7 2 1 1 1 0 0 0 0 0 0 0 0 0 0 0 0
"172" 172 0.0152284263959 500 0 0 0 0 0 0 0 0 0 0 0 0 0 0 0 0 0 0 0
"173" 173 0.383966244726 225 188 71 11 3 1 1 0 0 0 0 0 0 0 0 0 0 0 0 0
"174" 174 0.558035714286 407 85 8 0 0 0 0 0 0 0 0 0 0 0 0 0 0 0 0 0
"175" 175 0.495535714286 311 127 51 7 2 1 1 0 0 0 0 0 0 0 0 0 0 0 0 0
"176" 176 0.345291479821 475 18 5 1 1 0 0 0 0 0 0 0 0 0 0 0 0 0 0 0
"177" 177 0.855721393035 225 131 109 33 1 1 0 0 0 0 0 0 0 0 0 0 0 0 0 0
