"site" "RSA" "aa1" "aa2" "aa3" "aa4" "aa5" "aa6" "aa7" "aa8" "aa9" "aa10" "aa11" "aa12" "aa13" "aa14" "aa15" "aa16" "aa17" "aa18" "aa19" "aa20"
"0" 0 0.155963302752 355 94 33 9 5 2 1 1 0 0 0 0 0 0 0 0 0 0 0 0
"1" 1 0.264248704663 381 52 33 19 10 3 2 0 0 0 0 0 0 0 0 0 0 0 0 0
"2" 2 0.0 499 1 0 0 0 0 0 0 0 0 0 0 0 0 0 0 0 0 0 0
"3" 3 0.190114068441 293 142 23 18 8 6 5 4 1 0 0 0 0 0 0 0 0 0 0 0
"4" 4 0.0722433460076 470 27 2 1 0 0 0 0 0 0 0 0 0 0 0 0 0 0 0 0
"5" 5 0.169154228856 264 152 54 16 5 3 2 1 1 1 1 0 0 0 0 0 0 0 0 0
"6" 6 0.251572327044 482 5 5 3 2 1 1 1 0 0 0 0 0 0 0 0 0 0 0 0
"7" 7 0.0576923076923 332 139 25 3 1 0 0 0 0 0 0 0 0 0 0 0 0 0 0 0
"8" 8 0.152317880795 386 70 25 10 5 3 1 0 0 0 0 0 0 0 0 0 0 0 0 0
"9" 9 0.015503875969 475 18 7 0 0 0 0 0 0 0 0 0 0 0 0 0 0 0 0 0
"10" 10 0.182389937107 386 95 16 3 0 0 0 0 0 0 0 0 0 0 0 0 0 0 0 0
"11" 11 0.0 473 23 4 0 0 0 0 0 0 0 0 0 0 0 0 0 0 0 0 0
"12" 12 0.0036496350365 467 33 0 0 0 0 0 0 0 0 0 0 0 0 0 0 0 0 0 0
"13" 13 0.0077519379845 500 0 0 0 0 0 0 0 0 0 0 0 0 0 0 0 0 0 0 0
"14" 14 0.0 500 0 0 0 0 0 0 0 0 0 0 0 0 0 0 0 0 0 0 0
"15" 15 0.0582959641256 473 19 6 1 1 0 0 0 0 0 0 0 0 0 0 0 0 0 0 0
"16" 16 0.0 484 13 3 0 0 0 0 0 0 0 0 0 0 0 0 0 0 0 0 0
"17" 17 0.0 499 1 0 0 0 0 0 0 0 0 0 0 0 0 0 0 0 0 0 0
"18" 18 0.0232558139535 500 0 0 0 0 0 0 0 0 0 0 0 0 0 0 0 0 0 0 0
"19" 19 0.286821705426 272 228 0 0 0 0 0 0 0 0 0 0 0 0 0 0 0 0 0 0
"20" 20 0.100775193798 401 68 30 1 0 0 0 0 0 0 0 0 0 0 0 0 0 0 0 0
"21" 21 0.0114942528736 279 85 72 50 8 4 2 0 0 0 0 0 0 0 0 0 0 0 0 0
"22" 22 0.644230769231 500 0 0 0 0 0 0 0 0 0 0 0 0 0 0 0 0 0 0 0
"23" 23 0.137931034483 361 138 1 0 0 0 0 0 0 0 0 0 0 0 0 0 0 0 0 0
"24" 24 0.776785714286 490 10 0 0 0 0 0 0 0 0 0 0 0 0 0 0 0 0 0 0
"25" 25 0.139303482587 500 0 0 0 0 0 0 0 0 0 0 0 0 0 0 0 0 0 0 0
"26" 26 0.405128205128 401 48 37 11 3 0 0 0 0 0 0 0 0 0 0 0 0 0 0 0
"27" 27 0.383084577114 239 236 22 1 1 1 0 0 0 0 0 0 0 0 0 0 0 0 0 0
"28" 28 0.405063291139 349 134 12 2 1 1 1 0 0 0 0 0 0 0 0 0 0 0 0 0
"29" 29 0.402985074627 370 114 12 3 1 0 0 0 0 0 0 0 0 0 0 0 0 0 0 0
"30" 30 0.0348837209302 168 135 89 87 14 4 2 1 0 0 0 0 0 0 0 0 0 0 0 0
"31" 31 0.348717948718 429 48 18 3 1 1 0 0 0 0 0 0 0 0 0 0 0 0 0 0
"32" 32 0.452736318408 301 167 26 3 2 1 0 0 0 0 0 0 0 0 0 0 0 0 0 0
"33" 33 0.52752293578 240 178 82 0 0 0 0 0 0 0 0 0 0 0 0 0 0 0 0 0
"34" 34 0.837209302326 322 178 0 0 0 0 0 0 0 0 0 0 0 0 0 0 0 0 0 0
"35" 35 0.163461538462 500 0 0 0 0 0 0 0 0 0 0 0 0 0 0 0 0 0 0 0
"36" 36 0.241071428571 166 161 117 27 14 8 3 1 1 1 1 0 0 0 0 0 0 0 0 0
"37" 37 0.167464114833 465 16 15 2 1 1 0 0 0 0 0 0 0 0 0 0 0 0 0 0
"38" 38 0.509174311927 498 2 0 0 0 0 0 0 0 0 0 0 0 0 0 0 0 0 0 0
"39" 39 0.367088607595 247 133 84 28 7 1 0 0 0 0 0 0 0 0 0 0 0 0 0 0
"40" 40 0.553459119497 312 188 0 0 0 0 0 0 0 0 0 0 0 0 0 0 0 0 0 0
"41" 41 0.482142857143 179 149 90 65 16 1 0 0 0 0 0 0 0 0 0 0 0 0 0 0
"42" 42 0.0418410041841 392 34 25 12 11 8 7 4 3 2 1 1 0 0 0 0 0 0 0 0
"43" 43 0.298507462687 500 0 0 0 0 0 0 0 0 0 0 0 0 0 0 0 0 0 0 0
"44" 44 0.738396624473 500 0 0 0 0 0 0 0 0 0 0 0 0 0 0 0 0 0 0 0
"45" 45 0.26368159204 407 39 33 10 9 1 1 0 0 0 0 0 0 0 0 0 0 0 0 0
"46" 46 0.0 487 13 0 0 0 0 0 0 0 0 0 0 0 0 0 0 0 0 0 0
"47" 47 0.572327044025 500 0 0 0 0 0 0 0 0 0 0 0 0 0 0 0 0 0 0 0
"48" 48 0.506726457399 240 211 47 1 1 0 0 0 0 0 0 0 0 0 0 0 0 0 0 0
"49" 49 0.301435406699 499 1 0 0 0 0 0 0 0 0 0 0 0 0 0 0 0 0 0 0
"50" 50 0.215189873418 266 232 1 1 0 0 0 0 0 0 0 0 0 0 0 0 0 0 0 0
"51" 51 0.187817258883 293 94 72 41 0 0 0 0 0 0 0 0 0 0 0 0 0 0 0 0
"52" 52 0.0062893081761 500 0 0 0 0 0 0 0 0 0 0 0 0 0 0 0 0 0 0 0
"53" 53 0.0 497 3 0 0 0 0 0 0 0 0 0 0 0 0 0 0 0 0 0 0
"54" 54 0.00995024875622 495 4 1 0 0 0 0 0 0 0 0 0 0 0 0 0 0 0 0 0
"55" 55 0.103448275862 436 51 9 2 1 1 0 0 0 0 0 0 0 0 0 0 0 0 0 0
"56" 56 0.020725388601 205 187 44 23 11 9 7 5 4 3 1 1 0 0 0 0 0 0 0 0
"57" 57 0.602678571429 482 13 5 0 0 0 0 0 0 0 0 0 0 0 0 0 0 0 0 0
"58" 58 0.658031088083 462 37 1 0 0 0 0 0 0 0 0 0 0 0 0 0 0 0 0 0
"59" 59 0.403846153846 500 0 0 0 0 0 0 0 0 0 0 0 0 0 0 0 0 0 0 0
"60" 60 0.414225941423 331 74 56 21 6 3 3 2 2 1 1 0 0 0 0 0 0 0 0 0
"61" 61 0.183908045977 495 3 2 0 0 0 0 0 0 0 0 0 0 0 0 0 0 0 0 0
"62" 62 0.144278606965 481 11 2 2 2 1 1 0 0 0 0 0 0 0 0 0 0 0 0 0
"63" 63 0.223404255319 453 47 0 0 0 0 0 0 0 0 0 0 0 0 0 0 0 0 0 0
"64" 64 0.299107142857 261 217 15 7 0 0 0 0 0 0 0 0 0 0 0 0 0 0 0 0
"65" 65 0.0132450331126 499 1 0 0 0 0 0 0 0 0 0 0 0 0 0 0 0 0 0 0
"66" 66 0.0802919708029 436 44 8 6 4 1 1 0 0 0 0 0 0 0 0 0 0 0 0 0
"67" 67 0.317829457364 205 141 107 40 4 2 1 0 0 0 0 0 0 0 0 0 0 0 0 0
"68" 68 0.0 500 0 0 0 0 0 0 0 0 0 0 0 0 0 0 0 0 0 0 0
"69" 69 0.0 500 0 0 0 0 0 0 0 0 0 0 0 0 0 0 0 0 0 0 0
"70" 70 0.167512690355 205 124 93 65 8 4 1 0 0 0 0 0 0 0 0 0 0 0 0 0
"71" 71 0.148288973384 354 45 38 22 22 7 4 4 1 1 1 1 0 0 0 0 0 0 0 0
"72" 72 0.0 360 139 1 0 0 0 0 0 0 0 0 0 0 0 0 0 0 0 0 0
"73" 73 0.00574712643678 406 47 39 6 2 0 0 0 0 0 0 0 0 0 0 0 0 0 0 0
"74" 74 0.491071428571 223 207 41 14 11 4 0 0 0 0 0 0 0 0 0 0 0 0 0 0
"75" 75 0.405063291139 467 22 8 2 1 0 0 0 0 0 0 0 0 0 0 0 0 0 0 0
"76" 76 0.140684410646 477 10 8 3 1 1 0 0 0 0 0 0 0 0 0 0 0 0 0 0
"77" 77 0.0 500 0 0 0 0 0 0 0 0 0 0 0 0 0 0 0 0 0 0 0
"78" 78 0.395348837209 452 41 7 0 0 0 0 0 0 0 0 0 0 0 0 0 0 0 0 0
"79" 79 0.703349282297 500 0 0 0 0 0 0 0 0 0 0 0 0 0 0 0 0 0 0 0
"80" 80 0.331606217617 500 0 0 0 0 0 0 0 0 0 0 0 0 0 0 0 0 0 0 0
"81" 81 0.558139534884 275 223 2 0 0 0 0 0 0 0 0 0 0 0 0 0 0 0 0 0
"82" 82 0.59585492228 489 7 4 0 0 0 0 0 0 0 0 0 0 0 0 0 0 0 0 0
"83" 83 0.114427860697 499 1 0 0 0 0 0 0 0 0 0 0 0 0 0 0 0 0 0 0
"84" 84 0.139534883721 360 90 28 10 7 3 2 0 0 0 0 0 0 0 0 0 0 0 0 0
"85" 85 0.361607142857 330 124 25 10 5 3 3 0 0 0 0 0 0 0 0 0 0 0 0 0
"86" 86 0.346715328467 493 7 0 0 0 0 0 0 0 0 0 0 0 0 0 0 0 0 0 0
"87" 87 0.0696517412935 494 2 2 1 1 0 0 0 0 0 0 0 0 0 0 0 0 0 0 0
"88" 88 0.0570342205323 192 189 42 21 20 15 7 6 4 3 1 0 0 0 0 0 0 0 0 0
"89" 89 0.11320754717 351 122 21 6 0 0 0 0 0 0 0 0 0 0 0 0 0 0 0 0
"90" 90 0.476821192053 329 121 34 6 5 4 1 0 0 0 0 0 0 0 0 0 0 0 0 0
"91" 91 0.341968911917 321 143 19 17 0 0 0 0 0 0 0 0 0 0 0 0 0 0 0 0
"92" 92 0.641509433962 375 100 16 9 0 0 0 0 0 0 0 0 0 0 0 0 0 0 0 0
"93" 93 0.722627737226 373 91 19 17 0 0 0 0 0 0 0 0 0 0 0 0 0 0 0 0
"94" 94 0.591240875912 254 122 109 15 0 0 0 0 0 0 0 0 0 0 0 0 0 0 0 0
"95" 95 0.189781021898 321 70 47 31 16 12 2 1 0 0 0 0 0 0 0 0 0 0 0 0
"96" 96 0.395348837209 472 13 13 2 0 0 0 0 0 0 0 0 0 0 0 0 0 0 0 0
"97" 97 0.258620689655 450 36 13 1 0 0 0 0 0 0 0 0 0 0 0 0 0 0 0 0
"98" 98 0.0114942528736 203 149 72 68 5 2 1 0 0 0 0 0 0 0 0 0 0 0 0 0
"99" 99 0.267942583732 226 123 55 48 40 3 2 2 1 0 0 0 0 0 0 0 0 0 0 0
"100" 100 0.515695067265 440 57 3 0 0 0 0 0 0 0 0 0 0 0 0 0 0 0 0 0
"101" 101 0.0839416058394 345 137 15 2 1 0 0 0 0 0 0 0 0 0 0 0 0 0 0 0
"102" 102 0.0348258706468 433 47 9 5 4 1 1 0 0 0 0 0 0 0 0 0 0 0 0 0
"103" 103 0.623430962343 407 58 18 14 2 1 0 0 0 0 0 0 0 0 0 0 0 0 0 0
"104" 104 0.100418410042 498 2 0 0 0 0 0 0 0 0 0 0 0 0 0 0 0 0 0 0
"105" 105 0.0 315 178 3 2 1 1 0 0 0 0 0 0 0 0 0 0 0 0 0 0
"106" 106 0.281609195402 248 217 29 3 2 1 0 0 0 0 0 0 0 0 0 0 0 0 0 0
"107" 107 0.503875968992 231 156 90 18 4 1 0 0 0 0 0 0 0 0 0 0 0 0 0 0
"108" 108 0.16091954023 399 81 12 8 0 0 0 0 0 0 0 0 0 0 0 0 0 0 0 0
"109" 109 0.0 499 1 0 0 0 0 0 0 0 0 0 0 0 0 0 0 0 0 0 0
"110" 110 0.110266159696 383 53 39 9 8 8 0 0 0 0 0 0 0 0 0 0 0 0 0 0
"111" 111 0.385650224215 251 194 37 15 2 1 0 0 0 0 0 0 0 0 0 0 0 0 0 0
"112" 112 0.222627737226 171 144 103 53 14 4 4 3 2 2 0 0 0 0 0 0 0 0 0 0
"113" 113 0.0 215 96 74 71 24 7 7 4 1 1 0 0 0 0 0 0 0 0 0 0
"114" 114 0.077519379845 369 89 26 5 5 4 1 1 0 0 0 0 0 0 0 0 0 0 0 0
"115" 115 0.303571428571 237 194 38 8 8 8 5 1 1 0 0 0 0 0 0 0 0 0 0 0
"116" 116 0.110266159696 483 8 6 1 1 1 0 0 0 0 0 0 0 0 0 0 0 0 0 0
"117" 117 0.0722433460076 215 112 112 17 13 11 8 5 2 2 1 1 1 0 0 0 0 0 0 0
"118" 118 0.292775665399 255 195 19 16 6 5 2 1 1 0 0 0 0 0 0 0 0 0 0 0
"119" 119 0.345911949686 491 9 0 0 0 0 0 0 0 0 0 0 0 0 0 0 0 0 0 0
"120" 120 0.139013452915 334 136 20 5 5 0 0 0 0 0 0 0 0 0 0 0 0 0 0 0
"121" 121 0.106598984772 372 110 7 6 4 1 0 0 0 0 0 0 0 0 0 0 0 0 0 0
"122" 122 0.276150627615 168 115 114 39 34 9 8 6 4 3 0 0 0 0 0 0 0 0 0 0
"123" 123 0.663461538462 500 0 0 0 0 0 0 0 0 0 0 0 0 0 0 0 0 0 0 0
"124" 124 0.825112107623 499 1 0 0 0 0 0 0 0 0 0 0 0 0 0 0 0 0 0 0
"125" 125 0.518987341772 500 0 0 0 0 0 0 0 0 0 0 0 0 0 0 0 0 0 0 0
"126" 126 0.379310344828 290 209 1 0 0 0 0 0 0 0 0 0 0 0 0 0 0 0 0 0
"127" 127 0.767295597484 500 0 0 0 0 0 0 0 0 0 0 0 0 0 0 0 0 0 0 0
"128" 128 0.649425287356 355 136 9 0 0 0 0 0 0 0 0 0 0 0 0 0 0 0 0 0
"129" 129 0.240384615385 500 0 0 0 0 0 0 0 0 0 0 0 0 0 0 0 0 0 0 0
"130" 130 0.440414507772 499 1 0 0 0 0 0 0 0 0 0 0 0 0 0 0 0 0 0 0
"131" 131 0.509433962264 199 129 81 48 43 0 0 0 0 0 0 0 0 0 0 0 0 0 0 0
"132" 132 0.346153846154 460 24 12 4 0 0 0 0 0 0 0 0 0 0 0 0 0 0 0 0
"133" 133 0.357664233577 448 40 8 2 1 1 0 0 0 0 0 0 0 0 0 0 0 0 0 0
"134" 134 0.1592039801 204 169 97 13 10 6 1 0 0 0 0 0 0 0 0 0 0 0 0 0
"135" 135 0.591240875912 392 86 18 3 1 0 0 0 0 0 0 0 0 0 0 0 0 0 0 0
"136" 136 0.264900662252 287 84 72 55 2 0 0 0 0 0 0 0 0 0 0 0 0 0 0 0
"137" 137 0.0 298 150 14 12 9 9 6 1 1 0 0 0 0 0 0 0 0 0 0 0
"138" 138 0.183035714286 176 148 138 14 11 7 3 2 1 0 0 0 0 0 0 0 0 0 0 0
"139" 139 0.403587443946 350 55 55 25 10 5 0 0 0 0 0 0 0 0 0 0 0 0 0 0
"140" 140 0.0 494 4 1 1 0 0 0 0 0 0 0 0 0 0 0 0 0 0 0 0
"141" 141 0.0 496 2 1 1 0 0 0 0 0 0 0 0 0 0 0 0 0 0 0 0
"142" 142 0.433035714286 367 72 55 3 2 1 0 0 0 0 0 0 0 0 0 0 0 0 0 0
"143" 143 0.330543933054 214 91 84 67 40 2 1 1 0 0 0 0 0 0 0 0 0 0 0 0
"144" 144 0.0 498 1 1 0 0 0 0 0 0 0 0 0 0 0 0 0 0 0 0 0
"145" 145 0.0358974358974 371 88 39 2 0 0 0 0 0 0 0 0 0 0 0 0 0 0 0 0
"146" 146 0.488372093023 393 61 43 3 0 0 0 0 0 0 0 0 0 0 0 0 0 0 0 0
"147" 147 0.234309623431 304 102 30 18 15 14 12 3 1 1 0 0 0 0 0 0 0 0 0 0
"148" 148 0.00497512437811 498 2 0 0 0 0 0 0 0 0 0 0 0 0 0 0 0 0 0 0
"149" 149 0.598214285714 453 43 4 0 0 0 0 0 0 0 0 0 0 0 0 0 0 0 0 0
"150" 150 0.701923076923 500 0 0 0 0 0 0 0 0 0 0 0 0 0 0 0 0 0 0 0
"151" 151 0.388392857143 488 12 0 0 0 0 0 0 0 0 0 0 0 0 0 0 0 0 0 0
"152" 152 0.313901345291 309 145 28 12 6 0 0 0 0 0 0 0 0 0 0 0 0 0 0 0
"153" 153 0.0228136882129 478 22 0 0 0 0 0 0 0 0 0 0 0 0 0 0 0 0 0 0
"154" 154 0.0 202 139 107 39 9 2 1 1 0 0 0 0 0 0 0 0 0 0 0 0
"155" 155 0.124031007752 489 6 5 0 0 0 0 0 0 0 0 0 0 0 0 0 0 0 0 0
"156" 156 0.105769230769 500 0 0 0 0 0 0 0 0 0 0 0 0 0 0 0 0 0 0 0
"157" 157 0.490384615385 500 0 0 0 0 0 0 0 0 0 0 0 0 0 0 0 0 0 0 0
"158" 158 0.668393782383 500 0 0 0 0 0 0 0 0 0 0 0 0 0 0 0 0 0 0 0
"159" 159 0.362694300518 500 0 0 0 0 0 0 0 0 0 0 0 0 0 0 0 0 0 0 0
"160" 160 0.11320754717 499 1 0 0 0 0 0 0 0 0 0 0 0 0 0 0 0 0 0 0
"161" 161 0.0232558139535 488 11 1 0 0 0 0 0 0 0 0 0 0 0 0 0 0 0 0 0
"162" 162 0.0 495 4 1 0 0 0 0 0 0 0 0 0 0 0 0 0 0 0 0 0
"163" 163 0.0 499 1 0 0 0 0 0 0 0 0 0 0 0 0 0 0 0 0 0 0
"164" 164 0.0 500 0 0 0 0 0 0 0 0 0 0 0 0 0 0 0 0 0 0 0
"165" 165 0.00995024875622 465 31 2 1 1 0 0 0 0 0 0 0 0 0 0 0 0 0 0 0
"166" 166 0.00662251655629 364 125 4 3 2 1 1 0 0 0 0 0 0 0 0 0 0 0 0 0
"167" 167 0.0 449 39 6 4 2 0 0 0 0 0 0 0 0 0 0 0 0 0 0 0
"168" 168 0.0 465 20 13 1 1 0 0 0 0 0 0 0 0 0 0 0 0 0 0 0
"169" 169 0.0077519379845 500 0 0 0 0 0 0 0 0 0 0 0 0 0 0 0 0 0 0 0
"170" 170 0.00581395348837 378 114 4 3 1 0 0 0 0 0 0 0 0 0 0 0 0 0 0 0
"171" 171 0.0 498 2 0 0 0 0 0 0 0 0 0 0 0 0 0 0 0 0 0 0
"172" 172 0.0 271 96 73 22 13 8 8 6 2 1 0 0 0 0 0 0 0 0 0 0
"173" 173 0.0 309 94 77 18 1 1 0 0 0 0 0 0 0 0 0 0 0 0 0 0
"174" 174 0.0 359 82 34 22 1 1 1 0 0 0 0 0 0 0 0 0 0 0 0 0
"175" 175 0.433035714286 282 100 84 25 4 4 1 0 0 0 0 0 0 0 0 0 0 0 0 0
"176" 176 0.206896551724 352 44 40 32 14 7 7 3 1 0 0 0 0 0 0 0 0 0 0 0
"177" 177 0.100775193798 415 68 11 2 2 1 1 0 0 0 0 0 0 0 0 0 0 0 0 0
"178" 178 0.586538461538 500 0 0 0 0 0 0 0 0 0 0 0 0 0 0 0 0 0 0 0
"179" 179 0.0950570342205 126 119 58 52 47 32 27 19 9 5 3 2 1 0 0 0 0 0 0 0
"180" 180 0.435233160622 500 0 0 0 0 0 0 0 0 0 0 0 0 0 0 0 0 0 0 0
"181" 181 0.0149253731343 493 5 2 0 0 0 0 0 0 0 0 0 0 0 0 0 0 0 0 0
"182" 182 0.591240875912 500 0 0 0 0 0 0 0 0 0 0 0 0 0 0 0 0 0 0 0
"183" 183 0.474452554745 270 125 105 0 0 0 0 0 0 0 0 0 0 0 0 0 0 0 0 0
"184" 184 0.0494296577947 459 38 3 0 0 0 0 0 0 0 0 0 0 0 0 0 0 0 0 0
"185" 185 0.526785714286 469 16 15 0 0 0 0 0 0 0 0 0 0 0 0 0 0 0 0 0
"186" 186 0.117948717949 466 28 5 1 0 0 0 0 0 0 0 0 0 0 0 0 0 0 0 0
"187" 187 0.0 498 2 0 0 0 0 0 0 0 0 0 0 0 0 0 0 0 0 0 0
"188" 188 0.121076233184 296 194 4 3 2 1 0 0 0 0 0 0 0 0 0 0 0 0 0 0
"189" 189 0.266423357664 455 27 14 3 1 0 0 0 0 0 0 0 0 0 0 0 0 0 0 0
"190" 190 0.0 498 2 0 0 0 0 0 0 0 0 0 0 0 0 0 0 0 0 0 0
"191" 191 0.0684410646388 297 95 79 16 13 0 0 0 0 0 0 0 0 0 0 0 0 0 0 0
"192" 192 0.477678571429 160 146 101 54 20 16 2 1 0 0 0 0 0 0 0 0 0 0 0 0
"193" 193 0.328467153285 228 131 97 31 12 1 0 0 0 0 0 0 0 0 0 0 0 0 0 0
"194" 194 0.0 340 158 2 0 0 0 0 0 0 0 0 0 0 0 0 0 0 0 0 0
"195" 195 0.17880794702 313 159 17 5 4 2 0 0 0 0 0 0 0 0 0 0 0 0 0 0
"196" 196 0.627906976744 197 156 128 18 1 0 0 0 0 0 0 0 0 0 0 0 0 0 0 0
"197" 197 0.416243654822 402 97 1 0 0 0 0 0 0 0 0 0 0 0 0 0 0 0 0 0
"198" 198 0.0689655172414 461 36 2 1 0 0 0 0 0 0 0 0 0 0 0 0 0 0 0 0
"199" 199 0.389937106918 430 70 0 0 0 0 0 0 0 0 0 0 0 0 0 0 0 0 0 0
"200" 200 0.125 500 0 0 0 0 0 0 0 0 0 0 0 0 0 0 0 0 0 0 0
"201" 201 0.077519379845 260 239 1 0 0 0 0 0 0 0 0 0 0 0 0 0 0 0 0 0
"202" 202 0.533678756477 443 56 1 0 0 0 0 0 0 0 0 0 0 0 0 0 0 0 0 0
"203" 203 0.405063291139 272 203 24 1 0 0 0 0 0 0 0 0 0 0 0 0 0 0 0 0
"204" 204 0.00512820512821 476 13 8 3 0 0 0 0 0 0 0 0 0 0 0 0 0 0 0 0
"205" 205 0.287356321839 264 213 14 3 3 2 1 0 0 0 0 0 0 0 0 0 0 0 0 0
"206" 206 0.517857142857 254 239 6 1 0 0 0 0 0 0 0 0 0 0 0 0 0 0 0 0
"207" 207 0.0384615384615 500 0 0 0 0 0 0 0 0 0 0 0 0 0 0 0 0 0 0 0
"208" 208 0.015503875969 445 40 13 2 0 0 0 0 0 0 0 0 0 0 0 0 0 0 0 0
"209" 209 0.561181434599 393 75 16 14 1 1 0 0 0 0 0 0 0 0 0 0 0 0 0 0
"210" 210 0.344827586207 487 13 0 0 0 0 0 0 0 0 0 0 0 0 0 0 0 0 0 0
"211" 211 0.0543933054393 359 104 11 8 6 5 4 1 1 1 0 0 0 0 0 0 0 0 0 0
"212" 212 0.153846153846 468 32 0 0 0 0 0 0 0 0 0 0 0 0 0 0 0 0 0 0
"213" 213 0.5 500 0 0 0 0 0 0 0 0 0 0 0 0 0 0 0 0 0 0 0
"214" 214 0.307984790875 265 94 78 33 14 11 2 2 1 0 0 0 0 0 0 0 0 0 0 0
"215" 215 0.18410041841 412 63 12 11 1 1 0 0 0 0 0 0 0 0 0 0 0 0 0 0
"216" 216 0.96511627907 500 0 0 0 0 0 0 0 0 0 0 0 0 0 0 0 0 0 0 0
