"site" "RSA" "aa1" "aa2" "aa3" "aa4" "aa5" "aa6" "aa7" "aa8" "aa9" "aa10" "aa11" "aa12" "aa13" "aa14" "aa15" "aa16" "aa17" "aa18" "aa19" "aa20"
"0" 0 0.740384615385 500 0 0 0 0 0 0 0 0 0 0 0 0 0 0 0 0 0 0 0
"1" 1 0.424870466321 352 148 0 0 0 0 0 0 0 0 0 0 0 0 0 0 0 0 0 0
"2" 2 0.124031007752 324 149 25 2 0 0 0 0 0 0 0 0 0 0 0 0 0 0 0 0
"3" 3 0.441964285714 269 135 27 19 12 11 7 5 4 3 3 3 1 1 0 0 0 0 0 0
"4" 4 0.209302325581 176 124 67 60 30 17 17 3 2 2 2 0 0 0 0 0 0 0 0 0
"5" 5 0.0 500 0 0 0 0 0 0 0 0 0 0 0 0 0 0 0 0 0 0 0
"6" 6 0.341772151899 334 122 36 6 2 0 0 0 0 0 0 0 0 0 0 0 0 0 0 0
"7" 7 0.573839662447 170 95 57 51 42 31 18 13 8 5 4 1 1 1 1 1 1 0 0 0
"8" 8 0.0964467005076 500 0 0 0 0 0 0 0 0 0 0 0 0 0 0 0 0 0 0 0
"9" 9 0.0543933054393 284 215 1 0 0 0 0 0 0 0 0 0 0 0 0 0 0 0 0 0
"10" 10 0.574712643678 314 43 34 31 18 18 11 9 7 7 6 2 0 0 0 0 0 0 0 0
"11" 11 0.659192825112 150 123 82 43 25 16 16 14 14 9 4 4 0 0 0 0 0 0 0 0
"12" 12 0.240506329114 279 129 72 10 6 3 1 0 0 0 0 0 0 0 0 0 0 0 0 0
"13" 13 0.139240506329 500 0 0 0 0 0 0 0 0 0 0 0 0 0 0 0 0 0 0 0
"14" 14 0.217054263566 245 203 16 14 6 6 4 2 2 2 0 0 0 0 0 0 0 0 0 0
"15" 15 0.677130044843 121 89 82 74 51 30 17 10 9 6 6 5 0 0 0 0 0 0 0 0
"16" 16 0.215189873418 500 0 0 0 0 0 0 0 0 0 0 0 0 0 0 0 0 0 0 0
"17" 17 0.124401913876 500 0 0 0 0 0 0 0 0 0 0 0 0 0 0 0 0 0 0 0
"18" 18 0.0639534883721 226 214 28 20 7 1 1 1 1 1 0 0 0 0 0 0 0 0 0 0
"19" 19 0.0344827586207 465 35 0 0 0 0 0 0 0 0 0 0 0 0 0 0 0 0 0 0
"20" 20 0.4375 131 88 78 65 49 29 27 11 8 7 4 2 1 0 0 0 0 0 0 0
"21" 21 0.590717299578 445 21 18 13 1 1 1 0 0 0 0 0 0 0 0 0 0 0 0 0
"22" 22 0.740384615385 500 0 0 0 0 0 0 0 0 0 0 0 0 0 0 0 0 0 0 0
"23" 23 0.115384615385 410 53 37 0 0 0 0 0 0 0 0 0 0 0 0 0 0 0 0 0
"24" 24 0.662447257384 385 43 22 18 17 6 3 2 2 2 0 0 0 0 0 0 0 0 0 0
"25" 25 0.33971291866 500 0 0 0 0 0 0 0 0 0 0 0 0 0 0 0 0 0 0 0
"26" 26 0.481012658228 415 82 3 0 0 0 0 0 0 0 0 0 0 0 0 0 0 0 0 0
"27" 27 0.633720930233 180 104 60 42 32 30 23 13 6 4 3 2 1 0 0 0 0 0 0 0
"28" 28 0.0673076923077 500 0 0 0 0 0 0 0 0 0 0 0 0 0 0 0 0 0 0 0
"29" 29 0.0817610062893 500 0 0 0 0 0 0 0 0 0 0 0 0 0 0 0 0 0 0 0
"30" 30 0.0820512820513 208 164 119 9 0 0 0 0 0 0 0 0 0 0 0 0 0 0 0 0
"31" 31 0.109452736318 500 0 0 0 0 0 0 0 0 0 0 0 0 0 0 0 0 0 0 0
"32" 32 0.294326241135 311 155 34 0 0 0 0 0 0 0 0 0 0 0 0 0 0 0 0 0
"33" 33 0.25 500 0 0 0 0 0 0 0 0 0 0 0 0 0 0 0 0 0 0 0
"34" 34 0.0497512437811 500 0 0 0 0 0 0 0 0 0 0 0 0 0 0 0 0 0 0 0
"35" 35 0.188284518828 500 0 0 0 0 0 0 0 0 0 0 0 0 0 0 0 0 0 0 0
"36" 36 0.586538461538 500 0 0 0 0 0 0 0 0 0 0 0 0 0 0 0 0 0 0 0
"37" 37 0.153284671533 265 104 72 57 2 0 0 0 0 0 0 0 0 0 0 0 0 0 0 0
"38" 38 0.438818565401 297 80 78 27 6 5 3 2 1 1 0 0 0 0 0 0 0 0 0 0
"39" 39 0.0116279069767 406 91 3 0 0 0 0 0 0 0 0 0 0 0 0 0 0 0 0 0
"40" 40 0.125 500 0 0 0 0 0 0 0 0 0 0 0 0 0 0 0 0 0 0 0
"41" 41 0.470852017937 225 162 72 28 7 3 1 1 1 0 0 0 0 0 0 0 0 0 0 0
"42" 42 0.046511627907 492 8 0 0 0 0 0 0 0 0 0 0 0 0 0 0 0 0 0 0
"43" 43 0.666666666667 493 4 1 1 1 0 0 0 0 0 0 0 0 0 0 0 0 0 0 0
"44" 44 0.721153846154 500 0 0 0 0 0 0 0 0 0 0 0 0 0 0 0 0 0 0 0
"45" 45 0.150627615063 460 40 0 0 0 0 0 0 0 0 0 0 0 0 0 0 0 0 0 0
"46" 46 0.622516556291 347 85 15 15 12 11 6 4 3 2 0 0 0 0 0 0 0 0 0 0
"47" 47 0.110266159696 500 0 0 0 0 0 0 0 0 0 0 0 0 0 0 0 0 0 0 0
"48" 48 0.174418604651 446 28 26 0 0 0 0 0 0 0 0 0 0 0 0 0 0 0 0 0
"49" 49 0.544041450777 246 63 52 43 29 28 11 10 8 3 3 3 1 0 0 0 0 0 0 0
"50" 50 0.22480620155 480 20 0 0 0 0 0 0 0 0 0 0 0 0 0 0 0 0 0 0
"51" 51 0.102564102564 286 172 36 5 1 0 0 0 0 0 0 0 0 0 0 0 0 0 0 0
"52" 52 0.371308016878 466 9 7 6 6 3 2 1 0 0 0 0 0 0 0 0 0 0 0 0
"53" 53 0.635897435897 141 137 106 67 16 9 8 6 5 2 2 1 0 0 0 0 0 0 0 0
"54" 54 0.333333333333 486 11 1 1 1 0 0 0 0 0 0 0 0 0 0 0 0 0 0 0
"55" 55 0.365384615385 500 0 0 0 0 0 0 0 0 0 0 0 0 0 0 0 0 0 0 0
"56" 56 0.224137931034 381 100 10 6 1 1 1 0 0 0 0 0 0 0 0 0 0 0 0 0
"57" 57 0.446700507614 263 171 39 11 5 3 2 2 2 1 1 0 0 0 0 0 0 0 0 0
"58" 58 0.0390070921986 500 0 0 0 0 0 0 0 0 0 0 0 0 0 0 0 0 0 0 0
"59" 59 0.291390728477 233 228 25 11 2 1 0 0 0 0 0 0 0 0 0 0 0 0 0 0
"60" 60 0.410714285714 297 166 19 12 4 2 0 0 0 0 0 0 0 0 0 0 0 0 0 0
"61" 61 0.665178571429 143 140 85 32 27 20 16 14 7 4 4 3 3 1 1 0 0 0 0 0
"62" 62 0.093023255814 220 171 49 21 18 18 2 1 0 0 0 0 0 0 0 0 0 0 0 0
"63" 63 0.0298507462687 500 0 0 0 0 0 0 0 0 0 0 0 0 0 0 0 0 0 0 0
"64" 64 0.155963302752 172 132 115 41 18 7 6 6 2 1 0 0 0 0 0 0 0 0 0 0
"65" 65 0.508928571429 212 116 67 28 28 17 12 9 7 2 1 1 0 0 0 0 0 0 0 0
"66" 66 0.0608365019011 266 234 0 0 0 0 0 0 0 0 0 0 0 0 0 0 0 0 0 0
"67" 67 0.0746268656716 485 9 6 0 0 0 0 0 0 0 0 0 0 0 0 0 0 0 0 0
"68" 68 0.34375 316 115 51 6 5 4 1 1 1 0 0 0 0 0 0 0 0 0 0 0
"69" 69 0.287179487179 466 34 0 0 0 0 0 0 0 0 0 0 0 0 0 0 0 0 0 0
"70" 70 0.0 500 0 0 0 0 0 0 0 0 0 0 0 0 0 0 0 0 0 0 0
"71" 71 0.632911392405 256 93 68 29 17 13 8 7 3 3 2 1 0 0 0 0 0 0 0 0
"72" 72 0.666666666667 195 116 86 80 16 3 3 1 0 0 0 0 0 0 0 0 0 0 0 0
"73" 73 0.06463878327 430 68 1 1 0 0 0 0 0 0 0 0 0 0 0 0 0 0 0 0
"74" 74 0.010152284264 493 7 0 0 0 0 0 0 0 0 0 0 0 0 0 0 0 0 0 0
"75" 75 0.591194968553 500 0 0 0 0 0 0 0 0 0 0 0 0 0 0 0 0 0 0 0
"76" 76 0.596153846154 500 0 0 0 0 0 0 0 0 0 0 0 0 0 0 0 0 0 0 0
"77" 77 0.0813953488372 250 250 0 0 0 0 0 0 0 0 0 0 0 0 0 0 0 0 0 0
"78" 78 0.46835443038 122 116 109 45 40 21 20 14 7 5 1 0 0 0 0 0 0 0 0 0
"79" 79 0.220183486239 492 4 3 1 0 0 0 0 0 0 0 0 0 0 0 0 0 0 0 0
"80" 80 0.756345177665 397 51 18 8 8 7 6 3 1 1 0 0 0 0 0 0 0 0 0 0
"81" 81 0.259414225941 399 100 1 0 0 0 0 0 0 0 0 0 0 0 0 0 0 0 0 0
"82" 82 0.666666666667 169 120 55 39 37 24 22 14 6 6 3 2 2 1 0 0 0 0 0 0
"83" 83 0.163461538462 500 0 0 0 0 0 0 0 0 0 0 0 0 0 0 0 0 0 0 0
"84" 84 0.010152284264 497 3 0 0 0 0 0 0 0 0 0 0 0 0 0 0 0 0 0 0
"85" 85 0.700421940928 128 124 65 64 29 18 17 14 13 11 6 4 2 2 2 1 0 0 0 0
"86" 86 0.556962025316 482 8 4 3 2 1 0 0 0 0 0 0 0 0 0 0 0 0 0 0
"87" 87 0.552742616034 328 57 47 19 12 8 7 6 4 3 3 3 2 1 0 0 0 0 0 0
"88" 88 0.403973509934 161 130 63 44 42 20 17 8 4 3 3 2 2 1 0 0 0 0 0 0
"89" 89 0.183035714286 378 71 22 18 5 4 1 1 0 0 0 0 0 0 0 0 0 0 0 0
"90" 90 0.113138686131 315 185 0 0 0 0 0 0 0 0 0 0 0 0 0 0 0 0 0 0
"91" 91 0.352678571429 345 155 0 0 0 0 0 0 0 0 0 0 0 0 0 0 0 0 0 0
"92" 92 0.165803108808 405 79 11 3 2 0 0 0 0 0 0 0 0 0 0 0 0 0 0 0
"93" 93 0.00497512437811 500 0 0 0 0 0 0 0 0 0 0 0 0 0 0 0 0 0 0 0
"94" 94 0.0203045685279 500 0 0 0 0 0 0 0 0 0 0 0 0 0 0 0 0 0 0 0
"95" 95 0.278481012658 326 172 2 0 0 0 0 0 0 0 0 0 0 0 0 0 0 0 0 0
"96" 96 0.110266159696 488 11 1 0 0 0 0 0 0 0 0 0 0 0 0 0 0 0 0 0
"97" 97 0.044776119403 500 0 0 0 0 0 0 0 0 0 0 0 0 0 0 0 0 0 0 0
"98" 98 0.354430379747 175 160 58 50 18 17 8 5 4 3 1 1 0 0 0 0 0 0 0 0
"99" 99 0.448430493274 111 88 85 70 35 32 19 16 13 11 4 4 4 3 2 1 1 1 0 0
"100" 100 0.131782945736 500 0 0 0 0 0 0 0 0 0 0 0 0 0 0 0 0 0 0 0
"101" 101 0.0 500 0 0 0 0 0 0 0 0 0 0 0 0 0 0 0 0 0 0 0
"102" 102 0.46357615894 324 158 8 6 1 1 1 1 0 0 0 0 0 0 0 0 0 0 0 0
"103" 103 0.801324503311 183 161 38 37 27 20 19 5 4 3 3 0 0 0 0 0 0 0 0 0
