"site" "RSA" "aa1" "aa2" "aa3" "aa4" "aa5" "aa6" "aa7" "aa8" "aa9" "aa10" "aa11" "aa12" "aa13" "aa14" "aa15" "aa16" "aa17" "aa18" "aa19" "aa20"
"0" 0 0.459770114943 22 14 9 8 0 0 0 0 0 0 0 0 0 0 0 0 0 0 0 0
"1" 1 0.219730941704 46 9 3 3 2 2 1 0 0 0 0 0 0 0 0 0 0 0 0 0
"2" 2 0.0 64 4 0 0 0 0 0 0 0 0 0 0 0 0 0 0 0 0 0 0
"3" 3 0.218390804598 49 19 0 0 0 0 0 0 0 0 0 0 0 0 0 0 0 0 0 0
"4" 4 0.0 37 24 4 2 1 0 0 0 0 0 0 0 0 0 0 0 0 0 0 0
"5" 5 0.396551724138 55 5 2 2 2 1 1 0 0 0 0 0 0 0 0 0 0 0 0 0
"6" 6 0.0 52 7 4 4 1 1 0 0 0 0 0 0 0 0 0 0 0 0 0 0
"7" 7 0.590717299578 18 13 10 7 5 5 4 3 2 1 1 1 0 0 0 0 0 0 0 0
"8" 8 0.375 61 7 1 1 0 0 0 0 0 0 0 0 0 0 0 0 0 0 0 0
"9" 9 0.922279792746 30 8 4 4 3 3 2 1 0 0 0 0 0 0 0 0 0 0 0 0
"10" 10 0.503875968992 15 14 8 7 6 3 2 2 1 0 0 0 0 0 0 0 0 0 0 0
"11" 11 0.576923076923 11 8 7 4 4 4 3 3 2 2 2 1 1 1 0 0 0 0 0 0
"12" 12 0.0574712643678 65 3 3 1 1 0 0 0 0 0 0 0 0 0 0 0 0 0 0 0
"13" 13 0.397350993377 24 17 12 6 4 3 2 2 1 1 1 1 0 0 0 0 0 0 0 0
"14" 14 0.144230769231 76 0 0 0 0 0 0 0 0 0 0 0 0 0 0 0 0 0 0 0
"15" 15 0.35632183908 33 18 9 6 4 3 1 1 1 0 0 0 0 0 0 0 0 0 0 0
"16" 16 0.0 35 33 9 0 0 0 0 0 0 0 0 0 0 0 0 0 0 0 0 0
"17" 17 0.261603375527 14 12 9 8 6 5 5 4 3 3 2 2 2 1 1 0 0 0 0 0
"18" 18 0.00418410041841 71 4 3 0 0 0 0 0 0 0 0 0 0 0 0 0 0 0 0 0
"19" 19 0.446428571429 24 16 7 7 7 7 5 3 1 1 0 0 0 0 0 0 0 0 0 0
"20" 20 0.0 73 2 1 1 0 0 0 0 0 0 0 0 0 0 0 0 0 0 0 0
"21" 21 0.589147286822 29 11 10 7 5 5 3 2 1 1 1 0 0 0 0 0 0 0 0 0
"22" 22 0.35761589404 23 14 8 7 7 6 4 2 2 2 1 0 0 0 0 0 0 0 0 0
"23" 23 0.410714285714 21 10 10 9 5 5 5 3 2 2 2 2 1 0 0 0 0 0 0 0
"24" 24 0.695364238411 25 14 9 7 7 5 2 1 1 1 0 0 0 0 0 0 0 0 0 0
"25" 25 0.258928571429 15 13 10 9 7 3 3 3 1 1 1 0 0 0 0 0 0 0 0 0
"26" 26 0.308176100629 48 6 3 3 2 2 2 1 1 1 1 1 1 1 1 0 0 0 0 0
"27" 27 0.0 42 22 6 4 2 1 1 0 0 0 0 0 0 0 0 0 0 0 0 0
"28" 28 0.151162790698 22 21 8 5 5 4 3 2 2 2 2 1 1 0 0 0 0 0 0 0
"29" 29 0.0 37 33 7 1 0 0 0 0 0 0 0 0 0 0 0 0 0 0 0 0
"30" 30 0.298013245033 26 26 5 4 4 3 2 2 1 1 1 1 1 1 0 0 0 0 0 0
"31" 31 0.12927756654 62 5 4 4 2 0 0 0 0 0 0 0 0 0 0 0 0 0 0 0
"32" 32 0.446428571429 29 12 7 6 6 5 5 5 2 1 0 0 0 0 0 0 0 0 0 0
"33" 33 0.00507614213198 39 24 11 3 1 0 0 0 0 0 0 0 0 0 0 0 0 0 0 0
"34" 34 0.317829457364 22 18 14 4 3 3 3 2 2 2 2 1 1 1 0 0 0 0 0 0
"35" 35 0.413461538462 67 10 1 1 0 0 0 0 0 0 0 0 0 0 0 0 0 0 0 0
"36" 36 0.102564102564 68 6 2 1 1 1 0 0 0 0 0 0 0 0 0 0 0 0 0 0
"37" 37 0.377483443709 29 14 10 8 7 7 2 1 1 0 0 0 0 0 0 0 0 0 0 0
"38" 38 0.465408805031 9 5 1 0 0 0 0 0 0 0 0 0 0 0 0 0 0 0 0 0
"39" 39 0.594871794872 31 11 10 10 5 5 5 2 0 0 0 0 0 0 0 0 0 0 0 0
"40" 40 0.170542635659 65 12 1 1 1 0 0 0 0 0 0 0 0 0 0 0 0 0 0 0
"41" 41 0.330357142857 31 30 6 3 3 2 2 1 1 1 0 0 0 0 0 0 0 0 0 0
"42" 42 0.153284671533 68 12 0 0 0 0 0 0 0 0 0 0 0 0 0 0 0 0 0 0
"43" 43 0.0 79 1 0 0 0 0 0 0 0 0 0 0 0 0 0 0 0 0 0 0
"44" 44 0.0 76 1 1 1 1 0 0 0 0 0 0 0 0 0 0 0 0 0 0 0
"45" 45 0.0 80 0 0 0 0 0 0 0 0 0 0 0 0 0 0 0 0 0 0 0
"46" 46 0.0 46 34 0 0 0 0 0 0 0 0 0 0 0 0 0 0 0 0 0 0
"47" 47 0.0 78 1 1 0 0 0 0 0 0 0 0 0 0 0 0 0 0 0 0 0
"48" 48 0.321428571429 52 14 9 2 2 1 0 0 0 0 0 0 0 0 0 0 0 0 0 0
"49" 49 0.393305439331 48 13 8 6 1 1 1 1 1 0 0 0 0 0 0 0 0 0 0 0
"50" 50 0.298076923077 79 1 0 0 0 0 0 0 0 0 0 0 0 0 0 0 0 0 0 0
"51" 51 0.341968911917 78 1 1 0 0 0 0 0 0 0 0 0 0 0 0 0 0 0 0 0
"52" 52 0.53488372093 34 20 9 4 3 2 1 1 1 1 1 1 1 1 0 0 0 0 0 0
"53" 53 0.720930232558 62 15 2 1 0 0 0 0 0 0 0 0 0 0 0 0 0 0 0 0
"54" 54 0.54358974359 69 4 3 1 1 1 1 0 0 0 0 0 0 0 0 0 0 0 0 0
"55" 55 0.480769230769 77 1 1 1 0 0 0 0 0 0 0 0 0 0 0 0 0 0 0 0
"56" 56 0.0886075949367 80 0 0 0 0 0 0 0 0 0 0 0 0 0 0 0 0 0 0 0
"57" 57 0.563218390805 45 10 7 6 5 4 3 0 0 0 0 0 0 0 0 0 0 0 0 0
"58" 58 0.145695364238 77 2 1 0 0 0 0 0 0 0 0 0 0 0 0 0 0 0 0 0
"59" 59 0.0077519379845 63 13 2 1 1 0 0 0 0 0 0 0 0 0 0 0 0 0 0 0
"60" 60 0.153846153846 76 2 1 0 0 0 0 0 0 0 0 0 0 0 0 0 0 0 0 0
"61" 61 0.465408805031 38 23 8 8 2 1 0 0 0 0 0 0 0 0 0 0 0 0 0 0
"62" 62 0.0478468899522 80 0 0 0 0 0 0 0 0 0 0 0 0 0 0 0 0 0 0 0
"63" 63 0.0376569037657 64 15 1 0 0 0 0 0 0 0 0 0 0 0 0 0 0 0 0 0
"64" 64 0.230769230769 80 0 0 0 0 0 0 0 0 0 0 0 0 0 0 0 0 0 0 0
"65" 65 0.327044025157 80 0 0 0 0 0 0 0 0 0 0 0 0 0 0 0 0 0 0 0
"66" 66 0.523012552301 21 15 8 7 7 5 4 3 2 2 2 1 1 1 1 0 0 0 0 0
"67" 67 0.784810126582 25 23 15 5 4 3 2 1 1 1 0 0 0 0 0 0 0 0 0 0
"68" 68 0.37552742616 50 8 4 4 3 3 3 2 2 1 0 0 0 0 0 0 0 0 0 0
"69" 69 0.348837209302 19 16 14 14 4 3 3 2 1 1 1 1 1 0 0 0 0 0 0 0
"70" 70 0.0191387559809 80 0 0 0 0 0 0 0 0 0 0 0 0 0 0 0 0 0 0 0
"71" 71 0.00961538461538 79 1 0 0 0 0 0 0 0 0 0 0 0 0 0 0 0 0 0 0
"72" 72 0.062015503876 42 31 3 2 1 1 0 0 0 0 0 0 0 0 0 0 0 0 0 0
"73" 73 0.276729559748 72 5 1 1 1 0 0 0 0 0 0 0 0 0 0 0 0 0 0 0
"74" 74 0.78488372093 17 15 11 9 9 4 3 3 3 1 1 1 1 1 1 0 0 0 0 0
"75" 75 0.305699481865 55 13 7 3 1 1 0 0 0 0 0 0 0 0 0 0 0 0 0 0
"76" 76 0.763392857143 32 11 11 9 3 3 3 2 2 1 1 1 1 0 0 0 0 0 0 0
"77" 77 0.373563218391 23 19 13 11 6 3 1 1 1 1 1 0 0 0 0 0 0 0 0 0
"78" 78 0.0547445255474 78 2 0 0 0 0 0 0 0 0 0 0 0 0 0 0 0 0 0 0
"79" 79 0.0478468899522 80 0 0 0 0 0 0 0 0 0 0 0 0 0 0 0 0 0 0 0
"80" 80 0.0172413793103 56 13 5 4 1 1 0 0 0 0 0 0 0 0 0 0 0 0 0 0
"81" 81 0.0 80 0 0 0 0 0 0 0 0 0 0 0 0 0 0 0 0 0 0 0
"82" 82 0.0 80 0 0 0 0 0 0 0 0 0 0 0 0 0 0 0 0 0 0 0
"83" 83 0.045871559633 76 4 0 0 0 0 0 0 0 0 0 0 0 0 0 0 0 0 0 0
"84" 84 0.0288461538462 79 1 0 0 0 0 0 0 0 0 0 0 0 0 0 0 0 0 0 0
"85" 85 0.169230769231 80 0 0 0 0 0 0 0 0 0 0 0 0 0 0 0 0 0 0 0
"86" 86 0.0114942528736 44 32 3 1 0 0 0 0 0 0 0 0 0 0 0 0 0 0 0 0
"87" 87 0.649789029536 28 14 9 8 7 4 2 2 1 1 1 1 1 1 0 0 0 0 0 0
"88" 88 0.046511627907 55 14 9 2 0 0 0 0 0 0 0 0 0 0 0 0 0 0 0 0
"89" 89 0.300518134715 27 21 14 4 3 3 2 2 1 1 0 0 0 0 0 0 0 0 0 0
"90" 90 0.607142857143 21 13 13 10 8 5 2 2 1 1 1 1 1 0 0 0 0 0 0 0
"91" 91 0.676923076923 31 22 7 6 3 3 3 2 2 1 0 0 0 0 0 0 0 0 0 0
"92" 92 0.0 67 6 2 1 1 1 1 0 0 0 0 0 0 0 0 0 0 0 0 0
"93" 93 0.235632183908 50 6 5 5 4 4 3 2 1 0 0 0 0 0 0 0 0 0 0 0
"94" 94 0.0 57 15 3 3 1 1 0 0 0 0 0 0 0 0 0 0 0 0 0 0
"95" 95 0.637130801688 27 12 6 6 5 5 4 3 3 2 2 2 1 1 1 0 0 0 0 0
"96" 96 0.259615384615 38 21 9 4 3 2 2 1 0 0 0 0 0 0 0 0 0 0 0 0
"97" 97 0.456953642384 25 20 11 5 4 4 3 2 2 2 1 1 0 0 0 0 0 0 0 0
"98" 98 0.221757322176 44 10 7 6 5 3 3 1 1 0 0 0 0 0 0 0 0 0 0 0
"99" 99 0.594936708861 30 15 8 8 6 3 3 2 2 1 1 1 0 0 0 0 0 0 0 0
"100" 100 0.0621761658031 76 3 1 0 0 0 0 0 0 0 0 0 0 0 0 0 0 0 0 0
"101" 101 0.53642384106 21 19 12 5 4 3 3 2 2 2 2 1 1 1 1 1 0 0 0 0
"102" 102 0.298507462687 19 19 14 11 5 4 2 2 1 1 1 1 0 0 0 0 0 0 0 0
"103" 103 0.0 53 12 8 6 1 0 0 0 0 0 0 0 0 0 0 0 0 0 0 0
"104" 104 0.151898734177 38 13 11 8 8 1 1 0 0 0 0 0 0 0 0 0 0 0 0 0
"105" 105 0.044776119403 80 0 0 0 0 0 0 0 0 0 0 0 0 0 0 0 0 0 0 0
"106" 106 0.238578680203 20 14 12 7 7 3 3 3 2 2 2 1 1 1 1 1 0 0 0 0
"107" 107 0.317307692308 80 0 0 0 0 0 0 0 0 0 0 0 0 0 0 0 0 0 0 0
"108" 108 0.74213836478 41 13 6 5 5 2 2 2 1 1 1 1 0 0 0 0 0 0 0 0
"109" 109 0.122093023256 27 22 8 8 3 3 3 2 1 1 1 1 0 0 0 0 0 0 0 0
"110" 110 0.172185430464 63 8 6 2 1 0 0 0 0 0 0 0 0 0 0 0 0 0 0 0
"111" 111 0.0 55 23 1 1 0 0 0 0 0 0 0 0 0 0 0 0 0 0 0 0
"112" 112 0.252873563218 54 14 11 1 0 0 0 0 0 0 0 0 0 0 0 0 0 0 0 0
"113" 113 0.403846153846 80 0 0 0 0 0 0 0 0 0 0 0 0 0 0 0 0 0 0 0
"114" 114 0.20802919708 79 1 0 0 0 0 0 0 0 0 0 0 0 0 0 0 0 0 0 0
"115" 115 0.0264900662252 31 29 15 3 2 0 0 0 0 0 0 0 0 0 0 0 0 0 0 0
"116" 116 0.0 29 26 14 10 1 0 0 0 0 0 0 0 0 0 0 0 0 0 0 0
"117" 117 0.0 78 1 1 0 0 0 0 0 0 0 0 0 0 0 0 0 0 0 0 0
"118" 118 0.0 66 13 1 0 0 0 0 0 0 0 0 0 0 0 0 0 0 0 0 0
"119" 119 0.0239234449761 80 0 0 0 0 0 0 0 0 0 0 0 0 0 0 0 0 0 0 0
"120" 120 0.333333333333 53 16 4 2 2 1 1 1 0 0 0 0 0 0 0 0 0 0 0 0
"121" 121 0.163461538462 36 20 10 4 4 2 2 1 1 0 0 0 0 0 0 0 0 0 0 0
"122" 122 0.484304932735 20 19 14 11 7 3 2 1 1 1 1 0 0 0 0 0 0 0 0 0
"123" 123 0.0103626943005 80 0 0 0 0 0 0 0 0 0 0 0 0 0 0 0 0 0 0 0
"124" 124 0.238341968912 80 0 0 0 0 0 0 0 0 0 0 0 0 0 0 0 0 0 0 0
"125" 125 0.218905472637 74 2 2 1 1 0 0 0 0 0 0 0 0 0 0 0 0 0 0 0
"126" 126 0.144230769231 80 0 0 0 0 0 0 0 0 0 0 0 0 0 0 0 0 0 0 0
"127" 127 0.561181434599 41 17 9 6 3 3 1 0 0 0 0 0 0 0 0 0 0 0 0 0
"128" 128 0.240384615385 71 8 0 0 0 0 0 0 0 0 0 0 0 0 0 0 0 0 0 0
"129" 129 0.896373056995 52 10 5 5 3 1 1 1 1 1 0 0 0 0 0 0 0 0 0 0
"130" 130 0.412790697674 40 22 4 3 2 2 2 1 1 1 1 1 0 0 0 0 0 0 0 0
"131" 131 0.607142857143 51 9 7 3 2 2 2 2 1 1 0 0 0 0 0 0 0 0 0 0
"132" 132 0.316964285714 34 31 9 4 1 1 0 0 0 0 0 0 0 0 0 0 0 0 0 0
"133" 133 0.0 80 0 0 0 0 0 0 0 0 0 0 0 0 0 0 0 0 0 0 0
"134" 134 0.378109452736 44 29 3 2 2 0 0 0 0 0 0 0 0 0 0 0 0 0 0 0
"135" 135 0.455696202532 35 32 6 5 1 1 0 0 0 0 0 0 0 0 0 0 0 0 0 0
"136" 136 0.203488372093 80 0 0 0 0 0 0 0 0 0 0 0 0 0 0 0 0 0 0 0
"137" 137 0.0 79 1 0 0 0 0 0 0 0 0 0 0 0 0 0 0 0 0 0 0
"138" 138 0.379487179487 74 5 1 0 0 0 0 0 0 0 0 0 0 0 0 0 0 0 0 0
"139" 139 0.0 66 14 0 0 0 0 0 0 0 0 0 0 0 0 0 0 0 0 0 0
"140" 140 0.432692307692 80 0 0 0 0 0 0 0 0 0 0 0 0 0 0 0 0 0 0 0
"141" 141 0.591194968553 31 30 11 6 1 1 0 0 0 0 0 0 0 0 0 0 0 0 0 0
"142" 142 0.248175182482 80 0 0 0 0 0 0 0 0 0 0 0 0 0 0 0 0 0 0 0
"143" 143 0.138364779874 36 20 11 5 4 1 1 1 1 0 0 0 0 0 0 0 0 0 0 0
"144" 144 0.0 63 10 2 1 1 1 1 1 0 0 0 0 0 0 0 0 0 0 0 0
"145" 145 0.101265822785 79 1 0 0 0 0 0 0 0 0 0 0 0 0 0 0 0 0 0 0
"146" 146 0.0865384615385 77 1 1 0 0 0 0 0 0 0 0 0 0 0 0 0 0 0 0 0
"147" 147 0.362068965517 61 16 1 1 0 0 0 0 0 0 0 0 0 0 0 0 0 0 0 0
"148" 148 0.00507614213198 71 8 0 0 0 0 0 0 0 0 0 0 0 0 0 0 0 0 0 0
"149" 149 0.278846153846 71 6 1 0 0 0 0 0 0 0 0 0 0 0 0 0 0 0 0 0
"150" 150 0.592039800995 40 22 10 2 2 1 0 0 0 0 0 0 0 0 0 0 0 0 0 0
"151" 151 0.296511627907 15 8 4 2 1 1 1 0 0 0 0 0 0 0 0 0 0 0 0 0
"152" 152 0.917948717949 6 2 1 1 1 0 0 0 0 0 0 0 0 0 0 0 0 0 0 0
