"site" "RSA" "aa1" "aa2" "aa3" "aa4" "aa5" "aa6" "aa7" "aa8" "aa9" "aa10" "aa11" "aa12" "aa13" "aa14" "aa15" "aa16" "aa17" "aa18" "aa19" "aa20"
"0" 0 0.646788990826 336 93 20 19 17 9 4 2 0 0 0 0 0 0 0 0 0 0 0 0
"1" 1 0.515695067265 358 142 0 0 0 0 0 0 0 0 0 0 0 0 0 0 0 0 0 0
"2" 2 0.53488372093 320 134 25 14 5 2 0 0 0 0 0 0 0 0 0 0 0 0 0 0
"3" 3 0.0203045685279 496 2 2 0 0 0 0 0 0 0 0 0 0 0 0 0 0 0 0 0
"4" 4 0.130801687764 496 3 1 0 0 0 0 0 0 0 0 0 0 0 0 0 0 0 0 0
"5" 5 0.0 462 32 3 2 1 0 0 0 0 0 0 0 0 0 0 0 0 0 0 0
"6" 6 0.0 487 13 0 0 0 0 0 0 0 0 0 0 0 0 0 0 0 0 0 0
"7" 7 0.0 274 136 37 24 11 8 5 3 2 0 0 0 0 0 0 0 0 0 0 0
"8" 8 0.0 303 194 2 1 0 0 0 0 0 0 0 0 0 0 0 0 0 0 0 0
"9" 9 0.0 500 0 0 0 0 0 0 0 0 0 0 0 0 0 0 0 0 0 0 0
"10" 10 0.129533678756 266 205 19 8 1 1 0 0 0 0 0 0 0 0 0 0 0 0 0 0
"11" 11 0.317307692308 486 8 4 1 1 0 0 0 0 0 0 0 0 0 0 0 0 0 0 0
"12" 12 0.643410852713 500 0 0 0 0 0 0 0 0 0 0 0 0 0 0 0 0 0 0 0
"13" 13 0.0114942528736 401 94 3 1 1 0 0 0 0 0 0 0 0 0 0 0 0 0 0 0
"14" 14 0.221153846154 500 0 0 0 0 0 0 0 0 0 0 0 0 0 0 0 0 0 0 0
"15" 15 0.0632911392405 478 17 4 1 0 0 0 0 0 0 0 0 0 0 0 0 0 0 0 0
"16" 16 0.122093023256 383 76 19 14 7 1 0 0 0 0 0 0 0 0 0 0 0 0 0 0
"17" 17 0.0886075949367 119 94 81 74 64 32 26 5 4 1 0 0 0 0 0 0 0 0 0 0
"18" 18 0.00497512437811 172 81 65 61 55 37 18 5 3 2 1 0 0 0 0 0 0 0 0 0
"19" 19 0.0 419 61 9 8 3 0 0 0 0 0 0 0 0 0 0 0 0 0 0 0
"20" 20 0.10152284264 471 13 10 3 2 1 0 0 0 0 0 0 0 0 0 0 0 0 0 0
"21" 21 0.00662251655629 500 0 0 0 0 0 0 0 0 0 0 0 0 0 0 0 0 0 0 0
"22" 22 0.155893536122 221 184 56 18 15 3 2 1 0 0 0 0 0 0 0 0 0 0 0 0
"23" 23 0.232558139535 304 140 56 0 0 0 0 0 0 0 0 0 0 0 0 0 0 0 0 0
"24" 24 0.482558139535 380 120 0 0 0 0 0 0 0 0 0 0 0 0 0 0 0 0 0 0
"25" 25 0.615384615385 310 179 11 0 0 0 0 0 0 0 0 0 0 0 0 0 0 0 0 0
"26" 26 0.387596899225 327 164 7 2 0 0 0 0 0 0 0 0 0 0 0 0 0 0 0 0
"27" 27 0.334728033473 208 105 76 68 26 16 1 0 0 0 0 0 0 0 0 0 0 0 0 0
"28" 28 0.138364779874 469 22 4 2 2 1 0 0 0 0 0 0 0 0 0 0 0 0 0 0
"29" 29 0.644230769231 331 167 2 0 0 0 0 0 0 0 0 0 0 0 0 0 0 0 0 0
"30" 30 0.580357142857 500 0 0 0 0 0 0 0 0 0 0 0 0 0 0 0 0 0 0 0
"31" 31 0.285171102662 499 1 0 0 0 0 0 0 0 0 0 0 0 0 0 0 0 0 0 0
"32" 32 0.472081218274 181 146 83 75 11 3 1 0 0 0 0 0 0 0 0 0 0 0 0 0
"33" 33 0.301886792453 499 1 0 0 0 0 0 0 0 0 0 0 0 0 0 0 0 0 0 0
"34" 34 0.744186046512 465 35 0 0 0 0 0 0 0 0 0 0 0 0 0 0 0 0 0 0
"35" 35 0.454022988506 333 135 26 5 1 0 0 0 0 0 0 0 0 0 0 0 0 0 0 0
"36" 36 0.326359832636 250 160 76 5 3 3 2 1 0 0 0 0 0 0 0 0 0 0 0 0
"37" 37 0.39896373057 278 186 22 6 4 3 1 0 0 0 0 0 0 0 0 0 0 0 0 0
"38" 38 0.4 258 156 67 16 2 1 0 0 0 0 0 0 0 0 0 0 0 0 0 0
"39" 39 0.121673003802 438 32 23 6 1 0 0 0 0 0 0 0 0 0 0 0 0 0 0 0
"40" 40 0.490066225166 242 127 54 30 25 17 3 2 0 0 0 0 0 0 0 0 0 0 0 0
"41" 41 0.0697674418605 229 128 78 38 12 8 4 3 0 0 0 0 0 0 0 0 0 0 0 0
"42" 42 0.533333333333 288 82 48 36 14 14 12 5 1 0 0 0 0 0 0 0 0 0 0 0
"43" 43 0.17816091954 268 137 58 24 12 1 0 0 0 0 0 0 0 0 0 0 0 0 0 0
"44" 44 0.610091743119 366 77 47 9 1 0 0 0 0 0 0 0 0 0 0 0 0 0 0 0
"45" 45 0.258620689655 367 131 2 0 0 0 0 0 0 0 0 0 0 0 0 0 0 0 0 0
"46" 46 0.554404145078 367 133 0 0 0 0 0 0 0 0 0 0 0 0 0 0 0 0 0 0
"47" 47 0.634615384615 500 0 0 0 0 0 0 0 0 0 0 0 0 0 0 0 0 0 0 0
"48" 48 0.20253164557 483 15 2 0 0 0 0 0 0 0 0 0 0 0 0 0 0 0 0 0
"49" 49 0.452830188679 275 107 58 18 17 8 7 5 4 1 0 0 0 0 0 0 0 0 0 0
"50" 50 0.0344827586207 500 0 0 0 0 0 0 0 0 0 0 0 0 0 0 0 0 0 0 0
"51" 51 0.241025641026 303 74 61 31 22 7 1 1 0 0 0 0 0 0 0 0 0 0 0 0
"52" 52 0.00497512437811 490 6 4 0 0 0 0 0 0 0 0 0 0 0 0 0 0 0 0 0
"53" 53 0.134615384615 219 164 50 32 13 12 5 3 2 0 0 0 0 0 0 0 0 0 0 0
"54" 54 0.0 399 58 33 7 2 1 0 0 0 0 0 0 0 0 0 0 0 0 0 0
"55" 55 0.237588652482 264 149 69 14 3 1 0 0 0 0 0 0 0 0 0 0 0 0 0 0
"56" 56 0.0310880829016 405 30 24 14 13 6 3 3 1 1 0 0 0 0 0 0 0 0 0 0
"57" 57 0.0290697674419 499 1 0 0 0 0 0 0 0 0 0 0 0 0 0 0 0 0 0 0
"58" 58 0.0387596899225 137 95 83 74 55 43 7 4 2 0 0 0 0 0 0 0 0 0 0 0
"59" 59 0.0576923076923 500 0 0 0 0 0 0 0 0 0 0 0 0 0 0 0 0 0 0 0
"60" 60 0.358744394619 286 196 8 5 4 1 0 0 0 0 0 0 0 0 0 0 0 0 0 0
"61" 61 0.691964285714 388 109 2 1 0 0 0 0 0 0 0 0 0 0 0 0 0 0 0 0
"62" 62 0.647668393782 441 59 0 0 0 0 0 0 0 0 0 0 0 0 0 0 0 0 0 0
"63" 63 0.326996197719 314 100 37 36 10 3 0 0 0 0 0 0 0 0 0 0 0 0 0 0
"64" 64 0.310880829016 371 110 10 5 3 1 0 0 0 0 0 0 0 0 0 0 0 0 0 0
"65" 65 0.835766423358 488 12 0 0 0 0 0 0 0 0 0 0 0 0 0 0 0 0 0 0
"66" 66 0.52736318408 454 35 8 2 1 0 0 0 0 0 0 0 0 0 0 0 0 0 0 0
"67" 67 0.029197080292 358 70 39 17 15 1 0 0 0 0 0 0 0 0 0 0 0 0 0 0
"68" 68 0.0817610062893 197 184 42 31 21 13 5 4 2 1 0 0 0 0 0 0 0 0 0 0
"69" 69 0.621890547264 500 0 0 0 0 0 0 0 0 0 0 0 0 0 0 0 0 0 0 0
"70" 70 0.245033112583 251 153 47 33 9 3 3 1 0 0 0 0 0 0 0 0 0 0 0 0
"71" 71 0.0190114068441 444 40 16 0 0 0 0 0 0 0 0 0 0 0 0 0 0 0 0 0
"72" 72 0.51572327044 500 0 0 0 0 0 0 0 0 0 0 0 0 0 0 0 0 0 0 0
"73" 73 0.385650224215 500 0 0 0 0 0 0 0 0 0 0 0 0 0 0 0 0 0 0 0
"74" 74 0.0639534883721 500 0 0 0 0 0 0 0 0 0 0 0 0 0 0 0 0 0 0 0
"75" 75 0.310880829016 496 4 0 0 0 0 0 0 0 0 0 0 0 0 0 0 0 0 0 0
"76" 76 0.0 285 177 36 2 0 0 0 0 0 0 0 0 0 0 0 0 0 0 0 0
"77" 77 0.0 499 1 0 0 0 0 0 0 0 0 0 0 0 0 0 0 0 0 0 0
"78" 78 0.0 412 51 33 3 1 0 0 0 0 0 0 0 0 0 0 0 0 0 0 0
"79" 79 0.0 459 20 18 2 1 0 0 0 0 0 0 0 0 0 0 0 0 0 0 0
"80" 80 0.0 222 179 30 29 24 5 5 2 2 1 1 0 0 0 0 0 0 0 0 0
"81" 81 0.0 495 5 0 0 0 0 0 0 0 0 0 0 0 0 0 0 0 0 0 0
"82" 82 0.0198675496689 500 0 0 0 0 0 0 0 0 0 0 0 0 0 0 0 0 0 0 0
"83" 83 0.0 307 130 49 10 3 1 0 0 0 0 0 0 0 0 0 0 0 0 0 0
"84" 84 0.0459770114943 347 110 26 9 5 3 0 0 0 0 0 0 0 0 0 0 0 0 0 0
"85" 85 0.291390728477 393 103 2 1 1 0 0 0 0 0 0 0 0 0 0 0 0 0 0 0
"86" 86 0.14465408805 500 0 0 0 0 0 0 0 0 0 0 0 0 0 0 0 0 0 0 0
"87" 87 0.488372093023 186 169 122 23 0 0 0 0 0 0 0 0 0 0 0 0 0 0 0 0
"88" 88 0.0198675496689 433 64 3 0 0 0 0 0 0 0 0 0 0 0 0 0 0 0 0 0
"89" 89 0.108786610879 237 123 93 23 17 5 2 0 0 0 0 0 0 0 0 0 0 0 0 0
"90" 90 0.397321428571 346 104 49 1 0 0 0 0 0 0 0 0 0 0 0 0 0 0 0 0
"91" 91 0.25641025641 205 106 97 54 25 8 5 0 0 0 0 0 0 0 0 0 0 0 0 0
"92" 92 0.0 479 21 0 0 0 0 0 0 0 0 0 0 0 0 0 0 0 0 0 0
"93" 93 0.332116788321 292 121 54 17 13 2 1 0 0 0 0 0 0 0 0 0 0 0 0 0
"94" 94 0.46511627907 487 13 0 0 0 0 0 0 0 0 0 0 0 0 0 0 0 0 0 0
"95" 95 0.194092827004 291 142 39 24 4 0 0 0 0 0 0 0 0 0 0 0 0 0 0 0
"96" 96 0.0 202 188 86 15 5 2 1 1 0 0 0 0 0 0 0 0 0 0 0 0
"97" 97 0.300380228137 490 7 3 0 0 0 0 0 0 0 0 0 0 0 0 0 0 0 0 0
"98" 98 0.389937106918 500 0 0 0 0 0 0 0 0 0 0 0 0 0 0 0 0 0 0 0
"99" 99 0.116071428571 209 162 69 43 6 5 4 2 0 0 0 0 0 0 0 0 0 0 0 0
"100" 100 0.0 432 64 2 2 0 0 0 0 0 0 0 0 0 0 0 0 0 0 0 0
"101" 101 0.20802919708 495 3 2 0 0 0 0 0 0 0 0 0 0 0 0 0 0 0 0 0
"102" 102 0.712918660287 289 112 86 11 2 0 0 0 0 0 0 0 0 0 0 0 0 0 0 0
"103" 103 0.416267942584 459 16 15 3 3 2 1 1 0 0 0 0 0 0 0 0 0 0 0 0
"104" 104 0.0949367088608 495 4 1 0 0 0 0 0 0 0 0 0 0 0 0 0 0 0 0 0
"105" 105 0.471698113208 500 0 0 0 0 0 0 0 0 0 0 0 0 0 0 0 0 0 0 0
"106" 106 0.846889952153 500 0 0 0 0 0 0 0 0 0 0 0 0 0 0 0 0 0 0 0
"107" 107 0.133720930233 495 5 0 0 0 0 0 0 0 0 0 0 0 0 0 0 0 0 0 0
"108" 108 0.207547169811 499 1 0 0 0 0 0 0 0 0 0 0 0 0 0 0 0 0 0 0
"109" 109 0.0 498 2 0 0 0 0 0 0 0 0 0 0 0 0 0 0 0 0 0 0
"110" 110 0.0 412 39 24 23 1 1 0 0 0 0 0 0 0 0 0 0 0 0 0 0
"111" 111 0.0 500 0 0 0 0 0 0 0 0 0 0 0 0 0 0 0 0 0 0 0
"112" 112 0.0 196 148 93 22 13 11 7 4 3 2 1 0 0 0 0 0 0 0 0 0
"113" 113 0.0 247 140 53 23 15 14 8 0 0 0 0 0 0 0 0 0 0 0 0 0
"114" 114 0.0290697674419 395 105 0 0 0 0 0 0 0 0 0 0 0 0 0 0 0 0 0 0
"115" 115 0.295358649789 269 223 6 2 0 0 0 0 0 0 0 0 0 0 0 0 0 0 0 0
"116" 116 0.223880597015 466 18 16 0 0 0 0 0 0 0 0 0 0 0 0 0 0 0 0 0
"117" 117 0.227979274611 493 4 1 1 1 0 0 0 0 0 0 0 0 0 0 0 0 0 0 0
"118" 118 0.26368159204 293 184 15 4 3 1 0 0 0 0 0 0 0 0 0 0 0 0 0 0
"119" 119 0.21897810219 199 188 87 12 6 5 1 1 1 0 0 0 0 0 0 0 0 0 0 0
"120" 120 0.678756476684 363 136 1 0 0 0 0 0 0 0 0 0 0 0 0 0 0 0 0 0
"121" 121 0.326424870466 387 61 50 2 0 0 0 0 0 0 0 0 0 0 0 0 0 0 0 0
"122" 122 0.514767932489 337 104 59 0 0 0 0 0 0 0 0 0 0 0 0 0 0 0 0 0
"123" 123 0.575129533679 329 155 8 8 0 0 0 0 0 0 0 0 0 0 0 0 0 0 0 0
"124" 124 0.0813953488372 331 112 48 3 3 3 0 0 0 0 0 0 0 0 0 0 0 0 0 0
"125" 125 0.279187817259 311 142 45 2 0 0 0 0 0 0 0 0 0 0 0 0 0 0 0 0
"126" 126 0.294642857143 159 107 99 71 48 16 0 0 0 0 0 0 0 0 0 0 0 0 0 0
"127" 127 0.492700729927 399 90 9 2 0 0 0 0 0 0 0 0 0 0 0 0 0 0 0 0
"128" 128 0.0298507462687 500 0 0 0 0 0 0 0 0 0 0 0 0 0 0 0 0 0 0 0
"129" 129 0.532846715328 276 166 45 7 5 1 0 0 0 0 0 0 0 0 0 0 0 0 0 0
"130" 130 0.709844559585 496 4 0 0 0 0 0 0 0 0 0 0 0 0 0 0 0 0 0 0
"131" 131 0.37552742616 425 67 8 0 0 0 0 0 0 0 0 0 0 0 0 0 0 0 0 0
"132" 132 0.620253164557 500 0 0 0 0 0 0 0 0 0 0 0 0 0 0 0 0 0 0 0
"133" 133 0.417910447761 240 189 71 0 0 0 0 0 0 0 0 0 0 0 0 0 0 0 0 0
"134" 134 0.441860465116 363 95 40 2 0 0 0 0 0 0 0 0 0 0 0 0 0 0 0 0
"135" 135 0.0943396226415 497 2 1 0 0 0 0 0 0 0 0 0 0 0 0 0 0 0 0 0
"136" 136 0.0406091370558 481 12 5 2 0 0 0 0 0 0 0 0 0 0 0 0 0 0 0 0
"137" 137 0.331395348837 390 65 44 1 0 0 0 0 0 0 0 0 0 0 0 0 0 0 0 0
"138" 138 0.425855513308 318 135 14 12 10 5 3 2 1 0 0 0 0 0 0 0 0 0 0 0
"139" 139 0.559748427673 335 105 53 7 0 0 0 0 0 0 0 0 0 0 0 0 0 0 0 0
"140" 140 0.421524663677 251 148 58 41 2 0 0 0 0 0 0 0 0 0 0 0 0 0 0 0
"141" 141 0.0 271 223 4 2 0 0 0 0 0 0 0 0 0 0 0 0 0 0 0 0
"142" 142 0.213930348259 352 95 39 12 2 0 0 0 0 0 0 0 0 0 0 0 0 0 0 0
"143" 143 0.426356589147 382 94 14 10 0 0 0 0 0 0 0 0 0 0 0 0 0 0 0 0
"144" 144 0.0183486238532 262 188 23 22 3 2 0 0 0 0 0 0 0 0 0 0 0 0 0 0
"145" 145 0.0387596899225 434 66 0 0 0 0 0 0 0 0 0 0 0 0 0 0 0 0 0 0
"146" 146 0.656934306569 459 41 0 0 0 0 0 0 0 0 0 0 0 0 0 0 0 0 0 0
"147" 147 0.415178571429 292 95 54 19 17 13 9 1 0 0 0 0 0 0 0 0 0 0 0 0
"148" 148 0.010152284264 500 0 0 0 0 0 0 0 0 0 0 0 0 0 0 0 0 0 0 0
"149" 149 0.480769230769 497 3 0 0 0 0 0 0 0 0 0 0 0 0 0 0 0 0 0 0
"150" 150 0.132450331126 500 0 0 0 0 0 0 0 0 0 0 0 0 0 0 0 0 0 0 0
"151" 151 0.48275862069 499 1 0 0 0 0 0 0 0 0 0 0 0 0 0 0 0 0 0 0
"152" 152 0.367088607595 239 86 50 36 28 24 24 13 0 0 0 0 0 0 0 0 0 0 0 0
"153" 153 0.041825095057 269 161 66 2 2 0 0 0 0 0 0 0 0 0 0 0 0 0 0 0
"154" 154 0.10447761194 263 75 45 43 34 22 15 2 1 0 0 0 0 0 0 0 0 0 0 0
"155" 155 0.116071428571 206 180 34 32 29 4 4 3 3 2 2 1 0 0 0 0 0 0 0 0
"156" 156 0.00632911392405 292 110 58 19 13 4 3 1 0 0 0 0 0 0 0 0 0 0 0 0
"157" 157 0.0 494 4 1 1 0 0 0 0 0 0 0 0 0 0 0 0 0 0 0 0
"158" 158 0.100775193798 308 125 66 1 0 0 0 0 0 0 0 0 0 0 0 0 0 0 0 0
"159" 159 0.482587064677 316 158 14 10 1 1 0 0 0 0 0 0 0 0 0 0 0 0 0 0
"160" 160 0.31976744186 495 4 1 0 0 0 0 0 0 0 0 0 0 0 0 0 0 0 0 0
"161" 161 0.318385650224 489 11 0 0 0 0 0 0 0 0 0 0 0 0 0 0 0 0 0 0
"162" 162 0.624087591241 249 215 36 0 0 0 0 0 0 0 0 0 0 0 0 0 0 0 0 0
"163" 163 0.317307692308 500 0 0 0 0 0 0 0 0 0 0 0 0 0 0 0 0 0 0 0
"164" 164 0.0248756218905 380 106 4 3 3 2 1 1 0 0 0 0 0 0 0 0 0 0 0 0
"165" 165 0.548523206751 234 165 99 1 1 0 0 0 0 0 0 0 0 0 0 0 0 0 0 0
"166" 166 0.372093023256 300 194 5 1 0 0 0 0 0 0 0 0 0 0 0 0 0 0 0 0
"167" 167 0.0 223 138 88 31 14 3 2 1 0 0 0 0 0 0 0 0 0 0 0 0
"168" 168 0.0 229 151 51 41 14 8 3 1 1 1 0 0 0 0 0 0 0 0 0 0
"169" 169 0.170984455959 381 73 18 17 11 0 0 0 0 0 0 0 0 0 0 0 0 0 0 0
"170" 170 0.165178571429 220 140 94 41 2 2 1 0 0 0 0 0 0 0 0 0 0 0 0 0
"171" 171 0.0 499 1 0 0 0 0 0 0 0 0 0 0 0 0 0 0 0 0 0 0
"172" 172 0.0507614213198 332 135 31 2 0 0 0 0 0 0 0 0 0 0 0 0 0 0 0 0
"173" 173 0.419708029197 346 133 6 6 5 2 2 0 0 0 0 0 0 0 0 0 0 0 0 0
"174" 174 0.255813953488 339 129 30 1 1 0 0 0 0 0 0 0 0 0 0 0 0 0 0 0
"175" 175 0.258620689655 498 2 0 0 0 0 0 0 0 0 0 0 0 0 0 0 0 0 0 0
"176" 176 0.303482587065 498 2 0 0 0 0 0 0 0 0 0 0 0 0 0 0 0 0 0 0
"177" 177 1.05769230769 500 0 0 0 0 0 0 0 0 0 0 0 0 0 0 0 0 0 0 0
