"site" "RSA" "aa1" "aa2" "aa3" "aa4" "aa5" "aa6" "aa7" "aa8" "aa9" "aa10" "aa11" "aa12" "aa13" "aa14" "aa15" "aa16" "aa17" "aa18" "aa19" "aa20"
"0" 0 0.790697674419 7 5 1 1 0 0 0 0 0 0 0 0 0 0 0 0 0 0 0 0
"1" 1 0.34375 8 5 2 1 0 0 0 0 0 0 0 0 0 0 0 0 0 0 0 0
"2" 2 0.601990049751 23 3 2 2 2 2 1 1 1 1 0 0 0 0 0 0 0 0 0 0
"3" 3 0.267857142857 74 1 0 0 0 0 0 0 0 0 0 0 0 0 0 0 0 0 0 0
"4" 4 0.20802919708 59 8 6 2 1 1 0 0 0 0 0 0 0 0 0 0 0 0 0 0
"5" 5 0.0 69 8 0 0 0 0 0 0 0 0 0 0 0 0 0 0 0 0 0 0
"6" 6 0.0 61 10 6 0 0 0 0 0 0 0 0 0 0 0 0 0 0 0 0 0
"7" 7 0.0 50 13 13 1 0 0 0 0 0 0 0 0 0 0 0 0 0 0 0 0
"8" 8 0.031007751938 46 30 1 0 0 0 0 0 0 0 0 0 0 0 0 0 0 0 0 0
"9" 9 0.0 42 35 2 0 0 0 0 0 0 0 0 0 0 0 0 0 0 0 0 0
"10" 10 0.101265822785 79 0 0 0 0 0 0 0 0 0 0 0 0 0 0 0 0 0 0 0
"11" 11 0.0251572327044 76 1 1 1 0 0 0 0 0 0 0 0 0 0 0 0 0 0 0 0
"12" 12 0.0777202072539 77 1 1 0 0 0 0 0 0 0 0 0 0 0 0 0 0 0 0 0
"13" 13 0.0 75 4 1 0 0 0 0 0 0 0 0 0 0 0 0 0 0 0 0 0
"14" 14 0.14367816092 76 1 1 1 1 1 0 0 0 0 0 0 0 0 0 0 0 0 0 0
"15" 15 0.614349775785 72 2 1 1 1 1 1 1 1 0 0 0 0 0 0 0 0 0 0 0
"16" 16 0.470802919708 80 1 0 0 0 0 0 0 0 0 0 0 0 0 0 0 0 0 0 0
"17" 17 0.538461538462 60 10 3 2 2 1 1 1 1 0 0 0 0 0 0 0 0 0 0 0
"18" 18 0.0995024875622 74 4 2 1 0 0 0 0 0 0 0 0 0 0 0 0 0 0 0 0
"19" 19 0.294416243655 53 25 1 1 1 0 0 0 0 0 0 0 0 0 0 0 0 0 0 0
"20" 20 0.629139072848 74 5 2 0 0 0 0 0 0 0 0 0 0 0 0 0 0 0 0 0
"21" 21 0.303571428571 43 16 10 3 3 3 2 1 0 0 0 0 0 0 0 0 0 0 0 0
"22" 22 0.0 67 13 1 0 0 0 0 0 0 0 0 0 0 0 0 0 0 0 0 0
"23" 23 0.157360406091 58 15 6 2 0 0 0 0 0 0 0 0 0 0 0 0 0 0 0 0
"24" 24 0.238410596026 24 19 11 9 5 4 4 4 1 0 0 0 0 0 0 0 0 0 0 0
"25" 25 0.0656934306569 80 1 0 0 0 0 0 0 0 0 0 0 0 0 0 0 0 0 0 0
"26" 26 0.0 76 3 1 1 0 0 0 0 0 0 0 0 0 0 0 0 0 0 0 0
"27" 27 0.607142857143 79 1 1 0 0 0 0 0 0 0 0 0 0 0 0 0 0 0 0 0
"28" 28 0.667883211679 21 18 14 8 5 5 4 3 1 1 1 0 0 0 0 0 0 0 0 0
"29" 29 0.409282700422 47 34 0 0 0 0 0 0 0 0 0 0 0 0 0 0 0 0 0 0
"30" 30 0.182692307692 81 0 0 0 0 0 0 0 0 0 0 0 0 0 0 0 0 0 0 0
"31" 31 0.0669456066946 57 14 8 1 1 0 0 0 0 0 0 0 0 0 0 0 0 0 0 0
"32" 32 0.0928270042194 58 6 5 4 3 1 1 1 1 1 0 0 0 0 0 0 0 0 0 0
"33" 33 0.293532338308 71 5 5 0 0 0 0 0 0 0 0 0 0 0 0 0 0 0 0 0
"34" 34 0.0114942528736 60 7 6 5 2 1 0 0 0 0 0 0 0 0 0 0 0 0 0 0
"35" 35 0.0288461538462 45 35 1 0 0 0 0 0 0 0 0 0 0 0 0 0 0 0 0 0
"36" 36 0.41116751269 31 28 7 7 6 1 1 0 0 0 0 0 0 0 0 0 0 0 0 0
"37" 37 0.215189873418 81 0 0 0 0 0 0 0 0 0 0 0 0 0 0 0 0 0 0 0
"38" 38 0.540229885057 26 23 21 3 3 3 1 1 0 0 0 0 0 0 0 0 0 0 0 0
"39" 39 0.223880597015 30 19 15 7 4 2 2 1 1 0 0 0 0 0 0 0 0 0 0 0
"40" 40 0.573604060914 30 8 7 7 6 5 5 3 3 2 2 1 1 1 0 0 0 0 0 0
"41" 41 0.0314465408805 25 24 19 6 2 2 1 1 1 0 0 0 0 0 0 0 0 0 0 0
"42" 42 0.482558139535 42 15 10 7 4 3 0 0 0 0 0 0 0 0 0 0 0 0 0 0
"43" 43 0.286919831224 33 19 10 9 2 2 1 1 1 1 1 1 0 0 0 0 0 0 0 0
"44" 44 0.596412556054 43 14 7 6 5 3 1 1 1 0 0 0 0 0 0 0 0 0 0 0
"45" 45 0.154811715481 54 12 5 4 2 2 1 1 0 0 0 0 0 0 0 0 0 0 0 0
"46" 46 0.0 40 37 2 1 1 0 0 0 0 0 0 0 0 0 0 0 0 0 0 0
"47" 47 0.304932735426 38 14 9 6 4 2 2 2 1 1 1 1 0 0 0 0 0 0 0 0
"48" 48 0.439461883408 25 22 17 5 3 2 2 1 1 1 1 1 0 0 0 0 0 0 0 0
"49" 49 0.0717703349282 81 0 0 0 0 0 0 0 0 0 0 0 0 0 0 0 0 0 0 0
"50" 50 0.0684410646388 80 1 0 0 0 0 0 0 0 0 0 0 0 0 0 0 0 0 0 0
"51" 51 0.382775119617 32 11 9 8 5 5 3 3 1 1 1 1 1 0 0 0 0 0 0 0
"52" 52 0.59585492228 46 23 4 3 2 1 1 1 0 0 0 0 0 0 0 0 0 0 0 0
"53" 53 0.228855721393 58 22 1 0 0 0 0 0 0 0 0 0 0 0 0 0 0 0 0 0
"54" 54 0.582278481013 33 17 10 8 5 4 2 2 0 0 0 0 0 0 0 0 0 0 0 0
"55" 55 0.705357142857 20 19 12 10 7 4 4 2 1 1 1 0 0 0 0 0 0 0 0 0
"56" 56 0.507299270073 50 23 4 2 1 1 0 0 0 0 0 0 0 0 0 0 0 0 0 0
"57" 57 0.823899371069 70 4 4 2 1 0 0 0 0 0 0 0 0 0 0 0 0 0 0 0
"58" 58 0.355648535565 81 0 0 0 0 0 0 0 0 0 0 0 0 0 0 0 0 0 0 0
"59" 59 0.10460251046 62 18 1 0 0 0 0 0 0 0 0 0 0 0 0 0 0 0 0 0
"60" 60 0.482051282051 35 18 6 6 5 4 3 2 1 1 0 0 0 0 0 0 0 0 0 0
"61" 61 0.413461538462 43 10 6 4 4 3 3 3 2 2 1 0 0 0 0 0 0 0 0 0
"62" 62 0.238805970149 79 1 1 0 0 0 0 0 0 0 0 0 0 0 0 0 0 0 0 0
"63" 63 0.0 51 14 7 7 1 1 0 0 0 0 0 0 0 0 0 0 0 0 0 0
"64" 64 0.40414507772 29 11 11 8 7 4 4 3 2 1 1 0 0 0 0 0 0 0 0 0
"65" 65 0.138075313808 47 32 1 1 0 0 0 0 0 0 0 0 0 0 0 0 0 0 0 0
"66" 66 0.0248756218905 40 33 4 2 1 1 0 0 0 0 0 0 0 0 0 0 0 0 0 0
"67" 67 0.165562913907 27 23 5 4 4 4 4 4 2 1 1 1 1 0 0 0 0 0 0 0
"68" 68 0.523178807947 76 1 1 1 1 1 0 0 0 0 0 0 0 0 0 0 0 0 0 0
"69" 69 0.0769230769231 71 6 2 1 1 0 0 0 0 0 0 0 0 0 0 0 0 0 0 0
"70" 70 0.220125786164 79 1 1 0 0 0 0 0 0 0 0 0 0 0 0 0 0 0 0 0
"71" 71 0.0 69 8 2 1 1 0 0 0 0 0 0 0 0 0 0 0 0 0 0 0
"72" 72 0.0761421319797 56 12 4 3 3 2 1 0 0 0 0 0 0 0 0 0 0 0 0 0
"73" 73 0.0 63 10 7 1 0 0 0 0 0 0 0 0 0 0 0 0 0 0 0 0
"74" 74 0.0 73 3 3 1 1 0 0 0 0 0 0 0 0 0 0 0 0 0 0 0
"75" 75 0.0 72 3 3 2 1 0 0 0 0 0 0 0 0 0 0 0 0 0 0 0
"76" 76 0.0106382978723 67 6 4 2 2 0 0 0 0 0 0 0 0 0 0 0 0 0 0 0
"77" 77 0.03125 76 5 0 0 0 0 0 0 0 0 0 0 0 0 0 0 0 0 0 0
"78" 78 0.0 81 0 0 0 0 0 0 0 0 0 0 0 0 0 0 0 0 0 0 0
"79" 79 0.491071428571 29 17 11 5 3 3 3 3 2 1 1 1 1 1 0 0 0 0 0 0
"80" 80 0.25 28 28 22 2 1 0 0 0 0 0 0 0 0 0 0 0 0 0 0 0
"81" 81 0.0 56 17 7 1 0 0 0 0 0 0 0 0 0 0 0 0 0 0 0 0
"82" 82 0.0456852791878 66 11 3 1 0 0 0 0 0 0 0 0 0 0 0 0 0 0 0 0
"83" 83 0.494186046512 36 17 12 3 3 2 2 2 1 1 1 1 0 0 0 0 0 0 0 0
"84" 84 0.326996197719 39 12 8 6 3 3 3 2 2 2 1 0 0 0 0 0 0 0 0 0
"85" 85 0.00961538461538 46 18 7 6 2 1 1 0 0 0 0 0 0 0 0 0 0 0 0 0
"86" 86 0.474452554745 80 1 0 0 0 0 0 0 0 0 0 0 0 0 0 0 0 0 0 0
"87" 87 0.569620253165 19 15 10 6 5 4 4 4 3 3 2 2 2 2 0 0 0 0 0 0
"88" 88 0.114427860697 50 15 15 1 0 0 0 0 0 0 0 0 0 0 0 0 0 0 0 0
"89" 89 0.0203045685279 37 26 13 5 0 0 0 0 0 0 0 0 0 0 0 0 0 0 0 0
"90" 90 0.163461538462 80 1 0 0 0 0 0 0 0 0 0 0 0 0 0 0 0 0 0 0
"91" 91 0.31007751938 40 24 7 3 2 2 1 1 1 0 0 0 0 0 0 0 0 0 0 0
"92" 92 0.540697674419 80 1 0 0 0 0 0 0 0 0 0 0 0 0 0 0 0 0 0 0
"93" 93 0.176165803109 51 21 4 2 1 1 1 0 0 0 0 0 0 0 0 0 0 0 0 0
"94" 94 0.0440251572327 75 4 1 1 0 0 0 0 0 0 0 0 0 0 0 0 0 0 0 0
"95" 95 0.668161434978 32 27 4 4 3 3 2 1 1 1 1 1 1 0 0 0 0 0 0 0
"96" 96 0.691983122363 28 18 11 8 6 5 2 1 1 1 0 0 0 0 0 0 0 0 0 0
"97" 97 0.0993377483444 51 29 1 0 0 0 0 0 0 0 0 0 0 0 0 0 0 0 0 0
"98" 98 0.457364341085 30 16 13 5 5 3 3 2 2 1 1 0 0 0 0 0 0 0 0 0
"99" 99 0.748427672956 74 4 1 1 1 0 0 0 0 0 0 0 0 0 0 0 0 0 0 0
"100" 100 0.461538461538 80 1 0 0 0 0 0 0 0 0 0 0 0 0 0 0 0 0 0 0
"101" 101 0.110465116279 70 11 0 0 0 0 0 0 0 0 0 0 0 0 0 0 0 0 0 0
"102" 102 0.0 75 4 2 0 0 0 0 0 0 0 0 0 0 0 0 0 0 0 0 0
"103" 103 0.0839416058394 81 0 0 0 0 0 0 0 0 0 0 0 0 0 0 0 0 0 0 0
"104" 104 0.240384615385 77 2 2 0 0 0 0 0 0 0 0 0 0 0 0 0 0 0 0 0
"105" 105 0.367875647668 78 1 1 1 0 0 0 0 0 0 0 0 0 0 0 0 0 0 0 0
"106" 106 0.139303482587 45 19 17 0 0 0 0 0 0 0 0 0 0 0 0 0 0 0 0 0
"107" 107 0.093023255814 31 24 16 10 0 0 0 0 0 0 0 0 0 0 0 0 0 0 0 0
"108" 108 0.568965517241 39 25 9 2 2 2 1 1 0 0 0 0 0 0 0 0 0 0 0 0
"109" 109 0.413793103448 33 14 11 8 7 4 3 1 0 0 0 0 0 0 0 0 0 0 0 0
"110" 110 0.379310344828 45 21 9 3 3 0 0 0 0 0 0 0 0 0 0 0 0 0 0 0
"111" 111 0.451923076923 65 12 2 2 0 0 0 0 0 0 0 0 0 0 0 0 0 0 0 0
"112" 112 0.448905109489 68 6 2 2 1 1 1 0 0 0 0 0 0 0 0 0 0 0 0 0
"113" 113 0.0512820512821 81 0 0 0 0 0 0 0 0 0 0 0 0 0 0 0 0 0 0 0
"114" 114 0.0 38 37 5 1 0 0 0 0 0 0 0 0 0 0 0 0 0 0 0 0
"115" 115 0.0 55 15 11 0 0 0 0 0 0 0 0 0 0 0 0 0 0 0 0 0
"116" 116 0.157894736842 81 0 0 0 0 0 0 0 0 0 0 0 0 0 0 0 0 0 0 0
"117" 117 0.134615384615 73 8 0 0 0 0 0 0 0 0 0 0 0 0 0 0 0 0 0 0
"118" 118 0.0 81 0 0 0 0 0 0 0 0 0 0 0 0 0 0 0 0 0 0 0
"119" 119 0.502590673575 80 1 0 0 0 0 0 0 0 0 0 0 0 0 0 0 0 0 0 0
"120" 120 0.105769230769 59 14 3 3 2 0 0 0 0 0 0 0 0 0 0 0 0 0 0 0
"121" 121 0.553459119497 45 12 7 4 4 2 2 1 1 1 1 1 0 0 0 0 0 0 0 0
"122" 122 0.575892857143 68 7 3 2 1 0 0 0 0 0 0 0 0 0 0 0 0 0 0 0
"123" 123 0.174418604651 54 9 7 3 3 2 2 1 0 0 0 0 0 0 0 0 0 0 0 0
"124" 124 0.015503875969 73 8 0 0 0 0 0 0 0 0 0 0 0 0 0 0 0 0 0 0
"125" 125 0.573839662447 20 18 18 10 5 3 2 2 1 1 1 0 0 0 0 0 0 0 0 0
"126" 126 0.507772020725 34 34 3 2 2 1 1 1 1 1 1 0 0 0 0 0 0 0 0 0
"127" 127 0.09375 81 0 0 0 0 0 0 0 0 0 0 0 0 0 0 0 0 0 0 0
"128" 128 0.0964467005076 74 4 3 0 0 0 0 0 0 0 0 0 0 0 0 0 0 0 0 0
"129" 129 0.713080168776 34 14 12 5 5 3 3 2 1 1 0 0 0 0 0 0 0 0 0 0
"130" 130 0.243781094527 73 4 2 1 0 0 0 0 0 0 0 0 0 0 0 0 0 0 0 0
"131" 131 0.0354609929078 67 9 2 1 0 0 0 0 0 0 0 0 0 0 0 0 0 0 0 0
"132" 132 0.0418410041841 78 1 0 0 0 0 0 0 0 0 0 0 0 0 0 0 0 0 0 0
"133" 133 0.518987341772 25 9 9 7 6 5 4 4 3 2 2 1 0 0 0 0 0 0 0 0
"134" 134 0.685534591195 26 24 8 4 4 3 3 2 1 1 1 0 0 0 0 0 0 0 0 0
"135" 135 0.629464285714 28 13 10 8 6 5 4 3 1 0 0 0 0 0 0 0 0 0 0 0
"136" 136 0.290178571429 65 2 1 1 1 1 1 0 0 0 0 0 0 0 0 0 0 0 0 0
"137" 137 0.169154228856 54 10 9 2 1 1 0 0 0 0 0 0 0 0 0 0 0 0 0 0
"138" 138 0.390804597701 30 11 9 6 5 4 3 3 2 2 1 1 0 0 0 0 0 0 0 0
"139" 139 0.741721854305 21 12 11 10 6 3 3 2 2 2 1 1 1 0 0 0 0 0 0 0
"140" 140 0.430962343096 43 30 2 0 0 0 0 0 0 0 0 0 0 0 0 0 0 0 0 0
"141" 141 0.651162790698 18 14 12 6 6 4 4 3 2 2 1 1 0 0 0 0 0 0 0 0
"142" 142 0.145695364238 22 15 8 8 5 4 3 2 2 1 1 0 0 0 0 0 0 0 0 0
"143" 143 0.692307692308 14 13 10 8 6 3 3 3 2 2 2 2 1 1 1 0 0 0 0 0
"144" 144 0.390728476821 12 9 8 7 7 6 5 5 5 2 1 1 1 1 1 0 0 0 0 0
"145" 145 0.147321428571 14 10 7 7 6 5 3 3 3 2 2 2 2 1 1 1 1 0 0 0
"146" 146 0.599156118143 16 10 7 7 6 5 5 3 3 3 2 1 1 1 0 0 0 0 0 0
"147" 147 0.794326241135 55 4 4 2 1 1 1 1 1 0 0 0 0 0 0 0 0 0 0 0
"148" 148 0.335025380711 27 21 16 2 1 0 0 0 0 0 0 0 0 0 0 0 0 0 0 0
"149" 149 0.406844106464 58 1 1 0 0 0 0 0 0 0 0 0 0 0 0 0 0 0 0 0
