"site" "RSA" "aa1" "aa2" "aa3" "aa4" "aa5" "aa6" "aa7" "aa8" "aa9" "aa10" "aa11" "aa12" "aa13" "aa14" "aa15" "aa16" "aa17" "aa18" "aa19" "aa20"
"0" 0 0.848623853211 500 0 0 0 0 0 0 0 0 0 0 0 0 0 0 0 0 0 0 0
"1" 1 0.517948717949 500 0 0 0 0 0 0 0 0 0 0 0 0 0 0 0 0 0 0 0
"2" 2 0.0583941605839 295 80 72 49 4 0 0 0 0 0 0 0 0 0 0 0 0 0 0 0
"3" 3 0.383647798742 499 1 0 0 0 0 0 0 0 0 0 0 0 0 0 0 0 0 0 0
"4" 4 0.443708609272 334 84 48 34 0 0 0 0 0 0 0 0 0 0 0 0 0 0 0 0
"5" 5 0.644230769231 500 0 0 0 0 0 0 0 0 0 0 0 0 0 0 0 0 0 0 0
"6" 6 0.0766423357664 459 28 9 3 1 0 0 0 0 0 0 0 0 0 0 0 0 0 0 0
"7" 7 0.317829457364 382 115 3 0 0 0 0 0 0 0 0 0 0 0 0 0 0 0 0 0
"8" 8 0.294573643411 289 195 15 1 0 0 0 0 0 0 0 0 0 0 0 0 0 0 0 0
"9" 9 0.424870466321 339 100 20 17 16 7 1 0 0 0 0 0 0 0 0 0 0 0 0 0
"10" 10 0.430493273543 378 122 0 0 0 0 0 0 0 0 0 0 0 0 0 0 0 0 0 0
"11" 11 0.0348258706468 394 75 11 7 7 4 1 1 0 0 0 0 0 0 0 0 0 0 0 0
"12" 12 0.043795620438 499 1 0 0 0 0 0 0 0 0 0 0 0 0 0 0 0 0 0 0
"13" 13 0.704402515723 185 178 92 38 4 3 0 0 0 0 0 0 0 0 0 0 0 0 0 0
"14" 14 0.137055837563 407 32 28 17 8 3 2 2 1 0 0 0 0 0 0 0 0 0 0 0
"15" 15 0.565693430657 363 55 43 36 3 0 0 0 0 0 0 0 0 0 0 0 0 0 0 0
"16" 16 0.126903553299 498 1 1 0 0 0 0 0 0 0 0 0 0 0 0 0 0 0 0 0
"17" 17 0.313953488372 288 99 44 40 19 10 0 0 0 0 0 0 0 0 0 0 0 0 0 0
"18" 18 0.142335766423 377 121 1 1 0 0 0 0 0 0 0 0 0 0 0 0 0 0 0 0
"19" 19 0.622009569378 330 140 14 13 3 0 0 0 0 0 0 0 0 0 0 0 0 0 0 0
"20" 20 0.414448669202 473 19 6 1 1 0 0 0 0 0 0 0 0 0 0 0 0 0 0 0
"21" 21 0.360465116279 449 31 15 5 0 0 0 0 0 0 0 0 0 0 0 0 0 0 0 0
"22" 22 0.789029535865 493 7 0 0 0 0 0 0 0 0 0 0 0 0 0 0 0 0 0 0
"23" 23 0.77033492823 500 0 0 0 0 0 0 0 0 0 0 0 0 0 0 0 0 0 0 0
"24" 24 0.178294573643 418 73 8 1 0 0 0 0 0 0 0 0 0 0 0 0 0 0 0 0
"25" 25 0.174107142857 391 80 22 3 3 1 0 0 0 0 0 0 0 0 0 0 0 0 0 0
"26" 26 0.00961538461538 500 0 0 0 0 0 0 0 0 0 0 0 0 0 0 0 0 0 0 0
"27" 27 0.00662251655629 500 0 0 0 0 0 0 0 0 0 0 0 0 0 0 0 0 0 0 0
"28" 28 0.0 500 0 0 0 0 0 0 0 0 0 0 0 0 0 0 0 0 0 0 0
"29" 29 0.0696517412935 297 156 25 18 3 1 0 0 0 0 0 0 0 0 0 0 0 0 0 0
"30" 30 0.0 479 15 5 1 0 0 0 0 0 0 0 0 0 0 0 0 0 0 0 0
"31" 31 0.0982142857143 495 5 0 0 0 0 0 0 0 0 0 0 0 0 0 0 0 0 0 0
"32" 32 0.0 366 100 15 8 3 3 2 1 1 1 0 0 0 0 0 0 0 0 0 0
"33" 33 0.182692307692 500 0 0 0 0 0 0 0 0 0 0 0 0 0 0 0 0 0 0 0
"34" 34 0.492227979275 477 23 0 0 0 0 0 0 0 0 0 0 0 0 0 0 0 0 0 0
"35" 35 0.0 498 2 0 0 0 0 0 0 0 0 0 0 0 0 0 0 0 0 0 0
"36" 36 0.295358649789 434 53 9 3 1 0 0 0 0 0 0 0 0 0 0 0 0 0 0 0
"37" 37 0.0 499 1 0 0 0 0 0 0 0 0 0 0 0 0 0 0 0 0 0 0
"38" 38 0.106598984772 288 167 15 14 11 4 1 0 0 0 0 0 0 0 0 0 0 0 0 0
"39" 39 0.0 489 7 4 0 0 0 0 0 0 0 0 0 0 0 0 0 0 0 0 0
"40" 40 0.122093023256 323 118 16 13 10 9 4 3 2 1 1 0 0 0 0 0 0 0 0 0
"41" 41 0.0 495 3 1 1 0 0 0 0 0 0 0 0 0 0 0 0 0 0 0 0
"42" 42 0.245033112583 330 54 30 26 23 16 6 5 4 2 2 1 1 0 0 0 0 0 0 0
"43" 43 0.131782945736 456 35 2 2 2 1 1 1 0 0 0 0 0 0 0 0 0 0 0 0
"44" 44 0.477678571429 266 80 72 63 11 5 3 0 0 0 0 0 0 0 0 0 0 0 0 0
"45" 45 0.695364238411 500 0 0 0 0 0 0 0 0 0 0 0 0 0 0 0 0 0 0 0
"46" 46 0.192307692308 500 0 0 0 0 0 0 0 0 0 0 0 0 0 0 0 0 0 0 0
"47" 47 0.241379310345 489 11 0 0 0 0 0 0 0 0 0 0 0 0 0 0 0 0 0 0
"48" 48 0.396226415094 498 2 0 0 0 0 0 0 0 0 0 0 0 0 0 0 0 0 0 0
"49" 49 0.605839416058 500 0 0 0 0 0 0 0 0 0 0 0 0 0 0 0 0 0 0 0
"50" 50 0.125523012552 500 0 0 0 0 0 0 0 0 0 0 0 0 0 0 0 0 0 0 0
"51" 51 0.771144278607 500 0 0 0 0 0 0 0 0 0 0 0 0 0 0 0 0 0 0 0
"52" 52 0.561181434599 499 1 0 0 0 0 0 0 0 0 0 0 0 0 0 0 0 0 0 0
"53" 53 0.242152466368 500 0 0 0 0 0 0 0 0 0 0 0 0 0 0 0 0 0 0 0
"54" 54 0.0 500 0 0 0 0 0 0 0 0 0 0 0 0 0 0 0 0 0 0 0
"55" 55 0.152482269504 202 194 68 35 1 0 0 0 0 0 0 0 0 0 0 0 0 0 0 0
"56" 56 0.0 438 38 24 0 0 0 0 0 0 0 0 0 0 0 0 0 0 0 0 0
"57" 57 0.308139534884 484 8 5 2 1 0 0 0 0 0 0 0 0 0 0 0 0 0 0 0
"58" 58 0.062015503876 500 0 0 0 0 0 0 0 0 0 0 0 0 0 0 0 0 0 0 0
"59" 59 0.455357142857 479 9 6 4 1 1 0 0 0 0 0 0 0 0 0 0 0 0 0 0
"60" 60 0.0228136882129 465 18 17 0 0 0 0 0 0 0 0 0 0 0 0 0 0 0 0 0
"61" 61 0.105769230769 284 79 53 38 32 5 5 2 2 0 0 0 0 0 0 0 0 0 0 0
"62" 62 0.174311926606 464 18 16 2 0 0 0 0 0 0 0 0 0 0 0 0 0 0 0 0
"63" 63 0.388059701493 215 145 66 37 36 1 0 0 0 0 0 0 0 0 0 0 0 0 0 0
"64" 64 0.062893081761 500 0 0 0 0 0 0 0 0 0 0 0 0 0 0 0 0 0 0 0
"65" 65 0.605839416058 266 135 94 5 0 0 0 0 0 0 0 0 0 0 0 0 0 0 0 0
"66" 66 0.0331125827815 500 0 0 0 0 0 0 0 0 0 0 0 0 0 0 0 0 0 0 0
"67" 67 0.197674418605 270 149 54 14 10 3 0 0 0 0 0 0 0 0 0 0 0 0 0 0
"68" 68 0.5 453 23 17 7 0 0 0 0 0 0 0 0 0 0 0 0 0 0 0 0
"69" 69 0.642857142857 497 3 0 0 0 0 0 0 0 0 0 0 0 0 0 0 0 0 0 0
"70" 70 0.551094890511 401 94 5 0 0 0 0 0 0 0 0 0 0 0 0 0 0 0 0 0
"71" 71 0.215384615385 256 119 110 13 2 0 0 0 0 0 0 0 0 0 0 0 0 0 0 0
"72" 72 0.497757847534 500 0 0 0 0 0 0 0 0 0 0 0 0 0 0 0 0 0 0 0
"73" 73 0.448905109489 258 191 28 23 0 0 0 0 0 0 0 0 0 0 0 0 0 0 0 0
"74" 74 0.209821428571 352 123 24 1 0 0 0 0 0 0 0 0 0 0 0 0 0 0 0 0
"75" 75 0.674418604651 286 123 90 1 0 0 0 0 0 0 0 0 0 0 0 0 0 0 0 0
"76" 76 0.576158940397 500 0 0 0 0 0 0 0 0 0 0 0 0 0 0 0 0 0 0 0
"77" 77 0.412408759124 500 0 0 0 0 0 0 0 0 0 0 0 0 0 0 0 0 0 0 0
"78" 78 0.615384615385 500 0 0 0 0 0 0 0 0 0 0 0 0 0 0 0 0 0 0 0
"79" 79 0.493670886076 500 0 0 0 0 0 0 0 0 0 0 0 0 0 0 0 0 0 0 0
"80" 80 0.295964125561 453 37 5 3 1 1 0 0 0 0 0 0 0 0 0 0 0 0 0 0
"81" 81 0.201923076923 266 130 96 6 2 0 0 0 0 0 0 0 0 0 0 0 0 0 0 0
"82" 82 0.519230769231 456 43 1 0 0 0 0 0 0 0 0 0 0 0 0 0 0 0 0 0
"83" 83 0.394160583942 479 12 9 0 0 0 0 0 0 0 0 0 0 0 0 0 0 0 0 0
"84" 84 0.046511627907 276 127 93 1 1 1 1 0 0 0 0 0 0 0 0 0 0 0 0 0
"85" 85 0.383084577114 441 43 15 1 0 0 0 0 0 0 0 0 0 0 0 0 0 0 0 0
"86" 86 0.352678571429 470 18 9 2 1 0 0 0 0 0 0 0 0 0 0 0 0 0 0 0
"87" 87 0.0 481 15 2 2 0 0 0 0 0 0 0 0 0 0 0 0 0 0 0 0
"88" 88 0.0896860986547 490 8 2 0 0 0 0 0 0 0 0 0 0 0 0 0 0 0 0 0
"89" 89 0.627737226277 262 133 86 14 4 1 0 0 0 0 0 0 0 0 0 0 0 0 0 0
"90" 90 0.0398009950249 214 139 63 59 12 5 4 3 1 0 0 0 0 0 0 0 0 0 0 0
"91" 91 0.0 449 51 0 0 0 0 0 0 0 0 0 0 0 0 0 0 0 0 0 0
"92" 92 0.0192307692308 357 91 52 0 0 0 0 0 0 0 0 0 0 0 0 0 0 0 0 0
"93" 93 0.339416058394 454 25 8 8 3 1 1 0 0 0 0 0 0 0 0 0 0 0 0 0
"94" 94 0.0 500 0 0 0 0 0 0 0 0 0 0 0 0 0 0 0 0 0 0 0
"95" 95 0.0 500 0 0 0 0 0 0 0 0 0 0 0 0 0 0 0 0 0 0 0
"96" 96 0.21897810219 382 80 34 2 2 0 0 0 0 0 0 0 0 0 0 0 0 0 0 0
"97" 97 0.271317829457 343 120 12 10 4 4 3 2 2 0 0 0 0 0 0 0 0 0 0 0
"98" 98 0.0232558139535 500 0 0 0 0 0 0 0 0 0 0 0 0 0 0 0 0 0 0 0
"99" 99 0.0149253731343 500 0 0 0 0 0 0 0 0 0 0 0 0 0 0 0 0 0 0 0
"100" 100 0.19170984456 492 7 1 0 0 0 0 0 0 0 0 0 0 0 0 0 0 0 0 0
"101" 101 0.114427860697 404 60 24 8 2 2 0 0 0 0 0 0 0 0 0 0 0 0 0 0
"102" 102 0.443708609272 463 30 6 1 0 0 0 0 0 0 0 0 0 0 0 0 0 0 0 0
"103" 103 0.350210970464 493 7 0 0 0 0 0 0 0 0 0 0 0 0 0 0 0 0 0 0
"104" 104 0.0 500 0 0 0 0 0 0 0 0 0 0 0 0 0 0 0 0 0 0 0
"105" 105 0.0480769230769 500 0 0 0 0 0 0 0 0 0 0 0 0 0 0 0 0 0 0 0
"106" 106 0.584821428571 489 11 0 0 0 0 0 0 0 0 0 0 0 0 0 0 0 0 0 0
"107" 107 0.0923076923077 458 41 1 0 0 0 0 0 0 0 0 0 0 0 0 0 0 0 0 0
"108" 108 0.0290697674419 324 103 53 13 3 2 2 0 0 0 0 0 0 0 0 0 0 0 0 0
"109" 109 0.0 495 5 0 0 0 0 0 0 0 0 0 0 0 0 0 0 0 0 0 0
"110" 110 0.368821292776 164 123 82 70 44 6 6 2 1 1 1 0 0 0 0 0 0 0 0 0
"111" 111 0.00507614213198 496 3 1 0 0 0 0 0 0 0 0 0 0 0 0 0 0 0 0 0
"112" 112 0.20207253886 264 149 37 24 8 6 6 3 3 0 0 0 0 0 0 0 0 0 0 0
"113" 113 0.0 431 44 18 7 0 0 0 0 0 0 0 0 0 0 0 0 0 0 0 0
"114" 114 0.310880829016 220 64 46 45 37 29 24 22 6 3 3 1 0 0 0 0 0 0 0 0
"115" 115 0.0 460 34 5 1 0 0 0 0 0 0 0 0 0 0 0 0 0 0 0 0
"116" 116 0.38578680203 150 118 63 50 49 41 14 7 4 3 1 0 0 0 0 0 0 0 0 0
"117" 117 0.340807174888 439 61 0 0 0 0 0 0 0 0 0 0 0 0 0 0 0 0 0 0
"118" 118 0.178294573643 323 134 16 9 6 4 2 2 2 1 1 0 0 0 0 0 0 0 0 0
"119" 119 0.20207253886 500 0 0 0 0 0 0 0 0 0 0 0 0 0 0 0 0 0 0 0
"120" 120 0.105769230769 500 0 0 0 0 0 0 0 0 0 0 0 0 0 0 0 0 0 0 0
"121" 121 0.173076923077 500 0 0 0 0 0 0 0 0 0 0 0 0 0 0 0 0 0 0 0
"122" 122 0.0348837209302 459 15 14 8 3 1 0 0 0 0 0 0 0 0 0 0 0 0 0 0
"123" 123 0.120437956204 338 141 10 9 2 0 0 0 0 0 0 0 0 0 0 0 0 0 0 0
"124" 124 0.00581395348837 262 158 77 3 0 0 0 0 0 0 0 0 0 0 0 0 0 0 0 0
"125" 125 0.0 372 125 3 0 0 0 0 0 0 0 0 0 0 0 0 0 0 0 0 0
"126" 126 0.0 499 1 0 0 0 0 0 0 0 0 0 0 0 0 0 0 0 0 0 0
"127" 127 0.00507614213198 494 6 0 0 0 0 0 0 0 0 0 0 0 0 0 0 0 0 0 0
"128" 128 0.0 492 6 2 0 0 0 0 0 0 0 0 0 0 0 0 0 0 0 0 0
"129" 129 0.0 485 11 4 0 0 0 0 0 0 0 0 0 0 0 0 0 0 0 0 0
"130" 130 0.0 500 0 0 0 0 0 0 0 0 0 0 0 0 0 0 0 0 0 0 0
"131" 131 0.00581395348837 377 116 7 0 0 0 0 0 0 0 0 0 0 0 0 0 0 0 0 0
"132" 132 0.0 486 12 1 1 0 0 0 0 0 0 0 0 0 0 0 0 0 0 0 0
"133" 133 0.0 500 0 0 0 0 0 0 0 0 0 0 0 0 0 0 0 0 0 0 0
"134" 134 0.00995024875622 500 0 0 0 0 0 0 0 0 0 0 0 0 0 0 0 0 0 0 0
"135" 135 0.162436548223 403 18 17 17 13 12 10 6 2 2 0 0 0 0 0 0 0 0 0 0
"136" 136 0.0673575129534 264 129 64 37 3 2 1 0 0 0 0 0 0 0 0 0 0 0 0 0
"137" 137 0.0 500 0 0 0 0 0 0 0 0 0 0 0 0 0 0 0 0 0 0 0
"138" 138 0.0646766169154 500 0 0 0 0 0 0 0 0 0 0 0 0 0 0 0 0 0 0 0
"139" 139 0.457364341085 288 207 2 2 1 0 0 0 0 0 0 0 0 0 0 0 0 0 0 0
"140" 140 0.252873563218 385 94 18 2 1 0 0 0 0 0 0 0 0 0 0 0 0 0 0 0
"141" 141 0.0199004975124 458 40 2 0 0 0 0 0 0 0 0 0 0 0 0 0 0 0 0 0
"142" 142 0.514767932489 293 207 0 0 0 0 0 0 0 0 0 0 0 0 0 0 0 0 0 0
"143" 143 0.827004219409 262 237 1 0 0 0 0 0 0 0 0 0 0 0 0 0 0 0 0 0
"144" 144 0.540145985401 386 97 12 2 1 1 1 0 0 0 0 0 0 0 0 0 0 0 0 0
"145" 145 0.615384615385 500 0 0 0 0 0 0 0 0 0 0 0 0 0 0 0 0 0 0 0
"146" 146 0.170542635659 479 18 2 1 0 0 0 0 0 0 0 0 0 0 0 0 0 0 0 0
"147" 147 0.124378109453 500 0 0 0 0 0 0 0 0 0 0 0 0 0 0 0 0 0 0 0
"148" 148 0.497890295359 500 0 0 0 0 0 0 0 0 0 0 0 0 0 0 0 0 0 0 0
"149" 149 0.384615384615 500 0 0 0 0 0 0 0 0 0 0 0 0 0 0 0 0 0 0 0
"150" 150 0.502564102564 499 1 0 0 0 0 0 0 0 0 0 0 0 0 0 0 0 0 0 0
"151" 151 0.0125786163522 500 0 0 0 0 0 0 0 0 0 0 0 0 0 0 0 0 0 0 0
"152" 152 0.323383084577 496 2 2 0 0 0 0 0 0 0 0 0 0 0 0 0 0 0 0 0
"153" 153 0.523206751055 462 25 9 2 2 0 0 0 0 0 0 0 0 0 0 0 0 0 0 0
"154" 154 0.291479820628 399 44 31 21 4 1 0 0 0 0 0 0 0 0 0 0 0 0 0 0
"155" 155 0.0963302752294 438 28 12 11 6 3 2 0 0 0 0 0 0 0 0 0 0 0 0 0
"156" 156 0.0 485 7 5 3 0 0 0 0 0 0 0 0 0 0 0 0 0 0 0 0
"157" 157 0.0 497 3 0 0 0 0 0 0 0 0 0 0 0 0 0 0 0 0 0 0
"158" 158 0.0077519379845 260 238 2 0 0 0 0 0 0 0 0 0 0 0 0 0 0 0 0 0
"159" 159 0.0 438 62 0 0 0 0 0 0 0 0 0 0 0 0 0 0 0 0 0 0
"160" 160 0.0331125827815 226 93 76 27 25 20 13 13 5 1 1 0 0 0 0 0 0 0 0 0
"161" 161 0.00574712643678 492 8 0 0 0 0 0 0 0 0 0 0 0 0 0 0 0 0 0 0
"162" 162 0.0 246 134 101 17 2 0 0 0 0 0 0 0 0 0 0 0 0 0 0 0
"163" 163 0.126903553299 488 9 3 0 0 0 0 0 0 0 0 0 0 0 0 0 0 0 0 0
"164" 164 0.144486692015 486 9 2 2 1 0 0 0 0 0 0 0 0 0 0 0 0 0 0 0
"165" 165 0.417040358744 500 0 0 0 0 0 0 0 0 0 0 0 0 0 0 0 0 0 0 0
"166" 166 0.615384615385 500 0 0 0 0 0 0 0 0 0 0 0 0 0 0 0 0 0 0 0
"167" 167 0.33908045977 485 15 0 0 0 0 0 0 0 0 0 0 0 0 0 0 0 0 0 0
"168" 168 0.251572327044 491 9 0 0 0 0 0 0 0 0 0 0 0 0 0 0 0 0 0 0
"169" 169 0.0229885057471 321 175 2 2 0 0 0 0 0 0 0 0 0 0 0 0 0 0 0 0
"170" 170 0.00497512437811 491 4 3 1 1 0 0 0 0 0 0 0 0 0 0 0 0 0 0 0
"171" 171 0.0 500 0 0 0 0 0 0 0 0 0 0 0 0 0 0 0 0 0 0 0
"172" 172 0.00995024875622 313 101 73 13 0 0 0 0 0 0 0 0 0 0 0 0 0 0 0 0
"173" 173 0.0569948186528 500 0 0 0 0 0 0 0 0 0 0 0 0 0 0 0 0 0 0 0
"174" 174 0.490494296578 474 18 4 3 1 0 0 0 0 0 0 0 0 0 0 0 0 0 0 0
"175" 175 0.492537313433 452 40 7 1 0 0 0 0 0 0 0 0 0 0 0 0 0 0 0 0
"176" 176 0.0 175 107 91 59 51 12 4 1 0 0 0 0 0 0 0 0 0 0 0 0
"177" 177 0.362694300518 208 133 51 42 34 32 0 0 0 0 0 0 0 0 0 0 0 0 0 0
"178" 178 0.443708609272 458 18 17 6 1 0 0 0 0 0 0 0 0 0 0 0 0 0 0 0
"179" 179 0.441860465116 473 13 9 3 2 0 0 0 0 0 0 0 0 0 0 0 0 0 0 0
"180" 180 0.046511627907 302 198 0 0 0 0 0 0 0 0 0 0 0 0 0 0 0 0 0 0
"181" 181 0.473214285714 500 0 0 0 0 0 0 0 0 0 0 0 0 0 0 0 0 0 0 0
"182" 182 0.0581395348837 492 6 2 0 0 0 0 0 0 0 0 0 0 0 0 0 0 0 0 0
"183" 183 0.129533678756 279 75 61 52 31 1 1 0 0 0 0 0 0 0 0 0 0 0 0 0
"184" 184 0.00497512437811 495 3 1 1 0 0 0 0 0 0 0 0 0 0 0 0 0 0 0 0
"185" 185 0.0923076923077 347 106 27 12 3 2 1 1 1 0 0 0 0 0 0 0 0 0 0 0
"186" 186 0.00574712643678 465 26 4 2 2 1 0 0 0 0 0 0 0 0 0 0 0 0 0 0
"187" 187 0.0172413793103 495 3 2 0 0 0 0 0 0 0 0 0 0 0 0 0 0 0 0 0
"188" 188 0.00917431192661 397 55 18 18 12 0 0 0 0 0 0 0 0 0 0 0 0 0 0 0
"189" 189 0.0581395348837 347 125 15 5 4 2 1 1 0 0 0 0 0 0 0 0 0 0 0 0
"190" 190 0.279792746114 379 121 0 0 0 0 0 0 0 0 0 0 0 0 0 0 0 0 0 0
"191" 191 0.713178294574 204 147 104 42 3 0 0 0 0 0 0 0 0 0 0 0 0 0 0 0
"192" 192 0.307692307692 500 0 0 0 0 0 0 0 0 0 0 0 0 0 0 0 0 0 0 0
"193" 193 0.317307692308 234 118 103 41 3 1 0 0 0 0 0 0 0 0 0 0 0 0 0 0
"194" 194 0.364016736402 383 37 34 14 11 10 5 3 2 1 0 0 0 0 0 0 0 0 0 0
"195" 195 0.258883248731 492 5 3 0 0 0 0 0 0 0 0 0 0 0 0 0 0 0 0 0
"196" 196 0.1875 137 121 69 60 47 30 22 8 4 1 1 0 0 0 0 0 0 0 0 0
"197" 197 0.362068965517 310 127 39 6 5 4 3 2 2 1 1 0 0 0 0 0 0 0 0 0
"198" 198 0.313901345291 156 106 78 36 35 27 26 18 8 4 3 2 1 0 0 0 0 0 0 0
"199" 199 0.298076923077 432 61 4 3 0 0 0 0 0 0 0 0 0 0 0 0 0 0 0 0
"200" 200 0.372093023256 271 186 39 2 1 1 0 0 0 0 0 0 0 0 0 0 0 0 0 0
"201" 201 0.31007751938 488 6 6 0 0 0 0 0 0 0 0 0 0 0 0 0 0 0 0 0
"202" 202 0.625 452 48 0 0 0 0 0 0 0 0 0 0 0 0 0 0 0 0 0 0
"203" 203 0.269230769231 500 0 0 0 0 0 0 0 0 0 0 0 0 0 0 0 0 0 0 0
"204" 204 0.596899224806 492 8 0 0 0 0 0 0 0 0 0 0 0 0 0 0 0 0 0 0
"205" 205 0.635220125786 500 0 0 0 0 0 0 0 0 0 0 0 0 0 0 0 0 0 0 0
"206" 206 0.225941422594 371 121 6 2 0 0 0 0 0 0 0 0 0 0 0 0 0 0 0 0
"207" 207 0.63503649635 241 125 122 8 4 0 0 0 0 0 0 0 0 0 0 0 0 0 0 0
"208" 208 0.572327044025 374 87 34 5 0 0 0 0 0 0 0 0 0 0 0 0 0 0 0 0
"209" 209 0.604651162791 436 61 3 0 0 0 0 0 0 0 0 0 0 0 0 0 0 0 0 0
"210" 210 0.294642857143 270 230 0 0 0 0 0 0 0 0 0 0 0 0 0 0 0 0 0 0
"211" 211 0.243781094527 349 110 24 9 4 3 1 0 0 0 0 0 0 0 0 0 0 0 0 0
"212" 212 0.461538461538 412 65 20 3 0 0 0 0 0 0 0 0 0 0 0 0 0 0 0 0
"213" 213 0.302325581395 390 60 50 0 0 0 0 0 0 0 0 0 0 0 0 0 0 0 0 0
"214" 214 0.0045871559633 491 9 0 0 0 0 0 0 0 0 0 0 0 0 0 0 0 0 0 0
"215" 215 0.10447761194 457 17 15 6 4 1 0 0 0 0 0 0 0 0 0 0 0 0 0 0
"216" 216 0.5625 310 138 50 2 0 0 0 0 0 0 0 0 0 0 0 0 0 0 0 0
"217" 217 0.109452736318 498 2 0 0 0 0 0 0 0 0 0 0 0 0 0 0 0 0 0 0
"218" 218 0.0 464 28 8 0 0 0 0 0 0 0 0 0 0 0 0 0 0 0 0 0
"219" 219 0.304932735426 326 109 28 23 10 3 1 0 0 0 0 0 0 0 0 0 0 0 0 0
"220" 220 0.479820627803 366 85 25 18 4 2 0 0 0 0 0 0 0 0 0 0 0 0 0 0
"221" 221 0.0384615384615 491 4 4 1 0 0 0 0 0 0 0 0 0 0 0 0 0 0 0 0
"222" 222 0.0 456 29 9 2 2 1 1 0 0 0 0 0 0 0 0 0 0 0 0 0
"223" 223 0.403587443946 250 133 89 21 7 0 0 0 0 0 0 0 0 0 0 0 0 0 0 0
"224" 224 0.428571428571 200 159 65 23 22 18 13 0 0 0 0 0 0 0 0 0 0 0 0 0
"225" 225 0.0 413 32 21 21 10 2 1 0 0 0 0 0 0 0 0 0 0 0 0 0
"226" 226 0.00418410041841 439 61 0 0 0 0 0 0 0 0 0 0 0 0 0 0 0 0 0 0
"227" 227 0.553571428571 180 138 116 63 3 0 0 0 0 0 0 0 0 0 0 0 0 0 0 0
"228" 228 0.243781094527 311 128 19 17 13 10 1 1 0 0 0 0 0 0 0 0 0 0 0 0
"229" 229 0.0 500 0 0 0 0 0 0 0 0 0 0 0 0 0 0 0 0 0 0 0
"230" 230 0.456204379562 464 28 3 3 1 1 0 0 0 0 0 0 0 0 0 0 0 0 0 0
"231" 231 0.457364341085 354 146 0 0 0 0 0 0 0 0 0 0 0 0 0 0 0 0 0 0
"232" 232 0.131782945736 500 0 0 0 0 0 0 0 0 0 0 0 0 0 0 0 0 0 0 0
"233" 233 0.189054726368 414 32 26 13 8 4 2 1 0 0 0 0 0 0 0 0 0 0 0 0
"234" 234 0.558139534884 375 125 0 0 0 0 0 0 0 0 0 0 0 0 0 0 0 0 0 0
"235" 235 0.808035714286 500 0 0 0 0 0 0 0 0 0 0 0 0 0 0 0 0 0 0 0
