"site" "RSA" "aa1" "aa2" "aa3" "aa4" "aa5" "aa6" "aa7" "aa8" "aa9" "aa10" "aa11" "aa12" "aa13" "aa14" "aa15" "aa16" "aa17" "aa18" "aa19" "aa20"
"0" 0 0.736040609137 109 74 64 41 36 35 26 22 20 18 18 11 6 6 5 4 3 2 0 0
"1" 1 0.157232704403 499 1 0 0 0 0 0 0 0 0 0 0 0 0 0 0 0 0 0 0
"2" 2 0.527131782946 179 66 41 40 28 23 22 19 18 12 11 10 7 6 5 5 4 3 1 0
"3" 3 0.154811715481 498 1 1 0 0 0 0 0 0 0 0 0 0 0 0 0 0 0 0 0
"4" 4 0.488038277512 78 73 66 62 52 36 25 24 15 15 13 11 10 7 7 5 1 0 0 0
"5" 5 0.553459119497 495 2 2 1 0 0 0 0 0 0 0 0 0 0 0 0 0 0 0 0
"6" 6 0.644230769231 500 0 0 0 0 0 0 0 0 0 0 0 0 0 0 0 0 0 0 0
"7" 7 0.482142857143 148 117 54 44 42 31 19 15 9 7 6 4 2 1 1 0 0 0 0 0
"8" 8 0.174129353234 499 1 0 0 0 0 0 0 0 0 0 0 0 0 0 0 0 0 0 0
"9" 9 0.0512820512821 259 84 57 47 25 10 8 4 3 2 1 0 0 0 0 0 0 0 0 0
"10" 10 0.373563218391 415 64 11 5 3 1 1 0 0 0 0 0 0 0 0 0 0 0 0 0
"11" 11 0.0570342205323 399 98 2 1 0 0 0 0 0 0 0 0 0 0 0 0 0 0 0 0
"12" 12 0.35761589404 312 59 40 21 18 16 7 5 4 4 4 3 2 2 1 1 1 0 0 0
"13" 13 0.325581395349 204 73 58 30 19 18 17 14 14 12 11 8 6 6 4 3 2 1 0 0
"14" 14 0.213836477987 495 3 2 0 0 0 0 0 0 0 0 0 0 0 0 0 0 0 0 0
"15" 15 0.384615384615 112 92 70 68 30 26 22 21 19 16 9 5 4 2 2 1 1 0 0 0
"16" 16 0.321243523316 230 107 99 16 11 11 10 8 5 1 1 1 0 0 0 0 0 0 0 0
"17" 17 0.0 497 2 1 0 0 0 0 0 0 0 0 0 0 0 0 0 0 0 0 0
"18" 18 0.0697674418605 117 111 85 39 38 28 21 12 12 11 9 5 5 3 3 1 0 0 0 0
"19" 19 0.326424870466 130 89 61 61 46 33 21 16 12 7 7 6 5 4 1 1 0 0 0 0
"20" 20 0.00574712643678 497 3 0 0 0 0 0 0 0 0 0 0 0 0 0 0 0 0 0 0
"21" 21 0.0132450331126 368 130 1 1 0 0 0 0 0 0 0 0 0 0 0 0 0 0 0 0
"22" 22 0.459854014599 88 83 56 45 45 43 34 25 19 12 11 9 9 7 7 6 1 0 0 0
"23" 23 0.302325581395 108 47 45 42 41 34 32 29 19 17 16 15 14 13 10 9 6 3 0 0
"24" 24 0.0845771144279 467 12 10 3 3 3 2 0 0 0 0 0 0 0 0 0 0 0 0 0
"25" 25 0.350364963504 289 81 62 45 9 6 4 2 1 1 0 0 0 0 0 0 0 0 0 0
"26" 26 0.73631840796 79 71 64 60 53 43 42 38 21 16 8 2 1 1 1 0 0 0 0 0
"27" 27 0.563953488372 92 79 72 52 37 30 28 25 24 23 21 9 5 2 1 0 0 0 0 0
"28" 28 0.480769230769 500 0 0 0 0 0 0 0 0 0 0 0 0 0 0 0 0 0 0 0
"29" 29 0.215328467153 500 0 0 0 0 0 0 0 0 0 0 0 0 0 0 0 0 0 0 0
"30" 30 0.284671532847 442 12 9 9 7 6 5 3 2 1 1 1 1 1 0 0 0 0 0 0
"31" 31 0.00574712643678 475 19 5 1 0 0 0 0 0 0 0 0 0 0 0 0 0 0 0 0
"32" 32 0.0 281 59 48 30 29 21 17 15 0 0 0 0 0 0 0 0 0 0 0 0
"33" 33 0.0 500 0 0 0 0 0 0 0 0 0 0 0 0 0 0 0 0 0 0 0
"34" 34 0.0 470 28 2 0 0 0 0 0 0 0 0 0 0 0 0 0 0 0 0 0
"35" 35 0.157232704403 478 9 5 2 1 1 1 1 1 1 0 0 0 0 0 0 0 0 0 0
"36" 36 0.0872093023256 451 44 5 0 0 0 0 0 0 0 0 0 0 0 0 0 0 0 0 0
"37" 37 0.587155963303 116 83 64 59 30 24 22 21 20 19 15 12 7 6 2 0 0 0 0 0
"38" 38 0.0192307692308 500 0 0 0 0 0 0 0 0 0 0 0 0 0 0 0 0 0 0 0
"39" 39 0.341085271318 235 55 44 41 37 26 18 17 10 7 6 2 1 1 0 0 0 0 0 0
"40" 40 0.0149253731343 456 22 16 3 2 1 0 0 0 0 0 0 0 0 0 0 0 0 0 0
"41" 41 0.11961722488 381 56 45 5 4 4 2 1 1 1 0 0 0 0 0 0 0 0 0 0
"42" 42 0.379464285714 445 33 11 3 2 1 1 1 1 1 1 0 0 0 0 0 0 0 0 0
"43" 43 0.115384615385 384 30 27 17 12 9 7 7 2 2 2 1 0 0 0 0 0 0 0 0
"44" 44 0.143540669856 113 111 85 59 46 27 15 13 10 8 7 5 1 0 0 0 0 0 0 0
"45" 45 0.0149253731343 313 152 20 9 3 2 1 0 0 0 0 0 0 0 0 0 0 0 0 0
"46" 46 0.15503875969 277 126 51 21 7 7 5 3 2 1 0 0 0 0 0 0 0 0 0 0
"47" 47 0.089552238806 275 117 58 25 9 8 5 2 1 0 0 0 0 0 0 0 0 0 0 0
"48" 48 0.0114942528736 488 7 3 1 1 0 0 0 0 0 0 0 0 0 0 0 0 0 0 0
"49" 49 0.317518248175 498 1 1 0 0 0 0 0 0 0 0 0 0 0 0 0 0 0 0 0
"50" 50 0.0852713178295 378 50 31 23 8 5 5 0 0 0 0 0 0 0 0 0 0 0 0 0
"51" 51 0.0 496 2 2 0 0 0 0 0 0 0 0 0 0 0 0 0 0 0 0 0
"52" 52 0.333333333333 164 115 63 54 35 17 15 14 6 5 4 3 2 1 1 1 0 0 0 0
"53" 53 0.649635036496 198 112 59 24 24 22 16 15 9 6 5 4 3 2 1 0 0 0 0 0
"54" 54 0.051724137931 149 133 89 52 22 14 12 7 7 5 4 2 2 2 0 0 0 0 0 0
"55" 55 0.610062893082 366 35 21 18 18 7 7 7 6 4 3 3 2 1 1 1 0 0 0 0
"56" 56 0.461538461538 493 5 1 1 0 0 0 0 0 0 0 0 0 0 0 0 0 0 0 0
"57" 57 0.0331125827815 341 136 23 0 0 0 0 0 0 0 0 0 0 0 0 0 0 0 0 0
"58" 58 0.0 493 4 3 0 0 0 0 0 0 0 0 0 0 0 0 0 0 0 0 0
"59" 59 0.0 486 11 3 0 0 0 0 0 0 0 0 0 0 0 0 0 0 0 0 0
"60" 60 0.0 499 1 0 0 0 0 0 0 0 0 0 0 0 0 0 0 0 0 0 0
"61" 61 0.0 500 0 0 0 0 0 0 0 0 0 0 0 0 0 0 0 0 0 0 0
"62" 62 0.00662251655629 440 49 8 3 0 0 0 0 0 0 0 0 0 0 0 0 0 0 0 0
"63" 63 0.152284263959 435 47 5 3 2 2 2 2 1 1 0 0 0 0 0 0 0 0 0 0
"64" 64 0.071129707113 473 26 1 0 0 0 0 0 0 0 0 0 0 0 0 0 0 0 0 0
"65" 65 0.551724137931 162 154 41 30 22 18 14 13 11 9 8 5 4 3 3 2 1 0 0 0
"66" 66 0.205128205128 332 58 38 33 12 11 9 4 3 0 0 0 0 0 0 0 0 0 0 0
"67" 67 0.358490566038 453 12 10 6 4 4 3 2 2 2 1 1 0 0 0 0 0 0 0 0
"68" 68 0.646788990826 167 61 52 45 38 29 24 19 17 13 12 10 8 2 1 1 1 0 0 0
"69" 69 0.22869955157 243 109 58 34 15 10 9 4 4 4 4 3 2 1 0 0 0 0 0 0
"70" 70 0.857740585774 315 37 36 25 23 19 9 8 7 7 6 4 2 1 1 0 0 0 0 0
"71" 71 0.730769230769 500 0 0 0 0 0 0 0 0 0 0 0 0 0 0 0 0 0 0 0
"72" 72 0.503875968992 124 123 80 60 52 30 12 10 6 1 1 1 0 0 0 0 0 0 0 0
"73" 73 1.18238993711 350 26 26 20 15 14 12 10 6 4 4 3 3 2 2 1 1 1 0 0
"74" 74 0.60621761658 380 49 30 26 6 6 3 0 0 0 0 0 0 0 0 0 0 0 0 0
"75" 75 0.497409326425 129 123 45 29 28 25 23 21 20 15 10 8 7 6 6 3 2 0 0 0
"76" 76 0.0362694300518 499 1 0 0 0 0 0 0 0 0 0 0 0 0 0 0 0 0 0 0
"77" 77 0.318407960199 373 26 18 17 12 9 8 8 6 6 4 3 3 3 2 1 1 0 0 0
"78" 78 0.472868217054 93 73 63 61 48 38 28 26 22 19 8 7 6 3 2 2 1 0 0 0
"79" 79 0.215246636771 244 137 22 21 17 16 14 6 6 5 5 2 2 1 1 1 0 0 0 0
"80" 80 0.00497512437811 493 2 2 2 1 0 0 0 0 0 0 0 0 0 0 0 0 0 0 0
"81" 81 0.63503649635 103 88 82 65 47 34 25 15 14 7 7 5 4 2 2 0 0 0 0 0
"82" 82 0.674418604651 93 84 63 59 59 33 31 20 13 13 8 7 5 4 3 3 2 0 0 0
"83" 83 0.183035714286 495 1 1 1 1 1 0 0 0 0 0 0 0 0 0 0 0 0 0 0
"84" 84 0.278846153846 498 2 0 0 0 0 0 0 0 0 0 0 0 0 0 0 0 0 0 0
"85" 85 0.00574712643678 498 2 0 0 0 0 0 0 0 0 0 0 0 0 0 0 0 0 0 0
"86" 86 0.0357142857143 500 0 0 0 0 0 0 0 0 0 0 0 0 0 0 0 0 0 0 0
"87" 87 0.0 461 39 0 0 0 0 0 0 0 0 0 0 0 0 0 0 0 0 0 0
"88" 88 0.0 406 55 11 10 8 8 2 0 0 0 0 0 0 0 0 0 0 0 0 0
"89" 89 0.0 500 0 0 0 0 0 0 0 0 0 0 0 0 0 0 0 0 0 0 0
"90" 90 0.197674418605 120 56 54 54 41 36 25 23 23 17 13 12 8 6 5 5 2 0 0 0
"91" 91 0.062893081761 500 0 0 0 0 0 0 0 0 0 0 0 0 0 0 0 0 0 0 0
"92" 92 0.482558139535 224 199 15 14 12 9 8 5 4 4 3 1 1 1 0 0 0 0 0 0
"93" 93 0.389534883721 123 110 58 45 45 17 13 11 11 11 10 9 8 8 7 6 6 2 0 0
"94" 94 0.542635658915 76 51 46 46 38 33 29 27 26 22 21 20 17 16 10 9 9 4 0 0
"95" 95 0.240310077519 227 131 91 21 13 6 3 3 1 1 1 1 1 0 0 0 0 0 0 0
"96" 96 0.0045871559633 427 35 34 2 1 1 0 0 0 0 0 0 0 0 0 0 0 0 0 0
"97" 97 0.117870722433 259 238 2 1 0 0 0 0 0 0 0 0 0 0 0 0 0 0 0 0
"98" 98 0.591194968553 334 35 34 27 20 14 13 12 5 2 1 1 1 1 0 0 0 0 0 0
"99" 99 0.533678756477 94 62 61 49 43 32 29 28 23 20 16 13 10 7 6 3 3 1 0 0
"100" 100 0.384615384615 500 0 0 0 0 0 0 0 0 0 0 0 0 0 0 0 0 0 0 0
"101" 101 0.492537313433 312 42 37 32 24 12 9 7 7 5 5 4 3 1 0 0 0 0 0 0
"102" 102 0.63503649635 373 41 34 22 10 8 3 3 2 2 1 1 0 0 0 0 0 0 0 0
"103" 103 0.738372093023 115 68 60 56 46 35 32 24 21 9 8 7 6 4 4 3 1 1 0 0
"104" 104 0.412790697674 206 53 52 37 30 20 18 17 11 11 9 8 7 7 6 5 2 1 0 0
"105" 105 0.0632183908046 403 73 13 5 2 1 1 1 1 0 0 0 0 0 0 0 0 0 0 0
"106" 106 0.775784753363 173 69 46 41 29 24 23 19 17 17 12 10 7 4 4 3 1 1 0 0
"107" 107 0.150943396226 491 6 3 0 0 0 0 0 0 0 0 0 0 0 0 0 0 0 0 0
"108" 108 0.269230769231 239 91 58 38 38 14 6 4 4 4 3 1 0 0 0 0 0 0 0 0
"109" 109 0.710691823899 96 75 56 52 43 38 31 17 15 14 14 11 10 10 8 7 2 1 0 0
"110" 110 0.0497512437811 460 9 7 7 5 2 2 2 2 1 1 1 1 0 0 0 0 0 0 0
"111" 111 0.0697674418605 434 51 15 0 0 0 0 0 0 0 0 0 0 0 0 0 0 0 0 0
"112" 112 0.511627906977 136 78 57 46 34 29 27 27 20 15 12 10 5 3 1 0 0 0 0 0
"113" 113 0.325892857143 328 117 13 13 10 7 4 3 2 2 1 0 0 0 0 0 0 0 0 0
"114" 114 0.0597014925373 208 197 76 12 4 1 1 1 0 0 0 0 0 0 0 0 0 0 0 0
"115" 115 0.107142857143 486 5 4 2 1 1 1 0 0 0 0 0 0 0 0 0 0 0 0 0
"116" 116 0.00961538461538 500 0 0 0 0 0 0 0 0 0 0 0 0 0 0 0 0 0 0 0
"117" 117 0.471153846154 171 83 61 49 19 18 16 15 13 12 11 11 10 4 3 2 2 0 0 0
"118" 118 0.459119496855 146 77 60 37 33 27 26 25 19 15 14 4 4 3 3 3 2 1 1 0
"119" 119 0.445255474453 136 116 71 38 25 21 20 18 15 14 12 8 3 1 1 1 0 0 0 0
"120" 120 0.59748427673 386 53 19 14 7 5 4 4 3 3 1 1 0 0 0 0 0 0 0 0
"121" 121 0.273255813953 124 72 66 47 43 38 23 15 14 13 12 9 9 6 3 3 2 1 0 0
"122" 122 0.363636363636 155 88 69 48 40 33 26 13 9 7 6 3 2 1 0 0 0 0 0 0
"123" 123 0.0251046025105 444 47 6 3 0 0 0 0 0 0 0 0 0 0 0 0 0 0 0 0
"124" 124 0.116279069767 419 51 21 5 2 1 1 0 0 0 0 0 0 0 0 0 0 0 0 0
"125" 125 0.0384615384615 130 112 96 45 24 21 21 15 14 12 4 2 2 1 1 0 0 0 0 0
"126" 126 0.114942528736 233 129 30 21 21 20 9 8 8 8 4 4 2 1 1 1 0 0 0 0
"127" 127 0.0248756218905 361 92 25 7 5 5 2 2 1 0 0 0 0 0 0 0 0 0 0 0
"128" 128 0.046511627907 475 19 4 2 0 0 0 0 0 0 0 0 0 0 0 0 0 0 0 0
"129" 129 0.0804597701149 386 68 23 15 6 1 1 0 0 0 0 0 0 0 0 0 0 0 0 0
"130" 130 0.0344827586207 391 50 36 15 4 2 1 1 0 0 0 0 0 0 0 0 0 0 0 0
"131" 131 0.194029850746 273 69 53 38 16 15 14 10 6 3 1 1 1 0 0 0 0 0 0 0
"132" 132 0.274261603376 220 56 53 46 28 19 19 14 13 10 7 4 3 3 2 1 1 1 0 0
"133" 133 0.0199004975124 473 7 5 4 3 3 3 1 1 0 0 0 0 0 0 0 0 0 0 0
"134" 134 0.0398009950249 476 23 1 0 0 0 0 0 0 0 0 0 0 0 0 0 0 0 0 0
"135" 135 0.443946188341 91 87 72 49 36 29 26 25 25 20 18 9 5 3 3 2 0 0 0 0
"136" 136 0.10152284264 475 19 4 2 0 0 0 0 0 0 0 0 0 0 0 0 0 0 0 0
"137" 137 0.0 497 3 0 0 0 0 0 0 0 0 0 0 0 0 0 0 0 0 0 0
"138" 138 0.379562043796 182 149 62 41 21 14 13 8 7 3 0 0 0 0 0 0 0 0 0 0
"139" 139 0.0377358490566 500 0 0 0 0 0 0 0 0 0 0 0 0 0 0 0 0 0 0 0
"140" 140 0.238341968912 385 84 17 6 3 2 1 1 1 0 0 0 0 0 0 0 0 0 0 0
"141" 141 0.324817518248 112 88 64 59 37 36 31 30 13 7 7 5 5 2 2 1 1 0 0 0
"142" 142 0.0 477 20 2 1 0 0 0 0 0 0 0 0 0 0 0 0 0 0 0 0
"143" 143 0.0209205020921 441 59 0 0 0 0 0 0 0 0 0 0 0 0 0 0 0 0 0 0
"144" 144 0.0376569037657 486 9 4 1 0 0 0 0 0 0 0 0 0 0 0 0 0 0 0 0
"145" 145 0.144230769231 159 114 83 77 36 9 7 6 3 2 2 1 1 0 0 0 0 0 0 0
"146" 146 0.223214285714 354 132 5 4 2 1 1 1 0 0 0 0 0 0 0 0 0 0 0 0
"147" 147 0.135021097046 200 76 69 30 27 23 22 19 12 6 4 4 4 2 1 1 0 0 0 0
"148" 148 0.248704663212 162 66 50 35 31 30 26 20 19 19 14 13 10 2 2 1 0 0 0 0
"149" 149 0.0988593155894 496 4 0 0 0 0 0 0 0 0 0 0 0 0 0 0 0 0 0 0
"150" 150 0.0224215246637 451 37 5 3 2 1 1 0 0 0 0 0 0 0 0 0 0 0 0 0
"151" 151 0.170403587444 173 113 82 40 24 24 20 19 1 1 1 1 1 0 0 0 0 0 0 0
"152" 152 0.0199004975124 362 55 20 17 14 13 9 4 3 1 1 1 0 0 0 0 0 0 0 0
"153" 153 0.0862068965517 334 136 11 7 5 4 2 1 0 0 0 0 0 0 0 0 0 0 0 0
"154" 154 0.0 494 4 1 1 0 0 0 0 0 0 0 0 0 0 0 0 0 0 0 0
"155" 155 0.0 434 52 8 3 1 1 1 0 0 0 0 0 0 0 0 0 0 0 0 0
"156" 156 0.430656934307 253 49 38 37 33 26 26 11 9 9 4 2 1 1 1 0 0 0 0 0
"157" 157 0.273542600897 99 77 59 35 30 28 25 23 23 22 20 19 16 15 4 4 1 0 0 0
"158" 158 0.0248756218905 499 1 0 0 0 0 0 0 0 0 0 0 0 0 0 0 0 0 0 0
"159" 159 0.103448275862 475 20 2 2 1 0 0 0 0 0 0 0 0 0 0 0 0 0 0 0
"160" 160 0.503875968992 68 51 49 45 41 41 39 32 31 30 21 14 14 8 7 6 3 0 0 0
"161" 161 0.564766839378 89 72 51 50 40 30 26 24 24 24 17 13 12 11 8 6 2 1 0 0
"162" 162 0.422594142259 242 60 40 38 30 25 17 16 14 7 5 3 2 1 0 0 0 0 0 0
"163" 163 0.74358974359 221 67 60 40 38 22 18 11 6 5 5 4 2 1 0 0 0 0 0 0
"164" 164 0.139303482587 487 5 2 2 2 2 0 0 0 0 0 0 0 0 0 0 0 0 0 0
"165" 165 0.839378238342 157 87 73 42 37 20 18 18 11 6 5 5 5 4 3 3 3 3 0 0
"166" 166 0.114942528736 495 3 1 1 0 0 0 0 0 0 0 0 0 0 0 0 0 0 0 0
"167" 167 0.356589147287 103 68 53 50 40 39 32 18 16 13 13 11 11 9 9 9 4 2 0 0
"168" 168 0.103448275862 498 1 1 0 0 0 0 0 0 0 0 0 0 0 0 0 0 0 0 0
"169" 169 0.247126436782 405 51 31 3 2 2 2 1 1 1 1 0 0 0 0 0 0 0 0 0
"170" 170 0.201923076923 430 55 4 3 2 2 1 1 1 1 0 0 0 0 0 0 0 0 0 0
"171" 171 0.0689655172414 499 1 0 0 0 0 0 0 0 0 0 0 0 0 0 0 0 0 0 0
"172" 172 0.559748427673 487 6 4 2 1 0 0 0 0 0 0 0 0 0 0 0 0 0 0 0
"173" 173 0.156976744186 253 171 50 15 5 3 1 1 1 0 0 0 0 0 0 0 0 0 0 0
"174" 174 0.235632183908 169 86 50 33 31 30 24 21 15 13 12 8 4 2 1 1 0 0 0 0
"175" 175 0.273722627737 499 1 0 0 0 0 0 0 0 0 0 0 0 0 0 0 0 0 0 0
"176" 176 0.339285714286 128 82 57 38 36 34 20 18 17 13 12 12 10 10 8 5 0 0 0 0
"177" 177 0.875968992248 136 81 69 41 39 37 32 14 10 10 9 8 7 6 1 0 0 0 0 0
"178" 178 0.357512953368 160 101 40 32 27 21 21 20 16 14 11 10 9 8 3 3 3 1 0 0
"179" 179 0.144230769231 500 0 0 0 0 0 0 0 0 0 0 0 0 0 0 0 0 0 0 0
"180" 180 0.044776119403 232 163 73 16 6 4 3 2 1 0 0 0 0 0 0 0 0 0 0 0
"181" 181 0.0387596899225 291 97 70 16 8 7 3 3 2 1 1 1 0 0 0 0 0 0 0 0
"182" 182 0.128440366972 124 69 66 56 45 42 20 19 18 14 10 10 4 3 0 0 0 0 0 0
"183" 183 0.105960264901 245 99 37 23 22 20 15 13 12 7 3 2 2 0 0 0 0 0 0 0
"184" 184 0.245033112583 113 94 89 48 32 24 18 16 14 12 10 7 6 5 4 3 2 2 1 0
"185" 185 0.299270072993 238 43 39 32 30 25 20 19 14 14 13 10 2 1 0 0 0 0 0 0
"186" 186 0.123076923077 188 176 106 25 3 2 0 0 0 0 0 0 0 0 0 0 0 0 0 0
"187" 187 0.551094890511 120 104 67 42 33 27 25 22 21 18 13 6 1 1 0 0 0 0 0 0
"188" 188 0.673003802281 102 82 71 44 42 34 26 25 21 18 15 13 3 2 2 0 0 0 0 0
"189" 189 0.089552238806 500 0 0 0 0 0 0 0 0 0 0 0 0 0 0 0 0 0 0 0
"190" 190 0.39378238342 91 84 83 63 43 28 24 14 13 13 11 10 8 7 4 2 2 0 0 0
"191" 191 0.716981132075 304 38 31 21 20 19 15 10 9 8 7 7 3 3 2 2 1 0 0 0
"192" 192 0.565891472868 109 71 53 49 48 43 22 22 17 15 13 13 12 10 2 1 0 0 0 0
"193" 193 0.219730941704 165 92 88 73 39 13 9 6 5 4 3 2 1 0 0 0 0 0 0 0
"194" 194 0.262773722628 238 117 41 25 17 15 10 8 7 7 6 5 3 1 0 0 0 0 0 0
"195" 195 0.46511627907 105 47 43 39 37 35 33 33 32 21 18 16 12 12 7 6 3 1 0 0
"196" 196 0.263565891473 361 25 22 20 19 17 14 7 6 5 2 2 0 0 0 0 0 0 0 0
"197" 197 0.0 462 36 2 0 0 0 0 0 0 0 0 0 0 0 0 0 0 0 0 0
"198" 198 0.252873563218 144 105 79 53 40 29 11 11 8 7 5 4 1 1 1 1 0 0 0 0
"199" 199 0.0542635658915 422 61 16 1 0 0 0 0 0 0 0 0 0 0 0 0 0 0 0 0
"200" 200 0.0199004975124 496 2 1 1 0 0 0 0 0 0 0 0 0 0 0 0 0 0 0 0
"201" 201 0.0198675496689 196 154 116 15 9 6 1 1 1 1 0 0 0 0 0 0 0 0 0 0
"202" 202 0.333333333333 92 89 79 62 46 32 27 21 19 10 6 5 3 3 3 2 1 0 0 0
"203" 203 0.0077519379845 496 4 0 0 0 0 0 0 0 0 0 0 0 0 0 0 0 0 0 0
"204" 204 0.0 499 1 0 0 0 0 0 0 0 0 0 0 0 0 0 0 0 0 0 0
"205" 205 0.337209302326 77 70 53 46 46 41 38 31 25 22 17 8 7 6 5 5 3 0 0 0
"206" 206 0.286821705426 238 66 44 44 33 29 15 9 7 4 4 3 1 1 1 1 0 0 0 0
"207" 207 0.0 495 5 0 0 0 0 0 0 0 0 0 0 0 0 0 0 0 0 0 0
"208" 208 0.232558139535 156 90 87 36 21 21 21 20 18 9 8 5 4 3 1 0 0 0 0 0
"209" 209 0.66985645933 67 61 61 53 44 39 36 28 22 19 15 14 11 10 8 8 2 2 0 0
"210" 210 0.201550387597 439 17 17 7 7 4 3 3 2 1 0 0 0 0 0 0 0 0 0 0
"211" 211 0.0077519379845 370 116 14 0 0 0 0 0 0 0 0 0 0 0 0 0 0 0 0 0
"212" 212 0.691860465116 106 91 79 72 39 33 31 16 10 9 5 4 3 1 1 0 0 0 0 0
"213" 213 0.596899224806 130 77 65 47 31 25 21 20 18 18 17 13 10 6 1 1 0 0 0 0
"214" 214 0.201923076923 500 0 0 0 0 0 0 0 0 0 0 0 0 0 0 0 0 0 0 0
"215" 215 0.263565891473 396 65 27 5 4 2 1 0 0 0 0 0 0 0 0 0 0 0 0 0
"216" 216 0.547085201794 89 73 66 61 40 36 31 24 15 15 15 10 10 9 4 2 0 0 0 0
"217" 217 0.263565891473 281 62 48 40 28 15 14 6 3 2 1 0 0 0 0 0 0 0 0 0
"218" 218 0.0077519379845 498 2 0 0 0 0 0 0 0 0 0 0 0 0 0 0 0 0 0 0
"219" 219 0.199004975124 341 52 30 14 11 11 9 8 7 5 5 3 2 1 1 0 0 0 0 0
"220" 220 0.466321243523 90 70 58 46 42 42 37 36 18 17 13 9 8 5 4 2 2 1 0 0
"221" 221 0.209302325581 443 50 3 2 1 1 0 0 0 0 0 0 0 0 0 0 0 0 0 0
"222" 222 0.0 491 6 3 0 0 0 0 0 0 0 0 0 0 0 0 0 0 0 0 0
"223" 223 0.350364963504 129 111 81 66 40 25 22 7 7 4 3 3 1 1 0 0 0 0 0 0
"224" 224 0.449612403101 131 71 61 48 31 27 26 25 15 14 14 13 10 7 4 3 0 0 0 0
"225" 225 0.235632183908 213 71 62 54 31 23 17 16 4 4 2 1 1 1 0 0 0 0 0 0
"226" 226 0.00995024875622 498 1 1 0 0 0 0 0 0 0 0 0 0 0 0 0 0 0 0 0
"227" 227 0.59585492228 171 60 47 44 39 31 31 31 26 14 3 2 1 0 0 0 0 0 0 0
"228" 228 0.604651162791 152 92 59 49 31 29 21 20 18 10 8 7 2 1 1 0 0 0 0 0
"229" 229 0.131782945736 428 22 17 10 7 7 5 2 1 1 0 0 0 0 0 0 0 0 0 0
"230" 230 0.830188679245 378 22 18 15 15 12 10 6 5 4 3 3 3 3 2 1 0 0 0 0
"231" 231 0.509615384615 122 83 58 46 46 34 30 28 19 10 9 8 5 1 1 0 0 0 0 0
"232" 232 0.0804597701149 485 13 2 0 0 0 0 0 0 0 0 0 0 0 0 0 0 0 0 0
"233" 233 0.286821705426 135 60 48 46 36 36 25 22 19 18 14 11 10 7 5 4 3 1 0 0
"234" 234 0.201149425287 479 10 4 4 3 0 0 0 0 0 0 0 0 0 0 0 0 0 0 0
"235" 235 0.336787564767 218 133 40 25 20 15 14 12 8 3 3 3 3 2 1 0 0 0 0 0
"236" 236 0.0988593155894 498 2 0 0 0 0 0 0 0 0 0 0 0 0 0 0 0 0 0 0
"237" 237 0.089552238806 499 1 0 0 0 0 0 0 0 0 0 0 0 0 0 0 0 0 0 0
"238" 238 0.294642857143 444 19 11 9 4 3 3 3 2 1 1 0 0 0 0 0 0 0 0 0
"239" 239 0.134328358209 495 2 1 1 1 0 0 0 0 0 0 0 0 0 0 0 0 0 0 0
"240" 240 0.0985401459854 464 15 9 2 2 2 1 1 1 1 1 1 0 0 0 0 0 0 0 0
"241" 241 0.243523316062 457 36 4 3 0 0 0 0 0 0 0 0 0 0 0 0 0 0 0 0
"242" 242 0.492385786802 230 44 41 36 31 25 20 16 15 12 11 10 7 1 1 0 0 0 0 0
"243" 243 0.365384615385 128 85 77 28 25 24 24 24 19 13 13 12 11 9 4 4 0 0 0 0
"244" 244 0.0199004975124 491 7 1 1 0 0 0 0 0 0 0 0 0 0 0 0 0 0 0 0
"245" 245 0.230769230769 499 1 0 0 0 0 0 0 0 0 0 0 0 0 0 0 0 0 0 0
"246" 246 0.723270440252 258 80 27 26 23 16 15 13 10 7 7 5 4 4 2 2 1 0 0 0
"247" 247 0.178899082569 424 38 24 5 5 2 2 0 0 0 0 0 0 0 0 0 0 0 0 0
"248" 248 0.37106918239 470 12 6 5 3 2 2 0 0 0 0 0 0 0 0 0 0 0 0 0
"249" 249 0.786069651741 121 55 50 44 42 41 37 27 24 17 11 8 8 7 6 2 0 0 0 0
"250" 250 0.6 110 86 57 51 46 40 33 21 19 14 9 6 3 2 2 1 0 0 0 0
"251" 251 0.230769230769 500 0 0 0 0 0 0 0 0 0 0 0 0 0 0 0 0 0 0 0
"252" 252 0.344370860927 107 75 67 45 38 36 25 23 17 14 13 12 10 5 5 3 3 2 0 0
"253" 253 0.00961538461538 500 0 0 0 0 0 0 0 0 0 0 0 0 0 0 0 0 0 0 0
"254" 254 0.0839416058394 480 19 1 0 0 0 0 0 0 0 0 0 0 0 0 0 0 0 0 0
"255" 255 0.00497512437811 497 2 1 0 0 0 0 0 0 0 0 0 0 0 0 0 0 0 0 0
"256" 256 0.0348258706468 259 72 56 29 21 18 14 12 11 6 2 0 0 0 0 0 0 0 0 0
"257" 257 0.00574712643678 484 15 1 0 0 0 0 0 0 0 0 0 0 0 0 0 0 0 0 0
"258" 258 0.0 412 49 16 11 6 2 2 1 1 0 0 0 0 0 0 0 0 0 0 0
"259" 259 0.0 493 6 1 0 0 0 0 0 0 0 0 0 0 0 0 0 0 0 0 0
"260" 260 0.416058394161 139 125 116 26 25 22 15 15 7 6 3 1 0 0 0 0 0 0 0 0
"261" 261 0.00497512437811 492 5 2 1 0 0 0 0 0 0 0 0 0 0 0 0 0 0 0 0
"262" 262 0.490384615385 500 0 0 0 0 0 0 0 0 0 0 0 0 0 0 0 0 0 0 0
"263" 263 0.848837209302 127 118 49 43 26 25 25 17 15 12 10 8 7 7 5 3 2 1 0 0
"264" 264 0.0581395348837 394 75 27 2 1 1 0 0 0 0 0 0 0 0 0 0 0 0 0 0
"265" 265 0.171532846715 447 22 21 3 2 2 1 1 1 0 0 0 0 0 0 0 0 0 0 0
"266" 266 0.0248756218905 494 5 1 0 0 0 0 0 0 0 0 0 0 0 0 0 0 0 0 0
"267" 267 0.124378109453 89 78 69 59 48 48 20 20 16 14 12 8 7 5 3 3 1 0 0 0
"268" 268 0.0362694300518 499 1 0 0 0 0 0 0 0 0 0 0 0 0 0 0 0 0 0 0
"269" 269 0.0153846153846 495 3 1 1 0 0 0 0 0 0 0 0 0 0 0 0 0 0 0 0
"270" 270 0.157360406091 311 121 34 13 10 4 3 2 2 0 0 0 0 0 0 0 0 0 0 0
"271" 271 0.333333333333 120 84 82 52 36 34 28 28 9 7 6 4 3 2 2 1 1 1 0 0
"272" 272 0.010152284264 360 137 2 1 0 0 0 0 0 0 0 0 0 0 0 0 0 0 0 0
"273" 273 0.392857142857 121 121 82 50 37 36 28 9 4 4 3 3 1 1 0 0 0 0 0 0
"274" 274 0.0558375634518 391 103 2 2 1 1 0 0 0 0 0 0 0 0 0 0 0 0 0 0
"275" 275 0.519230769231 500 0 0 0 0 0 0 0 0 0 0 0 0 0 0 0 0 0 0 0
"276" 276 0.761627906977 86 73 57 55 43 41 38 36 23 20 10 6 6 4 1 1 0 0 0 0
