"site" "RSA" "aa1" "aa2" "aa3" "aa4" "aa5" "aa6" "aa7" "aa8" "aa9" "aa10" "aa11" "aa12" "aa13" "aa14" "aa15" "aa16" "aa17" "aa18" "aa19" "aa20"
"0" 0 0.704641350211 308 184 6 2 0 0 0 0 0 0 0 0 0 0 0 0 0 0 0 0
"1" 1 0.0288461538462 500 0 0 0 0 0 0 0 0 0 0 0 0 0 0 0 0 0 0 0
"2" 2 0.105769230769 446 50 2 1 1 0 0 0 0 0 0 0 0 0 0 0 0 0 0 0
"3" 3 0.00574712643678 492 8 0 0 0 0 0 0 0 0 0 0 0 0 0 0 0 0 0 0
"4" 4 0.0203045685279 130 129 107 43 22 21 16 13 8 5 4 2 0 0 0 0 0 0 0 0
"5" 5 0.0 457 43 0 0 0 0 0 0 0 0 0 0 0 0 0 0 0 0 0 0
"6" 6 0.139896373057 163 157 67 50 23 15 9 6 4 3 2 1 0 0 0 0 0 0 0 0
"7" 7 0.0 497 3 0 0 0 0 0 0 0 0 0 0 0 0 0 0 0 0 0 0
"8" 8 0.333333333333 446 52 1 1 0 0 0 0 0 0 0 0 0 0 0 0 0 0 0 0
"9" 9 0.287179487179 447 53 0 0 0 0 0 0 0 0 0 0 0 0 0 0 0 0 0 0
"10" 10 0.201550387597 483 9 8 0 0 0 0 0 0 0 0 0 0 0 0 0 0 0 0 0
"11" 11 0.629464285714 489 10 1 0 0 0 0 0 0 0 0 0 0 0 0 0 0 0 0 0
"12" 12 0.143497757848 444 52 3 1 0 0 0 0 0 0 0 0 0 0 0 0 0 0 0 0
"13" 13 0.0 497 3 0 0 0 0 0 0 0 0 0 0 0 0 0 0 0 0 0 0
"14" 14 0.476793248945 492 8 0 0 0 0 0 0 0 0 0 0 0 0 0 0 0 0 0 0
"15" 15 0.152284263959 470 14 11 3 1 1 0 0 0 0 0 0 0 0 0 0 0 0 0 0
"16" 16 0.0 500 0 0 0 0 0 0 0 0 0 0 0 0 0 0 0 0 0 0 0
"17" 17 0.276785714286 493 7 0 0 0 0 0 0 0 0 0 0 0 0 0 0 0 0 0 0
"18" 18 0.410852713178 491 8 1 0 0 0 0 0 0 0 0 0 0 0 0 0 0 0 0 0
"19" 19 0.0387596899225 474 25 1 0 0 0 0 0 0 0 0 0 0 0 0 0 0 0 0 0
"20" 20 0.384615384615 500 0 0 0 0 0 0 0 0 0 0 0 0 0 0 0 0 0 0 0
"21" 21 0.0387596899225 500 0 0 0 0 0 0 0 0 0 0 0 0 0 0 0 0 0 0 0
"22" 22 0.413793103448 446 51 2 1 0 0 0 0 0 0 0 0 0 0 0 0 0 0 0 0
"23" 23 0.031007751938 207 194 64 30 3 1 1 0 0 0 0 0 0 0 0 0 0 0 0 0
"24" 24 0.0 500 0 0 0 0 0 0 0 0 0 0 0 0 0 0 0 0 0 0 0
"25" 25 0.0 188 162 101 26 10 6 4 2 1 0 0 0 0 0 0 0 0 0 0 0
"26" 26 0.015503875969 487 13 0 0 0 0 0 0 0 0 0 0 0 0 0 0 0 0 0 0
"27" 27 0.149253731343 118 116 84 59 48 23 19 10 8 7 6 2 0 0 0 0 0 0 0 0
"28" 28 0.647321428571 236 149 112 2 1 0 0 0 0 0 0 0 0 0 0 0 0 0 0 0
"29" 29 1.29807692308 315 185 0 0 0 0 0 0 0 0 0 0 0 0 0 0 0 0 0 0
"30" 30 0.653846153846 499 1 0 0 0 0 0 0 0 0 0 0 0 0 0 0 0 0 0 0
"31" 31 0.396551724138 240 121 89 47 2 1 0 0 0 0 0 0 0 0 0 0 0 0 0 0
"32" 32 0.302325581395 499 1 0 0 0 0 0 0 0 0 0 0 0 0 0 0 0 0 0 0
"33" 33 0.536496350365 284 216 0 0 0 0 0 0 0 0 0 0 0 0 0 0 0 0 0 0
"34" 34 0.224770642202 230 216 40 8 5 1 0 0 0 0 0 0 0 0 0 0 0 0 0 0
"35" 35 0.093023255814 500 0 0 0 0 0 0 0 0 0 0 0 0 0 0 0 0 0 0 0
"36" 36 0.378238341969 179 147 95 79 0 0 0 0 0 0 0 0 0 0 0 0 0 0 0 0
"37" 37 0.295597484277 483 4 4 3 2 1 1 1 1 0 0 0 0 0 0 0 0 0 0 0
"38" 38 0.540697674419 256 146 95 3 0 0 0 0 0 0 0 0 0 0 0 0 0 0 0 0
"39" 39 0.14367816092 385 112 2 1 0 0 0 0 0 0 0 0 0 0 0 0 0 0 0 0
"40" 40 0.0 445 38 13 3 1 0 0 0 0 0 0 0 0 0 0 0 0 0 0 0
"41" 41 0.415178571429 358 110 23 4 4 1 0 0 0 0 0 0 0 0 0 0 0 0 0 0
"42" 42 0.375 500 0 0 0 0 0 0 0 0 0 0 0 0 0 0 0 0 0 0 0
"43" 43 0.0 497 3 0 0 0 0 0 0 0 0 0 0 0 0 0 0 0 0 0 0
"44" 44 0.197247706422 461 36 2 1 0 0 0 0 0 0 0 0 0 0 0 0 0 0 0 0
"45" 45 0.723076923077 470 24 6 0 0 0 0 0 0 0 0 0 0 0 0 0 0 0 0 0
"46" 46 0.077519379845 491 9 0 0 0 0 0 0 0 0 0 0 0 0 0 0 0 0 0 0
"47" 47 0.0862068965517 500 0 0 0 0 0 0 0 0 0 0 0 0 0 0 0 0 0 0 0
"48" 48 0.788079470199 500 0 0 0 0 0 0 0 0 0 0 0 0 0 0 0 0 0 0 0
"49" 49 0.172588832487 500 0 0 0 0 0 0 0 0 0 0 0 0 0 0 0 0 0 0 0
"50" 50 0.364779874214 500 0 0 0 0 0 0 0 0 0 0 0 0 0 0 0 0 0 0 0
"51" 51 0.0172413793103 500 0 0 0 0 0 0 0 0 0 0 0 0 0 0 0 0 0 0 0
"52" 52 0.0275229357798 316 101 31 18 12 5 5 3 3 2 2 1 1 0 0 0 0 0 0 0
"53" 53 0.0077519379845 410 77 9 4 0 0 0 0 0 0 0 0 0 0 0 0 0 0 0 0
"54" 54 0.147679324895 179 153 75 61 23 6 3 0 0 0 0 0 0 0 0 0 0 0 0 0
"55" 55 0.0 301 198 1 0 0 0 0 0 0 0 0 0 0 0 0 0 0 0 0 0
"56" 56 0.142335766423 499 1 0 0 0 0 0 0 0 0 0 0 0 0 0 0 0 0 0 0
"57" 57 0.0913705583756 322 106 41 27 4 0 0 0 0 0 0 0 0 0 0 0 0 0 0 0
"58" 58 0.153846153846 500 0 0 0 0 0 0 0 0 0 0 0 0 0 0 0 0 0 0 0
"59" 59 0.234449760766 260 157 83 0 0 0 0 0 0 0 0 0 0 0 0 0 0 0 0 0
"60" 60 0.399239543726 349 85 56 10 0 0 0 0 0 0 0 0 0 0 0 0 0 0 0 0
"61" 61 0.505747126437 423 77 0 0 0 0 0 0 0 0 0 0 0 0 0 0 0 0 0 0
"62" 62 0.0401785714286 479 18 3 0 0 0 0 0 0 0 0 0 0 0 0 0 0 0 0 0
"63" 63 0.0 500 0 0 0 0 0 0 0 0 0 0 0 0 0 0 0 0 0 0 0
"64" 64 0.244525547445 409 31 22 15 10 9 4 0 0 0 0 0 0 0 0 0 0 0 0 0
"65" 65 0.310344827586 255 161 45 33 5 1 0 0 0 0 0 0 0 0 0 0 0 0 0 0
"66" 66 0.0 419 78 3 0 0 0 0 0 0 0 0 0 0 0 0 0 0 0 0 0
"67" 67 0.169642857143 459 26 15 0 0 0 0 0 0 0 0 0 0 0 0 0 0 0 0 0
"68" 68 0.68992248062 459 41 0 0 0 0 0 0 0 0 0 0 0 0 0 0 0 0 0 0
"69" 69 0.218905472637 375 99 10 9 5 1 1 0 0 0 0 0 0 0 0 0 0 0 0 0
"70" 70 0.403846153846 500 0 0 0 0 0 0 0 0 0 0 0 0 0 0 0 0 0 0 0
"71" 71 0.0459770114943 455 45 0 0 0 0 0 0 0 0 0 0 0 0 0 0 0 0 0 0
"72" 72 0.388601036269 500 0 0 0 0 0 0 0 0 0 0 0 0 0 0 0 0 0 0 0
"73" 73 0.178707224335 179 116 114 51 28 6 3 2 1 0 0 0 0 0 0 0 0 0 0 0
"74" 74 0.0 500 0 0 0 0 0 0 0 0 0 0 0 0 0 0 0 0 0 0 0
"75" 75 0.0103626943005 221 199 40 28 5 3 2 1 1 0 0 0 0 0 0 0 0 0 0 0
"76" 76 0.0133928571429 500 0 0 0 0 0 0 0 0 0 0 0 0 0 0 0 0 0 0 0
"77" 77 0.0 500 0 0 0 0 0 0 0 0 0 0 0 0 0 0 0 0 0 0 0
"78" 78 0.214285714286 188 144 106 21 16 15 7 2 1 0 0 0 0 0 0 0 0 0 0 0
"79" 79 0.385057471264 469 16 8 7 0 0 0 0 0 0 0 0 0 0 0 0 0 0 0 0
"80" 80 0.0995024875622 301 94 42 40 22 1 0 0 0 0 0 0 0 0 0 0 0 0 0 0
"81" 81 0.302325581395 226 172 89 10 2 1 0 0 0 0 0 0 0 0 0 0 0 0 0 0
"82" 82 0.314465408805 495 5 0 0 0 0 0 0 0 0 0 0 0 0 0 0 0 0 0 0
"83" 83 0.418604651163 363 136 1 0 0 0 0 0 0 0 0 0 0 0 0 0 0 0 0 0
"84" 84 0.274611398964 364 136 0 0 0 0 0 0 0 0 0 0 0 0 0 0 0 0 0 0
"85" 85 0.785714285714 495 5 0 0 0 0 0 0 0 0 0 0 0 0 0 0 0 0 0 0
"86" 86 0.678571428571 364 136 0 0 0 0 0 0 0 0 0 0 0 0 0 0 0 0 0 0
"87" 87 0.556485355649 386 109 3 1 1 0 0 0 0 0 0 0 0 0 0 0 0 0 0 0
"88" 88 0.248803827751 196 104 60 43 41 25 10 9 8 2 1 1 0 0 0 0 0 0 0 0
"89" 89 0.0253807106599 499 1 0 0 0 0 0 0 0 0 0 0 0 0 0 0 0 0 0 0
"90" 90 0.284974093264 374 119 5 2 0 0 0 0 0 0 0 0 0 0 0 0 0 0 0 0
"91" 91 0.0210970464135 488 9 1 1 1 0 0 0 0 0 0 0 0 0 0 0 0 0 0 0
"92" 92 0.587591240876 500 0 0 0 0 0 0 0 0 0 0 0 0 0 0 0 0 0 0 0
"93" 93 0.457399103139 495 5 0 0 0 0 0 0 0 0 0 0 0 0 0 0 0 0 0 0
"94" 94 0.0753138075314 500 0 0 0 0 0 0 0 0 0 0 0 0 0 0 0 0 0 0 0
"95" 95 0.761627906977 263 237 0 0 0 0 0 0 0 0 0 0 0 0 0 0 0 0 0 0
"96" 96 0.0689655172414 306 143 40 11 0 0 0 0 0 0 0 0 0 0 0 0 0 0 0 0
"97" 97 0.251572327044 355 78 67 0 0 0 0 0 0 0 0 0 0 0 0 0 0 0 0 0
"98" 98 0.00418410041841 488 11 1 0 0 0 0 0 0 0 0 0 0 0 0 0 0 0 0 0
"99" 99 0.0 254 111 70 34 19 11 1 0 0 0 0 0 0 0 0 0 0 0 0 0
"100" 100 0.0126582278481 342 96 44 13 3 1 1 0 0 0 0 0 0 0 0 0 0 0 0 0
"101" 101 0.0384615384615 242 131 56 54 6 4 3 2 1 1 0 0 0 0 0 0 0 0 0 0
"102" 102 0.00632911392405 284 169 25 11 3 2 2 2 2 0 0 0 0 0 0 0 0 0 0 0
"103" 103 0.441605839416 273 145 27 26 18 8 2 1 0 0 0 0 0 0 0 0 0 0 0 0
"104" 104 0.269430051813 324 146 29 1 0 0 0 0 0 0 0 0 0 0 0 0 0 0 0 0
"105" 105 0.0 500 0 0 0 0 0 0 0 0 0 0 0 0 0 0 0 0 0 0 0
"106" 106 0.0 500 0 0 0 0 0 0 0 0 0 0 0 0 0 0 0 0 0 0 0
"107" 107 0.0401785714286 346 126 27 1 0 0 0 0 0 0 0 0 0 0 0 0 0 0 0 0
"108" 108 0.0 269 208 16 4 2 1 0 0 0 0 0 0 0 0 0 0 0 0 0 0
"109" 109 0.0 490 8 2 0 0 0 0 0 0 0 0 0 0 0 0 0 0 0 0 0
"110" 110 0.332116788321 500 0 0 0 0 0 0 0 0 0 0 0 0 0 0 0 0 0 0 0
"111" 111 0.0620437956204 380 64 45 4 3 3 1 0 0 0 0 0 0 0 0 0 0 0 0 0
"112" 112 0.142131979695 499 1 0 0 0 0 0 0 0 0 0 0 0 0 0 0 0 0 0 0
"113" 113 0.387596899225 317 183 0 0 0 0 0 0 0 0 0 0 0 0 0 0 0 0 0 0
"114" 114 0.178571428571 455 27 8 7 2 1 0 0 0 0 0 0 0 0 0 0 0 0 0 0
"115" 115 0.192307692308 500 0 0 0 0 0 0 0 0 0 0 0 0 0 0 0 0 0 0 0
"116" 116 0.046511627907 436 64 0 0 0 0 0 0 0 0 0 0 0 0 0 0 0 0 0 0
"117" 117 0.370860927152 387 78 35 0 0 0 0 0 0 0 0 0 0 0 0 0 0 0 0 0
"118" 118 0.0366972477064 324 92 24 15 14 13 13 5 0 0 0 0 0 0 0 0 0 0 0 0
"119" 119 0.0 474 8 7 5 4 1 1 0 0 0 0 0 0 0 0 0 0 0 0 0
"120" 120 0.0474452554745 222 127 66 25 21 15 9 6 5 4 0 0 0 0 0 0 0 0 0 0
"121" 121 0.00581395348837 297 203 0 0 0 0 0 0 0 0 0 0 0 0 0 0 0 0 0 0
"122" 122 0.160337552743 172 135 108 52 16 10 4 1 1 1 0 0 0 0 0 0 0 0 0 0
"123" 123 0.115384615385 500 0 0 0 0 0 0 0 0 0 0 0 0 0 0 0 0 0 0 0
"124" 124 0.375 428 42 22 4 1 1 1 1 0 0 0 0 0 0 0 0 0 0 0 0
"125" 125 0.459119496855 498 2 0 0 0 0 0 0 0 0 0 0 0 0 0 0 0 0 0 0
"126" 126 0.836538461538 500 0 0 0 0 0 0 0 0 0 0 0 0 0 0 0 0 0 0 0
"127" 127 0.406976744186 463 26 10 1 0 0 0 0 0 0 0 0 0 0 0 0 0 0 0 0
"128" 128 0.442307692308 500 0 0 0 0 0 0 0 0 0 0 0 0 0 0 0 0 0 0 0
"129" 129 0.389743589744 496 3 1 0 0 0 0 0 0 0 0 0 0 0 0 0 0 0 0 0
"130" 130 0.126903553299 382 65 36 17 0 0 0 0 0 0 0 0 0 0 0 0 0 0 0 0
"131" 131 0.362068965517 496 3 1 0 0 0 0 0 0 0 0 0 0 0 0 0 0 0 0 0
"132" 132 0.21875 358 51 45 41 2 2 1 0 0 0 0 0 0 0 0 0 0 0 0 0
"133" 133 0.0 500 0 0 0 0 0 0 0 0 0 0 0 0 0 0 0 0 0 0 0
"134" 134 0.172413793103 174 82 81 66 29 25 12 10 9 7 5 0 0 0 0 0 0 0 0 0
"135" 135 0.503649635036 425 54 18 3 0 0 0 0 0 0 0 0 0 0 0 0 0 0 0 0
"136" 136 0.0574162679426 398 102 0 0 0 0 0 0 0 0 0 0 0 0 0 0 0 0 0 0
"137" 137 0.0 157 128 90 90 23 12 0 0 0 0 0 0 0 0 0 0 0 0 0 0
"138" 138 0.547445255474 266 95 61 51 15 9 3 0 0 0 0 0 0 0 0 0 0 0 0 0
"139" 139 0.438818565401 396 77 20 7 0 0 0 0 0 0 0 0 0 0 0 0 0 0 0 0
"140" 140 0.00574712643678 306 167 7 6 4 4 3 2 1 0 0 0 0 0 0 0 0 0 0 0
"141" 141 0.102564102564 454 22 12 7 2 2 1 0 0 0 0 0 0 0 0 0 0 0 0 0
"142" 142 0.403100775194 372 125 2 1 0 0 0 0 0 0 0 0 0 0 0 0 0 0 0 0
"143" 143 0.112107623318 208 145 105 23 14 4 1 0 0 0 0 0 0 0 0 0 0 0 0 0
"144" 144 0.0609137055838 495 5 0 0 0 0 0 0 0 0 0 0 0 0 0 0 0 0 0 0
"145" 145 0.532846715328 422 77 1 0 0 0 0 0 0 0 0 0 0 0 0 0 0 0 0 0
"146" 146 0.455696202532 309 149 22 9 5 4 2 0 0 0 0 0 0 0 0 0 0 0 0 0
"147" 147 0.0 317 125 57 1 0 0 0 0 0 0 0 0 0 0 0 0 0 0 0 0
"148" 148 0.281609195402 423 77 0 0 0 0 0 0 0 0 0 0 0 0 0 0 0 0 0 0
"149" 149 0.748717948718 423 75 2 0 0 0 0 0 0 0 0 0 0 0 0 0 0 0 0 0
"150" 150 0.0871559633028 303 154 42 1 0 0 0 0 0 0 0 0 0 0 0 0 0 0 0 0
"151" 151 0.384105960265 207 198 43 34 12 5 1 0 0 0 0 0 0 0 0 0 0 0 0 0
"152" 152 0.446428571429 216 167 74 24 19 0 0 0 0 0 0 0 0 0 0 0 0 0 0 0
"153" 153 0.704663212435 236 199 38 20 7 0 0 0 0 0 0 0 0 0 0 0 0 0 0 0
"154" 154 0.477678571429 460 38 2 0 0 0 0 0 0 0 0 0 0 0 0 0 0 0 0 0
"155" 155 0.0 462 38 0 0 0 0 0 0 0 0 0 0 0 0 0 0 0 0 0 0
"156" 156 0.48275862069 434 46 15 3 2 0 0 0 0 0 0 0 0 0 0 0 0 0 0 0
"157" 157 0.53488372093 281 211 7 1 0 0 0 0 0 0 0 0 0 0 0 0 0 0 0 0
"158" 158 0.116071428571 185 132 58 57 44 15 4 3 1 1 0 0 0 0 0 0 0 0 0 0
"159" 159 0.0387596899225 498 2 0 0 0 0 0 0 0 0 0 0 0 0 0 0 0 0 0 0
"160" 160 0.776371308017 372 128 0 0 0 0 0 0 0 0 0 0 0 0 0 0 0 0 0 0
"161" 161 0.717488789238 261 217 9 7 3 2 1 0 0 0 0 0 0 0 0 0 0 0 0 0
"162" 162 0.129353233831 348 148 2 1 1 0 0 0 0 0 0 0 0 0 0 0 0 0 0 0
"163" 163 0.365384615385 500 0 0 0 0 0 0 0 0 0 0 0 0 0 0 0 0 0 0 0
"164" 164 0.100775193798 489 8 2 1 0 0 0 0 0 0 0 0 0 0 0 0 0 0 0 0
"165" 165 0.276729559748 317 60 59 55 9 0 0 0 0 0 0 0 0 0 0 0 0 0 0 0
"166" 166 0.206896551724 227 152 103 15 2 1 0 0 0 0 0 0 0 0 0 0 0 0 0 0
"167" 167 0.549107142857 348 125 19 7 1 0 0 0 0 0 0 0 0 0 0 0 0 0 0 0
"168" 168 0.0804597701149 498 2 0 0 0 0 0 0 0 0 0 0 0 0 0 0 0 0 0 0
"169" 169 0.0 499 1 0 0 0 0 0 0 0 0 0 0 0 0 0 0 0 0 0 0
"170" 170 0.328467153285 323 125 52 0 0 0 0 0 0 0 0 0 0 0 0 0 0 0 0 0
"171" 171 0.299107142857 216 137 119 17 9 2 0 0 0 0 0 0 0 0 0 0 0 0 0 0
"172" 172 0.0 500 0 0 0 0 0 0 0 0 0 0 0 0 0 0 0 0 0 0 0
"173" 173 0.20253164557 379 121 0 0 0 0 0 0 0 0 0 0 0 0 0 0 0 0 0 0
"174" 174 0.605839416058 326 151 21 2 0 0 0 0 0 0 0 0 0 0 0 0 0 0 0 0
"175" 175 0.358208955224 207 194 75 24 0 0 0 0 0 0 0 0 0 0 0 0 0 0 0 0
"176" 176 0.375 500 0 0 0 0 0 0 0 0 0 0 0 0 0 0 0 0 0 0 0
"177" 177 0.357664233577 421 71 6 2 0 0 0 0 0 0 0 0 0 0 0 0 0 0 0 0
"178" 178 0.0199004975124 404 96 0 0 0 0 0 0 0 0 0 0 0 0 0 0 0 0 0 0
"179" 179 0.295597484277 500 0 0 0 0 0 0 0 0 0 0 0 0 0 0 0 0 0 0 0
"180" 180 0.126436781609 499 1 0 0 0 0 0 0 0 0 0 0 0 0 0 0 0 0 0 0
"181" 181 0.35632183908 413 47 21 18 1 0 0 0 0 0 0 0 0 0 0 0 0 0 0 0
"182" 182 0.0153846153846 245 142 71 17 11 9 2 2 1 0 0 0 0 0 0 0 0 0 0 0
"183" 183 0.071129707113 431 29 14 14 4 3 2 2 1 0 0 0 0 0 0 0 0 0 0 0
"184" 184 0.0 223 208 53 16 0 0 0 0 0 0 0 0 0 0 0 0 0 0 0 0
"185" 185 0.0697674418605 406 48 43 3 0 0 0 0 0 0 0 0 0 0 0 0 0 0 0 0
"186" 186 0.105769230769 500 0 0 0 0 0 0 0 0 0 0 0 0 0 0 0 0 0 0 0
"187" 187 0.125 500 0 0 0 0 0 0 0 0 0 0 0 0 0 0 0 0 0 0 0
"188" 188 0.0804597701149 405 90 4 1 0 0 0 0 0 0 0 0 0 0 0 0 0 0 0 0
"189" 189 0.273255813953 224 191 84 1 0 0 0 0 0 0 0 0 0 0 0 0 0 0 0 0
"190" 190 0.331395348837 275 102 77 42 4 0 0 0 0 0 0 0 0 0 0 0 0 0 0 0
"191" 191 0.0377358490566 500 0 0 0 0 0 0 0 0 0 0 0 0 0 0 0 0 0 0 0
"192" 192 0.37984496124 426 45 18 9 1 1 0 0 0 0 0 0 0 0 0 0 0 0 0 0
"193" 193 0.150259067358 344 156 0 0 0 0 0 0 0 0 0 0 0 0 0 0 0 0 0 0
"194" 194 0.0 500 0 0 0 0 0 0 0 0 0 0 0 0 0 0 0 0 0 0 0
"195" 195 0.0542635658915 500 0 0 0 0 0 0 0 0 0 0 0 0 0 0 0 0 0 0 0
"196" 196 0.318407960199 171 118 59 56 53 20 12 9 2 0 0 0 0 0 0 0 0 0 0 0
"197" 197 0.0 287 206 2 2 2 1 0 0 0 0 0 0 0 0 0 0 0 0 0 0
"198" 198 0.0183486238532 500 0 0 0 0 0 0 0 0 0 0 0 0 0 0 0 0 0 0 0
"199" 199 0.526315789474 460 39 1 0 0 0 0 0 0 0 0 0 0 0 0 0 0 0 0 0
"200" 200 0.044776119403 260 177 18 13 11 6 5 3 3 3 1 0 0 0 0 0 0 0 0 0
"201" 201 0.336538461538 500 0 0 0 0 0 0 0 0 0 0 0 0 0 0 0 0 0 0 0
"202" 202 0.0 498 2 0 0 0 0 0 0 0 0 0 0 0 0 0 0 0 0 0 0
"203" 203 0.0880829015544 306 183 11 0 0 0 0 0 0 0 0 0 0 0 0 0 0 0 0 0
"204" 204 0.0 500 0 0 0 0 0 0 0 0 0 0 0 0 0 0 0 0 0 0 0
"205" 205 0.0 500 0 0 0 0 0 0 0 0 0 0 0 0 0 0 0 0 0 0 0
"206" 206 0.0585774058577 164 79 72 55 39 38 30 19 2 2 0 0 0 0 0 0 0 0 0 0
"207" 207 0.0344827586207 340 141 8 7 4 0 0 0 0 0 0 0 0 0 0 0 0 0 0 0
"208" 208 0.269230769231 496 4 0 0 0 0 0 0 0 0 0 0 0 0 0 0 0 0 0 0
"209" 209 0.298013245033 420 69 4 4 1 1 1 0 0 0 0 0 0 0 0 0 0 0 0 0
"210" 210 0.307692307692 186 135 64 62 30 22 1 0 0 0 0 0 0 0 0 0 0 0 0 0
"211" 211 0.0253807106599 352 129 18 1 0 0 0 0 0 0 0 0 0 0 0 0 0 0 0 0
"212" 212 0.146443514644 500 0 0 0 0 0 0 0 0 0 0 0 0 0 0 0 0 0 0 0
"213" 213 0.679324894515 466 32 2 0 0 0 0 0 0 0 0 0 0 0 0 0 0 0 0 0
"214" 214 0.172185430464 325 87 78 5 4 1 0 0 0 0 0 0 0 0 0 0 0 0 0 0
"215" 215 0.821428571429 500 0 0 0 0 0 0 0 0 0 0 0 0 0 0 0 0 0 0 0
"216" 216 0.415384615385 304 154 42 0 0 0 0 0 0 0 0 0 0 0 0 0 0 0 0 0
"217" 217 0.176100628931 500 0 0 0 0 0 0 0 0 0 0 0 0 0 0 0 0 0 0 0
"218" 218 0.290178571429 267 186 34 8 4 1 0 0 0 0 0 0 0 0 0 0 0 0 0 0
"219" 219 0.438818565401 346 154 0 0 0 0 0 0 0 0 0 0 0 0 0 0 0 0 0 0
"220" 220 0.148288973384 360 74 33 18 14 1 0 0 0 0 0 0 0 0 0 0 0 0 0 0
"221" 221 0.0 457 25 18 0 0 0 0 0 0 0 0 0 0 0 0 0 0 0 0 0
"222" 222 0.481751824818 460 33 5 1 1 0 0 0 0 0 0 0 0 0 0 0 0 0 0 0
"223" 223 0.0542635658915 500 0 0 0 0 0 0 0 0 0 0 0 0 0 0 0 0 0 0 0
"224" 224 0.00507614213198 475 13 8 4 0 0 0 0 0 0 0 0 0 0 0 0 0 0 0 0
"225" 225 0.0977011494253 500 0 0 0 0 0 0 0 0 0 0 0 0 0 0 0 0 0 0 0
"226" 226 0.433035714286 459 23 12 4 1 1 0 0 0 0 0 0 0 0 0 0 0 0 0 0
"227" 227 0.0 500 0 0 0 0 0 0 0 0 0 0 0 0 0 0 0 0 0 0 0
"228" 228 0.0 500 0 0 0 0 0 0 0 0 0 0 0 0 0 0 0 0 0 0 0
"229" 229 0.354651162791 350 147 3 0 0 0 0 0 0 0 0 0 0 0 0 0 0 0 0 0
"230" 230 0.282296650718 309 140 37 7 5 2 0 0 0 0 0 0 0 0 0 0 0 0 0 0
"231" 231 0.19391634981 500 0 0 0 0 0 0 0 0 0 0 0 0 0 0 0 0 0 0 0
"232" 232 0.553571428571 361 100 37 2 0 0 0 0 0 0 0 0 0 0 0 0 0 0 0 0
"233" 233 0.388601036269 486 14 0 0 0 0 0 0 0 0 0 0 0 0 0 0 0 0 0 0
"234" 234 0.543726235741 396 60 37 6 1 0 0 0 0 0 0 0 0 0 0 0 0 0 0 0
"235" 235 0.714285714286 374 110 16 0 0 0 0 0 0 0 0 0 0 0 0 0 0 0 0 0
"236" 236 0.223880597015 469 12 11 4 4 0 0 0 0 0 0 0 0 0 0 0 0 0 0 0
"237" 237 0.0609137055838 497 3 0 0 0 0 0 0 0 0 0 0 0 0 0 0 0 0 0 0
"238" 238 0.410852713178 395 53 48 3 1 0 0 0 0 0 0 0 0 0 0 0 0 0 0 0
"239" 239 0.583732057416 208 163 117 12 0 0 0 0 0 0 0 0 0 0 0 0 0 0 0 0
"240" 240 0.164179104478 488 10 2 0 0 0 0 0 0 0 0 0 0 0 0 0 0 0 0 0
"241" 241 0.403973509934 500 0 0 0 0 0 0 0 0 0 0 0 0 0 0 0 0 0 0 0
"242" 242 0.607594936709 497 3 0 0 0 0 0 0 0 0 0 0 0 0 0 0 0 0 0 0
"243" 243 0.596153846154 500 0 0 0 0 0 0 0 0 0 0 0 0 0 0 0 0 0 0 0
"244" 244 0.691542288557 256 243 1 0 0 0 0 0 0 0 0 0 0 0 0 0 0 0 0 0
