"site" "RSA" "aa1" "aa2" "aa3" "aa4" "aa5" "aa6" "aa7" "aa8" "aa9" "aa10" "aa11" "aa12" "aa13" "aa14" "aa15" "aa16" "aa17" "aa18" "aa19" "aa20"
"0" 0 0.279816513761 256 244 0 0 0 0 0 0 0 0 0 0 0 0 0 0 0 0 0 0
"1" 1 0.42194092827 492 7 1 0 0 0 0 0 0 0 0 0 0 0 0 0 0 0 0 0
"2" 2 0.385057471264 450 48 1 1 0 0 0 0 0 0 0 0 0 0 0 0 0 0 0 0
"3" 3 0.511494252874 489 7 2 1 1 0 0 0 0 0 0 0 0 0 0 0 0 0 0 0
"4" 4 0.476793248945 500 0 0 0 0 0 0 0 0 0 0 0 0 0 0 0 0 0 0 0
"5" 5 0.383928571429 335 139 20 3 2 1 0 0 0 0 0 0 0 0 0 0 0 0 0 0
"6" 6 0.317991631799 444 46 4 3 2 1 0 0 0 0 0 0 0 0 0 0 0 0 0 0
"7" 7 0.675496688742 500 0 0 0 0 0 0 0 0 0 0 0 0 0 0 0 0 0 0 0
"8" 8 0.258620689655 314 179 5 2 0 0 0 0 0 0 0 0 0 0 0 0 0 0 0 0
"9" 9 0.481012658228 464 36 0 0 0 0 0 0 0 0 0 0 0 0 0 0 0 0 0 0
"10" 10 0.423076923077 492 8 0 0 0 0 0 0 0 0 0 0 0 0 0 0 0 0 0 0
"11" 11 0.0288461538462 500 0 0 0 0 0 0 0 0 0 0 0 0 0 0 0 0 0 0 0
"12" 12 0.35401459854 310 139 49 2 0 0 0 0 0 0 0 0 0 0 0 0 0 0 0 0
"13" 13 0.0646766169154 245 208 45 1 1 0 0 0 0 0 0 0 0 0 0 0 0 0 0 0
"14" 14 0.0304568527919 455 37 3 3 1 1 0 0 0 0 0 0 0 0 0 0 0 0 0 0
"15" 15 0.177215189873 212 108 102 45 31 1 1 0 0 0 0 0 0 0 0 0 0 0 0 0
"16" 16 0.00497512437811 500 0 0 0 0 0 0 0 0 0 0 0 0 0 0 0 0 0 0 0
"17" 17 0.0728476821192 494 2 2 1 1 0 0 0 0 0 0 0 0 0 0 0 0 0 0 0
"18" 18 0.0239234449761 263 231 6 0 0 0 0 0 0 0 0 0 0 0 0 0 0 0 0 0
"19" 19 0.635897435897 495 2 2 1 0 0 0 0 0 0 0 0 0 0 0 0 0 0 0 0
"20" 20 0.0529801324503 500 0 0 0 0 0 0 0 0 0 0 0 0 0 0 0 0 0 0 0
"21" 21 0.569230769231 500 0 0 0 0 0 0 0 0 0 0 0 0 0 0 0 0 0 0 0
"22" 22 0.0993377483444 496 2 2 0 0 0 0 0 0 0 0 0 0 0 0 0 0 0 0 0
"23" 23 0.0 477 23 0 0 0 0 0 0 0 0 0 0 0 0 0 0 0 0 0 0
"24" 24 0.510548523207 479 21 0 0 0 0 0 0 0 0 0 0 0 0 0 0 0 0 0 0
"25" 25 0.0639534883721 500 0 0 0 0 0 0 0 0 0 0 0 0 0 0 0 0 0 0 0
"26" 26 0.377483443709 495 2 2 1 0 0 0 0 0 0 0 0 0 0 0 0 0 0 0 0
"27" 27 0.00917431192661 358 99 33 6 3 1 0 0 0 0 0 0 0 0 0 0 0 0 0 0
"28" 28 0.405128205128 330 96 35 21 17 1 0 0 0 0 0 0 0 0 0 0 0 0 0 0
"29" 29 0.0 419 70 11 0 0 0 0 0 0 0 0 0 0 0 0 0 0 0 0 0
"30" 30 0.0205128205128 229 220 25 13 5 3 3 1 1 0 0 0 0 0 0 0 0 0 0 0
"31" 31 0.0 495 2 1 1 1 0 0 0 0 0 0 0 0 0 0 0 0 0 0 0
"32" 32 0.0 496 4 0 0 0 0 0 0 0 0 0 0 0 0 0 0 0 0 0 0
"33" 33 0.00497512437811 444 47 4 3 1 1 0 0 0 0 0 0 0 0 0 0 0 0 0 0
"34" 34 0.0 262 238 0 0 0 0 0 0 0 0 0 0 0 0 0 0 0 0 0 0
"35" 35 0.451476793249 492 8 0 0 0 0 0 0 0 0 0 0 0 0 0 0 0 0 0 0
"36" 36 0.33971291866 492 8 0 0 0 0 0 0 0 0 0 0 0 0 0 0 0 0 0 0
"37" 37 0.190114068441 244 215 29 12 0 0 0 0 0 0 0 0 0 0 0 0 0 0 0 0
"38" 38 0.311787072243 452 35 12 1 0 0 0 0 0 0 0 0 0 0 0 0 0 0 0 0
"39" 39 0.302325581395 500 0 0 0 0 0 0 0 0 0 0 0 0 0 0 0 0 0 0 0
"40" 40 0.596412556054 487 13 0 0 0 0 0 0 0 0 0 0 0 0 0 0 0 0 0 0
"41" 41 0.730569948187 500 0 0 0 0 0 0 0 0 0 0 0 0 0 0 0 0 0 0 0
"42" 42 0.502092050209 492 8 0 0 0 0 0 0 0 0 0 0 0 0 0 0 0 0 0 0
"43" 43 0.899371069182 500 0 0 0 0 0 0 0 0 0 0 0 0 0 0 0 0 0 0 0
"44" 44 0.649635036496 395 54 51 0 0 0 0 0 0 0 0 0 0 0 0 0 0 0 0 0
"45" 45 0.138461538462 444 56 0 0 0 0 0 0 0 0 0 0 0 0 0 0 0 0 0 0
"46" 46 0.53164556962 465 35 0 0 0 0 0 0 0 0 0 0 0 0 0 0 0 0 0 0
"47" 47 0.21897810219 447 45 8 0 0 0 0 0 0 0 0 0 0 0 0 0 0 0 0 0
"48" 48 0.0710659898477 498 2 0 0 0 0 0 0 0 0 0 0 0 0 0 0 0 0 0 0
"49" 49 0.0062893081761 500 0 0 0 0 0 0 0 0 0 0 0 0 0 0 0 0 0 0 0
"50" 50 0.0 291 209 0 0 0 0 0 0 0 0 0 0 0 0 0 0 0 0 0 0
"51" 51 0.0 289 74 66 59 10 1 1 0 0 0 0 0 0 0 0 0 0 0 0 0
"52" 52 0.0 500 0 0 0 0 0 0 0 0 0 0 0 0 0 0 0 0 0 0 0
"53" 53 0.0 384 84 15 4 3 3 3 2 1 1 0 0 0 0 0 0 0 0 0 0
"54" 54 0.0 326 104 22 20 10 8 6 3 1 0 0 0 0 0 0 0 0 0 0 0
"55" 55 0.0 486 5 3 2 1 1 1 1 0 0 0 0 0 0 0 0 0 0 0 0
"56" 56 0.0288461538462 418 82 0 0 0 0 0 0 0 0 0 0 0 0 0 0 0 0 0 0
"57" 57 0.089552238806 271 55 45 44 29 28 26 1 1 0 0 0 0 0 0 0 0 0 0 0
"58" 58 0.470930232558 500 0 0 0 0 0 0 0 0 0 0 0 0 0 0 0 0 0 0 0
"59" 59 0.0822784810127 276 174 32 17 1 0 0 0 0 0 0 0 0 0 0 0 0 0 0 0
"60" 60 0.273255813953 229 208 49 11 2 1 0 0 0 0 0 0 0 0 0 0 0 0 0 0
"61" 61 0.0062893081761 499 1 0 0 0 0 0 0 0 0 0 0 0 0 0 0 0 0 0 0
"62" 62 0.222797927461 209 165 104 19 1 1 1 0 0 0 0 0 0 0 0 0 0 0 0 0
"63" 63 0.215384615385 266 203 14 7 7 3 0 0 0 0 0 0 0 0 0 0 0 0 0 0
"64" 64 0.0 472 20 8 0 0 0 0 0 0 0 0 0 0 0 0 0 0 0 0 0
"65" 65 0.0596026490066 248 220 17 14 1 0 0 0 0 0 0 0 0 0 0 0 0 0 0 0
"66" 66 0.611607142857 207 200 57 28 4 4 0 0 0 0 0 0 0 0 0 0 0 0 0 0
"67" 67 0.396624472574 499 1 0 0 0 0 0 0 0 0 0 0 0 0 0 0 0 0 0 0
"68" 68 0.0 446 43 4 4 2 1 0 0 0 0 0 0 0 0 0 0 0 0 0 0
"69" 69 0.493723849372 311 161 25 2 1 0 0 0 0 0 0 0 0 0 0 0 0 0 0 0
"70" 70 0.0 234 160 37 31 17 11 7 1 1 1 0 0 0 0 0 0 0 0 0 0
"71" 71 0.0717488789238 302 162 24 12 0 0 0 0 0 0 0 0 0 0 0 0 0 0 0 0
"72" 72 0.564853556485 266 155 54 25 0 0 0 0 0 0 0 0 0 0 0 0 0 0 0 0
"73" 73 0.0582959641256 224 185 52 29 6 4 0 0 0 0 0 0 0 0 0 0 0 0 0 0
"74" 74 0.0 498 2 0 0 0 0 0 0 0 0 0 0 0 0 0 0 0 0 0 0
"75" 75 0.0621761658031 500 0 0 0 0 0 0 0 0 0 0 0 0 0 0 0 0 0 0 0
"76" 76 0.535864978903 495 4 1 0 0 0 0 0 0 0 0 0 0 0 0 0 0 0 0 0
"77" 77 0.125475285171 299 200 1 0 0 0 0 0 0 0 0 0 0 0 0 0 0 0 0 0
"78" 78 0.0384615384615 500 0 0 0 0 0 0 0 0 0 0 0 0 0 0 0 0 0 0 0
"79" 79 0.0 488 10 2 0 0 0 0 0 0 0 0 0 0 0 0 0 0 0 0 0
"80" 80 0.0 474 24 1 1 0 0 0 0 0 0 0 0 0 0 0 0 0 0 0 0
"81" 81 0.0 371 103 21 2 2 1 0 0 0 0 0 0 0 0 0 0 0 0 0 0
"82" 82 0.0 500 0 0 0 0 0 0 0 0 0 0 0 0 0 0 0 0 0 0 0
"83" 83 0.0 480 15 5 0 0 0 0 0 0 0 0 0 0 0 0 0 0 0 0 0
"84" 84 0.0 499 1 0 0 0 0 0 0 0 0 0 0 0 0 0 0 0 0 0 0
"85" 85 0.020725388601 456 39 4 1 0 0 0 0 0 0 0 0 0 0 0 0 0 0 0 0
"86" 86 0.0 499 1 0 0 0 0 0 0 0 0 0 0 0 0 0 0 0 0 0 0
"87" 87 0.0 500 0 0 0 0 0 0 0 0 0 0 0 0 0 0 0 0 0 0 0
"88" 88 0.0 500 0 0 0 0 0 0 0 0 0 0 0 0 0 0 0 0 0 0 0
"89" 89 0.259124087591 221 203 76 0 0 0 0 0 0 0 0 0 0 0 0 0 0 0 0 0
"90" 90 0.240384615385 500 0 0 0 0 0 0 0 0 0 0 0 0 0 0 0 0 0 0 0
"91" 91 0.891191709845 478 22 0 0 0 0 0 0 0 0 0 0 0 0 0 0 0 0 0 0
"92" 92 0.522321428571 478 22 0 0 0 0 0 0 0 0 0 0 0 0 0 0 0 0 0 0
"93" 93 0.0459770114943 500 0 0 0 0 0 0 0 0 0 0 0 0 0 0 0 0 0 0 0
"94" 94 0.209302325581 417 76 3 3 1 0 0 0 0 0 0 0 0 0 0 0 0 0 0 0
"95" 95 0.384615384615 428 36 22 11 3 0 0 0 0 0 0 0 0 0 0 0 0 0 0 0
"96" 96 0.0518134715026 276 224 0 0 0 0 0 0 0 0 0 0 0 0 0 0 0 0 0 0
"97" 97 0.685534591195 500 0 0 0 0 0 0 0 0 0 0 0 0 0 0 0 0 0 0 0
"98" 98 0.71875 271 222 5 2 0 0 0 0 0 0 0 0 0 0 0 0 0 0 0 0
"99" 99 0.625 500 0 0 0 0 0 0 0 0 0 0 0 0 0 0 0 0 0 0 0
"100" 100 0.238410596026 495 5 0 0 0 0 0 0 0 0 0 0 0 0 0 0 0 0 0 0
"101" 101 0.521276595745 224 220 33 23 0 0 0 0 0 0 0 0 0 0 0 0 0 0 0 0
"102" 102 0.129533678756 457 35 6 1 1 0 0 0 0 0 0 0 0 0 0 0 0 0 0 0
"103" 103 0.0251046025105 432 31 14 11 7 3 1 1 0 0 0 0 0 0 0 0 0 0 0 0
"104" 104 0.0 500 0 0 0 0 0 0 0 0 0 0 0 0 0 0 0 0 0 0 0
"105" 105 0.188340807175 446 51 3 0 0 0 0 0 0 0 0 0 0 0 0 0 0 0 0 0
"106" 106 0.0 500 0 0 0 0 0 0 0 0 0 0 0 0 0 0 0 0 0 0 0
"107" 107 0.0 500 0 0 0 0 0 0 0 0 0 0 0 0 0 0 0 0 0 0 0
"108" 108 0.00961538461538 320 172 8 0 0 0 0 0 0 0 0 0 0 0 0 0 0 0 0 0
"109" 109 0.00418410041841 479 13 7 1 0 0 0 0 0 0 0 0 0 0 0 0 0 0 0 0
"110" 110 0.0114068441065 267 144 32 25 15 12 3 2 0 0 0 0 0 0 0 0 0 0 0 0
"111" 111 0.00995024875622 497 3 0 0 0 0 0 0 0 0 0 0 0 0 0 0 0 0 0 0
"112" 112 0.128205128205 430 40 24 4 2 0 0 0 0 0 0 0 0 0 0 0 0 0 0 0
"113" 113 0.0232558139535 500 0 0 0 0 0 0 0 0 0 0 0 0 0 0 0 0 0 0 0
"114" 114 0.529069767442 459 25 10 3 3 0 0 0 0 0 0 0 0 0 0 0 0 0 0 0
"115" 115 0.32735426009 352 146 2 0 0 0 0 0 0 0 0 0 0 0 0 0 0 0 0 0
"116" 116 0.6875 281 192 27 0 0 0 0 0 0 0 0 0 0 0 0 0 0 0 0 0
"117" 117 0.490566037736 327 137 22 9 5 0 0 0 0 0 0 0 0 0 0 0 0 0 0 0
"118" 118 0.0950570342205 433 47 14 4 2 0 0 0 0 0 0 0 0 0 0 0 0 0 0 0
"119" 119 0.15503875969 500 0 0 0 0 0 0 0 0 0 0 0 0 0 0 0 0 0 0 0
"120" 120 0.533632286996 243 236 21 0 0 0 0 0 0 0 0 0 0 0 0 0 0 0 0 0
"121" 121 0.0430622009569 500 0 0 0 0 0 0 0 0 0 0 0 0 0 0 0 0 0 0 0
"122" 122 0.00380228136882 500 0 0 0 0 0 0 0 0 0 0 0 0 0 0 0 0 0 0 0
"123" 123 0.206278026906 457 42 1 0 0 0 0 0 0 0 0 0 0 0 0 0 0 0 0 0
"124" 124 0.0 295 168 25 8 2 1 1 0 0 0 0 0 0 0 0 0 0 0 0 0
"125" 125 0.125475285171 411 40 30 6 6 5 2 0 0 0 0 0 0 0 0 0 0 0 0 0
"126" 126 0.295336787565 454 26 17 2 1 0 0 0 0 0 0 0 0 0 0 0 0 0 0 0
"127" 127 0.0 315 76 37 34 19 9 5 5 0 0 0 0 0 0 0 0 0 0 0 0
"128" 128 0.0 154 132 60 58 51 15 9 9 5 3 2 1 1 0 0 0 0 0 0 0
"129" 129 0.0430622009569 322 153 11 8 6 0 0 0 0 0 0 0 0 0 0 0 0 0 0 0
"130" 130 0.447257383966 464 32 4 0 0 0 0 0 0 0 0 0 0 0 0 0 0 0 0 0
"131" 131 0.138392857143 500 0 0 0 0 0 0 0 0 0 0 0 0 0 0 0 0 0 0 0
"132" 132 0.0 489 8 3 0 0 0 0 0 0 0 0 0 0 0 0 0 0 0 0 0
"133" 133 0.0 500 0 0 0 0 0 0 0 0 0 0 0 0 0 0 0 0 0 0 0
"134" 134 0.547085201794 299 146 54 1 0 0 0 0 0 0 0 0 0 0 0 0 0 0 0 0
"135" 135 0.209302325581 273 226 1 0 0 0 0 0 0 0 0 0 0 0 0 0 0 0 0 0
"136" 136 0.0 500 0 0 0 0 0 0 0 0 0 0 0 0 0 0 0 0 0 0 0
"137" 137 0.274611398964 200 171 84 40 3 1 1 0 0 0 0 0 0 0 0 0 0 0 0 0
"138" 138 0.602649006623 477 23 0 0 0 0 0 0 0 0 0 0 0 0 0 0 0 0 0 0
"139" 139 0.363636363636 280 170 50 0 0 0 0 0 0 0 0 0 0 0 0 0 0 0 0 0
"140" 140 0.167364016736 456 40 2 1 1 0 0 0 0 0 0 0 0 0 0 0 0 0 0 0
"141" 141 0.512820512821 402 74 13 9 1 1 0 0 0 0 0 0 0 0 0 0 0 0 0 0
"142" 142 0.392405063291 427 72 1 0 0 0 0 0 0 0 0 0 0 0 0 0 0 0 0 0
"143" 143 0.0248756218905 441 51 4 2 1 1 0 0 0 0 0 0 0 0 0 0 0 0 0 0
"144" 144 0.0673575129534 500 0 0 0 0 0 0 0 0 0 0 0 0 0 0 0 0 0 0 0
"145" 145 0.0 383 116 1 0 0 0 0 0 0 0 0 0 0 0 0 0 0 0 0 0
"146" 146 0.318407960199 347 128 24 1 0 0 0 0 0 0 0 0 0 0 0 0 0 0 0 0
"147" 147 0.518134715026 467 24 9 0 0 0 0 0 0 0 0 0 0 0 0 0 0 0 0 0
"148" 148 0.112820512821 498 2 0 0 0 0 0 0 0 0 0 0 0 0 0 0 0 0 0 0
"149" 149 0.0 500 0 0 0 0 0 0 0 0 0 0 0 0 0 0 0 0 0 0 0
"150" 150 0.0 484 10 6 0 0 0 0 0 0 0 0 0 0 0 0 0 0 0 0 0
"151" 151 0.0 388 76 36 0 0 0 0 0 0 0 0 0 0 0 0 0 0 0 0 0
"152" 152 0.0 441 39 10 6 3 1 0 0 0 0 0 0 0 0 0 0 0 0 0 0
"153" 153 0.0 500 0 0 0 0 0 0 0 0 0 0 0 0 0 0 0 0 0 0 0
"154" 154 0.0430622009569 316 87 83 9 4 1 0 0 0 0 0 0 0 0 0 0 0 0 0 0
"155" 155 0.0264900662252 495 3 2 0 0 0 0 0 0 0 0 0 0 0 0 0 0 0 0 0
"156" 156 0.0 268 77 73 43 23 15 1 0 0 0 0 0 0 0 0 0 0 0 0 0
"157" 157 0.0 500 0 0 0 0 0 0 0 0 0 0 0 0 0 0 0 0 0 0 0
"158" 158 0.0 500 0 0 0 0 0 0 0 0 0 0 0 0 0 0 0 0 0 0 0
"159" 159 0.00380228136882 498 2 0 0 0 0 0 0 0 0 0 0 0 0 0 0 0 0 0 0
"160" 160 0.0192307692308 328 116 37 7 6 4 2 0 0 0 0 0 0 0 0 0 0 0 0 0
"161" 161 0.0 500 0 0 0 0 0 0 0 0 0 0 0 0 0 0 0 0 0 0 0
"162" 162 0.010152284264 491 6 2 1 0 0 0 0 0 0 0 0 0 0 0 0 0 0 0 0
"163" 163 0.0189873417722 497 3 0 0 0 0 0 0 0 0 0 0 0 0 0 0 0 0 0 0
"164" 164 0.00961538461538 472 11 11 5 1 0 0 0 0 0 0 0 0 0 0 0 0 0 0 0
"165" 165 0.0152091254753 491 8 1 0 0 0 0 0 0 0 0 0 0 0 0 0 0 0 0 0
"166" 166 0.00995024875622 289 169 32 6 4 0 0 0 0 0 0 0 0 0 0 0 0 0 0 0
"167" 167 0.291139240506 401 97 1 1 0 0 0 0 0 0 0 0 0 0 0 0 0 0 0 0
"168" 168 0.125 421 52 16 4 3 3 1 0 0 0 0 0 0 0 0 0 0 0 0 0
"169" 169 0.041825095057 367 133 0 0 0 0 0 0 0 0 0 0 0 0 0 0 0 0 0 0
"170" 170 0.794701986755 474 26 0 0 0 0 0 0 0 0 0 0 0 0 0 0 0 0 0 0
"171" 171 0.567307692308 497 3 0 0 0 0 0 0 0 0 0 0 0 0 0 0 0 0 0 0
"172" 172 0.518987341772 500 0 0 0 0 0 0 0 0 0 0 0 0 0 0 0 0 0 0 0
"173" 173 0.189781021898 448 19 18 15 0 0 0 0 0 0 0 0 0 0 0 0 0 0 0 0
"174" 174 0.0380228136882 491 9 0 0 0 0 0 0 0 0 0 0 0 0 0 0 0 0 0 0
"175" 175 0.447257383966 500 0 0 0 0 0 0 0 0 0 0 0 0 0 0 0 0 0 0 0
"176" 176 0.00662251655629 500 0 0 0 0 0 0 0 0 0 0 0 0 0 0 0 0 0 0 0
"177" 177 0.0 499 1 0 0 0 0 0 0 0 0 0 0 0 0 0 0 0 0 0 0
"178" 178 0.0 500 0 0 0 0 0 0 0 0 0 0 0 0 0 0 0 0 0 0 0
"179" 179 0.0 500 0 0 0 0 0 0 0 0 0 0 0 0 0 0 0 0 0 0 0
"180" 180 0.0 457 15 11 5 4 3 2 1 1 1 0 0 0 0 0 0 0 0 0 0
"181" 181 0.0 267 153 58 20 1 1 0 0 0 0 0 0 0 0 0 0 0 0 0 0
"182" 182 0.0 500 0 0 0 0 0 0 0 0 0 0 0 0 0 0 0 0 0 0 0
"183" 183 0.0 462 32 6 0 0 0 0 0 0 0 0 0 0 0 0 0 0 0 0 0
"184" 184 0.00574712643678 499 1 0 0 0 0 0 0 0 0 0 0 0 0 0 0 0 0 0 0
"185" 185 0.0820512820513 207 160 67 50 16 0 0 0 0 0 0 0 0 0 0 0 0 0 0 0
"186" 186 0.0062893081761 498 2 0 0 0 0 0 0 0 0 0 0 0 0 0 0 0 0 0 0
"187" 187 0.0993377483444 288 175 11 11 4 3 3 3 2 0 0 0 0 0 0 0 0 0 0 0
"188" 188 0.564102564103 500 0 0 0 0 0 0 0 0 0 0 0 0 0 0 0 0 0 0 0
"189" 189 0.00574712643678 356 136 4 4 0 0 0 0 0 0 0 0 0 0 0 0 0 0 0 0
"190" 190 0.389937106918 382 59 34 20 5 0 0 0 0 0 0 0 0 0 0 0 0 0 0 0
"191" 191 0.0602836879433 325 55 47 39 15 11 5 2 1 0 0 0 0 0 0 0 0 0 0 0
"192" 192 0.0 500 0 0 0 0 0 0 0 0 0 0 0 0 0 0 0 0 0 0 0
"193" 193 0.313901345291 433 30 24 12 1 0 0 0 0 0 0 0 0 0 0 0 0 0 0 0
"194" 194 0.26582278481 268 199 22 5 2 2 1 1 0 0 0 0 0 0 0 0 0 0 0 0
"195" 195 0.0 479 20 1 0 0 0 0 0 0 0 0 0 0 0 0 0 0 0 0 0
"196" 196 0.00418410041841 424 65 9 2 0 0 0 0 0 0 0 0 0 0 0 0 0 0 0 0
"197" 197 0.544303797468 451 28 12 5 3 1 0 0 0 0 0 0 0 0 0 0 0 0 0 0
"198" 198 0.201923076923 219 185 49 29 8 5 3 2 0 0 0 0 0 0 0 0 0 0 0 0
"199" 199 0.0 418 68 13 1 0 0 0 0 0 0 0 0 0 0 0 0 0 0 0 0
"200" 200 0.0746268656716 495 5 0 0 0 0 0 0 0 0 0 0 0 0 0 0 0 0 0 0
"201" 201 0.346153846154 500 0 0 0 0 0 0 0 0 0 0 0 0 0 0 0 0 0 0 0
"202" 202 0.803571428571 438 59 3 0 0 0 0 0 0 0 0 0 0 0 0 0 0 0 0 0
"203" 203 0.152482269504 375 98 23 3 1 0 0 0 0 0 0 0 0 0 0 0 0 0 0 0
"204" 204 0.544642857143 338 102 53 7 0 0 0 0 0 0 0 0 0 0 0 0 0 0 0 0
"205" 205 0.410852713178 273 168 59 0 0 0 0 0 0 0 0 0 0 0 0 0 0 0 0 0
"206" 206 0.110266159696 435 65 0 0 0 0 0 0 0 0 0 0 0 0 0 0 0 0 0 0
"207" 207 0.0 249 245 4 2 0 0 0 0 0 0 0 0 0 0 0 0 0 0 0 0
"208" 208 0.0 500 0 0 0 0 0 0 0 0 0 0 0 0 0 0 0 0 0 0 0
"209" 209 0.0696202531646 494 3 3 0 0 0 0 0 0 0 0 0 0 0 0 0 0 0 0 0
"210" 210 0.293532338308 444 38 15 2 1 0 0 0 0 0 0 0 0 0 0 0 0 0 0 0
"211" 211 0.124378109453 403 94 2 1 0 0 0 0 0 0 0 0 0 0 0 0 0 0 0 0
"212" 212 0.00507614213198 448 19 15 13 2 2 1 0 0 0 0 0 0 0 0 0 0 0 0 0
"213" 213 0.42194092827 499 1 0 0 0 0 0 0 0 0 0 0 0 0 0 0 0 0 0 0
"214" 214 0.738461538462 437 32 31 0 0 0 0 0 0 0 0 0 0 0 0 0 0 0 0 0
"215" 215 0.182741116751 232 226 42 0 0 0 0 0 0 0 0 0 0 0 0 0 0 0 0 0
"216" 216 0.777372262774 494 4 1 1 0 0 0 0 0 0 0 0 0 0 0 0 0 0 0 0
"217" 217 0.143540669856 497 3 0 0 0 0 0 0 0 0 0 0 0 0 0 0 0 0 0 0
"218" 218 0.402298850575 384 112 3 1 0 0 0 0 0 0 0 0 0 0 0 0 0 0 0 0
"219" 219 0.576923076923 500 0 0 0 0 0 0 0 0 0 0 0 0 0 0 0 0 0 0 0
"220" 220 0.699481865285 500 0 0 0 0 0 0 0 0 0 0 0 0 0 0 0 0 0 0 0
"221" 221 0.238341968912 366 71 45 9 7 1 1 0 0 0 0 0 0 0 0 0 0 0 0 0
"222" 222 0.310218978102 485 8 7 0 0 0 0 0 0 0 0 0 0 0 0 0 0 0 0 0
"223" 223 0.010152284264 497 2 1 0 0 0 0 0 0 0 0 0 0 0 0 0 0 0 0 0
"224" 224 0.0248756218905 499 1 0 0 0 0 0 0 0 0 0 0 0 0 0 0 0 0 0 0
"225" 225 0.00507614213198 499 1 0 0 0 0 0 0 0 0 0 0 0 0 0 0 0 0 0 0
"226" 226 0.0143540669856 321 170 6 3 0 0 0 0 0 0 0 0 0 0 0 0 0 0 0 0
"227" 227 0.00574712643678 255 241 3 1 0 0 0 0 0 0 0 0 0 0 0 0 0 0 0 0
"228" 228 0.0 500 0 0 0 0 0 0 0 0 0 0 0 0 0 0 0 0 0 0 0
"229" 229 0.295336787565 435 58 7 0 0 0 0 0 0 0 0 0 0 0 0 0 0 0 0 0
"230" 230 0.41059602649 500 0 0 0 0 0 0 0 0 0 0 0 0 0 0 0 0 0 0 0
"231" 231 0.0310880829016 222 161 66 27 22 1 1 0 0 0 0 0 0 0 0 0 0 0 0 0
"232" 232 0.566037735849 255 203 41 1 0 0 0 0 0 0 0 0 0 0 0 0 0 0 0 0
"233" 233 0.255230125523 272 65 51 49 47 8 3 3 2 0 0 0 0 0 0 0 0 0 0 0
"234" 234 0.0746268656716 407 50 42 1 0 0 0 0 0 0 0 0 0 0 0 0 0 0 0 0
"235" 235 0.75 408 92 0 0 0 0 0 0 0 0 0 0 0 0 0 0 0 0 0 0
"236" 236 0.482142857143 500 0 0 0 0 0 0 0 0 0 0 0 0 0 0 0 0 0 0 0
"237" 237 0.0430622009569 295 64 64 53 12 9 2 1 0 0 0 0 0 0 0 0 0 0 0 0
"238" 238 0.0 500 0 0 0 0 0 0 0 0 0 0 0 0 0 0 0 0 0 0 0
"239" 239 0.291139240506 454 28 12 6 0 0 0 0 0 0 0 0 0 0 0 0 0 0 0 0
"240" 240 0.0062893081761 497 3 0 0 0 0 0 0 0 0 0 0 0 0 0 0 0 0 0 0
"241" 241 0.379464285714 450 28 17 4 1 0 0 0 0 0 0 0 0 0 0 0 0 0 0 0
"242" 242 0.203980099502 300 94 48 32 13 7 6 0 0 0 0 0 0 0 0 0 0 0 0 0
"243" 243 0.0149253731343 491 6 3 0 0 0 0 0 0 0 0 0 0 0 0 0 0 0 0 0
"244" 244 0.388059701493 498 2 0 0 0 0 0 0 0 0 0 0 0 0 0 0 0 0 0 0
"245" 245 0.526785714286 384 53 51 10 2 0 0 0 0 0 0 0 0 0 0 0 0 0 0 0
"246" 246 0.062015503876 497 3 0 0 0 0 0 0 0 0 0 0 0 0 0 0 0 0 0 0
"247" 247 0.0172413793103 447 43 7 2 1 0 0 0 0 0 0 0 0 0 0 0 0 0 0 0
"248" 248 0.544303797468 446 53 1 0 0 0 0 0 0 0 0 0 0 0 0 0 0 0 0 0
"249" 249 0.798449612403 500 0 0 0 0 0 0 0 0 0 0 0 0 0 0 0 0 0 0 0
"250" 250 0.191860465116 449 51 0 0 0 0 0 0 0 0 0 0 0 0 0 0 0 0 0 0
"251" 251 0.350993377483 496 4 0 0 0 0 0 0 0 0 0 0 0 0 0 0 0 0 0 0
"252" 252 0.0 500 0 0 0 0 0 0 0 0 0 0 0 0 0 0 0 0 0 0 0
"253" 253 0.340807174888 499 1 0 0 0 0 0 0 0 0 0 0 0 0 0 0 0 0 0 0
"254" 254 0.632124352332 500 0 0 0 0 0 0 0 0 0 0 0 0 0 0 0 0 0 0 0
"255" 255 0.247148288973 500 0 0 0 0 0 0 0 0 0 0 0 0 0 0 0 0 0 0 0
"256" 256 0.051724137931 495 3 2 0 0 0 0 0 0 0 0 0 0 0 0 0 0 0 0 0
"257" 257 0.236607142857 351 129 18 1 1 0 0 0 0 0 0 0 0 0 0 0 0 0 0 0
"258" 258 0.233502538071 497 3 0 0 0 0 0 0 0 0 0 0 0 0 0 0 0 0 0 0
"259" 259 0.299578059072 290 124 63 16 7 0 0 0 0 0 0 0 0 0 0 0 0 0 0 0
"260" 260 0.409282700422 411 58 31 0 0 0 0 0 0 0 0 0 0 0 0 0 0 0 0 0
"261" 261 0.166666666667 498 2 0 0 0 0 0 0 0 0 0 0 0 0 0 0 0 0 0 0
"262" 262 0.751196172249 462 31 7 0 0 0 0 0 0 0 0 0 0 0 0 0 0 0 0 0
"263" 263 0.413461538462 500 0 0 0 0 0 0 0 0 0 0 0 0 0 0 0 0 0 0 0
"264" 264 0.251046025105 489 11 0 0 0 0 0 0 0 0 0 0 0 0 0 0 0 0 0 0
"265" 265 0.424870466321 308 192 0 0 0 0 0 0 0 0 0 0 0 0 0 0 0 0 0 0
"266" 266 0.124401913876 433 49 16 1 1 0 0 0 0 0 0 0 0 0 0 0 0 0 0 0
"267" 267 0.251655629139 308 192 0 0 0 0 0 0 0 0 0 0 0 0 0 0 0 0 0 0
"268" 268 0.0760456273764 297 177 19 4 1 1 1 0 0 0 0 0 0 0 0 0 0 0 0 0
"269" 269 0.726235741445 500 0 0 0 0 0 0 0 0 0 0 0 0 0 0 0 0 0 0 0
"270" 270 0.00418410041841 476 22 1 1 0 0 0 0 0 0 0 0 0 0 0 0 0 0 0 0
"271" 271 0.0 320 94 47 11 9 4 4 3 2 2 2 1 1 0 0 0 0 0 0 0
"272" 272 0.0728476821192 498 2 0 0 0 0 0 0 0 0 0 0 0 0 0 0 0 0 0 0
"273" 273 0.395348837209 489 11 0 0 0 0 0 0 0 0 0 0 0 0 0 0 0 0 0 0
"274" 274 0.125523012552 498 1 1 0 0 0 0 0 0 0 0 0 0 0 0 0 0 0 0 0
"275" 275 0.00574712643678 376 58 37 16 11 1 1 0 0 0 0 0 0 0 0 0 0 0 0 0
"276" 276 0.333333333333 500 0 0 0 0 0 0 0 0 0 0 0 0 0 0 0 0 0 0 0
"277" 277 0.325892857143 148 145 115 39 25 20 5 3 0 0 0 0 0 0 0 0 0 0 0 0
"278" 278 0.0 474 18 6 1 1 0 0 0 0 0 0 0 0 0 0 0 0 0 0 0
"279" 279 0.0 421 79 0 0 0 0 0 0 0 0 0 0 0 0 0 0 0 0 0 0
"280" 280 0.428571428571 205 131 101 28 23 10 1 1 0 0 0 0 0 0 0 0 0 0 0 0
"281" 281 0.10460251046 485 8 7 0 0 0 0 0 0 0 0 0 0 0 0 0 0 0 0 0
"282" 282 0.0 500 0 0 0 0 0 0 0 0 0 0 0 0 0 0 0 0 0 0 0
"283" 283 0.0 500 0 0 0 0 0 0 0 0 0 0 0 0 0 0 0 0 0 0 0
"284" 284 0.503649635036 310 128 62 0 0 0 0 0 0 0 0 0 0 0 0 0 0 0 0 0
"285" 285 0.292307692308 394 102 2 1 1 0 0 0 0 0 0 0 0 0 0 0 0 0 0 0
"286" 286 0.0398009950249 500 0 0 0 0 0 0 0 0 0 0 0 0 0 0 0 0 0 0 0
"287" 287 0.596153846154 500 0 0 0 0 0 0 0 0 0 0 0 0 0 0 0 0 0 0 0
"288" 288 0.238805970149 500 0 0 0 0 0 0 0 0 0 0 0 0 0 0 0 0 0 0 0
"289" 289 0.609137055838 370 129 1 0 0 0 0 0 0 0 0 0 0 0 0 0 0 0 0 0
