"site" "RSA" "aa1" "aa2" "aa3" "aa4" "aa5" "aa6" "aa7" "aa8" "aa9" "aa10" "aa11" "aa12" "aa13" "aa14" "aa15" "aa16" "aa17" "aa18" "aa19" "aa20"
"0" 0 1.09271523179 11 3 1 1 0 0 0 0 0 0 0 0 0 0 0 0 0 0 0 0
"1" 1 0.846715328467 8 4 2 2 1 1 1 0 0 0 0 0 0 0 0 0 0 0 0 0
"2" 2 0.886075949367 18 5 1 1 0 0 0 0 0 0 0 0 0 0 0 0 0 0 0 0
"3" 3 0.270042194093 11 9 3 2 1 0 0 0 0 0 0 0 0 0 0 0 0 0 0 0
"4" 4 0.574358974359 5 4 4 3 2 2 2 1 1 1 1 0 0 0 0 0 0 0 0 0
"5" 5 0.177664974619 16 3 2 2 1 1 1 0 0 0 0 0 0 0 0 0 0 0 0 0
"6" 6 0.00995024875622 27 0 0 0 0 0 0 0 0 0 0 0 0 0 0 0 0 0 0 0
"7" 7 0.113924050633 27 0 0 0 0 0 0 0 0 0 0 0 0 0 0 0 0 0 0 0
"8" 8 0.0 18 6 2 1 0 0 0 0 0 0 0 0 0 0 0 0 0 0 0 0
"9" 9 0.0 20 5 2 0 0 0 0 0 0 0 0 0 0 0 0 0 0 0 0 0
"10" 10 0.00507614213198 18 6 3 0 0 0 0 0 0 0 0 0 0 0 0 0 0 0 0 0
"11" 11 0.0 23 4 0 0 0 0 0 0 0 0 0 0 0 0 0 0 0 0 0 0
"12" 12 0.0 28 0 0 0 0 0 0 0 0 0 0 0 0 0 0 0 0 0 0 0
"13" 13 0.145077720207 26 1 1 0 0 0 0 0 0 0 0 0 0 0 0 0 0 0 0 0
"14" 14 0.370860927152 20 5 2 1 0 0 0 0 0 0 0 0 0 0 0 0 0 0 0 0
"15" 15 0.471153846154 23 3 2 0 0 0 0 0 0 0 0 0 0 0 0 0 0 0 0 0
"16" 16 0.00574712643678 27 1 0 0 0 0 0 0 0 0 0 0 0 0 0 0 0 0 0 0
"17" 17 0.134615384615 28 0 0 0 0 0 0 0 0 0 0 0 0 0 0 0 0 0 0 0
"18" 18 0.0506329113924 28 0 0 0 0 0 0 0 0 0 0 0 0 0 0 0 0 0 0 0
"19" 19 0.127906976744 21 7 0 0 0 0 0 0 0 0 0 0 0 0 0 0 0 0 0 0
"20" 20 0.12582781457 23 3 2 0 0 0 0 0 0 0 0 0 0 0 0 0 0 0 0 0
"21" 21 0.0 27 1 0 0 0 0 0 0 0 0 0 0 0 0 0 0 0 0 0 0
"22" 22 0.045871559633 24 2 1 1 0 0 0 0 0 0 0 0 0 0 0 0 0 0 0 0
"23" 23 0.200956937799 20 5 2 1 0 0 0 0 0 0 0 0 0 0 0 0 0 0 0 0
"24" 24 0.171532846715 21 7 0 0 0 0 0 0 0 0 0 0 0 0 0 0 0 0 0 0
"25" 25 0.06463878327 20 8 0 0 0 0 0 0 0 0 0 0 0 0 0 0 0 0 0 0
"26" 26 0.109195402299 23 3 1 0 0 0 0 0 0 0 0 0 0 0 0 0 0 0 0 0
"27" 27 0.353846153846 16 4 2 2 1 1 1 0 0 0 0 0 0 0 0 0 0 0 0 0
"28" 28 0.575129533679 12 6 2 2 2 1 1 1 0 0 0 0 0 0 0 0 0 0 0 0
"29" 29 0.565400843882 19 2 2 2 1 1 0 0 0 0 0 0 0 0 0 0 0 0 0 0
"30" 30 0.266159695817 24 3 0 0 0 0 0 0 0 0 0 0 0 0 0 0 0 0 0 0
"31" 31 0.344370860927 12 8 6 1 0 0 0 0 0 0 0 0 0 0 0 0 0 0 0 0
"32" 32 0.52466367713 7 7 4 2 2 2 1 1 1 0 0 0 0 0 0 0 0 0 0 0
"33" 33 0.766816143498 16 3 2 2 1 1 1 1 0 0 0 0 0 0 0 0 0 0 0 0
"34" 34 0.269961977186 21 5 1 0 0 0 0 0 0 0 0 0 0 0 0 0 0 0 0 0
"35" 35 0.763713080169 20 4 2 1 0 0 0 0 0 0 0 0 0 0 0 0 0 0 0 0
"36" 36 0.395348837209 21 5 1 0 0 0 0 0 0 0 0 0 0 0 0 0 0 0 0 0
"37" 37 0.174418604651 27 0 0 0 0 0 0 0 0 0 0 0 0 0 0 0 0 0 0 0
"38" 38 0.527918781726 26 1 0 0 0 0 0 0 0 0 0 0 0 0 0 0 0 0 0 0
"39" 39 0.0769230769231 27 0 0 0 0 0 0 0 0 0 0 0 0 0 0 0 0 0 0 0
"40" 40 0.124031007752 21 5 1 0 0 0 0 0 0 0 0 0 0 0 0 0 0 0 0 0
"41" 41 0.569948186528 21 5 1 0 0 0 0 0 0 0 0 0 0 0 0 0 0 0 0 0
"42" 42 0.297071129707 26 1 0 0 0 0 0 0 0 0 0 0 0 0 0 0 0 0 0 0
"43" 43 0.258706467662 21 3 2 1 0 0 0 0 0 0 0 0 0 0 0 0 0 0 0 0
"44" 44 0.418604651163 21 4 2 0 0 0 0 0 0 0 0 0 0 0 0 0 0 0 0 0
"45" 45 0.240506329114 25 2 0 0 0 0 0 0 0 0 0 0 0 0 0 0 0 0 0 0
"46" 46 0.616071428571 14 8 3 1 1 0 0 0 0 0 0 0 0 0 0 0 0 0 0 0
"47" 47 0.132183908046 13 7 5 1 1 0 0 0 0 0 0 0 0 0 0 0 0 0 0 0
"48" 48 0.523255813953 6 6 3 3 2 1 1 1 1 1 1 1 0 0 0 0 0 0 0 0
"49" 49 0.051724137931 17 7 2 1 0 0 0 0 0 0 0 0 0 0 0 0 0 0 0 0
"50" 50 0.683937823834 20 3 2 1 1 0 0 0 0 0 0 0 0 0 0 0 0 0 0 0
"51" 51 0.567307692308 3 0 0 0 0 0 0 0 0 0 0 0 0 0 0 0 0 0 0 0
"52" 52 0.79274611399 13 9 3 1 1 0 0 0 0 0 0 0 0 0 0 0 0 0 0 0
"53" 53 0.518987341772 11 8 3 2 1 1 1 0 0 0 0 0 0 0 0 0 0 0 0 0
"54" 54 0.706896551724 11 4 3 2 2 1 1 1 1 1 0 0 0 0 0 0 0 0 0 0
"55" 55 0.100775193798 18 3 2 2 1 1 0 0 0 0 0 0 0 0 0 0 0 0 0 0
"56" 56 0.168604651163 23 1 1 1 1 0 0 0 0 0 0 0 0 0 0 0 0 0 0 0
"57" 57 0.0 18 7 2 0 0 0 0 0 0 0 0 0 0 0 0 0 0 0 0 0
"58" 58 0.152466367713 27 0 0 0 0 0 0 0 0 0 0 0 0 0 0 0 0 0 0 0
"59" 59 0.0 24 2 2 0 0 0 0 0 0 0 0 0 0 0 0 0 0 0 0 0
"60" 60 0.124113475177 28 0 0 0 0 0 0 0 0 0 0 0 0 0 0 0 0 0 0 0
"61" 61 0.0466321243523 27 1 0 0 0 0 0 0 0 0 0 0 0 0 0 0 0 0 0 0
"62" 62 0.0348837209302 28 0 0 0 0 0 0 0 0 0 0 0 0 0 0 0 0 0 0 0
"63" 63 0.0387596899225 27 1 0 0 0 0 0 0 0 0 0 0 0 0 0 0 0 0 0 0
"64" 64 0.144230769231 28 0 0 0 0 0 0 0 0 0 0 0 0 0 0 0 0 0 0 0
"65" 65 0.291479820628 25 1 1 1 0 0 0 0 0 0 0 0 0 0 0 0 0 0 0 0
"66" 66 0.732142857143 28 0 0 0 0 0 0 0 0 0 0 0 0 0 0 0 0 0 0 0
"67" 67 0.715328467153 27 1 0 0 0 0 0 0 0 0 0 0 0 0 0 0 0 0 0 0
"68" 68 0.142259414226 28 0 0 0 0 0 0 0 0 0 0 0 0 0 0 0 0 0 0 0
"69" 69 0.269058295964 21 5 1 1 0 0 0 0 0 0 0 0 0 0 0 0 0 0 0 0
"70" 70 0.58940397351 28 0 0 0 0 0 0 0 0 0 0 0 0 0 0 0 0 0 0 0
"71" 71 0.532338308458 26 1 1 0 0 0 0 0 0 0 0 0 0 0 0 0 0 0 0 0
"72" 72 0.432692307692 22 5 1 0 0 0 0 0 0 0 0 0 0 0 0 0 0 0 0 0
"73" 73 0.195402298851 12 6 5 2 1 1 1 0 0 0 0 0 0 0 0 0 0 0 0 0
"74" 74 0.410852713178 20 5 2 1 0 0 0 0 0 0 0 0 0 0 0 0 0 0 0 0
"75" 75 0.138075313808 27 1 0 0 0 0 0 0 0 0 0 0 0 0 0 0 0 0 0 0
"76" 76 0.0266159695817 28 0 0 0 0 0 0 0 0 0 0 0 0 0 0 0 0 0 0 0
"77" 77 0.485401459854 27 1 0 0 0 0 0 0 0 0 0 0 0 0 0 0 0 0 0 0
"78" 78 0.548076923077 28 0 0 0 0 0 0 0 0 0 0 0 0 0 0 0 0 0 0 0
"79" 79 0.062015503876 22 4 2 0 0 0 0 0 0 0 0 0 0 0 0 0 0 0 0 0
"80" 80 0.0880829015544 28 0 0 0 0 0 0 0 0 0 0 0 0 0 0 0 0 0 0 0
"81" 81 0.0 21 4 1 1 1 0 0 0 0 0 0 0 0 0 0 0 0 0 0 0
"82" 82 0.0 27 1 0 0 0 0 0 0 0 0 0 0 0 0 0 0 0 0 0 0
"83" 83 0.0 14 6 3 3 1 1 0 0 0 0 0 0 0 0 0 0 0 0 0 0
"84" 84 0.0 27 1 0 0 0 0 0 0 0 0 0 0 0 0 0 0 0 0 0 0
"85" 85 0.0 20 3 3 1 1 0 0 0 0 0 0 0 0 0 0 0 0 0 0 0
"86" 86 0.00380228136882 16 12 0 0 0 0 0 0 0 0 0 0 0 0 0 0 0 0 0 0
"87" 87 0.0466321243523 22 3 2 1 0 0 0 0 0 0 0 0 0 0 0 0 0 0 0 0
"88" 88 0.0172413793103 24 3 1 0 0 0 0 0 0 0 0 0 0 0 0 0 0 0 0 0
"89" 89 0.232558139535 14 10 3 1 0 0 0 0 0 0 0 0 0 0 0 0 0 0 0 0
"90" 90 0.369230769231 9 8 3 2 2 2 1 1 0 0 0 0 0 0 0 0 0 0 0 0
"91" 91 0.286821705426 6 3 3 3 3 2 2 2 1 1 1 1 0 0 0 0 0 0 0 0
"92" 92 0.364238410596 10 5 5 2 2 1 1 1 1 0 0 0 0 0 0 0 0 0 0 0
"93" 93 0.0132450331126 24 4 0 0 0 0 0 0 0 0 0 0 0 0 0 0 0 0 0 0
"94" 94 0.146443514644 25 1 1 1 0 0 0 0 0 0 0 0 0 0 0 0 0 0 0 0
"95" 95 0.589285714286 12 4 4 2 2 1 1 1 1 0 0 0 0 0 0 0 0 0 0 0
"96" 96 0.261538461538 10 6 4 3 3 1 1 0 0 0 0 0 0 0 0 0 0 0 0 0
"97" 97 0.0 21 6 1 0 0 0 0 0 0 0 0 0 0 0 0 0 0 0 0 0
"98" 98 0.396624472574 9 6 3 3 2 2 2 1 0 0 0 0 0 0 0 0 0 0 0 0
"99" 99 0.483443708609 14 6 3 2 2 1 0 0 0 0 0 0 0 0 0 0 0 0 0 0
"100" 100 0.0815602836879 28 0 0 0 0 0 0 0 0 0 0 0 0 0 0 0 0 0 0 0
"101" 101 0.226277372263 13 8 4 2 1 0 0 0 0 0 0 0 0 0 0 0 0 0 0 0
"102" 102 0.248704663212 9 8 4 3 2 2 0 0 0 0 0 0 0 0 0 0 0 0 0 0
"103" 103 0.28125 26 2 0 0 0 0 0 0 0 0 0 0 0 0 0 0 0 0 0 0
"104" 104 0.0 28 0 0 0 0 0 0 0 0 0 0 0 0 0 0 0 0 0 0 0
"105" 105 0.169154228856 21 2 2 1 1 1 0 0 0 0 0 0 0 0 0 0 0 0 0 0
"106" 106 0.580459770115 9 6 4 2 2 1 1 1 1 1 0 0 0 0 0 0 0 0 0 0
"107" 107 0.382775119617 19 5 2 1 1 0 0 0 0 0 0 0 0 0 0 0 0 0 0 0
"108" 108 0.015503875969 20 3 2 1 1 1 0 0 0 0 0 0 0 0 0 0 0 0 0 0
"109" 109 0.610256410256 11 8 5 3 1 0 0 0 0 0 0 0 0 0 0 0 0 0 0 0
"110" 110 0.155172413793 13 5 2 1 1 1 1 1 1 1 0 0 0 0 0 0 0 0 0 0
"111" 111 0.85641025641 8 8 4 3 1 1 1 1 1 0 0 0 0 0 0 0 0 0 0 0
"112" 112 0.304635761589 17 5 3 2 1 0 0 0 0 0 0 0 0 0 0 0 0 0 0 0
"113" 113 0.320754716981 20 2 1 1 1 1 0 0 0 0 0 0 0 0 0 0 0 0 0 0
"114" 114 0.727678571429 9 7 2 1 1 1 1 1 1 1 0 0 0 0 0 0 0 0 0 0
"115" 115 0.575581395349 7 4 3 3 2 2 1 1 1 1 0 0 0 0 0 0 0 0 0 0
"116" 116 0.0418410041841 25 0 0 0 0 0 0 0 0 0 0 0 0 0 0 0 0 0 0 0
"117" 117 0.119496855346 25 0 0 0 0 0 0 0 0 0 0 0 0 0 0 0 0 0 0 0
"118" 118 0.0585774058577 24 1 0 0 0 0 0 0 0 0 0 0 0 0 0 0 0 0 0 0
"119" 119 0.0 21 5 1 1 0 0 0 0 0 0 0 0 0 0 0 0 0 0 0 0
"120" 120 0.010152284264 17 6 5 0 0 0 0 0 0 0 0 0 0 0 0 0 0 0 0 0
"121" 121 0.00497512437811 16 8 3 1 0 0 0 0 0 0 0 0 0 0 0 0 0 0 0 0
"122" 122 0.0 28 0 0 0 0 0 0 0 0 0 0 0 0 0 0 0 0 0 0 0
"123" 123 0.0307692307692 28 0 0 0 0 0 0 0 0 0 0 0 0 0 0 0 0 0 0 0
"124" 124 0.278481012658 27 1 0 0 0 0 0 0 0 0 0 0 0 0 0 0 0 0 0 0
"125" 125 0.208121827411 10 10 3 2 2 1 0 0 0 0 0 0 0 0 0 0 0 0 0 0
"126" 126 0.300518134715 28 0 0 0 0 0 0 0 0 0 0 0 0 0 0 0 0 0 0 0
"127" 127 0.062015503876 12 6 3 2 1 1 1 0 0 0 0 0 0 0 0 0 0 0 0 0
"128" 128 0.535714285714 10 6 3 1 1 1 1 0 0 0 0 0 0 0 0 0 0 0 0 0
"129" 129 0.625 5 5 3 2 1 1 1 0 0 0 0 0 0 0 0 0 0 0 0 0
"130" 130 0.682119205298 4 3 3 3 2 1 1 1 0 0 0 0 0 0 0 0 0 0 0 0
"131" 131 0.396624472574 8 5 5 3 3 2 1 0 0 0 0 0 0 0 0 0 0 0 0 0
"132" 132 0.194092827004 21 4 1 1 0 0 0 0 0 0 0 0 0 0 0 0 0 0 0 0
"133" 133 0.53807106599 9 4 3 3 2 1 1 1 1 1 1 0 0 0 0 0 0 0 0 0
"134" 134 0.109195402299 21 4 1 1 0 0 0 0 0 0 0 0 0 0 0 0 0 0 0 0
"135" 135 0.370860927152 16 3 3 3 1 1 0 0 0 0 0 0 0 0 0 0 0 0 0 0
"136" 136 0.504464285714 7 6 5 4 2 2 1 1 0 0 0 0 0 0 0 0 0 0 0 0
"137" 137 0.248945147679 11 4 4 3 1 1 1 1 1 1 0 0 0 0 0 0 0 0 0 0
"138" 138 0.344370860927 8 8 3 2 2 1 1 1 1 1 0 0 0 0 0 0 0 0 0 0
"139" 139 0.0077519379845 23 3 1 1 0 0 0 0 0 0 0 0 0 0 0 0 0 0 0 0
"140" 140 0.412556053812 7 7 4 3 2 2 1 1 1 0 0 0 0 0 0 0 0 0 0 0
"141" 141 0.625 8 8 5 3 2 1 1 0 0 0 0 0 0 0 0 0 0 0 0 0
"142" 142 0.169154228856 21 3 1 1 1 1 0 0 0 0 0 0 0 0 0 0 0 0 0 0
"143" 143 0.031007751938 24 3 1 0 0 0 0 0 0 0 0 0 0 0 0 0 0 0 0 0
"144" 144 0.561181434599 7 5 5 2 2 2 2 1 0 0 0 0 0 0 0 0 0 0 0 0
"145" 145 0.569536423841 15 4 3 3 2 1 0 0 0 0 0 0 0 0 0 0 0 0 0 0
"146" 146 0.0945273631841 8 8 3 2 2 1 1 1 1 1 0 0 0 0 0 0 0 0 0 0
"147" 147 0.509615384615 19 4 1 1 1 1 1 0 0 0 0 0 0 0 0 0 0 0 0 0
"148" 148 0.616580310881 11 8 4 4 1 0 0 0 0 0 0 0 0 0 0 0 0 0 0 0
"149" 149 0.0862944162437 16 5 4 2 1 0 0 0 0 0 0 0 0 0 0 0 0 0 0 0
"150" 150 0.270440251572 21 3 2 1 1 0 0 0 0 0 0 0 0 0 0 0 0 0 0 0
"151" 151 0.129353233831 18 3 2 2 2 1 0 0 0 0 0 0 0 0 0 0 0 0 0 0
"152" 152 0.154811715481 21 3 2 1 1 0 0 0 0 0 0 0 0 0 0 0 0 0 0 0
"153" 153 0.169154228856 27 1 0 0 0 0 0 0 0 0 0 0 0 0 0 0 0 0 0 0
"154" 154 0.0 23 2 2 1 0 0 0 0 0 0 0 0 0 0 0 0 0 0 0 0
"155" 155 0.0 28 0 0 0 0 0 0 0 0 0 0 0 0 0 0 0 0 0 0 0
"156" 156 0.015503875969 28 0 0 0 0 0 0 0 0 0 0 0 0 0 0 0 0 0 0 0
"157" 157 0.362869198312 28 0 0 0 0 0 0 0 0 0 0 0 0 0 0 0 0 0 0 0
"158" 158 0.451282051282 14 5 4 3 1 1 0 0 0 0 0 0 0 0 0 0 0 0 0 0
"159" 159 0.418604651163 9 6 5 4 3 1 0 0 0 0 0 0 0 0 0 0 0 0 0 0
"160" 160 0.350253807107 9 8 3 2 2 1 1 1 1 0 0 0 0 0 0 0 0 0 0 0
"161" 161 0.297435897436 24 4 0 0 0 0 0 0 0 0 0 0 0 0 0 0 0 0 0 0
"162" 162 0.0114942528736 27 1 0 0 0 0 0 0 0 0 0 0 0 0 0 0 0 0 0 0
"163" 163 0.523316062176 12 11 2 1 1 1 0 0 0 0 0 0 0 0 0 0 0 0 0 0
"164" 164 0.325581395349 7 5 5 3 2 2 1 1 1 1 0 0 0 0 0 0 0 0 0 0
"165" 165 0.0 26 1 1 0 0 0 0 0 0 0 0 0 0 0 0 0 0 0 0 0
"166" 166 0.00418410041841 28 0 0 0 0 0 0 0 0 0 0 0 0 0 0 0 0 0 0 0
"167" 167 0.482142857143 10 5 3 2 2 1 1 1 1 0 0 0 0 0 0 0 0 0 0 0
"168" 168 0.191964285714 6 6 4 4 3 2 1 0 0 0 0 0 0 0 0 0 0 0 0 0
"169" 169 0.0 13 6 5 1 1 0 0 0 0 0 0 0 0 0 0 0 0 0 0 0
"170" 170 0.0387596899225 17 4 3 1 1 0 0 0 0 0 0 0 0 0 0 0 0 0 0 0
"171" 171 0.339416058394 15 7 2 1 0 0 0 0 0 0 0 0 0 0 0 0 0 0 0 0
"172" 172 0.0596026490066 5 5 3 2 2 2 2 2 1 1 0 0 0 0 0 0 0 0 0 0
"173" 173 0.0 21 1 1 1 1 0 0 0 0 0 0 0 0 0 0 0 0 0 0 0
"174" 174 0.129353233831 16 3 3 2 1 0 0 0 0 0 0 0 0 0 0 0 0 0 0 0
"175" 175 0.659192825112 4 4 3 3 2 1 1 1 0 0 0 0 0 0 0 0 0 0 0 0
"176" 176 0.282511210762 8 2 1 1 1 0 0 0 0 0 0 0 0 0 0 0 0 0 0 0
"177" 177 0.148717948718 6 1 1 1 0 0 0 0 0 0 0 0 0 0 0 0 0 0 0 0
"178" 178 0.591928251121 2 2 2 1 1 1 0 0 0 0 0 0 0 0 0 0 0 0 0 0
"179" 179 0.914728682171 4 0 0 0 0 0 0 0 0 0 0 0 0 0 0 0 0 0 0 0
