"site" "RSA" "aa1" "aa2" "aa3" "aa4" "aa5" "aa6" "aa7" "aa8" "aa9" "aa10" "aa11" "aa12" "aa13" "aa14" "aa15" "aa16" "aa17" "aa18" "aa19" "aa20"
"0" 0 1.05128205128 458 33 4 3 1 1 0 0 0 0 0 0 0 0 0 0 0 0 0 0
"1" 1 0.651162790698 241 140 90 6 5 5 5 3 2 1 1 1 0 0 0 0 0 0 0 0
"2" 2 0.483443708609 325 170 3 1 1 0 0 0 0 0 0 0 0 0 0 0 0 0 0 0
"3" 3 0.53164556962 206 79 66 47 41 23 23 9 4 2 0 0 0 0 0 0 0 0 0 0
"4" 4 0.209302325581 443 54 2 1 0 0 0 0 0 0 0 0 0 0 0 0 0 0 0 0
"5" 5 0.403041825095 495 5 0 0 0 0 0 0 0 0 0 0 0 0 0 0 0 0 0 0
"6" 6 0.616352201258 500 0 0 0 0 0 0 0 0 0 0 0 0 0 0 0 0 0 0 0
"7" 7 0.37984496124 383 66 50 1 0 0 0 0 0 0 0 0 0 0 0 0 0 0 0 0
"8" 8 0.0077519379845 500 0 0 0 0 0 0 0 0 0 0 0 0 0 0 0 0 0 0 0
"9" 9 0.5 500 0 0 0 0 0 0 0 0 0 0 0 0 0 0 0 0 0 0 0
"10" 10 0.472868217054 369 116 9 6 0 0 0 0 0 0 0 0 0 0 0 0 0 0 0 0
"11" 11 0.0995024875622 500 0 0 0 0 0 0 0 0 0 0 0 0 0 0 0 0 0 0 0
"12" 12 0.670886075949 499 1 0 0 0 0 0 0 0 0 0 0 0 0 0 0 0 0 0 0
"13" 13 0.637130801688 356 132 7 3 2 0 0 0 0 0 0 0 0 0 0 0 0 0 0 0
"14" 14 0.365384615385 500 0 0 0 0 0 0 0 0 0 0 0 0 0 0 0 0 0 0 0
"15" 15 0.230769230769 211 131 82 48 20 4 2 1 1 0 0 0 0 0 0 0 0 0 0 0
"16" 16 0.266159695817 392 108 0 0 0 0 0 0 0 0 0 0 0 0 0 0 0 0 0 0
"17" 17 0.0 500 0 0 0 0 0 0 0 0 0 0 0 0 0 0 0 0 0 0 0
"18" 18 0.183544303797 500 0 0 0 0 0 0 0 0 0 0 0 0 0 0 0 0 0 0 0
"19" 19 0.010152284264 500 0 0 0 0 0 0 0 0 0 0 0 0 0 0 0 0 0 0 0
"20" 20 0.676923076923 449 37 7 2 2 1 1 1 0 0 0 0 0 0 0 0 0 0 0 0
"21" 21 0.701923076923 499 1 0 0 0 0 0 0 0 0 0 0 0 0 0 0 0 0 0 0
"22" 22 0.277372262774 467 27 5 1 0 0 0 0 0 0 0 0 0 0 0 0 0 0 0 0
"23" 23 0.0817610062893 500 0 0 0 0 0 0 0 0 0 0 0 0 0 0 0 0 0 0 0
"24" 24 0.0 500 0 0 0 0 0 0 0 0 0 0 0 0 0 0 0 0 0 0 0
"25" 25 0.379746835443 244 89 88 46 32 1 0 0 0 0 0 0 0 0 0 0 0 0 0 0
"26" 26 0.0114942528736 397 103 0 0 0 0 0 0 0 0 0 0 0 0 0 0 0 0 0 0
"27" 27 0.304568527919 155 154 99 57 33 1 1 0 0 0 0 0 0 0 0 0 0 0 0 0
"28" 28 0.383419689119 386 45 28 16 9 6 5 5 0 0 0 0 0 0 0 0 0 0 0 0
"29" 29 0.318407960199 500 0 0 0 0 0 0 0 0 0 0 0 0 0 0 0 0 0 0 0
"30" 30 0.476821192053 201 129 89 29 19 15 7 3 2 2 1 1 1 1 0 0 0 0 0 0
"31" 31 0.459770114943 446 53 1 0 0 0 0 0 0 0 0 0 0 0 0 0 0 0 0 0
"32" 32 0.350993377483 322 70 38 34 21 9 4 1 1 0 0 0 0 0 0 0 0 0 0 0
"33" 33 0.818565400844 422 41 24 9 4 0 0 0 0 0 0 0 0 0 0 0 0 0 0 0
"34" 34 0.558139534884 356 132 5 4 2 1 0 0 0 0 0 0 0 0 0 0 0 0 0 0
"35" 35 0.5 500 0 0 0 0 0 0 0 0 0 0 0 0 0 0 0 0 0 0 0
"36" 36 0.864978902954 469 19 3 3 2 2 1 1 0 0 0 0 0 0 0 0 0 0 0 0
"37" 37 0.789473684211 296 98 51 32 10 6 2 2 2 1 0 0 0 0 0 0 0 0 0 0
"38" 38 0.548076923077 500 0 0 0 0 0 0 0 0 0 0 0 0 0 0 0 0 0 0 0
"39" 39 0.473684210526 170 100 97 75 21 12 10 4 4 3 2 2 0 0 0 0 0 0 0 0
"40" 40 0.116279069767 492 5 3 0 0 0 0 0 0 0 0 0 0 0 0 0 0 0 0 0
"41" 41 0.413502109705 257 182 25 22 5 4 2 2 1 0 0 0 0 0 0 0 0 0 0 0
"42" 42 0.0229885057471 500 0 0 0 0 0 0 0 0 0 0 0 0 0 0 0 0 0 0 0
"43" 43 0.278145695364 148 117 82 54 42 38 7 7 2 1 1 1 0 0 0 0 0 0 0 0
"44" 44 0.010152284264 479 21 0 0 0 0 0 0 0 0 0 0 0 0 0 0 0 0 0 0
"45" 45 0.0977011494253 444 45 10 1 0 0 0 0 0 0 0 0 0 0 0 0 0 0 0 0
"46" 46 0.0 500 0 0 0 0 0 0 0 0 0 0 0 0 0 0 0 0 0 0 0
"47" 47 0.255813953488 237 89 85 65 11 7 3 3 0 0 0 0 0 0 0 0 0 0 0 0
"48" 48 0.020725388601 500 0 0 0 0 0 0 0 0 0 0 0 0 0 0 0 0 0 0 0
"49" 49 0.137055837563 500 0 0 0 0 0 0 0 0 0 0 0 0 0 0 0 0 0 0 0
"50" 50 0.0460251046025 500 0 0 0 0 0 0 0 0 0 0 0 0 0 0 0 0 0 0 0
"51" 51 0.406976744186 265 64 59 51 28 15 11 2 1 1 1 1 1 0 0 0 0 0 0 0
"52" 52 0.509615384615 500 0 0 0 0 0 0 0 0 0 0 0 0 0 0 0 0 0 0 0
"53" 53 0.507692307692 224 85 42 41 38 25 18 14 5 3 2 2 1 0 0 0 0 0 0 0
"54" 54 0.569343065693 150 137 79 49 36 27 18 3 1 0 0 0 0 0 0 0 0 0 0 0
"55" 55 0.174129353234 436 46 9 6 2 1 0 0 0 0 0 0 0 0 0 0 0 0 0 0
"56" 56 0.535714285714 167 165 109 25 19 13 2 0 0 0 0 0 0 0 0 0 0 0 0 0
"57" 57 0.248704663212 265 134 72 16 8 2 1 1 1 0 0 0 0 0 0 0 0 0 0 0
"58" 58 0.439461883408 185 154 57 49 20 16 14 5 0 0 0 0 0 0 0 0 0 0 0 0
"59" 59 0.0542635658915 500 0 0 0 0 0 0 0 0 0 0 0 0 0 0 0 0 0 0 0
"60" 60 0.433962264151 500 0 0 0 0 0 0 0 0 0 0 0 0 0 0 0 0 0 0 0
"61" 61 0.198675496689 330 150 17 3 0 0 0 0 0 0 0 0 0 0 0 0 0 0 0 0
"62" 62 0.511627906977 248 55 52 46 29 26 24 9 8 1 1 1 0 0 0 0 0 0 0 0
"63" 63 0.44976076555 210 194 54 22 10 7 2 1 0 0 0 0 0 0 0 0 0 0 0 0
"64" 64 0.487179487179 243 178 58 14 5 2 0 0 0 0 0 0 0 0 0 0 0 0 0 0
"65" 65 0.051724137931 499 1 0 0 0 0 0 0 0 0 0 0 0 0 0 0 0 0 0 0
"66" 66 0.339285714286 394 66 23 13 3 1 0 0 0 0 0 0 0 0 0 0 0 0 0 0
"67" 67 0.0977011494253 418 82 0 0 0 0 0 0 0 0 0 0 0 0 0 0 0 0 0 0
"68" 68 0.0566037735849 500 0 0 0 0 0 0 0 0 0 0 0 0 0 0 0 0 0 0 0
"69" 69 0.481171548117 349 116 17 8 8 1 1 0 0 0 0 0 0 0 0 0 0 0 0 0
"70" 70 0.201149425287 498 2 0 0 0 0 0 0 0 0 0 0 0 0 0 0 0 0 0 0
"71" 71 0.586497890295 380 59 49 7 4 1 0 0 0 0 0 0 0 0 0 0 0 0 0 0
"72" 72 0.482558139535 340 99 44 14 2 1 0 0 0 0 0 0 0 0 0 0 0 0 0 0
"73" 73 0.426778242678 374 124 1 1 0 0 0 0 0 0 0 0 0 0 0 0 0 0 0 0
"74" 74 0.337209302326 273 106 61 25 15 13 7 0 0 0 0 0 0 0 0 0 0 0 0 0
"75" 75 0.0798479087452 500 0 0 0 0 0 0 0 0 0 0 0 0 0 0 0 0 0 0 0
"76" 76 0.218543046358 495 3 1 1 0 0 0 0 0 0 0 0 0 0 0 0 0 0 0 0
"77" 77 0.0574712643678 500 0 0 0 0 0 0 0 0 0 0 0 0 0 0 0 0 0 0 0
"78" 78 0.502487562189 447 25 18 4 3 1 1 1 0 0 0 0 0 0 0 0 0 0 0 0
"79" 79 0.336787564767 436 23 23 11 3 3 1 0 0 0 0 0 0 0 0 0 0 0 0 0
"80" 80 0.111675126904 500 0 0 0 0 0 0 0 0 0 0 0 0 0 0 0 0 0 0 0
"81" 81 0.488789237668 321 89 33 27 10 9 6 3 2 0 0 0 0 0 0 0 0 0 0 0
"82" 82 0.572327044025 499 1 0 0 0 0 0 0 0 0 0 0 0 0 0 0 0 0 0 0
"83" 83 0.174358974359 364 109 23 4 0 0 0 0 0 0 0 0 0 0 0 0 0 0 0 0
"84" 84 0.816964285714 264 150 57 10 6 3 3 2 2 1 1 1 0 0 0 0 0 0 0 0
"85" 85 0.367875647668 437 40 19 4 0 0 0 0 0 0 0 0 0 0 0 0 0 0 0 0
"86" 86 0.754716981132 500 0 0 0 0 0 0 0 0 0 0 0 0 0 0 0 0 0 0 0
"87" 87 0.735099337748 453 20 12 6 5 3 1 0 0 0 0 0 0 0 0 0 0 0 0 0
"88" 88 0.437810945274 395 61 34 3 2 2 2 1 0 0 0 0 0 0 0 0 0 0 0 0
"89" 89 0.465408805031 500 0 0 0 0 0 0 0 0 0 0 0 0 0 0 0 0 0 0 0
"90" 90 0.350993377483 466 23 11 0 0 0 0 0 0 0 0 0 0 0 0 0 0 0 0 0
"91" 91 0.354066985646 176 114 106 30 22 20 10 7 5 4 3 2 1 0 0 0 0 0 0 0
"92" 92 0.0597014925373 500 0 0 0 0 0 0 0 0 0 0 0 0 0 0 0 0 0 0 0
"93" 93 0.12582781457 327 58 43 34 26 7 2 2 1 0 0 0 0 0 0 0 0 0 0 0
"94" 94 0.0149253731343 500 0 0 0 0 0 0 0 0 0 0 0 0 0 0 0 0 0 0 0
"95" 95 0.305699481865 395 80 17 8 0 0 0 0 0 0 0 0 0 0 0 0 0 0 0 0
"96" 96 0.818652849741 160 123 102 56 16 13 10 7 6 4 1 1 1 0 0 0 0 0 0 0
"97" 97 0.727678571429 340 66 61 16 8 5 3 1 0 0 0 0 0 0 0 0 0 0 0 0
"98" 98 0.663461538462 500 0 0 0 0 0 0 0 0 0 0 0 0 0 0 0 0 0 0 0
"99" 99 0.584821428571 219 163 65 16 14 7 6 3 2 2 1 1 1 0 0 0 0 0 0 0
"100" 100 0.496688741722 377 78 35 9 1 0 0 0 0 0 0 0 0 0 0 0 0 0 0 0
"101" 101 0.153284671533 500 0 0 0 0 0 0 0 0 0 0 0 0 0 0 0 0 0 0 0
"102" 102 0.459821428571 345 107 36 6 4 1 1 0 0 0 0 0 0 0 0 0 0 0 0 0
"103" 103 0.544041450777 500 0 0 0 0 0 0 0 0 0 0 0 0 0 0 0 0 0 0 0
"104" 104 0.0746268656716 431 62 5 2 0 0 0 0 0 0 0 0 0 0 0 0 0 0 0 0
"105" 105 0.367875647668 166 130 92 31 31 23 14 9 4 0 0 0 0 0 0 0 0 0 0 0
"106" 106 0.169811320755 286 91 70 26 23 3 1 0 0 0 0 0 0 0 0 0 0 0 0 0
"107" 107 0.641509433962 336 57 48 41 7 4 3 2 1 1 0 0 0 0 0 0 0 0 0 0
"108" 108 0.455958549223 284 215 1 0 0 0 0 0 0 0 0 0 0 0 0 0 0 0 0 0
"109" 109 0.581395348837 321 61 33 27 14 13 7 7 4 3 3 2 2 2 1 0 0 0 0 0
"110" 110 0.527131782946 306 102 26 23 17 11 4 4 3 3 1 0 0 0 0 0 0 0 0 0
"111" 111 0.124378109453 500 0 0 0 0 0 0 0 0 0 0 0 0 0 0 0 0 0 0 0
"112" 112 0.325581395349 465 35 0 0 0 0 0 0 0 0 0 0 0 0 0 0 0 0 0 0
"113" 113 0.406976744186 320 62 51 37 10 7 5 4 2 1 1 0 0 0 0 0 0 0 0 0
"114" 114 0.42600896861 274 118 84 13 3 2 2 1 1 1 1 0 0 0 0 0 0 0 0 0
"115" 115 0.0304568527919 500 0 0 0 0 0 0 0 0 0 0 0 0 0 0 0 0 0 0 0
"116" 116 0.451476793249 487 5 5 2 1 0 0 0 0 0 0 0 0 0 0 0 0 0 0 0
"117" 117 0.495535714286 443 30 19 3 3 2 0 0 0 0 0 0 0 0 0 0 0 0 0 0
"118" 118 0.188340807175 278 207 11 2 1 1 0 0 0 0 0 0 0 0 0 0 0 0 0 0
"119" 119 0.234309623431 307 182 11 0 0 0 0 0 0 0 0 0 0 0 0 0 0 0 0 0
"120" 120 0.523316062176 199 139 76 24 22 11 7 7 6 6 3 0 0 0 0 0 0 0 0 0
"121" 121 0.476821192053 364 78 40 7 6 3 2 0 0 0 0 0 0 0 0 0 0 0 0 0
"122" 122 0.644230769231 500 0 0 0 0 0 0 0 0 0 0 0 0 0 0 0 0 0 0 0
"123" 123 0.485232067511 442 37 9 4 2 1 1 1 1 1 1 0 0 0 0 0 0 0 0 0
"124" 124 0.455357142857 488 5 3 2 1 1 0 0 0 0 0 0 0 0 0 0 0 0 0 0
"125" 125 0.00574712643678 500 0 0 0 0 0 0 0 0 0 0 0 0 0 0 0 0 0 0 0
"126" 126 0.169154228856 448 42 10 0 0 0 0 0 0 0 0 0 0 0 0 0 0 0 0 0
"127" 127 0.0 500 0 0 0 0 0 0 0 0 0 0 0 0 0 0 0 0 0 0 0
"128" 128 0.0747126436782 294 195 9 2 0 0 0 0 0 0 0 0 0 0 0 0 0 0 0 0
"129" 129 0.0 500 0 0 0 0 0 0 0 0 0 0 0 0 0 0 0 0 0 0 0
"130" 130 0.0689655172414 493 5 1 1 0 0 0 0 0 0 0 0 0 0 0 0 0 0 0 0
"131" 131 0.225165562914 461 19 19 1 0 0 0 0 0 0 0 0 0 0 0 0 0 0 0 0
"132" 132 0.147286821705 498 2 0 0 0 0 0 0 0 0 0 0 0 0 0 0 0 0 0 0
"133" 133 0.730769230769 295 90 52 34 16 8 4 1 0 0 0 0 0 0 0 0 0 0 0 0
"134" 134 0.343023255814 406 44 38 7 2 2 1 0 0 0 0 0 0 0 0 0 0 0 0 0
"135" 135 0.339285714286 500 0 0 0 0 0 0 0 0 0 0 0 0 0 0 0 0 0 0 0
"136" 136 0.134529147982 412 34 26 21 6 1 0 0 0 0 0 0 0 0 0 0 0 0 0 0
"137" 137 0.0114942528736 500 0 0 0 0 0 0 0 0 0 0 0 0 0 0 0 0 0 0 0
"138" 138 0.28855721393 497 3 0 0 0 0 0 0 0 0 0 0 0 0 0 0 0 0 0 0
"139" 139 0.47533632287 320 171 3 2 2 1 1 0 0 0 0 0 0 0 0 0 0 0 0 0
"140" 140 0.197674418605 491 8 1 0 0 0 0 0 0 0 0 0 0 0 0 0 0 0 0 0
"141" 141 0.379746835443 500 0 0 0 0 0 0 0 0 0 0 0 0 0 0 0 0 0 0 0
"142" 142 0.282051282051 266 117 73 12 12 7 5 4 2 2 0 0 0 0 0 0 0 0 0 0
"143" 143 0.410852713178 466 30 2 1 1 0 0 0 0 0 0 0 0 0 0 0 0 0 0 0
"144" 144 1.23255813953 355 53 25 20 17 7 7 6 5 3 1 1 0 0 0 0 0 0 0 0
