"site" "RSA" "aa1" "aa2" "aa3" "aa4" "aa5" "aa6" "aa7" "aa8" "aa9" "aa10" "aa11" "aa12" "aa13" "aa14" "aa15" "aa16" "aa17" "aa18" "aa19" "aa20"
"0" 0 0.848623853211 116 85 82 43 35 23 23 23 20 20 11 8 7 3 1 0 0 0 0 0
"1" 1 0.517948717949 247 167 41 20 7 4 3 2 2 2 2 1 1 1 0 0 0 0 0 0
"2" 2 0.0583941605839 500 0 0 0 0 0 0 0 0 0 0 0 0 0 0 0 0 0 0 0
"3" 3 0.383647798742 500 0 0 0 0 0 0 0 0 0 0 0 0 0 0 0 0 0 0 0
"4" 4 0.443708609272 379 63 42 13 2 1 0 0 0 0 0 0 0 0 0 0 0 0 0 0
"5" 5 0.644230769231 500 0 0 0 0 0 0 0 0 0 0 0 0 0 0 0 0 0 0 0
"6" 6 0.0766423357664 459 16 6 5 4 3 3 2 1 1 0 0 0 0 0 0 0 0 0 0
"7" 7 0.317829457364 105 79 63 56 51 37 30 30 22 20 4 2 1 0 0 0 0 0 0 0
"8" 8 0.294573643411 453 23 12 6 4 1 1 0 0 0 0 0 0 0 0 0 0 0 0 0
"9" 9 0.424870466321 374 67 23 10 10 5 4 2 2 2 1 0 0 0 0 0 0 0 0 0
"10" 10 0.430493273543 396 68 12 8 6 5 3 2 0 0 0 0 0 0 0 0 0 0 0 0
"11" 11 0.0348258706468 498 2 0 0 0 0 0 0 0 0 0 0 0 0 0 0 0 0 0 0
"12" 12 0.043795620438 500 0 0 0 0 0 0 0 0 0 0 0 0 0 0 0 0 0 0 0
"13" 13 0.704402515723 472 17 5 2 1 1 1 1 0 0 0 0 0 0 0 0 0 0 0 0
"14" 14 0.137055837563 494 6 0 0 0 0 0 0 0 0 0 0 0 0 0 0 0 0 0 0
"15" 15 0.565693430657 241 64 53 43 19 15 14 13 9 8 6 5 3 2 2 2 1 0 0 0
"16" 16 0.126903553299 488 12 0 0 0 0 0 0 0 0 0 0 0 0 0 0 0 0 0 0
"17" 17 0.313953488372 195 107 107 41 20 11 6 5 4 2 1 1 0 0 0 0 0 0 0 0
"18" 18 0.142335766423 500 0 0 0 0 0 0 0 0 0 0 0 0 0 0 0 0 0 0 0
"19" 19 0.622009569378 277 106 45 32 23 7 4 3 2 1 0 0 0 0 0 0 0 0 0 0
"20" 20 0.414448669202 439 37 21 2 1 0 0 0 0 0 0 0 0 0 0 0 0 0 0 0
"21" 21 0.360465116279 473 13 12 2 0 0 0 0 0 0 0 0 0 0 0 0 0 0 0 0
"22" 22 0.789029535865 195 66 63 55 32 29 19 19 5 5 4 3 2 1 1 1 0 0 0 0
"23" 23 0.77033492823 194 97 50 43 39 25 19 14 7 5 3 2 1 1 0 0 0 0 0 0
"24" 24 0.178294573643 471 12 9 8 0 0 0 0 0 0 0 0 0 0 0 0 0 0 0 0
"25" 25 0.174107142857 490 7 2 1 0 0 0 0 0 0 0 0 0 0 0 0 0 0 0 0
"26" 26 0.00961538461538 500 0 0 0 0 0 0 0 0 0 0 0 0 0 0 0 0 0 0 0
"27" 27 0.00662251655629 500 0 0 0 0 0 0 0 0 0 0 0 0 0 0 0 0 0 0 0
"28" 28 0.0 499 1 0 0 0 0 0 0 0 0 0 0 0 0 0 0 0 0 0 0
"29" 29 0.0696517412935 500 0 0 0 0 0 0 0 0 0 0 0 0 0 0 0 0 0 0 0
"30" 30 0.0 455 43 1 1 0 0 0 0 0 0 0 0 0 0 0 0 0 0 0 0
"31" 31 0.0982142857143 212 143 69 37 21 7 6 4 1 0 0 0 0 0 0 0 0 0 0 0
"32" 32 0.0 436 48 9 3 2 1 1 0 0 0 0 0 0 0 0 0 0 0 0 0
"33" 33 0.182692307692 500 0 0 0 0 0 0 0 0 0 0 0 0 0 0 0 0 0 0 0
"34" 34 0.492227979275 322 57 46 22 21 15 8 5 2 1 1 0 0 0 0 0 0 0 0 0
"35" 35 0.0 500 0 0 0 0 0 0 0 0 0 0 0 0 0 0 0 0 0 0 0
"36" 36 0.295358649789 400 27 24 24 18 3 2 2 0 0 0 0 0 0 0 0 0 0 0 0
"37" 37 0.0 500 0 0 0 0 0 0 0 0 0 0 0 0 0 0 0 0 0 0 0
"38" 38 0.106598984772 323 171 3 3 0 0 0 0 0 0 0 0 0 0 0 0 0 0 0 0
"39" 39 0.0 500 0 0 0 0 0 0 0 0 0 0 0 0 0 0 0 0 0 0 0
"40" 40 0.122093023256 215 87 78 44 20 17 17 12 5 3 1 1 0 0 0 0 0 0 0 0
"41" 41 0.0 500 0 0 0 0 0 0 0 0 0 0 0 0 0 0 0 0 0 0 0
"42" 42 0.245033112583 167 143 79 32 19 16 7 7 6 6 6 4 4 3 1 0 0 0 0 0
"43" 43 0.131782945736 481 18 1 0 0 0 0 0 0 0 0 0 0 0 0 0 0 0 0 0
"44" 44 0.477678571429 162 108 49 47 44 27 17 13 8 7 7 5 2 2 2 0 0 0 0 0
"45" 45 0.695364238411 97 77 75 63 53 29 18 17 15 14 14 12 6 4 3 2 1 0 0 0
"46" 46 0.192307692308 500 0 0 0 0 0 0 0 0 0 0 0 0 0 0 0 0 0 0 0
"47" 47 0.241379310345 438 60 1 1 0 0 0 0 0 0 0 0 0 0 0 0 0 0 0 0
"48" 48 0.396226415094 251 239 5 3 2 0 0 0 0 0 0 0 0 0 0 0 0 0 0 0
"49" 49 0.605839416058 191 97 40 38 26 26 17 14 11 10 9 7 6 4 4 0 0 0 0 0
"50" 50 0.125523012552 205 201 57 11 10 6 4 3 1 1 1 0 0 0 0 0 0 0 0 0
"51" 51 0.771144278607 392 52 27 16 6 3 2 2 0 0 0 0 0 0 0 0 0 0 0 0
"52" 52 0.561181434599 246 83 34 34 29 21 16 11 9 9 4 2 2 0 0 0 0 0 0 0
"53" 53 0.242152466368 500 0 0 0 0 0 0 0 0 0 0 0 0 0 0 0 0 0 0 0
"54" 54 0.0 500 0 0 0 0 0 0 0 0 0 0 0 0 0 0 0 0 0 0 0
"55" 55 0.152482269504 223 135 37 37 17 14 13 10 5 4 4 1 0 0 0 0 0 0 0 0
"56" 56 0.0 500 0 0 0 0 0 0 0 0 0 0 0 0 0 0 0 0 0 0 0
"57" 57 0.308139534884 313 33 31 31 22 12 11 11 9 7 6 6 4 2 1 1 0 0 0 0
"58" 58 0.062015503876 497 3 0 0 0 0 0 0 0 0 0 0 0 0 0 0 0 0 0 0
"59" 59 0.455357142857 220 84 60 38 37 26 7 5 5 4 4 3 3 3 1 0 0 0 0 0
"60" 60 0.0228136882129 500 0 0 0 0 0 0 0 0 0 0 0 0 0 0 0 0 0 0 0
"61" 61 0.105769230769 252 71 49 41 22 17 17 9 8 6 4 2 2 0 0 0 0 0 0 0
"62" 62 0.174311926606 471 12 7 5 2 1 1 1 0 0 0 0 0 0 0 0 0 0 0 0
"63" 63 0.388059701493 324 72 71 8 7 5 5 2 2 2 1 1 0 0 0 0 0 0 0 0
"64" 64 0.062893081761 500 0 0 0 0 0 0 0 0 0 0 0 0 0 0 0 0 0 0 0
"65" 65 0.605839416058 147 130 65 41 35 24 16 8 7 6 6 6 3 2 2 1 1 0 0 0
"66" 66 0.0331125827815 433 67 0 0 0 0 0 0 0 0 0 0 0 0 0 0 0 0 0 0
"67" 67 0.197674418605 315 83 60 12 10 10 5 2 1 1 1 0 0 0 0 0 0 0 0 0
"68" 68 0.5 89 83 68 59 37 34 28 26 18 18 14 10 9 4 2 1 0 0 0 0
"69" 69 0.642857142857 134 82 73 44 28 28 23 20 19 15 14 6 5 3 3 2 1 0 0 0
"70" 70 0.551094890511 152 107 82 75 48 27 3 3 1 1 1 0 0 0 0 0 0 0 0 0
"71" 71 0.215384615385 96 93 56 55 44 33 27 25 22 18 17 8 2 2 1 1 0 0 0 0
"72" 72 0.497757847534 407 46 23 13 4 2 2 2 1 0 0 0 0 0 0 0 0 0 0 0
"73" 73 0.448905109489 190 96 67 57 53 16 6 5 5 3 1 1 0 0 0 0 0 0 0 0
"74" 74 0.209821428571 495 2 1 1 1 0 0 0 0 0 0 0 0 0 0 0 0 0 0 0
"75" 75 0.674418604651 312 77 26 20 18 14 13 11 3 2 2 2 0 0 0 0 0 0 0 0
"76" 76 0.576158940397 132 72 57 45 40 37 31 28 24 15 14 2 2 1 0 0 0 0 0 0
"77" 77 0.412408759124 158 123 93 46 32 14 13 5 5 3 3 3 1 1 0 0 0 0 0 0
"78" 78 0.615384615385 500 0 0 0 0 0 0 0 0 0 0 0 0 0 0 0 0 0 0 0
"79" 79 0.493670886076 237 142 44 39 10 8 7 6 2 2 2 1 0 0 0 0 0 0 0 0
"80" 80 0.295964125561 103 97 85 81 54 37 14 9 8 6 3 2 1 0 0 0 0 0 0 0
"81" 81 0.201923076923 268 188 21 7 4 3 3 2 2 1 1 0 0 0 0 0 0 0 0 0
"82" 82 0.519230769231 140 65 53 49 48 40 31 15 13 13 10 10 9 4 0 0 0 0 0 0
"83" 83 0.394160583942 153 119 44 41 31 23 23 14 12 10 10 9 8 3 0 0 0 0 0 0
"84" 84 0.046511627907 430 37 29 2 1 1 0 0 0 0 0 0 0 0 0 0 0 0 0 0
"85" 85 0.383084577114 163 147 41 32 31 28 21 17 8 7 3 1 1 0 0 0 0 0 0 0
"86" 86 0.352678571429 469 6 5 4 4 4 3 2 1 1 1 0 0 0 0 0 0 0 0 0
"87" 87 0.0 493 7 0 0 0 0 0 0 0 0 0 0 0 0 0 0 0 0 0 0
"88" 88 0.0896860986547 236 235 29 0 0 0 0 0 0 0 0 0 0 0 0 0 0 0 0 0
"89" 89 0.627737226277 118 80 79 55 38 36 27 19 19 11 6 5 3 3 1 0 0 0 0 0
"90" 90 0.0398009950249 360 79 18 13 12 9 4 3 1 1 0 0 0 0 0 0 0 0 0 0
"91" 91 0.0 492 8 0 0 0 0 0 0 0 0 0 0 0 0 0 0 0 0 0 0
"92" 92 0.0192307692308 482 14 2 1 1 0 0 0 0 0 0 0 0 0 0 0 0 0 0 0
"93" 93 0.339416058394 197 116 71 33 17 15 14 11 9 8 4 2 2 1 0 0 0 0 0 0
"94" 94 0.0 497 3 0 0 0 0 0 0 0 0 0 0 0 0 0 0 0 0 0 0
"95" 95 0.0 499 1 0 0 0 0 0 0 0 0 0 0 0 0 0 0 0 0 0 0
"96" 96 0.21897810219 486 6 4 2 1 1 0 0 0 0 0 0 0 0 0 0 0 0 0 0
"97" 97 0.271317829457 159 141 130 22 14 12 10 7 2 2 1 0 0 0 0 0 0 0 0 0
"98" 98 0.0232558139535 255 245 0 0 0 0 0 0 0 0 0 0 0 0 0 0 0 0 0 0
"99" 99 0.0149253731343 500 0 0 0 0 0 0 0 0 0 0 0 0 0 0 0 0 0 0 0
"100" 100 0.19170984456 479 21 0 0 0 0 0 0 0 0 0 0 0 0 0 0 0 0 0 0
"101" 101 0.114427860697 498 1 1 0 0 0 0 0 0 0 0 0 0 0 0 0 0 0 0 0
"102" 102 0.443708609272 409 43 19 6 5 5 5 4 1 1 1 1 0 0 0 0 0 0 0 0
"103" 103 0.350210970464 260 111 75 39 12 2 1 0 0 0 0 0 0 0 0 0 0 0 0 0
"104" 104 0.0 497 3 0 0 0 0 0 0 0 0 0 0 0 0 0 0 0 0 0 0
"105" 105 0.0480769230769 500 0 0 0 0 0 0 0 0 0 0 0 0 0 0 0 0 0 0 0
"106" 106 0.584821428571 349 64 26 15 11 10 7 7 6 5 0 0 0 0 0 0 0 0 0 0
"107" 107 0.0923076923077 418 32 17 15 14 2 2 0 0 0 0 0 0 0 0 0 0 0 0 0
"108" 108 0.0290697674419 224 130 85 35 9 8 6 2 1 0 0 0 0 0 0 0 0 0 0 0
"109" 109 0.0 500 0 0 0 0 0 0 0 0 0 0 0 0 0 0 0 0 0 0 0
"110" 110 0.368821292776 146 95 81 54 35 26 21 15 8 7 5 5 1 1 0 0 0 0 0 0
"111" 111 0.00507614213198 360 140 0 0 0 0 0 0 0 0 0 0 0 0 0 0 0 0 0 0
"112" 112 0.20207253886 156 118 55 39 36 29 28 9 7 6 6 4 2 2 2 1 0 0 0 0
"113" 113 0.0 500 0 0 0 0 0 0 0 0 0 0 0 0 0 0 0 0 0 0 0
"114" 114 0.310880829016 165 152 115 43 9 6 5 3 1 1 0 0 0 0 0 0 0 0 0 0
"115" 115 0.0 500 0 0 0 0 0 0 0 0 0 0 0 0 0 0 0 0 0 0 0
"116" 116 0.38578680203 413 50 28 3 2 2 1 1 0 0 0 0 0 0 0 0 0 0 0 0
"117" 117 0.340807174888 169 100 70 66 34 25 19 12 3 2 0 0 0 0 0 0 0 0 0 0
"118" 118 0.178294573643 292 71 61 24 12 9 9 7 7 3 3 1 1 0 0 0 0 0 0 0
"119" 119 0.20207253886 488 5 4 1 1 1 0 0 0 0 0 0 0 0 0 0 0 0 0 0
"120" 120 0.105769230769 500 0 0 0 0 0 0 0 0 0 0 0 0 0 0 0 0 0 0 0
"121" 121 0.173076923077 500 0 0 0 0 0 0 0 0 0 0 0 0 0 0 0 0 0 0 0
"122" 122 0.0348837209302 295 195 5 4 1 0 0 0 0 0 0 0 0 0 0 0 0 0 0 0
"123" 123 0.120437956204 471 12 10 5 2 0 0 0 0 0 0 0 0 0 0 0 0 0 0 0
"124" 124 0.00581395348837 268 102 80 30 20 0 0 0 0 0 0 0 0 0 0 0 0 0 0 0
"125" 125 0.0 500 0 0 0 0 0 0 0 0 0 0 0 0 0 0 0 0 0 0 0
"126" 126 0.0 491 9 0 0 0 0 0 0 0 0 0 0 0 0 0 0 0 0 0 0
"127" 127 0.00507614213198 498 2 0 0 0 0 0 0 0 0 0 0 0 0 0 0 0 0 0 0
"128" 128 0.0 495 3 2 0 0 0 0 0 0 0 0 0 0 0 0 0 0 0 0 0
"129" 129 0.0 500 0 0 0 0 0 0 0 0 0 0 0 0 0 0 0 0 0 0 0
"130" 130 0.0 494 3 3 0 0 0 0 0 0 0 0 0 0 0 0 0 0 0 0 0
"131" 131 0.00581395348837 340 84 60 14 2 0 0 0 0 0 0 0 0 0 0 0 0 0 0 0
"132" 132 0.0 500 0 0 0 0 0 0 0 0 0 0 0 0 0 0 0 0 0 0 0
"133" 133 0.0 500 0 0 0 0 0 0 0 0 0 0 0 0 0 0 0 0 0 0 0
"134" 134 0.00995024875622 499 1 0 0 0 0 0 0 0 0 0 0 0 0 0 0 0 0 0 0
"135" 135 0.162436548223 283 45 39 36 30 14 11 10 7 7 6 3 3 2 2 1 1 0 0 0
"136" 136 0.0673575129534 500 0 0 0 0 0 0 0 0 0 0 0 0 0 0 0 0 0 0 0
"137" 137 0.0 499 1 0 0 0 0 0 0 0 0 0 0 0 0 0 0 0 0 0 0
"138" 138 0.0646766169154 497 3 0 0 0 0 0 0 0 0 0 0 0 0 0 0 0 0 0 0
"139" 139 0.457364341085 95 68 59 50 49 49 35 32 29 7 5 5 5 4 3 2 2 1 0 0
"140" 140 0.252873563218 421 58 12 4 2 1 1 1 0 0 0 0 0 0 0 0 0 0 0 0
"141" 141 0.0199004975124 499 1 0 0 0 0 0 0 0 0 0 0 0 0 0 0 0 0 0 0
"142" 142 0.514767932489 139 136 52 50 44 29 17 13 10 4 3 3 0 0 0 0 0 0 0 0
"143" 143 0.827004219409 196 53 49 47 39 36 32 16 14 5 5 3 2 1 1 1 0 0 0 0
"144" 144 0.540145985401 492 4 3 1 0 0 0 0 0 0 0 0 0 0 0 0 0 0 0 0
"145" 145 0.615384615385 500 0 0 0 0 0 0 0 0 0 0 0 0 0 0 0 0 0 0 0
"146" 146 0.170542635659 238 141 57 25 20 8 5 3 2 1 0 0 0 0 0 0 0 0 0 0
"147" 147 0.124378109453 500 0 0 0 0 0 0 0 0 0 0 0 0 0 0 0 0 0 0 0
"148" 148 0.497890295359 344 32 31 22 20 18 18 12 1 1 1 0 0 0 0 0 0 0 0 0
"149" 149 0.384615384615 500 0 0 0 0 0 0 0 0 0 0 0 0 0 0 0 0 0 0 0
"150" 150 0.502564102564 483 15 1 1 0 0 0 0 0 0 0 0 0 0 0 0 0 0 0 0
"151" 151 0.0125786163522 500 0 0 0 0 0 0 0 0 0 0 0 0 0 0 0 0 0 0 0
"152" 152 0.323383084577 446 14 11 7 6 5 3 2 2 1 1 1 1 0 0 0 0 0 0 0
"153" 153 0.523206751055 285 62 32 29 27 25 11 8 5 4 4 3 2 2 1 0 0 0 0 0
"154" 154 0.291479820628 323 135 32 6 3 1 0 0 0 0 0 0 0 0 0 0 0 0 0 0
"155" 155 0.0963302752294 346 60 33 32 10 8 7 2 1 1 0 0 0 0 0 0 0 0 0 0
"156" 156 0.0 499 1 0 0 0 0 0 0 0 0 0 0 0 0 0 0 0 0 0 0
"157" 157 0.0 484 9 6 1 0 0 0 0 0 0 0 0 0 0 0 0 0 0 0 0
"158" 158 0.0077519379845 490 10 0 0 0 0 0 0 0 0 0 0 0 0 0 0 0 0 0 0
"159" 159 0.0 446 54 0 0 0 0 0 0 0 0 0 0 0 0 0 0 0 0 0 0
"160" 160 0.0331125827815 291 157 29 9 5 3 2 1 1 1 1 0 0 0 0 0 0 0 0 0
"161" 161 0.00574712643678 500 0 0 0 0 0 0 0 0 0 0 0 0 0 0 0 0 0 0 0
"162" 162 0.0 500 0 0 0 0 0 0 0 0 0 0 0 0 0 0 0 0 0 0 0
"163" 163 0.126903553299 441 49 9 1 0 0 0 0 0 0 0 0 0 0 0 0 0 0 0 0
"164" 164 0.144486692015 367 133 0 0 0 0 0 0 0 0 0 0 0 0 0 0 0 0 0 0
"165" 165 0.417040358744 363 135 2 0 0 0 0 0 0 0 0 0 0 0 0 0 0 0 0 0
"166" 166 0.615384615385 500 0 0 0 0 0 0 0 0 0 0 0 0 0 0 0 0 0 0 0
"167" 167 0.33908045977 266 74 49 33 31 10 10 8 4 4 3 2 2 2 1 1 0 0 0 0
"168" 168 0.251572327044 499 1 0 0 0 0 0 0 0 0 0 0 0 0 0 0 0 0 0 0
"169" 169 0.0229885057471 498 1 1 0 0 0 0 0 0 0 0 0 0 0 0 0 0 0 0 0
"170" 170 0.00497512437811 500 0 0 0 0 0 0 0 0 0 0 0 0 0 0 0 0 0 0 0
"171" 171 0.0 500 0 0 0 0 0 0 0 0 0 0 0 0 0 0 0 0 0 0 0
"172" 172 0.00995024875622 499 1 0 0 0 0 0 0 0 0 0 0 0 0 0 0 0 0 0 0
"173" 173 0.0569948186528 492 8 0 0 0 0 0 0 0 0 0 0 0 0 0 0 0 0 0 0
"174" 174 0.490494296578 238 52 43 39 29 27 22 15 13 9 6 5 1 1 0 0 0 0 0 0
"175" 175 0.492537313433 112 93 71 54 48 37 23 13 13 11 8 6 4 2 2 1 1 1 0 0
"176" 176 0.0 500 0 0 0 0 0 0 0 0 0 0 0 0 0 0 0 0 0 0 0
"177" 177 0.362694300518 292 104 41 22 11 8 8 6 4 1 1 1 1 0 0 0 0 0 0 0
"178" 178 0.443708609272 191 48 47 41 33 31 29 29 20 11 6 5 3 3 1 1 1 0 0 0
"179" 179 0.441860465116 112 109 87 75 31 28 20 12 10 6 6 4 0 0 0 0 0 0 0 0
"180" 180 0.046511627907 481 17 2 0 0 0 0 0 0 0 0 0 0 0 0 0 0 0 0 0
"181" 181 0.473214285714 145 106 56 51 44 39 20 14 12 7 3 2 1 0 0 0 0 0 0 0
"182" 182 0.0581395348837 424 75 1 0 0 0 0 0 0 0 0 0 0 0 0 0 0 0 0 0
"183" 183 0.129533678756 339 40 33 26 21 15 6 5 4 3 2 2 2 1 1 0 0 0 0 0
"184" 184 0.00497512437811 479 21 0 0 0 0 0 0 0 0 0 0 0 0 0 0 0 0 0 0
"185" 185 0.0923076923077 284 101 36 34 15 9 7 7 4 2 1 0 0 0 0 0 0 0 0 0
"186" 186 0.00574712643678 499 1 0 0 0 0 0 0 0 0 0 0 0 0 0 0 0 0 0 0
"187" 187 0.0172413793103 499 1 0 0 0 0 0 0 0 0 0 0 0 0 0 0 0 0 0 0
"188" 188 0.00917431192661 499 1 0 0 0 0 0 0 0 0 0 0 0 0 0 0 0 0 0 0
"189" 189 0.0581395348837 233 232 10 8 8 7 1 1 0 0 0 0 0 0 0 0 0 0 0 0
"190" 190 0.279792746114 359 86 16 12 9 8 4 3 1 1 1 0 0 0 0 0 0 0 0 0
"191" 191 0.713178294574 188 72 66 33 32 28 25 22 16 8 7 1 1 1 0 0 0 0 0 0
"192" 192 0.307692307692 500 0 0 0 0 0 0 0 0 0 0 0 0 0 0 0 0 0 0 0
"193" 193 0.317307692308 258 93 63 35 27 7 6 3 3 2 2 1 0 0 0 0 0 0 0 0
"194" 194 0.364016736402 272 227 1 0 0 0 0 0 0 0 0 0 0 0 0 0 0 0 0 0
"195" 195 0.258883248731 475 24 1 0 0 0 0 0 0 0 0 0 0 0 0 0 0 0 0 0
"196" 196 0.1875 120 92 69 53 45 32 31 18 15 14 4 3 2 2 0 0 0 0 0 0
"197" 197 0.362068965517 271 226 2 1 0 0 0 0 0 0 0 0 0 0 0 0 0 0 0 0
"198" 198 0.313901345291 102 98 87 81 29 26 18 17 9 8 7 6 4 3 2 2 1 0 0 0
"199" 199 0.298076923077 478 8 8 6 0 0 0 0 0 0 0 0 0 0 0 0 0 0 0 0
"200" 200 0.372093023256 299 60 48 32 12 9 9 9 5 5 4 3 3 1 1 0 0 0 0 0
"201" 201 0.31007751938 435 59 6 0 0 0 0 0 0 0 0 0 0 0 0 0 0 0 0 0
"202" 202 0.625 116 84 70 69 40 39 35 26 10 3 2 2 2 1 1 0 0 0 0 0
"203" 203 0.269230769231 499 1 0 0 0 0 0 0 0 0 0 0 0 0 0 0 0 0 0 0
"204" 204 0.596899224806 137 70 70 65 59 17 14 14 13 8 8 7 7 5 3 3 0 0 0 0
"205" 205 0.635220125786 490 4 3 2 1 0 0 0 0 0 0 0 0 0 0 0 0 0 0 0
"206" 206 0.225941422594 177 161 94 49 8 5 3 3 0 0 0 0 0 0 0 0 0 0 0 0
"207" 207 0.63503649635 204 94 49 33 27 26 16 15 13 7 6 5 3 2 0 0 0 0 0 0
"208" 208 0.572327044025 432 22 18 11 4 4 2 2 2 2 1 0 0 0 0 0 0 0 0 0
"209" 209 0.604651162791 181 61 50 48 44 36 21 18 11 10 7 6 5 2 0 0 0 0 0 0
"210" 210 0.294642857143 345 140 3 3 3 3 1 1 1 0 0 0 0 0 0 0 0 0 0 0
"211" 211 0.243781094527 307 90 32 26 14 11 7 5 4 2 2 0 0 0 0 0 0 0 0 0
"212" 212 0.461538461538 160 85 64 46 38 29 18 17 16 9 9 4 2 1 1 1 0 0 0 0
"213" 213 0.302325581395 145 52 52 50 48 40 38 32 21 14 4 2 1 1 0 0 0 0 0 0
"214" 214 0.0045871559633 500 0 0 0 0 0 0 0 0 0 0 0 0 0 0 0 0 0 0 0
"215" 215 0.10447761194 499 1 0 0 0 0 0 0 0 0 0 0 0 0 0 0 0 0 0 0
"216" 216 0.5625 98 81 70 61 47 31 29 28 21 14 8 4 4 3 1 0 0 0 0 0
"217" 217 0.109452736318 491 6 3 0 0 0 0 0 0 0 0 0 0 0 0 0 0 0 0 0
"218" 218 0.0 499 1 0 0 0 0 0 0 0 0 0 0 0 0 0 0 0 0 0 0
"219" 219 0.304932735426 248 87 64 45 25 15 6 4 2 2 1 1 0 0 0 0 0 0 0 0
"220" 220 0.479820627803 289 46 40 19 19 13 13 9 9 8 8 7 6 5 5 3 1 0 0 0
"221" 221 0.0384615384615 500 0 0 0 0 0 0 0 0 0 0 0 0 0 0 0 0 0 0 0
"222" 222 0.0 489 11 0 0 0 0 0 0 0 0 0 0 0 0 0 0 0 0 0 0
"223" 223 0.403587443946 144 81 61 44 36 32 29 27 16 10 6 4 3 2 2 2 1 0 0 0
"224" 224 0.428571428571 128 94 54 41 34 34 26 20 18 12 12 12 9 2 2 1 1 0 0 0
"225" 225 0.0 500 0 0 0 0 0 0 0 0 0 0 0 0 0 0 0 0 0 0 0
"226" 226 0.00418410041841 479 20 1 0 0 0 0 0 0 0 0 0 0 0 0 0 0 0 0 0
"227" 227 0.553571428571 137 93 48 47 40 35 33 22 20 9 5 4 4 1 1 1 0 0 0 0
"228" 228 0.243781094527 382 37 22 14 10 9 7 6 5 3 2 2 1 0 0 0 0 0 0 0
"229" 229 0.0 500 0 0 0 0 0 0 0 0 0 0 0 0 0 0 0 0 0 0 0
"230" 230 0.456204379562 332 67 40 12 11 9 9 8 4 4 1 1 1 1 0 0 0 0 0 0
"231" 231 0.457364341085 124 84 63 62 32 31 26 22 22 12 6 6 5 3 2 0 0 0 0 0
"232" 232 0.131782945736 500 0 0 0 0 0 0 0 0 0 0 0 0 0 0 0 0 0 0 0
"233" 233 0.189054726368 473 11 6 4 2 1 1 1 1 0 0 0 0 0 0 0 0 0 0 0
"234" 234 0.558139534884 138 137 128 93 4 0 0 0 0 0 0 0 0 0 0 0 0 0 0 0
"235" 235 0.808035714286 298 78 55 54 5 3 2 2 1 1 1 0 0 0 0 0 0 0 0 0
