"site" "RSA" "aa1" "aa2" "aa3" "aa4" "aa5" "aa6" "aa7" "aa8" "aa9" "aa10" "aa11" "aa12" "aa13" "aa14" "aa15" "aa16" "aa17" "aa18" "aa19" "aa20"
"0" 0 0.821705426357 297 203 0 0 0 0 0 0 0 0 0 0 0 0 0 0 0 0 0 0
"1" 1 0.789743589744 442 56 2 0 0 0 0 0 0 0 0 0 0 0 0 0 0 0 0 0
"2" 2 0.197674418605 500 0 0 0 0 0 0 0 0 0 0 0 0 0 0 0 0 0 0 0
"3" 3 0.0384615384615 500 0 0 0 0 0 0 0 0 0 0 0 0 0 0 0 0 0 0 0
"4" 4 0.211920529801 281 60 41 38 19 16 12 10 8 7 5 2 1 0 0 0 0 0 0 0
"5" 5 0.0 500 0 0 0 0 0 0 0 0 0 0 0 0 0 0 0 0 0 0 0
"6" 6 0.0114942528736 437 55 8 0 0 0 0 0 0 0 0 0 0 0 0 0 0 0 0 0
"7" 7 0.0298507462687 455 34 10 1 0 0 0 0 0 0 0 0 0 0 0 0 0 0 0 0
"8" 8 0.0 500 0 0 0 0 0 0 0 0 0 0 0 0 0 0 0 0 0 0 0
"9" 9 0.211678832117 494 3 2 1 0 0 0 0 0 0 0 0 0 0 0 0 0 0 0 0
"10" 10 0.0574162679426 489 11 0 0 0 0 0 0 0 0 0 0 0 0 0 0 0 0 0 0
"11" 11 0.0192307692308 500 0 0 0 0 0 0 0 0 0 0 0 0 0 0 0 0 0 0 0
"12" 12 0.321428571429 499 1 0 0 0 0 0 0 0 0 0 0 0 0 0 0 0 0 0 0
"13" 13 0.0 329 161 10 0 0 0 0 0 0 0 0 0 0 0 0 0 0 0 0 0
"14" 14 0.388601036269 275 180 28 7 7 3 0 0 0 0 0 0 0 0 0 0 0 0 0 0
"15" 15 0.13829787234 116 110 74 64 41 26 24 19 13 5 5 2 1 0 0 0 0 0 0 0
"16" 16 0.34358974359 490 10 0 0 0 0 0 0 0 0 0 0 0 0 0 0 0 0 0 0
"17" 17 0.441860465116 464 36 0 0 0 0 0 0 0 0 0 0 0 0 0 0 0 0 0 0
"18" 18 0.532338308458 313 135 29 23 0 0 0 0 0 0 0 0 0 0 0 0 0 0 0 0
"19" 19 0.307692307692 418 55 21 6 0 0 0 0 0 0 0 0 0 0 0 0 0 0 0 0
"20" 20 0.174129353234 297 97 87 15 3 1 0 0 0 0 0 0 0 0 0 0 0 0 0 0
"21" 21 0.00836820083682 493 7 0 0 0 0 0 0 0 0 0 0 0 0 0 0 0 0 0 0
"22" 22 0.0697674418605 389 98 7 5 1 0 0 0 0 0 0 0 0 0 0 0 0 0 0 0
"23" 23 0.00961538461538 500 0 0 0 0 0 0 0 0 0 0 0 0 0 0 0 0 0 0 0
"24" 24 0.00709219858156 499 1 0 0 0 0 0 0 0 0 0 0 0 0 0 0 0 0 0 0
"25" 25 0.114942528736 451 31 5 5 4 2 2 0 0 0 0 0 0 0 0 0 0 0 0 0
"26" 26 0.186528497409 500 0 0 0 0 0 0 0 0 0 0 0 0 0 0 0 0 0 0 0
"27" 27 0.0804597701149 128 125 112 62 34 20 9 6 2 1 1 0 0 0 0 0 0 0 0 0
"28" 28 0.163461538462 429 36 25 8 2 0 0 0 0 0 0 0 0 0 0 0 0 0 0 0
"29" 29 0.109452736318 500 0 0 0 0 0 0 0 0 0 0 0 0 0 0 0 0 0 0 0
"30" 30 0.104651162791 464 36 0 0 0 0 0 0 0 0 0 0 0 0 0 0 0 0 0 0
"31" 31 0.683937823834 401 94 5 0 0 0 0 0 0 0 0 0 0 0 0 0 0 0 0 0
"32" 32 0.502109704641 498 2 0 0 0 0 0 0 0 0 0 0 0 0 0 0 0 0 0 0
"33" 33 0.0 500 0 0 0 0 0 0 0 0 0 0 0 0 0 0 0 0 0 0 0
"34" 34 0.349775784753 188 165 124 9 8 5 1 0 0 0 0 0 0 0 0 0 0 0 0 0
"35" 35 0.418604651163 267 158 61 14 0 0 0 0 0 0 0 0 0 0 0 0 0 0 0 0
"36" 36 0.142857142857 333 119 48 0 0 0 0 0 0 0 0 0 0 0 0 0 0 0 0 0
"37" 37 0.0077519379845 500 0 0 0 0 0 0 0 0 0 0 0 0 0 0 0 0 0 0 0
"38" 38 0.310344827586 302 193 4 1 0 0 0 0 0 0 0 0 0 0 0 0 0 0 0 0
"39" 39 0.35401459854 148 111 93 92 49 5 2 0 0 0 0 0 0 0 0 0 0 0 0 0
"40" 40 0.0 500 0 0 0 0 0 0 0 0 0 0 0 0 0 0 0 0 0 0 0
"41" 41 0.0 500 0 0 0 0 0 0 0 0 0 0 0 0 0 0 0 0 0 0 0
"42" 42 0.339285714286 413 48 36 2 1 0 0 0 0 0 0 0 0 0 0 0 0 0 0 0
"43" 43 0.0547263681592 243 104 44 44 27 22 12 2 1 1 0 0 0 0 0 0 0 0 0 0
"44" 44 0.0152284263959 488 12 0 0 0 0 0 0 0 0 0 0 0 0 0 0 0 0 0 0
"45" 45 0.248062015504 440 43 16 1 0 0 0 0 0 0 0 0 0 0 0 0 0 0 0 0
"46" 46 0.526785714286 410 53 36 1 0 0 0 0 0 0 0 0 0 0 0 0 0 0 0 0
"47" 47 0.435406698565 387 50 49 7 6 1 0 0 0 0 0 0 0 0 0 0 0 0 0 0
"48" 48 0.683937823834 418 79 3 0 0 0 0 0 0 0 0 0 0 0 0 0 0 0 0 0
"49" 49 0.0646766169154 178 121 88 49 17 14 14 10 6 2 1 0 0 0 0 0 0 0 0 0
"50" 50 0.248756218905 418 41 32 4 4 1 0 0 0 0 0 0 0 0 0 0 0 0 0 0
"51" 51 0.0125786163522 500 0 0 0 0 0 0 0 0 0 0 0 0 0 0 0 0 0 0 0
"52" 52 0.316062176166 500 0 0 0 0 0 0 0 0 0 0 0 0 0 0 0 0 0 0 0
"53" 53 0.0287356321839 487 13 0 0 0 0 0 0 0 0 0 0 0 0 0 0 0 0 0 0
"54" 54 0.0248756218905 487 10 3 0 0 0 0 0 0 0 0 0 0 0 0 0 0 0 0 0
"55" 55 0.0304182509506 392 107 1 0 0 0 0 0 0 0 0 0 0 0 0 0 0 0 0 0
"56" 56 0.0 500 0 0 0 0 0 0 0 0 0 0 0 0 0 0 0 0 0 0 0
"57" 57 0.0 500 0 0 0 0 0 0 0 0 0 0 0 0 0 0 0 0 0 0 0
"58" 58 0.169154228856 282 173 45 0 0 0 0 0 0 0 0 0 0 0 0 0 0 0 0 0
"59" 59 0.0 395 60 33 7 2 2 1 0 0 0 0 0 0 0 0 0 0 0 0 0
"60" 60 0.467153284672 500 0 0 0 0 0 0 0 0 0 0 0 0 0 0 0 0 0 0 0
"61" 61 0.0182481751825 488 8 4 0 0 0 0 0 0 0 0 0 0 0 0 0 0 0 0 0
"62" 62 0.0 463 31 6 0 0 0 0 0 0 0 0 0 0 0 0 0 0 0 0 0
"63" 63 0.213197969543 327 173 0 0 0 0 0 0 0 0 0 0 0 0 0 0 0 0 0 0
"64" 64 0.279069767442 142 137 118 71 13 8 6 4 1 0 0 0 0 0 0 0 0 0 0 0
"65" 65 0.00581395348837 500 0 0 0 0 0 0 0 0 0 0 0 0 0 0 0 0 0 0 0
"66" 66 0.0 500 0 0 0 0 0 0 0 0 0 0 0 0 0 0 0 0 0 0 0
"67" 67 0.459330143541 238 169 93 0 0 0 0 0 0 0 0 0 0 0 0 0 0 0 0 0
"68" 68 0.1592039801 220 204 65 8 2 1 0 0 0 0 0 0 0 0 0 0 0 0 0 0
"69" 69 0.0077519379845 500 0 0 0 0 0 0 0 0 0 0 0 0 0 0 0 0 0 0 0
"70" 70 0.0348258706468 497 2 1 0 0 0 0 0 0 0 0 0 0 0 0 0 0 0 0 0
"71" 71 0.440414507772 243 220 35 2 0 0 0 0 0 0 0 0 0 0 0 0 0 0 0 0
"72" 72 0.271523178808 360 133 5 2 0 0 0 0 0 0 0 0 0 0 0 0 0 0 0 0
"73" 73 0.062015503876 500 0 0 0 0 0 0 0 0 0 0 0 0 0 0 0 0 0 0 0
"74" 74 0.632124352332 357 44 44 39 16 0 0 0 0 0 0 0 0 0 0 0 0 0 0 0
"75" 75 0.186131386861 421 68 4 2 2 2 1 0 0 0 0 0 0 0 0 0 0 0 0 0
"76" 76 0.34328358209 459 41 0 0 0 0 0 0 0 0 0 0 0 0 0 0 0 0 0 0
"77" 77 0.631205673759 399 101 0 0 0 0 0 0 0 0 0 0 0 0 0 0 0 0 0 0
"78" 78 0.0355329949239 399 101 0 0 0 0 0 0 0 0 0 0 0 0 0 0 0 0 0 0
"79" 79 0.408805031447 500 0 0 0 0 0 0 0 0 0 0 0 0 0 0 0 0 0 0 0
"80" 80 0.270114942529 380 107 13 0 0 0 0 0 0 0 0 0 0 0 0 0 0 0 0 0
"81" 81 0.514598540146 423 76 1 0 0 0 0 0 0 0 0 0 0 0 0 0 0 0 0 0
"82" 82 0.416058394161 327 173 0 0 0 0 0 0 0 0 0 0 0 0 0 0 0 0 0 0
"83" 83 0.0860927152318 498 1 1 0 0 0 0 0 0 0 0 0 0 0 0 0 0 0 0 0
"84" 84 0.156028368794 499 1 0 0 0 0 0 0 0 0 0 0 0 0 0 0 0 0 0 0
"85" 85 0.266423357664 494 5 1 0 0 0 0 0 0 0 0 0 0 0 0 0 0 0 0 0
"86" 86 0.00497512437811 482 11 5 1 1 0 0 0 0 0 0 0 0 0 0 0 0 0 0 0
"87" 87 0.0 265 162 42 29 2 0 0 0 0 0 0 0 0 0 0 0 0 0 0 0
"88" 88 0.0982142857143 356 92 48 3 1 0 0 0 0 0 0 0 0 0 0 0 0 0 0 0
"89" 89 0.0182481751825 492 4 2 2 0 0 0 0 0 0 0 0 0 0 0 0 0 0 0 0
"90" 90 0.00956937799043 500 0 0 0 0 0 0 0 0 0 0 0 0 0 0 0 0 0 0 0
"91" 91 0.06463878327 261 233 4 2 0 0 0 0 0 0 0 0 0 0 0 0 0 0 0 0
"92" 92 0.0 500 0 0 0 0 0 0 0 0 0 0 0 0 0 0 0 0 0 0 0
"93" 93 0.302325581395 495 3 2 0 0 0 0 0 0 0 0 0 0 0 0 0 0 0 0 0
"94" 94 0.0298507462687 492 7 1 0 0 0 0 0 0 0 0 0 0 0 0 0 0 0 0 0
"95" 95 0.00896860986547 430 70 0 0 0 0 0 0 0 0 0 0 0 0 0 0 0 0 0 0
"96" 96 0.144230769231 500 0 0 0 0 0 0 0 0 0 0 0 0 0 0 0 0 0 0 0
"97" 97 0.313432835821 378 118 3 1 0 0 0 0 0 0 0 0 0 0 0 0 0 0 0 0
"98" 98 0.227979274611 278 211 7 3 1 0 0 0 0 0 0 0 0 0 0 0 0 0 0 0
"99" 99 0.160337552743 458 31 11 0 0 0 0 0 0 0 0 0 0 0 0 0 0 0 0 0
"100" 100 0.434108527132 495 4 1 0 0 0 0 0 0 0 0 0 0 0 0 0 0 0 0 0
"101" 101 0.678571428571 275 134 76 5 5 4 1 0 0 0 0 0 0 0 0 0 0 0 0 0
"102" 102 0.046511627907 426 65 8 1 0 0 0 0 0 0 0 0 0 0 0 0 0 0 0 0
"103" 103 0.42194092827 466 34 0 0 0 0 0 0 0 0 0 0 0 0 0 0 0 0 0 0
"104" 104 0.682170542636 395 105 0 0 0 0 0 0 0 0 0 0 0 0 0 0 0 0 0 0
"105" 105 0.693430656934 436 50 8 3 2 1 0 0 0 0 0 0 0 0 0 0 0 0 0 0
"106" 106 0.38783269962 490 4 3 2 1 0 0 0 0 0 0 0 0 0 0 0 0 0 0 0
"107" 107 0.269230769231 500 0 0 0 0 0 0 0 0 0 0 0 0 0 0 0 0 0 0 0
"108" 108 0.625 434 53 10 3 0 0 0 0 0 0 0 0 0 0 0 0 0 0 0 0
"109" 109 0.6875 302 126 41 31 0 0 0 0 0 0 0 0 0 0 0 0 0 0 0 0
"110" 110 0.345291479821 379 108 4 3 3 3 0 0 0 0 0 0 0 0 0 0 0 0 0 0
"111" 111 0.108786610879 420 79 1 0 0 0 0 0 0 0 0 0 0 0 0 0 0 0 0 0
"112" 112 0.426605504587 216 124 93 39 24 3 1 0 0 0 0 0 0 0 0 0 0 0 0 0
"113" 113 0.31007751938 241 100 96 62 1 0 0 0 0 0 0 0 0 0 0 0 0 0 0 0
"114" 114 0.0709219858156 484 7 4 3 1 1 0 0 0 0 0 0 0 0 0 0 0 0 0 0
"115" 115 0.153284671533 190 110 105 37 34 24 0 0 0 0 0 0 0 0 0 0 0 0 0 0
"116" 116 0.120437956204 225 88 63 47 31 15 12 12 4 3 0 0 0 0 0 0 0 0 0 0
"117" 117 0.23178807947 500 0 0 0 0 0 0 0 0 0 0 0 0 0 0 0 0 0 0 0
"118" 118 0.106463878327 412 42 26 13 4 2 1 0 0 0 0 0 0 0 0 0 0 0 0 0
"119" 119 0.538860103627 266 195 37 1 1 0 0 0 0 0 0 0 0 0 0 0 0 0 0 0
"120" 120 0.529069767442 228 181 38 23 19 8 3 0 0 0 0 0 0 0 0 0 0 0 0 0
"121" 121 0.276729559748 455 45 0 0 0 0 0 0 0 0 0 0 0 0 0 0 0 0 0 0
"122" 122 0.0125786163522 500 0 0 0 0 0 0 0 0 0 0 0 0 0 0 0 0 0 0 0
"123" 123 0.345911949686 500 0 0 0 0 0 0 0 0 0 0 0 0 0 0 0 0 0 0 0
"124" 124 0.534591194969 500 0 0 0 0 0 0 0 0 0 0 0 0 0 0 0 0 0 0 0
"125" 125 0.0456852791878 491 6 3 0 0 0 0 0 0 0 0 0 0 0 0 0 0 0 0 0
"126" 126 0.65625 497 3 0 0 0 0 0 0 0 0 0 0 0 0 0 0 0 0 0 0
"127" 127 0.518248175182 404 82 14 0 0 0 0 0 0 0 0 0 0 0 0 0 0 0 0 0
"128" 128 0.615384615385 500 0 0 0 0 0 0 0 0 0 0 0 0 0 0 0 0 0 0 0
"129" 129 0.198675496689 499 1 0 0 0 0 0 0 0 0 0 0 0 0 0 0 0 0 0 0
"130" 130 0.744394618834 500 0 0 0 0 0 0 0 0 0 0 0 0 0 0 0 0 0 0 0
"131" 131 0.255230125523 491 4 3 2 0 0 0 0 0 0 0 0 0 0 0 0 0 0 0 0
"132" 132 0.0993377483444 500 0 0 0 0 0 0 0 0 0 0 0 0 0 0 0 0 0 0 0
"133" 133 0.0582959641256 387 74 31 7 1 0 0 0 0 0 0 0 0 0 0 0 0 0 0 0
"134" 134 0.181347150259 250 126 63 59 2 0 0 0 0 0 0 0 0 0 0 0 0 0 0 0
"135" 135 0.62015503876 263 176 61 0 0 0 0 0 0 0 0 0 0 0 0 0 0 0 0 0
"136" 136 0.284974093264 500 0 0 0 0 0 0 0 0 0 0 0 0 0 0 0 0 0 0 0
"137" 137 0.704402515723 500 0 0 0 0 0 0 0 0 0 0 0 0 0 0 0 0 0 0 0
"138" 138 0.419708029197 500 0 0 0 0 0 0 0 0 0 0 0 0 0 0 0 0 0 0 0
"139" 139 0.00760456273764 277 220 3 0 0 0 0 0 0 0 0 0 0 0 0 0 0 0 0 0
"140" 140 0.472868217054 500 0 0 0 0 0 0 0 0 0 0 0 0 0 0 0 0 0 0 0
"141" 141 0.870466321244 500 0 0 0 0 0 0 0 0 0 0 0 0 0 0 0 0 0 0 0
"142" 142 0.284263959391 500 0 0 0 0 0 0 0 0 0 0 0 0 0 0 0 0 0 0 0
"143" 143 0.586538461538 500 0 0 0 0 0 0 0 0 0 0 0 0 0 0 0 0 0 0 0
"144" 144 0.0384615384615 500 0 0 0 0 0 0 0 0 0 0 0 0 0 0 0 0 0 0 0
"145" 145 0.153846153846 500 0 0 0 0 0 0 0 0 0 0 0 0 0 0 0 0 0 0 0
"146" 146 0.245283018868 201 182 116 1 0 0 0 0 0 0 0 0 0 0 0 0 0 0 0 0
"147" 147 0.174129353234 500 0 0 0 0 0 0 0 0 0 0 0 0 0 0 0 0 0 0 0
"148" 148 0.145348837209 500 0 0 0 0 0 0 0 0 0 0 0 0 0 0 0 0 0 0 0
"149" 149 0.0223214285714 199 182 119 0 0 0 0 0 0 0 0 0 0 0 0 0 0 0 0 0
"150" 150 0.0126582278481 401 53 45 1 0 0 0 0 0 0 0 0 0 0 0 0 0 0 0 0
"151" 151 0.0199004975124 423 36 22 8 3 3 2 1 1 1 0 0 0 0 0 0 0 0 0 0
"152" 152 0.147286821705 202 150 137 11 0 0 0 0 0 0 0 0 0 0 0 0 0 0 0 0
"153" 153 0.336787564767 424 40 26 5 4 1 0 0 0 0 0 0 0 0 0 0 0 0 0 0
"154" 154 0.0 497 2 1 0 0 0 0 0 0 0 0 0 0 0 0 0 0 0 0 0
"155" 155 0.183908045977 378 44 37 32 5 2 1 1 0 0 0 0 0 0 0 0 0 0 0 0
"156" 156 0.550387596899 349 140 11 0 0 0 0 0 0 0 0 0 0 0 0 0 0 0 0 0
"157" 157 0.0547445255474 436 58 5 1 0 0 0 0 0 0 0 0 0 0 0 0 0 0 0 0
"158" 158 0.0167364016736 481 17 2 0 0 0 0 0 0 0 0 0 0 0 0 0 0 0 0 0
"159" 159 0.238805970149 445 55 0 0 0 0 0 0 0 0 0 0 0 0 0 0 0 0 0 0
"160" 160 0.352201257862 500 0 0 0 0 0 0 0 0 0 0 0 0 0 0 0 0 0 0 0
"161" 161 0.121673003802 475 19 5 1 0 0 0 0 0 0 0 0 0 0 0 0 0 0 0 0
"162" 162 0.00836820083682 496 3 1 0 0 0 0 0 0 0 0 0 0 0 0 0 0 0 0 0
"163" 163 0.348837209302 478 8 6 4 2 1 1 0 0 0 0 0 0 0 0 0 0 0 0 0
"164" 164 0.694300518135 500 0 0 0 0 0 0 0 0 0 0 0 0 0 0 0 0 0 0 0
"165" 165 0.316091954023 475 19 6 0 0 0 0 0 0 0 0 0 0 0 0 0 0 0 0 0
"166" 166 0.0 499 1 0 0 0 0 0 0 0 0 0 0 0 0 0 0 0 0 0 0
"167" 167 0.103448275862 257 176 22 21 10 7 4 2 1 0 0 0 0 0 0 0 0 0 0 0
"168" 168 0.375 454 39 6 1 0 0 0 0 0 0 0 0 0 0 0 0 0 0 0 0
"169" 169 0.139896373057 385 52 26 13 13 7 3 1 0 0 0 0 0 0 0 0 0 0 0 0
"170" 170 0.0 500 0 0 0 0 0 0 0 0 0 0 0 0 0 0 0 0 0 0 0
"171" 171 0.405109489051 381 119 0 0 0 0 0 0 0 0 0 0 0 0 0 0 0 0 0 0
"172" 172 0.494252873563 307 154 39 0 0 0 0 0 0 0 0 0 0 0 0 0 0 0 0 0
"173" 173 0.278846153846 500 0 0 0 0 0 0 0 0 0 0 0 0 0 0 0 0 0 0 0
"174" 174 0.345991561181 419 79 1 1 0 0 0 0 0 0 0 0 0 0 0 0 0 0 0 0
"175" 175 0.133720930233 499 1 0 0 0 0 0 0 0 0 0 0 0 0 0 0 0 0 0 0
"176" 176 0.0 500 0 0 0 0 0 0 0 0 0 0 0 0 0 0 0 0 0 0 0
"177" 177 0.00497512437811 500 0 0 0 0 0 0 0 0 0 0 0 0 0 0 0 0 0 0 0
"178" 178 0.0 500 0 0 0 0 0 0 0 0 0 0 0 0 0 0 0 0 0 0 0
"179" 179 0.0 500 0 0 0 0 0 0 0 0 0 0 0 0 0 0 0 0 0 0 0
"180" 180 0.0077519379845 454 45 1 0 0 0 0 0 0 0 0 0 0 0 0 0 0 0 0 0
"181" 181 0.0 466 21 12 1 0 0 0 0 0 0 0 0 0 0 0 0 0 0 0 0
"182" 182 0.0288461538462 182 117 61 54 54 13 12 4 2 1 0 0 0 0 0 0 0 0 0 0
"183" 183 0.0615384615385 112 100 76 73 56 22 20 13 11 9 4 3 1 0 0 0 0 0 0 0
"184" 184 0.00662251655629 443 57 0 0 0 0 0 0 0 0 0 0 0 0 0 0 0 0 0 0
"185" 185 0.0248756218905 466 34 0 0 0 0 0 0 0 0 0 0 0 0 0 0 0 0 0 0
"186" 186 0.014598540146 468 21 6 5 0 0 0 0 0 0 0 0 0 0 0 0 0 0 0 0
"187" 187 0.0077519379845 498 2 0 0 0 0 0 0 0 0 0 0 0 0 0 0 0 0 0 0
"188" 188 0.0 498 1 1 0 0 0 0 0 0 0 0 0 0 0 0 0 0 0 0 0
"189" 189 0.0172413793103 202 98 67 63 36 26 4 2 1 1 0 0 0 0 0 0 0 0 0 0
"190" 190 0.118143459916 381 68 44 5 2 0 0 0 0 0 0 0 0 0 0 0 0 0 0 0
"191" 191 0.296650717703 420 49 22 4 2 1 1 1 0 0 0 0 0 0 0 0 0 0 0 0
"192" 192 0.0547263681592 500 0 0 0 0 0 0 0 0 0 0 0 0 0 0 0 0 0 0 0
"193" 193 0.0414507772021 405 95 0 0 0 0 0 0 0 0 0 0 0 0 0 0 0 0 0 0
"194" 194 0.636771300448 499 1 0 0 0 0 0 0 0 0 0 0 0 0 0 0 0 0 0 0
"195" 195 0.0871559633028 439 45 11 3 2 0 0 0 0 0 0 0 0 0 0 0 0 0 0 0
"196" 196 0.390728476821 253 247 0 0 0 0 0 0 0 0 0 0 0 0 0 0 0 0 0 0
"197" 197 0.326424870466 456 43 1 0 0 0 0 0 0 0 0 0 0 0 0 0 0 0 0 0
"198" 198 0.766839378238 452 48 0 0 0 0 0 0 0 0 0 0 0 0 0 0 0 0 0 0
"199" 199 0.441964285714 247 212 35 3 3 0 0 0 0 0 0 0 0 0 0 0 0 0 0 0
"200" 200 0.0 362 138 0 0 0 0 0 0 0 0 0 0 0 0 0 0 0 0 0 0
"201" 201 0.275862068966 443 56 1 0 0 0 0 0 0 0 0 0 0 0 0 0 0 0 0 0
"202" 202 0.509615384615 431 54 12 3 0 0 0 0 0 0 0 0 0 0 0 0 0 0 0 0
"203" 203 0.203980099502 368 93 15 10 5 5 4 0 0 0 0 0 0 0 0 0 0 0 0 0
"204" 204 0.292307692308 421 62 17 0 0 0 0 0 0 0 0 0 0 0 0 0 0 0 0 0
"205" 205 0.0507614213198 425 68 4 2 1 0 0 0 0 0 0 0 0 0 0 0 0 0 0 0
"206" 206 0.0062893081761 357 142 1 0 0 0 0 0 0 0 0 0 0 0 0 0 0 0 0 0
"207" 207 0.273255813953 251 122 57 53 17 0 0 0 0 0 0 0 0 0 0 0 0 0 0 0
"208" 208 0.0480769230769 500 0 0 0 0 0 0 0 0 0 0 0 0 0 0 0 0 0 0 0
"209" 209 0.0812182741117 351 149 0 0 0 0 0 0 0 0 0 0 0 0 0 0 0 0 0 0
"210" 210 0.0 500 0 0 0 0 0 0 0 0 0 0 0 0 0 0 0 0 0 0 0
"211" 211 0.0248756218905 414 78 7 1 0 0 0 0 0 0 0 0 0 0 0 0 0 0 0 0
"212" 212 0.197080291971 300 122 22 15 14 13 10 2 1 1 0 0 0 0 0 0 0 0 0 0
"213" 213 0.00380228136882 262 238 0 0 0 0 0 0 0 0 0 0 0 0 0 0 0 0 0 0
"214" 214 0.227979274611 293 112 38 33 15 6 2 1 0 0 0 0 0 0 0 0 0 0 0 0
"215" 215 0.0646766169154 500 0 0 0 0 0 0 0 0 0 0 0 0 0 0 0 0 0 0 0
"216" 216 0.217616580311 497 3 0 0 0 0 0 0 0 0 0 0 0 0 0 0 0 0 0 0
"217" 217 0.543046357616 440 58 2 0 0 0 0 0 0 0 0 0 0 0 0 0 0 0 0 0
"218" 218 0.372093023256 395 58 47 0 0 0 0 0 0 0 0 0 0 0 0 0 0 0 0 0
"219" 219 0.0963302752294 342 119 29 9 1 0 0 0 0 0 0 0 0 0 0 0 0 0 0 0
"220" 220 0.558394160584 381 117 2 0 0 0 0 0 0 0 0 0 0 0 0 0 0 0 0 0
"221" 221 0.163522012579 500 0 0 0 0 0 0 0 0 0 0 0 0 0 0 0 0 0 0 0
"222" 222 0.567164179104 446 36 15 3 0 0 0 0 0 0 0 0 0 0 0 0 0 0 0 0
"223" 223 0.344827586207 303 120 43 23 5 5 1 0 0 0 0 0 0 0 0 0 0 0 0 0
"224" 224 0.518248175182 447 28 25 0 0 0 0 0 0 0 0 0 0 0 0 0 0 0 0 0
"225" 225 0.278846153846 500 0 0 0 0 0 0 0 0 0 0 0 0 0 0 0 0 0 0 0
"226" 226 0.125 500 0 0 0 0 0 0 0 0 0 0 0 0 0 0 0 0 0 0 0
"227" 227 0.273255813953 303 148 36 7 5 1 0 0 0 0 0 0 0 0 0 0 0 0 0 0
"228" 228 0.167300380228 410 83 6 1 0 0 0 0 0 0 0 0 0 0 0 0 0 0 0 0
"229" 229 0.0547263681592 375 94 12 11 3 3 1 1 0 0 0 0 0 0 0 0 0 0 0 0
"230" 230 0.295336787565 351 95 50 2 1 1 0 0 0 0 0 0 0 0 0 0 0 0 0 0
"231" 231 0.547169811321 494 5 1 0 0 0 0 0 0 0 0 0 0 0 0 0 0 0 0 0
"232" 232 0.325892857143 386 79 16 13 6 0 0 0 0 0 0 0 0 0 0 0 0 0 0 0
"233" 233 0.271317829457 182 103 77 48 47 23 11 7 2 0 0 0 0 0 0 0 0 0 0 0
"234" 234 0.0387596899225 412 79 7 2 0 0 0 0 0 0 0 0 0 0 0 0 0 0 0 0
"235" 235 0.542635658915 357 77 66 0 0 0 0 0 0 0 0 0 0 0 0 0 0 0 0 0
"236" 236 0.480620155039 321 131 27 20 1 0 0 0 0 0 0 0 0 0 0 0 0 0 0 0
"237" 237 0.125 358 98 37 7 0 0 0 0 0 0 0 0 0 0 0 0 0 0 0 0
"238" 238 0.240310077519 352 144 2 2 0 0 0 0 0 0 0 0 0 0 0 0 0 0 0 0
"239" 239 0.558139534884 360 140 0 0 0 0 0 0 0 0 0 0 0 0 0 0 0 0 0 0
"240" 240 0.635658914729 285 163 51 1 0 0 0 0 0 0 0 0 0 0 0 0 0 0 0 0
"241" 241 0.298850574713 459 27 10 3 1 0 0 0 0 0 0 0 0 0 0 0 0 0 0 0
"242" 242 0.899224806202 219 201 35 10 10 7 5 4 3 3 2 1 0 0 0 0 0 0 0 0
