"site" "RSA" "aa1" "aa2" "aa3" "aa4" "aa5" "aa6" "aa7" "aa8" "aa9" "aa10" "aa11" "aa12" "aa13" "aa14" "aa15" "aa16" "aa17" "aa18" "aa19" "aa20"
"0" 0 0.569037656904 451 49 0 0 0 0 0 0 0 0 0 0 0 0 0 0 0 0 0 0
"1" 1 0.343023255814 254 183 51 7 2 2 1 0 0 0 0 0 0 0 0 0 0 0 0 0
"2" 2 0.0 497 3 0 0 0 0 0 0 0 0 0 0 0 0 0 0 0 0 0 0
"3" 3 0.287179487179 181 137 103 63 9 7 0 0 0 0 0 0 0 0 0 0 0 0 0 0
"4" 4 0.526785714286 500 0 0 0 0 0 0 0 0 0 0 0 0 0 0 0 0 0 0 0
"5" 5 0.848101265823 493 7 0 0 0 0 0 0 0 0 0 0 0 0 0 0 0 0 0 0
"6" 6 0.282511210762 482 13 5 0 0 0 0 0 0 0 0 0 0 0 0 0 0 0 0 0
"7" 7 0.18407960199 500 0 0 0 0 0 0 0 0 0 0 0 0 0 0 0 0 0 0 0
"8" 8 0.226744186047 407 90 2 1 0 0 0 0 0 0 0 0 0 0 0 0 0 0 0 0
"9" 9 0.818652849741 500 0 0 0 0 0 0 0 0 0 0 0 0 0 0 0 0 0 0 0
"10" 10 0.357512953368 318 83 80 18 1 0 0 0 0 0 0 0 0 0 0 0 0 0 0 0
"11" 11 0.0 489 7 4 0 0 0 0 0 0 0 0 0 0 0 0 0 0 0 0 0
"12" 12 0.203045685279 228 146 100 10 9 2 2 1 1 1 0 0 0 0 0 0 0 0 0 0
"13" 13 0.424870466321 265 227 5 3 0 0 0 0 0 0 0 0 0 0 0 0 0 0 0 0
"14" 14 0.0149253731343 500 0 0 0 0 0 0 0 0 0 0 0 0 0 0 0 0 0 0 0
"15" 15 0.00836820083682 319 56 32 19 17 12 11 11 6 5 5 4 2 1 0 0 0 0 0 0
"16" 16 0.296511627907 272 221 5 2 0 0 0 0 0 0 0 0 0 0 0 0 0 0 0 0
"17" 17 0.409282700422 482 18 0 0 0 0 0 0 0 0 0 0 0 0 0 0 0 0 0 0
"18" 18 0.00354609929078 497 3 0 0 0 0 0 0 0 0 0 0 0 0 0 0 0 0 0 0
"19" 19 0.0543933054393 182 120 85 31 27 24 8 6 4 4 3 3 2 1 0 0 0 0 0 0
"20" 20 0.317948717949 257 102 101 30 10 0 0 0 0 0 0 0 0 0 0 0 0 0 0 0
"21" 21 0.28125 500 0 0 0 0 0 0 0 0 0 0 0 0 0 0 0 0 0 0 0
"22" 22 0.0 449 50 1 0 0 0 0 0 0 0 0 0 0 0 0 0 0 0 0 0
"23" 23 0.489451476793 409 47 18 9 7 6 3 1 0 0 0 0 0 0 0 0 0 0 0 0
"24" 24 0.678571428571 498 2 0 0 0 0 0 0 0 0 0 0 0 0 0 0 0 0 0 0
"25" 25 0.170984455959 445 53 1 1 0 0 0 0 0 0 0 0 0 0 0 0 0 0 0 0
"26" 26 0.723270440252 500 0 0 0 0 0 0 0 0 0 0 0 0 0 0 0 0 0 0 0
"27" 27 0.419708029197 497 2 1 0 0 0 0 0 0 0 0 0 0 0 0 0 0 0 0 0
"28" 28 0.107142857143 475 19 3 3 0 0 0 0 0 0 0 0 0 0 0 0 0 0 0 0
"29" 29 0.71511627907 500 0 0 0 0 0 0 0 0 0 0 0 0 0 0 0 0 0 0 0
"30" 30 0.432835820896 455 41 2 1 1 0 0 0 0 0 0 0 0 0 0 0 0 0 0 0
"31" 31 0.0566037735849 373 32 23 18 17 17 9 6 3 2 0 0 0 0 0 0 0 0 0 0
"32" 32 0.236607142857 496 4 0 0 0 0 0 0 0 0 0 0 0 0 0 0 0 0 0 0
"33" 33 0.232558139535 403 41 41 9 3 2 1 0 0 0 0 0 0 0 0 0 0 0 0 0
"34" 34 0.0152284263959 187 140 109 28 24 7 2 1 1 1 0 0 0 0 0 0 0 0 0 0
"35" 35 0.255813953488 388 77 14 8 8 2 2 1 0 0 0 0 0 0 0 0 0 0 0 0
"36" 36 0.0 397 35 13 13 12 8 7 6 5 2 1 1 0 0 0 0 0 0 0 0
"37" 37 0.218543046358 182 141 69 38 31 19 17 2 1 0 0 0 0 0 0 0 0 0 0 0
"38" 38 0.0331125827815 439 48 10 2 1 0 0 0 0 0 0 0 0 0 0 0 0 0 0 0
"39" 39 0.193798449612 266 110 66 29 27 2 0 0 0 0 0 0 0 0 0 0 0 0 0 0
"40" 40 0.290178571429 209 145 47 43 22 12 9 4 3 3 2 1 0 0 0 0 0 0 0 0
"41" 41 0.44776119403 340 94 30 21 15 0 0 0 0 0 0 0 0 0 0 0 0 0 0 0
"42" 42 0.698113207547 308 107 78 7 0 0 0 0 0 0 0 0 0 0 0 0 0 0 0 0
"43" 43 0.483443708609 428 33 18 15 2 2 1 1 0 0 0 0 0 0 0 0 0 0 0 0
"44" 44 0.471153846154 500 0 0 0 0 0 0 0 0 0 0 0 0 0 0 0 0 0 0 0
"45" 45 0.565693430657 352 82 43 9 8 2 2 1 1 0 0 0 0 0 0 0 0 0 0 0
"46" 46 0.614942528736 243 110 96 29 20 1 1 0 0 0 0 0 0 0 0 0 0 0 0 0
"47" 47 0.0860927152318 133 120 73 43 42 33 18 16 12 4 4 1 1 0 0 0 0 0 0 0
"48" 48 0.503311258278 375 45 40 19 14 7 0 0 0 0 0 0 0 0 0 0 0 0 0 0
"49" 49 0.186131386861 260 227 11 1 1 0 0 0 0 0 0 0 0 0 0 0 0 0 0 0
"50" 50 0.56345177665 390 51 35 10 9 4 1 0 0 0 0 0 0 0 0 0 0 0 0 0
"51" 51 0.134328358209 421 66 6 5 1 1 0 0 0 0 0 0 0 0 0 0 0 0 0 0
"52" 52 0.477611940299 498 2 0 0 0 0 0 0 0 0 0 0 0 0 0 0 0 0 0 0
"53" 53 0.0418410041841 283 78 47 25 17 14 13 10 4 3 1 1 1 1 1 1 0 0 0 0
"54" 54 0.400843881857 318 150 14 6 4 2 2 2 1 1 0 0 0 0 0 0 0 0 0 0
"55" 55 0.272321428571 146 118 56 54 51 41 20 11 2 1 0 0 0 0 0 0 0 0 0 0
"56" 56 0.233830845771 304 118 43 14 9 6 5 1 0 0 0 0 0 0 0 0 0 0 0 0
"57" 57 0.259067357513 284 143 51 18 4 0 0 0 0 0 0 0 0 0 0 0 0 0 0 0
"58" 58 0.760765550239 498 2 0 0 0 0 0 0 0 0 0 0 0 0 0 0 0 0 0 0
"59" 59 0.244525547445 326 95 45 20 12 2 0 0 0 0 0 0 0 0 0 0 0 0 0 0
"60" 60 0.0288461538462 500 0 0 0 0 0 0 0 0 0 0 0 0 0 0 0 0 0 0 0
"61" 61 0.0 319 56 48 21 18 7 6 6 5 5 4 2 2 1 0 0 0 0 0 0
"62" 62 0.00581395348837 345 41 38 29 19 11 10 4 1 1 1 0 0 0 0 0 0 0 0 0
"63" 63 0.00507614213198 161 126 80 57 57 19 0 0 0 0 0 0 0 0 0 0 0 0 0 0
"64" 64 0.136882129278 380 101 14 2 1 1 1 0 0 0 0 0 0 0 0 0 0 0 0 0
"65" 65 0.0728476821192 446 52 1 1 0 0 0 0 0 0 0 0 0 0 0 0 0 0 0 0
"66" 66 0.0410256410256 496 4 0 0 0 0 0 0 0 0 0 0 0 0 0 0 0 0 0 0
"67" 67 0.0602836879433 484 13 3 0 0 0 0 0 0 0 0 0 0 0 0 0 0 0 0 0
"68" 68 0.346153846154 500 0 0 0 0 0 0 0 0 0 0 0 0 0 0 0 0 0 0 0
"69" 69 0.18023255814 432 54 6 3 3 1 1 0 0 0 0 0 0 0 0 0 0 0 0 0
"70" 70 0.0 489 8 3 0 0 0 0 0 0 0 0 0 0 0 0 0 0 0 0 0
"71" 71 0.328467153285 226 168 66 33 7 0 0 0 0 0 0 0 0 0 0 0 0 0 0 0
"72" 72 0.0295358649789 223 118 103 18 14 8 8 4 2 1 1 0 0 0 0 0 0 0 0 0
"73" 73 0.0387596899225 500 0 0 0 0 0 0 0 0 0 0 0 0 0 0 0 0 0 0 0
"74" 74 0.516746411483 377 99 16 7 1 0 0 0 0 0 0 0 0 0 0 0 0 0 0 0
"75" 75 0.00518134715026 243 176 77 3 1 0 0 0 0 0 0 0 0 0 0 0 0 0 0 0
"76" 76 0.0355329949239 423 50 11 5 4 2 2 1 1 1 0 0 0 0 0 0 0 0 0 0
"77" 77 0.643410852713 378 122 0 0 0 0 0 0 0 0 0 0 0 0 0 0 0 0 0 0
"78" 78 0.313953488372 369 102 13 6 3 3 3 1 0 0 0 0 0 0 0 0 0 0 0 0
"79" 79 0.0666666666667 266 86 64 30 26 21 6 1 0 0 0 0 0 0 0 0 0 0 0 0
"80" 80 0.446540880503 414 86 0 0 0 0 0 0 0 0 0 0 0 0 0 0 0 0 0 0
"81" 81 0.379487179487 366 60 29 25 8 8 3 1 0 0 0 0 0 0 0 0 0 0 0 0
"82" 82 0.077519379845 452 26 12 6 3 1 0 0 0 0 0 0 0 0 0 0 0 0 0 0
"83" 83 0.170542635659 379 64 42 15 0 0 0 0 0 0 0 0 0 0 0 0 0 0 0 0
"84" 84 0.010152284264 267 80 59 45 29 10 6 2 2 0 0 0 0 0 0 0 0 0 0 0
"85" 85 0.212643678161 393 73 24 5 3 1 1 0 0 0 0 0 0 0 0 0 0 0 0 0
"86" 86 0.0 307 71 30 24 16 10 9 7 6 5 5 4 3 1 1 1 0 0 0 0
"87" 87 0.464435146444 295 190 7 5 1 1 1 0 0 0 0 0 0 0 0 0 0 0 0 0
"88" 88 0.00709219858156 175 124 102 49 28 16 3 1 1 1 0 0 0 0 0 0 0 0 0 0
"89" 89 0.611814345992 360 135 5 0 0 0 0 0 0 0 0 0 0 0 0 0 0 0 0 0
"90" 90 0.435233160622 329 134 31 3 2 1 0 0 0 0 0 0 0 0 0 0 0 0 0 0
"91" 91 0.0199004975124 444 53 2 1 0 0 0 0 0 0 0 0 0 0 0 0 0 0 0 0
"92" 92 0.322869955157 301 197 2 0 0 0 0 0 0 0 0 0 0 0 0 0 0 0 0 0
"93" 93 0.036496350365 500 0 0 0 0 0 0 0 0 0 0 0 0 0 0 0 0 0 0 0
"94" 94 0.22869955157 460 30 5 3 1 1 0 0 0 0 0 0 0 0 0 0 0 0 0 0
"95" 95 0.0 288 110 89 11 1 1 0 0 0 0 0 0 0 0 0 0 0 0 0 0
"96" 96 0.302919708029 291 134 37 32 5 1 0 0 0 0 0 0 0 0 0 0 0 0 0 0
"97" 97 0.0 407 78 9 2 2 2 0 0 0 0 0 0 0 0 0 0 0 0 0 0
"98" 98 0.28125 366 70 35 23 2 2 1 1 0 0 0 0 0 0 0 0 0 0 0 0
"99" 99 0.0480769230769 500 0 0 0 0 0 0 0 0 0 0 0 0 0 0 0 0 0 0 0
"100" 100 0.238578680203 232 130 94 30 13 1 0 0 0 0 0 0 0 0 0 0 0 0 0 0
"101" 101 0.0697674418605 365 76 46 5 4 2 2 0 0 0 0 0 0 0 0 0 0 0 0 0
"102" 102 0.25 244 222 14 12 8 0 0 0 0 0 0 0 0 0 0 0 0 0 0 0
"103" 103 0.564593301435 224 222 54 0 0 0 0 0 0 0 0 0 0 0 0 0 0 0 0 0
"104" 104 0.0574712643678 369 34 25 24 15 15 14 2 1 1 0 0 0 0 0 0 0 0 0 0
"105" 105 0.4 258 189 50 3 0 0 0 0 0 0 0 0 0 0 0 0 0 0 0 0
"106" 106 0.332116788321 268 178 54 0 0 0 0 0 0 0 0 0 0 0 0 0 0 0 0 0
"107" 107 0.459821428571 211 159 127 3 0 0 0 0 0 0 0 0 0 0 0 0 0 0 0 0
"108" 108 0.133720930233 222 167 70 23 7 5 4 1 1 0 0 0 0 0 0 0 0 0 0 0
"109" 109 0.00662251655629 500 0 0 0 0 0 0 0 0 0 0 0 0 0 0 0 0 0 0 0
"110" 110 0.34375 395 57 47 1 0 0 0 0 0 0 0 0 0 0 0 0 0 0 0 0
"111" 111 0.467153284672 200 163 122 13 2 0 0 0 0 0 0 0 0 0 0 0 0 0 0 0
"112" 112 0.266159695817 205 138 67 26 25 9 6 6 6 5 3 3 1 0 0 0 0 0 0 0
"113" 113 0.00418410041841 479 21 0 0 0 0 0 0 0 0 0 0 0 0 0 0 0 0 0 0
"114" 114 0.556962025316 445 42 4 4 2 1 1 1 0 0 0 0 0 0 0 0 0 0 0 0
"115" 115 0.622093023256 343 99 55 2 1 0 0 0 0 0 0 0 0 0 0 0 0 0 0 0
"116" 116 0.35401459854 340 78 34 31 9 8 0 0 0 0 0 0 0 0 0 0 0 0 0 0
"117" 117 0.534591194969 248 234 13 5 0 0 0 0 0 0 0 0 0 0 0 0 0 0 0 0
"118" 118 0.704379562044 414 86 0 0 0 0 0 0 0 0 0 0 0 0 0 0 0 0 0 0
"119" 119 0.605769230769 435 45 20 0 0 0 0 0 0 0 0 0 0 0 0 0 0 0 0 0
"120" 120 0.251655629139 367 107 8 8 5 2 2 1 0 0 0 0 0 0 0 0 0 0 0 0
"121" 121 0.0928270042194 500 0 0 0 0 0 0 0 0 0 0 0 0 0 0 0 0 0 0 0
"122" 122 0.10152284264 304 195 1 0 0 0 0 0 0 0 0 0 0 0 0 0 0 0 0 0
"123" 123 0.278846153846 289 160 23 15 8 4 1 0 0 0 0 0 0 0 0 0 0 0 0 0
"124" 124 0.093023255814 470 17 8 3 2 0 0 0 0 0 0 0 0 0 0 0 0 0 0 0
"125" 125 0.315602836879 500 0 0 0 0 0 0 0 0 0 0 0 0 0 0 0 0 0 0 0
"126" 126 0.031007751938 500 0 0 0 0 0 0 0 0 0 0 0 0 0 0 0 0 0 0 0
"127" 127 0.384105960265 447 28 20 3 2 0 0 0 0 0 0 0 0 0 0 0 0 0 0 0
"128" 128 0.627737226277 410 46 13 12 9 5 5 0 0 0 0 0 0 0 0 0 0 0 0 0
"129" 129 0.322869955157 257 222 18 3 0 0 0 0 0 0 0 0 0 0 0 0 0 0 0 0
"130" 130 0.529801324503 500 0 0 0 0 0 0 0 0 0 0 0 0 0 0 0 0 0 0 0
"131" 131 0.388601036269 451 33 11 4 1 0 0 0 0 0 0 0 0 0 0 0 0 0 0 0
"132" 132 0.810344827586 500 0 0 0 0 0 0 0 0 0 0 0 0 0 0 0 0 0 0 0
"133" 133 0.375634517766 436 35 14 6 5 3 1 0 0 0 0 0 0 0 0 0 0 0 0 0
"134" 134 0.759493670886 470 19 11 0 0 0 0 0 0 0 0 0 0 0 0 0 0 0 0 0
"135" 135 0.369230769231 500 0 0 0 0 0 0 0 0 0 0 0 0 0 0 0 0 0 0 0
"136" 136 0.569343065693 406 81 8 4 1 0 0 0 0 0 0 0 0 0 0 0 0 0 0 0
"137" 137 0.517857142857 374 88 38 0 0 0 0 0 0 0 0 0 0 0 0 0 0 0 0 0
"138" 138 0.214285714286 498 2 0 0 0 0 0 0 0 0 0 0 0 0 0 0 0 0 0 0
"139" 139 0.194029850746 475 21 3 1 0 0 0 0 0 0 0 0 0 0 0 0 0 0 0 0
"140" 140 0.357512953368 245 126 83 44 2 0 0 0 0 0 0 0 0 0 0 0 0 0 0 0
"141" 141 0.455357142857 191 160 86 56 4 2 1 0 0 0 0 0 0 0 0 0 0 0 0 0
"142" 142 0.213930348259 426 27 16 15 13 3 0 0 0 0 0 0 0 0 0 0 0 0 0 0
"143" 143 0.313953488372 257 120 67 47 7 2 0 0 0 0 0 0 0 0 0 0 0 0 0 0
"144" 144 0.641255605381 257 195 25 23 0 0 0 0 0 0 0 0 0 0 0 0 0 0 0 0
"145" 145 0.46835443038 477 20 2 1 0 0 0 0 0 0 0 0 0 0 0 0 0 0 0 0
"146" 146 0.184615384615 434 45 16 2 2 1 0 0 0 0 0 0 0 0 0 0 0 0 0 0
"147" 147 0.418604651163 198 193 92 16 1 0 0 0 0 0 0 0 0 0 0 0 0 0 0 0
"148" 148 0.3125 386 101 13 0 0 0 0 0 0 0 0 0 0 0 0 0 0 0 0 0
"149" 149 0.29197080292 434 54 11 1 0 0 0 0 0 0 0 0 0 0 0 0 0 0 0 0
"150" 150 0.117154811715 499 1 0 0 0 0 0 0 0 0 0 0 0 0 0 0 0 0 0 0
"151" 151 0.320675105485 467 24 9 0 0 0 0 0 0 0 0 0 0 0 0 0 0 0 0 0
"152" 152 0.528497409326 491 9 0 0 0 0 0 0 0 0 0 0 0 0 0 0 0 0 0 0
"153" 153 0.418604651163 499 1 0 0 0 0 0 0 0 0 0 0 0 0 0 0 0 0 0 0
"154" 154 0.424107142857 500 0 0 0 0 0 0 0 0 0 0 0 0 0 0 0 0 0 0 0
"155" 155 0.39896373057 473 21 4 2 0 0 0 0 0 0 0 0 0 0 0 0 0 0 0 0
"156" 156 0.0761421319797 305 195 0 0 0 0 0 0 0 0 0 0 0 0 0 0 0 0 0 0
"157" 157 0.503144654088 478 22 0 0 0 0 0 0 0 0 0 0 0 0 0 0 0 0 0 0
"158" 158 0.126582278481 499 1 0 0 0 0 0 0 0 0 0 0 0 0 0 0 0 0 0 0
"159" 159 0.0 500 0 0 0 0 0 0 0 0 0 0 0 0 0 0 0 0 0 0 0
"160" 160 0.746113989637 500 0 0 0 0 0 0 0 0 0 0 0 0 0 0 0 0 0 0 0
"161" 161 0.212927756654 495 4 1 0 0 0 0 0 0 0 0 0 0 0 0 0 0 0 0 0
"162" 162 0.0744680851064 250 188 35 16 8 2 1 0 0 0 0 0 0 0 0 0 0 0 0 0
"163" 163 0.0288461538462 500 0 0 0 0 0 0 0 0 0 0 0 0 0 0 0 0 0 0 0
"164" 164 0.0192307692308 466 25 5 2 1 1 0 0 0 0 0 0 0 0 0 0 0 0 0 0
"165" 165 0.0 453 33 12 2 0 0 0 0 0 0 0 0 0 0 0 0 0 0 0 0
"166" 166 0.0583941605839 283 141 51 14 5 3 2 1 0 0 0 0 0 0 0 0 0 0 0 0
"167" 167 0.0 427 30 21 20 2 0 0 0 0 0 0 0 0 0 0 0 0 0 0 0
"168" 168 0.0 478 12 5 3 2 0 0 0 0 0 0 0 0 0 0 0 0 0 0 0
"169" 169 0.0251572327044 497 2 1 0 0 0 0 0 0 0 0 0 0 0 0 0 0 0 0 0
"170" 170 0.208955223881 341 130 13 9 7 0 0 0 0 0 0 0 0 0 0 0 0 0 0 0
"171" 171 0.254464285714 233 233 22 6 3 3 0 0 0 0 0 0 0 0 0 0 0 0 0 0
"172" 172 0.0 492 4 4 0 0 0 0 0 0 0 0 0 0 0 0 0 0 0 0 0
"173" 173 0.0223214285714 307 120 25 18 16 12 2 0 0 0 0 0 0 0 0 0 0 0 0 0
"174" 174 0.0 500 0 0 0 0 0 0 0 0 0 0 0 0 0 0 0 0 0 0 0
"175" 175 0.124113475177 267 123 84 13 11 2 0 0 0 0 0 0 0 0 0 0 0 0 0 0
"176" 176 0.00448430493274 500 0 0 0 0 0 0 0 0 0 0 0 0 0 0 0 0 0 0 0
"177" 177 0.0480769230769 303 95 85 10 5 1 1 0 0 0 0 0 0 0 0 0 0 0 0 0
"178" 178 0.288321167883 143 107 59 58 45 34 21 20 5 3 3 2 0 0 0 0 0 0 0 0
"179" 179 0.761006289308 415 64 19 2 0 0 0 0 0 0 0 0 0 0 0 0 0 0 0 0
"180" 180 0.430463576159 285 169 25 21 0 0 0 0 0 0 0 0 0 0 0 0 0 0 0 0
"181" 181 0.748175182482 500 0 0 0 0 0 0 0 0 0 0 0 0 0 0 0 0 0 0 0
"182" 182 0.592039800995 500 0 0 0 0 0 0 0 0 0 0 0 0 0 0 0 0 0 0 0
"183" 183 0.200956937799 322 135 30 8 4 1 0 0 0 0 0 0 0 0 0 0 0 0 0 0
"184" 184 0.0518134715026 256 234 10 0 0 0 0 0 0 0 0 0 0 0 0 0 0 0 0 0
"185" 185 0.178832116788 256 179 27 25 13 0 0 0 0 0 0 0 0 0 0 0 0 0 0 0
"186" 186 0.0209205020921 424 76 0 0 0 0 0 0 0 0 0 0 0 0 0 0 0 0 0 0
"187" 187 0.0 191 130 95 40 38 4 2 0 0 0 0 0 0 0 0 0 0 0 0 0
"188" 188 0.0 314 176 7 3 0 0 0 0 0 0 0 0 0 0 0 0 0 0 0 0
"189" 189 0.372262773723 491 4 3 1 1 0 0 0 0 0 0 0 0 0 0 0 0 0 0 0
"190" 190 0.142335766423 372 128 0 0 0 0 0 0 0 0 0 0 0 0 0 0 0 0 0 0
"191" 191 0.721518987342 443 57 0 0 0 0 0 0 0 0 0 0 0 0 0 0 0 0 0 0
"192" 192 0.366279069767 403 57 29 11 0 0 0 0 0 0 0 0 0 0 0 0 0 0 0 0
"193" 193 0.290178571429 421 60 11 4 4 0 0 0 0 0 0 0 0 0 0 0 0 0 0 0
"194" 194 0.671794871795 386 114 0 0 0 0 0 0 0 0 0 0 0 0 0 0 0 0 0 0
"195" 195 0.295336787565 427 60 13 0 0 0 0 0 0 0 0 0 0 0 0 0 0 0 0 0
"196" 196 0.610062893082 494 6 0 0 0 0 0 0 0 0 0 0 0 0 0 0 0 0 0 0
"197" 197 0.173758865248 489 9 1 1 0 0 0 0 0 0 0 0 0 0 0 0 0 0 0 0
"198" 198 0.527426160338 435 57 6 2 0 0 0 0 0 0 0 0 0 0 0 0 0 0 0 0
"199" 199 0.367816091954 186 158 94 62 0 0 0 0 0 0 0 0 0 0 0 0 0 0 0 0
"200" 200 0.379310344828 271 175 44 4 3 3 0 0 0 0 0 0 0 0 0 0 0 0 0 0
"201" 201 0.379562043796 419 81 0 0 0 0 0 0 0 0 0 0 0 0 0 0 0 0 0 0
"202" 202 0.199004975124 280 204 6 3 3 3 1 0 0 0 0 0 0 0 0 0 0 0 0 0
"203" 203 0.581395348837 496 4 0 0 0 0 0 0 0 0 0 0 0 0 0 0 0 0 0 0
"204" 204 0.610062893082 320 179 1 0 0 0 0 0 0 0 0 0 0 0 0 0 0 0 0 0
