"site" "RSA" "aa1" "aa2" "aa3" "aa4" "aa5" "aa6" "aa7" "aa8" "aa9" "aa10" "aa11" "aa12" "aa13" "aa14" "aa15" "aa16" "aa17" "aa18" "aa19" "aa20"
"0" 0 0.766423357664 45 20 9 8 0 0 0 0 0 0 0 0 0 0 0 0 0 0 0 0
"1" 1 0.426395939086 70 28 13 12 1 1 0 0 0 0 0 0 0 0 0 0 0 0 0 0
"2" 2 0.197674418605 44 21 16 10 8 8 7 4 4 3 2 2 1 1 0 0 0 0 0 0
"3" 3 0.497512437811 91 29 14 10 1 1 0 0 0 0 0 0 0 0 0 0 0 0 0 0
"4" 4 0.155172413793 53 52 24 15 9 3 2 2 2 0 0 0 0 0 0 0 0 0 0 0
"5" 5 0.663212435233 85 24 14 10 9 9 7 2 2 1 1 0 0 0 0 0 0 0 0 0
"6" 6 0.387559808612 166 0 0 0 0 0 0 0 0 0 0 0 0 0 0 0 0 0 0 0
"7" 7 0.584905660377 165 1 0 0 0 0 0 0 0 0 0 0 0 0 0 0 0 0 0 0
"8" 8 0.422885572139 161 2 1 1 1 0 0 0 0 0 0 0 0 0 0 0 0 0 0 0
"9" 9 0.0172413793103 87 74 5 0 0 0 0 0 0 0 0 0 0 0 0 0 0 0 0 0
"10" 10 0.511210762332 98 29 16 6 5 4 3 1 1 1 1 1 0 0 0 0 0 0 0 0
"11" 11 0.516746411483 160 4 1 1 0 0 0 0 0 0 0 0 0 0 0 0 0 0 0 0
"12" 12 0.160337552743 166 0 0 0 0 0 0 0 0 0 0 0 0 0 0 0 0 0 0 0
"13" 13 0.0547263681592 130 23 7 5 1 0 0 0 0 0 0 0 0 0 0 0 0 0 0 0
"14" 14 0.449612403101 75 41 37 10 1 1 1 0 0 0 0 0 0 0 0 0 0 0 0 0
"15" 15 0.377990430622 76 43 8 7 7 6 6 4 3 3 1 1 1 0 0 0 0 0 0 0
"16" 16 0.0 74 56 31 4 1 0 0 0 0 0 0 0 0 0 0 0 0 0 0 0
"17" 17 0.251824817518 166 0 0 0 0 0 0 0 0 0 0 0 0 0 0 0 0 0 0 0
"18" 18 0.233160621762 64 20 18 17 16 11 8 6 3 2 1 0 0 0 0 0 0 0 0 0
"19" 19 0.801687763713 88 19 16 13 8 6 6 2 2 2 1 1 1 1 0 0 0 0 0 0
"20" 20 0.740875912409 48 41 30 9 8 7 7 5 4 3 3 1 0 0 0 0 0 0 0 0
"21" 21 0.116279069767 110 27 7 6 6 4 2 2 1 1 0 0 0 0 0 0 0 0 0 0
"22" 22 0.336538461538 72 69 5 4 4 3 3 2 1 1 1 1 0 0 0 0 0 0 0 0
"23" 23 0.339622641509 108 31 17 5 2 1 1 1 0 0 0 0 0 0 0 0 0 0 0 0
"24" 24 0.518987341772 111 12 11 9 6 2 2 2 2 2 2 2 1 1 1 0 0 0 0 0
"25" 25 0.455958549223 51 33 20 14 9 8 8 8 7 5 1 1 1 0 0 0 0 0 0 0
"26" 26 0.0209205020921 165 1 0 0 0 0 0 0 0 0 0 0 0 0 0 0 0 0 0 0
"27" 27 0.288321167883 162 4 0 0 0 0 0 0 0 0 0 0 0 0 0 0 0 0 0 0
"28" 28 0.303571428571 91 22 18 15 7 6 3 2 2 0 0 0 0 0 0 0 0 0 0 0
"29" 29 0.10447761194 133 10 9 6 3 3 1 1 0 0 0 0 0 0 0 0 0 0 0 0
"30" 30 0.0232558139535 60 45 28 13 9 6 4 1 0 0 0 0 0 0 0 0 0 0 0 0
"31" 31 0.178571428571 34 24 21 19 16 13 13 9 8 5 2 1 1 0 0 0 0 0 0 0
"32" 32 0.357142857143 166 0 0 0 0 0 0 0 0 0 0 0 0 0 0 0 0 0 0 0
"33" 33 0.0574712643678 105 38 19 3 1 0 0 0 0 0 0 0 0 0 0 0 0 0 0 0
"34" 34 0.232558139535 69 51 27 17 1 1 0 0 0 0 0 0 0 0 0 0 0 0 0 0
"35" 35 0.308457711443 87 72 6 1 1 0 0 0 0 0 0 0 0 0 0 0 0 0 0 0
"36" 36 0.31007751938 72 37 22 18 8 5 1 1 1 1 1 0 0 0 0 0 0 0 0 0
"37" 37 0.619771863118 161 6 0 0 0 0 0 0 0 0 0 0 0 0 0 0 0 0 0 0
"38" 38 0.316964285714 165 1 1 0 0 0 0 0 0 0 0 0 0 0 0 0 0 0 0 0
"39" 39 0.139534883721 83 65 9 7 2 1 0 0 0 0 0 0 0 0 0 0 0 0 0 0
"40" 40 0.591240875912 124 26 7 6 3 1 0 0 0 0 0 0 0 0 0 0 0 0 0 0
"41" 41 0.414507772021 120 24 7 5 3 3 3 1 1 0 0 0 0 0 0 0 0 0 0 0
"42" 42 0.273631840796 121 20 14 7 4 1 0 0 0 0 0 0 0 0 0 0 0 0 0 0
"43" 43 0.638392857143 89 41 11 7 6 4 3 2 1 1 1 1 0 0 0 0 0 0 0 0
"44" 44 0.437810945274 104 33 16 9 4 1 0 0 0 0 0 0 0 0 0 0 0 0 0 0
"45" 45 0.459821428571 88 15 15 12 7 7 6 3 3 3 2 2 2 1 1 0 0 0 0 0
"46" 46 0.598214285714 49 42 19 15 11 6 5 4 3 3 3 3 2 1 1 0 0 0 0 0
"47" 47 0.343023255814 78 21 16 9 8 6 6 5 5 4 3 2 2 1 1 0 0 0 0 0
"48" 48 0.43023255814 85 29 11 9 5 5 4 4 4 4 3 2 1 0 0 0 0 0 0 0
"49" 49 0.390804597701 112 48 3 1 1 1 0 0 0 0 0 0 0 0 0 0 0 0 0 0
"50" 50 0.8125 101 17 13 13 8 3 3 2 2 1 1 1 0 0 0 0 0 0 0 0
"51" 51 0.354651162791 133 25 2 2 1 1 0 0 0 0 0 0 0 0 0 0 0 0 0 0
"52" 52 0.849056603774 133 32 0 0 0 0 0 0 0 0 0 0 0 0 0 0 0 0 0 0
"53" 53 0.771573604061 48 41 33 11 11 7 5 4 4 1 1 0 0 0 0 0 0 0 0 0
"54" 54 0.364341085271 45 36 25 17 13 11 7 6 5 1 1 0 0 0 0 0 0 0 0 0
"55" 55 0.685534591195 44 34 27 23 7 6 6 4 4 3 2 2 2 1 1 0 0 0 0 0
"56" 56 0.22480620155 45 39 29 18 11 9 4 3 2 2 2 1 0 0 0 0 0 0 0 0
"57" 57 0.64598540146 41 35 30 12 11 8 7 6 5 3 2 2 2 1 1 1 0 0 0 0
"58" 58 0.270114942529 35 32 32 17 15 12 8 7 5 2 1 1 0 0 0 0 0 0 0 0
"59" 59 0.565400843882 61 33 18 12 9 7 7 5 5 3 3 2 1 1 0 0 0 0 0 0
"60" 60 0.362068965517 44 25 23 16 15 13 9 5 5 3 3 2 2 1 0 0 0 0 0 0
"61" 61 0.502487562189 84 73 6 2 1 0 0 0 0 0 0 0 0 0 0 0 0 0 0 0
"62" 62 0.198675496689 46 40 29 10 10 8 5 5 3 2 2 1 1 0 0 0 0 0 0 0
"63" 63 0.711538461538 140 8 3 2 1 1 1 0 0 0 0 0 0 0 0 0 0 0 0 0
"64" 64 0.396624472574 133 17 3 3 2 2 2 1 1 1 0 0 0 0 0 0 0 0 0 0
"65" 65 0.405063291139 142 6 4 3 3 3 2 2 1 1 0 0 0 0 0 0 0 0 0 0
"66" 66 0.114427860697 86 36 32 7 2 2 1 1 0 0 0 0 0 0 0 0 0 0 0 0
"67" 67 0.0 51 39 36 25 12 1 1 1 1 0 0 0 0 0 0 0 0 0 0 0
"68" 68 0.0149253731343 54 50 41 21 1 0 0 0 0 0 0 0 0 0 0 0 0 0 0 0
"69" 69 0.0 127 29 9 1 1 0 0 0 0 0 0 0 0 0 0 0 0 0 0 0
"70" 70 0.0 133 26 6 1 1 0 0 0 0 0 0 0 0 0 0 0 0 0 0 0
"71" 71 0.0152284263959 157 9 1 0 0 0 0 0 0 0 0 0 0 0 0 0 0 0 0 0
"72" 72 0.154228855721 163 4 0 0 0 0 0 0 0 0 0 0 0 0 0 0 0 0 0 0
"73" 73 0.335766423358 167 0 0 0 0 0 0 0 0 0 0 0 0 0 0 0 0 0 0 0
"74" 74 0.062015503876 166 1 0 0 0 0 0 0 0 0 0 0 0 0 0 0 0 0 0 0
"75" 75 0.0288461538462 166 1 0 0 0 0 0 0 0 0 0 0 0 0 0 0 0 0 0 0
"76" 76 0.228855721393 105 22 20 6 4 4 3 2 1 0 0 0 0 0 0 0 0 0 0 0
"77" 77 0.0459770114943 123 20 6 6 6 3 3 0 0 0 0 0 0 0 0 0 0 0 0 0
"78" 78 0.0287356321839 72 59 22 5 3 3 1 1 1 0 0 0 0 0 0 0 0 0 0 0
"79" 79 0.464285714286 121 28 11 3 2 1 1 0 0 0 0 0 0 0 0 0 0 0 0 0
"80" 80 0.0865384615385 160 3 2 2 0 0 0 0 0 0 0 0 0 0 0 0 0 0 0 0
"81" 81 0.0812182741117 62 44 40 14 7 0 0 0 0 0 0 0 0 0 0 0 0 0 0 0
"82" 82 0.169154228856 126 11 7 5 5 3 2 2 2 1 1 1 1 0 0 0 0 0 0 0
"83" 83 0.670886075949 39 37 21 20 15 12 9 7 7 0 0 0 0 0 0 0 0 0 0 0
"84" 84 0.582089552239 129 17 8 6 5 1 1 0 0 0 0 0 0 0 0 0 0 0 0 0
"85" 85 0.229885057471 85 52 20 6 1 1 1 1 0 0 0 0 0 0 0 0 0 0 0 0
"86" 86 0.578616352201 167 0 0 0 0 0 0 0 0 0 0 0 0 0 0 0 0 0 0 0
"87" 87 0.612440191388 57 51 22 20 11 2 2 1 1 0 0 0 0 0 0 0 0 0 0 0
"88" 88 0.077519379845 164 3 0 0 0 0 0 0 0 0 0 0 0 0 0 0 0 0 0 0
"89" 89 0.357664233577 90 64 8 3 1 1 0 0 0 0 0 0 0 0 0 0 0 0 0 0
"90" 90 0.287356321839 136 31 0 0 0 0 0 0 0 0 0 0 0 0 0 0 0 0 0 0
"91" 91 0.00961538461538 117 34 12 3 1 0 0 0 0 0 0 0 0 0 0 0 0 0 0 0
"92" 92 0.287081339713 115 31 15 3 1 1 1 0 0 0 0 0 0 0 0 0 0 0 0 0
"93" 93 0.0 94 64 7 2 0 0 0 0 0 0 0 0 0 0 0 0 0 0 0 0
"94" 94 0.0 167 0 0 0 0 0 0 0 0 0 0 0 0 0 0 0 0 0 0 0
"95" 95 0.0348258706468 111 25 13 12 4 2 0 0 0 0 0 0 0 0 0 0 0 0 0 0
"96" 96 0.509505703422 140 7 5 5 4 3 2 1 0 0 0 0 0 0 0 0 0 0 0 0
"97" 97 0.251824817518 167 0 0 0 0 0 0 0 0 0 0 0 0 0 0 0 0 0 0 0
"98" 98 0.274611398964 143 21 2 1 0 0 0 0 0 0 0 0 0 0 0 0 0 0 0 0
"99" 99 0.698113207547 79 69 17 1 0 0 0 0 0 0 0 0 0 0 0 0 0 0 0 0
"100" 100 0.763392857143 106 24 11 6 6 5 3 1 1 1 1 1 1 0 0 0 0 0 0 0
"101" 101 0.397350993377 153 11 1 1 1 0 0 0 0 0 0 0 0 0 0 0 0 0 0 0
"102" 102 0.199004975124 140 11 6 3 2 2 1 1 1 0 0 0 0 0 0 0 0 0 0 0
"103" 103 0.435897435897 63 44 34 4 3 3 3 3 3 2 2 1 1 1 0 0 0 0 0 0
"104" 104 0.207547169811 137 27 1 1 1 0 0 0 0 0 0 0 0 0 0 0 0 0 0 0
"105" 105 0.270114942529 114 23 11 5 4 3 3 3 1 0 0 0 0 0 0 0 0 0 0 0
"106" 106 0.394618834081 107 14 12 11 9 5 2 2 2 1 1 1 0 0 0 0 0 0 0 0
"107" 107 0.437262357414 166 1 0 0 0 0 0 0 0 0 0 0 0 0 0 0 0 0 0 0
"108" 108 0.422053231939 106 49 10 1 1 0 0 0 0 0 0 0 0 0 0 0 0 0 0 0
"109" 109 0.167512690355 45 30 21 21 13 6 6 5 5 4 3 3 2 2 1 0 0 0 0 0
"110" 110 0.523206751055 157 7 3 0 0 0 0 0 0 0 0 0 0 0 0 0 0 0 0 0
"111" 111 0.134328358209 100 17 17 13 8 6 2 2 1 1 0 0 0 0 0 0 0 0 0 0
"112" 112 0.0817610062893 132 21 10 3 1 0 0 0 0 0 0 0 0 0 0 0 0 0 0 0
"113" 113 0.559748427673 27 24 19 15 14 12 11 11 10 8 5 3 1 1 1 1 1 0 0 0
"114" 114 0.367875647668 105 14 8 7 6 5 4 3 3 2 2 2 2 2 0 0 0 0 0 0
"115" 115 0.0609137055838 68 35 28 14 5 4 4 2 2 1 1 0 0 0 0 0 0 0 0 0
"116" 116 0.441860465116 39 34 33 15 12 8 7 6 5 5 1 1 1 0 0 0 0 0 0 0
"117" 117 0.526785714286 98 27 15 9 8 4 2 2 1 1 0 0 0 0 0 0 0 0 0 0
"118" 118 0.109489051095 145 7 4 3 3 1 1 1 1 1 0 0 0 0 0 0 0 0 0 0
"119" 119 0.273722627737 34 32 25 15 14 11 10 9 5 3 3 2 2 1 1 0 0 0 0 0
"120" 120 0.0077519379845 53 39 20 15 12 10 7 6 4 1 0 0 0 0 0 0 0 0 0 0
"121" 121 0.092050209205 74 45 25 14 6 3 0 0 0 0 0 0 0 0 0 0 0 0 0 0
"122" 122 0.0 98 48 16 5 0 0 0 0 0 0 0 0 0 0 0 0 0 0 0 0
"123" 123 0.1592039801 86 41 28 6 3 3 0 0 0 0 0 0 0 0 0 0 0 0 0 0
"124" 124 0.186528497409 165 2 0 0 0 0 0 0 0 0 0 0 0 0 0 0 0 0 0 0
"125" 125 0.207547169811 166 1 0 0 0 0 0 0 0 0 0 0 0 0 0 0 0 0 0 0
"126" 126 0.0995024875622 152 14 1 0 0 0 0 0 0 0 0 0 0 0 0 0 0 0 0 0
"127" 127 0.147286821705 167 0 0 0 0 0 0 0 0 0 0 0 0 0 0 0 0 0 0 0
"128" 128 0.0872093023256 167 0 0 0 0 0 0 0 0 0 0 0 0 0 0 0 0 0 0 0
"129" 129 0.0192307692308 161 6 0 0 0 0 0 0 0 0 0 0 0 0 0 0 0 0 0 0
"130" 130 0.0192307692308 119 29 9 3 3 1 1 1 1 0 0 0 0 0 0 0 0 0 0 0
"131" 131 0.205298013245 153 14 0 0 0 0 0 0 0 0 0 0 0 0 0 0 0 0 0 0
"132" 132 0.031007751938 104 23 15 15 5 3 1 1 0 0 0 0 0 0 0 0 0 0 0 0
"133" 133 0.0397350993377 54 45 21 15 7 5 5 4 3 3 2 1 1 1 0 0 0 0 0 0
"134" 134 0.233830845771 109 16 9 6 6 5 5 4 4 1 1 0 0 0 0 0 0 0 0 0
"135" 135 0.0 126 37 3 1 0 0 0 0 0 0 0 0 0 0 0 0 0 0 0 0
"136" 136 0.0298507462687 113 33 18 2 1 0 0 0 0 0 0 0 0 0 0 0 0 0 0 0
"137" 137 0.298013245033 74 21 15 14 13 9 7 5 4 2 2 1 0 0 0 0 0 0 0 0
"138" 138 0.0497512437811 37 26 24 15 11 10 10 8 8 6 4 2 2 2 1 1 0 0 0 0
"139" 139 0.0 130 18 18 1 0 0 0 0 0 0 0 0 0 0 0 0 0 0 0 0
"140" 140 0.565400843882 159 6 1 1 0 0 0 0 0 0 0 0 0 0 0 0 0 0 0 0
"141" 141 0.59375 48 48 21 18 13 8 5 2 1 1 1 0 0 0 0 0 0 0 0 0
"142" 142 0.397810218978 49 29 27 11 11 9 5 5 5 4 4 4 1 1 1 0 0 0 0 0
"143" 143 0.288461538462 151 6 5 2 2 1 0 0 0 0 0 0 0 0 0 0 0 0 0 0
"144" 144 0.046511627907 77 37 24 14 9 4 1 1 0 0 0 0 0 0 0 0 0 0 0 0
"145" 145 0.581395348837 70 34 20 12 8 4 4 3 3 2 2 2 1 1 1 0 0 0 0 0
"146" 146 0.5 44 32 26 16 11 9 9 7 5 3 2 2 1 0 0 0 0 0 0 0
"147" 147 0.0804597701149 137 10 10 6 2 1 1 0 0 0 0 0 0 0 0 0 0 0 0 0
"148" 148 0.0548523206751 88 54 7 6 3 2 2 2 1 1 1 0 0 0 0 0 0 0 0 0
"149" 149 0.0398009950249 90 31 23 11 10 2 0 0 0 0 0 0 0 0 0 0 0 0 0 0
"150" 150 0.186046511628 72 34 13 12 8 8 6 6 4 2 2 0 0 0 0 0 0 0 0 0
"151" 151 0.0964467005076 101 33 20 12 1 0 0 0 0 0 0 0 0 0 0 0 0 0 0 0
"152" 152 0.0298507462687 69 52 43 1 1 1 0 0 0 0 0 0 0 0 0 0 0 0 0 0
"153" 153 0.0 140 11 9 3 3 1 0 0 0 0 0 0 0 0 0 0 0 0 0 0
"154" 154 0.0 142 11 7 5 1 1 0 0 0 0 0 0 0 0 0 0 0 0 0 0
"155" 155 0.295597484277 162 1 1 1 1 1 0 0 0 0 0 0 0 0 0 0 0 0 0 0
"156" 156 0.424107142857 160 3 2 1 1 0 0 0 0 0 0 0 0 0 0 0 0 0 0 0
"157" 157 0.0 167 0 0 0 0 0 0 0 0 0 0 0 0 0 0 0 0 0 0 0
"158" 158 0.109452736318 78 59 24 2 1 1 1 1 0 0 0 0 0 0 0 0 0 0 0 0
"159" 159 0.589285714286 61 41 39 7 5 4 3 2 2 2 1 0 0 0 0 0 0 0 0 0
"160" 160 0.313868613139 69 32 20 7 7 7 6 6 3 3 2 2 1 1 1 0 0 0 0 0
"161" 161 0.0203045685279 62 51 21 18 14 1 0 0 0 0 0 0 0 0 0 0 0 0 0 0
"162" 162 0.480620155039 52 25 15 12 10 10 9 9 8 7 6 1 1 1 1 0 0 0 0 0
"163" 163 0.68776371308 55 45 20 12 7 6 6 5 4 3 2 1 1 0 0 0 0 0 0 0
"164" 164 0.253886010363 94 17 14 12 8 3 3 3 3 2 2 2 1 1 1 1 0 0 0 0
"165" 165 0.0909090909091 147 6 4 3 2 1 1 1 1 0 0 0 0 0 0 0 0 0 0 0
"166" 166 0.528301886792 161 2 1 1 1 1 0 0 0 0 0 0 0 0 0 0 0 0 0 0
"167" 167 0.777202072539 156 9 2 0 0 0 0 0 0 0 0 0 0 0 0 0 0 0 0 0
"168" 168 0.0813953488372 149 16 2 0 0 0 0 0 0 0 0 0 0 0 0 0 0 0 0 0
"169" 169 0.129464285714 58 32 31 9 7 5 5 5 4 3 3 3 1 1 0 0 0 0 0 0
"170" 170 0.0344827586207 127 20 16 3 1 0 0 0 0 0 0 0 0 0 0 0 0 0 0 0
"171" 171 0.114942528736 117 17 17 9 3 2 1 1 0 0 0 0 0 0 0 0 0 0 0 0
"172" 172 0.0114942528736 83 33 19 12 11 8 1 0 0 0 0 0 0 0 0 0 0 0 0 0
"173" 173 0.139534883721 143 16 7 1 0 0 0 0 0 0 0 0 0 0 0 0 0 0 0 0
"174" 174 0.124031007752 101 45 6 3 3 3 2 2 1 1 0 0 0 0 0 0 0 0 0 0
"175" 175 0.38578680203 68 60 31 3 3 1 1 0 0 0 0 0 0 0 0 0 0 0 0 0
"176" 176 0.0984455958549 167 0 0 0 0 0 0 0 0 0 0 0 0 0 0 0 0 0 0 0
"177" 177 0.589285714286 81 24 22 21 7 6 3 1 1 1 0 0 0 0 0 0 0 0 0 0
"178" 178 0.496350364964 50 37 27 20 11 7 5 4 3 2 1 0 0 0 0 0 0 0 0 0
"179" 179 0.0796019900498 167 0 0 0 0 0 0 0 0 0 0 0 0 0 0 0 0 0 0 0
"180" 180 0.251282051282 139 25 1 1 1 0 0 0 0 0 0 0 0 0 0 0 0 0 0 0
"181" 181 0.689119170984 98 61 3 2 1 1 1 0 0 0 0 0 0 0 0 0 0 0 0 0
"182" 182 0.598086124402 82 27 21 11 9 4 4 3 2 2 1 1 0 0 0 0 0 0 0 0
"183" 183 0.00961538461538 134 23 4 2 1 1 1 1 0 0 0 0 0 0 0 0 0 0 0 0
"184" 184 0.304182509506 163 4 0 0 0 0 0 0 0 0 0 0 0 0 0 0 0 0 0 0
"185" 185 0.147208121827 166 1 0 0 0 0 0 0 0 0 0 0 0 0 0 0 0 0 0 0
"186" 186 0.195402298851 91 34 22 6 4 3 3 2 2 0 0 0 0 0 0 0 0 0 0 0
"187" 187 0.51572327044 167 0 0 0 0 0 0 0 0 0 0 0 0 0 0 0 0 0 0 0
"188" 188 0.0288461538462 167 0 0 0 0 0 0 0 0 0 0 0 0 0 0 0 0 0 0 0
"189" 189 0.134328358209 164 2 1 0 0 0 0 0 0 0 0 0 0 0 0 0 0 0 0 0
"190" 190 0.442307692308 167 0 0 0 0 0 0 0 0 0 0 0 0 0 0 0 0 0 0 0
"191" 191 0.259067357513 167 0 0 0 0 0 0 0 0 0 0 0 0 0 0 0 0 0 0 0
"192" 192 0.170542635659 165 1 1 0 0 0 0 0 0 0 0 0 0 0 0 0 0 0 0 0
"193" 193 0.0576923076923 167 0 0 0 0 0 0 0 0 0 0 0 0 0 0 0 0 0 0 0
"194" 194 0.145077720207 167 0 0 0 0 0 0 0 0 0 0 0 0 0 0 0 0 0 0 0
"195" 195 0.142335766423 137 30 0 0 0 0 0 0 0 0 0 0 0 0 0 0 0 0 0 0
"196" 196 0.00507614213198 72 68 17 4 2 2 2 0 0 0 0 0 0 0 0 0 0 0 0 0
"197" 197 0.357414448669 137 29 1 0 0 0 0 0 0 0 0 0 0 0 0 0 0 0 0 0
"198" 198 0.461538461538 160 6 1 0 0 0 0 0 0 0 0 0 0 0 0 0 0 0 0 0
"199" 199 0.290697674419 166 1 0 0 0 0 0 0 0 0 0 0 0 0 0 0 0 0 0 0
"200" 200 1.05485232068 126 21 1 1 0 0 0 0 0 0 0 0 0 0 0 0 0 0 0 0
