"site" "RSA" "aa1" "aa2" "aa3" "aa4" "aa5" "aa6" "aa7" "aa8" "aa9" "aa10" "aa11" "aa12" "aa13" "aa14" "aa15" "aa16" "aa17" "aa18" "aa19" "aa20"
"0" 0 0.671794871795 246 40 39 34 32 27 21 21 15 8 7 5 4 1 0 0 0 0 0 0
"1" 1 0.154228855721 492 3 2 2 1 0 0 0 0 0 0 0 0 0 0 0 0 0 0 0
"2" 2 0.223628691983 499 1 0 0 0 0 0 0 0 0 0 0 0 0 0 0 0 0 0 0
"3" 3 0.0 497 3 0 0 0 0 0 0 0 0 0 0 0 0 0 0 0 0 0 0
"4" 4 0.00418410041841 500 0 0 0 0 0 0 0 0 0 0 0 0 0 0 0 0 0 0 0
"5" 5 0.12582781457 415 78 3 2 1 1 0 0 0 0 0 0 0 0 0 0 0 0 0 0
"6" 6 0.0149253731343 500 0 0 0 0 0 0 0 0 0 0 0 0 0 0 0 0 0 0 0
"7" 7 0.435897435897 500 0 0 0 0 0 0 0 0 0 0 0 0 0 0 0 0 0 0 0
"8" 8 0.0529801324503 500 0 0 0 0 0 0 0 0 0 0 0 0 0 0 0 0 0 0 0
"9" 9 0.0358974358974 473 27 0 0 0 0 0 0 0 0 0 0 0 0 0 0 0 0 0 0
"10" 10 0.283018867925 285 79 76 23 22 7 3 2 2 1 0 0 0 0 0 0 0 0 0 0
"11" 11 0.473214285714 153 55 52 50 47 33 30 27 13 10 7 7 6 6 2 2 0 0 0 0
"12" 12 0.0 500 0 0 0 0 0 0 0 0 0 0 0 0 0 0 0 0 0 0 0
"13" 13 0.0 499 1 0 0 0 0 0 0 0 0 0 0 0 0 0 0 0 0 0 0
"14" 14 0.316455696203 440 22 14 12 7 2 1 1 1 0 0 0 0 0 0 0 0 0 0 0
"15" 15 0.272321428571 328 54 38 15 13 11 9 9 8 4 3 3 2 2 1 0 0 0 0 0
"16" 16 0.0 499 1 0 0 0 0 0 0 0 0 0 0 0 0 0 0 0 0 0 0
"17" 17 0.0 498 1 1 0 0 0 0 0 0 0 0 0 0 0 0 0 0 0 0 0
"18" 18 0.512953367876 435 21 14 9 7 5 3 2 1 1 1 1 0 0 0 0 0 0 0 0
"19" 19 0.431472081218 431 21 9 7 4 4 4 3 3 3 3 3 2 2 1 0 0 0 0 0
"20" 20 0.195402298851 500 0 0 0 0 0 0 0 0 0 0 0 0 0 0 0 0 0 0 0
"21" 21 0.538461538462 500 0 0 0 0 0 0 0 0 0 0 0 0 0 0 0 0 0 0 0
"22" 22 0.281609195402 498 1 1 0 0 0 0 0 0 0 0 0 0 0 0 0 0 0 0 0
"23" 23 0.739910313901 85 84 72 62 51 42 37 29 10 8 6 4 3 3 2 1 1 0 0 0
"24" 24 0.228855721393 480 18 1 1 0 0 0 0 0 0 0 0 0 0 0 0 0 0 0 0
"25" 25 0.144230769231 500 0 0 0 0 0 0 0 0 0 0 0 0 0 0 0 0 0 0 0
"26" 26 0.451476793249 169 82 56 49 44 38 30 18 5 5 2 1 1 0 0 0 0 0 0 0
"27" 27 0.208860759494 500 0 0 0 0 0 0 0 0 0 0 0 0 0 0 0 0 0 0 0
"28" 28 0.205298013245 92 85 61 57 49 38 27 25 15 13 13 8 5 3 3 3 2 1 0 0
"29" 29 0.17816091954 496 2 1 1 0 0 0 0 0 0 0 0 0 0 0 0 0 0 0 0
"30" 30 0.43023255814 398 80 13 7 1 1 0 0 0 0 0 0 0 0 0 0 0 0 0 0
"31" 31 0.375912408759 497 1 1 1 0 0 0 0 0 0 0 0 0 0 0 0 0 0 0 0
"32" 32 0.410041841004 277 134 55 9 7 5 4 3 3 2 1 0 0 0 0 0 0 0 0 0
"33" 33 0.900662251656 157 142 41 40 28 20 20 19 12 10 6 2 2 1 0 0 0 0 0 0
"34" 34 0.544041450777 449 20 13 11 3 2 2 0 0 0 0 0 0 0 0 0 0 0 0 0
"35" 35 0.394230769231 252 146 33 28 12 11 10 4 2 1 1 0 0 0 0 0 0 0 0 0
"36" 36 0.544642857143 123 103 64 31 23 23 22 18 15 15 12 12 10 10 10 5 3 1 0 0
"37" 37 0.114942528736 209 178 104 9 0 0 0 0 0 0 0 0 0 0 0 0 0 0 0 0
"38" 38 0.421524663677 224 55 44 37 36 21 20 17 11 11 11 8 3 2 0 0 0 0 0 0
"39" 39 0.0761421319797 403 97 0 0 0 0 0 0 0 0 0 0 0 0 0 0 0 0 0 0
"40" 40 0.405128205128 167 106 57 37 34 27 17 13 11 10 6 6 4 3 2 0 0 0 0 0
"41" 41 0.167512690355 477 11 10 1 1 0 0 0 0 0 0 0 0 0 0 0 0 0 0 0
"42" 42 0.473214285714 131 82 61 50 47 43 37 20 10 7 6 4 2 0 0 0 0 0 0 0
"43" 43 0.325892857143 499 1 0 0 0 0 0 0 0 0 0 0 0 0 0 0 0 0 0 0
"44" 44 0.622516556291 231 73 54 44 23 19 19 18 14 2 1 1 1 0 0 0 0 0 0 0
"45" 45 0.0152284263959 267 137 93 2 1 0 0 0 0 0 0 0 0 0 0 0 0 0 0 0
"46" 46 0.649635036496 93 91 70 44 43 43 25 24 16 15 14 10 4 4 3 1 0 0 0 0
"47" 47 0.317307692308 500 0 0 0 0 0 0 0 0 0 0 0 0 0 0 0 0 0 0 0
"48" 48 0.0189873417722 500 0 0 0 0 0 0 0 0 0 0 0 0 0 0 0 0 0 0 0
"49" 49 0.108808290155 209 149 40 32 23 15 9 8 8 5 1 1 0 0 0 0 0 0 0 0
"50" 50 0.0 500 0 0 0 0 0 0 0 0 0 0 0 0 0 0 0 0 0 0 0
"51" 51 0.0228136882129 343 157 0 0 0 0 0 0 0 0 0 0 0 0 0 0 0 0 0 0
"52" 52 0.0 467 33 0 0 0 0 0 0 0 0 0 0 0 0 0 0 0 0 0 0
"53" 53 0.0152284263959 471 29 0 0 0 0 0 0 0 0 0 0 0 0 0 0 0 0 0 0
"54" 54 0.00448430493274 499 1 0 0 0 0 0 0 0 0 0 0 0 0 0 0 0 0 0 0
"55" 55 0.00662251655629 251 249 0 0 0 0 0 0 0 0 0 0 0 0 0 0 0 0 0 0
"56" 56 0.0 481 8 8 2 1 0 0 0 0 0 0 0 0 0 0 0 0 0 0 0
"57" 57 0.0529801324503 200 130 91 54 14 7 4 0 0 0 0 0 0 0 0 0 0 0 0 0
"58" 58 0.730569948187 94 75 69 44 40 28 28 22 20 15 13 11 10 9 7 6 4 3 2 0
"59" 59 0.364779874214 176 107 74 48 37 22 10 6 6 5 3 2 2 2 0 0 0 0 0 0
"60" 60 0.195402298851 396 78 14 5 4 2 1 0 0 0 0 0 0 0 0 0 0 0 0 0
"61" 61 0.507692307692 467 18 7 4 2 1 1 0 0 0 0 0 0 0 0 0 0 0 0 0
"62" 62 0.352678571429 493 4 1 1 1 0 0 0 0 0 0 0 0 0 0 0 0 0 0 0
"63" 63 0.0909090909091 196 101 97 89 10 6 1 0 0 0 0 0 0 0 0 0 0 0 0 0
"64" 64 0.0812182741117 483 10 4 2 1 0 0 0 0 0 0 0 0 0 0 0 0 0 0 0
"65" 65 0.435779816514 290 100 30 21 16 14 10 7 3 2 2 2 1 1 1 0 0 0 0 0
"66" 66 0.00892857142857 500 0 0 0 0 0 0 0 0 0 0 0 0 0 0 0 0 0 0 0
"67" 67 0.0 500 0 0 0 0 0 0 0 0 0 0 0 0 0 0 0 0 0 0 0
"68" 68 0.109452736318 493 2 2 1 1 1 0 0 0 0 0 0 0 0 0 0 0 0 0 0
"69" 69 0.263959390863 126 84 65 32 28 25 23 22 21 18 17 13 12 7 4 2 1 0 0 0
"70" 70 0.0 291 131 50 23 4 1 0 0 0 0 0 0 0 0 0 0 0 0 0 0
"71" 71 0.0 499 1 0 0 0 0 0 0 0 0 0 0 0 0 0 0 0 0 0 0
"72" 72 0.284974093264 306 52 39 33 30 14 10 8 4 3 1 0 0 0 0 0 0 0 0 0
"73" 73 0.193798449612 483 4 4 4 2 2 1 0 0 0 0 0 0 0 0 0 0 0 0 0
"74" 74 0.0 500 0 0 0 0 0 0 0 0 0 0 0 0 0 0 0 0 0 0 0
"75" 75 0.400843881857 176 93 86 56 22 18 16 14 11 2 2 2 1 1 0 0 0 0 0 0
"76" 76 0.624087591241 148 76 68 49 39 32 25 24 16 13 3 2 2 1 1 1 0 0 0 0
"77" 77 0.31007751938 183 72 65 62 53 31 10 9 8 6 1 0 0 0 0 0 0 0 0 0
"78" 78 0.364238410596 287 101 34 28 22 12 10 3 2 1 0 0 0 0 0 0 0 0 0 0
"79" 79 0.139534883721 500 0 0 0 0 0 0 0 0 0 0 0 0 0 0 0 0 0 0 0
"80" 80 0.590717299578 170 149 57 53 31 16 13 5 2 2 1 1 0 0 0 0 0 0 0 0
"81" 81 0.145348837209 206 131 46 31 28 22 12 9 6 6 1 1 1 0 0 0 0 0 0 0
"82" 82 0.0304568527919 499 1 0 0 0 0 0 0 0 0 0 0 0 0 0 0 0 0 0 0
"83" 83 0.0153846153846 351 144 2 1 1 1 0 0 0 0 0 0 0 0 0 0 0 0 0 0
"84" 84 0.0 478 22 0 0 0 0 0 0 0 0 0 0 0 0 0 0 0 0 0 0
"85" 85 0.00574712643678 500 0 0 0 0 0 0 0 0 0 0 0 0 0 0 0 0 0 0 0
"86" 86 0.0 260 239 1 0 0 0 0 0 0 0 0 0 0 0 0 0 0 0 0 0
"87" 87 0.0062893081761 500 0 0 0 0 0 0 0 0 0 0 0 0 0 0 0 0 0 0 0
"88" 88 0.0380228136882 400 100 0 0 0 0 0 0 0 0 0 0 0 0 0 0 0 0 0 0
"89" 89 0.0190114068441 477 20 2 1 0 0 0 0 0 0 0 0 0 0 0 0 0 0 0 0
"90" 90 0.00961538461538 500 0 0 0 0 0 0 0 0 0 0 0 0 0 0 0 0 0 0 0
"91" 91 0.300380228137 489 3 2 2 1 1 1 1 0 0 0 0 0 0 0 0 0 0 0 0
"92" 92 0.0232558139535 378 111 10 1 0 0 0 0 0 0 0 0 0 0 0 0 0 0 0 0
"93" 93 0.372262773723 252 151 24 17 15 14 8 6 5 3 2 2 1 0 0 0 0 0 0 0
"94" 94 0.233183856502 112 108 55 49 39 35 26 20 14 13 13 6 5 3 1 1 0 0 0 0
"95" 95 0.160621761658 248 136 105 7 4 0 0 0 0 0 0 0 0 0 0 0 0 0 0 0
"96" 96 0.656934306569 449 33 9 4 3 1 1 0 0 0 0 0 0 0 0 0 0 0 0 0
"97" 97 0.607594936709 248 175 16 15 14 11 7 6 3 1 1 1 1 1 0 0 0 0 0 0
"98" 98 0.880794701987 267 66 56 29 22 17 14 12 7 3 2 2 1 1 1 0 0 0 0 0
"99" 99 0.839416058394 107 78 75 59 36 30 23 19 18 17 16 10 9 1 1 1 0 0 0 0
"100" 100 0.441964285714 391 36 29 20 9 7 4 2 1 1 0 0 0 0 0 0 0 0 0 0
"101" 101 0.534591194969 75 69 62 42 41 40 39 37 35 21 12 9 6 6 3 3 0 0 0 0
"102" 102 0.319796954315 406 89 3 2 0 0 0 0 0 0 0 0 0 0 0 0 0 0 0 0
"103" 103 0.156976744186 166 129 64 25 23 17 14 14 12 12 7 6 5 4 2 0 0 0 0 0
"104" 104 0.0 500 0 0 0 0 0 0 0 0 0 0 0 0 0 0 0 0 0 0 0
"105" 105 0.316455696203 398 54 18 18 9 2 1 0 0 0 0 0 0 0 0 0 0 0 0 0
"106" 106 0.492537313433 137 92 85 79 33 19 14 11 9 7 5 4 2 1 1 1 0 0 0 0
"107" 107 0.0167364016736 493 3 2 1 1 0 0 0 0 0 0 0 0 0 0 0 0 0 0 0
"108" 108 0.0 500 0 0 0 0 0 0 0 0 0 0 0 0 0 0 0 0 0 0 0
"109" 109 0.323076923077 161 96 69 51 35 30 19 14 8 6 4 4 1 1 1 0 0 0 0 0
"110" 110 0.338308457711 250 69 54 29 28 21 16 16 8 8 1 0 0 0 0 0 0 0 0 0
"111" 111 0.0 500 0 0 0 0 0 0 0 0 0 0 0 0 0 0 0 0 0 0 0
"112" 112 0.209821428571 395 57 46 1 1 0 0 0 0 0 0 0 0 0 0 0 0 0 0 0
"113" 113 0.668604651163 129 93 84 44 36 26 20 15 14 13 12 6 4 2 1 1 0 0 0 0
"114" 114 0.108527131783 499 1 0 0 0 0 0 0 0 0 0 0 0 0 0 0 0 0 0 0
"115" 115 0.182692307692 500 0 0 0 0 0 0 0 0 0 0 0 0 0 0 0 0 0 0 0
"116" 116 0.077519379845 500 0 0 0 0 0 0 0 0 0 0 0 0 0 0 0 0 0 0 0
"117" 117 0.296511627907 389 31 24 14 12 11 7 5 2 2 2 1 0 0 0 0 0 0 0 0
"118" 118 0.222627737226 324 121 24 17 4 4 3 3 0 0 0 0 0 0 0 0 0 0 0 0
"119" 119 0.0 500 0 0 0 0 0 0 0 0 0 0 0 0 0 0 0 0 0 0 0
"120" 120 0.00507614213198 485 14 1 0 0 0 0 0 0 0 0 0 0 0 0 0 0 0 0 0
"121" 121 0.0 494 6 0 0 0 0 0 0 0 0 0 0 0 0 0 0 0 0 0 0
"122" 122 0.00497512437811 500 0 0 0 0 0 0 0 0 0 0 0 0 0 0 0 0 0 0 0
"123" 123 0.0621761658031 500 0 0 0 0 0 0 0 0 0 0 0 0 0 0 0 0 0 0 0
"124" 124 0.0248756218905 500 0 0 0 0 0 0 0 0 0 0 0 0 0 0 0 0 0 0 0
"125" 125 0.311004784689 293 113 51 20 11 8 2 1 1 0 0 0 0 0 0 0 0 0 0 0
"126" 126 0.046511627907 264 53 43 41 35 15 12 11 10 9 3 2 1 1 0 0 0 0 0 0
"127" 127 0.465408805031 195 78 48 45 28 24 19 13 9 9 6 6 5 5 5 3 2 0 0 0
"128" 128 0.587443946188 111 76 56 44 43 42 38 38 16 15 8 5 3 2 1 1 1 0 0 0
"129" 129 0.0 496 4 0 0 0 0 0 0 0 0 0 0 0 0 0 0 0 0 0 0
"130" 130 0.322869955157 274 93 81 22 22 3 3 2 0 0 0 0 0 0 0 0 0 0 0 0
"131" 131 0.567307692308 124 80 57 54 50 44 22 21 16 16 11 2 1 1 1 0 0 0 0 0
"132" 132 0.196652719665 494 6 0 0 0 0 0 0 0 0 0 0 0 0 0 0 0 0 0 0
"133" 133 0.0418410041841 498 2 0 0 0 0 0 0 0 0 0 0 0 0 0 0 0 0 0 0
"134" 134 0.777202072539 185 85 60 29 28 26 16 16 14 13 11 6 4 3 2 2 0 0 0 0
"135" 135 0.162436548223 493 7 0 0 0 0 0 0 0 0 0 0 0 0 0 0 0 0 0 0
"136" 136 0.421383647799 499 1 0 0 0 0 0 0 0 0 0 0 0 0 0 0 0 0 0 0
"137" 137 0.116751269036 499 1 0 0 0 0 0 0 0 0 0 0 0 0 0 0 0 0 0 0
"138" 138 0.238341968912 182 126 102 40 20 16 5 4 1 1 1 1 1 0 0 0 0 0 0 0
"139" 139 0.157894736842 499 1 0 0 0 0 0 0 0 0 0 0 0 0 0 0 0 0 0 0
"140" 140 0.0 490 10 0 0 0 0 0 0 0 0 0 0 0 0 0 0 0 0 0 0
"141" 141 0.298165137615 228 96 45 35 29 27 12 6 6 4 4 3 2 2 1 0 0 0 0 0
"142" 142 0.0 500 0 0 0 0 0 0 0 0 0 0 0 0 0 0 0 0 0 0 0
"143" 143 0.0632183908046 483 11 4 2 0 0 0 0 0 0 0 0 0 0 0 0 0 0 0 0
"144" 144 0.314465408805 495 2 2 1 0 0 0 0 0 0 0 0 0 0 0 0 0 0 0 0
"145" 145 0.218274111675 305 165 13 5 4 3 2 1 1 1 0 0 0 0 0 0 0 0 0 0
"146" 146 0.00497512437811 495 5 0 0 0 0 0 0 0 0 0 0 0 0 0 0 0 0 0 0
"147" 147 0.0 500 0 0 0 0 0 0 0 0 0 0 0 0 0 0 0 0 0 0 0
"148" 148 0.584821428571 148 125 66 50 23 19 17 17 16 6 4 4 3 1 1 0 0 0 0 0
"149" 149 0.148288973384 491 9 0 0 0 0 0 0 0 0 0 0 0 0 0 0 0 0 0 0
"150" 150 0.00418410041841 493 7 0 0 0 0 0 0 0 0 0 0 0 0 0 0 0 0 0 0
"151" 151 0.392857142857 163 66 61 57 45 37 27 12 11 9 6 4 2 0 0 0 0 0 0 0
"152" 152 0.490384615385 147 73 71 56 51 38 35 13 10 4 2 0 0 0 0 0 0 0 0 0
"153" 153 0.35864978903 392 68 24 8 6 2 0 0 0 0 0 0 0 0 0 0 0 0 0 0
"154" 154 0.723076923077 270 123 35 27 18 9 6 6 3 1 1 1 0 0 0 0 0 0 0 0
"155" 155 0.179104477612 500 0 0 0 0 0 0 0 0 0 0 0 0 0 0 0 0 0 0 0
"156" 156 0.65625 205 102 51 36 30 21 19 9 8 5 5 3 2 2 1 1 0 0 0 0
"157" 157 0.414507772021 355 104 39 1 1 0 0 0 0 0 0 0 0 0 0 0 0 0 0 0
"158" 158 0.116751269036 316 171 6 5 2 0 0 0 0 0 0 0 0 0 0 0 0 0 0 0
"159" 159 0.00574712643678 302 198 0 0 0 0 0 0 0 0 0 0 0 0 0 0 0 0 0 0
"160" 160 0.0 487 13 0 0 0 0 0 0 0 0 0 0 0 0 0 0 0 0 0 0
"161" 161 0.00574712643678 491 9 0 0 0 0 0 0 0 0 0 0 0 0 0 0 0 0 0 0
"162" 162 0.00662251655629 500 0 0 0 0 0 0 0 0 0 0 0 0 0 0 0 0 0 0 0
"163" 163 0.0125786163522 500 0 0 0 0 0 0 0 0 0 0 0 0 0 0 0 0 0 0 0
"164" 164 0.290155440415 240 161 55 29 15 0 0 0 0 0 0 0 0 0 0 0 0 0 0 0
"165" 165 0.521531100478 145 80 72 43 34 26 17 15 15 14 14 8 8 6 2 1 0 0 0 0
"166" 166 0.576923076923 209 115 38 32 29 21 15 13 12 7 5 2 1 1 0 0 0 0 0 0
"167" 167 0.0 195 184 58 25 17 9 7 3 1 1 0 0 0 0 0 0 0 0 0 0
"168" 168 0.304597701149 293 88 46 16 14 12 11 9 6 3 1 1 0 0 0 0 0 0 0 0
"169" 169 0.575581395349 90 65 57 43 43 42 38 30 25 18 18 9 7 5 3 3 2 2 0 0
"170" 170 0.138686131387 123 99 74 69 58 29 23 9 5 4 3 2 1 1 0 0 0 0 0 0
"171" 171 0.0077519379845 499 1 0 0 0 0 0 0 0 0 0 0 0 0 0 0 0 0 0 0
"172" 172 0.554744525547 177 103 61 53 36 17 14 12 11 4 4 2 2 1 1 1 1 0 0 0
"173" 173 0.443037974684 138 119 81 40 37 19 15 12 11 10 7 4 3 2 2 0 0 0 0 0
"174" 174 0.0 500 0 0 0 0 0 0 0 0 0 0 0 0 0 0 0 0 0 0 0
"175" 175 0.031007751938 495 5 0 0 0 0 0 0 0 0 0 0 0 0 0 0 0 0 0 0
"176" 176 0.466321243523 173 62 47 44 43 39 38 22 13 6 4 4 3 2 0 0 0 0 0 0
"177" 177 0.273722627737 282 111 87 12 6 2 0 0 0 0 0 0 0 0 0 0 0 0 0 0
"178" 178 0.124378109453 499 1 0 0 0 0 0 0 0 0 0 0 0 0 0 0 0 0 0 0
"179" 179 0.742616033755 256 84 80 38 25 15 2 0 0 0 0 0 0 0 0 0 0 0 0 0
"180" 180 0.139534883721 488 6 3 1 1 1 0 0 0 0 0 0 0 0 0 0 0 0 0 0
"181" 181 0.440251572327 493 3 2 1 1 0 0 0 0 0 0 0 0 0 0 0 0 0 0 0
"182" 182 0.365482233503 379 69 49 1 1 1 0 0 0 0 0 0 0 0 0 0 0 0 0 0
"183" 183 0.0232558139535 488 11 1 0 0 0 0 0 0 0 0 0 0 0 0 0 0 0 0 0
"184" 184 0.197969543147 263 80 64 35 25 24 2 2 1 1 1 1 1 0 0 0 0 0 0 0
"185" 185 0.00507614213198 433 67 0 0 0 0 0 0 0 0 0 0 0 0 0 0 0 0 0 0
"186" 186 0.150259067358 496 2 1 1 0 0 0 0 0 0 0 0 0 0 0 0 0 0 0 0
"187" 187 0.544303797468 149 106 98 67 33 23 12 5 4 2 1 0 0 0 0 0 0 0 0 0
"188" 188 0.810218978102 496 2 1 1 0 0 0 0 0 0 0 0 0 0 0 0 0 0 0 0
"189" 189 0.371559633028 224 80 67 32 32 19 18 17 11 0 0 0 0 0 0 0 0 0 0 0
"190" 190 0.512820512821 214 101 70 67 21 11 8 2 2 2 1 1 0 0 0 0 0 0 0 0
"191" 191 0.197969543147 406 62 21 6 5 0 0 0 0 0 0 0 0 0 0 0 0 0 0 0
"192" 192 0.419540229885 360 81 16 11 7 5 5 3 3 3 2 2 1 1 0 0 0 0 0 0
"193" 193 0.423076923077 500 0 0 0 0 0 0 0 0 0 0 0 0 0 0 0 0 0 0 0
"194" 194 0.574358974359 434 25 12 10 5 5 5 4 0 0 0 0 0 0 0 0 0 0 0 0
"195" 195 0.0406091370558 496 4 0 0 0 0 0 0 0 0 0 0 0 0 0 0 0 0 0 0
"196" 196 0.647321428571 352 48 27 20 15 11 10 8 7 1 1 0 0 0 0 0 0 0 0 0
"197" 197 0.346153846154 500 0 0 0 0 0 0 0 0 0 0 0 0 0 0 0 0 0 0 0
"198" 198 0.130801687764 230 104 89 41 24 7 2 2 1 0 0 0 0 0 0 0 0 0 0 0
"199" 199 0.0 342 87 47 10 3 3 3 2 1 1 1 0 0 0 0 0 0 0 0 0
"200" 200 0.0 499 1 0 0 0 0 0 0 0 0 0 0 0 0 0 0 0 0 0 0
"201" 201 0.0 498 2 0 0 0 0 0 0 0 0 0 0 0 0 0 0 0 0 0 0
"202" 202 0.0 500 0 0 0 0 0 0 0 0 0 0 0 0 0 0 0 0 0 0 0
"203" 203 0.00507614213198 493 7 0 0 0 0 0 0 0 0 0 0 0 0 0 0 0 0 0 0
"204" 204 0.113989637306 301 97 42 26 20 14 0 0 0 0 0 0 0 0 0 0 0 0 0 0
"205" 205 0.020725388601 183 155 79 34 18 18 8 2 1 1 1 0 0 0 0 0 0 0 0 0
"206" 206 0.0609137055838 493 3 2 2 0 0 0 0 0 0 0 0 0 0 0 0 0 0 0 0
"207" 207 0.0253807106599 483 17 0 0 0 0 0 0 0 0 0 0 0 0 0 0 0 0 0 0
"208" 208 0.227979274611 249 151 26 25 22 7 6 6 6 1 1 0 0 0 0 0 0 0 0 0
"209" 209 0.31976744186 316 96 26 15 15 10 5 3 3 3 3 2 2 1 0 0 0 0 0 0
"210" 210 0.031007751938 336 164 0 0 0 0 0 0 0 0 0 0 0 0 0 0 0 0 0 0
"211" 211 0.134615384615 285 87 42 33 27 10 6 3 3 2 2 0 0 0 0 0 0 0 0 0
"212" 212 0.441860465116 142 97 53 46 33 25 22 20 17 16 13 9 5 1 1 0 0 0 0 0
"213" 213 0.0253807106599 381 97 13 7 1 1 0 0 0 0 0 0 0 0 0 0 0 0 0 0
"214" 214 0.0348837209302 494 5 1 0 0 0 0 0 0 0 0 0 0 0 0 0 0 0 0 0
"215" 215 0.547263681592 224 54 49 42 34 28 23 20 8 8 4 3 1 1 1 0 0 0 0 0
"216" 216 0.0 500 0 0 0 0 0 0 0 0 0 0 0 0 0 0 0 0 0 0 0
"217" 217 0.0 498 1 1 0 0 0 0 0 0 0 0 0 0 0 0 0 0 0 0 0
"218" 218 0.379487179487 224 106 26 23 23 20 20 17 14 13 8 2 2 1 1 0 0 0 0 0
"219" 219 0.15503875969 236 139 35 33 24 11 5 4 3 3 3 2 2 0 0 0 0 0 0 0
"220" 220 0.00497512437811 500 0 0 0 0 0 0 0 0 0 0 0 0 0 0 0 0 0 0 0
"221" 221 0.379310344828 154 103 70 47 46 22 11 11 8 8 7 6 3 2 1 1 0 0 0 0
"222" 222 0.723214285714 118 109 101 38 35 25 21 19 17 9 5 1 1 1 0 0 0 0 0 0
"223" 223 0.394871794872 150 112 111 60 31 23 8 2 2 1 0 0 0 0 0 0 0 0 0 0
"224" 224 0.326923076923 500 0 0 0 0 0 0 0 0 0 0 0 0 0 0 0 0 0 0 0
"225" 225 0.108527131783 492 8 0 0 0 0 0 0 0 0 0 0 0 0 0 0 0 0 0 0
"226" 226 0.409282700422 141 116 110 44 37 19 10 7 7 4 2 2 1 0 0 0 0 0 0 0
"227" 227 0.214285714286 206 158 49 40 17 11 11 5 3 0 0 0 0 0 0 0 0 0 0 0
"228" 228 0.0172413793103 495 5 0 0 0 0 0 0 0 0 0 0 0 0 0 0 0 0 0 0
"229" 229 0.0342205323194 342 158 0 0 0 0 0 0 0 0 0 0 0 0 0 0 0 0 0 0
"230" 230 0.0 479 21 0 0 0 0 0 0 0 0 0 0 0 0 0 0 0 0 0 0
"231" 231 0.0 500 0 0 0 0 0 0 0 0 0 0 0 0 0 0 0 0 0 0 0
"232" 232 0.00632911392405 500 0 0 0 0 0 0 0 0 0 0 0 0 0 0 0 0 0 0 0
"233" 233 0.0116279069767 446 45 9 0 0 0 0 0 0 0 0 0 0 0 0 0 0 0 0 0
"234" 234 0.0143540669856 500 0 0 0 0 0 0 0 0 0 0 0 0 0 0 0 0 0 0 0
"235" 235 0.0188679245283 495 5 0 0 0 0 0 0 0 0 0 0 0 0 0 0 0 0 0 0
"236" 236 0.218390804598 408 43 33 11 3 1 1 0 0 0 0 0 0 0 0 0 0 0 0 0
"237" 237 0.0547263681592 497 3 0 0 0 0 0 0 0 0 0 0 0 0 0 0 0 0 0 0
"238" 238 0.304635761589 378 33 27 18 17 11 5 4 3 2 1 1 0 0 0 0 0 0 0 0
"239" 239 0.519230769231 493 7 0 0 0 0 0 0 0 0 0 0 0 0 0 0 0 0 0 0
"240" 240 0.314465408805 90 82 80 54 51 28 28 21 20 16 10 10 6 2 1 1 0 0 0 0
"241" 241 0.0 497 2 1 0 0 0 0 0 0 0 0 0 0 0 0 0 0 0 0 0
"242" 242 0.0172413793103 499 1 0 0 0 0 0 0 0 0 0 0 0 0 0 0 0 0 0 0
"243" 243 0.388392857143 158 60 53 42 36 31 27 22 19 18 17 6 4 3 3 1 0 0 0 0
"244" 244 0.386861313869 157 131 88 49 30 27 5 4 3 3 2 1 0 0 0 0 0 0 0 0
"245" 245 0.0152284263959 484 11 4 1 0 0 0 0 0 0 0 0 0 0 0 0 0 0 0 0
"246" 246 0.169230769231 500 0 0 0 0 0 0 0 0 0 0 0 0 0 0 0 0 0 0 0
"247" 247 0.707692307692 121 72 68 66 56 37 26 20 16 16 1 1 0 0 0 0 0 0 0 0
"248" 248 0.0662251655629 500 0 0 0 0 0 0 0 0 0 0 0 0 0 0 0 0 0 0 0
"249" 249 0.273255813953 193 67 54 43 35 21 16 16 14 13 9 8 5 3 2 1 0 0 0 0
"250" 250 0.010152284264 461 31 7 1 0 0 0 0 0 0 0 0 0 0 0 0 0 0 0 0
"251" 251 0.476793248945 268 130 49 34 8 5 3 2 1 0 0 0 0 0 0 0 0 0 0 0
"252" 252 0.147321428571 427 62 7 2 1 1 0 0 0 0 0 0 0 0 0 0 0 0 0 0
"253" 253 0.0 500 0 0 0 0 0 0 0 0 0 0 0 0 0 0 0 0 0 0 0
"254" 254 0.0 500 0 0 0 0 0 0 0 0 0 0 0 0 0 0 0 0 0 0 0
"255" 255 0.00574712643678 461 39 0 0 0 0 0 0 0 0 0 0 0 0 0 0 0 0 0 0
"256" 256 0.00581395348837 485 15 0 0 0 0 0 0 0 0 0 0 0 0 0 0 0 0 0 0
"257" 257 0.107692307692 418 77 2 2 1 0 0 0 0 0 0 0 0 0 0 0 0 0 0 0
"258" 258 0.0 457 42 1 0 0 0 0 0 0 0 0 0 0 0 0 0 0 0 0 0
"259" 259 0.0558375634518 500 0 0 0 0 0 0 0 0 0 0 0 0 0 0 0 0 0 0 0
"260" 260 0.261603375527 314 66 33 31 13 12 12 10 7 1 1 0 0 0 0 0 0 0 0 0
"261" 261 0.199004975124 109 68 59 55 49 43 33 27 21 12 7 6 4 3 2 1 1 0 0 0
"262" 262 0.245283018868 188 133 52 42 40 19 8 4 4 3 2 2 1 1 1 0 0 0 0 0
"263" 263 0.732142857143 320 52 22 20 19 15 13 11 11 6 5 3 2 1 0 0 0 0 0 0
"264" 264 0.6875 105 86 85 78 38 25 23 19 18 8 5 4 3 2 1 0 0 0 0 0
"265" 265 0.270042194093 293 78 35 27 19 18 9 8 7 4 1 1 0 0 0 0 0 0 0 0
"266" 266 0.658227848101 87 45 45 41 40 36 36 36 32 24 17 16 11 10 9 8 4 3 0 0
"267" 267 0.0355329949239 498 2 0 0 0 0 0 0 0 0 0 0 0 0 0 0 0 0 0 0
"268" 268 0.575892857143 64 63 62 60 43 41 39 37 31 17 15 9 8 5 4 2 0 0 0 0
"269" 269 0.302919708029 420 26 21 10 9 7 4 2 1 0 0 0 0 0 0 0 0 0 0 0
"270" 270 0.255230125523 467 17 12 4 0 0 0 0 0 0 0 0 0 0 0 0 0 0 0 0
"271" 271 0.413502109705 226 132 73 18 18 15 8 5 5 0 0 0 0 0 0 0 0 0 0 0
"272" 272 0.291479820628 318 129 24 10 6 6 4 2 1 0 0 0 0 0 0 0 0 0 0 0
"273" 273 0.114427860697 497 3 0 0 0 0 0 0 0 0 0 0 0 0 0 0 0 0 0 0
"274" 274 0.278145695364 470 18 6 4 1 1 0 0 0 0 0 0 0 0 0 0 0 0 0 0
"275" 275 0.00574712643678 484 12 3 1 0 0 0 0 0 0 0 0 0 0 0 0 0 0 0 0
"276" 276 0.0 452 48 0 0 0 0 0 0 0 0 0 0 0 0 0 0 0 0 0 0
"277" 277 0.440251572327 454 11 7 7 4 3 3 3 2 2 2 1 1 0 0 0 0 0 0 0
"278" 278 0.179104477612 310 170 9 3 3 2 1 1 1 0 0 0 0 0 0 0 0 0 0 0
"279" 279 0.00497512437811 500 0 0 0 0 0 0 0 0 0 0 0 0 0 0 0 0 0 0 0
"280" 280 0.0 500 0 0 0 0 0 0 0 0 0 0 0 0 0 0 0 0 0 0 0
"281" 281 0.290178571429 418 37 12 9 8 5 4 4 1 1 1 0 0 0 0 0 0 0 0 0
"282" 282 0.0077519379845 499 1 0 0 0 0 0 0 0 0 0 0 0 0 0 0 0 0 0 0
"283" 283 0.0 497 3 0 0 0 0 0 0 0 0 0 0 0 0 0 0 0 0 0 0
"284" 284 0.223350253807 280 189 8 5 5 5 4 3 1 0 0 0 0 0 0 0 0 0 0 0
"285" 285 0.164233576642 413 51 12 8 5 2 2 2 1 1 1 1 1 0 0 0 0 0 0 0
"286" 286 0.0919540229885 404 23 14 12 11 11 11 5 4 2 1 1 1 0 0 0 0 0 0 0
"287" 287 0.22009569378 345 84 63 7 1 0 0 0 0 0 0 0 0 0 0 0 0 0 0 0
"288" 288 0.473214285714 136 135 114 25 23 17 16 13 10 4 4 3 0 0 0 0 0 0 0 0
"289" 289 0.798206278027 256 133 29 20 19 15 13 10 3 1 1 0 0 0 0 0 0 0 0 0
"290" 290 0.340807174888 432 38 26 3 1 0 0 0 0 0 0 0 0 0 0 0 0 0 0 0
"291" 291 0.437086092715 319 54 44 26 11 11 11 9 8 6 1 0 0 0 0 0 0 0 0 0
"292" 292 0.114942528736 323 157 8 4 4 2 1 1 0 0 0 0 0 0 0 0 0 0 0 0
"293" 293 0.516556291391 177 70 54 41 40 25 24 23 14 13 8 5 3 2 1 0 0 0 0 0
"294" 294 0.631178707224 328 82 38 13 12 11 7 4 2 1 1 1 0 0 0 0 0 0 0 0
"295" 295 0.199004975124 494 2 2 1 1 0 0 0 0 0 0 0 0 0 0 0 0 0 0 0
"296" 296 0.573221757322 494 2 2 1 1 0 0 0 0 0 0 0 0 0 0 0 0 0 0 0
