"site" "RSA" "aa1" "aa2" "aa3" "aa4" "aa5" "aa6" "aa7" "aa8" "aa9" "aa10" "aa11" "aa12" "aa13" "aa14" "aa15" "aa16" "aa17" "aa18" "aa19" "aa20"
"0" 0 1.17054263566 15 7 1 0 0 0 0 0 0 0 0 0 0 0 0 0 0 0 0 0
"1" 1 0.273722627737 45 1 0 0 0 0 0 0 0 0 0 0 0 0 0 0 0 0 0 0
"2" 2 0.395348837209 29 7 5 3 2 0 0 0 0 0 0 0 0 0 0 0 0 0 0 0
"3" 3 0.0794979079498 38 5 2 2 2 1 1 0 0 0 0 0 0 0 0 0 0 0 0 0
"4" 4 0.0 31 7 6 4 3 2 0 0 0 0 0 0 0 0 0 0 0 0 0 0
"5" 5 0.0 48 5 0 0 0 0 0 0 0 0 0 0 0 0 0 0 0 0 0 0
"6" 6 0.0 46 6 2 0 0 0 0 0 0 0 0 0 0 0 0 0 0 0 0 0
"7" 7 0.0 53 1 0 0 0 0 0 0 0 0 0 0 0 0 0 0 0 0 0 0
"8" 8 0.0205128205128 55 0 0 0 0 0 0 0 0 0 0 0 0 0 0 0 0 0 0 0
"9" 9 0.00418410041841 46 9 0 0 0 0 0 0 0 0 0 0 0 0 0 0 0 0 0 0
"10" 10 0.253164556962 55 0 0 0 0 0 0 0 0 0 0 0 0 0 0 0 0 0 0 0
"11" 11 0.805970149254 26 26 3 0 0 0 0 0 0 0 0 0 0 0 0 0 0 0 0 0
"12" 12 0.389743589744 53 1 1 0 0 0 0 0 0 0 0 0 0 0 0 0 0 0 0 0
"13" 13 0.317307692308 48 2 2 1 1 1 0 0 0 0 0 0 0 0 0 0 0 0 0 0
"14" 14 0.264900662252 26 14 10 5 1 1 0 0 0 0 0 0 0 0 0 0 0 0 0 0
"15" 15 0.540084388186 23 7 7 5 3 3 3 3 2 1 0 0 0 0 0 0 0 0 0 0
"16" 16 0.708520179372 14 14 9 7 4 3 2 2 1 1 0 0 0 0 0 0 0 0 0 0
"17" 17 0.218543046358 29 9 7 3 2 2 2 1 1 1 0 0 0 0 0 0 0 0 0 0
"18" 18 0.0 22 17 7 4 3 1 1 1 1 0 0 0 0 0 0 0 0 0 0 0
"19" 19 0.379746835443 16 6 6 5 5 4 4 3 2 2 1 1 1 1 0 0 0 0 0 0
"20" 20 0.491071428571 16 12 9 6 6 4 1 1 1 1 1 0 0 0 0 0 0 0 0 0
"21" 21 0.0304568527919 33 24 1 0 0 0 0 0 0 0 0 0 0 0 0 0 0 0 0 0
"22" 22 0.0 28 18 6 2 1 1 1 1 0 0 0 0 0 0 0 0 0 0 0 0
"23" 23 0.285714285714 13 9 6 6 5 5 5 4 4 1 0 0 0 0 0 0 0 0 0 0
"24" 24 0.222627737226 10 7 6 6 5 4 4 3 3 3 3 2 1 1 0 0 0 0 0 0
"25" 25 0.0149253731343 51 3 2 2 0 0 0 0 0 0 0 0 0 0 0 0 0 0 0 0
"26" 26 0.138461538462 38 6 5 2 2 2 1 1 1 0 0 0 0 0 0 0 0 0 0 0
"27" 27 0.645348837209 11 11 9 7 6 4 4 3 2 1 0 0 0 0 0 0 0 0 0 0
"28" 28 0.124031007752 33 11 5 3 2 1 1 0 0 0 0 0 0 0 0 0 0 0 0 0
"29" 29 0.682119205298 10 8 6 6 6 5 5 3 2 2 1 1 1 1 0 0 0 0 0 0
"30" 30 0.0862944162437 24 13 9 2 2 2 1 1 1 1 1 0 0 0 0 0 0 0 0 0
"31" 31 0.125786163522 18 17 5 4 4 3 2 1 1 0 0 0 0 0 0 0 0 0 0 0
"32" 32 0.65625 15 10 8 7 5 3 2 2 2 1 1 1 1 0 0 0 0 0 0 0
"33" 33 0.553846153846 20 11 6 5 4 4 4 1 1 1 1 0 0 0 0 0 0 0 0 0
"34" 34 0.0459770114943 34 11 5 4 1 1 1 0 0 0 0 0 0 0 0 0 0 0 0 0
"35" 35 0.241071428571 41 12 2 1 1 0 0 0 0 0 0 0 0 0 0 0 0 0 0 0
"36" 36 0.0 52 2 2 1 0 0 0 0 0 0 0 0 0 0 0 0 0 0 0 0
"37" 37 0.0 48 4 3 1 1 0 0 0 0 0 0 0 0 0 0 0 0 0 0 0
"38" 38 0.0 34 17 4 2 0 0 0 0 0 0 0 0 0 0 0 0 0 0 0 0
"39" 39 0.0 36 10 7 4 0 0 0 0 0 0 0 0 0 0 0 0 0 0 0 0
"40" 40 0.0 44 4 4 2 1 1 1 0 0 0 0 0 0 0 0 0 0 0 0 0
"41" 41 0.106918238994 46 5 2 2 1 1 0 0 0 0 0 0 0 0 0 0 0 0 0 0
"42" 42 0.356589147287 19 17 10 3 3 2 1 1 1 0 0 0 0 0 0 0 0 0 0 0
"43" 43 0.697674418605 19 13 12 7 3 2 1 0 0 0 0 0 0 0 0 0 0 0 0 0
"44" 44 0.186311787072 36 10 8 1 1 1 0 0 0 0 0 0 0 0 0 0 0 0 0 0
"45" 45 0.0547263681592 34 16 3 3 1 0 0 0 0 0 0 0 0 0 0 0 0 0 0 0
"46" 46 0.528497409326 14 12 8 6 3 2 2 2 2 2 1 1 1 0 0 0 0 0 0 0
"47" 47 0.216730038023 13 8 8 4 3 3 3 3 2 2 2 2 1 1 1 1 0 0 0 0
"48" 48 0.0 30 17 5 3 1 1 0 0 0 0 0 0 0 0 0 0 0 0 0 0
"49" 49 0.247126436782 18 13 8 7 3 2 1 1 1 1 1 1 0 0 0 0 0 0 0 0
"50" 50 0.53642384106 11 9 8 5 5 5 4 3 2 2 1 1 0 0 0 0 0 0 0 0
"51" 51 0.0796019900498 13 7 7 5 5 4 3 2 2 2 2 2 1 1 0 0 0 0 0 0
"52" 52 0.155172413793 32 8 6 3 3 2 1 0 0 0 0 0 0 0 0 0 0 0 0 0
"53" 53 0.53164556962 8 8 7 3 3 3 2 2 2 2 0 0 0 0 0 0 0 0 0 0
"54" 54 0.189873417722 12 9 7 3 3 2 2 2 1 1 0 0 0 0 0 0 0 0 0 0
"55" 55 0.77358490566 13 10 9 6 6 2 2 2 1 1 0 0 0 0 0 0 0 0 0 0
"56" 56 0.152466367713 10 10 7 6 5 4 4 4 3 2 1 1 0 0 0 0 0 0 0 0
"57" 57 0.0632183908046 27 17 7 4 1 1 0 0 0 0 0 0 0 0 0 0 0 0 0 0
"58" 58 0.186046511628 10 10 9 7 5 3 3 3 2 2 2 1 0 0 0 0 0 0 0 0
"59" 59 0.0287356321839 42 8 7 1 0 0 0 0 0 0 0 0 0 0 0 0 0 0 0 0
"60" 60 0.0 29 22 7 0 0 0 0 0 0 0 0 0 0 0 0 0 0 0 0 0
"61" 61 0.015503875969 46 6 2 2 1 1 0 0 0 0 0 0 0 0 0 0 0 0 0 0
"62" 62 0.206278026906 56 2 0 0 0 0 0 0 0 0 0 0 0 0 0 0 0 0 0 0
"63" 63 0.0666666666667 51 6 0 0 0 0 0 0 0 0 0 0 0 0 0 0 0 0 0 0
"64" 64 0.015503875969 28 13 7 4 2 1 1 1 0 0 0 0 0 0 0 0 0 0 0 0
"65" 65 0.197718631179 20 18 8 3 2 2 2 2 0 0 0 0 0 0 0 0 0 0 0 0
"66" 66 0.134328358209 16 12 6 5 4 3 2 2 2 2 2 1 0 0 0 0 0 0 0 0
"67" 67 0.459915611814 16 12 6 5 4 4 3 2 2 1 1 1 0 0 0 0 0 0 0 0
"68" 68 0.147286821705 11 11 11 10 4 2 2 2 1 0 0 0 0 0 0 0 0 0 0 0
"69" 69 0.596026490066 14 12 11 11 2 2 1 1 1 1 1 1 0 0 0 0 0 0 0 0
"70" 70 0.605769230769 57 1 0 0 0 0 0 0 0 0 0 0 0 0 0 0 0 0 0 0
"71" 71 0.736434108527 58 0 0 0 0 0 0 0 0 0 0 0 0 0 0 0 0 0 0 0
"72" 72 0.322175732218 42 13 1 1 1 0 0 0 0 0 0 0 0 0 0 0 0 0 0 0
"73" 73 0.895348837209 57 1 0 0 0 0 0 0 0 0 0 0 0 0 0 0 0 0 0 0
"74" 74 0.673076923077 58 0 0 0 0 0 0 0 0 0 0 0 0 0 0 0 0 0 0 0
"75" 75 0.330357142857 56 1 1 0 0 0 0 0 0 0 0 0 0 0 0 0 0 0 0 0
"76" 76 0.297435897436 28 17 6 4 2 1 0 0 0 0 0 0 0 0 0 0 0 0 0 0
"77" 77 0.0529801324503 55 2 1 0 0 0 0 0 0 0 0 0 0 0 0 0 0 0 0 0
"78" 78 0.0 21 18 13 2 1 1 1 1 0 0 0 0 0 0 0 0 0 0 0 0
"79" 79 0.331606217617 23 16 5 4 4 2 1 1 1 1 0 0 0 0 0 0 0 0 0 0
"80" 80 0.511210762332 38 16 2 1 1 0 0 0 0 0 0 0 0 0 0 0 0 0 0 0
"81" 81 0.0152284263959 38 17 2 1 0 0 0 0 0 0 0 0 0 0 0 0 0 0 0 0
"82" 82 0.405063291139 34 9 4 4 2 2 1 1 1 0 0 0 0 0 0 0 0 0 0 0
"83" 83 0.689119170984 51 5 1 1 0 0 0 0 0 0 0 0 0 0 0 0 0 0 0 0
"84" 84 0.195402298851 16 9 7 7 7 3 3 2 1 1 1 1 0 0 0 0 0 0 0 0
"85" 85 0.211538461538 48 1 1 1 1 1 1 1 1 1 1 0 0 0 0 0 0 0 0 0
"86" 86 0.0077519379845 15 15 12 7 6 1 1 0 0 0 0 0 0 0 0 0 0 0 0 0
"87" 87 0.455696202532 15 9 7 7 7 4 4 3 1 1 0 0 0 0 0 0 0 0 0 0
"88" 88 0.0780141843972 45 11 1 1 0 0 0 0 0 0 0 0 0 0 0 0 0 0 0 0
"89" 89 0.00574712643678 45 9 3 1 0 0 0 0 0 0 0 0 0 0 0 0 0 0 0 0
"90" 90 0.010152284264 48 6 4 0 0 0 0 0 0 0 0 0 0 0 0 0 0 0 0 0
"91" 91 0.00995024875622 43 6 5 2 1 1 0 0 0 0 0 0 0 0 0 0 0 0 0 0
"92" 92 0.0 58 0 0 0 0 0 0 0 0 0 0 0 0 0 0 0 0 0 0 0
"93" 93 0.0526315789474 58 0 0 0 0 0 0 0 0 0 0 0 0 0 0 0 0 0 0 0
"94" 94 0.158940397351 58 0 0 0 0 0 0 0 0 0 0 0 0 0 0 0 0 0 0 0
"95" 95 0.303571428571 58 0 0 0 0 0 0 0 0 0 0 0 0 0 0 0 0 0 0 0
"96" 96 0.21897810219 58 0 0 0 0 0 0 0 0 0 0 0 0 0 0 0 0 0 0 0
"97" 97 0.14598540146 58 0 0 0 0 0 0 0 0 0 0 0 0 0 0 0 0 0 0 0
"98" 98 0.470198675497 10 10 8 8 6 6 4 2 1 1 1 1 0 0 0 0 0 0 0 0
"99" 99 0.642585551331 16 14 12 10 3 2 0 0 0 0 0 0 0 0 0 0 0 0 0 0
"100" 100 0.485355648536 26 10 7 5 3 2 1 1 0 0 0 0 0 0 0 0 0 0 0 0
"101" 101 0.736842105263 36 8 4 4 3 1 1 1 0 0 0 0 0 0 0 0 0 0 0 0
"102" 102 0.0625 58 0 0 0 0 0 0 0 0 0 0 0 0 0 0 0 0 0 0 0
"103" 103 0.476683937824 24 21 9 2 1 1 0 0 0 0 0 0 0 0 0 0 0 0 0 0
"104" 104 0.165803108808 36 17 4 1 0 0 0 0 0 0 0 0 0 0 0 0 0 0 0 0
"105" 105 0.409282700422 38 6 6 3 2 1 1 1 0 0 0 0 0 0 0 0 0 0 0 0
"106" 106 0.217573221757 19 17 6 5 3 2 2 2 1 1 0 0 0 0 0 0 0 0 0 0
"107" 107 0.00507614213198 32 22 1 1 1 1 0 0 0 0 0 0 0 0 0 0 0 0 0 0
"108" 108 0.0 37 17 2 1 1 0 0 0 0 0 0 0 0 0 0 0 0 0 0 0
"109" 109 0.243523316062 15 14 9 9 4 4 1 1 1 0 0 0 0 0 0 0 0 0 0 0
"110" 110 0.0126582278481 57 1 0 0 0 0 0 0 0 0 0 0 0 0 0 0 0 0 0 0
"111" 111 0.0 24 18 7 4 2 1 1 1 0 0 0 0 0 0 0 0 0 0 0 0
"112" 112 0.476793248945 23 17 3 3 3 2 2 2 1 1 1 0 0 0 0 0 0 0 0 0
"113" 113 0.205020920502 17 16 9 3 3 3 2 2 1 1 1 0 0 0 0 0 0 0 0 0
"114" 114 0.0232558139535 54 2 2 0 0 0 0 0 0 0 0 0 0 0 0 0 0 0 0 0
"115" 115 0.203980099502 41 7 4 2 2 1 1 0 0 0 0 0 0 0 0 0 0 0 0 0
"116" 116 0.538461538462 17 13 13 6 3 2 1 1 1 1 0 0 0 0 0 0 0 0 0 0
"117" 117 0.255605381166 11 11 7 7 6 4 4 3 2 1 1 1 0 0 0 0 0 0 0 0
"118" 118 0.615384615385 53 3 1 1 0 0 0 0 0 0 0 0 0 0 0 0 0 0 0 0
"119" 119 0.0172413793103 45 7 2 2 2 0 0 0 0 0 0 0 0 0 0 0 0 0 0 0
"120" 120 0.0769230769231 21 12 9 7 3 2 1 1 1 1 0 0 0 0 0 0 0 0 0 0
"121" 121 0.0 46 6 4 1 1 0 0 0 0 0 0 0 0 0 0 0 0 0 0 0
"122" 122 0.0 48 4 4 1 1 0 0 0 0 0 0 0 0 0 0 0 0 0 0 0
"123" 123 0.00497512437811 30 17 6 2 2 1 0 0 0 0 0 0 0 0 0 0 0 0 0 0
"124" 124 0.0 58 0 0 0 0 0 0 0 0 0 0 0 0 0 0 0 0 0 0 0
"125" 125 0.010152284264 36 18 3 1 0 0 0 0 0 0 0 0 0 0 0 0 0 0 0 0
"126" 126 0.0961538461538 58 0 0 0 0 0 0 0 0 0 0 0 0 0 0 0 0 0 0 0
"127" 127 0.00446428571429 58 0 0 0 0 0 0 0 0 0 0 0 0 0 0 0 0 0 0 0
"128" 128 0.209302325581 31 12 7 6 2 0 0 0 0 0 0 0 0 0 0 0 0 0 0 0
"129" 129 0.18407960199 51 4 3 0 0 0 0 0 0 0 0 0 0 0 0 0 0 0 0 0
"130" 130 0.571428571429 35 12 6 3 1 1 0 0 0 0 0 0 0 0 0 0 0 0 0 0
"131" 131 0.285714285714 41 13 2 1 1 0 0 0 0 0 0 0 0 0 0 0 0 0 0 0
"132" 132 0.26582278481 54 2 2 0 0 0 0 0 0 0 0 0 0 0 0 0 0 0 0 0
"133" 133 0.679324894515 49 4 2 2 1 0 0 0 0 0 0 0 0 0 0 0 0 0 0 0
"134" 134 0.511627906977 41 10 2 1 1 1 1 1 0 0 0 0 0 0 0 0 0 0 0 0
"135" 135 0.5 44 11 1 1 1 0 0 0 0 0 0 0 0 0 0 0 0 0 0 0
"136" 136 0.438818565401 22 7 5 5 4 4 3 3 2 1 1 1 0 0 0 0 0 0 0 0
"137" 137 0.145348837209 56 1 1 0 0 0 0 0 0 0 0 0 0 0 0 0 0 0 0 0
"138" 138 0.353233830846 15 12 8 4 4 3 3 2 2 2 1 1 1 0 0 0 0 0 0 0
"139" 139 0.440414507772 18 16 7 7 6 3 1 0 0 0 0 0 0 0 0 0 0 0 0 0
"140" 140 0.0344827586207 54 2 1 1 0 0 0 0 0 0 0 0 0 0 0 0 0 0 0 0
"141" 141 0.0229885057471 33 14 4 4 3 0 0 0 0 0 0 0 0 0 0 0 0 0 0 0
"142" 142 0.348214285714 14 13 7 5 4 3 3 2 2 1 1 1 1 1 0 0 0 0 0 0
"143" 143 0.408759124088 24 10 9 4 3 3 2 2 1 0 0 0 0 0 0 0 0 0 0 0
"144" 144 0.0403587443946 58 0 0 0 0 0 0 0 0 0 0 0 0 0 0 0 0 0 0 0
"145" 145 0.0 33 17 4 3 1 0 0 0 0 0 0 0 0 0 0 0 0 0 0 0
"146" 146 0.205128205128 24 8 7 6 5 3 1 1 1 1 1 0 0 0 0 0 0 0 0 0
"147" 147 0.15503875969 48 3 2 2 1 1 1 0 0 0 0 0 0 0 0 0 0 0 0 0
"148" 148 0.0172413793103 21 20 6 6 3 2 0 0 0 0 0 0 0 0 0 0 0 0 0 0
"149" 149 0.119402985075 35 8 4 2 2 2 2 1 1 1 0 0 0 0 0 0 0 0 0 0
"150" 150 0.602678571429 18 11 8 7 4 2 2 2 2 1 1 0 0 0 0 0 0 0 0 0
"151" 151 0.321428571429 18 9 8 5 4 4 2 2 2 1 1 1 1 0 0 0 0 0 0 0
"152" 152 0.0574712643678 23 20 11 2 1 1 0 0 0 0 0 0 0 0 0 0 0 0 0 0
"153" 153 0.831223628692 20 11 6 4 3 3 2 2 2 2 1 1 1 0 0 0 0 0 0 0
"154" 154 0.538860103627 35 5 4 4 3 3 1 1 1 1 0 0 0 0 0 0 0 0 0 0
"155" 155 0.0425531914894 50 4 1 1 1 0 0 0 0 0 0 0 0 0 0 0 0 0 0 0
"156" 156 0.575581395349 20 9 8 8 6 4 2 1 0 0 0 0 0 0 0 0 0 0 0 0
"157" 157 0.523076923077 22 19 5 3 3 2 1 1 1 1 0 0 0 0 0 0 0 0 0 0
"158" 158 0.0172413793103 35 15 3 2 1 1 1 0 0 0 0 0 0 0 0 0 0 0 0 0
"159" 159 0.0 56 1 1 0 0 0 0 0 0 0 0 0 0 0 0 0 0 0 0 0
"160" 160 0.0 35 13 10 0 0 0 0 0 0 0 0 0 0 0 0 0 0 0 0 0
"161" 161 0.0 58 0 0 0 0 0 0 0 0 0 0 0 0 0 0 0 0 0 0 0
"162" 162 0.00760456273764 58 0 0 0 0 0 0 0 0 0 0 0 0 0 0 0 0 0 0 0
"163" 163 0.0669642857143 58 0 0 0 0 0 0 0 0 0 0 0 0 0 0 0 0 0 0 0
"164" 164 0.0062893081761 58 0 0 0 0 0 0 0 0 0 0 0 0 0 0 0 0 0 0 0
"165" 165 0.241379310345 52 6 0 0 0 0 0 0 0 0 0 0 0 0 0 0 0 0 0 0
"166" 166 0.031914893617 58 0 0 0 0 0 0 0 0 0 0 0 0 0 0 0 0 0 0 0
"167" 167 0.131782945736 57 1 0 0 0 0 0 0 0 0 0 0 0 0 0 0 0 0 0 0
"168" 168 0.46192893401 58 0 0 0 0 0 0 0 0 0 0 0 0 0 0 0 0 0 0 0
"169" 169 0.865384615385 58 0 0 0 0 0 0 0 0 0 0 0 0 0 0 0 0 0 0 0
"170" 170 0.302325581395 58 0 0 0 0 0 0 0 0 0 0 0 0 0 0 0 0 0 0 0
"171" 171 0.75 58 0 0 0 0 0 0 0 0 0 0 0 0 0 0 0 0 0 0 0
"172" 172 0.442786069652 42 8 6 1 1 0 0 0 0 0 0 0 0 0 0 0 0 0 0 0
"173" 173 0.627906976744 25 25 3 3 1 0 0 0 0 0 0 0 0 0 0 0 0 0 0 0
"174" 174 0.193798449612 57 1 0 0 0 0 0 0 0 0 0 0 0 0 0 0 0 0 0 0
"175" 175 0.296511627907 43 13 1 1 0 0 0 0 0 0 0 0 0 0 0 0 0 0 0 0
"176" 176 0.100628930818 47 6 3 1 1 0 0 0 0 0 0 0 0 0 0 0 0 0 0 0
"177" 177 0.517857142857 29 11 11 6 1 0 0 0 0 0 0 0 0 0 0 0 0 0 0 0
"178" 178 0.243523316062 52 4 1 1 0 0 0 0 0 0 0 0 0 0 0 0 0 0 0 0
"179" 179 0.0077519379845 56 2 0 0 0 0 0 0 0 0 0 0 0 0 0 0 0 0 0 0
"180" 180 0.192825112108 54 3 0 0 0 0 0 0 0 0 0 0 0 0 0 0 0 0 0 0
"181" 181 0.502590673575 47 8 3 0 0 0 0 0 0 0 0 0 0 0 0 0 0 0 0 0
"182" 182 0.0659898477157 47 5 3 3 0 0 0 0 0 0 0 0 0 0 0 0 0 0 0 0
"183" 183 0.0 57 1 0 0 0 0 0 0 0 0 0 0 0 0 0 0 0 0 0 0
"184" 184 0.271317829457 25 8 7 3 2 2 2 2 2 2 1 1 1 0 0 0 0 0 0 0
"185" 185 0.291390728477 11 8 7 6 5 4 3 3 3 2 2 2 1 1 0 0 0 0 0 0
"186" 186 0.00507614213198 32 19 6 1 0 0 0 0 0 0 0 0 0 0 0 0 0 0 0 0
"187" 187 0.0693430656934 58 0 0 0 0 0 0 0 0 0 0 0 0 0 0 0 0 0 0 0
"188" 188 0.675105485232 19 8 6 6 5 4 4 4 1 1 0 0 0 0 0 0 0 0 0 0
"189" 189 0.117154811715 40 7 4 3 1 1 1 1 0 0 0 0 0 0 0 0 0 0 0 0
"190" 190 0.0 41 7 5 2 2 1 0 0 0 0 0 0 0 0 0 0 0 0 0 0
"191" 191 0.232558139535 21 15 9 3 2 2 1 1 1 1 1 1 0 0 0 0 0 0 0 0
"192" 192 0.549668874172 17 12 7 6 5 3 3 1 1 1 1 1 0 0 0 0 0 0 0 0
"193" 193 0.46835443038 27 16 2 2 1 1 1 1 0 0 0 0 0 0 0 0 0 0 0 0
"194" 194 0.208955223881 35 10 4 3 2 1 1 1 1 0 0 0 0 0 0 0 0 0 0 0
"195" 195 0.278846153846 40 9 6 2 1 0 0 0 0 0 0 0 0 0 0 0 0 0 0 0
"196" 196 0.60621761658 16 15 10 5 3 3 2 2 1 1 0 0 0 0 0 0 0 0 0 0
"197" 197 0.535864978903 15 13 13 5 4 4 3 1 0 0 0 0 0 0 0 0 0 0 0 0
"198" 198 0.31007751938 46 6 2 1 1 1 1 0 0 0 0 0 0 0 0 0 0 0 0 0
"199" 199 0.0077519379845 51 5 1 1 0 0 0 0 0 0 0 0 0 0 0 0 0 0 0 0
"200" 200 0.225165562914 16 10 8 8 6 3 3 2 1 1 0 0 0 0 0 0 0 0 0 0
"201" 201 0.540178571429 16 11 10 5 4 3 2 2 1 1 1 1 0 0 0 0 0 0 0 0
"202" 202 0.0398009950249 30 11 9 6 2 0 0 0 0 0 0 0 0 0 0 0 0 0 0 0
"203" 203 0.105839416058 54 2 1 1 0 0 0 0 0 0 0 0 0 0 0 0 0 0 0 0
"204" 204 0.0 53 5 0 0 0 0 0 0 0 0 0 0 0 0 0 0 0 0 0 0
"205" 205 0.0 25 16 14 2 1 0 0 0 0 0 0 0 0 0 0 0 0 0 0 0
"206" 206 0.0342205323194 58 0 0 0 0 0 0 0 0 0 0 0 0 0 0 0 0 0 0 0
"207" 207 0.125 58 0 0 0 0 0 0 0 0 0 0 0 0 0 0 0 0 0 0 0
"208" 208 0.0865384615385 58 0 0 0 0 0 0 0 0 0 0 0 0 0 0 0 0 0 0 0
"209" 209 0.549668874172 58 0 0 0 0 0 0 0 0 0 0 0 0 0 0 0 0 0 0 0
"210" 210 0.046511627907 51 5 2 0 0 0 0 0 0 0 0 0 0 0 0 0 0 0 0 0
"211" 211 0.241025641026 25 23 5 3 1 1 0 0 0 0 0 0 0 0 0 0 0 0 0 0
"212" 212 0.201923076923 29 21 4 2 1 1 0 0 0 0 0 0 0 0 0 0 0 0 0 0
"213" 213 0.708609271523 24 11 9 6 5 1 1 1 0 0 0 0 0 0 0 0 0 0 0 0
"214" 214 0.2 52 4 2 0 0 0 0 0 0 0 0 0 0 0 0 0 0 0 0 0
"215" 215 0.0077519379845 30 24 4 0 0 0 0 0 0 0 0 0 0 0 0 0 0 0 0 0
"216" 216 0.379310344828 22 15 4 3 3 3 2 2 2 1 1 0 0 0 0 0 0 0 0 0
"217" 217 0.354651162791 43 6 5 2 1 1 0 0 0 0 0 0 0 0 0 0 0 0 0 0
"218" 218 0.0167364016736 53 3 1 1 0 0 0 0 0 0 0 0 0 0 0 0 0 0 0 0
"219" 219 0.345991561181 32 6 5 5 3 3 2 2 0 0 0 0 0 0 0 0 0 0 0 0
"220" 220 0.699481865285 16 13 8 7 3 3 2 2 1 1 1 1 0 0 0 0 0 0 0 0
"221" 221 0.160337552743 23 19 4 3 3 3 2 1 0 0 0 0 0 0 0 0 0 0 0 0
"222" 222 0.573643410853 29 10 8 5 2 1 1 1 1 0 0 0 0 0 0 0 0 0 0 0
"223" 223 0.145077720207 57 1 0 0 0 0 0 0 0 0 0 0 0 0 0 0 0 0 0 0
"224" 224 0.00574712643678 29 27 2 0 0 0 0 0 0 0 0 0 0 0 0 0 0 0 0 0
"225" 225 0.0414507772021 56 2 0 0 0 0 0 0 0 0 0 0 0 0 0 0 0 0 0 0
"226" 226 0.0 58 0 0 0 0 0 0 0 0 0 0 0 0 0 0 0 0 0 0 0
"227" 227 0.0 51 4 3 0 0 0 0 0 0 0 0 0 0 0 0 0 0 0 0 0
"228" 228 0.0398009950249 58 0 0 0 0 0 0 0 0 0 0 0 0 0 0 0 0 0 0 0
"229" 229 0.0114942528736 55 3 0 0 0 0 0 0 0 0 0 0 0 0 0 0 0 0 0 0
"230" 230 0.173076923077 58 0 0 0 0 0 0 0 0 0 0 0 0 0 0 0 0 0 0 0
"231" 231 0.5 58 0 0 0 0 0 0 0 0 0 0 0 0 0 0 0 0 0 0 0
"232" 232 0.0697674418605 58 0 0 0 0 0 0 0 0 0 0 0 0 0 0 0 0 0 0 0
"233" 233 0.0 56 2 0 0 0 0 0 0 0 0 0 0 0 0 0 0 0 0 0 0
"234" 234 0.243781094527 58 0 0 0 0 0 0 0 0 0 0 0 0 0 0 0 0 0 0 0
"235" 235 0.434599156118 52 2 2 1 1 0 0 0 0 0 0 0 0 0 0 0 0 0 0 0
"236" 236 0.48427672956 44 7 2 1 1 1 1 0 0 0 0 0 0 0 0 0 0 0 0 0
"237" 237 0.191964285714 34 15 5 1 1 1 0 0 0 0 0 0 0 0 0 0 0 0 0 0
"238" 238 0.0167364016736 56 0 0 0 0 0 0 0 0 0 0 0 0 0 0 0 0 0 0 0
"239" 239 0.149425287356 26 10 9 6 2 1 1 1 0 0 0 0 0 0 0 0 0 0 0 0
"240" 240 0.492227979275 25 7 7 4 3 3 3 2 2 0 0 0 0 0 0 0 0 0 0 0
"241" 241 0.0 51 2 1 1 0 0 0 0 0 0 0 0 0 0 0 0 0 0 0 0
"242" 242 0.00507614213198 35 12 6 1 0 0 0 0 0 0 0 0 0 0 0 0 0 0 0 0
"243" 243 0.235897435897 35 8 4 2 2 1 1 1 0 0 0 0 0 0 0 0 0 0 0 0
"244" 244 0.0927152317881 32 16 2 1 0 0 0 0 0 0 0 0 0 0 0 0 0 0 0 0
"245" 245 0.273722627737 13 6 2 1 1 1 0 0 0 0 0 0 0 0 0 0 0 0 0 0
"246" 246 0.907692307692 7 6 2 1 0 0 0 0 0 0 0 0 0 0 0 0 0 0 0 0
