"site" "RSA" "aa1" "aa2" "aa3" "aa4" "aa5" "aa6" "aa7" "aa8" "aa9" "aa10" "aa11" "aa12" "aa13" "aa14" "aa15" "aa16" "aa17" "aa18" "aa19" "aa20"
"0" 0 0.720207253886 485 10 5 0 0 0 0 0 0 0 0 0 0 0 0 0 0 0 0 0
"1" 1 0.600896860987 325 149 19 7 0 0 0 0 0 0 0 0 0 0 0 0 0 0 0 0
"2" 2 0.627906976744 446 25 19 10 0 0 0 0 0 0 0 0 0 0 0 0 0 0 0 0
"3" 3 0.562189054726 414 75 11 0 0 0 0 0 0 0 0 0 0 0 0 0 0 0 0 0
"4" 4 0.291390728477 400 94 6 0 0 0 0 0 0 0 0 0 0 0 0 0 0 0 0 0
"5" 5 0.389121338912 495 2 2 1 0 0 0 0 0 0 0 0 0 0 0 0 0 0 0 0
"6" 6 0.393034825871 274 83 73 69 1 0 0 0 0 0 0 0 0 0 0 0 0 0 0 0
"7" 7 0.548523206751 216 181 78 25 0 0 0 0 0 0 0 0 0 0 0 0 0 0 0 0
"8" 8 0.569948186528 255 129 40 37 15 13 11 0 0 0 0 0 0 0 0 0 0 0 0 0
"9" 9 0.175732217573 478 16 5 1 0 0 0 0 0 0 0 0 0 0 0 0 0 0 0 0
"10" 10 0.407960199005 209 136 76 73 5 1 0 0 0 0 0 0 0 0 0 0 0 0 0 0
"11" 11 0.410852713178 341 124 19 16 0 0 0 0 0 0 0 0 0 0 0 0 0 0 0 0
"12" 12 0.240384615385 294 142 41 15 5 1 1 1 0 0 0 0 0 0 0 0 0 0 0 0
"13" 13 0.00961538461538 280 60 33 33 31 26 16 11 6 3 1 0 0 0 0 0 0 0 0 0
"14" 14 0.373563218391 382 118 0 0 0 0 0 0 0 0 0 0 0 0 0 0 0 0 0 0
"15" 15 0.124031007752 241 164 37 29 11 11 6 1 0 0 0 0 0 0 0 0 0 0 0 0
"16" 16 0.15503875969 139 134 84 35 26 23 22 12 9 7 5 4 0 0 0 0 0 0 0 0
"17" 17 0.170542635659 195 186 108 6 5 0 0 0 0 0 0 0 0 0 0 0 0 0 0 0
"18" 18 0.340101522843 230 138 105 11 4 4 4 2 2 0 0 0 0 0 0 0 0 0 0 0
"19" 19 0.0596026490066 498 2 0 0 0 0 0 0 0 0 0 0 0 0 0 0 0 0 0 0
"20" 20 0.236286919831 250 179 52 17 1 1 0 0 0 0 0 0 0 0 0 0 0 0 0 0
"21" 21 0.267441860465 240 150 107 2 1 0 0 0 0 0 0 0 0 0 0 0 0 0 0 0
"22" 22 0.395348837209 384 46 43 8 7 4 4 3 1 0 0 0 0 0 0 0 0 0 0 0
"23" 23 0.0862068965517 360 116 12 6 6 0 0 0 0 0 0 0 0 0 0 0 0 0 0 0
"24" 24 0.0 499 1 0 0 0 0 0 0 0 0 0 0 0 0 0 0 0 0 0 0
"25" 25 0.169811320755 500 0 0 0 0 0 0 0 0 0 0 0 0 0 0 0 0 0 0 0
"26" 26 0.182741116751 295 196 6 2 1 0 0 0 0 0 0 0 0 0 0 0 0 0 0 0
"27" 27 0.116071428571 188 103 98 70 17 15 7 2 0 0 0 0 0 0 0 0 0 0 0 0
"28" 28 0.014598540146 220 87 82 29 22 21 14 13 6 6 0 0 0 0 0 0 0 0 0 0
"29" 29 0.0114942528736 500 0 0 0 0 0 0 0 0 0 0 0 0 0 0 0 0 0 0 0
"30" 30 0.0168776371308 246 243 10 1 0 0 0 0 0 0 0 0 0 0 0 0 0 0 0 0
"31" 31 0.0 292 180 17 4 2 2 2 1 0 0 0 0 0 0 0 0 0 0 0 0
"32" 32 0.00995024875622 116 108 85 64 54 39 17 9 4 4 0 0 0 0 0 0 0 0 0 0
"33" 33 0.089552238806 491 9 0 0 0 0 0 0 0 0 0 0 0 0 0 0 0 0 0 0
"34" 34 0.0 361 100 32 7 0 0 0 0 0 0 0 0 0 0 0 0 0 0 0 0
"35" 35 0.00574712643678 488 4 4 2 2 0 0 0 0 0 0 0 0 0 0 0 0 0 0 0
"36" 36 0.0493273542601 500 0 0 0 0 0 0 0 0 0 0 0 0 0 0 0 0 0 0 0
"37" 37 0.267942583732 492 3 3 1 1 0 0 0 0 0 0 0 0 0 0 0 0 0 0 0
"38" 38 0.0077519379845 215 97 74 54 39 8 8 3 1 1 0 0 0 0 0 0 0 0 0 0
"39" 39 0.0794701986755 500 0 0 0 0 0 0 0 0 0 0 0 0 0 0 0 0 0 0 0
"40" 40 0.548523206751 278 158 63 1 0 0 0 0 0 0 0 0 0 0 0 0 0 0 0 0
"41" 41 0.291479820628 244 171 79 5 1 0 0 0 0 0 0 0 0 0 0 0 0 0 0 0
"42" 42 0.0862944162437 430 60 6 3 1 0 0 0 0 0 0 0 0 0 0 0 0 0 0 0
"43" 43 0.311258278146 282 131 87 0 0 0 0 0 0 0 0 0 0 0 0 0 0 0 0 0
"44" 44 0.53488372093 413 60 25 2 0 0 0 0 0 0 0 0 0 0 0 0 0 0 0 0
"45" 45 0.714285714286 500 0 0 0 0 0 0 0 0 0 0 0 0 0 0 0 0 0 0 0
"46" 46 0.53164556962 282 215 3 0 0 0 0 0 0 0 0 0 0 0 0 0 0 0 0 0
"47" 47 0.219730941704 496 4 0 0 0 0 0 0 0 0 0 0 0 0 0 0 0 0 0 0
"48" 48 0.0380228136882 229 83 80 44 31 21 6 5 1 0 0 0 0 0 0 0 0 0 0 0
"49" 49 0.738396624473 293 205 1 1 0 0 0 0 0 0 0 0 0 0 0 0 0 0 0 0
"50" 50 0.192307692308 500 0 0 0 0 0 0 0 0 0 0 0 0 0 0 0 0 0 0 0
"51" 51 0.238578680203 290 186 14 7 2 1 0 0 0 0 0 0 0 0 0 0 0 0 0 0
"52" 52 0.675126903553 264 184 27 25 0 0 0 0 0 0 0 0 0 0 0 0 0 0 0 0
"53" 53 0.20725388601 196 177 94 20 9 4 0 0 0 0 0 0 0 0 0 0 0 0 0 0
"54" 54 0.00632911392405 479 18 3 0 0 0 0 0 0 0 0 0 0 0 0 0 0 0 0 0
"55" 55 0.293103448276 500 0 0 0 0 0 0 0 0 0 0 0 0 0 0 0 0 0 0 0
"56" 56 0.528735632184 376 58 39 27 0 0 0 0 0 0 0 0 0 0 0 0 0 0 0 0
"57" 57 0.167883211679 180 108 86 58 53 8 4 3 0 0 0 0 0 0 0 0 0 0 0 0
"58" 58 0.010152284264 198 109 79 59 22 14 10 6 3 0 0 0 0 0 0 0 0 0 0 0
"59" 59 0.232704402516 498 2 0 0 0 0 0 0 0 0 0 0 0 0 0 0 0 0 0 0
"60" 60 0.755274261603 500 0 0 0 0 0 0 0 0 0 0 0 0 0 0 0 0 0 0 0
"61" 61 0.160714285714 169 138 100 73 8 7 5 0 0 0 0 0 0 0 0 0 0 0 0 0
"62" 62 0.0762331838565 436 40 11 9 3 1 0 0 0 0 0 0 0 0 0 0 0 0 0 0
"63" 63 0.298076923077 500 0 0 0 0 0 0 0 0 0 0 0 0 0 0 0 0 0 0 0
"64" 64 0.55230125523 500 0 0 0 0 0 0 0 0 0 0 0 0 0 0 0 0 0 0 0
"65" 65 0.701492537313 500 0 0 0 0 0 0 0 0 0 0 0 0 0 0 0 0 0 0 0
"66" 66 0.0397350993377 434 66 0 0 0 0 0 0 0 0 0 0 0 0 0 0 0 0 0 0
"67" 67 0.0794979079498 485 9 4 2 0 0 0 0 0 0 0 0 0 0 0 0 0 0 0 0
"68" 68 0.269503546099 298 110 89 2 1 0 0 0 0 0 0 0 0 0 0 0 0 0 0 0
"69" 69 0.0839416058394 498 2 0 0 0 0 0 0 0 0 0 0 0 0 0 0 0 0 0 0
"70" 70 0.0865384615385 500 0 0 0 0 0 0 0 0 0 0 0 0 0 0 0 0 0 0 0
"71" 71 0.0769230769231 499 1 0 0 0 0 0 0 0 0 0 0 0 0 0 0 0 0 0 0
"72" 72 0.457711442786 446 43 9 2 0 0 0 0 0 0 0 0 0 0 0 0 0 0 0 0
"73" 73 0.0232558139535 489 6 5 0 0 0 0 0 0 0 0 0 0 0 0 0 0 0 0 0
"74" 74 0.0564102564103 463 14 11 8 2 1 1 0 0 0 0 0 0 0 0 0 0 0 0 0
"75" 75 0.212643678161 186 126 96 56 22 5 5 4 0 0 0 0 0 0 0 0 0 0 0 0
"76" 76 0.309644670051 180 138 119 17 16 14 7 7 1 1 0 0 0 0 0 0 0 0 0 0
"77" 77 0.251824817518 211 179 95 5 4 3 2 1 0 0 0 0 0 0 0 0 0 0 0 0
"78" 78 0.140684410646 165 150 110 30 16 14 13 1 1 0 0 0 0 0 0 0 0 0 0 0
"79" 79 0.305439330544 330 112 38 13 5 1 1 0 0 0 0 0 0 0 0 0 0 0 0 0
"80" 80 0.270440251572 199 179 95 21 5 1 0 0 0 0 0 0 0 0 0 0 0 0 0 0
"81" 81 0.093023255814 151 142 98 71 16 9 4 4 3 2 0 0 0 0 0 0 0 0 0 0
"82" 82 0.331838565022 116 111 79 56 51 35 11 11 9 8 6 3 2 2 0 0 0 0 0 0
"83" 83 0.410852713178 259 153 58 17 9 3 1 0 0 0 0 0 0 0 0 0 0 0 0 0
"84" 84 0.134328358209 242 235 14 6 2 1 0 0 0 0 0 0 0 0 0 0 0 0 0 0
"85" 85 0.138461538462 153 142 79 64 49 5 4 2 2 0 0 0 0 0 0 0 0 0 0 0
"86" 86 0.648535564854 479 18 2 1 0 0 0 0 0 0 0 0 0 0 0 0 0 0 0 0
"87" 87 0.46511627907 337 122 33 4 4 0 0 0 0 0 0 0 0 0 0 0 0 0 0 0
"88" 88 0.309623430962 213 177 69 20 19 2 0 0 0 0 0 0 0 0 0 0 0 0 0 0
"89" 89 0.383966244726 447 19 17 10 3 2 1 1 0 0 0 0 0 0 0 0 0 0 0 0
"90" 90 0.492227979275 420 60 16 4 0 0 0 0 0 0 0 0 0 0 0 0 0 0 0 0
"91" 91 0.523206751055 364 85 51 0 0 0 0 0 0 0 0 0 0 0 0 0 0 0 0 0
"92" 92 0.186311787072 233 127 68 42 11 6 4 4 3 1 1 0 0 0 0 0 0 0 0 0
"93" 93 0.337552742616 461 28 8 2 1 0 0 0 0 0 0 0 0 0 0 0 0 0 0 0
"94" 94 0.466367713004 451 49 0 0 0 0 0 0 0 0 0 0 0 0 0 0 0 0 0 0
"95" 95 0.578680203046 436 42 13 5 3 1 0 0 0 0 0 0 0 0 0 0 0 0 0 0
"96" 96 0.284518828452 368 63 48 9 5 5 1 1 0 0 0 0 0 0 0 0 0 0 0 0
"97" 97 0.109452736318 500 0 0 0 0 0 0 0 0 0 0 0 0 0 0 0 0 0 0 0
"98" 98 0.480769230769 500 0 0 0 0 0 0 0 0 0 0 0 0 0 0 0 0 0 0 0
"99" 99 0.846153846154 500 0 0 0 0 0 0 0 0 0 0 0 0 0 0 0 0 0 0 0
"100" 100 0.126436781609 310 190 0 0 0 0 0 0 0 0 0 0 0 0 0 0 0 0 0 0
"101" 101 0.383419689119 492 8 0 0 0 0 0 0 0 0 0 0 0 0 0 0 0 0 0 0
"102" 102 0.481751824818 497 3 0 0 0 0 0 0 0 0 0 0 0 0 0 0 0 0 0 0
"103" 103 0.602870813397 410 87 3 0 0 0 0 0 0 0 0 0 0 0 0 0 0 0 0 0
"104" 104 0.696202531646 410 82 8 0 0 0 0 0 0 0 0 0 0 0 0 0 0 0 0 0
"105" 105 0.37668161435 378 122 0 0 0 0 0 0 0 0 0 0 0 0 0 0 0 0 0 0
"106" 106 0.36820083682 231 133 100 34 2 0 0 0 0 0 0 0 0 0 0 0 0 0 0 0
"107" 107 0.663120567376 368 87 29 13 3 0 0 0 0 0 0 0 0 0 0 0 0 0 0 0
"108" 108 0.408759124088 159 136 112 93 0 0 0 0 0 0 0 0 0 0 0 0 0 0 0 0
"109" 109 0.269961977186 500 0 0 0 0 0 0 0 0 0 0 0 0 0 0 0 0 0 0 0
"110" 110 0.171548117155 201 84 66 53 35 30 18 9 3 1 0 0 0 0 0 0 0 0 0 0
"111" 111 0.418604651163 313 96 91 0 0 0 0 0 0 0 0 0 0 0 0 0 0 0 0 0
"112" 112 0.0192307692308 500 0 0 0 0 0 0 0 0 0 0 0 0 0 0 0 0 0 0 0
"113" 113 0.0923076923077 330 61 43 28 26 7 3 1 1 0 0 0 0 0 0 0 0 0 0 0
"114" 114 0.139303482587 473 14 8 2 1 1 1 0 0 0 0 0 0 0 0 0 0 0 0 0
"115" 115 0.279069767442 201 157 95 42 3 1 1 0 0 0 0 0 0 0 0 0 0 0 0 0
"116" 116 0.0132450331126 493 7 0 0 0 0 0 0 0 0 0 0 0 0 0 0 0 0 0 0
"117" 117 0.105769230769 265 82 34 30 21 20 15 14 12 3 3 1 0 0 0 0 0 0 0 0
"118" 118 0.0673076923077 285 154 55 4 1 1 0 0 0 0 0 0 0 0 0 0 0 0 0 0
"119" 119 0.162790697674 217 109 100 68 2 2 1 1 0 0 0 0 0 0 0 0 0 0 0 0
"120" 120 0.062015503876 500 0 0 0 0 0 0 0 0 0 0 0 0 0 0 0 0 0 0 0
"121" 121 0.163461538462 135 111 87 80 35 30 15 3 3 1 0 0 0 0 0 0 0 0 0 0
"122" 122 0.170542635659 232 98 64 45 39 8 7 6 1 0 0 0 0 0 0 0 0 0 0 0
"123" 123 0.116279069767 207 128 65 39 37 9 8 3 2 1 1 0 0 0 0 0 0 0 0 0
"124" 124 0.0529801324503 355 91 46 7 1 0 0 0 0 0 0 0 0 0 0 0 0 0 0 0
"125" 125 0.0696517412935 243 131 63 58 5 0 0 0 0 0 0 0 0 0 0 0 0 0 0 0
"126" 126 0.411392405063 441 47 12 0 0 0 0 0 0 0 0 0 0 0 0 0 0 0 0 0
"127" 127 0.55230125523 465 28 6 1 0 0 0 0 0 0 0 0 0 0 0 0 0 0 0 0
"128" 128 0.0172413793103 303 189 7 1 0 0 0 0 0 0 0 0 0 0 0 0 0 0 0 0
"129" 129 0.0 470 28 1 1 0 0 0 0 0 0 0 0 0 0 0 0 0 0 0 0
"130" 130 0.100628930818 500 0 0 0 0 0 0 0 0 0 0 0 0 0 0 0 0 0 0 0
"131" 131 0.129353233831 469 14 12 3 1 1 0 0 0 0 0 0 0 0 0 0 0 0 0 0
"132" 132 0.0621761658031 320 121 52 6 1 0 0 0 0 0 0 0 0 0 0 0 0 0 0 0
"133" 133 0.0 473 24 2 1 0 0 0 0 0 0 0 0 0 0 0 0 0 0 0 0
"134" 134 0.0 500 0 0 0 0 0 0 0 0 0 0 0 0 0 0 0 0 0 0 0
"135" 135 0.0109489051095 487 13 0 0 0 0 0 0 0 0 0 0 0 0 0 0 0 0 0 0
"136" 136 0.0 463 17 11 6 2 1 0 0 0 0 0 0 0 0 0 0 0 0 0 0
"137" 137 0.043795620438 496 4 0 0 0 0 0 0 0 0 0 0 0 0 0 0 0 0 0 0
"138" 138 0.0248756218905 500 0 0 0 0 0 0 0 0 0 0 0 0 0 0 0 0 0 0 0
"139" 139 0.0 172 156 145 24 1 1 1 0 0 0 0 0 0 0 0 0 0 0 0 0
"140" 140 0.015503875969 448 50 1 1 0 0 0 0 0 0 0 0 0 0 0 0 0 0 0 0
"141" 141 0.0 500 0 0 0 0 0 0 0 0 0 0 0 0 0 0 0 0 0 0 0
"142" 142 0.103448275862 221 163 49 22 18 12 5 5 2 2 1 0 0 0 0 0 0 0 0 0
"143" 143 0.0384615384615 500 0 0 0 0 0 0 0 0 0 0 0 0 0 0 0 0 0 0 0
"144" 144 0.518987341772 414 64 21 1 0 0 0 0 0 0 0 0 0 0 0 0 0 0 0 0
"145" 145 0.211538461538 465 30 5 0 0 0 0 0 0 0 0 0 0 0 0 0 0 0 0 0
"146" 146 0.658914728682 457 38 5 0 0 0 0 0 0 0 0 0 0 0 0 0 0 0 0 0
"147" 147 0.736434108527 495 5 0 0 0 0 0 0 0 0 0 0 0 0 0 0 0 0 0 0
"148" 148 0.434977578475 476 21 3 0 0 0 0 0 0 0 0 0 0 0 0 0 0 0 0 0
"149" 149 0.222627737226 495 5 0 0 0 0 0 0 0 0 0 0 0 0 0 0 0 0 0 0
"150" 150 0.151785714286 289 145 25 25 11 4 1 0 0 0 0 0 0 0 0 0 0 0 0 0
"151" 151 0.00836820083682 363 133 4 0 0 0 0 0 0 0 0 0 0 0 0 0 0 0 0 0
"152" 152 0.5 462 38 0 0 0 0 0 0 0 0 0 0 0 0 0 0 0 0 0 0
"153" 153 0.211538461538 435 65 0 0 0 0 0 0 0 0 0 0 0 0 0 0 0 0 0 0
"154" 154 0.124378109453 305 182 7 6 0 0 0 0 0 0 0 0 0 0 0 0 0 0 0 0
"155" 155 0.451923076923 318 145 36 1 0 0 0 0 0 0 0 0 0 0 0 0 0 0 0 0
"156" 156 0.292307692308 285 179 30 3 3 0 0 0 0 0 0 0 0 0 0 0 0 0 0 0
"157" 157 0.0 500 0 0 0 0 0 0 0 0 0 0 0 0 0 0 0 0 0 0 0
"158" 158 0.223350253807 327 173 0 0 0 0 0 0 0 0 0 0 0 0 0 0 0 0 0 0
"159" 159 0.406976744186 307 151 35 3 3 1 0 0 0 0 0 0 0 0 0 0 0 0 0 0
"160" 160 0.409282700422 284 69 58 53 18 9 6 2 1 0 0 0 0 0 0 0 0 0 0 0
"161" 161 0.0203045685279 309 138 24 19 7 2 1 0 0 0 0 0 0 0 0 0 0 0 0 0
"162" 162 0.44769874477 309 136 46 9 0 0 0 0 0 0 0 0 0 0 0 0 0 0 0 0
"163" 163 0.763713080169 297 158 28 15 2 0 0 0 0 0 0 0 0 0 0 0 0 0 0 0
"164" 164 0.370860927152 284 150 48 16 1 1 0 0 0 0 0 0 0 0 0 0 0 0 0 0
"165" 165 0.238341968912 459 40 1 0 0 0 0 0 0 0 0 0 0 0 0 0 0 0 0 0
"166" 166 0.230769230769 500 0 0 0 0 0 0 0 0 0 0 0 0 0 0 0 0 0 0 0
"167" 167 0.52736318408 500 0 0 0 0 0 0 0 0 0 0 0 0 0 0 0 0 0 0 0
"168" 168 0.270072992701 500 0 0 0 0 0 0 0 0 0 0 0 0 0 0 0 0 0 0 0
"169" 169 0.0192307692308 499 1 0 0 0 0 0 0 0 0 0 0 0 0 0 0 0 0 0 0
"170" 170 0.044776119403 500 0 0 0 0 0 0 0 0 0 0 0 0 0 0 0 0 0 0 0
"171" 171 0.235741444867 500 0 0 0 0 0 0 0 0 0 0 0 0 0 0 0 0 0 0 0
"172" 172 0.2466367713 498 1 1 0 0 0 0 0 0 0 0 0 0 0 0 0 0 0 0 0
"173" 173 0.0673076923077 500 0 0 0 0 0 0 0 0 0 0 0 0 0 0 0 0 0 0 0
"174" 174 0.171548117155 378 83 39 0 0 0 0 0 0 0 0 0 0 0 0 0 0 0 0 0
"175" 175 0.589743589744 367 102 29 2 0 0 0 0 0 0 0 0 0 0 0 0 0 0 0 0
"176" 176 0.0 280 112 73 16 11 6 1 1 0 0 0 0 0 0 0 0 0 0 0 0
"177" 177 0.0662251655629 396 70 20 9 4 1 0 0 0 0 0 0 0 0 0 0 0 0 0 0
"178" 178 0.155172413793 363 69 36 25 6 1 0 0 0 0 0 0 0 0 0 0 0 0 0 0
"179" 179 0.394618834081 236 221 25 11 5 1 1 0 0 0 0 0 0 0 0 0 0 0 0 0
"180" 180 0.0961538461538 440 39 13 7 1 0 0 0 0 0 0 0 0 0 0 0 0 0 0 0
"181" 181 0.248730964467 187 138 94 48 21 4 2 2 1 1 1 1 0 0 0 0 0 0 0 0
"182" 182 0.319796954315 263 235 1 1 0 0 0 0 0 0 0 0 0 0 0 0 0 0 0 0
"183" 183 0.299492385787 404 84 4 3 2 2 1 0 0 0 0 0 0 0 0 0 0 0 0 0
"184" 184 0.326996197719 247 183 52 14 3 1 0 0 0 0 0 0 0 0 0 0 0 0 0 0
"185" 185 0.200729927007 279 73 46 46 30 25 1 0 0 0 0 0 0 0 0 0 0 0 0 0
"186" 186 0.201550387597 405 79 11 3 1 1 0 0 0 0 0 0 0 0 0 0 0 0 0 0
"187" 187 0.124031007752 437 52 10 1 0 0 0 0 0 0 0 0 0 0 0 0 0 0 0 0
"188" 188 0.235741444867 368 96 21 10 5 0 0 0 0 0 0 0 0 0 0 0 0 0 0 0
"189" 189 0.326359832636 185 131 74 31 24 24 13 6 5 3 2 1 1 0 0 0 0 0 0 0
"190" 190 0.240384615385 200 169 83 41 7 0 0 0 0 0 0 0 0 0 0 0 0 0 0 0
"191" 191 0.287356321839 400 49 20 10 6 6 4 2 2 1 0 0 0 0 0 0 0 0 0 0
"192" 192 0.266159695817 337 109 42 10 1 1 0 0 0 0 0 0 0 0 0 0 0 0 0 0
"193" 193 0.305699481865 149 148 111 38 36 8 7 1 1 1 0 0 0 0 0 0 0 0 0 0
"194" 194 0.610465116279 398 52 45 5 0 0 0 0 0 0 0 0 0 0 0 0 0 0 0 0
"195" 195 0.193798449612 244 152 52 21 13 8 7 2 1 0 0 0 0 0 0 0 0 0 0 0
"196" 196 0.53164556962 222 145 68 64 1 0 0 0 0 0 0 0 0 0 0 0 0 0 0 0
"197" 197 0.605769230769 494 6 0 0 0 0 0 0 0 0 0 0 0 0 0 0 0 0 0 0
"198" 198 0.733944954128 494 3 2 1 0 0 0 0 0 0 0 0 0 0 0 0 0 0 0 0
"199" 199 0.81592039801 500 0 0 0 0 0 0 0 0 0 0 0 0 0 0 0 0 0 0 0
"200" 200 0.276729559748 359 48 47 43 1 1 1 0 0 0 0 0 0 0 0 0 0 0 0 0
"201" 201 0.621761658031 311 175 12 2 0 0 0 0 0 0 0 0 0 0 0 0 0 0 0 0
"202" 202 0.723270440252 500 0 0 0 0 0 0 0 0 0 0 0 0 0 0 0 0 0 0 0
"203" 203 0.329113924051 500 0 0 0 0 0 0 0 0 0 0 0 0 0 0 0 0 0 0 0
"204" 204 0.733333333333 337 150 12 1 0 0 0 0 0 0 0 0 0 0 0 0 0 0 0 0
"205" 205 0.350574712644 268 180 14 10 8 5 5 5 4 1 0 0 0 0 0 0 0 0 0 0
"206" 206 0.631578947368 229 192 76 3 0 0 0 0 0 0 0 0 0 0 0 0 0 0 0 0
"207" 207 0.756345177665 192 153 142 9 3 1 0 0 0 0 0 0 0 0 0 0 0 0 0 0
"208" 208 0.568527918782 454 41 4 1 0 0 0 0 0 0 0 0 0 0 0 0 0 0 0 0
"209" 209 0.270114942529 229 166 49 25 24 5 2 0 0 0 0 0 0 0 0 0 0 0 0 0
"210" 210 0.350993377483 229 94 89 55 20 13 0 0 0 0 0 0 0 0 0 0 0 0 0 0
"211" 211 0.265957446809 202 104 73 61 21 13 9 9 5 3 0 0 0 0 0 0 0 0 0 0
"212" 212 0.408256880734 418 41 35 5 1 0 0 0 0 0 0 0 0 0 0 0 0 0 0 0
"213" 213 0.238578680203 278 84 57 32 24 11 6 6 2 0 0 0 0 0 0 0 0 0 0 0
"214" 214 0.170542635659 302 198 0 0 0 0 0 0 0 0 0 0 0 0 0 0 0 0 0 0
"215" 215 0.0896860986547 385 61 41 6 2 2 2 1 0 0 0 0 0 0 0 0 0 0 0 0
"216" 216 0.488372093023 291 99 98 9 3 0 0 0 0 0 0 0 0 0 0 0 0 0 0 0
"217" 217 0.0114942528736 485 15 0 0 0 0 0 0 0 0 0 0 0 0 0 0 0 0 0 0
"218" 218 0.226744186047 255 220 9 5 3 3 2 1 1 1 0 0 0 0 0 0 0 0 0 0
"219" 219 0.193798449612 364 83 27 9 7 5 2 2 1 0 0 0 0 0 0 0 0 0 0 0
"220" 220 0.310344827586 311 88 29 22 20 19 5 3 2 1 0 0 0 0 0 0 0 0 0 0
"221" 221 0.0 500 0 0 0 0 0 0 0 0 0 0 0 0 0 0 0 0 0 0 0
"222" 222 0.115384615385 180 118 76 57 26 24 16 3 0 0 0 0 0 0 0 0 0 0 0 0
"223" 223 0.323383084577 279 110 88 8 6 6 3 0 0 0 0 0 0 0 0 0 0 0 0 0
"224" 224 0.442528735632 324 74 52 31 7 7 2 1 1 1 0 0 0 0 0 0 0 0 0 0
"225" 225 0.0927152317881 499 1 0 0 0 0 0 0 0 0 0 0 0 0 0 0 0 0 0 0
"226" 226 0.0114068441065 497 3 0 0 0 0 0 0 0 0 0 0 0 0 0 0 0 0 0 0
"227" 227 0.119496855346 500 0 0 0 0 0 0 0 0 0 0 0 0 0 0 0 0 0 0 0
"228" 228 0.171548117155 351 61 38 25 13 6 3 2 1 0 0 0 0 0 0 0 0 0 0 0
"229" 229 0.165803108808 203 119 67 39 31 17 15 5 2 2 0 0 0 0 0 0 0 0 0 0
"230" 230 0.0 363 84 35 11 7 0 0 0 0 0 0 0 0 0 0 0 0 0 0 0
"231" 231 0.0 392 91 12 3 2 0 0 0 0 0 0 0 0 0 0 0 0 0 0 0
"232" 232 0.0802919708029 180 158 91 38 22 10 1 0 0 0 0 0 0 0 0 0 0 0 0 0
"233" 233 0.0948905109489 180 145 93 45 21 5 2 2 2 2 2 1 0 0 0 0 0 0 0 0
"234" 234 0.0 457 34 4 2 1 1 1 0 0 0 0 0 0 0 0 0 0 0 0 0
"235" 235 0.0275229357798 445 54 1 0 0 0 0 0 0 0 0 0 0 0 0 0 0 0 0 0
"236" 236 0.0 466 25 6 2 1 0 0 0 0 0 0 0 0 0 0 0 0 0 0 0
"237" 237 0.0137614678899 449 50 1 0 0 0 0 0 0 0 0 0 0 0 0 0 0 0 0 0
"238" 238 0.0179372197309 497 3 0 0 0 0 0 0 0 0 0 0 0 0 0 0 0 0 0 0
"239" 239 0.0 488 11 1 0 0 0 0 0 0 0 0 0 0 0 0 0 0 0 0 0
"240" 240 0.346153846154 500 0 0 0 0 0 0 0 0 0 0 0 0 0 0 0 0 0 0 0
"241" 241 0.109489051095 276 216 7 1 0 0 0 0 0 0 0 0 0 0 0 0 0 0 0 0
"242" 242 0.430379746835 460 28 12 0 0 0 0 0 0 0 0 0 0 0 0 0 0 0 0 0
"243" 243 0.567307692308 500 0 0 0 0 0 0 0 0 0 0 0 0 0 0 0 0 0 0 0
"244" 244 0.852713178295 500 0 0 0 0 0 0 0 0 0 0 0 0 0 0 0 0 0 0 0
"245" 245 0.367875647668 500 0 0 0 0 0 0 0 0 0 0 0 0 0 0 0 0 0 0 0
"246" 246 0.370558375635 500 0 0 0 0 0 0 0 0 0 0 0 0 0 0 0 0 0 0 0
"247" 247 0.211009174312 182 128 114 38 34 3 1 0 0 0 0 0 0 0 0 0 0 0 0 0
"248" 248 0.0228136882129 280 178 34 5 2 1 0 0 0 0 0 0 0 0 0 0 0 0 0 0
"249" 249 0.709302325581 456 42 2 0 0 0 0 0 0 0 0 0 0 0 0 0 0 0 0 0
"250" 250 0.221153846154 491 9 0 0 0 0 0 0 0 0 0 0 0 0 0 0 0 0 0 0
"251" 251 0.21511627907 365 62 26 20 13 7 4 1 1 1 0 0 0 0 0 0 0 0 0 0
"252" 252 0.568965517241 246 244 7 3 0 0 0 0 0 0 0 0 0 0 0 0 0 0 0 0
"253" 253 0.165803108808 383 32 27 26 14 13 4 1 0 0 0 0 0 0 0 0 0 0 0 0
"254" 254 0.0 490 5 5 0 0 0 0 0 0 0 0 0 0 0 0 0 0 0 0 0
"255" 255 0.251773049645 270 176 54 0 0 0 0 0 0 0 0 0 0 0 0 0 0 0 0 0
"256" 256 0.529197080292 358 75 58 5 4 0 0 0 0 0 0 0 0 0 0 0 0 0 0 0
"257" 257 0.320675105485 232 178 27 22 20 8 6 4 2 1 0 0 0 0 0 0 0 0 0 0
"258" 258 0.0 438 23 13 11 8 3 3 1 0 0 0 0 0 0 0 0 0 0 0 0
"259" 259 0.294573643411 399 101 0 0 0 0 0 0 0 0 0 0 0 0 0 0 0 0 0 0
"260" 260 0.654008438819 500 0 0 0 0 0 0 0 0 0 0 0 0 0 0 0 0 0 0 0
"261" 261 0.60103626943 484 12 2 1 1 0 0 0 0 0 0 0 0 0 0 0 0 0 0 0
"262" 262 0.178571428571 342 76 55 16 5 2 2 1 1 0 0 0 0 0 0 0 0 0 0 0
"263" 263 0.201923076923 500 0 0 0 0 0 0 0 0 0 0 0 0 0 0 0 0 0 0 0
"264" 264 0.635220125786 399 101 0 0 0 0 0 0 0 0 0 0 0 0 0 0 0 0 0 0
"265" 265 0.341772151899 492 8 0 0 0 0 0 0 0 0 0 0 0 0 0 0 0 0 0 0
"266" 266 0.031007751938 493 4 2 1 0 0 0 0 0 0 0 0 0 0 0 0 0 0 0 0
"267" 267 0.0753138075314 500 0 0 0 0 0 0 0 0 0 0 0 0 0 0 0 0 0 0 0
"268" 268 0.393305439331 499 1 0 0 0 0 0 0 0 0 0 0 0 0 0 0 0 0 0 0
"269" 269 0.291139240506 483 10 6 1 0 0 0 0 0 0 0 0 0 0 0 0 0 0 0 0
"270" 270 0.0961538461538 500 0 0 0 0 0 0 0 0 0 0 0 0 0 0 0 0 0 0 0
"271" 271 0.0387596899225 499 1 0 0 0 0 0 0 0 0 0 0 0 0 0 0 0 0 0 0
"272" 272 0.570921985816 248 129 121 2 0 0 0 0 0 0 0 0 0 0 0 0 0 0 0 0
"273" 273 0.00662251655629 265 226 8 1 0 0 0 0 0 0 0 0 0 0 0 0 0 0 0 0
"274" 274 0.117948717949 274 121 65 30 7 2 1 0 0 0 0 0 0 0 0 0 0 0 0 0
"275" 275 0.0919540229885 184 169 94 18 9 8 6 6 5 1 0 0 0 0 0 0 0 0 0 0
"276" 276 0.308457711443 308 185 3 2 1 1 0 0 0 0 0 0 0 0 0 0 0 0 0 0
"277" 277 0.29197080292 359 124 9 4 2 2 0 0 0 0 0 0 0 0 0 0 0 0 0 0
"278" 278 0.125 483 6 5 3 3 0 0 0 0 0 0 0 0 0 0 0 0 0 0 0
"279" 279 0.366972477064 139 108 107 80 32 23 5 4 2 0 0 0 0 0 0 0 0 0 0 0
"280" 280 0.240384615385 397 38 27 18 6 6 5 1 1 1 0 0 0 0 0 0 0 0 0 0
"281" 281 0.105769230769 486 8 6 0 0 0 0 0 0 0 0 0 0 0 0 0 0 0 0 0
"282" 282 0.15503875969 263 192 19 12 5 3 2 1 1 1 1 0 0 0 0 0 0 0 0 0
"283" 283 0.481171548117 385 73 25 6 4 2 2 2 1 0 0 0 0 0 0 0 0 0 0 0
"284" 284 0.14367816092 201 123 49 46 34 20 14 7 3 2 1 0 0 0 0 0 0 0 0 0
"285" 285 0.313432835821 437 35 17 6 3 1 1 0 0 0 0 0 0 0 0 0 0 0 0 0
"286" 286 0.367816091954 278 96 78 25 11 5 4 2 1 0 0 0 0 0 0 0 0 0 0 0
"287" 287 0.517412935323 336 76 54 17 13 2 1 1 0 0 0 0 0 0 0 0 0 0 0 0
"288" 288 0.32319391635 198 166 78 32 10 9 5 2 0 0 0 0 0 0 0 0 0 0 0 0
"289" 289 0.626943005181 241 179 47 31 2 0 0 0 0 0 0 0 0 0 0 0 0 0 0 0
"290" 290 0.71875 274 187 27 12 0 0 0 0 0 0 0 0 0 0 0 0 0 0 0 0
"291" 291 0.659898477157 179 147 116 56 2 0 0 0 0 0 0 0 0 0 0 0 0 0 0 0
