"site" "RSA" "aa1" "aa2" "aa3" "aa4" "aa5" "aa6" "aa7" "aa8" "aa9" "aa10" "aa11" "aa12" "aa13" "aa14" "aa15" "aa16" "aa17" "aa18" "aa19" "aa20"
"0" 0 0.646788990826 91 69 43 37 37 35 35 26 25 25 23 16 10 6 6 6 5 3 2 0
"1" 1 0.515695067265 186 102 96 81 7 5 5 4 3 3 3 2 2 1 0 0 0 0 0 0
"2" 2 0.53488372093 130 90 71 55 50 43 33 16 9 2 1 0 0 0 0 0 0 0 0 0
"3" 3 0.0203045685279 491 9 0 0 0 0 0 0 0 0 0 0 0 0 0 0 0 0 0 0
"4" 4 0.130801687764 119 105 102 64 30 24 16 12 7 7 7 2 2 2 1 0 0 0 0 0
"5" 5 0.0 500 0 0 0 0 0 0 0 0 0 0 0 0 0 0 0 0 0 0 0
"6" 6 0.0 483 15 1 1 0 0 0 0 0 0 0 0 0 0 0 0 0 0 0 0
"7" 7 0.0 287 204 5 3 1 0 0 0 0 0 0 0 0 0 0 0 0 0 0 0
"8" 8 0.0 494 5 1 0 0 0 0 0 0 0 0 0 0 0 0 0 0 0 0 0
"9" 9 0.0 500 0 0 0 0 0 0 0 0 0 0 0 0 0 0 0 0 0 0 0
"10" 10 0.129533678756 473 27 0 0 0 0 0 0 0 0 0 0 0 0 0 0 0 0 0 0
"11" 11 0.317307692308 417 36 8 8 7 5 4 3 3 2 2 2 1 1 1 0 0 0 0 0
"12" 12 0.643410852713 411 61 12 9 3 1 1 1 1 0 0 0 0 0 0 0 0 0 0 0
"13" 13 0.0114942528736 286 77 57 54 24 2 0 0 0 0 0 0 0 0 0 0 0 0 0 0
"14" 14 0.221153846154 500 0 0 0 0 0 0 0 0 0 0 0 0 0 0 0 0 0 0 0
"15" 15 0.0632911392405 420 46 20 7 5 1 1 0 0 0 0 0 0 0 0 0 0 0 0 0
"16" 16 0.122093023256 203 80 62 51 40 29 23 3 3 3 2 1 0 0 0 0 0 0 0 0
"17" 17 0.0886075949367 500 0 0 0 0 0 0 0 0 0 0 0 0 0 0 0 0 0 0 0
"18" 18 0.00497512437811 321 49 33 19 18 16 12 12 9 6 4 1 0 0 0 0 0 0 0 0
"19" 19 0.0 499 1 0 0 0 0 0 0 0 0 0 0 0 0 0 0 0 0 0 0
"20" 20 0.10152284264 405 71 6 4 4 3 3 3 1 0 0 0 0 0 0 0 0 0 0 0
"21" 21 0.00662251655629 260 232 8 0 0 0 0 0 0 0 0 0 0 0 0 0 0 0 0 0
"22" 22 0.155893536122 302 196 1 1 0 0 0 0 0 0 0 0 0 0 0 0 0 0 0 0
"23" 23 0.232558139535 376 84 22 18 0 0 0 0 0 0 0 0 0 0 0 0 0 0 0 0
"24" 24 0.482558139535 122 78 74 66 42 24 24 22 18 12 6 4 4 2 2 0 0 0 0 0
"25" 25 0.615384615385 269 139 30 20 16 10 7 3 3 2 1 0 0 0 0 0 0 0 0 0
"26" 26 0.387596899225 95 70 69 53 41 37 31 30 25 14 14 10 4 2 2 2 1 0 0 0
"27" 27 0.334728033473 406 91 3 0 0 0 0 0 0 0 0 0 0 0 0 0 0 0 0 0
"28" 28 0.138364779874 499 1 0 0 0 0 0 0 0 0 0 0 0 0 0 0 0 0 0 0
"29" 29 0.644230769231 481 8 5 2 1 1 1 1 0 0 0 0 0 0 0 0 0 0 0 0
"30" 30 0.580357142857 91 78 44 43 42 40 38 36 30 16 15 8 7 4 4 2 1 1 0 0
"31" 31 0.285171102662 226 91 24 23 23 20 18 15 14 11 11 7 6 5 3 2 1 0 0 0
"32" 32 0.472081218274 276 150 32 26 6 5 3 1 1 0 0 0 0 0 0 0 0 0 0 0
"33" 33 0.301886792453 500 0 0 0 0 0 0 0 0 0 0 0 0 0 0 0 0 0 0 0
"34" 34 0.744186046512 135 115 48 44 29 27 26 22 12 9 8 8 5 4 2 2 2 2 0 0
"35" 35 0.454022988506 124 86 52 42 39 28 27 24 21 15 14 14 8 4 1 1 0 0 0 0
"36" 36 0.326359832636 446 15 9 8 6 4 3 3 2 2 1 1 0 0 0 0 0 0 0 0
"37" 37 0.39896373057 137 70 57 51 39 36 27 26 18 15 13 7 2 1 1 0 0 0 0 0
"38" 38 0.4 247 163 39 21 16 5 3 1 1 1 1 1 1 0 0 0 0 0 0 0
"39" 39 0.121673003802 308 191 1 0 0 0 0 0 0 0 0 0 0 0 0 0 0 0 0 0
"40" 40 0.490066225166 89 63 53 48 45 34 34 31 23 23 22 19 10 5 1 0 0 0 0 0
"41" 41 0.0697674418605 204 100 93 32 28 20 7 6 6 3 1 0 0 0 0 0 0 0 0 0
"42" 42 0.533333333333 187 121 50 31 25 24 18 12 12 4 4 4 3 3 2 0 0 0 0 0
"43" 43 0.17816091954 308 97 25 19 16 14 7 4 3 3 2 1 1 0 0 0 0 0 0 0
"44" 44 0.610091743119 163 108 56 52 23 22 19 13 8 8 6 5 4 3 3 2 2 2 1 0
"45" 45 0.258620689655 379 47 31 26 9 3 2 1 1 1 0 0 0 0 0 0 0 0 0 0
"46" 46 0.554404145078 275 77 45 32 19 18 15 9 6 2 2 0 0 0 0 0 0 0 0 0
"47" 47 0.634615384615 490 9 1 0 0 0 0 0 0 0 0 0 0 0 0 0 0 0 0 0
"48" 48 0.20253164557 95 70 42 38 35 34 33 26 25 20 19 18 13 12 10 4 3 3 0 0
"49" 49 0.452830188679 116 108 56 35 32 25 19 18 17 13 12 12 10 7 6 6 5 2 1 0
"50" 50 0.0344827586207 500 0 0 0 0 0 0 0 0 0 0 0 0 0 0 0 0 0 0 0
"51" 51 0.241025641026 130 125 76 54 41 24 18 13 7 3 3 2 2 1 1 0 0 0 0 0
"52" 52 0.00497512437811 389 105 2 2 1 1 0 0 0 0 0 0 0 0 0 0 0 0 0 0
"53" 53 0.134615384615 124 105 81 44 42 41 16 10 6 6 5 5 5 3 2 2 2 1 0 0
"54" 54 0.0 496 3 1 0 0 0 0 0 0 0 0 0 0 0 0 0 0 0 0 0
"55" 55 0.237588652482 331 49 46 44 21 3 2 1 1 1 1 0 0 0 0 0 0 0 0 0
"56" 56 0.0310880829016 387 52 18 17 12 5 4 2 1 1 1 0 0 0 0 0 0 0 0 0
"57" 57 0.0290697674419 490 9 1 0 0 0 0 0 0 0 0 0 0 0 0 0 0 0 0 0
"58" 58 0.0387596899225 332 77 25 24 12 11 7 4 3 2 1 1 1 0 0 0 0 0 0 0
"59" 59 0.0576923076923 500 0 0 0 0 0 0 0 0 0 0 0 0 0 0 0 0 0 0 0
"60" 60 0.358744394619 90 57 52 51 50 41 33 31 24 17 13 11 10 10 6 4 0 0 0 0
"61" 61 0.691964285714 170 49 40 38 36 35 23 22 21 21 14 13 7 4 2 2 2 1 0 0
"62" 62 0.647668393782 117 70 62 55 50 43 22 21 18 14 13 8 4 2 1 0 0 0 0 0
"63" 63 0.326996197719 271 89 37 29 19 15 14 13 4 4 3 1 1 0 0 0 0 0 0 0
"64" 64 0.310880829016 424 58 8 3 2 2 2 1 0 0 0 0 0 0 0 0 0 0 0 0
"65" 65 0.835766423358 150 64 57 52 51 30 28 18 14 9 7 6 5 3 3 2 1 0 0 0
"66" 66 0.52736318408 237 51 37 33 26 25 23 21 14 11 7 6 5 2 1 1 0 0 0 0
"67" 67 0.029197080292 500 0 0 0 0 0 0 0 0 0 0 0 0 0 0 0 0 0 0 0
"68" 68 0.0817610062893 454 17 9 8 6 3 1 1 1 0 0 0 0 0 0 0 0 0 0 0
"69" 69 0.621890547264 277 65 34 27 25 20 18 10 8 5 4 3 2 1 1 0 0 0 0 0
"70" 70 0.245033112583 71 67 59 43 38 36 31 30 30 28 19 17 12 12 5 2 0 0 0 0
"71" 71 0.0190114068441 470 30 0 0 0 0 0 0 0 0 0 0 0 0 0 0 0 0 0 0
"72" 72 0.51572327044 486 4 2 2 2 1 1 1 1 0 0 0 0 0 0 0 0 0 0 0
"73" 73 0.385650224215 284 168 15 15 4 3 3 2 2 2 1 1 0 0 0 0 0 0 0 0
"74" 74 0.0639534883721 363 120 15 2 0 0 0 0 0 0 0 0 0 0 0 0 0 0 0 0
"75" 75 0.310880829016 246 227 9 6 4 3 3 1 1 0 0 0 0 0 0 0 0 0 0 0
"76" 76 0.0 480 17 2 1 0 0 0 0 0 0 0 0 0 0 0 0 0 0 0 0
"77" 77 0.0 499 1 0 0 0 0 0 0 0 0 0 0 0 0 0 0 0 0 0 0
"78" 78 0.0 467 27 5 1 0 0 0 0 0 0 0 0 0 0 0 0 0 0 0 0
"79" 79 0.0 461 35 4 0 0 0 0 0 0 0 0 0 0 0 0 0 0 0 0 0
"80" 80 0.0 500 0 0 0 0 0 0 0 0 0 0 0 0 0 0 0 0 0 0 0
"81" 81 0.0 466 34 0 0 0 0 0 0 0 0 0 0 0 0 0 0 0 0 0 0
"82" 82 0.0198675496689 451 49 0 0 0 0 0 0 0 0 0 0 0 0 0 0 0 0 0 0
"83" 83 0.0 496 2 1 1 0 0 0 0 0 0 0 0 0 0 0 0 0 0 0 0
"84" 84 0.0459770114943 196 142 133 10 7 5 4 3 0 0 0 0 0 0 0 0 0 0 0 0
"85" 85 0.291390728477 216 109 106 33 14 9 8 3 2 0 0 0 0 0 0 0 0 0 0 0
"86" 86 0.14465408805 499 1 0 0 0 0 0 0 0 0 0 0 0 0 0 0 0 0 0 0
"87" 87 0.488372093023 122 69 63 46 34 32 32 30 19 13 10 10 9 8 3 0 0 0 0 0
"88" 88 0.0198675496689 405 54 27 8 3 2 1 0 0 0 0 0 0 0 0 0 0 0 0 0
"89" 89 0.108786610879 418 64 18 0 0 0 0 0 0 0 0 0 0 0 0 0 0 0 0 0
"90" 90 0.397321428571 114 67 65 46 41 36 31 26 25 17 12 7 6 3 2 1 1 0 0 0
"91" 91 0.25641025641 471 8 5 4 3 2 2 2 1 1 1 0 0 0 0 0 0 0 0 0
"92" 92 0.0 498 2 0 0 0 0 0 0 0 0 0 0 0 0 0 0 0 0 0 0
"93" 93 0.332116788321 214 71 69 55 23 22 9 8 8 6 4 3 3 2 1 1 1 0 0 0
"94" 94 0.46511627907 88 72 47 46 39 38 38 37 30 21 14 14 5 4 3 2 2 0 0 0
"95" 95 0.194092827004 163 157 93 18 15 12 12 9 7 4 4 3 1 1 1 0 0 0 0 0
"96" 96 0.0 500 0 0 0 0 0 0 0 0 0 0 0 0 0 0 0 0 0 0 0
"97" 97 0.300380228137 228 152 66 32 11 6 3 1 1 0 0 0 0 0 0 0 0 0 0 0
"98" 98 0.389937106918 86 76 60 52 50 45 27 24 14 12 10 9 8 8 6 4 4 4 1 0
"99" 99 0.116071428571 500 0 0 0 0 0 0 0 0 0 0 0 0 0 0 0 0 0 0 0
"100" 100 0.0 486 6 4 4 0 0 0 0 0 0 0 0 0 0 0 0 0 0 0 0
"101" 101 0.20802919708 113 100 45 44 40 34 34 22 17 16 12 7 7 4 3 1 1 0 0 0
"102" 102 0.712918660287 137 70 47 44 40 39 33 27 23 15 10 5 4 4 2 0 0 0 0 0
"103" 103 0.416267942584 229 101 75 18 14 14 10 10 9 7 6 3 1 1 1 1 0 0 0 0
"104" 104 0.0949367088608 500 0 0 0 0 0 0 0 0 0 0 0 0 0 0 0 0 0 0 0
"105" 105 0.471698113208 483 6 5 2 1 1 1 1 0 0 0 0 0 0 0 0 0 0 0 0
"106" 106 0.846889952153 167 66 37 35 33 25 23 20 19 19 18 11 10 6 4 3 2 2 0 0
"107" 107 0.133720930233 414 72 13 1 0 0 0 0 0 0 0 0 0 0 0 0 0 0 0 0
"108" 108 0.207547169811 496 3 1 0 0 0 0 0 0 0 0 0 0 0 0 0 0 0 0 0
"109" 109 0.0 420 77 2 1 0 0 0 0 0 0 0 0 0 0 0 0 0 0 0 0
"110" 110 0.0 304 154 35 2 2 1 1 1 0 0 0 0 0 0 0 0 0 0 0 0
"111" 111 0.0 500 0 0 0 0 0 0 0 0 0 0 0 0 0 0 0 0 0 0 0
"112" 112 0.0 491 4 3 1 1 0 0 0 0 0 0 0 0 0 0 0 0 0 0 0
"113" 113 0.0 500 0 0 0 0 0 0 0 0 0 0 0 0 0 0 0 0 0 0 0
"114" 114 0.0290697674419 459 33 3 2 1 1 1 0 0 0 0 0 0 0 0 0 0 0 0 0
"115" 115 0.295358649789 310 86 29 23 22 11 10 4 2 1 1 1 0 0 0 0 0 0 0 0
"116" 116 0.223880597015 207 164 39 35 11 9 9 8 7 5 2 2 1 1 0 0 0 0 0 0
"117" 117 0.227979274611 376 50 35 20 8 4 2 2 2 1 0 0 0 0 0 0 0 0 0 0
"118" 118 0.26368159204 125 122 63 46 33 26 23 13 11 10 9 8 7 3 1 0 0 0 0 0
"119" 119 0.21897810219 500 0 0 0 0 0 0 0 0 0 0 0 0 0 0 0 0 0 0 0
"120" 120 0.678756476684 119 68 62 35 28 26 26 23 22 16 15 15 12 10 10 7 4 2 0 0
"121" 121 0.326424870466 228 133 38 25 19 16 16 7 7 5 4 2 0 0 0 0 0 0 0 0
"122" 122 0.514767932489 227 63 37 22 21 19 18 17 16 15 12 10 8 6 4 3 2 0 0 0
"123" 123 0.575129533679 102 65 61 46 40 31 28 28 23 21 19 12 11 10 2 1 0 0 0 0
"124" 124 0.0813953488372 139 83 77 69 32 31 23 15 14 10 4 2 1 0 0 0 0 0 0 0
"125" 125 0.279187817259 298 116 21 15 11 10 6 6 4 4 2 2 2 1 1 1 0 0 0 0
"126" 126 0.294642857143 141 94 45 43 35 34 33 23 17 13 5 5 5 3 2 1 1 0 0 0
"127" 127 0.492700729927 80 64 57 52 40 34 27 27 23 23 19 15 12 11 10 5 1 0 0 0
"128" 128 0.0298507462687 497 2 1 0 0 0 0 0 0 0 0 0 0 0 0 0 0 0 0 0
"129" 129 0.532846715328 97 82 76 40 36 31 25 23 15 15 14 12 10 8 6 6 4 0 0 0
"130" 130 0.709844559585 126 62 57 57 41 31 31 28 23 21 14 3 3 2 1 0 0 0 0 0
"131" 131 0.37552742616 147 58 52 40 39 36 32 28 20 17 12 9 5 2 2 1 0 0 0 0
"132" 132 0.620253164557 236 201 18 15 9 5 4 4 2 2 2 1 1 0 0 0 0 0 0 0
"133" 133 0.417910447761 304 129 33 22 4 4 2 1 1 0 0 0 0 0 0 0 0 0 0 0
"134" 134 0.441860465116 202 87 50 42 33 21 21 17 11 8 2 2 2 1 1 0 0 0 0 0
"135" 135 0.0943396226415 499 1 0 0 0 0 0 0 0 0 0 0 0 0 0 0 0 0 0 0
"136" 136 0.0406091370558 345 155 0 0 0 0 0 0 0 0 0 0 0 0 0 0 0 0 0 0
"137" 137 0.331395348837 149 143 57 26 26 24 22 13 7 7 6 6 6 3 3 2 0 0 0 0
"138" 138 0.425855513308 120 88 70 60 58 23 15 14 14 13 11 10 2 1 1 0 0 0 0 0
"139" 139 0.559748427673 123 83 59 54 36 25 22 22 17 14 13 9 7 5 4 4 3 0 0 0
"140" 140 0.421524663677 219 179 60 25 5 4 3 3 1 1 0 0 0 0 0 0 0 0 0 0
"141" 141 0.0 500 0 0 0 0 0 0 0 0 0 0 0 0 0 0 0 0 0 0 0
"142" 142 0.213930348259 161 75 56 48 46 43 19 11 9 9 8 4 3 2 2 2 2 0 0 0
"143" 143 0.426356589147 73 68 68 63 41 40 36 25 24 17 12 12 7 6 3 3 2 0 0 0
"144" 144 0.0183486238532 490 7 2 1 0 0 0 0 0 0 0 0 0 0 0 0 0 0 0 0
"145" 145 0.0387596899225 496 2 1 1 0 0 0 0 0 0 0 0 0 0 0 0 0 0 0 0
"146" 146 0.656934306569 115 59 51 50 47 42 39 29 20 12 12 7 6 4 4 2 1 0 0 0
"147" 147 0.415178571429 206 60 37 35 33 29 23 17 17 12 9 8 5 4 2 2 1 0 0 0
"148" 148 0.010152284264 493 6 1 0 0 0 0 0 0 0 0 0 0 0 0 0 0 0 0 0
"149" 149 0.480769230769 364 97 13 11 5 5 3 2 0 0 0 0 0 0 0 0 0 0 0 0
"150" 150 0.132450331126 328 169 3 0 0 0 0 0 0 0 0 0 0 0 0 0 0 0 0 0
"151" 151 0.48275862069 117 76 49 49 43 41 28 22 18 17 11 8 8 5 4 4 0 0 0 0
"152" 152 0.367088607595 121 97 71 60 34 32 30 16 13 10 9 4 2 1 0 0 0 0 0 0
"153" 153 0.041825095057 490 10 0 0 0 0 0 0 0 0 0 0 0 0 0 0 0 0 0 0
"154" 154 0.10447761194 282 74 41 32 14 13 12 6 6 4 3 3 3 2 2 2 1 0 0 0
"155" 155 0.116071428571 500 0 0 0 0 0 0 0 0 0 0 0 0 0 0 0 0 0 0 0
"156" 156 0.00632911392405 500 0 0 0 0 0 0 0 0 0 0 0 0 0 0 0 0 0 0 0
"157" 157 0.0 378 73 20 14 12 2 1 0 0 0 0 0 0 0 0 0 0 0 0 0
"158" 158 0.100775193798 414 78 7 1 0 0 0 0 0 0 0 0 0 0 0 0 0 0 0 0
"159" 159 0.482587064677 189 78 69 42 18 16 15 14 14 13 13 6 5 4 3 1 0 0 0 0
"160" 160 0.31976744186 134 88 46 45 37 34 33 31 17 10 7 5 5 4 2 2 0 0 0 0
"161" 161 0.318385650224 384 30 30 27 9 7 5 4 1 1 1 1 0 0 0 0 0 0 0 0
"162" 162 0.624087591241 108 71 63 61 38 29 24 24 23 15 15 8 7 7 5 1 1 0 0 0
"163" 163 0.317307692308 500 0 0 0 0 0 0 0 0 0 0 0 0 0 0 0 0 0 0 0
"164" 164 0.0248756218905 430 66 2 1 1 0 0 0 0 0 0 0 0 0 0 0 0 0 0 0
"165" 165 0.548523206751 135 90 61 60 59 19 19 17 10 9 7 7 2 2 1 1 1 0 0 0
"166" 166 0.372093023256 81 73 65 56 52 40 33 24 20 18 13 13 7 4 1 0 0 0 0 0
"167" 167 0.0 480 11 4 3 2 0 0 0 0 0 0 0 0 0 0 0 0 0 0 0
"168" 168 0.0 500 0 0 0 0 0 0 0 0 0 0 0 0 0 0 0 0 0 0 0
"169" 169 0.170984455959 92 81 52 42 42 38 32 25 22 15 15 15 10 5 5 4 3 2 0 0
"170" 170 0.165178571429 197 63 58 52 35 22 17 17 9 8 7 3 3 3 3 2 1 0 0 0
"171" 171 0.0 496 2 1 1 0 0 0 0 0 0 0 0 0 0 0 0 0 0 0 0
"172" 172 0.0507614213198 439 28 15 9 6 2 1 0 0 0 0 0 0 0 0 0 0 0 0 0
"173" 173 0.419708029197 163 145 46 39 34 23 21 6 5 5 4 3 3 2 1 0 0 0 0 0
"174" 174 0.255813953488 344 136 8 7 3 1 1 0 0 0 0 0 0 0 0 0 0 0 0 0
"175" 175 0.258620689655 500 0 0 0 0 0 0 0 0 0 0 0 0 0 0 0 0 0 0 0
"176" 176 0.303482587065 490 6 1 1 1 1 0 0 0 0 0 0 0 0 0 0 0 0 0 0
"177" 177 1.05769230769 500 0 0 0 0 0 0 0 0 0 0 0 0 0 0 0 0 0 0 0
