"site" "RSA" "aa1" "aa2" "aa3" "aa4" "aa5" "aa6" "aa7" "aa8" "aa9" "aa10" "aa11" "aa12" "aa13" "aa14" "aa15" "aa16" "aa17" "aa18" "aa19" "aa20"
"0" 0 0.317880794702 202 102 77 77 37 5 0 0 0 0 0 0 0 0 0 0 0 0 0 0
"1" 1 0.00507614213198 262 182 29 13 6 2 2 1 1 1 1 0 0 0 0 0 0 0 0 0
"2" 2 0.0 461 29 10 0 0 0 0 0 0 0 0 0 0 0 0 0 0 0 0 0
"3" 3 0.10460251046 263 96 59 19 16 12 7 6 5 5 4 4 2 1 1 0 0 0 0 0
"4" 4 0.269035532995 312 54 40 22 19 16 15 10 7 2 1 1 1 0 0 0 0 0 0 0
"5" 5 0.709844559585 93 61 49 47 45 43 38 28 13 13 12 12 11 10 8 6 6 5 0 0
"6" 6 0.5 190 123 79 36 20 20 12 7 6 2 2 2 1 0 0 0 0 0 0 0
"7" 7 0.421524663677 137 119 77 42 32 21 14 13 10 9 8 7 6 4 1 0 0 0 0 0
"8" 8 0.0348258706468 411 30 18 13 9 9 5 3 2 0 0 0 0 0 0 0 0 0 0 0
"9" 9 0.403846153846 162 51 43 43 33 30 25 21 20 18 14 14 13 4 3 2 2 1 1 0
"10" 10 0.0174418604651 491 9 0 0 0 0 0 0 0 0 0 0 0 0 0 0 0 0 0 0
"11" 11 0.574358974359 269 70 52 38 30 10 7 7 6 4 3 2 1 1 0 0 0 0 0 0
"12" 12 0.459119496855 113 79 73 60 40 31 22 19 18 14 11 6 5 3 2 2 1 1 0 0
"13" 13 0.0232558139535 455 34 9 1 1 0 0 0 0 0 0 0 0 0 0 0 0 0 0 0
"14" 14 0.629464285714 77 59 53 47 47 36 30 30 25 19 16 16 15 10 10 4 3 3 0 0
"15" 15 0.28855721393 470 21 5 2 2 0 0 0 0 0 0 0 0 0 0 0 0 0 0 0
"16" 16 0.119496855346 204 112 39 35 19 17 17 13 13 8 6 4 4 3 2 2 1 1 0 0
"17" 17 0.704402515723 138 75 45 43 37 30 28 28 22 18 11 9 5 4 3 2 1 1 0 0
"18" 18 0.119402985075 500 0 0 0 0 0 0 0 0 0 0 0 0 0 0 0 0 0 0 0
"19" 19 0.522012578616 449 18 8 5 4 4 3 3 2 2 2 0 0 0 0 0 0 0 0 0
"20" 20 0.133079847909 483 9 5 3 0 0 0 0 0 0 0 0 0 0 0 0 0 0 0 0
"21" 21 0.355769230769 154 98 41 34 31 31 27 24 17 16 11 8 4 2 1 1 0 0 0 0
"22" 22 0.281368821293 279 200 10 2 1 1 1 1 1 1 1 1 1 0 0 0 0 0 0 0
"23" 23 0.559585492228 160 120 104 36 33 16 9 8 7 3 2 1 1 0 0 0 0 0 0 0
"24" 24 0.248062015504 434 39 16 5 4 2 0 0 0 0 0 0 0 0 0 0 0 0 0 0
"25" 25 0.0 497 2 1 0 0 0 0 0 0 0 0 0 0 0 0 0 0 0 0 0
"26" 26 0.352678571429 118 108 56 42 40 28 24 21 19 16 10 9 5 2 2 0 0 0 0 0
"27" 27 0.476793248945 87 79 62 48 46 35 29 27 25 24 14 11 5 4 2 2 0 0 0 0
"28" 28 0.0 500 0 0 0 0 0 0 0 0 0 0 0 0 0 0 0 0 0 0 0
"29" 29 0.0253807106599 391 63 35 4 3 2 1 1 0 0 0 0 0 0 0 0 0 0 0 0
"30" 30 0.0829015544041 321 80 25 21 20 13 5 4 4 4 3 0 0 0 0 0 0 0 0 0
"31" 31 0.0697674418605 298 71 53 27 17 15 10 5 4 0 0 0 0 0 0 0 0 0 0 0
"32" 32 0.495535714286 91 81 61 43 35 28 23 22 21 18 17 16 14 10 6 6 5 3 0 0
"33" 33 0.0116279069767 215 117 85 31 18 15 13 3 2 1 0 0 0 0 0 0 0 0 0 0
"34" 34 0.0045871559633 237 128 104 20 5 3 2 1 0 0 0 0 0 0 0 0 0 0 0 0
"35" 35 0.434599156118 139 132 54 49 31 26 14 14 13 10 6 5 4 2 1 0 0 0 0 0
"36" 36 0.407960199005 125 51 51 42 31 27 27 23 23 21 19 18 14 14 6 4 4 0 0 0
"37" 37 0.0191387559809 385 34 17 17 16 9 9 7 4 1 1 0 0 0 0 0 0 0 0 0
"38" 38 0.0334928229665 454 35 7 2 1 1 0 0 0 0 0 0 0 0 0 0 0 0 0 0
"39" 39 0.326424870466 174 114 76 24 24 20 19 11 11 11 7 5 3 1 0 0 0 0 0 0
"40" 40 0.599156118143 168 121 41 33 32 28 20 19 8 7 5 5 5 3 3 2 0 0 0 0
"41" 41 0.311004784689 307 45 32 19 18 18 12 12 10 6 5 5 4 3 2 1 1 0 0 0
"42" 42 0.0 499 1 0 0 0 0 0 0 0 0 0 0 0 0 0 0 0 0 0 0
"43" 43 0.124031007752 199 106 79 66 14 8 6 6 4 3 3 2 2 2 0 0 0 0 0 0
"44" 44 0.294573643411 118 84 65 45 35 31 26 24 20 16 14 9 7 3 2 1 0 0 0 0
"45" 45 0.102661596958 313 88 39 27 15 9 4 2 1 1 1 0 0 0 0 0 0 0 0 0
"46" 46 0.0229885057471 491 3 3 2 1 0 0 0 0 0 0 0 0 0 0 0 0 0 0 0
"47" 47 0.471794871795 96 74 56 53 45 39 37 32 26 20 10 6 3 2 1 0 0 0 0 0
"48" 48 0.369230769231 74 62 57 46 42 36 32 32 30 27 24 14 7 7 6 2 1 1 0 0
"49" 49 0.00497512437811 495 3 1 1 0 0 0 0 0 0 0 0 0 0 0 0 0 0 0 0
"50" 50 0.14358974359 499 1 0 0 0 0 0 0 0 0 0 0 0 0 0 0 0 0 0 0
"51" 51 0.441025641026 90 72 61 60 39 35 26 23 22 20 15 13 6 6 6 4 1 1 0 0
"52" 52 0.0232558139535 493 5 2 0 0 0 0 0 0 0 0 0 0 0 0 0 0 0 0 0
"53" 53 0.00995024875622 500 0 0 0 0 0 0 0 0 0 0 0 0 0 0 0 0 0 0 0
"54" 54 0.599156118143 116 113 68 48 36 27 24 21 8 7 7 7 6 4 3 3 2 0 0 0
"55" 55 0.603375527426 116 81 62 52 46 36 28 21 17 13 7 6 4 4 4 2 1 0 0 0
"56" 56 0.167464114833 111 110 91 69 29 23 18 14 13 10 8 2 2 0 0 0 0 0 0 0
"57" 57 0.471698113208 425 27 10 9 7 6 6 3 3 2 1 1 0 0 0 0 0 0 0 0
"58" 58 0.549107142857 132 78 68 43 36 26 23 19 17 14 10 10 7 6 5 4 2 0 0 0
"59" 59 0.114427860697 499 1 0 0 0 0 0 0 0 0 0 0 0 0 0 0 0 0 0 0
"60" 60 0.224215246637 214 121 96 39 13 7 7 2 1 0 0 0 0 0 0 0 0 0 0 0
"61" 61 0.815384615385 107 97 76 39 38 28 23 23 21 18 15 11 2 1 1 0 0 0 0 0
"62" 62 0.271523178808 108 91 90 54 46 32 19 16 11 10 6 5 4 4 3 1 0 0 0 0
"63" 63 0.0529801324503 403 47 19 8 7 5 4 4 2 1 0 0 0 0 0 0 0 0 0 0
"64" 64 0.00574712643678 470 16 8 6 0 0 0 0 0 0 0 0 0 0 0 0 0 0 0 0
"65" 65 0.0 500 0 0 0 0 0 0 0 0 0 0 0 0 0 0 0 0 0 0 0
"66" 66 0.325581395349 217 77 44 40 25 19 18 18 13 8 6 5 4 3 2 1 0 0 0 0
"67" 67 0.0298507462687 496 2 1 1 0 0 0 0 0 0 0 0 0 0 0 0 0 0 0 0
"68" 68 0.0149253731343 477 14 4 2 1 1 1 0 0 0 0 0 0 0 0 0 0 0 0 0
"69" 69 0.43795620438 195 55 54 53 39 29 14 12 11 11 7 7 6 5 2 0 0 0 0 0
"70" 70 0.419689119171 193 104 78 33 24 18 14 7 6 6 6 5 4 2 0 0 0 0 0 0
"71" 71 0.129353233831 439 31 11 5 3 3 2 2 1 1 1 1 0 0 0 0 0 0 0 0
"72" 72 0.682051282051 170 74 71 52 33 30 16 11 9 9 9 8 5 1 1 1 0 0 0 0
"73" 73 0.509933774834 270 57 27 23 20 19 18 18 17 14 7 4 3 3 0 0 0 0 0 0
"74" 74 0.0 499 1 0 0 0 0 0 0 0 0 0 0 0 0 0 0 0 0 0 0
"75" 75 0.220125786164 484 10 2 2 1 1 0 0 0 0 0 0 0 0 0 0 0 0 0 0
"76" 76 0.709821428571 112 107 55 40 38 35 29 20 19 11 8 7 5 5 3 2 2 2 0 0
"77" 77 0.549222797927 102 70 70 56 48 40 24 22 19 17 16 14 1 1 0 0 0 0 0 0
"78" 78 0.0152284263959 337 154 7 1 1 0 0 0 0 0 0 0 0 0 0 0 0 0 0 0
"79" 79 0.259124087591 262 201 14 12 7 2 1 1 0 0 0 0 0 0 0 0 0 0 0 0
"80" 80 0.517441860465 125 72 51 45 34 30 24 23 19 17 14 12 10 9 7 4 2 2 0 0
"81" 81 0.308139534884 198 57 37 33 28 28 25 25 22 22 9 9 3 2 1 1 0 0 0 0
"82" 82 0.0 492 4 2 1 1 0 0 0 0 0 0 0 0 0 0 0 0 0 0 0
"83" 83 0.332116788321 487 4 3 2 2 1 1 0 0 0 0 0 0 0 0 0 0 0 0 0
"84" 84 0.317948717949 72 63 56 53 51 47 31 26 26 18 14 13 10 5 5 5 3 2 0 0
"85" 85 0.0871794871795 410 40 15 9 8 8 5 2 1 1 1 0 0 0 0 0 0 0 0 0
"86" 86 0.00961538461538 500 0 0 0 0 0 0 0 0 0 0 0 0 0 0 0 0 0 0 0
"87" 87 0.00961538461538 500 0 0 0 0 0 0 0 0 0 0 0 0 0 0 0 0 0 0 0
"88" 88 0.0 499 1 0 0 0 0 0 0 0 0 0 0 0 0 0 0 0 0 0 0
"89" 89 0.00478468899522 409 57 17 6 4 3 3 1 0 0 0 0 0 0 0 0 0 0 0 0
"90" 90 0.0 495 3 1 1 0 0 0 0 0 0 0 0 0 0 0 0 0 0 0 0
"91" 91 0.0 466 31 1 1 1 0 0 0 0 0 0 0 0 0 0 0 0 0 0 0
"92" 92 0.0 194 137 124 31 6 3 3 1 1 0 0 0 0 0 0 0 0 0 0 0
"93" 93 0.0116279069767 327 127 15 13 10 2 2 1 1 1 1 0 0 0 0 0 0 0 0 0
"94" 94 0.00507614213198 477 20 2 1 0 0 0 0 0 0 0 0 0 0 0 0 0 0 0 0
"95" 95 0.00836820083682 320 176 4 0 0 0 0 0 0 0 0 0 0 0 0 0 0 0 0 0
"96" 96 0.0141843971631 499 1 0 0 0 0 0 0 0 0 0 0 0 0 0 0 0 0 0 0
"97" 97 0.152466367713 216 76 40 38 28 18 18 18 18 12 9 5 2 1 1 0 0 0 0 0
"98" 98 0.0 463 16 8 6 3 3 1 0 0 0 0 0 0 0 0 0 0 0 0 0
"99" 99 0.00917431192661 449 22 7 7 6 5 3 1 0 0 0 0 0 0 0 0 0 0 0 0
"100" 100 0.119205298013 277 159 57 3 1 1 1 1 0 0 0 0 0 0 0 0 0 0 0 0
"101" 101 0.308176100629 487 7 2 1 1 1 1 0 0 0 0 0 0 0 0 0 0 0 0 0
"102" 102 0.787564766839 119 51 46 43 42 34 32 21 18 16 15 14 13 10 10 8 6 2 0 0
"103" 103 0.153846153846 500 0 0 0 0 0 0 0 0 0 0 0 0 0 0 0 0 0 0 0
"104" 104 0.163461538462 500 0 0 0 0 0 0 0 0 0 0 0 0 0 0 0 0 0 0 0
"105" 105 0.548076923077 500 0 0 0 0 0 0 0 0 0 0 0 0 0 0 0 0 0 0 0
"106" 106 0.556053811659 170 66 56 48 40 28 17 13 12 10 9 8 8 6 6 2 1 0 0 0
"107" 107 0.11320754717 500 0 0 0 0 0 0 0 0 0 0 0 0 0 0 0 0 0 0 0
"108" 108 0.453488372093 102 95 47 47 44 40 29 24 16 15 9 9 8 7 5 2 1 0 0 0
"109" 109 0.423076923077 499 1 0 0 0 0 0 0 0 0 0 0 0 0 0 0 0 0 0 0
"110" 110 0.512953367876 246 155 31 20 15 9 7 6 5 2 1 1 1 1 0 0 0 0 0 0
"111" 111 0.0 481 9 7 2 1 0 0 0 0 0 0 0 0 0 0 0 0 0 0 0
"112" 112 0.108527131783 213 94 48 31 27 25 19 14 11 5 4 3 3 2 1 0 0 0 0 0
"113" 113 0.542600896861 97 47 47 43 42 41 33 32 28 25 21 17 9 7 6 3 1 1 0 0
"114" 114 0.196428571429 440 30 16 6 3 2 2 1 0 0 0 0 0 0 0 0 0 0 0 0
"115" 115 0.0 403 96 1 0 0 0 0 0 0 0 0 0 0 0 0 0 0 0 0 0
"116" 116 0.410256410256 86 70 65 54 45 35 34 30 27 17 14 7 4 4 3 3 2 0 0 0
"117" 117 0.704035874439 84 62 55 48 46 43 39 29 27 21 15 13 11 3 2 1 1 0 0 0
"118" 118 0.389534883721 324 73 44 29 12 9 3 3 2 1 0 0 0 0 0 0 0 0 0 0
"119" 119 0.117154811715 499 1 0 0 0 0 0 0 0 0 0 0 0 0 0 0 0 0 0 0
"120" 120 0.538461538462 500 0 0 0 0 0 0 0 0 0 0 0 0 0 0 0 0 0 0 0
"121" 121 0.238410596026 288 99 51 38 17 6 1 0 0 0 0 0 0 0 0 0 0 0 0 0
"122" 122 0.0627615062762 474 12 10 3 1 0 0 0 0 0 0 0 0 0 0 0 0 0 0 0
"123" 123 0.424107142857 144 77 53 47 39 31 21 19 18 15 9 8 6 5 5 1 1 1 0 0
"124" 124 0.316964285714 120 74 71 50 48 39 25 22 13 12 12 4 3 3 2 2 0 0 0 0
"125" 125 0.0 495 2 2 1 0 0 0 0 0 0 0 0 0 0 0 0 0 0 0 0
"126" 126 0.240506329114 366 80 24 8 7 6 4 3 1 1 0 0 0 0 0 0 0 0 0 0
"127" 127 0.556962025316 91 57 52 50 44 31 26 23 22 22 19 16 16 9 8 7 7 0 0 0
"128" 128 0.300448430493 150 131 44 42 35 32 22 17 14 4 3 2 2 1 1 0 0 0 0 0
"129" 129 0.0 500 0 0 0 0 0 0 0 0 0 0 0 0 0 0 0 0 0 0 0
"130" 130 0.14358974359 199 165 48 39 22 14 5 3 2 2 1 0 0 0 0 0 0 0 0 0
"131" 131 0.551569506726 115 98 58 45 41 40 24 18 16 14 10 7 6 6 1 1 0 0 0 0
"132" 132 0.15503875969 440 27 23 3 2 2 1 1 1 0 0 0 0 0 0 0 0 0 0 0
"133" 133 0.0 474 24 1 1 0 0 0 0 0 0 0 0 0 0 0 0 0 0 0 0
"134" 134 0.394230769231 89 87 47 44 38 35 33 22 20 17 17 14 13 12 7 3 2 0 0 0
"135" 135 0.626943005181 127 66 52 49 44 37 30 27 25 19 13 5 4 2 0 0 0 0 0 0
"136" 136 0.211678832117 270 98 60 39 20 6 4 2 1 0 0 0 0 0 0 0 0 0 0 0
"137" 137 0.832635983264 78 69 66 44 42 42 30 28 21 19 13 11 10 9 7 6 3 2 0 0
"138" 138 0.394230769231 500 0 0 0 0 0 0 0 0 0 0 0 0 0 0 0 0 0 0 0
"139" 139 0.258278145695 89 65 56 50 36 31 30 25 22 22 16 13 12 11 10 7 4 1 0 0
"140" 140 0.0 500 0 0 0 0 0 0 0 0 0 0 0 0 0 0 0 0 0 0 0
"141" 141 0.00354609929078 498 1 1 0 0 0 0 0 0 0 0 0 0 0 0 0 0 0 0 0
"142" 142 0.0 456 40 4 0 0 0 0 0 0 0 0 0 0 0 0 0 0 0 0 0
"143" 143 0.00354609929078 493 4 3 0 0 0 0 0 0 0 0 0 0 0 0 0 0 0 0 0
"144" 144 0.0 500 0 0 0 0 0 0 0 0 0 0 0 0 0 0 0 0 0 0 0
"145" 145 0.0 492 5 3 0 0 0 0 0 0 0 0 0 0 0 0 0 0 0 0 0
"146" 146 0.127737226277 475 9 5 4 3 2 2 0 0 0 0 0 0 0 0 0 0 0 0 0
"147" 147 0.0923076923077 308 89 41 37 18 7 0 0 0 0 0 0 0 0 0 0 0 0 0 0
"148" 148 0.62893081761 98 87 82 52 44 38 16 15 14 13 12 11 8 5 3 2 0 0 0 0
"149" 149 0.708520179372 111 98 59 42 40 38 27 25 25 16 6 6 5 2 0 0 0 0 0 0
"150" 150 0.355769230769 500 0 0 0 0 0 0 0 0 0 0 0 0 0 0 0 0 0 0 0
"151" 151 0.47533632287 102 75 64 52 46 31 30 23 18 15 10 9 9 6 6 4 0 0 0 0
"152" 152 0.044776119403 500 0 0 0 0 0 0 0 0 0 0 0 0 0 0 0 0 0 0 0
"153" 153 0.367713004484 178 92 62 44 31 31 21 21 9 3 2 2 2 1 1 0 0 0 0 0
"154" 154 0.172413793103 491 5 3 1 0 0 0 0 0 0 0 0 0 0 0 0 0 0 0 0
"155" 155 0.137931034483 395 54 18 11 5 5 5 3 1 1 1 1 0 0 0 0 0 0 0 0
"156" 156 0.238410596026 354 60 30 26 13 9 8 0 0 0 0 0 0 0 0 0 0 0 0 0
"157" 157 0.0232558139535 449 24 16 4 2 2 2 1 0 0 0 0 0 0 0 0 0 0 0 0
"158" 158 0.276729559748 416 25 11 10 9 6 4 3 3 3 3 2 1 1 1 1 1 0 0 0
"159" 159 0.405128205128 170 139 138 20 7 7 4 4 4 4 2 1 0 0 0 0 0 0 0 0
"160" 160 0.0179372197309 372 94 17 8 8 1 0 0 0 0 0 0 0 0 0 0 0 0 0 0
"161" 161 0.0932642487047 487 3 2 2 1 1 1 1 1 1 0 0 0 0 0 0 0 0 0 0
"162" 162 0.0102564102564 158 132 115 65 20 6 2 1 1 0 0 0 0 0 0 0 0 0 0 0
"163" 163 0.0 500 0 0 0 0 0 0 0 0 0 0 0 0 0 0 0 0 0 0 0
"164" 164 0.0152284263959 350 51 41 23 21 8 4 1 1 0 0 0 0 0 0 0 0 0 0 0
"165" 165 0.275229357798 397 25 20 14 13 11 8 6 4 1 1 0 0 0 0 0 0 0 0 0
"166" 166 0.5 180 70 37 37 28 25 22 18 17 17 15 10 6 5 4 4 3 2 0 0
"167" 167 0.451923076923 500 0 0 0 0 0 0 0 0 0 0 0 0 0 0 0 0 0 0 0
"168" 168 0.0529801324503 279 154 29 15 10 5 3 3 1 1 0 0 0 0 0 0 0 0 0 0
"169" 169 0.110266159696 402 87 6 3 2 0 0 0 0 0 0 0 0 0 0 0 0 0 0 0
"170" 170 0.0 500 0 0 0 0 0 0 0 0 0 0 0 0 0 0 0 0 0 0 0
"171" 171 0.0 457 40 2 1 0 0 0 0 0 0 0 0 0 0 0 0 0 0 0 0
"172" 172 0.0 483 11 2 2 1 1 0 0 0 0 0 0 0 0 0 0 0 0 0 0
"173" 173 0.00961538461538 500 0 0 0 0 0 0 0 0 0 0 0 0 0 0 0 0 0 0 0
"174" 174 0.0 387 38 36 17 14 4 4 0 0 0 0 0 0 0 0 0 0 0 0 0
"175" 175 0.0 343 116 17 13 2 2 2 1 1 1 1 1 0 0 0 0 0 0 0 0
"176" 176 0.0 260 160 22 20 17 13 5 1 1 1 0 0 0 0 0 0 0 0 0 0
"177" 177 0.191489361702 163 124 103 44 16 11 9 7 6 6 5 3 2 1 0 0 0 0 0 0
"178" 178 0.504464285714 94 88 63 60 50 46 31 16 12 10 9 7 6 5 2 1 0 0 0 0
"179" 179 0.186602870813 102 91 47 46 37 28 22 19 18 16 16 15 14 12 11 3 2 1 0 0
"180" 180 0.0232558139535 448 43 8 1 0 0 0 0 0 0 0 0 0 0 0 0 0 0 0 0
"181" 181 0.0190114068441 499 1 0 0 0 0 0 0 0 0 0 0 0 0 0 0 0 0 0 0
"182" 182 0.410646387833 133 116 60 45 39 36 20 11 8 8 7 6 6 3 2 0 0 0 0 0
"183" 183 0.477611940299 155 94 62 40 28 23 18 13 12 11 9 8 7 5 5 5 5 0 0 0
"184" 184 0.28102189781 252 80 75 32 21 13 11 7 3 2 2 1 1 0 0 0 0 0 0 0
"185" 185 0.0228136882129 462 38 0 0 0 0 0 0 0 0 0 0 0 0 0 0 0 0 0 0
"186" 186 0.304932735426 267 60 53 37 33 25 8 8 7 1 1 0 0 0 0 0 0 0 0 0
"187" 187 0.610256410256 125 84 56 50 40 27 27 17 15 14 12 8 7 6 5 4 1 1 1 0
"188" 188 0.295620437956 154 76 70 47 38 35 24 22 10 7 6 5 3 2 1 0 0 0 0 0
"189" 189 0.113138686131 493 7 0 0 0 0 0 0 0 0 0 0 0 0 0 0 0 0 0 0
"190" 190 0.584905660377 429 27 10 8 4 4 3 3 3 2 2 2 1 1 1 0 0 0 0 0
"191" 191 0.397321428571 123 93 69 43 27 24 23 22 21 17 17 11 4 4 1 1 0 0 0 0
"192" 192 0.00380228136882 321 178 1 0 0 0 0 0 0 0 0 0 0 0 0 0 0 0 0 0
"193" 193 0.00995024875622 385 87 22 4 1 1 0 0 0 0 0 0 0 0 0 0 0 0 0 0
"194" 194 0.425641025641 340 50 25 20 18 8 7 6 6 5 5 5 2 1 1 1 0 0 0 0
"195" 195 0.251282051282 270 139 25 24 16 8 6 4 3 3 1 1 0 0 0 0 0 0 0 0
"196" 196 0.0 500 0 0 0 0 0 0 0 0 0 0 0 0 0 0 0 0 0 0 0
"197" 197 0.0248226950355 500 0 0 0 0 0 0 0 0 0 0 0 0 0 0 0 0 0 0 0
"198" 198 0.379487179487 333 50 37 17 15 13 12 10 6 3 2 2 0 0 0 0 0 0 0 0
"199" 199 0.0 492 8 0 0 0 0 0 0 0 0 0 0 0 0 0 0 0 0 0 0
"200" 200 0.0 499 1 0 0 0 0 0 0 0 0 0 0 0 0 0 0 0 0 0 0
"201" 201 0.148717948718 363 132 2 1 1 1 0 0 0 0 0 0 0 0 0 0 0 0 0 0
"202" 202 0.0425531914894 500 0 0 0 0 0 0 0 0 0 0 0 0 0 0 0 0 0 0 0
"203" 203 0.450331125828 142 49 49 45 43 34 26 25 19 16 15 15 12 6 3 1 0 0 0 0
"204" 204 0.0982142857143 251 61 47 27 23 22 19 18 16 8 4 3 1 0 0 0 0 0 0 0
"205" 205 0.0 447 47 3 2 1 0 0 0 0 0 0 0 0 0 0 0 0 0 0 0
"206" 206 0.0923076923077 404 58 13 8 7 3 3 2 1 1 0 0 0 0 0 0 0 0 0 0
"207" 207 0.456204379562 262 52 41 40 23 22 14 14 12 9 2 2 2 2 1 1 1 0 0 0
"208" 208 0.0 489 7 1 1 1 1 0 0 0 0 0 0 0 0 0 0 0 0 0 0
"209" 209 0.046511627907 402 75 15 6 1 1 0 0 0 0 0 0 0 0 0 0 0 0 0 0
"210" 210 0.569506726457 150 89 56 44 31 31 24 22 12 9 7 7 6 5 3 2 2 0 0 0
"211" 211 0.410852713178 342 32 32 32 20 18 17 2 2 2 1 0 0 0 0 0 0 0 0 0
"212" 212 0.271523178808 377 117 6 0 0 0 0 0 0 0 0 0 0 0 0 0 0 0 0 0
