"site" "RSA" "aa1" "aa2" "aa3" "aa4" "aa5" "aa6" "aa7" "aa8" "aa9" "aa10" "aa11" "aa12" "aa13" "aa14" "aa15" "aa16" "aa17" "aa18" "aa19" "aa20"
"0" 0 0.671794871795 25 22 16 7 6 6 4 2 0 0 0 0 0 0 0 0 0 0 0 0
"1" 1 0.154228855721 93 50 36 13 10 2 2 1 0 0 0 0 0 0 0 0 0 0 0 0
"2" 2 0.223628691983 149 23 19 6 5 4 4 3 3 2 1 0 0 0 0 0 0 0 0 0
"3" 3 0.0 112 66 54 1 0 0 0 0 0 0 0 0 0 0 0 0 0 0 0 0
"4" 4 0.00418410041841 182 19 17 8 5 2 0 0 0 0 0 0 0 0 0 0 0 0 0 0
"5" 5 0.12582781457 107 60 56 7 2 1 0 0 0 0 0 0 0 0 0 0 0 0 0 0
"6" 6 0.0149253731343 175 44 9 3 2 0 0 0 0 0 0 0 0 0 0 0 0 0 0 0
"7" 7 0.435897435897 164 31 27 7 2 1 1 1 1 0 0 0 0 0 0 0 0 0 0 0
"8" 8 0.0529801324503 120 106 7 2 0 0 0 0 0 0 0 0 0 0 0 0 0 0 0 0
"9" 9 0.0358974358974 192 19 14 5 2 1 1 1 0 0 0 0 0 0 0 0 0 0 0 0
"10" 10 0.283018867925 107 52 24 17 10 6 5 4 4 2 1 1 1 1 0 0 0 0 0 0
"11" 11 0.473214285714 65 55 27 16 16 14 8 6 6 6 4 4 4 2 1 1 0 0 0 0
"12" 12 0.0 211 11 8 5 0 0 0 0 0 0 0 0 0 0 0 0 0 0 0 0
"13" 13 0.0 203 21 7 2 2 0 0 0 0 0 0 0 0 0 0 0 0 0 0 0
"14" 14 0.316455696203 83 45 37 24 9 8 6 6 5 3 3 2 2 1 1 0 0 0 0 0
"15" 15 0.272321428571 68 62 42 18 12 12 9 5 3 3 1 0 0 0 0 0 0 0 0 0
"16" 16 0.0 175 55 4 1 0 0 0 0 0 0 0 0 0 0 0 0 0 0 0 0
"17" 17 0.0 146 36 24 19 5 4 1 0 0 0 0 0 0 0 0 0 0 0 0 0
"18" 18 0.512953367876 50 44 35 26 22 16 13 11 6 5 3 1 1 1 1 0 0 0 0 0
"19" 19 0.431472081218 69 39 20 19 17 14 10 8 7 6 6 6 5 3 3 2 1 0 0 0
"20" 20 0.195402298851 163 23 22 12 7 4 2 1 1 0 0 0 0 0 0 0 0 0 0 0
"21" 21 0.538461538462 137 22 20 12 11 9 8 5 4 3 2 1 1 0 0 0 0 0 0 0
"22" 22 0.281609195402 65 61 44 21 18 7 4 4 4 3 1 1 1 1 0 0 0 0 0 0
"23" 23 0.739910313901 114 28 15 14 14 12 12 8 6 5 4 2 1 0 0 0 0 0 0 0
"24" 24 0.228855721393 180 18 13 12 4 3 2 1 1 1 0 0 0 0 0 0 0 0 0 0
"25" 25 0.144230769231 161 26 21 13 7 4 2 1 0 0 0 0 0 0 0 0 0 0 0 0
"26" 26 0.451476793249 88 39 23 18 17 12 10 9 8 5 1 1 1 1 1 1 0 0 0 0
"27" 27 0.208860759494 114 34 25 19 15 10 9 5 2 1 1 0 0 0 0 0 0 0 0 0
"28" 28 0.205298013245 48 39 34 19 14 14 13 12 12 7 5 4 4 3 3 2 2 0 0 0
"29" 29 0.17816091954 170 33 14 5 4 3 2 2 1 1 0 0 0 0 0 0 0 0 0 0
"30" 30 0.43023255814 57 48 30 30 20 18 10 6 4 3 2 2 1 1 1 1 1 0 0 0
"31" 31 0.375912408759 123 27 24 22 17 8 5 3 2 1 1 1 1 0 0 0 0 0 0 0
"32" 32 0.410041841004 231 1 1 1 1 0 0 0 0 0 0 0 0 0 0 0 0 0 0 0
"33" 33 0.900662251656 160 47 10 9 8 1 0 0 0 0 0 0 0 0 0 0 0 0 0 0
"34" 34 0.544041450777 220 13 2 0 0 0 0 0 0 0 0 0 0 0 0 0 0 0 0 0
"35" 35 0.394230769231 206 7 6 5 3 2 2 2 1 1 0 0 0 0 0 0 0 0 0 0
"36" 36 0.544642857143 232 3 0 0 0 0 0 0 0 0 0 0 0 0 0 0 0 0 0 0
"37" 37 0.114942528736 140 57 18 7 5 3 2 1 1 1 0 0 0 0 0 0 0 0 0 0
"38" 38 0.421524663677 48 41 35 23 19 18 17 12 6 3 3 2 2 2 1 1 1 1 0 0
"39" 39 0.0761421319797 153 59 6 5 5 3 3 1 0 0 0 0 0 0 0 0 0 0 0 0
"40" 40 0.405128205128 84 42 36 21 19 8 6 6 3 2 2 2 2 1 1 0 0 0 0 0
"41" 41 0.167512690355 174 29 17 6 5 2 1 1 0 0 0 0 0 0 0 0 0 0 0 0
"42" 42 0.473214285714 56 43 26 26 22 16 7 7 5 5 5 5 4 4 1 1 1 1 0 0
"43" 43 0.325892857143 219 9 3 1 1 1 1 0 0 0 0 0 0 0 0 0 0 0 0 0
"44" 44 0.622516556291 100 99 25 5 4 1 1 0 0 0 0 0 0 0 0 0 0 0 0 0
"45" 45 0.0152284263959 190 42 2 1 0 0 0 0 0 0 0 0 0 0 0 0 0 0 0 0
"46" 46 0.649635036496 235 0 0 0 0 0 0 0 0 0 0 0 0 0 0 0 0 0 0 0
"47" 47 0.317307692308 220 3 2 2 2 2 2 2 0 0 0 0 0 0 0 0 0 0 0 0
"48" 48 0.0189873417722 45 31 29 25 22 20 18 8 8 6 5 4 4 4 3 1 1 1 0 0
"49" 49 0.108808290155 195 13 13 8 3 1 1 1 0 0 0 0 0 0 0 0 0 0 0 0
"50" 50 0.0 182 22 8 7 6 6 4 0 0 0 0 0 0 0 0 0 0 0 0 0
"51" 51 0.0228136882129 177 58 1 0 0 0 0 0 0 0 0 0 0 0 0 0 0 0 0 0
"52" 52 0.0 110 97 26 3 0 0 0 0 0 0 0 0 0 0 0 0 0 0 0 0
"53" 53 0.0152284263959 137 77 21 1 0 0 0 0 0 0 0 0 0 0 0 0 0 0 0 0
"54" 54 0.00448430493274 232 2 1 1 0 0 0 0 0 0 0 0 0 0 0 0 0 0 0 0
"55" 55 0.00662251655629 142 89 3 2 0 0 0 0 0 0 0 0 0 0 0 0 0 0 0 0
"56" 56 0.0 204 9 9 4 4 3 2 1 0 0 0 0 0 0 0 0 0 0 0 0
"57" 57 0.0529801324503 112 95 9 7 5 2 2 2 1 1 0 0 0 0 0 0 0 0 0 0
"58" 58 0.730569948187 57 31 23 22 17 14 11 11 10 10 7 5 4 4 3 3 2 1 1 0
"59" 59 0.364779874214 229 2 2 1 1 1 0 0 0 0 0 0 0 0 0 0 0 0 0 0
"60" 60 0.195402298851 121 49 45 8 4 3 1 0 0 0 0 0 0 0 0 0 0 0 0 0
"61" 61 0.507692307692 219 5 3 3 2 1 1 0 0 0 0 0 0 0 0 0 0 0 0 0
"62" 62 0.352678571429 137 52 11 8 7 6 3 3 2 2 1 1 1 1 0 0 0 0 0 0
"63" 63 0.0909090909091 155 54 12 5 3 3 1 1 1 0 0 0 0 0 0 0 0 0 0 0
"64" 64 0.0812182741117 195 27 5 4 2 2 1 0 0 0 0 0 0 0 0 0 0 0 0 0
"65" 65 0.435779816514 220 5 4 3 3 1 0 0 0 0 0 0 0 0 0 0 0 0 0 0
"66" 66 0.00892857142857 229 6 1 0 0 0 0 0 0 0 0 0 0 0 0 0 0 0 0 0
"67" 67 0.0 213 11 6 4 1 1 0 0 0 0 0 0 0 0 0 0 0 0 0 0
"68" 68 0.109452736318 202 11 10 5 4 3 1 0 0 0 0 0 0 0 0 0 0 0 0 0
"69" 69 0.263959390863 151 45 32 3 2 2 1 0 0 0 0 0 0 0 0 0 0 0 0 0
"70" 70 0.0 165 25 23 7 7 4 3 1 1 0 0 0 0 0 0 0 0 0 0 0
"71" 71 0.0 108 53 22 20 16 11 2 2 2 0 0 0 0 0 0 0 0 0 0 0
"72" 72 0.284974093264 231 3 1 1 0 0 0 0 0 0 0 0 0 0 0 0 0 0 0 0
"73" 73 0.193798449612 230 2 2 2 0 0 0 0 0 0 0 0 0 0 0 0 0 0 0 0
"74" 74 0.0 159 25 19 15 10 4 4 0 0 0 0 0 0 0 0 0 0 0 0 0
"75" 75 0.400843881857 125 107 2 1 1 0 0 0 0 0 0 0 0 0 0 0 0 0 0 0
"76" 76 0.624087591241 233 1 1 1 0 0 0 0 0 0 0 0 0 0 0 0 0 0 0 0
"77" 77 0.31007751938 188 43 5 0 0 0 0 0 0 0 0 0 0 0 0 0 0 0 0 0
"78" 78 0.364238410596 235 1 0 0 0 0 0 0 0 0 0 0 0 0 0 0 0 0 0 0
"79" 79 0.139534883721 223 6 2 2 2 1 0 0 0 0 0 0 0 0 0 0 0 0 0 0
"80" 80 0.590717299578 51 50 37 31 18 15 11 9 6 5 2 1 0 0 0 0 0 0 0 0
"81" 81 0.145348837209 128 38 30 10 9 6 4 4 3 2 1 1 0 0 0 0 0 0 0 0
"82" 82 0.0304568527919 207 29 0 0 0 0 0 0 0 0 0 0 0 0 0 0 0 0 0 0
"83" 83 0.0153846153846 164 59 5 4 2 1 1 0 0 0 0 0 0 0 0 0 0 0 0 0
"84" 84 0.0 166 44 16 5 1 1 1 1 1 0 0 0 0 0 0 0 0 0 0 0
"85" 85 0.00574712643678 210 17 8 1 0 0 0 0 0 0 0 0 0 0 0 0 0 0 0 0
"86" 86 0.0 137 41 33 25 0 0 0 0 0 0 0 0 0 0 0 0 0 0 0 0
"87" 87 0.0062893081761 235 1 0 0 0 0 0 0 0 0 0 0 0 0 0 0 0 0 0 0
"88" 88 0.0380228136882 227 3 3 2 1 0 0 0 0 0 0 0 0 0 0 0 0 0 0 0
"89" 89 0.0190114068441 122 112 1 1 0 0 0 0 0 0 0 0 0 0 0 0 0 0 0 0
"90" 90 0.00961538461538 221 10 2 2 1 0 0 0 0 0 0 0 0 0 0 0 0 0 0 0
"91" 91 0.300380228137 233 1 1 1 0 0 0 0 0 0 0 0 0 0 0 0 0 0 0 0
"92" 92 0.0232558139535 212 17 6 1 0 0 0 0 0 0 0 0 0 0 0 0 0 0 0 0
"93" 93 0.372262773723 234 2 0 0 0 0 0 0 0 0 0 0 0 0 0 0 0 0 0 0
"94" 94 0.233183856502 220 9 3 2 2 0 0 0 0 0 0 0 0 0 0 0 0 0 0 0
"95" 95 0.160621761658 230 6 0 0 0 0 0 0 0 0 0 0 0 0 0 0 0 0 0 0
"96" 96 0.656934306569 222 14 0 0 0 0 0 0 0 0 0 0 0 0 0 0 0 0 0 0
"97" 97 0.607594936709 190 40 3 2 1 0 0 0 0 0 0 0 0 0 0 0 0 0 0 0
"98" 98 0.880794701987 68 63 46 30 18 7 2 1 1 0 0 0 0 0 0 0 0 0 0 0
"99" 99 0.839416058394 235 1 0 0 0 0 0 0 0 0 0 0 0 0 0 0 0 0 0 0
"100" 100 0.441964285714 68 63 41 26 18 10 7 2 1 0 0 0 0 0 0 0 0 0 0 0
"101" 101 0.534591194969 216 11 9 0 0 0 0 0 0 0 0 0 0 0 0 0 0 0 0 0
"102" 102 0.319796954315 232 4 0 0 0 0 0 0 0 0 0 0 0 0 0 0 0 0 0 0
"103" 103 0.156976744186 141 85 8 2 0 0 0 0 0 0 0 0 0 0 0 0 0 0 0 0
"104" 104 0.0 219 15 2 0 0 0 0 0 0 0 0 0 0 0 0 0 0 0 0 0
"105" 105 0.316455696203 215 18 3 0 0 0 0 0 0 0 0 0 0 0 0 0 0 0 0 0
"106" 106 0.492537313433 195 32 4 3 1 1 0 0 0 0 0 0 0 0 0 0 0 0 0 0
"107" 107 0.0167364016736 200 17 5 5 4 2 2 1 0 0 0 0 0 0 0 0 0 0 0 0
"108" 108 0.0 229 6 1 0 0 0 0 0 0 0 0 0 0 0 0 0 0 0 0 0
"109" 109 0.323076923077 148 74 3 3 3 3 1 1 0 0 0 0 0 0 0 0 0 0 0 0
"110" 110 0.338308457711 150 68 8 6 2 1 1 0 0 0 0 0 0 0 0 0 0 0 0 0
"111" 111 0.0 114 101 14 3 3 1 0 0 0 0 0 0 0 0 0 0 0 0 0 0
"112" 112 0.209821428571 100 55 25 19 19 7 2 2 2 2 1 1 1 0 0 0 0 0 0 0
"113" 113 0.668604651163 60 45 26 23 22 16 14 8 6 5 4 3 2 1 1 0 0 0 0 0
"114" 114 0.108527131783 179 31 14 6 3 1 1 1 0 0 0 0 0 0 0 0 0 0 0 0
"115" 115 0.182692307692 231 2 1 1 1 0 0 0 0 0 0 0 0 0 0 0 0 0 0 0
"116" 116 0.077519379845 134 54 36 3 3 2 2 1 1 0 0 0 0 0 0 0 0 0 0 0
"117" 117 0.296511627907 122 35 35 13 9 7 7 5 2 1 0 0 0 0 0 0 0 0 0 0
"118" 118 0.222627737226 233 2 1 0 0 0 0 0 0 0 0 0 0 0 0 0 0 0 0 0
"119" 119 0.0 181 29 17 7 1 1 0 0 0 0 0 0 0 0 0 0 0 0 0 0
"120" 120 0.00507614213198 132 50 41 12 1 0 0 0 0 0 0 0 0 0 0 0 0 0 0 0
"121" 121 0.0 183 28 16 5 3 1 0 0 0 0 0 0 0 0 0 0 0 0 0 0
"122" 122 0.00497512437811 91 63 52 24 4 2 0 0 0 0 0 0 0 0 0 0 0 0 0 0
"123" 123 0.0621761658031 233 2 1 0 0 0 0 0 0 0 0 0 0 0 0 0 0 0 0 0
"124" 124 0.0248756218905 227 5 3 1 0 0 0 0 0 0 0 0 0 0 0 0 0 0 0 0
"125" 125 0.311004784689 236 0 0 0 0 0 0 0 0 0 0 0 0 0 0 0 0 0 0 0
"126" 126 0.046511627907 212 17 3 2 1 1 0 0 0 0 0 0 0 0 0 0 0 0 0 0
"127" 127 0.465408805031 77 44 37 34 15 9 8 8 2 2 0 0 0 0 0 0 0 0 0 0
"128" 128 0.587443946188 230 6 0 0 0 0 0 0 0 0 0 0 0 0 0 0 0 0 0 0
"129" 129 0.0 217 12 4 1 1 1 0 0 0 0 0 0 0 0 0 0 0 0 0 0
"130" 130 0.322869955157 229 3 1 1 1 1 0 0 0 0 0 0 0 0 0 0 0 0 0 0
"131" 131 0.567307692308 234 2 0 0 0 0 0 0 0 0 0 0 0 0 0 0 0 0 0 0
"132" 132 0.196652719665 222 14 0 0 0 0 0 0 0 0 0 0 0 0 0 0 0 0 0 0
"133" 133 0.0418410041841 235 1 0 0 0 0 0 0 0 0 0 0 0 0 0 0 0 0 0 0
"134" 134 0.777202072539 171 51 5 3 2 2 1 1 0 0 0 0 0 0 0 0 0 0 0 0
"135" 135 0.162436548223 189 29 6 5 3 2 2 0 0 0 0 0 0 0 0 0 0 0 0 0
"136" 136 0.421383647799 234 1 1 0 0 0 0 0 0 0 0 0 0 0 0 0 0 0 0 0
"137" 137 0.116751269036 178 20 12 11 7 3 2 2 1 0 0 0 0 0 0 0 0 0 0 0
"138" 138 0.238341968912 234 1 1 0 0 0 0 0 0 0 0 0 0 0 0 0 0 0 0 0
"139" 139 0.157894736842 121 100 5 4 3 1 1 1 0 0 0 0 0 0 0 0 0 0 0 0
"140" 140 0.0 179 25 22 6 2 2 0 0 0 0 0 0 0 0 0 0 0 0 0 0
"141" 141 0.298165137615 104 31 18 16 12 10 7 6 5 4 4 4 3 3 3 3 2 1 0 0
"142" 142 0.0 128 82 14 8 2 1 1 0 0 0 0 0 0 0 0 0 0 0 0 0
"143" 143 0.0632183908046 56 53 37 18 14 12 9 8 7 6 5 3 3 2 1 1 1 0 0 0
"144" 144 0.314465408805 189 11 6 4 4 4 3 2 2 2 2 2 1 1 1 1 1 0 0 0
"145" 145 0.218274111675 83 74 57 8 5 2 1 1 1 1 0 0 0 0 0 0 0 0 0 0
"146" 146 0.00497512437811 121 50 36 18 4 2 2 1 0 0 0 0 0 0 0 0 0 0 0 0
"147" 147 0.0 89 58 13 13 12 6 6 5 5 4 4 4 3 3 2 1 1 0 0 0
"148" 148 0.584821428571 65 42 26 22 16 12 12 11 10 7 6 4 1 0 0 0 0 0 0 0
"149" 149 0.148288973384 129 58 23 4 4 4 2 2 2 1 0 0 0 0 0 0 0 0 0 0
"150" 150 0.00418410041841 89 59 40 17 9 7 4 2 2 1 1 1 1 0 0 0 0 0 0 0
"151" 151 0.392857142857 60 45 29 18 14 11 9 8 6 5 5 4 4 4 3 3 3 1 1 0
"152" 152 0.490384615385 41 37 34 27 15 15 14 13 11 10 5 2 2 2 1 1 0 0 0 0
"153" 153 0.35864978903 81 29 27 17 12 10 9 8 6 6 5 5 3 3 3 2 2 0 0 0
"154" 154 0.723076923077 53 42 34 24 15 11 8 7 6 5 5 4 3 3 2 2 2 1 0 0
"155" 155 0.179104477612 83 28 23 17 12 12 10 8 7 6 5 5 4 4 3 2 2 1 0 0
"156" 156 0.65625 72 59 30 12 11 11 10 7 7 6 4 3 1 1 0 0 0 0 0 0
"157" 157 0.414507772021 109 76 21 11 6 5 2 2 2 1 1 0 0 0 0 0 0 0 0 0
"158" 158 0.116751269036 78 50 34 30 13 9 8 4 4 3 1 1 1 0 0 0 0 0 0 0
"159" 159 0.00574712643678 147 35 30 11 5 3 1 1 1 1 1 0 0 0 0 0 0 0 0 0
"160" 160 0.0 158 69 3 2 1 1 1 1 0 0 0 0 0 0 0 0 0 0 0 0
"161" 161 0.00574712643678 211 18 4 2 1 0 0 0 0 0 0 0 0 0 0 0 0 0 0 0
"162" 162 0.00662251655629 219 16 1 0 0 0 0 0 0 0 0 0 0 0 0 0 0 0 0 0
"163" 163 0.0125786163522 235 1 0 0 0 0 0 0 0 0 0 0 0 0 0 0 0 0 0 0
"164" 164 0.290155440415 226 8 1 1 0 0 0 0 0 0 0 0 0 0 0 0 0 0 0 0
"165" 165 0.521531100478 89 42 42 23 17 9 7 3 3 1 0 0 0 0 0 0 0 0 0 0
"166" 166 0.576923076923 218 11 6 1 0 0 0 0 0 0 0 0 0 0 0 0 0 0 0 0
"167" 167 0.0 209 19 3 3 1 1 0 0 0 0 0 0 0 0 0 0 0 0 0 0
"168" 168 0.304597701149 195 12 12 10 4 2 1 0 0 0 0 0 0 0 0 0 0 0 0 0
"169" 169 0.575581395349 70 47 36 30 23 6 5 4 4 3 3 2 1 1 1 0 0 0 0 0
"170" 170 0.138686131387 222 4 3 2 1 1 1 1 1 0 0 0 0 0 0 0 0 0 0 0
"171" 171 0.0077519379845 224 5 4 2 1 0 0 0 0 0 0 0 0 0 0 0 0 0 0 0
"172" 172 0.554744525547 215 4 4 3 3 2 2 1 1 1 0 0 0 0 0 0 0 0 0 0
"173" 173 0.443037974684 96 47 22 16 11 9 8 7 6 4 4 1 1 1 1 1 1 0 0 0
"174" 174 0.0 95 70 18 18 15 14 3 1 1 1 0 0 0 0 0 0 0 0 0 0
"175" 175 0.031007751938 206 14 5 3 3 3 1 1 0 0 0 0 0 0 0 0 0 0 0 0
"176" 176 0.466321243523 103 52 27 14 12 11 6 6 2 1 1 1 0 0 0 0 0 0 0 0
"177" 177 0.273722627737 108 30 21 13 12 10 8 7 5 5 5 3 3 2 2 1 1 0 0 0
"178" 178 0.124378109453 186 29 10 6 4 1 0 0 0 0 0 0 0 0 0 0 0 0 0 0
"179" 179 0.742616033755 67 54 53 27 15 9 5 3 1 1 1 0 0 0 0 0 0 0 0 0
"180" 180 0.139534883721 119 28 20 18 17 15 11 3 2 2 1 0 0 0 0 0 0 0 0 0
"181" 181 0.440251572327 101 61 20 17 13 9 4 3 2 2 2 2 0 0 0 0 0 0 0 0
"182" 182 0.365482233503 144 67 14 7 3 1 0 0 0 0 0 0 0 0 0 0 0 0 0 0
"183" 183 0.0232558139535 209 17 5 3 2 0 0 0 0 0 0 0 0 0 0 0 0 0 0 0
"184" 184 0.197969543147 217 9 4 4 2 0 0 0 0 0 0 0 0 0 0 0 0 0 0 0
"185" 185 0.00507614213198 147 69 9 5 2 1 1 1 1 0 0 0 0 0 0 0 0 0 0 0
"186" 186 0.150259067358 209 6 6 5 3 3 2 1 1 0 0 0 0 0 0 0 0 0 0 0
"187" 187 0.544303797468 224 5 4 1 1 1 0 0 0 0 0 0 0 0 0 0 0 0 0 0
"188" 188 0.810218978102 209 9 5 4 3 2 2 2 0 0 0 0 0 0 0 0 0 0 0 0
"189" 189 0.371559633028 182 12 10 6 6 4 3 3 3 2 1 1 1 1 1 0 0 0 0 0
"190" 190 0.512820512821 146 35 14 12 8 5 4 2 2 2 2 1 1 1 0 0 0 0 0 0
"191" 191 0.197969543147 131 71 30 3 1 0 0 0 0 0 0 0 0 0 0 0 0 0 0 0
"192" 192 0.419540229885 206 28 1 1 0 0 0 0 0 0 0 0 0 0 0 0 0 0 0 0
"193" 193 0.423076923077 236 0 0 0 0 0 0 0 0 0 0 0 0 0 0 0 0 0 0 0
"194" 194 0.574358974359 141 45 32 6 3 3 2 2 1 1 0 0 0 0 0 0 0 0 0 0
"195" 195 0.0406091370558 201 32 1 1 1 0 0 0 0 0 0 0 0 0 0 0 0 0 0 0
"196" 196 0.647321428571 85 60 17 16 12 11 11 8 7 3 2 2 1 1 0 0 0 0 0 0
"197" 197 0.346153846154 189 34 11 2 0 0 0 0 0 0 0 0 0 0 0 0 0 0 0 0
"198" 198 0.130801687764 152 66 5 4 3 2 1 1 1 1 0 0 0 0 0 0 0 0 0 0
"199" 199 0.0 85 33 27 21 16 14 11 11 9 4 2 1 1 1 0 0 0 0 0 0
"200" 200 0.0 100 86 46 1 1 1 1 0 0 0 0 0 0 0 0 0 0 0 0 0
"201" 201 0.0 158 50 27 1 0 0 0 0 0 0 0 0 0 0 0 0 0 0 0 0
"202" 202 0.0 109 87 27 11 1 1 0 0 0 0 0 0 0 0 0 0 0 0 0 0
"203" 203 0.00507614213198 101 81 20 19 10 2 1 1 1 0 0 0 0 0 0 0 0 0 0 0
"204" 204 0.113989637306 235 1 0 0 0 0 0 0 0 0 0 0 0 0 0 0 0 0 0 0
"205" 205 0.020725388601 236 0 0 0 0 0 0 0 0 0 0 0 0 0 0 0 0 0 0 0
"206" 206 0.0609137055838 117 95 21 3 0 0 0 0 0 0 0 0 0 0 0 0 0 0 0 0
"207" 207 0.0253807106599 139 64 11 9 9 3 1 0 0 0 0 0 0 0 0 0 0 0 0 0
"208" 208 0.227979274611 214 8 8 3 2 1 0 0 0 0 0 0 0 0 0 0 0 0 0 0
"209" 209 0.31976744186 211 25 0 0 0 0 0 0 0 0 0 0 0 0 0 0 0 0 0 0
"210" 210 0.031007751938 165 66 4 1 0 0 0 0 0 0 0 0 0 0 0 0 0 0 0 0
"211" 211 0.134615384615 208 5 5 3 2 2 2 2 2 2 2 1 0 0 0 0 0 0 0 0
"212" 212 0.441860465116 209 19 7 1 0 0 0 0 0 0 0 0 0 0 0 0 0 0 0 0
"213" 213 0.0253807106599 129 80 16 7 3 1 0 0 0 0 0 0 0 0 0 0 0 0 0 0
"214" 214 0.0348837209302 89 55 51 15 10 5 3 1 1 1 1 1 1 1 1 0 0 0 0 0
"215" 215 0.547263681592 54 47 28 25 24 22 9 7 5 4 3 3 2 2 1 0 0 0 0 0
"216" 216 0.0 181 40 8 4 2 1 0 0 0 0 0 0 0 0 0 0 0 0 0 0
"217" 217 0.0 209 11 5 3 3 2 1 1 1 0 0 0 0 0 0 0 0 0 0 0
"218" 218 0.379487179487 50 39 38 28 24 16 14 9 6 4 3 2 2 1 0 0 0 0 0 0
"219" 219 0.15503875969 149 29 19 12 9 7 4 3 2 1 1 0 0 0 0 0 0 0 0 0
"220" 220 0.00497512437811 205 12 9 4 2 2 1 1 0 0 0 0 0 0 0 0 0 0 0 0
"221" 221 0.379310344828 105 31 24 20 13 11 8 4 4 4 3 3 2 2 1 1 0 0 0 0
"222" 222 0.723214285714 107 31 29 17 17 13 9 6 4 2 1 0 0 0 0 0 0 0 0 0
"223" 223 0.394871794872 52 38 36 24 23 18 9 9 8 5 5 5 2 1 1 0 0 0 0 0
"224" 224 0.326923076923 235 1 0 0 0 0 0 0 0 0 0 0 0 0 0 0 0 0 0 0
"225" 225 0.108527131783 228 6 1 1 0 0 0 0 0 0 0 0 0 0 0 0 0 0 0 0
"226" 226 0.409282700422 94 35 23 19 13 11 9 7 7 4 4 3 3 2 1 1 0 0 0 0
"227" 227 0.214285714286 84 43 33 31 19 9 5 4 3 3 2 0 0 0 0 0 0 0 0 0
"228" 228 0.0172413793103 198 35 3 0 0 0 0 0 0 0 0 0 0 0 0 0 0 0 0 0
"229" 229 0.0342205323194 103 20 19 19 18 12 12 8 8 6 5 2 1 1 1 1 0 0 0 0
"230" 230 0.0 195 17 8 5 4 3 3 1 0 0 0 0 0 0 0 0 0 0 0 0
"231" 231 0.0 84 72 28 13 12 11 6 4 4 2 0 0 0 0 0 0 0 0 0 0
"232" 232 0.00632911392405 90 88 29 21 4 3 1 0 0 0 0 0 0 0 0 0 0 0 0 0
"233" 233 0.0116279069767 197 32 6 1 0 0 0 0 0 0 0 0 0 0 0 0 0 0 0 0
"234" 234 0.0143540669856 236 0 0 0 0 0 0 0 0 0 0 0 0 0 0 0 0 0 0 0
"235" 235 0.0188679245283 95 89 51 1 0 0 0 0 0 0 0 0 0 0 0 0 0 0 0 0
"236" 236 0.218390804598 188 31 17 0 0 0 0 0 0 0 0 0 0 0 0 0 0 0 0 0
"237" 237 0.0547263681592 184 48 2 1 1 0 0 0 0 0 0 0 0 0 0 0 0 0 0 0
"238" 238 0.304635761589 213 9 5 5 2 1 1 0 0 0 0 0 0 0 0 0 0 0 0 0
"239" 239 0.519230769231 207 6 6 5 3 2 2 1 1 1 1 1 0 0 0 0 0 0 0 0
"240" 240 0.314465408805 130 23 21 16 14 8 7 7 4 1 1 1 1 1 1 0 0 0 0 0
"241" 241 0.0 230 4 1 1 0 0 0 0 0 0 0 0 0 0 0 0 0 0 0 0
"242" 242 0.0172413793103 87 70 17 15 10 7 5 5 4 3 3 3 2 2 1 1 1 0 0 0
"243" 243 0.388392857143 126 43 19 17 11 8 7 2 2 1 0 0 0 0 0 0 0 0 0 0
"244" 244 0.386861313869 170 33 12 6 4 3 3 1 1 1 1 1 0 0 0 0 0 0 0 0
"245" 245 0.0152284263959 138 80 17 1 0 0 0 0 0 0 0 0 0 0 0 0 0 0 0 0
"246" 246 0.169230769231 52 34 26 25 25 20 18 14 9 5 3 3 1 1 0 0 0 0 0 0
"247" 247 0.707692307692 82 39 29 24 20 16 8 6 4 3 2 1 1 1 0 0 0 0 0 0
"248" 248 0.0662251655629 193 21 13 3 2 1 1 1 1 0 0 0 0 0 0 0 0 0 0 0
"249" 249 0.273255813953 57 41 32 20 14 11 11 8 8 7 6 5 5 3 3 2 1 1 1 0
"250" 250 0.010152284264 106 101 15 8 3 2 1 0 0 0 0 0 0 0 0 0 0 0 0 0
"251" 251 0.476793248945 88 61 47 11 8 5 5 4 2 2 1 1 0 0 0 0 0 0 0 0
"252" 252 0.147321428571 158 34 11 9 8 3 3 2 2 2 1 1 1 0 0 0 0 0 0 0
"253" 253 0.0 114 72 33 8 5 2 1 0 0 0 0 0 0 0 0 0 0 0 0 0
"254" 254 0.0 151 54 10 4 4 4 2 2 2 1 1 0 0 0 0 0 0 0 0 0
"255" 255 0.00574712643678 140 64 10 7 4 4 3 2 1 0 0 0 0 0 0 0 0 0 0 0
"256" 256 0.00581395348837 200 16 11 5 3 0 0 0 0 0 0 0 0 0 0 0 0 0 0 0
"257" 257 0.107692307692 161 74 0 0 0 0 0 0 0 0 0 0 0 0 0 0 0 0 0 0
"258" 258 0.0 155 79 1 0 0 0 0 0 0 0 0 0 0 0 0 0 0 0 0 0
"259" 259 0.0558375634518 198 24 11 1 0 0 0 0 0 0 0 0 0 0 0 0 0 0 0 0
"260" 260 0.261603375527 131 18 15 11 9 9 6 5 5 4 4 3 2 2 2 2 1 0 0 0
"261" 261 0.199004975124 130 23 19 15 11 10 8 3 3 3 2 1 1 1 0 0 0 0 0 0
"262" 262 0.245283018868 82 35 31 13 12 9 9 7 7 6 6 5 2 2 1 0 0 0 0 0
"263" 263 0.732142857143 98 32 24 21 12 12 6 5 4 3 3 2 1 1 0 0 0 0 0 0
"264" 264 0.6875 62 42 37 26 9 8 7 7 7 7 3 2 2 2 1 0 0 0 0 0
"265" 265 0.270042194093 87 30 23 16 9 8 6 5 5 4 4 3 3 2 1 1 1 0 0 0
"266" 266 0.658227848101 52 27 24 23 16 11 11 9 7 5 5 4 4 4 4 3 2 2 1 1
"267" 267 0.0355329949239 57 32 25 22 21 19 13 10 9 6 4 2 1 1 1 1 0 0 0 0
"268" 268 0.575892857143 55 39 35 27 16 16 15 9 9 4 2 2 1 1 1 1 0 0 0 0
"269" 269 0.302919708029 161 34 19 10 3 2 2 1 1 1 0 0 0 0 0 0 0 0 0 0
"270" 270 0.255230125523 145 45 17 17 6 2 2 0 0 0 0 0 0 0 0 0 0 0 0 0
"271" 271 0.413502109705 78 63 29 25 10 6 6 5 3 3 2 1 1 1 1 0 0 0 0 0
"272" 272 0.291479820628 97 58 21 19 9 8 7 5 3 2 2 1 1 1 0 0 0 0 0 0
"273" 273 0.114427860697 153 44 30 4 2 1 1 0 0 0 0 0 0 0 0 0 0 0 0 0
"274" 274 0.278145695364 180 37 12 2 2 1 1 0 0 0 0 0 0 0 0 0 0 0 0 0
"275" 275 0.00574712643678 131 52 17 16 8 5 4 2 0 0 0 0 0 0 0 0 0 0 0 0
"276" 276 0.0 173 33 21 4 1 1 1 1 0 0 0 0 0 0 0 0 0 0 0 0
"277" 277 0.440251572327 98 25 24 17 15 11 10 9 8 6 4 3 2 2 1 0 0 0 0 0
"278" 278 0.179104477612 180 20 15 13 3 2 1 1 0 0 0 0 0 0 0 0 0 0 0 0
"279" 279 0.00497512437811 122 47 35 21 10 0 0 0 0 0 0 0 0 0 0 0 0 0 0 0
"280" 280 0.0 137 92 5 1 0 0 0 0 0 0 0 0 0 0 0 0 0 0 0 0
"281" 281 0.290178571429 163 21 17 11 7 4 3 2 2 2 2 1 0 0 0 0 0 0 0 0
"282" 282 0.0077519379845 174 33 14 9 2 1 1 1 0 0 0 0 0 0 0 0 0 0 0 0
"283" 283 0.0 204 12 12 4 2 1 0 0 0 0 0 0 0 0 0 0 0 0 0 0
"284" 284 0.223350253807 76 29 26 15 14 9 9 8 8 7 7 6 5 4 4 4 4 0 0 0
"285" 285 0.164233576642 194 14 6 5 4 2 2 2 2 1 1 1 1 0 0 0 0 0 0 0
"286" 286 0.0919540229885 167 50 11 5 1 1 0 0 0 0 0 0 0 0 0 0 0 0 0 0
"287" 287 0.22009569378 94 33 31 20 16 11 6 5 5 4 4 3 1 1 1 0 0 0 0 0
"288" 288 0.473214285714 69 56 16 15 14 12 12 11 10 6 5 2 2 2 1 1 1 0 0 0
"289" 289 0.798206278027 70 47 41 32 9 9 7 6 6 5 1 1 1 0 0 0 0 0 0 0
"290" 290 0.340807174888 87 24 21 19 17 16 15 15 6 4 4 4 2 1 0 0 0 0 0 0
"291" 291 0.437086092715 202 27 4 2 0 0 0 0 0 0 0 0 0 0 0 0 0 0 0 0
"292" 292 0.114942528736 163 49 21 2 0 0 0 0 0 0 0 0 0 0 0 0 0 0 0 0
"293" 293 0.516556291391 203 13 5 4 3 3 2 1 1 0 0 0 0 0 0 0 0 0 0 0
"294" 294 0.631178707224 92 26 24 23 14 12 9 9 7 4 3 3 2 2 1 1 1 1 0 0
"295" 295 0.199004975124 196 21 12 4 1 0 0 0 0 0 0 0 0 0 0 0 0 0 0 0
"296" 296 0.573221757322 222 7 1 1 0 0 0 0 0 0 0 0 0 0 0 0 0 0 0 0
