"site" "RSA" "aa1" "aa2" "aa3" "aa4" "aa5" "aa6" "aa7" "aa8" "aa9" "aa10" "aa11" "aa12" "aa13" "aa14" "aa15" "aa16" "aa17" "aa18" "aa19" "aa20"
"0" 0 0.736040609137 496 4 0 0 0 0 0 0 0 0 0 0 0 0 0 0 0 0 0 0
"1" 1 0.157232704403 483 17 0 0 0 0 0 0 0 0 0 0 0 0 0 0 0 0 0 0
"2" 2 0.527131782946 455 28 17 0 0 0 0 0 0 0 0 0 0 0 0 0 0 0 0 0
"3" 3 0.154811715481 497 3 0 0 0 0 0 0 0 0 0 0 0 0 0 0 0 0 0 0
"4" 4 0.488038277512 472 28 0 0 0 0 0 0 0 0 0 0 0 0 0 0 0 0 0 0
"5" 5 0.553459119497 499 1 0 0 0 0 0 0 0 0 0 0 0 0 0 0 0 0 0 0
"6" 6 0.644230769231 500 0 0 0 0 0 0 0 0 0 0 0 0 0 0 0 0 0 0 0
"7" 7 0.482142857143 500 0 0 0 0 0 0 0 0 0 0 0 0 0 0 0 0 0 0 0
"8" 8 0.174129353234 495 3 2 0 0 0 0 0 0 0 0 0 0 0 0 0 0 0 0 0
"9" 9 0.0512820512821 489 10 1 0 0 0 0 0 0 0 0 0 0 0 0 0 0 0 0 0
"10" 10 0.373563218391 179 123 111 77 6 4 0 0 0 0 0 0 0 0 0 0 0 0 0 0
"11" 11 0.0570342205323 191 175 47 46 13 11 8 6 3 0 0 0 0 0 0 0 0 0 0 0
"12" 12 0.35761589404 382 117 1 0 0 0 0 0 0 0 0 0 0 0 0 0 0 0 0 0
"13" 13 0.325581395349 243 206 49 2 0 0 0 0 0 0 0 0 0 0 0 0 0 0 0 0
"14" 14 0.213836477987 497 2 1 0 0 0 0 0 0 0 0 0 0 0 0 0 0 0 0 0
"15" 15 0.384615384615 250 237 7 6 0 0 0 0 0 0 0 0 0 0 0 0 0 0 0 0
"16" 16 0.321243523316 288 190 7 7 4 4 0 0 0 0 0 0 0 0 0 0 0 0 0 0
"17" 17 0.0 453 46 1 0 0 0 0 0 0 0 0 0 0 0 0 0 0 0 0 0
"18" 18 0.0697674418605 490 10 0 0 0 0 0 0 0 0 0 0 0 0 0 0 0 0 0 0
"19" 19 0.326424870466 337 117 42 4 0 0 0 0 0 0 0 0 0 0 0 0 0 0 0 0
"20" 20 0.00574712643678 435 65 0 0 0 0 0 0 0 0 0 0 0 0 0 0 0 0 0 0
"21" 21 0.0132450331126 499 1 0 0 0 0 0 0 0 0 0 0 0 0 0 0 0 0 0 0
"22" 22 0.459854014599 396 81 17 5 1 0 0 0 0 0 0 0 0 0 0 0 0 0 0 0
"23" 23 0.302325581395 456 38 5 1 0 0 0 0 0 0 0 0 0 0 0 0 0 0 0 0
"24" 24 0.0845771144279 473 24 3 0 0 0 0 0 0 0 0 0 0 0 0 0 0 0 0 0
"25" 25 0.350364963504 498 2 0 0 0 0 0 0 0 0 0 0 0 0 0 0 0 0 0 0
"26" 26 0.73631840796 333 124 42 1 0 0 0 0 0 0 0 0 0 0 0 0 0 0 0 0
"27" 27 0.563953488372 440 32 23 5 0 0 0 0 0 0 0 0 0 0 0 0 0 0 0 0
"28" 28 0.480769230769 500 0 0 0 0 0 0 0 0 0 0 0 0 0 0 0 0 0 0 0
"29" 29 0.215328467153 256 218 21 3 1 1 0 0 0 0 0 0 0 0 0 0 0 0 0 0
"30" 30 0.284671532847 465 35 0 0 0 0 0 0 0 0 0 0 0 0 0 0 0 0 0 0
"31" 31 0.00574712643678 499 1 0 0 0 0 0 0 0 0 0 0 0 0 0 0 0 0 0 0
"32" 32 0.0 494 5 1 0 0 0 0 0 0 0 0 0 0 0 0 0 0 0 0 0
"33" 33 0.0 499 1 0 0 0 0 0 0 0 0 0 0 0 0 0 0 0 0 0 0
"34" 34 0.0 500 0 0 0 0 0 0 0 0 0 0 0 0 0 0 0 0 0 0 0
"35" 35 0.157232704403 208 117 74 49 26 17 6 2 1 0 0 0 0 0 0 0 0 0 0 0
"36" 36 0.0872093023256 443 57 0 0 0 0 0 0 0 0 0 0 0 0 0 0 0 0 0 0
"37" 37 0.587155963303 236 173 41 22 21 4 2 1 0 0 0 0 0 0 0 0 0 0 0 0
"38" 38 0.0192307692308 500 0 0 0 0 0 0 0 0 0 0 0 0 0 0 0 0 0 0 0
"39" 39 0.341085271318 385 99 16 0 0 0 0 0 0 0 0 0 0 0 0 0 0 0 0 0
"40" 40 0.0149253731343 366 57 36 30 4 4 2 1 0 0 0 0 0 0 0 0 0 0 0 0
"41" 41 0.11961722488 454 40 6 0 0 0 0 0 0 0 0 0 0 0 0 0 0 0 0 0
"42" 42 0.379464285714 491 7 2 0 0 0 0 0 0 0 0 0 0 0 0 0 0 0 0 0
"43" 43 0.115384615385 245 208 25 12 7 3 0 0 0 0 0 0 0 0 0 0 0 0 0 0
"44" 44 0.143540669856 209 159 62 27 21 9 7 4 2 0 0 0 0 0 0 0 0 0 0 0
"45" 45 0.0149253731343 498 1 1 0 0 0 0 0 0 0 0 0 0 0 0 0 0 0 0 0
"46" 46 0.15503875969 455 22 14 7 2 0 0 0 0 0 0 0 0 0 0 0 0 0 0 0
"47" 47 0.089552238806 262 224 14 0 0 0 0 0 0 0 0 0 0 0 0 0 0 0 0 0
"48" 48 0.0114942528736 343 157 0 0 0 0 0 0 0 0 0 0 0 0 0 0 0 0 0 0
"49" 49 0.317518248175 287 170 40 2 1 0 0 0 0 0 0 0 0 0 0 0 0 0 0 0
"50" 50 0.0852713178295 474 21 3 2 0 0 0 0 0 0 0 0 0 0 0 0 0 0 0 0
"51" 51 0.0 499 1 0 0 0 0 0 0 0 0 0 0 0 0 0 0 0 0 0 0
"52" 52 0.333333333333 483 17 0 0 0 0 0 0 0 0 0 0 0 0 0 0 0 0 0 0
"53" 53 0.649635036496 477 21 2 0 0 0 0 0 0 0 0 0 0 0 0 0 0 0 0 0
"54" 54 0.051724137931 349 62 50 35 4 0 0 0 0 0 0 0 0 0 0 0 0 0 0 0
"55" 55 0.610062893082 500 0 0 0 0 0 0 0 0 0 0 0 0 0 0 0 0 0 0 0
"56" 56 0.461538461538 500 0 0 0 0 0 0 0 0 0 0 0 0 0 0 0 0 0 0 0
"57" 57 0.0331125827815 500 0 0 0 0 0 0 0 0 0 0 0 0 0 0 0 0 0 0 0
"58" 58 0.0 257 239 3 1 0 0 0 0 0 0 0 0 0 0 0 0 0 0 0 0
"59" 59 0.0 482 18 0 0 0 0 0 0 0 0 0 0 0 0 0 0 0 0 0 0
"60" 60 0.0 499 1 0 0 0 0 0 0 0 0 0 0 0 0 0 0 0 0 0 0
"61" 61 0.0 500 0 0 0 0 0 0 0 0 0 0 0 0 0 0 0 0 0 0 0
"62" 62 0.00662251655629 376 84 39 1 0 0 0 0 0 0 0 0 0 0 0 0 0 0 0 0
"63" 63 0.152284263959 381 54 32 27 6 0 0 0 0 0 0 0 0 0 0 0 0 0 0 0
"64" 64 0.071129707113 490 9 1 0 0 0 0 0 0 0 0 0 0 0 0 0 0 0 0 0
"65" 65 0.551724137931 285 215 0 0 0 0 0 0 0 0 0 0 0 0 0 0 0 0 0 0
"66" 66 0.205128205128 248 149 42 34 22 3 1 1 0 0 0 0 0 0 0 0 0 0 0 0
"67" 67 0.358490566038 279 89 77 55 0 0 0 0 0 0 0 0 0 0 0 0 0 0 0 0
"68" 68 0.646788990826 263 224 13 0 0 0 0 0 0 0 0 0 0 0 0 0 0 0 0 0
"69" 69 0.22869955157 332 149 12 4 2 1 0 0 0 0 0 0 0 0 0 0 0 0 0 0
"70" 70 0.857740585774 389 111 0 0 0 0 0 0 0 0 0 0 0 0 0 0 0 0 0 0
"71" 71 0.730769230769 500 0 0 0 0 0 0 0 0 0 0 0 0 0 0 0 0 0 0 0
"72" 72 0.503875968992 377 68 53 2 0 0 0 0 0 0 0 0 0 0 0 0 0 0 0 0
"73" 73 1.18238993711 500 0 0 0 0 0 0 0 0 0 0 0 0 0 0 0 0 0 0 0
"74" 74 0.60621761658 446 54 0 0 0 0 0 0 0 0 0 0 0 0 0 0 0 0 0 0
"75" 75 0.497409326425 432 35 22 7 4 0 0 0 0 0 0 0 0 0 0 0 0 0 0 0
"76" 76 0.0362694300518 500 0 0 0 0 0 0 0 0 0 0 0 0 0 0 0 0 0 0 0
"77" 77 0.318407960199 125 119 84 66 56 40 3 3 2 2 0 0 0 0 0 0 0 0 0 0
"78" 78 0.472868217054 439 36 12 7 4 1 1 0 0 0 0 0 0 0 0 0 0 0 0 0
"79" 79 0.215246636771 470 22 8 0 0 0 0 0 0 0 0 0 0 0 0 0 0 0 0 0
"80" 80 0.00497512437811 343 44 43 41 10 7 7 5 0 0 0 0 0 0 0 0 0 0 0 0
"81" 81 0.63503649635 439 61 0 0 0 0 0 0 0 0 0 0 0 0 0 0 0 0 0 0
"82" 82 0.674418604651 329 170 1 0 0 0 0 0 0 0 0 0 0 0 0 0 0 0 0 0
"83" 83 0.183035714286 338 160 1 1 0 0 0 0 0 0 0 0 0 0 0 0 0 0 0 0
"84" 84 0.278846153846 500 0 0 0 0 0 0 0 0 0 0 0 0 0 0 0 0 0 0 0
"85" 85 0.00574712643678 500 0 0 0 0 0 0 0 0 0 0 0 0 0 0 0 0 0 0 0
"86" 86 0.0357142857143 496 3 1 0 0 0 0 0 0 0 0 0 0 0 0 0 0 0 0 0
"87" 87 0.0 500 0 0 0 0 0 0 0 0 0 0 0 0 0 0 0 0 0 0 0
"88" 88 0.0 293 58 53 49 32 9 3 2 1 0 0 0 0 0 0 0 0 0 0 0
"89" 89 0.0 488 12 0 0 0 0 0 0 0 0 0 0 0 0 0 0 0 0 0 0
"90" 90 0.197674418605 99 97 96 93 64 29 10 10 2 0 0 0 0 0 0 0 0 0 0 0
"91" 91 0.062893081761 500 0 0 0 0 0 0 0 0 0 0 0 0 0 0 0 0 0 0 0
"92" 92 0.482558139535 474 26 0 0 0 0 0 0 0 0 0 0 0 0 0 0 0 0 0 0
"93" 93 0.389534883721 251 123 70 27 18 9 1 1 0 0 0 0 0 0 0 0 0 0 0 0
"94" 94 0.542635658915 497 3 0 0 0 0 0 0 0 0 0 0 0 0 0 0 0 0 0 0
"95" 95 0.240310077519 474 23 3 0 0 0 0 0 0 0 0 0 0 0 0 0 0 0 0 0
"96" 96 0.0045871559633 429 64 7 0 0 0 0 0 0 0 0 0 0 0 0 0 0 0 0 0
"97" 97 0.117870722433 371 115 9 4 1 0 0 0 0 0 0 0 0 0 0 0 0 0 0 0
"98" 98 0.591194968553 448 48 4 0 0 0 0 0 0 0 0 0 0 0 0 0 0 0 0 0
"99" 99 0.533678756477 500 0 0 0 0 0 0 0 0 0 0 0 0 0 0 0 0 0 0 0
"100" 100 0.384615384615 500 0 0 0 0 0 0 0 0 0 0 0 0 0 0 0 0 0 0 0
"101" 101 0.492537313433 426 29 21 11 5 4 2 1 1 0 0 0 0 0 0 0 0 0 0 0
"102" 102 0.63503649635 500 0 0 0 0 0 0 0 0 0 0 0 0 0 0 0 0 0 0 0
"103" 103 0.738372093023 478 21 1 0 0 0 0 0 0 0 0 0 0 0 0 0 0 0 0 0
"104" 104 0.412790697674 449 24 12 10 5 0 0 0 0 0 0 0 0 0 0 0 0 0 0 0
"105" 105 0.0632183908046 377 105 17 1 0 0 0 0 0 0 0 0 0 0 0 0 0 0 0 0
"106" 106 0.775784753363 274 223 3 0 0 0 0 0 0 0 0 0 0 0 0 0 0 0 0 0
"107" 107 0.150943396226 416 57 8 6 5 5 1 1 1 0 0 0 0 0 0 0 0 0 0 0
"108" 108 0.269230769231 303 124 40 22 7 4 0 0 0 0 0 0 0 0 0 0 0 0 0 0
"109" 109 0.710691823899 381 97 15 7 0 0 0 0 0 0 0 0 0 0 0 0 0 0 0 0
"110" 110 0.0497512437811 340 54 53 35 14 2 1 1 0 0 0 0 0 0 0 0 0 0 0 0
"111" 111 0.0697674418605 310 98 44 32 15 1 0 0 0 0 0 0 0 0 0 0 0 0 0 0
"112" 112 0.511627906977 495 5 0 0 0 0 0 0 0 0 0 0 0 0 0 0 0 0 0 0
"113" 113 0.325892857143 361 123 15 1 0 0 0 0 0 0 0 0 0 0 0 0 0 0 0 0
"114" 114 0.0597014925373 396 66 20 12 3 2 1 0 0 0 0 0 0 0 0 0 0 0 0 0
"115" 115 0.107142857143 185 104 89 46 31 22 8 6 6 1 1 1 0 0 0 0 0 0 0 0
"116" 116 0.00961538461538 500 0 0 0 0 0 0 0 0 0 0 0 0 0 0 0 0 0 0 0
"117" 117 0.471153846154 256 244 0 0 0 0 0 0 0 0 0 0 0 0 0 0 0 0 0 0
"118" 118 0.459119496855 428 40 27 5 0 0 0 0 0 0 0 0 0 0 0 0 0 0 0 0
"119" 119 0.445255474453 500 0 0 0 0 0 0 0 0 0 0 0 0 0 0 0 0 0 0 0
"120" 120 0.59748427673 436 59 5 0 0 0 0 0 0 0 0 0 0 0 0 0 0 0 0 0
"121" 121 0.273255813953 384 52 46 6 6 5 1 0 0 0 0 0 0 0 0 0 0 0 0 0
"122" 122 0.363636363636 225 79 53 49 48 28 14 4 0 0 0 0 0 0 0 0 0 0 0 0
"123" 123 0.0251046025105 298 80 66 28 8 5 4 3 3 2 1 1 1 0 0 0 0 0 0 0
"124" 124 0.116279069767 280 192 14 8 5 1 0 0 0 0 0 0 0 0 0 0 0 0 0 0
"125" 125 0.0384615384615 287 90 54 43 17 5 4 0 0 0 0 0 0 0 0 0 0 0 0 0
"126" 126 0.114942528736 224 160 29 28 17 14 12 5 4 4 2 1 0 0 0 0 0 0 0 0
"127" 127 0.0248756218905 366 80 51 1 1 1 0 0 0 0 0 0 0 0 0 0 0 0 0 0
"128" 128 0.046511627907 499 1 0 0 0 0 0 0 0 0 0 0 0 0 0 0 0 0 0 0
"129" 129 0.0804597701149 154 135 100 64 32 9 6 0 0 0 0 0 0 0 0 0 0 0 0 0
"130" 130 0.0344827586207 371 57 31 18 13 10 0 0 0 0 0 0 0 0 0 0 0 0 0 0
"131" 131 0.194029850746 377 57 40 25 1 0 0 0 0 0 0 0 0 0 0 0 0 0 0 0
"132" 132 0.274261603376 372 68 28 20 12 0 0 0 0 0 0 0 0 0 0 0 0 0 0 0
"133" 133 0.0199004975124 372 49 37 26 12 2 1 1 0 0 0 0 0 0 0 0 0 0 0 0
"134" 134 0.0398009950249 487 13 0 0 0 0 0 0 0 0 0 0 0 0 0 0 0 0 0 0
"135" 135 0.443946188341 314 114 70 1 1 0 0 0 0 0 0 0 0 0 0 0 0 0 0 0
"136" 136 0.10152284264 499 1 0 0 0 0 0 0 0 0 0 0 0 0 0 0 0 0 0 0
"137" 137 0.0 498 1 1 0 0 0 0 0 0 0 0 0 0 0 0 0 0 0 0 0
"138" 138 0.379562043796 408 92 0 0 0 0 0 0 0 0 0 0 0 0 0 0 0 0 0 0
"139" 139 0.0377358490566 500 0 0 0 0 0 0 0 0 0 0 0 0 0 0 0 0 0 0 0
"140" 140 0.238341968912 498 2 0 0 0 0 0 0 0 0 0 0 0 0 0 0 0 0 0 0
"141" 141 0.324817518248 252 176 67 4 1 0 0 0 0 0 0 0 0 0 0 0 0 0 0 0
"142" 142 0.0 479 13 5 3 0 0 0 0 0 0 0 0 0 0 0 0 0 0 0 0
"143" 143 0.0209205020921 495 3 2 0 0 0 0 0 0 0 0 0 0 0 0 0 0 0 0 0
"144" 144 0.0376569037657 449 19 11 8 5 4 4 0 0 0 0 0 0 0 0 0 0 0 0 0
"145" 145 0.144230769231 285 203 10 2 0 0 0 0 0 0 0 0 0 0 0 0 0 0 0 0
"146" 146 0.223214285714 402 85 11 1 1 0 0 0 0 0 0 0 0 0 0 0 0 0 0 0
"147" 147 0.135021097046 445 46 8 1 0 0 0 0 0 0 0 0 0 0 0 0 0 0 0 0
"148" 148 0.248704663212 229 134 40 35 17 12 11 9 5 3 2 2 1 0 0 0 0 0 0 0
"149" 149 0.0988593155894 415 61 12 5 4 2 1 0 0 0 0 0 0 0 0 0 0 0 0 0
"150" 150 0.0224215246637 291 204 3 1 1 0 0 0 0 0 0 0 0 0 0 0 0 0 0 0
"151" 151 0.170403587444 231 143 79 16 14 9 3 2 1 1 1 0 0 0 0 0 0 0 0 0
"152" 152 0.0199004975124 154 121 115 57 35 9 5 4 0 0 0 0 0 0 0 0 0 0 0 0
"153" 153 0.0862068965517 460 25 7 3 2 1 1 1 0 0 0 0 0 0 0 0 0 0 0 0
"154" 154 0.0 256 65 57 56 20 20 16 5 3 2 0 0 0 0 0 0 0 0 0 0
"155" 155 0.0 426 35 13 12 5 4 2 1 1 1 0 0 0 0 0 0 0 0 0 0
"156" 156 0.430656934307 269 85 75 65 3 1 1 1 0 0 0 0 0 0 0 0 0 0 0 0
"157" 157 0.273542600897 374 71 24 16 4 4 4 2 1 0 0 0 0 0 0 0 0 0 0 0
"158" 158 0.0248756218905 487 11 2 0 0 0 0 0 0 0 0 0 0 0 0 0 0 0 0 0
"159" 159 0.103448275862 487 13 0 0 0 0 0 0 0 0 0 0 0 0 0 0 0 0 0 0
"160" 160 0.503875968992 410 79 11 0 0 0 0 0 0 0 0 0 0 0 0 0 0 0 0 0
"161" 161 0.564766839378 483 13 4 0 0 0 0 0 0 0 0 0 0 0 0 0 0 0 0 0
"162" 162 0.422594142259 328 145 17 9 1 0 0 0 0 0 0 0 0 0 0 0 0 0 0 0
"163" 163 0.74358974359 499 1 0 0 0 0 0 0 0 0 0 0 0 0 0 0 0 0 0 0
"164" 164 0.139303482587 499 1 0 0 0 0 0 0 0 0 0 0 0 0 0 0 0 0 0 0
"165" 165 0.839378238342 499 1 0 0 0 0 0 0 0 0 0 0 0 0 0 0 0 0 0 0
"166" 166 0.114942528736 500 0 0 0 0 0 0 0 0 0 0 0 0 0 0 0 0 0 0 0
"167" 167 0.356589147287 485 8 7 0 0 0 0 0 0 0 0 0 0 0 0 0 0 0 0 0
"168" 168 0.103448275862 496 3 1 0 0 0 0 0 0 0 0 0 0 0 0 0 0 0 0 0
"169" 169 0.247126436782 333 136 31 0 0 0 0 0 0 0 0 0 0 0 0 0 0 0 0 0
"170" 170 0.201923076923 130 110 63 41 35 34 34 28 12 7 3 2 1 0 0 0 0 0 0 0
"171" 171 0.0689655172414 495 3 2 0 0 0 0 0 0 0 0 0 0 0 0 0 0 0 0 0
"172" 172 0.559748427673 500 0 0 0 0 0 0 0 0 0 0 0 0 0 0 0 0 0 0 0
"173" 173 0.156976744186 476 14 5 3 2 0 0 0 0 0 0 0 0 0 0 0 0 0 0 0
"174" 174 0.235632183908 399 63 18 12 5 2 1 0 0 0 0 0 0 0 0 0 0 0 0 0
"175" 175 0.273722627737 382 79 35 4 0 0 0 0 0 0 0 0 0 0 0 0 0 0 0 0
"176" 176 0.339285714286 397 84 7 6 2 2 1 1 0 0 0 0 0 0 0 0 0 0 0 0
"177" 177 0.875968992248 481 19 0 0 0 0 0 0 0 0 0 0 0 0 0 0 0 0 0 0
"178" 178 0.357512953368 462 28 7 2 1 0 0 0 0 0 0 0 0 0 0 0 0 0 0 0
"179" 179 0.144230769231 500 0 0 0 0 0 0 0 0 0 0 0 0 0 0 0 0 0 0 0
"180" 180 0.044776119403 254 245 1 0 0 0 0 0 0 0 0 0 0 0 0 0 0 0 0 0
"181" 181 0.0387596899225 488 7 3 1 1 0 0 0 0 0 0 0 0 0 0 0 0 0 0 0
"182" 182 0.128440366972 490 6 2 1 1 0 0 0 0 0 0 0 0 0 0 0 0 0 0 0
"183" 183 0.105960264901 327 93 71 3 3 2 1 0 0 0 0 0 0 0 0 0 0 0 0 0
"184" 184 0.245033112583 444 33 13 7 2 1 0 0 0 0 0 0 0 0 0 0 0 0 0 0
"185" 185 0.299270072993 328 98 40 24 10 0 0 0 0 0 0 0 0 0 0 0 0 0 0 0
"186" 186 0.123076923077 315 102 71 12 0 0 0 0 0 0 0 0 0 0 0 0 0 0 0 0
"187" 187 0.551094890511 483 17 0 0 0 0 0 0 0 0 0 0 0 0 0 0 0 0 0 0
"188" 188 0.673003802281 471 12 10 7 0 0 0 0 0 0 0 0 0 0 0 0 0 0 0 0
"189" 189 0.089552238806 500 0 0 0 0 0 0 0 0 0 0 0 0 0 0 0 0 0 0 0
"190" 190 0.39378238342 228 132 118 22 0 0 0 0 0 0 0 0 0 0 0 0 0 0 0 0
"191" 191 0.716981132075 424 39 37 0 0 0 0 0 0 0 0 0 0 0 0 0 0 0 0 0
"192" 192 0.565891472868 348 125 24 1 1 1 0 0 0 0 0 0 0 0 0 0 0 0 0 0
"193" 193 0.219730941704 228 170 102 0 0 0 0 0 0 0 0 0 0 0 0 0 0 0 0 0
"194" 194 0.262773722628 500 0 0 0 0 0 0 0 0 0 0 0 0 0 0 0 0 0 0 0
"195" 195 0.46511627907 358 138 4 0 0 0 0 0 0 0 0 0 0 0 0 0 0 0 0 0
"196" 196 0.263565891473 371 107 21 1 0 0 0 0 0 0 0 0 0 0 0 0 0 0 0 0
"197" 197 0.0 500 0 0 0 0 0 0 0 0 0 0 0 0 0 0 0 0 0 0 0
"198" 198 0.252873563218 462 28 7 2 1 0 0 0 0 0 0 0 0 0 0 0 0 0 0 0
"199" 199 0.0542635658915 442 37 21 0 0 0 0 0 0 0 0 0 0 0 0 0 0 0 0 0
"200" 200 0.0199004975124 462 37 1 0 0 0 0 0 0 0 0 0 0 0 0 0 0 0 0 0
"201" 201 0.0198675496689 235 111 111 27 13 3 0 0 0 0 0 0 0 0 0 0 0 0 0 0
"202" 202 0.333333333333 299 97 76 27 1 0 0 0 0 0 0 0 0 0 0 0 0 0 0 0
"203" 203 0.0077519379845 500 0 0 0 0 0 0 0 0 0 0 0 0 0 0 0 0 0 0 0
"204" 204 0.0 500 0 0 0 0 0 0 0 0 0 0 0 0 0 0 0 0 0 0 0
"205" 205 0.337209302326 320 145 30 3 1 1 0 0 0 0 0 0 0 0 0 0 0 0 0 0
"206" 206 0.286821705426 297 64 40 28 27 24 7 7 4 2 0 0 0 0 0 0 0 0 0 0
"207" 207 0.0 500 0 0 0 0 0 0 0 0 0 0 0 0 0 0 0 0 0 0 0
"208" 208 0.232558139535 324 173 2 1 0 0 0 0 0 0 0 0 0 0 0 0 0 0 0 0
"209" 209 0.66985645933 179 176 130 11 3 1 0 0 0 0 0 0 0 0 0 0 0 0 0 0
"210" 210 0.201550387597 235 207 27 15 13 3 0 0 0 0 0 0 0 0 0 0 0 0 0 0
"211" 211 0.0077519379845 498 2 0 0 0 0 0 0 0 0 0 0 0 0 0 0 0 0 0 0
"212" 212 0.691860465116 431 48 21 0 0 0 0 0 0 0 0 0 0 0 0 0 0 0 0 0
"213" 213 0.596899224806 482 11 7 0 0 0 0 0 0 0 0 0 0 0 0 0 0 0 0 0
"214" 214 0.201923076923 500 0 0 0 0 0 0 0 0 0 0 0 0 0 0 0 0 0 0 0
"215" 215 0.263565891473 210 139 114 28 6 3 0 0 0 0 0 0 0 0 0 0 0 0 0 0
"216" 216 0.547085201794 454 40 5 1 0 0 0 0 0 0 0 0 0 0 0 0 0 0 0 0
"217" 217 0.263565891473 373 127 0 0 0 0 0 0 0 0 0 0 0 0 0 0 0 0 0 0
"218" 218 0.0077519379845 498 2 0 0 0 0 0 0 0 0 0 0 0 0 0 0 0 0 0 0
"219" 219 0.199004975124 398 40 25 20 8 5 4 0 0 0 0 0 0 0 0 0 0 0 0 0
"220" 220 0.466321243523 404 95 1 0 0 0 0 0 0 0 0 0 0 0 0 0 0 0 0 0
"221" 221 0.209302325581 266 207 22 5 0 0 0 0 0 0 0 0 0 0 0 0 0 0 0 0
"222" 222 0.0 449 51 0 0 0 0 0 0 0 0 0 0 0 0 0 0 0 0 0 0
"223" 223 0.350364963504 263 126 38 35 24 7 4 3 0 0 0 0 0 0 0 0 0 0 0 0
"224" 224 0.449612403101 293 173 33 1 0 0 0 0 0 0 0 0 0 0 0 0 0 0 0 0
"225" 225 0.235632183908 318 62 46 28 22 13 11 0 0 0 0 0 0 0 0 0 0 0 0 0
"226" 226 0.00995024875622 251 132 87 18 11 1 0 0 0 0 0 0 0 0 0 0 0 0 0 0
"227" 227 0.59585492228 263 113 83 35 3 3 0 0 0 0 0 0 0 0 0 0 0 0 0 0
"228" 228 0.604651162791 368 96 21 14 1 0 0 0 0 0 0 0 0 0 0 0 0 0 0 0
"229" 229 0.131782945736 383 67 29 17 4 0 0 0 0 0 0 0 0 0 0 0 0 0 0 0
"230" 230 0.830188679245 500 0 0 0 0 0 0 0 0 0 0 0 0 0 0 0 0 0 0 0
"231" 231 0.509615384615 298 90 74 22 14 1 1 0 0 0 0 0 0 0 0 0 0 0 0 0
"232" 232 0.0804597701149 268 153 60 10 8 1 0 0 0 0 0 0 0 0 0 0 0 0 0 0
"233" 233 0.286821705426 500 0 0 0 0 0 0 0 0 0 0 0 0 0 0 0 0 0 0 0
"234" 234 0.201149425287 300 90 50 44 13 1 1 1 0 0 0 0 0 0 0 0 0 0 0 0
"235" 235 0.336787564767 251 111 104 26 4 3 1 0 0 0 0 0 0 0 0 0 0 0 0 0
"236" 236 0.0988593155894 227 216 28 18 7 2 1 1 0 0 0 0 0 0 0 0 0 0 0 0
"237" 237 0.089552238806 414 49 23 9 4 1 0 0 0 0 0 0 0 0 0 0 0 0 0 0
"238" 238 0.294642857143 276 120 81 23 0 0 0 0 0 0 0 0 0 0 0 0 0 0 0 0
"239" 239 0.134328358209 457 24 5 4 4 2 2 1 1 0 0 0 0 0 0 0 0 0 0 0
"240" 240 0.0985401459854 224 141 62 39 29 2 2 1 0 0 0 0 0 0 0 0 0 0 0 0
"241" 241 0.243523316062 470 22 6 2 0 0 0 0 0 0 0 0 0 0 0 0 0 0 0 0
"242" 242 0.492385786802 375 53 25 19 16 8 1 1 1 1 0 0 0 0 0 0 0 0 0 0
"243" 243 0.365384615385 238 94 69 64 21 8 5 1 0 0 0 0 0 0 0 0 0 0 0 0
"244" 244 0.0199004975124 397 65 35 2 1 0 0 0 0 0 0 0 0 0 0 0 0 0 0 0
"245" 245 0.230769230769 471 28 1 0 0 0 0 0 0 0 0 0 0 0 0 0 0 0 0 0
"246" 246 0.723270440252 471 29 0 0 0 0 0 0 0 0 0 0 0 0 0 0 0 0 0 0
"247" 247 0.178899082569 255 183 35 21 5 1 0 0 0 0 0 0 0 0 0 0 0 0 0 0
"248" 248 0.37106918239 477 23 0 0 0 0 0 0 0 0 0 0 0 0 0 0 0 0 0 0
"249" 249 0.786069651741 500 0 0 0 0 0 0 0 0 0 0 0 0 0 0 0 0 0 0 0
"250" 250 0.6 426 74 0 0 0 0 0 0 0 0 0 0 0 0 0 0 0 0 0 0
"251" 251 0.230769230769 500 0 0 0 0 0 0 0 0 0 0 0 0 0 0 0 0 0 0 0
"252" 252 0.344370860927 252 102 85 32 9 6 4 4 3 3 0 0 0 0 0 0 0 0 0 0
"253" 253 0.00961538461538 500 0 0 0 0 0 0 0 0 0 0 0 0 0 0 0 0 0 0 0
"254" 254 0.0839416058394 344 72 63 17 2 2 0 0 0 0 0 0 0 0 0 0 0 0 0 0
"255" 255 0.00497512437811 432 38 11 9 9 1 0 0 0 0 0 0 0 0 0 0 0 0 0 0
"256" 256 0.0348258706468 325 45 29 27 20 20 11 7 6 3 3 2 1 1 0 0 0 0 0 0
"257" 257 0.00574712643678 338 136 25 1 0 0 0 0 0 0 0 0 0 0 0 0 0 0 0 0
"258" 258 0.0 371 55 27 16 12 5 5 4 3 1 1 0 0 0 0 0 0 0 0 0
"259" 259 0.0 233 228 37 2 0 0 0 0 0 0 0 0 0 0 0 0 0 0 0 0
"260" 260 0.416058394161 500 0 0 0 0 0 0 0 0 0 0 0 0 0 0 0 0 0 0 0
"261" 261 0.00497512437811 445 29 18 8 0 0 0 0 0 0 0 0 0 0 0 0 0 0 0 0
"262" 262 0.490384615385 500 0 0 0 0 0 0 0 0 0 0 0 0 0 0 0 0 0 0 0
"263" 263 0.848837209302 441 59 0 0 0 0 0 0 0 0 0 0 0 0 0 0 0 0 0 0
"264" 264 0.0581395348837 478 12 10 0 0 0 0 0 0 0 0 0 0 0 0 0 0 0 0 0
"265" 265 0.171532846715 408 65 10 8 6 2 1 0 0 0 0 0 0 0 0 0 0 0 0 0
"266" 266 0.0248756218905 499 1 0 0 0 0 0 0 0 0 0 0 0 0 0 0 0 0 0 0
"267" 267 0.124378109453 272 85 74 29 22 7 4 4 2 1 0 0 0 0 0 0 0 0 0 0
"268" 268 0.0362694300518 464 27 8 1 0 0 0 0 0 0 0 0 0 0 0 0 0 0 0 0
"269" 269 0.0153846153846 437 63 0 0 0 0 0 0 0 0 0 0 0 0 0 0 0 0 0 0
"270" 270 0.157360406091 369 126 4 1 0 0 0 0 0 0 0 0 0 0 0 0 0 0 0 0
"271" 271 0.333333333333 193 104 86 66 17 17 11 4 2 0 0 0 0 0 0 0 0 0 0 0
"272" 272 0.010152284264 490 9 1 0 0 0 0 0 0 0 0 0 0 0 0 0 0 0 0 0
"273" 273 0.392857142857 345 86 32 23 11 2 1 0 0 0 0 0 0 0 0 0 0 0 0 0
"274" 274 0.0558375634518 236 144 84 36 0 0 0 0 0 0 0 0 0 0 0 0 0 0 0 0
"275" 275 0.519230769231 500 0 0 0 0 0 0 0 0 0 0 0 0 0 0 0 0 0 0 0
"276" 276 0.761627906977 430 43 20 2 2 1 1 1 0 0 0 0 0 0 0 0 0 0 0 0
