"site" "RSA" "aa1" "aa2" "aa3" "aa4" "aa5" "aa6" "aa7" "aa8" "aa9" "aa10" "aa11" "aa12" "aa13" "aa14" "aa15" "aa16" "aa17" "aa18" "aa19" "aa20"
"0" 0 1.17054263566 36 12 1 1 0 0 0 0 0 0 0 0 0 0 0 0 0 0 0 0
"1" 1 0.273722627737 96 1 1 0 0 0 0 0 0 0 0 0 0 0 0 0 0 0 0 0
"2" 2 0.395348837209 58 13 13 11 2 1 0 0 0 0 0 0 0 0 0 0 0 0 0 0
"3" 3 0.0794979079498 83 10 4 3 2 1 1 1 0 0 0 0 0 0 0 0 0 0 0 0
"4" 4 0.0 75 10 7 6 5 4 0 0 0 0 0 0 0 0 0 0 0 0 0 0
"5" 5 0.0 100 7 0 0 0 0 0 0 0 0 0 0 0 0 0 0 0 0 0 0
"6" 6 0.0 97 8 3 1 0 0 0 0 0 0 0 0 0 0 0 0 0 0 0 0
"7" 7 0.0 107 2 0 0 0 0 0 0 0 0 0 0 0 0 0 0 0 0 0 0
"8" 8 0.0205128205128 111 0 0 0 0 0 0 0 0 0 0 0 0 0 0 0 0 0 0 0
"9" 9 0.00418410041841 79 30 1 1 0 0 0 0 0 0 0 0 0 0 0 0 0 0 0 0
"10" 10 0.253164556962 111 0 0 0 0 0 0 0 0 0 0 0 0 0 0 0 0 0 0 0
"11" 11 0.805970149254 56 45 8 2 0 0 0 0 0 0 0 0 0 0 0 0 0 0 0 0
"12" 12 0.389743589744 109 1 1 0 0 0 0 0 0 0 0 0 0 0 0 0 0 0 0 0
"13" 13 0.317307692308 100 3 3 2 1 1 1 0 0 0 0 0 0 0 0 0 0 0 0 0
"14" 14 0.264900662252 49 37 14 8 3 1 1 0 0 0 0 0 0 0 0 0 0 0 0 0
"15" 15 0.540084388186 44 17 11 10 8 5 5 4 3 3 2 1 1 0 0 0 0 0 0 0
"16" 16 0.708520179372 33 24 15 12 11 8 3 3 1 1 1 1 1 0 0 0 0 0 0 0
"17" 17 0.218543046358 65 13 10 6 4 3 2 2 2 2 2 1 1 1 0 0 0 0 0 0
"18" 18 0.0 48 27 14 8 6 5 2 2 1 1 0 0 0 0 0 0 0 0 0 0
"19" 19 0.379746835443 34 15 14 12 8 8 8 4 3 3 2 1 1 1 0 0 0 0 0 0
"20" 20 0.491071428571 29 23 15 12 11 9 6 4 2 1 1 1 1 0 0 0 0 0 0 0
"21" 21 0.0304568527919 60 52 2 1 0 0 0 0 0 0 0 0 0 0 0 0 0 0 0 0
"22" 22 0.0 51 36 10 9 3 2 2 1 1 0 0 0 0 0 0 0 0 0 0 0
"23" 23 0.285714285714 24 22 16 12 12 9 6 6 6 1 1 0 0 0 0 0 0 0 0 0
"24" 24 0.222627737226 19 18 10 10 9 9 8 8 7 5 4 3 2 1 1 1 0 0 0 0
"25" 25 0.0149253731343 95 10 5 2 2 1 0 0 0 0 0 0 0 0 0 0 0 0 0 0
"26" 26 0.138461538462 72 16 6 5 3 2 2 2 2 1 1 1 1 1 0 0 0 0 0 0
"27" 27 0.645348837209 22 20 14 14 13 10 8 7 5 1 1 0 0 0 0 0 0 0 0 0
"28" 28 0.124031007752 62 21 13 3 3 3 2 1 1 1 1 1 0 0 0 0 0 0 0 0
"29" 29 0.682119205298 21 16 13 12 12 9 9 6 6 2 2 2 1 1 0 0 0 0 0 0
"30" 30 0.0862944162437 53 22 16 5 3 3 2 2 2 1 1 1 0 0 0 0 0 0 0 0
"31" 31 0.125786163522 39 33 13 6 5 5 4 3 2 1 1 0 0 0 0 0 0 0 0 0
"32" 32 0.65625 29 19 14 11 10 10 5 4 3 3 2 1 1 1 1 0 0 0 0 0
"33" 33 0.553846153846 43 19 14 10 7 7 5 2 2 2 1 1 0 0 0 0 0 0 0 0
"34" 34 0.0459770114943 60 31 11 6 2 2 1 1 0 0 0 0 0 0 0 0 0 0 0 0
"35" 35 0.241071428571 85 20 6 1 1 1 0 0 0 0 0 0 0 0 0 0 0 0 0 0
"36" 36 0.0 102 7 3 2 0 0 0 0 0 0 0 0 0 0 0 0 0 0 0 0
"37" 37 0.0 95 7 4 4 3 1 0 0 0 0 0 0 0 0 0 0 0 0 0 0
"38" 38 0.0 65 41 5 3 0 0 0 0 0 0 0 0 0 0 0 0 0 0 0 0
"39" 39 0.0 59 21 19 11 4 0 0 0 0 0 0 0 0 0 0 0 0 0 0 0
"40" 40 0.0 91 8 7 5 1 1 1 0 0 0 0 0 0 0 0 0 0 0 0 0
"41" 41 0.106918238994 88 11 8 2 2 2 1 0 0 0 0 0 0 0 0 0 0 0 0 0
"42" 42 0.356589147287 42 28 18 6 5 4 4 2 1 1 1 1 0 0 0 0 0 0 0 0
"43" 43 0.697674418605 30 30 29 11 4 4 3 2 0 0 0 0 0 0 0 0 0 0 0 0
"44" 44 0.186311787072 76 20 15 1 1 1 0 0 0 0 0 0 0 0 0 0 0 0 0 0
"45" 45 0.0547263681592 81 21 7 4 1 0 0 0 0 0 0 0 0 0 0 0 0 0 0 0
"46" 46 0.528497409326 27 23 15 10 7 5 4 4 4 3 3 3 3 1 1 0 0 0 0 0
"47" 47 0.216730038023 25 21 15 10 7 7 4 3 3 3 3 2 2 2 2 1 1 1 1 1
"48" 48 0.0 50 29 18 5 5 3 1 1 1 0 0 0 0 0 0 0 0 0 0 0
"49" 49 0.247126436782 35 30 17 9 5 4 3 3 2 2 1 1 1 1 0 0 0 0 0 0
"50" 50 0.53642384106 30 25 15 10 9 6 6 5 3 2 1 1 0 0 0 0 0 0 0 0
"51" 51 0.0796019900498 23 19 12 11 8 8 6 5 5 4 4 3 2 2 0 0 0 0 0 0
"52" 52 0.155172413793 64 13 12 10 5 3 3 1 0 0 0 0 0 0 0 0 0 0 0 0
"53" 53 0.53164556962 19 19 11 7 7 5 4 3 3 2 1 0 0 0 0 0 0 0 0 0
"54" 54 0.189873417722 24 23 12 5 5 4 3 3 3 1 1 0 0 0 0 0 0 0 0 0
"55" 55 0.77358490566 24 16 15 11 9 4 4 3 1 1 1 1 0 0 0 0 0 0 0 0
"56" 56 0.152466367713 24 19 13 13 7 7 7 6 6 5 2 2 1 1 0 0 0 0 0 0
"57" 57 0.0632183908046 49 36 18 5 2 2 1 1 0 0 0 0 0 0 0 0 0 0 0 0
"58" 58 0.186046511628 24 17 16 15 10 10 6 3 3 3 2 1 1 1 1 1 0 0 0 0
"59" 59 0.0287356321839 84 17 10 2 1 1 0 0 0 0 0 0 0 0 0 0 0 0 0 0
"60" 60 0.0 64 31 19 1 0 0 0 0 0 0 0 0 0 0 0 0 0 0 0 0
"61" 61 0.015503875969 94 8 5 5 2 1 0 0 0 0 0 0 0 0 0 0 0 0 0 0
"62" 62 0.206278026906 111 4 0 0 0 0 0 0 0 0 0 0 0 0 0 0 0 0 0 0
"63" 63 0.0666666666667 102 12 0 0 0 0 0 0 0 0 0 0 0 0 0 0 0 0 0 0
"64" 64 0.015503875969 55 30 14 6 4 2 2 1 0 0 0 0 0 0 0 0 0 0 0 0
"65" 65 0.197718631179 45 30 15 12 3 3 3 2 1 0 0 0 0 0 0 0 0 0 0 0
"66" 66 0.134328358209 31 21 16 8 7 5 5 5 4 2 2 2 2 2 1 1 0 0 0 0
"67" 67 0.459915611814 39 24 8 8 8 7 6 5 4 3 1 1 0 0 0 0 0 0 0 0
"68" 68 0.147286821705 24 23 22 20 7 4 3 2 2 2 1 0 0 0 0 0 0 0 0 0
"69" 69 0.596026490066 27 26 24 20 3 3 2 2 2 2 1 1 1 1 0 0 0 0 0 0
"70" 70 0.605769230769 113 1 0 0 0 0 0 0 0 0 0 0 0 0 0 0 0 0 0 0
"71" 71 0.736434108527 114 0 0 0 0 0 0 0 0 0 0 0 0 0 0 0 0 0 0 0
"72" 72 0.322175732218 88 22 2 1 1 0 0 0 0 0 0 0 0 0 0 0 0 0 0 0
"73" 73 0.895348837209 113 1 0 0 0 0 0 0 0 0 0 0 0 0 0 0 0 0 0 0
"74" 74 0.673076923077 113 1 0 0 0 0 0 0 0 0 0 0 0 0 0 0 0 0 0 0
"75" 75 0.330357142857 110 2 1 1 0 0 0 0 0 0 0 0 0 0 0 0 0 0 0 0
"76" 76 0.297435897436 59 30 11 7 6 1 0 0 0 0 0 0 0 0 0 0 0 0 0 0
"77" 77 0.0529801324503 103 5 1 1 1 1 1 1 0 0 0 0 0 0 0 0 0 0 0 0
"78" 78 0.0 42 34 27 3 3 2 2 1 1 0 0 0 0 0 0 0 0 0 0 0
"79" 79 0.331606217617 40 28 11 10 7 4 3 3 3 3 1 1 1 0 0 0 0 0 0 0
"80" 80 0.511210762332 72 33 4 3 1 1 1 0 0 0 0 0 0 0 0 0 0 0 0 0
"81" 81 0.0152284263959 72 33 5 2 1 1 0 0 0 0 0 0 0 0 0 0 0 0 0 0
"82" 82 0.405063291139 65 16 7 6 5 4 2 2 2 2 2 1 0 0 0 0 0 0 0 0
"83" 83 0.689119170984 100 9 3 1 1 0 0 0 0 0 0 0 0 0 0 0 0 0 0 0
"84" 84 0.195402298851 28 17 17 14 10 8 6 5 4 2 1 1 1 0 0 0 0 0 0 0
"85" 85 0.211538461538 92 6 3 3 3 2 1 1 1 1 1 0 0 0 0 0 0 0 0 0
"86" 86 0.0077519379845 42 24 19 16 10 1 1 0 0 0 0 0 0 0 0 0 0 0 0 0
"87" 87 0.455696202532 24 18 17 13 12 11 7 5 3 2 1 1 0 0 0 0 0 0 0 0
"88" 88 0.0780141843972 89 18 3 2 2 0 0 0 0 0 0 0 0 0 0 0 0 0 0 0
"89" 89 0.00574712643678 83 18 6 6 1 0 0 0 0 0 0 0 0 0 0 0 0 0 0 0
"90" 90 0.010152284264 93 13 8 0 0 0 0 0 0 0 0 0 0 0 0 0 0 0 0 0
"91" 91 0.00995024875622 79 16 10 6 2 1 0 0 0 0 0 0 0 0 0 0 0 0 0 0
"92" 92 0.0 115 0 0 0 0 0 0 0 0 0 0 0 0 0 0 0 0 0 0 0
"93" 93 0.0526315789474 114 1 0 0 0 0 0 0 0 0 0 0 0 0 0 0 0 0 0 0
"94" 94 0.158940397351 114 1 0 0 0 0 0 0 0 0 0 0 0 0 0 0 0 0 0 0
"95" 95 0.303571428571 114 1 0 0 0 0 0 0 0 0 0 0 0 0 0 0 0 0 0 0
"96" 96 0.21897810219 115 0 0 0 0 0 0 0 0 0 0 0 0 0 0 0 0 0 0 0
"97" 97 0.14598540146 114 1 0 0 0 0 0 0 0 0 0 0 0 0 0 0 0 0 0 0
"98" 98 0.470198675497 20 18 15 15 14 11 6 5 3 3 2 2 1 0 0 0 0 0 0 0
"99" 99 0.642585551331 35 28 23 18 5 3 1 1 0 0 0 0 0 0 0 0 0 0 0 0
"100" 100 0.485355648536 52 23 12 9 4 4 3 1 1 1 0 0 0 0 0 0 0 0 0 0
"101" 101 0.736842105263 62 21 9 8 4 3 3 2 2 1 0 0 0 0 0 0 0 0 0 0
"102" 102 0.0625 114 1 0 0 0 0 0 0 0 0 0 0 0 0 0 0 0 0 0 0
"103" 103 0.476683937824 56 34 15 3 2 2 2 1 0 0 0 0 0 0 0 0 0 0 0 0
"104" 104 0.165803108808 78 25 10 1 1 0 0 0 0 0 0 0 0 0 0 0 0 0 0 0
"105" 105 0.409282700422 77 12 8 7 3 3 2 1 1 1 0 0 0 0 0 0 0 0 0 0
"106" 106 0.217573221757 39 36 12 8 6 4 4 2 2 1 1 0 0 0 0 0 0 0 0 0
"107" 107 0.00507614213198 58 50 2 2 1 1 1 0 0 0 0 0 0 0 0 0 0 0 0 0
"108" 108 0.0 78 28 4 3 1 1 0 0 0 0 0 0 0 0 0 0 0 0 0 0
"109" 109 0.243523316062 30 22 20 12 10 8 4 2 2 2 2 1 0 0 0 0 0 0 0 0
"110" 110 0.0126582278481 114 1 0 0 0 0 0 0 0 0 0 0 0 0 0 0 0 0 0 0
"111" 111 0.0 46 41 13 6 4 3 1 1 0 0 0 0 0 0 0 0 0 0 0 0
"112" 112 0.476793248945 44 42 6 5 4 3 2 2 2 2 1 1 1 0 0 0 0 0 0 0
"113" 113 0.205020920502 35 31 20 9 5 4 3 2 2 2 1 1 0 0 0 0 0 0 0 0
"114" 114 0.0232558139535 105 3 3 1 1 1 1 0 0 0 0 0 0 0 0 0 0 0 0 0
"115" 115 0.203980099502 80 20 4 3 2 2 2 1 1 0 0 0 0 0 0 0 0 0 0 0
"116" 116 0.538461538462 33 28 25 12 4 3 3 3 2 1 1 0 0 0 0 0 0 0 0 0
"117" 117 0.255605381166 20 17 14 13 12 12 9 5 4 4 3 1 1 0 0 0 0 0 0 0
"118" 118 0.615384615385 102 7 2 1 1 1 1 0 0 0 0 0 0 0 0 0 0 0 0 0
"119" 119 0.0172413793103 90 12 5 4 4 0 0 0 0 0 0 0 0 0 0 0 0 0 0 0
"120" 120 0.0769230769231 44 24 16 9 7 3 3 2 2 2 1 1 1 0 0 0 0 0 0 0
"121" 121 0.0 97 8 8 1 1 0 0 0 0 0 0 0 0 0 0 0 0 0 0 0
"122" 122 0.0 93 13 6 2 1 0 0 0 0 0 0 0 0 0 0 0 0 0 0 0
"123" 123 0.00497512437811 52 35 11 6 5 3 3 0 0 0 0 0 0 0 0 0 0 0 0 0
"124" 124 0.0 115 0 0 0 0 0 0 0 0 0 0 0 0 0 0 0 0 0 0 0
"125" 125 0.010152284264 81 22 10 2 0 0 0 0 0 0 0 0 0 0 0 0 0 0 0 0
"126" 126 0.0961538461538 115 0 0 0 0 0 0 0 0 0 0 0 0 0 0 0 0 0 0 0
"127" 127 0.00446428571429 115 0 0 0 0 0 0 0 0 0 0 0 0 0 0 0 0 0 0 0
"128" 128 0.209302325581 53 21 16 16 4 3 2 0 0 0 0 0 0 0 0 0 0 0 0 0
"129" 129 0.18407960199 101 6 4 2 1 1 0 0 0 0 0 0 0 0 0 0 0 0 0 0
"130" 130 0.571428571429 69 18 10 7 7 3 1 0 0 0 0 0 0 0 0 0 0 0 0 0
"131" 131 0.285714285714 85 20 4 3 3 0 0 0 0 0 0 0 0 0 0 0 0 0 0 0
"132" 132 0.26582278481 107 5 3 0 0 0 0 0 0 0 0 0 0 0 0 0 0 0 0 0
"133" 133 0.679324894515 98 9 3 3 1 1 0 0 0 0 0 0 0 0 0 0 0 0 0 0
"134" 134 0.511627906977 81 19 4 4 2 1 1 1 1 1 0 0 0 0 0 0 0 0 0 0
"135" 135 0.5 86 21 5 1 1 1 0 0 0 0 0 0 0 0 0 0 0 0 0 0
"136" 136 0.438818565401 46 16 11 9 9 6 5 4 4 3 1 1 0 0 0 0 0 0 0 0
"137" 137 0.145348837209 110 2 1 1 1 0 0 0 0 0 0 0 0 0 0 0 0 0 0 0
"138" 138 0.353233830846 27 19 12 12 12 6 6 5 5 3 2 2 1 1 1 1 0 0 0 0
"139" 139 0.440414507772 38 34 17 8 8 7 1 1 1 0 0 0 0 0 0 0 0 0 0 0
"140" 140 0.0344827586207 104 4 4 2 1 0 0 0 0 0 0 0 0 0 0 0 0 0 0 0
"141" 141 0.0229885057471 65 29 8 7 6 0 0 0 0 0 0 0 0 0 0 0 0 0 0 0
"142" 142 0.348214285714 27 21 16 13 9 5 5 4 4 3 3 3 1 1 0 0 0 0 0 0
"143" 143 0.408759124088 50 20 15 7 5 5 5 3 2 1 1 1 0 0 0 0 0 0 0 0
"144" 144 0.0403587443946 114 1 0 0 0 0 0 0 0 0 0 0 0 0 0 0 0 0 0 0
"145" 145 0.0 69 24 10 10 2 0 0 0 0 0 0 0 0 0 0 0 0 0 0 0
"146" 146 0.205128205128 46 14 13 11 10 8 4 3 2 2 1 1 0 0 0 0 0 0 0 0
"147" 147 0.15503875969 95 4 3 2 2 2 2 1 1 1 1 0 0 0 0 0 0 0 0 0
"148" 148 0.0172413793103 39 37 16 8 8 5 1 1 0 0 0 0 0 0 0 0 0 0 0 0
"149" 149 0.119402985075 68 14 8 7 7 4 3 2 1 1 0 0 0 0 0 0 0 0 0 0
"150" 150 0.602678571429 33 19 19 15 7 5 4 4 3 3 1 1 1 0 0 0 0 0 0 0
"151" 151 0.321428571429 41 16 13 8 5 5 5 4 4 4 3 2 2 1 1 1 0 0 0 0
"152" 152 0.0574712643678 42 40 23 3 2 1 1 1 1 0 0 0 0 0 0 0 0 0 0 0
"153" 153 0.831223628692 35 31 10 9 7 4 4 4 3 2 2 2 2 0 0 0 0 0 0 0
"154" 154 0.538860103627 74 9 8 6 5 5 3 2 1 1 1 0 0 0 0 0 0 0 0 0
"155" 155 0.0425531914894 103 5 4 1 1 0 0 0 0 0 0 0 0 0 0 0 0 0 0 0
"156" 156 0.575581395349 47 14 12 10 10 10 5 3 2 2 0 0 0 0 0 0 0 0 0 0
"157" 157 0.523076923077 44 40 10 7 3 3 3 2 1 1 1 0 0 0 0 0 0 0 0 0
"158" 158 0.0172413793103 74 28 4 4 1 1 1 1 1 0 0 0 0 0 0 0 0 0 0 0
"159" 159 0.0 110 2 2 1 0 0 0 0 0 0 0 0 0 0 0 0 0 0 0 0
"160" 160 0.0 74 22 19 0 0 0 0 0 0 0 0 0 0 0 0 0 0 0 0 0
"161" 161 0.0 114 1 0 0 0 0 0 0 0 0 0 0 0 0 0 0 0 0 0 0
"162" 162 0.00760456273764 115 0 0 0 0 0 0 0 0 0 0 0 0 0 0 0 0 0 0 0
"163" 163 0.0669642857143 115 0 0 0 0 0 0 0 0 0 0 0 0 0 0 0 0 0 0 0
"164" 164 0.0062893081761 115 0 0 0 0 0 0 0 0 0 0 0 0 0 0 0 0 0 0 0
"165" 165 0.241379310345 98 17 0 0 0 0 0 0 0 0 0 0 0 0 0 0 0 0 0 0
"166" 166 0.031914893617 115 0 0 0 0 0 0 0 0 0 0 0 0 0 0 0 0 0 0 0
"167" 167 0.131782945736 113 2 0 0 0 0 0 0 0 0 0 0 0 0 0 0 0 0 0 0
"168" 168 0.46192893401 115 0 0 0 0 0 0 0 0 0 0 0 0 0 0 0 0 0 0 0
"169" 169 0.865384615385 115 0 0 0 0 0 0 0 0 0 0 0 0 0 0 0 0 0 0 0
"170" 170 0.302325581395 115 0 0 0 0 0 0 0 0 0 0 0 0 0 0 0 0 0 0 0
"171" 171 0.75 115 0 0 0 0 0 0 0 0 0 0 0 0 0 0 0 0 0 0 0
"172" 172 0.442786069652 85 16 10 1 1 1 1 0 0 0 0 0 0 0 0 0 0 0 0 0
"173" 173 0.627906976744 58 44 7 4 1 0 0 0 0 0 0 0 0 0 0 0 0 0 0 0
"174" 174 0.193798449612 114 1 0 0 0 0 0 0 0 0 0 0 0 0 0 0 0 0 0 0
"175" 175 0.296511627907 95 18 1 1 0 0 0 0 0 0 0 0 0 0 0 0 0 0 0 0
"176" 176 0.100628930818 88 12 9 3 2 1 0 0 0 0 0 0 0 0 0 0 0 0 0 0
"177" 177 0.517857142857 59 22 22 7 3 1 1 0 0 0 0 0 0 0 0 0 0 0 0 0
"178" 178 0.243523316062 101 9 2 2 1 0 0 0 0 0 0 0 0 0 0 0 0 0 0 0
"179" 179 0.0077519379845 113 2 0 0 0 0 0 0 0 0 0 0 0 0 0 0 0 0 0 0
"180" 180 0.192825112108 109 5 0 0 0 0 0 0 0 0 0 0 0 0 0 0 0 0 0 0
"181" 181 0.502590673575 92 15 4 3 1 0 0 0 0 0 0 0 0 0 0 0 0 0 0 0
"182" 182 0.0659898477157 87 13 8 6 1 0 0 0 0 0 0 0 0 0 0 0 0 0 0 0
"183" 183 0.0 113 2 0 0 0 0 0 0 0 0 0 0 0 0 0 0 0 0 0 0
"184" 184 0.271317829457 50 16 13 7 5 4 4 4 3 3 2 2 1 1 0 0 0 0 0 0
"185" 185 0.291390728477 29 13 12 11 9 7 7 7 4 4 4 2 2 1 1 1 1 0 0 0
"186" 186 0.00507614213198 62 37 14 1 1 0 0 0 0 0 0 0 0 0 0 0 0 0 0 0
"187" 187 0.0693430656934 115 0 0 0 0 0 0 0 0 0 0 0 0 0 0 0 0 0 0 0
"188" 188 0.675105485232 43 14 13 11 8 8 8 5 3 1 1 0 0 0 0 0 0 0 0 0
"189" 189 0.117154811715 80 13 9 6 2 1 1 1 1 1 0 0 0 0 0 0 0 0 0 0
"190" 190 0.0 78 13 12 6 3 2 1 0 0 0 0 0 0 0 0 0 0 0 0 0
"191" 191 0.232558139535 36 27 15 9 7 6 4 3 2 2 1 1 1 1 0 0 0 0 0 0
"192" 192 0.549668874172 34 20 13 11 11 8 8 4 2 1 1 1 1 0 0 0 0 0 0 0
"193" 193 0.46835443038 45 28 7 6 4 3 3 2 2 1 1 1 1 1 0 0 0 0 0 0
"194" 194 0.208955223881 68 20 10 7 3 2 2 1 1 1 0 0 0 0 0 0 0 0 0 0
"195" 195 0.278846153846 78 20 8 7 1 1 0 0 0 0 0 0 0 0 0 0 0 0 0 0
"196" 196 0.60621761658 40 24 19 12 5 4 4 3 1 1 1 1 0 0 0 0 0 0 0 0
"197" 197 0.535864978903 27 27 21 12 10 8 4 3 2 1 0 0 0 0 0 0 0 0 0 0
"198" 198 0.31007751938 86 11 7 5 1 1 1 1 1 0 0 0 0 0 0 0 0 0 0 0
"199" 199 0.0077519379845 100 11 1 1 1 1 0 0 0 0 0 0 0 0 0 0 0 0 0 0
"200" 200 0.225165562914 34 19 15 14 12 8 7 4 1 1 0 0 0 0 0 0 0 0 0 0
"201" 201 0.540178571429 28 24 15 15 10 8 6 3 2 1 1 1 0 0 0 0 0 0 0 0
"202" 202 0.0398009950249 56 26 19 10 3 1 0 0 0 0 0 0 0 0 0 0 0 0 0 0
"203" 203 0.105839416058 108 3 2 1 1 0 0 0 0 0 0 0 0 0 0 0 0 0 0 0
"204" 204 0.0 105 10 0 0 0 0 0 0 0 0 0 0 0 0 0 0 0 0 0 0
"205" 205 0.0 54 34 18 6 3 0 0 0 0 0 0 0 0 0 0 0 0 0 0 0
"206" 206 0.0342205323194 115 0 0 0 0 0 0 0 0 0 0 0 0 0 0 0 0 0 0 0
"207" 207 0.125 115 0 0 0 0 0 0 0 0 0 0 0 0 0 0 0 0 0 0 0
"208" 208 0.0865384615385 115 0 0 0 0 0 0 0 0 0 0 0 0 0 0 0 0 0 0 0
"209" 209 0.549668874172 115 0 0 0 0 0 0 0 0 0 0 0 0 0 0 0 0 0 0 0
"210" 210 0.046511627907 103 9 3 0 0 0 0 0 0 0 0 0 0 0 0 0 0 0 0 0
"211" 211 0.241025641026 50 39 14 9 2 1 0 0 0 0 0 0 0 0 0 0 0 0 0 0
"212" 212 0.201923076923 51 38 12 8 3 3 0 0 0 0 0 0 0 0 0 0 0 0 0 0
"213" 213 0.708609271523 37 30 20 13 7 3 2 2 1 0 0 0 0 0 0 0 0 0 0 0
"214" 214 0.2 106 6 2 1 0 0 0 0 0 0 0 0 0 0 0 0 0 0 0 0
"215" 215 0.0077519379845 70 35 10 0 0 0 0 0 0 0 0 0 0 0 0 0 0 0 0 0
"216" 216 0.379310344828 41 22 12 7 7 6 5 4 2 2 2 2 1 1 1 0 0 0 0 0
"217" 217 0.354651162791 75 20 9 4 2 2 2 1 0 0 0 0 0 0 0 0 0 0 0 0
"218" 218 0.0167364016736 103 9 2 1 0 0 0 0 0 0 0 0 0 0 0 0 0 0 0 0
"219" 219 0.345991561181 65 11 10 8 7 6 5 3 0 0 0 0 0 0 0 0 0 0 0 0
"220" 220 0.699481865285 33 25 14 10 9 7 4 4 2 2 2 2 1 0 0 0 0 0 0 0
"221" 221 0.160337552743 49 30 10 8 6 4 2 2 2 1 1 0 0 0 0 0 0 0 0 0
"222" 222 0.573643410853 57 17 12 9 4 4 3 3 2 2 1 1 0 0 0 0 0 0 0 0
"223" 223 0.145077720207 112 3 0 0 0 0 0 0 0 0 0 0 0 0 0 0 0 0 0 0
"224" 224 0.00574712643678 62 50 3 0 0 0 0 0 0 0 0 0 0 0 0 0 0 0 0 0
"225" 225 0.0414507772021 112 3 0 0 0 0 0 0 0 0 0 0 0 0 0 0 0 0 0 0
"226" 226 0.0 115 0 0 0 0 0 0 0 0 0 0 0 0 0 0 0 0 0 0 0
"227" 227 0.0 105 6 4 0 0 0 0 0 0 0 0 0 0 0 0 0 0 0 0 0
"228" 228 0.0398009950249 115 0 0 0 0 0 0 0 0 0 0 0 0 0 0 0 0 0 0 0
"229" 229 0.0114942528736 110 5 0 0 0 0 0 0 0 0 0 0 0 0 0 0 0 0 0 0
"230" 230 0.173076923077 115 0 0 0 0 0 0 0 0 0 0 0 0 0 0 0 0 0 0 0
"231" 231 0.5 115 0 0 0 0 0 0 0 0 0 0 0 0 0 0 0 0 0 0 0
"232" 232 0.0697674418605 115 0 0 0 0 0 0 0 0 0 0 0 0 0 0 0 0 0 0 0
"233" 233 0.0 113 2 0 0 0 0 0 0 0 0 0 0 0 0 0 0 0 0 0 0
"234" 234 0.243781094527 114 1 0 0 0 0 0 0 0 0 0 0 0 0 0 0 0 0 0 0
"235" 235 0.434599156118 105 3 2 2 1 1 1 0 0 0 0 0 0 0 0 0 0 0 0 0
"236" 236 0.48427672956 95 11 2 2 1 1 1 1 0 0 0 0 0 0 0 0 0 0 0 0
"237" 237 0.191964285714 67 24 14 3 3 2 1 0 0 0 0 0 0 0 0 0 0 0 0 0
"238" 238 0.0167364016736 113 0 0 0 0 0 0 0 0 0 0 0 0 0 0 0 0 0 0 0
"239" 239 0.149425287356 57 17 16 12 2 2 2 2 2 1 0 0 0 0 0 0 0 0 0 0
"240" 240 0.492227979275 55 11 11 9 9 7 5 4 2 0 0 0 0 0 0 0 0 0 0 0
"241" 241 0.0 107 3 1 1 0 0 0 0 0 0 0 0 0 0 0 0 0 0 0 0
"242" 242 0.00507614213198 67 31 12 1 0 0 0 0 0 0 0 0 0 0 0 0 0 0 0 0
"243" 243 0.235897435897 69 17 5 4 4 3 3 2 1 0 0 0 0 0 0 0 0 0 0 0
"244" 244 0.0927152317881 60 33 6 2 1 1 0 0 0 0 0 0 0 0 0 0 0 0 0 0
"245" 245 0.273722627737 31 10 5 2 1 1 0 0 0 0 0 0 0 0 0 0 0 0 0 0
"246" 246 0.907692307692 10 9 3 2 0 0 0 0 0 0 0 0 0 0 0 0 0 0 0 0
