"site" "RSA" "aa1" "aa2" "aa3" "aa4" "aa5" "aa6" "aa7" "aa8" "aa9" "aa10" "aa11" "aa12" "aa13" "aa14" "aa15" "aa16" "aa17" "aa18" "aa19" "aa20"
"0" 0 0.275229357798 353 124 23 0 0 0 0 0 0 0 0 0 0 0 0 0 0 0 0 0
"1" 1 0.723214285714 500 0 0 0 0 0 0 0 0 0 0 0 0 0 0 0 0 0 0 0
"2" 2 0.317948717949 487 7 4 2 0 0 0 0 0 0 0 0 0 0 0 0 0 0 0 0
"3" 3 0.0836820083682 500 0 0 0 0 0 0 0 0 0 0 0 0 0 0 0 0 0 0 0
"4" 4 0.390134529148 362 102 19 14 3 0 0 0 0 0 0 0 0 0 0 0 0 0 0 0
"5" 5 0.316455696203 474 26 0 0 0 0 0 0 0 0 0 0 0 0 0 0 0 0 0 0
"6" 6 0.402298850575 496 3 1 0 0 0 0 0 0 0 0 0 0 0 0 0 0 0 0 0
"7" 7 0.482142857143 381 96 19 2 2 0 0 0 0 0 0 0 0 0 0 0 0 0 0 0
"8" 8 0.514767932489 334 130 20 8 8 0 0 0 0 0 0 0 0 0 0 0 0 0 0 0
"9" 9 0.395939086294 375 123 1 1 0 0 0 0 0 0 0 0 0 0 0 0 0 0 0 0
"10" 10 0.240384615385 500 0 0 0 0 0 0 0 0 0 0 0 0 0 0 0 0 0 0 0
"11" 11 0.683035714286 480 14 6 0 0 0 0 0 0 0 0 0 0 0 0 0 0 0 0 0
"12" 12 0.336538461538 500 0 0 0 0 0 0 0 0 0 0 0 0 0 0 0 0 0 0 0
"13" 13 1.06976744186 500 0 0 0 0 0 0 0 0 0 0 0 0 0 0 0 0 0 0 0
"14" 14 0.269230769231 500 0 0 0 0 0 0 0 0 0 0 0 0 0 0 0 0 0 0 0
"15" 15 0.14367816092 367 60 56 16 1 0 0 0 0 0 0 0 0 0 0 0 0 0 0 0
"16" 16 0.183908045977 472 11 8 7 2 0 0 0 0 0 0 0 0 0 0 0 0 0 0 0
"17" 17 0.171102661597 407 64 29 0 0 0 0 0 0 0 0 0 0 0 0 0 0 0 0 0
"18" 18 0.240506329114 399 94 3 2 2 0 0 0 0 0 0 0 0 0 0 0 0 0 0 0
"19" 19 0.0 498 2 0 0 0 0 0 0 0 0 0 0 0 0 0 0 0 0 0 0
"20" 20 0.357664233577 467 25 7 1 0 0 0 0 0 0 0 0 0 0 0 0 0 0 0 0
"21" 21 0.0923076923077 310 165 15 9 1 0 0 0 0 0 0 0 0 0 0 0 0 0 0 0
"22" 22 0.455696202532 399 101 0 0 0 0 0 0 0 0 0 0 0 0 0 0 0 0 0 0
"23" 23 0.696517412935 473 21 3 1 1 1 0 0 0 0 0 0 0 0 0 0 0 0 0 0
"24" 24 0.563953488372 319 148 18 15 0 0 0 0 0 0 0 0 0 0 0 0 0 0 0 0
"25" 25 0.432692307692 500 0 0 0 0 0 0 0 0 0 0 0 0 0 0 0 0 0 0 0
"26" 26 0.379464285714 371 86 14 11 8 4 3 2 1 0 0 0 0 0 0 0 0 0 0 0
"27" 27 0.350574712644 336 131 20 8 2 2 1 0 0 0 0 0 0 0 0 0 0 0 0 0
"28" 28 0.0 488 10 1 1 0 0 0 0 0 0 0 0 0 0 0 0 0 0 0 0
"29" 29 0.124031007752 361 118 13 3 2 2 1 0 0 0 0 0 0 0 0 0 0 0 0 0
"30" 30 0.0 498 2 0 0 0 0 0 0 0 0 0 0 0 0 0 0 0 0 0 0
"31" 31 0.177215189873 268 230 2 0 0 0 0 0 0 0 0 0 0 0 0 0 0 0 0 0
"32" 32 0.0759493670886 431 33 27 9 0 0 0 0 0 0 0 0 0 0 0 0 0 0 0 0
"33" 33 0.10152284264 439 49 11 1 0 0 0 0 0 0 0 0 0 0 0 0 0 0 0 0
"34" 34 0.489051094891 438 61 1 0 0 0 0 0 0 0 0 0 0 0 0 0 0 0 0 0
"35" 35 0.139303482587 479 21 0 0 0 0 0 0 0 0 0 0 0 0 0 0 0 0 0 0
"36" 36 0.378238341969 457 42 1 0 0 0 0 0 0 0 0 0 0 0 0 0 0 0 0 0
"37" 37 0.343023255814 457 34 4 3 2 0 0 0 0 0 0 0 0 0 0 0 0 0 0 0
"38" 38 0.723214285714 497 2 1 0 0 0 0 0 0 0 0 0 0 0 0 0 0 0 0 0
"39" 39 0.593023255814 457 42 1 0 0 0 0 0 0 0 0 0 0 0 0 0 0 0 0 0
"40" 40 0.709821428571 458 42 0 0 0 0 0 0 0 0 0 0 0 0 0 0 0 0 0 0
"41" 41 0.288461538462 500 0 0 0 0 0 0 0 0 0 0 0 0 0 0 0 0 0 0 0
"42" 42 0.362068965517 341 112 38 7 2 0 0 0 0 0 0 0 0 0 0 0 0 0 0 0
"43" 43 0.207547169811 500 0 0 0 0 0 0 0 0 0 0 0 0 0 0 0 0 0 0 0
"44" 44 0.569536423841 406 39 34 18 3 0 0 0 0 0 0 0 0 0 0 0 0 0 0 0
"45" 45 0.348837209302 464 19 8 8 1 0 0 0 0 0 0 0 0 0 0 0 0 0 0 0
"46" 46 0.0 489 10 1 0 0 0 0 0 0 0 0 0 0 0 0 0 0 0 0 0
"47" 47 0.482233502538 423 41 21 15 0 0 0 0 0 0 0 0 0 0 0 0 0 0 0 0
"48" 48 0.29197080292 450 30 20 0 0 0 0 0 0 0 0 0 0 0 0 0 0 0 0 0
"49" 49 0.0267857142857 267 210 22 1 0 0 0 0 0 0 0 0 0 0 0 0 0 0 0 0
"50" 50 0.121827411168 311 122 22 16 13 5 4 3 2 2 0 0 0 0 0 0 0 0 0 0
"51" 51 0.403973509934 432 28 19 18 2 1 0 0 0 0 0 0 0 0 0 0 0 0 0 0
"52" 52 0.0597014925373 500 0 0 0 0 0 0 0 0 0 0 0 0 0 0 0 0 0 0 0
"53" 53 0.0398009950249 408 92 0 0 0 0 0 0 0 0 0 0 0 0 0 0 0 0 0 0
"54" 54 0.632911392405 312 147 25 13 3 0 0 0 0 0 0 0 0 0 0 0 0 0 0 0
"55" 55 0.424107142857 443 54 3 0 0 0 0 0 0 0 0 0 0 0 0 0 0 0 0 0
"56" 56 0.0199004975124 500 0 0 0 0 0 0 0 0 0 0 0 0 0 0 0 0 0 0 0
"57" 57 0.594871794872 500 0 0 0 0 0 0 0 0 0 0 0 0 0 0 0 0 0 0 0
"58" 58 0.177033492823 499 1 0 0 0 0 0 0 0 0 0 0 0 0 0 0 0 0 0 0
"59" 59 0.566037735849 442 54 2 1 1 0 0 0 0 0 0 0 0 0 0 0 0 0 0 0
"60" 60 0.0564102564103 476 20 4 0 0 0 0 0 0 0 0 0 0 0 0 0 0 0 0 0
"61" 61 0.010152284264 476 23 1 0 0 0 0 0 0 0 0 0 0 0 0 0 0 0 0 0
"62" 62 0.0287356321839 213 176 77 14 10 4 3 3 0 0 0 0 0 0 0 0 0 0 0 0
"63" 63 0.430379746835 294 189 16 1 0 0 0 0 0 0 0 0 0 0 0 0 0 0 0 0
"64" 64 0.124378109453 499 1 0 0 0 0 0 0 0 0 0 0 0 0 0 0 0 0 0 0
"65" 65 0.268656716418 365 112 11 5 4 1 1 1 0 0 0 0 0 0 0 0 0 0 0 0
"66" 66 0.461139896373 447 53 0 0 0 0 0 0 0 0 0 0 0 0 0 0 0 0 0 0
"67" 67 0.155172413793 329 72 28 25 17 16 7 5 1 0 0 0 0 0 0 0 0 0 0 0
"68" 68 0.147208121827 333 124 43 0 0 0 0 0 0 0 0 0 0 0 0 0 0 0 0 0
"69" 69 0.66985645933 350 82 40 26 2 0 0 0 0 0 0 0 0 0 0 0 0 0 0 0
"70" 70 0.348837209302 475 25 0 0 0 0 0 0 0 0 0 0 0 0 0 0 0 0 0 0
"71" 71 0.723214285714 464 36 0 0 0 0 0 0 0 0 0 0 0 0 0 0 0 0 0 0
"72" 72 0.4 455 36 9 0 0 0 0 0 0 0 0 0 0 0 0 0 0 0 0 0
"73" 73 0.257383966245 431 27 17 16 6 1 1 1 0 0 0 0 0 0 0 0 0 0 0 0
"74" 74 0.0298507462687 406 38 28 14 8 2 2 1 1 0 0 0 0 0 0 0 0 0 0 0
"75" 75 0.0836501901141 427 46 25 2 0 0 0 0 0 0 0 0 0 0 0 0 0 0 0 0
"76" 76 0.0 203 111 103 50 22 6 2 2 1 0 0 0 0 0 0 0 0 0 0 0
"77" 77 0.0172413793103 500 0 0 0 0 0 0 0 0 0 0 0 0 0 0 0 0 0 0 0
"78" 78 0.0836820083682 210 158 131 1 0 0 0 0 0 0 0 0 0 0 0 0 0 0 0 0
"79" 79 0.174107142857 289 87 75 28 17 4 0 0 0 0 0 0 0 0 0 0 0 0 0 0
"80" 80 0.163179916318 481 18 1 0 0 0 0 0 0 0 0 0 0 0 0 0 0 0 0 0
"81" 81 0.0497512437811 334 83 76 3 2 1 1 0 0 0 0 0 0 0 0 0 0 0 0 0
"82" 82 0.377990430622 206 190 26 21 18 16 11 5 4 2 1 0 0 0 0 0 0 0 0 0
"83" 83 0.125560538117 230 203 36 22 7 2 0 0 0 0 0 0 0 0 0 0 0 0 0 0
"84" 84 0.217616580311 254 206 26 7 6 1 0 0 0 0 0 0 0 0 0 0 0 0 0 0
"85" 85 0.0 485 6 5 4 0 0 0 0 0 0 0 0 0 0 0 0 0 0 0 0
"86" 86 0.232067510549 470 11 7 7 3 2 0 0 0 0 0 0 0 0 0 0 0 0 0 0
"87" 87 0.485232067511 456 28 8 7 1 0 0 0 0 0 0 0 0 0 0 0 0 0 0 0
"88" 88 0.0334728033473 493 6 1 0 0 0 0 0 0 0 0 0 0 0 0 0 0 0 0 0
"89" 89 0.0321100917431 329 160 7 4 0 0 0 0 0 0 0 0 0 0 0 0 0 0 0 0
"90" 90 0.492227979275 360 122 15 3 0 0 0 0 0 0 0 0 0 0 0 0 0 0 0 0
"91" 91 0.612403100775 369 120 6 5 0 0 0 0 0 0 0 0 0 0 0 0 0 0 0 0
"92" 92 0.0927152317881 386 108 6 0 0 0 0 0 0 0 0 0 0 0 0 0 0 0 0 0
"93" 93 0.527131782946 424 76 0 0 0 0 0 0 0 0 0 0 0 0 0 0 0 0 0 0
"94" 94 0.880597014925 500 0 0 0 0 0 0 0 0 0 0 0 0 0 0 0 0 0 0 0
"95" 95 0.761627906977 500 0 0 0 0 0 0 0 0 0 0 0 0 0 0 0 0 0 0 0
"96" 96 0.173076923077 500 0 0 0 0 0 0 0 0 0 0 0 0 0 0 0 0 0 0 0
"97" 97 0.0710659898477 490 6 4 0 0 0 0 0 0 0 0 0 0 0 0 0 0 0 0 0
"98" 98 0.51572327044 442 57 1 0 0 0 0 0 0 0 0 0 0 0 0 0 0 0 0 0
"99" 99 0.283582089552 373 70 55 1 1 0 0 0 0 0 0 0 0 0 0 0 0 0 0 0
"100" 100 0.396226415094 264 178 53 4 1 0 0 0 0 0 0 0 0 0 0 0 0 0 0 0
"101" 101 0.0199004975124 366 106 12 7 6 2 1 0 0 0 0 0 0 0 0 0 0 0 0 0
"102" 102 0.0304568527919 500 0 0 0 0 0 0 0 0 0 0 0 0 0 0 0 0 0 0 0
"103" 103 0.0632911392405 375 67 55 2 1 0 0 0 0 0 0 0 0 0 0 0 0 0 0 0
"104" 104 0.0132450331126 500 0 0 0 0 0 0 0 0 0 0 0 0 0 0 0 0 0 0 0
"105" 105 0.0 227 131 99 21 18 1 1 1 1 0 0 0 0 0 0 0 0 0 0 0
"106" 106 0.0 206 192 96 3 2 1 0 0 0 0 0 0 0 0 0 0 0 0 0 0
"107" 107 0.209205020921 443 28 22 7 0 0 0 0 0 0 0 0 0 0 0 0 0 0 0 0
"108" 108 0.0582959641256 500 0 0 0 0 0 0 0 0 0 0 0 0 0 0 0 0 0 0 0
"109" 109 0.0 497 2 1 0 0 0 0 0 0 0 0 0 0 0 0 0 0 0 0 0
"110" 110 0.0 485 15 0 0 0 0 0 0 0 0 0 0 0 0 0 0 0 0 0 0
"111" 111 0.282511210762 313 149 23 7 6 1 1 0 0 0 0 0 0 0 0 0 0 0 0 0
"112" 112 0.0 500 0 0 0 0 0 0 0 0 0 0 0 0 0 0 0 0 0 0 0
"113" 113 0.0 396 90 9 3 2 0 0 0 0 0 0 0 0 0 0 0 0 0 0 0
"114" 114 0.116279069767 316 164 20 0 0 0 0 0 0 0 0 0 0 0 0 0 0 0 0 0
"115" 115 0.209205020921 494 6 0 0 0 0 0 0 0 0 0 0 0 0 0 0 0 0 0 0
"116" 116 0.0 419 81 0 0 0 0 0 0 0 0 0 0 0 0 0 0 0 0 0 0
"117" 117 0.124401913876 323 160 9 6 2 0 0 0 0 0 0 0 0 0 0 0 0 0 0 0
"118" 118 0.576158940397 381 95 24 0 0 0 0 0 0 0 0 0 0 0 0 0 0 0 0 0
"119" 119 0.320574162679 500 0 0 0 0 0 0 0 0 0 0 0 0 0 0 0 0 0 0 0
"120" 120 0.35401459854 445 54 1 0 0 0 0 0 0 0 0 0 0 0 0 0 0 0 0 0
"121" 121 0.0 500 0 0 0 0 0 0 0 0 0 0 0 0 0 0 0 0 0 0 0
"122" 122 0.0 377 120 2 1 0 0 0 0 0 0 0 0 0 0 0 0 0 0 0 0
"123" 123 0.0 500 0 0 0 0 0 0 0 0 0 0 0 0 0 0 0 0 0 0 0
"124" 124 0.0583941605839 261 165 73 1 0 0 0 0 0 0 0 0 0 0 0 0 0 0 0 0
"125" 125 0.0880829015544 382 82 36 0 0 0 0 0 0 0 0 0 0 0 0 0 0 0 0 0
"126" 126 0.0 301 190 6 3 0 0 0 0 0 0 0 0 0 0 0 0 0 0 0 0
"127" 127 0.172995780591 327 56 56 32 25 2 1 1 0 0 0 0 0 0 0 0 0 0 0 0
"128" 128 0.0 473 23 2 1 1 0 0 0 0 0 0 0 0 0 0 0 0 0 0 0
"129" 129 0.309417040359 327 165 3 2 2 1 0 0 0 0 0 0 0 0 0 0 0 0 0 0
"130" 130 0.0717948717949 472 21 5 1 1 0 0 0 0 0 0 0 0 0 0 0 0 0 0 0
"131" 131 0.0 420 80 0 0 0 0 0 0 0 0 0 0 0 0 0 0 0 0 0 0
"132" 132 0.199004975124 211 182 83 12 11 1 0 0 0 0 0 0 0 0 0 0 0 0 0 0
"133" 133 0.0 471 14 5 5 4 1 0 0 0 0 0 0 0 0 0 0 0 0 0 0
"134" 134 0.138461538462 497 2 1 0 0 0 0 0 0 0 0 0 0 0 0 0 0 0 0 0
"135" 135 0.383720930233 242 210 43 3 2 0 0 0 0 0 0 0 0 0 0 0 0 0 0 0
"136" 136 0.571428571429 465 33 2 0 0 0 0 0 0 0 0 0 0 0 0 0 0 0 0 0
"137" 137 0.0 500 0 0 0 0 0 0 0 0 0 0 0 0 0 0 0 0 0 0 0
"138" 138 0.0697674418605 440 36 13 6 2 2 1 0 0 0 0 0 0 0 0 0 0 0 0 0
"139" 139 0.0 415 52 18 10 5 0 0 0 0 0 0 0 0 0 0 0 0 0 0 0
"140" 140 0.10970464135 417 77 4 2 0 0 0 0 0 0 0 0 0 0 0 0 0 0 0 0
"141" 141 0.0 434 53 10 3 0 0 0 0 0 0 0 0 0 0 0 0 0 0 0 0
"142" 142 0.0697674418605 499 1 0 0 0 0 0 0 0 0 0 0 0 0 0 0 0 0 0 0
"143" 143 0.305699481865 441 47 12 0 0 0 0 0 0 0 0 0 0 0 0 0 0 0 0 0
"144" 144 0.00418410041841 411 81 7 1 0 0 0 0 0 0 0 0 0 0 0 0 0 0 0 0
"145" 145 0.105769230769 481 19 0 0 0 0 0 0 0 0 0 0 0 0 0 0 0 0 0 0
"146" 146 0.268656716418 285 136 54 8 8 6 3 0 0 0 0 0 0 0 0 0 0 0 0 0
"147" 147 0.0 493 7 0 0 0 0 0 0 0 0 0 0 0 0 0 0 0 0 0 0
"148" 148 0.197080291971 131 113 110 59 46 33 6 2 0 0 0 0 0 0 0 0 0 0 0 0
"149" 149 0.325581395349 436 54 7 3 0 0 0 0 0 0 0 0 0 0 0 0 0 0 0 0
"150" 150 0.125523012552 306 122 33 16 15 4 3 1 0 0 0 0 0 0 0 0 0 0 0 0
"151" 151 0.269230769231 493 7 0 0 0 0 0 0 0 0 0 0 0 0 0 0 0 0 0 0
"152" 152 0.804597701149 380 114 6 0 0 0 0 0 0 0 0 0 0 0 0 0 0 0 0 0
"153" 153 0.748427672956 500 0 0 0 0 0 0 0 0 0 0 0 0 0 0 0 0 0 0 0
"154" 154 0.16091954023 499 1 0 0 0 0 0 0 0 0 0 0 0 0 0 0 0 0 0 0
"155" 155 0.558394160584 481 19 0 0 0 0 0 0 0 0 0 0 0 0 0 0 0 0 0 0
"156" 156 0.523255813953 404 95 1 0 0 0 0 0 0 0 0 0 0 0 0 0 0 0 0 0
"157" 157 0.110266159696 321 121 18 17 11 9 3 0 0 0 0 0 0 0 0 0 0 0 0 0
"158" 158 0.832535885167 372 95 32 1 0 0 0 0 0 0 0 0 0 0 0 0 0 0 0 0
"159" 159 0.790178571429 196 135 99 70 0 0 0 0 0 0 0 0 0 0 0 0 0 0 0 0
"160" 160 0.0804597701149 471 16 7 5 1 0 0 0 0 0 0 0 0 0 0 0 0 0 0 0
"161" 161 0.0114942528736 465 21 11 3 0 0 0 0 0 0 0 0 0 0 0 0 0 0 0 0
"162" 162 0.273255813953 323 61 34 33 32 13 2 1 1 0 0 0 0 0 0 0 0 0 0 0
"163" 163 0.164179104478 500 0 0 0 0 0 0 0 0 0 0 0 0 0 0 0 0 0 0 0
"164" 164 0.351063829787 299 122 75 4 0 0 0 0 0 0 0 0 0 0 0 0 0 0 0 0
"165" 165 0.0152091254753 412 65 20 2 1 0 0 0 0 0 0 0 0 0 0 0 0 0 0 0
"166" 166 0.142335766423 235 132 125 7 1 0 0 0 0 0 0 0 0 0 0 0 0 0 0 0
"167" 167 0.0077519379845 492 4 3 1 0 0 0 0 0 0 0 0 0 0 0 0 0 0 0 0
"168" 168 0.0 420 54 10 8 6 1 1 0 0 0 0 0 0 0 0 0 0 0 0 0
"169" 169 0.0223214285714 494 5 1 0 0 0 0 0 0 0 0 0 0 0 0 0 0 0 0 0
"170" 170 0.0761421319797 412 43 23 22 0 0 0 0 0 0 0 0 0 0 0 0 0 0 0 0
"171" 171 0.0199004975124 360 128 7 5 0 0 0 0 0 0 0 0 0 0 0 0 0 0 0 0
"172" 172 0.0 478 8 6 4 2 1 1 0 0 0 0 0 0 0 0 0 0 0 0 0
"173" 173 0.259615384615 500 0 0 0 0 0 0 0 0 0 0 0 0 0 0 0 0 0 0 0
"174" 174 0.113924050633 500 0 0 0 0 0 0 0 0 0 0 0 0 0 0 0 0 0 0 0
"175" 175 0.455696202532 500 0 0 0 0 0 0 0 0 0 0 0 0 0 0 0 0 0 0 0
"176" 176 0.539923954373 281 216 3 0 0 0 0 0 0 0 0 0 0 0 0 0 0 0 0 0
"177" 177 0.0304182509506 481 10 4 2 2 1 0 0 0 0 0 0 0 0 0 0 0 0 0 0
"178" 178 0.23178807947 489 7 4 0 0 0 0 0 0 0 0 0 0 0 0 0 0 0 0 0
"179" 179 0.267441860465 176 100 75 65 37 24 21 2 0 0 0 0 0 0 0 0 0 0 0 0
"180" 180 0.0852713178295 494 5 1 0 0 0 0 0 0 0 0 0 0 0 0 0 0 0 0 0
"181" 181 0.0 472 21 5 2 0 0 0 0 0 0 0 0 0 0 0 0 0 0 0 0
"182" 182 0.0 500 0 0 0 0 0 0 0 0 0 0 0 0 0 0 0 0 0 0 0
"183" 183 0.010152284264 332 154 7 6 1 0 0 0 0 0 0 0 0 0 0 0 0 0 0 0
"184" 184 0.0 499 1 0 0 0 0 0 0 0 0 0 0 0 0 0 0 0 0 0 0
"185" 185 0.0 488 12 0 0 0 0 0 0 0 0 0 0 0 0 0 0 0 0 0 0
"186" 186 0.00497512437811 475 17 8 0 0 0 0 0 0 0 0 0 0 0 0 0 0 0 0 0
"187" 187 0.0 500 0 0 0 0 0 0 0 0 0 0 0 0 0 0 0 0 0 0 0
"188" 188 0.00632911392405 475 18 4 2 1 0 0 0 0 0 0 0 0 0 0 0 0 0 0 0
"189" 189 0.0 308 181 6 2 1 1 1 0 0 0 0 0 0 0 0 0 0 0 0 0
"190" 190 0.0 240 110 97 42 5 3 2 1 0 0 0 0 0 0 0 0 0 0 0 0
"191" 191 0.0 472 17 4 4 1 1 1 0 0 0 0 0 0 0 0 0 0 0 0 0
"192" 192 0.0178571428571 466 16 11 4 3 0 0 0 0 0 0 0 0 0 0 0 0 0 0 0
"193" 193 0.0 265 105 101 25 4 0 0 0 0 0 0 0 0 0 0 0 0 0 0 0
"194" 194 0.0689655172414 470 19 6 4 1 0 0 0 0 0 0 0 0 0 0 0 0 0 0 0
"195" 195 0.191860465116 474 19 7 0 0 0 0 0 0 0 0 0 0 0 0 0 0 0 0 0
"196" 196 0.299270072993 360 135 5 0 0 0 0 0 0 0 0 0 0 0 0 0 0 0 0 0
"197" 197 0.631386861314 400 76 16 8 0 0 0 0 0 0 0 0 0 0 0 0 0 0 0 0
"198" 198 0.15503875969 362 75 39 9 7 5 2 1 0 0 0 0 0 0 0 0 0 0 0 0
"199" 199 0.144278606965 419 52 18 5 4 1 1 0 0 0 0 0 0 0 0 0 0 0 0 0
"200" 200 0.00836820083682 476 10 5 5 4 0 0 0 0 0 0 0 0 0 0 0 0 0 0 0
"201" 201 0.245283018868 500 0 0 0 0 0 0 0 0 0 0 0 0 0 0 0 0 0 0 0
"202" 202 0.0384615384615 500 0 0 0 0 0 0 0 0 0 0 0 0 0 0 0 0 0 0 0
"203" 203 0.683937823834 356 144 0 0 0 0 0 0 0 0 0 0 0 0 0 0 0 0 0 0
"204" 204 0.337748344371 500 0 0 0 0 0 0 0 0 0 0 0 0 0 0 0 0 0 0 0
"205" 205 0.495535714286 381 101 17 1 0 0 0 0 0 0 0 0 0 0 0 0 0 0 0 0
"206" 206 0.324873096447 329 114 56 1 0 0 0 0 0 0 0 0 0 0 0 0 0 0 0 0
"207" 207 0.124352331606 354 120 14 8 3 1 0 0 0 0 0 0 0 0 0 0 0 0 0 0
"208" 208 0.0 361 135 4 0 0 0 0 0 0 0 0 0 0 0 0 0 0 0 0 0
"209" 209 0.0348258706468 427 63 10 0 0 0 0 0 0 0 0 0 0 0 0 0 0 0 0 0
"210" 210 0.200836820084 473 10 7 6 4 0 0 0 0 0 0 0 0 0 0 0 0 0 0 0
"211" 211 0.277372262774 462 37 1 0 0 0 0 0 0 0 0 0 0 0 0 0 0 0 0 0
"212" 212 0.0 488 7 5 0 0 0 0 0 0 0 0 0 0 0 0 0 0 0 0 0
"213" 213 0.00418410041841 368 126 4 1 1 0 0 0 0 0 0 0 0 0 0 0 0 0 0 0
"214" 214 0.383211678832 327 116 34 11 6 3 2 1 0 0 0 0 0 0 0 0 0 0 0 0
"215" 215 0.104651162791 288 132 41 15 9 6 6 1 1 1 0 0 0 0 0 0 0 0 0 0
"216" 216 0.0298507462687 499 1 0 0 0 0 0 0 0 0 0 0 0 0 0 0 0 0 0 0
"217" 217 0.0576923076923 500 0 0 0 0 0 0 0 0 0 0 0 0 0 0 0 0 0 0 0
"218" 218 0.156976744186 500 0 0 0 0 0 0 0 0 0 0 0 0 0 0 0 0 0 0 0
"219" 219 0.0377358490566 452 33 15 0 0 0 0 0 0 0 0 0 0 0 0 0 0 0 0 0
"220" 220 0.424870466321 500 0 0 0 0 0 0 0 0 0 0 0 0 0 0 0 0 0 0 0
"221" 221 0.34375 500 0 0 0 0 0 0 0 0 0 0 0 0 0 0 0 0 0 0 0
"222" 222 0.770114942529 500 0 0 0 0 0 0 0 0 0 0 0 0 0 0 0 0 0 0 0
"223" 223 0.350574712644 414 84 2 0 0 0 0 0 0 0 0 0 0 0 0 0 0 0 0 0
"224" 224 0.0390070921986 499 1 0 0 0 0 0 0 0 0 0 0 0 0 0 0 0 0 0 0
"225" 225 0.522012578616 499 1 0 0 0 0 0 0 0 0 0 0 0 0 0 0 0 0 0 0
"226" 226 0.317307692308 500 0 0 0 0 0 0 0 0 0 0 0 0 0 0 0 0 0 0 0
"227" 227 0.0 464 13 7 7 5 1 1 1 1 0 0 0 0 0 0 0 0 0 0 0
"228" 228 0.354651162791 498 2 0 0 0 0 0 0 0 0 0 0 0 0 0 0 0 0 0 0
"229" 229 0.675496688742 498 2 0 0 0 0 0 0 0 0 0 0 0 0 0 0 0 0 0 0
"230" 230 0.0871559633028 500 0 0 0 0 0 0 0 0 0 0 0 0 0 0 0 0 0 0 0
"231" 231 0.509433962264 500 0 0 0 0 0 0 0 0 0 0 0 0 0 0 0 0 0 0 0
"232" 232 0.466321243523 370 119 11 0 0 0 0 0 0 0 0 0 0 0 0 0 0 0 0 0
"233" 233 0.155893536122 496 2 2 0 0 0 0 0 0 0 0 0 0 0 0 0 0 0 0 0
"234" 234 0.426160337553 413 61 26 0 0 0 0 0 0 0 0 0 0 0 0 0 0 0 0 0
"235" 235 0.654088050314 499 1 0 0 0 0 0 0 0 0 0 0 0 0 0 0 0 0 0 0
"236" 236 0.668874172185 474 26 0 0 0 0 0 0 0 0 0 0 0 0 0 0 0 0 0 0
"237" 237 0.0376569037657 363 109 10 6 5 3 2 1 1 0 0 0 0 0 0 0 0 0 0 0
"238" 238 0.345911949686 451 20 14 12 3 0 0 0 0 0 0 0 0 0 0 0 0 0 0 0
"239" 239 0.763713080169 500 0 0 0 0 0 0 0 0 0 0 0 0 0 0 0 0 0 0 0
"240" 240 0.27304964539 458 15 14 9 4 0 0 0 0 0 0 0 0 0 0 0 0 0 0 0
"241" 241 0.713178294574 500 0 0 0 0 0 0 0 0 0 0 0 0 0 0 0 0 0 0 0
"242" 242 0.416058394161 252 248 0 0 0 0 0 0 0 0 0 0 0 0 0 0 0 0 0 0
"243" 243 0.367713004484 486 6 4 4 0 0 0 0 0 0 0 0 0 0 0 0 0 0 0 0
"244" 244 0.528497409326 499 1 0 0 0 0 0 0 0 0 0 0 0 0 0 0 0 0 0 0
"245" 245 0.0753138075314 350 133 9 6 2 0 0 0 0 0 0 0 0 0 0 0 0 0 0 0
"246" 246 0.291390728477 499 1 0 0 0 0 0 0 0 0 0 0 0 0 0 0 0 0 0 0
"247" 247 0.590717299578 500 0 0 0 0 0 0 0 0 0 0 0 0 0 0 0 0 0 0 0
"248" 248 0.0689655172414 340 110 38 5 4 2 1 0 0 0 0 0 0 0 0 0 0 0 0 0
"249" 249 0.00574712643678 475 14 6 3 2 0 0 0 0 0 0 0 0 0 0 0 0 0 0 0
"250" 250 0.509433962264 500 0 0 0 0 0 0 0 0 0 0 0 0 0 0 0 0 0 0 0
"251" 251 0.59748427673 497 2 1 0 0 0 0 0 0 0 0 0 0 0 0 0 0 0 0 0
"252" 252 0.0298507462687 385 91 14 9 1 0 0 0 0 0 0 0 0 0 0 0 0 0 0 0
"253" 253 0.316062176166 494 6 0 0 0 0 0 0 0 0 0 0 0 0 0 0 0 0 0 0
"254" 254 0.647321428571 285 166 49 0 0 0 0 0 0 0 0 0 0 0 0 0 0 0 0 0
"255" 255 0.238341968912 279 215 6 0 0 0 0 0 0 0 0 0 0 0 0 0 0 0 0 0
"256" 256 0.0 345 91 55 6 3 0 0 0 0 0 0 0 0 0 0 0 0 0 0 0
"257" 257 0.284671532847 498 2 0 0 0 0 0 0 0 0 0 0 0 0 0 0 0 0 0 0
"258" 258 0.304635761589 272 181 47 0 0 0 0 0 0 0 0 0 0 0 0 0 0 0 0 0
"259" 259 0.0 402 96 1 1 0 0 0 0 0 0 0 0 0 0 0 0 0 0 0 0
"260" 260 0.00497512437811 467 13 7 6 3 2 1 1 0 0 0 0 0 0 0 0 0 0 0 0
"261" 261 0.264900662252 199 138 113 50 0 0 0 0 0 0 0 0 0 0 0 0 0 0 0 0
"262" 262 0.318385650224 288 181 25 5 1 0 0 0 0 0 0 0 0 0 0 0 0 0 0 0
"263" 263 0.0 411 75 12 2 0 0 0 0 0 0 0 0 0 0 0 0 0 0 0 0
"264" 264 0.0248756218905 495 4 1 0 0 0 0 0 0 0 0 0 0 0 0 0 0 0 0 0
"265" 265 0.282296650718 500 0 0 0 0 0 0 0 0 0 0 0 0 0 0 0 0 0 0 0
"266" 266 0.0304182509506 493 6 1 0 0 0 0 0 0 0 0 0 0 0 0 0 0 0 0 0
"267" 267 0.0984455958549 491 6 2 1 0 0 0 0 0 0 0 0 0 0 0 0 0 0 0 0
"268" 268 0.194968553459 499 1 0 0 0 0 0 0 0 0 0 0 0 0 0 0 0 0 0 0
"269" 269 0.723076923077 494 6 0 0 0 0 0 0 0 0 0 0 0 0 0 0 0 0 0 0
"270" 270 0.616033755274 491 5 2 1 1 0 0 0 0 0 0 0 0 0 0 0 0 0 0 0
"271" 271 0.0510948905109 167 132 111 90 0 0 0 0 0 0 0 0 0 0 0 0 0 0 0 0
"272" 272 0.10152284264 385 110 5 0 0 0 0 0 0 0 0 0 0 0 0 0 0 0 0 0
"273" 273 0.364238410596 316 92 72 10 9 1 0 0 0 0 0 0 0 0 0 0 0 0 0 0
"274" 274 0.0077519379845 498 2 0 0 0 0 0 0 0 0 0 0 0 0 0 0 0 0 0 0
"275" 275 0.675105485232 422 35 26 17 0 0 0 0 0 0 0 0 0 0 0 0 0 0 0 0
"276" 276 0.348837209302 266 95 92 47 0 0 0 0 0 0 0 0 0 0 0 0 0 0 0 0
"277" 277 0.0 426 72 2 0 0 0 0 0 0 0 0 0 0 0 0 0 0 0 0 0
"278" 278 0.233830845771 500 0 0 0 0 0 0 0 0 0 0 0 0 0 0 0 0 0 0 0
"279" 279 0.697674418605 486 14 0 0 0 0 0 0 0 0 0 0 0 0 0 0 0 0 0 0
"280" 280 0.0813397129187 500 0 0 0 0 0 0 0 0 0 0 0 0 0 0 0 0 0 0 0
"281" 281 0.415094339623 493 5 2 0 0 0 0 0 0 0 0 0 0 0 0 0 0 0 0 0
"282" 282 0.0 284 118 96 1 1 0 0 0 0 0 0 0 0 0 0 0 0 0 0 0
"283" 283 0.0418410041841 495 3 2 0 0 0 0 0 0 0 0 0 0 0 0 0 0 0 0 0
"284" 284 0.677130044843 500 0 0 0 0 0 0 0 0 0 0 0 0 0 0 0 0 0 0 0
"285" 285 0.518134715026 439 61 0 0 0 0 0 0 0 0 0 0 0 0 0 0 0 0 0 0
"286" 286 0.229885057471 388 84 23 5 0 0 0 0 0 0 0 0 0 0 0 0 0 0 0 0
"287" 287 0.517441860465 497 3 0 0 0 0 0 0 0 0 0 0 0 0 0 0 0 0 0 0
"288" 288 0.489451476793 440 55 5 0 0 0 0 0 0 0 0 0 0 0 0 0 0 0 0 0
"289" 289 0.22641509434 265 232 2 1 0 0 0 0 0 0 0 0 0 0 0 0 0 0 0 0
"290" 290 0.563218390805 500 0 0 0 0 0 0 0 0 0 0 0 0 0 0 0 0 0 0 0
"291" 291 0.0377358490566 500 0 0 0 0 0 0 0 0 0 0 0 0 0 0 0 0 0 0 0
"292" 292 0.88995215311 448 52 0 0 0 0 0 0 0 0 0 0 0 0 0 0 0 0 0 0
"293" 293 0.497512437811 288 118 54 18 16 6 0 0 0 0 0 0 0 0 0 0 0 0 0 0
