"site" "RSA" "aa1" "aa2" "aa3" "aa4" "aa5" "aa6" "aa7" "aa8" "aa9" "aa10" "aa11" "aa12" "aa13" "aa14" "aa15" "aa16" "aa17" "aa18" "aa19" "aa20"
"0" 0 0.324503311258 7 2 2 1 0 0 0 0 0 0 0 0 0 0 0 0 0 0 0 0
"1" 1 0.548076923077 9 3 1 1 1 1 0 0 0 0 0 0 0 0 0 0 0 0 0 0
"2" 2 0.569230769231 8 6 4 2 2 1 0 0 0 0 0 0 0 0 0 0 0 0 0 0
"3" 3 0.0 32 5 1 1 0 0 0 0 0 0 0 0 0 0 0 0 0 0 0 0
"4" 4 0.583941605839 12 11 8 6 4 2 2 2 2 1 0 0 0 0 0 0 0 0 0 0
"5" 5 0.451776649746 31 25 5 0 0 0 0 0 0 0 0 0 0 0 0 0 0 0 0 0
"6" 6 0.480769230769 24 12 12 8 3 2 1 0 0 0 0 0 0 0 0 0 0 0 0 0
"7" 7 0.459915611814 33 11 7 2 2 2 2 1 1 1 1 0 0 0 0 0 0 0 0 0
"8" 8 0.616352201258 43 5 5 4 1 1 1 1 1 1 0 0 0 0 0 0 0 0 0 0
"9" 9 0.062015503876 65 0 0 0 0 0 0 0 0 0 0 0 0 0 0 0 0 0 0 0
"10" 10 0.106918238994 67 0 0 0 0 0 0 0 0 0 0 0 0 0 0 0 0 0 0 0
"11" 11 0.476683937824 27 10 4 4 3 3 3 3 2 2 2 1 1 1 1 0 0 0 0 0
"12" 12 0.0502092050209 61 6 0 0 0 0 0 0 0 0 0 0 0 0 0 0 0 0 0 0
"13" 13 0.514767932489 18 17 10 10 5 2 2 1 1 1 0 0 0 0 0 0 0 0 0 0
"14" 14 0.0542635658915 31 23 5 3 3 2 0 0 0 0 0 0 0 0 0 0 0 0 0 0
"15" 15 0.220930232558 37 6 5 5 3 2 2 2 2 1 1 1 0 0 0 0 0 0 0 0
"16" 16 0.0 60 2 2 2 1 0 0 0 0 0 0 0 0 0 0 0 0 0 0 0
"17" 17 0.0172413793103 55 3 3 2 2 1 1 0 0 0 0 0 0 0 0 0 0 0 0 0
"18" 18 0.155172413793 37 8 7 4 2 2 2 1 1 1 1 1 0 0 0 0 0 0 0 0
"19" 19 0.704663212435 27 24 6 2 2 1 1 1 1 1 0 0 0 0 0 0 0 0 0 0
"20" 20 0.423076923077 53 7 3 2 2 0 0 0 0 0 0 0 0 0 0 0 0 0 0 0
"21" 21 0.426356589147 25 9 9 5 4 4 3 3 2 2 1 0 0 0 0 0 0 0 0 0
"22" 22 0.359832635983 56 8 3 1 0 0 0 0 0 0 0 0 0 0 0 0 0 0 0 0
"23" 23 0.535864978903 37 5 5 5 3 3 3 2 1 1 1 1 1 0 0 0 0 0 0 0
"24" 24 0.388392857143 25 15 10 6 4 3 2 1 1 1 0 0 0 0 0 0 0 0 0 0
"25" 25 0.0172413793103 35 16 8 3 2 1 1 1 1 0 0 0 0 0 0 0 0 0 0 0
"26" 26 0.329113924051 32 27 3 2 1 1 1 1 1 0 0 0 0 0 0 0 0 0 0 0
"27" 27 0.0845771144279 66 2 1 0 0 0 0 0 0 0 0 0 0 0 0 0 0 0 0 0
"28" 28 0.397350993377 38 9 5 4 3 3 3 1 1 1 1 0 0 0 0 0 0 0 0 0
"29" 29 0.471502590674 51 10 4 2 2 1 0 0 0 0 0 0 0 0 0 0 0 0 0 0
"30" 30 0.133079847909 54 14 1 1 0 0 0 0 0 0 0 0 0 0 0 0 0 0 0 0
"31" 31 0.603375527426 33 19 7 3 2 2 1 1 1 1 0 0 0 0 0 0 0 0 0 0
"32" 32 0.625 67 2 1 0 0 0 0 0 0 0 0 0 0 0 0 0 0 0 0 0
"33" 33 0.413502109705 63 6 1 0 0 0 0 0 0 0 0 0 0 0 0 0 0 0 0 0
"34" 34 0.041825095057 56 12 1 1 0 0 0 0 0 0 0 0 0 0 0 0 0 0 0 0
"35" 35 0.0114942528736 37 26 4 1 1 1 0 0 0 0 0 0 0 0 0 0 0 0 0 0
"36" 36 0.0 56 6 5 1 1 1 0 0 0 0 0 0 0 0 0 0 0 0 0 0
"37" 37 0.0 58 8 2 1 1 0 0 0 0 0 0 0 0 0 0 0 0 0 0 0
"38" 38 0.0 57 6 3 2 2 0 0 0 0 0 0 0 0 0 0 0 0 0 0 0
"39" 39 0.0 68 1 1 0 0 0 0 0 0 0 0 0 0 0 0 0 0 0 0 0
"40" 40 0.0304182509506 67 2 1 0 0 0 0 0 0 0 0 0 0 0 0 0 0 0 0 0
"41" 41 0.0503144654088 70 0 0 0 0 0 0 0 0 0 0 0 0 0 0 0 0 0 0 0
"42" 42 0.303482587065 55 9 2 2 2 0 0 0 0 0 0 0 0 0 0 0 0 0 0 0
"43" 43 0.0518134715026 65 3 2 0 0 0 0 0 0 0 0 0 0 0 0 0 0 0 0 0
"44" 44 0.430962343096 67 2 1 0 0 0 0 0 0 0 0 0 0 0 0 0 0 0 0 0
"45" 45 0.232558139535 69 1 0 0 0 0 0 0 0 0 0 0 0 0 0 0 0 0 0 0
"46" 46 0.715481171548 70 0 0 0 0 0 0 0 0 0 0 0 0 0 0 0 0 0 0 0
"47" 47 0.212643678161 70 0 0 0 0 0 0 0 0 0 0 0 0 0 0 0 0 0 0 0
"48" 48 0.100628930818 70 0 0 0 0 0 0 0 0 0 0 0 0 0 0 0 0 0 0 0
"49" 49 0.511627906977 66 4 0 0 0 0 0 0 0 0 0 0 0 0 0 0 0 0 0 0
"50" 50 0.0401785714286 70 0 0 0 0 0 0 0 0 0 0 0 0 0 0 0 0 0 0 0
"51" 51 0.010152284264 63 6 1 0 0 0 0 0 0 0 0 0 0 0 0 0 0 0 0 0
"52" 52 0.157360406091 43 11 8 5 2 1 0 0 0 0 0 0 0 0 0 0 0 0 0 0
"53" 53 0.294573643411 59 5 3 1 1 1 0 0 0 0 0 0 0 0 0 0 0 0 0 0
"54" 54 0.00418410041841 66 4 0 0 0 0 0 0 0 0 0 0 0 0 0 0 0 0 0 0
"55" 55 0.0 57 9 2 1 1 0 0 0 0 0 0 0 0 0 0 0 0 0 0 0
"56" 56 0.512820512821 53 7 5 4 1 0 0 0 0 0 0 0 0 0 0 0 0 0 0 0
"57" 57 0.277372262774 46 10 7 4 1 1 1 0 0 0 0 0 0 0 0 0 0 0 0 0
"58" 58 0.015503875969 21 14 12 7 5 4 2 2 1 1 1 0 0 0 0 0 0 0 0 0
"59" 59 0.495535714286 25 15 8 7 6 3 2 2 1 1 0 0 0 0 0 0 0 0 0 0
"60" 60 0.264248704663 49 10 4 4 1 1 1 0 0 0 0 0 0 0 0 0 0 0 0 0
"61" 61 0.0 70 0 0 0 0 0 0 0 0 0 0 0 0 0 0 0 0 0 0 0
"62" 62 0.255474452555 22 21 7 6 5 2 2 2 2 1 0 0 0 0 0 0 0 0 0 0
"63" 63 0.658227848101 32 14 9 7 4 2 1 1 0 0 0 0 0 0 0 0 0 0 0 0
"64" 64 0.268656716418 23 21 10 7 3 2 2 1 1 0 0 0 0 0 0 0 0 0 0 0
"65" 65 0.259615384615 43 17 7 2 1 0 0 0 0 0 0 0 0 0 0 0 0 0 0 0
"66" 66 0.0 26 26 11 7 0 0 0 0 0 0 0 0 0 0 0 0 0 0 0 0
"67" 67 0.133928571429 47 10 4 3 1 1 1 1 1 1 0 0 0 0 0 0 0 0 0 0
"68" 68 0.0114942528736 59 6 5 0 0 0 0 0 0 0 0 0 0 0 0 0 0 0 0 0
"69" 69 0.0 24 21 20 2 2 1 0 0 0 0 0 0 0 0 0 0 0 0 0 0
"70" 70 0.0 35 27 3 2 1 1 1 0 0 0 0 0 0 0 0 0 0 0 0 0
"71" 71 0.0 26 25 13 3 1 1 1 0 0 0 0 0 0 0 0 0 0 0 0 0
"72" 72 0.0 70 0 0 0 0 0 0 0 0 0 0 0 0 0 0 0 0 0 0 0
"73" 73 0.0229885057471 28 23 12 6 0 0 0 0 0 0 0 0 0 0 0 0 0 0 0 0
"74" 74 0.155440414508 70 0 0 0 0 0 0 0 0 0 0 0 0 0 0 0 0 0 0 0
"75" 75 0.205298013245 68 2 0 0 0 0 0 0 0 0 0 0 0 0 0 0 0 0 0 0
"76" 76 0.165919282511 26 16 10 9 6 3 0 0 0 0 0 0 0 0 0 0 0 0 0 0
"77" 77 0.560669456067 53 16 1 0 0 0 0 0 0 0 0 0 0 0 0 0 0 0 0 0
"78" 78 0.279069767442 38 23 4 3 2 0 0 0 0 0 0 0 0 0 0 0 0 0 0 0
"79" 79 0.0 67 3 0 0 0 0 0 0 0 0 0 0 0 0 0 0 0 0 0 0
"80" 80 0.203980099502 59 3 2 1 1 1 1 1 1 0 0 0 0 0 0 0 0 0 0 0
"81" 81 0.372093023256 64 3 2 1 0 0 0 0 0 0 0 0 0 0 0 0 0 0 0 0
"82" 82 0.00354609929078 65 3 2 0 0 0 0 0 0 0 0 0 0 0 0 0 0 0 0 0
"83" 83 0.0862944162437 29 13 9 4 3 3 2 2 2 1 1 1 0 0 0 0 0 0 0 0
"84" 84 0.610256410256 43 16 4 4 1 1 1 0 0 0 0 0 0 0 0 0 0 0 0 0
"85" 85 0.203488372093 52 5 3 3 2 2 1 1 1 0 0 0 0 0 0 0 0 0 0 0
"86" 86 0.421383647799 48 6 6 3 2 2 2 1 0 0 0 0 0 0 0 0 0 0 0 0
"87" 87 0.248175182482 63 4 3 0 0 0 0 0 0 0 0 0 0 0 0 0 0 0 0 0
"88" 88 0.675105485232 46 8 7 5 2 1 1 0 0 0 0 0 0 0 0 0 0 0 0 0
"89" 89 0.660714285714 19 15 11 5 5 3 3 3 3 2 1 0 0 0 0 0 0 0 0 0
"90" 90 0.346153846154 70 0 0 0 0 0 0 0 0 0 0 0 0 0 0 0 0 0 0 0
"91" 91 0.00961538461538 70 0 0 0 0 0 0 0 0 0 0 0 0 0 0 0 0 0 0 0
"92" 92 0.0 57 9 4 0 0 0 0 0 0 0 0 0 0 0 0 0 0 0 0 0
"93" 93 0.0384615384615 67 2 1 0 0 0 0 0 0 0 0 0 0 0 0 0 0 0 0 0
"94" 94 0.647798742138 14 10 9 9 8 7 5 4 1 1 1 1 0 0 0 0 0 0 0 0
"95" 95 0.0796019900498 28 18 17 6 1 0 0 0 0 0 0 0 0 0 0 0 0 0 0 0
"96" 96 0.446153846154 28 19 9 3 2 2 2 2 2 1 0 0 0 0 0 0 0 0 0 0
"97" 97 0.0304568527919 44 21 3 2 0 0 0 0 0 0 0 0 0 0 0 0 0 0 0 0
"98" 98 0.062893081761 66 2 1 1 0 0 0 0 0 0 0 0 0 0 0 0 0 0 0 0
"99" 99 0.0 56 7 4 3 0 0 0 0 0 0 0 0 0 0 0 0 0 0 0 0
"100" 100 0.0 44 18 7 1 0 0 0 0 0 0 0 0 0 0 0 0 0 0 0 0
"101" 101 0.077519379845 39 30 1 0 0 0 0 0 0 0 0 0 0 0 0 0 0 0 0 0
"102" 102 0.0103626943005 70 0 0 0 0 0 0 0 0 0 0 0 0 0 0 0 0 0 0 0
"103" 103 0.436781609195 24 12 10 6 5 3 3 3 2 1 1 0 0 0 0 0 0 0 0 0
"104" 104 0.656976744186 28 18 10 7 4 2 1 0 0 0 0 0 0 0 0 0 0 0 0 0
"105" 105 0.288321167883 36 19 5 5 2 1 1 1 0 0 0 0 0 0 0 0 0 0 0 0
"106" 106 0.598540145985 16 14 13 10 8 3 3 2 1 0 0 0 0 0 0 0 0 0 0 0
"107" 107 0.0348258706468 53 7 6 2 1 1 0 0 0 0 0 0 0 0 0 0 0 0 0 0
"108" 108 0.0 46 17 4 3 0 0 0 0 0 0 0 0 0 0 0 0 0 0 0 0
"109" 109 0.508928571429 25 19 5 5 5 3 3 2 2 1 0 0 0 0 0 0 0 0 0 0
"110" 110 0.124352331606 39 15 7 5 2 1 1 0 0 0 0 0 0 0 0 0 0 0 0 0
"111" 111 0.0 67 2 1 0 0 0 0 0 0 0 0 0 0 0 0 0 0 0 0 0
"112" 112 0.355769230769 56 7 4 1 1 1 0 0 0 0 0 0 0 0 0 0 0 0 0 0
"113" 113 0.0172413793103 62 4 3 1 0 0 0 0 0 0 0 0 0 0 0 0 0 0 0 0
"114" 114 0.164179104478 59 9 1 1 0 0 0 0 0 0 0 0 0 0 0 0 0 0 0 0
"115" 115 0.151898734177 20 11 10 10 4 3 2 2 2 1 1 1 1 1 0 0 0 0 0 0
"116" 116 0.71511627907 37 9 7 4 2 2 2 2 1 1 0 0 0 0 0 0 0 0 0 0
"117" 117 0.694300518135 30 22 5 4 3 3 1 1 0 0 0 0 0 0 0 0 0 0 0 0
"118" 118 0.482142857143 23 12 6 5 5 5 4 4 2 2 2 0 0 0 0 0 0 0 0 0
"119" 119 0.173076923077 64 1 1 0 0 0 0 0 0 0 0 0 0 0 0 0 0 0 0 0
"120" 120 0.0507614213198 29 23 9 3 2 1 1 1 1 0 0 0 0 0 0 0 0 0 0 0
"121" 121 0.0 52 9 6 3 0 0 0 0 0 0 0 0 0 0 0 0 0 0 0 0
"122" 122 0.254752851711 43 13 12 1 1 0 0 0 0 0 0 0 0 0 0 0 0 0 0 0
"123" 123 0.0474452554745 70 0 0 0 0 0 0 0 0 0 0 0 0 0 0 0 0 0 0 0
"124" 124 0.0 68 2 0 0 0 0 0 0 0 0 0 0 0 0 0 0 0 0 0 0
"125" 125 0.0199004975124 59 6 2 2 1 0 0 0 0 0 0 0 0 0 0 0 0 0 0 0
"126" 126 0.0 67 2 1 0 0 0 0 0 0 0 0 0 0 0 0 0 0 0 0 0
"127" 127 0.0 52 15 2 1 0 0 0 0 0 0 0 0 0 0 0 0 0 0 0 0
"128" 128 0.00507614213198 68 2 0 0 0 0 0 0 0 0 0 0 0 0 0 0 0 0 0 0
"129" 129 0.0673575129534 66 3 1 0 0 0 0 0 0 0 0 0 0 0 0 0 0 0 0 0
"130" 130 0.173076923077 28 16 8 6 4 4 1 1 1 1 0 0 0 0 0 0 0 0 0 0
"131" 131 0.721518987342 38 11 6 4 3 3 2 1 1 1 0 0 0 0 0 0 0 0 0 0
"132" 132 0.0961538461538 66 2 2 0 0 0 0 0 0 0 0 0 0 0 0 0 0 0 0 0
"133" 133 0.183908045977 29 26 8 4 1 1 1 0 0 0 0 0 0 0 0 0 0 0 0 0
"134" 134 0.0 41 15 14 0 0 0 0 0 0 0 0 0 0 0 0 0 0 0 0 0
"135" 135 0.204379562044 58 8 2 2 0 0 0 0 0 0 0 0 0 0 0 0 0 0 0 0
"136" 136 0.156950672646 38 26 3 1 1 1 0 0 0 0 0 0 0 0 0 0 0 0 0 0
"137" 137 0.258883248731 37 7 5 5 4 3 3 3 2 1 0 0 0 0 0 0 0 0 0 0
"138" 138 0.220930232558 51 8 6 2 1 1 1 0 0 0 0 0 0 0 0 0 0 0 0 0
"139" 139 0.385057471264 33 25 10 2 0 0 0 0 0 0 0 0 0 0 0 0 0 0 0 0
"140" 140 0.205128205128 68 1 1 0 0 0 0 0 0 0 0 0 0 0 0 0 0 0 0 0
"141" 141 0.507772020725 59 8 1 1 1 0 0 0 0 0 0 0 0 0 0 0 0 0 0 0
"142" 142 0.174129353234 62 2 2 1 1 1 1 0 0 0 0 0 0 0 0 0 0 0 0 0
"143" 143 0.591194968553 61 4 2 1 1 1 0 0 0 0 0 0 0 0 0 0 0 0 0 0
"144" 144 0.534482758621 53 8 6 3 0 0 0 0 0 0 0 0 0 0 0 0 0 0 0 0
"145" 145 0.278846153846 70 0 0 0 0 0 0 0 0 0 0 0 0 0 0 0 0 0 0 0
"146" 146 0.116788321168 70 0 0 0 0 0 0 0 0 0 0 0 0 0 0 0 0 0 0 0
"147" 147 0.384105960265 50 18 1 1 0 0 0 0 0 0 0 0 0 0 0 0 0 0 0 0
"148" 148 0.0747126436782 65 5 0 0 0 0 0 0 0 0 0 0 0 0 0 0 0 0 0 0
"149" 149 0.507772020725 56 10 3 1 0 0 0 0 0 0 0 0 0 0 0 0 0 0 0 0
"150" 150 0.357142857143 70 0 0 0 0 0 0 0 0 0 0 0 0 0 0 0 0 0 0 0
"151" 151 0.031007751938 40 14 8 3 2 1 1 1 0 0 0 0 0 0 0 0 0 0 0 0
"152" 152 0.0995024875622 59 10 1 0 0 0 0 0 0 0 0 0 0 0 0 0 0 0 0 0
"153" 153 0.160583941606 69 0 0 0 0 0 0 0 0 0 0 0 0 0 0 0 0 0 0 0
"154" 154 0.0995024875622 48 10 6 5 0 0 0 0 0 0 0 0 0 0 0 0 0 0 0 0
"155" 155 0.0 43 19 7 0 0 0 0 0 0 0 0 0 0 0 0 0 0 0 0 0
"156" 156 0.210762331839 34 14 11 6 3 1 0 0 0 0 0 0 0 0 0 0 0 0 0 0
"157" 157 0.077519379845 69 0 0 0 0 0 0 0 0 0 0 0 0 0 0 0 0 0 0 0
"158" 158 0.192468619247 51 8 7 2 1 0 0 0 0 0 0 0 0 0 0 0 0 0 0 0
"159" 159 0.116591928251 64 2 2 1 0 0 0 0 0 0 0 0 0 0 0 0 0 0 0 0
"160" 160 0.285171102662 43 19 6 0 0 0 0 0 0 0 0 0 0 0 0 0 0 0 0 0
"161" 161 0.18023255814 35 21 4 3 2 2 1 0 0 0 0 0 0 0 0 0 0 0 0 0
"162" 162 0.388601036269 40 18 7 3 0 0 0 0 0 0 0 0 0 0 0 0 0 0 0 0
"163" 163 0.625 27 20 8 6 2 2 2 1 0 0 0 0 0 0 0 0 0 0 0 0
"164" 164 0.468899521531 52 6 5 3 1 0 0 0 0 0 0 0 0 0 0 0 0 0 0 0
"165" 165 0.490384615385 59 5 2 1 0 0 0 0 0 0 0 0 0 0 0 0 0 0 0 0
"166" 166 0.191964285714 63 3 1 0 0 0 0 0 0 0 0 0 0 0 0 0 0 0 0 0
"167" 167 0.373563218391 66 0 0 0 0 0 0 0 0 0 0 0 0 0 0 0 0 0 0 0
"168" 168 0.23417721519 65 1 0 0 0 0 0 0 0 0 0 0 0 0 0 0 0 0 0 0
"169" 169 0.163522012579 65 1 0 0 0 0 0 0 0 0 0 0 0 0 0 0 0 0 0 0
"170" 170 0.821705426357 61 3 1 1 0 0 0 0 0 0 0 0 0 0 0 0 0 0 0 0
"171" 171 0.5 31 22 5 5 2 1 0 0 0 0 0 0 0 0 0 0 0 0 0 0
"172" 172 0.0248226950355 66 0 0 0 0 0 0 0 0 0 0 0 0 0 0 0 0 0 0 0
"173" 173 0.548523206751 29 13 11 4 3 2 2 2 0 0 0 0 0 0 0 0 0 0 0 0
"174" 174 0.465408805031 47 9 7 2 1 0 0 0 0 0 0 0 0 0 0 0 0 0 0 0
"175" 175 0.817307692308 59 3 2 2 0 0 0 0 0 0 0 0 0 0 0 0 0 0 0 0
"176" 176 0.344370860927 18 14 10 10 7 6 1 0 0 0 0 0 0 0 0 0 0 0 0 0
"177" 177 0.300518134715 19 17 9 8 6 2 2 1 1 0 0 0 0 0 0 0 0 0 0 0
"178" 178 0.127906976744 56 4 3 3 0 0 0 0 0 0 0 0 0 0 0 0 0 0 0 0
"179" 179 0.137055837563 36 30 0 0 0 0 0 0 0 0 0 0 0 0 0 0 0 0 0 0
"180" 180 0.308016877637 41 10 9 3 0 0 0 0 0 0 0 0 0 0 0 0 0 0 0 0
"181" 181 0.522012578616 47 13 1 1 1 0 0 0 0 0 0 0 0 0 0 0 0 0 0 0
"182" 182 0.384615384615 31 10 7 6 6 4 2 0 0 0 0 0 0 0 0 0 0 0 0 0
"183" 183 0.626436781609 35 11 7 4 4 1 1 1 0 0 0 0 0 0 0 0 0 0 0 0
"184" 184 0.668393782383 20 16 6 5 4 3 3 2 2 2 0 0 0 0 0 0 0 0 0 0
"185" 185 0.373056994819 21 13 9 7 5 4 2 2 0 0 0 0 0 0 0 0 0 0 0 0
"186" 186 0.0927152317881 36 9 7 5 2 2 1 1 1 0 0 0 0 0 0 0 0 0 0 0
"187" 187 0.510548523207 37 9 7 6 1 1 1 1 1 0 0 0 0 0 0 0 0 0 0 0
"188" 188 0.5 38 8 4 4 2 2 2 1 1 1 1 0 0 0 0 0 0 0 0 0
"189" 189 0.182509505703 55 9 0 0 0 0 0 0 0 0 0 0 0 0 0 0 0 0 0 0
"190" 190 0.401673640167 55 6 3 0 0 0 0 0 0 0 0 0 0 0 0 0 0 0 0 0
"191" 191 0.569536423841 16 15 7 5 4 3 2 2 1 0 0 0 0 0 0 0 0 0 0 0
"192" 192 0.607594936709 36 5 3 3 2 2 0 0 0 0 0 0 0 0 0 0 0 0 0 0
"193" 193 0.377990430622 11 11 9 4 3 2 1 0 0 0 0 0 0 0 0 0 0 0 0 0
"194" 194 0.907692307692 18 4 2 1 0 0 0 0 0 0 0 0 0 0 0 0 0 0 0 0
