"site" "RSA" "aa1" "aa2" "aa3" "aa4" "aa5" "aa6" "aa7" "aa8" "aa9" "aa10" "aa11" "aa12" "aa13" "aa14" "aa15" "aa16" "aa17" "aa18" "aa19" "aa20"
"0" 0 0.816513761468 15 10 0 0 0 0 0 0 0 0 0 0 0 0 0 0 0 0 0 0
"1" 1 0.384105960265 20 15 8 6 5 3 2 1 1 0 0 0 0 0 0 0 0 0 0 0
"2" 2 0.312820512821 31 22 13 6 6 2 1 1 0 0 0 0 0 0 0 0 0 0 0 0
"3" 3 0.0 122 7 5 4 2 1 1 0 0 0 0 0 0 0 0 0 0 0 0 0
"4" 4 0.121338912134 92 49 3 2 1 1 0 0 0 0 0 0 0 0 0 0 0 0 0 0
"5" 5 0.0 132 9 6 1 0 0 0 0 0 0 0 0 0 0 0 0 0 0 0 0
"6" 6 0.238341968912 132 5 4 2 1 1 1 1 0 0 0 0 0 0 0 0 0 0 0 0
"7" 7 0.0152284263959 94 36 10 5 2 1 0 0 0 0 0 0 0 0 0 0 0 0 0 0
"8" 8 0.0988372093023 39 35 20 20 8 8 4 3 3 3 2 1 1 1 0 0 0 0 0 0
"9" 9 0.320675105485 86 24 14 5 4 3 3 2 2 1 1 1 1 1 1 0 0 0 0 0
"10" 10 0.589743589744 83 39 18 4 2 2 0 0 0 0 0 0 0 0 0 0 0 0 0 0
"11" 11 0.576923076923 95 18 16 7 6 6 2 0 0 0 0 0 0 0 0 0 0 0 0 0
"12" 12 0.434108527132 37 34 21 18 6 6 6 6 6 6 3 1 0 0 0 0 0 0 0 0
"13" 13 0.74213836478 77 23 10 9 6 4 4 4 3 3 1 1 1 1 1 0 0 0 0 0
"14" 14 0.278606965174 63 38 16 11 5 4 4 3 2 2 2 1 1 0 0 0 0 0 0 0
"15" 15 0.269230769231 143 3 2 2 2 1 1 0 0 0 0 0 0 0 0 0 0 0 0 0
"16" 16 0.290697674419 129 9 8 1 1 1 1 1 1 1 1 0 0 0 0 0 0 0 0 0
"17" 17 0.0 113 34 3 3 1 0 0 0 0 0 0 0 0 0 0 0 0 0 0 0
"18" 18 0.354430379747 80 20 15 10 6 6 4 3 3 2 2 1 1 1 0 0 0 0 0 0
"19" 19 0.0 60 50 31 11 2 0 0 0 0 0 0 0 0 0 0 0 0 0 0 0
"20" 20 0.354430379747 85 36 14 5 5 4 2 2 1 1 0 0 0 0 0 0 0 0 0 0
"21" 21 0.0696517412935 149 4 1 1 0 0 0 0 0 0 0 0 0 0 0 0 0 0 0 0
"22" 22 0.196652719665 81 37 32 1 1 1 1 0 0 0 0 0 0 0 0 0 0 0 0 0
"23" 23 0.0984455958549 40 39 23 21 12 8 3 2 2 1 1 1 1 0 0 0 0 0 0 0
"24" 24 0.875647668394 113 15 11 9 3 2 1 0 0 0 0 0 0 0 0 0 0 0 0 0
"25" 25 0.183908045977 85 21 18 10 9 3 3 1 1 1 0 0 0 0 0 0 0 0 0 0
"26" 26 0.0 129 13 5 4 3 0 0 0 0 0 0 0 0 0 0 0 0 0 0 0
"27" 27 0.396226415094 155 0 0 0 0 0 0 0 0 0 0 0 0 0 0 0 0 0 0 0
"28" 28 0.573839662447 127 13 5 4 3 2 1 0 0 0 0 0 0 0 0 0 0 0 0 0
"29" 29 0.0 155 0 0 0 0 0 0 0 0 0 0 0 0 0 0 0 0 0 0 0
"30" 30 0.0 112 25 11 3 3 0 0 0 0 0 0 0 0 0 0 0 0 0 0 0
"31" 31 0.279069767442 123 11 8 5 3 2 1 1 1 0 0 0 0 0 0 0 0 0 0 0
"32" 32 0.0 155 0 0 0 0 0 0 0 0 0 0 0 0 0 0 0 0 0 0 0
"33" 33 0.0 155 0 0 0 0 0 0 0 0 0 0 0 0 0 0 0 0 0 0 0
"34" 34 0.0912408759124 127 6 5 4 3 2 2 2 1 1 1 1 0 0 0 0 0 0 0 0
"35" 35 0.031007751938 94 21 14 11 7 4 2 1 1 1 0 0 0 0 0 0 0 0 0 0
"36" 36 0.00497512437811 149 7 0 0 0 0 0 0 0 0 0 0 0 0 0 0 0 0 0 0
"37" 37 0.0126582278481 121 24 8 1 1 1 0 0 0 0 0 0 0 0 0 0 0 0 0 0
"38" 38 0.302325581395 139 6 2 2 2 1 1 1 1 1 0 0 0 0 0 0 0 0 0 0
"39" 39 0.278846153846 134 11 6 2 1 1 1 0 0 0 0 0 0 0 0 0 0 0 0 0
"40" 40 0.589285714286 125 8 6 5 4 2 2 2 1 1 0 0 0 0 0 0 0 0 0 0
"41" 41 0.485232067511 112 12 5 5 5 4 3 2 2 2 1 1 1 1 0 0 0 0 0 0
"42" 42 0.701923076923 136 7 2 2 2 2 1 1 1 1 1 0 0 0 0 0 0 0 0 0
"43" 43 0.238493723849 77 15 15 12 11 9 5 4 2 2 1 1 1 1 0 0 0 0 0 0
"44" 44 0.105769230769 144 4 3 1 1 1 1 0 0 0 0 0 0 0 0 0 0 0 0 0
"45" 45 0.0 129 24 1 1 0 0 0 0 0 0 0 0 0 0 0 0 0 0 0 0
"46" 46 0.511627906977 120 13 12 3 3 2 1 1 1 0 0 0 0 0 0 0 0 0 0 0
"47" 47 0.336538461538 129 18 5 1 1 1 1 0 0 0 0 0 0 0 0 0 0 0 0 0
"48" 48 0.046357615894 131 17 4 2 1 1 0 0 0 0 0 0 0 0 0 0 0 0 0 0
"49" 49 0.191387559809 35 23 22 21 12 11 7 7 7 3 2 2 2 1 1 0 0 0 0 0
"50" 50 0.0 153 2 1 0 0 0 0 0 0 0 0 0 0 0 0 0 0 0 0 0
"51" 51 0.11961722488 155 1 0 0 0 0 0 0 0 0 0 0 0 0 0 0 0 0 0 0
"52" 52 0.361313868613 156 0 0 0 0 0 0 0 0 0 0 0 0 0 0 0 0 0 0 0
"53" 53 0.00574712643678 100 55 1 0 0 0 0 0 0 0 0 0 0 0 0 0 0 0 0 0
"54" 54 0.121827411168 154 1 1 0 0 0 0 0 0 0 0 0 0 0 0 0 0 0 0 0
"55" 55 0.301886792453 99 40 6 2 2 2 1 1 1 1 1 0 0 0 0 0 0 0 0 0
"56" 56 0.663212435233 40 39 29 25 10 7 4 1 1 0 0 0 0 0 0 0 0 0 0 0
"57" 57 0.192468619247 155 1 0 0 0 0 0 0 0 0 0 0 0 0 0 0 0 0 0 0
"58" 58 0.0137614678899 153 2 1 0 0 0 0 0 0 0 0 0 0 0 0 0 0 0 0 0
"59" 59 0.0 55 55 32 8 3 2 1 0 0 0 0 0 0 0 0 0 0 0 0 0
"60" 60 0.139013452915 156 0 0 0 0 0 0 0 0 0 0 0 0 0 0 0 0 0 0 0
"61" 61 0.0 151 3 2 0 0 0 0 0 0 0 0 0 0 0 0 0 0 0 0 0
"62" 62 0.0 156 0 0 0 0 0 0 0 0 0 0 0 0 0 0 0 0 0 0 0
"63" 63 0.0103626943005 155 1 0 0 0 0 0 0 0 0 0 0 0 0 0 0 0 0 0 0
"64" 64 0.188284518828 148 7 1 0 0 0 0 0 0 0 0 0 0 0 0 0 0 0 0 0
"65" 65 0.488372093023 128 7 7 6 4 2 1 1 0 0 0 0 0 0 0 0 0 0 0 0
"66" 66 0.364341085271 56 42 18 14 6 5 3 3 2 2 2 2 1 0 0 0 0 0 0 0
"67" 67 0.201923076923 97 38 6 3 2 2 2 1 1 1 1 1 1 0 0 0 0 0 0 0
"68" 68 0.502564102564 99 53 1 1 1 1 0 0 0 0 0 0 0 0 0 0 0 0 0 0
"69" 69 0.298076923077 156 0 0 0 0 0 0 0 0 0 0 0 0 0 0 0 0 0 0 0
"70" 70 0.651162790698 137 10 4 2 1 1 1 0 0 0 0 0 0 0 0 0 0 0 0 0
"71" 71 0.173076923077 155 0 0 0 0 0 0 0 0 0 0 0 0 0 0 0 0 0 0 0
"72" 72 0.182692307692 147 5 1 1 1 1 0 0 0 0 0 0 0 0 0 0 0 0 0 0
"73" 73 0.35864978903 82 44 14 5 3 2 1 1 1 1 1 1 0 0 0 0 0 0 0 0
"74" 74 0.0198675496689 151 3 2 0 0 0 0 0 0 0 0 0 0 0 0 0 0 0 0 0
"75" 75 0.203045685279 153 3 0 0 0 0 0 0 0 0 0 0 0 0 0 0 0 0 0 0
"76" 76 0.406844106464 152 2 1 1 0 0 0 0 0 0 0 0 0 0 0 0 0 0 0 0
"77" 77 0.355769230769 152 4 0 0 0 0 0 0 0 0 0 0 0 0 0 0 0 0 0 0
"78" 78 0.573643410853 48 18 17 15 13 10 9 7 6 3 3 2 2 1 1 1 0 0 0 0
"79" 79 0.514767932489 116 21 6 3 2 2 2 1 1 1 1 0 0 0 0 0 0 0 0 0
"80" 80 0.100418410042 155 1 0 0 0 0 0 0 0 0 0 0 0 0 0 0 0 0 0 0
"81" 81 0.449612403101 48 37 32 15 11 5 3 2 2 1 0 0 0 0 0 0 0 0 0 0
"82" 82 0.124352331606 156 0 0 0 0 0 0 0 0 0 0 0 0 0 0 0 0 0 0 0
"83" 83 0.236607142857 155 1 0 0 0 0 0 0 0 0 0 0 0 0 0 0 0 0 0 0
"84" 84 0.235897435897 140 7 4 2 1 1 1 0 0 0 0 0 0 0 0 0 0 0 0 0
"85" 85 0.334728033473 155 1 0 0 0 0 0 0 0 0 0 0 0 0 0 0 0 0 0 0
"86" 86 0.587443946188 52 22 19 16 10 9 7 7 6 4 1 1 1 1 0 0 0 0 0 0
"87" 87 0.218905472637 102 12 10 6 5 5 4 4 3 3 1 1 0 0 0 0 0 0 0 0
"88" 88 0.552742616034 111 17 7 5 4 3 3 2 1 1 1 1 0 0 0 0 0 0 0 0
"89" 89 0.0 154 1 1 0 0 0 0 0 0 0 0 0 0 0 0 0 0 0 0 0
"90" 90 0.420512820513 68 27 12 9 8 8 5 5 3 3 2 2 1 1 1 0 0 0 0 0
"91" 91 0.324894514768 77 27 21 9 4 3 3 3 3 1 1 0 0 0 0 0 0 0 0 0
"92" 92 0.37106918239 114 16 7 4 3 2 2 2 1 1 1 1 1 1 0 0 0 0 0 0
"93" 93 0.0192307692308 138 14 1 1 1 1 0 0 0 0 0 0 0 0 0 0 0 0 0 0
"94" 94 0.0199004975124 61 29 20 16 8 7 6 3 1 1 1 1 1 1 0 0 0 0 0 0
"95" 95 0.0 151 3 1 1 0 0 0 0 0 0 0 0 0 0 0 0 0 0 0 0
"96" 96 0.0 156 0 0 0 0 0 0 0 0 0 0 0 0 0 0 0 0 0 0 0
"97" 97 0.0 154 1 1 0 0 0 0 0 0 0 0 0 0 0 0 0 0 0 0 0
"98" 98 0.062015503876 156 0 0 0 0 0 0 0 0 0 0 0 0 0 0 0 0 0 0 0
"99" 99 0.225641025641 156 0 0 0 0 0 0 0 0 0 0 0 0 0 0 0 0 0 0 0
"100" 100 0.635658914729 124 24 4 2 1 1 0 0 0 0 0 0 0 0 0 0 0 0 0 0
"101" 101 0.240384615385 155 1 0 0 0 0 0 0 0 0 0 0 0 0 0 0 0 0 0 0
"102" 102 0.654088050314 116 18 8 8 2 2 1 1 0 0 0 0 0 0 0 0 0 0 0 0
"103" 103 0.476923076923 121 28 3 3 1 0 0 0 0 0 0 0 0 0 0 0 0 0 0 0
"104" 104 0.156976744186 149 7 0 0 0 0 0 0 0 0 0 0 0 0 0 0 0 0 0 0
"105" 105 0.0 155 1 0 0 0 0 0 0 0 0 0 0 0 0 0 0 0 0 0 0
"106" 106 0.0961538461538 150 2 1 1 1 1 0 0 0 0 0 0 0 0 0 0 0 0 0 0
"107" 107 0.00662251655629 149 6 1 0 0 0 0 0 0 0 0 0 0 0 0 0 0 0 0 0
"108" 108 0.103139013453 156 0 0 0 0 0 0 0 0 0 0 0 0 0 0 0 0 0 0 0
"109" 109 0.0 154 1 1 0 0 0 0 0 0 0 0 0 0 0 0 0 0 0 0 0
"110" 110 0.0209205020921 155 1 0 0 0 0 0 0 0 0 0 0 0 0 0 0 0 0 0 0
"111" 111 0.0 132 16 7 1 0 0 0 0 0 0 0 0 0 0 0 0 0 0 0 0
"112" 112 0.0 103 51 1 1 0 0 0 0 0 0 0 0 0 0 0 0 0 0 0 0
"113" 113 0.0988372093023 125 8 8 7 5 1 1 1 0 0 0 0 0 0 0 0 0 0 0 0
"114" 114 0.252873563218 80 34 9 9 7 6 3 3 2 2 1 0 0 0 0 0 0 0 0 0
"115" 115 0.390804597701 66 33 18 11 8 7 4 2 2 2 1 1 1 0 0 0 0 0 0 0
"116" 116 0.0 133 16 4 1 1 1 0 0 0 0 0 0 0 0 0 0 0 0 0 0
"117" 117 0.403973509934 60 42 18 16 8 5 3 2 1 1 0 0 0 0 0 0 0 0 0 0
"118" 118 0.535460992908 126 24 5 1 0 0 0 0 0 0 0 0 0 0 0 0 0 0 0 0
"119" 119 0.089552238806 156 0 0 0 0 0 0 0 0 0 0 0 0 0 0 0 0 0 0 0
"120" 120 0.238341968912 145 11 0 0 0 0 0 0 0 0 0 0 0 0 0 0 0 0 0 0
"121" 121 0.413461538462 137 11 4 2 1 1 0 0 0 0 0 0 0 0 0 0 0 0 0 0
"122" 122 0.540084388186 112 33 5 3 1 1 1 0 0 0 0 0 0 0 0 0 0 0 0 0
"123" 123 0.157894736842 155 1 0 0 0 0 0 0 0 0 0 0 0 0 0 0 0 0 0 0
"124" 124 0.0 147 7 2 0 0 0 0 0 0 0 0 0 0 0 0 0 0 0 0 0
"125" 125 0.0172413793103 155 1 0 0 0 0 0 0 0 0 0 0 0 0 0 0 0 0 0 0
"126" 126 0.0 153 2 0 0 0 0 0 0 0 0 0 0 0 0 0 0 0 0 0 0
"127" 127 0.0 155 0 0 0 0 0 0 0 0 0 0 0 0 0 0 0 0 0 0 0
"128" 128 0.205357142857 42 42 23 20 8 8 4 2 2 2 1 1 0 0 0 0 0 0 0 0
"129" 129 0.0862068965517 147 6 2 0 0 0 0 0 0 0 0 0 0 0 0 0 0 0 0 0
"130" 130 0.380710659898 52 36 27 12 8 7 5 4 1 1 1 0 0 0 0 0 0 0 0 0
"131" 131 0.481865284974 85 37 12 11 4 2 2 1 0 0 0 0 0 0 0 0 0 0 0 0
"132" 132 0.0288461538462 143 7 2 2 0 0 0 0 0 0 0 0 0 0 0 0 0 0 0 0
"133" 133 0.238532110092 91 17 15 9 5 5 4 3 2 1 1 1 0 0 0 0 0 0 0 0
"134" 134 0.625641025641 99 18 11 9 4 3 2 2 2 1 1 1 0 0 0 0 0 0 0 0
"135" 135 0.0287356321839 109 27 9 6 2 0 0 0 0 0 0 0 0 0 0 0 0 0 0 0
"136" 136 0.0 137 9 5 1 1 0 0 0 0 0 0 0 0 0 0 0 0 0 0 0
"137" 137 0.544303797468 73 45 7 7 5 4 4 3 3 1 1 0 0 0 0 0 0 0 0 0
"138" 138 0.255813953488 59 35 11 10 8 7 6 5 4 3 2 1 1 1 0 0 0 0 0 0
"139" 139 0.0 85 27 22 16 1 1 1 0 0 0 0 0 0 0 0 0 0 0 0 0
"140" 140 0.129464285714 146 4 1 1 1 0 0 0 0 0 0 0 0 0 0 0 0 0 0 0
"141" 141 0.488372093023 43 37 17 14 12 9 7 4 3 3 2 1 1 0 0 0 0 0 0 0
"142" 142 0.138392857143 36 21 20 17 11 9 8 7 5 5 4 3 3 3 1 0 0 0 0 0
"143" 143 0.0192307692308 99 19 10 7 4 4 3 2 1 1 1 0 0 0 0 0 0 0 0 0
"144" 144 0.165562913907 80 49 6 5 4 3 1 1 1 1 1 0 0 0 0 0 0 0 0 0
"145" 145 0.721153846154 28 27 17 12 12 11 11 11 10 6 3 2 1 1 0 0 0 0 0 0
"146" 146 0.562913907285 84 17 14 10 6 4 4 3 3 3 2 1 1 1 0 0 0 0 0 0
"147" 147 0.0192307692308 114 26 6 4 2 1 0 0 0 0 0 0 0 0 0 0 0 0 0 0
"148" 148 0.64135021097 72 28 13 11 8 7 4 3 3 1 0 0 0 0 0 0 0 0 0 0
"149" 149 0.188679245283 95 44 3 3 1 1 1 1 1 0 0 0 0 0 0 0 0 0 0 0
"150" 150 0.700729927007 39 31 21 13 11 8 8 4 4 2 2 2 1 1 1 1 0 0 0 0
"151" 151 0.0993377483444 53 22 16 15 14 8 4 4 4 3 2 1 1 1 1 0 0 0 0 0
"152" 152 0.368613138686 43 26 26 15 7 7 6 5 4 3 2 2 1 1 0 0 0 0 0 0
"153" 153 0.0 86 45 10 3 1 1 1 1 0 0 0 0 0 0 0 0 0 0 0 0
"154" 154 0.236607142857 51 30 26 14 6 5 4 4 4 3 1 0 0 0 0 0 0 0 0 0
"155" 155 0.0 128 16 1 1 1 1 0 0 0 0 0 0 0 0 0 0 0 0 0 0
"156" 156 0.356589147287 53 24 18 17 15 6 4 4 3 1 1 1 1 0 0 0 0 0 0 0
"157" 157 0.523206751055 83 20 13 12 8 5 4 1 1 1 0 0 0 0 0 0 0 0 0 0
"158" 158 0.107594936709 110 29 7 1 0 0 0 0 0 0 0 0 0 0 0 0 0 0 0 0
"159" 159 0.0769230769231 142 1 0 0 0 0 0 0 0 0 0 0 0 0 0 0 0 0 0 0
"160" 160 0.367816091954 14 10 6 4 2 1 1 0 0 0 0 0 0 0 0 0 0 0 0 0
"161" 161 0.645569620253 17 5 4 3 0 0 0 0 0 0 0 0 0 0 0 0 0 0 0 0
