"site" "RSA" "aa1" "aa2" "aa3" "aa4" "aa5" "aa6" "aa7" "aa8" "aa9" "aa10" "aa11" "aa12" "aa13" "aa14" "aa15" "aa16" "aa17" "aa18" "aa19" "aa20"
"0" 0 0.353211009174 416 32 31 21 0 0 0 0 0 0 0 0 0 0 0 0 0 0 0 0
"1" 1 0.0 308 192 0 0 0 0 0 0 0 0 0 0 0 0 0 0 0 0 0 0
"2" 2 0.133720930233 478 22 0 0 0 0 0 0 0 0 0 0 0 0 0 0 0 0 0 0
"3" 3 0.00961538461538 500 0 0 0 0 0 0 0 0 0 0 0 0 0 0 0 0 0 0 0
"4" 4 0.462686567164 474 26 0 0 0 0 0 0 0 0 0 0 0 0 0 0 0 0 0 0
"5" 5 0.14367816092 416 84 0 0 0 0 0 0 0 0 0 0 0 0 0 0 0 0 0 0
"6" 6 0.383928571429 500 0 0 0 0 0 0 0 0 0 0 0 0 0 0 0 0 0 0 0
"7" 7 0.108527131783 380 55 46 19 0 0 0 0 0 0 0 0 0 0 0 0 0 0 0 0
"8" 8 0.304568527919 497 2 1 0 0 0 0 0 0 0 0 0 0 0 0 0 0 0 0 0
"9" 9 0.00961538461538 500 0 0 0 0 0 0 0 0 0 0 0 0 0 0 0 0 0 0 0
"10" 10 0.304597701149 336 82 76 3 3 0 0 0 0 0 0 0 0 0 0 0 0 0 0 0
"11" 11 0.0 254 152 49 43 1 1 0 0 0 0 0 0 0 0 0 0 0 0 0 0
"12" 12 0.350210970464 254 91 85 48 13 4 3 2 0 0 0 0 0 0 0 0 0 0 0 0
"13" 13 0.341968911917 357 130 13 0 0 0 0 0 0 0 0 0 0 0 0 0 0 0 0 0
"14" 14 0.195402298851 351 149 0 0 0 0 0 0 0 0 0 0 0 0 0 0 0 0 0 0
"15" 15 0.538116591928 358 130 12 0 0 0 0 0 0 0 0 0 0 0 0 0 0 0 0 0
"16" 16 0.519230769231 500 0 0 0 0 0 0 0 0 0 0 0 0 0 0 0 0 0 0 0
"17" 17 0.401162790698 499 1 0 0 0 0 0 0 0 0 0 0 0 0 0 0 0 0 0 0
"18" 18 0.451776649746 204 171 122 3 0 0 0 0 0 0 0 0 0 0 0 0 0 0 0 0
"19" 19 0.720207253886 325 174 1 0 0 0 0 0 0 0 0 0 0 0 0 0 0 0 0 0
"20" 20 0.712820512821 500 0 0 0 0 0 0 0 0 0 0 0 0 0 0 0 0 0 0 0
"21" 21 0.125 500 0 0 0 0 0 0 0 0 0 0 0 0 0 0 0 0 0 0 0
"22" 22 0.0962343096234 287 122 57 34 0 0 0 0 0 0 0 0 0 0 0 0 0 0 0 0
"23" 23 0.457364341085 493 7 0 0 0 0 0 0 0 0 0 0 0 0 0 0 0 0 0 0
"24" 24 0.0137614678899 412 66 22 0 0 0 0 0 0 0 0 0 0 0 0 0 0 0 0 0
"25" 25 0.337552742616 497 2 1 0 0 0 0 0 0 0 0 0 0 0 0 0 0 0 0 0
"26" 26 0.0 492 7 1 0 0 0 0 0 0 0 0 0 0 0 0 0 0 0 0 0
"27" 27 0.308035714286 208 127 102 55 4 4 0 0 0 0 0 0 0 0 0 0 0 0 0 0
"28" 28 0.0 409 54 32 5 0 0 0 0 0 0 0 0 0 0 0 0 0 0 0 0
"29" 29 0.295597484277 496 4 0 0 0 0 0 0 0 0 0 0 0 0 0 0 0 0 0 0
"30" 30 0.434977578475 455 35 10 0 0 0 0 0 0 0 0 0 0 0 0 0 0 0 0 0
"31" 31 0.0203045685279 375 52 36 19 13 5 0 0 0 0 0 0 0 0 0 0 0 0 0 0
"32" 32 0.0348258706468 499 1 0 0 0 0 0 0 0 0 0 0 0 0 0 0 0 0 0 0
"33" 33 0.658031088083 500 0 0 0 0 0 0 0 0 0 0 0 0 0 0 0 0 0 0 0
"34" 34 0.476683937824 500 0 0 0 0 0 0 0 0 0 0 0 0 0 0 0 0 0 0 0
"35" 35 0.101265822785 306 194 0 0 0 0 0 0 0 0 0 0 0 0 0 0 0 0 0 0
"36" 36 0.622009569378 245 169 65 19 2 0 0 0 0 0 0 0 0 0 0 0 0 0 0 0
"37" 37 0.459302325581 462 29 9 0 0 0 0 0 0 0 0 0 0 0 0 0 0 0 0 0
"38" 38 0.413461538462 500 0 0 0 0 0 0 0 0 0 0 0 0 0 0 0 0 0 0 0
"39" 39 0.310880829016 245 161 62 29 3 0 0 0 0 0 0 0 0 0 0 0 0 0 0 0
"40" 40 0.284768211921 227 212 36 15 6 3 1 0 0 0 0 0 0 0 0 0 0 0 0 0
"41" 41 0.0203045685279 449 20 19 12 0 0 0 0 0 0 0 0 0 0 0 0 0 0 0 0
"42" 42 0.031007751938 500 0 0 0 0 0 0 0 0 0 0 0 0 0 0 0 0 0 0 0
"43" 43 0.0 457 19 17 7 0 0 0 0 0 0 0 0 0 0 0 0 0 0 0 0
"44" 44 0.0307692307692 246 234 20 0 0 0 0 0 0 0 0 0 0 0 0 0 0 0 0 0
"45" 45 0.0384615384615 500 0 0 0 0 0 0 0 0 0 0 0 0 0 0 0 0 0 0 0
"46" 46 0.0348837209302 207 193 95 5 0 0 0 0 0 0 0 0 0 0 0 0 0 0 0 0
"47" 47 0.196202531646 227 192 36 24 11 9 1 0 0 0 0 0 0 0 0 0 0 0 0 0
"48" 48 0.0348258706468 491 5 4 0 0 0 0 0 0 0 0 0 0 0 0 0 0 0 0 0
"49" 49 0.447674418605 497 1 1 1 0 0 0 0 0 0 0 0 0 0 0 0 0 0 0 0
"50" 50 0.00574712643678 497 3 0 0 0 0 0 0 0 0 0 0 0 0 0 0 0 0 0 0
"51" 51 0.453488372093 498 1 1 0 0 0 0 0 0 0 0 0 0 0 0 0 0 0 0 0
"52" 52 0.512953367876 468 29 3 0 0 0 0 0 0 0 0 0 0 0 0 0 0 0 0 0
"53" 53 0.280334728033 470 21 9 0 0 0 0 0 0 0 0 0 0 0 0 0 0 0 0 0
"54" 54 0.40414507772 392 96 12 0 0 0 0 0 0 0 0 0 0 0 0 0 0 0 0 0
"55" 55 0.71897810219 500 0 0 0 0 0 0 0 0 0 0 0 0 0 0 0 0 0 0 0
"56" 56 0.475285171103 385 82 29 4 0 0 0 0 0 0 0 0 0 0 0 0 0 0 0 0
"57" 57 0.129186602871 246 156 96 2 0 0 0 0 0 0 0 0 0 0 0 0 0 0 0 0
"58" 58 0.0 397 51 32 12 5 2 1 0 0 0 0 0 0 0 0 0 0 0 0 0
"59" 59 0.232558139535 493 5 2 0 0 0 0 0 0 0 0 0 0 0 0 0 0 0 0 0
"60" 60 0.0114942528736 407 52 32 9 0 0 0 0 0 0 0 0 0 0 0 0 0 0 0 0
"61" 61 0.451923076923 499 1 0 0 0 0 0 0 0 0 0 0 0 0 0 0 0 0 0 0
"62" 62 0.0203045685279 434 66 0 0 0 0 0 0 0 0 0 0 0 0 0 0 0 0 0 0
"63" 63 0.403100775194 302 188 6 4 0 0 0 0 0 0 0 0 0 0 0 0 0 0 0 0
"64" 64 0.295597484277 494 6 0 0 0 0 0 0 0 0 0 0 0 0 0 0 0 0 0 0
"65" 65 0.424107142857 275 218 3 2 1 1 0 0 0 0 0 0 0 0 0 0 0 0 0 0
"66" 66 0.245033112583 220 193 79 3 2 2 1 0 0 0 0 0 0 0 0 0 0 0 0 0
"67" 67 0.0497512437811 325 175 0 0 0 0 0 0 0 0 0 0 0 0 0 0 0 0 0 0
"68" 68 0.496350364964 325 175 0 0 0 0 0 0 0 0 0 0 0 0 0 0 0 0 0 0
"69" 69 0.169154228856 480 17 3 0 0 0 0 0 0 0 0 0 0 0 0 0 0 0 0 0
"70" 70 0.0523255813953 424 76 0 0 0 0 0 0 0 0 0 0 0 0 0 0 0 0 0 0
"71" 71 0.0410256410256 295 194 11 0 0 0 0 0 0 0 0 0 0 0 0 0 0 0 0 0
"72" 72 0.0 404 74 14 5 2 1 0 0 0 0 0 0 0 0 0 0 0 0 0 0
"73" 73 0.134615384615 302 111 58 22 5 2 0 0 0 0 0 0 0 0 0 0 0 0 0 0
"74" 74 0.511210762332 288 151 23 11 8 7 5 4 2 1 0 0 0 0 0 0 0 0 0 0
"75" 75 0.0443037974684 264 193 18 9 8 3 2 2 1 0 0 0 0 0 0 0 0 0 0 0
"76" 76 0.556962025316 500 0 0 0 0 0 0 0 0 0 0 0 0 0 0 0 0 0 0 0
"77" 77 0.496124031008 500 0 0 0 0 0 0 0 0 0 0 0 0 0 0 0 0 0 0 0
"78" 78 0.519230769231 500 0 0 0 0 0 0 0 0 0 0 0 0 0 0 0 0 0 0 0
"79" 79 0.305699481865 400 41 35 20 2 2 0 0 0 0 0 0 0 0 0 0 0 0 0 0
"80" 80 0.396226415094 337 149 11 3 0 0 0 0 0 0 0 0 0 0 0 0 0 0 0 0
"81" 81 0.00574712643678 292 84 46 42 35 1 0 0 0 0 0 0 0 0 0 0 0 0 0 0
"82" 82 0.0102564102564 500 0 0 0 0 0 0 0 0 0 0 0 0 0 0 0 0 0 0 0
"83" 83 0.00497512437811 374 88 13 12 6 6 1 0 0 0 0 0 0 0 0 0 0 0 0 0
"84" 84 0.0535714285714 500 0 0 0 0 0 0 0 0 0 0 0 0 0 0 0 0 0 0 0
"85" 85 0.21897810219 500 0 0 0 0 0 0 0 0 0 0 0 0 0 0 0 0 0 0 0
"86" 86 0.341085271318 497 3 0 0 0 0 0 0 0 0 0 0 0 0 0 0 0 0 0 0
"87" 87 0.350574712644 460 26 14 0 0 0 0 0 0 0 0 0 0 0 0 0 0 0 0 0
"88" 88 0.800995024876 470 22 8 0 0 0 0 0 0 0 0 0 0 0 0 0 0 0 0 0
"89" 89 0.324503311258 486 14 0 0 0 0 0 0 0 0 0 0 0 0 0 0 0 0 0 0
"90" 90 0.748344370861 468 32 0 0 0 0 0 0 0 0 0 0 0 0 0 0 0 0 0 0
"91" 91 0.436046511628 500 0 0 0 0 0 0 0 0 0 0 0 0 0 0 0 0 0 0 0
"92" 92 0.142335766423 427 32 22 15 4 0 0 0 0 0 0 0 0 0 0 0 0 0 0 0
"93" 93 0.848623853211 500 0 0 0 0 0 0 0 0 0 0 0 0 0 0 0 0 0 0 0
"94" 94 0.317307692308 500 0 0 0 0 0 0 0 0 0 0 0 0 0 0 0 0 0 0 0
"95" 95 0.115384615385 500 0 0 0 0 0 0 0 0 0 0 0 0 0 0 0 0 0 0 0
"96" 96 0.0334928229665 253 210 37 0 0 0 0 0 0 0 0 0 0 0 0 0 0 0 0 0
"97" 97 0.384937238494 278 164 26 12 9 8 2 1 0 0 0 0 0 0 0 0 0 0 0 0
"98" 98 0.0114942528736 396 57 31 8 7 1 0 0 0 0 0 0 0 0 0 0 0 0 0 0
"99" 99 0.313901345291 455 28 12 2 1 1 1 0 0 0 0 0 0 0 0 0 0 0 0 0
"100" 100 0.0192307692308 500 0 0 0 0 0 0 0 0 0 0 0 0 0 0 0 0 0 0 0
"101" 101 0.516746411483 463 29 3 2 2 1 0 0 0 0 0 0 0 0 0 0 0 0 0 0
"102" 102 0.109195402299 450 50 0 0 0 0 0 0 0 0 0 0 0 0 0 0 0 0 0 0
"103" 103 0.186528497409 497 2 1 0 0 0 0 0 0 0 0 0 0 0 0 0 0 0 0 0
"104" 104 0.0 500 0 0 0 0 0 0 0 0 0 0 0 0 0 0 0 0 0 0 0
"105" 105 0.0114942528736 340 87 68 3 2 0 0 0 0 0 0 0 0 0 0 0 0 0 0 0
"106" 106 0.0 498 2 0 0 0 0 0 0 0 0 0 0 0 0 0 0 0 0 0 0
"107" 107 0.290178571429 175 166 155 2 1 1 0 0 0 0 0 0 0 0 0 0 0 0 0 0
"108" 108 0.0 485 14 1 0 0 0 0 0 0 0 0 0 0 0 0 0 0 0 0 0
"109" 109 0.189655172414 229 153 117 1 0 0 0 0 0 0 0 0 0 0 0 0 0 0 0 0
"110" 110 0.473214285714 422 73 4 1 0 0 0 0 0 0 0 0 0 0 0 0 0 0 0 0
"111" 111 0.282700421941 479 11 8 1 1 0 0 0 0 0 0 0 0 0 0 0 0 0 0 0
"112" 112 0.426160337553 336 112 40 12 0 0 0 0 0 0 0 0 0 0 0 0 0 0 0 0
"113" 113 0.52466367713 500 0 0 0 0 0 0 0 0 0 0 0 0 0 0 0 0 0 0 0
"114" 114 0.512953367876 348 110 39 3 0 0 0 0 0 0 0 0 0 0 0 0 0 0 0 0
"115" 115 0.605769230769 500 0 0 0 0 0 0 0 0 0 0 0 0 0 0 0 0 0 0 0
"116" 116 0.598214285714 472 28 0 0 0 0 0 0 0 0 0 0 0 0 0 0 0 0 0 0
"117" 117 0.131782945736 479 20 1 0 0 0 0 0 0 0 0 0 0 0 0 0 0 0 0 0
"118" 118 0.0609137055838 477 20 3 0 0 0 0 0 0 0 0 0 0 0 0 0 0 0 0 0
"119" 119 0.134715025907 376 44 42 21 8 4 2 2 1 0 0 0 0 0 0 0 0 0 0 0
"120" 120 0.0 221 211 33 18 8 4 4 1 0 0 0 0 0 0 0 0 0 0 0 0
"121" 121 0.0697674418605 497 2 1 0 0 0 0 0 0 0 0 0 0 0 0 0 0 0 0 0
"122" 122 0.0 493 7 0 0 0 0 0 0 0 0 0 0 0 0 0 0 0 0 0 0
"123" 123 0.434306569343 304 99 89 6 1 1 0 0 0 0 0 0 0 0 0 0 0 0 0 0
"124" 124 0.0251572327044 500 0 0 0 0 0 0 0 0 0 0 0 0 0 0 0 0 0 0 0
"125" 125 0.459854014599 278 157 62 3 0 0 0 0 0 0 0 0 0 0 0 0 0 0 0 0
"126" 126 0.259067357513 496 3 1 0 0 0 0 0 0 0 0 0 0 0 0 0 0 0 0 0
"127" 127 0.446540880503 260 225 8 5 1 1 0 0 0 0 0 0 0 0 0 0 0 0 0 0
"128" 128 0.489539748954 494 4 1 1 0 0 0 0 0 0 0 0 0 0 0 0 0 0 0 0
"129" 129 0.0172413793103 498 2 0 0 0 0 0 0 0 0 0 0 0 0 0 0 0 0 0 0
"130" 130 0.089552238806 500 0 0 0 0 0 0 0 0 0 0 0 0 0 0 0 0 0 0 0
"131" 131 0.540084388186 500 0 0 0 0 0 0 0 0 0 0 0 0 0 0 0 0 0 0 0
"132" 132 0.148288973384 383 106 11 0 0 0 0 0 0 0 0 0 0 0 0 0 0 0 0 0
"133" 133 0.0355329949239 500 0 0 0 0 0 0 0 0 0 0 0 0 0 0 0 0 0 0 0
"134" 134 0.522988505747 500 0 0 0 0 0 0 0 0 0 0 0 0 0 0 0 0 0 0 0
"135" 135 0.593155893536 498 2 0 0 0 0 0 0 0 0 0 0 0 0 0 0 0 0 0 0
"136" 136 0.586497890295 468 28 4 0 0 0 0 0 0 0 0 0 0 0 0 0 0 0 0 0
"137" 137 0.153846153846 500 0 0 0 0 0 0 0 0 0 0 0 0 0 0 0 0 0 0 0
"138" 138 0.414448669202 282 116 102 0 0 0 0 0 0 0 0 0 0 0 0 0 0 0 0 0
"139" 139 0.0 500 0 0 0 0 0 0 0 0 0 0 0 0 0 0 0 0 0 0 0
"140" 140 0.015503875969 404 57 23 16 0 0 0 0 0 0 0 0 0 0 0 0 0 0 0 0
"141" 141 0.0 500 0 0 0 0 0 0 0 0 0 0 0 0 0 0 0 0 0 0 0
"142" 142 0.0 499 1 0 0 0 0 0 0 0 0 0 0 0 0 0 0 0 0 0 0
"143" 143 0.0576923076923 500 0 0 0 0 0 0 0 0 0 0 0 0 0 0 0 0 0 0 0
"144" 144 0.0348837209302 373 48 37 26 15 1 0 0 0 0 0 0 0 0 0 0 0 0 0 0
"145" 145 0.145695364238 249 149 102 0 0 0 0 0 0 0 0 0 0 0 0 0 0 0 0 0
"146" 146 0.0597014925373 480 17 3 0 0 0 0 0 0 0 0 0 0 0 0 0 0 0 0 0
"147" 147 0.453488372093 274 102 65 29 28 2 0 0 0 0 0 0 0 0 0 0 0 0 0 0
"148" 148 0.00507614213198 500 0 0 0 0 0 0 0 0 0 0 0 0 0 0 0 0 0 0 0
"149" 149 0.28488372093 432 46 16 4 2 0 0 0 0 0 0 0 0 0 0 0 0 0 0 0
"150" 150 0.464114832536 340 152 4 4 0 0 0 0 0 0 0 0 0 0 0 0 0 0 0 0
"151" 151 0.241379310345 500 0 0 0 0 0 0 0 0 0 0 0 0 0 0 0 0 0 0 0
"152" 152 0.347150259067 498 2 0 0 0 0 0 0 0 0 0 0 0 0 0 0 0 0 0 0
"153" 153 0.740932642487 328 145 27 0 0 0 0 0 0 0 0 0 0 0 0 0 0 0 0 0
"154" 154 0.337748344371 254 246 0 0 0 0 0 0 0 0 0 0 0 0 0 0 0 0 0 0
"155" 155 0.104651162791 380 117 2 1 0 0 0 0 0 0 0 0 0 0 0 0 0 0 0 0
"156" 156 0.0 500 0 0 0 0 0 0 0 0 0 0 0 0 0 0 0 0 0 0 0
"157" 157 0.046357615894 457 41 2 0 0 0 0 0 0 0 0 0 0 0 0 0 0 0 0 0
"158" 158 0.0 488 11 1 0 0 0 0 0 0 0 0 0 0 0 0 0 0 0 0 0
"159" 159 0.261467889908 456 23 20 1 0 0 0 0 0 0 0 0 0 0 0 0 0 0 0 0
"160" 160 0.0045871559633 256 208 36 0 0 0 0 0 0 0 0 0 0 0 0 0 0 0 0 0
"161" 161 0.48730964467 268 176 48 7 1 0 0 0 0 0 0 0 0 0 0 0 0 0 0 0
"162" 162 0.370860927152 452 28 20 0 0 0 0 0 0 0 0 0 0 0 0 0 0 0 0 0
"163" 163 0.615969581749 482 12 5 1 0 0 0 0 0 0 0 0 0 0 0 0 0 0 0 0
"164" 164 0.168604651163 284 99 45 42 8 7 6 5 1 1 1 1 0 0 0 0 0 0 0 0
"165" 165 0.19730941704 269 205 23 3 0 0 0 0 0 0 0 0 0 0 0 0 0 0 0 0
"166" 166 0.576158940397 499 1 0 0 0 0 0 0 0 0 0 0 0 0 0 0 0 0 0 0
"167" 167 0.320675105485 407 93 0 0 0 0 0 0 0 0 0 0 0 0 0 0 0 0 0 0
"168" 168 0.0459770114943 302 133 59 5 1 0 0 0 0 0 0 0 0 0 0 0 0 0 0 0
"169" 169 0.0913705583756 287 212 1 0 0 0 0 0 0 0 0 0 0 0 0 0 0 0 0 0
"170" 170 0.0 493 7 0 0 0 0 0 0 0 0 0 0 0 0 0 0 0 0 0 0
"171" 171 0.108527131783 489 10 1 0 0 0 0 0 0 0 0 0 0 0 0 0 0 0 0 0
"172" 172 0.767932489451 337 150 11 2 0 0 0 0 0 0 0 0 0 0 0 0 0 0 0 0
"173" 173 0.126582278481 499 1 0 0 0 0 0 0 0 0 0 0 0 0 0 0 0 0 0 0
"174" 174 0.476923076923 296 179 20 5 0 0 0 0 0 0 0 0 0 0 0 0 0 0 0 0
"175" 175 0.494252873563 495 5 0 0 0 0 0 0 0 0 0 0 0 0 0 0 0 0 0 0
"176" 176 0.336538461538 500 0 0 0 0 0 0 0 0 0 0 0 0 0 0 0 0 0 0 0
"177" 177 0.336787564767 500 0 0 0 0 0 0 0 0 0 0 0 0 0 0 0 0 0 0 0
"178" 178 0.213930348259 269 128 58 25 7 5 4 3 1 0 0 0 0 0 0 0 0 0 0 0
"179" 179 0.0 500 0 0 0 0 0 0 0 0 0 0 0 0 0 0 0 0 0 0 0
"180" 180 0.00512820512821 500 0 0 0 0 0 0 0 0 0 0 0 0 0 0 0 0 0 0 0
"181" 181 0.0 498 2 0 0 0 0 0 0 0 0 0 0 0 0 0 0 0 0 0 0
"182" 182 0.0178571428571 499 1 0 0 0 0 0 0 0 0 0 0 0 0 0 0 0 0 0 0
"183" 183 0.00574712643678 498 2 0 0 0 0 0 0 0 0 0 0 0 0 0 0 0 0 0 0
"184" 184 0.176165803109 440 56 3 1 0 0 0 0 0 0 0 0 0 0 0 0 0 0 0 0
"185" 185 0.188340807175 469 21 7 3 0 0 0 0 0 0 0 0 0 0 0 0 0 0 0 0
"186" 186 0.502538071066 418 51 14 11 5 1 0 0 0 0 0 0 0 0 0 0 0 0 0 0
"187" 187 0.173076923077 500 0 0 0 0 0 0 0 0 0 0 0 0 0 0 0 0 0 0 0
"188" 188 0.299578059072 499 1 0 0 0 0 0 0 0 0 0 0 0 0 0 0 0 0 0 0
"189" 189 0.562737642586 423 36 33 8 0 0 0 0 0 0 0 0 0 0 0 0 0 0 0 0
"190" 190 0.372093023256 408 49 22 10 4 3 2 1 1 0 0 0 0 0 0 0 0 0 0 0
"191" 191 0.25 381 71 19 16 13 0 0 0 0 0 0 0 0 0 0 0 0 0 0 0
"192" 192 0.620253164557 357 118 24 1 0 0 0 0 0 0 0 0 0 0 0 0 0 0 0 0
"193" 193 0.373134328358 359 137 3 1 0 0 0 0 0 0 0 0 0 0 0 0 0 0 0 0
"194" 194 0.465517241379 310 161 25 4 0 0 0 0 0 0 0 0 0 0 0 0 0 0 0 0
"195" 195 0.455357142857 356 144 0 0 0 0 0 0 0 0 0 0 0 0 0 0 0 0 0 0
"196" 196 0.496124031008 437 42 11 8 2 0 0 0 0 0 0 0 0 0 0 0 0 0 0 0
"197" 197 0.535885167464 447 20 20 8 4 1 0 0 0 0 0 0 0 0 0 0 0 0 0 0
"198" 198 0.604060913706 474 19 3 2 1 1 0 0 0 0 0 0 0 0 0 0 0 0 0 0
"199" 199 0.627906976744 456 44 0 0 0 0 0 0 0 0 0 0 0 0 0 0 0 0 0 0
"200" 200 0.720207253886 497 3 0 0 0 0 0 0 0 0 0 0 0 0 0 0 0 0 0 0
"201" 201 0.815602836879 239 231 13 9 7 1 0 0 0 0 0 0 0 0 0 0 0 0 0 0
