"site" "RSA" "aa1" "aa2" "aa3" "aa4" "aa5" "aa6" "aa7" "aa8" "aa9" "aa10" "aa11" "aa12" "aa13" "aa14" "aa15" "aa16" "aa17" "aa18" "aa19" "aa20"
"0" 0 0.805031446541 25 0 0 0 0 0 0 0 0 0 0 0 0 0 0 0 0 0 0 0
"1" 1 0.041825095057 26 2 1 1 1 0 0 0 0 0 0 0 0 0 0 0 0 0 0 0
"2" 2 0.0 46 18 4 0 0 0 0 0 0 0 0 0 0 0 0 0 0 0 0 0
"3" 3 0.0 64 3 1 0 0 0 0 0 0 0 0 0 0 0 0 0 0 0 0 0
"4" 4 0.0 57 11 0 0 0 0 0 0 0 0 0 0 0 0 0 0 0 0 0 0
"5" 5 0.0 66 2 0 0 0 0 0 0 0 0 0 0 0 0 0 0 0 0 0 0
"6" 6 0.041825095057 62 6 0 0 0 0 0 0 0 0 0 0 0 0 0 0 0 0 0 0
"7" 7 0.167300380228 65 2 1 0 0 0 0 0 0 0 0 0 0 0 0 0 0 0 0 0
"8" 8 0.158940397351 68 0 0 0 0 0 0 0 0 0 0 0 0 0 0 0 0 0 0 0
"9" 9 0.226277372263 45 8 6 2 2 2 1 1 1 0 0 0 0 0 0 0 0 0 0 0
"10" 10 0.77990430622 31 8 7 6 5 4 4 1 1 1 0 0 0 0 0 0 0 0 0 0
"11" 11 0.365384615385 68 0 0 0 0 0 0 0 0 0 0 0 0 0 0 0 0 0 0 0
"12" 12 0.139534883721 35 23 4 2 2 1 1 0 0 0 0 0 0 0 0 0 0 0 0 0
"13" 13 0.00581395348837 46 22 0 0 0 0 0 0 0 0 0 0 0 0 0 0 0 0 0 0
"14" 14 0.193798449612 24 21 15 4 3 1 0 0 0 0 0 0 0 0 0 0 0 0 0 0
"15" 15 0.348214285714 18 15 8 7 6 5 4 3 1 1 0 0 0 0 0 0 0 0 0 0
"16" 16 0.0045871559633 38 30 1 0 0 0 0 0 0 0 0 0 0 0 0 0 0 0 0 0
"17" 17 0.0 68 1 0 0 0 0 0 0 0 0 0 0 0 0 0 0 0 0 0 0
"18" 18 0.423357664234 23 14 8 6 6 3 2 2 2 1 1 1 0 0 0 0 0 0 0 0
"19" 19 0.0313901345291 24 11 8 7 5 4 4 2 1 1 1 1 0 0 0 0 0 0 0 0
"20" 20 0.00507614213198 52 14 2 1 0 0 0 0 0 0 0 0 0 0 0 0 0 0 0 0
"21" 21 0.046511627907 66 2 1 0 0 0 0 0 0 0 0 0 0 0 0 0 0 0 0 0
"22" 22 0.408759124088 45 10 3 3 2 2 1 1 1 1 0 0 0 0 0 0 0 0 0 0
"23" 23 0.0 67 1 1 0 0 0 0 0 0 0 0 0 0 0 0 0 0 0 0 0
"24" 24 0.0 32 32 5 0 0 0 0 0 0 0 0 0 0 0 0 0 0 0 0 0
"25" 25 0.508928571429 47 7 3 3 3 3 2 1 0 0 0 0 0 0 0 0 0 0 0 0
"26" 26 0.448430493274 31 18 6 5 3 2 2 1 1 0 0 0 0 0 0 0 0 0 0 0
"27" 27 0.105769230769 17 10 8 7 7 7 4 2 2 2 2 1 0 0 0 0 0 0 0 0
"28" 28 0.644230769231 57 3 3 2 1 1 1 1 0 0 0 0 0 0 0 0 0 0 0 0
"29" 29 0.175732217573 18 13 12 10 9 3 3 1 0 0 0 0 0 0 0 0 0 0 0 0
"30" 30 0.232142857143 30 17 5 5 4 2 2 2 1 1 1 0 0 0 0 0 0 0 0 0
"31" 31 0.186046511628 61 7 1 1 0 0 0 0 0 0 0 0 0 0 0 0 0 0 0 0
"32" 32 0.295620437956 46 7 5 5 3 2 1 1 0 0 0 0 0 0 0 0 0 0 0 0
"33" 33 0.0459770114943 37 18 12 2 1 0 0 0 0 0 0 0 0 0 0 0 0 0 0 0
"34" 34 0.189781021898 69 1 0 0 0 0 0 0 0 0 0 0 0 0 0 0 0 0 0 0
"35" 35 0.093023255814 65 3 1 1 0 0 0 0 0 0 0 0 0 0 0 0 0 0 0 0
"36" 36 0.0229885057471 66 2 2 0 0 0 0 0 0 0 0 0 0 0 0 0 0 0 0 0
"37" 37 0.383647798742 59 3 3 1 1 1 1 1 0 0 0 0 0 0 0 0 0 0 0 0
"38" 38 0.596899224806 21 17 11 6 5 4 3 1 1 0 0 0 0 0 0 0 0 0 0 0
"39" 39 0.350574712644 50 13 4 1 1 0 0 0 0 0 0 0 0 0 0 0 0 0 0 0
"40" 40 0.649006622517 46 8 4 3 2 1 1 1 1 1 0 0 0 0 0 0 0 0 0 0
"41" 41 0.78488372093 24 23 10 4 3 2 2 1 0 0 0 0 0 0 0 0 0 0 0 0
"42" 42 0.9375 22 18 8 5 5 3 2 2 1 1 1 0 0 0 0 0 0 0 0 0
"43" 43 1.28846153846 61 5 2 1 0 0 0 0 0 0 0 0 0 0 0 0 0 0 0 0
"44" 44 0.124031007752 26 21 13 2 2 2 2 1 1 0 0 0 0 0 0 0 0 0 0 0
"45" 45 0.601990049751 41 17 3 3 1 1 1 1 0 0 0 0 0 0 0 0 0 0 0 0
"46" 46 0.513307984791 57 6 3 3 1 0 0 0 0 0 0 0 0 0 0 0 0 0 0 0
"47" 47 0.093023255814 26 23 17 2 1 1 0 0 0 0 0 0 0 0 0 0 0 0 0 0
"48" 48 0.377906976744 32 18 12 2 2 2 1 1 0 0 0 0 0 0 0 0 0 0 0 0
"49" 49 0.422885572139 28 7 7 6 4 4 3 3 3 2 1 1 1 0 0 0 0 0 0 0
"50" 50 0.504464285714 26 11 9 9 8 4 1 1 1 0 0 0 0 0 0 0 0 0 0 0
"51" 51 0.0673575129534 59 11 0 0 0 0 0 0 0 0 0 0 0 0 0 0 0 0 0 0
"52" 52 0.0 67 2 1 0 0 0 0 0 0 0 0 0 0 0 0 0 0 0 0 0
"53" 53 0.417721518987 18 18 13 9 4 3 2 2 1 0 0 0 0 0 0 0 0 0 0 0
"54" 54 0.425641025641 23 16 10 8 4 3 2 1 1 1 1 0 0 0 0 0 0 0 0 0
"55" 55 0.00632911392405 68 1 1 0 0 0 0 0 0 0 0 0 0 0 0 0 0 0 0 0
"56" 56 0.240310077519 28 17 9 4 4 4 2 1 1 0 0 0 0 0 0 0 0 0 0 0
"57" 57 0.0 67 3 0 0 0 0 0 0 0 0 0 0 0 0 0 0 0 0 0 0
"58" 58 0.00995024875622 67 3 0 0 0 0 0 0 0 0 0 0 0 0 0 0 0 0 0 0
"59" 59 0.0077519379845 51 9 5 5 0 0 0 0 0 0 0 0 0 0 0 0 0 0 0 0
"60" 60 0.0 52 10 4 3 1 0 0 0 0 0 0 0 0 0 0 0 0 0 0 0
"61" 61 0.0 70 0 0 0 0 0 0 0 0 0 0 0 0 0 0 0 0 0 0 0
"62" 62 0.0 68 2 0 0 0 0 0 0 0 0 0 0 0 0 0 0 0 0 0 0
"63" 63 0.11320754717 70 0 0 0 0 0 0 0 0 0 0 0 0 0 0 0 0 0 0 0
"64" 64 0.0813953488372 56 10 2 1 1 0 0 0 0 0 0 0 0 0 0 0 0 0 0 0
"65" 65 0.470802919708 55 6 5 4 0 0 0 0 0 0 0 0 0 0 0 0 0 0 0 0
"66" 66 0.778242677824 70 0 0 0 0 0 0 0 0 0 0 0 0 0 0 0 0 0 0 0
"67" 67 0.240384615385 70 0 0 0 0 0 0 0 0 0 0 0 0 0 0 0 0 0 0 0
"68" 68 0.487179487179 63 2 2 2 1 0 0 0 0 0 0 0 0 0 0 0 0 0 0 0
"69" 69 0.0825688073394 69 1 0 0 0 0 0 0 0 0 0 0 0 0 0 0 0 0 0 0
"70" 70 0.031007751938 70 0 0 0 0 0 0 0 0 0 0 0 0 0 0 0 0 0 0 0
"71" 71 0.556291390728 56 11 2 1 0 0 0 0 0 0 0 0 0 0 0 0 0 0 0 0
"72" 72 0.0691823899371 56 9 2 2 1 0 0 0 0 0 0 0 0 0 0 0 0 0 0 0
"73" 73 0.0 41 21 5 2 1 0 0 0 0 0 0 0 0 0 0 0 0 0 0 0
"74" 74 0.37552742616 70 0 0 0 0 0 0 0 0 0 0 0 0 0 0 0 0 0 0 0
"75" 75 0.631178707224 49 19 1 1 0 0 0 0 0 0 0 0 0 0 0 0 0 0 0 0
"76" 76 0.108786610879 69 1 0 0 0 0 0 0 0 0 0 0 0 0 0 0 0 0 0 0
"77" 77 0.0845771144279 39 15 14 2 0 0 0 0 0 0 0 0 0 0 0 0 0 0 0 0
"78" 78 0.523316062176 66 4 0 0 0 0 0 0 0 0 0 0 0 0 0 0 0 0 0 0
"79" 79 0.413461538462 26 18 15 6 2 1 1 1 0 0 0 0 0 0 0 0 0 0 0 0
"80" 80 0.0406976744186 57 7 4 1 1 0 0 0 0 0 0 0 0 0 0 0 0 0 0 0
"81" 81 0.529801324503 37 12 9 6 4 2 0 0 0 0 0 0 0 0 0 0 0 0 0 0
"82" 82 0.46357615894 17 12 10 7 7 6 4 2 1 1 1 1 1 0 0 0 0 0 0 0
"83" 83 0.0199004975124 37 11 8 6 4 1 1 1 1 0 0 0 0 0 0 0 0 0 0 0
"84" 84 0.159574468085 70 0 0 0 0 0 0 0 0 0 0 0 0 0 0 0 0 0 0 0
"85" 85 0.746268656716 39 8 7 6 4 3 3 0 0 0 0 0 0 0 0 0 0 0 0 0
"86" 86 0.56976744186 28 17 9 8 4 3 1 0 0 0 0 0 0 0 0 0 0 0 0 0
"87" 87 0.365384615385 68 1 1 0 0 0 0 0 0 0 0 0 0 0 0 0 0 0 0 0
"88" 88 0.145695364238 25 13 8 7 4 4 2 2 2 1 1 1 0 0 0 0 0 0 0 0
"89" 89 0.0149253731343 66 4 0 0 0 0 0 0 0 0 0 0 0 0 0 0 0 0 0 0
"90" 90 0.505747126437 29 13 12 6 3 3 2 1 1 0 0 0 0 0 0 0 0 0 0 0
"91" 91 0.375 36 25 9 0 0 0 0 0 0 0 0 0 0 0 0 0 0 0 0 0
"92" 92 0.194092827004 69 1 0 0 0 0 0 0 0 0 0 0 0 0 0 0 0 0 0 0
"93" 93 0.0188679245283 70 0 0 0 0 0 0 0 0 0 0 0 0 0 0 0 0 0 0 0
"94" 94 0.0 64 3 2 1 0 0 0 0 0 0 0 0 0 0 0 0 0 0 0 0
"95" 95 0.0 28 18 15 5 4 0 0 0 0 0 0 0 0 0 0 0 0 0 0 0
"96" 96 0.0 59 5 3 2 1 0 0 0 0 0 0 0 0 0 0 0 0 0 0 0
"97" 97 0.0 70 0 0 0 0 0 0 0 0 0 0 0 0 0 0 0 0 0 0 0
"98" 98 0.0 64 6 0 0 0 0 0 0 0 0 0 0 0 0 0 0 0 0 0 0
"99" 99 0.0529801324503 63 6 1 0 0 0 0 0 0 0 0 0 0 0 0 0 0 0 0 0
"100" 100 0.0523255813953 46 20 4 0 0 0 0 0 0 0 0 0 0 0 0 0 0 0 0 0
"101" 101 0.410852713178 31 24 14 1 0 0 0 0 0 0 0 0 0 0 0 0 0 0 0 0
"102" 102 0.317880794702 60 9 1 0 0 0 0 0 0 0 0 0 0 0 0 0 0 0 0 0
"103" 103 0.467661691542 38 26 3 1 1 1 0 0 0 0 0 0 0 0 0 0 0 0 0 0
"104" 104 0.502392344498 70 0 0 0 0 0 0 0 0 0 0 0 0 0 0 0 0 0 0 0
"105" 105 0.384615384615 69 1 0 0 0 0 0 0 0 0 0 0 0 0 0 0 0 0 0 0
"106" 106 0.269230769231 70 0 0 0 0 0 0 0 0 0 0 0 0 0 0 0 0 0 0 0
"107" 107 0.121076233184 65 4 1 0 0 0 0 0 0 0 0 0 0 0 0 0 0 0 0 0
"108" 108 0.473214285714 70 0 0 0 0 0 0 0 0 0 0 0 0 0 0 0 0 0 0 0
"109" 109 0.46511627907 30 27 9 2 1 1 0 0 0 0 0 0 0 0 0 0 0 0 0 0
"110" 110 0.0 67 2 1 0 0 0 0 0 0 0 0 0 0 0 0 0 0 0 0 0
"111" 111 0.0 64 4 1 1 0 0 0 0 0 0 0 0 0 0 0 0 0 0 0 0
"112" 112 0.407960199005 53 9 2 2 2 1 1 0 0 0 0 0 0 0 0 0 0 0 0 0
"113" 113 0.165562913907 51 14 3 1 1 0 0 0 0 0 0 0 0 0 0 0 0 0 0 0
"114" 114 0.0 65 4 1 0 0 0 0 0 0 0 0 0 0 0 0 0 0 0 0 0
"115" 115 0.0845771144279 49 8 4 3 2 1 1 1 1 0 0 0 0 0 0 0 0 0 0 0
"116" 116 0.482587064677 40 11 7 6 3 2 1 0 0 0 0 0 0 0 0 0 0 0 0 0
"117" 117 0.201257861635 69 1 0 0 0 0 0 0 0 0 0 0 0 0 0 0 0 0 0 0
"118" 118 0.0298507462687 69 1 0 0 0 0 0 0 0 0 0 0 0 0 0 0 0 0 0 0
"119" 119 0.507462686567 58 6 3 3 0 0 0 0 0 0 0 0 0 0 0 0 0 0 0 0
"120" 120 0.784688995215 70 0 0 0 0 0 0 0 0 0 0 0 0 0 0 0 0 0 0 0
"121" 121 0.114832535885 64 4 2 0 0 0 0 0 0 0 0 0 0 0 0 0 0 0 0 0
"122" 122 0.269230769231 70 0 0 0 0 0 0 0 0 0 0 0 0 0 0 0 0 0 0 0
"123" 123 0.0229357798165 65 4 1 0 0 0 0 0 0 0 0 0 0 0 0 0 0 0 0 0
"124" 124 0.398009950249 32 17 11 8 2 0 0 0 0 0 0 0 0 0 0 0 0 0 0 0
"125" 125 0.310344827586 30 20 14 3 1 1 1 0 0 0 0 0 0 0 0 0 0 0 0 0
"126" 126 0.10447761194 24 24 7 6 5 2 1 1 0 0 0 0 0 0 0 0 0 0 0 0
"127" 127 0.125 70 0 0 0 0 0 0 0 0 0 0 0 0 0 0 0 0 0 0 0
"128" 128 0.162436548223 32 26 11 1 0 0 0 0 0 0 0 0 0 0 0 0 0 0 0 0
"129" 129 0.899371069182 68 1 0 0 0 0 0 0 0 0 0 0 0 0 0 0 0 0 0 0
"130" 130 0.290697674419 60 8 1 0 0 0 0 0 0 0 0 0 0 0 0 0 0 0 0 0
"131" 131 0.459119496855 70 0 0 0 0 0 0 0 0 0 0 0 0 0 0 0 0 0 0 0
"132" 132 0.3536121673 70 0 0 0 0 0 0 0 0 0 0 0 0 0 0 0 0 0 0 0
"133" 133 0.0 69 1 0 0 0 0 0 0 0 0 0 0 0 0 0 0 0 0 0 0
"134" 134 0.0077519379845 44 14 9 1 1 1 0 0 0 0 0 0 0 0 0 0 0 0 0 0
"135" 135 0.132450331126 54 14 1 1 0 0 0 0 0 0 0 0 0 0 0 0 0 0 0 0
"136" 136 0.00478468899522 65 2 1 1 1 0 0 0 0 0 0 0 0 0 0 0 0 0 0 0
"137" 137 0.322175732218 31 13 8 6 4 3 3 1 1 0 0 0 0 0 0 0 0 0 0 0
"138" 138 0.015503875969 44 16 3 3 2 1 1 0 0 0 0 0 0 0 0 0 0 0 0 0
"139" 139 0.125 46 6 5 3 2 2 2 1 1 1 0 0 0 0 0 0 0 0 0 0
"140" 140 0.782945736434 16 12 7 5 4 4 4 3 2 2 2 2 2 1 1 1 0 0 0 0
"141" 141 0.450777202073 20 7 7 6 6 6 4 3 3 2 1 1 1 0 0 0 0 0 0 0
"142" 142 0.182692307692 21 16 11 5 3 3 2 2 2 1 1 0 0 0 0 0 0 0 0 0
"143" 143 0.299578059072 15 9 9 5 5 5 3 3 3 3 1 0 0 0 0 0 0 0 0 0
"144" 144 0.343065693431 14 7 7 6 6 5 4 4 3 2 1 1 1 1 1 0 0 0 0 0
"145" 145 0.549668874172 25 8 7 6 5 5 4 2 1 1 1 0 0 0 0 0 0 0 0 0
"146" 146 0.109452736318 45 10 7 6 1 0 0 0 0 0 0 0 0 0 0 0 0 0 0 0
"147" 147 0.284974093264 39 19 9 3 0 0 0 0 0 0 0 0 0 0 0 0 0 0 0 0
"148" 148 0.361607142857 17 15 12 7 5 4 3 2 2 1 1 1 0 0 0 0 0 0 0 0
"149" 149 0.612440191388 27 21 11 5 3 1 1 1 0 0 0 0 0 0 0 0 0 0 0 0
"150" 150 0.09375 68 1 1 0 0 0 0 0 0 0 0 0 0 0 0 0 0 0 0 0
"151" 151 0.203980099502 15 14 13 7 6 6 3 3 1 1 0 0 0 0 0 0 0 0 0 0
"152" 152 0.494186046512 12 11 8 6 5 5 4 4 3 3 3 2 1 1 1 0 0 0 0 0
"153" 153 0.189054726368 62 7 0 0 0 0 0 0 0 0 0 0 0 0 0 0 0 0 0 0
"154" 154 0.00632911392405 35 32 1 1 0 0 0 0 0 0 0 0 0 0 0 0 0 0 0 0
"155" 155 0.255474452555 20 16 7 6 5 5 4 3 2 1 0 0 0 0 0 0 0 0 0 0
"156" 156 0.341085271318 58 4 2 2 1 1 1 0 0 0 0 0 0 0 0 0 0 0 0 0
"157" 157 0.0199004975124 39 21 4 2 2 1 0 0 0 0 0 0 0 0 0 0 0 0 0 0
"158" 158 0.00961538461538 69 0 0 0 0 0 0 0 0 0 0 0 0 0 0 0 0 0 0 0
"159" 159 0.291139240506 34 16 8 5 4 0 0 0 0 0 0 0 0 0 0 0 0 0 0 0
"160" 160 0.343065693431 67 0 0 0 0 0 0 0 0 0 0 0 0 0 0 0 0 0 0 0
"161" 161 0.0 45 15 6 1 0 0 0 0 0 0 0 0 0 0 0 0 0 0 0 0
"162" 162 0.0 62 3 1 0 0 0 0 0 0 0 0 0 0 0 0 0 0 0 0 0
"163" 163 0.348214285714 18 13 9 6 5 2 2 2 2 2 1 1 1 1 0 0 0 0 0 0
"164" 164 0.18023255814 23 19 9 7 3 2 1 1 0 0 0 0 0 0 0 0 0 0 0 0
"165" 165 0.0852713178295 52 4 3 2 2 1 1 0 0 0 0 0 0 0 0 0 0 0 0 0
"166" 166 0.403846153846 15 12 7 4 4 4 3 2 2 2 1 1 1 1 0 0 0 0 0 0
"167" 167 0.776371308017 35 10 5 4 2 2 1 0 0 0 0 0 0 0 0 0 0 0 0 0
"168" 168 0.577114427861 56 1 1 0 0 0 0 0 0 0 0 0 0 0 0 0 0 0 0 0
