"site" "RSA" "aa1" "aa2" "aa3" "aa4" "aa5" "aa6" "aa7" "aa8" "aa9" "aa10" "aa11" "aa12" "aa13" "aa14" "aa15" "aa16" "aa17" "aa18" "aa19" "aa20"
"0" 0 0.645348837209 276 51 36 29 26 24 14 13 8 8 7 3 3 2 0 0 0 0 0 0
"1" 1 0.451923076923 500 0 0 0 0 0 0 0 0 0 0 0 0 0 0 0 0 0 0 0
"2" 2 0.788461538462 500 0 0 0 0 0 0 0 0 0 0 0 0 0 0 0 0 0 0 0
"3" 3 0.743119266055 172 69 67 34 32 21 19 19 19 14 11 10 6 3 2 1 1 0 0 0
"4" 4 0.519379844961 240 87 48 32 26 16 11 11 7 7 6 4 3 1 1 0 0 0 0 0
"5" 5 0.0993377483444 299 141 53 4 3 0 0 0 0 0 0 0 0 0 0 0 0 0 0 0
"6" 6 0.704641350211 255 90 47 42 27 13 9 5 4 4 1 1 1 1 0 0 0 0 0 0
"7" 7 0.187943262411 243 173 28 20 19 12 2 2 1 0 0 0 0 0 0 0 0 0 0 0
"8" 8 0.0829015544041 500 0 0 0 0 0 0 0 0 0 0 0 0 0 0 0 0 0 0 0
"9" 9 0.533632286996 175 95 56 52 40 22 17 10 9 8 7 5 2 1 1 0 0 0 0 0
"10" 10 0.362869198312 411 66 7 5 4 2 2 1 1 1 0 0 0 0 0 0 0 0 0 0
"11" 11 0.0 500 0 0 0 0 0 0 0 0 0 0 0 0 0 0 0 0 0 0 0
"12" 12 0.0137614678899 456 12 11 8 4 4 4 1 0 0 0 0 0 0 0 0 0 0 0 0
"13" 13 0.259067357513 281 171 26 22 0 0 0 0 0 0 0 0 0 0 0 0 0 0 0 0
"14" 14 0.0761421319797 494 3 1 1 1 0 0 0 0 0 0 0 0 0 0 0 0 0 0 0
"15" 15 0.0 500 0 0 0 0 0 0 0 0 0 0 0 0 0 0 0 0 0 0 0
"16" 16 0.174904942966 302 195 2 1 0 0 0 0 0 0 0 0 0 0 0 0 0 0 0 0
"17" 17 0.424107142857 364 134 2 0 0 0 0 0 0 0 0 0 0 0 0 0 0 0 0 0
"18" 18 0.0714285714286 500 0 0 0 0 0 0 0 0 0 0 0 0 0 0 0 0 0 0 0
"19" 19 0.0077519379845 500 0 0 0 0 0 0 0 0 0 0 0 0 0 0 0 0 0 0 0
"20" 20 0.243781094527 487 6 3 2 1 1 0 0 0 0 0 0 0 0 0 0 0 0 0 0
"21" 21 0.358208955224 268 86 67 35 26 5 3 3 2 2 1 1 1 0 0 0 0 0 0 0
"22" 22 0.0 491 9 0 0 0 0 0 0 0 0 0 0 0 0 0 0 0 0 0 0
"23" 23 0.212927756654 268 193 17 7 4 4 3 3 1 0 0 0 0 0 0 0 0 0 0 0
"24" 24 0.679324894515 187 97 41 38 28 26 20 15 14 14 10 7 1 1 1 0 0 0 0 0
"25" 25 0.464285714286 308 87 33 18 17 13 10 9 5 0 0 0 0 0 0 0 0 0 0 0
"26" 26 0.307692307692 500 0 0 0 0 0 0 0 0 0 0 0 0 0 0 0 0 0 0 0
"27" 27 0.0 354 134 12 0 0 0 0 0 0 0 0 0 0 0 0 0 0 0 0 0
"28" 28 0.0 498 2 0 0 0 0 0 0 0 0 0 0 0 0 0 0 0 0 0 0
"29" 29 0.0188679245283 500 0 0 0 0 0 0 0 0 0 0 0 0 0 0 0 0 0 0 0
"30" 30 0.0355329949239 407 75 14 1 1 1 1 0 0 0 0 0 0 0 0 0 0 0 0 0
"31" 31 0.0 500 0 0 0 0 0 0 0 0 0 0 0 0 0 0 0 0 0 0 0
"32" 32 0.0 500 0 0 0 0 0 0 0 0 0 0 0 0 0 0 0 0 0 0 0
"33" 33 0.0 500 0 0 0 0 0 0 0 0 0 0 0 0 0 0 0 0 0 0 0
"34" 34 0.0 500 0 0 0 0 0 0 0 0 0 0 0 0 0 0 0 0 0 0 0
"35" 35 0.0 473 27 0 0 0 0 0 0 0 0 0 0 0 0 0 0 0 0 0 0
"36" 36 0.174358974359 409 63 8 7 5 4 3 1 0 0 0 0 0 0 0 0 0 0 0 0
"37" 37 0.158974358974 259 239 1 1 0 0 0 0 0 0 0 0 0 0 0 0 0 0 0 0
"38" 38 0.666666666667 161 97 78 53 45 20 17 9 6 4 3 2 2 1 1 1 0 0 0 0
"39" 39 0.435233160622 224 219 9 9 8 7 7 6 5 1 1 1 1 1 1 0 0 0 0 0
"40" 40 0.0 500 0 0 0 0 0 0 0 0 0 0 0 0 0 0 0 0 0 0 0
"41" 41 0.35761589404 144 86 72 61 31 23 18 17 16 8 7 5 4 3 3 1 1 0 0 0
"42" 42 0.316091954023 490 8 2 0 0 0 0 0 0 0 0 0 0 0 0 0 0 0 0 0
"43" 43 0.238805970149 500 0 0 0 0 0 0 0 0 0 0 0 0 0 0 0 0 0 0 0
"44" 44 0.0769230769231 500 0 0 0 0 0 0 0 0 0 0 0 0 0 0 0 0 0 0 0
"45" 45 0.310218978102 500 0 0 0 0 0 0 0 0 0 0 0 0 0 0 0 0 0 0 0
"46" 46 0.00961538461538 500 0 0 0 0 0 0 0 0 0 0 0 0 0 0 0 0 0 0 0
"47" 47 0.0813397129187 267 156 48 20 7 2 0 0 0 0 0 0 0 0 0 0 0 0 0 0
"48" 48 0.0 494 4 2 0 0 0 0 0 0 0 0 0 0 0 0 0 0 0 0 0
"49" 49 0.174311926606 174 74 70 48 37 24 22 21 13 12 2 1 1 1 0 0 0 0 0 0
"50" 50 0.0948905109489 489 6 4 1 0 0 0 0 0 0 0 0 0 0 0 0 0 0 0 0
"51" 51 0.330543933054 278 75 50 37 17 17 14 5 4 2 1 0 0 0 0 0 0 0 0 0
"52" 52 0.255605381166 236 90 70 52 16 14 10 4 3 3 2 0 0 0 0 0 0 0 0 0
"53" 53 0.57805907173 193 106 94 33 25 22 10 4 4 4 2 2 1 0 0 0 0 0 0 0
"54" 54 0.682692307692 496 4 0 0 0 0 0 0 0 0 0 0 0 0 0 0 0 0 0 0
"55" 55 0.12582781457 500 0 0 0 0 0 0 0 0 0 0 0 0 0 0 0 0 0 0 0
"56" 56 0.565891472868 225 177 80 5 4 4 1 1 1 1 1 0 0 0 0 0 0 0 0 0
"57" 57 0.482558139535 209 112 28 27 23 17 16 15 13 10 8 7 4 3 3 2 2 1 0 0
"58" 58 0.119402985075 328 76 40 13 11 11 11 4 2 2 1 1 0 0 0 0 0 0 0 0
"59" 59 0.0717703349282 278 64 52 35 22 20 12 8 7 1 1 0 0 0 0 0 0 0 0 0
"60" 60 0.00961538461538 500 0 0 0 0 0 0 0 0 0 0 0 0 0 0 0 0 0 0 0
"61" 61 0.0357142857143 250 235 6 5 4 0 0 0 0 0 0 0 0 0 0 0 0 0 0 0
"62" 62 0.147208121827 344 74 32 15 8 7 6 6 4 2 1 1 0 0 0 0 0 0 0 0
"63" 63 0.0264900662252 472 12 8 7 1 0 0 0 0 0 0 0 0 0 0 0 0 0 0 0
"64" 64 0.0 270 229 1 0 0 0 0 0 0 0 0 0 0 0 0 0 0 0 0 0
"65" 65 0.0746268656716 500 0 0 0 0 0 0 0 0 0 0 0 0 0 0 0 0 0 0 0
"66" 66 0.598214285714 117 77 67 51 47 41 24 23 13 13 12 10 2 2 1 0 0 0 0 0
"67" 67 0.471794871795 491 3 2 1 1 1 1 0 0 0 0 0 0 0 0 0 0 0 0 0
"68" 68 0.113924050633 500 0 0 0 0 0 0 0 0 0 0 0 0 0 0 0 0 0 0 0
"69" 69 0.384615384615 500 0 0 0 0 0 0 0 0 0 0 0 0 0 0 0 0 0 0 0
"70" 70 0.930656934307 107 87 71 51 49 38 33 24 14 14 7 2 1 1 1 0 0 0 0 0
"71" 71 0.278606965174 499 1 0 0 0 0 0 0 0 0 0 0 0 0 0 0 0 0 0 0
"72" 72 0.65625 363 37 22 17 14 14 11 8 6 3 2 2 1 0 0 0 0 0 0 0
"73" 73 0.317307692308 471 7 7 3 2 2 2 2 1 1 1 1 0 0 0 0 0 0 0 0
"74" 74 0.64135021097 257 118 66 32 16 9 2 0 0 0 0 0 0 0 0 0 0 0 0 0
"75" 75 0.137931034483 408 38 19 11 8 7 5 4 0 0 0 0 0 0 0 0 0 0 0 0
"76" 76 0.0152091254753 319 181 0 0 0 0 0 0 0 0 0 0 0 0 0 0 0 0 0 0
"77" 77 0.451476793249 429 21 16 10 7 4 4 4 3 1 1 0 0 0 0 0 0 0 0 0
"78" 78 0.341968911917 157 117 66 46 30 25 13 12 10 10 6 4 2 1 1 0 0 0 0 0
"79" 79 0.0 500 0 0 0 0 0 0 0 0 0 0 0 0 0 0 0 0 0 0 0
"80" 80 0.0 500 0 0 0 0 0 0 0 0 0 0 0 0 0 0 0 0 0 0 0
"81" 81 0.0 500 0 0 0 0 0 0 0 0 0 0 0 0 0 0 0 0 0 0 0
"82" 82 0.0 413 87 0 0 0 0 0 0 0 0 0 0 0 0 0 0 0 0 0 0
"83" 83 0.0 499 1 0 0 0 0 0 0 0 0 0 0 0 0 0 0 0 0 0 0
"84" 84 0.0348837209302 480 20 0 0 0 0 0 0 0 0 0 0 0 0 0 0 0 0 0 0
"85" 85 0.0199004975124 445 27 16 6 4 2 0 0 0 0 0 0 0 0 0 0 0 0 0 0
"86" 86 0.0132450331126 412 88 0 0 0 0 0 0 0 0 0 0 0 0 0 0 0 0 0 0
"87" 87 0.0 500 0 0 0 0 0 0 0 0 0 0 0 0 0 0 0 0 0 0 0
"88" 88 0.113924050633 500 0 0 0 0 0 0 0 0 0 0 0 0 0 0 0 0 0 0 0
"89" 89 0.533678756477 105 101 85 57 37 32 28 23 10 8 5 3 2 2 1 1 0 0 0 0
"90" 90 0.366972477064 89 75 46 44 34 34 31 28 24 23 18 14 13 10 7 5 3 2 0 0
"91" 91 0.0 500 0 0 0 0 0 0 0 0 0 0 0 0 0 0 0 0 0 0 0
"92" 92 0.00581395348837 490 6 2 2 0 0 0 0 0 0 0 0 0 0 0 0 0 0 0 0
"93" 93 0.307692307692 205 83 64 47 18 17 15 15 14 8 4 3 3 2 1 1 0 0 0 0
"94" 94 0.116279069767 123 93 73 72 53 49 14 13 6 2 1 1 0 0 0 0 0 0 0 0
"95" 95 0.0 498 2 0 0 0 0 0 0 0 0 0 0 0 0 0 0 0 0 0 0
"96" 96 0.0964467005076 278 130 28 21 14 8 4 4 3 2 2 2 2 1 1 0 0 0 0 0
"97" 97 0.577981651376 216 77 61 43 24 19 15 15 8 6 6 4 3 2 1 0 0 0 0 0
"98" 98 0.296577946768 254 133 94 6 4 4 3 1 1 0 0 0 0 0 0 0 0 0 0 0
"99" 99 0.211538461538 500 0 0 0 0 0 0 0 0 0 0 0 0 0 0 0 0 0 0 0
"100" 100 0.0 499 1 0 0 0 0 0 0 0 0 0 0 0 0 0 0 0 0 0 0
"101" 101 0.251572327044 500 0 0 0 0 0 0 0 0 0 0 0 0 0 0 0 0 0 0 0
"102" 102 0.0401459854015 500 0 0 0 0 0 0 0 0 0 0 0 0 0 0 0 0 0 0 0
"103" 103 0.00632911392405 500 0 0 0 0 0 0 0 0 0 0 0 0 0 0 0 0 0 0 0
"104" 104 0.00574712643678 500 0 0 0 0 0 0 0 0 0 0 0 0 0 0 0 0 0 0 0
"105" 105 0.0 492 8 0 0 0 0 0 0 0 0 0 0 0 0 0 0 0 0 0 0
"106" 106 0.0 500 0 0 0 0 0 0 0 0 0 0 0 0 0 0 0 0 0 0 0
"107" 107 0.00446428571429 365 101 24 6 3 1 0 0 0 0 0 0 0 0 0 0 0 0 0 0
"108" 108 0.210256410256 499 1 0 0 0 0 0 0 0 0 0 0 0 0 0 0 0 0 0 0
"109" 109 0.5 144 85 54 46 45 26 24 22 14 11 10 6 5 4 3 1 0 0 0 0
"110" 110 0.174358974359 277 91 71 44 6 5 5 1 0 0 0 0 0 0 0 0 0 0 0 0
"111" 111 0.154811715481 411 76 12 1 0 0 0 0 0 0 0 0 0 0 0 0 0 0 0 0
"112" 112 0.481012658228 423 68 3 3 2 1 0 0 0 0 0 0 0 0 0 0 0 0 0 0
"113" 113 0.139072847682 500 0 0 0 0 0 0 0 0 0 0 0 0 0 0 0 0 0 0 0
"114" 114 0.746835443038 196 71 61 51 34 28 21 11 11 8 4 4 0 0 0 0 0 0 0 0
"115" 115 0.0 498 2 0 0 0 0 0 0 0 0 0 0 0 0 0 0 0 0 0 0
"116" 116 0.0580357142857 499 1 0 0 0 0 0 0 0 0 0 0 0 0 0 0 0 0 0 0
"117" 117 0.523206751055 412 34 19 11 6 6 3 3 2 2 1 1 0 0 0 0 0 0 0 0
"118" 118 0.410646387833 156 82 72 42 39 33 31 18 7 6 6 4 2 1 1 0 0 0 0 0
"119" 119 0.0 500 0 0 0 0 0 0 0 0 0 0 0 0 0 0 0 0 0 0 0
"120" 120 0.385650224215 109 97 68 55 50 43 38 28 7 3 1 1 0 0 0 0 0 0 0 0
"121" 121 0.593023255814 270 53 48 38 34 27 8 5 4 4 3 2 1 1 1 1 0 0 0 0
"122" 122 0.463503649635 211 61 60 54 36 20 18 17 13 9 1 0 0 0 0 0 0 0 0 0
"123" 123 0.673076923077 500 0 0 0 0 0 0 0 0 0 0 0 0 0 0 0 0 0 0 0
"124" 124 0.105263157895 474 21 2 1 1 1 0 0 0 0 0 0 0 0 0 0 0 0 0 0
"125" 125 0.205357142857 500 0 0 0 0 0 0 0 0 0 0 0 0 0 0 0 0 0 0 0
"126" 126 0.172413793103 500 0 0 0 0 0 0 0 0 0 0 0 0 0 0 0 0 0 0 0
"127" 127 0.241379310345 376 37 19 17 14 11 7 6 5 3 3 1 1 0 0 0 0 0 0 0
"128" 128 0.316091954023 499 1 0 0 0 0 0 0 0 0 0 0 0 0 0 0 0 0 0 0
"129" 129 0.385057471264 257 127 36 28 24 6 6 5 4 4 3 0 0 0 0 0 0 0 0 0
"130" 130 0.388601036269 143 91 87 76 37 30 23 9 4 0 0 0 0 0 0 0 0 0 0 0
"131" 131 0.0880829015544 500 0 0 0 0 0 0 0 0 0 0 0 0 0 0 0 0 0 0 0
"132" 132 0.401785714286 126 77 50 38 36 36 32 29 27 13 10 7 5 5 5 2 2 0 0 0
"133" 133 0.346715328467 500 0 0 0 0 0 0 0 0 0 0 0 0 0 0 0 0 0 0 0
"134" 134 0.0316455696203 500 0 0 0 0 0 0 0 0 0 0 0 0 0 0 0 0 0 0 0
"135" 135 0.139240506329 123 102 93 55 36 27 25 17 14 6 1 1 0 0 0 0 0 0 0 0
"136" 136 0.620253164557 161 73 58 40 39 37 32 12 11 11 8 4 4 3 2 2 2 1 0 0
"137" 137 0.0746268656716 500 0 0 0 0 0 0 0 0 0 0 0 0 0 0 0 0 0 0 0
"138" 138 0.0183486238532 366 91 23 8 7 1 1 1 1 1 0 0 0 0 0 0 0 0 0 0
"139" 139 0.379746835443 405 40 18 17 6 5 4 2 1 1 1 0 0 0 0 0 0 0 0 0
"140" 140 0.434977578475 102 91 76 75 66 27 26 13 9 7 6 1 1 0 0 0 0 0 0 0
"141" 141 0.0 486 10 4 0 0 0 0 0 0 0 0 0 0 0 0 0 0 0 0 0
"142" 142 0.152284263959 484 8 2 2 2 1 1 0 0 0 0 0 0 0 0 0 0 0 0 0
"143" 143 0.518134715026 402 26 23 12 9 9 5 5 3 2 2 1 1 0 0 0 0 0 0 0
"144" 144 0.424107142857 108 104 81 51 46 45 28 15 10 9 2 1 0 0 0 0 0 0 0 0
"145" 145 0.229927007299 487 6 5 2 0 0 0 0 0 0 0 0 0 0 0 0 0 0 0 0
"146" 146 0.352201257862 422 18 18 10 9 7 6 6 2 1 1 0 0 0 0 0 0 0 0 0
"147" 147 0.57399103139 259 100 74 18 13 10 9 5 5 3 2 1 1 0 0 0 0 0 0 0
"148" 148 0.217616580311 487 5 3 2 2 1 0 0 0 0 0 0 0 0 0 0 0 0 0 0
"149" 149 0.0390070921986 452 33 15 0 0 0 0 0 0 0 0 0 0 0 0 0 0 0 0 0
"150" 150 0.338912133891 375 72 20 10 9 5 5 2 1 1 0 0 0 0 0 0 0 0 0 0
"151" 151 0.433035714286 183 162 50 34 19 19 11 6 6 5 3 1 1 0 0 0 0 0 0 0
"152" 152 0.020725388601 452 36 9 3 0 0 0 0 0 0 0 0 0 0 0 0 0 0 0 0
"153" 153 0.218274111675 483 17 0 0 0 0 0 0 0 0 0 0 0 0 0 0 0 0 0 0
"154" 154 0.625 448 42 5 2 2 1 0 0 0 0 0 0 0 0 0 0 0 0 0 0
"155" 155 0.71875 192 70 63 52 49 34 16 16 3 3 2 0 0 0 0 0 0 0 0 0
