"site" "RSA" "aa1" "aa2" "aa3" "aa4" "aa5" "aa6" "aa7" "aa8" "aa9" "aa10" "aa11" "aa12" "aa13" "aa14" "aa15" "aa16" "aa17" "aa18" "aa19" "aa20"
"0" 0 0.261627906977 218 108 105 24 18 9 8 4 2 2 1 1 0 0 0 0 0 0 0 0
"1" 1 0.623574144487 69 63 61 48 44 44 29 29 26 23 21 16 8 7 6 4 1 1 0 0
"2" 2 0.360465116279 365 113 5 4 4 3 2 1 1 1 1 0 0 0 0 0 0 0 0 0
"3" 3 0.279069767442 321 89 86 2 1 1 0 0 0 0 0 0 0 0 0 0 0 0 0 0
"4" 4 0.0875912408759 500 0 0 0 0 0 0 0 0 0 0 0 0 0 0 0 0 0 0 0
"5" 5 0.107623318386 255 165 19 11 9 9 6 5 4 4 3 3 3 2 1 1 0 0 0 0
"6" 6 0.0659898477157 454 32 4 3 3 2 2 0 0 0 0 0 0 0 0 0 0 0 0 0
"7" 7 0.0 500 0 0 0 0 0 0 0 0 0 0 0 0 0 0 0 0 0 0 0
"8" 8 0.062015503876 399 68 13 13 4 2 1 0 0 0 0 0 0 0 0 0 0 0 0 0
"9" 9 0.282700421941 208 79 66 46 43 16 12 10 6 6 4 2 1 1 0 0 0 0 0 0
"10" 10 0.0820512820513 479 16 3 2 0 0 0 0 0 0 0 0 0 0 0 0 0 0 0 0
"11" 11 0.21511627907 401 92 3 2 1 1 0 0 0 0 0 0 0 0 0 0 0 0 0 0
"12" 12 0.55223880597 143 90 80 31 29 25 23 22 17 17 8 7 6 1 1 0 0 0 0 0
"13" 13 0.379464285714 95 95 59 43 42 34 29 28 19 15 10 8 8 5 5 3 1 1 0 0
"14" 14 0.0152091254753 421 74 2 1 1 1 0 0 0 0 0 0 0 0 0 0 0 0 0 0
"15" 15 0.210970464135 226 81 64 59 40 15 7 4 4 0 0 0 0 0 0 0 0 0 0 0
"16" 16 0.0114942528736 496 1 1 1 1 0 0 0 0 0 0 0 0 0 0 0 0 0 0 0
"17" 17 0.0342205323194 298 202 0 0 0 0 0 0 0 0 0 0 0 0 0 0 0 0 0 0
"18" 18 0.00507614213198 467 32 1 0 0 0 0 0 0 0 0 0 0 0 0 0 0 0 0 0
"19" 19 0.111607142857 500 0 0 0 0 0 0 0 0 0 0 0 0 0 0 0 0 0 0 0
"20" 20 0.367088607595 165 107 56 43 42 29 27 10 5 5 4 3 2 1 1 0 0 0 0 0
"21" 21 0.580310880829 305 63 55 28 18 8 7 6 4 2 2 2 0 0 0 0 0 0 0 0
"22" 22 0.336538461538 500 0 0 0 0 0 0 0 0 0 0 0 0 0 0 0 0 0 0 0
"23" 23 0.354430379747 99 51 47 39 35 33 31 27 22 21 18 18 18 16 15 4 4 2 0 0
"24" 24 0.0 500 0 0 0 0 0 0 0 0 0 0 0 0 0 0 0 0 0 0 0
"25" 25 0.0459770114943 359 115 11 6 4 2 1 1 1 0 0 0 0 0 0 0 0 0 0 0
"26" 26 0.0 499 1 0 0 0 0 0 0 0 0 0 0 0 0 0 0 0 0 0 0
"27" 27 0.0077519379845 326 164 6 3 1 0 0 0 0 0 0 0 0 0 0 0 0 0 0 0
"28" 28 0.0 493 2 2 1 1 1 0 0 0 0 0 0 0 0 0 0 0 0 0 0
"29" 29 0.0 500 0 0 0 0 0 0 0 0 0 0 0 0 0 0 0 0 0 0 0
"30" 30 0.0310880829016 500 0 0 0 0 0 0 0 0 0 0 0 0 0 0 0 0 0 0 0
"31" 31 0.0 475 23 2 0 0 0 0 0 0 0 0 0 0 0 0 0 0 0 0 0
"32" 32 0.327044025157 473 24 2 1 0 0 0 0 0 0 0 0 0 0 0 0 0 0 0 0
"33" 33 0.00497512437811 500 0 0 0 0 0 0 0 0 0 0 0 0 0 0 0 0 0 0 0
"34" 34 0.269961977186 282 208 10 0 0 0 0 0 0 0 0 0 0 0 0 0 0 0 0 0
"35" 35 0.395348837209 372 35 25 14 13 8 8 7 6 5 4 2 1 0 0 0 0 0 0 0
"36" 36 0.243523316062 450 50 0 0 0 0 0 0 0 0 0 0 0 0 0 0 0 0 0 0
"37" 37 0.607594936709 209 143 55 29 23 20 6 6 5 2 1 1 0 0 0 0 0 0 0 0
"38" 38 0.607142857143 101 75 61 53 47 32 27 18 18 17 16 15 7 5 4 3 1 0 0 0
"39" 39 0.553846153846 368 60 23 16 8 6 5 4 4 3 2 1 0 0 0 0 0 0 0 0
"40" 40 0.210256410256 166 85 65 52 31 24 18 18 13 10 10 3 2 2 1 0 0 0 0 0
"41" 41 0.131979695431 179 128 114 21 19 13 6 5 4 4 3 2 1 1 0 0 0 0 0 0
"42" 42 0.00418410041841 461 39 0 0 0 0 0 0 0 0 0 0 0 0 0 0 0 0 0 0
"43" 43 0.0358974358974 219 115 79 36 21 13 7 6 1 1 1 1 0 0 0 0 0 0 0 0
"44" 44 0.0 307 189 3 1 0 0 0 0 0 0 0 0 0 0 0 0 0 0 0 0
"45" 45 0.0 499 1 0 0 0 0 0 0 0 0 0 0 0 0 0 0 0 0 0 0
"46" 46 0.0 429 63 7 1 0 0 0 0 0 0 0 0 0 0 0 0 0 0 0 0
"47" 47 0.0535714285714 489 9 1 1 0 0 0 0 0 0 0 0 0 0 0 0 0 0 0 0
"48" 48 0.0 483 17 0 0 0 0 0 0 0 0 0 0 0 0 0 0 0 0 0 0
"49" 49 0.0943396226415 498 2 0 0 0 0 0 0 0 0 0 0 0 0 0 0 0 0 0 0
"50" 50 0.105839416058 251 181 26 23 10 5 3 1 0 0 0 0 0 0 0 0 0 0 0 0
"51" 51 0.446808510638 424 50 11 6 3 2 2 2 0 0 0 0 0 0 0 0 0 0 0 0
"52" 52 0.28488372093 250 97 77 52 11 5 4 3 1 0 0 0 0 0 0 0 0 0 0 0
"53" 53 0.0820512820513 303 123 20 15 10 9 6 5 3 2 2 2 0 0 0 0 0 0 0 0
"54" 54 0.062015503876 367 83 36 14 0 0 0 0 0 0 0 0 0 0 0 0 0 0 0 0
"55" 55 0.0675105485232 287 74 53 25 15 11 10 10 6 3 2 2 1 1 0 0 0 0 0 0
"56" 56 0.0248756218905 474 9 8 4 2 1 1 1 0 0 0 0 0 0 0 0 0 0 0 0
"57" 57 0.183035714286 155 130 53 32 30 29 26 14 12 9 4 2 2 1 1 0 0 0 0 0
"58" 58 0.0152284263959 425 60 8 5 2 0 0 0 0 0 0 0 0 0 0 0 0 0 0 0
"59" 59 0.110465116279 394 92 4 3 2 2 2 1 0 0 0 0 0 0 0 0 0 0 0 0
"60" 60 0.189781021898 469 7 6 6 5 2 2 1 1 1 0 0 0 0 0 0 0 0 0 0
"61" 61 0.433035714286 360 82 14 10 9 9 5 3 3 3 1 1 0 0 0 0 0 0 0 0
"62" 62 0.334821428571 205 101 78 29 29 28 13 9 3 1 1 1 1 1 0 0 0 0 0 0
"63" 63 0.267441860465 447 30 11 5 4 1 1 1 0 0 0 0 0 0 0 0 0 0 0 0
"64" 64 0.0 490 8 1 1 0 0 0 0 0 0 0 0 0 0 0 0 0 0 0 0
"65" 65 0.0 488 6 3 2 1 0 0 0 0 0 0 0 0 0 0 0 0 0 0 0
"66" 66 0.0 500 0 0 0 0 0 0 0 0 0 0 0 0 0 0 0 0 0 0 0
"67" 67 0.0 474 26 0 0 0 0 0 0 0 0 0 0 0 0 0 0 0 0 0 0
"68" 68 0.157360406091 253 138 53 12 11 10 7 7 6 2 1 0 0 0 0 0 0 0 0 0
"69" 69 0.0358744394619 318 112 25 12 11 9 7 3 1 1 1 0 0 0 0 0 0 0 0 0
"70" 70 0.20725388601 198 127 57 43 32 14 12 6 4 3 2 2 0 0 0 0 0 0 0 0
"71" 71 0.348837209302 153 141 81 21 19 17 16 15 12 7 6 6 4 1 1 0 0 0 0 0
"72" 72 0.409282700422 150 85 38 38 37 32 32 30 14 13 8 8 6 5 2 2 0 0 0 0
"73" 73 0.776371308017 299 79 67 12 11 11 11 4 3 2 1 0 0 0 0 0 0 0 0 0
"74" 74 0.5 500 0 0 0 0 0 0 0 0 0 0 0 0 0 0 0 0 0 0 0
"75" 75 0.451476793249 67 56 54 46 44 43 38 36 21 20 19 14 13 12 7 6 2 2 0 0
"76" 76 0.18407960199 389 56 29 9 5 4 2 1 1 1 1 1 1 0 0 0 0 0 0 0
"77" 77 0.124087591241 202 77 59 38 36 35 30 7 5 4 3 3 1 0 0 0 0 0 0 0
"78" 78 0.112970711297 496 4 0 0 0 0 0 0 0 0 0 0 0 0 0 0 0 0 0 0
"79" 79 0.0 318 166 9 3 2 1 1 0 0 0 0 0 0 0 0 0 0 0 0 0
"80" 80 0.167883211679 376 104 11 3 2 2 1 1 0 0 0 0 0 0 0 0 0 0 0 0
"81" 81 0.0358974358974 419 55 17 2 2 2 2 1 0 0 0 0 0 0 0 0 0 0 0 0
"82" 82 0.0569620253165 500 0 0 0 0 0 0 0 0 0 0 0 0 0 0 0 0 0 0 0
"83" 83 0.359832635983 266 121 31 24 24 17 8 3 3 1 1 1 0 0 0 0 0 0 0 0
"84" 84 0.465408805031 489 3 3 2 1 1 1 0 0 0 0 0 0 0 0 0 0 0 0 0
"85" 85 0.0765550239234 499 1 0 0 0 0 0 0 0 0 0 0 0 0 0 0 0 0 0 0
"86" 86 0.454545454545 187 99 48 38 27 20 19 15 9 9 8 7 6 3 2 2 1 0 0 0
"87" 87 0.0 500 0 0 0 0 0 0 0 0 0 0 0 0 0 0 0 0 0 0 0
"88" 88 0.0 293 202 4 1 0 0 0 0 0 0 0 0 0 0 0 0 0 0 0 0
"89" 89 0.106598984772 412 33 24 16 7 6 2 0 0 0 0 0 0 0 0 0 0 0 0 0
"90" 90 0.00956937799043 481 13 3 3 0 0 0 0 0 0 0 0 0 0 0 0 0 0 0 0
"91" 91 0.0 499 1 0 0 0 0 0 0 0 0 0 0 0 0 0 0 0 0 0 0
"92" 92 0.0342205323194 331 162 4 3 0 0 0 0 0 0 0 0 0 0 0 0 0 0 0 0
"93" 93 0.0 500 0 0 0 0 0 0 0 0 0 0 0 0 0 0 0 0 0 0 0
"94" 94 0.0077519379845 473 9 8 3 3 2 1 1 0 0 0 0 0 0 0 0 0 0 0 0
"95" 95 0.0 415 82 3 0 0 0 0 0 0 0 0 0 0 0 0 0 0 0 0 0
"96" 96 0.0062893081761 500 0 0 0 0 0 0 0 0 0 0 0 0 0 0 0 0 0 0 0
"97" 97 0.103139013453 496 3 1 0 0 0 0 0 0 0 0 0 0 0 0 0 0 0 0 0
"98" 98 0.0 500 0 0 0 0 0 0 0 0 0 0 0 0 0 0 0 0 0 0 0
"99" 99 0.00354609929078 500 0 0 0 0 0 0 0 0 0 0 0 0 0 0 0 0 0 0 0
"100" 100 0.0 351 102 21 15 9 1 1 0 0 0 0 0 0 0 0 0 0 0 0 0
"101" 101 0.134715025907 203 172 49 39 16 15 3 2 1 0 0 0 0 0 0 0 0 0 0 0
"102" 102 0.0880503144654 494 4 1 1 0 0 0 0 0 0 0 0 0 0 0 0 0 0 0 0
"103" 103 0.261538461538 171 138 81 35 19 13 11 8 8 7 5 2 1 1 0 0 0 0 0 0
"104" 104 0.419540229885 111 77 77 60 55 27 24 20 15 12 11 6 3 1 1 0 0 0 0 0
"105" 105 0.456953642384 152 80 49 49 43 33 30 27 10 8 7 5 4 1 1 1 0 0 0 0
"106" 106 0.0143540669856 368 36 32 29 23 5 3 2 1 1 0 0 0 0 0 0 0 0 0 0
"107" 107 0.641509433962 125 111 34 31 29 28 27 27 23 14 14 11 10 9 3 1 1 1 1 0
"108" 108 0.174107142857 249 50 39 35 26 26 23 18 15 5 5 4 2 2 1 0 0 0 0 0
"109" 109 0.0872093023256 440 50 4 4 1 1 0 0 0 0 0 0 0 0 0 0 0 0 0 0
"110" 110 0.691983122363 213 87 49 41 32 20 17 15 9 5 3 3 2 2 2 0 0 0 0 0
"111" 111 0.100775193798 370 126 2 1 1 0 0 0 0 0 0 0 0 0 0 0 0 0 0 0
"112" 112 0.33908045977 142 127 87 43 33 17 12 11 9 7 7 5 0 0 0 0 0 0 0 0
"113" 113 0.00961538461538 500 0 0 0 0 0 0 0 0 0 0 0 0 0 0 0 0 0 0 0
"114" 114 0.0984455958549 275 102 80 36 7 0 0 0 0 0 0 0 0 0 0 0 0 0 0 0
"115" 115 0.0666666666667 331 139 29 1 0 0 0 0 0 0 0 0 0 0 0 0 0 0 0 0
"116" 116 0.155440414508 79 76 75 41 35 34 32 29 25 25 23 11 10 2 2 1 0 0 0 0
"117" 117 0.0188679245283 499 1 0 0 0 0 0 0 0 0 0 0 0 0 0 0 0 0 0 0
"118" 118 0.0 393 61 27 8 6 3 2 0 0 0 0 0 0 0 0 0 0 0 0 0
"119" 119 0.0466321243523 388 29 22 21 20 8 3 3 3 2 1 0 0 0 0 0 0 0 0 0
"120" 120 0.0 498 1 1 0 0 0 0 0 0 0 0 0 0 0 0 0 0 0 0 0
"121" 121 0.0 499 1 0 0 0 0 0 0 0 0 0 0 0 0 0 0 0 0 0 0
"122" 122 0.00446428571429 442 45 10 2 1 0 0 0 0 0 0 0 0 0 0 0 0 0 0 0
"123" 123 0.0609137055838 498 2 0 0 0 0 0 0 0 0 0 0 0 0 0 0 0 0 0 0
"124" 124 0.0192307692308 500 0 0 0 0 0 0 0 0 0 0 0 0 0 0 0 0 0 0 0
"125" 125 0.566964285714 191 147 33 32 17 16 12 11 11 10 6 4 3 3 2 1 1 0 0 0
"126" 126 0.546511627907 147 79 48 45 39 37 24 16 14 13 13 13 3 3 3 2 1 0 0 0
"127" 127 0.406091370558 168 108 69 59 32 16 11 10 8 6 5 3 2 2 1 0 0 0 0 0
"128" 128 0.0697674418605 442 52 6 0 0 0 0 0 0 0 0 0 0 0 0 0 0 0 0 0
"129" 129 0.479087452471 295 185 5 3 2 2 2 2 1 1 1 1 0 0 0 0 0 0 0 0
"130" 130 0.0813953488372 497 2 1 0 0 0 0 0 0 0 0 0 0 0 0 0 0 0 0 0
"131" 131 0.0192307692308 500 0 0 0 0 0 0 0 0 0 0 0 0 0 0 0 0 0 0 0
"132" 132 0.14798206278 315 165 7 6 3 2 1 1 0 0 0 0 0 0 0 0 0 0 0 0
"133" 133 0.126436781609 500 0 0 0 0 0 0 0 0 0 0 0 0 0 0 0 0 0 0 0
"134" 134 0.042194092827 451 15 11 8 5 3 3 2 1 1 0 0 0 0 0 0 0 0 0 0
"135" 135 0.304932735426 93 81 69 52 36 34 33 30 20 17 16 5 4 3 3 2 1 1 0 0
"136" 136 0.0 487 13 0 0 0 0 0 0 0 0 0 0 0 0 0 0 0 0 0 0
"137" 137 0.130801687764 279 56 39 31 28 10 10 10 9 8 8 7 4 1 0 0 0 0 0 0
"138" 138 0.015503875969 465 30 3 1 1 0 0 0 0 0 0 0 0 0 0 0 0 0 0 0
"139" 139 0.0 500 0 0 0 0 0 0 0 0 0 0 0 0 0 0 0 0 0 0 0
"140" 140 0.0 500 0 0 0 0 0 0 0 0 0 0 0 0 0 0 0 0 0 0 0
"141" 141 0.0 495 4 1 0 0 0 0 0 0 0 0 0 0 0 0 0 0 0 0 0
"142" 142 0.0137614678899 492 4 3 1 0 0 0 0 0 0 0 0 0 0 0 0 0 0 0 0
"143" 143 0.0 405 90 3 2 0 0 0 0 0 0 0 0 0 0 0 0 0 0 0 0
"144" 144 0.0 493 5 2 0 0 0 0 0 0 0 0 0 0 0 0 0 0 0 0 0
"145" 145 0.119402985075 272 76 67 28 21 14 7 6 4 3 1 1 0 0 0 0 0 0 0 0
"146" 146 0.0362694300518 385 36 18 17 16 7 4 3 3 3 2 2 2 1 1 0 0 0 0 0
"147" 147 0.424107142857 258 78 60 31 29 14 10 10 4 3 1 1 1 0 0 0 0 0 0 0
"148" 148 0.509615384615 500 0 0 0 0 0 0 0 0 0 0 0 0 0 0 0 0 0 0 0
"149" 149 0.330357142857 153 103 54 50 40 24 16 15 15 12 8 6 3 1 0 0 0 0 0 0
"150" 150 0.0 255 191 44 10 0 0 0 0 0 0 0 0 0 0 0 0 0 0 0 0
"151" 151 0.0414507772021 272 109 61 29 9 9 7 3 1 0 0 0 0 0 0 0 0 0 0 0
"152" 152 0.0 495 3 2 0 0 0 0 0 0 0 0 0 0 0 0 0 0 0 0 0
"153" 153 0.0 319 170 7 4 0 0 0 0 0 0 0 0 0 0 0 0 0 0 0 0
"154" 154 0.0 495 2 2 1 0 0 0 0 0 0 0 0 0 0 0 0 0 0 0 0
"155" 155 0.010152284264 416 84 0 0 0 0 0 0 0 0 0 0 0 0 0 0 0 0 0 0
"156" 156 0.0 457 29 14 0 0 0 0 0 0 0 0 0 0 0 0 0 0 0 0 0
"157" 157 0.0 495 4 1 0 0 0 0 0 0 0 0 0 0 0 0 0 0 0 0 0
"158" 158 0.113989637306 479 14 5 1 1 0 0 0 0 0 0 0 0 0 0 0 0 0 0 0
"159" 159 0.289340101523 119 67 62 55 49 38 28 18 16 15 13 6 5 4 3 1 1 0 0 0
"160" 160 0.651282051282 240 149 36 15 12 12 12 7 6 5 3 2 1 0 0 0 0 0 0 0
"161" 161 0.0673575129534 500 0 0 0 0 0 0 0 0 0 0 0 0 0 0 0 0 0 0 0
"162" 162 0.584905660377 186 67 39 37 30 25 22 21 20 16 12 10 7 3 2 2 1 0 0 0
"163" 163 0.199004975124 123 97 72 60 46 26 16 15 14 8 8 6 6 2 1 0 0 0 0 0
"164" 164 0.046511627907 488 8 4 0 0 0 0 0 0 0 0 0 0 0 0 0 0 0 0 0
"165" 165 0.62893081761 373 31 17 14 11 11 10 10 6 5 4 3 3 1 1 0 0 0 0 0
"166" 166 0.523206751055 169 69 53 43 32 27 26 18 12 12 11 9 9 7 3 0 0 0 0 0
"167" 167 0.0 433 42 21 4 0 0 0 0 0 0 0 0 0 0 0 0 0 0 0 0
"168" 168 0.435897435897 281 65 42 41 36 28 5 1 1 0 0 0 0 0 0 0 0 0 0 0
"169" 169 0.222797927461 389 96 6 3 2 2 1 1 0 0 0 0 0 0 0 0 0 0 0 0
"170" 170 0.0710659898477 466 19 10 4 1 0 0 0 0 0 0 0 0 0 0 0 0 0 0 0
"171" 171 0.482142857143 111 72 64 58 37 36 33 20 14 14 12 9 8 7 3 1 1 0 0 0
"172" 172 0.113989637306 405 92 2 1 0 0 0 0 0 0 0 0 0 0 0 0 0 0 0 0
"173" 173 0.0 497 2 1 0 0 0 0 0 0 0 0 0 0 0 0 0 0 0 0 0
"174" 174 0.370535714286 492 3 3 2 0 0 0 0 0 0 0 0 0 0 0 0 0 0 0 0
"175" 175 0.527426160338 287 64 35 29 25 24 23 5 3 3 2 0 0 0 0 0 0 0 0 0
"176" 176 0.357414448669 269 164 38 14 4 3 2 2 1 1 1 1 0 0 0 0 0 0 0 0
"177" 177 0.163179916318 324 122 29 15 9 1 0 0 0 0 0 0 0 0 0 0 0 0 0 0
"178" 178 0.622641509434 448 12 9 7 6 6 3 2 2 2 1 1 1 0 0 0 0 0 0 0
"179" 179 0.278846153846 500 0 0 0 0 0 0 0 0 0 0 0 0 0 0 0 0 0 0 0
"180" 180 0.169154228856 481 6 4 2 2 2 2 1 0 0 0 0 0 0 0 0 0 0 0 0
"181" 181 0.0995024875622 485 5 3 3 2 1 1 0 0 0 0 0 0 0 0 0 0 0 0 0
"182" 182 0.740875912409 140 83 63 31 31 29 20 18 18 15 14 10 9 7 6 4 2 0 0 0
"183" 183 0.178294573643 201 63 63 39 39 29 26 10 9 9 5 5 1 1 0 0 0 0 0 0
"184" 184 0.0116279069767 469 11 10 5 4 1 0 0 0 0 0 0 0 0 0 0 0 0 0 0
"185" 185 0.148717948718 195 100 72 40 34 18 10 7 6 6 4 2 2 2 1 1 0 0 0 0
"186" 186 0.299107142857 271 75 34 25 22 20 14 13 8 8 6 2 1 1 0 0 0 0 0 0
"187" 187 0.00709219858156 495 4 1 0 0 0 0 0 0 0 0 0 0 0 0 0 0 0 0 0
"188" 188 0.0 486 10 3 1 0 0 0 0 0 0 0 0 0 0 0 0 0 0 0 0
"189" 189 0.270072992701 156 71 63 61 57 41 24 9 6 5 4 2 1 0 0 0 0 0 0 0
"190" 190 0.167512690355 224 79 36 28 27 20 17 16 12 10 8 7 5 4 3 2 1 1 0 0
"191" 191 0.0190114068441 451 23 16 3 2 2 1 1 1 0 0 0 0 0 0 0 0 0 0 0
"192" 192 0.0548523206751 366 36 23 20 17 13 8 6 5 4 2 0 0 0 0 0 0 0 0 0
"193" 193 0.395939086294 140 73 69 67 33 23 21 18 16 12 10 5 4 3 3 2 1 0 0 0
"194" 194 0.213836477987 499 1 0 0 0 0 0 0 0 0 0 0 0 0 0 0 0 0 0 0
"195" 195 0.336787564767 254 57 35 31 29 27 25 15 10 6 5 3 3 0 0 0 0 0 0 0
"196" 196 0.730769230769 500 0 0 0 0 0 0 0 0 0 0 0 0 0 0 0 0 0 0 0
"197" 197 0.320675105485 297 94 68 22 7 5 4 1 1 1 0 0 0 0 0 0 0 0 0 0
"198" 198 0.610062893082 373 34 17 15 13 11 7 6 6 5 4 4 3 2 0 0 0 0 0 0
"199" 199 0.415178571429 157 83 51 42 42 30 22 18 17 14 12 4 3 2 1 1 1 0 0 0
"200" 200 0.0461538461538 483 7 6 2 1 1 0 0 0 0 0 0 0 0 0 0 0 0 0 0
"201" 201 0.578475336323 135 78 67 43 37 29 26 15 14 12 11 10 7 7 6 3 0 0 0 0
"202" 202 0.100418410042 500 0 0 0 0 0 0 0 0 0 0 0 0 0 0 0 0 0 0 0
"203" 203 0.139534883721 364 94 42 0 0 0 0 0 0 0 0 0 0 0 0 0 0 0 0 0
"204" 204 0.276150627615 114 100 98 89 31 21 14 9 7 7 5 3 2 0 0 0 0 0 0 0
"205" 205 0.82119205298 250 118 67 28 8 7 6 6 3 3 2 1 1 0 0 0 0 0 0 0
"206" 206 0.0769230769231 500 0 0 0 0 0 0 0 0 0 0 0 0 0 0 0 0 0 0 0
"207" 207 0.459821428571 132 86 69 68 42 31 26 13 12 9 9 1 1 1 0 0 0 0 0 0
"208" 208 0.162790697674 469 10 9 7 2 1 1 1 0 0 0 0 0 0 0 0 0 0 0 0
"209" 209 0.172995780591 277 35 30 28 26 24 19 15 14 10 10 5 4 3 0 0 0 0 0 0
"210" 210 0.323076923077 229 226 27 9 5 3 1 0 0 0 0 0 0 0 0 0 0 0 0 0
"211" 211 0.253164556962 415 28 18 17 7 5 5 4 1 0 0 0 0 0 0 0 0 0 0 0
"212" 212 0.713080168776 105 74 63 49 38 36 25 22 19 17 14 11 10 7 4 3 2 1 0 0
"213" 213 0.220532319392 183 95 51 42 23 17 16 15 13 12 10 8 5 4 3 2 1 0 0 0
"214" 214 0.0 484 8 8 0 0 0 0 0 0 0 0 0 0 0 0 0 0 0 0 0
"215" 215 0.213930348259 418 17 13 13 10 8 7 5 3 3 1 1 1 0 0 0 0 0 0 0
"216" 216 0.512953367876 191 75 45 39 36 29 21 16 14 11 7 6 6 3 1 0 0 0 0 0
"217" 217 0.0 338 120 13 7 7 6 4 2 1 1 1 0 0 0 0 0 0 0 0 0
"218" 218 0.0 498 1 1 0 0 0 0 0 0 0 0 0 0 0 0 0 0 0 0 0
"219" 219 0.476793248945 154 74 62 31 31 27 27 19 17 15 13 10 7 6 4 3 0 0 0 0
"220" 220 0.205357142857 162 63 38 36 34 26 25 23 23 20 19 9 8 4 4 2 2 2 0 0
"221" 221 0.0 368 90 25 6 6 3 2 0 0 0 0 0 0 0 0 0 0 0 0 0
"222" 222 0.124401913876 347 81 42 17 10 2 1 0 0 0 0 0 0 0 0 0 0 0 0 0
"223" 223 0.295336787565 101 94 47 44 42 38 34 31 19 14 8 8 7 6 3 2 1 1 0 0
"224" 224 0.112582781457 166 72 71 40 34 30 21 21 18 9 9 4 3 2 0 0 0 0 0 0
"225" 225 0.0460992907801 500 0 0 0 0 0 0 0 0 0 0 0 0 0 0 0 0 0 0 0
"226" 226 0.396624472574 176 54 51 49 42 41 23 19 14 10 9 5 3 2 2 0 0 0 0 0
"227" 227 0.42600896861 167 64 51 36 34 33 31 27 19 13 13 7 4 1 0 0 0 0 0 0
"228" 228 0.00497512437811 500 0 0 0 0 0 0 0 0 0 0 0 0 0 0 0 0 0 0 0
"229" 229 0.0355329949239 476 12 10 1 1 0 0 0 0 0 0 0 0 0 0 0 0 0 0 0
"230" 230 0.302325581395 416 53 19 9 1 1 1 0 0 0 0 0 0 0 0 0 0 0 0 0
"231" 231 0.519230769231 500 0 0 0 0 0 0 0 0 0 0 0 0 0 0 0 0 0 0 0
"232" 232 0.603375527426 127 112 101 66 22 22 19 14 7 4 3 2 1 0 0 0 0 0 0 0
"233" 233 0.152317880795 351 147 1 1 0 0 0 0 0 0 0 0 0 0 0 0 0 0 0 0
"234" 234 0.695364238411 204 141 39 20 18 16 15 15 11 10 3 3 2 2 1 0 0 0 0 0
"235" 235 0.347150259067 355 108 12 9 6 2 2 2 1 1 1 1 0 0 0 0 0 0 0 0
"236" 236 0.311258278146 151 120 75 28 26 26 19 15 11 9 7 6 4 2 1 0 0 0 0 0
"237" 237 0.350210970464 287 99 52 23 11 9 8 6 4 1 0 0 0 0 0 0 0 0 0 0
"238" 238 0.567307692308 500 0 0 0 0 0 0 0 0 0 0 0 0 0 0 0 0 0 0 0
"239" 239 0.0609137055838 474 23 2 1 0 0 0 0 0 0 0 0 0 0 0 0 0 0 0 0
"240" 240 0.186528497409 495 5 0 0 0 0 0 0 0 0 0 0 0 0 0 0 0 0 0 0
"241" 241 0.0845771144279 499 1 0 0 0 0 0 0 0 0 0 0 0 0 0 0 0 0 0 0
"242" 242 0.162790697674 492 6 2 0 0 0 0 0 0 0 0 0 0 0 0 0 0 0 0 0
"243" 243 0.0 478 12 8 2 0 0 0 0 0 0 0 0 0 0 0 0 0 0 0 0
"244" 244 0.0747126436782 392 92 11 3 2 0 0 0 0 0 0 0 0 0 0 0 0 0 0 0
"245" 245 0.354651162791 226 104 79 31 25 25 5 2 2 1 0 0 0 0 0 0 0 0 0 0
"246" 246 0.18407960199 243 123 33 25 24 18 13 6 5 4 2 2 2 0 0 0 0 0 0 0
"247" 247 0.534591194969 491 4 3 2 0 0 0 0 0 0 0 0 0 0 0 0 0 0 0 0
"248" 248 0.860103626943 363 25 24 18 13 13 12 9 7 3 3 3 2 2 2 1 0 0 0 0
"249" 249 0.116279069767 440 44 15 1 0 0 0 0 0 0 0 0 0 0 0 0 0 0 0 0
"250" 250 0.641509433962 226 65 43 37 25 23 18 15 11 10 9 4 4 4 3 2 1 0 0 0
"251" 251 0.296511627907 337 97 27 10 9 8 5 3 2 1 1 0 0 0 0 0 0 0 0 0
"252" 252 0.304182509506 483 14 3 0 0 0 0 0 0 0 0 0 0 0 0 0 0 0 0 0
"253" 253 0.35761589404 201 132 37 33 20 15 11 11 10 9 6 5 4 3 2 1 0 0 0 0
"254" 254 0.649789029536 156 84 76 53 39 34 19 18 5 4 3 3 2 2 1 1 0 0 0 0
"255" 255 0.449612403101 121 79 57 50 40 31 29 24 24 18 10 9 3 2 1 1 1 0 0 0
"256" 256 0.124031007752 497 2 1 0 0 0 0 0 0 0 0 0 0 0 0 0 0 0 0 0
"257" 257 0.0331125827815 296 197 7 0 0 0 0 0 0 0 0 0 0 0 0 0 0 0 0 0
"258" 258 0.533678756477 114 66 50 49 49 37 31 28 27 20 12 5 4 4 3 1 0 0 0 0
"259" 259 0.635658914729 175 71 67 65 27 24 14 12 10 9 8 8 5 3 2 0 0 0 0 0
"260" 260 0.10152284264 313 185 1 1 0 0 0 0 0 0 0 0 0 0 0 0 0 0 0 0
"261" 261 0.459119496855 488 5 2 2 1 1 1 0 0 0 0 0 0 0 0 0 0 0 0 0
"262" 262 0.622641509434 433 20 9 9 7 4 4 3 3 2 2 1 1 1 1 0 0 0 0 0
"263" 263 0.503875968992 439 32 14 5 4 2 2 1 1 0 0 0 0 0 0 0 0 0 0 0
"264" 264 0.331125827815 185 143 65 37 19 17 9 8 7 5 2 2 1 0 0 0 0 0 0 0
"265" 265 0.621890547264 181 118 71 37 24 19 14 12 7 6 5 3 2 1 0 0 0 0 0 0
"266" 266 0.447257383966 164 114 103 42 39 20 11 4 3 0 0 0 0 0 0 0 0 0 0 0
"267" 267 0.658914728682 187 77 48 38 31 29 19 16 11 10 10 9 6 4 2 2 1 0 0 0
"268" 268 0.435233160622 279 102 52 25 13 10 6 5 4 2 1 1 0 0 0 0 0 0 0 0
"269" 269 0.178294573643 254 77 40 40 25 14 12 10 10 6 5 3 2 1 1 0 0 0 0 0
"270" 270 0.779874213836 155 82 45 40 34 29 27 23 19 13 11 9 6 4 2 1 0 0 0 0
"271" 271 0.355329949239 241 227 21 3 3 1 1 1 1 1 0 0 0 0 0 0 0 0 0 0
"272" 272 0.585492227979 470 5 5 4 3 3 2 2 2 1 1 1 1 0 0 0 0 0 0 0
"273" 273 0.675105485232 111 70 69 51 43 38 23 22 16 15 12 10 9 3 3 2 2 1 0 0
"274" 274 0.364238410596 115 105 78 40 40 31 18 16 13 11 11 9 8 4 1 0 0 0 0 0
"275" 275 0.0761421319797 465 24 5 4 1 1 0 0 0 0 0 0 0 0 0 0 0 0 0 0
"276" 276 0.554404145078 149 91 70 34 33 21 19 18 18 16 15 6 4 3 2 1 0 0 0 0
"277" 277 0.497890295359 205 102 65 63 27 12 11 9 3 1 1 1 0 0 0 0 0 0 0 0
"278" 278 0.421985815603 436 28 24 4 3 2 1 1 1 0 0 0 0 0 0 0 0 0 0 0
"279" 279 0.18410041841 251 240 4 3 2 0 0 0 0 0 0 0 0 0 0 0 0 0 0 0
"280" 280 0.861924686192 332 73 18 17 11 8 7 7 7 5 4 3 2 2 2 1 1 0 0 0
