"site" "RSA" "aa1" "aa2" "aa3" "aa4" "aa5" "aa6" "aa7" "aa8" "aa9" "aa10" "aa11" "aa12" "aa13" "aa14" "aa15" "aa16" "aa17" "aa18" "aa19" "aa20"
"0" 0 0.883408071749 89 78 76 65 43 39 25 20 15 13 10 9 7 6 5 0 0 0 0 0
"1" 1 0.759615384615 500 0 0 0 0 0 0 0 0 0 0 0 0 0 0 0 0 0 0 0
"2" 2 0.336538461538 500 0 0 0 0 0 0 0 0 0 0 0 0 0 0 0 0 0 0 0
"3" 3 0.114427860697 490 8 2 0 0 0 0 0 0 0 0 0 0 0 0 0 0 0 0 0
"4" 4 0.276785714286 179 81 78 51 42 26 15 12 5 3 3 2 1 1 1 0 0 0 0 0
"5" 5 0.678571428571 88 78 68 51 44 34 34 27 24 15 12 9 7 6 3 0 0 0 0 0
"6" 6 0.193798449612 189 127 75 47 21 17 9 6 4 2 1 1 1 0 0 0 0 0 0 0
"7" 7 0.0 494 5 1 0 0 0 0 0 0 0 0 0 0 0 0 0 0 0 0 0
"8" 8 0.383211678832 167 107 74 51 50 14 12 9 8 4 1 1 1 1 0 0 0 0 0 0
"9" 9 0.387596899225 139 56 50 43 43 40 32 26 24 13 9 8 6 5 3 2 1 0 0 0
"10" 10 0.177304964539 496 3 1 0 0 0 0 0 0 0 0 0 0 0 0 0 0 0 0 0
"11" 11 0.0696517412935 374 48 23 14 13 9 7 5 4 1 1 1 0 0 0 0 0 0 0 0
"12" 12 0.609489051095 135 84 64 48 34 31 30 26 22 14 5 3 2 1 1 0 0 0 0 0
"13" 13 0.723214285714 116 78 63 55 37 33 31 20 17 14 13 10 7 4 1 1 0 0 0 0
"14" 14 0.481865284974 121 103 83 36 22 22 21 15 15 14 11 10 9 6 6 3 2 1 0 0
"15" 15 0.194029850746 270 58 54 34 24 21 18 7 7 4 2 1 0 0 0 0 0 0 0 0
"16" 16 0.586538461538 500 0 0 0 0 0 0 0 0 0 0 0 0 0 0 0 0 0 0 0
"17" 17 0.816143497758 108 92 41 40 39 38 30 29 28 14 14 14 7 4 1 1 0 0 0 0
"18" 18 0.240384615385 500 0 0 0 0 0 0 0 0 0 0 0 0 0 0 0 0 0 0 0
"19" 19 0.217616580311 462 37 1 0 0 0 0 0 0 0 0 0 0 0 0 0 0 0 0 0
"20" 20 0.482587064677 79 71 66 58 44 40 29 23 21 18 17 10 9 6 4 2 2 1 0 0
"21" 21 0.610465116279 92 92 50 39 36 36 25 24 23 14 13 12 11 8 7 7 6 5 0 0
"22" 22 0.0728476821192 272 226 2 0 0 0 0 0 0 0 0 0 0 0 0 0 0 0 0 0
"23" 23 0.427860696517 100 94 71 58 45 41 26 17 13 10 9 6 5 2 2 1 0 0 0 0
"24" 24 0.726368159204 84 76 68 46 45 42 42 39 14 13 11 8 5 3 2 1 1 0 0 0
"25" 25 0.655172413793 133 70 62 47 38 34 26 25 15 14 12 9 7 3 2 2 1 0 0 0
"26" 26 0.0862068965517 394 106 0 0 0 0 0 0 0 0 0 0 0 0 0 0 0 0 0 0
"27" 27 0.427672955975 485 8 3 2 1 1 0 0 0 0 0 0 0 0 0 0 0 0 0 0
"28" 28 0.647321428571 121 108 103 50 46 15 12 11 10 9 9 3 2 1 0 0 0 0 0 0
"29" 29 0.751295336788 203 69 47 33 29 18 18 17 16 13 12 8 6 3 3 2 2 1 0 0
"30" 30 0.283582089552 457 22 9 5 2 2 2 1 0 0 0 0 0 0 0 0 0 0 0 0
"31" 31 0.526785714286 184 91 84 81 26 13 8 4 3 2 2 1 1 0 0 0 0 0 0 0
"32" 32 0.0769230769231 467 22 11 0 0 0 0 0 0 0 0 0 0 0 0 0 0 0 0 0
"33" 33 0.258928571429 249 89 67 28 24 19 8 6 6 4 0 0 0 0 0 0 0 0 0 0
"34" 34 0.0 407 87 6 0 0 0 0 0 0 0 0 0 0 0 0 0 0 0 0 0
"35" 35 0.0574712643678 360 99 27 5 3 2 1 1 1 1 0 0 0 0 0 0 0 0 0 0
"36" 36 0.00507614213198 466 34 0 0 0 0 0 0 0 0 0 0 0 0 0 0 0 0 0 0
"37" 37 0.169154228856 258 111 32 27 19 15 10 7 7 3 3 3 2 2 1 0 0 0 0 0
"38" 38 0.0 495 5 0 0 0 0 0 0 0 0 0 0 0 0 0 0 0 0 0 0
"39" 39 0.37552742616 148 105 64 57 46 38 13 9 9 7 4 0 0 0 0 0 0 0 0 0
"40" 40 0.25 427 30 19 11 5 4 2 1 1 0 0 0 0 0 0 0 0 0 0 0
"41" 41 0.394230769231 324 95 40 28 10 2 1 0 0 0 0 0 0 0 0 0 0 0 0 0
"42" 42 0.0 500 0 0 0 0 0 0 0 0 0 0 0 0 0 0 0 0 0 0 0
"43" 43 0.0 496 4 0 0 0 0 0 0 0 0 0 0 0 0 0 0 0 0 0 0
"44" 44 0.0 319 101 62 6 4 4 2 1 1 0 0 0 0 0 0 0 0 0 0 0
"45" 45 0.0 451 49 0 0 0 0 0 0 0 0 0 0 0 0 0 0 0 0 0 0
"46" 46 0.0 500 0 0 0 0 0 0 0 0 0 0 0 0 0 0 0 0 0 0 0
"47" 47 0.0547263681592 498 1 1 0 0 0 0 0 0 0 0 0 0 0 0 0 0 0 0 0
"48" 48 0.301418439716 499 1 0 0 0 0 0 0 0 0 0 0 0 0 0 0 0 0 0 0
"49" 49 0.00574712643678 499 1 0 0 0 0 0 0 0 0 0 0 0 0 0 0 0 0 0 0
"50" 50 0.0 499 1 0 0 0 0 0 0 0 0 0 0 0 0 0 0 0 0 0 0
"51" 51 0.410714285714 229 156 37 25 25 18 3 2 2 1 1 1 0 0 0 0 0 0 0 0
"52" 52 0.375912408759 354 38 19 16 16 15 12 10 7 3 3 3 2 1 1 0 0 0 0 0
"53" 53 0.00574712643678 499 1 0 0 0 0 0 0 0 0 0 0 0 0 0 0 0 0 0 0
"54" 54 0.0 408 92 0 0 0 0 0 0 0 0 0 0 0 0 0 0 0 0 0 0
"55" 55 0.279069767442 208 119 40 25 19 16 15 14 12 11 8 4 3 3 2 1 0 0 0 0
"56" 56 0.164179104478 420 42 22 5 4 2 2 1 1 1 0 0 0 0 0 0 0 0 0 0
"57" 57 0.217054263566 497 3 0 0 0 0 0 0 0 0 0 0 0 0 0 0 0 0 0 0
"58" 58 0.108808290155 500 0 0 0 0 0 0 0 0 0 0 0 0 0 0 0 0 0 0 0
"59" 59 0.691823899371 458 7 7 7 4 4 4 2 2 1 1 1 1 1 0 0 0 0 0 0
"60" 60 0.594890510949 500 0 0 0 0 0 0 0 0 0 0 0 0 0 0 0 0 0 0 0
"61" 61 0.104651162791 490 7 3 0 0 0 0 0 0 0 0 0 0 0 0 0 0 0 0 0
"62" 62 0.240310077519 144 126 55 40 26 25 16 14 14 13 11 5 3 3 3 2 0 0 0 0
"63" 63 0.0794979079498 490 10 0 0 0 0 0 0 0 0 0 0 0 0 0 0 0 0 0 0
"64" 64 0.354651162791 226 82 67 29 17 15 13 12 11 9 5 5 3 2 2 1 1 0 0 0
"65" 65 0.40251572327 498 1 1 0 0 0 0 0 0 0 0 0 0 0 0 0 0 0 0 0
"66" 66 0.422885572139 394 29 24 16 16 7 6 2 2 2 1 1 0 0 0 0 0 0 0 0
"67" 67 0.155172413793 494 4 1 1 0 0 0 0 0 0 0 0 0 0 0 0 0 0 0 0
"68" 68 0.519379844961 108 62 59 56 43 38 33 31 19 17 14 8 6 2 2 1 1 0 0 0
"69" 69 0.263392857143 500 0 0 0 0 0 0 0 0 0 0 0 0 0 0 0 0 0 0 0
"70" 70 0.115384615385 500 0 0 0 0 0 0 0 0 0 0 0 0 0 0 0 0 0 0 0
"71" 71 0.240310077519 329 121 19 17 5 3 2 2 1 1 0 0 0 0 0 0 0 0 0 0
"72" 72 0.434306569343 324 49 46 27 11 9 8 8 6 6 5 1 0 0 0 0 0 0 0 0
"73" 73 0.0747126436782 486 13 1 0 0 0 0 0 0 0 0 0 0 0 0 0 0 0 0 0
"74" 74 0.488372093023 137 79 61 60 33 26 20 17 15 10 8 8 7 7 6 3 2 1 0 0
"75" 75 0.660714285714 233 92 55 53 34 22 11 0 0 0 0 0 0 0 0 0 0 0 0 0
"76" 76 0.490384615385 500 0 0 0 0 0 0 0 0 0 0 0 0 0 0 0 0 0 0 0
"77" 77 0.25 319 118 15 14 14 10 7 3 0 0 0 0 0 0 0 0 0 0 0 0
"78" 78 0.325892857143 445 13 12 6 5 4 4 3 2 2 2 1 1 0 0 0 0 0 0 0
"79" 79 0.0 438 61 1 0 0 0 0 0 0 0 0 0 0 0 0 0 0 0 0 0
"80" 80 0.0 495 3 2 0 0 0 0 0 0 0 0 0 0 0 0 0 0 0 0 0
"81" 81 0.262773722628 456 14 9 6 6 3 3 2 1 0 0 0 0 0 0 0 0 0 0 0
"82" 82 0.0 465 35 0 0 0 0 0 0 0 0 0 0 0 0 0 0 0 0 0 0
"83" 83 0.368613138686 281 49 32 31 26 25 19 10 9 9 5 1 1 1 1 0 0 0 0 0
"84" 84 0.0480769230769 500 0 0 0 0 0 0 0 0 0 0 0 0 0 0 0 0 0 0 0
"85" 85 0.100628930818 500 0 0 0 0 0 0 0 0 0 0 0 0 0 0 0 0 0 0 0
"86" 86 0.044776119403 379 97 12 6 2 2 1 1 0 0 0 0 0 0 0 0 0 0 0 0
"87" 87 0.233576642336 228 130 128 12 1 1 0 0 0 0 0 0 0 0 0 0 0 0 0 0
"88" 88 0.0480769230769 500 0 0 0 0 0 0 0 0 0 0 0 0 0 0 0 0 0 0 0
"89" 89 0.0 498 2 0 0 0 0 0 0 0 0 0 0 0 0 0 0 0 0 0 0
"90" 90 0.223880597015 352 46 28 19 16 12 6 6 5 4 3 1 1 1 0 0 0 0 0 0
"91" 91 0.100775193798 190 110 76 66 25 15 9 8 1 0 0 0 0 0 0 0 0 0 0 0
"92" 92 0.0 500 0 0 0 0 0 0 0 0 0 0 0 0 0 0 0 0 0 0 0
"93" 93 0.214285714286 151 113 69 62 46 32 13 10 4 0 0 0 0 0 0 0 0 0 0 0
"94" 94 0.361313868613 132 88 35 34 33 29 23 22 22 21 19 16 14 4 3 2 2 1 0 0
"95" 95 0.0646766169154 496 3 1 0 0 0 0 0 0 0 0 0 0 0 0 0 0 0 0 0
"96" 96 0.0 500 0 0 0 0 0 0 0 0 0 0 0 0 0 0 0 0 0 0 0
"97" 97 0.00995024875622 273 217 4 3 2 1 0 0 0 0 0 0 0 0 0 0 0 0 0 0
"98" 98 0.430769230769 180 73 47 34 27 24 23 21 17 12 9 9 8 7 4 3 2 0 0 0
"99" 99 0.044776119403 495 3 2 0 0 0 0 0 0 0 0 0 0 0 0 0 0 0 0 0
"100" 100 0.00497512437811 500 0 0 0 0 0 0 0 0 0 0 0 0 0 0 0 0 0 0 0
"101" 101 0.107623318386 397 32 23 20 16 9 2 1 0 0 0 0 0 0 0 0 0 0 0 0
"102" 102 0.178832116788 491 2 2 2 1 1 1 0 0 0 0 0 0 0 0 0 0 0 0 0
"103" 103 0.00995024875622 498 2 0 0 0 0 0 0 0 0 0 0 0 0 0 0 0 0 0 0
"104" 104 0.0 350 149 1 0 0 0 0 0 0 0 0 0 0 0 0 0 0 0 0 0
"105" 105 0.0288461538462 500 0 0 0 0 0 0 0 0 0 0 0 0 0 0 0 0 0 0 0
"106" 106 0.0 497 3 0 0 0 0 0 0 0 0 0 0 0 0 0 0 0 0 0 0
"107" 107 0.0 500 0 0 0 0 0 0 0 0 0 0 0 0 0 0 0 0 0 0 0
"108" 108 0.168604651163 455 24 4 4 3 3 3 1 1 1 1 0 0 0 0 0 0 0 0 0
"109" 109 0.213930348259 449 30 10 4 2 2 1 1 1 0 0 0 0 0 0 0 0 0 0 0
"110" 110 0.0 251 245 4 0 0 0 0 0 0 0 0 0 0 0 0 0 0 0 0 0
"111" 111 0.167883211679 500 0 0 0 0 0 0 0 0 0 0 0 0 0 0 0 0 0 0 0
"112" 112 0.22480620155 193 99 51 41 34 27 16 15 9 7 4 3 1 0 0 0 0 0 0 0
"113" 113 0.0380228136882 420 80 0 0 0 0 0 0 0 0 0 0 0 0 0 0 0 0 0 0
"114" 114 0.252873563218 276 88 25 19 19 16 10 8 7 6 5 5 5 4 3 3 1 0 0 0
"115" 115 0.473214285714 256 61 50 48 30 23 13 8 3 3 3 1 1 0 0 0 0 0 0 0
"116" 116 0.178294573643 453 16 12 11 4 3 1 0 0 0 0 0 0 0 0 0 0 0 0 0
"117" 117 0.0298507462687 342 69 46 16 13 8 3 3 0 0 0 0 0 0 0 0 0 0 0 0
"118" 118 0.596899224806 123 97 83 48 45 31 25 17 7 7 7 6 3 1 0 0 0 0 0 0
"119" 119 0.846153846154 500 0 0 0 0 0 0 0 0 0 0 0 0 0 0 0 0 0 0 0
"120" 120 0.255813953488 175 108 99 97 9 3 3 2 1 1 1 1 0 0 0 0 0 0 0 0
"121" 121 0.616033755274 137 76 69 46 31 30 24 24 23 16 8 7 5 3 1 0 0 0 0 0
"122" 122 0.093023255814 495 4 1 0 0 0 0 0 0 0 0 0 0 0 0 0 0 0 0 0
"123" 123 0.260089686099 424 24 15 11 7 4 4 4 2 1 1 1 1 1 0 0 0 0 0 0
"124" 124 0.0203045685279 420 80 0 0 0 0 0 0 0 0 0 0 0 0 0 0 0 0 0 0
"125" 125 0.0646766169154 498 1 1 0 0 0 0 0 0 0 0 0 0 0 0 0 0 0 0 0
"126" 126 0.00518134715026 391 71 31 2 2 2 1 0 0 0 0 0 0 0 0 0 0 0 0 0
"127" 127 0.139534883721 290 107 102 1 0 0 0 0 0 0 0 0 0 0 0 0 0 0 0 0
"128" 128 0.332116788321 118 114 108 39 31 26 17 11 10 9 6 5 4 1 1 0 0 0 0 0
"129" 129 0.535864978903 122 114 56 32 31 28 28 22 17 10 10 7 7 6 4 3 2 1 0 0
"130" 130 0.122093023256 342 138 6 5 3 2 1 1 1 1 0 0 0 0 0 0 0 0 0 0
"131" 131 0.28488372093 379 71 16 10 10 6 4 3 1 0 0 0 0 0 0 0 0 0 0 0
"132" 132 0.761006289308 447 19 9 6 6 3 3 2 2 1 1 1 0 0 0 0 0 0 0 0
"133" 133 0.682692307692 500 0 0 0 0 0 0 0 0 0 0 0 0 0 0 0 0 0 0 0
"134" 134 0.1592039801 176 103 83 49 37 19 12 10 7 2 2 0 0 0 0 0 0 0 0 0
"135" 135 0.204379562044 255 107 67 34 23 5 4 2 2 1 0 0 0 0 0 0 0 0 0 0
"136" 136 0.410852713178 282 58 22 19 19 19 18 12 12 10 9 8 5 2 2 1 1 1 0 0
"137" 137 0.0497512437811 500 0 0 0 0 0 0 0 0 0 0 0 0 0 0 0 0 0 0 0
"138" 138 0.0 500 0 0 0 0 0 0 0 0 0 0 0 0 0 0 0 0 0 0 0
"139" 139 0.042194092827 290 48 38 33 17 15 11 11 10 10 6 3 3 3 2 0 0 0 0 0
"140" 140 0.163498098859 498 1 1 0 0 0 0 0 0 0 0 0 0 0 0 0 0 0 0 0
"141" 141 0.0 500 0 0 0 0 0 0 0 0 0 0 0 0 0 0 0 0 0 0 0
"142" 142 0.0 448 24 22 5 1 0 0 0 0 0 0 0 0 0 0 0 0 0 0 0
"143" 143 0.459854014599 144 79 61 48 32 29 28 24 20 9 7 7 6 5 1 0 0 0 0 0
"144" 144 0.132183908046 481 12 4 2 1 0 0 0 0 0 0 0 0 0 0 0 0 0 0 0
"145" 145 0.0 500 0 0 0 0 0 0 0 0 0 0 0 0 0 0 0 0 0 0 0
"146" 146 0.394230769231 500 0 0 0 0 0 0 0 0 0 0 0 0 0 0 0 0 0 0 0
"147" 147 0.0288461538462 486 13 1 0 0 0 0 0 0 0 0 0 0 0 0 0 0 0 0 0
"148" 148 0.496350364964 367 42 36 16 13 8 6 4 4 2 1 1 0 0 0 0 0 0 0 0
"149" 149 0.261538461538 385 23 19 17 14 12 11 10 3 2 2 2 0 0 0 0 0 0 0 0
"150" 150 0.200956937799 489 5 2 2 1 1 0 0 0 0 0 0 0 0 0 0 0 0 0 0
"151" 151 0.0985401459854 325 112 55 3 3 1 1 0 0 0 0 0 0 0 0 0 0 0 0 0
"152" 152 0.3536121673 214 70 39 33 31 28 18 18 11 10 10 9 4 3 1 1 0 0 0 0
"153" 153 0.0288461538462 273 207 20 0 0 0 0 0 0 0 0 0 0 0 0 0 0 0 0 0
"154" 154 0.572139303483 89 81 66 54 41 29 28 25 22 21 17 8 6 4 3 3 3 0 0 0
"155" 155 0.627615062762 128 65 57 48 32 25 25 23 22 19 14 10 9 7 6 5 3 2 0 0
"156" 156 0.316062176166 496 2 1 1 0 0 0 0 0 0 0 0 0 0 0 0 0 0 0 0
"157" 157 0.173076923077 388 61 19 9 5 4 4 4 3 2 1 0 0 0 0 0 0 0 0 0
"158" 158 0.177664974619 258 236 3 2 1 0 0 0 0 0 0 0 0 0 0 0 0 0 0 0
"159" 159 0.0796019900498 145 134 109 61 19 10 7 5 3 2 2 1 1 1 0 0 0 0 0 0
"160" 160 0.0995024875622 499 1 0 0 0 0 0 0 0 0 0 0 0 0 0 0 0 0 0 0
"161" 161 0.282700421941 411 68 14 2 1 1 1 1 1 0 0 0 0 0 0 0 0 0 0 0
"162" 162 0.308035714286 417 20 14 12 8 7 5 5 4 3 2 2 1 0 0 0 0 0 0 0
"163" 163 0.630769230769 114 74 66 50 40 34 30 21 21 20 11 9 5 3 2 0 0 0 0 0
"164" 164 0.435406698565 487 7 2 2 1 1 0 0 0 0 0 0 0 0 0 0 0 0 0 0
"165" 165 0.0747126436782 389 53 34 21 1 1 1 0 0 0 0 0 0 0 0 0 0 0 0 0
"166" 166 0.63503649635 391 26 17 12 11 10 9 8 6 4 3 1 1 1 0 0 0 0 0 0
"167" 167 0.627906976744 127 68 59 58 46 41 19 17 14 13 13 11 8 3 3 0 0 0 0 0
"168" 168 0.093023255814 493 5 2 0 0 0 0 0 0 0 0 0 0 0 0 0 0 0 0 0
"169" 169 0.673076923077 500 0 0 0 0 0 0 0 0 0 0 0 0 0 0 0 0 0 0 0
"170" 170 0.182692307692 500 0 0 0 0 0 0 0 0 0 0 0 0 0 0 0 0 0 0 0
"171" 171 0.00574712643678 487 6 5 2 0 0 0 0 0 0 0 0 0 0 0 0 0 0 0 0
"172" 172 0.0384615384615 458 20 12 3 2 2 1 1 1 0 0 0 0 0 0 0 0 0 0 0
"173" 173 0.34375 440 13 13 8 5 4 4 3 3 3 1 1 1 1 0 0 0 0 0 0
"174" 174 0.031007751938 499 1 0 0 0 0 0 0 0 0 0 0 0 0 0 0 0 0 0 0
"175" 175 0.0 500 0 0 0 0 0 0 0 0 0 0 0 0 0 0 0 0 0 0 0
"176" 176 0.481751824818 190 155 37 36 27 20 10 5 5 4 3 3 2 1 1 1 0 0 0 0
"177" 177 0.386861313869 330 105 15 15 8 7 4 4 4 3 2 2 1 0 0 0 0 0 0 0
"178" 178 0.124031007752 489 6 5 0 0 0 0 0 0 0 0 0 0 0 0 0 0 0 0 0
"179" 179 0.409282700422 308 69 66 22 10 8 4 4 4 2 2 1 0 0 0 0 0 0 0 0
"180" 180 0.627906976744 182 130 51 28 27 25 24 9 8 5 4 3 2 1 1 0 0 0 0 0
"181" 181 0.722627737226 126 117 92 31 29 26 24 18 9 9 6 5 5 2 1 0 0 0 0 0
"182" 182 0.22480620155 472 22 6 0 0 0 0 0 0 0 0 0 0 0 0 0 0 0 0 0
"183" 183 0.314465408805 485 3 3 2 2 2 1 1 1 0 0 0 0 0 0 0 0 0 0 0
"184" 184 0.885167464115 177 90 41 31 28 25 20 19 19 14 12 6 5 5 3 2 2 1 0 0
"185" 185 0.631178707224 109 68 60 38 37 36 23 18 18 17 15 14 12 9 8 7 6 5 0 0
"186" 186 0.199004975124 498 2 0 0 0 0 0 0 0 0 0 0 0 0 0 0 0 0 0 0
"187" 187 0.569620253165 315 62 25 18 15 14 14 10 8 8 3 2 2 2 1 1 0 0 0 0
"188" 188 0.0172413793103 496 3 1 0 0 0 0 0 0 0 0 0 0 0 0 0 0 0 0 0
"189" 189 0.0223214285714 309 64 63 29 12 8 7 6 2 0 0 0 0 0 0 0 0 0 0 0
"190" 190 0.0 500 0 0 0 0 0 0 0 0 0 0 0 0 0 0 0 0 0 0 0
"191" 191 0.0892857142857 127 91 86 74 40 19 15 14 7 6 6 4 4 3 3 1 0 0 0 0
"192" 192 0.0 498 2 0 0 0 0 0 0 0 0 0 0 0 0 0 0 0 0 0 0
"193" 193 0.434306569343 343 133 7 7 3 3 1 1 1 1 0 0 0 0 0 0 0 0 0 0
"194" 194 0.192052980132 431 46 12 6 2 2 1 0 0 0 0 0 0 0 0 0 0 0 0 0
"195" 195 0.164179104478 495 3 1 1 0 0 0 0 0 0 0 0 0 0 0 0 0 0 0 0
"196" 196 0.584821428571 144 56 49 45 45 43 24 19 17 15 11 9 8 7 3 2 2 1 0 0
"197" 197 0.138392857143 446 49 4 1 0 0 0 0 0 0 0 0 0 0 0 0 0 0 0 0
"198" 198 0.0 500 0 0 0 0 0 0 0 0 0 0 0 0 0 0 0 0 0 0 0
"199" 199 0.361607142857 155 87 69 42 42 27 25 15 14 8 8 4 3 1 0 0 0 0 0 0
"200" 200 0.375 131 95 93 44 37 32 20 17 16 10 2 2 1 0 0 0 0 0 0 0
"201" 201 0.0 500 0 0 0 0 0 0 0 0 0 0 0 0 0 0 0 0 0 0 0
"202" 202 0.139303482587 487 8 4 1 0 0 0 0 0 0 0 0 0 0 0 0 0 0 0 0
"203" 203 0.705357142857 127 71 61 43 42 41 25 23 21 15 12 9 4 3 1 1 1 0 0 0
"204" 204 0.124031007752 494 6 0 0 0 0 0 0 0 0 0 0 0 0 0 0 0 0 0 0
"205" 205 0.269230769231 500 0 0 0 0 0 0 0 0 0 0 0 0 0 0 0 0 0 0 0
"206" 206 0.0387596899225 500 0 0 0 0 0 0 0 0 0 0 0 0 0 0 0 0 0 0 0
"207" 207 0.269430051813 368 99 11 8 5 4 2 1 1 1 0 0 0 0 0 0 0 0 0 0
"208" 208 0.164179104478 190 99 76 28 25 25 24 15 5 3 3 3 2 1 1 0 0 0 0 0
"209" 209 0.0 493 7 0 0 0 0 0 0 0 0 0 0 0 0 0 0 0 0 0 0
"210" 210 0.0149253731343 219 88 67 43 20 18 11 9 9 4 3 3 3 1 1 1 0 0 0 0
"211" 211 0.00995024875622 500 0 0 0 0 0 0 0 0 0 0 0 0 0 0 0 0 0 0 0
"212" 212 0.145077720207 163 64 61 35 32 28 25 16 14 14 13 12 6 5 4 4 3 1 0 0
"213" 213 0.389743589744 173 155 38 36 29 24 22 11 6 3 3 0 0 0 0 0 0 0 0 0
"214" 214 0.092050209205 500 0 0 0 0 0 0 0 0 0 0 0 0 0 0 0 0 0 0 0
"215" 215 0.522012578616 479 7 3 3 2 1 1 1 1 1 1 0 0 0 0 0 0 0 0 0
"216" 216 0.273631840796 317 44 30 22 16 11 10 9 9 8 6 5 4 4 2 1 1 1 0 0
"217" 217 0.589285714286 119 83 53 44 38 31 23 22 21 20 17 10 8 6 2 2 1 0 0 0
"218" 218 0.170542635659 155 83 69 65 46 36 28 9 4 2 1 1 1 0 0 0 0 0 0 0
"219" 219 0.0497512437811 238 140 61 32 9 8 5 4 3 0 0 0 0 0 0 0 0 0 0 0
"220" 220 0.510948905109 131 82 74 64 38 29 19 18 12 11 5 5 4 2 2 2 1 1 0 0
"221" 221 0.227678571429 428 20 15 14 7 7 2 2 2 1 1 1 0 0 0 0 0 0 0 0
"222" 222 0.0 498 2 0 0 0 0 0 0 0 0 0 0 0 0 0 0 0 0 0 0
"223" 223 0.183908045977 493 5 1 1 0 0 0 0 0 0 0 0 0 0 0 0 0 0 0 0
"224" 224 0.598540145985 409 27 12 12 10 6 5 5 4 3 3 3 1 0 0 0 0 0 0 0
"225" 225 0.321167883212 190 111 106 41 10 9 8 8 5 3 3 2 2 1 1 0 0 0 0 0
"226" 226 0.00574712643678 491 7 1 1 0 0 0 0 0 0 0 0 0 0 0 0 0 0 0 0
"227" 227 0.557692307692 370 112 15 2 1 0 0 0 0 0 0 0 0 0 0 0 0 0 0 0
"228" 228 0.653846153846 500 0 0 0 0 0 0 0 0 0 0 0 0 0 0 0 0 0 0 0
"229" 229 0.580291970803 129 78 72 59 39 33 24 23 19 10 9 2 2 1 0 0 0 0 0 0
"230" 230 0.132183908046 268 132 58 23 9 7 2 1 0 0 0 0 0 0 0 0 0 0 0 0
"231" 231 0.295597484277 477 10 10 2 1 0 0 0 0 0 0 0 0 0 0 0 0 0 0 0
"232" 232 0.0199004975124 499 1 0 0 0 0 0 0 0 0 0 0 0 0 0 0 0 0 0 0
"233" 233 0.03125 299 170 13 8 3 3 2 2 0 0 0 0 0 0 0 0 0 0 0 0
"234" 234 0.0077519379845 311 64 56 39 19 6 3 1 1 0 0 0 0 0 0 0 0 0 0 0
"235" 235 0.152317880795 133 127 111 33 25 14 12 10 8 7 7 5 4 2 1 1 0 0 0 0
"236" 236 0.163461538462 500 0 0 0 0 0 0 0 0 0 0 0 0 0 0 0 0 0 0 0
"237" 237 0.605128205128 265 123 49 24 14 7 7 4 4 2 1 0 0 0 0 0 0 0 0 0
"238" 238 0.133027522936 208 118 77 35 27 14 7 6 6 1 1 0 0 0 0 0 0 0 0 0
"239" 239 0.348837209302 416 53 11 7 5 2 2 1 1 1 1 0 0 0 0 0 0 0 0 0
"240" 240 0.373134328358 480 7 4 3 3 1 1 1 0 0 0 0 0 0 0 0 0 0 0 0
"241" 241 0.71875 169 72 48 39 37 31 31 17 15 9 8 8 7 6 2 1 0 0 0 0
"242" 242 0.507299270073 104 85 51 41 39 36 35 31 17 17 14 14 7 5 2 2 0 0 0 0
"243" 243 0.0 445 42 13 0 0 0 0 0 0 0 0 0 0 0 0 0 0 0 0 0
"244" 244 0.413502109705 250 98 72 26 17 12 8 5 3 3 2 2 1 1 0 0 0 0 0 0
"245" 245 0.170542635659 184 78 50 43 24 21 20 20 14 12 9 7 6 4 4 2 2 0 0 0
"246" 246 0.0077519379845 425 22 22 7 5 5 4 4 2 2 1 1 0 0 0 0 0 0 0 0
"247" 247 0.0387596899225 493 6 1 0 0 0 0 0 0 0 0 0 0 0 0 0 0 0 0 0
"248" 248 0.589285714286 95 83 74 60 54 47 25 22 14 12 5 4 2 1 1 1 0 0 0 0
"249" 249 0.162790697674 437 47 5 4 3 2 1 1 0 0 0 0 0 0 0 0 0 0 0 0
"250" 250 0.221153846154 500 0 0 0 0 0 0 0 0 0 0 0 0 0 0 0 0 0 0 0
"251" 251 0.00574712643678 459 33 7 1 0 0 0 0 0 0 0 0 0 0 0 0 0 0 0 0
"252" 252 0.19170984456 344 142 3 2 2 2 2 1 1 1 0 0 0 0 0 0 0 0 0 0
"253" 253 0.285171102662 397 98 5 0 0 0 0 0 0 0 0 0 0 0 0 0 0 0 0 0
"254" 254 0.0 499 1 0 0 0 0 0 0 0 0 0 0 0 0 0 0 0 0 0 0
"255" 255 0.0198675496689 293 62 51 38 23 17 12 2 2 0 0 0 0 0 0 0 0 0 0 0
"256" 256 0.0 498 2 0 0 0 0 0 0 0 0 0 0 0 0 0 0 0 0 0 0
"257" 257 0.134615384615 120 120 90 46 45 17 15 12 12 8 3 2 2 2 2 2 1 1 0 0
"258" 258 0.147286821705 210 78 52 45 40 28 14 12 6 5 4 3 2 1 0 0 0 0 0 0
"259" 259 0.0 499 1 0 0 0 0 0 0 0 0 0 0 0 0 0 0 0 0 0 0
"260" 260 0.0290697674419 498 1 1 0 0 0 0 0 0 0 0 0 0 0 0 0 0 0 0 0
"261" 261 0.641148325359 161 107 98 44 29 26 17 7 5 3 1 1 1 0 0 0 0 0 0 0
"262" 262 0.523178807947 274 52 47 46 18 18 14 11 6 5 4 3 2 0 0 0 0 0 0 0
"263" 263 0.0697674418605 487 11 2 0 0 0 0 0 0 0 0 0 0 0 0 0 0 0 0 0
"264" 264 0.527426160338 161 78 55 47 28 24 21 14 14 13 10 10 9 6 4 2 2 2 0 0
"265" 265 0.387596899225 263 195 19 7 5 5 2 1 1 1 1 0 0 0 0 0 0 0 0 0
"266" 266 0.00497512437811 500 0 0 0 0 0 0 0 0 0 0 0 0 0 0 0 0 0 0 0
"267" 267 0.414507772021 177 168 42 33 16 16 12 9 7 6 6 3 2 2 1 0 0 0 0 0
"268" 268 0.0199004975124 498 2 0 0 0 0 0 0 0 0 0 0 0 0 0 0 0 0 0 0
"269" 269 0.17880794702 162 122 78 65 30 8 8 7 6 6 4 2 1 1 0 0 0 0 0 0
"270" 270 0.0746268656716 230 119 94 25 10 9 7 4 1 1 0 0 0 0 0 0 0 0 0 0
"271" 271 0.557213930348 164 101 70 37 30 21 19 15 10 10 5 5 4 3 3 2 1 0 0 0
"272" 272 0.258620689655 376 91 15 11 3 2 1 1 0 0 0 0 0 0 0 0 0 0 0 0
"273" 273 0.350574712644 159 157 46 37 20 20 15 10 9 7 6 6 4 3 1 0 0 0 0 0
"274" 274 0.824817518248 114 85 70 58 49 36 23 19 18 7 7 4 3 3 2 1 1 0 0 0
"275" 275 1.0 451 21 19 7 1 1 0 0 0 0 0 0 0 0 0 0 0 0 0 0
