"site" "RSA" "aa1" "aa2" "aa3" "aa4" "aa5" "aa6" "aa7" "aa8" "aa9" "aa10" "aa11" "aa12" "aa13" "aa14" "aa15" "aa16" "aa17" "aa18" "aa19" "aa20"
"0" 0 0.283582089552 23 8 1 1 0 0 0 0 0 0 0 0 0 0 0 0 0 0 0 0
"1" 1 0.171532846715 24 12 2 0 0 0 0 0 0 0 0 0 0 0 0 0 0 0 0 0
"2" 2 0.0 21 14 2 1 0 0 0 0 0 0 0 0 0 0 0 0 0 0 0 0
"3" 3 0.0 36 1 1 0 0 0 0 0 0 0 0 0 0 0 0 0 0 0 0 0
"4" 4 0.0 38 0 0 0 0 0 0 0 0 0 0 0 0 0 0 0 0 0 0 0
"5" 5 0.100775193798 20 10 8 0 0 0 0 0 0 0 0 0 0 0 0 0 0 0 0 0
"6" 6 0.0287356321839 31 5 2 0 0 0 0 0 0 0 0 0 0 0 0 0 0 0 0 0
"7" 7 0.282700421941 38 0 0 0 0 0 0 0 0 0 0 0 0 0 0 0 0 0 0 0
"8" 8 0.244525547445 37 1 0 0 0 0 0 0 0 0 0 0 0 0 0 0 0 0 0 0
"9" 9 0.00574712643678 33 2 2 1 0 0 0 0 0 0 0 0 0 0 0 0 0 0 0 0
"10" 10 0.106598984772 22 15 1 0 0 0 0 0 0 0 0 0 0 0 0 0 0 0 0 0
"11" 11 0.124352331606 39 0 0 0 0 0 0 0 0 0 0 0 0 0 0 0 0 0 0 0
"12" 12 0.661596958175 36 2 2 0 0 0 0 0 0 0 0 0 0 0 0 0 0 0 0 0
"13" 13 0.573643410853 24 16 0 0 0 0 0 0 0 0 0 0 0 0 0 0 0 0 0 0
"14" 14 0.270114942529 39 1 0 0 0 0 0 0 0 0 0 0 0 0 0 0 0 0 0 0
"15" 15 0.814345991561 37 2 1 0 0 0 0 0 0 0 0 0 0 0 0 0 0 0 0 0
"16" 16 0.456852791878 22 12 4 2 0 0 0 0 0 0 0 0 0 0 0 0 0 0 0 0
"17" 17 0.580291970803 40 0 0 0 0 0 0 0 0 0 0 0 0 0 0 0 0 0 0 0
"18" 18 0.132183908046 39 1 0 0 0 0 0 0 0 0 0 0 0 0 0 0 0 0 0 0
"19" 19 0.286919831224 35 3 2 0 0 0 0 0 0 0 0 0 0 0 0 0 0 0 0 0
"20" 20 0.817610062893 13 12 11 2 1 1 0 0 0 0 0 0 0 0 0 0 0 0 0 0
"21" 21 0.502590673575 38 1 1 0 0 0 0 0 0 0 0 0 0 0 0 0 0 0 0 0
"22" 22 0.43795620438 16 9 7 5 2 1 0 0 0 0 0 0 0 0 0 0 0 0 0 0
"23" 23 0.424418604651 20 16 3 1 0 0 0 0 0 0 0 0 0 0 0 0 0 0 0 0
"24" 24 0.0480769230769 35 2 2 1 0 0 0 0 0 0 0 0 0 0 0 0 0 0 0 0
"25" 25 0.264367816092 38 2 0 0 0 0 0 0 0 0 0 0 0 0 0 0 0 0 0 0
"26" 26 0.16091954023 22 9 9 0 0 0 0 0 0 0 0 0 0 0 0 0 0 0 0 0
"27" 27 0.325581395349 22 14 2 2 0 0 0 0 0 0 0 0 0 0 0 0 0 0 0 0
"28" 28 0.730569948187 18 7 3 3 2 2 1 0 0 0 0 0 0 0 0 0 0 0 0 0
"29" 29 0.884615384615 28 11 1 0 0 0 0 0 0 0 0 0 0 0 0 0 0 0 0 0
"30" 30 0.166666666667 38 1 1 0 0 0 0 0 0 0 0 0 0 0 0 0 0 0 0 0
"31" 31 0.535864978903 39 1 0 0 0 0 0 0 0 0 0 0 0 0 0 0 0 0 0 0
"32" 32 0.191387559809 24 13 2 1 0 0 0 0 0 0 0 0 0 0 0 0 0 0 0 0
"33" 33 0.192052980132 33 7 1 0 0 0 0 0 0 0 0 0 0 0 0 0 0 0 0 0
"34" 34 0.0366972477064 35 3 3 0 0 0 0 0 0 0 0 0 0 0 0 0 0 0 0 0
"35" 35 0.00512820512821 41 0 0 0 0 0 0 0 0 0 0 0 0 0 0 0 0 0 0 0
"36" 36 0.182389937107 41 0 0 0 0 0 0 0 0 0 0 0 0 0 0 0 0 0 0 0
"37" 37 0.092050209205 41 0 0 0 0 0 0 0 0 0 0 0 0 0 0 0 0 0 0 0
"38" 38 0.0443037974684 26 15 0 0 0 0 0 0 0 0 0 0 0 0 0 0 0 0 0 0
"39" 39 0.303571428571 41 0 0 0 0 0 0 0 0 0 0 0 0 0 0 0 0 0 0 0
"40" 40 0.0304568527919 39 2 0 0 0 0 0 0 0 0 0 0 0 0 0 0 0 0 0 0
"41" 41 0.0 40 1 0 0 0 0 0 0 0 0 0 0 0 0 0 0 0 0 0 0
"42" 42 0.00574712643678 35 3 2 1 0 0 0 0 0 0 0 0 0 0 0 0 0 0 0 0
"43" 43 0.0178571428571 41 0 0 0 0 0 0 0 0 0 0 0 0 0 0 0 0 0 0 0
"44" 44 0.0267857142857 41 0 0 0 0 0 0 0 0 0 0 0 0 0 0 0 0 0 0 0
"45" 45 0.0 40 1 0 0 0 0 0 0 0 0 0 0 0 0 0 0 0 0 0 0
"46" 46 0.0172413793103 24 11 4 1 1 0 0 0 0 0 0 0 0 0 0 0 0 0 0 0
"47" 47 0.306569343066 40 1 0 0 0 0 0 0 0 0 0 0 0 0 0 0 0 0 0 0
"48" 48 0.00995024875622 32 4 4 1 0 0 0 0 0 0 0 0 0 0 0 0 0 0 0 0
"49" 49 0.206751054852 33 7 1 0 0 0 0 0 0 0 0 0 0 0 0 0 0 0 0 0
"50" 50 0.522321428571 40 1 0 0 0 0 0 0 0 0 0 0 0 0 0 0 0 0 0 0
"51" 51 0.493670886076 23 14 2 1 1 0 0 0 0 0 0 0 0 0 0 0 0 0 0 0
"52" 52 0.810126582278 26 10 3 1 1 0 0 0 0 0 0 0 0 0 0 0 0 0 0 0
"53" 53 0.358208955224 11 9 7 4 4 2 1 1 1 1 0 0 0 0 0 0 0 0 0 0
"54" 54 0.0402298850575 26 11 3 1 0 0 0 0 0 0 0 0 0 0 0 0 0 0 0 0
"55" 55 0.721518987342 16 10 6 4 2 1 1 1 0 0 0 0 0 0 0 0 0 0 0 0
"56" 56 0.205357142857 36 2 1 1 1 0 0 0 0 0 0 0 0 0 0 0 0 0 0 0
"57" 57 0.0 21 20 0 0 0 0 0 0 0 0 0 0 0 0 0 0 0 0 0 0
"58" 58 0.0 22 14 3 1 1 0 0 0 0 0 0 0 0 0 0 0 0 0 0 0
"59" 59 0.0077519379845 24 13 2 2 0 0 0 0 0 0 0 0 0 0 0 0 0 0 0 0
"60" 60 0.0114942528736 38 1 1 1 0 0 0 0 0 0 0 0 0 0 0 0 0 0 0 0
"61" 61 0.0198675496689 38 3 1 0 0 0 0 0 0 0 0 0 0 0 0 0 0 0 0 0
"62" 62 0.126582278481 17 10 7 4 3 1 0 0 0 0 0 0 0 0 0 0 0 0 0 0
"63" 63 0.0288461538462 41 1 0 0 0 0 0 0 0 0 0 0 0 0 0 0 0 0 0 0
"64" 64 0.138364779874 29 5 2 2 1 1 1 1 0 0 0 0 0 0 0 0 0 0 0 0
"65" 65 0.348837209302 12 9 6 6 3 3 1 1 1 0 0 0 0 0 0 0 0 0 0 0
"66" 66 0.412556053812 19 9 6 4 1 1 1 1 0 0 0 0 0 0 0 0 0 0 0 0
"67" 67 0.0253164556962 20 13 6 2 1 0 0 0 0 0 0 0 0 0 0 0 0 0 0 0
"68" 68 0.210762331839 30 5 2 1 1 1 1 1 0 0 0 0 0 0 0 0 0 0 0 0
"69" 69 0.53125 32 9 1 0 0 0 0 0 0 0 0 0 0 0 0 0 0 0 0 0
"70" 70 0.0406976744186 25 8 5 1 1 1 1 0 0 0 0 0 0 0 0 0 0 0 0 0
"71" 71 0.0 23 18 1 0 0 0 0 0 0 0 0 0 0 0 0 0 0 0 0 0
"72" 72 0.171532846715 40 2 0 0 0 0 0 0 0 0 0 0 0 0 0 0 0 0 0 0
"73" 73 0.372093023256 39 1 1 1 0 0 0 0 0 0 0 0 0 0 0 0 0 0 0 0
"74" 74 0.0 37 4 1 0 0 0 0 0 0 0 0 0 0 0 0 0 0 0 0 0
"75" 75 0.0 36 3 1 1 1 0 0 0 0 0 0 0 0 0 0 0 0 0 0 0
"76" 76 0.062015503876 39 2 1 0 0 0 0 0 0 0 0 0 0 0 0 0 0 0 0 0
"77" 77 0.0550458715596 30 7 4 1 0 0 0 0 0 0 0 0 0 0 0 0 0 0 0 0
"78" 78 0.144230769231 42 0 0 0 0 0 0 0 0 0 0 0 0 0 0 0 0 0 0 0
"79" 79 0.0077519379845 39 1 1 1 0 0 0 0 0 0 0 0 0 0 0 0 0 0 0 0
"80" 80 0.295336787565 42 0 0 0 0 0 0 0 0 0 0 0 0 0 0 0 0 0 0 0
"81" 81 0.211678832117 35 3 2 1 1 0 0 0 0 0 0 0 0 0 0 0 0 0 0 0
"82" 82 0.00961538461538 25 16 1 0 0 0 0 0 0 0 0 0 0 0 0 0 0 0 0 0
"83" 83 0.00507614213198 35 6 1 0 0 0 0 0 0 0 0 0 0 0 0 0 0 0 0 0
"84" 84 0.0 22 16 3 1 0 0 0 0 0 0 0 0 0 0 0 0 0 0 0 0
"85" 85 0.0 32 10 0 0 0 0 0 0 0 0 0 0 0 0 0 0 0 0 0 0
"86" 86 0.308035714286 12 1 1 1 0 0 0 0 0 0 0 0 0 0 0 0 0 0 0 0
"87" 87 0.0114942528736 8 3 1 1 1 1 0 0 0 0 0 0 0 0 0 0 0 0 0 0
"88" 88 0.389937106918 7 4 1 1 1 0 0 0 0 0 0 0 0 0 0 0 0 0 0 0
"89" 89 0.572327044025 5 3 2 1 1 1 0 0 0 0 0 0 0 0 0 0 0 0 0 0
"90" 90 0.511627906977 14 8 4 4 2 2 2 1 1 1 1 1 0 0 0 0 0 0 0 0
"91" 91 0.433035714286 22 7 4 3 3 1 1 0 0 0 0 0 0 0 0 0 0 0 0 0
"92" 92 0.162790697674 14 7 4 4 3 2 1 1 1 0 0 0 0 0 0 0 0 0 0 0
"93" 93 0.584821428571 16 8 7 4 2 1 1 1 1 0 0 0 0 0 0 0 0 0 0 0
"94" 94 0.576642335766 8 6 4 3 3 3 2 2 2 2 2 2 1 1 0 0 0 0 0 0
"95" 95 0.189054726368 20 8 2 2 2 2 1 1 0 0 0 0 0 0 0 0 0 0 0 0
"96" 96 0.163461538462 20 11 4 2 1 1 1 1 0 0 0 0 0 0 0 0 0 0 0 0
"97" 97 0.0754716981132 37 5 0 0 0 0 0 0 0 0 0 0 0 0 0 0 0 0 0 0
"98" 98 0.338308457711 38 3 1 0 0 0 0 0 0 0 0 0 0 0 0 0 0 0 0 0
"99" 99 0.0313901345291 17 8 5 4 4 2 1 1 0 0 0 0 0 0 0 0 0 0 0 0
"100" 100 0.172413793103 37 5 0 0 0 0 0 0 0 0 0 0 0 0 0 0 0 0 0 0
"101" 101 0.0 34 8 0 0 0 0 0 0 0 0 0 0 0 0 0 0 0 0 0 0
"102" 102 0.36496350365 38 3 1 0 0 0 0 0 0 0 0 0 0 0 0 0 0 0 0 0
"103" 103 0.0229885057471 19 14 5 2 1 1 0 0 0 0 0 0 0 0 0 0 0 0 0 0
"104" 104 0.00995024875622 38 3 1 0 0 0 0 0 0 0 0 0 0 0 0 0 0 0 0 0
"105" 105 0.031007751938 23 14 4 1 0 0 0 0 0 0 0 0 0 0 0 0 0 0 0 0
"106" 106 0.215189873418 20 13 4 2 1 1 1 0 0 0 0 0 0 0 0 0 0 0 0 0
"107" 107 0.0 18 16 6 2 0 0 0 0 0 0 0 0 0 0 0 0 0 0 0 0
"108" 108 0.0077519379845 19 17 3 1 1 1 0 0 0 0 0 0 0 0 0 0 0 0 0 0
"109" 109 0.59375 18 14 4 2 2 1 1 0 0 0 0 0 0 0 0 0 0 0 0 0
"110" 110 0.438818565401 14 7 7 4 4 4 1 1 0 0 0 0 0 0 0 0 0 0 0 0
"111" 111 0.0848214285714 38 3 1 0 0 0 0 0 0 0 0 0 0 0 0 0 0 0 0 0
"112" 112 0.645569620253 12 12 5 4 4 2 1 1 1 0 0 0 0 0 0 0 0 0 0 0
"113" 113 0.0344827586207 27 7 5 1 1 1 0 0 0 0 0 0 0 0 0 0 0 0 0 0
"114" 114 0.305699481865 15 11 7 3 3 3 0 0 0 0 0 0 0 0 0 0 0 0 0 0
"115" 115 0.00497512437811 37 3 2 0 0 0 0 0 0 0 0 0 0 0 0 0 0 0 0 0
"116" 116 0.0 26 14 2 0 0 0 0 0 0 0 0 0 0 0 0 0 0 0 0 0
"117" 117 0.00497512437811 31 7 4 0 0 0 0 0 0 0 0 0 0 0 0 0 0 0 0 0
"118" 118 0.0348258706468 33 4 3 1 1 0 0 0 0 0 0 0 0 0 0 0 0 0 0 0
"119" 119 0.125 42 0 0 0 0 0 0 0 0 0 0 0 0 0 0 0 0 0 0 0
"120" 120 0.206751054852 42 0 0 0 0 0 0 0 0 0 0 0 0 0 0 0 0 0 0 0
"121" 121 0.219730941704 42 0 0 0 0 0 0 0 0 0 0 0 0 0 0 0 0 0 0 0
"122" 122 0.100775193798 35 7 0 0 0 0 0 0 0 0 0 0 0 0 0 0 0 0 0 0
"123" 123 0.243654822335 42 0 0 0 0 0 0 0 0 0 0 0 0 0 0 0 0 0 0 0
"124" 124 0.39896373057 42 0 0 0 0 0 0 0 0 0 0 0 0 0 0 0 0 0 0 0
"125" 125 0.316062176166 32 6 4 0 0 0 0 0 0 0 0 0 0 0 0 0 0 0 0 0
"126" 126 0.497409326425 42 0 0 0 0 0 0 0 0 0 0 0 0 0 0 0 0 0 0 0
"127" 127 0.272151898734 11 11 11 7 1 1 0 0 0 0 0 0 0 0 0 0 0 0 0 0
"128" 128 0.194871794872 38 2 2 0 0 0 0 0 0 0 0 0 0 0 0 0 0 0 0 0
"129" 129 0.390134529148 39 3 0 0 0 0 0 0 0 0 0 0 0 0 0 0 0 0 0 0
"130" 130 0.197674418605 41 1 0 0 0 0 0 0 0 0 0 0 0 0 0 0 0 0 0 0
"131" 131 0.0288461538462 36 5 1 0 0 0 0 0 0 0 0 0 0 0 0 0 0 0 0 0
"132" 132 0.215246636771 41 1 0 0 0 0 0 0 0 0 0 0 0 0 0 0 0 0 0 0
"133" 133 0.275229357798 42 0 0 0 0 0 0 0 0 0 0 0 0 0 0 0 0 0 0 0
"134" 134 0.0 32 6 3 1 0 0 0 0 0 0 0 0 0 0 0 0 0 0 0 0
"135" 135 0.0 37 3 2 0 0 0 0 0 0 0 0 0 0 0 0 0 0 0 0 0
"136" 136 0.423076923077 29 12 1 0 0 0 0 0 0 0 0 0 0 0 0 0 0 0 0 0
"137" 137 0.330543933054 38 3 1 0 0 0 0 0 0 0 0 0 0 0 0 0 0 0 0 0
"138" 138 0.109452736318 33 6 3 0 0 0 0 0 0 0 0 0 0 0 0 0 0 0 0 0
"139" 139 0.772020725389 21 11 6 2 1 1 0 0 0 0 0 0 0 0 0 0 0 0 0 0
"140" 140 0.170212765957 32 3 3 1 1 1 1 0 0 0 0 0 0 0 0 0 0 0 0 0
"141" 141 0.301886792453 29 6 5 2 0 0 0 0 0 0 0 0 0 0 0 0 0 0 0 0
"142" 142 0.367713004484 41 1 0 0 0 0 0 0 0 0 0 0 0 0 0 0 0 0 0 0
"143" 143 0.0 22 20 0 0 0 0 0 0 0 0 0 0 0 0 0 0 0 0 0 0
"144" 144 0.0348837209302 39 1 1 1 0 0 0 0 0 0 0 0 0 0 0 0 0 0 0 0
"145" 145 0.192468619247 36 5 1 0 0 0 0 0 0 0 0 0 0 0 0 0 0 0 0 0
"146" 146 0.0 39 2 1 0 0 0 0 0 0 0 0 0 0 0 0 0 0 0 0 0
"147" 147 0.0860927152318 39 1 1 1 0 0 0 0 0 0 0 0 0 0 0 0 0 0 0 0
"148" 148 0.367713004484 27 10 2 2 1 0 0 0 0 0 0 0 0 0 0 0 0 0 0 0
"149" 149 0.0229885057471 26 9 7 0 0 0 0 0 0 0 0 0 0 0 0 0 0 0 0 0
"150" 150 0.226744186047 16 8 6 4 3 3 2 0 0 0 0 0 0 0 0 0 0 0 0 0
"151" 151 0.114427860697 12 12 9 4 2 1 1 1 0 0 0 0 0 0 0 0 0 0 0 0
"152" 152 0.433035714286 12 12 8 3 2 2 1 1 1 0 0 0 0 0 0 0 0 0 0 0
"153" 153 0.625 17 12 4 3 2 2 1 1 0 0 0 0 0 0 0 0 0 0 0 0
"154" 154 0.528497409326 16 16 2 2 2 2 1 1 0 0 0 0 0 0 0 0 0 0 0 0
"155" 155 0.244725738397 24 4 2 2 2 2 2 1 1 1 1 0 0 0 0 0 0 0 0 0
"156" 156 0.0 15 11 10 3 2 1 0 0 0 0 0 0 0 0 0 0 0 0 0 0
"157" 157 0.35864978903 14 11 3 3 3 3 2 1 1 1 0 0 0 0 0 0 0 0 0 0
"158" 158 0.0 40 1 1 0 0 0 0 0 0 0 0 0 0 0 0 0 0 0 0 0
"159" 159 0.290178571429 30 4 3 2 1 1 1 0 0 0 0 0 0 0 0 0 0 0 0 0
"160" 160 0.131386861314 41 1 0 0 0 0 0 0 0 0 0 0 0 0 0 0 0 0 0 0
"161" 161 0.254464285714 42 0 0 0 0 0 0 0 0 0 0 0 0 0 0 0 0 0 0 0
"162" 162 0.319796954315 25 17 0 0 0 0 0 0 0 0 0 0 0 0 0 0 0 0 0 0
"163" 163 0.943005181347 42 0 0 0 0 0 0 0 0 0 0 0 0 0 0 0 0 0 0 0
"164" 164 0.817307692308 42 0 0 0 0 0 0 0 0 0 0 0 0 0 0 0 0 0 0 0
"165" 165 0.326923076923 42 0 0 0 0 0 0 0 0 0 0 0 0 0 0 0 0 0 0 0
"166" 166 0.437810945274 38 2 1 1 0 0 0 0 0 0 0 0 0 0 0 0 0 0 0 0
"167" 167 0.321428571429 24 15 1 1 1 0 0 0 0 0 0 0 0 0 0 0 0 0 0 0
"168" 168 0.459302325581 32 6 1 1 1 1 0 0 0 0 0 0 0 0 0 0 0 0 0 0
"169" 169 0.28855721393 21 14 7 0 0 0 0 0 0 0 0 0 0 0 0 0 0 0 0 0
"170" 170 0.64598540146 12 11 6 4 3 2 2 1 1 0 0 0 0 0 0 0 0 0 0 0
"171" 171 0.0796019900498 27 7 2 2 1 1 1 1 0 0 0 0 0 0 0 0 0 0 0 0
"172" 172 0.582278481013 20 8 5 3 3 2 1 0 0 0 0 0 0 0 0 0 0 0 0 0
"173" 173 0.174129353234 32 5 2 1 1 1 0 0 0 0 0 0 0 0 0 0 0 0 0 0
"174" 174 0.276729559748 42 0 0 0 0 0 0 0 0 0 0 0 0 0 0 0 0 0 0 0
"175" 175 0.0 33 2 2 2 1 1 1 0 0 0 0 0 0 0 0 0 0 0 0 0
"176" 176 0.0 26 16 0 0 0 0 0 0 0 0 0 0 0 0 0 0 0 0 0 0
"177" 177 0.0 28 10 4 0 0 0 0 0 0 0 0 0 0 0 0 0 0 0 0 0
"178" 178 0.00581395348837 36 6 0 0 0 0 0 0 0 0 0 0 0 0 0 0 0 0 0 0
"179" 179 0.0 27 13 1 1 0 0 0 0 0 0 0 0 0 0 0 0 0 0 0 0
"180" 180 0.0777202072539 42 0 0 0 0 0 0 0 0 0 0 0 0 0 0 0 0 0 0 0
"181" 181 0.492537313433 42 0 0 0 0 0 0 0 0 0 0 0 0 0 0 0 0 0 0 0
"182" 182 0.664233576642 42 0 0 0 0 0 0 0 0 0 0 0 0 0 0 0 0 0 0 0
"183" 183 0.0597014925373 42 0 0 0 0 0 0 0 0 0 0 0 0 0 0 0 0 0 0 0
"184" 184 0.0871794871795 42 0 0 0 0 0 0 0 0 0 0 0 0 0 0 0 0 0 0 0
"185" 185 0.741071428571 36 3 2 1 0 0 0 0 0 0 0 0 0 0 0 0 0 0 0 0
"186" 186 0.201257861635 42 0 0 0 0 0 0 0 0 0 0 0 0 0 0 0 0 0 0 0
"187" 187 0.273722627737 42 0 0 0 0 0 0 0 0 0 0 0 0 0 0 0 0 0 0 0
"188" 188 0.817490494297 40 2 0 0 0 0 0 0 0 0 0 0 0 0 0 0 0 0 0 0
"189" 189 0.232558139535 37 4 1 0 0 0 0 0 0 0 0 0 0 0 0 0 0 0 0 0
"190" 190 0.424418604651 25 16 1 0 0 0 0 0 0 0 0 0 0 0 0 0 0 0 0 0
"191" 191 0.666666666667 42 0 0 0 0 0 0 0 0 0 0 0 0 0 0 0 0 0 0 0
"192" 192 0.440251572327 41 1 0 0 0 0 0 0 0 0 0 0 0 0 0 0 0 0 0 0
"193" 193 0.333333333333 42 0 0 0 0 0 0 0 0 0 0 0 0 0 0 0 0 0 0 0
"194" 194 0.375634517766 42 0 0 0 0 0 0 0 0 0 0 0 0 0 0 0 0 0 0 0
"195" 195 0.467889908257 41 1 0 0 0 0 0 0 0 0 0 0 0 0 0 0 0 0 0 0
"196" 196 0.556962025316 42 0 0 0 0 0 0 0 0 0 0 0 0 0 0 0 0 0 0 0
"197" 197 0.015503875969 41 1 0 0 0 0 0 0 0 0 0 0 0 0 0 0 0 0 0 0
"198" 198 0.518987341772 40 2 0 0 0 0 0 0 0 0 0 0 0 0 0 0 0 0 0 0
"199" 199 0.696202531646 35 5 2 0 0 0 0 0 0 0 0 0 0 0 0 0 0 0 0 0
"200" 200 0.274261603376 40 1 1 0 0 0 0 0 0 0 0 0 0 0 0 0 0 0 0 0
"201" 201 0.620253164557 28 7 2 2 2 1 0 0 0 0 0 0 0 0 0 0 0 0 0 0
"202" 202 0.0456852791878 22 17 1 1 1 0 0 0 0 0 0 0 0 0 0 0 0 0 0 0
"203" 203 0.379464285714 18 10 7 5 1 1 0 0 0 0 0 0 0 0 0 0 0 0 0 0
"204" 204 0.367816091954 11 11 7 6 2 2 1 1 1 0 0 0 0 0 0 0 0 0 0 0
"205" 205 0.0964467005076 13 11 5 3 2 2 2 1 1 1 1 0 0 0 0 0 0 0 0 0
"206" 206 0.464135021097 14 13 7 6 1 1 0 0 0 0 0 0 0 0 0 0 0 0 0 0
"207" 207 0.0817610062893 26 11 3 2 0 0 0 0 0 0 0 0 0 0 0 0 0 0 0 0
"208" 208 0.528846153846 13 13 5 3 3 2 2 1 0 0 0 0 0 0 0 0 0 0 0 0
"209" 209 0.580310880829 32 3 2 2 1 1 0 0 0 0 0 0 0 0 0 0 0 0 0 0
"210" 210 0.134328358209 29 6 6 1 0 0 0 0 0 0 0 0 0 0 0 0 0 0 0 0
"211" 211 0.653846153846 40 1 1 0 0 0 0 0 0 0 0 0 0 0 0 0 0 0 0 0
"212" 212 0.051724137931 35 3 3 1 0 0 0 0 0 0 0 0 0 0 0 0 0 0 0 0
"213" 213 0.549222797927 35 2 2 1 1 1 0 0 0 0 0 0 0 0 0 0 0 0 0 0
"214" 214 0.199004975124 15 11 8 4 2 1 1 0 0 0 0 0 0 0 0 0 0 0 0 0
"215" 215 0.453488372093 17 9 9 4 2 1 0 0 0 0 0 0 0 0 0 0 0 0 0 0
"216" 216 0.284768211921 27 10 2 1 1 1 0 0 0 0 0 0 0 0 0 0 0 0 0 0
"217" 217 0.818565400844 30 3 3 2 2 1 1 0 0 0 0 0 0 0 0 0 0 0 0 0
"218" 218 0.731343283582 28 6 5 2 1 0 0 0 0 0 0 0 0 0 0 0 0 0 0 0
"219" 219 0.708609271523 16 13 5 3 3 1 1 0 0 0 0 0 0 0 0 0 0 0 0 0
"220" 220 0.632183908046 17 13 9 3 0 0 0 0 0 0 0 0 0 0 0 0 0 0 0 0
"221" 221 0.781725888325 27 8 7 0 0 0 0 0 0 0 0 0 0 0 0 0 0 0 0 0
"222" 222 0.291390728477 25 11 2 2 1 1 0 0 0 0 0 0 0 0 0 0 0 0 0 0
"223" 223 0.235632183908 38 4 0 0 0 0 0 0 0 0 0 0 0 0 0 0 0 0 0 0
"224" 224 0.504464285714 20 8 5 4 2 1 1 1 0 0 0 0 0 0 0 0 0 0 0 0
"225" 225 0.580310880829 32 6 2 2 0 0 0 0 0 0 0 0 0 0 0 0 0 0 0 0
"226" 226 0.666666666667 42 0 0 0 0 0 0 0 0 0 0 0 0 0 0 0 0 0 0 0
"227" 227 0.823899371069 30 9 2 1 0 0 0 0 0 0 0 0 0 0 0 0 0 0 0 0
"228" 228 0.85201793722 14 8 7 3 3 2 2 2 1 0 0 0 0 0 0 0 0 0 0 0
"229" 229 0.875912408759 42 0 0 0 0 0 0 0 0 0 0 0 0 0 0 0 0 0 0 0
"230" 230 0.755813953488 12 11 9 4 2 1 1 1 1 0 0 0 0 0 0 0 0 0 0 0
"231" 231 0.744186046512 30 8 2 1 1 0 0 0 0 0 0 0 0 0 0 0 0 0 0 0
"232" 232 0.759615384615 42 0 0 0 0 0 0 0 0 0 0 0 0 0 0 0 0 0 0 0
"233" 233 0.701149425287 18 14 4 2 2 1 1 0 0 0 0 0 0 0 0 0 0 0 0 0
"234" 234 0.835443037975 32 4 3 1 1 1 0 0 0 0 0 0 0 0 0 0 0 0 0 0
"235" 235 0.258620689655 42 0 0 0 0 0 0 0 0 0 0 0 0 0 0 0 0 0 0 0
"236" 236 0.611607142857 19 10 5 3 3 2 0 0 0 0 0 0 0 0 0 0 0 0 0 0
"237" 237 0.383720930233 17 14 7 4 0 0 0 0 0 0 0 0 0 0 0 0 0 0 0 0
"238" 238 0.656976744186 34 4 3 1 0 0 0 0 0 0 0 0 0 0 0 0 0 0 0 0
"239" 239 0.696428571429 14 14 10 2 1 1 0 0 0 0 0 0 0 0 0 0 0 0 0 0
"240" 240 0.259067357513 23 6 5 4 2 1 1 0 0 0 0 0 0 0 0 0 0 0 0 0
"241" 241 0.398009950249 40 1 1 0 0 0 0 0 0 0 0 0 0 0 0 0 0 0 0 0
"242" 242 0.333333333333 32 7 2 1 0 0 0 0 0 0 0 0 0 0 0 0 0 0 0 0
"243" 243 0.317829457364 10 10 9 6 3 1 1 1 1 0 0 0 0 0 0 0 0 0 0 0
"244" 244 0.303797468354 40 1 1 0 0 0 0 0 0 0 0 0 0 0 0 0 0 0 0 0
"245" 245 0.298507462687 41 1 0 0 0 0 0 0 0 0 0 0 0 0 0 0 0 0 0 0
"246" 246 0.518987341772 36 5 1 0 0 0 0 0 0 0 0 0 0 0 0 0 0 0 0 0
"247" 247 0.651785714286 17 14 2 2 1 1 1 1 0 0 0 0 0 0 0 0 0 0 0 0
"248" 248 0.51269035533 13 10 2 2 1 1 1 1 1 1 0 0 0 0 0 0 0 0 0 0
"249" 249 0.5 20 13 0 0 0 0 0 0 0 0 0 0 0 0 0 0 0 0 0 0
"250" 250 0.660583941606 11 7 2 2 1 1 0 0 0 0 0 0 0 0 0 0 0 0 0 0
"251" 251 0.664974619289 15 7 2 0 0 0 0 0 0 0 0 0 0 0 0 0 0 0 0 0
