"site" "RSA" "aa1" "aa2" "aa3" "aa4" "aa5" "aa6" "aa7" "aa8" "aa9" "aa10" "aa11" "aa12" "aa13" "aa14" "aa15" "aa16" "aa17" "aa18" "aa19" "aa20"
"0" 0 0.646788990826 29 2 1 1 1 0 0 0 0 0 0 0 0 0 0 0 0 0 0 0
"1" 1 0.515695067265 23 6 4 2 2 1 0 0 0 0 0 0 0 0 0 0 0 0 0 0
"2" 2 0.53488372093 11 10 6 2 2 2 1 1 1 1 1 1 0 0 0 0 0 0 0 0
"3" 3 0.0203045685279 31 10 7 0 0 0 0 0 0 0 0 0 0 0 0 0 0 0 0 0
"4" 4 0.130801687764 54 1 0 0 0 0 0 0 0 0 0 0 0 0 0 0 0 0 0 0
"5" 5 0.0 34 16 2 2 1 0 0 0 0 0 0 0 0 0 0 0 0 0 0 0
"6" 6 0.0 53 1 1 0 0 0 0 0 0 0 0 0 0 0 0 0 0 0 0 0
"7" 7 0.0 34 13 6 1 1 1 0 0 0 0 0 0 0 0 0 0 0 0 0 0
"8" 8 0.0 51 2 2 1 0 0 0 0 0 0 0 0 0 0 0 0 0 0 0 0
"9" 9 0.0 56 0 0 0 0 0 0 0 0 0 0 0 0 0 0 0 0 0 0 0
"10" 10 0.129533678756 55 0 0 0 0 0 0 0 0 0 0 0 0 0 0 0 0 0 0 0
"11" 11 0.317307692308 53 2 1 0 0 0 0 0 0 0 0 0 0 0 0 0 0 0 0 0
"12" 12 0.643410852713 49 2 2 2 1 1 0 0 0 0 0 0 0 0 0 0 0 0 0 0
"13" 13 0.0114942528736 46 10 1 0 0 0 0 0 0 0 0 0 0 0 0 0 0 0 0 0
"14" 14 0.221153846154 55 1 1 0 0 0 0 0 0 0 0 0 0 0 0 0 0 0 0 0
"15" 15 0.0632911392405 56 1 0 0 0 0 0 0 0 0 0 0 0 0 0 0 0 0 0 0
"16" 16 0.122093023256 52 4 1 0 0 0 0 0 0 0 0 0 0 0 0 0 0 0 0 0
"17" 17 0.0886075949367 45 10 1 1 0 0 0 0 0 0 0 0 0 0 0 0 0 0 0 0
"18" 18 0.00497512437811 49 7 1 0 0 0 0 0 0 0 0 0 0 0 0 0 0 0 0 0
"19" 19 0.0 49 5 1 1 1 0 0 0 0 0 0 0 0 0 0 0 0 0 0 0
"20" 20 0.10152284264 41 7 3 3 2 1 0 0 0 0 0 0 0 0 0 0 0 0 0 0
"21" 21 0.00662251655629 38 8 5 3 2 1 0 0 0 0 0 0 0 0 0 0 0 0 0 0
"22" 22 0.155893536122 45 11 1 0 0 0 0 0 0 0 0 0 0 0 0 0 0 0 0 0
"23" 23 0.232558139535 40 10 4 1 1 1 0 0 0 0 0 0 0 0 0 0 0 0 0 0
"24" 24 0.482558139535 37 9 5 2 1 1 1 1 0 0 0 0 0 0 0 0 0 0 0 0
"25" 25 0.615384615385 36 9 8 1 1 1 1 0 0 0 0 0 0 0 0 0 0 0 0 0
"26" 26 0.387596899225 17 8 8 7 6 5 3 2 1 0 0 0 0 0 0 0 0 0 0 0
"27" 27 0.334728033473 49 5 2 1 0 0 0 0 0 0 0 0 0 0 0 0 0 0 0 0
"28" 28 0.138364779874 56 1 0 0 0 0 0 0 0 0 0 0 0 0 0 0 0 0 0 0
"29" 29 0.644230769231 15 10 9 5 4 4 3 2 2 1 1 1 0 0 0 0 0 0 0 0
"30" 30 0.580357142857 30 9 8 2 2 1 1 1 1 1 1 0 0 0 0 0 0 0 0 0
"31" 31 0.285171102662 51 3 2 1 0 0 0 0 0 0 0 0 0 0 0 0 0 0 0 0
"32" 32 0.472081218274 36 18 1 1 1 0 0 0 0 0 0 0 0 0 0 0 0 0 0 0
"33" 33 0.301886792453 56 1 0 0 0 0 0 0 0 0 0 0 0 0 0 0 0 0 0 0
"34" 34 0.744186046512 55 2 0 0 0 0 0 0 0 0 0 0 0 0 0 0 0 0 0 0
"35" 35 0.454022988506 46 7 4 0 0 0 0 0 0 0 0 0 0 0 0 0 0 0 0 0
"36" 36 0.326359832636 53 4 0 0 0 0 0 0 0 0 0 0 0 0 0 0 0 0 0 0
"37" 37 0.39896373057 44 12 1 0 0 0 0 0 0 0 0 0 0 0 0 0 0 0 0 0
"38" 38 0.4 49 2 2 1 1 1 1 0 0 0 0 0 0 0 0 0 0 0 0 0
"39" 39 0.121673003802 44 10 1 1 1 0 0 0 0 0 0 0 0 0 0 0 0 0 0 0
"40" 40 0.490066225166 27 13 10 4 1 1 1 0 0 0 0 0 0 0 0 0 0 0 0 0
"41" 41 0.0697674418605 35 12 4 2 1 1 1 1 0 0 0 0 0 0 0 0 0 0 0 0
"42" 42 0.533333333333 18 11 11 5 4 3 2 2 1 0 0 0 0 0 0 0 0 0 0 0
"43" 43 0.17816091954 37 11 3 2 2 1 1 0 0 0 0 0 0 0 0 0 0 0 0 0
"44" 44 0.610091743119 22 9 8 6 3 2 2 1 1 1 1 1 0 0 0 0 0 0 0 0
"45" 45 0.258620689655 42 9 2 1 1 1 1 0 0 0 0 0 0 0 0 0 0 0 0 0
"46" 46 0.554404145078 40 9 4 4 0 0 0 0 0 0 0 0 0 0 0 0 0 0 0 0
"47" 47 0.634615384615 47 4 4 2 0 0 0 0 0 0 0 0 0 0 0 0 0 0 0 0
"48" 48 0.20253164557 20 10 9 4 4 3 2 1 1 1 1 1 0 0 0 0 0 0 0 0
"49" 49 0.452830188679 35 5 4 3 2 2 1 1 1 1 1 1 0 0 0 0 0 0 0 0
"50" 50 0.0344827586207 29 14 10 2 2 0 0 0 0 0 0 0 0 0 0 0 0 0 0 0
"51" 51 0.241025641026 19 9 8 5 4 3 2 2 1 1 1 1 1 0 0 0 0 0 0 0
"52" 52 0.00497512437811 54 1 1 1 0 0 0 0 0 0 0 0 0 0 0 0 0 0 0 0
"53" 53 0.134615384615 30 11 7 3 2 1 1 1 1 0 0 0 0 0 0 0 0 0 0 0
"54" 54 0.0 56 1 0 0 0 0 0 0 0 0 0 0 0 0 0 0 0 0 0 0
"55" 55 0.237588652482 41 7 5 2 1 1 0 0 0 0 0 0 0 0 0 0 0 0 0 0
"56" 56 0.0310880829016 57 0 0 0 0 0 0 0 0 0 0 0 0 0 0 0 0 0 0 0
"57" 57 0.0290697674419 56 1 0 0 0 0 0 0 0 0 0 0 0 0 0 0 0 0 0 0
"58" 58 0.0387596899225 56 1 0 0 0 0 0 0 0 0 0 0 0 0 0 0 0 0 0 0
"59" 59 0.0576923076923 56 1 0 0 0 0 0 0 0 0 0 0 0 0 0 0 0 0 0 0
"60" 60 0.358744394619 53 2 1 1 0 0 0 0 0 0 0 0 0 0 0 0 0 0 0 0
"61" 61 0.691964285714 45 9 2 1 0 0 0 0 0 0 0 0 0 0 0 0 0 0 0 0
"62" 62 0.647668393782 46 10 1 0 0 0 0 0 0 0 0 0 0 0 0 0 0 0 0 0
"63" 63 0.326996197719 50 7 0 0 0 0 0 0 0 0 0 0 0 0 0 0 0 0 0 0
"64" 64 0.310880829016 51 2 1 1 1 1 0 0 0 0 0 0 0 0 0 0 0 0 0 0
"65" 65 0.835766423358 49 5 1 1 1 0 0 0 0 0 0 0 0 0 0 0 0 0 0 0
"66" 66 0.52736318408 56 1 0 0 0 0 0 0 0 0 0 0 0 0 0 0 0 0 0 0
"67" 67 0.029197080292 57 0 0 0 0 0 0 0 0 0 0 0 0 0 0 0 0 0 0 0
"68" 68 0.0817610062893 49 3 2 1 1 1 0 0 0 0 0 0 0 0 0 0 0 0 0 0
"69" 69 0.621890547264 53 2 1 1 0 0 0 0 0 0 0 0 0 0 0 0 0 0 0 0
"70" 70 0.245033112583 49 6 1 1 0 0 0 0 0 0 0 0 0 0 0 0 0 0 0 0
"71" 71 0.0190114068441 55 2 0 0 0 0 0 0 0 0 0 0 0 0 0 0 0 0 0 0
"72" 72 0.51572327044 49 2 1 1 1 1 1 1 0 0 0 0 0 0 0 0 0 0 0 0
"73" 73 0.385650224215 28 13 5 3 3 2 1 1 1 0 0 0 0 0 0 0 0 0 0 0
"74" 74 0.0639534883721 46 6 5 0 0 0 0 0 0 0 0 0 0 0 0 0 0 0 0 0
"75" 75 0.310880829016 46 5 2 2 1 0 0 0 0 0 0 0 0 0 0 0 0 0 0 0
"76" 76 0.0 49 5 1 1 0 0 0 0 0 0 0 0 0 0 0 0 0 0 0 0
"77" 77 0.0 43 6 4 3 0 0 0 0 0 0 0 0 0 0 0 0 0 0 0 0
"78" 78 0.0 51 3 2 0 0 0 0 0 0 0 0 0 0 0 0 0 0 0 0 0
"79" 79 0.0 24 14 12 3 2 1 0 0 0 0 0 0 0 0 0 0 0 0 0 0
"80" 80 0.0 55 1 0 0 0 0 0 0 0 0 0 0 0 0 0 0 0 0 0 0
"81" 81 0.0 48 8 0 0 0 0 0 0 0 0 0 0 0 0 0 0 0 0 0 0
"82" 82 0.0198675496689 49 6 1 0 0 0 0 0 0 0 0 0 0 0 0 0 0 0 0 0
"83" 83 0.0 28 15 9 3 1 0 0 0 0 0 0 0 0 0 0 0 0 0 0 0
"84" 84 0.0459770114943 34 11 5 2 2 1 1 0 0 0 0 0 0 0 0 0 0 0 0 0
"85" 85 0.291390728477 33 7 3 2 2 2 2 1 1 1 1 1 0 0 0 0 0 0 0 0
"86" 86 0.14465408805 43 5 2 2 2 1 1 0 0 0 0 0 0 0 0 0 0 0 0 0
"87" 87 0.488372093023 13 12 11 6 5 3 2 1 1 1 1 0 0 0 0 0 0 0 0 0
"88" 88 0.0198675496689 56 0 0 0 0 0 0 0 0 0 0 0 0 0 0 0 0 0 0 0
"89" 89 0.108786610879 37 12 6 1 0 0 0 0 0 0 0 0 0 0 0 0 0 0 0 0
"90" 90 0.397321428571 27 9 6 4 2 2 1 1 1 1 1 1 0 0 0 0 0 0 0 0
"91" 91 0.25641025641 52 3 1 0 0 0 0 0 0 0 0 0 0 0 0 0 0 0 0 0
"92" 92 0.0 40 14 1 1 0 0 0 0 0 0 0 0 0 0 0 0 0 0 0 0
"93" 93 0.332116788321 14 12 7 4 4 4 3 3 2 2 1 0 0 0 0 0 0 0 0 0
"94" 94 0.46511627907 23 10 6 5 5 3 2 1 1 0 0 0 0 0 0 0 0 0 0 0
"95" 95 0.194092827004 49 3 1 1 1 1 0 0 0 0 0 0 0 0 0 0 0 0 0 0
"96" 96 0.0 57 0 0 0 0 0 0 0 0 0 0 0 0 0 0 0 0 0 0 0
"97" 97 0.300380228137 12 11 10 7 4 3 3 2 1 1 1 1 1 0 0 0 0 0 0 0
"98" 98 0.389937106918 48 7 1 1 0 0 0 0 0 0 0 0 0 0 0 0 0 0 0 0
"99" 99 0.116071428571 56 1 0 0 0 0 0 0 0 0 0 0 0 0 0 0 0 0 0 0
"100" 100 0.0 26 23 8 0 0 0 0 0 0 0 0 0 0 0 0 0 0 0 0 0
"101" 101 0.20802919708 17 6 6 5 5 5 4 3 2 1 1 1 1 0 0 0 0 0 0 0
"102" 102 0.712918660287 43 5 4 1 1 1 1 1 0 0 0 0 0 0 0 0 0 0 0 0
"103" 103 0.416267942584 35 10 8 2 1 1 0 0 0 0 0 0 0 0 0 0 0 0 0 0
"104" 104 0.0949367088608 36 9 6 2 2 1 1 0 0 0 0 0 0 0 0 0 0 0 0 0
"105" 105 0.471698113208 49 3 2 1 1 1 0 0 0 0 0 0 0 0 0 0 0 0 0 0
"106" 106 0.846889952153 17 11 10 8 2 2 2 2 1 1 1 0 0 0 0 0 0 0 0 0
"107" 107 0.133720930233 22 20 6 6 1 1 1 0 0 0 0 0 0 0 0 0 0 0 0 0
"108" 108 0.207547169811 53 2 1 1 0 0 0 0 0 0 0 0 0 0 0 0 0 0 0 0
"109" 109 0.0 33 8 6 4 3 3 0 0 0 0 0 0 0 0 0 0 0 0 0 0
"110" 110 0.0 27 20 10 0 0 0 0 0 0 0 0 0 0 0 0 0 0 0 0 0
"111" 111 0.0 54 1 1 1 0 0 0 0 0 0 0 0 0 0 0 0 0 0 0 0
"112" 112 0.0 51 6 0 0 0 0 0 0 0 0 0 0 0 0 0 0 0 0 0 0
"113" 113 0.0 56 1 0 0 0 0 0 0 0 0 0 0 0 0 0 0 0 0 0 0
"114" 114 0.0290697674419 46 5 5 1 0 0 0 0 0 0 0 0 0 0 0 0 0 0 0 0
"115" 115 0.295358649789 44 13 0 0 0 0 0 0 0 0 0 0 0 0 0 0 0 0 0 0
"116" 116 0.223880597015 16 9 7 5 5 4 4 3 2 1 1 0 0 0 0 0 0 0 0 0
"117" 117 0.227979274611 56 1 0 0 0 0 0 0 0 0 0 0 0 0 0 0 0 0 0 0
"118" 118 0.26368159204 52 2 1 1 1 0 0 0 0 0 0 0 0 0 0 0 0 0 0 0
"119" 119 0.21897810219 52 4 1 0 0 0 0 0 0 0 0 0 0 0 0 0 0 0 0 0
"120" 120 0.678756476684 26 11 7 2 2 1 1 1 1 1 1 1 1 1 0 0 0 0 0 0
"121" 121 0.326424870466 48 2 2 2 1 1 0 0 0 0 0 0 0 0 0 0 0 0 0 0
"122" 122 0.514767932489 17 11 6 5 3 2 2 2 2 2 1 1 1 1 0 0 0 0 0 0
"123" 123 0.575129533679 11 10 5 4 4 3 3 3 3 2 2 2 2 1 0 0 0 0 0 0
"124" 124 0.0813953488372 25 14 3 2 2 2 2 1 1 1 1 1 0 0 0 0 0 0 0 0
"125" 125 0.279187817259 22 15 4 3 2 2 2 2 1 1 1 0 0 0 0 0 0 0 0 0
"126" 126 0.294642857143 19 7 7 7 6 3 2 2 1 1 0 0 0 0 0 0 0 0 0 0
"127" 127 0.492700729927 12 11 11 7 2 2 2 2 1 1 1 1 1 1 0 0 0 0 0 0
"128" 128 0.0298507462687 49 2 1 1 1 0 0 0 0 0 0 0 0 0 0 0 0 0 0 0
"129" 129 0.532846715328 15 10 9 4 4 3 2 2 1 1 1 0 0 0 0 0 0 0 0 0
"130" 130 0.709844559585 16 13 6 4 4 3 2 2 1 1 0 0 0 0 0 0 0 0 0 0
"131" 131 0.37552742616 15 8 5 4 4 3 3 3 3 2 1 1 0 0 0 0 0 0 0 0
"132" 132 0.620253164557 19 9 8 8 3 2 1 1 1 0 0 0 0 0 0 0 0 0 0 0
"133" 133 0.417910447761 22 9 8 4 2 2 2 1 1 1 1 0 0 0 0 0 0 0 0 0
"134" 134 0.441860465116 10 7 7 6 6 6 6 2 2 1 1 0 0 0 0 0 0 0 0 0
"135" 135 0.0943396226415 51 1 1 1 0 0 0 0 0 0 0 0 0 0 0 0 0 0 0 0
"136" 136 0.0406091370558 27 25 2 1 1 1 0 0 0 0 0 0 0 0 0 0 0 0 0 0
"137" 137 0.331395348837 25 16 4 2 2 2 1 1 1 1 1 1 0 0 0 0 0 0 0 0
"138" 138 0.425855513308 9 8 8 7 5 3 3 2 2 2 2 2 1 1 1 0 0 0 0 0
"139" 139 0.559748427673 22 7 5 4 4 3 3 3 3 2 0 0 0 0 0 0 0 0 0 0
"140" 140 0.421524663677 28 12 3 3 3 2 2 1 1 1 0 0 0 0 0 0 0 0 0 0
"141" 141 0.0 45 11 0 0 0 0 0 0 0 0 0 0 0 0 0 0 0 0 0 0
"142" 142 0.213930348259 12 8 8 5 4 3 3 3 2 2 2 1 1 1 1 0 0 0 0 0
"143" 143 0.426356589147 19 11 7 5 4 2 2 2 1 1 1 1 0 0 0 0 0 0 0 0
"144" 144 0.0183486238532 18 18 8 5 4 1 1 1 0 0 0 0 0 0 0 0 0 0 0 0
"145" 145 0.0387596899225 44 2 2 2 2 1 1 1 1 0 0 0 0 0 0 0 0 0 0 0
"146" 146 0.656934306569 27 7 7 4 3 3 2 1 1 1 0 0 0 0 0 0 0 0 0 0
"147" 147 0.415178571429 23 16 5 4 3 2 1 1 1 0 0 0 0 0 0 0 0 0 0 0
"148" 148 0.010152284264 39 11 5 1 0 0 0 0 0 0 0 0 0 0 0 0 0 0 0 0
"149" 149 0.480769230769 30 8 7 6 2 1 1 1 0 0 0 0 0 0 0 0 0 0 0 0
"150" 150 0.132450331126 50 2 1 1 1 0 0 0 0 0 0 0 0 0 0 0 0 0 0 0
"151" 151 0.48275862069 30 4 4 3 3 3 2 2 1 1 1 1 0 0 0 0 0 0 0 0
"152" 152 0.367088607595 28 6 6 5 3 2 2 2 1 1 0 0 0 0 0 0 0 0 0 0
"153" 153 0.041825095057 52 4 0 0 0 0 0 0 0 0 0 0 0 0 0 0 0 0 0 0
"154" 154 0.10447761194 25 11 6 5 4 3 2 0 0 0 0 0 0 0 0 0 0 0 0 0
"155" 155 0.116071428571 56 0 0 0 0 0 0 0 0 0 0 0 0 0 0 0 0 0 0 0
"156" 156 0.00632911392405 51 3 1 1 0 0 0 0 0 0 0 0 0 0 0 0 0 0 0 0
"157" 157 0.0 56 0 0 0 0 0 0 0 0 0 0 0 0 0 0 0 0 0 0 0
"158" 158 0.100775193798 51 5 0 0 0 0 0 0 0 0 0 0 0 0 0 0 0 0 0 0
"159" 159 0.482587064677 37 10 3 2 2 1 1 0 0 0 0 0 0 0 0 0 0 0 0 0
"160" 160 0.31976744186 51 2 1 1 1 0 0 0 0 0 0 0 0 0 0 0 0 0 0 0
"161" 161 0.318385650224 37 4 4 3 3 3 1 1 0 0 0 0 0 0 0 0 0 0 0 0
"162" 162 0.624087591241 20 11 5 3 3 2 2 2 2 2 1 1 1 1 0 0 0 0 0 0
"163" 163 0.317307692308 43 11 1 1 0 0 0 0 0 0 0 0 0 0 0 0 0 0 0 0
"164" 164 0.0248756218905 35 19 2 0 0 0 0 0 0 0 0 0 0 0 0 0 0 0 0 0
"165" 165 0.548523206751 37 10 2 2 2 1 1 0 0 0 0 0 0 0 0 0 0 0 0 0
"166" 166 0.372093023256 19 10 5 5 5 4 3 2 1 1 0 0 0 0 0 0 0 0 0 0
"167" 167 0.0 46 4 3 1 1 0 0 0 0 0 0 0 0 0 0 0 0 0 0 0
"168" 168 0.0 54 1 0 0 0 0 0 0 0 0 0 0 0 0 0 0 0 0 0 0
"169" 169 0.170984455959 34 13 2 1 1 1 1 1 0 0 0 0 0 0 0 0 0 0 0 0
"170" 170 0.165178571429 28 5 4 3 2 2 2 2 2 2 1 1 0 0 0 0 0 0 0 0
"171" 171 0.0 53 1 0 0 0 0 0 0 0 0 0 0 0 0 0 0 0 0 0 0
"172" 172 0.0507614213198 31 11 10 1 1 0 0 0 0 0 0 0 0 0 0 0 0 0 0 0
"173" 173 0.419708029197 30 5 3 3 3 2 2 1 1 1 1 0 0 0 0 0 0 0 0 0
"174" 174 0.255813953488 34 4 4 3 2 2 1 0 0 0 0 0 0 0 0 0 0 0 0 0
"175" 175 0.258620689655 24 17 4 2 1 1 1 0 0 0 0 0 0 0 0 0 0 0 0 0
"176" 176 0.303482587065 39 8 2 1 0 0 0 0 0 0 0 0 0 0 0 0 0 0 0 0
"177" 177 1.05769230769 10 5 3 1 0 0 0 0 0 0 0 0 0 0 0 0 0 0 0 0
