"site" "RSA" "aa1" "aa2" "aa3" "aa4" "aa5" "aa6" "aa7" "aa8" "aa9" "aa10" "aa11" "aa12" "aa13" "aa14" "aa15" "aa16" "aa17" "aa18" "aa19" "aa20"
"0" 0 0.652849740933 9 7 1 0 0 0 0 0 0 0 0 0 0 0 0 0 0 0 0 0
"1" 1 0.28102189781 28 5 1 0 0 0 0 0 0 0 0 0 0 0 0 0 0 0 0 0
"2" 2 0.450892857143 24 4 2 2 2 1 1 0 0 0 0 0 0 0 0 0 0 0 0 0
"3" 3 0.487046632124 13 8 5 4 3 2 1 1 1 0 0 0 0 0 0 0 0 0 0 0
"4" 4 0.0348258706468 21 6 3 3 2 1 1 1 1 1 0 0 0 0 0 0 0 0 0 0
"5" 5 0.051724137931 27 9 2 2 0 0 0 0 0 0 0 0 0 0 0 0 0 0 0 0
"6" 6 0.562737642586 18 10 4 3 1 1 1 1 1 0 0 0 0 0 0 0 0 0 0 0
"7" 7 0.385650224215 10 9 7 7 2 2 1 1 1 0 0 0 0 0 0 0 0 0 0 0
"8" 8 0.0 36 2 1 1 0 0 0 0 0 0 0 0 0 0 0 0 0 0 0 0
"9" 9 0.316455696203 34 5 1 0 0 0 0 0 0 0 0 0 0 0 0 0 0 0 0 0
"10" 10 0.44776119403 32 5 1 1 1 0 0 0 0 0 0 0 0 0 0 0 0 0 0 0
"11" 11 0.062015503876 29 5 3 2 1 0 0 0 0 0 0 0 0 0 0 0 0 0 0 0
"12" 12 0.258928571429 39 1 0 0 0 0 0 0 0 0 0 0 0 0 0 0 0 0 0 0
"13" 13 0.690582959641 37 1 1 1 0 0 0 0 0 0 0 0 0 0 0 0 0 0 0 0
"14" 14 0.503875968992 32 3 2 2 1 0 0 0 0 0 0 0 0 0 0 0 0 0 0 0
"15" 15 0.620535714286 40 1 0 0 0 0 0 0 0 0 0 0 0 0 0 0 0 0 0 0
"16" 16 0.507299270073 40 1 0 0 0 0 0 0 0 0 0 0 0 0 0 0 0 0 0 0
"17" 17 0.201520912548 37 3 1 0 0 0 0 0 0 0 0 0 0 0 0 0 0 0 0 0
"18" 18 0.487046632124 30 9 1 1 0 0 0 0 0 0 0 0 0 0 0 0 0 0 0 0
"19" 19 0.308035714286 23 18 0 0 0 0 0 0 0 0 0 0 0 0 0 0 0 0 0 0
"20" 20 0.0 44 1 0 0 0 0 0 0 0 0 0 0 0 0 0 0 0 0 0 0
"21" 21 0.0632183908046 24 19 2 0 0 0 0 0 0 0 0 0 0 0 0 0 0 0 0 0
"22" 22 0.495535714286 11 9 7 4 4 3 2 2 1 1 1 0 0 0 0 0 0 0 0 0
"23" 23 0.0662251655629 15 8 8 4 4 3 1 1 1 0 0 0 0 0 0 0 0 0 0 0
"24" 24 0.0 43 1 1 0 0 0 0 0 0 0 0 0 0 0 0 0 0 0 0 0
"25" 25 0.286919831224 38 2 2 1 1 1 0 0 0 0 0 0 0 0 0 0 0 0 0 0
"26" 26 0.527426160338 12 9 8 5 3 2 2 2 1 1 0 0 0 0 0 0 0 0 0 0
"27" 27 0.0 32 5 3 2 1 1 0 0 0 0 0 0 0 0 0 0 0 0 0 0
"28" 28 0.015503875969 17 14 9 2 1 1 0 0 0 0 0 0 0 0 0 0 0 0 0 0
"29" 29 0.326923076923 20 7 4 3 3 3 1 1 1 1 0 0 0 0 0 0 0 0 0 0
"30" 30 0.311926605505 10 9 4 4 3 3 3 2 2 1 1 1 1 0 0 0 0 0 0 0
"31" 31 0.461139896373 17 10 5 3 3 2 2 1 1 1 0 0 0 0 0 0 0 0 0 0
"32" 32 0.327586206897 9 8 6 5 4 4 3 2 2 1 1 0 0 0 0 0 0 0 0 0
"33" 33 0.254464285714 34 3 3 2 2 1 1 1 0 0 0 0 0 0 0 0 0 0 0 0
"34" 34 0.0348258706468 47 0 0 0 0 0 0 0 0 0 0 0 0 0 0 0 0 0 0 0
"35" 35 0.372093023256 24 16 2 2 1 1 1 0 0 0 0 0 0 0 0 0 0 0 0 0
"36" 36 0.459770114943 23 10 4 3 2 1 1 1 1 1 0 0 0 0 0 0 0 0 0 0
"37" 37 0.4375 41 4 1 0 0 0 0 0 0 0 0 0 0 0 0 0 0 0 0 0
"38" 38 0.0401785714286 42 3 1 0 0 0 0 0 0 0 0 0 0 0 0 0 0 0 0 0
"39" 39 0.029197080292 47 0 0 0 0 0 0 0 0 0 0 0 0 0 0 0 0 0 0 0
"40" 40 0.384615384615 46 1 0 0 0 0 0 0 0 0 0 0 0 0 0 0 0 0 0 0
"41" 41 0.0696517412935 47 0 0 0 0 0 0 0 0 0 0 0 0 0 0 0 0 0 0 0
"42" 42 0.0 43 2 1 1 0 0 0 0 0 0 0 0 0 0 0 0 0 0 0 0
"43" 43 0.211920529801 47 0 0 0 0 0 0 0 0 0 0 0 0 0 0 0 0 0 0 0
"44" 44 0.252873563218 45 2 0 0 0 0 0 0 0 0 0 0 0 0 0 0 0 0 0 0
"45" 45 0.0 44 3 0 0 0 0 0 0 0 0 0 0 0 0 0 0 0 0 0 0
"46" 46 0.00380228136882 46 1 0 0 0 0 0 0 0 0 0 0 0 0 0 0 0 0 0 0
"47" 47 0.350210970464 47 0 0 0 0 0 0 0 0 0 0 0 0 0 0 0 0 0 0 0
"48" 48 0.302564102564 46 1 0 0 0 0 0 0 0 0 0 0 0 0 0 0 0 0 0 0
"49" 49 0.0689655172414 38 4 1 1 1 1 1 0 0 0 0 0 0 0 0 0 0 0 0 0
"50" 50 0.00507614213198 28 18 1 0 0 0 0 0 0 0 0 0 0 0 0 0 0 0 0 0
"51" 51 0.221153846154 46 1 0 0 0 0 0 0 0 0 0 0 0 0 0 0 0 0 0 0
"52" 52 0.418604651163 31 7 4 3 1 1 0 0 0 0 0 0 0 0 0 0 0 0 0 0
"53" 53 0.211678832117 45 1 1 0 0 0 0 0 0 0 0 0 0 0 0 0 0 0 0 0
"54" 54 0.138686131387 47 1 0 0 0 0 0 0 0 0 0 0 0 0 0 0 0 0 0 0
"55" 55 0.294573643411 24 22 1 1 0 0 0 0 0 0 0 0 0 0 0 0 0 0 0 0
"56" 56 0.35761589404 31 14 1 1 1 0 0 0 0 0 0 0 0 0 0 0 0 0 0 0
"57" 57 0.177304964539 48 0 0 0 0 0 0 0 0 0 0 0 0 0 0 0 0 0 0 0
"58" 58 0.412408759124 47 1 0 0 0 0 0 0 0 0 0 0 0 0 0 0 0 0 0 0
"59" 59 0.543147208122 26 20 2 0 0 0 0 0 0 0 0 0 0 0 0 0 0 0 0 0
"60" 60 0.0710659898477 30 8 6 2 1 1 0 0 0 0 0 0 0 0 0 0 0 0 0 0
"61" 61 0.165562913907 41 2 1 1 1 1 1 0 0 0 0 0 0 0 0 0 0 0 0 0
"62" 62 0.503311258278 44 2 1 1 0 0 0 0 0 0 0 0 0 0 0 0 0 0 0 0
"63" 63 0.375634517766 34 6 3 1 1 1 1 1 0 0 0 0 0 0 0 0 0 0 0 0
"64" 64 0.0714285714286 44 1 1 1 1 0 0 0 0 0 0 0 0 0 0 0 0 0 0 0
"65" 65 0.591928251121 38 2 2 2 1 1 1 1 0 0 0 0 0 0 0 0 0 0 0 0
"66" 66 0.472573839662 43 1 1 1 1 1 0 0 0 0 0 0 0 0 0 0 0 0 0 0
"67" 67 0.0401785714286 25 7 4 3 2 2 2 1 1 1 0 0 0 0 0 0 0 0 0 0
"68" 68 0.446428571429 19 4 3 2 1 1 1 1 1 1 1 1 0 0 0 0 0 0 0 0
"69" 69 0.671794871795 12 5 4 4 3 2 1 1 1 1 0 0 0 0 0 0 0 0 0 0
"70" 70 0.518987341772 21 7 6 5 1 1 0 0 0 0 0 0 0 0 0 0 0 0 0 0
"71" 71 0.567307692308 29 4 3 2 2 1 1 1 0 0 0 0 0 0 0 0 0 0 0 0
"72" 72 0.144230769231 17 10 4 3 2 1 1 1 1 1 0 0 0 0 0 0 0 0 0 0
"73" 73 0.272321428571 26 8 3 2 2 1 1 1 0 0 0 0 0 0 0 0 0 0 0 0
"74" 74 0.642487046632 12 8 8 4 3 3 3 2 2 1 1 1 0 0 0 0 0 0 0 0
"75" 75 0.476793248945 24 6 5 4 4 1 1 1 1 1 0 0 0 0 0 0 0 0 0 0
"76" 76 0.0646766169154 14 9 5 5 4 3 2 1 1 1 1 1 0 0 0 0 0 0 0 0
"77" 77 0.590717299578 14 9 7 4 4 3 1 1 1 1 1 1 0 0 0 0 0 0 0 0
"78" 78 0.587155963303 15 10 7 4 2 2 2 1 1 1 1 1 0 0 0 0 0 0 0 0
"79" 79 0.116751269036 21 13 6 5 1 1 1 0 0 0 0 0 0 0 0 0 0 0 0 0
"80" 80 0.346715328467 23 14 3 2 1 1 1 1 1 1 0 0 0 0 0 0 0 0 0 0
"81" 81 0.620535714286 17 8 6 3 3 2 2 2 2 1 1 1 0 0 0 0 0 0 0 0
"82" 82 0.505703422053 41 4 1 1 1 0 0 0 0 0 0 0 0 0 0 0 0 0 0 0
"83" 83 0.127737226277 39 5 1 1 1 1 0 0 0 0 0 0 0 0 0 0 0 0 0 0
"84" 84 0.452914798206 13 8 6 6 4 3 3 1 1 1 1 1 0 0 0 0 0 0 0 0
"85" 85 0.495412844037 34 4 2 2 2 1 1 1 1 0 0 0 0 0 0 0 0 0 0 0
"86" 86 0.0574712643678 23 21 2 2 0 0 0 0 0 0 0 0 0 0 0 0 0 0 0 0
"87" 87 0.147321428571 46 1 1 0 0 0 0 0 0 0 0 0 0 0 0 0 0 0 0 0
"88" 88 0.517441860465 10 8 7 6 5 4 3 2 1 1 1 0 0 0 0 0 0 0 0 0
"89" 89 0.34375 47 1 0 0 0 0 0 0 0 0 0 0 0 0 0 0 0 0 0 0
"90" 90 0.0149253731343 47 1 0 0 0 0 0 0 0 0 0 0 0 0 0 0 0 0 0 0
"91" 91 0.130801687764 8 7 6 6 5 5 4 4 3 0 0 0 0 0 0 0 0 0 0 0
"92" 92 0.582089552239 10 9 8 4 3 3 3 3 2 2 1 0 0 0 0 0 0 0 0 0
"93" 93 0.111675126904 30 10 2 2 1 1 1 0 0 0 0 0 0 0 0 0 0 0 0 0
"94" 94 0.0 45 2 0 0 0 0 0 0 0 0 0 0 0 0 0 0 0 0 0 0
"95" 95 0.462025316456 10 6 6 4 4 3 3 3 2 2 2 1 1 0 0 0 0 0 0 0
"96" 96 0.269430051813 26 13 4 2 1 1 0 0 0 0 0 0 0 0 0 0 0 0 0 0
"97" 97 0.0 25 22 0 0 0 0 0 0 0 0 0 0 0 0 0 0 0 0 0 0
"98" 98 0.089552238806 45 1 1 0 0 0 0 0 0 0 0 0 0 0 0 0 0 0 0 0
"99" 99 0.440414507772 13 7 5 4 4 4 4 3 2 1 0 0 0 0 0 0 0 0 0 0
"100" 100 0.0632183908046 30 11 5 1 0 0 0 0 0 0 0 0 0 0 0 0 0 0 0 0
"101" 101 0.0 39 8 0 0 0 0 0 0 0 0 0 0 0 0 0 0 0 0 0 0
"102" 102 0.445595854922 36 5 2 2 1 1 0 0 0 0 0 0 0 0 0 0 0 0 0 0
"103" 103 0.548523206751 23 5 5 4 4 2 1 1 1 0 0 0 0 0 0 0 0 0 0 0
"104" 104 0.253588516746 16 13 6 3 2 2 1 1 1 1 1 0 0 0 0 0 0 0 0 0
"105" 105 0.0248756218905 45 2 0 0 0 0 0 0 0 0 0 0 0 0 0 0 0 0 0 0
"106" 106 0.137055837563 35 8 3 1 0 0 0 0 0 0 0 0 0 0 0 0 0 0 0 0
"107" 107 0.559748427673 31 10 2 1 1 1 1 0 0 0 0 0 0 0 0 0 0 0 0 0
"108" 108 0.201550387597 13 11 7 5 4 2 1 1 1 1 1 0 0 0 0 0 0 0 0 0
"109" 109 0.108527131783 32 8 2 2 1 1 1 0 0 0 0 0 0 0 0 0 0 0 0 0
"110" 110 0.738461538462 17 7 5 4 3 3 3 2 2 1 0 0 0 0 0 0 0 0 0 0
"111" 111 0.383720930233 18 7 6 5 4 2 2 1 1 1 0 0 0 0 0 0 0 0 0 0
"112" 112 0.0865384615385 14 7 7 5 5 2 2 2 2 1 0 0 0 0 0 0 0 0 0 0
"113" 113 0.3125 41 6 0 0 0 0 0 0 0 0 0 0 0 0 0 0 0 0 0 0
"114" 114 0.00662251655629 36 7 2 1 1 0 0 0 0 0 0 0 0 0 0 0 0 0 0 0
"115" 115 0.168776371308 31 4 3 3 3 2 1 0 0 0 0 0 0 0 0 0 0 0 0 0
"116" 116 0.0 47 1 0 0 0 0 0 0 0 0 0 0 0 0 0 0 0 0 0 0
"117" 117 0.0753138075314 47 1 0 0 0 0 0 0 0 0 0 0 0 0 0 0 0 0 0 0
"118" 118 0.0114068441065 39 8 1 0 0 0 0 0 0 0 0 0 0 0 0 0 0 0 0 0
"119" 119 0.243346007605 20 12 4 4 2 2 2 1 1 0 0 0 0 0 0 0 0 0 0 0
"120" 120 0.130801687764 48 0 0 0 0 0 0 0 0 0 0 0 0 0 0 0 0 0 0 0
"121" 121 0.0183486238532 47 1 0 0 0 0 0 0 0 0 0 0 0 0 0 0 0 0 0 0
"122" 122 0.168776371308 40 3 2 2 1 0 0 0 0 0 0 0 0 0 0 0 0 0 0 0
"123" 123 0.0 46 2 0 0 0 0 0 0 0 0 0 0 0 0 0 0 0 0 0 0
"124" 124 0.0362694300518 47 1 0 0 0 0 0 0 0 0 0 0 0 0 0 0 0 0 0 0
"125" 125 0.0228136882129 48 0 0 0 0 0 0 0 0 0 0 0 0 0 0 0 0 0 0 0
"126" 126 0.11961722488 26 16 4 1 1 0 0 0 0 0 0 0 0 0 0 0 0 0 0 0
"127" 127 0.036496350365 48 0 0 0 0 0 0 0 0 0 0 0 0 0 0 0 0 0 0 0
"128" 128 0.0836501901141 48 0 0 0 0 0 0 0 0 0 0 0 0 0 0 0 0 0 0 0
"129" 129 0.154228855721 36 5 2 1 1 1 1 1 0 0 0 0 0 0 0 0 0 0 0 0
"130" 130 0.0 41 4 2 1 0 0 0 0 0 0 0 0 0 0 0 0 0 0 0 0
"131" 131 0.147321428571 48 0 0 0 0 0 0 0 0 0 0 0 0 0 0 0 0 0 0 0
"132" 132 0.121338912134 24 19 4 1 0 0 0 0 0 0 0 0 0 0 0 0 0 0 0 0
"133" 133 0.116279069767 23 12 6 3 2 1 1 0 0 0 0 0 0 0 0 0 0 0 0 0
"134" 134 0.610465116279 20 12 4 3 2 2 1 1 1 1 1 0 0 0 0 0 0 0 0 0
"135" 135 0.596153846154 31 6 3 2 2 1 1 0 0 0 0 0 0 0 0 0 0 0 0 0
"136" 136 0.584615384615 23 10 6 3 2 1 1 1 0 0 0 0 0 0 0 0 0 0 0 0
"137" 137 0.569948186528 11 10 10 3 3 3 3 2 1 1 1 0 0 0 0 0 0 0 0 0
"138" 138 0.295620437956 35 9 2 1 1 0 0 0 0 0 0 0 0 0 0 0 0 0 0 0
"139" 139 0.616033755274 25 4 4 4 3 3 2 2 1 0 0 0 0 0 0 0 0 0 0 0
"140" 140 0.174107142857 18 8 5 4 4 3 2 1 1 1 1 0 0 0 0 0 0 0 0 0
"141" 141 0.062015503876 23 9 6 3 2 1 1 1 1 0 0 0 0 0 0 0 0 0 0 0
"142" 142 0.0852713178295 23 9 9 4 1 1 0 0 0 0 0 0 0 0 0 0 0 0 0 0
"143" 143 0.223214285714 18 14 4 3 3 1 1 1 1 1 1 0 0 0 0 0 0 0 0 0
"144" 144 0.415384615385 11 7 6 6 5 4 3 2 2 1 1 0 0 0 0 0 0 0 0 0
"145" 145 0.0 30 14 3 1 0 0 0 0 0 0 0 0 0 0 0 0 0 0 0 0
"146" 146 0.194029850746 22 9 4 4 3 2 2 1 1 0 0 0 0 0 0 0 0 0 0 0
"147" 147 0.563218390805 12 8 6 5 4 2 2 2 2 1 1 1 1 1 0 0 0 0 0 0
"148" 148 0.0077519379845 39 6 2 1 0 0 0 0 0 0 0 0 0 0 0 0 0 0 0 0
"149" 149 0.0 47 1 0 0 0 0 0 0 0 0 0 0 0 0 0 0 0 0 0 0
"150" 150 0.502109704641 19 13 7 5 2 1 1 0 0 0 0 0 0 0 0 0 0 0 0 0
"151" 151 0.248062015504 12 11 9 5 4 2 1 1 1 1 1 0 0 0 0 0 0 0 0 0
"152" 152 0.0 48 0 0 0 0 0 0 0 0 0 0 0 0 0 0 0 0 0 0 0
"153" 153 0.172185430464 13 12 8 5 2 2 2 1 1 1 0 0 0 0 0 0 0 0 0 0
"154" 154 0.564766839378 19 16 3 3 2 2 1 1 1 0 0 0 0 0 0 0 0 0 0 0
"155" 155 0.126903553299 22 7 6 4 3 1 1 1 1 1 1 0 0 0 0 0 0 0 0 0
"156" 156 0.0077519379845 38 9 1 0 0 0 0 0 0 0 0 0 0 0 0 0 0 0 0 0
"157" 157 0.596330275229 10 7 6 4 3 3 2 2 1 1 1 0 0 0 0 0 0 0 0 0
"158" 158 0.598837209302 10 10 8 5 5 2 2 2 1 1 1 0 0 0 0 0 0 0 0 0
"159" 159 0.491071428571 17 9 6 6 3 2 2 1 1 0 0 0 0 0 0 0 0 0 0 0
"160" 160 0.0646766169154 36 12 0 0 0 0 0 0 0 0 0 0 0 0 0 0 0 0 0 0
"161" 161 0.289308176101 20 8 7 4 3 2 1 1 1 1 0 0 0 0 0 0 0 0 0 0
"162" 162 0.0503144654088 29 7 6 2 2 1 1 0 0 0 0 0 0 0 0 0 0 0 0 0
"163" 163 0.00581395348837 47 1 0 0 0 0 0 0 0 0 0 0 0 0 0 0 0 0 0 0
"164" 164 0.114832535885 43 4 1 0 0 0 0 0 0 0 0 0 0 0 0 0 0 0 0 0
"165" 165 0.163522012579 47 1 0 0 0 0 0 0 0 0 0 0 0 0 0 0 0 0 0 0
"166" 166 0.10152284264 46 2 0 0 0 0 0 0 0 0 0 0 0 0 0 0 0 0 0 0
"167" 167 0.156934306569 47 1 0 0 0 0 0 0 0 0 0 0 0 0 0 0 0 0 0 0
"168" 168 0.00497512437811 48 0 0 0 0 0 0 0 0 0 0 0 0 0 0 0 0 0 0 0
"169" 169 0.0769230769231 48 0 0 0 0 0 0 0 0 0 0 0 0 0 0 0 0 0 0 0
"170" 170 0.0149253731343 48 0 0 0 0 0 0 0 0 0 0 0 0 0 0 0 0 0 0 0
"171" 171 0.0697674418605 48 0 0 0 0 0 0 0 0 0 0 0 0 0 0 0 0 0 0 0
"172" 172 0.0696517412935 48 0 0 0 0 0 0 0 0 0 0 0 0 0 0 0 0 0 0 0
"173" 173 0.148717948718 48 0 0 0 0 0 0 0 0 0 0 0 0 0 0 0 0 0 0 0
"174" 174 0.0418410041841 44 4 0 0 0 0 0 0 0 0 0 0 0 0 0 0 0 0 0 0
"175" 175 0.0 48 0 0 0 0 0 0 0 0 0 0 0 0 0 0 0 0 0 0 0
"176" 176 0.120689655172 48 0 0 0 0 0 0 0 0 0 0 0 0 0 0 0 0 0 0 0
"177" 177 0.0 46 1 1 0 0 0 0 0 0 0 0 0 0 0 0 0 0 0 0 0
"178" 178 0.117870722433 38 6 3 1 0 0 0 0 0 0 0 0 0 0 0 0 0 0 0 0
"179" 179 0.342205323194 48 0 0 0 0 0 0 0 0 0 0 0 0 0 0 0 0 0 0 0
"180" 180 0.46875 47 1 0 0 0 0 0 0 0 0 0 0 0 0 0 0 0 0 0 0
"181" 181 0.0761421319797 44 4 0 0 0 0 0 0 0 0 0 0 0 0 0 0 0 0 0 0
"182" 182 0.233830845771 27 7 6 2 2 2 1 1 0 0 0 0 0 0 0 0 0 0 0 0
"183" 183 0.692307692308 41 1 1 1 1 1 1 1 0 0 0 0 0 0 0 0 0 0 0 0
"184" 184 0.12582781457 21 7 7 5 3 1 1 1 1 1 0 0 0 0 0 0 0 0 0 0
"185" 185 0.396226415094 43 3 2 0 0 0 0 0 0 0 0 0 0 0 0 0 0 0 0 0
"186" 186 0.414507772021 18 18 2 2 2 2 1 1 1 1 0 0 0 0 0 0 0 0 0 0
"187" 187 0.434306569343 16 15 8 6 1 1 1 0 0 0 0 0 0 0 0 0 0 0 0 0
"188" 188 0.0 47 1 0 0 0 0 0 0 0 0 0 0 0 0 0 0 0 0 0 0
"189" 189 0.158227848101 46 2 0 0 0 0 0 0 0 0 0 0 0 0 0 0 0 0 0 0
"190" 190 0.222627737226 9 6 6 5 5 4 3 3 3 2 1 1 0 0 0 0 0 0 0 0
"191" 191 0.238805970149 42 4 1 1 0 0 0 0 0 0 0 0 0 0 0 0 0 0 0 0
"192" 192 0.0 48 0 0 0 0 0 0 0 0 0 0 0 0 0 0 0 0 0 0 0
"193" 193 0.430379746835 39 5 3 1 0 0 0 0 0 0 0 0 0 0 0 0 0 0 0 0
"194" 194 0.341085271318 16 9 6 5 4 2 2 2 1 1 0 0 0 0 0 0 0 0 0 0
"195" 195 0.108527131783 46 1 1 0 0 0 0 0 0 0 0 0 0 0 0 0 0 0 0 0
"196" 196 0.146443514644 48 0 0 0 0 0 0 0 0 0 0 0 0 0 0 0 0 0 0 0
"197" 197 0.341968911917 44 3 1 0 0 0 0 0 0 0 0 0 0 0 0 0 0 0 0 0
"198" 198 0.383419689119 26 16 2 1 1 1 1 0 0 0 0 0 0 0 0 0 0 0 0 0
"199" 199 0.0 46 2 0 0 0 0 0 0 0 0 0 0 0 0 0 0 0 0 0 0
"200" 200 0.41116751269 43 2 1 1 1 0 0 0 0 0 0 0 0 0 0 0 0 0 0 0
"201" 201 0.612403100775 33 6 3 2 2 1 1 0 0 0 0 0 0 0 0 0 0 0 0 0
"202" 202 0.392857142857 33 9 2 1 1 1 1 0 0 0 0 0 0 0 0 0 0 0 0 0
"203" 203 0.378109452736 43 3 1 1 0 0 0 0 0 0 0 0 0 0 0 0 0 0 0 0
"204" 204 0.751295336788 43 3 1 0 0 0 0 0 0 0 0 0 0 0 0 0 0 0 0 0
"205" 205 0.238372093023 22 10 6 4 2 1 1 1 0 0 0 0 0 0 0 0 0 0 0 0
"206" 206 0.283582089552 39 4 3 1 0 0 0 0 0 0 0 0 0 0 0 0 0 0 0 0
"207" 207 0.238410596026 14 11 5 5 4 3 2 2 1 0 0 0 0 0 0 0 0 0 0 0
"208" 208 0.665178571429 42 2 1 1 1 0 0 0 0 0 0 0 0 0 0 0 0 0 0 0
"209" 209 0.709821428571 25 21 1 0 0 0 0 0 0 0 0 0 0 0 0 0 0 0 0 0
"210" 210 0.105960264901 42 3 1 1 0 0 0 0 0 0 0 0 0 0 0 0 0 0 0 0
"211" 211 0.486692015209 43 2 1 1 0 0 0 0 0 0 0 0 0 0 0 0 0 0 0 0
"212" 212 0.341772151899 45 2 0 0 0 0 0 0 0 0 0 0 0 0 0 0 0 0 0 0
"213" 213 0.455958549223 45 2 0 0 0 0 0 0 0 0 0 0 0 0 0 0 0 0 0 0
"214" 214 0.00662251655629 41 4 1 1 0 0 0 0 0 0 0 0 0 0 0 0 0 0 0 0
"215" 215 0.488372093023 44 3 0 0 0 0 0 0 0 0 0 0 0 0 0 0 0 0 0 0
"216" 216 0.502487562189 44 2 1 0 0 0 0 0 0 0 0 0 0 0 0 0 0 0 0 0
"217" 217 0.131979695431 46 1 0 0 0 0 0 0 0 0 0 0 0 0 0 0 0 0 0 0
"218" 218 0.0779816513761 47 0 0 0 0 0 0 0 0 0 0 0 0 0 0 0 0 0 0 0
"219" 219 0.412556053812 47 0 0 0 0 0 0 0 0 0 0 0 0 0 0 0 0 0 0 0
"220" 220 0.298507462687 47 0 0 0 0 0 0 0 0 0 0 0 0 0 0 0 0 0 0 0
"221" 221 0.0 45 2 0 0 0 0 0 0 0 0 0 0 0 0 0 0 0 0 0 0
"222" 222 0.521897810219 47 0 0 0 0 0 0 0 0 0 0 0 0 0 0 0 0 0 0 0
"223" 223 0.378238341969 46 0 0 0 0 0 0 0 0 0 0 0 0 0 0 0 0 0 0 0
"224" 224 0.2 45 0 0 0 0 0 0 0 0 0 0 0 0 0 0 0 0 0 0 0
"225" 225 0.124378109453 45 0 0 0 0 0 0 0 0 0 0 0 0 0 0 0 0 0 0 0
"226" 226 0.546511627907 43 1 1 0 0 0 0 0 0 0 0 0 0 0 0 0 0 0 0 0
"227" 227 0.676616915423 44 1 0 0 0 0 0 0 0 0 0 0 0 0 0 0 0 0 0 0
"228" 228 0.120567375887 44 1 0 0 0 0 0 0 0 0 0 0 0 0 0 0 0 0 0 0
"229" 229 0.767441860465 40 1 1 1 0 0 0 0 0 0 0 0 0 0 0 0 0 0 0 0
