"site" "RSA" "aa1" "aa2" "aa3" "aa4" "aa5" "aa6" "aa7" "aa8" "aa9" "aa10" "aa11" "aa12" "aa13" "aa14" "aa15" "aa16" "aa17" "aa18" "aa19" "aa20"
"0" 0 0.569037656904 4 0 0 0 0 0 0 0 0 0 0 0 0 0 0 0 0 0 0 0
"1" 1 0.343023255814 5 3 3 2 1 1 0 0 0 0 0 0 0 0 0 0 0 0 0 0
"2" 2 0.0 36 1 1 0 0 0 0 0 0 0 0 0 0 0 0 0 0 0 0 0
"3" 3 0.287179487179 9 7 6 2 2 2 2 2 1 1 1 1 1 1 0 0 0 0 0 0
"4" 4 0.526785714286 26 7 1 1 1 1 1 1 0 0 0 0 0 0 0 0 0 0 0 0
"5" 5 0.848101265823 6 6 5 4 4 3 3 2 2 2 1 1 0 0 0 0 0 0 0 0
"6" 6 0.282511210762 11 10 7 2 1 1 1 1 1 1 1 1 1 0 0 0 0 0 0 0
"7" 7 0.18407960199 14 12 8 4 1 0 0 0 0 0 0 0 0 0 0 0 0 0 0 0
"8" 8 0.226744186047 12 9 4 3 3 2 1 1 1 1 1 1 1 0 0 0 0 0 0 0
"9" 9 0.818652849741 11 8 6 4 4 3 2 1 1 1 0 0 0 0 0 0 0 0 0 0
"10" 10 0.357512953368 22 14 3 3 1 0 0 0 0 0 0 0 0 0 0 0 0 0 0 0
"11" 11 0.0 41 2 0 0 0 0 0 0 0 0 0 0 0 0 0 0 0 0 0 0
"12" 12 0.203045685279 16 11 11 3 2 0 0 0 0 0 0 0 0 0 0 0 0 0 0 0
"13" 13 0.424870466321 7 7 6 4 3 3 2 2 2 2 2 1 1 1 0 0 0 0 0 0
"14" 14 0.0149253731343 39 4 0 0 0 0 0 0 0 0 0 0 0 0 0 0 0 0 0 0
"15" 15 0.00836820083682 43 0 0 0 0 0 0 0 0 0 0 0 0 0 0 0 0 0 0 0
"16" 16 0.296511627907 8 7 6 4 4 4 3 2 1 1 1 1 1 0 0 0 0 0 0 0
"17" 17 0.409282700422 12 9 5 3 3 2 2 2 1 1 1 1 1 0 0 0 0 0 0 0
"18" 18 0.00354609929078 43 0 0 0 0 0 0 0 0 0 0 0 0 0 0 0 0 0 0 0
"19" 19 0.0543933054393 40 2 1 0 0 0 0 0 0 0 0 0 0 0 0 0 0 0 0 0
"20" 20 0.317948717949 14 7 5 4 4 4 2 2 1 0 0 0 0 0 0 0 0 0 0 0
"21" 21 0.28125 14 14 12 1 1 1 0 0 0 0 0 0 0 0 0 0 0 0 0 0
"22" 22 0.0 41 2 0 0 0 0 0 0 0 0 0 0 0 0 0 0 0 0 0 0
"23" 23 0.489451476793 9 7 5 3 3 2 2 2 1 1 0 0 0 0 0 0 0 0 0 0
"24" 24 0.678571428571 10 9 5 5 4 3 1 1 1 1 1 0 0 0 0 0 0 0 0 0
"25" 25 0.170984455959 24 5 3 2 2 2 1 1 1 1 1 0 0 0 0 0 0 0 0 0
"26" 26 0.723270440252 10 8 6 5 4 4 2 2 1 1 0 0 0 0 0 0 0 0 0 0
"27" 27 0.419708029197 19 4 4 3 3 2 2 1 1 1 1 1 1 0 0 0 0 0 0 0
"28" 28 0.107142857143 4 3 3 2 2 2 0 0 0 0 0 0 0 0 0 0 0 0 0 0
"29" 29 0.71511627907 7 7 5 4 4 3 2 1 1 1 1 1 1 1 0 0 0 0 0 0
"30" 30 0.432835820896 20 5 3 2 2 1 1 0 0 0 0 0 0 0 0 0 0 0 0 0
"31" 31 0.0566037735849 42 1 0 0 0 0 0 0 0 0 0 0 0 0 0 0 0 0 0 0
"32" 32 0.236607142857 26 17 0 0 0 0 0 0 0 0 0 0 0 0 0 0 0 0 0 0
"33" 33 0.232558139535 30 7 5 1 0 0 0 0 0 0 0 0 0 0 0 0 0 0 0 0
"34" 34 0.0152284263959 30 5 3 3 1 1 0 0 0 0 0 0 0 0 0 0 0 0 0 0
"35" 35 0.255813953488 25 5 5 3 2 2 1 0 0 0 0 0 0 0 0 0 0 0 0 0
"36" 36 0.0 33 7 2 1 0 0 0 0 0 0 0 0 0 0 0 0 0 0 0 0
"37" 37 0.218543046358 29 13 1 0 0 0 0 0 0 0 0 0 0 0 0 0 0 0 0 0
"38" 38 0.0331125827815 41 2 0 0 0 0 0 0 0 0 0 0 0 0 0 0 0 0 0 0
"39" 39 0.193798449612 25 12 3 2 1 0 0 0 0 0 0 0 0 0 0 0 0 0 0 0
"40" 40 0.290178571429 10 9 7 6 4 2 2 2 1 0 0 0 0 0 0 0 0 0 0 0
"41" 41 0.44776119403 11 1 0 0 0 0 0 0 0 0 0 0 0 0 0 0 0 0 0 0
"42" 42 0.698113207547 21 11 3 3 1 1 1 1 1 0 0 0 0 0 0 0 0 0 0 0
"43" 43 0.483443708609 18 12 4 2 2 1 1 1 0 0 0 0 0 0 0 0 0 0 0 0
"44" 44 0.471153846154 42 1 0 0 0 0 0 0 0 0 0 0 0 0 0 0 0 0 0 0
"45" 45 0.565693430657 19 10 8 1 1 1 1 1 1 0 0 0 0 0 0 0 0 0 0 0
"46" 46 0.614942528736 31 12 0 0 0 0 0 0 0 0 0 0 0 0 0 0 0 0 0 0
"47" 47 0.0860927152318 38 2 1 1 1 0 0 0 0 0 0 0 0 0 0 0 0 0 0 0
"48" 48 0.503311258278 24 10 3 2 2 1 1 0 0 0 0 0 0 0 0 0 0 0 0 0
"49" 49 0.186131386861 43 0 0 0 0 0 0 0 0 0 0 0 0 0 0 0 0 0 0 0
"50" 50 0.56345177665 17 11 9 3 2 1 0 0 0 0 0 0 0 0 0 0 0 0 0 0
"51" 51 0.134328358209 38 5 0 0 0 0 0 0 0 0 0 0 0 0 0 0 0 0 0 0
"52" 52 0.477611940299 37 6 0 0 0 0 0 0 0 0 0 0 0 0 0 0 0 0 0 0
"53" 53 0.0418410041841 32 5 4 2 0 0 0 0 0 0 0 0 0 0 0 0 0 0 0 0
"54" 54 0.400843881857 42 1 0 0 0 0 0 0 0 0 0 0 0 0 0 0 0 0 0 0
"55" 55 0.272321428571 17 14 4 4 3 1 0 0 0 0 0 0 0 0 0 0 0 0 0 0
"56" 56 0.233830845771 18 13 8 2 2 0 0 0 0 0 0 0 0 0 0 0 0 0 0 0
"57" 57 0.259067357513 40 2 1 0 0 0 0 0 0 0 0 0 0 0 0 0 0 0 0 0
"58" 58 0.760765550239 16 11 5 4 4 1 1 1 0 0 0 0 0 0 0 0 0 0 0 0
"59" 59 0.244525547445 27 3 3 2 2 1 1 1 1 1 1 0 0 0 0 0 0 0 0 0
"60" 60 0.0288461538462 43 0 0 0 0 0 0 0 0 0 0 0 0 0 0 0 0 0 0 0
"61" 61 0.0 38 4 1 0 0 0 0 0 0 0 0 0 0 0 0 0 0 0 0 0
"62" 62 0.00581395348837 28 10 2 1 1 1 0 0 0 0 0 0 0 0 0 0 0 0 0 0
"63" 63 0.00507614213198 23 7 6 4 3 0 0 0 0 0 0 0 0 0 0 0 0 0 0 0
"64" 64 0.136882129278 23 20 0 0 0 0 0 0 0 0 0 0 0 0 0 0 0 0 0 0
"65" 65 0.0728476821192 32 11 0 0 0 0 0 0 0 0 0 0 0 0 0 0 0 0 0 0
"66" 66 0.0410256410256 43 0 0 0 0 0 0 0 0 0 0 0 0 0 0 0 0 0 0 0
"67" 67 0.0602836879433 30 10 2 1 0 0 0 0 0 0 0 0 0 0 0 0 0 0 0 0
"68" 68 0.346153846154 9 1 1 1 0 0 0 0 0 0 0 0 0 0 0 0 0 0 0 0
"69" 69 0.18023255814 11 10 5 5 4 4 2 1 1 0 0 0 0 0 0 0 0 0 0 0
"70" 70 0.0 38 2 1 1 1 0 0 0 0 0 0 0 0 0 0 0 0 0 0 0
"71" 71 0.328467153285 24 5 3 3 3 2 1 1 0 0 0 0 0 0 0 0 0 0 0 0
"72" 72 0.0295358649789 41 1 1 0 0 0 0 0 0 0 0 0 0 0 0 0 0 0 0 0
"73" 73 0.0387596899225 25 15 2 1 0 0 0 0 0 0 0 0 0 0 0 0 0 0 0 0
"74" 74 0.516746411483 11 9 7 4 4 2 2 1 1 1 1 0 0 0 0 0 0 0 0 0
"75" 75 0.00518134715026 22 14 5 1 1 0 0 0 0 0 0 0 0 0 0 0 0 0 0 0
"76" 76 0.0355329949239 27 7 3 2 1 1 1 1 0 0 0 0 0 0 0 0 0 0 0 0
"77" 77 0.643410852713 17 6 5 4 3 3 2 1 1 1 0 0 0 0 0 0 0 0 0 0
"78" 78 0.313953488372 14 11 4 4 4 3 2 1 0 0 0 0 0 0 0 0 0 0 0 0
"79" 79 0.0666666666667 38 2 1 1 1 0 0 0 0 0 0 0 0 0 0 0 0 0 0 0
"80" 80 0.446540880503 34 4 3 1 1 0 0 0 0 0 0 0 0 0 0 0 0 0 0 0
"81" 81 0.379487179487 9 8 7 7 4 2 2 1 1 1 1 0 0 0 0 0 0 0 0 0
"82" 82 0.077519379845 37 3 2 1 0 0 0 0 0 0 0 0 0 0 0 0 0 0 0 0
"83" 83 0.170542635659 28 13 1 1 0 0 0 0 0 0 0 0 0 0 0 0 0 0 0 0
"84" 84 0.010152284264 40 2 1 0 0 0 0 0 0 0 0 0 0 0 0 0 0 0 0 0
"85" 85 0.212643678161 16 15 11 1 0 0 0 0 0 0 0 0 0 0 0 0 0 0 0 0
"86" 86 0.0 43 0 0 0 0 0 0 0 0 0 0 0 0 0 0 0 0 0 0 0
"87" 87 0.464435146444 11 10 8 4 4 4 1 1 0 0 0 0 0 0 0 0 0 0 0 0
"88" 88 0.00709219858156 43 0 0 0 0 0 0 0 0 0 0 0 0 0 0 0 0 0 0 0
"89" 89 0.611814345992 8 6 5 5 3 2 2 2 2 2 2 2 1 1 0 0 0 0 0 0
"90" 90 0.435233160622 13 11 4 3 2 2 2 1 1 1 1 1 1 0 0 0 0 0 0 0
"91" 91 0.0199004975124 36 4 2 1 0 0 0 0 0 0 0 0 0 0 0 0 0 0 0 0
"92" 92 0.322869955157 30 7 5 1 0 0 0 0 0 0 0 0 0 0 0 0 0 0 0 0
"93" 93 0.036496350365 43 0 0 0 0 0 0 0 0 0 0 0 0 0 0 0 0 0 0 0
"94" 94 0.22869955157 42 1 0 0 0 0 0 0 0 0 0 0 0 0 0 0 0 0 0 0
"95" 95 0.0 43 0 0 0 0 0 0 0 0 0 0 0 0 0 0 0 0 0 0 0
"96" 96 0.302919708029 39 1 1 1 1 0 0 0 0 0 0 0 0 0 0 0 0 0 0 0
"97" 97 0.0 25 17 1 0 0 0 0 0 0 0 0 0 0 0 0 0 0 0 0 0
"98" 98 0.28125 32 4 2 1 1 1 1 1 0 0 0 0 0 0 0 0 0 0 0 0
"99" 99 0.0480769230769 43 0 0 0 0 0 0 0 0 0 0 0 0 0 0 0 0 0 0 0
"100" 100 0.238578680203 9 6 6 5 3 3 3 2 2 1 1 1 1 0 0 0 0 0 0 0
"101" 101 0.0697674418605 28 5 5 3 2 0 0 0 0 0 0 0 0 0 0 0 0 0 0 0
"102" 102 0.25 34 3 2 2 1 1 0 0 0 0 0 0 0 0 0 0 0 0 0 0
"103" 103 0.564593301435 20 8 4 3 3 2 1 1 1 0 0 0 0 0 0 0 0 0 0 0
"104" 104 0.0574712643678 26 10 4 3 0 0 0 0 0 0 0 0 0 0 0 0 0 0 0 0
"105" 105 0.4 29 7 5 1 1 0 0 0 0 0 0 0 0 0 0 0 0 0 0 0
"106" 106 0.332116788321 12 10 7 4 3 3 2 2 0 0 0 0 0 0 0 0 0 0 0 0
"107" 107 0.459821428571 26 9 3 2 2 1 0 0 0 0 0 0 0 0 0 0 0 0 0 0
"108" 108 0.133720930233 33 5 3 1 1 0 0 0 0 0 0 0 0 0 0 0 0 0 0 0
"109" 109 0.00662251655629 40 2 1 0 0 0 0 0 0 0 0 0 0 0 0 0 0 0 0 0
"110" 110 0.34375 20 12 3 3 2 2 1 0 0 0 0 0 0 0 0 0 0 0 0 0
"111" 111 0.467153284672 13 8 5 4 4 2 1 1 1 1 1 1 1 0 0 0 0 0 0 0
"112" 112 0.266159695817 43 0 0 0 0 0 0 0 0 0 0 0 0 0 0 0 0 0 0 0
"113" 113 0.00418410041841 36 4 3 0 0 0 0 0 0 0 0 0 0 0 0 0 0 0 0 0
"114" 114 0.556962025316 9 8 5 4 3 3 3 3 2 1 1 1 0 0 0 0 0 0 0 0
"115" 115 0.622093023256 22 14 2 2 1 1 1 0 0 0 0 0 0 0 0 0 0 0 0 0
"116" 116 0.35401459854 43 0 0 0 0 0 0 0 0 0 0 0 0 0 0 0 0 0 0 0
"117" 117 0.534591194969 36 4 1 1 1 0 0 0 0 0 0 0 0 0 0 0 0 0 0 0
"118" 118 0.704379562044 26 7 4 2 1 1 1 1 0 0 0 0 0 0 0 0 0 0 0 0
"119" 119 0.605769230769 36 4 1 1 1 0 0 0 0 0 0 0 0 0 0 0 0 0 0 0
"120" 120 0.251655629139 41 1 1 0 0 0 0 0 0 0 0 0 0 0 0 0 0 0 0 0
"121" 121 0.0928270042194 19 19 5 0 0 0 0 0 0 0 0 0 0 0 0 0 0 0 0 0
"122" 122 0.10152284264 26 15 1 1 0 0 0 0 0 0 0 0 0 0 0 0 0 0 0 0
"123" 123 0.278846153846 42 1 0 0 0 0 0 0 0 0 0 0 0 0 0 0 0 0 0 0
"124" 124 0.093023255814 43 0 0 0 0 0 0 0 0 0 0 0 0 0 0 0 0 0 0 0
"125" 125 0.315602836879 38 3 1 1 0 0 0 0 0 0 0 0 0 0 0 0 0 0 0 0
"126" 126 0.031007751938 33 7 2 1 0 0 0 0 0 0 0 0 0 0 0 0 0 0 0 0
"127" 127 0.384105960265 43 0 0 0 0 0 0 0 0 0 0 0 0 0 0 0 0 0 0 0
"128" 128 0.627737226277 11 6 6 5 4 4 2 2 2 1 0 0 0 0 0 0 0 0 0 0
"129" 129 0.322869955157 43 0 0 0 0 0 0 0 0 0 0 0 0 0 0 0 0 0 0 0
"130" 130 0.529801324503 43 0 0 0 0 0 0 0 0 0 0 0 0 0 0 0 0 0 0 0
"131" 131 0.388601036269 13 6 6 5 5 3 3 2 0 0 0 0 0 0 0 0 0 0 0 0
"132" 132 0.810344827586 24 6 6 4 1 1 1 0 0 0 0 0 0 0 0 0 0 0 0 0
"133" 133 0.375634517766 29 6 6 1 1 0 0 0 0 0 0 0 0 0 0 0 0 0 0 0
"134" 134 0.759493670886 8 5 5 5 4 3 3 2 1 1 1 1 1 0 0 0 0 0 0 0
"135" 135 0.369230769231 17 14 5 4 3 0 0 0 0 0 0 0 0 0 0 0 0 0 0 0
"136" 136 0.569343065693 43 0 0 0 0 0 0 0 0 0 0 0 0 0 0 0 0 0 0 0
"137" 137 0.517857142857 15 8 5 4 3 3 2 1 1 1 0 0 0 0 0 0 0 0 0 0
"138" 138 0.214285714286 15 13 4 3 3 3 2 0 0 0 0 0 0 0 0 0 0 0 0 0
"139" 139 0.194029850746 43 0 0 0 0 0 0 0 0 0 0 0 0 0 0 0 0 0 0 0
"140" 140 0.357512953368 31 7 2 1 1 1 0 0 0 0 0 0 0 0 0 0 0 0 0 0
"141" 141 0.455357142857 14 7 4 4 4 3 3 1 1 1 1 0 0 0 0 0 0 0 0 0
"142" 142 0.213930348259 21 4 3 3 3 3 3 1 1 1 0 0 0 0 0 0 0 0 0 0
"143" 143 0.313953488372 13 8 6 3 2 2 2 2 1 1 1 1 1 0 0 0 0 0 0 0
"144" 144 0.641255605381 12 11 9 5 3 2 1 0 0 0 0 0 0 0 0 0 0 0 0 0
"145" 145 0.46835443038 32 3 2 2 1 1 1 1 0 0 0 0 0 0 0 0 0 0 0 0
"146" 146 0.184615384615 13 9 7 4 3 2 2 1 1 1 0 0 0 0 0 0 0 0 0 0
"147" 147 0.418604651163 17 5 5 4 4 3 2 2 1 0 0 0 0 0 0 0 0 0 0 0
"148" 148 0.3125 12 7 5 4 4 4 2 2 1 1 1 0 0 0 0 0 0 0 0 0
"149" 149 0.29197080292 17 17 4 3 1 1 0 0 0 0 0 0 0 0 0 0 0 0 0 0
"150" 150 0.117154811715 23 18 2 0 0 0 0 0 0 0 0 0 0 0 0 0 0 0 0 0
"151" 151 0.320675105485 5 5 3 3 2 2 0 0 0 0 0 0 0 0 0 0 0 0 0 0
"152" 152 0.528497409326 13 8 7 5 3 2 2 1 1 1 0 0 0 0 0 0 0 0 0 0
"153" 153 0.418604651163 13 7 6 5 3 3 2 2 1 1 0 0 0 0 0 0 0 0 0 0
"154" 154 0.424107142857 9 8 7 4 3 3 3 2 2 1 0 0 0 0 0 0 0 0 0 0
"155" 155 0.39896373057 12 12 10 2 2 1 1 1 1 1 0 0 0 0 0 0 0 0 0 0
"156" 156 0.0761421319797 22 12 3 0 0 0 0 0 0 0 0 0 0 0 0 0 0 0 0 0
"157" 157 0.503144654088 41 1 1 0 0 0 0 0 0 0 0 0 0 0 0 0 0 0 0 0
"158" 158 0.126582278481 21 8 5 3 3 2 1 0 0 0 0 0 0 0 0 0 0 0 0 0
"159" 159 0.0 43 0 0 0 0 0 0 0 0 0 0 0 0 0 0 0 0 0 0 0
"160" 160 0.746113989637 21 6 6 3 2 2 2 1 0 0 0 0 0 0 0 0 0 0 0 0
"161" 161 0.212927756654 16 16 10 1 0 0 0 0 0 0 0 0 0 0 0 0 0 0 0 0
"162" 162 0.0744680851064 43 0 0 0 0 0 0 0 0 0 0 0 0 0 0 0 0 0 0 0
"163" 163 0.0288461538462 43 0 0 0 0 0 0 0 0 0 0 0 0 0 0 0 0 0 0 0
"164" 164 0.0192307692308 43 0 0 0 0 0 0 0 0 0 0 0 0 0 0 0 0 0 0 0
"165" 165 0.0 21 7 6 5 3 1 0 0 0 0 0 0 0 0 0 0 0 0 0 0
"166" 166 0.0583941605839 39 2 2 0 0 0 0 0 0 0 0 0 0 0 0 0 0 0 0 0
"167" 167 0.0 19 16 8 0 0 0 0 0 0 0 0 0 0 0 0 0 0 0 0 0
"168" 168 0.0 20 10 6 2 2 1 1 1 0 0 0 0 0 0 0 0 0 0 0 0
"169" 169 0.0251572327044 43 0 0 0 0 0 0 0 0 0 0 0 0 0 0 0 0 0 0 0
"170" 170 0.208955223881 13 11 6 5 2 2 1 1 1 1 0 0 0 0 0 0 0 0 0 0
"171" 171 0.254464285714 9 9 8 5 4 3 1 1 1 1 1 0 0 0 0 0 0 0 0 0
"172" 172 0.0 23 11 7 1 1 0 0 0 0 0 0 0 0 0 0 0 0 0 0 0
"173" 173 0.0223214285714 43 0 0 0 0 0 0 0 0 0 0 0 0 0 0 0 0 0 0 0
"174" 174 0.0 43 0 0 0 0 0 0 0 0 0 0 0 0 0 0 0 0 0 0 0
"175" 175 0.124113475177 43 0 0 0 0 0 0 0 0 0 0 0 0 0 0 0 0 0 0 0
"176" 176 0.00448430493274 43 0 0 0 0 0 0 0 0 0 0 0 0 0 0 0 0 0 0 0
"177" 177 0.0480769230769 43 0 0 0 0 0 0 0 0 0 0 0 0 0 0 0 0 0 0 0
"178" 178 0.288321167883 35 4 3 1 0 0 0 0 0 0 0 0 0 0 0 0 0 0 0 0
"179" 179 0.761006289308 20 4 4 3 3 2 2 1 1 1 1 1 0 0 0 0 0 0 0 0
"180" 180 0.430463576159 32 7 3 1 0 0 0 0 0 0 0 0 0 0 0 0 0 0 0 0
"181" 181 0.748175182482 43 0 0 0 0 0 0 0 0 0 0 0 0 0 0 0 0 0 0 0
"182" 182 0.592039800995 42 1 0 0 0 0 0 0 0 0 0 0 0 0 0 0 0 0 0 0
"183" 183 0.200956937799 43 0 0 0 0 0 0 0 0 0 0 0 0 0 0 0 0 0 0 0
"184" 184 0.0518134715026 43 0 0 0 0 0 0 0 0 0 0 0 0 0 0 0 0 0 0 0
"185" 185 0.178832116788 43 0 0 0 0 0 0 0 0 0 0 0 0 0 0 0 0 0 0 0
"186" 186 0.0209205020921 24 13 6 0 0 0 0 0 0 0 0 0 0 0 0 0 0 0 0 0
"187" 187 0.0 14 7 5 5 3 2 2 2 2 1 0 0 0 0 0 0 0 0 0 0
"188" 188 0.0 36 7 0 0 0 0 0 0 0 0 0 0 0 0 0 0 0 0 0 0
"189" 189 0.372262773723 8 6 6 3 1 1 1 1 0 0 0 0 0 0 0 0 0 0 0 0
"190" 190 0.142335766423 24 4 3 2 1 1 1 1 0 0 0 0 0 0 0 0 0 0 0 0
"191" 191 0.721518987342 8 8 4 3 3 3 3 2 2 1 1 1 1 0 0 0 0 0 0 0
"192" 192 0.366279069767 6 6 5 4 4 4 3 2 1 1 1 1 0 0 0 0 0 0 0 0
"193" 193 0.290178571429 6 6 5 5 4 4 4 2 2 2 1 1 0 0 0 0 0 0 0 0
"194" 194 0.671794871795 14 8 5 3 3 3 2 1 1 1 1 0 0 0 0 0 0 0 0 0
"195" 195 0.295336787565 12 11 4 4 2 2 2 1 1 1 1 0 0 0 0 0 0 0 0 0
"196" 196 0.610062893082 8 5 5 5 4 3 2 2 2 1 1 0 0 0 0 0 0 0 0 0
"197" 197 0.173758865248 41 1 0 0 0 0 0 0 0 0 0 0 0 0 0 0 0 0 0 0
"198" 198 0.527426160338 8 6 6 5 5 3 2 2 2 1 1 1 0 0 0 0 0 0 0 0
"199" 199 0.367816091954 25 6 5 4 2 0 0 0 0 0 0 0 0 0 0 0 0 0 0 0
"200" 200 0.379310344828 14 9 8 5 2 1 1 1 1 0 0 0 0 0 0 0 0 0 0 0
"201" 201 0.379562043796 42 0 0 0 0 0 0 0 0 0 0 0 0 0 0 0 0 0 0 0
"202" 202 0.199004975124 42 0 0 0 0 0 0 0 0 0 0 0 0 0 0 0 0 0 0 0
"203" 203 0.581395348837 22 16 4 0 0 0 0 0 0 0 0 0 0 0 0 0 0 0 0 0
"204" 204 0.610062893082 42 0 0 0 0 0 0 0 0 0 0 0 0 0 0 0 0 0 0 0
