"site" "RSA" "aa1" "aa2" "aa3" "aa4" "aa5" "aa6" "aa7" "aa8" "aa9" "aa10" "aa11" "aa12" "aa13" "aa14" "aa15" "aa16" "aa17" "aa18" "aa19" "aa20"
"0" 0 1.05128205128 3 1 0 0 0 0 0 0 0 0 0 0 0 0 0 0 0 0 0 0
"1" 1 0.651162790698 28 3 0 0 0 0 0 0 0 0 0 0 0 0 0 0 0 0 0 0
"2" 2 0.483443708609 31 0 0 0 0 0 0 0 0 0 0 0 0 0 0 0 0 0 0 0
"3" 3 0.53164556962 6 5 4 3 3 3 2 2 1 1 1 0 0 0 0 0 0 0 0 0
"4" 4 0.209302325581 27 2 1 1 0 0 0 0 0 0 0 0 0 0 0 0 0 0 0 0
"5" 5 0.403041825095 23 7 1 0 0 0 0 0 0 0 0 0 0 0 0 0 0 0 0 0
"6" 6 0.616352201258 30 1 0 0 0 0 0 0 0 0 0 0 0 0 0 0 0 0 0 0
"7" 7 0.37984496124 17 6 4 3 1 0 0 0 0 0 0 0 0 0 0 0 0 0 0 0
"8" 8 0.0077519379845 24 7 0 0 0 0 0 0 0 0 0 0 0 0 0 0 0 0 0 0
"9" 9 0.5 24 7 0 0 0 0 0 0 0 0 0 0 0 0 0 0 0 0 0 0
"10" 10 0.472868217054 25 5 2 1 0 0 0 0 0 0 0 0 0 0 0 0 0 0 0 0
"11" 11 0.0995024875622 27 5 1 0 0 0 0 0 0 0 0 0 0 0 0 0 0 0 0 0
"12" 12 0.670886075949 27 6 0 0 0 0 0 0 0 0 0 0 0 0 0 0 0 0 0 0
"13" 13 0.637130801688 33 0 0 0 0 0 0 0 0 0 0 0 0 0 0 0 0 0 0 0
"14" 14 0.365384615385 28 5 0 0 0 0 0 0 0 0 0 0 0 0 0 0 0 0 0 0
"15" 15 0.230769230769 31 1 1 0 0 0 0 0 0 0 0 0 0 0 0 0 0 0 0 0
"16" 16 0.266159695817 15 12 6 0 0 0 0 0 0 0 0 0 0 0 0 0 0 0 0 0
"17" 17 0.0 29 1 1 1 1 0 0 0 0 0 0 0 0 0 0 0 0 0 0 0
"18" 18 0.183544303797 16 15 1 1 0 0 0 0 0 0 0 0 0 0 0 0 0 0 0 0
"19" 19 0.010152284264 19 14 0 0 0 0 0 0 0 0 0 0 0 0 0 0 0 0 0 0
"20" 20 0.676923076923 32 1 0 0 0 0 0 0 0 0 0 0 0 0 0 0 0 0 0 0
"21" 21 0.701923076923 23 4 2 2 1 1 0 0 0 0 0 0 0 0 0 0 0 0 0 0
"22" 22 0.277372262774 28 2 1 1 1 0 0 0 0 0 0 0 0 0 0 0 0 0 0 0
"23" 23 0.0817610062893 32 1 0 0 0 0 0 0 0 0 0 0 0 0 0 0 0 0 0 0
"24" 24 0.0 33 0 0 0 0 0 0 0 0 0 0 0 0 0 0 0 0 0 0 0
"25" 25 0.379746835443 31 2 0 0 0 0 0 0 0 0 0 0 0 0 0 0 0 0 0 0
"26" 26 0.0114942528736 27 5 1 0 0 0 0 0 0 0 0 0 0 0 0 0 0 0 0 0
"27" 27 0.304568527919 30 2 1 0 0 0 0 0 0 0 0 0 0 0 0 0 0 0 0 0
"28" 28 0.383419689119 18 15 0 0 0 0 0 0 0 0 0 0 0 0 0 0 0 0 0 0
"29" 29 0.318407960199 28 3 2 0 0 0 0 0 0 0 0 0 0 0 0 0 0 0 0 0
"30" 30 0.476821192053 30 3 0 0 0 0 0 0 0 0 0 0 0 0 0 0 0 0 0 0
"31" 31 0.459770114943 33 0 0 0 0 0 0 0 0 0 0 0 0 0 0 0 0 0 0 0
"32" 32 0.350993377483 33 0 0 0 0 0 0 0 0 0 0 0 0 0 0 0 0 0 0 0
"33" 33 0.818565400844 33 0 0 0 0 0 0 0 0 0 0 0 0 0 0 0 0 0 0 0
"34" 34 0.558139534884 31 2 0 0 0 0 0 0 0 0 0 0 0 0 0 0 0 0 0 0
"35" 35 0.5 33 0 0 0 0 0 0 0 0 0 0 0 0 0 0 0 0 0 0 0
"36" 36 0.864978902954 33 0 0 0 0 0 0 0 0 0 0 0 0 0 0 0 0 0 0 0
"37" 37 0.789473684211 33 0 0 0 0 0 0 0 0 0 0 0 0 0 0 0 0 0 0 0
"38" 38 0.548076923077 33 0 0 0 0 0 0 0 0 0 0 0 0 0 0 0 0 0 0 0
"39" 39 0.473684210526 33 0 0 0 0 0 0 0 0 0 0 0 0 0 0 0 0 0 0 0
"40" 40 0.116279069767 33 0 0 0 0 0 0 0 0 0 0 0 0 0 0 0 0 0 0 0
"41" 41 0.413502109705 33 0 0 0 0 0 0 0 0 0 0 0 0 0 0 0 0 0 0 0
"42" 42 0.0229885057471 26 6 1 0 0 0 0 0 0 0 0 0 0 0 0 0 0 0 0 0
"43" 43 0.278145695364 30 1 1 1 0 0 0 0 0 0 0 0 0 0 0 0 0 0 0 0
"44" 44 0.010152284264 20 8 4 1 0 0 0 0 0 0 0 0 0 0 0 0 0 0 0 0
"45" 45 0.0977011494253 31 1 1 0 0 0 0 0 0 0 0 0 0 0 0 0 0 0 0 0
"46" 46 0.0 17 16 0 0 0 0 0 0 0 0 0 0 0 0 0 0 0 0 0 0
"47" 47 0.255813953488 15 13 2 2 1 0 0 0 0 0 0 0 0 0 0 0 0 0 0 0
"48" 48 0.020725388601 33 0 0 0 0 0 0 0 0 0 0 0 0 0 0 0 0 0 0 0
"49" 49 0.137055837563 32 1 0 0 0 0 0 0 0 0 0 0 0 0 0 0 0 0 0 0
"50" 50 0.0460251046025 33 0 0 0 0 0 0 0 0 0 0 0 0 0 0 0 0 0 0 0
"51" 51 0.406976744186 30 1 1 1 0 0 0 0 0 0 0 0 0 0 0 0 0 0 0 0
"52" 52 0.509615384615 18 6 5 3 1 0 0 0 0 0 0 0 0 0 0 0 0 0 0 0
"53" 53 0.507692307692 31 2 0 0 0 0 0 0 0 0 0 0 0 0 0 0 0 0 0 0
"54" 54 0.569343065693 31 1 1 0 0 0 0 0 0 0 0 0 0 0 0 0 0 0 0 0
"55" 55 0.174129353234 20 8 3 1 1 0 0 0 0 0 0 0 0 0 0 0 0 0 0 0
"56" 56 0.535714285714 33 0 0 0 0 0 0 0 0 0 0 0 0 0 0 0 0 0 0 0
"57" 57 0.248704663212 32 1 0 0 0 0 0 0 0 0 0 0 0 0 0 0 0 0 0 0
"58" 58 0.439461883408 13 13 3 2 2 0 0 0 0 0 0 0 0 0 0 0 0 0 0 0
"59" 59 0.0542635658915 24 7 1 1 0 0 0 0 0 0 0 0 0 0 0 0 0 0 0 0
"60" 60 0.433962264151 33 0 0 0 0 0 0 0 0 0 0 0 0 0 0 0 0 0 0 0
"61" 61 0.198675496689 27 6 0 0 0 0 0 0 0 0 0 0 0 0 0 0 0 0 0 0
"62" 62 0.511627906977 26 7 0 0 0 0 0 0 0 0 0 0 0 0 0 0 0 0 0 0
"63" 63 0.44976076555 33 0 0 0 0 0 0 0 0 0 0 0 0 0 0 0 0 0 0 0
"64" 64 0.487179487179 33 0 0 0 0 0 0 0 0 0 0 0 0 0 0 0 0 0 0 0
"65" 65 0.051724137931 28 3 1 1 0 0 0 0 0 0 0 0 0 0 0 0 0 0 0 0
"66" 66 0.339285714286 21 6 4 1 1 0 0 0 0 0 0 0 0 0 0 0 0 0 0 0
"67" 67 0.0977011494253 32 1 0 0 0 0 0 0 0 0 0 0 0 0 0 0 0 0 0 0
"68" 68 0.0566037735849 33 0 0 0 0 0 0 0 0 0 0 0 0 0 0 0 0 0 0 0
"69" 69 0.481171548117 14 7 7 5 0 0 0 0 0 0 0 0 0 0 0 0 0 0 0 0
"70" 70 0.201149425287 30 2 1 0 0 0 0 0 0 0 0 0 0 0 0 0 0 0 0 0
"71" 71 0.586497890295 21 3 3 3 2 1 0 0 0 0 0 0 0 0 0 0 0 0 0 0
"72" 72 0.482558139535 31 2 0 0 0 0 0 0 0 0 0 0 0 0 0 0 0 0 0 0
"73" 73 0.426778242678 7 6 5 4 3 3 2 2 1 0 0 0 0 0 0 0 0 0 0 0
"74" 74 0.337209302326 17 16 0 0 0 0 0 0 0 0 0 0 0 0 0 0 0 0 0 0
"75" 75 0.0798479087452 20 11 2 0 0 0 0 0 0 0 0 0 0 0 0 0 0 0 0 0
"76" 76 0.218543046358 28 2 1 1 1 0 0 0 0 0 0 0 0 0 0 0 0 0 0 0
"77" 77 0.0574712643678 28 3 2 0 0 0 0 0 0 0 0 0 0 0 0 0 0 0 0 0
"78" 78 0.502487562189 11 10 5 4 1 1 1 0 0 0 0 0 0 0 0 0 0 0 0 0
"79" 79 0.336787564767 26 4 1 1 1 0 0 0 0 0 0 0 0 0 0 0 0 0 0 0
"80" 80 0.111675126904 28 3 1 1 0 0 0 0 0 0 0 0 0 0 0 0 0 0 0 0
"81" 81 0.488789237668 10 6 2 2 2 1 0 0 0 0 0 0 0 0 0 0 0 0 0 0
"82" 82 0.572327044025 22 4 1 1 1 1 0 0 0 0 0 0 0 0 0 0 0 0 0 0
"83" 83 0.174358974359 31 2 0 0 0 0 0 0 0 0 0 0 0 0 0 0 0 0 0 0
"84" 84 0.816964285714 0 0 0 0 0 0 0 0 0 0 0 0 0 0 0 0 0 0 0 0
"85" 85 0.367875647668 0 0 0 0 0 0 0 0 0 0 0 0 0 0 0 0 0 0 0 0
"86" 86 0.754716981132 0 0 0 0 0 0 0 0 0 0 0 0 0 0 0 0 0 0 0 0
"87" 87 0.735099337748 0 0 0 0 0 0 0 0 0 0 0 0 0 0 0 0 0 0 0 0
"88" 88 0.437810945274 0 0 0 0 0 0 0 0 0 0 0 0 0 0 0 0 0 0 0 0
"89" 89 0.465408805031 0 0 0 0 0 0 0 0 0 0 0 0 0 0 0 0 0 0 0 0
"90" 90 0.350993377483 29 2 1 1 0 0 0 0 0 0 0 0 0 0 0 0 0 0 0 0
"91" 91 0.354066985646 21 11 1 0 0 0 0 0 0 0 0 0 0 0 0 0 0 0 0 0
"92" 92 0.0597014925373 20 8 3 1 1 0 0 0 0 0 0 0 0 0 0 0 0 0 0 0
"93" 93 0.12582781457 18 6 2 2 2 1 1 1 0 0 0 0 0 0 0 0 0 0 0 0
"94" 94 0.0149253731343 31 1 0 0 0 0 0 0 0 0 0 0 0 0 0 0 0 0 0 0
"95" 95 0.305699481865 9 7 5 4 2 2 1 1 1 1 0 0 0 0 0 0 0 0 0 0
"96" 96 0.818652849741 20 7 2 1 1 1 1 0 0 0 0 0 0 0 0 0 0 0 0 0
"97" 97 0.727678571429 11 10 3 3 2 1 1 1 0 0 0 0 0 0 0 0 0 0 0 0
"98" 98 0.663461538462 33 0 0 0 0 0 0 0 0 0 0 0 0 0 0 0 0 0 0 0
"99" 99 0.584821428571 11 10 5 3 2 1 1 0 0 0 0 0 0 0 0 0 0 0 0 0
"100" 100 0.496688741722 22 5 2 2 1 1 0 0 0 0 0 0 0 0 0 0 0 0 0 0
"101" 101 0.153284671533 18 15 0 0 0 0 0 0 0 0 0 0 0 0 0 0 0 0 0 0
"102" 102 0.459821428571 18 11 1 1 1 1 0 0 0 0 0 0 0 0 0 0 0 0 0 0
"103" 103 0.544041450777 33 0 0 0 0 0 0 0 0 0 0 0 0 0 0 0 0 0 0 0
"104" 104 0.0746268656716 19 10 4 0 0 0 0 0 0 0 0 0 0 0 0 0 0 0 0 0
"105" 105 0.367875647668 20 7 1 1 1 1 1 1 0 0 0 0 0 0 0 0 0 0 0 0
"106" 106 0.169811320755 17 9 4 1 1 1 0 0 0 0 0 0 0 0 0 0 0 0 0 0
"107" 107 0.641509433962 31 1 1 0 0 0 0 0 0 0 0 0 0 0 0 0 0 0 0 0
"108" 108 0.455958549223 16 14 2 1 0 0 0 0 0 0 0 0 0 0 0 0 0 0 0 0
"109" 109 0.581395348837 19 5 4 1 1 1 1 1 0 0 0 0 0 0 0 0 0 0 0 0
"110" 110 0.527131782946 17 10 2 1 1 1 1 0 0 0 0 0 0 0 0 0 0 0 0 0
"111" 111 0.124378109453 17 8 7 1 0 0 0 0 0 0 0 0 0 0 0 0 0 0 0 0
"112" 112 0.325581395349 24 5 2 2 0 0 0 0 0 0 0 0 0 0 0 0 0 0 0 0
"113" 113 0.406976744186 8 6 4 3 3 3 2 1 1 1 1 0 0 0 0 0 0 0 0 0
"114" 114 0.42600896861 9 9 7 3 3 2 0 0 0 0 0 0 0 0 0 0 0 0 0 0
"115" 115 0.0304568527919 22 8 2 1 0 0 0 0 0 0 0 0 0 0 0 0 0 0 0 0
"116" 116 0.451476793249 10 7 5 5 1 1 1 1 1 0 0 0 0 0 0 0 0 0 0 0
"117" 117 0.495535714286 6 5 5 4 3 3 3 3 0 0 0 0 0 0 0 0 0 0 0 0
"118" 118 0.188340807175 7 7 6 3 3 2 1 1 1 1 0 0 0 0 0 0 0 0 0 0
"119" 119 0.234309623431 23 4 1 1 1 1 1 0 0 0 0 0 0 0 0 0 0 0 0 0
"120" 120 0.523316062176 13 10 3 2 1 1 1 1 0 0 0 0 0 0 0 0 0 0 0 0
"121" 121 0.476821192053 12 9 3 3 2 1 1 1 0 0 0 0 0 0 0 0 0 0 0 0
"122" 122 0.644230769231 23 3 3 2 1 0 0 0 0 0 0 0 0 0 0 0 0 0 0 0
"123" 123 0.485232067511 20 6 2 1 1 1 0 0 0 0 0 0 0 0 0 0 0 0 0 0
"124" 124 0.455357142857 16 6 5 2 1 1 0 0 0 0 0 0 0 0 0 0 0 0 0 0
"125" 125 0.00574712643678 11 7 6 4 2 1 0 0 0 0 0 0 0 0 0 0 0 0 0 0
"126" 126 0.169154228856 13 7 5 3 3 1 0 0 0 0 0 0 0 0 0 0 0 0 0 0
"127" 127 0.0 19 7 4 2 0 0 0 0 0 0 0 0 0 0 0 0 0 0 0 0
"128" 128 0.0747126436782 18 5 3 3 2 1 0 0 0 0 0 0 0 0 0 0 0 0 0 0
"129" 129 0.0 31 1 0 0 0 0 0 0 0 0 0 0 0 0 0 0 0 0 0 0
"130" 130 0.0689655172414 21 5 2 2 2 0 0 0 0 0 0 0 0 0 0 0 0 0 0 0
"131" 131 0.225165562914 14 6 3 2 1 1 0 0 0 0 0 0 0 0 0 0 0 0 0 0
"132" 132 0.147286821705 29 2 1 0 0 0 0 0 0 0 0 0 0 0 0 0 0 0 0 0
"133" 133 0.730769230769 28 1 1 1 1 0 0 0 0 0 0 0 0 0 0 0 0 0 0 0
"134" 134 0.343023255814 26 2 2 1 1 0 0 0 0 0 0 0 0 0 0 0 0 0 0 0
"135" 135 0.339285714286 32 0 0 0 0 0 0 0 0 0 0 0 0 0 0 0 0 0 0 0
"136" 136 0.134529147982 6 6 5 4 3 3 1 1 1 0 0 0 0 0 0 0 0 0 0 0
"137" 137 0.0114942528736 11 8 6 1 0 0 0 0 0 0 0 0 0 0 0 0 0 0 0 0
"138" 138 0.28855721393 14 7 2 0 0 0 0 0 0 0 0 0 0 0 0 0 0 0 0 0
"139" 139 0.47533632287 13 3 2 2 2 0 0 0 0 0 0 0 0 0 0 0 0 0 0 0
"140" 140 0.197674418605 5 4 3 2 2 2 1 1 1 1 0 0 0 0 0 0 0 0 0 0
"141" 141 0.379746835443 19 3 0 0 0 0 0 0 0 0 0 0 0 0 0 0 0 0 0 0
"142" 142 0.282051282051 6 4 3 2 0 0 0 0 0 0 0 0 0 0 0 0 0 0 0 0
"143" 143 0.410852713178 9 2 1 1 0 0 0 0 0 0 0 0 0 0 0 0 0 0 0 0
"144" 144 1.23255813953 2 1 0 0 0 0 0 0 0 0 0 0 0 0 0 0 0 0 0 0
