"site" "RSA" "aa1" "aa2" "aa3" "aa4" "aa5" "aa6" "aa7" "aa8" "aa9" "aa10" "aa11" "aa12" "aa13" "aa14" "aa15" "aa16" "aa17" "aa18" "aa19" "aa20"
"0" 0 0.459770114943 255 136 31 17 17 10 8 7 5 4 3 2 2 1 1 1 0 0 0 0
"1" 1 0.219730941704 268 95 51 26 25 16 14 2 2 1 0 0 0 0 0 0 0 0 0 0
"2" 2 0.0 492 7 1 0 0 0 0 0 0 0 0 0 0 0 0 0 0 0 0 0
"3" 3 0.218390804598 343 26 22 21 20 19 14 12 12 11 0 0 0 0 0 0 0 0 0 0
"4" 4 0.0 496 4 0 0 0 0 0 0 0 0 0 0 0 0 0 0 0 0 0 0
"5" 5 0.396551724138 141 94 75 70 29 24 22 14 5 4 4 4 4 3 3 2 1 1 0 0
"6" 6 0.0 500 0 0 0 0 0 0 0 0 0 0 0 0 0 0 0 0 0 0 0
"7" 7 0.590717299578 108 95 87 55 34 23 21 15 13 13 11 8 6 6 2 1 1 1 0 0
"8" 8 0.375 500 0 0 0 0 0 0 0 0 0 0 0 0 0 0 0 0 0 0 0
"9" 9 0.922279792746 205 97 48 30 20 18 14 10 10 9 8 7 7 5 4 3 3 2 0 0
"10" 10 0.503875968992 235 97 61 25 21 20 18 7 5 5 2 2 1 1 0 0 0 0 0 0
"11" 11 0.576923076923 500 0 0 0 0 0 0 0 0 0 0 0 0 0 0 0 0 0 0 0
"12" 12 0.0574712643678 493 6 1 0 0 0 0 0 0 0 0 0 0 0 0 0 0 0 0 0
"13" 13 0.397350993377 136 81 77 53 33 25 17 16 16 11 10 9 8 6 2 0 0 0 0 0
"14" 14 0.144230769231 500 0 0 0 0 0 0 0 0 0 0 0 0 0 0 0 0 0 0 0
"15" 15 0.35632183908 200 101 37 37 27 25 21 17 14 8 4 4 2 1 1 1 0 0 0 0
"16" 16 0.0 500 0 0 0 0 0 0 0 0 0 0 0 0 0 0 0 0 0 0 0
"17" 17 0.261603375527 160 82 42 42 27 27 25 22 19 15 11 9 4 4 4 3 3 1 0 0
"18" 18 0.00418410041841 492 8 0 0 0 0 0 0 0 0 0 0 0 0 0 0 0 0 0 0
"19" 19 0.446428571429 253 48 32 29 25 23 21 19 17 13 6 6 4 2 1 1 0 0 0 0
"20" 20 0.0 500 0 0 0 0 0 0 0 0 0 0 0 0 0 0 0 0 0 0 0
"21" 21 0.589147286822 85 70 54 46 45 42 30 26 23 20 15 12 10 8 6 5 2 1 0 0
"22" 22 0.35761589404 129 78 67 50 42 33 32 19 18 16 11 4 1 0 0 0 0 0 0 0
"23" 23 0.410714285714 391 44 28 13 12 5 5 2 0 0 0 0 0 0 0 0 0 0 0 0
"24" 24 0.695364238411 86 70 59 57 39 33 33 32 28 20 16 12 7 4 2 2 0 0 0 0
"25" 25 0.258928571429 88 81 79 47 42 36 34 28 26 20 8 4 3 2 2 0 0 0 0 0
"26" 26 0.308176100629 461 26 10 3 0 0 0 0 0 0 0 0 0 0 0 0 0 0 0 0
"27" 27 0.0 500 0 0 0 0 0 0 0 0 0 0 0 0 0 0 0 0 0 0 0
"28" 28 0.151162790698 226 89 46 39 31 21 16 9 6 5 3 3 3 3 0 0 0 0 0 0
"29" 29 0.0 456 41 2 1 0 0 0 0 0 0 0 0 0 0 0 0 0 0 0 0
"30" 30 0.298013245033 179 147 59 47 17 16 12 7 5 3 3 2 1 1 1 0 0 0 0 0
"31" 31 0.12927756654 350 146 4 0 0 0 0 0 0 0 0 0 0 0 0 0 0 0 0 0
"32" 32 0.446428571429 146 97 73 72 32 25 24 20 4 3 2 1 1 0 0 0 0 0 0 0
"33" 33 0.00507614213198 469 31 0 0 0 0 0 0 0 0 0 0 0 0 0 0 0 0 0 0
"34" 34 0.317829457364 86 81 64 52 47 40 36 34 18 13 10 5 3 3 3 2 2 1 0 0
"35" 35 0.413461538462 500 0 0 0 0 0 0 0 0 0 0 0 0 0 0 0 0 0 0 0
"36" 36 0.102564102564 495 4 1 0 0 0 0 0 0 0 0 0 0 0 0 0 0 0 0 0
"37" 37 0.377483443709 91 80 67 57 30 28 24 24 23 16 15 12 11 10 8 3 1 0 0 0
"38" 38 0.465408805031 499 1 0 0 0 0 0 0 0 0 0 0 0 0 0 0 0 0 0 0
"39" 39 0.594871794872 238 63 52 44 41 18 17 10 9 6 2 0 0 0 0 0 0 0 0 0
"40" 40 0.170542635659 278 83 55 33 29 21 1 0 0 0 0 0 0 0 0 0 0 0 0 0
"41" 41 0.330357142857 220 92 70 48 38 7 7 5 5 5 2 1 0 0 0 0 0 0 0 0
"42" 42 0.153284671533 439 56 5 0 0 0 0 0 0 0 0 0 0 0 0 0 0 0 0 0
"43" 43 0.0 500 0 0 0 0 0 0 0 0 0 0 0 0 0 0 0 0 0 0 0
"44" 44 0.0 496 2 1 1 0 0 0 0 0 0 0 0 0 0 0 0 0 0 0 0
"45" 45 0.0 462 12 11 5 4 2 2 1 1 0 0 0 0 0 0 0 0 0 0 0
"46" 46 0.0 487 13 0 0 0 0 0 0 0 0 0 0 0 0 0 0 0 0 0 0
"47" 47 0.0 500 0 0 0 0 0 0 0 0 0 0 0 0 0 0 0 0 0 0 0
"48" 48 0.321428571429 199 145 54 29 28 23 8 4 3 2 2 1 1 1 0 0 0 0 0 0
"49" 49 0.393305439331 151 114 101 54 20 14 13 13 11 4 3 2 0 0 0 0 0 0 0 0
"50" 50 0.298076923077 500 0 0 0 0 0 0 0 0 0 0 0 0 0 0 0 0 0 0 0
"51" 51 0.341968911917 475 21 1 1 1 1 0 0 0 0 0 0 0 0 0 0 0 0 0 0
"52" 52 0.53488372093 336 66 26 19 14 11 8 8 5 3 2 1 1 0 0 0 0 0 0 0
"53" 53 0.720930232558 369 85 25 5 4 4 3 2 1 1 1 0 0 0 0 0 0 0 0 0
"54" 54 0.54358974359 99 71 67 59 41 37 31 20 20 16 11 10 9 3 2 2 1 1 0 0
"55" 55 0.480769230769 454 39 3 2 1 1 0 0 0 0 0 0 0 0 0 0 0 0 0 0
"56" 56 0.0886075949367 500 0 0 0 0 0 0 0 0 0 0 0 0 0 0 0 0 0 0 0
"57" 57 0.563218390805 108 81 48 47 36 32 30 29 20 20 18 8 7 5 5 2 2 2 0 0
"58" 58 0.145695364238 309 178 13 0 0 0 0 0 0 0 0 0 0 0 0 0 0 0 0 0
"59" 59 0.0077519379845 281 161 58 0 0 0 0 0 0 0 0 0 0 0 0 0 0 0 0 0
"60" 60 0.153846153846 500 0 0 0 0 0 0 0 0 0 0 0 0 0 0 0 0 0 0 0
"61" 61 0.465408805031 304 56 47 27 24 10 7 6 6 4 3 2 1 1 1 1 0 0 0 0
"62" 62 0.0478468899522 202 94 50 26 25 25 19 18 15 12 12 2 0 0 0 0 0 0 0 0
"63" 63 0.0376569037657 499 1 0 0 0 0 0 0 0 0 0 0 0 0 0 0 0 0 0 0
"64" 64 0.230769230769 488 10 1 1 0 0 0 0 0 0 0 0 0 0 0 0 0 0 0 0
"65" 65 0.327044025157 500 0 0 0 0 0 0 0 0 0 0 0 0 0 0 0 0 0 0 0
"66" 66 0.523012552301 374 56 37 11 5 4 4 3 2 2 1 1 0 0 0 0 0 0 0 0
"67" 67 0.784810126582 275 61 45 27 24 22 16 11 9 4 3 1 1 1 0 0 0 0 0 0
"68" 68 0.37552742616 180 157 134 7 7 6 3 2 2 1 1 0 0 0 0 0 0 0 0 0
"69" 69 0.348837209302 193 111 47 32 22 22 18 13 13 8 7 6 4 3 1 0 0 0 0 0
"70" 70 0.0191387559809 497 1 1 1 0 0 0 0 0 0 0 0 0 0 0 0 0 0 0 0
"71" 71 0.00961538461538 500 0 0 0 0 0 0 0 0 0 0 0 0 0 0 0 0 0 0 0
"72" 72 0.062015503876 255 61 52 32 30 21 11 10 10 8 8 2 0 0 0 0 0 0 0 0
"73" 73 0.276729559748 416 23 17 15 12 11 2 2 1 1 0 0 0 0 0 0 0 0 0 0
"74" 74 0.78488372093 84 71 67 43 41 38 34 33 21 17 16 12 11 5 4 2 1 0 0 0
"75" 75 0.305699481865 429 38 21 5 4 1 1 1 0 0 0 0 0 0 0 0 0 0 0 0
"76" 76 0.763392857143 89 59 58 53 48 37 33 33 25 16 15 14 12 3 2 2 1 0 0 0
"77" 77 0.373563218391 199 136 78 40 18 9 5 4 3 2 2 2 1 1 0 0 0 0 0 0
"78" 78 0.0547445255474 499 1 0 0 0 0 0 0 0 0 0 0 0 0 0 0 0 0 0 0
"79" 79 0.0478468899522 181 137 119 21 13 13 10 3 2 1 0 0 0 0 0 0 0 0 0 0
"80" 80 0.0172413793103 427 52 16 2 1 1 1 0 0 0 0 0 0 0 0 0 0 0 0 0
"81" 81 0.0 500 0 0 0 0 0 0 0 0 0 0 0 0 0 0 0 0 0 0 0
"82" 82 0.0 417 55 28 0 0 0 0 0 0 0 0 0 0 0 0 0 0 0 0 0
"83" 83 0.045871559633 315 176 3 2 2 1 1 0 0 0 0 0 0 0 0 0 0 0 0 0
"84" 84 0.0288461538462 500 0 0 0 0 0 0 0 0 0 0 0 0 0 0 0 0 0 0 0
"85" 85 0.169230769231 500 0 0 0 0 0 0 0 0 0 0 0 0 0 0 0 0 0 0 0
"86" 86 0.0114942528736 472 12 12 4 0 0 0 0 0 0 0 0 0 0 0 0 0 0 0 0
"87" 87 0.649789029536 100 99 85 34 30 28 22 17 17 16 14 14 10 8 4 1 1 0 0 0
"88" 88 0.046511627907 481 18 1 0 0 0 0 0 0 0 0 0 0 0 0 0 0 0 0 0
"89" 89 0.300518134715 350 131 11 5 2 1 0 0 0 0 0 0 0 0 0 0 0 0 0 0
"90" 90 0.607142857143 186 136 42 36 29 20 11 10 8 5 5 4 2 2 2 1 1 0 0 0
"91" 91 0.676923076923 149 45 44 43 36 34 31 19 18 18 15 13 12 11 10 2 0 0 0 0
"92" 92 0.0 500 0 0 0 0 0 0 0 0 0 0 0 0 0 0 0 0 0 0 0
"93" 93 0.235632183908 142 97 55 52 37 35 19 16 13 13 12 7 1 1 0 0 0 0 0 0
"94" 94 0.0 449 37 14 0 0 0 0 0 0 0 0 0 0 0 0 0 0 0 0 0
"95" 95 0.637130801688 150 117 67 44 27 27 21 19 18 8 1 1 0 0 0 0 0 0 0 0
"96" 96 0.259615384615 499 1 0 0 0 0 0 0 0 0 0 0 0 0 0 0 0 0 0 0
"97" 97 0.456953642384 99 96 61 39 32 31 28 22 19 16 13 12 12 7 6 5 1 1 0 0
"98" 98 0.221757322176 494 3 2 1 0 0 0 0 0 0 0 0 0 0 0 0 0 0 0 0
"99" 99 0.594936708861 171 76 45 38 33 23 15 15 15 14 14 11 11 8 6 3 1 1 0 0
"100" 100 0.0621761658031 499 1 0 0 0 0 0 0 0 0 0 0 0 0 0 0 0 0 0 0
"101" 101 0.53642384106 213 109 69 32 26 12 9 9 5 4 4 3 2 2 1 0 0 0 0 0
"102" 102 0.298507462687 116 59 58 47 44 40 29 29 26 17 14 9 8 2 2 0 0 0 0 0
"103" 103 0.0 269 213 18 0 0 0 0 0 0 0 0 0 0 0 0 0 0 0 0 0
"104" 104 0.151898734177 102 101 94 77 47 32 25 11 5 2 2 2 0 0 0 0 0 0 0 0
"105" 105 0.044776119403 499 1 0 0 0 0 0 0 0 0 0 0 0 0 0 0 0 0 0 0
"106" 106 0.238578680203 371 73 15 11 9 6 6 5 1 1 1 1 0 0 0 0 0 0 0 0
"107" 107 0.317307692308 500 0 0 0 0 0 0 0 0 0 0 0 0 0 0 0 0 0 0 0
"108" 108 0.74213836478 398 33 15 10 8 6 5 5 5 4 3 2 2 2 1 1 0 0 0 0
"109" 109 0.122093023256 362 66 25 16 9 9 4 3 2 2 1 1 0 0 0 0 0 0 0 0
"110" 110 0.172185430464 384 93 10 4 4 3 1 1 0 0 0 0 0 0 0 0 0 0 0 0
"111" 111 0.0 437 56 5 1 1 0 0 0 0 0 0 0 0 0 0 0 0 0 0 0
"112" 112 0.252873563218 277 196 15 3 3 2 2 1 1 0 0 0 0 0 0 0 0 0 0 0
"113" 113 0.403846153846 500 0 0 0 0 0 0 0 0 0 0 0 0 0 0 0 0 0 0 0
"114" 114 0.20802919708 498 2 0 0 0 0 0 0 0 0 0 0 0 0 0 0 0 0 0 0
"115" 115 0.0264900662252 292 201 6 1 0 0 0 0 0 0 0 0 0 0 0 0 0 0 0 0
"116" 116 0.0 493 7 0 0 0 0 0 0 0 0 0 0 0 0 0 0 0 0 0 0
"117" 117 0.0 496 4 0 0 0 0 0 0 0 0 0 0 0 0 0 0 0 0 0 0
"118" 118 0.0 409 49 19 12 6 3 1 1 0 0 0 0 0 0 0 0 0 0 0 0
"119" 119 0.0239234449761 277 220 3 0 0 0 0 0 0 0 0 0 0 0 0 0 0 0 0 0
"120" 120 0.333333333333 437 16 14 13 11 4 3 2 0 0 0 0 0 0 0 0 0 0 0 0
"121" 121 0.163461538462 500 0 0 0 0 0 0 0 0 0 0 0 0 0 0 0 0 0 0 0
"122" 122 0.484304932735 128 112 107 75 50 12 9 6 1 0 0 0 0 0 0 0 0 0 0 0
"123" 123 0.0103626943005 499 1 0 0 0 0 0 0 0 0 0 0 0 0 0 0 0 0 0 0
"124" 124 0.238341968912 491 3 2 1 1 1 1 0 0 0 0 0 0 0 0 0 0 0 0 0
"125" 125 0.218905472637 396 38 30 13 7 6 4 3 2 1 0 0 0 0 0 0 0 0 0 0
"126" 126 0.144230769231 500 0 0 0 0 0 0 0 0 0 0 0 0 0 0 0 0 0 0 0
"127" 127 0.561181434599 119 94 87 40 39 37 18 16 13 10 9 8 8 1 1 0 0 0 0 0
"128" 128 0.240384615385 500 0 0 0 0 0 0 0 0 0 0 0 0 0 0 0 0 0 0 0
"129" 129 0.896373056995 128 126 41 38 35 31 24 17 13 12 10 9 8 5 1 1 1 0 0 0
"130" 130 0.412790697674 352 115 8 6 3 3 3 2 2 2 2 1 1 0 0 0 0 0 0 0
"131" 131 0.607142857143 85 73 67 58 48 42 36 32 15 15 9 6 5 4 3 2 0 0 0 0
"132" 132 0.316964285714 103 72 72 46 38 36 30 27 23 18 17 7 4 3 1 1 1 1 0 0
"133" 133 0.0 355 145 0 0 0 0 0 0 0 0 0 0 0 0 0 0 0 0 0 0
"134" 134 0.378109452736 107 94 68 50 47 31 26 22 15 10 7 6 5 5 4 3 0 0 0 0
"135" 135 0.455696202532 115 83 66 50 36 35 30 21 17 13 10 9 5 4 2 2 1 1 0 0
"136" 136 0.203488372093 263 81 45 31 19 16 12 8 7 5 4 3 2 2 1 1 0 0 0 0
"137" 137 0.0 500 0 0 0 0 0 0 0 0 0 0 0 0 0 0 0 0 0 0 0
"138" 138 0.379487179487 470 14 5 4 4 1 1 1 0 0 0 0 0 0 0 0 0 0 0 0
"139" 139 0.0 496 4 0 0 0 0 0 0 0 0 0 0 0 0 0 0 0 0 0 0
"140" 140 0.432692307692 500 0 0 0 0 0 0 0 0 0 0 0 0 0 0 0 0 0 0 0
"141" 141 0.591194968553 408 19 19 16 12 5 4 4 4 3 3 2 1 0 0 0 0 0 0 0
"142" 142 0.248175182482 500 0 0 0 0 0 0 0 0 0 0 0 0 0 0 0 0 0 0 0
"143" 143 0.138364779874 499 1 0 0 0 0 0 0 0 0 0 0 0 0 0 0 0 0 0 0
"144" 144 0.0 498 2 0 0 0 0 0 0 0 0 0 0 0 0 0 0 0 0 0 0
"145" 145 0.101265822785 500 0 0 0 0 0 0 0 0 0 0 0 0 0 0 0 0 0 0 0
"146" 146 0.0865384615385 500 0 0 0 0 0 0 0 0 0 0 0 0 0 0 0 0 0 0 0
"147" 147 0.362068965517 211 77 59 58 40 31 10 6 5 2 1 0 0 0 0 0 0 0 0 0
"148" 148 0.00507614213198 496 4 0 0 0 0 0 0 0 0 0 0 0 0 0 0 0 0 0 0
"149" 149 0.278846153846 144 78 75 59 48 34 16 13 9 7 5 3 2 2 2 2 1 0 0 0
"150" 150 0.592039800995 167 118 47 28 26 22 17 17 14 12 12 5 4 3 3 3 1 1 0 0
"151" 151 0.296511627907 496 2 1 1 0 0 0 0 0 0 0 0 0 0 0 0 0 0 0 0
"152" 152 0.917948717949 96 68 66 48 44 41 34 30 17 16 14 7 5 3 3 3 3 2 0 0
