"site" "RSA" "aa1" "aa2" "aa3" "aa4" "aa5" "aa6" "aa7" "aa8" "aa9" "aa10" "aa11" "aa12" "aa13" "aa14" "aa15" "aa16" "aa17" "aa18" "aa19" "aa20"
"0" 0 0.720207253886 6 1 0 0 0 0 0 0 0 0 0 0 0 0 0 0 0 0 0 0
"1" 1 0.600896860987 5 3 2 0 0 0 0 0 0 0 0 0 0 0 0 0 0 0 0 0
"2" 2 0.627906976744 9 2 1 1 1 0 0 0 0 0 0 0 0 0 0 0 0 0 0 0
"3" 3 0.562189054726 5 4 2 2 2 1 0 0 0 0 0 0 0 0 0 0 0 0 0 0
"4" 4 0.291390728477 13 4 3 2 1 1 0 0 0 0 0 0 0 0 0 0 0 0 0 0
"5" 5 0.389121338912 28 0 0 0 0 0 0 0 0 0 0 0 0 0 0 0 0 0 0 0
"6" 6 0.393034825871 12 4 3 3 2 2 1 1 0 0 0 0 0 0 0 0 0 0 0 0
"7" 7 0.548523206751 11 3 3 3 2 1 1 1 1 1 1 0 0 0 0 0 0 0 0 0
"8" 8 0.569948186528 26 1 1 0 0 0 0 0 0 0 0 0 0 0 0 0 0 0 0 0
"9" 9 0.175732217573 24 4 0 0 0 0 0 0 0 0 0 0 0 0 0 0 0 0 0 0
"10" 10 0.407960199005 17 4 3 2 2 0 0 0 0 0 0 0 0 0 0 0 0 0 0 0
"11" 11 0.410852713178 14 7 3 2 1 1 0 0 0 0 0 0 0 0 0 0 0 0 0 0
"12" 12 0.240384615385 28 1 0 0 0 0 0 0 0 0 0 0 0 0 0 0 0 0 0 0
"13" 13 0.00961538461538 29 0 0 0 0 0 0 0 0 0 0 0 0 0 0 0 0 0 0 0
"14" 14 0.373563218391 18 7 2 1 1 0 0 0 0 0 0 0 0 0 0 0 0 0 0 0
"15" 15 0.124031007752 17 11 1 0 0 0 0 0 0 0 0 0 0 0 0 0 0 0 0 0
"16" 16 0.15503875969 26 3 0 0 0 0 0 0 0 0 0 0 0 0 0 0 0 0 0 0
"17" 17 0.170542635659 24 2 1 1 1 0 0 0 0 0 0 0 0 0 0 0 0 0 0 0
"18" 18 0.340101522843 18 9 2 0 0 0 0 0 0 0 0 0 0 0 0 0 0 0 0 0
"19" 19 0.0596026490066 24 5 0 0 0 0 0 0 0 0 0 0 0 0 0 0 0 0 0 0
"20" 20 0.236286919831 29 0 0 0 0 0 0 0 0 0 0 0 0 0 0 0 0 0 0 0
"21" 21 0.267441860465 29 0 0 0 0 0 0 0 0 0 0 0 0 0 0 0 0 0 0 0
"22" 22 0.395348837209 22 3 2 1 1 0 0 0 0 0 0 0 0 0 0 0 0 0 0 0
"23" 23 0.0862068965517 19 9 1 0 0 0 0 0 0 0 0 0 0 0 0 0 0 0 0 0
"24" 24 0.0 29 0 0 0 0 0 0 0 0 0 0 0 0 0 0 0 0 0 0 0
"25" 25 0.169811320755 28 1 0 0 0 0 0 0 0 0 0 0 0 0 0 0 0 0 0 0
"26" 26 0.182741116751 26 2 1 0 0 0 0 0 0 0 0 0 0 0 0 0 0 0 0 0
"27" 27 0.116071428571 29 1 0 0 0 0 0 0 0 0 0 0 0 0 0 0 0 0 0 0
"28" 28 0.014598540146 30 0 0 0 0 0 0 0 0 0 0 0 0 0 0 0 0 0 0 0
"29" 29 0.0114942528736 27 3 0 0 0 0 0 0 0 0 0 0 0 0 0 0 0 0 0 0
"30" 30 0.0168776371308 29 1 0 0 0 0 0 0 0 0 0 0 0 0 0 0 0 0 0 0
"31" 31 0.0 27 2 1 0 0 0 0 0 0 0 0 0 0 0 0 0 0 0 0 0
"32" 32 0.00995024875622 29 1 0 0 0 0 0 0 0 0 0 0 0 0 0 0 0 0 0 0
"33" 33 0.089552238806 21 6 2 1 0 0 0 0 0 0 0 0 0 0 0 0 0 0 0 0
"34" 34 0.0 30 0 0 0 0 0 0 0 0 0 0 0 0 0 0 0 0 0 0 0
"35" 35 0.00574712643678 16 8 4 1 1 1 0 0 0 0 0 0 0 0 0 0 0 0 0 0
"36" 36 0.0493273542601 31 0 0 0 0 0 0 0 0 0 0 0 0 0 0 0 0 0 0 0
"37" 37 0.267942583732 11 11 5 4 0 0 0 0 0 0 0 0 0 0 0 0 0 0 0 0
"38" 38 0.0077519379845 11 6 4 3 3 2 2 0 0 0 0 0 0 0 0 0 0 0 0 0
"39" 39 0.0794701986755 19 7 3 1 1 0 0 0 0 0 0 0 0 0 0 0 0 0 0 0
"40" 40 0.548523206751 23 4 1 1 1 1 0 0 0 0 0 0 0 0 0 0 0 0 0 0
"41" 41 0.291479820628 23 2 2 1 1 1 1 0 0 0 0 0 0 0 0 0 0 0 0 0
"42" 42 0.0862944162437 20 7 2 1 1 0 0 0 0 0 0 0 0 0 0 0 0 0 0 0
"43" 43 0.311258278146 8 6 6 3 2 2 1 1 1 1 0 0 0 0 0 0 0 0 0 0
"44" 44 0.53488372093 10 8 5 2 2 1 1 1 0 0 0 0 0 0 0 0 0 0 0 0
"45" 45 0.714285714286 11 7 4 2 1 1 1 1 1 0 0 0 0 0 0 0 0 0 0 0
"46" 46 0.53164556962 13 4 3 3 3 2 1 1 1 0 0 0 0 0 0 0 0 0 0 0
"47" 47 0.219730941704 12 10 6 3 0 0 0 0 0 0 0 0 0 0 0 0 0 0 0 0
"48" 48 0.0380228136882 30 1 0 0 0 0 0 0 0 0 0 0 0 0 0 0 0 0 0 0
"49" 49 0.738396624473 21 5 1 1 1 1 1 0 0 0 0 0 0 0 0 0 0 0 0 0
"50" 50 0.192307692308 31 0 0 0 0 0 0 0 0 0 0 0 0 0 0 0 0 0 0 0
"51" 51 0.238578680203 21 5 3 2 0 0 0 0 0 0 0 0 0 0 0 0 0 0 0 0
"52" 52 0.675126903553 13 9 3 2 1 1 1 1 0 0 0 0 0 0 0 0 0 0 0 0
"53" 53 0.20725388601 27 2 2 0 0 0 0 0 0 0 0 0 0 0 0 0 0 0 0 0
"54" 54 0.00632911392405 29 2 0 0 0 0 0 0 0 0 0 0 0 0 0 0 0 0 0 0
"55" 55 0.293103448276 19 6 4 1 1 0 0 0 0 0 0 0 0 0 0 0 0 0 0 0
"56" 56 0.528735632184 14 5 5 4 2 1 0 0 0 0 0 0 0 0 0 0 0 0 0 0
"57" 57 0.167883211679 30 1 0 0 0 0 0 0 0 0 0 0 0 0 0 0 0 0 0 0
"58" 58 0.010152284264 16 8 7 0 0 0 0 0 0 0 0 0 0 0 0 0 0 0 0 0
"59" 59 0.232704402516 16 3 3 2 2 1 1 1 1 1 0 0 0 0 0 0 0 0 0 0
"60" 60 0.755274261603 15 7 5 1 1 1 1 0 0 0 0 0 0 0 0 0 0 0 0 0
"61" 61 0.160714285714 25 3 1 1 1 0 0 0 0 0 0 0 0 0 0 0 0 0 0 0
"62" 62 0.0762331838565 21 9 1 0 0 0 0 0 0 0 0 0 0 0 0 0 0 0 0 0
"63" 63 0.298076923077 31 0 0 0 0 0 0 0 0 0 0 0 0 0 0 0 0 0 0 0
"64" 64 0.55230125523 12 10 3 3 1 1 1 0 0 0 0 0 0 0 0 0 0 0 0 0
"65" 65 0.701492537313 12 4 3 3 2 2 2 2 1 0 0 0 0 0 0 0 0 0 0 0
"66" 66 0.0397350993377 27 2 1 1 0 0 0 0 0 0 0 0 0 0 0 0 0 0 0 0
"67" 67 0.0794979079498 21 7 3 0 0 0 0 0 0 0 0 0 0 0 0 0 0 0 0 0
"68" 68 0.269503546099 31 0 0 0 0 0 0 0 0 0 0 0 0 0 0 0 0 0 0 0
"69" 69 0.0839416058394 31 0 0 0 0 0 0 0 0 0 0 0 0 0 0 0 0 0 0 0
"70" 70 0.0865384615385 30 1 0 0 0 0 0 0 0 0 0 0 0 0 0 0 0 0 0 0
"71" 71 0.0769230769231 30 1 0 0 0 0 0 0 0 0 0 0 0 0 0 0 0 0 0 0
"72" 72 0.457711442786 19 7 2 2 1 0 0 0 0 0 0 0 0 0 0 0 0 0 0 0
"73" 73 0.0232558139535 27 2 1 1 0 0 0 0 0 0 0 0 0 0 0 0 0 0 0 0
"74" 74 0.0564102564103 31 0 0 0 0 0 0 0 0 0 0 0 0 0 0 0 0 0 0 0
"75" 75 0.212643678161 29 1 1 0 0 0 0 0 0 0 0 0 0 0 0 0 0 0 0 0
"76" 76 0.309644670051 25 3 3 0 0 0 0 0 0 0 0 0 0 0 0 0 0 0 0 0
"77" 77 0.251824817518 31 0 0 0 0 0 0 0 0 0 0 0 0 0 0 0 0 0 0 0
"78" 78 0.140684410646 31 0 0 0 0 0 0 0 0 0 0 0 0 0 0 0 0 0 0 0
"79" 79 0.305439330544 30 1 0 0 0 0 0 0 0 0 0 0 0 0 0 0 0 0 0 0
"80" 80 0.270440251572 31 0 0 0 0 0 0 0 0 0 0 0 0 0 0 0 0 0 0 0
"81" 81 0.093023255814 31 0 0 0 0 0 0 0 0 0 0 0 0 0 0 0 0 0 0 0
"82" 82 0.331838565022 31 0 0 0 0 0 0 0 0 0 0 0 0 0 0 0 0 0 0 0
"83" 83 0.410852713178 30 1 0 0 0 0 0 0 0 0 0 0 0 0 0 0 0 0 0 0
"84" 84 0.134328358209 25 4 1 1 0 0 0 0 0 0 0 0 0 0 0 0 0 0 0 0
"85" 85 0.138461538462 29 1 1 0 0 0 0 0 0 0 0 0 0 0 0 0 0 0 0 0
"86" 86 0.648535564854 31 0 0 0 0 0 0 0 0 0 0 0 0 0 0 0 0 0 0 0
"87" 87 0.46511627907 30 1 0 0 0 0 0 0 0 0 0 0 0 0 0 0 0 0 0 0
"88" 88 0.309623430962 29 1 1 0 0 0 0 0 0 0 0 0 0 0 0 0 0 0 0 0
"89" 89 0.383966244726 30 1 0 0 0 0 0 0 0 0 0 0 0 0 0 0 0 0 0 0
"90" 90 0.492227979275 30 1 0 0 0 0 0 0 0 0 0 0 0 0 0 0 0 0 0 0
"91" 91 0.523206751055 22 3 2 1 1 1 1 0 0 0 0 0 0 0 0 0 0 0 0 0
"92" 92 0.186311787072 17 8 5 1 0 0 0 0 0 0 0 0 0 0 0 0 0 0 0 0
"93" 93 0.337552742616 26 2 2 1 0 0 0 0 0 0 0 0 0 0 0 0 0 0 0 0
"94" 94 0.466367713004 13 5 4 4 2 1 1 1 0 0 0 0 0 0 0 0 0 0 0 0
"95" 95 0.578680203046 8 8 8 5 1 0 0 0 0 0 0 0 0 0 0 0 0 0 0 0
"96" 96 0.284518828452 28 1 1 1 0 0 0 0 0 0 0 0 0 0 0 0 0 0 0 0
"97" 97 0.109452736318 16 3 1 0 0 0 0 0 0 0 0 0 0 0 0 0 0 0 0 0
"98" 98 0.480769230769 9 3 3 2 2 1 1 0 0 0 0 0 0 0 0 0 0 0 0 0
"99" 99 0.846153846154 22 2 2 2 1 1 0 0 0 0 0 0 0 0 0 0 0 0 0 0
"100" 100 0.126436781609 16 7 4 1 1 1 0 0 0 0 0 0 0 0 0 0 0 0 0 0
"101" 101 0.383419689119 17 7 4 1 1 0 0 0 0 0 0 0 0 0 0 0 0 0 0 0
"102" 102 0.481751824818 21 4 4 1 0 0 0 0 0 0 0 0 0 0 0 0 0 0 0 0
"103" 103 0.602870813397 9 7 5 3 3 1 1 0 0 0 0 0 0 0 0 0 0 0 0 0
"104" 104 0.696202531646 12 7 3 1 1 1 1 1 0 0 0 0 0 0 0 0 0 0 0 0
"105" 105 0.37668161435 12 10 3 2 2 1 0 0 0 0 0 0 0 0 0 0 0 0 0 0
"106" 106 0.36820083682 21 7 1 1 0 0 0 0 0 0 0 0 0 0 0 0 0 0 0 0
"107" 107 0.663120567376 21 4 3 1 1 0 0 0 0 0 0 0 0 0 0 0 0 0 0 0
"108" 108 0.408759124088 16 10 1 1 1 1 0 0 0 0 0 0 0 0 0 0 0 0 0 0
"109" 109 0.269961977186 10 8 7 1 1 1 1 1 0 0 0 0 0 0 0 0 0 0 0 0
"110" 110 0.171548117155 28 2 0 0 0 0 0 0 0 0 0 0 0 0 0 0 0 0 0 0
"111" 111 0.418604651163 18 4 3 2 1 1 1 0 0 0 0 0 0 0 0 0 0 0 0 0
"112" 112 0.0192307692308 22 3 2 1 1 1 0 0 0 0 0 0 0 0 0 0 0 0 0 0
"113" 113 0.0923076923077 27 2 1 0 0 0 0 0 0 0 0 0 0 0 0 0 0 0 0 0
"114" 114 0.139303482587 23 5 2 0 0 0 0 0 0 0 0 0 0 0 0 0 0 0 0 0
"115" 115 0.279069767442 27 2 1 0 0 0 0 0 0 0 0 0 0 0 0 0 0 0 0 0
"116" 116 0.0132450331126 30 0 0 0 0 0 0 0 0 0 0 0 0 0 0 0 0 0 0 0
"117" 117 0.105769230769 30 0 0 0 0 0 0 0 0 0 0 0 0 0 0 0 0 0 0 0
"118" 118 0.0673076923077 30 0 0 0 0 0 0 0 0 0 0 0 0 0 0 0 0 0 0 0
"119" 119 0.162790697674 19 6 2 1 1 1 0 0 0 0 0 0 0 0 0 0 0 0 0 0
"120" 120 0.062015503876 30 0 0 0 0 0 0 0 0 0 0 0 0 0 0 0 0 0 0 0
"121" 121 0.163461538462 29 0 0 0 0 0 0 0 0 0 0 0 0 0 0 0 0 0 0 0
"122" 122 0.170542635659 27 1 1 0 0 0 0 0 0 0 0 0 0 0 0 0 0 0 0 0
"123" 123 0.116279069767 18 4 2 2 1 1 1 0 0 0 0 0 0 0 0 0 0 0 0 0
"124" 124 0.0529801324503 27 2 0 0 0 0 0 0 0 0 0 0 0 0 0 0 0 0 0 0
"125" 125 0.0696517412935 28 1 0 0 0 0 0 0 0 0 0 0 0 0 0 0 0 0 0 0
"126" 126 0.411392405063 17 7 2 1 1 1 0 0 0 0 0 0 0 0 0 0 0 0 0 0
"127" 127 0.55230125523 22 5 3 0 0 0 0 0 0 0 0 0 0 0 0 0 0 0 0 0
"128" 128 0.0172413793103 30 0 0 0 0 0 0 0 0 0 0 0 0 0 0 0 0 0 0 0
"129" 129 0.0 30 0 0 0 0 0 0 0 0 0 0 0 0 0 0 0 0 0 0 0
"130" 130 0.100628930818 22 8 0 0 0 0 0 0 0 0 0 0 0 0 0 0 0 0 0 0
"131" 131 0.129353233831 30 0 0 0 0 0 0 0 0 0 0 0 0 0 0 0 0 0 0 0
"132" 132 0.0621761658031 30 0 0 0 0 0 0 0 0 0 0 0 0 0 0 0 0 0 0 0
"133" 133 0.0 25 6 0 0 0 0 0 0 0 0 0 0 0 0 0 0 0 0 0 0
"134" 134 0.0 27 2 1 1 0 0 0 0 0 0 0 0 0 0 0 0 0 0 0 0
"135" 135 0.0109489051095 31 0 0 0 0 0 0 0 0 0 0 0 0 0 0 0 0 0 0 0
"136" 136 0.0 31 0 0 0 0 0 0 0 0 0 0 0 0 0 0 0 0 0 0 0
"137" 137 0.043795620438 30 1 0 0 0 0 0 0 0 0 0 0 0 0 0 0 0 0 0 0
"138" 138 0.0248756218905 30 0 0 0 0 0 0 0 0 0 0 0 0 0 0 0 0 0 0 0
"139" 139 0.0 26 4 0 0 0 0 0 0 0 0 0 0 0 0 0 0 0 0 0 0
"140" 140 0.015503875969 20 7 1 1 1 0 0 0 0 0 0 0 0 0 0 0 0 0 0 0
"141" 141 0.0 30 0 0 0 0 0 0 0 0 0 0 0 0 0 0 0 0 0 0 0
"142" 142 0.103448275862 15 6 5 4 0 0 0 0 0 0 0 0 0 0 0 0 0 0 0 0
"143" 143 0.0384615384615 22 3 2 2 1 0 0 0 0 0 0 0 0 0 0 0 0 0 0 0
"144" 144 0.518987341772 28 1 1 0 0 0 0 0 0 0 0 0 0 0 0 0 0 0 0 0
"145" 145 0.211538461538 16 8 2 2 1 1 0 0 0 0 0 0 0 0 0 0 0 0 0 0
"146" 146 0.658914728682 9 5 3 2 1 1 1 0 0 0 0 0 0 0 0 0 0 0 0 0
"147" 147 0.736434108527 13 9 2 2 1 1 1 1 0 0 0 0 0 0 0 0 0 0 0 0
"148" 148 0.434977578475 11 6 5 3 2 1 1 0 0 0 0 0 0 0 0 0 0 0 0 0
"149" 149 0.222627737226 29 1 0 0 0 0 0 0 0 0 0 0 0 0 0 0 0 0 0 0
"150" 150 0.151785714286 19 10 1 0 0 0 0 0 0 0 0 0 0 0 0 0 0 0 0 0
"151" 151 0.00836820083682 28 3 0 0 0 0 0 0 0 0 0 0 0 0 0 0 0 0 0 0
"152" 152 0.5 9 8 8 3 2 1 0 0 0 0 0 0 0 0 0 0 0 0 0 0
"153" 153 0.211538461538 30 1 0 0 0 0 0 0 0 0 0 0 0 0 0 0 0 0 0 0
"154" 154 0.124378109453 28 1 1 1 0 0 0 0 0 0 0 0 0 0 0 0 0 0 0 0
"155" 155 0.451923076923 14 8 2 2 2 1 1 1 0 0 0 0 0 0 0 0 0 0 0 0
"156" 156 0.292307692308 23 7 1 0 0 0 0 0 0 0 0 0 0 0 0 0 0 0 0 0
"157" 157 0.0 24 7 0 0 0 0 0 0 0 0 0 0 0 0 0 0 0 0 0 0
"158" 158 0.223350253807 12 9 8 1 0 0 0 0 0 0 0 0 0 0 0 0 0 0 0 0
"159" 159 0.406976744186 7 6 5 4 2 2 2 1 1 0 0 0 0 0 0 0 0 0 0 0
"160" 160 0.409282700422 25 3 2 0 0 0 0 0 0 0 0 0 0 0 0 0 0 0 0 0
"161" 161 0.0203045685279 19 9 1 1 0 0 0 0 0 0 0 0 0 0 0 0 0 0 0 0
"162" 162 0.44769874477 8 5 4 4 3 2 1 1 1 1 0 0 0 0 0 0 0 0 0 0
"163" 163 0.763713080169 21 5 3 1 0 0 0 0 0 0 0 0 0 0 0 0 0 0 0 0
"164" 164 0.370860927152 22 2 2 1 1 1 1 0 0 0 0 0 0 0 0 0 0 0 0 0
"165" 165 0.238341968912 26 2 1 1 0 0 0 0 0 0 0 0 0 0 0 0 0 0 0 0
"166" 166 0.230769230769 30 0 0 0 0 0 0 0 0 0 0 0 0 0 0 0 0 0 0 0
"167" 167 0.52736318408 12 9 6 2 1 0 0 0 0 0 0 0 0 0 0 0 0 0 0 0
"168" 168 0.270072992701 9 5 3 3 2 2 1 1 1 1 1 1 0 0 0 0 0 0 0 0
"169" 169 0.0192307692308 27 2 1 0 0 0 0 0 0 0 0 0 0 0 0 0 0 0 0 0
"170" 170 0.044776119403 29 1 0 0 0 0 0 0 0 0 0 0 0 0 0 0 0 0 0 0
"171" 171 0.235741444867 30 0 0 0 0 0 0 0 0 0 0 0 0 0 0 0 0 0 0 0
"172" 172 0.2466367713 16 12 1 1 0 0 0 0 0 0 0 0 0 0 0 0 0 0 0 0
"173" 173 0.0673076923077 30 0 0 0 0 0 0 0 0 0 0 0 0 0 0 0 0 0 0 0
"174" 174 0.171548117155 30 0 0 0 0 0 0 0 0 0 0 0 0 0 0 0 0 0 0 0
"175" 175 0.589743589744 8 7 5 3 3 2 1 1 0 0 0 0 0 0 0 0 0 0 0 0
"176" 176 0.0 21 4 4 1 0 0 0 0 0 0 0 0 0 0 0 0 0 0 0 0
"177" 177 0.0662251655629 30 0 0 0 0 0 0 0 0 0 0 0 0 0 0 0 0 0 0 0
"178" 178 0.155172413793 24 4 2 0 0 0 0 0 0 0 0 0 0 0 0 0 0 0 0 0
"179" 179 0.394618834081 19 5 4 1 1 0 0 0 0 0 0 0 0 0 0 0 0 0 0 0
"180" 180 0.0961538461538 30 0 0 0 0 0 0 0 0 0 0 0 0 0 0 0 0 0 0 0
"181" 181 0.248730964467 30 0 0 0 0 0 0 0 0 0 0 0 0 0 0 0 0 0 0 0
"182" 182 0.319796954315 22 6 2 0 0 0 0 0 0 0 0 0 0 0 0 0 0 0 0 0
"183" 183 0.299492385787 19 11 0 0 0 0 0 0 0 0 0 0 0 0 0 0 0 0 0 0
"184" 184 0.326996197719 30 0 0 0 0 0 0 0 0 0 0 0 0 0 0 0 0 0 0 0
"185" 185 0.200729927007 30 0 0 0 0 0 0 0 0 0 0 0 0 0 0 0 0 0 0 0
"186" 186 0.201550387597 20 10 0 0 0 0 0 0 0 0 0 0 0 0 0 0 0 0 0 0
"187" 187 0.124031007752 16 6 3 3 1 1 0 0 0 0 0 0 0 0 0 0 0 0 0 0
"188" 188 0.235741444867 30 1 0 0 0 0 0 0 0 0 0 0 0 0 0 0 0 0 0 0
"189" 189 0.326359832636 31 0 0 0 0 0 0 0 0 0 0 0 0 0 0 0 0 0 0 0
"190" 190 0.240384615385 31 0 0 0 0 0 0 0 0 0 0 0 0 0 0 0 0 0 0 0
"191" 191 0.287356321839 8 7 3 3 3 3 2 1 1 0 0 0 0 0 0 0 0 0 0 0
"192" 192 0.266159695817 29 2 0 0 0 0 0 0 0 0 0 0 0 0 0 0 0 0 0 0
"193" 193 0.305699481865 31 0 0 0 0 0 0 0 0 0 0 0 0 0 0 0 0 0 0 0
"194" 194 0.610465116279 24 5 1 1 0 0 0 0 0 0 0 0 0 0 0 0 0 0 0 0
"195" 195 0.193798449612 13 7 3 3 2 2 1 0 0 0 0 0 0 0 0 0 0 0 0 0
"196" 196 0.53164556962 26 4 1 0 0 0 0 0 0 0 0 0 0 0 0 0 0 0 0 0
"197" 197 0.605769230769 14 8 2 2 1 1 1 1 0 0 0 0 0 0 0 0 0 0 0 0
"198" 198 0.733944954128 15 5 3 2 2 2 1 0 0 0 0 0 0 0 0 0 0 0 0 0
"199" 199 0.81592039801 25 2 1 1 1 0 0 0 0 0 0 0 0 0 0 0 0 0 0 0
"200" 200 0.276729559748 17 4 3 1 1 1 1 1 0 0 0 0 0 0 0 0 0 0 0 0
"201" 201 0.621761658031 12 6 4 3 2 1 0 0 0 0 0 0 0 0 0 0 0 0 0 0
"202" 202 0.723270440252 18 3 2 2 1 1 0 0 0 0 0 0 0 0 0 0 0 0 0 0
"203" 203 0.329113924051 16 6 3 1 1 0 0 0 0 0 0 0 0 0 0 0 0 0 0 0
"204" 204 0.733333333333 12 6 5 2 2 1 1 0 0 0 0 0 0 0 0 0 0 0 0 0
"205" 205 0.350574712644 12 4 3 2 2 2 2 1 1 1 0 0 0 0 0 0 0 0 0 0
"206" 206 0.631578947368 9 8 6 5 2 0 0 0 0 0 0 0 0 0 0 0 0 0 0 0
"207" 207 0.756345177665 15 9 2 1 1 1 1 0 0 0 0 0 0 0 0 0 0 0 0 0
"208" 208 0.568527918782 11 6 5 4 1 1 1 1 0 0 0 0 0 0 0 0 0 0 0 0
"209" 209 0.270114942529 10 7 5 3 1 1 1 1 1 0 0 0 0 0 0 0 0 0 0 0
"210" 210 0.350993377483 18 4 2 2 1 1 1 1 0 0 0 0 0 0 0 0 0 0 0 0
"211" 211 0.265957446809 18 12 0 0 0 0 0 0 0 0 0 0 0 0 0 0 0 0 0 0
"212" 212 0.408256880734 9 8 5 4 2 1 1 0 0 0 0 0 0 0 0 0 0 0 0 0
"213" 213 0.238578680203 18 8 2 1 1 0 0 0 0 0 0 0 0 0 0 0 0 0 0 0
"214" 214 0.170542635659 20 10 0 0 0 0 0 0 0 0 0 0 0 0 0 0 0 0 0 0
"215" 215 0.0896860986547 19 7 1 1 1 1 0 0 0 0 0 0 0 0 0 0 0 0 0 0
"216" 216 0.488372093023 12 7 5 3 1 1 1 0 0 0 0 0 0 0 0 0 0 0 0 0
"217" 217 0.0114942528736 25 2 1 1 1 0 0 0 0 0 0 0 0 0 0 0 0 0 0 0
"218" 218 0.226744186047 26 2 1 1 0 0 0 0 0 0 0 0 0 0 0 0 0 0 0 0
"219" 219 0.193798449612 16 6 4 1 1 1 1 0 0 0 0 0 0 0 0 0 0 0 0 0
"220" 220 0.310344827586 9 6 3 3 2 2 2 1 1 1 0 0 0 0 0 0 0 0 0 0
"221" 221 0.0 22 8 0 0 0 0 0 0 0 0 0 0 0 0 0 0 0 0 0 0
"222" 222 0.115384615385 24 3 1 1 1 0 0 0 0 0 0 0 0 0 0 0 0 0 0 0
"223" 223 0.323383084577 11 9 5 4 1 0 0 0 0 0 0 0 0 0 0 0 0 0 0 0
"224" 224 0.442528735632 10 8 6 5 1 0 0 0 0 0 0 0 0 0 0 0 0 0 0 0
"225" 225 0.0927152317881 26 2 1 1 0 0 0 0 0 0 0 0 0 0 0 0 0 0 0 0
"226" 226 0.0114068441065 29 1 0 0 0 0 0 0 0 0 0 0 0 0 0 0 0 0 0 0
"227" 227 0.119496855346 29 1 0 0 0 0 0 0 0 0 0 0 0 0 0 0 0 0 0 0
"228" 228 0.171548117155 16 10 3 1 0 0 0 0 0 0 0 0 0 0 0 0 0 0 0 0
"229" 229 0.165803108808 29 1 0 0 0 0 0 0 0 0 0 0 0 0 0 0 0 0 0 0
"230" 230 0.0 29 1 0 0 0 0 0 0 0 0 0 0 0 0 0 0 0 0 0 0
"231" 231 0.0 25 5 0 0 0 0 0 0 0 0 0 0 0 0 0 0 0 0 0 0
"232" 232 0.0802919708029 29 1 0 0 0 0 0 0 0 0 0 0 0 0 0 0 0 0 0 0
"233" 233 0.0948905109489 29 1 0 0 0 0 0 0 0 0 0 0 0 0 0 0 0 0 0 0
"234" 234 0.0 29 1 0 0 0 0 0 0 0 0 0 0 0 0 0 0 0 0 0 0
"235" 235 0.0275229357798 25 5 0 0 0 0 0 0 0 0 0 0 0 0 0 0 0 0 0 0
"236" 236 0.0 29 1 0 0 0 0 0 0 0 0 0 0 0 0 0 0 0 0 0 0
"237" 237 0.0137614678899 30 0 0 0 0 0 0 0 0 0 0 0 0 0 0 0 0 0 0 0
"238" 238 0.0179372197309 18 8 3 1 0 0 0 0 0 0 0 0 0 0 0 0 0 0 0 0
"239" 239 0.0 26 3 0 0 0 0 0 0 0 0 0 0 0 0 0 0 0 0 0 0
"240" 240 0.346153846154 27 1 1 0 0 0 0 0 0 0 0 0 0 0 0 0 0 0 0 0
"241" 241 0.109489051095 11 5 4 3 2 1 1 1 0 0 0 0 0 0 0 0 0 0 0 0
"242" 242 0.430379746835 13 10 2 1 1 1 0 0 0 0 0 0 0 0 0 0 0 0 0 0
"243" 243 0.567307692308 5 4 3 1 1 0 0 0 0 0 0 0 0 0 0 0 0 0 0 0
"244" 244 0.852713178295 6 5 2 1 1 1 0 0 0 0 0 0 0 0 0 0 0 0 0 0
"245" 245 0.367875647668 10 8 2 1 1 0 0 0 0 0 0 0 0 0 0 0 0 0 0 0
"246" 246 0.370558375635 11 10 3 2 2 1 1 0 0 0 0 0 0 0 0 0 0 0 0 0
"247" 247 0.211009174312 9 8 4 4 3 1 1 0 0 0 0 0 0 0 0 0 0 0 0 0
"248" 248 0.0228136882129 29 1 0 0 0 0 0 0 0 0 0 0 0 0 0 0 0 0 0 0
"249" 249 0.709302325581 14 6 5 2 1 1 1 0 0 0 0 0 0 0 0 0 0 0 0 0
"250" 250 0.221153846154 16 9 5 0 0 0 0 0 0 0 0 0 0 0 0 0 0 0 0 0
"251" 251 0.21511627907 19 7 3 1 0 0 0 0 0 0 0 0 0 0 0 0 0 0 0 0
"252" 252 0.568965517241 8 8 5 4 2 1 1 1 0 0 0 0 0 0 0 0 0 0 0 0
"253" 253 0.165803108808 23 6 1 0 0 0 0 0 0 0 0 0 0 0 0 0 0 0 0 0
"254" 254 0.0 28 2 0 0 0 0 0 0 0 0 0 0 0 0 0 0 0 0 0 0
"255" 255 0.251773049645 14 7 2 2 2 1 1 1 0 0 0 0 0 0 0 0 0 0 0 0
"256" 256 0.529197080292 11 4 4 2 2 1 1 1 1 1 1 1 0 0 0 0 0 0 0 0
"257" 257 0.320675105485 18 4 4 2 1 1 0 0 0 0 0 0 0 0 0 0 0 0 0 0
"258" 258 0.0 26 2 1 1 0 0 0 0 0 0 0 0 0 0 0 0 0 0 0 0
"259" 259 0.294573643411 11 5 4 3 3 1 1 1 1 0 0 0 0 0 0 0 0 0 0 0
"260" 260 0.654008438819 16 6 5 3 0 0 0 0 0 0 0 0 0 0 0 0 0 0 0 0
"261" 261 0.60103626943 8 7 4 3 3 2 2 1 0 0 0 0 0 0 0 0 0 0 0 0
"262" 262 0.178571428571 28 1 1 0 0 0 0 0 0 0 0 0 0 0 0 0 0 0 0 0
"263" 263 0.201923076923 30 0 0 0 0 0 0 0 0 0 0 0 0 0 0 0 0 0 0 0
"264" 264 0.635220125786 5 4 4 3 3 3 2 2 2 1 0 0 0 0 0 0 0 0 0 0
"265" 265 0.341772151899 9 7 3 3 2 2 1 1 1 0 0 0 0 0 0 0 0 0 0 0
"266" 266 0.031007751938 20 7 2 0 0 0 0 0 0 0 0 0 0 0 0 0 0 0 0 0
"267" 267 0.0753138075314 19 9 1 0 0 0 0 0 0 0 0 0 0 0 0 0 0 0 0 0
"268" 268 0.393305439331 23 3 2 1 0 0 0 0 0 0 0 0 0 0 0 0 0 0 0 0
"269" 269 0.291139240506 26 3 0 0 0 0 0 0 0 0 0 0 0 0 0 0 0 0 0 0
"270" 270 0.0961538461538 29 0 0 0 0 0 0 0 0 0 0 0 0 0 0 0 0 0 0 0
"271" 271 0.0387596899225 19 4 3 3 0 0 0 0 0 0 0 0 0 0 0 0 0 0 0 0
"272" 272 0.570921985816 8 8 7 5 1 0 0 0 0 0 0 0 0 0 0 0 0 0 0 0
"273" 273 0.00662251655629 18 10 1 0 0 0 0 0 0 0 0 0 0 0 0 0 0 0 0 0
"274" 274 0.117948717949 29 0 0 0 0 0 0 0 0 0 0 0 0 0 0 0 0 0 0 0
"275" 275 0.0919540229885 17 12 0 0 0 0 0 0 0 0 0 0 0 0 0 0 0 0 0 0
"276" 276 0.308457711443 22 3 2 1 1 0 0 0 0 0 0 0 0 0 0 0 0 0 0 0
"277" 277 0.29197080292 29 0 0 0 0 0 0 0 0 0 0 0 0 0 0 0 0 0 0 0
"278" 278 0.125 25 2 1 0 0 0 0 0 0 0 0 0 0 0 0 0 0 0 0 0
"279" 279 0.366972477064 10 9 7 2 0 0 0 0 0 0 0 0 0 0 0 0 0 0 0 0
"280" 280 0.240384615385 20 8 0 0 0 0 0 0 0 0 0 0 0 0 0 0 0 0 0 0
"281" 281 0.105769230769 25 1 1 1 0 0 0 0 0 0 0 0 0 0 0 0 0 0 0 0
"282" 282 0.15503875969 27 1 0 0 0 0 0 0 0 0 0 0 0 0 0 0 0 0 0 0
"283" 283 0.481171548117 11 8 8 1 0 0 0 0 0 0 0 0 0 0 0 0 0 0 0 0
"284" 284 0.14367816092 28 0 0 0 0 0 0 0 0 0 0 0 0 0 0 0 0 0 0 0
"285" 285 0.313432835821 26 2 0 0 0 0 0 0 0 0 0 0 0 0 0 0 0 0 0 0
"286" 286 0.367816091954 17 6 3 1 1 0 0 0 0 0 0 0 0 0 0 0 0 0 0 0
"287" 287 0.517412935323 19 4 2 2 1 0 0 0 0 0 0 0 0 0 0 0 0 0 0 0
"288" 288 0.32319391635 25 2 1 0 0 0 0 0 0 0 0 0 0 0 0 0 0 0 0 0
"289" 289 0.626943005181 27 1 0 0 0 0 0 0 0 0 0 0 0 0 0 0 0 0 0 0
"290" 290 0.71875 17 5 3 1 1 0 0 0 0 0 0 0 0 0 0 0 0 0 0 0
"291" 291 0.659898477157 13 8 2 2 0 0 0 0 0 0 0 0 0 0 0 0 0 0 0 0
