"site" "RSA" "aa1" "aa2" "aa3" "aa4" "aa5" "aa6" "aa7" "aa8" "aa9" "aa10" "aa11" "aa12" "aa13" "aa14" "aa15" "aa16" "aa17" "aa18" "aa19" "aa20"
"0" 0 1.05960264901 10 6 5 2 2 0 0 0 0 0 0 0 0 0 0 0 0 0 0 0
"1" 1 0.732142857143 33 17 5 1 1 1 0 0 0 0 0 0 0 0 0 0 0 0 0 0
"2" 2 0.0722433460076 67 5 3 1 0 0 0 0 0 0 0 0 0 0 0 0 0 0 0 0
"3" 3 0.357512953368 78 1 1 0 0 0 0 0 0 0 0 0 0 0 0 0 0 0 0 0
"4" 4 0.06463878327 45 16 8 8 2 1 0 0 0 0 0 0 0 0 0 0 0 0 0 0
"5" 5 0.273631840796 74 2 1 1 1 1 1 0 0 0 0 0 0 0 0 0 0 0 0 0
"6" 6 0.00418410041841 67 8 3 1 1 1 0 0 0 0 0 0 0 0 0 0 0 0 0 0
"7" 7 0.160337552743 82 0 0 0 0 0 0 0 0 0 0 0 0 0 0 0 0 0 0 0
"8" 8 0.0 60 15 6 1 1 0 0 0 0 0 0 0 0 0 0 0 0 0 0 0
"9" 9 0.0 69 13 1 0 0 0 0 0 0 0 0 0 0 0 0 0 0 0 0 0
"10" 10 0.0 59 19 4 1 0 0 0 0 0 0 0 0 0 0 0 0 0 0 0 0
"11" 11 0.0 76 5 2 0 0 0 0 0 0 0 0 0 0 0 0 0 0 0 0 0
"12" 12 0.0 83 0 0 0 0 0 0 0 0 0 0 0 0 0 0 0 0 0 0 0
"13" 13 0.14358974359 68 12 2 1 0 0 0 0 0 0 0 0 0 0 0 0 0 0 0 0
"14" 14 0.377483443709 78 3 1 1 0 0 0 0 0 0 0 0 0 0 0 0 0 0 0 0
"15" 15 0.538461538462 73 5 4 1 0 0 0 0 0 0 0 0 0 0 0 0 0 0 0 0
"16" 16 0.0114942528736 82 1 0 0 0 0 0 0 0 0 0 0 0 0 0 0 0 0 0 0
"17" 17 0.153846153846 83 0 0 0 0 0 0 0 0 0 0 0 0 0 0 0 0 0 0 0
"18" 18 0.0253164556962 83 0 0 0 0 0 0 0 0 0 0 0 0 0 0 0 0 0 0 0
"19" 19 0.192052980132 64 19 0 0 0 0 0 0 0 0 0 0 0 0 0 0 0 0 0 0
"20" 20 0.0886075949367 53 24 5 1 0 0 0 0 0 0 0 0 0 0 0 0 0 0 0 0
"21" 21 0.0199004975124 59 9 6 5 2 2 0 0 0 0 0 0 0 0 0 0 0 0 0 0
"22" 22 0.0 79 2 2 0 0 0 0 0 0 0 0 0 0 0 0 0 0 0 0 0
"23" 23 0.109452736318 51 12 6 4 3 3 2 1 1 0 0 0 0 0 0 0 0 0 0 0
"24" 24 0.153284671533 83 0 0 0 0 0 0 0 0 0 0 0 0 0 0 0 0 0 0 0
"25" 25 0.0167364016736 76 7 0 0 0 0 0 0 0 0 0 0 0 0 0 0 0 0 0 0
"26" 26 0.185430463576 40 26 9 4 3 1 0 0 0 0 0 0 0 0 0 0 0 0 0 0
"27" 27 0.40414507772 57 18 5 1 1 1 1 0 0 0 0 0 0 0 0 0 0 0 0 0
"28" 28 0.59585492228 54 26 3 1 0 0 0 0 0 0 0 0 0 0 0 0 0 0 0 0
"29" 29 0.377906976744 24 19 10 8 5 4 3 2 2 2 2 2 1 0 0 0 0 0 0 0
"30" 30 0.281368821293 62 20 1 1 0 0 0 0 0 0 0 0 0 0 0 0 0 0 0 0
"31" 31 0.470930232558 33 19 18 3 2 1 1 1 1 1 1 1 1 1 0 0 0 0 0 0
"32" 32 0.589743589744 21 13 11 10 7 7 6 4 2 2 1 0 0 0 0 0 0 0 0 0
"33" 33 0.787564766839 39 17 10 6 4 2 1 1 1 1 1 1 0 0 0 0 0 0 0 0
"34" 34 0.220532319392 42 29 6 5 2 0 0 0 0 0 0 0 0 0 0 0 0 0 0 0
"35" 35 0.802030456853 60 7 6 3 3 2 2 1 0 0 0 0 0 0 0 0 0 0 0 0
"36" 36 0.377483443709 48 25 4 3 2 1 1 0 0 0 0 0 0 0 0 0 0 0 0 0
"37" 37 0.802325581395 84 0 0 0 0 0 0 0 0 0 0 0 0 0 0 0 0 0 0 0
"38" 38 0.675126903553 80 3 1 0 0 0 0 0 0 0 0 0 0 0 0 0 0 0 0 0
"39" 39 0.451923076923 84 0 0 0 0 0 0 0 0 0 0 0 0 0 0 0 0 0 0 0
"40" 40 0.0919540229885 58 24 1 1 0 0 0 0 0 0 0 0 0 0 0 0 0 0 0 0
"41" 41 0.523316062176 78 6 0 0 0 0 0 0 0 0 0 0 0 0 0 0 0 0 0 0
"42" 42 0.292887029289 83 1 0 0 0 0 0 0 0 0 0 0 0 0 0 0 0 0 0 0
"43" 43 0.270042194093 69 6 5 1 1 1 1 0 0 0 0 0 0 0 0 0 0 0 0 0
"44" 44 0.446700507614 63 6 6 5 1 1 1 1 0 0 0 0 0 0 0 0 0 0 0 0
"45" 45 0.227848101266 52 30 2 0 0 0 0 0 0 0 0 0 0 0 0 0 0 0 0 0
"46" 46 0.424418604651 71 4 3 2 1 1 1 1 0 0 0 0 0 0 0 0 0 0 0 0
"47" 47 0.0689655172414 37 26 13 4 3 1 0 0 0 0 0 0 0 0 0 0 0 0 0 0
"48" 48 0.53125 47 9 6 4 3 3 3 2 2 2 2 1 0 0 0 0 0 0 0 0
"49" 49 0.0199004975124 41 23 12 3 2 2 1 0 0 0 0 0 0 0 0 0 0 0 0 0
"50" 50 0.549222797927 51 10 9 6 5 1 1 1 0 0 0 0 0 0 0 0 0 0 0 0
"51" 51 0.692307692308 72 4 4 2 1 1 0 0 0 0 0 0 0 0 0 0 0 0 0 0
"52" 52 0.303797468354 66 7 4 3 2 1 1 0 0 0 0 0 0 0 0 0 0 0 0 0
"53" 53 0.174418604651 24 22 19 6 4 3 2 1 1 1 1 0 0 0 0 0 0 0 0 0
"54" 54 0.0 42 39 3 0 0 0 0 0 0 0 0 0 0 0 0 0 0 0 0 0
"55" 55 0.244725738397 82 2 0 0 0 0 0 0 0 0 0 0 0 0 0 0 0 0 0 0
"56" 56 0.0 74 6 1 1 1 1 0 0 0 0 0 0 0 0 0 0 0 0 0 0
"57" 57 0.22869955157 83 1 0 0 0 0 0 0 0 0 0 0 0 0 0 0 0 0 0 0
"58" 58 0.00507614213198 80 4 0 0 0 0 0 0 0 0 0 0 0 0 0 0 0 0 0 0
"59" 59 0.195035460993 84 0 0 0 0 0 0 0 0 0 0 0 0 0 0 0 0 0 0 0
"60" 60 0.0259067357513 84 0 0 0 0 0 0 0 0 0 0 0 0 0 0 0 0 0 0 0
"61" 61 0.0116279069767 83 1 0 0 0 0 0 0 0 0 0 0 0 0 0 0 0 0 0 0
"62" 62 0.519379844961 83 1 0 0 0 0 0 0 0 0 0 0 0 0 0 0 0 0 0 0
"63" 63 0.403846153846 84 0 0 0 0 0 0 0 0 0 0 0 0 0 0 0 0 0 0 0
"64" 64 0.255605381166 82 1 1 0 0 0 0 0 0 0 0 0 0 0 0 0 0 0 0 0
"65" 65 0.0625 79 5 0 0 0 0 0 0 0 0 0 0 0 0 0 0 0 0 0 0
"66" 66 0.642335766423 84 0 0 0 0 0 0 0 0 0 0 0 0 0 0 0 0 0 0 0
"67" 67 0.602510460251 77 7 0 0 0 0 0 0 0 0 0 0 0 0 0 0 0 0 0 0
"68" 68 0.481751824818 71 7 6 0 0 0 0 0 0 0 0 0 0 0 0 0 0 0 0 0
"69" 69 0.5 72 7 3 2 0 0 0 0 0 0 0 0 0 0 0 0 0 0 0 0
"70" 70 0.106598984772 76 5 2 1 0 0 0 0 0 0 0 0 0 0 0 0 0 0 0 0
"71" 71 0.377906976744 81 2 1 0 0 0 0 0 0 0 0 0 0 0 0 0 0 0 0 0
"72" 72 0.324503311258 42 25 4 4 3 3 2 1 0 0 0 0 0 0 0 0 0 0 0 0
"73" 73 0.456953642384 41 31 11 1 0 0 0 0 0 0 0 0 0 0 0 0 0 0 0 0
"74" 74 0.06463878327 83 1 0 0 0 0 0 0 0 0 0 0 0 0 0 0 0 0 0 0
"75" 75 0.0114068441065 82 2 0 0 0 0 0 0 0 0 0 0 0 0 0 0 0 0 0 0
"76" 76 0.613138686131 77 7 0 0 0 0 0 0 0 0 0 0 0 0 0 0 0 0 0 0
"77" 77 0.528846153846 78 4 2 0 0 0 0 0 0 0 0 0 0 0 0 0 0 0 0 0
"78" 78 0.0331125827815 69 10 3 1 1 0 0 0 0 0 0 0 0 0 0 0 0 0 0 0
"79" 79 0.239234449761 39 21 6 6 5 5 1 0 0 0 0 0 0 0 0 0 0 0 0 0
"80" 80 0.0 82 2 0 0 0 0 0 0 0 0 0 0 0 0 0 0 0 0 0 0
"81" 81 0.0 59 14 8 2 1 0 0 0 0 0 0 0 0 0 0 0 0 0 0 0
"82" 82 0.0152284263959 45 15 15 9 0 0 0 0 0 0 0 0 0 0 0 0 0 0 0 0
"83" 83 0.0 40 24 17 3 0 0 0 0 0 0 0 0 0 0 0 0 0 0 0 0
"84" 84 0.00574712643678 78 2 2 1 1 0 0 0 0 0 0 0 0 0 0 0 0 0 0 0
"85" 85 0.0 82 2 0 0 0 0 0 0 0 0 0 0 0 0 0 0 0 0 0 0
"86" 86 0.0621761658031 83 1 0 0 0 0 0 0 0 0 0 0 0 0 0 0 0 0 0 0
"87" 87 0.00574712643678 47 30 4 2 1 0 0 0 0 0 0 0 0 0 0 0 0 0 0 0
"88" 88 0.209302325581 78 3 1 1 1 0 0 0 0 0 0 0 0 0 0 0 0 0 0 0
"89" 89 0.378238341969 35 24 8 6 3 2 2 2 1 1 0 0 0 0 0 0 0 0 0 0
"90" 90 0.381165919283 22 15 14 8 4 4 3 3 3 3 1 1 1 1 1 0 0 0 0 0
"91" 91 0.477678571429 31 15 13 6 6 5 2 1 1 1 1 1 1 0 0 0 0 0 0 0
"92" 92 0.0132450331126 73 11 0 0 0 0 0 0 0 0 0 0 0 0 0 0 0 0 0 0
"93" 93 0.0627615062762 82 1 1 0 0 0 0 0 0 0 0 0 0 0 0 0 0 0 0 0
"94" 94 0.394871794872 27 18 11 7 5 4 3 3 2 2 1 1 0 0 0 0 0 0 0 0
"95" 95 0.00961538461538 60 6 6 5 2 1 1 1 1 1 0 0 0 0 0 0 0 0 0 0
"96" 96 0.0 46 30 7 1 0 0 0 0 0 0 0 0 0 0 0 0 0 0 0 0
"97" 97 0.565400843882 40 9 5 5 4 4 4 4 2 2 2 2 1 0 0 0 0 0 0 0
"98" 98 0.155963302752 18 17 13 7 6 4 3 3 3 3 2 2 2 1 0 0 0 0 0 0
"99" 99 0.0141843971631 84 0 0 0 0 0 0 0 0 0 0 0 0 0 0 0 0 0 0 0
"100" 100 0.0796019900498 50 14 11 3 3 2 1 0 0 0 0 0 0 0 0 0 0 0 0 0
"101" 101 0.506726457399 17 16 12 8 7 6 5 4 2 2 2 1 1 1 0 0 0 0 0 0
"102" 102 0.200892857143 57 17 3 3 2 1 1 0 0 0 0 0 0 0 0 0 0 0 0 0
"103" 103 0.0203045685279 56 18 9 1 0 0 0 0 0 0 0 0 0 0 0 0 0 0 0 0
"104" 104 0.709844559585 34 25 7 6 4 3 2 1 1 1 0 0 0 0 0 0 0 0 0 0
"105" 105 0.653284671533 25 16 14 9 7 4 4 3 2 0 0 0 0 0 0 0 0 0 0 0
"106" 106 0.285171102662 33 29 12 6 1 1 1 1 0 0 0 0 0 0 0 0 0 0 0 0
"107" 107 0.116279069767 64 11 4 3 2 0 0 0 0 0 0 0 0 0 0 0 0 0 0 0
"108" 108 0.459302325581 25 14 12 8 6 5 3 3 2 1 1 1 1 1 1 0 0 0 0 0
"109" 109 0.788079470199 31 12 10 9 7 5 4 3 1 1 0 0 0 0 0 0 0 0 0 0
"110" 110 0.523255813953 27 17 14 9 3 2 1 1 1 0 0 0 0 0 0 0 0 0 0 0
"111" 111 0.109195402299 67 10 4 3 0 0 0 0 0 0 0 0 0 0 0 0 0 0 0 0
"112" 112 0.129353233831 26 14 11 10 7 3 3 2 2 2 1 1 1 0 0 0 0 0 0 0
"113" 113 0.198312236287 44 16 7 6 5 2 2 1 1 0 0 0 0 0 0 0 0 0 0 0
"114" 114 0.0 35 22 16 9 2 0 0 0 0 0 0 0 0 0 0 0 0 0 0 0
"115" 115 0.0 69 12 2 1 0 0 0 0 0 0 0 0 0 0 0 0 0 0 0 0
"116" 116 0.00574712643678 59 13 11 1 0 0 0 0 0 0 0 0 0 0 0 0 0 0 0 0
"117" 117 0.0 82 2 0 0 0 0 0 0 0 0 0 0 0 0 0 0 0 0 0 0
"118" 118 0.025641025641 84 0 0 0 0 0 0 0 0 0 0 0 0 0 0 0 0 0 0 0
"119" 119 0.244725738397 84 0 0 0 0 0 0 0 0 0 0 0 0 0 0 0 0 0 0 0
"120" 120 0.0759493670886 45 12 11 5 4 3 3 0 0 0 0 0 0 0 0 0 0 0 0 0
"121" 121 0.20725388601 82 1 1 0 0 0 0 0 0 0 0 0 0 0 0 0 0 0 0 0
"122" 122 0.363184079602 42 15 8 4 4 4 2 1 1 1 1 0 0 0 0 0 0 0 0 0
"123" 123 0.632911392405 18 14 7 7 6 5 5 5 4 3 2 2 1 1 1 0 0 0 0 0
"124" 124 0.875647668394 32 16 13 6 5 4 3 1 1 1 0 0 0 0 0 0 0 0 0 0
"125" 125 0.637130801688 41 9 6 5 4 4 4 4 1 1 1 0 0 0 0 0 0 0 0 0
"126" 126 0.255474452555 55 27 1 0 0 0 0 0 0 0 0 0 0 0 0 0 0 0 0 0
"127" 127 0.431034482759 36 20 13 5 2 2 1 1 1 1 1 0 0 0 0 0 0 0 0 0
"128" 128 0.0172413793103 78 4 1 0 0 0 0 0 0 0 0 0 0 0 0 0 0 0 0 0
"129" 129 0.526785714286 25 16 12 7 6 4 3 3 2 2 1 1 1 0 0 0 0 0 0 0
"130" 130 0.372623574144 34 12 10 7 5 4 4 2 1 1 1 1 1 0 0 0 0 0 0 0
"131" 131 0.549222797927 42 10 8 8 5 4 4 2 0 0 0 0 0 0 0 0 0 0 0 0
"132" 132 0.48275862069 17 14 12 11 10 7 7 2 2 1 1 0 0 0 0 0 0 0 0 0
"133" 133 0.0 45 36 1 1 1 0 0 0 0 0 0 0 0 0 0 0 0 0 0 0
"134" 134 0.303797468354 31 22 17 5 3 2 2 1 1 0 0 0 0 0 0 0 0 0 0 0
"135" 135 0.584821428571 24 22 10 7 7 5 3 3 2 1 0 0 0 0 0 0 0 0 0 0
"136" 136 0.213389121339 34 34 9 4 1 1 1 0 0 0 0 0 0 0 0 0 0 0 0 0
"137" 137 0.0 79 2 2 1 0 0 0 0 0 0 0 0 0 0 0 0 0 0 0 0
"138" 138 0.492227979275 32 11 9 8 6 5 4 2 2 1 1 1 1 1 0 0 0 0 0 0
"139" 139 0.635658914729 25 19 14 6 5 4 2 2 2 1 1 1 1 1 0 0 0 0 0 0
"140" 140 0.246153846154 20 14 11 10 6 5 3 3 3 3 3 2 1 0 0 0 0 0 0 0
"141" 141 0.789029535865 49 12 7 3 3 2 2 2 1 1 1 1 0 0 0 0 0 0 0 0
"142" 142 0.0321100917431 53 10 10 8 1 1 1 0 0 0 0 0 0 0 0 0 0 0 0 0
"143" 143 0.327044025157 28 11 10 7 6 5 4 3 3 2 1 1 1 1 1 0 0 0 0 0
"144" 144 0.0627615062762 68 10 2 1 1 1 1 0 0 0 0 0 0 0 0 0 0 0 0 0
"145" 145 0.174129353234 26 19 16 15 5 1 1 1 0 0 0 0 0 0 0 0 0 0 0 0
"146" 146 0.116071428571 83 1 0 0 0 0 0 0 0 0 0 0 0 0 0 0 0 0 0 0
"147" 147 0.0 69 4 4 3 3 1 0 0 0 0 0 0 0 0 0 0 0 0 0 0
"148" 148 0.0 84 0 0 0 0 0 0 0 0 0 0 0 0 0 0 0 0 0 0 0
"149" 149 0.015503875969 83 1 0 0 0 0 0 0 0 0 0 0 0 0 0 0 0 0 0 0
"150" 150 0.333333333333 71 10 1 1 0 0 0 0 0 0 0 0 0 0 0 0 0 0 0 0
"151" 151 0.347150259067 21 16 14 11 11 4 2 2 1 1 0 0 0 0 0 0 0 0 0 0
"152" 152 0.41059602649 27 26 20 4 4 1 1 0 0 0 0 0 0 0 0 0 0 0 0 0
"153" 153 0.308139534884 25 20 8 7 5 4 4 3 2 1 1 1 1 1 0 0 0 0 0 0
"154" 154 0.307692307692 73 2 2 2 1 1 1 1 0 0 0 0 0 0 0 0 0 0 0 0
"155" 155 0.0172413793103 67 16 0 0 0 0 0 0 0 0 0 0 0 0 0 0 0 0 0 0
"156" 156 0.397321428571 64 7 3 3 2 2 1 1 0 0 0 0 0 0 0 0 0 0 0 0
"157" 157 0.430051813472 32 20 10 7 5 2 2 2 1 1 1 0 0 0 0 0 0 0 0 0
"158" 158 0.031007751938 52 10 6 5 4 3 1 1 1 0 0 0 0 0 0 0 0 0 0 0
"159" 159 0.0125523012552 81 1 1 0 0 0 0 0 0 0 0 0 0 0 0 0 0 0 0 0
"160" 160 0.26368159204 23 11 9 5 4 4 4 3 3 3 3 3 2 2 1 0 0 0 0 0
"161" 161 0.261627906977 29 12 11 7 3 3 3 2 2 2 2 1 1 1 1 0 0 0 0 0
"162" 162 0.0 28 25 21 4 1 1 0 0 0 0 0 0 0 0 0 0 0 0 0 0
"163" 163 0.0 50 14 8 6 1 1 0 0 0 0 0 0 0 0 0 0 0 0 0 0
"164" 164 0.317518248175 21 11 11 9 8 8 3 3 2 1 1 1 0 0 0 0 0 0 0 0
"165" 165 0.134529147982 18 16 11 7 6 4 4 4 4 3 1 1 0 0 0 0 0 0 0 0
"166" 166 0.0 54 14 8 2 1 0 0 0 0 0 0 0 0 0 0 0 0 0 0 0
"167" 167 0.177215189873 38 8 5 3 3 2 1 1 1 1 1 1 0 0 0 0 0 0 0 0
"168" 168 0.651785714286 16 11 8 7 6 5 4 3 2 2 1 0 0 0 0 0 0 0 0 0
"169" 169 0.490066225166 22 18 5 4 2 2 2 2 2 1 1 1 0 0 0 0 0 0 0 0
"170" 170 0.160550458716 19 14 9 5 4 4 3 2 1 1 0 0 0 0 0 0 0 0 0 0
"171" 171 0.417218543046 19 8 7 7 5 5 5 2 1 1 1 1 0 0 0 0 0 0 0 0
"172" 172 0.547085201794 11 9 5 5 5 4 4 3 3 2 2 1 1 1 1 0 0 0 0 0
"173" 173 0.690582959641 14 13 5 4 4 4 3 2 2 2 1 1 1 1 0 0 0 0 0 0
"174" 174 0.323076923077 10 8 5 5 5 4 3 3 3 3 2 2 1 1 0 0 0 0 0 0
"175" 175 0.0845771144279 8 8 6 6 5 5 4 3 1 1 1 1 1 1 0 0 0 0 0 0
"176" 176 0.364102564103 7 5 5 5 5 5 4 3 3 3 1 1 1 1 0 0 0 0 0 0
"177" 177 0.441964285714 8 8 6 6 5 5 4 2 2 1 1 0 0 0 0 0 0 0 0 0
"178" 178 0.0523255813953 9 5 5 4 4 4 3 3 2 2 2 1 1 1 0 0 0 0 0 0
"179" 179 0.0523255813953 8 7 4 4 3 3 3 2 2 2 2 2 1 0 0 0 0 0 0 0
"180" 180 0.27802690583 6 5 5 4 4 4 4 3 3 2 1 1 1 0 0 0 0 0 0 0
"181" 181 0.654008438819 5 4 4 3 3 3 2 2 2 2 1 1 1 1 0 0 0 0 0 0
"182" 182 0.443037974684 6 4 4 3 2 2 2 2 2 1 1 1 1 0 0 0 0 0 0 0
"183" 183 0.504464285714 5 5 4 4 3 2 2 1 1 1 1 1 0 0 0 0 0 0 0 0
"184" 184 0.694300518135 7 5 3 3 3 3 1 1 1 1 1 1 0 0 0 0 0 0 0 0
"185" 185 0.459915611814 8 5 3 3 3 3 1 1 1 1 1 0 0 0 0 0 0 0 0 0
"186" 186 0.586538461538 4 3 3 3 3 3 2 2 2 1 1 1 1 0 0 0 0 0 0 0
"187" 187 0.692307692308 7 4 3 3 2 2 1 1 1 1 1 0 0 0 0 0 0 0 0 0
"188" 188 0.701149425287 5 5 4 3 2 2 2 1 1 0 0 0 0 0 0 0 0 0 0 0
"189" 189 0.579487179487 5 4 2 1 1 1 0 0 0 0 0 0 0 0 0 0 0 0 0 0
"190" 190 0.786069651741 6 2 1 1 1 1 0 0 0 0 0 0 0 0 0 0 0 0 0 0
"191" 191 0.835443037975 4 2 2 1 1 1 0 0 0 0 0 0 0 0 0 0 0 0 0 0
"192" 192 0.423076923077 4 2 1 1 1 0 0 0 0 0 0 0 0 0 0 0 0 0 0 0
"193" 193 1.05381165919 4 1 1 0 0 0 0 0 0 0 0 0 0 0 0 0 0 0 0 0
