"site" "RSA" "aa1" "aa2" "aa3" "aa4" "aa5" "aa6" "aa7" "aa8" "aa9" "aa10" "aa11" "aa12" "aa13" "aa14" "aa15" "aa16" "aa17" "aa18" "aa19" "aa20"
"0" 0 0.790697674419 13 7 1 1 0 0 0 0 0 0 0 0 0 0 0 0 0 0 0 0
"1" 1 0.34375 13 6 3 2 1 1 1 0 0 0 0 0 0 0 0 0 0 0 0 0
"2" 2 0.601990049751 44 5 5 5 5 3 2 1 1 1 1 1 1 0 0 0 0 0 0 0
"3" 3 0.267857142857 148 2 1 0 0 0 0 0 0 0 0 0 0 0 0 0 0 0 0 0
"4" 4 0.20802919708 115 20 11 2 2 1 1 1 0 0 0 0 0 0 0 0 0 0 0 0
"5" 5 0.0 138 15 0 0 0 0 0 0 0 0 0 0 0 0 0 0 0 0 0 0
"6" 6 0.0 122 22 9 0 0 0 0 0 0 0 0 0 0 0 0 0 0 0 0 0
"7" 7 0.0 98 30 23 1 1 0 0 0 0 0 0 0 0 0 0 0 0 0 0 0
"8" 8 0.031007751938 90 59 1 1 1 1 0 0 0 0 0 0 0 0 0 0 0 0 0 0
"9" 9 0.0 78 76 4 0 0 0 0 0 0 0 0 0 0 0 0 0 0 0 0 0
"10" 10 0.101265822785 158 0 0 0 0 0 0 0 0 0 0 0 0 0 0 0 0 0 0 0
"11" 11 0.0251572327044 155 1 1 1 0 0 0 0 0 0 0 0 0 0 0 0 0 0 0 0
"12" 12 0.0777202072539 156 1 1 0 0 0 0 0 0 0 0 0 0 0 0 0 0 0 0 0
"13" 13 0.0 150 8 1 0 0 0 0 0 0 0 0 0 0 0 0 0 0 0 0 0
"14" 14 0.14367816092 156 1 1 1 1 1 0 0 0 0 0 0 0 0 0 0 0 0 0 0
"15" 15 0.614349775785 140 5 3 2 2 2 2 1 1 1 1 1 0 0 0 0 0 0 0 0
"16" 16 0.470802919708 160 1 0 0 0 0 0 0 0 0 0 0 0 0 0 0 0 0 0 0
"17" 17 0.538461538462 121 16 8 6 4 3 1 1 1 0 0 0 0 0 0 0 0 0 0 0
"18" 18 0.0995024875622 146 7 2 2 1 1 1 1 0 0 0 0 0 0 0 0 0 0 0 0
"19" 19 0.294416243655 104 51 3 1 1 1 0 0 0 0 0 0 0 0 0 0 0 0 0 0
"20" 20 0.629139072848 149 7 4 1 0 0 0 0 0 0 0 0 0 0 0 0 0 0 0 0
"21" 21 0.303571428571 89 24 20 7 6 5 4 2 1 1 1 1 0 0 0 0 0 0 0 0
"22" 22 0.0 134 26 1 0 0 0 0 0 0 0 0 0 0 0 0 0 0 0 0 0
"23" 23 0.157360406091 116 27 13 4 1 0 0 0 0 0 0 0 0 0 0 0 0 0 0 0
"24" 24 0.238410596026 45 37 19 17 12 12 6 5 3 2 2 1 0 0 0 0 0 0 0 0
"25" 25 0.0656934306569 158 2 1 0 0 0 0 0 0 0 0 0 0 0 0 0 0 0 0 0
"26" 26 0.0 147 8 4 2 0 0 0 0 0 0 0 0 0 0 0 0 0 0 0 0
"27" 27 0.607142857143 158 1 1 1 0 0 0 0 0 0 0 0 0 0 0 0 0 0 0 0
"28" 28 0.667883211679 39 31 29 14 13 8 8 7 5 2 2 2 1 0 0 0 0 0 0 0
"29" 29 0.409282700422 97 63 1 0 0 0 0 0 0 0 0 0 0 0 0 0 0 0 0 0
"30" 30 0.182692307692 161 0 0 0 0 0 0 0 0 0 0 0 0 0 0 0 0 0 0 0
"31" 31 0.0669456066946 106 38 14 1 1 1 0 0 0 0 0 0 0 0 0 0 0 0 0 0
"32" 32 0.0928270042194 110 18 13 8 4 2 1 1 1 1 1 1 0 0 0 0 0 0 0 0
"33" 33 0.293532338308 141 10 9 1 0 0 0 0 0 0 0 0 0 0 0 0 0 0 0 0
"34" 34 0.0114942528736 116 15 10 9 5 4 1 1 0 0 0 0 0 0 0 0 0 0 0 0
"35" 35 0.0288461538462 85 73 1 1 1 0 0 0 0 0 0 0 0 0 0 0 0 0 0 0
"36" 36 0.41116751269 68 53 14 13 10 2 1 0 0 0 0 0 0 0 0 0 0 0 0 0
"37" 37 0.215189873418 160 1 0 0 0 0 0 0 0 0 0 0 0 0 0 0 0 0 0 0
"38" 38 0.540229885057 59 40 40 8 5 4 3 2 0 0 0 0 0 0 0 0 0 0 0 0
"39" 39 0.223880597015 53 43 27 13 9 5 4 2 2 2 1 0 0 0 0 0 0 0 0 0
"40" 40 0.573604060914 60 18 13 12 11 10 9 7 7 6 3 3 1 1 0 0 0 0 0 0
"41" 41 0.0314465408805 51 50 33 16 3 3 2 1 1 1 0 0 0 0 0 0 0 0 0 0
"42" 42 0.482558139535 87 30 14 13 8 7 1 1 0 0 0 0 0 0 0 0 0 0 0 0
"43" 43 0.286919831224 57 42 26 14 5 4 3 3 2 1 1 1 1 1 0 0 0 0 0 0
"44" 44 0.596412556054 83 30 13 12 11 5 4 1 1 1 0 0 0 0 0 0 0 0 0 0
"45" 45 0.154811715481 105 25 8 7 7 4 3 1 1 0 0 0 0 0 0 0 0 0 0 0
"46" 46 0.0 78 75 4 3 1 0 0 0 0 0 0 0 0 0 0 0 0 0 0 0
"47" 47 0.304932735426 81 30 12 12 9 4 3 3 2 2 1 1 1 0 0 0 0 0 0 0
"48" 48 0.439461883408 50 38 36 9 7 6 4 4 2 2 1 1 1 0 0 0 0 0 0 0
"49" 49 0.0717703349282 161 0 0 0 0 0 0 0 0 0 0 0 0 0 0 0 0 0 0 0
"50" 50 0.0684410646388 160 1 0 0 0 0 0 0 0 0 0 0 0 0 0 0 0 0 0 0
"51" 51 0.382775119617 63 23 17 15 11 10 5 5 3 2 2 2 1 1 1 0 0 0 0 0
"52" 52 0.59585492228 81 55 13 5 3 2 1 1 0 0 0 0 0 0 0 0 0 0 0 0
"53" 53 0.228855721393 100 60 1 0 0 0 0 0 0 0 0 0 0 0 0 0 0 0 0 0
"54" 54 0.582278481013 62 30 22 19 8 7 7 3 2 1 0 0 0 0 0 0 0 0 0 0
"55" 55 0.705357142857 39 35 33 21 10 8 5 5 2 1 1 1 0 0 0 0 0 0 0 0
"56" 56 0.507299270073 103 48 4 2 2 1 1 0 0 0 0 0 0 0 0 0 0 0 0 0
"57" 57 0.823899371069 142 6 6 4 2 1 0 0 0 0 0 0 0 0 0 0 0 0 0 0
"58" 58 0.355648535565 161 0 0 0 0 0 0 0 0 0 0 0 0 0 0 0 0 0 0 0
"59" 59 0.10460251046 125 35 1 0 0 0 0 0 0 0 0 0 0 0 0 0 0 0 0 0
"60" 60 0.482051282051 59 33 15 15 11 10 9 5 2 1 1 0 0 0 0 0 0 0 0 0
"61" 61 0.413461538462 81 21 16 9 7 7 7 5 4 3 1 0 0 0 0 0 0 0 0 0
"62" 62 0.238805970149 156 4 1 0 0 0 0 0 0 0 0 0 0 0 0 0 0 0 0 0
"63" 63 0.0 106 28 10 10 3 2 1 1 0 0 0 0 0 0 0 0 0 0 0 0
"64" 64 0.40414507772 52 27 22 20 11 7 7 5 4 4 2 0 0 0 0 0 0 0 0 0
"65" 65 0.138075313808 94 63 2 1 1 0 0 0 0 0 0 0 0 0 0 0 0 0 0 0
"66" 66 0.0248756218905 78 68 7 4 2 1 1 0 0 0 0 0 0 0 0 0 0 0 0 0
"67" 67 0.165562913907 60 43 9 8 7 6 6 5 5 4 3 3 2 0 0 0 0 0 0 0
"68" 68 0.523178807947 148 3 2 2 2 2 1 1 0 0 0 0 0 0 0 0 0 0 0 0
"69" 69 0.0769230769231 144 11 4 1 1 0 0 0 0 0 0 0 0 0 0 0 0 0 0 0
"70" 70 0.220125786164 159 1 1 0 0 0 0 0 0 0 0 0 0 0 0 0 0 0 0 0
"71" 71 0.0 137 18 4 1 1 0 0 0 0 0 0 0 0 0 0 0 0 0 0 0
"72" 72 0.0761421319797 111 22 11 7 6 3 1 0 0 0 0 0 0 0 0 0 0 0 0 0
"73" 73 0.0 126 17 14 2 1 1 0 0 0 0 0 0 0 0 0 0 0 0 0 0
"74" 74 0.0 151 4 4 1 1 0 0 0 0 0 0 0 0 0 0 0 0 0 0 0
"75" 75 0.0 139 12 5 3 1 1 0 0 0 0 0 0 0 0 0 0 0 0 0 0
"76" 76 0.0106382978723 140 8 5 3 3 1 1 0 0 0 0 0 0 0 0 0 0 0 0 0
"77" 77 0.03125 145 16 0 0 0 0 0 0 0 0 0 0 0 0 0 0 0 0 0 0
"78" 78 0.0 161 0 0 0 0 0 0 0 0 0 0 0 0 0 0 0 0 0 0 0
"79" 79 0.491071428571 53 34 25 7 7 6 6 5 5 4 3 2 2 1 1 0 0 0 0 0
"80" 80 0.25 53 52 40 8 4 2 1 1 0 0 0 0 0 0 0 0 0 0 0 0
"81" 81 0.0 113 31 16 1 0 0 0 0 0 0 0 0 0 0 0 0 0 0 0 0
"82" 82 0.0456852791878 123 32 4 1 1 0 0 0 0 0 0 0 0 0 0 0 0 0 0 0
"83" 83 0.494186046512 73 38 16 10 6 5 5 3 1 1 1 1 1 0 0 0 0 0 0 0
"84" 84 0.326996197719 74 23 19 11 7 5 5 4 3 3 3 3 1 0 0 0 0 0 0 0
"85" 85 0.00961538461538 83 44 15 11 3 2 2 1 0 0 0 0 0 0 0 0 0 0 0 0
"86" 86 0.474452554745 160 1 0 0 0 0 0 0 0 0 0 0 0 0 0 0 0 0 0 0
"87" 87 0.569620253165 43 27 17 14 13 8 6 6 6 6 5 4 2 2 1 1 0 0 0 0
"88" 88 0.114427860697 98 32 29 1 1 0 0 0 0 0 0 0 0 0 0 0 0 0 0 0
"89" 89 0.0203045685279 71 51 25 14 0 0 0 0 0 0 0 0 0 0 0 0 0 0 0 0
"90" 90 0.163461538462 160 1 0 0 0 0 0 0 0 0 0 0 0 0 0 0 0 0 0 0
"91" 91 0.31007751938 87 41 14 4 3 3 3 2 2 1 1 0 0 0 0 0 0 0 0 0
"92" 92 0.540697674419 159 1 1 0 0 0 0 0 0 0 0 0 0 0 0 0 0 0 0 0
"93" 93 0.176165803109 109 33 9 6 2 1 1 0 0 0 0 0 0 0 0 0 0 0 0 0
"94" 94 0.0440251572327 153 5 1 1 1 0 0 0 0 0 0 0 0 0 0 0 0 0 0 0
"95" 95 0.668161434978 72 51 8 7 5 5 2 2 2 2 2 1 1 1 0 0 0 0 0 0
"96" 96 0.691983122363 51 33 27 16 12 7 5 5 2 1 1 1 0 0 0 0 0 0 0 0
"97" 97 0.0993377483444 99 61 1 0 0 0 0 0 0 0 0 0 0 0 0 0 0 0 0 0
"98" 98 0.457364341085 60 30 24 12 10 9 4 4 3 2 1 1 1 0 0 0 0 0 0 0
"99" 99 0.748427672956 151 5 1 1 1 1 1 0 0 0 0 0 0 0 0 0 0 0 0 0
"100" 100 0.461538461538 160 1 0 0 0 0 0 0 0 0 0 0 0 0 0 0 0 0 0 0
"101" 101 0.110465116279 146 15 0 0 0 0 0 0 0 0 0 0 0 0 0 0 0 0 0 0
"102" 102 0.0 151 6 4 0 0 0 0 0 0 0 0 0 0 0 0 0 0 0 0 0
"103" 103 0.0839416058394 161 0 0 0 0 0 0 0 0 0 0 0 0 0 0 0 0 0 0 0
"104" 104 0.240384615385 156 3 2 0 0 0 0 0 0 0 0 0 0 0 0 0 0 0 0 0
"105" 105 0.367875647668 153 5 2 1 0 0 0 0 0 0 0 0 0 0 0 0 0 0 0 0
"106" 106 0.139303482587 91 42 27 1 0 0 0 0 0 0 0 0 0 0 0 0 0 0 0 0
"107" 107 0.093023255814 54 46 44 17 0 0 0 0 0 0 0 0 0 0 0 0 0 0 0 0
"108" 108 0.568965517241 78 48 19 5 3 2 2 1 1 1 0 0 0 0 0 0 0 0 0 0
"109" 109 0.413793103448 60 28 22 13 13 10 6 4 2 2 0 0 0 0 0 0 0 0 0 0
"110" 110 0.379310344828 90 36 14 9 9 2 0 0 0 0 0 0 0 0 0 0 0 0 0 0
"111" 111 0.451923076923 133 20 2 2 1 1 1 0 0 0 0 0 0 0 0 0 0 0 0 0
"112" 112 0.448905109489 137 11 4 3 2 2 1 1 0 0 0 0 0 0 0 0 0 0 0 0
"113" 113 0.0512820512821 160 1 0 0 0 0 0 0 0 0 0 0 0 0 0 0 0 0 0 0
"114" 114 0.0 69 67 20 2 2 1 0 0 0 0 0 0 0 0 0 0 0 0 0 0
"115" 115 0.0 100 31 28 1 0 0 0 0 0 0 0 0 0 0 0 0 0 0 0 0
"116" 116 0.157894736842 160 0 0 0 0 0 0 0 0 0 0 0 0 0 0 0 0 0 0 0
"117" 117 0.134615384615 145 15 0 0 0 0 0 0 0 0 0 0 0 0 0 0 0 0 0 0
"118" 118 0.0 160 0 0 0 0 0 0 0 0 0 0 0 0 0 0 0 0 0 0 0
"119" 119 0.502590673575 158 2 0 0 0 0 0 0 0 0 0 0 0 0 0 0 0 0 0 0
"120" 120 0.105769230769 117 22 12 4 3 1 1 0 0 0 0 0 0 0 0 0 0 0 0 0
"121" 121 0.553459119497 85 31 15 7 6 3 3 2 2 2 1 1 1 1 0 0 0 0 0 0
"122" 122 0.575892857143 122 17 10 4 3 2 2 0 0 0 0 0 0 0 0 0 0 0 0 0
"123" 123 0.174418604651 105 22 16 5 4 3 3 2 0 0 0 0 0 0 0 0 0 0 0 0
"124" 124 0.015503875969 147 12 1 0 0 0 0 0 0 0 0 0 0 0 0 0 0 0 0 0
"125" 125 0.573839662447 37 34 28 28 12 6 6 2 2 2 2 1 0 0 0 0 0 0 0 0
"126" 126 0.507772020725 70 61 4 4 4 3 3 3 2 2 1 1 1 1 0 0 0 0 0 0
"127" 127 0.09375 160 0 0 0 0 0 0 0 0 0 0 0 0 0 0 0 0 0 0 0
"128" 128 0.0964467005076 146 6 6 1 1 0 0 0 0 0 0 0 0 0 0 0 0 0 0 0
"129" 129 0.713080168776 67 27 23 13 10 6 4 4 2 1 1 1 0 0 0 0 0 0 0 0
"130" 130 0.243781094527 140 11 3 2 1 1 1 0 0 0 0 0 0 0 0 0 0 0 0 0
"131" 131 0.0354609929078 131 22 3 1 0 0 0 0 0 0 0 0 0 0 0 0 0 0 0 0
"132" 132 0.0418410041841 156 1 0 0 0 0 0 0 0 0 0 0 0 0 0 0 0 0 0 0
"133" 133 0.518987341772 52 15 14 12 10 9 8 7 7 6 5 3 0 0 0 0 0 0 0 0
"134" 134 0.685534591195 47 44 22 9 7 4 4 4 3 3 1 1 1 0 0 0 0 0 0 0
"135" 135 0.629464285714 61 24 20 17 9 7 5 4 2 1 1 1 0 0 0 0 0 0 0 0
"136" 136 0.290178571429 129 4 3 2 2 1 1 0 0 0 0 0 0 0 0 0 0 0 0 0
"137" 137 0.169154228856 103 23 16 4 1 1 1 1 0 0 0 0 0 0 0 0 0 0 0 0
"138" 138 0.390804597701 55 21 15 13 12 8 6 6 4 3 3 1 1 1 1 0 0 0 0 0
"139" 139 0.741721854305 35 26 21 20 13 8 5 5 4 3 3 2 1 1 1 0 0 0 0 0
"140" 140 0.430962343096 81 61 4 1 0 0 0 0 0 0 0 0 0 0 0 0 0 0 0 0
"141" 141 0.651162790698 35 31 22 13 10 8 7 6 4 3 1 1 1 0 0 0 0 0 0 0
"142" 142 0.145695364238 36 33 14 14 13 8 6 4 3 3 2 2 1 1 0 0 0 0 0 0
"143" 143 0.692307692308 30 22 21 20 10 7 6 5 4 4 3 3 2 1 1 1 0 0 0 0
"144" 144 0.390728476821 18 17 17 16 16 14 13 8 7 6 2 2 2 1 1 0 0 0 0 0
"145" 145 0.147321428571 27 18 16 15 12 12 11 6 5 4 3 3 2 2 1 1 1 0 0 0
"146" 146 0.599156118143 30 28 17 11 11 8 7 7 6 4 3 3 1 1 1 1 0 0 0 0
"147" 147 0.794326241135 118 4 4 3 2 2 2 2 1 1 0 0 0 0 0 0 0 0 0 0
"148" 148 0.335025380711 61 35 34 2 1 0 0 0 0 0 0 0 0 0 0 0 0 0 0 0
"149" 149 0.406844106464 114 4 2 0 0 0 0 0 0 0 0 0 0 0 0 0 0 0 0 0
