"site" "RSA" "aa1" "aa2" "aa3" "aa4" "aa5" "aa6" "aa7" "aa8" "aa9" "aa10" "aa11" "aa12" "aa13" "aa14" "aa15" "aa16" "aa17" "aa18" "aa19" "aa20"
"0" 0 0.5 40 0 0 0 0 0 0 0 0 0 0 0 0 0 0 0 0 0 0 0
"1" 1 0.630769230769 11 11 8 4 2 2 2 1 1 1 1 0 0 0 0 0 0 0 0 0
"2" 2 0.649746192893 8 5 5 5 4 4 4 3 3 2 2 1 0 0 0 0 0 0 0 0
"3" 3 0.092050209205 25 9 8 4 3 1 1 0 0 0 0 0 0 0 0 0 0 0 0 0
"4" 4 0.0397350993377 39 7 4 2 2 2 1 1 0 0 0 0 0 0 0 0 0 0 0 0
"5" 5 0.456953642384 28 16 8 3 2 2 1 1 0 0 0 0 0 0 0 0 0 0 0 0
"6" 6 0.0733944954128 30 10 7 5 3 3 2 2 1 1 0 0 0 0 0 0 0 0 0 0
"7" 7 0.0167364016736 38 10 8 3 2 1 1 1 0 0 0 0 0 0 0 0 0 0 0 0
"8" 8 0.378238341969 22 8 7 6 6 5 3 2 2 2 2 1 0 0 0 0 0 0 0 0
"9" 9 0.430379746835 20 16 14 6 4 3 1 1 1 1 0 0 0 0 0 0 0 0 0 0
"10" 10 0.0298507462687 50 7 4 2 2 1 1 0 0 0 0 0 0 0 0 0 0 0 0 0
"11" 11 0.63475177305 39 13 5 4 4 2 1 1 1 1 0 0 0 0 0 0 0 0 0 0
"12" 12 0.615384615385 4 2 2 1 0 0 0 0 0 0 0 0 0 0 0 0 0 0 0 0
"13" 13 0.172185430464 42 13 4 4 3 3 2 1 1 1 1 0 0 0 0 0 0 0 0 0
"14" 14 0.805128205128 31 13 9 9 3 3 2 1 1 1 1 1 0 0 0 0 0 0 0 0
"15" 15 0.227848101266 48 9 6 5 2 2 1 1 1 1 1 0 0 0 0 0 0 0 0 0
"16" 16 0.504464285714 62 7 4 3 3 1 1 0 0 0 0 0 0 0 0 0 0 0 0 0
"17" 17 0.0348258706468 27 18 11 8 6 3 3 1 1 1 1 1 0 0 0 0 0 0 0 0
"18" 18 0.138686131387 80 1 0 0 0 0 0 0 0 0 0 0 0 0 0 0 0 0 0 0
"19" 19 0.010152284264 68 8 5 1 0 0 0 0 0 0 0 0 0 0 0 0 0 0 0 0
"20" 20 0.00497512437811 74 5 1 1 0 0 0 0 0 0 0 0 0 0 0 0 0 0 0 0
"21" 21 0.0152284263959 45 24 8 2 2 2 1 0 0 0 0 0 0 0 0 0 0 0 0 0
"22" 22 0.0 48 33 4 0 0 0 0 0 0 0 0 0 0 0 0 0 0 0 0 0
"23" 23 0.0 85 0 0 0 0 0 0 0 0 0 0 0 0 0 0 0 0 0 0 0
"24" 24 0.0696517412935 85 0 0 0 0 0 0 0 0 0 0 0 0 0 0 0 0 0 0 0
"25" 25 0.424870466321 85 0 0 0 0 0 0 0 0 0 0 0 0 0 0 0 0 0 0 0
"26" 26 0.413461538462 40 20 18 6 1 0 0 0 0 0 0 0 0 0 0 0 0 0 0 0
"27" 27 0.0077519379845 81 4 0 0 0 0 0 0 0 0 0 0 0 0 0 0 0 0 0 0
"28" 28 0.134615384615 85 0 0 0 0 0 0 0 0 0 0 0 0 0 0 0 0 0 0 0
"29" 29 0.0210970464135 85 0 0 0 0 0 0 0 0 0 0 0 0 0 0 0 0 0 0 0
"30" 30 0.372093023256 84 0 0 0 0 0 0 0 0 0 0 0 0 0 0 0 0 0 0 0
"31" 31 0.389534883721 80 4 1 0 0 0 0 0 0 0 0 0 0 0 0 0 0 0 0 0
"32" 32 0.010152284264 71 8 4 1 1 0 0 0 0 0 0 0 0 0 0 0 0 0 0 0
"33" 33 0.0 85 0 0 0 0 0 0 0 0 0 0 0 0 0 0 0 0 0 0 0
"34" 34 0.456273764259 76 4 2 2 0 0 0 0 0 0 0 0 0 0 0 0 0 0 0 0
"35" 35 0.335766423358 49 30 2 1 1 0 0 0 0 0 0 0 0 0 0 0 0 0 0 0
"36" 36 0.0149253731343 82 2 0 0 0 0 0 0 0 0 0 0 0 0 0 0 0 0 0 0
"37" 37 0.636771300448 49 27 5 2 1 0 0 0 0 0 0 0 0 0 0 0 0 0 0 0
"38" 38 0.0812182741117 50 14 9 4 3 2 2 0 0 0 0 0 0 0 0 0 0 0 0 0
"39" 39 0.5 68 8 5 2 1 0 0 0 0 0 0 0 0 0 0 0 0 0 0 0
"40" 40 0.285714285714 69 6 5 2 1 1 0 0 0 0 0 0 0 0 0 0 0 0 0 0
"41" 41 0.281609195402 52 17 4 3 3 2 1 1 1 0 0 0 0 0 0 0 0 0 0 0
"42" 42 0.494252873563 73 6 3 2 1 0 0 0 0 0 0 0 0 0 0 0 0 0 0 0
"43" 43 0.517441860465 55 12 8 2 2 1 1 1 1 1 1 0 0 0 0 0 0 0 0 0
"44" 44 0.360465116279 80 3 2 0 0 0 0 0 0 0 0 0 0 0 0 0 0 0 0 0
"45" 45 0.261603375527 70 6 3 2 1 1 1 1 0 0 0 0 0 0 0 0 0 0 0 0
"46" 46 0.471698113208 83 1 1 0 0 0 0 0 0 0 0 0 0 0 0 0 0 0 0 0
"47" 47 0.31976744186 83 2 1 0 0 0 0 0 0 0 0 0 0 0 0 0 0 0 0 0
"48" 48 0.761421319797 71 10 3 1 1 0 0 0 0 0 0 0 0 0 0 0 0 0 0 0
"49" 49 0.625 84 1 0 0 0 0 0 0 0 0 0 0 0 0 0 0 0 0 0 0
"50" 50 0.0376569037657 83 1 1 1 0 0 0 0 0 0 0 0 0 0 0 0 0 0 0 0
"51" 51 0.533333333333 85 1 0 0 0 0 0 0 0 0 0 0 0 0 0 0 0 0 0 0
"52" 52 0.0 80 3 2 1 0 0 0 0 0 0 0 0 0 0 0 0 0 0 0 0
"53" 53 0.107142857143 84 2 0 0 0 0 0 0 0 0 0 0 0 0 0 0 0 0 0 0
"54" 54 0.110465116279 70 10 4 1 1 0 0 0 0 0 0 0 0 0 0 0 0 0 0 0
"55" 55 0.0149253731343 68 12 4 1 1 0 0 0 0 0 0 0 0 0 0 0 0 0 0 0
"56" 56 0.298013245033 37 25 7 6 4 3 2 1 1 0 0 0 0 0 0 0 0 0 0 0
"57" 57 0.133079847909 76 4 3 1 1 1 0 0 0 0 0 0 0 0 0 0 0 0 0 0
"58" 58 0.240506329114 69 6 5 3 2 1 0 0 0 0 0 0 0 0 0 0 0 0 0 0
"59" 59 0.123076923077 77 4 2 2 1 0 0 0 0 0 0 0 0 0 0 0 0 0 0 0
"60" 60 0.0149253731343 39 30 13 3 1 0 0 0 0 0 0 0 0 0 0 0 0 0 0 0
"61" 61 0.223628691983 38 25 8 5 3 3 2 1 1 0 0 0 0 0 0 0 0 0 0 0
"62" 62 0.0298507462687 74 11 1 0 0 0 0 0 0 0 0 0 0 0 0 0 0 0 0 0
"63" 63 0.0 37 24 19 3 1 1 1 0 0 0 0 0 0 0 0 0 0 0 0 0
"64" 64 0.0287356321839 77 5 3 1 0 0 0 0 0 0 0 0 0 0 0 0 0 0 0 0
"65" 65 0.0141843971631 86 0 0 0 0 0 0 0 0 0 0 0 0 0 0 0 0 0 0 0
"66" 66 0.40932642487 86 0 0 0 0 0 0 0 0 0 0 0 0 0 0 0 0 0 0 0
"67" 67 0.0248756218905 42 37 7 0 0 0 0 0 0 0 0 0 0 0 0 0 0 0 0 0
"68" 68 0.951923076923 85 1 0 0 0 0 0 0 0 0 0 0 0 0 0 0 0 0 0 0
"69" 69 0.390862944162 74 9 2 1 0 0 0 0 0 0 0 0 0 0 0 0 0 0 0 0
"70" 70 0.328467153285 86 0 0 0 0 0 0 0 0 0 0 0 0 0 0 0 0 0 0 0
"71" 71 0.698113207547 79 2 2 1 1 1 0 0 0 0 0 0 0 0 0 0 0 0 0 0
"72" 72 0.110266159696 47 37 1 1 0 0 0 0 0 0 0 0 0 0 0 0 0 0 0 0
"73" 73 0.031914893617 86 0 0 0 0 0 0 0 0 0 0 0 0 0 0 0 0 0 0 0
"74" 74 0.120437956204 76 9 1 0 0 0 0 0 0 0 0 0 0 0 0 0 0 0 0 0
"75" 75 0.588607594937 43 35 3 2 1 1 1 0 0 0 0 0 0 0 0 0 0 0 0 0
"76" 76 0.110266159696 85 1 0 0 0 0 0 0 0 0 0 0 0 0 0 0 0 0 0 0
"77" 77 0.00760456273764 57 29 0 0 0 0 0 0 0 0 0 0 0 0 0 0 0 0 0 0
"78" 78 0.550387596899 24 16 13 10 10 3 2 2 2 1 1 1 1 0 0 0 0 0 0 0
"79" 79 0.305699481865 64 12 6 1 1 1 1 0 0 0 0 0 0 0 0 0 0 0 0 0
"80" 80 0.0813953488372 82 2 1 1 0 0 0 0 0 0 0 0 0 0 0 0 0 0 0 0
"81" 81 0.147286821705 37 20 8 7 5 3 2 1 1 1 0 0 0 0 0 0 0 0 0 0
"82" 82 0.0 45 39 2 0 0 0 0 0 0 0 0 0 0 0 0 0 0 0 0 0
"83" 83 0.0747126436782 34 30 22 0 0 0 0 0 0 0 0 0 0 0 0 0 0 0 0 0
"84" 84 0.0203045685279 77 8 1 0 0 0 0 0 0 0 0 0 0 0 0 0 0 0 0 0
"85" 85 0.00418410041841 51 34 1 0 0 0 0 0 0 0 0 0 0 0 0 0 0 0 0 0
"86" 86 0.00574712643678 86 0 0 0 0 0 0 0 0 0 0 0 0 0 0 0 0 0 0 0
"87" 87 0.0287356321839 71 15 0 0 0 0 0 0 0 0 0 0 0 0 0 0 0 0 0 0
"88" 88 0.124352331606 86 0 0 0 0 0 0 0 0 0 0 0 0 0 0 0 0 0 0 0
"89" 89 0.0 80 3 2 1 0 0 0 0 0 0 0 0 0 0 0 0 0 0 0 0
"90" 90 0.273255813953 33 20 14 9 3 3 2 2 0 0 0 0 0 0 0 0 0 0 0 0
"91" 91 0.160621761658 83 1 1 1 0 0 0 0 0 0 0 0 0 0 0 0 0 0 0 0
"92" 92 0.274261603376 45 11 9 6 5 4 2 1 1 1 1 0 0 0 0 0 0 0 0 0
"93" 93 0.725388601036 37 31 4 3 3 2 2 2 1 1 0 0 0 0 0 0 0 0 0 0
"94" 94 0.313868613139 86 0 0 0 0 0 0 0 0 0 0 0 0 0 0 0 0 0 0 0
"95" 95 0.0137614678899 37 20 17 10 2 0 0 0 0 0 0 0 0 0 0 0 0 0 0 0
"96" 96 0.443708609272 22 16 11 11 7 4 4 3 3 2 1 1 1 0 0 0 0 0 0 0
"97" 97 0.43023255814 34 15 14 13 7 1 1 1 0 0 0 0 0 0 0 0 0 0 0 0
"98" 98 0.0387596899225 64 17 3 1 1 0 0 0 0 0 0 0 0 0 0 0 0 0 0 0
"99" 99 0.119205298013 33 26 10 6 3 2 2 1 1 1 1 0 0 0 0 0 0 0 0 0
"100" 100 0.544303797468 24 19 11 5 5 5 5 3 3 3 1 1 1 0 0 0 0 0 0 0
"101" 101 0.0803571428571 84 2 0 0 0 0 0 0 0 0 0 0 0 0 0 0 0 0 0 0
"102" 102 0.0248756218905 79 5 1 1 0 0 0 0 0 0 0 0 0 0 0 0 0 0 0 0
"103" 103 0.315789473684 30 10 8 8 6 5 5 4 3 2 1 1 1 1 1 0 0 0 0 0
"104" 104 0.338308457711 19 18 14 10 5 5 4 3 2 2 2 1 1 0 0 0 0 0 0 0
"105" 105 0.0229357798165 55 16 14 1 0 0 0 0 0 0 0 0 0 0 0 0 0 0 0 0
"106" 106 0.1592039801 70 8 7 1 0 0 0 0 0 0 0 0 0 0 0 0 0 0 0 0
"107" 107 0.354260089686 18 17 13 12 6 5 4 4 3 2 1 1 0 0 0 0 0 0 0 0
"108" 108 0.303571428571 72 12 1 1 0 0 0 0 0 0 0 0 0 0 0 0 0 0 0 0
"109" 109 0.388392857143 42 28 6 4 2 2 1 1 0 0 0 0 0 0 0 0 0 0 0 0
"110" 110 0.455357142857 74 6 2 2 1 1 0 0 0 0 0 0 0 0 0 0 0 0 0 0
"111" 111 0.00995024875622 75 11 0 0 0 0 0 0 0 0 0 0 0 0 0 0 0 0 0 0
"112" 112 0.242152466368 41 29 10 3 1 1 1 0 0 0 0 0 0 0 0 0 0 0 0 0
"113" 113 0.632124352332 49 12 10 7 2 2 1 1 1 1 0 0 0 0 0 0 0 0 0 0
"114" 114 0.031007751938 61 10 8 5 1 1 0 0 0 0 0 0 0 0 0 0 0 0 0 0
"115" 115 0.031007751938 25 14 14 14 9 5 3 1 1 0 0 0 0 0 0 0 0 0 0 0
"116" 116 0.044776119403 70 9 6 1 0 0 0 0 0 0 0 0 0 0 0 0 0 0 0 0
"117" 117 0.0 74 5 4 1 1 1 0 0 0 0 0 0 0 0 0 0 0 0 0 0
"118" 118 0.0 68 17 1 0 0 0 0 0 0 0 0 0 0 0 0 0 0 0 0 0
"119" 119 0.0 63 14 5 3 1 0 0 0 0 0 0 0 0 0 0 0 0 0 0 0
"120" 120 0.0 84 1 1 0 0 0 0 0 0 0 0 0 0 0 0 0 0 0 0 0
"121" 121 0.0307692307692 86 0 0 0 0 0 0 0 0 0 0 0 0 0 0 0 0 0 0 0
"122" 122 0.257383966245 86 0 0 0 0 0 0 0 0 0 0 0 0 0 0 0 0 0 0 0
"123" 123 0.233183856502 84 2 0 0 0 0 0 0 0 0 0 0 0 0 0 0 0 0 0 0
"124" 124 0.40414507772 86 0 0 0 0 0 0 0 0 0 0 0 0 0 0 0 0 0 0 0
"125" 125 0.439461883408 54 9 8 7 6 1 1 0 0 0 0 0 0 0 0 0 0 0 0 0
"126" 126 0.723270440252 62 8 5 3 3 2 2 1 0 0 0 0 0 0 0 0 0 0 0 0
"127" 127 0.663461538462 38 30 5 5 2 2 2 1 1 0 0 0 0 0 0 0 0 0 0 0
"128" 128 0.178294573643 78 5 2 1 0 0 0 0 0 0 0 0 0 0 0 0 0 0 0 0
"129" 129 0.154228855721 44 27 5 4 3 2 1 0 0 0 0 0 0 0 0 0 0 0 0 0
"130" 130 0.278145695364 47 12 7 5 4 4 3 3 1 0 0 0 0 0 0 0 0 0 0 0
"131" 131 0.186046511628 26 16 14 8 5 4 3 3 3 2 1 0 0 0 0 0 0 0 0 0
"132" 132 0.602649006623 32 19 12 7 5 4 2 2 1 1 1 0 0 0 0 0 0 0 0 0
"133" 133 0.455357142857 64 8 7 3 2 1 1 0 0 0 0 0 0 0 0 0 0 0 0 0
"134" 134 0.0 37 36 11 2 0 0 0 0 0 0 0 0 0 0 0 0 0 0 0 0
"135" 135 0.119205298013 34 25 14 3 2 2 2 2 1 1 0 0 0 0 0 0 0 0 0 0
"136" 136 0.248945147679 39 17 10 7 6 2 2 2 1 0 0 0 0 0 0 0 0 0 0 0
"137" 137 0.401785714286 34 22 5 5 4 4 3 3 1 1 1 1 1 1 0 0 0 0 0 0
"138" 138 0.0 84 1 1 0 0 0 0 0 0 0 0 0 0 0 0 0 0 0 0 0
"139" 139 0.435897435897 44 7 7 6 6 5 4 2 1 1 1 1 1 0 0 0 0 0 0 0
"140" 140 0.00995024875622 83 2 1 0 0 0 0 0 0 0 0 0 0 0 0 0 0 0 0 0
"141" 141 0.632183908046 22 17 8 7 6 6 5 5 3 3 2 2 0 0 0 0 0 0 0 0
"142" 142 0.334821428571 29 13 11 8 8 4 3 3 3 2 1 1 0 0 0 0 0 0 0 0
"143" 143 0.179104477612 56 21 3 2 2 1 0 0 0 0 0 0 0 0 0 0 0 0 0 0
"144" 144 0.35864978903 38 31 4 4 2 2 1 1 1 1 1 0 0 0 0 0 0 0 0 0
"145" 145 0.533678756477 32 25 7 7 5 4 2 1 1 1 1 0 0 0 0 0 0 0 0 0
"146" 146 0.226277372263 76 4 2 2 1 1 0 0 0 0 0 0 0 0 0 0 0 0 0 0
"147" 147 0.437086092715 19 14 12 10 9 7 4 3 2 2 2 1 1 0 0 0 0 0 0 0
"148" 148 0.276595744681 77 4 1 1 0 0 0 0 0 0 0 0 0 0 0 0 0 0 0 0
"149" 149 0.165562913907 26 17 12 11 7 4 4 2 1 1 0 0 0 0 0 0 0 0 0 0
"150" 150 0.172588832487 62 16 3 2 1 1 0 0 0 0 0 0 0 0 0 0 0 0 0 0
"151" 151 0.166666666667 42 21 11 3 2 2 1 1 1 1 1 0 0 0 0 0 0 0 0 0
"152" 152 0.333333333333 26 20 13 11 7 3 3 1 1 1 0 0 0 0 0 0 0 0 0 0
"153" 153 0.0132450331126 41 19 17 9 0 0 0 0 0 0 0 0 0 0 0 0 0 0 0 0
"154" 154 0.0264900662252 44 35 4 1 1 1 0 0 0 0 0 0 0 0 0 0 0 0 0 0
"155" 155 0.0 82 2 1 1 0 0 0 0 0 0 0 0 0 0 0 0 0 0 0 0
"156" 156 0.609137055838 37 13 12 11 6 2 2 1 1 1 0 0 0 0 0 0 0 0 0 0
"157" 157 0.206751054852 24 19 14 11 6 4 4 2 2 0 0 0 0 0 0 0 0 0 0 0
"158" 158 0.115384615385 81 2 2 1 0 0 0 0 0 0 0 0 0 0 0 0 0 0 0 0
"159" 159 0.5 27 17 12 7 6 3 3 3 2 2 2 1 1 0 0 0 0 0 0 0
"160" 160 0.0769230769231 86 0 0 0 0 0 0 0 0 0 0 0 0 0 0 0 0 0 0 0
"161" 161 0.0 74 8 4 0 0 0 0 0 0 0 0 0 0 0 0 0 0 0 0 0
"162" 162 0.296511627907 35 12 8 8 6 3 3 2 2 2 2 1 1 1 0 0 0 0 0 0
"163" 163 0.535714285714 73 5 4 1 1 1 1 0 0 0 0 0 0 0 0 0 0 0 0 0
"164" 164 0.0 73 10 3 0 0 0 0 0 0 0 0 0 0 0 0 0 0 0 0 0
"165" 165 0.0199004975124 57 24 5 0 0 0 0 0 0 0 0 0 0 0 0 0 0 0 0 0
"166" 166 0.362694300518 62 10 3 3 2 2 1 1 1 1 0 0 0 0 0 0 0 0 0 0
"167" 167 0.269503546099 84 1 1 0 0 0 0 0 0 0 0 0 0 0 0 0 0 0 0 0
"168" 168 0.00497512437811 81 4 0 0 0 0 0 0 0 0 0 0 0 0 0 0 0 0 0 0
"169" 169 0.0152284263959 22 15 11 6 5 4 2 1 0 0 0 0 0 0 0 0 0 0 0 0
"170" 170 0.367875647668 27 16 4 4 3 3 2 2 2 1 1 1 0 0 0 0 0 0 0 0
"171" 171 0.149425287356 12 12 8 7 6 6 3 2 2 2 1 1 1 0 0 0 0 0 0 0
"172" 172 0.0152284263959 32 24 4 2 1 0 0 0 0 0 0 0 0 0 0 0 0 0 0 0
"173" 173 0.383966244726 30 11 6 5 4 2 1 0 0 0 0 0 0 0 0 0 0 0 0 0
"174" 174 0.558035714286 14 10 9 6 3 2 2 1 1 1 1 0 0 0 0 0 0 0 0 0
"175" 175 0.495535714286 14 8 6 6 3 2 0 0 0 0 0 0 0 0 0 0 0 0 0 0
"176" 176 0.345291479821 9 8 2 1 1 1 1 1 0 0 0 0 0 0 0 0 0 0 0 0
"177" 177 0.855721393035 6 1 0 0 0 0 0 0 0 0 0 0 0 0 0 0 0 0 0 0
