"site" "RSA" "aa1" "aa2" "aa3" "aa4" "aa5" "aa6" "aa7" "aa8" "aa9" "aa10" "aa11" "aa12" "aa13" "aa14" "aa15" "aa16" "aa17" "aa18" "aa19" "aa20"
"0" 0 0.645348837209 0 0 0 0 0 0 0 0 0 0 0 0 0 0 0 0 0 0 0 0
"1" 1 0.451923076923 0 0 0 0 0 0 0 0 0 0 0 0 0 0 0 0 0 0 0 0
"2" 2 0.788461538462 0 0 0 0 0 0 0 0 0 0 0 0 0 0 0 0 0 0 0 0
"3" 3 0.743119266055 0 0 0 0 0 0 0 0 0 0 0 0 0 0 0 0 0 0 0 0
"4" 4 0.519379844961 0 0 0 0 0 0 0 0 0 0 0 0 0 0 0 0 0 0 0 0
"5" 5 0.0993377483444 0 0 0 0 0 0 0 0 0 0 0 0 0 0 0 0 0 0 0 0
"6" 6 0.704641350211 1 1 0 0 0 0 0 0 0 0 0 0 0 0 0 0 0 0 0 0
"7" 7 0.187943262411 1 1 0 0 0 0 0 0 0 0 0 0 0 0 0 0 0 0 0 0
"8" 8 0.0829015544041 8 1 0 0 0 0 0 0 0 0 0 0 0 0 0 0 0 0 0 0
"9" 9 0.533632286996 4 2 1 1 1 0 0 0 0 0 0 0 0 0 0 0 0 0 0 0
"10" 10 0.362869198312 6 2 1 1 1 0 0 0 0 0 0 0 0 0 0 0 0 0 0 0
"11" 11 0.0 5 3 1 1 1 0 0 0 0 0 0 0 0 0 0 0 0 0 0 0
"12" 12 0.0137614678899 15 8 0 0 0 0 0 0 0 0 0 0 0 0 0 0 0 0 0 0
"13" 13 0.259067357513 10 5 4 1 1 1 1 0 0 0 0 0 0 0 0 0 0 0 0 0
"14" 14 0.0761421319797 10 7 2 2 1 1 1 0 0 0 0 0 0 0 0 0 0 0 0 0
"15" 15 0.0 23 1 0 0 0 0 0 0 0 0 0 0 0 0 0 0 0 0 0 0
"16" 16 0.174904942966 12 7 2 2 1 0 0 0 0 0 0 0 0 0 0 0 0 0 0 0
"17" 17 0.424107142857 12 4 3 2 1 1 1 0 0 0 0 0 0 0 0 0 0 0 0 0
"18" 18 0.0714285714286 20 4 0 0 0 0 0 0 0 0 0 0 0 0 0 0 0 0 0 0
"19" 19 0.0077519379845 24 0 0 0 0 0 0 0 0 0 0 0 0 0 0 0 0 0 0 0
"20" 20 0.243781094527 8 6 5 2 1 1 1 0 0 0 0 0 0 0 0 0 0 0 0 0
"21" 21 0.358208955224 12 4 2 2 2 1 1 0 0 0 0 0 0 0 0 0 0 0 0 0
"22" 22 0.0 20 4 0 0 0 0 0 0 0 0 0 0 0 0 0 0 0 0 0 0
"23" 23 0.212927756654 14 5 2 1 1 1 0 0 0 0 0 0 0 0 0 0 0 0 0 0
"24" 24 0.679324894515 5 4 4 3 3 2 2 1 0 0 0 0 0 0 0 0 0 0 0 0
"25" 25 0.464285714286 22 1 1 0 0 0 0 0 0 0 0 0 0 0 0 0 0 0 0 0
"26" 26 0.307692307692 23 1 0 0 0 0 0 0 0 0 0 0 0 0 0 0 0 0 0 0
"27" 27 0.0 24 0 0 0 0 0 0 0 0 0 0 0 0 0 0 0 0 0 0 0
"28" 28 0.0 20 3 1 0 0 0 0 0 0 0 0 0 0 0 0 0 0 0 0 0
"29" 29 0.0188679245283 24 0 0 0 0 0 0 0 0 0 0 0 0 0 0 0 0 0 0 0
"30" 30 0.0355329949239 23 1 0 0 0 0 0 0 0 0 0 0 0 0 0 0 0 0 0 0
"31" 31 0.0 24 0 0 0 0 0 0 0 0 0 0 0 0 0 0 0 0 0 0 0
"32" 32 0.0 17 4 3 0 0 0 0 0 0 0 0 0 0 0 0 0 0 0 0 0
"33" 33 0.0 18 4 2 0 0 0 0 0 0 0 0 0 0 0 0 0 0 0 0 0
"34" 34 0.0 20 3 1 1 0 0 0 0 0 0 0 0 0 0 0 0 0 0 0 0
"35" 35 0.0 16 5 2 1 1 0 0 0 0 0 0 0 0 0 0 0 0 0 0 0
"36" 36 0.174358974359 2 0 0 0 0 0 0 0 0 0 0 0 0 0 0 0 0 0 0 0
"37" 37 0.158974358974 3 2 1 1 1 0 0 0 0 0 0 0 0 0 0 0 0 0 0 0
"38" 38 0.666666666667 7 4 3 3 3 2 1 1 1 0 0 0 0 0 0 0 0 0 0 0
"39" 39 0.435233160622 18 3 1 1 1 1 0 0 0 0 0 0 0 0 0 0 0 0 0 0
"40" 40 0.0 22 1 1 1 0 0 0 0 0 0 0 0 0 0 0 0 0 0 0 0
"41" 41 0.35761589404 11 6 3 3 2 0 0 0 0 0 0 0 0 0 0 0 0 0 0 0
"42" 42 0.316091954023 15 8 2 0 0 0 0 0 0 0 0 0 0 0 0 0 0 0 0 0
"43" 43 0.238805970149 11 10 4 0 0 0 0 0 0 0 0 0 0 0 0 0 0 0 0 0
"44" 44 0.0769230769231 21 3 1 0 0 0 0 0 0 0 0 0 0 0 0 0 0 0 0 0
"45" 45 0.310218978102 17 3 2 2 1 0 0 0 0 0 0 0 0 0 0 0 0 0 0 0
"46" 46 0.00961538461538 25 0 0 0 0 0 0 0 0 0 0 0 0 0 0 0 0 0 0 0
"47" 47 0.0813397129187 20 4 1 0 0 0 0 0 0 0 0 0 0 0 0 0 0 0 0 0
"48" 48 0.0 25 0 0 0 0 0 0 0 0 0 0 0 0 0 0 0 0 0 0 0
"49" 49 0.174311926606 11 4 4 3 2 1 0 0 0 0 0 0 0 0 0 0 0 0 0 0
"50" 50 0.0948905109489 25 0 0 0 0 0 0 0 0 0 0 0 0 0 0 0 0 0 0 0
"51" 51 0.330543933054 18 5 2 0 0 0 0 0 0 0 0 0 0 0 0 0 0 0 0 0
"52" 52 0.255605381166 25 0 0 0 0 0 0 0 0 0 0 0 0 0 0 0 0 0 0 0
"53" 53 0.57805907173 9 5 3 3 2 1 1 1 0 0 0 0 0 0 0 0 0 0 0 0
"54" 54 0.682692307692 16 3 3 2 1 0 0 0 0 0 0 0 0 0 0 0 0 0 0 0
"55" 55 0.12582781457 19 6 0 0 0 0 0 0 0 0 0 0 0 0 0 0 0 0 0 0
"56" 56 0.565891472868 13 9 2 1 0 0 0 0 0 0 0 0 0 0 0 0 0 0 0 0
"57" 57 0.482558139535 16 5 3 1 0 0 0 0 0 0 0 0 0 0 0 0 0 0 0 0
"58" 58 0.119402985075 18 2 2 1 1 1 0 0 0 0 0 0 0 0 0 0 0 0 0 0
"59" 59 0.0717703349282 24 0 0 0 0 0 0 0 0 0 0 0 0 0 0 0 0 0 0 0
"60" 60 0.00961538461538 13 11 0 0 0 0 0 0 0 0 0 0 0 0 0 0 0 0 0 0
"61" 61 0.0357142857143 24 0 0 0 0 0 0 0 0 0 0 0 0 0 0 0 0 0 0 0
"62" 62 0.147208121827 16 7 1 1 0 0 0 0 0 0 0 0 0 0 0 0 0 0 0 0
"63" 63 0.0264900662252 18 7 0 0 0 0 0 0 0 0 0 0 0 0 0 0 0 0 0 0
"64" 64 0.0 13 9 2 1 0 0 0 0 0 0 0 0 0 0 0 0 0 0 0 0
"65" 65 0.0746268656716 23 1 1 0 0 0 0 0 0 0 0 0 0 0 0 0 0 0 0 0
"66" 66 0.598214285714 17 6 1 1 0 0 0 0 0 0 0 0 0 0 0 0 0 0 0 0
"67" 67 0.471794871795 20 2 1 1 1 0 0 0 0 0 0 0 0 0 0 0 0 0 0 0
"68" 68 0.113924050633 23 1 1 0 0 0 0 0 0 0 0 0 0 0 0 0 0 0 0 0
"69" 69 0.384615384615 24 1 0 0 0 0 0 0 0 0 0 0 0 0 0 0 0 0 0 0
"70" 70 0.930656934307 25 0 0 0 0 0 0 0 0 0 0 0 0 0 0 0 0 0 0 0
"71" 71 0.278606965174 13 5 3 1 1 1 1 0 0 0 0 0 0 0 0 0 0 0 0 0
"72" 72 0.65625 6 4 4 3 3 3 1 1 0 0 0 0 0 0 0 0 0 0 0 0
"73" 73 0.317307692308 10 6 2 2 1 1 1 1 1 0 0 0 0 0 0 0 0 0 0 0
"74" 74 0.64135021097 6 5 2 1 1 1 1 1 0 0 0 0 0 0 0 0 0 0 0 0
"75" 75 0.137931034483 6 4 3 2 1 1 1 0 0 0 0 0 0 0 0 0 0 0 0 0
"76" 76 0.0152091254753 25 0 0 0 0 0 0 0 0 0 0 0 0 0 0 0 0 0 0 0
"77" 77 0.451476793249 10 7 3 2 1 1 1 0 0 0 0 0 0 0 0 0 0 0 0 0
"78" 78 0.341968911917 9 4 4 2 2 1 1 1 1 0 0 0 0 0 0 0 0 0 0 0
"79" 79 0.0 10 5 4 3 2 1 0 0 0 0 0 0 0 0 0 0 0 0 0 0
"80" 80 0.0 20 3 2 0 0 0 0 0 0 0 0 0 0 0 0 0 0 0 0 0
"81" 81 0.0 17 4 4 0 0 0 0 0 0 0 0 0 0 0 0 0 0 0 0 0
"82" 82 0.0 23 1 1 0 0 0 0 0 0 0 0 0 0 0 0 0 0 0 0 0
"83" 83 0.0 14 11 0 0 0 0 0 0 0 0 0 0 0 0 0 0 0 0 0 0
"84" 84 0.0348837209302 24 1 0 0 0 0 0 0 0 0 0 0 0 0 0 0 0 0 0 0
"85" 85 0.0199004975124 25 0 0 0 0 0 0 0 0 0 0 0 0 0 0 0 0 0 0 0
"86" 86 0.0132450331126 21 4 0 0 0 0 0 0 0 0 0 0 0 0 0 0 0 0 0 0
"87" 87 0.0 25 0 0 0 0 0 0 0 0 0 0 0 0 0 0 0 0 0 0 0
"88" 88 0.113924050633 25 0 0 0 0 0 0 0 0 0 0 0 0 0 0 0 0 0 0 0
"89" 89 0.533678756477 8 4 4 2 2 2 2 1 0 0 0 0 0 0 0 0 0 0 0 0
"90" 90 0.366972477064 20 4 1 0 0 0 0 0 0 0 0 0 0 0 0 0 0 0 0 0
"91" 91 0.0 25 0 0 0 0 0 0 0 0 0 0 0 0 0 0 0 0 0 0 0
"92" 92 0.00581395348837 13 7 5 0 0 0 0 0 0 0 0 0 0 0 0 0 0 0 0 0
"93" 93 0.307692307692 25 0 0 0 0 0 0 0 0 0 0 0 0 0 0 0 0 0 0 0
"94" 94 0.116279069767 22 1 1 1 0 0 0 0 0 0 0 0 0 0 0 0 0 0 0 0
"95" 95 0.0 15 5 3 2 0 0 0 0 0 0 0 0 0 0 0 0 0 0 0 0
"96" 96 0.0964467005076 17 5 2 1 0 0 0 0 0 0 0 0 0 0 0 0 0 0 0 0
"97" 97 0.577981651376 15 7 3 0 0 0 0 0 0 0 0 0 0 0 0 0 0 0 0 0
"98" 98 0.296577946768 17 8 0 0 0 0 0 0 0 0 0 0 0 0 0 0 0 0 0 0
"99" 99 0.211538461538 19 5 1 0 0 0 0 0 0 0 0 0 0 0 0 0 0 0 0 0
"100" 100 0.0 23 1 1 0 0 0 0 0 0 0 0 0 0 0 0 0 0 0 0 0
"101" 101 0.251572327044 11 10 3 1 0 0 0 0 0 0 0 0 0 0 0 0 0 0 0 0
"102" 102 0.0401459854015 16 8 1 0 0 0 0 0 0 0 0 0 0 0 0 0 0 0 0 0
"103" 103 0.00632911392405 22 2 1 0 0 0 0 0 0 0 0 0 0 0 0 0 0 0 0 0
"104" 104 0.00574712643678 18 7 0 0 0 0 0 0 0 0 0 0 0 0 0 0 0 0 0 0
"105" 105 0.0 10 5 5 4 1 0 0 0 0 0 0 0 0 0 0 0 0 0 0 0
"106" 106 0.0 25 0 0 0 0 0 0 0 0 0 0 0 0 0 0 0 0 0 0 0
"107" 107 0.00446428571429 25 0 0 0 0 0 0 0 0 0 0 0 0 0 0 0 0 0 0 0
"108" 108 0.210256410256 19 5 1 0 0 0 0 0 0 0 0 0 0 0 0 0 0 0 0 0
"109" 109 0.5 6 6 4 2 2 2 1 1 1 0 0 0 0 0 0 0 0 0 0 0
"110" 110 0.174358974359 16 8 1 0 0 0 0 0 0 0 0 0 0 0 0 0 0 0 0 0
"111" 111 0.154811715481 25 0 0 0 0 0 0 0 0 0 0 0 0 0 0 0 0 0 0 0
"112" 112 0.481012658228 6 3 3 3 3 2 1 1 1 1 1 0 0 0 0 0 0 0 0 0
"113" 113 0.139072847682 24 1 0 0 0 0 0 0 0 0 0 0 0 0 0 0 0 0 0 0
"114" 114 0.746835443038 1 0 0 0 0 0 0 0 0 0 0 0 0 0 0 0 0 0 0 0
"115" 115 0.0 8 6 4 4 3 0 0 0 0 0 0 0 0 0 0 0 0 0 0 0
"116" 116 0.0580357142857 18 2 2 1 1 1 0 0 0 0 0 0 0 0 0 0 0 0 0 0
"117" 117 0.523206751055 12 4 3 1 1 1 1 1 1 0 0 0 0 0 0 0 0 0 0 0
"118" 118 0.410646387833 9 8 6 1 1 0 0 0 0 0 0 0 0 0 0 0 0 0 0 0
"119" 119 0.0 17 5 3 0 0 0 0 0 0 0 0 0 0 0 0 0 0 0 0 0
"120" 120 0.385650224215 11 6 3 2 1 1 1 0 0 0 0 0 0 0 0 0 0 0 0 0
"121" 121 0.593023255814 16 3 3 2 1 0 0 0 0 0 0 0 0 0 0 0 0 0 0 0
"122" 122 0.463503649635 12 6 4 1 1 1 0 0 0 0 0 0 0 0 0 0 0 0 0 0
"123" 123 0.673076923077 24 1 0 0 0 0 0 0 0 0 0 0 0 0 0 0 0 0 0 0
"124" 124 0.105263157895 22 2 1 0 0 0 0 0 0 0 0 0 0 0 0 0 0 0 0 0
"125" 125 0.205357142857 19 3 1 1 1 0 0 0 0 0 0 0 0 0 0 0 0 0 0 0
"126" 126 0.172413793103 18 4 3 0 0 0 0 0 0 0 0 0 0 0 0 0 0 0 0 0
"127" 127 0.241379310345 6 5 4 3 2 2 1 1 1 0 0 0 0 0 0 0 0 0 0 0
"128" 128 0.316091954023 11 6 4 2 1 1 0 0 0 0 0 0 0 0 0 0 0 0 0 0
"129" 129 0.385057471264 17 5 1 1 1 0 0 0 0 0 0 0 0 0 0 0 0 0 0 0
"130" 130 0.388601036269 16 6 1 1 1 0 0 0 0 0 0 0 0 0 0 0 0 0 0 0
"131" 131 0.0880829015544 13 7 5 0 0 0 0 0 0 0 0 0 0 0 0 0 0 0 0 0
"132" 132 0.401785714286 8 7 3 3 2 1 1 0 0 0 0 0 0 0 0 0 0 0 0 0
"133" 133 0.346715328467 13 3 3 2 1 1 1 1 0 0 0 0 0 0 0 0 0 0 0 0
"134" 134 0.0316455696203 25 0 0 0 0 0 0 0 0 0 0 0 0 0 0 0 0 0 0 0
"135" 135 0.139240506329 12 4 3 1 1 1 1 1 1 0 0 0 0 0 0 0 0 0 0 0
"136" 136 0.620253164557 7 4 4 3 2 2 1 1 1 0 0 0 0 0 0 0 0 0 0 0
"137" 137 0.0746268656716 16 5 4 0 0 0 0 0 0 0 0 0 0 0 0 0 0 0 0 0
"138" 138 0.0183486238532 23 2 0 0 0 0 0 0 0 0 0 0 0 0 0 0 0 0 0 0
"139" 139 0.379746835443 6 4 4 2 2 2 2 1 1 1 0 0 0 0 0 0 0 0 0 0
"140" 140 0.434977578475 6 4 4 3 2 2 1 1 1 1 0 0 0 0 0 0 0 0 0 0
"141" 141 0.0 25 0 0 0 0 0 0 0 0 0 0 0 0 0 0 0 0 0 0 0
"142" 142 0.152284263959 25 0 0 0 0 0 0 0 0 0 0 0 0 0 0 0 0 0 0 0
"143" 143 0.518134715026 8 5 4 3 2 2 1 0 0 0 0 0 0 0 0 0 0 0 0 0
"144" 144 0.424107142857 8 4 4 3 2 2 1 1 0 0 0 0 0 0 0 0 0 0 0 0
"145" 145 0.229927007299 7 6 4 3 1 1 1 1 1 0 0 0 0 0 0 0 0 0 0 0
"146" 146 0.352201257862 25 0 0 0 0 0 0 0 0 0 0 0 0 0 0 0 0 0 0 0
"147" 147 0.57399103139 11 7 2 2 1 1 1 0 0 0 0 0 0 0 0 0 0 0 0 0
"148" 148 0.217616580311 18 4 1 1 1 0 0 0 0 0 0 0 0 0 0 0 0 0 0 0
"149" 149 0.0390070921986 25 0 0 0 0 0 0 0 0 0 0 0 0 0 0 0 0 0 0 0
"150" 150 0.338912133891 16 3 2 2 2 0 0 0 0 0 0 0 0 0 0 0 0 0 0 0
"151" 151 0.433035714286 25 0 0 0 0 0 0 0 0 0 0 0 0 0 0 0 0 0 0 0
"152" 152 0.020725388601 25 0 0 0 0 0 0 0 0 0 0 0 0 0 0 0 0 0 0 0
"153" 153 0.218274111675 25 0 0 0 0 0 0 0 0 0 0 0 0 0 0 0 0 0 0 0
"154" 154 0.625 23 2 0 0 0 0 0 0 0 0 0 0 0 0 0 0 0 0 0 0
"155" 155 0.71875 12 3 0 0 0 0 0 0 0 0 0 0 0 0 0 0 0 0 0 0
