"site" "RSA" "aa1" "aa2" "aa3" "aa4" "aa5" "aa6" "aa7" "aa8" "aa9" "aa10" "aa11" "aa12" "aa13" "aa14" "aa15" "aa16" "aa17" "aa18" "aa19" "aa20"
"0" 0 0.317880794702 3 0 0 0 0 0 0 0 0 0 0 0 0 0 0 0 0 0 0 0
"1" 1 0.00507614213198 2 1 1 0 0 0 0 0 0 0 0 0 0 0 0 0 0 0 0 0
"2" 2 0.0 2 1 1 0 0 0 0 0 0 0 0 0 0 0 0 0 0 0 0 0
"3" 3 0.10460251046 3 2 0 0 0 0 0 0 0 0 0 0 0 0 0 0 0 0 0 0
"4" 4 0.269035532995 2 1 1 1 0 0 0 0 0 0 0 0 0 0 0 0 0 0 0 0
"5" 5 0.709844559585 2 2 1 0 0 0 0 0 0 0 0 0 0 0 0 0 0 0 0 0
"6" 6 0.5 3 1 1 1 0 0 0 0 0 0 0 0 0 0 0 0 0 0 0 0
"7" 7 0.421524663677 4 1 1 1 1 0 0 0 0 0 0 0 0 0 0 0 0 0 0 0
"8" 8 0.0348258706468 6 1 1 1 0 0 0 0 0 0 0 0 0 0 0 0 0 0 0 0
"9" 9 0.403846153846 3 2 1 1 1 1 0 0 0 0 0 0 0 0 0 0 0 0 0 0
"10" 10 0.0174418604651 6 3 1 1 0 0 0 0 0 0 0 0 0 0 0 0 0 0 0 0
"11" 11 0.574358974359 10 4 3 2 1 1 1 0 0 0 0 0 0 0 0 0 0 0 0 0
"12" 12 0.459119496855 13 9 3 1 0 0 0 0 0 0 0 0 0 0 0 0 0 0 0 0
"13" 13 0.0232558139535 11 5 5 4 1 1 0 0 0 0 0 0 0 0 0 0 0 0 0 0
"14" 14 0.629464285714 29 10 9 8 4 1 1 1 0 0 0 0 0 0 0 0 0 0 0 0
"15" 15 0.28855721393 81 3 2 1 0 0 0 0 0 0 0 0 0 0 0 0 0 0 0 0
"16" 16 0.119496855346 80 3 2 1 1 0 0 0 0 0 0 0 0 0 0 0 0 0 0 0
"17" 17 0.704402515723 25 15 13 11 11 5 3 2 1 1 0 0 0 0 0 0 0 0 0 0
"18" 18 0.119402985075 87 1 0 0 0 0 0 0 0 0 0 0 0 0 0 0 0 0 0 0
"19" 19 0.522012578616 68 5 4 4 4 2 1 0 0 0 0 0 0 0 0 0 0 0 0 0
"20" 20 0.133079847909 85 3 0 0 0 0 0 0 0 0 0 0 0 0 0 0 0 0 0 0
"21" 21 0.355769230769 50 18 6 5 4 2 1 1 1 0 0 0 0 0 0 0 0 0 0 0
"22" 22 0.281368821293 70 5 3 3 3 3 1 1 1 0 0 0 0 0 0 0 0 0 0 0
"23" 23 0.559585492228 57 11 6 5 3 3 3 1 1 0 0 0 0 0 0 0 0 0 0 0
"24" 24 0.248062015504 82 5 2 1 0 0 0 0 0 0 0 0 0 0 0 0 0 0 0 0
"25" 25 0.0 91 0 0 0 0 0 0 0 0 0 0 0 0 0 0 0 0 0 0 0
"26" 26 0.352678571429 83 2 2 2 1 1 0 0 0 0 0 0 0 0 0 0 0 0 0 0
"27" 27 0.476793248945 81 5 2 1 1 1 0 0 0 0 0 0 0 0 0 0 0 0 0 0
"28" 28 0.0 38 21 11 5 5 4 4 3 0 0 0 0 0 0 0 0 0 0 0 0
"29" 29 0.0253807106599 76 8 5 2 0 0 0 0 0 0 0 0 0 0 0 0 0 0 0 0
"30" 30 0.0829015544041 85 5 1 0 0 0 0 0 0 0 0 0 0 0 0 0 0 0 0 0
"31" 31 0.0697674418605 59 14 6 4 3 2 2 1 0 0 0 0 0 0 0 0 0 0 0 0
"32" 32 0.495535714286 25 18 18 13 6 4 3 2 1 1 0 0 0 0 0 0 0 0 0 0
"33" 33 0.0116279069767 85 6 0 0 0 0 0 0 0 0 0 0 0 0 0 0 0 0 0 0
"34" 34 0.0045871559633 89 1 1 0 0 0 0 0 0 0 0 0 0 0 0 0 0 0 0 0
"35" 35 0.434599156118 55 7 5 5 5 5 5 2 1 1 0 0 0 0 0 0 0 0 0 0
"36" 36 0.407960199005 61 23 4 3 0 0 0 0 0 0 0 0 0 0 0 0 0 0 0 0
"37" 37 0.0191387559809 91 0 0 0 0 0 0 0 0 0 0 0 0 0 0 0 0 0 0 0
"38" 38 0.0334928229665 78 12 1 0 0 0 0 0 0 0 0 0 0 0 0 0 0 0 0 0
"39" 39 0.326424870466 27 24 23 10 4 1 1 1 0 0 0 0 0 0 0 0 0 0 0 0
"40" 40 0.599156118143 80 8 1 1 1 0 0 0 0 0 0 0 0 0 0 0 0 0 0 0
"41" 41 0.311004784689 91 0 0 0 0 0 0 0 0 0 0 0 0 0 0 0 0 0 0 0
"42" 42 0.0 89 2 0 0 0 0 0 0 0 0 0 0 0 0 0 0 0 0 0 0
"43" 43 0.124031007752 33 25 24 7 1 1 0 0 0 0 0 0 0 0 0 0 0 0 0 0
"44" 44 0.294573643411 45 31 14 1 0 0 0 0 0 0 0 0 0 0 0 0 0 0 0 0
"45" 45 0.102661596958 90 1 0 0 0 0 0 0 0 0 0 0 0 0 0 0 0 0 0 0
"46" 46 0.0229885057471 66 12 8 2 2 1 0 0 0 0 0 0 0 0 0 0 0 0 0 0
"47" 47 0.471794871795 34 32 13 7 3 2 0 0 0 0 0 0 0 0 0 0 0 0 0 0
"48" 48 0.369230769231 71 19 1 0 0 0 0 0 0 0 0 0 0 0 0 0 0 0 0 0
"49" 49 0.00497512437811 65 7 7 6 3 2 1 0 0 0 0 0 0 0 0 0 0 0 0 0
"50" 50 0.14358974359 88 2 1 0 0 0 0 0 0 0 0 0 0 0 0 0 0 0 0 0
"51" 51 0.441025641026 38 15 13 7 7 5 2 1 1 1 1 0 0 0 0 0 0 0 0 0
"52" 52 0.0232558139535 80 2 2 2 1 1 1 1 1 0 0 0 0 0 0 0 0 0 0 0
"53" 53 0.00995024875622 47 29 9 6 0 0 0 0 0 0 0 0 0 0 0 0 0 0 0 0
"54" 54 0.599156118143 47 21 13 4 3 2 1 0 0 0 0 0 0 0 0 0 0 0 0 0
"55" 55 0.603375527426 42 22 7 6 5 3 3 3 0 0 0 0 0 0 0 0 0 0 0 0
"56" 56 0.167464114833 16 14 5 4 3 3 3 2 2 2 1 1 1 1 0 0 0 0 0 0
"57" 57 0.471698113208 35 29 9 8 4 3 1 1 1 0 0 0 0 0 0 0 0 0 0 0
"58" 58 0.549107142857 33 25 12 4 4 3 3 3 2 1 1 0 0 0 0 0 0 0 0 0
"59" 59 0.114427860697 58 7 4 4 3 3 2 2 1 1 0 0 0 0 0 0 0 0 0 0
"60" 60 0.224215246637 29 25 13 6 4 3 2 2 1 1 1 1 1 1 0 0 0 0 0 0
"61" 61 0.815384615385 19 14 13 10 10 8 5 3 2 2 1 1 1 1 0 0 0 0 0 0
"62" 62 0.271523178808 35 15 14 4 4 3 2 2 2 1 1 1 1 1 1 0 0 0 0 0
"63" 63 0.0529801324503 53 13 10 8 2 2 1 1 0 0 0 0 0 0 0 0 0 0 0 0
"64" 64 0.00574712643678 31 28 20 7 3 2 0 0 0 0 0 0 0 0 0 0 0 0 0 0
"65" 65 0.0 57 6 5 5 4 3 2 2 2 2 2 1 0 0 0 0 0 0 0 0
"66" 66 0.325581395349 35 26 12 5 4 3 3 2 1 0 0 0 0 0 0 0 0 0 0 0
"67" 67 0.0298507462687 60 20 5 4 2 0 0 0 0 0 0 0 0 0 0 0 0 0 0 0
"68" 68 0.0149253731343 44 25 10 4 3 3 1 1 0 0 0 0 0 0 0 0 0 0 0 0
"69" 69 0.43795620438 24 17 15 10 8 8 3 2 1 1 1 1 0 0 0 0 0 0 0 0
"70" 70 0.419689119171 29 21 8 6 5 4 4 4 3 3 1 1 0 0 0 0 0 0 0 0
"71" 71 0.129353233831 50 15 13 3 1 1 0 0 0 0 0 0 0 0 0 0 0 0 0 0
"72" 72 0.682051282051 29 21 13 5 5 5 3 2 1 1 0 0 0 0 0 0 0 0 0 0
"73" 73 0.509933774834 21 13 9 9 6 6 5 4 4 3 3 1 1 0 0 0 0 0 0 0
"74" 74 0.0 33 26 7 4 3 2 2 0 0 0 0 0 0 0 0 0 0 0 0 0
"75" 75 0.220125786164 66 7 2 1 1 0 0 0 0 0 0 0 0 0 0 0 0 0 0 0
"76" 76 0.709821428571 32 12 3 3 3 3 2 1 1 1 0 0 0 0 0 0 0 0 0 0
"77" 77 0.549222797927 27 10 9 6 2 2 2 1 0 0 0 0 0 0 0 0 0 0 0 0
"78" 78 0.0152284263959 35 8 6 5 4 3 2 2 2 0 0 0 0 0 0 0 0 0 0 0
"79" 79 0.259124087591 40 15 8 7 2 1 0 0 0 0 0 0 0 0 0 0 0 0 0 0
"80" 80 0.517441860465 42 12 8 7 5 4 4 2 1 1 1 1 0 0 0 0 0 0 0 0
"81" 81 0.308139534884 61 8 5 5 3 3 2 1 1 1 0 0 0 0 0 0 0 0 0 0
"82" 82 0.0 73 9 8 1 0 0 0 0 0 0 0 0 0 0 0 0 0 0 0 0
"83" 83 0.332116788321 81 4 2 2 2 0 0 0 0 0 0 0 0 0 0 0 0 0 0 0
"84" 84 0.317948717949 84 6 1 0 0 0 0 0 0 0 0 0 0 0 0 0 0 0 0 0
"85" 85 0.0871794871795 87 3 1 0 0 0 0 0 0 0 0 0 0 0 0 0 0 0 0 0
"86" 86 0.00961538461538 74 14 2 1 0 0 0 0 0 0 0 0 0 0 0 0 0 0 0 0
"87" 87 0.00961538461538 91 0 0 0 0 0 0 0 0 0 0 0 0 0 0 0 0 0 0 0
"88" 88 0.0 91 0 0 0 0 0 0 0 0 0 0 0 0 0 0 0 0 0 0 0
"89" 89 0.00478468899522 75 9 5 1 1 0 0 0 0 0 0 0 0 0 0 0 0 0 0 0
"90" 90 0.0 28 22 10 9 8 6 5 2 1 0 0 0 0 0 0 0 0 0 0 0
"91" 91 0.0 90 1 0 0 0 0 0 0 0 0 0 0 0 0 0 0 0 0 0 0
"92" 92 0.0 91 0 0 0 0 0 0 0 0 0 0 0 0 0 0 0 0 0 0 0
"93" 93 0.0116279069767 53 19 5 4 3 3 2 1 1 0 0 0 0 0 0 0 0 0 0 0
"94" 94 0.00507614213198 49 20 14 4 1 1 1 1 0 0 0 0 0 0 0 0 0 0 0 0
"95" 95 0.00836820083682 87 3 1 0 0 0 0 0 0 0 0 0 0 0 0 0 0 0 0 0
"96" 96 0.0141843971631 90 1 0 0 0 0 0 0 0 0 0 0 0 0 0 0 0 0 0 0
"97" 97 0.152466367713 22 19 18 14 5 4 3 2 2 1 1 0 0 0 0 0 0 0 0 0
"98" 98 0.0 30 27 14 5 4 3 3 3 1 1 0 0 0 0 0 0 0 0 0 0
"99" 99 0.00917431192661 50 37 4 0 0 0 0 0 0 0 0 0 0 0 0 0 0 0 0 0
"100" 100 0.119205298013 41 15 13 13 9 0 0 0 0 0 0 0 0 0 0 0 0 0 0 0
"101" 101 0.308176100629 73 4 3 3 2 2 1 1 1 1 0 0 0 0 0 0 0 0 0 0
"102" 102 0.787564766839 40 13 10 8 5 4 3 3 1 1 1 1 0 0 0 0 0 0 0 0
"103" 103 0.153846153846 58 8 7 5 5 2 1 1 1 1 1 0 0 0 0 0 0 0 0 0
"104" 104 0.163461538462 67 7 5 3 2 2 2 1 1 1 0 0 0 0 0 0 0 0 0 0
"105" 105 0.548076923077 71 6 3 2 2 2 2 1 1 0 0 0 0 0 0 0 0 0 0 0
"106" 106 0.556053811659 27 15 12 11 5 5 5 3 3 2 1 1 0 0 0 0 0 0 0 0
"107" 107 0.11320754717 80 2 1 1 0 0 0 0 0 0 0 0 0 0 0 0 0 0 0 0
"108" 108 0.453488372093 41 16 7 6 4 3 2 2 1 1 1 0 0 0 0 0 0 0 0 0
"109" 109 0.423076923077 78 4 3 1 1 1 1 1 1 0 0 0 0 0 0 0 0 0 0 0
"110" 110 0.512953367876 29 24 19 11 3 1 1 1 1 1 0 0 0 0 0 0 0 0 0 0
"111" 111 0.0 70 11 10 0 0 0 0 0 0 0 0 0 0 0 0 0 0 0 0 0
"112" 112 0.108527131783 56 14 6 5 3 3 2 1 1 0 0 0 0 0 0 0 0 0 0 0
"113" 113 0.542600896861 24 20 17 9 6 5 3 3 2 1 1 0 0 0 0 0 0 0 0 0
"114" 114 0.196428571429 60 8 7 3 3 3 3 2 1 1 0 0 0 0 0 0 0 0 0 0
"115" 115 0.0 87 3 1 0 0 0 0 0 0 0 0 0 0 0 0 0 0 0 0 0
"116" 116 0.410256410256 25 25 15 13 3 3 3 2 1 1 0 0 0 0 0 0 0 0 0 0
"117" 117 0.704035874439 17 17 14 13 10 9 5 3 2 1 0 0 0 0 0 0 0 0 0 0
"118" 118 0.389534883721 23 20 15 8 7 7 5 1 1 1 1 1 1 0 0 0 0 0 0 0
"119" 119 0.117154811715 71 12 3 2 2 1 0 0 0 0 0 0 0 0 0 0 0 0 0 0
"120" 120 0.538461538462 84 2 1 1 1 1 1 0 0 0 0 0 0 0 0 0 0 0 0 0
"121" 121 0.238410596026 68 15 4 2 1 1 0 0 0 0 0 0 0 0 0 0 0 0 0 0
"122" 122 0.0627615062762 63 12 9 3 1 1 1 1 0 0 0 0 0 0 0 0 0 0 0 0
"123" 123 0.424107142857 48 27 11 2 2 1 0 0 0 0 0 0 0 0 0 0 0 0 0 0
"124" 124 0.316964285714 36 13 11 7 7 6 4 3 2 1 1 0 0 0 0 0 0 0 0 0
"125" 125 0.0 78 8 5 0 0 0 0 0 0 0 0 0 0 0 0 0 0 0 0 0
"126" 126 0.240506329114 74 11 6 0 0 0 0 0 0 0 0 0 0 0 0 0 0 0 0 0
"127" 127 0.556962025316 39 9 9 9 8 6 6 5 0 0 0 0 0 0 0 0 0 0 0 0
"128" 128 0.300448430493 23 18 18 16 5 4 4 1 1 1 0 0 0 0 0 0 0 0 0 0
"129" 129 0.0 81 8 1 1 0 0 0 0 0 0 0 0 0 0 0 0 0 0 0 0
"130" 130 0.14358974359 23 21 16 16 7 3 3 1 1 0 0 0 0 0 0 0 0 0 0 0
"131" 131 0.551569506726 29 23 13 8 6 6 5 1 0 0 0 0 0 0 0 0 0 0 0 0
"132" 132 0.15503875969 82 3 1 1 1 1 1 1 0 0 0 0 0 0 0 0 0 0 0 0
"133" 133 0.0 60 25 4 1 1 0 0 0 0 0 0 0 0 0 0 0 0 0 0 0
"134" 134 0.394230769231 31 18 10 8 8 6 6 1 1 1 1 0 0 0 0 0 0 0 0 0
"135" 135 0.626943005181 33 16 15 9 8 5 3 1 1 0 0 0 0 0 0 0 0 0 0 0
"136" 136 0.211678832117 65 9 7 4 3 3 0 0 0 0 0 0 0 0 0 0 0 0 0 0
"137" 137 0.832635983264 85 6 0 0 0 0 0 0 0 0 0 0 0 0 0 0 0 0 0 0
"138" 138 0.394230769231 91 0 0 0 0 0 0 0 0 0 0 0 0 0 0 0 0 0 0 0
"139" 139 0.258278145695 91 0 0 0 0 0 0 0 0 0 0 0 0 0 0 0 0 0 0 0
"140" 140 0.0 91 0 0 0 0 0 0 0 0 0 0 0 0 0 0 0 0 0 0 0
"141" 141 0.00354609929078 87 3 1 0 0 0 0 0 0 0 0 0 0 0 0 0 0 0 0 0
"142" 142 0.0 71 10 7 2 1 0 0 0 0 0 0 0 0 0 0 0 0 0 0 0
"143" 143 0.00354609929078 86 4 1 0 0 0 0 0 0 0 0 0 0 0 0 0 0 0 0 0
"144" 144 0.0 88 2 1 0 0 0 0 0 0 0 0 0 0 0 0 0 0 0 0 0
"145" 145 0.0 42 16 9 9 7 4 2 1 1 0 0 0 0 0 0 0 0 0 0 0
"146" 146 0.127737226277 51 12 7 6 5 2 2 2 1 1 1 0 0 0 0 0 0 0 0 0
"147" 147 0.0923076923077 18 16 15 10 4 3 2 2 1 1 0 0 0 0 0 0 0 0 0 0
"148" 148 0.62893081761 17 14 11 10 6 5 5 5 3 1 1 1 1 1 1 0 0 0 0 0
"149" 149 0.708520179372 31 15 10 10 9 4 4 2 1 1 1 1 1 0 0 0 0 0 0 0
"150" 150 0.355769230769 73 7 2 2 1 1 1 1 1 0 0 0 0 0 0 0 0 0 0 0
"151" 151 0.47533632287 46 10 7 7 6 5 2 2 2 1 0 0 0 0 0 0 0 0 0 0
"152" 152 0.044776119403 84 4 3 0 0 0 0 0 0 0 0 0 0 0 0 0 0 0 0 0
"153" 153 0.367713004484 23 16 16 8 7 5 3 3 2 2 2 1 1 1 1 0 0 0 0 0
"154" 154 0.172413793103 46 43 1 1 0 0 0 0 0 0 0 0 0 0 0 0 0 0 0 0
"155" 155 0.137931034483 28 16 9 9 8 5 5 3 3 2 1 1 1 0 0 0 0 0 0 0
"156" 156 0.238410596026 68 14 3 2 2 1 1 0 0 0 0 0 0 0 0 0 0 0 0 0
"157" 157 0.0232558139535 73 8 7 1 1 1 0 0 0 0 0 0 0 0 0 0 0 0 0 0
"158" 158 0.276729559748 47 34 3 2 2 2 1 0 0 0 0 0 0 0 0 0 0 0 0 0
"159" 159 0.405128205128 90 1 0 0 0 0 0 0 0 0 0 0 0 0 0 0 0 0 0 0
"160" 160 0.0179372197309 91 0 0 0 0 0 0 0 0 0 0 0 0 0 0 0 0 0 0 0
"161" 161 0.0932642487047 89 1 1 0 0 0 0 0 0 0 0 0 0 0 0 0 0 0 0 0
"162" 162 0.0102564102564 41 36 7 1 0 0 0 0 0 0 0 0 0 0 0 0 0 0 0 0
"163" 163 0.0 89 1 1 0 0 0 0 0 0 0 0 0 0 0 0 0 0 0 0 0
"164" 164 0.0152284263959 69 14 3 2 2 1 0 0 0 0 0 0 0 0 0 0 0 0 0 0
"165" 165 0.275229357798 67 12 4 2 2 1 1 1 1 0 0 0 0 0 0 0 0 0 0 0
"166" 166 0.5 26 24 8 5 4 4 4 3 3 2 2 2 1 1 1 0 0 0 0 0
"167" 167 0.451923076923 61 8 7 5 3 2 2 1 1 1 0 0 0 0 0 0 0 0 0 0
"168" 168 0.0529801324503 26 12 12 10 10 4 4 2 2 2 1 1 1 1 0 0 0 0 0 0
"169" 169 0.110266159696 47 12 7 6 5 4 4 2 1 1 1 0 0 0 0 0 0 0 0 0
"170" 170 0.0 89 2 0 0 0 0 0 0 0 0 0 0 0 0 0 0 0 0 0 0
"171" 171 0.0 58 22 11 0 0 0 0 0 0 0 0 0 0 0 0 0 0 0 0 0
"172" 172 0.0 72 8 6 4 1 0 0 0 0 0 0 0 0 0 0 0 0 0 0 0
"173" 173 0.00961538461538 74 11 2 1 1 1 1 0 0 0 0 0 0 0 0 0 0 0 0 0
"174" 174 0.0 59 11 10 6 3 1 1 0 0 0 0 0 0 0 0 0 0 0 0 0
"175" 175 0.0 90 1 0 0 0 0 0 0 0 0 0 0 0 0 0 0 0 0 0 0
"176" 176 0.0 89 2 0 0 0 0 0 0 0 0 0 0 0 0 0 0 0 0 0 0
"177" 177 0.191489361702 91 0 0 0 0 0 0 0 0 0 0 0 0 0 0 0 0 0 0 0
"178" 178 0.504464285714 91 0 0 0 0 0 0 0 0 0 0 0 0 0 0 0 0 0 0 0
"179" 179 0.186602870813 91 0 0 0 0 0 0 0 0 0 0 0 0 0 0 0 0 0 0 0
"180" 180 0.0232558139535 89 1 0 0 0 0 0 0 0 0 0 0 0 0 0 0 0 0 0 0
"181" 181 0.0190114068441 89 0 0 0 0 0 0 0 0 0 0 0 0 0 0 0 0 0 0 0
"182" 182 0.410646387833 89 0 0 0 0 0 0 0 0 0 0 0 0 0 0 0 0 0 0 0
"183" 183 0.477611940299 85 3 0 0 0 0 0 0 0 0 0 0 0 0 0 0 0 0 0 0
"184" 184 0.28102189781 38 20 11 7 6 5 1 0 0 0 0 0 0 0 0 0 0 0 0 0
"185" 185 0.0228136882129 86 1 1 0 0 0 0 0 0 0 0 0 0 0 0 0 0 0 0 0
"186" 186 0.304932735426 75 8 5 0 0 0 0 0 0 0 0 0 0 0 0 0 0 0 0 0
"187" 187 0.610256410256 86 1 1 0 0 0 0 0 0 0 0 0 0 0 0 0 0 0 0 0
"188" 188 0.295620437956 57 18 7 2 1 1 1 1 0 0 0 0 0 0 0 0 0 0 0 0
"189" 189 0.113138686131 88 0 0 0 0 0 0 0 0 0 0 0 0 0 0 0 0 0 0 0
"190" 190 0.584905660377 64 15 3 2 1 1 1 1 0 0 0 0 0 0 0 0 0 0 0 0
"191" 191 0.397321428571 58 24 2 2 1 1 0 0 0 0 0 0 0 0 0 0 0 0 0 0
"192" 192 0.00380228136882 86 2 0 0 0 0 0 0 0 0 0 0 0 0 0 0 0 0 0 0
"193" 193 0.00995024875622 49 20 16 3 0 0 0 0 0 0 0 0 0 0 0 0 0 0 0 0
"194" 194 0.425641025641 20 14 13 12 8 8 5 5 3 0 0 0 0 0 0 0 0 0 0 0
"195" 195 0.251282051282 72 9 3 2 1 1 0 0 0 0 0 0 0 0 0 0 0 0 0 0
"196" 196 0.0 49 31 7 1 0 0 0 0 0 0 0 0 0 0 0 0 0 0 0 0
"197" 197 0.0248226950355 62 20 6 0 0 0 0 0 0 0 0 0 0 0 0 0 0 0 0 0
"198" 198 0.379487179487 62 8 7 5 3 1 1 1 0 0 0 0 0 0 0 0 0 0 0 0
"199" 199 0.0 74 10 3 1 0 0 0 0 0 0 0 0 0 0 0 0 0 0 0 0
"200" 200 0.0 56 27 3 2 0 0 0 0 0 0 0 0 0 0 0 0 0 0 0 0
"201" 201 0.148717948718 71 16 1 0 0 0 0 0 0 0 0 0 0 0 0 0 0 0 0 0
"202" 202 0.0425531914894 87 1 0 0 0 0 0 0 0 0 0 0 0 0 0 0 0 0 0 0
"203" 203 0.450331125828 32 15 7 7 5 4 3 3 3 2 1 1 0 0 0 0 0 0 0 0
"204" 204 0.0982142857143 40 13 10 9 4 2 1 1 1 1 1 0 0 0 0 0 0 0 0 0
"205" 205 0.0 69 7 6 0 0 0 0 0 0 0 0 0 0 0 0 0 0 0 0 0
"206" 206 0.0923076923077 24 22 10 7 3 2 2 2 0 0 0 0 0 0 0 0 0 0 0 0
"207" 207 0.456204379562 23 19 14 4 4 3 2 1 0 0 0 0 0 0 0 0 0 0 0 0
"208" 208 0.0 45 11 6 3 0 0 0 0 0 0 0 0 0 0 0 0 0 0 0 0
"209" 209 0.046511627907 27 12 2 2 1 1 0 0 0 0 0 0 0 0 0 0 0 0 0 0
"210" 210 0.569506726457 10 10 8 5 4 3 2 1 1 1 0 0 0 0 0 0 0 0 0 0
"211" 211 0.410852713178 30 4 2 2 2 2 1 1 0 0 0 0 0 0 0 0 0 0 0 0
"212" 212 0.271523178808 31 7 0 0 0 0 0 0 0 0 0 0 0 0 0 0 0 0 0 0
