"site" "RSA" "aa1" "aa2" "aa3" "aa4" "aa5" "aa6" "aa7" "aa8" "aa9" "aa10" "aa11" "aa12" "aa13" "aa14" "aa15" "aa16" "aa17" "aa18" "aa19" "aa20"
"0" 0 0.773255813953 164 148 53 30 23 23 18 14 7 6 4 3 3 2 1 1 0 0 0 0
"1" 1 0.313432835821 494 2 2 1 1 0 0 0 0 0 0 0 0 0 0 0 0 0 0 0
"2" 2 0.15611814346 192 127 125 29 18 6 2 1 0 0 0 0 0 0 0 0 0 0 0 0
"3" 3 0.0 473 21 5 1 0 0 0 0 0 0 0 0 0 0 0 0 0 0 0 0
"4" 4 0.0 500 0 0 0 0 0 0 0 0 0 0 0 0 0 0 0 0 0 0 0
"5" 5 0.0 500 0 0 0 0 0 0 0 0 0 0 0 0 0 0 0 0 0 0 0
"6" 6 0.046357615894 206 116 71 62 18 9 6 5 2 2 2 1 0 0 0 0 0 0 0 0
"7" 7 0.0 461 25 9 5 0 0 0 0 0 0 0 0 0 0 0 0 0 0 0 0
"8" 8 0.149253731343 176 115 81 53 21 17 11 9 5 3 3 2 2 1 1 0 0 0 0 0
"9" 9 0.31007751938 484 8 7 1 0 0 0 0 0 0 0 0 0 0 0 0 0 0 0 0
"10" 10 0.108527131783 237 214 49 0 0 0 0 0 0 0 0 0 0 0 0 0 0 0 0 0
"11" 11 0.383419689119 495 4 1 0 0 0 0 0 0 0 0 0 0 0 0 0 0 0 0 0
"12" 12 0.422053231939 130 105 49 49 42 40 32 13 9 9 7 5 4 3 1 1 1 0 0 0
"13" 13 0.635658914729 303 67 40 26 17 16 8 7 7 4 2 2 1 0 0 0 0 0 0 0
"14" 14 0.420512820513 263 205 12 10 7 2 1 0 0 0 0 0 0 0 0 0 0 0 0 0
"15" 15 0.1589958159 465 27 3 2 1 1 1 0 0 0 0 0 0 0 0 0 0 0 0 0
"16" 16 0.341085271318 404 49 26 10 5 3 1 1 1 0 0 0 0 0 0 0 0 0 0 0
"17" 17 0.370860927152 140 109 74 32 31 25 21 17 10 10 9 9 5 3 3 2 0 0 0 0
"18" 18 0.0580357142857 339 107 18 16 12 4 3 1 0 0 0 0 0 0 0 0 0 0 0 0
"19" 19 0.0 500 0 0 0 0 0 0 0 0 0 0 0 0 0 0 0 0 0 0 0
"20" 20 0.364341085271 122 95 71 35 26 23 20 17 16 16 15 14 12 8 5 4 1 0 0 0
"21" 21 0.215328467153 230 212 36 10 6 3 2 1 0 0 0 0 0 0 0 0 0 0 0 0
"22" 22 0.0 499 1 0 0 0 0 0 0 0 0 0 0 0 0 0 0 0 0 0 0
"23" 23 0.3125 324 78 35 23 21 9 5 4 1 0 0 0 0 0 0 0 0 0 0 0
"24" 24 0.620535714286 302 36 34 29 26 15 11 10 9 9 6 5 4 3 1 0 0 0 0 0
"25" 25 0.0988372093023 336 161 3 0 0 0 0 0 0 0 0 0 0 0 0 0 0 0 0 0
"26" 26 0.373056994819 156 67 62 55 31 25 25 22 19 15 10 5 3 2 1 1 1 0 0 0
"27" 27 0.0232558139535 493 7 0 0 0 0 0 0 0 0 0 0 0 0 0 0 0 0 0 0
"28" 28 0.272321428571 147 91 52 36 30 26 25 20 16 12 11 9 9 7 5 3 1 0 0 0
"29" 29 0.0456273764259 188 161 38 37 28 20 12 7 6 2 1 0 0 0 0 0 0 0 0 0
"30" 30 0.0 499 1 0 0 0 0 0 0 0 0 0 0 0 0 0 0 0 0 0 0
"31" 31 0.0 345 72 42 15 12 6 5 3 0 0 0 0 0 0 0 0 0 0 0 0
"32" 32 0.0 494 6 0 0 0 0 0 0 0 0 0 0 0 0 0 0 0 0 0 0
"33" 33 0.0310880829016 200 69 67 36 23 22 22 19 17 7 4 3 2 2 2 2 2 1 0 0
"34" 34 0.0406091370558 466 34 0 0 0 0 0 0 0 0 0 0 0 0 0 0 0 0 0 0
"35" 35 0.0366972477064 279 165 29 12 7 3 2 1 1 1 0 0 0 0 0 0 0 0 0 0
"36" 36 0.165803108808 500 0 0 0 0 0 0 0 0 0 0 0 0 0 0 0 0 0 0 0
"37" 37 0.211538461538 500 0 0 0 0 0 0 0 0 0 0 0 0 0 0 0 0 0 0 0
"38" 38 0.650224215247 159 151 71 29 16 14 12 11 9 7 5 4 4 2 2 2 1 1 0 0
"39" 39 0.171548117155 415 65 20 0 0 0 0 0 0 0 0 0 0 0 0 0 0 0 0 0
"40" 40 0.0459770114943 495 4 1 0 0 0 0 0 0 0 0 0 0 0 0 0 0 0 0 0
"41" 41 0.635220125786 148 92 68 39 25 25 25 21 17 16 10 4 4 2 1 1 1 1 0 0
"42" 42 0.45641025641 111 101 95 86 33 30 24 7 5 3 3 1 1 0 0 0 0 0 0 0
"43" 43 0.664974619289 242 163 27 19 16 11 5 5 3 3 2 1 1 1 1 0 0 0 0 0
"44" 44 0.198675496689 493 7 0 0 0 0 0 0 0 0 0 0 0 0 0 0 0 0 0 0
"45" 45 0.0962343096234 500 0 0 0 0 0 0 0 0 0 0 0 0 0 0 0 0 0 0 0
"46" 46 0.307692307692 296 109 73 19 3 0 0 0 0 0 0 0 0 0 0 0 0 0 0 0
"47" 47 0.131782945736 353 135 6 5 1 0 0 0 0 0 0 0 0 0 0 0 0 0 0 0
"48" 48 0.740932642487 110 73 69 53 41 37 37 29 15 11 7 7 6 2 1 1 1 0 0 0
"49" 49 0.252873563218 260 118 39 30 23 11 7 4 3 2 1 1 1 0 0 0 0 0 0 0
"50" 50 0.0 499 1 0 0 0 0 0 0 0 0 0 0 0 0 0 0 0 0 0 0
"51" 51 0.294573643411 212 142 33 33 21 19 19 9 6 2 2 1 1 0 0 0 0 0 0 0
"52" 52 0.483443708609 158 90 55 40 29 28 25 24 22 19 3 2 2 1 1 1 0 0 0 0
"53" 53 0.0137614678899 500 0 0 0 0 0 0 0 0 0 0 0 0 0 0 0 0 0 0 0
"54" 54 0.189781021898 500 0 0 0 0 0 0 0 0 0 0 0 0 0 0 0 0 0 0 0
"55" 55 0.675105485232 86 75 67 51 50 34 26 21 18 18 17 15 11 9 1 1 0 0 0 0
"56" 56 0.377990430622 305 74 56 33 16 7 4 1 1 1 1 1 0 0 0 0 0 0 0 0
"57" 57 0.0596026490066 449 49 2 0 0 0 0 0 0 0 0 0 0 0 0 0 0 0 0 0
"58" 58 0.759493670886 180 79 63 41 25 24 22 18 16 13 6 5 4 3 1 0 0 0 0 0
"59" 59 0.144278606965 444 25 22 4 4 1 0 0 0 0 0 0 0 0 0 0 0 0 0 0
"60" 60 0.224137931034 256 194 13 11 9 4 3 3 2 2 1 1 1 0 0 0 0 0 0 0
"61" 61 0.0 498 2 0 0 0 0 0 0 0 0 0 0 0 0 0 0 0 0 0 0
"62" 62 0.0 360 59 37 36 2 2 1 1 1 1 0 0 0 0 0 0 0 0 0 0
"63" 63 0.0 500 0 0 0 0 0 0 0 0 0 0 0 0 0 0 0 0 0 0 0
"64" 64 0.0 481 5 4 2 2 2 1 1 1 1 0 0 0 0 0 0 0 0 0 0
"65" 65 0.0 497 2 1 0 0 0 0 0 0 0 0 0 0 0 0 0 0 0 0 0
"66" 66 0.0137614678899 168 165 128 20 7 5 3 2 1 1 0 0 0 0 0 0 0 0 0 0
"67" 67 0.0114942528736 495 4 1 0 0 0 0 0 0 0 0 0 0 0 0 0 0 0 0 0
"68" 68 0.241379310345 173 77 58 53 41 36 19 13 13 9 2 2 2 1 1 0 0 0 0 0
"69" 69 0.414507772021 293 112 41 17 12 11 5 3 2 2 1 1 0 0 0 0 0 0 0 0
"70" 70 0.0062893081761 500 0 0 0 0 0 0 0 0 0 0 0 0 0 0 0 0 0 0 0
"71" 71 0.200892857143 92 81 78 77 57 30 28 19 16 8 7 4 3 0 0 0 0 0 0 0
"72" 72 0.481751824818 202 45 41 41 41 41 31 24 16 11 5 2 0 0 0 0 0 0 0 0
"73" 73 0.304182509506 174 160 32 27 23 20 19 18 6 6 5 4 3 2 1 0 0 0 0 0
"74" 74 0.0114942528736 484 12 4 0 0 0 0 0 0 0 0 0 0 0 0 0 0 0 0 0
"75" 75 0.464285714286 183 73 50 37 32 27 21 17 17 16 10 6 6 3 1 1 0 0 0 0
"76" 76 0.325581395349 204 80 69 40 28 24 21 8 8 6 5 3 2 1 1 0 0 0 0 0
"77" 77 0.00836820083682 500 0 0 0 0 0 0 0 0 0 0 0 0 0 0 0 0 0 0 0
"78" 78 0.22480620155 448 21 15 5 3 3 2 2 1 0 0 0 0 0 0 0 0 0 0 0
"79" 79 0.681614349776 133 130 61 50 40 30 28 14 7 4 3 0 0 0 0 0 0 0 0 0
"80" 80 0.0697674418605 497 3 0 0 0 0 0 0 0 0 0 0 0 0 0 0 0 0 0 0
"81" 81 0.182692307692 500 0 0 0 0 0 0 0 0 0 0 0 0 0 0 0 0 0 0 0
"82" 82 0.0542635658915 495 4 1 0 0 0 0 0 0 0 0 0 0 0 0 0 0 0 0 0
"83" 83 0.305699481865 500 0 0 0 0 0 0 0 0 0 0 0 0 0 0 0 0 0 0 0
"84" 84 0.0152284263959 417 73 3 3 2 1 1 0 0 0 0 0 0 0 0 0 0 0 0 0
"85" 85 0.0 499 1 0 0 0 0 0 0 0 0 0 0 0 0 0 0 0 0 0 0
"86" 86 0.0 477 10 10 2 1 0 0 0 0 0 0 0 0 0 0 0 0 0 0 0
"87" 87 0.010152284264 423 77 0 0 0 0 0 0 0 0 0 0 0 0 0 0 0 0 0 0
"88" 88 0.0 477 11 5 3 2 1 1 0 0 0 0 0 0 0 0 0 0 0 0 0
"89" 89 0.127906976744 425 36 20 19 0 0 0 0 0 0 0 0 0 0 0 0 0 0 0 0
"90" 90 0.272321428571 499 1 0 0 0 0 0 0 0 0 0 0 0 0 0 0 0 0 0 0
"91" 91 0.0529801324503 459 40 1 0 0 0 0 0 0 0 0 0 0 0 0 0 0 0 0 0
"92" 92 0.104651162791 487 12 1 0 0 0 0 0 0 0 0 0 0 0 0 0 0 0 0 0
"93" 93 0.850364963504 113 89 49 48 48 38 38 35 18 15 3 3 2 1 0 0 0 0 0 0
"94" 94 0.636363636364 148 111 87 30 28 25 21 18 14 12 4 1 1 0 0 0 0 0 0 0
"95" 95 0.147208121827 493 4 3 0 0 0 0 0 0 0 0 0 0 0 0 0 0 0 0 0
"96" 96 0.406698564593 175 64 61 56 36 31 17 12 10 10 9 7 5 3 2 1 1 0 0 0
"97" 97 0.317307692308 118 78 62 51 45 44 42 22 18 10 4 1 1 1 1 1 1 0 0 0
"98" 98 0.0232558139535 421 68 10 1 0 0 0 0 0 0 0 0 0 0 0 0 0 0 0 0
"99" 99 0.0 500 0 0 0 0 0 0 0 0 0 0 0 0 0 0 0 0 0 0 0
"100" 100 0.488789237668 159 129 104 53 19 9 8 7 6 4 2 0 0 0 0 0 0 0 0 0
"101" 101 0.430379746835 140 110 74 54 27 22 16 16 10 9 7 5 5 3 2 0 0 0 0 0
"102" 102 0.0 500 0 0 0 0 0 0 0 0 0 0 0 0 0 0 0 0 0 0 0
"103" 103 0.371308016878 157 93 89 57 45 19 14 12 12 1 1 0 0 0 0 0 0 0 0 0
"104" 104 0.705426356589 103 100 96 65 56 22 14 12 8 8 6 4 3 1 1 1 0 0 0 0
"105" 105 0.271317829457 450 26 12 5 4 3 0 0 0 0 0 0 0 0 0 0 0 0 0 0
"106" 106 0.673076923077 500 0 0 0 0 0 0 0 0 0 0 0 0 0 0 0 0 0 0 0
"107" 107 0.0733944954128 498 1 1 0 0 0 0 0 0 0 0 0 0 0 0 0 0 0 0 0
"108" 108 0.472573839662 246 93 36 32 28 13 10 10 10 7 5 4 3 2 1 0 0 0 0 0
"109" 109 0.0 500 0 0 0 0 0 0 0 0 0 0 0 0 0 0 0 0 0 0 0
"110" 110 0.0 500 0 0 0 0 0 0 0 0 0 0 0 0 0 0 0 0 0 0 0
"111" 111 0.0 500 0 0 0 0 0 0 0 0 0 0 0 0 0 0 0 0 0 0 0
"112" 112 0.0 468 27 3 1 1 0 0 0 0 0 0 0 0 0 0 0 0 0 0 0
"113" 113 0.0 490 10 0 0 0 0 0 0 0 0 0 0 0 0 0 0 0 0 0 0
"114" 114 0.153846153846 148 100 67 47 37 27 20 17 17 12 6 1 1 0 0 0 0 0 0 0
"115" 115 0.150943396226 500 0 0 0 0 0 0 0 0 0 0 0 0 0 0 0 0 0 0 0
"116" 116 0.692307692308 229 89 45 39 19 18 17 12 10 10 6 2 2 1 1 0 0 0 0 0
"117" 117 0.151162790698 424 47 27 2 0 0 0 0 0 0 0 0 0 0 0 0 0 0 0 0
"118" 118 0.465408805031 436 25 11 7 6 5 3 3 3 1 0 0 0 0 0 0 0 0 0 0
"119" 119 0.093023255814 360 53 49 17 8 6 5 2 0 0 0 0 0 0 0 0 0 0 0 0
"120" 120 0.470930232558 198 63 41 39 36 31 21 13 11 11 10 9 8 7 1 1 0 0 0 0
"121" 121 0.248062015504 349 71 14 14 13 12 9 5 4 4 3 1 1 0 0 0 0 0 0 0
"122" 122 0.0 500 0 0 0 0 0 0 0 0 0 0 0 0 0 0 0 0 0 0 0
"123" 123 0.388392857143 216 157 70 17 12 10 7 4 2 2 1 1 1 0 0 0 0 0 0 0
"124" 124 0.534591194969 462 6 6 4 4 3 3 3 2 2 2 1 1 1 0 0 0 0 0 0
"125" 125 0.00995024875622 496 3 1 0 0 0 0 0 0 0 0 0 0 0 0 0 0 0 0 0
"126" 126 0.00995024875622 500 0 0 0 0 0 0 0 0 0 0 0 0 0 0 0 0 0 0 0
"127" 127 0.616580310881 97 89 75 52 45 41 24 24 21 16 5 4 3 2 1 1 0 0 0 0
"128" 128 0.0796019900498 185 78 43 35 28 22 20 19 16 16 12 9 5 3 3 3 2 1 0 0
"129" 129 0.0574712643678 500 0 0 0 0 0 0 0 0 0 0 0 0 0 0 0 0 0 0 0
"130" 130 0.284974093264 265 217 7 4 3 2 1 1 0 0 0 0 0 0 0 0 0 0 0 0
"131" 131 0.00896860986547 379 68 34 9 4 4 1 1 0 0 0 0 0 0 0 0 0 0 0 0
"132" 132 0.0 499 1 0 0 0 0 0 0 0 0 0 0 0 0 0 0 0 0 0 0
"133" 133 0.0 460 18 16 2 2 2 0 0 0 0 0 0 0 0 0 0 0 0 0 0
"134" 134 0.0 398 100 1 1 0 0 0 0 0 0 0 0 0 0 0 0 0 0 0 0
"135" 135 0.0183486238532 496 3 1 0 0 0 0 0 0 0 0 0 0 0 0 0 0 0 0 0
"136" 136 0.0 498 1 1 0 0 0 0 0 0 0 0 0 0 0 0 0 0 0 0 0
"137" 137 0.0459770114943 381 87 21 3 3 3 1 1 0 0 0 0 0 0 0 0 0 0 0 0
"138" 138 0.441025641026 121 71 60 53 50 39 25 22 17 14 14 5 5 2 1 1 0 0 0 0
"139" 139 0.138364779874 500 0 0 0 0 0 0 0 0 0 0 0 0 0 0 0 0 0 0 0
"140" 140 0.0480769230769 500 0 0 0 0 0 0 0 0 0 0 0 0 0 0 0 0 0 0 0
"141" 141 0.464435146444 150 68 59 47 35 31 24 23 18 13 11 9 8 4 0 0 0 0 0 0
"142" 142 0.519230769231 131 124 86 52 43 22 20 17 3 1 1 0 0 0 0 0 0 0 0 0
"143" 143 0.586538461538 500 0 0 0 0 0 0 0 0 0 0 0 0 0 0 0 0 0 0 0
"144" 144 0.210762331839 387 81 25 4 2 1 0 0 0 0 0 0 0 0 0 0 0 0 0 0
"145" 145 0.651162790698 115 62 48 43 39 38 32 30 25 21 15 9 6 5 4 4 2 2 0 0
"146" 146 0.167364016736 499 1 0 0 0 0 0 0 0 0 0 0 0 0 0 0 0 0 0 0
"147" 147 0.187817258883 241 99 97 34 15 12 2 0 0 0 0 0 0 0 0 0 0 0 0 0
"148" 148 0.427672955975 490 8 2 0 0 0 0 0 0 0 0 0 0 0 0 0 0 0 0 0
"149" 149 0.513392857143 273 48 36 31 28 26 25 10 9 5 4 3 2 0 0 0 0 0 0 0
"150" 150 0.0253164556962 500 0 0 0 0 0 0 0 0 0 0 0 0 0 0 0 0 0 0 0
"151" 151 0.119402985075 499 1 0 0 0 0 0 0 0 0 0 0 0 0 0 0 0 0 0 0
"152" 152 0.611607142857 144 58 47 45 36 35 28 27 24 19 16 8 6 5 1 1 0 0 0 0
"153" 153 0.0970464135021 185 111 73 25 24 23 20 11 10 6 4 3 3 2 0 0 0 0 0 0
"154" 154 0.0 499 1 0 0 0 0 0 0 0 0 0 0 0 0 0 0 0 0 0 0
"155" 155 0.356589147287 118 81 75 57 56 32 20 20 20 9 6 2 2 1 1 0 0 0 0 0
"156" 156 0.296511627907 256 88 58 38 15 14 7 7 6 3 2 2 2 1 1 0 0 0 0 0
"157" 157 0.0 467 24 5 2 1 1 0 0 0 0 0 0 0 0 0 0 0 0 0 0
"158" 158 0.147286821705 351 34 25 15 14 13 12 12 10 6 4 2 1 1 0 0 0 0 0 0
"159" 159 0.510548523207 75 68 67 60 46 46 32 30 19 18 12 11 5 4 4 2 1 0 0 0
"160" 160 0.13829787234 465 22 8 2 2 1 0 0 0 0 0 0 0 0 0 0 0 0 0 0
"161" 161 0.222627737226 448 26 25 1 0 0 0 0 0 0 0 0 0 0 0 0 0 0 0 0
"162" 162 0.683937823834 86 74 52 45 44 43 37 31 19 18 15 15 7 4 4 4 2 0 0 0
"163" 163 0.46875 95 94 85 52 42 39 38 28 18 3 2 1 1 1 1 0 0 0 0 0
"164" 164 0.337552742616 199 159 41 33 24 22 11 5 4 1 1 0 0 0 0 0 0 0 0 0
"165" 165 0.692307692308 427 58 6 4 1 1 1 1 1 0 0 0 0 0 0 0 0 0 0 0
"166" 166 0.228855721393 474 25 1 0 0 0 0 0 0 0 0 0 0 0 0 0 0 0 0 0
"167" 167 0.761589403974 197 99 42 39 38 36 30 5 4 3 3 3 1 0 0 0 0 0 0 0
"168" 168 0.0334728033473 500 0 0 0 0 0 0 0 0 0 0 0 0 0 0 0 0 0 0 0
"169" 169 0.176165803109 228 94 73 39 14 12 10 7 7 5 4 3 2 1 1 0 0 0 0 0
"170" 170 0.0 459 39 2 0 0 0 0 0 0 0 0 0 0 0 0 0 0 0 0 0
"171" 171 0.0 489 4 2 2 2 1 0 0 0 0 0 0 0 0 0 0 0 0 0 0
"172" 172 0.0 491 9 0 0 0 0 0 0 0 0 0 0 0 0 0 0 0 0 0 0
"173" 173 0.0829015544041 210 91 87 39 36 18 10 6 1 1 1 0 0 0 0 0 0 0 0 0
"174" 174 0.0673076923077 500 0 0 0 0 0 0 0 0 0 0 0 0 0 0 0 0 0 0 0
"175" 175 0.259615384615 500 0 0 0 0 0 0 0 0 0 0 0 0 0 0 0 0 0 0 0
"176" 176 0.0344827586207 260 240 0 0 0 0 0 0 0 0 0 0 0 0 0 0 0 0 0 0
"177" 177 0.20725388601 363 135 1 1 0 0 0 0 0 0 0 0 0 0 0 0 0 0 0 0
"178" 178 0.312820512821 204 135 66 25 23 17 11 11 3 2 1 1 1 0 0 0 0 0 0 0
"179" 179 0.704641350211 324 113 14 11 10 10 7 5 3 2 1 0 0 0 0 0 0 0 0 0
"180" 180 0.139534883721 388 68 16 14 6 4 1 1 1 1 0 0 0 0 0 0 0 0 0 0
"181" 181 0.0 497 2 1 0 0 0 0 0 0 0 0 0 0 0 0 0 0 0 0 0
"182" 182 0.310218978102 476 10 8 4 1 1 0 0 0 0 0 0 0 0 0 0 0 0 0 0
"183" 183 0.325581395349 104 91 77 62 54 47 16 15 13 11 4 3 2 1 0 0 0 0 0 0
"184" 184 0.0 500 0 0 0 0 0 0 0 0 0 0 0 0 0 0 0 0 0 0 0
"185" 185 0.365019011407 337 117 34 4 4 3 1 0 0 0 0 0 0 0 0 0 0 0 0 0
"186" 186 0.575892857143 468 9 6 5 3 3 2 2 1 1 0 0 0 0 0 0 0 0 0 0
"187" 187 0.15503875969 497 2 1 0 0 0 0 0 0 0 0 0 0 0 0 0 0 0 0 0
"188" 188 0.201923076923 500 0 0 0 0 0 0 0 0 0 0 0 0 0 0 0 0 0 0 0
"189" 189 0.015503875969 495 5 0 0 0 0 0 0 0 0 0 0 0 0 0 0 0 0 0 0
"190" 190 0.102564102564 356 96 18 9 7 5 5 2 1 1 0 0 0 0 0 0 0 0 0 0
"191" 191 0.0 493 6 1 0 0 0 0 0 0 0 0 0 0 0 0 0 0 0 0 0
"192" 192 0.0 500 0 0 0 0 0 0 0 0 0 0 0 0 0 0 0 0 0 0 0
"193" 193 0.0 464 11 9 6 4 3 1 1 1 0 0 0 0 0 0 0 0 0 0 0
"194" 194 0.015503875969 491 9 0 0 0 0 0 0 0 0 0 0 0 0 0 0 0 0 0 0
"195" 195 0.163461538462 500 0 0 0 0 0 0 0 0 0 0 0 0 0 0 0 0 0 0 0
"196" 196 0.390728476821 432 28 9 7 5 4 3 3 3 2 1 1 1 1 0 0 0 0 0 0
"197" 197 0.0760456273764 255 211 16 12 3 1 1 1 0 0 0 0 0 0 0 0 0 0 0 0
"198" 198 0.0 499 1 0 0 0 0 0 0 0 0 0 0 0 0 0 0 0 0 0 0
"199" 199 0.100418410042 500 0 0 0 0 0 0 0 0 0 0 0 0 0 0 0 0 0 0 0
"200" 200 0.666666666667 247 124 52 23 23 16 8 2 2 2 1 0 0 0 0 0 0 0 0 0
"201" 201 0.139534883721 165 117 52 42 36 35 23 13 6 5 4 1 1 0 0 0 0 0 0 0
"202" 202 0.774834437086 106 82 71 60 51 43 25 22 16 13 7 4 0 0 0 0 0 0 0 0
"203" 203 0.40932642487 332 162 3 2 1 0 0 0 0 0 0 0 0 0 0 0 0 0 0 0
"204" 204 0.0149253731343 491 4 4 1 0 0 0 0 0 0 0 0 0 0 0 0 0 0 0 0
"205" 205 0.298850574713 163 144 143 12 12 12 10 2 1 1 0 0 0 0 0 0 0 0 0 0
"206" 206 0.377483443709 92 85 68 59 58 40 24 23 17 11 8 5 3 3 3 1 0 0 0 0
"207" 207 0.139013452915 480 15 2 2 1 0 0 0 0 0 0 0 0 0 0 0 0 0 0 0
"208" 208 0.0 486 12 1 1 0 0 0 0 0 0 0 0 0 0 0 0 0 0 0 0
"209" 209 0.399103139013 130 91 89 73 34 34 21 9 6 5 4 2 1 1 0 0 0 0 0 0
"210" 210 0.244186046512 170 97 60 51 23 22 20 13 13 11 9 5 3 2 1 0 0 0 0 0
"211" 211 0.0 500 0 0 0 0 0 0 0 0 0 0 0 0 0 0 0 0 0 0 0
"212" 212 0.175182481752 233 67 44 37 34 21 17 15 14 13 5 0 0 0 0 0 0 0 0 0
"213" 213 0.56976744186 81 76 63 58 49 40 35 32 17 14 10 10 7 5 2 1 0 0 0 0
"214" 214 0.201550387597 487 8 5 0 0 0 0 0 0 0 0 0 0 0 0 0 0 0 0 0
"215" 215 0.0348258706468 499 1 0 0 0 0 0 0 0 0 0 0 0 0 0 0 0 0 0 0
"216" 216 0.851282051282 184 147 69 23 21 21 18 6 4 3 2 1 1 0 0 0 0 0 0 0
