"site" "RSA" "aa1" "aa2" "aa3" "aa4" "aa5" "aa6" "aa7" "aa8" "aa9" "aa10" "aa11" "aa12" "aa13" "aa14" "aa15" "aa16" "aa17" "aa18" "aa19" "aa20"
"0" 0 0.883408071749 238 178 74 9 1 0 0 0 0 0 0 0 0 0 0 0 0 0 0 0
"1" 1 0.759615384615 500 0 0 0 0 0 0 0 0 0 0 0 0 0 0 0 0 0 0 0
"2" 2 0.336538461538 500 0 0 0 0 0 0 0 0 0 0 0 0 0 0 0 0 0 0 0
"3" 3 0.114427860697 472 17 9 1 1 0 0 0 0 0 0 0 0 0 0 0 0 0 0 0
"4" 4 0.276785714286 327 73 56 28 7 3 3 3 0 0 0 0 0 0 0 0 0 0 0 0
"5" 5 0.678571428571 406 94 0 0 0 0 0 0 0 0 0 0 0 0 0 0 0 0 0 0
"6" 6 0.193798449612 500 0 0 0 0 0 0 0 0 0 0 0 0 0 0 0 0 0 0 0
"7" 7 0.0 263 235 1 1 0 0 0 0 0 0 0 0 0 0 0 0 0 0 0 0
"8" 8 0.383211678832 210 204 60 20 5 1 0 0 0 0 0 0 0 0 0 0 0 0 0 0
"9" 9 0.387596899225 473 21 6 0 0 0 0 0 0 0 0 0 0 0 0 0 0 0 0 0
"10" 10 0.177304964539 494 3 2 1 0 0 0 0 0 0 0 0 0 0 0 0 0 0 0 0
"11" 11 0.0696517412935 461 33 6 0 0 0 0 0 0 0 0 0 0 0 0 0 0 0 0 0
"12" 12 0.609489051095 313 85 58 40 4 0 0 0 0 0 0 0 0 0 0 0 0 0 0 0
"13" 13 0.723214285714 268 118 114 0 0 0 0 0 0 0 0 0 0 0 0 0 0 0 0 0
"14" 14 0.481865284974 297 98 43 41 17 4 0 0 0 0 0 0 0 0 0 0 0 0 0 0
"15" 15 0.194029850746 273 175 23 12 11 3 2 1 0 0 0 0 0 0 0 0 0 0 0 0
"16" 16 0.586538461538 500 0 0 0 0 0 0 0 0 0 0 0 0 0 0 0 0 0 0 0
"17" 17 0.816143497758 452 48 0 0 0 0 0 0 0 0 0 0 0 0 0 0 0 0 0 0
"18" 18 0.240384615385 500 0 0 0 0 0 0 0 0 0 0 0 0 0 0 0 0 0 0 0
"19" 19 0.217616580311 483 17 0 0 0 0 0 0 0 0 0 0 0 0 0 0 0 0 0 0
"20" 20 0.482587064677 440 48 12 0 0 0 0 0 0 0 0 0 0 0 0 0 0 0 0 0
"21" 21 0.610465116279 421 78 1 0 0 0 0 0 0 0 0 0 0 0 0 0 0 0 0 0
"22" 22 0.0728476821192 462 37 1 0 0 0 0 0 0 0 0 0 0 0 0 0 0 0 0 0
"23" 23 0.427860696517 480 20 0 0 0 0 0 0 0 0 0 0 0 0 0 0 0 0 0 0
"24" 24 0.726368159204 442 58 0 0 0 0 0 0 0 0 0 0 0 0 0 0 0 0 0 0
"25" 25 0.655172413793 316 130 54 0 0 0 0 0 0 0 0 0 0 0 0 0 0 0 0 0
"26" 26 0.0862068965517 338 158 4 0 0 0 0 0 0 0 0 0 0 0 0 0 0 0 0 0
"27" 27 0.427672955975 498 2 0 0 0 0 0 0 0 0 0 0 0 0 0 0 0 0 0 0
"28" 28 0.647321428571 455 22 20 3 0 0 0 0 0 0 0 0 0 0 0 0 0 0 0 0
"29" 29 0.751295336788 500 0 0 0 0 0 0 0 0 0 0 0 0 0 0 0 0 0 0 0
"30" 30 0.283582089552 452 22 17 6 2 1 0 0 0 0 0 0 0 0 0 0 0 0 0 0
"31" 31 0.526785714286 333 165 2 0 0 0 0 0 0 0 0 0 0 0 0 0 0 0 0 0
"32" 32 0.0769230769231 479 21 0 0 0 0 0 0 0 0 0 0 0 0 0 0 0 0 0 0
"33" 33 0.258928571429 341 110 16 8 7 7 6 5 0 0 0 0 0 0 0 0 0 0 0 0
"34" 34 0.0 408 92 0 0 0 0 0 0 0 0 0 0 0 0 0 0 0 0 0 0
"35" 35 0.0574712643678 173 173 85 27 18 10 5 4 2 2 1 0 0 0 0 0 0 0 0 0
"36" 36 0.00507614213198 500 0 0 0 0 0 0 0 0 0 0 0 0 0 0 0 0 0 0 0
"37" 37 0.169154228856 204 195 38 26 26 6 5 0 0 0 0 0 0 0 0 0 0 0 0 0
"38" 38 0.0 417 83 0 0 0 0 0 0 0 0 0 0 0 0 0 0 0 0 0 0
"39" 39 0.37552742616 488 8 3 1 0 0 0 0 0 0 0 0 0 0 0 0 0 0 0 0
"40" 40 0.25 462 38 0 0 0 0 0 0 0 0 0 0 0 0 0 0 0 0 0 0
"41" 41 0.394230769231 499 1 0 0 0 0 0 0 0 0 0 0 0 0 0 0 0 0 0 0
"42" 42 0.0 500 0 0 0 0 0 0 0 0 0 0 0 0 0 0 0 0 0 0 0
"43" 43 0.0 477 10 9 4 0 0 0 0 0 0 0 0 0 0 0 0 0 0 0 0
"44" 44 0.0 490 7 3 0 0 0 0 0 0 0 0 0 0 0 0 0 0 0 0 0
"45" 45 0.0 456 44 0 0 0 0 0 0 0 0 0 0 0 0 0 0 0 0 0 0
"46" 46 0.0 500 0 0 0 0 0 0 0 0 0 0 0 0 0 0 0 0 0 0 0
"47" 47 0.0547263681592 464 36 0 0 0 0 0 0 0 0 0 0 0 0 0 0 0 0 0 0
"48" 48 0.301418439716 392 48 42 6 6 3 1 1 1 0 0 0 0 0 0 0 0 0 0 0
"49" 49 0.00574712643678 480 7 4 3 3 2 1 0 0 0 0 0 0 0 0 0 0 0 0 0
"50" 50 0.0 500 0 0 0 0 0 0 0 0 0 0 0 0 0 0 0 0 0 0 0
"51" 51 0.410714285714 409 91 0 0 0 0 0 0 0 0 0 0 0 0 0 0 0 0 0 0
"52" 52 0.375912408759 229 160 60 28 22 1 0 0 0 0 0 0 0 0 0 0 0 0 0 0
"53" 53 0.00574712643678 499 1 0 0 0 0 0 0 0 0 0 0 0 0 0 0 0 0 0 0
"54" 54 0.0 497 3 0 0 0 0 0 0 0 0 0 0 0 0 0 0 0 0 0 0
"55" 55 0.279069767442 346 91 60 2 1 0 0 0 0 0 0 0 0 0 0 0 0 0 0 0
"56" 56 0.164179104478 253 122 93 8 7 6 5 5 1 0 0 0 0 0 0 0 0 0 0 0
"57" 57 0.217054263566 500 0 0 0 0 0 0 0 0 0 0 0 0 0 0 0 0 0 0 0
"58" 58 0.108808290155 500 0 0 0 0 0 0 0 0 0 0 0 0 0 0 0 0 0 0 0
"59" 59 0.691823899371 438 60 2 0 0 0 0 0 0 0 0 0 0 0 0 0 0 0 0 0
"60" 60 0.594890510949 500 0 0 0 0 0 0 0 0 0 0 0 0 0 0 0 0 0 0 0
"61" 61 0.104651162791 500 0 0 0 0 0 0 0 0 0 0 0 0 0 0 0 0 0 0 0
"62" 62 0.240310077519 486 14 0 0 0 0 0 0 0 0 0 0 0 0 0 0 0 0 0 0
"63" 63 0.0794979079498 500 0 0 0 0 0 0 0 0 0 0 0 0 0 0 0 0 0 0 0
"64" 64 0.354651162791 418 55 14 10 3 0 0 0 0 0 0 0 0 0 0 0 0 0 0 0
"65" 65 0.40251572327 464 36 0 0 0 0 0 0 0 0 0 0 0 0 0 0 0 0 0 0
"66" 66 0.422885572139 296 95 46 25 17 9 7 3 2 0 0 0 0 0 0 0 0 0 0 0
"67" 67 0.155172413793 500 0 0 0 0 0 0 0 0 0 0 0 0 0 0 0 0 0 0 0
"68" 68 0.519379844961 390 110 0 0 0 0 0 0 0 0 0 0 0 0 0 0 0 0 0 0
"69" 69 0.263392857143 496 3 1 0 0 0 0 0 0 0 0 0 0 0 0 0 0 0 0 0
"70" 70 0.115384615385 500 0 0 0 0 0 0 0 0 0 0 0 0 0 0 0 0 0 0 0
"71" 71 0.240310077519 390 110 0 0 0 0 0 0 0 0 0 0 0 0 0 0 0 0 0 0
"72" 72 0.434306569343 261 231 3 2 2 1 0 0 0 0 0 0 0 0 0 0 0 0 0 0
"73" 73 0.0747126436782 417 83 0 0 0 0 0 0 0 0 0 0 0 0 0 0 0 0 0 0
"74" 74 0.488372093023 481 19 0 0 0 0 0 0 0 0 0 0 0 0 0 0 0 0 0 0
"75" 75 0.660714285714 499 1 0 0 0 0 0 0 0 0 0 0 0 0 0 0 0 0 0 0
"76" 76 0.490384615385 500 0 0 0 0 0 0 0 0 0 0 0 0 0 0 0 0 0 0 0
"77" 77 0.25 481 19 0 0 0 0 0 0 0 0 0 0 0 0 0 0 0 0 0 0
"78" 78 0.325892857143 202 121 69 48 26 24 5 2 2 1 0 0 0 0 0 0 0 0 0 0
"79" 79 0.0 415 85 0 0 0 0 0 0 0 0 0 0 0 0 0 0 0 0 0 0
"80" 80 0.0 500 0 0 0 0 0 0 0 0 0 0 0 0 0 0 0 0 0 0 0
"81" 81 0.262773722628 163 118 114 65 21 10 6 2 1 0 0 0 0 0 0 0 0 0 0 0
"82" 82 0.0 500 0 0 0 0 0 0 0 0 0 0 0 0 0 0 0 0 0 0 0
"83" 83 0.368613138686 319 165 8 6 2 0 0 0 0 0 0 0 0 0 0 0 0 0 0 0
"84" 84 0.0480769230769 500 0 0 0 0 0 0 0 0 0 0 0 0 0 0 0 0 0 0 0
"85" 85 0.100628930818 500 0 0 0 0 0 0 0 0 0 0 0 0 0 0 0 0 0 0 0
"86" 86 0.044776119403 468 13 9 4 3 2 1 0 0 0 0 0 0 0 0 0 0 0 0 0
"87" 87 0.233576642336 480 20 0 0 0 0 0 0 0 0 0 0 0 0 0 0 0 0 0 0
"88" 88 0.0480769230769 500 0 0 0 0 0 0 0 0 0 0 0 0 0 0 0 0 0 0 0
"89" 89 0.0 500 0 0 0 0 0 0 0 0 0 0 0 0 0 0 0 0 0 0 0
"90" 90 0.223880597015 314 86 75 14 4 3 2 2 0 0 0 0 0 0 0 0 0 0 0 0
"91" 91 0.100775193798 260 226 13 1 0 0 0 0 0 0 0 0 0 0 0 0 0 0 0 0
"92" 92 0.0 500 0 0 0 0 0 0 0 0 0 0 0 0 0 0 0 0 0 0 0
"93" 93 0.214285714286 250 166 82 2 0 0 0 0 0 0 0 0 0 0 0 0 0 0 0 0
"94" 94 0.361313868613 362 110 21 4 2 1 0 0 0 0 0 0 0 0 0 0 0 0 0 0
"95" 95 0.0646766169154 496 3 1 0 0 0 0 0 0 0 0 0 0 0 0 0 0 0 0 0
"96" 96 0.0 500 0 0 0 0 0 0 0 0 0 0 0 0 0 0 0 0 0 0 0
"97" 97 0.00995024875622 496 4 0 0 0 0 0 0 0 0 0 0 0 0 0 0 0 0 0 0
"98" 98 0.430769230769 267 105 65 27 16 14 2 1 1 1 1 0 0 0 0 0 0 0 0 0
"99" 99 0.044776119403 448 41 6 3 1 1 0 0 0 0 0 0 0 0 0 0 0 0 0 0
"100" 100 0.00497512437811 500 0 0 0 0 0 0 0 0 0 0 0 0 0 0 0 0 0 0 0
"101" 101 0.107623318386 496 4 0 0 0 0 0 0 0 0 0 0 0 0 0 0 0 0 0 0
"102" 102 0.178832116788 170 133 132 36 24 4 1 0 0 0 0 0 0 0 0 0 0 0 0 0
"103" 103 0.00995024875622 424 76 0 0 0 0 0 0 0 0 0 0 0 0 0 0 0 0 0 0
"104" 104 0.0 500 0 0 0 0 0 0 0 0 0 0 0 0 0 0 0 0 0 0 0
"105" 105 0.0288461538462 500 0 0 0 0 0 0 0 0 0 0 0 0 0 0 0 0 0 0 0
"106" 106 0.0 497 3 0 0 0 0 0 0 0 0 0 0 0 0 0 0 0 0 0 0
"107" 107 0.0 500 0 0 0 0 0 0 0 0 0 0 0 0 0 0 0 0 0 0 0
"108" 108 0.168604651163 500 0 0 0 0 0 0 0 0 0 0 0 0 0 0 0 0 0 0 0
"109" 109 0.213930348259 373 127 0 0 0 0 0 0 0 0 0 0 0 0 0 0 0 0 0 0
"110" 110 0.0 430 68 2 0 0 0 0 0 0 0 0 0 0 0 0 0 0 0 0 0
"111" 111 0.167883211679 272 107 79 16 11 9 4 2 0 0 0 0 0 0 0 0 0 0 0 0
"112" 112 0.22480620155 483 17 0 0 0 0 0 0 0 0 0 0 0 0 0 0 0 0 0 0
"113" 113 0.0380228136882 493 5 1 1 0 0 0 0 0 0 0 0 0 0 0 0 0 0 0 0
"114" 114 0.252873563218 458 33 9 0 0 0 0 0 0 0 0 0 0 0 0 0 0 0 0 0
"115" 115 0.473214285714 230 192 46 18 13 1 0 0 0 0 0 0 0 0 0 0 0 0 0 0
"116" 116 0.178294573643 489 11 0 0 0 0 0 0 0 0 0 0 0 0 0 0 0 0 0 0
"117" 117 0.0298507462687 487 13 0 0 0 0 0 0 0 0 0 0 0 0 0 0 0 0 0 0
"118" 118 0.596899224806 293 207 0 0 0 0 0 0 0 0 0 0 0 0 0 0 0 0 0 0
"119" 119 0.846153846154 500 0 0 0 0 0 0 0 0 0 0 0 0 0 0 0 0 0 0 0
"120" 120 0.255813953488 441 45 14 0 0 0 0 0 0 0 0 0 0 0 0 0 0 0 0 0
"121" 121 0.616033755274 500 0 0 0 0 0 0 0 0 0 0 0 0 0 0 0 0 0 0 0
"122" 122 0.093023255814 268 231 1 0 0 0 0 0 0 0 0 0 0 0 0 0 0 0 0 0
"123" 123 0.260089686099 411 72 11 5 1 0 0 0 0 0 0 0 0 0 0 0 0 0 0 0
"124" 124 0.0203045685279 489 11 0 0 0 0 0 0 0 0 0 0 0 0 0 0 0 0 0 0
"125" 125 0.0646766169154 474 11 8 5 2 0 0 0 0 0 0 0 0 0 0 0 0 0 0 0
"126" 126 0.00518134715026 378 52 49 18 3 0 0 0 0 0 0 0 0 0 0 0 0 0 0 0
"127" 127 0.139534883721 347 153 0 0 0 0 0 0 0 0 0 0 0 0 0 0 0 0 0 0
"128" 128 0.332116788321 222 187 91 0 0 0 0 0 0 0 0 0 0 0 0 0 0 0 0 0
"129" 129 0.535864978903 172 141 122 44 10 5 4 2 0 0 0 0 0 0 0 0 0 0 0 0
"130" 130 0.122093023256 495 3 1 1 0 0 0 0 0 0 0 0 0 0 0 0 0 0 0 0
"131" 131 0.28488372093 410 44 18 14 12 2 0 0 0 0 0 0 0 0 0 0 0 0 0 0
"132" 132 0.761006289308 500 0 0 0 0 0 0 0 0 0 0 0 0 0 0 0 0 0 0 0
"133" 133 0.682692307692 500 0 0 0 0 0 0 0 0 0 0 0 0 0 0 0 0 0 0 0
"134" 134 0.1592039801 222 206 35 26 7 2 1 1 0 0 0 0 0 0 0 0 0 0 0 0
"135" 135 0.204379562044 411 59 26 1 1 1 1 0 0 0 0 0 0 0 0 0 0 0 0 0
"136" 136 0.410852713178 473 27 0 0 0 0 0 0 0 0 0 0 0 0 0 0 0 0 0 0
"137" 137 0.0497512437811 493 4 1 1 1 0 0 0 0 0 0 0 0 0 0 0 0 0 0 0
"138" 138 0.0 169 163 158 5 3 1 1 0 0 0 0 0 0 0 0 0 0 0 0 0
"139" 139 0.042194092827 204 194 56 26 10 7 2 1 0 0 0 0 0 0 0 0 0 0 0 0
"140" 140 0.163498098859 374 40 29 28 10 9 4 3 3 0 0 0 0 0 0 0 0 0 0 0
"141" 141 0.0 500 0 0 0 0 0 0 0 0 0 0 0 0 0 0 0 0 0 0 0
"142" 142 0.0 414 52 33 1 0 0 0 0 0 0 0 0 0 0 0 0 0 0 0 0
"143" 143 0.459854014599 304 164 32 0 0 0 0 0 0 0 0 0 0 0 0 0 0 0 0 0
"144" 144 0.132183908046 407 49 29 15 0 0 0 0 0 0 0 0 0 0 0 0 0 0 0 0
"145" 145 0.0 500 0 0 0 0 0 0 0 0 0 0 0 0 0 0 0 0 0 0 0
"146" 146 0.394230769231 500 0 0 0 0 0 0 0 0 0 0 0 0 0 0 0 0 0 0 0
"147" 147 0.0288461538462 467 31 2 0 0 0 0 0 0 0 0 0 0 0 0 0 0 0 0 0
"148" 148 0.496350364964 407 72 7 6 3 3 2 0 0 0 0 0 0 0 0 0 0 0 0 0
"149" 149 0.261538461538 301 123 32 18 17 5 4 0 0 0 0 0 0 0 0 0 0 0 0 0
"150" 150 0.200956937799 422 58 20 0 0 0 0 0 0 0 0 0 0 0 0 0 0 0 0 0
"151" 151 0.0985401459854 485 13 2 0 0 0 0 0 0 0 0 0 0 0 0 0 0 0 0 0
"152" 152 0.3536121673 495 3 1 1 0 0 0 0 0 0 0 0 0 0 0 0 0 0 0 0
"153" 153 0.0288461538462 462 38 0 0 0 0 0 0 0 0 0 0 0 0 0 0 0 0 0 0
"154" 154 0.572139303483 312 187 1 0 0 0 0 0 0 0 0 0 0 0 0 0 0 0 0 0
"155" 155 0.627615062762 500 0 0 0 0 0 0 0 0 0 0 0 0 0 0 0 0 0 0 0
"156" 156 0.316062176166 500 0 0 0 0 0 0 0 0 0 0 0 0 0 0 0 0 0 0 0
"157" 157 0.173076923077 330 96 29 15 14 9 5 1 1 0 0 0 0 0 0 0 0 0 0 0
"158" 158 0.177664974619 499 1 0 0 0 0 0 0 0 0 0 0 0 0 0 0 0 0 0 0
"159" 159 0.0796019900498 459 11 9 9 8 2 1 1 0 0 0 0 0 0 0 0 0 0 0 0
"160" 160 0.0995024875622 500 0 0 0 0 0 0 0 0 0 0 0 0 0 0 0 0 0 0 0
"161" 161 0.282700421941 278 217 3 1 1 0 0 0 0 0 0 0 0 0 0 0 0 0 0 0
"162" 162 0.308035714286 353 87 52 6 2 0 0 0 0 0 0 0 0 0 0 0 0 0 0 0
"163" 163 0.630769230769 472 16 12 0 0 0 0 0 0 0 0 0 0 0 0 0 0 0 0 0
"164" 164 0.435406698565 223 187 90 0 0 0 0 0 0 0 0 0 0 0 0 0 0 0 0 0
"165" 165 0.0747126436782 419 38 37 5 1 0 0 0 0 0 0 0 0 0 0 0 0 0 0 0
"166" 166 0.63503649635 371 75 24 17 13 0 0 0 0 0 0 0 0 0 0 0 0 0 0 0
"167" 167 0.627906976744 295 205 0 0 0 0 0 0 0 0 0 0 0 0 0 0 0 0 0 0
"168" 168 0.093023255814 491 9 0 0 0 0 0 0 0 0 0 0 0 0 0 0 0 0 0 0
"169" 169 0.673076923077 500 0 0 0 0 0 0 0 0 0 0 0 0 0 0 0 0 0 0 0
"170" 170 0.182692307692 500 0 0 0 0 0 0 0 0 0 0 0 0 0 0 0 0 0 0 0
"171" 171 0.00574712643678 378 116 5 1 0 0 0 0 0 0 0 0 0 0 0 0 0 0 0 0
"172" 172 0.0384615384615 411 46 38 5 0 0 0 0 0 0 0 0 0 0 0 0 0 0 0 0
"173" 173 0.34375 384 97 18 1 0 0 0 0 0 0 0 0 0 0 0 0 0 0 0 0
"174" 174 0.031007751938 500 0 0 0 0 0 0 0 0 0 0 0 0 0 0 0 0 0 0 0
"175" 175 0.0 499 1 0 0 0 0 0 0 0 0 0 0 0 0 0 0 0 0 0 0
"176" 176 0.481751824818 336 115 37 12 0 0 0 0 0 0 0 0 0 0 0 0 0 0 0 0
"177" 177 0.386861313869 290 111 97 2 0 0 0 0 0 0 0 0 0 0 0 0 0 0 0 0
"178" 178 0.124031007752 497 3 0 0 0 0 0 0 0 0 0 0 0 0 0 0 0 0 0 0
"179" 179 0.409282700422 500 0 0 0 0 0 0 0 0 0 0 0 0 0 0 0 0 0 0 0
"180" 180 0.627906976744 487 13 0 0 0 0 0 0 0 0 0 0 0 0 0 0 0 0 0 0
"181" 181 0.722627737226 500 0 0 0 0 0 0 0 0 0 0 0 0 0 0 0 0 0 0 0
"182" 182 0.22480620155 486 13 1 0 0 0 0 0 0 0 0 0 0 0 0 0 0 0 0 0
"183" 183 0.314465408805 474 11 10 2 2 1 0 0 0 0 0 0 0 0 0 0 0 0 0 0
"184" 184 0.885167464115 497 3 0 0 0 0 0 0 0 0 0 0 0 0 0 0 0 0 0 0
"185" 185 0.631178707224 471 12 10 3 2 1 1 0 0 0 0 0 0 0 0 0 0 0 0 0
"186" 186 0.199004975124 500 0 0 0 0 0 0 0 0 0 0 0 0 0 0 0 0 0 0 0
"187" 187 0.569620253165 203 144 97 30 10 5 5 4 1 1 0 0 0 0 0 0 0 0 0 0
"188" 188 0.0172413793103 497 2 1 0 0 0 0 0 0 0 0 0 0 0 0 0 0 0 0 0
"189" 189 0.0223214285714 242 127 39 32 22 19 16 3 0 0 0 0 0 0 0 0 0 0 0 0
"190" 190 0.0 499 1 0 0 0 0 0 0 0 0 0 0 0 0 0 0 0 0 0 0
"191" 191 0.0892857142857 458 19 10 7 3 1 1 1 0 0 0 0 0 0 0 0 0 0 0 0
"192" 192 0.0 500 0 0 0 0 0 0 0 0 0 0 0 0 0 0 0 0 0 0 0
"193" 193 0.434306569343 250 162 42 31 13 2 0 0 0 0 0 0 0 0 0 0 0 0 0 0
"194" 194 0.192052980132 500 0 0 0 0 0 0 0 0 0 0 0 0 0 0 0 0 0 0 0
"195" 195 0.164179104478 493 6 1 0 0 0 0 0 0 0 0 0 0 0 0 0 0 0 0 0
"196" 196 0.584821428571 346 153 1 0 0 0 0 0 0 0 0 0 0 0 0 0 0 0 0 0
"197" 197 0.138392857143 497 2 1 0 0 0 0 0 0 0 0 0 0 0 0 0 0 0 0 0
"198" 198 0.0 500 0 0 0 0 0 0 0 0 0 0 0 0 0 0 0 0 0 0 0
"199" 199 0.361607142857 422 63 10 3 2 0 0 0 0 0 0 0 0 0 0 0 0 0 0 0
"200" 200 0.375 346 149 4 1 0 0 0 0 0 0 0 0 0 0 0 0 0 0 0 0
"201" 201 0.0 500 0 0 0 0 0 0 0 0 0 0 0 0 0 0 0 0 0 0 0
"202" 202 0.139303482587 497 1 1 1 0 0 0 0 0 0 0 0 0 0 0 0 0 0 0 0
"203" 203 0.705357142857 483 12 3 2 0 0 0 0 0 0 0 0 0 0 0 0 0 0 0 0
"204" 204 0.124031007752 434 66 0 0 0 0 0 0 0 0 0 0 0 0 0 0 0 0 0 0
"205" 205 0.269230769231 500 0 0 0 0 0 0 0 0 0 0 0 0 0 0 0 0 0 0 0
"206" 206 0.0387596899225 500 0 0 0 0 0 0 0 0 0 0 0 0 0 0 0 0 0 0 0
"207" 207 0.269430051813 500 0 0 0 0 0 0 0 0 0 0 0 0 0 0 0 0 0 0 0
"208" 208 0.164179104478 217 133 71 33 18 12 8 4 3 1 0 0 0 0 0 0 0 0 0 0
"209" 209 0.0 500 0 0 0 0 0 0 0 0 0 0 0 0 0 0 0 0 0 0 0
"210" 210 0.0149253731343 252 219 9 9 5 5 1 0 0 0 0 0 0 0 0 0 0 0 0 0
"211" 211 0.00995024875622 490 6 4 0 0 0 0 0 0 0 0 0 0 0 0 0 0 0 0 0
"212" 212 0.145077720207 181 154 82 45 11 7 7 4 3 2 2 1 1 0 0 0 0 0 0 0
"213" 213 0.389743589744 404 84 10 1 1 0 0 0 0 0 0 0 0 0 0 0 0 0 0 0
"214" 214 0.092050209205 500 0 0 0 0 0 0 0 0 0 0 0 0 0 0 0 0 0 0 0
"215" 215 0.522012578616 500 0 0 0 0 0 0 0 0 0 0 0 0 0 0 0 0 0 0 0
"216" 216 0.273631840796 479 9 9 1 1 1 0 0 0 0 0 0 0 0 0 0 0 0 0 0
"217" 217 0.589285714286 398 96 5 1 0 0 0 0 0 0 0 0 0 0 0 0 0 0 0 0
"218" 218 0.170542635659 500 0 0 0 0 0 0 0 0 0 0 0 0 0 0 0 0 0 0 0
"219" 219 0.0497512437811 256 192 40 10 1 1 0 0 0 0 0 0 0 0 0 0 0 0 0 0
"220" 220 0.510948905109 391 96 11 1 1 0 0 0 0 0 0 0 0 0 0 0 0 0 0 0
"221" 221 0.227678571429 186 146 131 22 10 3 1 1 0 0 0 0 0 0 0 0 0 0 0 0
"222" 222 0.0 496 4 0 0 0 0 0 0 0 0 0 0 0 0 0 0 0 0 0 0
"223" 223 0.183908045977 485 15 0 0 0 0 0 0 0 0 0 0 0 0 0 0 0 0 0 0
"224" 224 0.598540145985 310 151 29 10 0 0 0 0 0 0 0 0 0 0 0 0 0 0 0 0
"225" 225 0.321167883212 254 135 57 24 14 11 5 0 0 0 0 0 0 0 0 0 0 0 0 0
"226" 226 0.00574712643678 497 2 1 0 0 0 0 0 0 0 0 0 0 0 0 0 0 0 0 0
"227" 227 0.557692307692 500 0 0 0 0 0 0 0 0 0 0 0 0 0 0 0 0 0 0 0
"228" 228 0.653846153846 500 0 0 0 0 0 0 0 0 0 0 0 0 0 0 0 0 0 0 0
"229" 229 0.580291970803 499 1 0 0 0 0 0 0 0 0 0 0 0 0 0 0 0 0 0 0
"230" 230 0.132183908046 460 40 0 0 0 0 0 0 0 0 0 0 0 0 0 0 0 0 0 0
"231" 231 0.295597484277 477 14 9 0 0 0 0 0 0 0 0 0 0 0 0 0 0 0 0 0
"232" 232 0.0199004975124 485 15 0 0 0 0 0 0 0 0 0 0 0 0 0 0 0 0 0 0
"233" 233 0.03125 268 168 29 13 12 4 3 1 1 1 0 0 0 0 0 0 0 0 0 0
"234" 234 0.0077519379845 207 195 40 37 16 3 1 1 0 0 0 0 0 0 0 0 0 0 0 0
"235" 235 0.152317880795 496 4 0 0 0 0 0 0 0 0 0 0 0 0 0 0 0 0 0 0
"236" 236 0.163461538462 500 0 0 0 0 0 0 0 0 0 0 0 0 0 0 0 0 0 0 0
"237" 237 0.605128205128 415 48 37 0 0 0 0 0 0 0 0 0 0 0 0 0 0 0 0 0
"238" 238 0.133027522936 224 114 114 17 14 12 4 1 0 0 0 0 0 0 0 0 0 0 0 0
"239" 239 0.348837209302 500 0 0 0 0 0 0 0 0 0 0 0 0 0 0 0 0 0 0 0
"240" 240 0.373134328358 491 9 0 0 0 0 0 0 0 0 0 0 0 0 0 0 0 0 0 0
"241" 241 0.71875 341 152 6 1 0 0 0 0 0 0 0 0 0 0 0 0 0 0 0 0
"242" 242 0.507299270073 177 122 121 38 34 7 1 0 0 0 0 0 0 0 0 0 0 0 0 0
"243" 243 0.0 283 212 5 0 0 0 0 0 0 0 0 0 0 0 0 0 0 0 0 0
"244" 244 0.413502109705 348 149 3 0 0 0 0 0 0 0 0 0 0 0 0 0 0 0 0 0
"245" 245 0.170542635659 337 72 42 40 8 1 0 0 0 0 0 0 0 0 0 0 0 0 0 0
"246" 246 0.0077519379845 447 15 14 9 6 6 2 1 0 0 0 0 0 0 0 0 0 0 0 0
"247" 247 0.0387596899225 500 0 0 0 0 0 0 0 0 0 0 0 0 0 0 0 0 0 0 0
"248" 248 0.589285714286 264 199 28 6 3 0 0 0 0 0 0 0 0 0 0 0 0 0 0 0
"249" 249 0.162790697674 479 18 1 1 1 0 0 0 0 0 0 0 0 0 0 0 0 0 0 0
"250" 250 0.221153846154 500 0 0 0 0 0 0 0 0 0 0 0 0 0 0 0 0 0 0 0
"251" 251 0.00574712643678 456 41 2 1 0 0 0 0 0 0 0 0 0 0 0 0 0 0 0 0
"252" 252 0.19170984456 500 0 0 0 0 0 0 0 0 0 0 0 0 0 0 0 0 0 0 0
"253" 253 0.285171102662 480 14 5 1 0 0 0 0 0 0 0 0 0 0 0 0 0 0 0 0
"254" 254 0.0 268 209 23 0 0 0 0 0 0 0 0 0 0 0 0 0 0 0 0 0
"255" 255 0.0198675496689 327 125 20 20 8 0 0 0 0 0 0 0 0 0 0 0 0 0 0 0
"256" 256 0.0 489 9 2 0 0 0 0 0 0 0 0 0 0 0 0 0 0 0 0 0
"257" 257 0.134615384615 275 187 26 6 4 1 1 0 0 0 0 0 0 0 0 0 0 0 0 0
"258" 258 0.147286821705 500 0 0 0 0 0 0 0 0 0 0 0 0 0 0 0 0 0 0 0
"259" 259 0.0 496 4 0 0 0 0 0 0 0 0 0 0 0 0 0 0 0 0 0 0
"260" 260 0.0290697674419 500 0 0 0 0 0 0 0 0 0 0 0 0 0 0 0 0 0 0 0
"261" 261 0.641148325359 233 230 33 4 0 0 0 0 0 0 0 0 0 0 0 0 0 0 0 0
"262" 262 0.523178807947 500 0 0 0 0 0 0 0 0 0 0 0 0 0 0 0 0 0 0 0
"263" 263 0.0697674418605 500 0 0 0 0 0 0 0 0 0 0 0 0 0 0 0 0 0 0 0
"264" 264 0.527426160338 500 0 0 0 0 0 0 0 0 0 0 0 0 0 0 0 0 0 0 0
"265" 265 0.387596899225 354 133 6 4 2 1 0 0 0 0 0 0 0 0 0 0 0 0 0 0
"266" 266 0.00497512437811 500 0 0 0 0 0 0 0 0 0 0 0 0 0 0 0 0 0 0 0
"267" 267 0.414507772021 486 13 1 0 0 0 0 0 0 0 0 0 0 0 0 0 0 0 0 0
"268" 268 0.0199004975124 493 4 3 0 0 0 0 0 0 0 0 0 0 0 0 0 0 0 0 0
"269" 269 0.17880794702 483 11 5 1 0 0 0 0 0 0 0 0 0 0 0 0 0 0 0 0
"270" 270 0.0746268656716 276 181 40 3 0 0 0 0 0 0 0 0 0 0 0 0 0 0 0 0
"271" 271 0.557213930348 404 84 6 5 1 0 0 0 0 0 0 0 0 0 0 0 0 0 0 0
"272" 272 0.258620689655 452 21 14 5 5 2 1 0 0 0 0 0 0 0 0 0 0 0 0 0
"273" 273 0.350574712644 400 88 10 2 0 0 0 0 0 0 0 0 0 0 0 0 0 0 0 0
"274" 274 0.824817518248 453 38 6 3 0 0 0 0 0 0 0 0 0 0 0 0 0 0 0 0
"275" 275 1.0 463 20 17 0 0 0 0 0 0 0 0 0 0 0 0 0 0 0 0 0
