"site" "RSA" "aa1" "aa2" "aa3" "aa4" "aa5" "aa6" "aa7" "aa8" "aa9" "aa10" "aa11" "aa12" "aa13" "aa14" "aa15" "aa16" "aa17" "aa18" "aa19" "aa20"
"0" 0 0.816513761468 426 74 0 0 0 0 0 0 0 0 0 0 0 0 0 0 0 0 0 0
"1" 1 0.384105960265 289 190 9 8 3 1 0 0 0 0 0 0 0 0 0 0 0 0 0 0
"2" 2 0.312820512821 293 98 34 31 22 9 5 4 3 1 0 0 0 0 0 0 0 0 0 0
"3" 3 0.0 372 82 42 3 1 0 0 0 0 0 0 0 0 0 0 0 0 0 0 0
"4" 4 0.121338912134 271 228 1 0 0 0 0 0 0 0 0 0 0 0 0 0 0 0 0 0
"5" 5 0.0 341 141 10 4 2 1 1 0 0 0 0 0 0 0 0 0 0 0 0 0
"6" 6 0.238341968912 217 136 113 21 7 4 1 1 0 0 0 0 0 0 0 0 0 0 0 0
"7" 7 0.0152284263959 499 1 0 0 0 0 0 0 0 0 0 0 0 0 0 0 0 0 0 0
"8" 8 0.0988372093023 297 174 24 3 1 1 0 0 0 0 0 0 0 0 0 0 0 0 0 0
"9" 9 0.320675105485 255 116 107 11 6 5 0 0 0 0 0 0 0 0 0 0 0 0 0 0
"10" 10 0.589743589744 500 0 0 0 0 0 0 0 0 0 0 0 0 0 0 0 0 0 0 0
"11" 11 0.576923076923 500 0 0 0 0 0 0 0 0 0 0 0 0 0 0 0 0 0 0 0
"12" 12 0.434108527132 500 0 0 0 0 0 0 0 0 0 0 0 0 0 0 0 0 0 0 0
"13" 13 0.74213836478 279 193 24 4 0 0 0 0 0 0 0 0 0 0 0 0 0 0 0 0
"14" 14 0.278606965174 500 0 0 0 0 0 0 0 0 0 0 0 0 0 0 0 0 0 0 0
"15" 15 0.269230769231 500 0 0 0 0 0 0 0 0 0 0 0 0 0 0 0 0 0 0 0
"16" 16 0.290697674419 150 146 111 57 23 13 0 0 0 0 0 0 0 0 0 0 0 0 0 0
"17" 17 0.0 313 171 8 3 2 2 1 0 0 0 0 0 0 0 0 0 0 0 0 0
"18" 18 0.354430379747 333 68 52 21 14 9 3 0 0 0 0 0 0 0 0 0 0 0 0 0
"19" 19 0.0 232 175 72 11 6 4 0 0 0 0 0 0 0 0 0 0 0 0 0 0
"20" 20 0.354430379747 356 95 36 10 3 0 0 0 0 0 0 0 0 0 0 0 0 0 0 0
"21" 21 0.0696517412935 500 0 0 0 0 0 0 0 0 0 0 0 0 0 0 0 0 0 0 0
"22" 22 0.196652719665 435 25 22 8 6 4 0 0 0 0 0 0 0 0 0 0 0 0 0 0
"23" 23 0.0984455958549 500 0 0 0 0 0 0 0 0 0 0 0 0 0 0 0 0 0 0 0
"24" 24 0.875647668394 416 74 10 0 0 0 0 0 0 0 0 0 0 0 0 0 0 0 0 0
"25" 25 0.183908045977 357 63 57 13 4 3 2 1 0 0 0 0 0 0 0 0 0 0 0 0
"26" 26 0.0 326 172 2 0 0 0 0 0 0 0 0 0 0 0 0 0 0 0 0 0
"27" 27 0.396226415094 200 163 137 0 0 0 0 0 0 0 0 0 0 0 0 0 0 0 0 0
"28" 28 0.573839662447 498 1 1 0 0 0 0 0 0 0 0 0 0 0 0 0 0 0 0 0
"29" 29 0.0 482 14 4 0 0 0 0 0 0 0 0 0 0 0 0 0 0 0 0 0
"30" 30 0.0 500 0 0 0 0 0 0 0 0 0 0 0 0 0 0 0 0 0 0 0
"31" 31 0.279069767442 409 45 39 4 2 1 0 0 0 0 0 0 0 0 0 0 0 0 0 0
"32" 32 0.0 264 224 12 0 0 0 0 0 0 0 0 0 0 0 0 0 0 0 0 0
"33" 33 0.0 483 11 4 2 0 0 0 0 0 0 0 0 0 0 0 0 0 0 0 0
"34" 34 0.0912408759124 369 105 13 7 4 1 1 0 0 0 0 0 0 0 0 0 0 0 0 0
"35" 35 0.031007751938 214 129 53 35 19 18 15 8 6 2 1 0 0 0 0 0 0 0 0 0
"36" 36 0.00497512437811 499 1 0 0 0 0 0 0 0 0 0 0 0 0 0 0 0 0 0 0
"37" 37 0.0126582278481 500 0 0 0 0 0 0 0 0 0 0 0 0 0 0 0 0 0 0 0
"38" 38 0.302325581395 192 145 77 67 8 6 5 0 0 0 0 0 0 0 0 0 0 0 0 0
"39" 39 0.278846153846 500 0 0 0 0 0 0 0 0 0 0 0 0 0 0 0 0 0 0 0
"40" 40 0.589285714286 168 121 85 65 18 12 10 10 7 4 0 0 0 0 0 0 0 0 0 0
"41" 41 0.485232067511 478 22 0 0 0 0 0 0 0 0 0 0 0 0 0 0 0 0 0 0
"42" 42 0.701923076923 500 0 0 0 0 0 0 0 0 0 0 0 0 0 0 0 0 0 0 0
"43" 43 0.238493723849 500 0 0 0 0 0 0 0 0 0 0 0 0 0 0 0 0 0 0 0
"44" 44 0.105769230769 500 0 0 0 0 0 0 0 0 0 0 0 0 0 0 0 0 0 0 0
"45" 45 0.0 314 185 1 0 0 0 0 0 0 0 0 0 0 0 0 0 0 0 0 0
"46" 46 0.511627906977 477 15 8 0 0 0 0 0 0 0 0 0 0 0 0 0 0 0 0 0
"47" 47 0.336538461538 500 0 0 0 0 0 0 0 0 0 0 0 0 0 0 0 0 0 0 0
"48" 48 0.046357615894 500 0 0 0 0 0 0 0 0 0 0 0 0 0 0 0 0 0 0 0
"49" 49 0.191387559809 492 7 1 0 0 0 0 0 0 0 0 0 0 0 0 0 0 0 0 0
"50" 50 0.0 343 156 1 0 0 0 0 0 0 0 0 0 0 0 0 0 0 0 0 0
"51" 51 0.11961722488 490 5 4 1 0 0 0 0 0 0 0 0 0 0 0 0 0 0 0 0
"52" 52 0.361313868613 465 24 11 0 0 0 0 0 0 0 0 0 0 0 0 0 0 0 0 0
"53" 53 0.00574712643678 462 38 0 0 0 0 0 0 0 0 0 0 0 0 0 0 0 0 0 0
"54" 54 0.121827411168 465 23 11 1 0 0 0 0 0 0 0 0 0 0 0 0 0 0 0 0
"55" 55 0.301886792453 492 8 0 0 0 0 0 0 0 0 0 0 0 0 0 0 0 0 0 0
"56" 56 0.663212435233 487 13 0 0 0 0 0 0 0 0 0 0 0 0 0 0 0 0 0 0
"57" 57 0.192468619247 319 174 6 1 0 0 0 0 0 0 0 0 0 0 0 0 0 0 0 0
"58" 58 0.0137614678899 409 86 4 1 0 0 0 0 0 0 0 0 0 0 0 0 0 0 0 0
"59" 59 0.0 481 18 1 0 0 0 0 0 0 0 0 0 0 0 0 0 0 0 0 0
"60" 60 0.139013452915 279 212 4 2 1 1 1 0 0 0 0 0 0 0 0 0 0 0 0 0
"61" 61 0.0 500 0 0 0 0 0 0 0 0 0 0 0 0 0 0 0 0 0 0 0
"62" 62 0.0 500 0 0 0 0 0 0 0 0 0 0 0 0 0 0 0 0 0 0 0
"63" 63 0.0103626943005 500 0 0 0 0 0 0 0 0 0 0 0 0 0 0 0 0 0 0 0
"64" 64 0.188284518828 248 149 103 0 0 0 0 0 0 0 0 0 0 0 0 0 0 0 0 0
"65" 65 0.488372093023 492 8 0 0 0 0 0 0 0 0 0 0 0 0 0 0 0 0 0 0
"66" 66 0.364341085271 500 0 0 0 0 0 0 0 0 0 0 0 0 0 0 0 0 0 0 0
"67" 67 0.201923076923 499 1 0 0 0 0 0 0 0 0 0 0 0 0 0 0 0 0 0 0
"68" 68 0.502564102564 500 0 0 0 0 0 0 0 0 0 0 0 0 0 0 0 0 0 0 0
"69" 69 0.298076923077 500 0 0 0 0 0 0 0 0 0 0 0 0 0 0 0 0 0 0 0
"70" 70 0.651162790698 500 0 0 0 0 0 0 0 0 0 0 0 0 0 0 0 0 0 0 0
"71" 71 0.173076923077 500 0 0 0 0 0 0 0 0 0 0 0 0 0 0 0 0 0 0 0
"72" 72 0.182692307692 500 0 0 0 0 0 0 0 0 0 0 0 0 0 0 0 0 0 0 0
"73" 73 0.35864978903 389 103 7 1 0 0 0 0 0 0 0 0 0 0 0 0 0 0 0 0
"74" 74 0.0198675496689 500 0 0 0 0 0 0 0 0 0 0 0 0 0 0 0 0 0 0 0
"75" 75 0.203045685279 376 102 21 1 0 0 0 0 0 0 0 0 0 0 0 0 0 0 0 0
"76" 76 0.406844106464 359 136 3 1 1 0 0 0 0 0 0 0 0 0 0 0 0 0 0 0
"77" 77 0.355769230769 500 0 0 0 0 0 0 0 0 0 0 0 0 0 0 0 0 0 0 0
"78" 78 0.573643410853 498 2 0 0 0 0 0 0 0 0 0 0 0 0 0 0 0 0 0 0
"79" 79 0.514767932489 494 4 2 0 0 0 0 0 0 0 0 0 0 0 0 0 0 0 0 0
"80" 80 0.100418410042 366 122 12 0 0 0 0 0 0 0 0 0 0 0 0 0 0 0 0 0
"81" 81 0.449612403101 500 0 0 0 0 0 0 0 0 0 0 0 0 0 0 0 0 0 0 0
"82" 82 0.124352331606 386 114 0 0 0 0 0 0 0 0 0 0 0 0 0 0 0 0 0 0
"83" 83 0.236607142857 500 0 0 0 0 0 0 0 0 0 0 0 0 0 0 0 0 0 0 0
"84" 84 0.235897435897 327 149 23 1 0 0 0 0 0 0 0 0 0 0 0 0 0 0 0 0
"85" 85 0.334728033473 395 105 0 0 0 0 0 0 0 0 0 0 0 0 0 0 0 0 0 0
"86" 86 0.587443946188 368 93 23 11 4 1 0 0 0 0 0 0 0 0 0 0 0 0 0 0
"87" 87 0.218905472637 482 8 4 4 2 0 0 0 0 0 0 0 0 0 0 0 0 0 0 0
"88" 88 0.552742616034 493 4 3 0 0 0 0 0 0 0 0 0 0 0 0 0 0 0 0 0
"89" 89 0.0 500 0 0 0 0 0 0 0 0 0 0 0 0 0 0 0 0 0 0 0
"90" 90 0.420512820513 352 90 57 1 0 0 0 0 0 0 0 0 0 0 0 0 0 0 0 0
"91" 91 0.324894514768 272 160 53 14 1 0 0 0 0 0 0 0 0 0 0 0 0 0 0 0
"92" 92 0.37106918239 431 52 17 0 0 0 0 0 0 0 0 0 0 0 0 0 0 0 0 0
"93" 93 0.0192307692308 500 0 0 0 0 0 0 0 0 0 0 0 0 0 0 0 0 0 0 0
"94" 94 0.0199004975124 500 0 0 0 0 0 0 0 0 0 0 0 0 0 0 0 0 0 0 0
"95" 95 0.0 242 187 69 2 0 0 0 0 0 0 0 0 0 0 0 0 0 0 0 0
"96" 96 0.0 496 2 1 1 0 0 0 0 0 0 0 0 0 0 0 0 0 0 0 0
"97" 97 0.0 494 4 2 0 0 0 0 0 0 0 0 0 0 0 0 0 0 0 0 0
"98" 98 0.062015503876 415 76 4 2 1 1 1 0 0 0 0 0 0 0 0 0 0 0 0 0
"99" 99 0.225641025641 500 0 0 0 0 0 0 0 0 0 0 0 0 0 0 0 0 0 0 0
"100" 100 0.635658914729 231 212 57 0 0 0 0 0 0 0 0 0 0 0 0 0 0 0 0 0
"101" 101 0.240384615385 500 0 0 0 0 0 0 0 0 0 0 0 0 0 0 0 0 0 0 0
"102" 102 0.654088050314 476 24 0 0 0 0 0 0 0 0 0 0 0 0 0 0 0 0 0 0
"103" 103 0.476923076923 476 24 0 0 0 0 0 0 0 0 0 0 0 0 0 0 0 0 0 0
"104" 104 0.156976744186 490 4 4 2 0 0 0 0 0 0 0 0 0 0 0 0 0 0 0 0
"105" 105 0.0 383 110 7 0 0 0 0 0 0 0 0 0 0 0 0 0 0 0 0 0
"106" 106 0.0961538461538 500 0 0 0 0 0 0 0 0 0 0 0 0 0 0 0 0 0 0 0
"107" 107 0.00662251655629 265 235 0 0 0 0 0 0 0 0 0 0 0 0 0 0 0 0 0 0
"108" 108 0.103139013453 288 206 5 1 0 0 0 0 0 0 0 0 0 0 0 0 0 0 0 0
"109" 109 0.0 414 86 0 0 0 0 0 0 0 0 0 0 0 0 0 0 0 0 0 0
"110" 110 0.0209205020921 340 143 11 2 1 1 1 1 0 0 0 0 0 0 0 0 0 0 0 0
"111" 111 0.0 482 11 5 2 0 0 0 0 0 0 0 0 0 0 0 0 0 0 0 0
"112" 112 0.0 418 82 0 0 0 0 0 0 0 0 0 0 0 0 0 0 0 0 0 0
"113" 113 0.0988372093023 467 18 15 0 0 0 0 0 0 0 0 0 0 0 0 0 0 0 0 0
"114" 114 0.252873563218 489 11 0 0 0 0 0 0 0 0 0 0 0 0 0 0 0 0 0 0
"115" 115 0.390804597701 489 10 1 0 0 0 0 0 0 0 0 0 0 0 0 0 0 0 0 0
"116" 116 0.0 281 84 73 56 4 1 1 0 0 0 0 0 0 0 0 0 0 0 0 0
"117" 117 0.403973509934 436 48 11 4 1 0 0 0 0 0 0 0 0 0 0 0 0 0 0 0
"118" 118 0.535460992908 427 61 10 2 0 0 0 0 0 0 0 0 0 0 0 0 0 0 0 0
"119" 119 0.089552238806 335 91 57 11 5 1 0 0 0 0 0 0 0 0 0 0 0 0 0 0
"120" 120 0.238341968912 500 0 0 0 0 0 0 0 0 0 0 0 0 0 0 0 0 0 0 0
"121" 121 0.413461538462 500 0 0 0 0 0 0 0 0 0 0 0 0 0 0 0 0 0 0 0
"122" 122 0.540084388186 489 11 0 0 0 0 0 0 0 0 0 0 0 0 0 0 0 0 0 0
"123" 123 0.157894736842 499 1 0 0 0 0 0 0 0 0 0 0 0 0 0 0 0 0 0 0
"124" 124 0.0 500 0 0 0 0 0 0 0 0 0 0 0 0 0 0 0 0 0 0 0
"125" 125 0.0172413793103 500 0 0 0 0 0 0 0 0 0 0 0 0 0 0 0 0 0 0 0
"126" 126 0.0 500 0 0 0 0 0 0 0 0 0 0 0 0 0 0 0 0 0 0 0
"127" 127 0.0 500 0 0 0 0 0 0 0 0 0 0 0 0 0 0 0 0 0 0 0
"128" 128 0.205357142857 270 115 101 12 2 0 0 0 0 0 0 0 0 0 0 0 0 0 0 0
"129" 129 0.0862068965517 312 158 20 5 3 2 0 0 0 0 0 0 0 0 0 0 0 0 0 0
"130" 130 0.380710659898 270 106 70 40 9 5 0 0 0 0 0 0 0 0 0 0 0 0 0 0
"131" 131 0.481865284974 415 85 0 0 0 0 0 0 0 0 0 0 0 0 0 0 0 0 0 0
"132" 132 0.0288461538462 500 0 0 0 0 0 0 0 0 0 0 0 0 0 0 0 0 0 0 0
"133" 133 0.238532110092 268 201 18 6 5 2 0 0 0 0 0 0 0 0 0 0 0 0 0 0
"134" 134 0.625641025641 465 22 13 0 0 0 0 0 0 0 0 0 0 0 0 0 0 0 0 0
"135" 135 0.0287356321839 500 0 0 0 0 0 0 0 0 0 0 0 0 0 0 0 0 0 0 0
"136" 136 0.0 314 139 23 12 5 3 3 1 0 0 0 0 0 0 0 0 0 0 0 0
"137" 137 0.544303797468 453 39 8 0 0 0 0 0 0 0 0 0 0 0 0 0 0 0 0 0
"138" 138 0.255813953488 459 28 13 0 0 0 0 0 0 0 0 0 0 0 0 0 0 0 0 0
"139" 139 0.0 457 42 1 0 0 0 0 0 0 0 0 0 0 0 0 0 0 0 0 0
"140" 140 0.129464285714 343 149 8 0 0 0 0 0 0 0 0 0 0 0 0 0 0 0 0 0
"141" 141 0.488372093023 457 43 0 0 0 0 0 0 0 0 0 0 0 0 0 0 0 0 0 0
"142" 142 0.138392857143 211 133 106 32 15 2 1 0 0 0 0 0 0 0 0 0 0 0 0 0
"143" 143 0.0192307692308 500 0 0 0 0 0 0 0 0 0 0 0 0 0 0 0 0 0 0 0
"144" 144 0.165562913907 496 4 0 0 0 0 0 0 0 0 0 0 0 0 0 0 0 0 0 0
"145" 145 0.721153846154 500 0 0 0 0 0 0 0 0 0 0 0 0 0 0 0 0 0 0 0
"146" 146 0.562913907285 500 0 0 0 0 0 0 0 0 0 0 0 0 0 0 0 0 0 0 0
"147" 147 0.0192307692308 500 0 0 0 0 0 0 0 0 0 0 0 0 0 0 0 0 0 0 0
"148" 148 0.64135021097 500 0 0 0 0 0 0 0 0 0 0 0 0 0 0 0 0 0 0 0
"149" 149 0.188679245283 500 0 0 0 0 0 0 0 0 0 0 0 0 0 0 0 0 0 0 0
"150" 150 0.700729927007 500 0 0 0 0 0 0 0 0 0 0 0 0 0 0 0 0 0 0 0
"151" 151 0.0993377483444 320 117 34 15 12 2 0 0 0 0 0 0 0 0 0 0 0 0 0 0
"152" 152 0.368613138686 218 192 57 33 0 0 0 0 0 0 0 0 0 0 0 0 0 0 0 0
"153" 153 0.0 495 5 0 0 0 0 0 0 0 0 0 0 0 0 0 0 0 0 0 0
"154" 154 0.236607142857 287 123 57 32 1 0 0 0 0 0 0 0 0 0 0 0 0 0 0 0
"155" 155 0.0 485 10 2 1 1 1 0 0 0 0 0 0 0 0 0 0 0 0 0 0
"156" 156 0.356589147287 293 201 4 1 1 0 0 0 0 0 0 0 0 0 0 0 0 0 0 0
"157" 157 0.523206751055 236 134 113 17 0 0 0 0 0 0 0 0 0 0 0 0 0 0 0 0
"158" 158 0.107594936709 500 0 0 0 0 0 0 0 0 0 0 0 0 0 0 0 0 0 0 0
"159" 159 0.0769230769231 500 0 0 0 0 0 0 0 0 0 0 0 0 0 0 0 0 0 0 0
"160" 160 0.367816091954 213 174 81 17 11 4 0 0 0 0 0 0 0 0 0 0 0 0 0 0
"161" 161 0.645569620253 349 100 12 11 8 5 5 4 3 2 1 0 0 0 0 0 0 0 0 0
