"site" "RSA" "aa1" "aa2" "aa3" "aa4" "aa5" "aa6" "aa7" "aa8" "aa9" "aa10" "aa11" "aa12" "aa13" "aa14" "aa15" "aa16" "aa17" "aa18" "aa19" "aa20"
"0" 0 0.279816513761 29 23 7 4 1 0 0 0 0 0 0 0 0 0 0 0 0 0 0 0
"1" 1 0.42194092827 33 22 11 3 2 1 0 0 0 0 0 0 0 0 0 0 0 0 0 0
"2" 2 0.385057471264 21 14 11 9 5 4 3 2 2 2 1 0 0 0 0 0 0 0 0 0
"3" 3 0.511494252874 27 23 13 5 4 3 2 1 1 1 0 0 0 0 0 0 0 0 0 0
"4" 4 0.476793248945 49 11 6 4 3 3 1 1 1 1 0 0 0 0 0 0 0 0 0 0
"5" 5 0.383928571429 28 15 11 10 4 3 3 2 2 2 1 0 0 0 0 0 0 0 0 0
"6" 6 0.317991631799 27 13 8 6 5 4 4 3 3 2 2 2 1 1 1 0 0 0 0 0
"7" 7 0.675496688742 31 21 19 3 3 2 1 1 1 0 0 0 0 0 0 0 0 0 0 0
"8" 8 0.258620689655 28 22 19 4 4 3 3 3 0 0 0 0 0 0 0 0 0 0 0 0
"9" 9 0.481012658228 65 7 7 6 0 0 0 0 0 0 0 0 0 0 0 0 0 0 0 0
"10" 10 0.423076923077 97 9 1 1 1 1 0 0 0 0 0 0 0 0 0 0 0 0 0 0
"11" 11 0.0288461538462 113 1 0 0 0 0 0 0 0 0 0 0 0 0 0 0 0 0 0 0
"12" 12 0.35401459854 32 16 15 13 7 6 6 5 5 4 2 1 1 1 0 0 0 0 0 0
"13" 13 0.0646766169154 43 30 27 8 2 1 1 1 1 0 0 0 0 0 0 0 0 0 0 0
"14" 14 0.0304568527919 35 23 15 11 5 4 3 3 3 3 3 2 2 2 1 0 0 0 0 0
"15" 15 0.177215189873 36 35 23 19 4 1 0 0 0 0 0 0 0 0 0 0 0 0 0 0
"16" 16 0.00497512437811 68 25 16 3 3 1 1 1 0 0 0 0 0 0 0 0 0 0 0 0
"17" 17 0.0728476821192 39 26 20 15 5 5 3 2 1 1 1 1 1 0 0 0 0 0 0 0
"18" 18 0.0239234449761 119 1 1 1 0 0 0 0 0 0 0 0 0 0 0 0 0 0 0 0
"19" 19 0.635897435897 19 15 14 13 11 10 7 7 6 5 4 4 4 2 1 0 0 0 0 0
"20" 20 0.0529801324503 113 9 0 0 0 0 0 0 0 0 0 0 0 0 0 0 0 0 0 0
"21" 21 0.569230769231 21 20 17 14 12 8 6 6 4 4 4 3 2 1 0 0 0 0 0 0
"22" 22 0.0993377483444 39 23 23 21 9 2 1 1 1 1 1 0 0 0 0 0 0 0 0 0
"23" 23 0.0 67 36 12 4 2 1 0 0 0 0 0 0 0 0 0 0 0 0 0 0
"24" 24 0.510548523207 40 35 20 7 6 6 3 2 1 1 1 0 0 0 0 0 0 0 0 0
"25" 25 0.0639534883721 88 24 5 3 1 1 0 0 0 0 0 0 0 0 0 0 0 0 0 0
"26" 26 0.377483443709 34 28 14 11 10 8 7 4 2 2 1 1 0 0 0 0 0 0 0 0
"27" 27 0.00917431192661 118 2 1 1 0 0 0 0 0 0 0 0 0 0 0 0 0 0 0 0
"28" 28 0.405128205128 34 26 15 10 10 7 6 5 4 3 1 1 0 0 0 0 0 0 0 0
"29" 29 0.0 98 16 6 1 1 0 0 0 0 0 0 0 0 0 0 0 0 0 0 0
"30" 30 0.0205128205128 54 23 21 17 4 2 1 0 0 0 0 0 0 0 0 0 0 0 0 0
"31" 31 0.0 52 49 21 0 0 0 0 0 0 0 0 0 0 0 0 0 0 0 0 0
"32" 32 0.0 73 48 1 0 0 0 0 0 0 0 0 0 0 0 0 0 0 0 0 0
"33" 33 0.00497512437811 92 11 7 5 3 2 1 1 0 0 0 0 0 0 0 0 0 0 0 0
"34" 34 0.0 122 0 0 0 0 0 0 0 0 0 0 0 0 0 0 0 0 0 0 0
"35" 35 0.451476793249 89 7 5 4 4 4 2 1 1 1 1 1 0 0 0 0 0 0 0 0
"36" 36 0.33971291866 5 2 2 1 0 0 0 0 0 0 0 0 0 0 0 0 0 0 0 0
"37" 37 0.190114068441 6 1 0 0 0 0 0 0 0 0 0 0 0 0 0 0 0 0 0 0
"38" 38 0.311787072243 5 1 1 0 0 0 0 0 0 0 0 0 0 0 0 0 0 0 0 0
"39" 39 0.302325581395 56 12 11 8 7 7 5 2 2 1 1 1 1 0 0 0 0 0 0 0
"40" 40 0.596412556054 56 3 3 3 3 2 2 2 1 1 1 0 0 0 0 0 0 0 0 0
"41" 41 0.730569948187 3 3 3 2 2 2 2 1 1 1 1 0 0 0 0 0 0 0 0 0
"42" 42 0.502092050209 3 3 2 2 2 2 2 1 1 1 0 0 0 0 0 0 0 0 0 0
"43" 43 0.899371069182 34 27 14 7 5 4 3 2 2 1 1 1 1 0 0 0 0 0 0 0
"44" 44 0.649635036496 23 17 13 13 10 8 8 7 5 5 2 2 1 1 1 0 0 0 0 0
"45" 45 0.138461538462 29 24 13 9 9 7 7 7 4 3 3 1 0 0 0 0 0 0 0 0
"46" 46 0.53164556962 22 18 15 13 10 8 6 6 5 5 2 1 0 0 0 0 0 0 0 0
"47" 47 0.21897810219 60 31 11 6 3 3 2 1 1 1 0 0 0 0 0 0 0 0 0 0
"48" 48 0.0710659898477 69 24 10 7 5 3 2 1 1 0 0 0 0 0 0 0 0 0 0 0
"49" 49 0.0062893081761 122 0 0 0 0 0 0 0 0 0 0 0 0 0 0 0 0 0 0 0
"50" 50 0.0 91 9 9 7 3 1 1 1 0 0 0 0 0 0 0 0 0 0 0 0
"51" 51 0.0 99 14 6 2 1 0 0 0 0 0 0 0 0 0 0 0 0 0 0 0
"52" 52 0.0 78 15 9 7 6 4 2 1 0 0 0 0 0 0 0 0 0 0 0 0
"53" 53 0.0 63 48 10 1 0 0 0 0 0 0 0 0 0 0 0 0 0 0 0 0
"54" 54 0.0 122 0 0 0 0 0 0 0 0 0 0 0 0 0 0 0 0 0 0 0
"55" 55 0.0 119 3 0 0 0 0 0 0 0 0 0 0 0 0 0 0 0 0 0 0
"56" 56 0.0288461538462 122 0 0 0 0 0 0 0 0 0 0 0 0 0 0 0 0 0 0 0
"57" 57 0.089552238806 121 1 0 0 0 0 0 0 0 0 0 0 0 0 0 0 0 0 0 0
"58" 58 0.470930232558 121 1 0 0 0 0 0 0 0 0 0 0 0 0 0 0 0 0 0 0
"59" 59 0.0822784810127 122 0 0 0 0 0 0 0 0 0 0 0 0 0 0 0 0 0 0 0
"60" 60 0.273255813953 106 10 5 1 0 0 0 0 0 0 0 0 0 0 0 0 0 0 0 0
"61" 61 0.0062893081761 58 22 17 15 4 3 3 0 0 0 0 0 0 0 0 0 0 0 0 0
"62" 62 0.222797927461 68 23 12 11 6 1 1 0 0 0 0 0 0 0 0 0 0 0 0 0
"63" 63 0.215384615385 121 1 0 0 0 0 0 0 0 0 0 0 0 0 0 0 0 0 0 0
"64" 64 0.0 75 21 15 8 2 1 0 0 0 0 0 0 0 0 0 0 0 0 0 0
"65" 65 0.0596026490066 50 22 20 12 11 6 1 0 0 0 0 0 0 0 0 0 0 0 0 0
"66" 66 0.611607142857 36 34 29 5 5 3 3 2 2 2 1 0 0 0 0 0 0 0 0 0
"67" 67 0.396624472574 122 0 0 0 0 0 0 0 0 0 0 0 0 0 0 0 0 0 0 0
"68" 68 0.0 78 22 22 0 0 0 0 0 0 0 0 0 0 0 0 0 0 0 0 0
"69" 69 0.493723849372 87 23 7 2 2 1 0 0 0 0 0 0 0 0 0 0 0 0 0 0
"70" 70 0.0 73 21 7 6 6 3 2 1 1 1 1 0 0 0 0 0 0 0 0 0
"71" 71 0.0717488789238 90 11 7 7 3 2 1 1 0 0 0 0 0 0 0 0 0 0 0 0
"72" 72 0.564853556485 60 11 11 11 8 4 3 3 2 2 2 1 1 1 1 1 0 0 0 0
"73" 73 0.0582959641256 21 19 14 11 8 7 7 7 7 7 6 5 2 1 0 0 0 0 0 0
"74" 74 0.0 114 7 1 0 0 0 0 0 0 0 0 0 0 0 0 0 0 0 0 0
"75" 75 0.0621761658031 87 23 6 2 1 1 1 1 0 0 0 0 0 0 0 0 0 0 0 0
"76" 76 0.535864978903 70 29 8 5 5 2 2 1 0 0 0 0 0 0 0 0 0 0 0 0
"77" 77 0.125475285171 47 31 21 7 4 4 3 2 1 1 0 0 0 0 0 0 0 0 0 0
"78" 78 0.0384615384615 113 3 2 2 1 0 0 0 0 0 0 0 0 0 0 0 0 0 0 0
"79" 79 0.0 57 30 16 12 7 0 0 0 0 0 0 0 0 0 0 0 0 0 0 0
"80" 80 0.0 88 21 7 6 0 0 0 0 0 0 0 0 0 0 0 0 0 0 0 0
"81" 81 0.0 56 34 23 5 4 0 0 0 0 0 0 0 0 0 0 0 0 0 0 0
"82" 82 0.0 100 14 8 0 0 0 0 0 0 0 0 0 0 0 0 0 0 0 0 0
"83" 83 0.0 63 20 11 11 5 4 3 2 1 1 1 0 0 0 0 0 0 0 0 0
"84" 84 0.0 119 3 0 0 0 0 0 0 0 0 0 0 0 0 0 0 0 0 0 0
"85" 85 0.020725388601 122 0 0 0 0 0 0 0 0 0 0 0 0 0 0 0 0 0 0 0
"86" 86 0.0 122 0 0 0 0 0 0 0 0 0 0 0 0 0 0 0 0 0 0 0
"87" 87 0.0 122 0 0 0 0 0 0 0 0 0 0 0 0 0 0 0 0 0 0 0
"88" 88 0.0 121 1 0 0 0 0 0 0 0 0 0 0 0 0 0 0 0 0 0 0
"89" 89 0.259124087591 121 0 0 0 0 0 0 0 0 0 0 0 0 0 0 0 0 0 0 0
"90" 90 0.240384615385 115 2 2 1 0 0 0 0 0 0 0 0 0 0 0 0 0 0 0 0
"91" 91 0.891191709845 34 24 19 9 8 6 5 4 3 2 2 1 1 1 1 1 0 0 0 0
"92" 92 0.522321428571 37 34 29 7 4 3 3 2 1 1 0 0 0 0 0 0 0 0 0 0
"93" 93 0.0459770114943 77 31 6 4 2 1 0 0 0 0 0 0 0 0 0 0 0 0 0 0
"94" 94 0.209302325581 47 40 22 4 3 3 1 1 0 0 0 0 0 0 0 0 0 0 0 0
"95" 95 0.384615384615 55 54 8 2 1 1 0 0 0 0 0 0 0 0 0 0 0 0 0 0
"96" 96 0.0518134715026 64 45 7 1 1 1 0 0 0 0 0 0 0 0 0 0 0 0 0 0
"97" 97 0.685534591195 30 23 19 13 7 4 3 1 1 0 0 0 0 0 0 0 0 0 0 0
"98" 98 0.71875 51 29 5 1 1 1 1 0 0 0 0 0 0 0 0 0 0 0 0 0
"99" 99 0.625 26 15 4 2 2 1 1 1 1 1 0 0 0 0 0 0 0 0 0 0
"100" 100 0.238410596026 52 43 11 6 4 3 1 1 0 0 0 0 0 0 0 0 0 0 0 0
"101" 101 0.521276595745 64 57 0 0 0 0 0 0 0 0 0 0 0 0 0 0 0 0 0 0
"102" 102 0.129533678756 116 5 0 0 0 0 0 0 0 0 0 0 0 0 0 0 0 0 0 0
"103" 103 0.0251046025105 77 38 2 2 1 1 0 0 0 0 0 0 0 0 0 0 0 0 0 0
"104" 104 0.0 119 1 1 0 0 0 0 0 0 0 0 0 0 0 0 0 0 0 0 0
"105" 105 0.188340807175 27 24 22 20 13 7 3 2 1 1 1 0 0 0 0 0 0 0 0 0
"106" 106 0.0 115 5 2 0 0 0 0 0 0 0 0 0 0 0 0 0 0 0 0 0
"107" 107 0.0 121 1 0 0 0 0 0 0 0 0 0 0 0 0 0 0 0 0 0 0
"108" 108 0.00961538461538 120 1 1 0 0 0 0 0 0 0 0 0 0 0 0 0 0 0 0 0
"109" 109 0.00418410041841 120 1 1 0 0 0 0 0 0 0 0 0 0 0 0 0 0 0 0 0
"110" 110 0.0114068441065 120 1 1 0 0 0 0 0 0 0 0 0 0 0 0 0 0 0 0 0
"111" 111 0.00995024875622 72 43 6 1 0 0 0 0 0 0 0 0 0 0 0 0 0 0 0 0
"112" 112 0.128205128205 88 32 1 1 0 0 0 0 0 0 0 0 0 0 0 0 0 0 0 0
"113" 113 0.0232558139535 120 1 1 0 0 0 0 0 0 0 0 0 0 0 0 0 0 0 0 0
"114" 114 0.529069767442 115 3 1 1 1 1 0 0 0 0 0 0 0 0 0 0 0 0 0 0
"115" 115 0.32735426009 67 28 9 6 4 2 2 1 1 1 1 0 0 0 0 0 0 0 0 0
"116" 116 0.6875 43 36 12 10 6 5 3 2 2 1 1 1 0 0 0 0 0 0 0 0
"117" 117 0.490566037736 105 16 1 0 0 0 0 0 0 0 0 0 0 0 0 0 0 0 0 0
"118" 118 0.0950570342205 99 14 8 1 0 0 0 0 0 0 0 0 0 0 0 0 0 0 0 0
"119" 119 0.15503875969 40 26 20 18 6 6 3 2 1 0 0 0 0 0 0 0 0 0 0 0
"120" 120 0.533632286996 33 17 15 14 10 9 6 3 3 2 1 1 0 0 0 0 0 0 0 0
"121" 121 0.0430622009569 75 35 8 2 1 1 0 0 0 0 0 0 0 0 0 0 0 0 0 0
"122" 122 0.00380228136882 104 9 8 1 0 0 0 0 0 0 0 0 0 0 0 0 0 0 0 0
"123" 123 0.206278026906 52 27 14 13 12 1 1 1 1 0 0 0 0 0 0 0 0 0 0 0
"124" 124 0.0 121 1 0 0 0 0 0 0 0 0 0 0 0 0 0 0 0 0 0 0
"125" 125 0.125475285171 93 7 6 5 4 3 2 1 1 0 0 0 0 0 0 0 0 0 0 0
"126" 126 0.295336787565 75 34 7 2 2 1 1 0 0 0 0 0 0 0 0 0 0 0 0 0
"127" 127 0.0 121 1 0 0 0 0 0 0 0 0 0 0 0 0 0 0 0 0 0 0
"128" 128 0.0 68 52 2 0 0 0 0 0 0 0 0 0 0 0 0 0 0 0 0 0
"129" 129 0.0430622009569 56 36 11 7 5 3 2 2 0 0 0 0 0 0 0 0 0 0 0 0
"130" 130 0.447257383966 34 29 20 13 8 5 4 4 3 2 0 0 0 0 0 0 0 0 0 0
"131" 131 0.138392857143 118 4 0 0 0 0 0 0 0 0 0 0 0 0 0 0 0 0 0 0
"132" 132 0.0 122 0 0 0 0 0 0 0 0 0 0 0 0 0 0 0 0 0 0 0
"133" 133 0.0 109 7 3 1 1 1 0 0 0 0 0 0 0 0 0 0 0 0 0 0
"134" 134 0.547085201794 42 19 16 14 9 8 3 3 2 2 2 1 1 0 0 0 0 0 0 0
"135" 135 0.209302325581 80 14 7 6 6 3 2 2 1 1 0 0 0 0 0 0 0 0 0 0
"136" 136 0.0 53 37 29 2 1 0 0 0 0 0 0 0 0 0 0 0 0 0 0 0
"137" 137 0.274611398964 45 21 12 10 9 6 3 3 3 2 2 1 1 1 1 0 0 0 0 0
"138" 138 0.602649006623 43 22 20 10 6 4 3 3 3 2 2 1 1 0 0 0 0 0 0 0
"139" 139 0.363636363636 33 29 15 10 10 7 4 3 2 2 2 1 1 1 1 0 0 0 0 0
"140" 140 0.167364016736 100 11 3 2 2 1 1 1 0 0 0 0 0 0 0 0 0 0 0 0
"141" 141 0.512820512821 78 11 8 5 4 2 2 1 1 1 0 0 0 0 0 0 0 0 0 0
"142" 142 0.392405063291 13 8 7 5 2 2 1 1 1 1 1 1 0 0 0 0 0 0 0 0
"143" 143 0.0248756218905 52 35 17 11 2 1 1 1 0 0 0 0 0 0 0 0 0 0 0 0
"144" 144 0.0673575129534 64 19 19 12 3 1 1 1 1 0 0 0 0 0 0 0 0 0 0 0
"145" 145 0.0 21 14 13 12 11 8 8 7 6 6 4 3 2 1 1 0 0 0 0 0
"146" 146 0.318407960199 5 2 1 1 0 0 0 0 0 0 0 0 0 0 0 0 0 0 0 0
"147" 147 0.518134715026 20 19 16 15 11 9 8 7 6 5 2 1 0 0 0 0 0 0 0 0
"148" 148 0.112820512821 75 21 11 3 2 1 1 1 1 1 1 1 1 0 0 0 0 0 0 0
"149" 149 0.0 21 19 12 12 3 2 1 1 1 1 0 0 0 0 0 0 0 0 0 0
"150" 150 0.0 69 27 25 1 0 0 0 0 0 0 0 0 0 0 0 0 0 0 0 0
"151" 151 0.0 116 4 2 0 0 0 0 0 0 0 0 0 0 0 0 0 0 0 0 0
"152" 152 0.0 42 33 26 11 6 3 1 0 0 0 0 0 0 0 0 0 0 0 0 0
"153" 153 0.0 122 0 0 0 0 0 0 0 0 0 0 0 0 0 0 0 0 0 0 0
"154" 154 0.0430622009569 122 0 0 0 0 0 0 0 0 0 0 0 0 0 0 0 0 0 0 0
"155" 155 0.0264900662252 122 0 0 0 0 0 0 0 0 0 0 0 0 0 0 0 0 0 0 0
"156" 156 0.0 122 0 0 0 0 0 0 0 0 0 0 0 0 0 0 0 0 0 0 0
"157" 157 0.0 122 0 0 0 0 0 0 0 0 0 0 0 0 0 0 0 0 0 0 0
"158" 158 0.0 122 0 0 0 0 0 0 0 0 0 0 0 0 0 0 0 0 0 0 0
"159" 159 0.00380228136882 108 6 4 3 1 0 0 0 0 0 0 0 0 0 0 0 0 0 0 0
"160" 160 0.0192307692308 122 0 0 0 0 0 0 0 0 0 0 0 0 0 0 0 0 0 0 0
"161" 161 0.0 122 0 0 0 0 0 0 0 0 0 0 0 0 0 0 0 0 0 0 0
"162" 162 0.010152284264 113 8 1 0 0 0 0 0 0 0 0 0 0 0 0 0 0 0 0 0
"163" 163 0.0189873417722 61 22 16 9 8 3 2 1 0 0 0 0 0 0 0 0 0 0 0 0
"164" 164 0.00961538461538 52 27 23 11 4 2 2 1 0 0 0 0 0 0 0 0 0 0 0 0
"165" 165 0.0152091254753 59 27 19 14 1 1 1 0 0 0 0 0 0 0 0 0 0 0 0 0
"166" 166 0.00995024875622 104 10 5 2 1 0 0 0 0 0 0 0 0 0 0 0 0 0 0 0
"167" 167 0.291139240506 70 41 3 3 2 2 1 0 0 0 0 0 0 0 0 0 0 0 0 0
"168" 168 0.125 100 6 6 3 2 1 1 1 0 0 0 0 0 0 0 0 0 0 0 0
"169" 169 0.041825095057 93 5 4 4 4 3 2 2 1 1 1 0 0 0 0 0 0 0 0 0
"170" 170 0.794701986755 3 1 1 0 0 0 0 0 0 0 0 0 0 0 0 0 0 0 0 0
"171" 171 0.567307692308 2 1 1 1 0 0 0 0 0 0 0 0 0 0 0 0 0 0 0 0
"172" 172 0.518987341772 54 23 13 8 5 5 5 4 2 2 1 0 0 0 0 0 0 0 0 0
"173" 173 0.189781021898 50 28 10 8 8 8 2 1 1 1 1 1 1 1 1 0 0 0 0 0
"174" 174 0.0380228136882 89 33 0 0 0 0 0 0 0 0 0 0 0 0 0 0 0 0 0 0
"175" 175 0.447257383966 45 32 14 9 8 4 4 3 1 1 1 0 0 0 0 0 0 0 0 0
"176" 176 0.00662251655629 114 5 2 1 0 0 0 0 0 0 0 0 0 0 0 0 0 0 0 0
"177" 177 0.0 79 22 11 6 3 1 0 0 0 0 0 0 0 0 0 0 0 0 0 0
"178" 178 0.0 118 4 0 0 0 0 0 0 0 0 0 0 0 0 0 0 0 0 0 0
"179" 179 0.0 122 0 0 0 0 0 0 0 0 0 0 0 0 0 0 0 0 0 0 0
"180" 180 0.0 119 2 1 0 0 0 0 0 0 0 0 0 0 0 0 0 0 0 0 0
"181" 181 0.0 75 47 0 0 0 0 0 0 0 0 0 0 0 0 0 0 0 0 0 0
"182" 182 0.0 121 1 0 0 0 0 0 0 0 0 0 0 0 0 0 0 0 0 0 0
"183" 183 0.0 119 3 0 0 0 0 0 0 0 0 0 0 0 0 0 0 0 0 0 0
"184" 184 0.00574712643678 34 32 25 21 9 1 0 0 0 0 0 0 0 0 0 0 0 0 0 0
"185" 185 0.0820512820513 87 14 9 8 2 2 0 0 0 0 0 0 0 0 0 0 0 0 0 0
"186" 186 0.0062893081761 122 0 0 0 0 0 0 0 0 0 0 0 0 0 0 0 0 0 0 0
"187" 187 0.0993377483444 36 28 21 18 8 5 4 1 1 0 0 0 0 0 0 0 0 0 0 0
"188" 188 0.564102564103 37 29 10 8 8 7 5 4 4 4 2 2 1 1 0 0 0 0 0 0
"189" 189 0.00574712643678 80 24 12 4 2 0 0 0 0 0 0 0 0 0 0 0 0 0 0 0
"190" 190 0.389937106918 105 8 4 2 2 1 0 0 0 0 0 0 0 0 0 0 0 0 0 0
"191" 191 0.0602836879433 121 1 0 0 0 0 0 0 0 0 0 0 0 0 0 0 0 0 0 0
"192" 192 0.0 118 3 1 0 0 0 0 0 0 0 0 0 0 0 0 0 0 0 0 0
"193" 193 0.313901345291 49 30 19 6 5 5 3 3 1 1 0 0 0 0 0 0 0 0 0 0
"194" 194 0.26582278481 117 2 1 1 1 0 0 0 0 0 0 0 0 0 0 0 0 0 0 0
"195" 195 0.0 108 7 3 2 1 1 0 0 0 0 0 0 0 0 0 0 0 0 0 0
"196" 196 0.00418410041841 98 24 0 0 0 0 0 0 0 0 0 0 0 0 0 0 0 0 0 0
"197" 197 0.544303797468 37 36 18 13 6 5 3 2 1 1 0 0 0 0 0 0 0 0 0 0
"198" 198 0.201923076923 46 28 20 11 5 4 2 2 2 1 1 0 0 0 0 0 0 0 0 0
"199" 199 0.0 122 0 0 0 0 0 0 0 0 0 0 0 0 0 0 0 0 0 0 0
"200" 200 0.0746268656716 115 7 0 0 0 0 0 0 0 0 0 0 0 0 0 0 0 0 0 0
"201" 201 0.346153846154 117 2 1 1 1 0 0 0 0 0 0 0 0 0 0 0 0 0 0 0
"202" 202 0.803571428571 32 30 16 13 12 5 4 3 3 2 1 1 0 0 0 0 0 0 0 0
"203" 203 0.152482269504 117 2 1 1 1 0 0 0 0 0 0 0 0 0 0 0 0 0 0 0
"204" 204 0.544642857143 31 24 16 14 10 5 3 3 3 3 2 2 2 2 1 1 0 0 0 0
"205" 205 0.410852713178 37 24 19 13 8 5 5 3 2 2 2 1 1 0 0 0 0 0 0 0
"206" 206 0.110266159696 84 24 14 0 0 0 0 0 0 0 0 0 0 0 0 0 0 0 0 0
"207" 207 0.0 122 0 0 0 0 0 0 0 0 0 0 0 0 0 0 0 0 0 0 0
"208" 208 0.0 86 20 14 2 0 0 0 0 0 0 0 0 0 0 0 0 0 0 0 0
"209" 209 0.0696202531646 50 33 26 9 2 1 1 0 0 0 0 0 0 0 0 0 0 0 0 0
"210" 210 0.293532338308 51 19 18 8 7 5 3 3 2 2 2 1 1 0 0 0 0 0 0 0
"211" 211 0.124378109453 118 2 1 1 0 0 0 0 0 0 0 0 0 0 0 0 0 0 0 0
"212" 212 0.00507614213198 52 30 22 17 1 0 0 0 0 0 0 0 0 0 0 0 0 0 0 0
"213" 213 0.42194092827 51 16 15 11 7 6 5 3 2 2 1 1 1 1 0 0 0 0 0 0
"214" 214 0.738461538462 21 19 15 12 11 10 8 7 5 4 4 2 1 1 0 0 0 0 0 0
"215" 215 0.182741116751 20 11 10 9 4 3 2 2 2 1 1 1 1 1 0 0 0 0 0 0
"216" 216 0.777372262774 18 15 13 10 9 8 8 7 5 5 5 4 3 2 1 1 1 0 0 0
"217" 217 0.143540669856 20 17 11 9 9 7 7 6 5 4 3 1 1 1 1 1 0 0 0 0
"218" 218 0.402298850575 15 14 8 8 6 4 4 4 3 3 3 2 2 1 1 1 0 0 0 0
"219" 219 0.576923076923 31 20 12 6 6 5 5 4 2 1 1 1 0 0 0 0 0 0 0 0
"220" 220 0.699481865285 45 6 6 5 5 4 4 3 2 2 2 2 1 1 1 0 0 0 0 0
"221" 221 0.238341968912 20 14 13 10 9 8 8 5 3 3 2 2 1 1 1 1 0 0 0 0
"222" 222 0.310218978102 14 8 8 7 7 4 3 3 2 2 2 1 1 0 0 0 0 0 0 0
"223" 223 0.010152284264 50 7 6 6 3 1 0 0 0 0 0 0 0 0 0 0 0 0 0 0
"224" 224 0.0248756218905 114 4 3 1 0 0 0 0 0 0 0 0 0 0 0 0 0 0 0 0
"225" 225 0.00507614213198 66 55 1 0 0 0 0 0 0 0 0 0 0 0 0 0 0 0 0 0
"226" 226 0.0143540669856 107 12 2 1 0 0 0 0 0 0 0 0 0 0 0 0 0 0 0 0
"227" 227 0.00574712643678 96 17 6 1 1 1 0 0 0 0 0 0 0 0 0 0 0 0 0 0
"228" 228 0.0 122 0 0 0 0 0 0 0 0 0 0 0 0 0 0 0 0 0 0 0
"229" 229 0.295336787565 36 23 19 13 13 7 6 3 1 1 0 0 0 0 0 0 0 0 0 0
"230" 230 0.41059602649 58 13 12 12 11 4 4 4 2 2 0 0 0 0 0 0 0 0 0 0
"231" 231 0.0310880829016 122 0 0 0 0 0 0 0 0 0 0 0 0 0 0 0 0 0 0 0
"232" 232 0.566037735849 36 17 14 13 13 11 8 6 2 2 0 0 0 0 0 0 0 0 0 0
"233" 233 0.255230125523 122 0 0 0 0 0 0 0 0 0 0 0 0 0 0 0 0 0 0 0
"234" 234 0.0746268656716 90 28 2 1 1 0 0 0 0 0 0 0 0 0 0 0 0 0 0 0
"235" 235 0.75 30 17 14 10 8 8 6 5 5 4 2 2 2 0 0 0 0 0 0 0
"236" 236 0.482142857143 48 16 15 9 7 6 5 4 4 3 3 1 1 0 0 0 0 0 0 0
"237" 237 0.0430622009569 101 6 4 4 3 2 2 0 0 0 0 0 0 0 0 0 0 0 0 0
"238" 238 0.0 121 1 0 0 0 0 0 0 0 0 0 0 0 0 0 0 0 0 0 0
"239" 239 0.291139240506 53 30 17 14 3 2 2 1 0 0 0 0 0 0 0 0 0 0 0 0
"240" 240 0.0062893081761 111 9 1 1 0 0 0 0 0 0 0 0 0 0 0 0 0 0 0 0
"241" 241 0.379464285714 77 14 9 8 3 3 2 2 1 1 1 1 0 0 0 0 0 0 0 0
"242" 242 0.203980099502 29 26 25 8 8 7 5 4 3 2 1 1 1 1 1 0 0 0 0 0
"243" 243 0.0149253731343 78 41 2 1 0 0 0 0 0 0 0 0 0 0 0 0 0 0 0 0
"244" 244 0.388059701493 31 22 18 12 10 10 7 4 2 1 1 1 1 0 0 0 0 0 0 0
"245" 245 0.526785714286 35 33 15 12 6 5 5 4 3 2 2 0 0 0 0 0 0 0 0 0
"246" 246 0.062015503876 103 10 3 3 1 1 1 0 0 0 0 0 0 0 0 0 0 0 0 0
"247" 247 0.0172413793103 57 44 4 4 3 3 2 1 1 1 1 0 0 0 0 0 0 0 0 0
"248" 248 0.544303797468 47 19 11 10 9 7 6 5 5 1 1 0 0 0 0 0 0 0 0 0
"249" 249 0.798449612403 30 25 15 10 6 6 5 5 5 4 3 1 1 1 1 0 0 0 0 0
"250" 250 0.191860465116 39 15 11 11 10 10 7 5 2 2 2 1 1 1 1 1 1 0 0 0
"251" 251 0.350993377483 56 20 10 7 7 5 5 4 2 2 1 1 1 0 0 0 0 0 0 0
"252" 252 0.0 6 6 5 3 2 2 1 0 0 0 0 0 0 0 0 0 0 0 0 0
"253" 253 0.340807174888 23 15 13 12 12 6 5 4 4 3 3 3 3 2 2 1 1 0 0 0
"254" 254 0.632124352332 58 13 10 8 7 5 5 5 4 3 1 0 0 0 0 0 0 0 0 0
"255" 255 0.247148288973 11 6 4 2 1 0 0 0 0 0 0 0 0 0 0 0 0 0 0 0
"256" 256 0.051724137931 51 34 18 7 6 2 2 1 1 0 0 0 0 0 0 0 0 0 0 0
"257" 257 0.236607142857 43 18 14 14 10 6 5 4 2 2 2 1 1 0 0 0 0 0 0 0
"258" 258 0.233502538071 71 16 15 9 6 5 0 0 0 0 0 0 0 0 0 0 0 0 0 0
"259" 259 0.299578059072 93 18 3 3 2 1 1 1 0 0 0 0 0 0 0 0 0 0 0 0
"260" 260 0.409282700422 46 35 13 8 6 6 3 2 2 1 0 0 0 0 0 0 0 0 0 0
"261" 261 0.166666666667 79 19 12 10 1 1 0 0 0 0 0 0 0 0 0 0 0 0 0 0
"262" 262 0.751196172249 46 35 20 6 4 2 2 2 1 1 1 1 1 0 0 0 0 0 0 0
"263" 263 0.413461538462 111 7 3 1 0 0 0 0 0 0 0 0 0 0 0 0 0 0 0 0
"264" 264 0.251046025105 112 10 0 0 0 0 0 0 0 0 0 0 0 0 0 0 0 0 0 0
"265" 265 0.424870466321 117 2 2 1 0 0 0 0 0 0 0 0 0 0 0 0 0 0 0 0
"266" 266 0.124401913876 122 0 0 0 0 0 0 0 0 0 0 0 0 0 0 0 0 0 0 0
"267" 267 0.251655629139 118 1 1 1 1 0 0 0 0 0 0 0 0 0 0 0 0 0 0 0
"268" 268 0.0760456273764 121 1 0 0 0 0 0 0 0 0 0 0 0 0 0 0 0 0 0 0
"269" 269 0.726235741445 72 48 1 1 0 0 0 0 0 0 0 0 0 0 0 0 0 0 0 0
"270" 270 0.00418410041841 116 4 1 1 0 0 0 0 0 0 0 0 0 0 0 0 0 0 0 0
"271" 271 0.0 99 14 9 0 0 0 0 0 0 0 0 0 0 0 0 0 0 0 0 0
"272" 272 0.0728476821192 63 54 2 1 1 1 0 0 0 0 0 0 0 0 0 0 0 0 0 0
"273" 273 0.395348837209 69 53 0 0 0 0 0 0 0 0 0 0 0 0 0 0 0 0 0 0
"274" 274 0.125523012552 121 1 0 0 0 0 0 0 0 0 0 0 0 0 0 0 0 0 0 0
"275" 275 0.00574712643678 66 25 15 7 4 4 1 0 0 0 0 0 0 0 0 0 0 0 0 0
"276" 276 0.333333333333 50 32 16 8 7 3 2 1 1 1 1 0 0 0 0 0 0 0 0 0
"277" 277 0.325892857143 76 32 4 2 2 2 1 1 1 1 0 0 0 0 0 0 0 0 0 0
"278" 278 0.0 120 2 0 0 0 0 0 0 0 0 0 0 0 0 0 0 0 0 0 0
"279" 279 0.0 46 41 19 12 3 1 0 0 0 0 0 0 0 0 0 0 0 0 0 0
"280" 280 0.428571428571 36 29 22 18 6 4 3 3 1 0 0 0 0 0 0 0 0 0 0 0
"281" 281 0.10460251046 55 50 11 5 1 0 0 0 0 0 0 0 0 0 0 0 0 0 0 0
"282" 282 0.0 110 11 1 0 0 0 0 0 0 0 0 0 0 0 0 0 0 0 0 0
"283" 283 0.0 108 7 1 1 1 1 1 1 0 0 0 0 0 0 0 0 0 0 0 0
"284" 284 0.503649635036 47 21 12 11 11 4 3 3 2 2 2 1 1 0 0 0 0 0 0 0
"285" 285 0.292307692308 35 29 25 11 6 4 3 1 1 1 1 1 1 0 0 0 0 0 0 0
"286" 286 0.0398009950249 110 5 3 0 0 0 0 0 0 0 0 0 0 0 0 0 0 0 0 0
"287" 287 0.596153846154 31 6 3 2 1 1 1 0 0 0 0 0 0 0 0 0 0 0 0 0
"288" 288 0.238805970149 26 3 1 1 1 0 0 0 0 0 0 0 0 0 0 0 0 0 0 0
"289" 289 0.609137055838 6 5 2 0 0 0 0 0 0 0 0 0 0 0 0 0 0 0 0 0
