"site" "RSA" "aa1" "aa2" "aa3" "aa4" "aa5" "aa6" "aa7" "aa8" "aa9" "aa10" "aa11" "aa12" "aa13" "aa14" "aa15" "aa16" "aa17" "aa18" "aa19" "aa20"
"0" 0 1.17054263566 130 89 64 53 31 27 26 19 18 16 11 7 6 2 1 0 0 0 0 0
"1" 1 0.273722627737 499 1 0 0 0 0 0 0 0 0 0 0 0 0 0 0 0 0 0 0
"2" 2 0.395348837209 232 110 44 32 14 12 12 10 9 8 6 4 3 1 1 1 1 0 0 0
"3" 3 0.0794979079498 214 188 58 14 10 6 2 2 2 1 1 1 1 0 0 0 0 0 0 0
"4" 4 0.0 497 3 0 0 0 0 0 0 0 0 0 0 0 0 0 0 0 0 0 0
"5" 5 0.0 499 1 0 0 0 0 0 0 0 0 0 0 0 0 0 0 0 0 0 0
"6" 6 0.0 484 14 2 0 0 0 0 0 0 0 0 0 0 0 0 0 0 0 0 0
"7" 7 0.0 500 0 0 0 0 0 0 0 0 0 0 0 0 0 0 0 0 0 0 0
"8" 8 0.0205128205128 319 128 40 4 4 2 2 1 0 0 0 0 0 0 0 0 0 0 0 0
"9" 9 0.00418410041841 500 0 0 0 0 0 0 0 0 0 0 0 0 0 0 0 0 0 0 0
"10" 10 0.253164556962 426 55 16 2 1 0 0 0 0 0 0 0 0 0 0 0 0 0 0 0
"11" 11 0.805970149254 156 95 50 38 37 28 23 15 14 12 12 10 5 3 1 1 0 0 0 0
"12" 12 0.389743589744 231 59 48 40 36 27 18 16 14 7 4 0 0 0 0 0 0 0 0 0
"13" 13 0.317307692308 500 0 0 0 0 0 0 0 0 0 0 0 0 0 0 0 0 0 0 0
"14" 14 0.264900662252 466 14 7 4 3 2 1 1 1 1 0 0 0 0 0 0 0 0 0 0
"15" 15 0.540084388186 155 150 61 41 36 23 15 12 6 1 0 0 0 0 0 0 0 0 0 0
"16" 16 0.708520179372 211 77 72 23 21 18 15 11 11 8 7 6 6 5 5 2 2 0 0 0
"17" 17 0.218543046358 135 74 66 42 42 32 24 22 21 18 13 4 4 3 0 0 0 0 0 0
"18" 18 0.0 498 2 0 0 0 0 0 0 0 0 0 0 0 0 0 0 0 0 0 0
"19" 19 0.379746835443 261 76 55 17 17 15 14 14 9 7 4 4 2 2 2 1 0 0 0 0
"20" 20 0.491071428571 118 99 74 43 35 30 23 13 13 11 11 10 9 6 5 0 0 0 0 0
"21" 21 0.0304568527919 440 48 5 2 1 1 1 1 1 0 0 0 0 0 0 0 0 0 0 0
"22" 22 0.0 312 48 44 32 32 20 6 4 1 1 0 0 0 0 0 0 0 0 0 0
"23" 23 0.285714285714 139 81 76 44 32 28 25 19 17 16 10 5 3 2 2 1 0 0 0 0
"24" 24 0.222627737226 136 96 63 51 31 26 22 19 16 13 9 8 5 4 1 0 0 0 0 0
"25" 25 0.0149253731343 405 41 34 14 5 1 0 0 0 0 0 0 0 0 0 0 0 0 0 0
"26" 26 0.138461538462 500 0 0 0 0 0 0 0 0 0 0 0 0 0 0 0 0 0 0 0
"27" 27 0.645348837209 191 56 53 44 41 32 30 21 10 8 4 4 3 2 1 0 0 0 0 0
"28" 28 0.124031007752 206 65 47 39 36 28 28 19 18 4 4 2 2 1 1 0 0 0 0 0
"29" 29 0.682119205298 153 68 67 48 42 32 22 19 13 12 10 3 3 3 3 1 1 0 0 0
"30" 30 0.0862944162437 389 91 11 7 1 1 0 0 0 0 0 0 0 0 0 0 0 0 0 0
"31" 31 0.125786163522 500 0 0 0 0 0 0 0 0 0 0 0 0 0 0 0 0 0 0 0
"32" 32 0.65625 160 83 47 44 39 23 21 14 14 10 9 9 7 6 5 4 3 2 0 0
"33" 33 0.553846153846 499 1 0 0 0 0 0 0 0 0 0 0 0 0 0 0 0 0 0 0
"34" 34 0.0459770114943 498 2 0 0 0 0 0 0 0 0 0 0 0 0 0 0 0 0 0 0
"35" 35 0.241071428571 492 3 1 1 1 1 1 0 0 0 0 0 0 0 0 0 0 0 0 0
"36" 36 0.0 500 0 0 0 0 0 0 0 0 0 0 0 0 0 0 0 0 0 0 0
"37" 37 0.0 499 1 0 0 0 0 0 0 0 0 0 0 0 0 0 0 0 0 0 0
"38" 38 0.0 442 51 3 1 1 1 1 0 0 0 0 0 0 0 0 0 0 0 0 0
"39" 39 0.0 500 0 0 0 0 0 0 0 0 0 0 0 0 0 0 0 0 0 0 0
"40" 40 0.0 500 0 0 0 0 0 0 0 0 0 0 0 0 0 0 0 0 0 0 0
"41" 41 0.106918238994 500 0 0 0 0 0 0 0 0 0 0 0 0 0 0 0 0 0 0 0
"42" 42 0.356589147287 319 122 14 13 7 7 5 4 4 2 1 1 1 0 0 0 0 0 0 0
"43" 43 0.697674418605 159 67 66 41 35 29 24 21 15 15 10 8 7 1 1 1 0 0 0 0
"44" 44 0.186311787072 406 88 3 2 1 0 0 0 0 0 0 0 0 0 0 0 0 0 0 0
"45" 45 0.0547263681592 499 1 0 0 0 0 0 0 0 0 0 0 0 0 0 0 0 0 0 0
"46" 46 0.528497409326 103 98 92 78 39 20 17 14 11 9 8 5 3 1 1 1 0 0 0 0
"47" 47 0.216730038023 441 39 14 5 1 0 0 0 0 0 0 0 0 0 0 0 0 0 0 0
"48" 48 0.0 496 4 0 0 0 0 0 0 0 0 0 0 0 0 0 0 0 0 0 0
"49" 49 0.247126436782 152 117 60 52 38 14 13 12 12 11 10 3 3 3 0 0 0 0 0 0
"50" 50 0.53642384106 84 71 64 39 37 32 27 25 24 23 21 18 15 9 7 3 1 0 0 0
"51" 51 0.0796019900498 409 28 14 13 12 6 4 4 2 2 2 2 1 1 0 0 0 0 0 0
"52" 52 0.155172413793 416 35 18 12 9 7 3 0 0 0 0 0 0 0 0 0 0 0 0 0
"53" 53 0.53164556962 188 105 56 50 29 18 10 8 7 6 6 5 4 3 3 1 1 0 0 0
"54" 54 0.189873417722 123 72 51 46 45 37 31 24 22 18 15 4 3 3 2 2 2 0 0 0
"55" 55 0.77358490566 106 102 72 53 40 34 22 16 14 13 12 8 5 1 1 1 0 0 0 0
"56" 56 0.152466367713 387 51 35 12 5 4 3 2 1 0 0 0 0 0 0 0 0 0 0 0
"57" 57 0.0632183908046 269 94 55 35 17 14 10 3 1 1 1 0 0 0 0 0 0 0 0 0
"58" 58 0.186046511628 121 72 70 43 35 29 23 23 20 16 15 13 12 8 0 0 0 0 0 0
"59" 59 0.0287356321839 482 9 6 3 0 0 0 0 0 0 0 0 0 0 0 0 0 0 0 0
"60" 60 0.0 500 0 0 0 0 0 0 0 0 0 0 0 0 0 0 0 0 0 0 0
"61" 61 0.015503875969 464 22 14 0 0 0 0 0 0 0 0 0 0 0 0 0 0 0 0 0
"62" 62 0.206278026906 267 96 52 31 27 7 7 6 5 1 1 0 0 0 0 0 0 0 0 0
"63" 63 0.0666666666667 444 36 7 4 3 2 1 1 1 1 0 0 0 0 0 0 0 0 0 0
"64" 64 0.015503875969 455 43 2 0 0 0 0 0 0 0 0 0 0 0 0 0 0 0 0 0
"65" 65 0.197718631179 174 164 78 62 10 5 2 2 2 1 0 0 0 0 0 0 0 0 0 0
"66" 66 0.134328358209 159 89 64 54 36 22 18 16 15 8 7 6 5 1 0 0 0 0 0 0
"67" 67 0.459915611814 254 114 34 20 19 16 8 8 7 6 5 4 3 2 0 0 0 0 0 0
"68" 68 0.147286821705 239 128 50 31 28 12 7 2 2 1 0 0 0 0 0 0 0 0 0 0
"69" 69 0.596026490066 135 107 46 42 25 25 24 23 19 16 14 12 7 3 1 1 0 0 0 0
"70" 70 0.605769230769 500 0 0 0 0 0 0 0 0 0 0 0 0 0 0 0 0 0 0 0
"71" 71 0.736434108527 159 125 58 31 31 24 15 14 11 10 6 4 4 4 2 1 1 0 0 0
"72" 72 0.322175732218 262 226 11 1 0 0 0 0 0 0 0 0 0 0 0 0 0 0 0 0
"73" 73 0.895348837209 102 92 68 61 43 26 25 18 18 11 8 7 6 5 3 3 2 2 0 0
"74" 74 0.673076923077 500 0 0 0 0 0 0 0 0 0 0 0 0 0 0 0 0 0 0 0
"75" 75 0.330357142857 210 98 59 29 23 22 11 11 9 7 5 5 4 4 2 1 0 0 0 0
"76" 76 0.297435897436 85 85 67 59 55 47 28 22 16 11 8 5 4 3 2 1 1 1 0 0
"77" 77 0.0529801324503 266 122 86 17 5 4 0 0 0 0 0 0 0 0 0 0 0 0 0 0
"78" 78 0.0 237 154 65 44 0 0 0 0 0 0 0 0 0 0 0 0 0 0 0 0
"79" 79 0.331606217617 74 65 57 51 46 44 37 24 19 16 15 12 12 12 8 6 1 1 0 0
"80" 80 0.511210762332 113 104 75 53 29 25 19 17 16 16 12 8 8 2 2 1 0 0 0 0
"81" 81 0.0152284263959 437 50 6 6 1 0 0 0 0 0 0 0 0 0 0 0 0 0 0 0
"82" 82 0.405063291139 227 100 55 50 18 11 10 7 6 6 4 2 2 1 1 0 0 0 0 0
"83" 83 0.689119170984 181 101 66 46 29 18 17 14 10 9 5 2 1 1 0 0 0 0 0 0
"84" 84 0.195402298851 94 93 81 60 56 34 22 14 11 11 9 6 2 2 2 2 1 0 0 0
"85" 85 0.211538461538 500 0 0 0 0 0 0 0 0 0 0 0 0 0 0 0 0 0 0 0
"86" 86 0.0077519379845 492 5 3 0 0 0 0 0 0 0 0 0 0 0 0 0 0 0 0 0
"87" 87 0.455696202532 247 102 42 20 19 19 18 12 5 4 4 3 3 2 0 0 0 0 0 0
"88" 88 0.0780141843972 404 90 6 0 0 0 0 0 0 0 0 0 0 0 0 0 0 0 0 0
"89" 89 0.00574712643678 480 19 1 0 0 0 0 0 0 0 0 0 0 0 0 0 0 0 0 0
"90" 90 0.010152284264 464 36 0 0 0 0 0 0 0 0 0 0 0 0 0 0 0 0 0 0
"91" 91 0.00995024875622 490 10 0 0 0 0 0 0 0 0 0 0 0 0 0 0 0 0 0 0
"92" 92 0.0 500 0 0 0 0 0 0 0 0 0 0 0 0 0 0 0 0 0 0 0
"93" 93 0.0526315789474 496 3 1 0 0 0 0 0 0 0 0 0 0 0 0 0 0 0 0 0
"94" 94 0.158940397351 196 111 70 39 35 14 13 9 7 3 2 1 0 0 0 0 0 0 0 0
"95" 95 0.303571428571 167 114 74 60 18 17 17 12 6 6 5 2 1 1 0 0 0 0 0 0
"96" 96 0.21897810219 196 93 71 55 29 23 8 7 6 4 4 2 2 0 0 0 0 0 0 0
"97" 97 0.14598540146 498 1 1 0 0 0 0 0 0 0 0 0 0 0 0 0 0 0 0 0
"98" 98 0.470198675497 105 86 54 45 44 40 38 34 22 9 8 6 4 2 1 1 1 0 0 0
"99" 99 0.642585551331 84 77 60 55 47 41 31 26 19 13 10 10 7 6 6 6 2 0 0 0
"100" 100 0.485355648536 256 57 42 38 29 22 16 11 11 9 5 2 1 1 0 0 0 0 0 0
"101" 101 0.736842105263 366 107 11 6 5 3 1 1 0 0 0 0 0 0 0 0 0 0 0 0
"102" 102 0.0625 455 28 9 2 2 2 1 1 0 0 0 0 0 0 0 0 0 0 0 0
"103" 103 0.476683937824 373 56 27 23 13 2 1 1 1 1 1 1 0 0 0 0 0 0 0 0
"104" 104 0.165803108808 451 48 1 0 0 0 0 0 0 0 0 0 0 0 0 0 0 0 0 0
"105" 105 0.409282700422 85 65 53 50 44 34 34 31 28 24 21 11 5 5 4 3 2 1 0 0
"106" 106 0.217573221757 204 73 54 38 27 24 21 13 12 12 7 6 5 2 1 1 0 0 0 0
"107" 107 0.00507614213198 193 192 43 37 21 8 5 1 0 0 0 0 0 0 0 0 0 0 0 0
"108" 108 0.0 489 8 3 0 0 0 0 0 0 0 0 0 0 0 0 0 0 0 0 0
"109" 109 0.243523316062 104 98 56 42 42 32 32 21 17 17 15 12 11 1 0 0 0 0 0 0
"110" 110 0.0126582278481 483 6 4 3 2 1 1 0 0 0 0 0 0 0 0 0 0 0 0 0
"111" 111 0.0 296 154 47 2 1 0 0 0 0 0 0 0 0 0 0 0 0 0 0 0
"112" 112 0.476793248945 255 63 44 28 20 20 19 17 17 9 7 1 0 0 0 0 0 0 0 0
"113" 113 0.205020920502 499 1 0 0 0 0 0 0 0 0 0 0 0 0 0 0 0 0 0 0
"114" 114 0.0232558139535 472 15 9 4 0 0 0 0 0 0 0 0 0 0 0 0 0 0 0 0
"115" 115 0.203980099502 485 5 5 4 1 0 0 0 0 0 0 0 0 0 0 0 0 0 0 0
"116" 116 0.538461538462 196 93 64 48 35 19 16 11 7 6 2 1 1 1 0 0 0 0 0 0
"117" 117 0.255605381166 253 105 49 43 28 13 7 1 1 0 0 0 0 0 0 0 0 0 0 0
"118" 118 0.615384615385 500 0 0 0 0 0 0 0 0 0 0 0 0 0 0 0 0 0 0 0
"119" 119 0.0172413793103 429 44 15 10 1 1 0 0 0 0 0 0 0 0 0 0 0 0 0 0
"120" 120 0.0769230769231 500 0 0 0 0 0 0 0 0 0 0 0 0 0 0 0 0 0 0 0
"121" 121 0.0 500 0 0 0 0 0 0 0 0 0 0 0 0 0 0 0 0 0 0 0
"122" 122 0.0 492 8 0 0 0 0 0 0 0 0 0 0 0 0 0 0 0 0 0 0
"123" 123 0.00497512437811 499 1 0 0 0 0 0 0 0 0 0 0 0 0 0 0 0 0 0 0
"124" 124 0.0 500 0 0 0 0 0 0 0 0 0 0 0 0 0 0 0 0 0 0 0
"125" 125 0.010152284264 483 17 0 0 0 0 0 0 0 0 0 0 0 0 0 0 0 0 0 0
"126" 126 0.0961538461538 500 0 0 0 0 0 0 0 0 0 0 0 0 0 0 0 0 0 0 0
"127" 127 0.00446428571429 381 56 52 6 4 1 0 0 0 0 0 0 0 0 0 0 0 0 0 0
"128" 128 0.209302325581 223 214 28 7 6 5 5 3 3 2 1 1 1 1 0 0 0 0 0 0
"129" 129 0.18407960199 370 72 19 7 6 6 5 5 3 2 2 1 1 1 0 0 0 0 0 0
"130" 130 0.571428571429 115 70 66 57 41 29 24 22 19 18 15 8 7 4 3 1 1 0 0 0
"131" 131 0.285714285714 388 59 19 16 11 3 3 1 0 0 0 0 0 0 0 0 0 0 0 0
"132" 132 0.26582278481 303 126 47 23 1 0 0 0 0 0 0 0 0 0 0 0 0 0 0 0
"133" 133 0.679324894515 268 65 34 30 27 24 20 14 9 6 3 0 0 0 0 0 0 0 0 0
"134" 134 0.511627906977 157 112 81 45 30 20 16 7 6 6 6 5 3 3 3 0 0 0 0 0
"135" 135 0.5 423 48 8 5 5 5 4 1 1 0 0 0 0 0 0 0 0 0 0 0
"136" 136 0.438818565401 216 92 89 26 24 24 15 7 3 2 2 0 0 0 0 0 0 0 0 0
"137" 137 0.145348837209 137 76 60 57 41 35 25 20 17 15 15 2 0 0 0 0 0 0 0 0
"138" 138 0.353233830846 421 16 15 10 7 6 5 5 3 2 2 2 2 2 1 1 0 0 0 0
"139" 139 0.440414507772 118 88 52 47 34 27 24 21 21 14 14 13 9 8 3 3 2 2 0 0
"140" 140 0.0344827586207 249 80 50 33 22 20 16 11 8 4 3 2 1 1 0 0 0 0 0 0
"141" 141 0.0229885057471 384 43 37 27 9 0 0 0 0 0 0 0 0 0 0 0 0 0 0 0
"142" 142 0.348214285714 426 26 14 11 7 6 5 4 1 0 0 0 0 0 0 0 0 0 0 0
"143" 143 0.408759124088 105 70 49 49 48 46 36 28 23 15 8 7 6 5 3 2 0 0 0 0
"144" 144 0.0403587443946 459 35 4 2 0 0 0 0 0 0 0 0 0 0 0 0 0 0 0 0
"145" 145 0.0 500 0 0 0 0 0 0 0 0 0 0 0 0 0 0 0 0 0 0 0
"146" 146 0.205128205128 99 80 77 73 59 33 16 14 14 10 10 6 3 3 2 1 0 0 0 0
"147" 147 0.15503875969 332 71 29 16 16 10 6 6 5 4 4 1 0 0 0 0 0 0 0 0
"148" 148 0.0172413793103 492 4 4 0 0 0 0 0 0 0 0 0 0 0 0 0 0 0 0 0
"149" 149 0.119402985075 440 34 14 5 2 2 1 1 1 0 0 0 0 0 0 0 0 0 0 0
"150" 150 0.602678571429 132 65 57 55 39 38 25 24 20 12 11 8 6 4 4 0 0 0 0 0
"151" 151 0.321428571429 266 141 45 13 8 7 7 4 4 3 1 1 0 0 0 0 0 0 0 0
"152" 152 0.0574712643678 495 4 1 0 0 0 0 0 0 0 0 0 0 0 0 0 0 0 0 0
"153" 153 0.831223628692 192 69 51 46 39 27 26 18 9 8 6 3 2 2 1 1 0 0 0 0
"154" 154 0.538860103627 219 80 48 39 28 16 14 13 13 11 9 8 2 0 0 0 0 0 0 0
"155" 155 0.0425531914894 500 0 0 0 0 0 0 0 0 0 0 0 0 0 0 0 0 0 0 0
"156" 156 0.575581395349 133 59 58 50 38 28 24 24 23 13 12 10 9 6 5 4 3 1 0 0
"157" 157 0.523076923077 163 98 61 48 26 25 17 12 11 10 9 8 8 3 1 0 0 0 0 0
"158" 158 0.0172413793103 488 12 0 0 0 0 0 0 0 0 0 0 0 0 0 0 0 0 0 0
"159" 159 0.0 486 6 5 2 1 0 0 0 0 0 0 0 0 0 0 0 0 0 0 0
"160" 160 0.0 500 0 0 0 0 0 0 0 0 0 0 0 0 0 0 0 0 0 0 0
"161" 161 0.0 485 15 0 0 0 0 0 0 0 0 0 0 0 0 0 0 0 0 0 0
"162" 162 0.00760456273764 485 11 4 0 0 0 0 0 0 0 0 0 0 0 0 0 0 0 0 0
"163" 163 0.0669642857143 226 127 126 8 8 3 2 0 0 0 0 0 0 0 0 0 0 0 0 0
"164" 164 0.0062893081761 500 0 0 0 0 0 0 0 0 0 0 0 0 0 0 0 0 0 0 0
"165" 165 0.241379310345 128 68 64 59 43 40 25 23 16 10 8 5 4 3 2 1 1 0 0 0
"166" 166 0.031914893617 500 0 0 0 0 0 0 0 0 0 0 0 0 0 0 0 0 0 0 0
"167" 167 0.131782945736 492 6 2 0 0 0 0 0 0 0 0 0 0 0 0 0 0 0 0 0
"168" 168 0.46192893401 230 189 33 24 5 5 5 3 2 2 1 1 0 0 0 0 0 0 0 0
"169" 169 0.865384615385 500 0 0 0 0 0 0 0 0 0 0 0 0 0 0 0 0 0 0 0
"170" 170 0.302325581395 484 14 2 0 0 0 0 0 0 0 0 0 0 0 0 0 0 0 0 0
"171" 171 0.75 500 0 0 0 0 0 0 0 0 0 0 0 0 0 0 0 0 0 0 0
"172" 172 0.442786069652 337 72 29 20 16 9 5 5 4 1 1 1 0 0 0 0 0 0 0 0
"173" 173 0.627906976744 112 101 40 34 30 28 27 23 21 19 17 15 15 8 3 3 2 2 0 0
"174" 174 0.193798449612 324 120 54 1 1 0 0 0 0 0 0 0 0 0 0 0 0 0 0 0
"175" 175 0.296511627907 125 89 86 74 38 29 12 11 9 9 6 3 3 3 2 1 0 0 0 0
"176" 176 0.100628930818 497 3 0 0 0 0 0 0 0 0 0 0 0 0 0 0 0 0 0 0
"177" 177 0.517857142857 303 78 28 18 12 12 11 9 8 7 4 3 3 2 1 1 0 0 0 0
"178" 178 0.243523316062 265 45 44 39 21 18 15 11 11 11 7 5 3 2 2 1 0 0 0 0
"179" 179 0.0077519379845 490 10 0 0 0 0 0 0 0 0 0 0 0 0 0 0 0 0 0 0
"180" 180 0.192825112108 183 118 54 41 31 31 12 8 6 5 4 4 3 0 0 0 0 0 0 0
"181" 181 0.502590673575 95 77 54 43 41 38 37 23 22 18 15 11 9 6 4 3 2 2 0 0
"182" 182 0.0659898477157 385 62 24 17 4 3 2 1 1 1 0 0 0 0 0 0 0 0 0 0
"183" 183 0.0 499 1 0 0 0 0 0 0 0 0 0 0 0 0 0 0 0 0 0 0
"184" 184 0.271317829457 134 120 83 57 33 22 15 13 11 4 4 2 1 1 0 0 0 0 0 0
"185" 185 0.291390728477 343 26 22 22 20 17 14 14 8 7 6 1 0 0 0 0 0 0 0 0
"186" 186 0.00507614213198 493 6 1 0 0 0 0 0 0 0 0 0 0 0 0 0 0 0 0 0
"187" 187 0.0693430656934 500 0 0 0 0 0 0 0 0 0 0 0 0 0 0 0 0 0 0 0
"188" 188 0.675105485232 74 70 62 51 50 45 40 28 27 12 9 9 7 6 4 3 3 0 0 0
"189" 189 0.117154811715 438 61 1 0 0 0 0 0 0 0 0 0 0 0 0 0 0 0 0 0
"190" 190 0.0 500 0 0 0 0 0 0 0 0 0 0 0 0 0 0 0 0 0 0 0
"191" 191 0.232558139535 472 21 7 0 0 0 0 0 0 0 0 0 0 0 0 0 0 0 0 0
"192" 192 0.549668874172 86 68 63 56 52 44 42 29 18 17 15 5 3 1 1 0 0 0 0 0
"193" 193 0.46835443038 251 127 62 33 14 11 1 1 0 0 0 0 0 0 0 0 0 0 0 0
"194" 194 0.208955223881 499 1 0 0 0 0 0 0 0 0 0 0 0 0 0 0 0 0 0 0
"195" 195 0.278846153846 500 0 0 0 0 0 0 0 0 0 0 0 0 0 0 0 0 0 0 0
"196" 196 0.60621761658 140 92 76 55 23 21 20 17 13 13 9 7 3 3 3 3 2 0 0 0
"197" 197 0.535864978903 189 80 51 36 29 26 19 16 15 13 6 5 4 3 2 2 2 2 0 0
"198" 198 0.31007751938 118 109 69 61 48 35 24 10 8 5 4 3 3 2 1 0 0 0 0 0
"199" 199 0.0077519379845 484 10 6 0 0 0 0 0 0 0 0 0 0 0 0 0 0 0 0 0
"200" 200 0.225165562914 140 131 102 40 36 31 7 6 2 2 1 1 1 0 0 0 0 0 0 0
"201" 201 0.540178571429 154 113 46 42 39 25 24 22 11 9 8 3 3 1 0 0 0 0 0 0
"202" 202 0.0398009950249 487 11 2 0 0 0 0 0 0 0 0 0 0 0 0 0 0 0 0 0
"203" 203 0.105839416058 490 9 1 0 0 0 0 0 0 0 0 0 0 0 0 0 0 0 0 0
"204" 204 0.0 488 12 0 0 0 0 0 0 0 0 0 0 0 0 0 0 0 0 0 0
"205" 205 0.0 500 0 0 0 0 0 0 0 0 0 0 0 0 0 0 0 0 0 0 0
"206" 206 0.0342205323194 253 247 0 0 0 0 0 0 0 0 0 0 0 0 0 0 0 0 0 0
"207" 207 0.125 500 0 0 0 0 0 0 0 0 0 0 0 0 0 0 0 0 0 0 0
"208" 208 0.0865384615385 500 0 0 0 0 0 0 0 0 0 0 0 0 0 0 0 0 0 0 0
"209" 209 0.549668874172 146 113 81 23 23 22 19 19 15 14 9 8 3 3 1 1 0 0 0 0
"210" 210 0.046511627907 464 36 0 0 0 0 0 0 0 0 0 0 0 0 0 0 0 0 0 0
"211" 211 0.241025641026 367 78 24 9 6 5 4 3 2 1 1 0 0 0 0 0 0 0 0 0
"212" 212 0.201923076923 494 3 2 1 0 0 0 0 0 0 0 0 0 0 0 0 0 0 0 0
"213" 213 0.708609271523 175 101 58 42 26 25 18 14 12 11 9 6 2 1 0 0 0 0 0 0
"214" 214 0.2 349 46 27 26 14 11 11 7 7 1 1 0 0 0 0 0 0 0 0 0
"215" 215 0.0077519379845 496 4 0 0 0 0 0 0 0 0 0 0 0 0 0 0 0 0 0 0
"216" 216 0.379310344828 124 107 65 42 37 31 22 20 13 11 9 7 4 3 2 2 1 0 0 0
"217" 217 0.354651162791 131 107 97 45 30 17 17 15 14 13 6 6 1 1 0 0 0 0 0 0
"218" 218 0.0167364016736 500 0 0 0 0 0 0 0 0 0 0 0 0 0 0 0 0 0 0 0
"219" 219 0.345991561181 304 89 80 25 1 1 0 0 0 0 0 0 0 0 0 0 0 0 0 0
"220" 220 0.699481865285 253 57 41 23 21 18 17 12 12 8 7 7 7 6 6 4 1 0 0 0
"221" 221 0.160337552743 373 62 39 11 11 2 1 1 0 0 0 0 0 0 0 0 0 0 0 0
"222" 222 0.573643410853 158 80 60 39 36 36 26 17 16 13 12 3 1 1 1 1 0 0 0 0
"223" 223 0.145077720207 372 123 5 0 0 0 0 0 0 0 0 0 0 0 0 0 0 0 0 0
"224" 224 0.00574712643678 500 0 0 0 0 0 0 0 0 0 0 0 0 0 0 0 0 0 0 0
"225" 225 0.0414507772021 500 0 0 0 0 0 0 0 0 0 0 0 0 0 0 0 0 0 0 0
"226" 226 0.0 500 0 0 0 0 0 0 0 0 0 0 0 0 0 0 0 0 0 0 0
"227" 227 0.0 500 0 0 0 0 0 0 0 0 0 0 0 0 0 0 0 0 0 0 0
"228" 228 0.0398009950249 497 3 0 0 0 0 0 0 0 0 0 0 0 0 0 0 0 0 0 0
"229" 229 0.0114942528736 500 0 0 0 0 0 0 0 0 0 0 0 0 0 0 0 0 0 0 0
"230" 230 0.173076923077 359 130 6 2 2 1 0 0 0 0 0 0 0 0 0 0 0 0 0 0
"231" 231 0.5 286 104 21 17 16 14 10 9 7 6 2 2 2 2 1 1 0 0 0 0
"232" 232 0.0697674418605 472 18 9 1 0 0 0 0 0 0 0 0 0 0 0 0 0 0 0 0
"233" 233 0.0 382 118 0 0 0 0 0 0 0 0 0 0 0 0 0 0 0 0 0 0
"234" 234 0.243781094527 209 132 113 37 5 2 1 1 0 0 0 0 0 0 0 0 0 0 0 0
"235" 235 0.434599156118 266 119 52 46 5 5 4 1 1 1 0 0 0 0 0 0 0 0 0 0
"236" 236 0.48427672956 403 24 14 14 13 8 4 4 4 3 2 2 2 2 1 0 0 0 0 0
"237" 237 0.191964285714 408 28 21 10 7 7 6 6 4 2 1 0 0 0 0 0 0 0 0 0
"238" 238 0.0167364016736 497 3 0 0 0 0 0 0 0 0 0 0 0 0 0 0 0 0 0 0
"239" 239 0.149425287356 267 70 56 43 23 14 12 4 3 3 3 2 0 0 0 0 0 0 0 0
"240" 240 0.492227979275 101 75 71 64 51 42 38 25 12 5 4 3 3 3 2 1 0 0 0 0
"241" 241 0.0 492 8 0 0 0 0 0 0 0 0 0 0 0 0 0 0 0 0 0 0
"242" 242 0.00507614213198 498 2 0 0 0 0 0 0 0 0 0 0 0 0 0 0 0 0 0 0
"243" 243 0.235897435897 447 33 10 4 3 2 1 0 0 0 0 0 0 0 0 0 0 0 0 0
"244" 244 0.0927152317881 256 244 0 0 0 0 0 0 0 0 0 0 0 0 0 0 0 0 0 0
"245" 245 0.273722627737 101 91 86 84 42 24 21 12 8 8 6 5 4 4 3 1 0 0 0 0
"246" 246 0.907692307692 82 68 60 50 45 42 25 25 23 22 21 12 11 9 4 1 0 0 0 0
