"site" "RSA" "aa1" "aa2" "aa3" "aa4" "aa5" "aa6" "aa7" "aa8" "aa9" "aa10" "aa11" "aa12" "aa13" "aa14" "aa15" "aa16" "aa17" "aa18" "aa19" "aa20"
"0" 0 0.671794871795 13 11 7 4 4 3 2 0 0 0 0 0 0 0 0 0 0 0 0 0
"1" 1 0.154228855721 42 29 15 9 2 1 1 0 0 0 0 0 0 0 0 0 0 0 0 0
"2" 2 0.223628691983 77 9 8 3 3 2 2 1 1 1 1 0 0 0 0 0 0 0 0 0
"3" 3 0.0 53 38 25 0 0 0 0 0 0 0 0 0 0 0 0 0 0 0 0 0
"4" 4 0.00418410041841 91 12 8 3 2 0 0 0 0 0 0 0 0 0 0 0 0 0 0 0
"5" 5 0.12582781457 59 27 22 6 2 0 0 0 0 0 0 0 0 0 0 0 0 0 0 0
"6" 6 0.0149253731343 89 21 4 1 1 0 0 0 0 0 0 0 0 0 0 0 0 0 0 0
"7" 7 0.435897435897 84 16 13 2 1 1 0 0 0 0 0 0 0 0 0 0 0 0 0 0
"8" 8 0.0529801324503 56 56 4 1 0 0 0 0 0 0 0 0 0 0 0 0 0 0 0 0
"9" 9 0.0358974358974 96 10 6 2 1 1 1 0 0 0 0 0 0 0 0 0 0 0 0 0
"10" 10 0.283018867925 55 30 9 6 4 4 3 2 2 1 1 0 0 0 0 0 0 0 0 0
"11" 11 0.473214285714 29 26 18 8 7 5 5 4 3 3 3 2 1 1 1 1 0 0 0 0
"12" 12 0.0 101 9 4 3 0 0 0 0 0 0 0 0 0 0 0 0 0 0 0 0
"13" 13 0.0 95 13 6 2 1 0 0 0 0 0 0 0 0 0 0 0 0 0 0 0
"14" 14 0.316455696203 41 24 21 8 4 3 3 3 3 2 1 1 1 1 1 0 0 0 0 0
"15" 15 0.272321428571 36 34 17 8 6 6 4 2 2 2 0 0 0 0 0 0 0 0 0 0
"16" 16 0.0 87 27 3 0 0 0 0 0 0 0 0 0 0 0 0 0 0 0 0 0
"17" 17 0.0 71 17 13 11 3 2 0 0 0 0 0 0 0 0 0 0 0 0 0 0
"18" 18 0.512953367876 25 23 16 14 12 7 7 5 4 3 1 0 0 0 0 0 0 0 0 0
"19" 19 0.431472081218 39 17 13 12 10 6 4 3 3 2 2 2 1 1 1 1 0 0 0 0
"20" 20 0.195402298851 77 15 11 7 3 2 1 1 0 0 0 0 0 0 0 0 0 0 0 0
"21" 21 0.538461538462 64 13 8 8 5 5 5 3 3 1 1 1 0 0 0 0 0 0 0 0
"22" 22 0.281609195402 31 28 20 12 12 4 4 2 1 1 1 1 0 0 0 0 0 0 0 0
"23" 23 0.739910313901 62 14 7 7 6 5 4 3 3 3 2 1 0 0 0 0 0 0 0 0
"24" 24 0.228855721393 89 9 6 6 3 2 1 1 0 0 0 0 0 0 0 0 0 0 0 0
"25" 25 0.144230769231 78 14 10 8 3 2 1 1 0 0 0 0 0 0 0 0 0 0 0 0
"26" 26 0.451476793249 44 23 13 8 7 7 4 4 3 2 1 1 0 0 0 0 0 0 0 0
"27" 27 0.208860759494 62 16 11 10 6 5 4 2 1 0 0 0 0 0 0 0 0 0 0 0
"28" 28 0.205298013245 23 18 16 9 8 8 7 6 4 4 4 2 2 2 2 1 1 0 0 0
"29" 29 0.17816091954 86 18 6 3 2 1 1 0 0 0 0 0 0 0 0 0 0 0 0 0
"30" 30 0.43023255814 28 27 13 12 10 10 7 3 2 2 1 1 1 0 0 0 0 0 0 0
"31" 31 0.375912408759 63 15 15 10 5 3 2 1 1 1 1 0 0 0 0 0 0 0 0 0
"32" 32 0.410041841004 115 1 1 0 0 0 0 0 0 0 0 0 0 0 0 0 0 0 0 0
"33" 33 0.900662251656 81 21 7 4 3 1 0 0 0 0 0 0 0 0 0 0 0 0 0 0
"34" 34 0.544041450777 110 6 1 0 0 0 0 0 0 0 0 0 0 0 0 0 0 0 0 0
"35" 35 0.394230769231 102 5 2 2 1 1 1 1 1 1 0 0 0 0 0 0 0 0 0 0
"36" 36 0.544642857143 116 1 0 0 0 0 0 0 0 0 0 0 0 0 0 0 0 0 0 0
"37" 37 0.114942528736 71 30 8 5 3 0 0 0 0 0 0 0 0 0 0 0 0 0 0 0
"38" 38 0.421524663677 25 21 16 13 12 9 7 7 2 1 1 1 1 1 0 0 0 0 0 0
"39" 39 0.0761421319797 73 38 3 2 1 0 0 0 0 0 0 0 0 0 0 0 0 0 0 0
"40" 40 0.405128205128 42 22 20 11 6 5 3 2 2 1 1 1 1 0 0 0 0 0 0 0
"41" 41 0.167512690355 88 14 10 3 1 1 0 0 0 0 0 0 0 0 0 0 0 0 0 0
"42" 42 0.473214285714 25 17 16 11 9 8 5 4 4 4 3 3 3 2 1 1 1 0 0 0
"43" 43 0.325892857143 113 2 1 1 0 0 0 0 0 0 0 0 0 0 0 0 0 0 0 0
"44" 44 0.622516556291 51 50 10 3 1 1 1 0 0 0 0 0 0 0 0 0 0 0 0 0
"45" 45 0.0152284263959 93 22 1 1 0 0 0 0 0 0 0 0 0 0 0 0 0 0 0 0
"46" 46 0.649635036496 117 0 0 0 0 0 0 0 0 0 0 0 0 0 0 0 0 0 0 0
"47" 47 0.317307692308 108 2 2 2 1 1 1 0 0 0 0 0 0 0 0 0 0 0 0 0
"48" 48 0.0189873417722 24 17 15 12 10 8 7 6 4 3 3 2 2 1 1 1 1 0 0 0
"49" 49 0.108808290155 97 7 6 4 2 1 0 0 0 0 0 0 0 0 0 0 0 0 0 0
"50" 50 0.0 88 12 6 5 3 2 1 0 0 0 0 0 0 0 0 0 0 0 0 0
"51" 51 0.0228136882129 86 31 1 0 0 0 0 0 0 0 0 0 0 0 0 0 0 0 0 0
"52" 52 0.0 65 43 10 0 0 0 0 0 0 0 0 0 0 0 0 0 0 0 0 0
"53" 53 0.0152284263959 76 32 9 1 0 0 0 0 0 0 0 0 0 0 0 0 0 0 0 0
"54" 54 0.00448430493274 115 1 1 1 0 0 0 0 0 0 0 0 0 0 0 0 0 0 0 0
"55" 55 0.00662251655629 71 43 3 1 0 0 0 0 0 0 0 0 0 0 0 0 0 0 0 0
"56" 56 0.0 106 4 3 2 1 1 1 0 0 0 0 0 0 0 0 0 0 0 0 0
"57" 57 0.0529801324503 54 52 5 3 2 1 1 0 0 0 0 0 0 0 0 0 0 0 0 0
"58" 58 0.730569948187 33 15 14 12 10 8 5 5 4 4 2 2 1 1 1 1 0 0 0 0
"59" 59 0.364779874214 114 2 1 1 0 0 0 0 0 0 0 0 0 0 0 0 0 0 0 0
"60" 60 0.195402298851 52 27 25 5 3 3 1 0 0 0 0 0 0 0 0 0 0 0 0 0
"61" 61 0.507692307692 112 2 2 1 0 0 0 0 0 0 0 0 0 0 0 0 0 0 0 0
"62" 62 0.352678571429 78 21 6 4 3 2 1 1 1 1 0 0 0 0 0 0 0 0 0 0
"63" 63 0.0909090909091 72 34 7 2 1 1 1 0 0 0 0 0 0 0 0 0 0 0 0 0
"64" 64 0.0812182741117 96 17 2 1 1 1 0 0 0 0 0 0 0 0 0 0 0 0 0 0
"65" 65 0.435779816514 109 4 2 2 1 0 0 0 0 0 0 0 0 0 0 0 0 0 0 0
"66" 66 0.00892857142857 115 2 1 0 0 0 0 0 0 0 0 0 0 0 0 0 0 0 0 0
"67" 67 0.0 107 5 3 2 1 0 0 0 0 0 0 0 0 0 0 0 0 0 0 0
"68" 68 0.109452736318 103 6 5 2 1 1 0 0 0 0 0 0 0 0 0 0 0 0 0 0
"69" 69 0.263959390863 82 17 15 2 2 0 0 0 0 0 0 0 0 0 0 0 0 0 0 0
"70" 70 0.0 86 10 10 4 4 2 1 1 0 0 0 0 0 0 0 0 0 0 0 0
"71" 71 0.0 54 26 11 9 7 7 2 2 0 0 0 0 0 0 0 0 0 0 0 0
"72" 72 0.284974093264 114 2 1 1 0 0 0 0 0 0 0 0 0 0 0 0 0 0 0 0
"73" 73 0.193798449612 116 2 0 0 0 0 0 0 0 0 0 0 0 0 0 0 0 0 0 0
"74" 74 0.0 81 15 10 5 3 3 1 0 0 0 0 0 0 0 0 0 0 0 0 0
"75" 75 0.400843881857 69 46 2 1 0 0 0 0 0 0 0 0 0 0 0 0 0 0 0 0
"76" 76 0.624087591241 116 1 1 0 0 0 0 0 0 0 0 0 0 0 0 0 0 0 0 0
"77" 77 0.31007751938 85 31 2 0 0 0 0 0 0 0 0 0 0 0 0 0 0 0 0 0
"78" 78 0.364238410596 117 1 0 0 0 0 0 0 0 0 0 0 0 0 0 0 0 0 0 0
"79" 79 0.139534883721 111 3 2 1 1 0 0 0 0 0 0 0 0 0 0 0 0 0 0 0
"80" 80 0.590717299578 24 23 19 17 12 9 5 4 3 2 0 0 0 0 0 0 0 0 0 0
"81" 81 0.145348837209 58 21 17 5 4 4 2 2 2 1 1 1 0 0 0 0 0 0 0 0
"82" 82 0.0304568527919 105 13 0 0 0 0 0 0 0 0 0 0 0 0 0 0 0 0 0 0
"83" 83 0.0153846153846 79 33 3 2 1 0 0 0 0 0 0 0 0 0 0 0 0 0 0 0
"84" 84 0.0 81 23 7 3 1 1 1 1 0 0 0 0 0 0 0 0 0 0 0 0
"85" 85 0.00574712643678 104 10 4 0 0 0 0 0 0 0 0 0 0 0 0 0 0 0 0 0
"86" 86 0.0 69 21 15 13 0 0 0 0 0 0 0 0 0 0 0 0 0 0 0 0
"87" 87 0.0062893081761 118 0 0 0 0 0 0 0 0 0 0 0 0 0 0 0 0 0 0 0
"88" 88 0.0380228136882 113 2 1 1 1 0 0 0 0 0 0 0 0 0 0 0 0 0 0 0
"89" 89 0.0190114068441 60 57 1 0 0 0 0 0 0 0 0 0 0 0 0 0 0 0 0 0
"90" 90 0.00961538461538 108 7 1 1 1 0 0 0 0 0 0 0 0 0 0 0 0 0 0 0
"91" 91 0.300380228137 118 0 0 0 0 0 0 0 0 0 0 0 0 0 0 0 0 0 0 0
"92" 92 0.0232558139535 106 9 2 1 0 0 0 0 0 0 0 0 0 0 0 0 0 0 0 0
"93" 93 0.372262773723 118 0 0 0 0 0 0 0 0 0 0 0 0 0 0 0 0 0 0 0
"94" 94 0.233183856502 111 5 1 1 0 0 0 0 0 0 0 0 0 0 0 0 0 0 0 0
"95" 95 0.160621761658 117 1 0 0 0 0 0 0 0 0 0 0 0 0 0 0 0 0 0 0
"96" 96 0.656934306569 111 7 0 0 0 0 0 0 0 0 0 0 0 0 0 0 0 0 0 0
"97" 97 0.607594936709 94 20 2 2 0 0 0 0 0 0 0 0 0 0 0 0 0 0 0 0
"98" 98 0.880794701987 33 31 28 14 9 1 1 1 0 0 0 0 0 0 0 0 0 0 0 0
"99" 99 0.839416058394 117 1 0 0 0 0 0 0 0 0 0 0 0 0 0 0 0 0 0 0
"100" 100 0.441964285714 35 31 24 12 11 3 2 0 0 0 0 0 0 0 0 0 0 0 0 0
"101" 101 0.534591194969 107 6 5 0 0 0 0 0 0 0 0 0 0 0 0 0 0 0 0 0
"102" 102 0.319796954315 116 2 0 0 0 0 0 0 0 0 0 0 0 0 0 0 0 0 0 0
"103" 103 0.156976744186 71 43 4 0 0 0 0 0 0 0 0 0 0 0 0 0 0 0 0 0
"104" 104 0.0 112 5 1 0 0 0 0 0 0 0 0 0 0 0 0 0 0 0 0 0
"105" 105 0.316455696203 107 9 2 0 0 0 0 0 0 0 0 0 0 0 0 0 0 0 0 0
"106" 106 0.492537313433 98 16 2 1 1 0 0 0 0 0 0 0 0 0 0 0 0 0 0 0
"107" 107 0.0167364016736 98 11 2 2 2 2 1 0 0 0 0 0 0 0 0 0 0 0 0 0
"108" 108 0.0 114 3 1 0 0 0 0 0 0 0 0 0 0 0 0 0 0 0 0 0
"109" 109 0.323076923077 73 38 2 2 2 1 0 0 0 0 0 0 0 0 0 0 0 0 0 0
"110" 110 0.338308457711 74 38 2 2 1 1 0 0 0 0 0 0 0 0 0 0 0 0 0 0
"111" 111 0.0 60 51 4 1 1 1 0 0 0 0 0 0 0 0 0 0 0 0 0 0
"112" 112 0.209821428571 47 31 11 10 9 5 2 1 1 1 0 0 0 0 0 0 0 0 0 0
"113" 113 0.668604651163 27 24 12 11 11 9 8 5 5 3 1 1 1 0 0 0 0 0 0 0
"114" 114 0.108527131783 89 12 9 3 2 1 1 1 0 0 0 0 0 0 0 0 0 0 0 0
"115" 115 0.182692307692 116 1 1 0 0 0 0 0 0 0 0 0 0 0 0 0 0 0 0 0
"116" 116 0.077519379845 66 26 21 2 1 1 1 0 0 0 0 0 0 0 0 0 0 0 0 0
"117" 117 0.296511627907 63 24 15 6 4 3 1 1 1 0 0 0 0 0 0 0 0 0 0 0
"118" 118 0.222627737226 115 2 1 0 0 0 0 0 0 0 0 0 0 0 0 0 0 0 0 0
"119" 119 0.0 95 13 7 3 0 0 0 0 0 0 0 0 0 0 0 0 0 0 0 0
"120" 120 0.00507614213198 63 26 22 6 1 0 0 0 0 0 0 0 0 0 0 0 0 0 0 0
"121" 121 0.0 91 16 7 2 2 0 0 0 0 0 0 0 0 0 0 0 0 0 0 0
"122" 122 0.00497512437811 44 32 28 12 1 1 0 0 0 0 0 0 0 0 0 0 0 0 0 0
"123" 123 0.0621761658031 116 2 0 0 0 0 0 0 0 0 0 0 0 0 0 0 0 0 0 0
"124" 124 0.0248756218905 113 2 2 1 0 0 0 0 0 0 0 0 0 0 0 0 0 0 0 0
"125" 125 0.311004784689 118 0 0 0 0 0 0 0 0 0 0 0 0 0 0 0 0 0 0 0
"126" 126 0.046511627907 103 11 2 1 1 0 0 0 0 0 0 0 0 0 0 0 0 0 0 0
"127" 127 0.465408805031 41 21 18 15 9 7 5 1 1 0 0 0 0 0 0 0 0 0 0 0
"128" 128 0.587443946188 117 1 0 0 0 0 0 0 0 0 0 0 0 0 0 0 0 0 0 0
"129" 129 0.0 110 7 1 0 0 0 0 0 0 0 0 0 0 0 0 0 0 0 0 0
"130" 130 0.322869955157 117 1 0 0 0 0 0 0 0 0 0 0 0 0 0 0 0 0 0 0
"131" 131 0.567307692308 117 1 0 0 0 0 0 0 0 0 0 0 0 0 0 0 0 0 0 0
"132" 132 0.196652719665 110 8 0 0 0 0 0 0 0 0 0 0 0 0 0 0 0 0 0 0
"133" 133 0.0418410041841 118 0 0 0 0 0 0 0 0 0 0 0 0 0 0 0 0 0 0 0
"134" 134 0.777202072539 86 25 3 3 1 0 0 0 0 0 0 0 0 0 0 0 0 0 0 0
"135" 135 0.162436548223 94 16 2 2 2 2 0 0 0 0 0 0 0 0 0 0 0 0 0 0
"136" 136 0.421383647799 116 1 1 0 0 0 0 0 0 0 0 0 0 0 0 0 0 0 0 0
"137" 137 0.116751269036 90 9 6 4 4 2 1 1 1 0 0 0 0 0 0 0 0 0 0 0
"138" 138 0.238341968912 117 1 0 0 0 0 0 0 0 0 0 0 0 0 0 0 0 0 0 0
"139" 139 0.157894736842 66 46 3 1 1 1 0 0 0 0 0 0 0 0 0 0 0 0 0 0
"140" 140 0.0 90 12 12 2 1 1 0 0 0 0 0 0 0 0 0 0 0 0 0 0
"141" 141 0.298165137615 54 18 9 7 4 4 3 3 3 3 3 2 2 1 1 1 0 0 0 0
"142" 142 0.0 61 44 6 6 1 0 0 0 0 0 0 0 0 0 0 0 0 0 0 0
"143" 143 0.0632183908046 29 28 17 11 8 6 5 4 3 2 2 2 1 0 0 0 0 0 0 0
"144" 144 0.314465408805 94 8 5 2 2 2 1 1 1 1 1 0 0 0 0 0 0 0 0 0
"145" 145 0.218274111675 42 40 25 3 2 1 1 1 1 0 0 0 0 0 0 0 0 0 0 0
"146" 146 0.00497512437811 58 30 17 7 2 2 1 0 0 0 0 0 0 0 0 0 0 0 0 0
"147" 147 0.0 45 33 5 5 4 4 4 4 3 3 1 1 1 1 1 1 0 0 0 0
"148" 148 0.584821428571 31 20 12 12 8 7 6 5 5 5 3 2 1 0 0 0 0 0 0 0
"149" 149 0.148288973384 64 30 12 2 1 1 1 0 0 0 0 0 0 0 0 0 0 0 0 0
"150" 150 0.00418410041841 39 27 19 13 6 4 2 2 1 1 1 0 0 0 0 0 0 0 0 0
"151" 151 0.392857142857 34 21 13 8 7 7 4 4 3 3 3 3 2 2 1 1 0 0 0 0
"152" 152 0.490384615385 19 19 17 15 9 7 6 5 5 4 4 2 2 1 0 0 0 0 0 0
"153" 153 0.35864978903 43 15 10 7 6 6 5 5 3 3 3 3 2 2 2 1 1 0 0 0
"154" 154 0.723076923077 23 21 14 10 8 8 6 6 3 3 2 2 2 2 1 1 1 0 0 0
"155" 155 0.179104477612 39 15 11 8 7 6 6 5 5 4 3 3 3 1 1 0 0 0 0 0
"156" 156 0.65625 30 28 16 8 5 5 5 5 5 4 4 1 1 0 0 0 0 0 0 0
"157" 157 0.414507772021 50 39 10 6 4 4 1 1 1 1 1 0 0 0 0 0 0 0 0 0
"158" 158 0.116751269036 36 24 20 15 7 5 4 4 1 1 1 0 0 0 0 0 0 0 0 0
"159" 159 0.00574712643678 69 24 15 5 2 1 1 1 0 0 0 0 0 0 0 0 0 0 0 0
"160" 160 0.0 76 38 2 1 1 0 0 0 0 0 0 0 0 0 0 0 0 0 0 0
"161" 161 0.00574712643678 101 11 4 1 1 0 0 0 0 0 0 0 0 0 0 0 0 0 0 0
"162" 162 0.00662251655629 113 5 0 0 0 0 0 0 0 0 0 0 0 0 0 0 0 0 0 0
"163" 163 0.0125786163522 118 0 0 0 0 0 0 0 0 0 0 0 0 0 0 0 0 0 0 0
"164" 164 0.290155440415 110 6 1 1 0 0 0 0 0 0 0 0 0 0 0 0 0 0 0 0
"165" 165 0.521531100478 44 20 18 15 9 7 3 1 1 0 0 0 0 0 0 0 0 0 0 0
"166" 166 0.576923076923 108 8 2 0 0 0 0 0 0 0 0 0 0 0 0 0 0 0 0 0
"167" 167 0.0 109 9 0 0 0 0 0 0 0 0 0 0 0 0 0 0 0 0 0 0
"168" 168 0.304597701149 97 10 5 3 2 1 0 0 0 0 0 0 0 0 0 0 0 0 0 0
"169" 169 0.575581395349 32 23 19 16 16 3 2 2 1 1 1 1 1 0 0 0 0 0 0 0
"170" 170 0.138686131387 113 2 1 1 1 0 0 0 0 0 0 0 0 0 0 0 0 0 0 0
"171" 171 0.0077519379845 115 1 1 1 0 0 0 0 0 0 0 0 0 0 0 0 0 0 0 0
"172" 172 0.554744525547 112 2 1 1 1 1 0 0 0 0 0 0 0 0 0 0 0 0 0 0
"173" 173 0.443037974684 49 22 12 9 8 6 3 2 1 1 1 1 1 1 1 0 0 0 0 0
"174" 174 0.0 52 35 10 8 8 4 1 0 0 0 0 0 0 0 0 0 0 0 0 0
"175" 175 0.031007751938 102 9 4 2 1 0 0 0 0 0 0 0 0 0 0 0 0 0 0 0
"176" 176 0.466321243523 52 25 15 8 7 5 2 1 1 1 1 0 0 0 0 0 0 0 0 0
"177" 177 0.273722627737 53 14 9 7 6 5 5 5 4 2 2 2 2 1 1 0 0 0 0 0
"178" 178 0.124378109453 99 12 5 2 0 0 0 0 0 0 0 0 0 0 0 0 0 0 0 0
"179" 179 0.742616033755 37 30 21 13 7 7 2 1 0 0 0 0 0 0 0 0 0 0 0 0
"180" 180 0.139534883721 58 17 11 10 10 4 3 2 1 1 1 0 0 0 0 0 0 0 0 0
"181" 181 0.440251572327 47 32 11 11 6 3 3 2 1 1 1 0 0 0 0 0 0 0 0 0
"182" 182 0.365482233503 71 38 4 3 1 1 0 0 0 0 0 0 0 0 0 0 0 0 0 0
"183" 183 0.0232558139535 101 12 3 2 0 0 0 0 0 0 0 0 0 0 0 0 0 0 0 0
"184" 184 0.197969543147 104 7 4 2 1 0 0 0 0 0 0 0 0 0 0 0 0 0 0 0
"185" 185 0.00507614213198 69 39 5 2 1 1 1 0 0 0 0 0 0 0 0 0 0 0 0 0
"186" 186 0.150259067358 104 5 2 2 2 1 1 1 0 0 0 0 0 0 0 0 0 0 0 0
"187" 187 0.544303797468 112 3 1 1 1 0 0 0 0 0 0 0 0 0 0 0 0 0 0 0
"188" 188 0.810218978102 104 5 4 2 1 1 1 0 0 0 0 0 0 0 0 0 0 0 0 0
"189" 189 0.371559633028 93 8 4 3 2 2 2 1 1 1 1 0 0 0 0 0 0 0 0 0
"190" 190 0.512820512821 72 16 10 8 3 2 2 2 1 1 1 0 0 0 0 0 0 0 0 0
"191" 191 0.197969543147 66 32 20 0 0 0 0 0 0 0 0 0 0 0 0 0 0 0 0 0
"192" 192 0.419540229885 102 16 0 0 0 0 0 0 0 0 0 0 0 0 0 0 0 0 0 0
"193" 193 0.423076923077 118 0 0 0 0 0 0 0 0 0 0 0 0 0 0 0 0 0 0 0
"194" 194 0.574358974359 72 20 18 4 3 1 0 0 0 0 0 0 0 0 0 0 0 0 0 0
"195" 195 0.0406091370558 99 16 1 1 1 0 0 0 0 0 0 0 0 0 0 0 0 0 0 0
"196" 196 0.647321428571 48 28 9 6 6 6 4 4 3 1 1 1 1 0 0 0 0 0 0 0
"197" 197 0.346153846154 94 17 5 2 0 0 0 0 0 0 0 0 0 0 0 0 0 0 0 0
"198" 198 0.130801687764 76 30 3 3 3 1 1 1 0 0 0 0 0 0 0 0 0 0 0 0
"199" 199 0.0 40 19 12 10 8 6 6 6 4 4 2 1 0 0 0 0 0 0 0 0
"200" 200 0.0 49 45 23 1 0 0 0 0 0 0 0 0 0 0 0 0 0 0 0 0
"201" 201 0.0 81 27 10 0 0 0 0 0 0 0 0 0 0 0 0 0 0 0 0 0
"202" 202 0.0 59 43 12 3 1 0 0 0 0 0 0 0 0 0 0 0 0 0 0 0
"203" 203 0.00507614213198 58 39 9 8 3 1 0 0 0 0 0 0 0 0 0 0 0 0 0 0
"204" 204 0.113989637306 118 0 0 0 0 0 0 0 0 0 0 0 0 0 0 0 0 0 0 0
"205" 205 0.020725388601 118 0 0 0 0 0 0 0 0 0 0 0 0 0 0 0 0 0 0 0
"206" 206 0.0609137055838 60 46 11 1 0 0 0 0 0 0 0 0 0 0 0 0 0 0 0 0
"207" 207 0.0253807106599 65 32 7 6 5 2 1 0 0 0 0 0 0 0 0 0 0 0 0 0
"208" 208 0.227979274611 109 6 2 1 0 0 0 0 0 0 0 0 0 0 0 0 0 0 0 0
"209" 209 0.31976744186 107 11 0 0 0 0 0 0 0 0 0 0 0 0 0 0 0 0 0 0
"210" 210 0.031007751938 85 30 2 1 0 0 0 0 0 0 0 0 0 0 0 0 0 0 0 0
"211" 211 0.134615384615 101 4 3 2 2 2 1 1 1 1 0 0 0 0 0 0 0 0 0 0
"212" 212 0.441860465116 107 9 2 0 0 0 0 0 0 0 0 0 0 0 0 0 0 0 0 0
"213" 213 0.0253807106599 71 35 7 4 1 0 0 0 0 0 0 0 0 0 0 0 0 0 0 0
"214" 214 0.0348837209302 44 31 24 8 6 3 1 1 0 0 0 0 0 0 0 0 0 0 0 0
"215" 215 0.547263681592 28 25 16 15 11 10 2 2 2 2 2 1 1 1 0 0 0 0 0 0
"216" 216 0.0 96 18 2 2 0 0 0 0 0 0 0 0 0 0 0 0 0 0 0 0
"217" 217 0.0 110 3 2 1 1 1 0 0 0 0 0 0 0 0 0 0 0 0 0 0
"218" 218 0.379487179487 24 21 19 13 10 10 7 5 3 2 2 1 1 0 0 0 0 0 0 0
"219" 219 0.15503875969 73 18 8 4 4 4 2 2 1 1 1 0 0 0 0 0 0 0 0 0
"220" 220 0.00497512437811 98 9 5 3 1 1 1 0 0 0 0 0 0 0 0 0 0 0 0 0
"221" 221 0.379310344828 55 14 9 9 7 6 4 4 3 2 2 1 1 1 0 0 0 0 0 0
"222" 222 0.723214285714 47 17 15 12 12 6 4 4 1 0 0 0 0 0 0 0 0 0 0 0
"223" 223 0.394871794872 29 19 16 13 11 7 5 5 5 2 2 2 1 1 0 0 0 0 0 0
"224" 224 0.326923076923 117 1 0 0 0 0 0 0 0 0 0 0 0 0 0 0 0 0 0 0
"225" 225 0.108527131783 113 4 1 0 0 0 0 0 0 0 0 0 0 0 0 0 0 0 0 0
"226" 226 0.409282700422 44 18 11 7 7 7 6 4 4 4 2 2 1 1 0 0 0 0 0 0
"227" 227 0.214285714286 45 22 18 17 7 2 2 2 1 1 1 0 0 0 0 0 0 0 0 0
"228" 228 0.0172413793103 103 14 1 0 0 0 0 0 0 0 0 0 0 0 0 0 0 0 0 0
"229" 229 0.0342205323194 46 12 10 10 9 8 6 5 5 2 1 1 1 1 1 0 0 0 0 0
"230" 230 0.0 106 5 4 2 1 0 0 0 0 0 0 0 0 0 0 0 0 0 0 0
"231" 231 0.0 41 38 12 7 6 6 3 3 1 1 0 0 0 0 0 0 0 0 0 0
"232" 232 0.00632911392405 46 41 17 10 3 1 0 0 0 0 0 0 0 0 0 0 0 0 0 0
"233" 233 0.0116279069767 96 17 4 1 0 0 0 0 0 0 0 0 0 0 0 0 0 0 0 0
"234" 234 0.0143540669856 118 0 0 0 0 0 0 0 0 0 0 0 0 0 0 0 0 0 0 0
"235" 235 0.0188679245283 49 41 28 0 0 0 0 0 0 0 0 0 0 0 0 0 0 0 0 0
"236" 236 0.218390804598 91 16 11 0 0 0 0 0 0 0 0 0 0 0 0 0 0 0 0 0
"237" 237 0.0547263681592 92 25 1 0 0 0 0 0 0 0 0 0 0 0 0 0 0 0 0 0
"238" 238 0.304635761589 110 3 2 1 1 1 0 0 0 0 0 0 0 0 0 0 0 0 0 0
"239" 239 0.519230769231 98 5 4 3 2 2 1 1 1 1 0 0 0 0 0 0 0 0 0 0
"240" 240 0.314465408805 70 11 9 7 6 4 2 2 1 1 1 1 1 1 1 0 0 0 0 0
"241" 241 0.0 114 3 1 0 0 0 0 0 0 0 0 0 0 0 0 0 0 0 0 0
"242" 242 0.0172413793103 45 37 8 7 4 4 4 2 2 1 1 1 1 1 0 0 0 0 0 0
"243" 243 0.388392857143 68 19 9 6 5 5 3 1 1 1 0 0 0 0 0 0 0 0 0 0
"244" 244 0.386861313869 84 17 5 3 3 2 1 1 1 1 0 0 0 0 0 0 0 0 0 0
"245" 245 0.0152284263959 72 37 9 0 0 0 0 0 0 0 0 0 0 0 0 0 0 0 0 0
"246" 246 0.169230769231 34 14 13 12 12 11 8 8 4 1 1 0 0 0 0 0 0 0 0 0
"247" 247 0.707692307692 49 23 14 11 7 4 4 2 1 1 1 1 0 0 0 0 0 0 0 0
"248" 248 0.0662251655629 98 9 9 1 1 0 0 0 0 0 0 0 0 0 0 0 0 0 0 0
"249" 249 0.273255813953 24 24 14 13 8 6 5 4 4 3 3 2 2 2 2 2 0 0 0 0
"250" 250 0.010152284264 54 50 6 6 2 0 0 0 0 0 0 0 0 0 0 0 0 0 0 0
"251" 251 0.476793248945 49 33 26 3 3 2 1 0 0 0 0 0 0 0 0 0 0 0 0 0
"252" 252 0.147321428571 77 18 8 5 4 2 1 1 1 1 0 0 0 0 0 0 0 0 0 0
"253" 253 0.0 59 37 16 3 2 1 0 0 0 0 0 0 0 0 0 0 0 0 0 0
"254" 254 0.0 81 23 7 2 2 1 1 1 0 0 0 0 0 0 0 0 0 0 0 0
"255" 255 0.00574712643678 70 36 3 3 2 2 1 1 0 0 0 0 0 0 0 0 0 0 0 0
"256" 256 0.00581395348837 101 7 6 3 1 0 0 0 0 0 0 0 0 0 0 0 0 0 0 0
"257" 257 0.107692307692 81 37 0 0 0 0 0 0 0 0 0 0 0 0 0 0 0 0 0 0
"258" 258 0.0 75 43 0 0 0 0 0 0 0 0 0 0 0 0 0 0 0 0 0 0
"259" 259 0.0558375634518 93 17 7 0 0 0 0 0 0 0 0 0 0 0 0 0 0 0 0 0
"260" 260 0.261603375527 62 13 7 6 6 5 2 2 2 2 1 1 1 1 1 1 1 0 0 0
"261" 261 0.199004975124 62 12 9 7 6 6 5 3 1 1 1 1 1 0 0 0 0 0 0 0
"262" 262 0.245283018868 40 18 13 9 6 6 5 4 4 3 2 1 1 1 0 0 0 0 0 0
"263" 263 0.732142857143 49 14 13 11 6 5 4 3 3 1 1 1 1 1 0 0 0 0 0 0
"264" 264 0.6875 31 25 17 12 6 5 4 4 2 2 1 1 0 0 0 0 0 0 0 0
"265" 265 0.270042194093 42 16 11 8 4 4 3 2 2 2 2 2 1 1 1 0 0 0 0 0
"266" 266 0.658227848101 30 17 11 9 7 7 5 5 3 3 2 1 1 1 1 1 1 0 0 0
"267" 267 0.0355329949239 30 17 12 11 10 7 7 5 4 4 2 1 1 1 0 0 0 0 0 0
"268" 268 0.575892857143 26 19 13 12 11 10 8 8 5 1 1 1 1 0 0 0 0 0 0 0
"269" 269 0.302919708029 80 18 10 5 3 1 1 0 0 0 0 0 0 0 0 0 0 0 0 0
"270" 270 0.255230125523 76 20 10 7 2 1 1 0 0 0 0 0 0 0 0 0 0 0 0 0
"271" 271 0.413502109705 39 35 13 10 4 4 3 3 2 1 1 1 1 0 0 0 0 0 0 0
"272" 272 0.291479820628 51 25 12 8 7 4 4 2 1 1 1 1 0 0 0 0 0 0 0 0
"273" 273 0.114427860697 76 27 11 3 1 0 0 0 0 0 0 0 0 0 0 0 0 0 0 0
"274" 274 0.278145695364 85 19 11 2 1 0 0 0 0 0 0 0 0 0 0 0 0 0 0 0
"275" 275 0.00574712643678 62 27 10 8 6 3 2 0 0 0 0 0 0 0 0 0 0 0 0 0
"276" 276 0.0 82 20 10 3 1 1 1 0 0 0 0 0 0 0 0 0 0 0 0 0
"277" 277 0.440251572327 44 16 11 10 8 6 5 4 3 3 2 2 2 1 1 0 0 0 0 0
"278" 278 0.179104477612 86 12 11 6 2 1 0 0 0 0 0 0 0 0 0 0 0 0 0 0
"279" 279 0.00497512437811 57 26 18 10 7 0 0 0 0 0 0 0 0 0 0 0 0 0 0 0
"280" 280 0.0 69 47 2 0 0 0 0 0 0 0 0 0 0 0 0 0 0 0 0 0
"281" 281 0.290178571429 85 9 7 5 5 2 2 1 1 1 0 0 0 0 0 0 0 0 0 0
"282" 282 0.0077519379845 86 15 9 5 1 1 1 0 0 0 0 0 0 0 0 0 0 0 0 0
"283" 283 0.0 101 8 4 4 1 0 0 0 0 0 0 0 0 0 0 0 0 0 0 0
"284" 284 0.223350253807 45 16 11 9 4 4 4 4 3 3 3 3 2 2 2 2 1 0 0 0
"285" 285 0.164233576642 103 6 2 2 1 1 1 1 1 0 0 0 0 0 0 0 0 0 0 0
"286" 286 0.0919540229885 85 23 5 4 1 0 0 0 0 0 0 0 0 0 0 0 0 0 0 0
"287" 287 0.22009569378 41 17 15 11 11 6 4 4 4 2 1 1 1 0 0 0 0 0 0 0
"288" 288 0.473214285714 35 26 8 8 6 6 5 5 5 5 2 2 2 1 1 1 0 0 0 0
"289" 289 0.798206278027 33 30 22 14 4 4 3 3 3 2 0 0 0 0 0 0 0 0 0 0
"290" 290 0.340807174888 47 13 13 12 9 6 5 4 3 3 1 1 1 0 0 0 0 0 0 0
"291" 291 0.437086092715 103 13 2 0 0 0 0 0 0 0 0 0 0 0 0 0 0 0 0 0
"292" 292 0.114942528736 86 20 10 2 0 0 0 0 0 0 0 0 0 0 0 0 0 0 0 0
"293" 293 0.516556291391 99 11 4 1 1 1 1 0 0 0 0 0 0 0 0 0 0 0 0 0
"294" 294 0.631178707224 48 14 13 9 6 5 5 4 4 3 2 1 1 1 1 1 0 0 0 0
"295" 295 0.199004975124 100 12 4 1 1 0 0 0 0 0 0 0 0 0 0 0 0 0 0 0
"296" 296 0.573221757322 113 3 1 0 0 0 0 0 0 0 0 0 0 0 0 0 0 0 0 0
