"site" "RSA" "aa1" "aa2" "aa3" "aa4" "aa5" "aa6" "aa7" "aa8" "aa9" "aa10" "aa11" "aa12" "aa13" "aa14" "aa15" "aa16" "aa17" "aa18" "aa19" "aa20"
"0" 0 0.645348837209 2 0 0 0 0 0 0 0 0 0 0 0 0 0 0 0 0 0 0 0
"1" 1 0.451923076923 2 0 0 0 0 0 0 0 0 0 0 0 0 0 0 0 0 0 0 0
"2" 2 0.788461538462 2 0 0 0 0 0 0 0 0 0 0 0 0 0 0 0 0 0 0 0
"3" 3 0.743119266055 3 0 0 0 0 0 0 0 0 0 0 0 0 0 0 0 0 0 0 0
"4" 4 0.519379844961 2 1 1 0 0 0 0 0 0 0 0 0 0 0 0 0 0 0 0 0
"5" 5 0.0993377483444 2 1 1 1 0 0 0 0 0 0 0 0 0 0 0 0 0 0 0 0
"6" 6 0.704641350211 3 2 1 1 0 0 0 0 0 0 0 0 0 0 0 0 0 0 0 0
"7" 7 0.187943262411 4 2 1 0 0 0 0 0 0 0 0 0 0 0 0 0 0 0 0 0
"8" 8 0.0829015544041 17 2 1 0 0 0 0 0 0 0 0 0 0 0 0 0 0 0 0 0
"9" 9 0.533632286996 6 3 3 2 2 2 1 1 0 0 0 0 0 0 0 0 0 0 0 0
"10" 10 0.362869198312 12 4 4 1 1 1 1 1 0 0 0 0 0 0 0 0 0 0 0 0
"11" 11 0.0 12 9 3 1 1 1 1 0 0 0 0 0 0 0 0 0 0 0 0 0
"12" 12 0.0137614678899 31 12 4 1 0 0 0 0 0 0 0 0 0 0 0 0 0 0 0 0
"13" 13 0.259067357513 18 9 7 4 3 3 2 1 1 0 0 0 0 0 0 0 0 0 0 0
"14" 14 0.0761421319797 21 12 5 4 3 1 1 1 1 1 0 0 0 0 0 0 0 0 0 0
"15" 15 0.0 49 1 0 0 0 0 0 0 0 0 0 0 0 0 0 0 0 0 0 0
"16" 16 0.174904942966 20 11 8 8 3 0 0 0 0 0 0 0 0 0 0 0 0 0 0 0
"17" 17 0.424107142857 29 5 5 4 2 2 2 1 0 0 0 0 0 0 0 0 0 0 0 0
"18" 18 0.0714285714286 44 4 1 1 0 0 0 0 0 0 0 0 0 0 0 0 0 0 0 0
"19" 19 0.0077519379845 50 0 0 0 0 0 0 0 0 0 0 0 0 0 0 0 0 0 0 0
"20" 20 0.243781094527 20 13 6 3 3 1 1 1 1 1 0 0 0 0 0 0 0 0 0 0
"21" 21 0.358208955224 26 7 7 4 3 2 1 0 0 0 0 0 0 0 0 0 0 0 0 0
"22" 22 0.0 40 9 0 0 0 0 0 0 0 0 0 0 0 0 0 0 0 0 0 0
"23" 23 0.212927756654 24 11 4 3 2 2 1 1 1 0 0 0 0 0 0 0 0 0 0 0
"24" 24 0.679324894515 14 8 7 6 4 3 2 2 1 1 1 0 0 0 0 0 0 0 0 0
"25" 25 0.464285714286 41 4 3 1 1 0 0 0 0 0 0 0 0 0 0 0 0 0 0 0
"26" 26 0.307692307692 49 1 0 0 0 0 0 0 0 0 0 0 0 0 0 0 0 0 0 0
"27" 27 0.0 50 0 0 0 0 0 0 0 0 0 0 0 0 0 0 0 0 0 0 0
"28" 28 0.0 36 12 1 1 0 0 0 0 0 0 0 0 0 0 0 0 0 0 0 0
"29" 29 0.0188679245283 50 0 0 0 0 0 0 0 0 0 0 0 0 0 0 0 0 0 0 0
"30" 30 0.0355329949239 49 1 0 0 0 0 0 0 0 0 0 0 0 0 0 0 0 0 0 0
"31" 31 0.0 50 0 0 0 0 0 0 0 0 0 0 0 0 0 0 0 0 0 0 0
"32" 32 0.0 29 14 7 0 0 0 0 0 0 0 0 0 0 0 0 0 0 0 0 0
"33" 33 0.0 34 8 7 1 0 0 0 0 0 0 0 0 0 0 0 0 0 0 0 0
"34" 34 0.0 44 4 2 1 0 0 0 0 0 0 0 0 0 0 0 0 0 0 0 0
"35" 35 0.0 35 11 3 1 1 0 0 0 0 0 0 0 0 0 0 0 0 0 0 0
"36" 36 0.174358974359 4 1 0 0 0 0 0 0 0 0 0 0 0 0 0 0 0 0 0 0
"37" 37 0.158974358974 7 4 2 2 1 0 0 0 0 0 0 0 0 0 0 0 0 0 0 0
"38" 38 0.666666666667 9 9 8 8 5 4 4 1 1 1 1 0 0 0 0 0 0 0 0 0
"39" 39 0.435233160622 30 6 5 3 2 2 2 1 0 0 0 0 0 0 0 0 0 0 0 0
"40" 40 0.0 45 4 1 1 0 0 0 0 0 0 0 0 0 0 0 0 0 0 0 0
"41" 41 0.35761589404 22 8 7 5 4 2 1 1 1 0 0 0 0 0 0 0 0 0 0 0
"42" 42 0.316091954023 32 16 3 0 0 0 0 0 0 0 0 0 0 0 0 0 0 0 0 0
"43" 43 0.238805970149 22 15 13 1 0 0 0 0 0 0 0 0 0 0 0 0 0 0 0 0
"44" 44 0.0769230769231 45 4 2 0 0 0 0 0 0 0 0 0 0 0 0 0 0 0 0 0
"45" 45 0.310218978102 38 5 3 3 1 1 0 0 0 0 0 0 0 0 0 0 0 0 0 0
"46" 46 0.00961538461538 51 0 0 0 0 0 0 0 0 0 0 0 0 0 0 0 0 0 0 0
"47" 47 0.0813397129187 46 4 1 0 0 0 0 0 0 0 0 0 0 0 0 0 0 0 0 0
"48" 48 0.0 51 0 0 0 0 0 0 0 0 0 0 0 0 0 0 0 0 0 0 0
"49" 49 0.174311926606 18 12 9 7 4 1 0 0 0 0 0 0 0 0 0 0 0 0 0 0
"50" 50 0.0948905109489 50 1 0 0 0 0 0 0 0 0 0 0 0 0 0 0 0 0 0 0
"51" 51 0.330543933054 35 7 7 2 0 0 0 0 0 0 0 0 0 0 0 0 0 0 0 0
"52" 52 0.255605381166 51 0 0 0 0 0 0 0 0 0 0 0 0 0 0 0 0 0 0 0
"53" 53 0.57805907173 24 7 4 3 3 3 3 2 2 0 0 0 0 0 0 0 0 0 0 0
"54" 54 0.682692307692 36 5 5 4 1 0 0 0 0 0 0 0 0 0 0 0 0 0 0 0
"55" 55 0.12582781457 41 8 2 0 0 0 0 0 0 0 0 0 0 0 0 0 0 0 0 0
"56" 56 0.565891472868 25 16 6 3 1 0 0 0 0 0 0 0 0 0 0 0 0 0 0 0
"57" 57 0.482558139535 33 9 8 1 0 0 0 0 0 0 0 0 0 0 0 0 0 0 0 0
"58" 58 0.119402985075 36 5 4 2 2 1 1 0 0 0 0 0 0 0 0 0 0 0 0 0
"59" 59 0.0717703349282 50 0 0 0 0 0 0 0 0 0 0 0 0 0 0 0 0 0 0 0
"60" 60 0.00961538461538 27 23 0 0 0 0 0 0 0 0 0 0 0 0 0 0 0 0 0 0
"61" 61 0.0357142857143 50 0 0 0 0 0 0 0 0 0 0 0 0 0 0 0 0 0 0 0
"62" 62 0.147208121827 32 13 5 1 0 0 0 0 0 0 0 0 0 0 0 0 0 0 0 0
"63" 63 0.0264900662252 33 15 2 1 0 0 0 0 0 0 0 0 0 0 0 0 0 0 0 0
"64" 64 0.0 22 20 7 2 0 0 0 0 0 0 0 0 0 0 0 0 0 0 0 0
"65" 65 0.0746268656716 47 3 1 0 0 0 0 0 0 0 0 0 0 0 0 0 0 0 0 0
"66" 66 0.598214285714 38 8 1 1 1 1 1 0 0 0 0 0 0 0 0 0 0 0 0 0
"67" 67 0.471794871795 43 2 2 2 1 1 0 0 0 0 0 0 0 0 0 0 0 0 0 0
"68" 68 0.113924050633 40 6 3 1 1 0 0 0 0 0 0 0 0 0 0 0 0 0 0 0
"69" 69 0.384615384615 50 1 0 0 0 0 0 0 0 0 0 0 0 0 0 0 0 0 0 0
"70" 70 0.930656934307 51 0 0 0 0 0 0 0 0 0 0 0 0 0 0 0 0 0 0 0
"71" 71 0.278606965174 28 11 5 2 1 1 1 1 1 0 0 0 0 0 0 0 0 0 0 0
"72" 72 0.65625 17 9 8 5 3 3 3 2 1 0 0 0 0 0 0 0 0 0 0 0
"73" 73 0.317307692308 26 10 4 2 2 2 2 1 1 1 0 0 0 0 0 0 0 0 0 0
"74" 74 0.64135021097 16 9 5 3 2 1 1 1 1 1 1 0 0 0 0 0 0 0 0 0
"75" 75 0.137931034483 17 8 5 4 3 2 2 0 0 0 0 0 0 0 0 0 0 0 0 0
"76" 76 0.0152091254753 51 0 0 0 0 0 0 0 0 0 0 0 0 0 0 0 0 0 0 0
"77" 77 0.451476793249 20 15 5 4 2 2 1 1 1 0 0 0 0 0 0 0 0 0 0 0
"78" 78 0.341968911917 14 8 8 6 5 5 2 1 1 1 0 0 0 0 0 0 0 0 0 0
"79" 79 0.0 16 12 11 9 2 1 0 0 0 0 0 0 0 0 0 0 0 0 0 0
"80" 80 0.0 38 8 3 2 0 0 0 0 0 0 0 0 0 0 0 0 0 0 0 0
"81" 81 0.0 34 11 6 0 0 0 0 0 0 0 0 0 0 0 0 0 0 0 0 0
"82" 82 0.0 48 2 1 0 0 0 0 0 0 0 0 0 0 0 0 0 0 0 0 0
"83" 83 0.0 35 16 0 0 0 0 0 0 0 0 0 0 0 0 0 0 0 0 0 0
"84" 84 0.0348837209302 50 1 0 0 0 0 0 0 0 0 0 0 0 0 0 0 0 0 0 0
"85" 85 0.0199004975124 50 0 0 0 0 0 0 0 0 0 0 0 0 0 0 0 0 0 0 0
"86" 86 0.0132450331126 43 5 2 0 0 0 0 0 0 0 0 0 0 0 0 0 0 0 0 0
"87" 87 0.0 50 0 0 0 0 0 0 0 0 0 0 0 0 0 0 0 0 0 0 0
"88" 88 0.113924050633 50 0 0 0 0 0 0 0 0 0 0 0 0 0 0 0 0 0 0 0
"89" 89 0.533678756477 18 6 5 5 4 3 3 2 2 2 0 0 0 0 0 0 0 0 0 0
"90" 90 0.366972477064 44 5 1 0 0 0 0 0 0 0 0 0 0 0 0 0 0 0 0 0
"91" 91 0.0 50 0 0 0 0 0 0 0 0 0 0 0 0 0 0 0 0 0 0 0
"92" 92 0.00581395348837 27 17 7 0 0 0 0 0 0 0 0 0 0 0 0 0 0 0 0 0
"93" 93 0.307692307692 51 0 0 0 0 0 0 0 0 0 0 0 0 0 0 0 0 0 0 0
"94" 94 0.116279069767 43 6 1 1 0 0 0 0 0 0 0 0 0 0 0 0 0 0 0 0
"95" 95 0.0 32 8 6 5 0 0 0 0 0 0 0 0 0 0 0 0 0 0 0 0
"96" 96 0.0964467005076 33 8 8 2 0 0 0 0 0 0 0 0 0 0 0 0 0 0 0 0
"97" 97 0.577981651376 35 10 6 0 0 0 0 0 0 0 0 0 0 0 0 0 0 0 0 0
"98" 98 0.296577946768 40 11 0 0 0 0 0 0 0 0 0 0 0 0 0 0 0 0 0 0
"99" 99 0.211538461538 33 13 3 1 1 0 0 0 0 0 0 0 0 0 0 0 0 0 0 0
"100" 100 0.0 48 2 1 0 0 0 0 0 0 0 0 0 0 0 0 0 0 0 0 0
"101" 101 0.251572327044 26 16 4 2 2 1 0 0 0 0 0 0 0 0 0 0 0 0 0 0
"102" 102 0.0401459854015 32 15 2 1 1 0 0 0 0 0 0 0 0 0 0 0 0 0 0 0
"103" 103 0.00632911392405 44 4 2 1 0 0 0 0 0 0 0 0 0 0 0 0 0 0 0 0
"104" 104 0.00574712643678 41 10 0 0 0 0 0 0 0 0 0 0 0 0 0 0 0 0 0 0
"105" 105 0.0 25 15 5 4 2 0 0 0 0 0 0 0 0 0 0 0 0 0 0 0
"106" 106 0.0 51 0 0 0 0 0 0 0 0 0 0 0 0 0 0 0 0 0 0 0
"107" 107 0.00446428571429 51 0 0 0 0 0 0 0 0 0 0 0 0 0 0 0 0 0 0 0
"108" 108 0.210256410256 42 6 2 1 0 0 0 0 0 0 0 0 0 0 0 0 0 0 0 0
"109" 109 0.5 11 11 8 5 4 3 2 2 2 1 1 1 0 0 0 0 0 0 0 0
"110" 110 0.174358974359 32 17 2 0 0 0 0 0 0 0 0 0 0 0 0 0 0 0 0 0
"111" 111 0.154811715481 49 1 1 0 0 0 0 0 0 0 0 0 0 0 0 0 0 0 0 0
"112" 112 0.481012658228 12 10 6 4 4 3 3 2 2 2 1 1 1 0 0 0 0 0 0 0
"113" 113 0.139072847682 46 4 1 0 0 0 0 0 0 0 0 0 0 0 0 0 0 0 0 0
"114" 114 0.746835443038 2 2 1 0 0 0 0 0 0 0 0 0 0 0 0 0 0 0 0 0
"115" 115 0.0 13 12 10 10 4 2 0 0 0 0 0 0 0 0 0 0 0 0 0 0
"116" 116 0.0580357142857 41 3 2 1 1 1 1 1 0 0 0 0 0 0 0 0 0 0 0 0
"117" 117 0.523206751055 21 9 8 4 2 2 1 1 1 1 1 0 0 0 0 0 0 0 0 0
"118" 118 0.410646387833 21 19 9 1 1 0 0 0 0 0 0 0 0 0 0 0 0 0 0 0
"119" 119 0.0 38 8 5 0 0 0 0 0 0 0 0 0 0 0 0 0 0 0 0 0
"120" 120 0.385650224215 21 9 7 4 3 3 2 1 1 0 0 0 0 0 0 0 0 0 0 0
"121" 121 0.593023255814 29 5 5 3 3 3 2 1 0 0 0 0 0 0 0 0 0 0 0 0
"122" 122 0.463503649635 28 8 7 3 2 1 1 1 0 0 0 0 0 0 0 0 0 0 0 0
"123" 123 0.673076923077 49 1 1 0 0 0 0 0 0 0 0 0 0 0 0 0 0 0 0 0
"124" 124 0.105263157895 40 7 2 1 1 0 0 0 0 0 0 0 0 0 0 0 0 0 0 0
"125" 125 0.205357142857 34 6 5 2 2 1 1 0 0 0 0 0 0 0 0 0 0 0 0 0
"126" 126 0.172413793103 37 9 4 1 0 0 0 0 0 0 0 0 0 0 0 0 0 0 0 0
"127" 127 0.241379310345 16 8 7 5 5 4 3 2 1 0 0 0 0 0 0 0 0 0 0 0
"128" 128 0.316091954023 27 8 8 5 2 1 0 0 0 0 0 0 0 0 0 0 0 0 0 0
"129" 129 0.385057471264 34 10 2 2 1 1 1 0 0 0 0 0 0 0 0 0 0 0 0 0
"130" 130 0.388601036269 28 12 8 2 1 0 0 0 0 0 0 0 0 0 0 0 0 0 0 0
"131" 131 0.0880829015544 27 12 5 3 2 1 1 0 0 0 0 0 0 0 0 0 0 0 0 0
"132" 132 0.401785714286 18 10 7 4 3 3 2 2 1 1 0 0 0 0 0 0 0 0 0 0
"133" 133 0.346715328467 28 9 4 3 2 2 1 1 1 0 0 0 0 0 0 0 0 0 0 0
"134" 134 0.0316455696203 50 1 0 0 0 0 0 0 0 0 0 0 0 0 0 0 0 0 0 0
"135" 135 0.139240506329 20 15 6 4 2 1 1 1 1 0 0 0 0 0 0 0 0 0 0 0
"136" 136 0.620253164557 12 9 6 6 6 5 3 2 1 1 0 0 0 0 0 0 0 0 0 0
"137" 137 0.0746268656716 35 11 5 0 0 0 0 0 0 0 0 0 0 0 0 0 0 0 0 0
"138" 138 0.0183486238532 48 2 1 0 0 0 0 0 0 0 0 0 0 0 0 0 0 0 0 0
"139" 139 0.379746835443 11 10 10 5 3 3 3 3 2 1 0 0 0 0 0 0 0 0 0 0
"140" 140 0.434977578475 14 6 6 6 5 5 4 3 1 1 0 0 0 0 0 0 0 0 0 0
"141" 141 0.0 49 1 1 0 0 0 0 0 0 0 0 0 0 0 0 0 0 0 0 0
"142" 142 0.152284263959 47 2 1 1 0 0 0 0 0 0 0 0 0 0 0 0 0 0 0 0
"143" 143 0.518134715026 16 10 7 6 5 3 2 1 1 0 0 0 0 0 0 0 0 0 0 0
"144" 144 0.424107142857 23 6 5 4 4 4 2 2 1 0 0 0 0 0 0 0 0 0 0 0
"145" 145 0.229927007299 13 12 12 6 2 1 1 1 1 1 1 0 0 0 0 0 0 0 0 0
"146" 146 0.352201257862 50 1 0 0 0 0 0 0 0 0 0 0 0 0 0 0 0 0 0 0
"147" 147 0.57399103139 28 9 4 3 3 1 1 1 1 0 0 0 0 0 0 0 0 0 0 0
"148" 148 0.217616580311 35 8 3 1 1 1 1 1 0 0 0 0 0 0 0 0 0 0 0 0
"149" 149 0.0390070921986 51 0 0 0 0 0 0 0 0 0 0 0 0 0 0 0 0 0 0 0
"150" 150 0.338912133891 34 6 4 4 2 1 0 0 0 0 0 0 0 0 0 0 0 0 0 0
"151" 151 0.433035714286 50 1 0 0 0 0 0 0 0 0 0 0 0 0 0 0 0 0 0 0
"152" 152 0.020725388601 50 1 0 0 0 0 0 0 0 0 0 0 0 0 0 0 0 0 0 0
"153" 153 0.218274111675 50 1 0 0 0 0 0 0 0 0 0 0 0 0 0 0 0 0 0 0
"154" 154 0.625 44 4 3 0 0 0 0 0 0 0 0 0 0 0 0 0 0 0 0 0
"155" 155 0.71875 26 5 0 0 0 0 0 0 0 0 0 0 0 0 0 0 0 0 0 0
