"site" "RSA" "aa1" "aa2" "aa3" "aa4" "aa5" "aa6" "aa7" "aa8" "aa9" "aa10" "aa11" "aa12" "aa13" "aa14" "aa15" "aa16" "aa17" "aa18" "aa19" "aa20"
"0" 0 0.0275229357798 499 1 0 0 0 0 0 0 0 0 0 0 0 0 0 0 0 0 0 0
"1" 1 0.0615384615385 500 0 0 0 0 0 0 0 0 0 0 0 0 0 0 0 0 0 0 0
"2" 2 0.0 500 0 0 0 0 0 0 0 0 0 0 0 0 0 0 0 0 0 0 0
"3" 3 0.00574712643678 293 207 0 0 0 0 0 0 0 0 0 0 0 0 0 0 0 0 0 0
"4" 4 0.00995024875622 500 0 0 0 0 0 0 0 0 0 0 0 0 0 0 0 0 0 0 0
"5" 5 0.0550458715596 417 78 4 1 0 0 0 0 0 0 0 0 0 0 0 0 0 0 0 0
"6" 6 0.115384615385 500 0 0 0 0 0 0 0 0 0 0 0 0 0 0 0 0 0 0 0
"7" 7 0.134328358209 390 109 1 0 0 0 0 0 0 0 0 0 0 0 0 0 0 0 0 0
"8" 8 0.0251572327044 500 0 0 0 0 0 0 0 0 0 0 0 0 0 0 0 0 0 0 0
"9" 9 0.201923076923 500 0 0 0 0 0 0 0 0 0 0 0 0 0 0 0 0 0 0 0
"10" 10 0.0232558139535 489 11 0 0 0 0 0 0 0 0 0 0 0 0 0 0 0 0 0 0
"11" 11 0.144230769231 500 0 0 0 0 0 0 0 0 0 0 0 0 0 0 0 0 0 0 0
"12" 12 0.0970464135021 453 28 10 4 4 1 0 0 0 0 0 0 0 0 0 0 0 0 0 0
"13" 13 0.336538461538 241 67 49 43 41 17 14 12 4 4 4 2 1 1 0 0 0 0 0 0
"14" 14 0.133720930233 145 108 87 51 40 31 18 8 7 2 1 1 1 0 0 0 0 0 0 0
"15" 15 0.0358744394619 432 34 15 14 5 0 0 0 0 0 0 0 0 0 0 0 0 0 0 0
"16" 16 0.0 500 0 0 0 0 0 0 0 0 0 0 0 0 0 0 0 0 0 0 0
"17" 17 0.245535714286 500 0 0 0 0 0 0 0 0 0 0 0 0 0 0 0 0 0 0 0
"18" 18 0.171532846715 255 143 30 26 20 14 6 3 2 1 0 0 0 0 0 0 0 0 0 0
"19" 19 0.0 500 0 0 0 0 0 0 0 0 0 0 0 0 0 0 0 0 0 0 0
"20" 20 0.224137931034 393 54 23 8 6 5 4 3 2 1 1 0 0 0 0 0 0 0 0 0
"21" 21 0.71875 479 6 5 2 2 2 2 1 1 0 0 0 0 0 0 0 0 0 0 0
"22" 22 0.378238341969 499 1 0 0 0 0 0 0 0 0 0 0 0 0 0 0 0 0 0 0
"23" 23 0.300380228137 494 3 1 1 1 0 0 0 0 0 0 0 0 0 0 0 0 0 0 0
"24" 24 0.538461538462 500 0 0 0 0 0 0 0 0 0 0 0 0 0 0 0 0 0 0 0
"25" 25 0.0609137055838 486 9 4 1 0 0 0 0 0 0 0 0 0 0 0 0 0 0 0 0
"26" 26 0.106918238994 500 0 0 0 0 0 0 0 0 0 0 0 0 0 0 0 0 0 0 0
"27" 27 0.277511961722 446 17 15 9 5 3 2 1 1 1 0 0 0 0 0 0 0 0 0 0
"28" 28 0.010152284264 496 4 0 0 0 0 0 0 0 0 0 0 0 0 0 0 0 0 0 0
"29" 29 0.0596026490066 155 149 50 42 34 27 16 14 6 5 1 1 0 0 0 0 0 0 0 0
"30" 30 0.0290697674419 308 151 27 9 3 1 1 0 0 0 0 0 0 0 0 0 0 0 0 0
"31" 31 0.182692307692 367 50 35 21 8 5 4 4 3 2 1 0 0 0 0 0 0 0 0 0
"32" 32 0.435233160622 269 69 55 38 32 18 6 5 4 2 1 1 0 0 0 0 0 0 0 0
"33" 33 0.224770642202 234 144 109 6 3 1 1 1 1 0 0 0 0 0 0 0 0 0 0 0
"34" 34 0.0460251046025 398 81 10 7 2 1 1 0 0 0 0 0 0 0 0 0 0 0 0 0
"35" 35 0.200729927007 102 84 84 59 40 38 32 19 14 12 6 3 3 2 1 1 0 0 0 0
"36" 36 0.325581395349 92 73 72 60 56 47 22 21 16 15 7 6 5 4 3 1 0 0 0 0
"37" 37 0.0542635658915 453 24 15 3 3 2 0 0 0 0 0 0 0 0 0 0 0 0 0 0
"38" 38 0.183486238532 365 44 30 18 17 12 10 2 1 1 0 0 0 0 0 0 0 0 0 0
"39" 39 0.742616033755 172 59 47 43 41 36 32 29 20 9 5 3 2 1 1 0 0 0 0 0
"40" 40 0.633928571429 138 96 69 68 63 17 16 14 14 4 1 0 0 0 0 0 0 0 0 0
"41" 41 0.647321428571 199 123 75 47 18 13 9 7 5 1 1 1 1 0 0 0 0 0 0 0
"42" 42 0.267441860465 316 62 62 27 18 7 3 2 2 1 0 0 0 0 0 0 0 0 0 0
"43" 43 0.710691823899 481 9 5 3 2 0 0 0 0 0 0 0 0 0 0 0 0 0 0 0
"44" 44 0.233830845771 429 17 15 8 7 5 4 4 4 3 2 1 1 0 0 0 0 0 0 0
"45" 45 0.0 500 0 0 0 0 0 0 0 0 0 0 0 0 0 0 0 0 0 0 0
"46" 46 0.477611940299 157 124 105 63 21 13 10 3 2 1 1 0 0 0 0 0 0 0 0 0
"47" 47 0.473214285714 171 60 41 41 40 34 34 19 19 15 9 6 4 3 2 1 1 0 0 0
"48" 48 0.0 500 0 0 0 0 0 0 0 0 0 0 0 0 0 0 0 0 0 0 0
"49" 49 0.383966244726 429 26 21 7 6 3 3 3 1 1 0 0 0 0 0 0 0 0 0 0
"50" 50 0.430463576159 173 88 59 35 33 19 19 18 17 9 9 6 6 3 3 2 1 0 0 0
"51" 51 0.292775665399 494 4 1 1 0 0 0 0 0 0 0 0 0 0 0 0 0 0 0 0
"52" 52 0.111675126904 346 40 29 28 16 13 8 6 4 3 3 1 1 1 1 0 0 0 0 0
"53" 53 0.316062176166 432 15 10 10 7 7 6 5 2 2 2 1 1 0 0 0 0 0 0 0
"54" 54 0.518987341772 229 79 60 47 35 25 11 8 3 2 1 0 0 0 0 0 0 0 0 0
"55" 55 0.0673076923077 500 0 0 0 0 0 0 0 0 0 0 0 0 0 0 0 0 0 0 0
"56" 56 0.348214285714 288 124 60 17 5 4 1 1 0 0 0 0 0 0 0 0 0 0 0 0
"57" 57 0.223880597015 168 74 73 55 44 29 16 15 9 8 3 2 2 1 1 0 0 0 0 0
"58" 58 0.0574712643678 500 0 0 0 0 0 0 0 0 0 0 0 0 0 0 0 0 0 0 0
"59" 59 0.327044025157 500 0 0 0 0 0 0 0 0 0 0 0 0 0 0 0 0 0 0 0
"60" 60 0.290155440415 355 132 5 3 2 1 1 1 0 0 0 0 0 0 0 0 0 0 0 0
"61" 61 0.776785714286 118 116 65 60 42 42 16 12 9 7 4 4 3 2 0 0 0 0 0 0
"62" 62 0.206896551724 322 83 44 16 12 5 4 4 3 3 1 1 1 1 0 0 0 0 0 0
"63" 63 0.0290697674419 215 149 48 34 33 12 4 2 1 1 1 0 0 0 0 0 0 0 0 0
"64" 64 0.182741116751 482 15 3 0 0 0 0 0 0 0 0 0 0 0 0 0 0 0 0 0
"65" 65 0.403846153846 126 103 87 63 25 23 21 21 20 4 4 1 1 1 0 0 0 0 0 0
"66" 66 0.126903553299 473 6 6 3 3 2 2 2 1 1 1 0 0 0 0 0 0 0 0 0
"67" 67 0.0 265 234 1 0 0 0 0 0 0 0 0 0 0 0 0 0 0 0 0 0
"68" 68 0.481012658228 350 77 44 21 7 1 0 0 0 0 0 0 0 0 0 0 0 0 0 0
"69" 69 0.59375 112 89 78 64 31 29 28 19 19 8 7 6 6 3 1 0 0 0 0 0
"70" 70 0.204379562044 498 1 1 0 0 0 0 0 0 0 0 0 0 0 0 0 0 0 0 0
"71" 71 0.0199004975124 500 0 0 0 0 0 0 0 0 0 0 0 0 0 0 0 0 0 0 0
"72" 72 0.346153846154 226 158 61 47 3 2 2 1 0 0 0 0 0 0 0 0 0 0 0 0
"73" 73 0.459915611814 254 62 40 39 39 22 16 13 11 4 0 0 0 0 0 0 0 0 0 0
"74" 74 0.751295336788 134 112 44 42 41 41 29 12 11 8 7 7 5 3 3 1 0 0 0 0
"75" 75 0.367875647668 498 1 1 0 0 0 0 0 0 0 0 0 0 0 0 0 0 0 0 0
"76" 76 0.00632911392405 500 0 0 0 0 0 0 0 0 0 0 0 0 0 0 0 0 0 0 0
"77" 77 0.53125 177 106 88 50 26 13 10 10 10 6 4 0 0 0 0 0 0 0 0 0
"78" 78 0.594890510949 474 6 6 3 3 2 2 1 1 1 1 0 0 0 0 0 0 0 0 0
"79" 79 0.00961538461538 500 0 0 0 0 0 0 0 0 0 0 0 0 0 0 0 0 0 0 0
"80" 80 0.00418410041841 500 0 0 0 0 0 0 0 0 0 0 0 0 0 0 0 0 0 0 0
"81" 81 0.0 499 1 0 0 0 0 0 0 0 0 0 0 0 0 0 0 0 0 0 0
"82" 82 0.0 500 0 0 0 0 0 0 0 0 0 0 0 0 0 0 0 0 0 0 0
"83" 83 0.0518134715026 448 34 14 3 1 0 0 0 0 0 0 0 0 0 0 0 0 0 0 0
"84" 84 0.0288461538462 500 0 0 0 0 0 0 0 0 0 0 0 0 0 0 0 0 0 0 0
"85" 85 0.0 498 2 0 0 0 0 0 0 0 0 0 0 0 0 0 0 0 0 0 0
"86" 86 0.0251572327044 500 0 0 0 0 0 0 0 0 0 0 0 0 0 0 0 0 0 0 0
"87" 87 0.204379562044 371 35 28 27 10 10 7 3 2 1 1 1 1 1 1 1 0 0 0 0
"88" 88 0.0523255813953 192 143 113 22 14 6 2 2 2 2 1 1 0 0 0 0 0 0 0 0
"89" 89 0.235632183908 455 24 14 3 2 1 1 0 0 0 0 0 0 0 0 0 0 0 0 0
"90" 90 0.333333333333 77 70 67 64 62 45 28 17 14 13 11 8 8 6 6 2 2 0 0 0
"91" 91 0.0179372197309 458 41 1 0 0 0 0 0 0 0 0 0 0 0 0 0 0 0 0 0
"92" 92 0.0 500 0 0 0 0 0 0 0 0 0 0 0 0 0 0 0 0 0 0 0
"93" 93 0.495535714286 256 68 55 36 33 31 9 8 2 1 1 0 0 0 0 0 0 0 0 0
"94" 94 0.131782945736 482 5 4 3 3 2 1 0 0 0 0 0 0 0 0 0 0 0 0 0
"95" 95 0.0 500 0 0 0 0 0 0 0 0 0 0 0 0 0 0 0 0 0 0 0
"96" 96 0.245535714286 383 77 13 10 5 3 3 3 1 1 1 0 0 0 0 0 0 0 0 0
"97" 97 0.602678571429 141 64 46 45 45 44 36 25 17 15 12 4 2 2 1 1 0 0 0 0
"98" 98 0.0710659898477 500 0 0 0 0 0 0 0 0 0 0 0 0 0 0 0 0 0 0 0
"99" 99 0.0149253731343 500 0 0 0 0 0 0 0 0 0 0 0 0 0 0 0 0 0 0 0
"100" 100 0.696428571429 278 68 46 36 34 21 6 4 2 2 2 1 0 0 0 0 0 0 0 0
"101" 101 0.700892857143 303 49 30 23 21 16 15 14 10 9 7 3 0 0 0 0 0 0 0 0
"102" 102 0.311787072243 458 25 10 3 2 2 0 0 0 0 0 0 0 0 0 0 0 0 0 0
"103" 103 0.538461538462 500 0 0 0 0 0 0 0 0 0 0 0 0 0 0 0 0 0 0 0
"104" 104 0.130801687764 305 67 34 26 21 21 10 7 4 2 2 1 0 0 0 0 0 0 0 0
"105" 105 0.553459119497 253 149 32 11 10 8 7 6 6 4 4 3 3 2 1 1 0 0 0 0
"106" 106 0.0507614213198 389 105 4 2 0 0 0 0 0 0 0 0 0 0 0 0 0 0 0 0
"107" 107 0.300518134715 463 34 2 1 0 0 0 0 0 0 0 0 0 0 0 0 0 0 0 0
"108" 108 0.311787072243 396 57 42 3 2 0 0 0 0 0 0 0 0 0 0 0 0 0 0 0
"109" 109 0.0 496 4 0 0 0 0 0 0 0 0 0 0 0 0 0 0 0 0 0 0
"110" 110 0.00507614213198 497 3 0 0 0 0 0 0 0 0 0 0 0 0 0 0 0 0 0 0
"111" 111 0.0615384615385 239 192 51 15 1 1 1 0 0 0 0 0 0 0 0 0 0 0 0 0
"112" 112 0.010152284264 331 152 17 0 0 0 0 0 0 0 0 0 0 0 0 0 0 0 0 0
"113" 113 0.517857142857 153 90 83 61 41 31 19 7 7 4 2 2 0 0 0 0 0 0 0 0
"114" 114 0.0459770114943 499 1 0 0 0 0 0 0 0 0 0 0 0 0 0 0 0 0 0 0
"115" 115 0.383419689119 273 99 63 25 18 6 4 3 2 2 2 1 1 1 0 0 0 0 0 0
"116" 116 0.443037974684 399 40 23 18 5 4 3 3 2 1 1 1 0 0 0 0 0 0 0 0
"117" 117 0.611398963731 174 112 70 42 22 21 12 11 10 8 6 5 5 2 0 0 0 0 0 0
"118" 118 0.298850574713 236 53 47 39 21 20 20 19 16 12 10 4 3 0 0 0 0 0 0 0
"119" 119 0.0 500 0 0 0 0 0 0 0 0 0 0 0 0 0 0 0 0 0 0 0
"120" 120 0.247706422018 175 102 58 41 35 22 16 13 13 13 4 3 2 2 1 0 0 0 0 0
"121" 121 0.397321428571 134 114 51 43 36 20 19 19 17 16 15 10 4 1 1 0 0 0 0 0
"122" 122 0.197080291971 500 0 0 0 0 0 0 0 0 0 0 0 0 0 0 0 0 0 0 0
"123" 123 0.00497512437811 493 6 1 0 0 0 0 0 0 0 0 0 0 0 0 0 0 0 0 0
"124" 124 0.255813953488 192 109 59 49 49 16 15 6 4 1 0 0 0 0 0 0 0 0 0 0
"125" 125 0.0384615384615 500 0 0 0 0 0 0 0 0 0 0 0 0 0 0 0 0 0 0 0
"126" 126 0.13503649635 491 4 2 1 1 1 0 0 0 0 0 0 0 0 0 0 0 0 0 0
"127" 127 0.204379562044 491 5 2 2 0 0 0 0 0 0 0 0 0 0 0 0 0 0 0 0
"128" 128 0.0355329949239 377 116 4 2 1 0 0 0 0 0 0 0 0 0 0 0 0 0 0 0
"129" 129 0.00632911392405 500 0 0 0 0 0 0 0 0 0 0 0 0 0 0 0 0 0 0 0
"130" 130 0.483443708609 307 86 69 9 9 9 5 4 2 0 0 0 0 0 0 0 0 0 0 0
"131" 131 0.551724137931 261 62 33 31 31 27 20 9 6 6 4 3 3 2 2 0 0 0 0 0
"132" 132 0.411392405063 500 0 0 0 0 0 0 0 0 0 0 0 0 0 0 0 0 0 0 0
"133" 133 0.394230769231 500 0 0 0 0 0 0 0 0 0 0 0 0 0 0 0 0 0 0 0
"134" 134 0.0581395348837 406 78 14 2 0 0 0 0 0 0 0 0 0 0 0 0 0 0 0 0
"135" 135 0.186046511628 164 142 131 49 8 3 1 1 1 0 0 0 0 0 0 0 0 0 0 0
"136" 136 0.0570342205323 484 16 0 0 0 0 0 0 0 0 0 0 0 0 0 0 0 0 0 0
"137" 137 0.0622009569378 500 0 0 0 0 0 0 0 0 0 0 0 0 0 0 0 0 0 0 0
"138" 138 0.467661691542 198 91 55 47 30 24 13 10 9 7 7 5 2 2 0 0 0 0 0 0
"139" 139 0.540229885057 134 84 76 43 43 38 30 23 18 7 1 1 1 1 0 0 0 0 0 0
"140" 140 0.523012552301 304 71 68 18 11 10 8 5 3 1 1 0 0 0 0 0 0 0 0 0
"141" 141 0.292307692308 299 160 23 9 5 2 1 1 0 0 0 0 0 0 0 0 0 0 0 0
"142" 142 0.433962264151 499 1 0 0 0 0 0 0 0 0 0 0 0 0 0 0 0 0 0 0
"143" 143 0.100628930818 500 0 0 0 0 0 0 0 0 0 0 0 0 0 0 0 0 0 0 0
"144" 144 0.708860759494 278 40 35 32 26 24 22 17 8 6 4 3 3 1 1 0 0 0 0 0
"145" 145 0.447674418605 276 123 27 23 14 11 11 7 4 1 1 1 1 0 0 0 0 0 0 0
"146" 146 0.710691823899 500 0 0 0 0 0 0 0 0 0 0 0 0 0 0 0 0 0 0 0
"147" 147 0.394230769231 500 0 0 0 0 0 0 0 0 0 0 0 0 0 0 0 0 0 0 0
"148" 148 0.319796954315 278 84 63 31 19 12 5 4 2 1 1 0 0 0 0 0 0 0 0 0
"149" 149 0.0253164556962 500 0 0 0 0 0 0 0 0 0 0 0 0 0 0 0 0 0 0 0
"150" 150 0.352331606218 470 12 7 6 3 1 1 0 0 0 0 0 0 0 0 0 0 0 0 0
"151" 151 0.561181434599 498 1 1 0 0 0 0 0 0 0 0 0 0 0 0 0 0 0 0 0
"152" 152 0.352331606218 161 92 89 67 29 23 12 10 8 3 2 2 1 1 0 0 0 0 0 0
"153" 153 0.432692307692 500 0 0 0 0 0 0 0 0 0 0 0 0 0 0 0 0 0 0 0
"154" 154 0.0769230769231 500 0 0 0 0 0 0 0 0 0 0 0 0 0 0 0 0 0 0 0
"155" 155 0.674107142857 265 79 38 29 16 15 15 14 14 10 3 1 1 0 0 0 0 0 0 0
"156" 156 0.129353233831 500 0 0 0 0 0 0 0 0 0 0 0 0 0 0 0 0 0 0 0
"157" 157 0.365019011407 400 100 0 0 0 0 0 0 0 0 0 0 0 0 0 0 0 0 0 0
"158" 158 0.385650224215 360 44 38 19 16 7 6 4 3 2 1 0 0 0 0 0 0 0 0 0
"159" 159 0.120437956204 177 163 56 43 33 23 4 1 0 0 0 0 0 0 0 0 0 0 0 0
"160" 160 0.627906976744 162 76 65 59 55 35 20 8 8 5 4 3 0 0 0 0 0 0 0 0
"161" 161 0.0569948186528 243 84 49 26 23 17 14 14 13 9 4 2 2 0 0 0 0 0 0 0
"162" 162 0.0 491 4 4 1 0 0 0 0 0 0 0 0 0 0 0 0 0 0 0 0
"163" 163 0.287179487179 115 109 80 69 36 21 15 10 8 8 8 7 5 4 2 2 1 0 0 0
"164" 164 0.665178571429 345 92 23 7 6 5 4 4 3 2 2 2 2 2 1 0 0 0 0 0
"165" 165 0.705357142857 246 76 54 44 20 11 10 8 8 6 5 5 4 2 1 0 0 0 0 0
"166" 166 0.0581395348837 154 124 99 49 24 15 9 6 6 5 5 2 2 0 0 0 0 0 0 0
"167" 167 0.0 497 3 0 0 0 0 0 0 0 0 0 0 0 0 0 0 0 0 0 0
"168" 168 0.443708609272 192 145 43 27 25 19 16 12 7 4 4 3 2 1 0 0 0 0 0 0
"169" 169 0.31223628692 195 152 37 29 21 20 13 8 7 6 4 3 3 2 0 0 0 0 0 0
"170" 170 0.0766423357664 220 61 58 58 39 21 14 13 12 3 1 0 0 0 0 0 0 0 0 0
"171" 171 0.0796019900498 495 5 0 0 0 0 0 0 0 0 0 0 0 0 0 0 0 0 0 0
"172" 172 0.459821428571 445 24 8 6 4 2 2 2 2 1 1 1 1 1 0 0 0 0 0 0
"173" 173 0.0919540229885 196 68 34 33 32 28 18 16 16 13 12 11 8 8 3 2 2 0 0 0
"174" 174 0.0666666666667 114 71 70 62 49 31 27 23 23 19 4 2 2 1 1 1 0 0 0 0
"175" 175 0.334862385321 137 120 91 38 25 17 17 15 13 6 5 4 4 3 3 2 0 0 0 0
"176" 176 0.594936708861 446 11 10 7 6 5 5 4 2 2 1 1 0 0 0 0 0 0 0 0
"177" 177 0.174887892377 177 98 94 36 34 31 7 6 3 3 3 3 3 1 1 0 0 0 0 0
"178" 178 0.186046511628 244 153 72 30 1 0 0 0 0 0 0 0 0 0 0 0 0 0 0 0
"179" 179 0.470852017937 89 79 71 69 40 37 32 31 15 10 10 6 6 3 1 1 0 0 0 0
"180" 180 0.301886792453 500 0 0 0 0 0 0 0 0 0 0 0 0 0 0 0 0 0 0 0
"181" 181 0.0348258706468 500 0 0 0 0 0 0 0 0 0 0 0 0 0 0 0 0 0 0 0
"182" 182 0.109452736318 496 2 1 1 0 0 0 0 0 0 0 0 0 0 0 0 0 0 0 0
"183" 183 0.455958549223 118 84 58 44 40 32 27 27 24 19 19 5 2 1 0 0 0 0 0 0
"184" 184 0.125523012552 378 121 1 0 0 0 0 0 0 0 0 0 0 0 0 0 0 0 0 0
"185" 185 0.00380228136882 225 200 75 0 0 0 0 0 0 0 0 0 0 0 0 0 0 0 0 0
"186" 186 0.503311258278 211 147 38 26 20 13 13 8 8 8 5 1 1 1 0 0 0 0 0 0
"187" 187 0.651785714286 152 74 59 47 38 37 32 28 19 5 4 4 1 0 0 0 0 0 0 0
"188" 188 0.329113924051 417 33 31 8 8 2 1 0 0 0 0 0 0 0 0 0 0 0 0 0
"189" 189 0.615384615385 500 0 0 0 0 0 0 0 0 0 0 0 0 0 0 0 0 0 0 0
"190" 190 0.15969581749 278 125 87 5 2 1 1 1 0 0 0 0 0 0 0 0 0 0 0 0
"191" 191 0.179104477612 500 0 0 0 0 0 0 0 0 0 0 0 0 0 0 0 0 0 0 0
"192" 192 0.077519379845 475 13 4 3 3 2 0 0 0 0 0 0 0 0 0 0 0 0 0 0
"193" 193 0.487179487179 310 103 67 16 2 1 1 0 0 0 0 0 0 0 0 0 0 0 0 0
"194" 194 0.0402298850575 498 2 0 0 0 0 0 0 0 0 0 0 0 0 0 0 0 0 0 0
"195" 195 0.405128205128 259 169 29 22 7 5 5 3 1 0 0 0 0 0 0 0 0 0 0 0
"196" 196 0.0288461538462 499 1 0 0 0 0 0 0 0 0 0 0 0 0 0 0 0 0 0 0
"197" 197 0.408071748879 220 126 70 35 32 5 5 4 3 0 0 0 0 0 0 0 0 0 0 0
"198" 198 0.29197080292 500 0 0 0 0 0 0 0 0 0 0 0 0 0 0 0 0 0 0 0
"199" 199 0.616580310881 452 12 9 8 6 5 4 3 1 0 0 0 0 0 0 0 0 0 0 0
"200" 200 0.243654822335 228 129 37 31 18 16 14 7 5 4 4 3 3 1 0 0 0 0 0 0
"201" 201 0.488789237668 88 74 70 53 41 39 35 33 29 22 8 5 3 0 0 0 0 0 0 0
"202" 202 0.414507772021 187 141 48 40 24 15 12 9 9 8 3 2 1 1 0 0 0 0 0 0
"203" 203 0.0229885057471 499 1 0 0 0 0 0 0 0 0 0 0 0 0 0 0 0 0 0 0
"204" 204 0.0456273764259 500 0 0 0 0 0 0 0 0 0 0 0 0 0 0 0 0 0 0 0
"205" 205 0.333333333333 158 88 83 55 33 23 18 10 9 5 5 5 3 2 2 1 0 0 0 0
"206" 206 0.295336787565 500 0 0 0 0 0 0 0 0 0 0 0 0 0 0 0 0 0 0 0
"207" 207 0.00574712643678 500 0 0 0 0 0 0 0 0 0 0 0 0 0 0 0 0 0 0 0
"208" 208 0.37552742616 242 137 92 10 5 5 3 3 2 1 0 0 0 0 0 0 0 0 0 0
"209" 209 0.683937823834 204 112 87 30 29 14 7 6 5 4 2 0 0 0 0 0 0 0 0 0
"210" 210 0.203980099502 487 5 3 1 1 1 1 1 0 0 0 0 0 0 0 0 0 0 0 0
"211" 211 0.00497512437811 500 0 0 0 0 0 0 0 0 0 0 0 0 0 0 0 0 0 0 0
"212" 212 0.576923076923 167 71 53 38 33 31 19 18 18 12 12 12 6 6 3 1 0 0 0 0
"213" 213 0.807692307692 500 0 0 0 0 0 0 0 0 0 0 0 0 0 0 0 0 0 0 0
"214" 214 0.10447761194 500 0 0 0 0 0 0 0 0 0 0 0 0 0 0 0 0 0 0 0
"215" 215 0.881856540084 169 113 68 42 28 18 16 15 15 4 3 2 2 2 2 1 0 0 0 0
