"site" "RSA" "aa1" "aa2" "aa3" "aa4" "aa5" "aa6" "aa7" "aa8" "aa9" "aa10" "aa11" "aa12" "aa13" "aa14" "aa15" "aa16" "aa17" "aa18" "aa19" "aa20"
"0" 0 0.704641350211 84 7 1 0 0 0 0 0 0 0 0 0 0 0 0 0 0 0 0 0
"1" 1 0.0288461538462 90 2 2 0 0 0 0 0 0 0 0 0 0 0 0 0 0 0 0 0
"2" 2 0.105769230769 94 0 0 0 0 0 0 0 0 0 0 0 0 0 0 0 0 0 0 0
"3" 3 0.00574712643678 88 3 3 1 0 0 0 0 0 0 0 0 0 0 0 0 0 0 0 0
"4" 4 0.0203045685279 86 8 1 0 0 0 0 0 0 0 0 0 0 0 0 0 0 0 0 0
"5" 5 0.0 92 1 1 1 0 0 0 0 0 0 0 0 0 0 0 0 0 0 0 0
"6" 6 0.139896373057 92 3 0 0 0 0 0 0 0 0 0 0 0 0 0 0 0 0 0 0
"7" 7 0.0 95 0 0 0 0 0 0 0 0 0 0 0 0 0 0 0 0 0 0 0
"8" 8 0.333333333333 41 40 7 3 2 1 1 0 0 0 0 0 0 0 0 0 0 0 0 0
"9" 9 0.287179487179 62 29 3 1 0 0 0 0 0 0 0 0 0 0 0 0 0 0 0 0
"10" 10 0.201550387597 40 29 18 2 2 1 1 1 1 0 0 0 0 0 0 0 0 0 0 0
"11" 11 0.629464285714 79 6 3 2 2 1 1 1 0 0 0 0 0 0 0 0 0 0 0 0
"12" 12 0.143497757848 91 4 0 0 0 0 0 0 0 0 0 0 0 0 0 0 0 0 0 0
"13" 13 0.0 95 0 0 0 0 0 0 0 0 0 0 0 0 0 0 0 0 0 0 0
"14" 14 0.476793248945 44 24 8 6 4 3 3 2 1 0 0 0 0 0 0 0 0 0 0 0
"15" 15 0.152284263959 92 2 1 0 0 0 0 0 0 0 0 0 0 0 0 0 0 0 0 0
"16" 16 0.0 95 0 0 0 0 0 0 0 0 0 0 0 0 0 0 0 0 0 0 0
"17" 17 0.276785714286 89 6 0 0 0 0 0 0 0 0 0 0 0 0 0 0 0 0 0 0
"18" 18 0.410852713178 40 18 16 11 4 3 2 1 0 0 0 0 0 0 0 0 0 0 0 0
"19" 19 0.0387596899225 93 2 0 0 0 0 0 0 0 0 0 0 0 0 0 0 0 0 0 0
"20" 20 0.384615384615 95 0 0 0 0 0 0 0 0 0 0 0 0 0 0 0 0 0 0 0
"21" 21 0.0387596899225 95 0 0 0 0 0 0 0 0 0 0 0 0 0 0 0 0 0 0 0
"22" 22 0.413793103448 55 28 7 3 1 1 0 0 0 0 0 0 0 0 0 0 0 0 0 0
"23" 23 0.031007751938 83 8 4 0 0 0 0 0 0 0 0 0 0 0 0 0 0 0 0 0
"24" 24 0.0 94 1 0 0 0 0 0 0 0 0 0 0 0 0 0 0 0 0 0 0
"25" 25 0.0 93 2 0 0 0 0 0 0 0 0 0 0 0 0 0 0 0 0 0 0
"26" 26 0.015503875969 80 12 1 1 1 0 0 0 0 0 0 0 0 0 0 0 0 0 0 0
"27" 27 0.149253731343 93 2 0 0 0 0 0 0 0 0 0 0 0 0 0 0 0 0 0 0
"28" 28 0.647321428571 81 9 3 2 1 0 0 0 0 0 0 0 0 0 0 0 0 0 0 0
"29" 29 1.29807692308 91 2 1 1 0 0 0 0 0 0 0 0 0 0 0 0 0 0 0 0
"30" 30 0.653846153846 88 5 2 0 0 0 0 0 0 0 0 0 0 0 0 0 0 0 0 0
"31" 31 0.396551724138 87 8 0 0 0 0 0 0 0 0 0 0 0 0 0 0 0 0 0 0
"32" 32 0.302325581395 79 9 6 2 0 0 0 0 0 0 0 0 0 0 0 0 0 0 0 0
"33" 33 0.536496350365 96 0 0 0 0 0 0 0 0 0 0 0 0 0 0 0 0 0 0 0
"34" 34 0.224770642202 88 5 2 1 0 0 0 0 0 0 0 0 0 0 0 0 0 0 0 0
"35" 35 0.093023255814 51 39 2 1 1 1 1 0 0 0 0 0 0 0 0 0 0 0 0 0
"36" 36 0.378238341969 82 7 6 1 1 0 0 0 0 0 0 0 0 0 0 0 0 0 0 0
"37" 37 0.295597484277 87 4 3 2 1 0 0 0 0 0 0 0 0 0 0 0 0 0 0 0
"38" 38 0.540697674419 29 13 13 8 6 6 6 5 4 3 2 1 1 0 0 0 0 0 0 0
"39" 39 0.14367816092 36 17 15 14 14 1 1 0 0 0 0 0 0 0 0 0 0 0 0 0
"40" 40 0.0 84 11 1 1 1 0 0 0 0 0 0 0 0 0 0 0 0 0 0 0
"41" 41 0.415178571429 40 26 11 7 5 2 2 1 1 1 1 1 0 0 0 0 0 0 0 0
"42" 42 0.375 70 6 5 5 4 3 3 2 0 0 0 0 0 0 0 0 0 0 0 0
"43" 43 0.0 84 14 0 0 0 0 0 0 0 0 0 0 0 0 0 0 0 0 0 0
"44" 44 0.197247706422 47 15 14 14 3 3 1 1 0 0 0 0 0 0 0 0 0 0 0 0
"45" 45 0.723076923077 24 18 15 12 9 7 5 5 2 1 0 0 0 0 0 0 0 0 0 0
"46" 46 0.077519379845 63 12 8 5 3 2 2 2 1 1 0 0 0 0 0 0 0 0 0 0
"47" 47 0.0862068965517 91 6 1 1 0 0 0 0 0 0 0 0 0 0 0 0 0 0 0 0
"48" 48 0.788079470199 57 36 4 1 1 0 0 0 0 0 0 0 0 0 0 0 0 0 0 0
"49" 49 0.172588832487 95 2 1 1 0 0 0 0 0 0 0 0 0 0 0 0 0 0 0 0
"50" 50 0.364779874214 97 1 1 0 0 0 0 0 0 0 0 0 0 0 0 0 0 0 0 0
"51" 51 0.0172413793103 97 1 1 0 0 0 0 0 0 0 0 0 0 0 0 0 0 0 0 0
"52" 52 0.0275229357798 91 3 2 1 1 1 0 0 0 0 0 0 0 0 0 0 0 0 0 0
"53" 53 0.0077519379845 96 3 0 0 0 0 0 0 0 0 0 0 0 0 0 0 0 0 0 0
"54" 54 0.147679324895 95 3 1 0 0 0 0 0 0 0 0 0 0 0 0 0 0 0 0 0
"55" 55 0.0 41 35 22 1 0 0 0 0 0 0 0 0 0 0 0 0 0 0 0 0
"56" 56 0.142335766423 100 0 0 0 0 0 0 0 0 0 0 0 0 0 0 0 0 0 0 0
"57" 57 0.0913705583756 97 3 0 0 0 0 0 0 0 0 0 0 0 0 0 0 0 0 0 0
"58" 58 0.153846153846 100 0 0 0 0 0 0 0 0 0 0 0 0 0 0 0 0 0 0 0
"59" 59 0.234449760766 100 0 0 0 0 0 0 0 0 0 0 0 0 0 0 0 0 0 0 0
"60" 60 0.399239543726 67 12 6 6 4 2 1 1 1 0 0 0 0 0 0 0 0 0 0 0
"61" 61 0.505747126437 70 14 4 3 2 2 1 1 1 1 1 0 0 0 0 0 0 0 0 0
"62" 62 0.0401785714286 100 0 0 0 0 0 0 0 0 0 0 0 0 0 0 0 0 0 0 0
"63" 63 0.0 96 3 1 0 0 0 0 0 0 0 0 0 0 0 0 0 0 0 0 0
"64" 64 0.244525547445 70 17 6 2 2 1 1 1 0 0 0 0 0 0 0 0 0 0 0 0
"65" 65 0.310344827586 67 28 3 2 0 0 0 0 0 0 0 0 0 0 0 0 0 0 0 0
"66" 66 0.0 99 1 0 0 0 0 0 0 0 0 0 0 0 0 0 0 0 0 0 0
"67" 67 0.169642857143 80 17 3 0 0 0 0 0 0 0 0 0 0 0 0 0 0 0 0 0
"68" 68 0.68992248062 55 26 11 2 2 1 1 1 1 0 0 0 0 0 0 0 0 0 0 0
"69" 69 0.218905472637 58 28 7 3 2 1 0 0 0 0 0 0 0 0 0 0 0 0 0 0
"70" 70 0.403846153846 73 9 7 4 3 2 1 1 0 0 0 0 0 0 0 0 0 0 0 0
"71" 71 0.0459770114943 74 23 2 1 0 0 0 0 0 0 0 0 0 0 0 0 0 0 0 0
"72" 72 0.388601036269 100 0 0 0 0 0 0 0 0 0 0 0 0 0 0 0 0 0 0 0
"73" 73 0.178707224335 53 24 19 3 1 0 0 0 0 0 0 0 0 0 0 0 0 0 0 0
"74" 74 0.0 85 11 4 0 0 0 0 0 0 0 0 0 0 0 0 0 0 0 0 0
"75" 75 0.0103626943005 100 0 0 0 0 0 0 0 0 0 0 0 0 0 0 0 0 0 0 0
"76" 76 0.0133928571429 100 0 0 0 0 0 0 0 0 0 0 0 0 0 0 0 0 0 0 0
"77" 77 0.0 100 0 0 0 0 0 0 0 0 0 0 0 0 0 0 0 0 0 0 0
"78" 78 0.214285714286 100 0 0 0 0 0 0 0 0 0 0 0 0 0 0 0 0 0 0 0
"79" 79 0.385057471264 97 1 1 0 0 0 0 0 0 0 0 0 0 0 0 0 0 0 0 0
"80" 80 0.0995024875622 99 1 0 0 0 0 0 0 0 0 0 0 0 0 0 0 0 0 0 0
"81" 81 0.302325581395 86 13 1 0 0 0 0 0 0 0 0 0 0 0 0 0 0 0 0 0
"82" 82 0.314465408805 87 5 2 2 2 2 0 0 0 0 0 0 0 0 0 0 0 0 0 0
"83" 83 0.418604651163 96 3 1 0 0 0 0 0 0 0 0 0 0 0 0 0 0 0 0 0
"84" 84 0.274611398964 100 0 0 0 0 0 0 0 0 0 0 0 0 0 0 0 0 0 0 0
"85" 85 0.785714285714 47 26 8 4 4 3 3 2 1 1 1 0 0 0 0 0 0 0 0 0
"86" 86 0.678571428571 20 12 11 9 7 6 5 5 4 4 4 3 3 3 2 0 0 0 0 0
"87" 87 0.556485355649 27 25 21 21 2 2 1 1 0 0 0 0 0 0 0 0 0 0 0 0
"88" 88 0.248803827751 96 4 0 0 0 0 0 0 0 0 0 0 0 0 0 0 0 0 0 0
"89" 89 0.0253807106599 84 10 5 1 0 0 0 0 0 0 0 0 0 0 0 0 0 0 0 0
"90" 90 0.284974093264 46 32 5 3 3 3 2 2 1 1 1 1 0 0 0 0 0 0 0 0
"91" 91 0.0210970464135 100 0 0 0 0 0 0 0 0 0 0 0 0 0 0 0 0 0 0 0
"92" 92 0.587591240876 25 15 15 12 10 7 6 4 2 1 1 1 1 0 0 0 0 0 0 0
"93" 93 0.457399103139 18 17 12 11 11 10 4 4 3 3 2 2 2 1 0 0 0 0 0 0
"94" 94 0.0753138075314 92 6 2 0 0 0 0 0 0 0 0 0 0 0 0 0 0 0 0 0
"95" 95 0.761627906977 42 26 11 6 4 3 3 2 2 1 0 0 0 0 0 0 0 0 0 0
"96" 96 0.0689655172414 71 12 9 4 2 1 1 0 0 0 0 0 0 0 0 0 0 0 0 0
"97" 97 0.251572327044 98 1 1 0 0 0 0 0 0 0 0 0 0 0 0 0 0 0 0 0
"98" 98 0.00418410041841 97 2 1 0 0 0 0 0 0 0 0 0 0 0 0 0 0 0 0 0
"99" 99 0.0 96 3 1 0 0 0 0 0 0 0 0 0 0 0 0 0 0 0 0 0
"100" 100 0.0126582278481 91 8 1 0 0 0 0 0 0 0 0 0 0 0 0 0 0 0 0 0
"101" 101 0.0384615384615 100 0 0 0 0 0 0 0 0 0 0 0 0 0 0 0 0 0 0 0
"102" 102 0.00632911392405 71 27 1 1 0 0 0 0 0 0 0 0 0 0 0 0 0 0 0 0
"103" 103 0.441605839416 77 11 11 1 0 0 0 0 0 0 0 0 0 0 0 0 0 0 0 0
"104" 104 0.269430051813 64 25 5 2 2 1 1 0 0 0 0 0 0 0 0 0 0 0 0 0
"105" 105 0.0 95 2 1 1 1 0 0 0 0 0 0 0 0 0 0 0 0 0 0 0
"106" 106 0.0 88 5 4 2 1 0 0 0 0 0 0 0 0 0 0 0 0 0 0 0
"107" 107 0.0401785714286 99 1 0 0 0 0 0 0 0 0 0 0 0 0 0 0 0 0 0 0
"108" 108 0.0 100 0 0 0 0 0 0 0 0 0 0 0 0 0 0 0 0 0 0 0
"109" 109 0.0 85 7 6 1 1 0 0 0 0 0 0 0 0 0 0 0 0 0 0 0
"110" 110 0.332116788321 100 0 0 0 0 0 0 0 0 0 0 0 0 0 0 0 0 0 0 0
"111" 111 0.0620437956204 100 0 0 0 0 0 0 0 0 0 0 0 0 0 0 0 0 0 0 0
"112" 112 0.142131979695 94 5 1 0 0 0 0 0 0 0 0 0 0 0 0 0 0 0 0 0
"113" 113 0.387596899225 22 20 14 7 5 5 4 4 4 4 4 3 2 2 0 0 0 0 0 0
"114" 114 0.178571428571 99 1 0 0 0 0 0 0 0 0 0 0 0 0 0 0 0 0 0 0
"115" 115 0.192307692308 100 0 0 0 0 0 0 0 0 0 0 0 0 0 0 0 0 0 0 0
"116" 116 0.046511627907 98 1 1 0 0 0 0 0 0 0 0 0 0 0 0 0 0 0 0 0
"117" 117 0.370860927152 66 27 2 1 1 1 1 0 0 0 0 0 0 0 0 0 0 0 0 0
"118" 118 0.0366972477064 93 4 2 0 0 0 0 0 0 0 0 0 0 0 0 0 0 0 0 0
"119" 119 0.0 89 9 1 0 0 0 0 0 0 0 0 0 0 0 0 0 0 0 0 0
"120" 120 0.0474452554745 99 0 0 0 0 0 0 0 0 0 0 0 0 0 0 0 0 0 0 0
"121" 121 0.00581395348837 86 10 2 1 0 0 0 0 0 0 0 0 0 0 0 0 0 0 0 0
"122" 122 0.160337552743 96 3 0 0 0 0 0 0 0 0 0 0 0 0 0 0 0 0 0 0
"123" 123 0.115384615385 99 0 0 0 0 0 0 0 0 0 0 0 0 0 0 0 0 0 0 0
"124" 124 0.375 94 4 1 1 0 0 0 0 0 0 0 0 0 0 0 0 0 0 0 0
"125" 125 0.459119496855 78 18 2 1 1 0 0 0 0 0 0 0 0 0 0 0 0 0 0 0
"126" 126 0.836538461538 99 1 0 0 0 0 0 0 0 0 0 0 0 0 0 0 0 0 0 0
"127" 127 0.406976744186 95 4 1 0 0 0 0 0 0 0 0 0 0 0 0 0 0 0 0 0
"128" 128 0.442307692308 100 0 0 0 0 0 0 0 0 0 0 0 0 0 0 0 0 0 0 0
"129" 129 0.389743589744 67 33 0 0 0 0 0 0 0 0 0 0 0 0 0 0 0 0 0 0
"130" 130 0.126903553299 69 30 1 0 0 0 0 0 0 0 0 0 0 0 0 0 0 0 0 0
"131" 131 0.362068965517 57 15 13 9 2 2 1 1 0 0 0 0 0 0 0 0 0 0 0 0
"132" 132 0.21875 81 13 2 2 1 1 0 0 0 0 0 0 0 0 0 0 0 0 0 0
"133" 133 0.0 97 3 0 0 0 0 0 0 0 0 0 0 0 0 0 0 0 0 0 0
"134" 134 0.172413793103 96 2 1 1 0 0 0 0 0 0 0 0 0 0 0 0 0 0 0 0
"135" 135 0.503649635036 59 27 8 2 1 1 1 1 0 0 0 0 0 0 0 0 0 0 0 0
"136" 136 0.0574162679426 96 3 1 0 0 0 0 0 0 0 0 0 0 0 0 0 0 0 0 0
"137" 137 0.0 47 22 9 8 7 3 1 1 1 1 0 0 0 0 0 0 0 0 0 0
"138" 138 0.547445255474 85 11 3 1 0 0 0 0 0 0 0 0 0 0 0 0 0 0 0 0
"139" 139 0.438818565401 27 13 12 12 9 6 6 4 4 2 2 1 1 1 0 0 0 0 0 0
"140" 140 0.00574712643678 47 39 11 3 0 0 0 0 0 0 0 0 0 0 0 0 0 0 0 0
"141" 141 0.102564102564 37 18 13 7 6 6 6 2 2 1 1 1 0 0 0 0 0 0 0 0
"142" 142 0.403100775194 18 15 14 12 12 11 8 6 2 1 1 0 0 0 0 0 0 0 0 0
"143" 143 0.112107623318 55 16 14 7 3 3 1 1 0 0 0 0 0 0 0 0 0 0 0 0
"144" 144 0.0609137055838 85 7 4 3 1 0 0 0 0 0 0 0 0 0 0 0 0 0 0 0
"145" 145 0.532846715328 54 9 8 6 5 4 4 3 2 2 1 1 1 0 0 0 0 0 0 0
"146" 146 0.455696202532 22 20 11 11 10 6 5 4 2 1 1 1 1 1 1 1 1 0 0 0
"147" 147 0.0 50 19 16 10 2 1 1 0 0 0 0 0 0 0 0 0 0 0 0 0
"148" 148 0.281609195402 22 16 10 10 10 9 4 4 4 2 2 2 2 2 1 0 0 0 0 0
"149" 149 0.748717948718 23 20 12 11 8 5 5 5 3 3 2 1 1 1 0 0 0 0 0 0
"150" 150 0.0871559633028 41 30 8 5 5 3 3 2 1 1 1 0 0 0 0 0 0 0 0 0
"151" 151 0.384105960265 24 23 13 8 7 7 6 3 2 2 1 1 1 1 0 0 0 0 0 0
"152" 152 0.446428571429 36 20 14 7 6 3 3 2 2 2 1 1 1 1 1 0 0 0 0 0
"153" 153 0.704663212435 43 33 5 5 3 2 2 2 1 1 1 1 1 0 0 0 0 0 0 0
"154" 154 0.477678571429 80 6 4 4 3 3 0 0 0 0 0 0 0 0 0 0 0 0 0 0
"155" 155 0.0 69 13 10 6 1 1 0 0 0 0 0 0 0 0 0 0 0 0 0 0
"156" 156 0.48275862069 24 24 13 10 5 4 4 3 2 2 2 2 1 1 1 1 0 0 0 0
"157" 157 0.53488372093 35 19 9 9 5 4 3 3 3 3 2 1 1 1 1 1 0 0 0 0
"158" 158 0.116071428571 22 18 13 12 9 9 6 3 3 2 2 1 0 0 0 0 0 0 0 0
"159" 159 0.0387596899225 91 4 2 1 1 1 0 0 0 0 0 0 0 0 0 0 0 0 0 0
"160" 160 0.776371308017 67 22 3 2 2 1 1 1 1 0 0 0 0 0 0 0 0 0 0 0
"161" 161 0.717488789238 48 11 10 10 6 5 3 2 1 1 1 1 1 0 0 0 0 0 0 0
"162" 162 0.129353233831 46 26 9 6 5 3 2 1 1 1 0 0 0 0 0 0 0 0 0 0
"163" 163 0.365384615385 41 18 12 9 9 4 3 3 1 0 0 0 0 0 0 0 0 0 0 0
"164" 164 0.100775193798 63 28 2 2 2 1 1 1 0 0 0 0 0 0 0 0 0 0 0 0
"165" 165 0.276729559748 82 8 5 2 1 1 1 0 0 0 0 0 0 0 0 0 0 0 0 0
"166" 166 0.206896551724 52 11 9 8 7 3 3 3 1 1 1 1 0 0 0 0 0 0 0 0
"167" 167 0.549107142857 58 27 4 3 2 2 1 1 1 1 0 0 0 0 0 0 0 0 0 0
"168" 168 0.0804597701149 82 12 6 0 0 0 0 0 0 0 0 0 0 0 0 0 0 0 0 0
"169" 169 0.0 56 35 5 3 1 0 0 0 0 0 0 0 0 0 0 0 0 0 0 0
"170" 170 0.328467153285 25 18 15 10 10 6 4 3 2 2 2 1 1 1 0 0 0 0 0 0
"171" 171 0.299107142857 38 24 16 7 4 3 2 2 1 1 1 1 0 0 0 0 0 0 0 0
"172" 172 0.0 51 31 14 2 1 1 0 0 0 0 0 0 0 0 0 0 0 0 0 0
"173" 173 0.20253164557 44 22 12 8 4 4 2 2 1 1 0 0 0 0 0 0 0 0 0 0
"174" 174 0.605839416058 26 24 20 9 8 4 4 2 1 1 1 0 0 0 0 0 0 0 0 0
"175" 175 0.358208955224 46 13 8 6 6 6 4 3 2 2 2 1 1 0 0 0 0 0 0 0
"176" 176 0.375 82 11 3 2 1 1 0 0 0 0 0 0 0 0 0 0 0 0 0 0
"177" 177 0.357664233577 65 29 2 1 1 1 1 0 0 0 0 0 0 0 0 0 0 0 0 0
"178" 178 0.0199004975124 97 1 1 1 0 0 0 0 0 0 0 0 0 0 0 0 0 0 0 0
"179" 179 0.295597484277 100 0 0 0 0 0 0 0 0 0 0 0 0 0 0 0 0 0 0 0
"180" 180 0.126436781609 98 1 1 0 0 0 0 0 0 0 0 0 0 0 0 0 0 0 0 0
"181" 181 0.35632183908 83 10 4 2 1 0 0 0 0 0 0 0 0 0 0 0 0 0 0 0
"182" 182 0.0153846153846 83 7 4 3 2 1 0 0 0 0 0 0 0 0 0 0 0 0 0 0
"183" 183 0.071129707113 99 1 0 0 0 0 0 0 0 0 0 0 0 0 0 0 0 0 0 0
"184" 184 0.0 80 11 4 2 2 0 0 0 0 0 0 0 0 0 0 0 0 0 0 0
"185" 185 0.0697674418605 99 1 0 0 0 0 0 0 0 0 0 0 0 0 0 0 0 0 0 0
"186" 186 0.105769230769 100 0 0 0 0 0 0 0 0 0 0 0 0 0 0 0 0 0 0 0
"187" 187 0.125 100 0 0 0 0 0 0 0 0 0 0 0 0 0 0 0 0 0 0 0
"188" 188 0.0804597701149 51 46 3 0 0 0 0 0 0 0 0 0 0 0 0 0 0 0 0 0
"189" 189 0.273255813953 91 3 3 3 0 0 0 0 0 0 0 0 0 0 0 0 0 0 0 0
"190" 190 0.331395348837 100 0 0 0 0 0 0 0 0 0 0 0 0 0 0 0 0 0 0 0
"191" 191 0.0377358490566 100 0 0 0 0 0 0 0 0 0 0 0 0 0 0 0 0 0 0 0
"192" 192 0.37984496124 96 3 1 0 0 0 0 0 0 0 0 0 0 0 0 0 0 0 0 0
"193" 193 0.150259067358 100 0 0 0 0 0 0 0 0 0 0 0 0 0 0 0 0 0 0 0
"194" 194 0.0 95 2 1 1 1 0 0 0 0 0 0 0 0 0 0 0 0 0 0 0
"195" 195 0.0542635658915 96 4 0 0 0 0 0 0 0 0 0 0 0 0 0 0 0 0 0 0
"196" 196 0.318407960199 89 8 2 1 0 0 0 0 0 0 0 0 0 0 0 0 0 0 0 0
"197" 197 0.0 77 13 5 5 0 0 0 0 0 0 0 0 0 0 0 0 0 0 0 0
"198" 198 0.0183486238532 93 5 1 1 0 0 0 0 0 0 0 0 0 0 0 0 0 0 0 0
"199" 199 0.526315789474 72 8 6 6 3 2 1 1 1 0 0 0 0 0 0 0 0 0 0 0
"200" 200 0.044776119403 90 7 2 1 0 0 0 0 0 0 0 0 0 0 0 0 0 0 0 0
"201" 201 0.336538461538 99 1 0 0 0 0 0 0 0 0 0 0 0 0 0 0 0 0 0 0
"202" 202 0.0 48 35 5 5 4 3 0 0 0 0 0 0 0 0 0 0 0 0 0 0
"203" 203 0.0880829015544 78 19 1 1 1 0 0 0 0 0 0 0 0 0 0 0 0 0 0 0
"204" 204 0.0 92 4 3 1 0 0 0 0 0 0 0 0 0 0 0 0 0 0 0 0
"205" 205 0.0 86 13 1 0 0 0 0 0 0 0 0 0 0 0 0 0 0 0 0 0
"206" 206 0.0585774058577 99 1 0 0 0 0 0 0 0 0 0 0 0 0 0 0 0 0 0 0
"207" 207 0.0344827586207 100 0 0 0 0 0 0 0 0 0 0 0 0 0 0 0 0 0 0 0
"208" 208 0.269230769231 100 0 0 0 0 0 0 0 0 0 0 0 0 0 0 0 0 0 0 0
"209" 209 0.298013245033 100 0 0 0 0 0 0 0 0 0 0 0 0 0 0 0 0 0 0 0
"210" 210 0.307692307692 97 2 1 0 0 0 0 0 0 0 0 0 0 0 0 0 0 0 0 0
"211" 211 0.0253807106599 94 6 0 0 0 0 0 0 0 0 0 0 0 0 0 0 0 0 0 0
"212" 212 0.146443514644 100 0 0 0 0 0 0 0 0 0 0 0 0 0 0 0 0 0 0 0
"213" 213 0.679324894515 88 3 3 2 2 1 1 0 0 0 0 0 0 0 0 0 0 0 0 0
"214" 214 0.172185430464 89 7 3 1 0 0 0 0 0 0 0 0 0 0 0 0 0 0 0 0
"215" 215 0.821428571429 28 22 13 10 5 5 4 4 3 2 2 2 0 0 0 0 0 0 0 0
"216" 216 0.415384615385 48 43 4 1 1 1 1 1 0 0 0 0 0 0 0 0 0 0 0 0
"217" 217 0.176100628931 94 5 1 0 0 0 0 0 0 0 0 0 0 0 0 0 0 0 0 0
"218" 218 0.290178571429 40 25 8 4 4 2 2 2 2 2 2 2 2 2 1 0 0 0 0 0
"219" 219 0.438818565401 59 12 10 7 5 2 1 1 1 1 1 0 0 0 0 0 0 0 0 0
"220" 220 0.148288973384 64 16 6 6 5 1 1 1 0 0 0 0 0 0 0 0 0 0 0 0
"221" 221 0.0 95 2 2 1 0 0 0 0 0 0 0 0 0 0 0 0 0 0 0 0
"222" 222 0.481751824818 38 33 9 6 4 3 2 2 1 1 1 0 0 0 0 0 0 0 0 0
"223" 223 0.0542635658915 92 6 2 0 0 0 0 0 0 0 0 0 0 0 0 0 0 0 0 0
"224" 224 0.00507614213198 93 4 3 0 0 0 0 0 0 0 0 0 0 0 0 0 0 0 0 0
"225" 225 0.0977011494253 99 1 0 0 0 0 0 0 0 0 0 0 0 0 0 0 0 0 0 0
"226" 226 0.433035714286 34 24 18 8 5 3 3 1 1 1 1 1 0 0 0 0 0 0 0 0
"227" 227 0.0 99 1 0 0 0 0 0 0 0 0 0 0 0 0 0 0 0 0 0 0
"228" 228 0.0 49 48 3 0 0 0 0 0 0 0 0 0 0 0 0 0 0 0 0 0
"229" 229 0.354651162791 56 17 5 5 3 3 3 2 2 2 1 1 0 0 0 0 0 0 0 0
"230" 230 0.282296650718 52 21 18 6 1 1 1 0 0 0 0 0 0 0 0 0 0 0 0 0
"231" 231 0.19391634981 73 14 12 1 0 0 0 0 0 0 0 0 0 0 0 0 0 0 0 0
"232" 232 0.553571428571 38 30 9 7 6 5 2 1 1 1 0 0 0 0 0 0 0 0 0 0
"233" 233 0.388601036269 73 18 5 4 0 0 0 0 0 0 0 0 0 0 0 0 0 0 0 0
"234" 234 0.543726235741 66 16 11 1 1 1 0 0 0 0 0 0 0 0 0 0 0 0 0 0
"235" 235 0.714285714286 27 22 14 11 7 4 2 2 2 2 1 1 1 0 0 0 0 0 0 0
"236" 236 0.223880597015 29 19 16 13 6 5 4 2 1 1 0 0 0 0 0 0 0 0 0 0
"237" 237 0.0609137055838 56 24 16 0 0 0 0 0 0 0 0 0 0 0 0 0 0 0 0 0
"238" 238 0.410852713178 67 13 3 2 2 2 1 1 1 1 0 0 0 0 0 0 0 0 0 0
"239" 239 0.583732057416 54 12 7 6 6 4 1 1 0 0 0 0 0 0 0 0 0 0 0 0
"240" 240 0.164179104478 51 15 9 8 3 1 1 1 1 0 0 0 0 0 0 0 0 0 0 0
"241" 241 0.403973509934 84 3 2 1 0 0 0 0 0 0 0 0 0 0 0 0 0 0 0 0
"242" 242 0.607594936709 26 24 18 8 5 2 2 1 1 1 1 0 0 0 0 0 0 0 0 0
"243" 243 0.596153846154 37 24 17 2 1 1 0 0 0 0 0 0 0 0 0 0 0 0 0 0
"244" 244 0.691542288557 80 1 1 0 0 0 0 0 0 0 0 0 0 0 0 0 0 0 0 0
