"site" "RSA" "aa1" "aa2" "aa3" "aa4" "aa5" "aa6" "aa7" "aa8" "aa9" "aa10" "aa11" "aa12" "aa13" "aa14" "aa15" "aa16" "aa17" "aa18" "aa19" "aa20"
"0" 0 0.459770114943 23 10 8 6 1 0 0 0 0 0 0 0 0 0 0 0 0 0 0 0
"1" 1 0.219730941704 50 6 4 1 1 1 1 0 0 0 0 0 0 0 0 0 0 0 0 0
"2" 2 0.0 67 3 0 0 0 0 0 0 0 0 0 0 0 0 0 0 0 0 0 0
"3" 3 0.218390804598 53 15 1 1 1 0 0 0 0 0 0 0 0 0 0 0 0 0 0 0
"4" 4 0.0 32 32 5 1 1 0 0 0 0 0 0 0 0 0 0 0 0 0 0 0
"5" 5 0.396551724138 57 5 2 2 2 1 1 1 0 0 0 0 0 0 0 0 0 0 0 0
"6" 6 0.0 54 10 5 3 1 0 0 0 0 0 0 0 0 0 0 0 0 0 0 0
"7" 7 0.590717299578 22 15 10 7 4 3 3 3 2 1 1 1 1 0 0 0 0 0 0 0
"8" 8 0.375 60 8 2 1 1 1 0 0 0 0 0 0 0 0 0 0 0 0 0 0
"9" 9 0.922279792746 30 8 8 5 4 3 3 2 1 0 0 0 0 0 0 0 0 0 0 0
"10" 10 0.503875968992 16 15 12 9 4 3 1 1 1 1 0 0 0 0 0 0 0 0 0 0
"11" 11 0.576923076923 19 9 7 6 5 5 4 3 1 1 1 0 0 0 0 0 0 0 0 0
"12" 12 0.0574712643678 66 4 3 3 1 0 0 0 0 0 0 0 0 0 0 0 0 0 0 0
"13" 13 0.397350993377 21 18 14 4 4 4 4 3 1 1 1 1 1 0 0 0 0 0 0 0
"14" 14 0.144230769231 78 0 0 0 0 0 0 0 0 0 0 0 0 0 0 0 0 0 0 0
"15" 15 0.35632183908 43 16 7 4 3 2 1 1 1 0 0 0 0 0 0 0 0 0 0 0
"16" 16 0.0 45 27 4 1 1 0 0 0 0 0 0 0 0 0 0 0 0 0 0 0
"17" 17 0.261603375527 16 12 9 8 7 5 4 3 3 3 2 1 1 1 1 1 1 0 0 0
"18" 18 0.00418410041841 69 8 1 1 0 0 0 0 0 0 0 0 0 0 0 0 0 0 0 0
"19" 19 0.446428571429 22 18 16 6 5 3 2 2 1 1 1 1 1 0 0 0 0 0 0 0
"20" 20 0.0 71 5 1 1 1 0 0 0 0 0 0 0 0 0 0 0 0 0 0 0
"21" 21 0.589147286822 31 11 9 6 4 3 3 3 2 2 2 2 0 0 0 0 0 0 0 0
"22" 22 0.35761589404 26 12 10 8 5 4 3 3 2 1 1 1 1 1 0 0 0 0 0 0
"23" 23 0.410714285714 23 19 9 7 4 4 3 2 2 2 2 1 1 0 0 0 0 0 0 0
"24" 24 0.695364238411 29 12 8 7 5 4 3 2 2 1 1 1 0 0 0 0 0 0 0 0
"25" 25 0.258928571429 13 8 6 6 5 5 4 2 2 1 1 1 1 0 0 0 0 0 0 0
"26" 26 0.308176100629 48 6 5 3 2 2 1 1 1 1 1 1 1 0 0 0 0 0 0 0
"27" 27 0.0 40 32 4 3 1 0 0 0 0 0 0 0 0 0 0 0 0 0 0 0
"28" 28 0.151162790698 34 18 6 5 4 3 2 1 1 1 1 1 1 1 1 0 0 0 0 0
"29" 29 0.0 47 27 4 1 1 0 0 0 0 0 0 0 0 0 0 0 0 0 0 0
"30" 30 0.298013245033 33 15 10 4 4 3 3 2 2 1 1 1 1 0 0 0 0 0 0 0
"31" 31 0.12927756654 52 7 6 6 4 3 2 0 0 0 0 0 0 0 0 0 0 0 0 0
"32" 32 0.446428571429 18 13 12 11 8 5 3 3 2 1 1 1 1 1 0 0 0 0 0 0
"33" 33 0.00507614213198 48 17 13 2 0 0 0 0 0 0 0 0 0 0 0 0 0 0 0 0
"34" 34 0.317829457364 28 24 12 4 4 2 2 1 1 1 1 0 0 0 0 0 0 0 0 0
"35" 35 0.413461538462 73 7 0 0 0 0 0 0 0 0 0 0 0 0 0 0 0 0 0 0
"36" 36 0.102564102564 68 7 2 1 1 1 0 0 0 0 0 0 0 0 0 0 0 0 0 0
"37" 37 0.377483443709 19 14 10 9 9 7 5 3 2 1 1 0 0 0 0 0 0 0 0 0
"38" 38 0.465408805031 12 5 1 0 0 0 0 0 0 0 0 0 0 0 0 0 0 0 0 0
"39" 39 0.594871794872 36 15 7 6 4 3 3 3 2 1 0 0 0 0 0 0 0 0 0 0
"40" 40 0.170542635659 64 9 3 2 1 1 0 0 0 0 0 0 0 0 0 0 0 0 0 0
"41" 41 0.330357142857 36 18 10 4 3 3 3 1 1 1 0 0 0 0 0 0 0 0 0 0
"42" 42 0.153284671533 65 13 1 1 0 0 0 0 0 0 0 0 0 0 0 0 0 0 0 0
"43" 43 0.0 80 0 0 0 0 0 0 0 0 0 0 0 0 0 0 0 0 0 0 0
"44" 44 0.0 73 3 2 1 0 0 0 0 0 0 0 0 0 0 0 0 0 0 0 0
"45" 45 0.0 80 0 0 0 0 0 0 0 0 0 0 0 0 0 0 0 0 0 0 0
"46" 46 0.0 49 27 3 1 0 0 0 0 0 0 0 0 0 0 0 0 0 0 0 0
"47" 47 0.0 79 1 0 0 0 0 0 0 0 0 0 0 0 0 0 0 0 0 0 0
"48" 48 0.321428571429 36 17 16 5 2 2 1 1 0 0 0 0 0 0 0 0 0 0 0 0
"49" 49 0.393305439331 52 10 9 3 3 3 0 0 0 0 0 0 0 0 0 0 0 0 0 0
"50" 50 0.298076923077 80 0 0 0 0 0 0 0 0 0 0 0 0 0 0 0 0 0 0 0
"51" 51 0.341968911917 79 1 0 0 0 0 0 0 0 0 0 0 0 0 0 0 0 0 0 0
"52" 52 0.53488372093 31 29 10 3 2 2 1 1 1 0 0 0 0 0 0 0 0 0 0 0
"53" 53 0.720930232558 65 13 1 1 0 0 0 0 0 0 0 0 0 0 0 0 0 0 0 0
"54" 54 0.54358974359 66 5 4 3 1 1 0 0 0 0 0 0 0 0 0 0 0 0 0 0
"55" 55 0.480769230769 80 0 0 0 0 0 0 0 0 0 0 0 0 0 0 0 0 0 0 0
"56" 56 0.0886075949367 80 0 0 0 0 0 0 0 0 0 0 0 0 0 0 0 0 0 0 0
"57" 57 0.563218390805 34 18 9 9 4 2 1 1 1 1 0 0 0 0 0 0 0 0 0 0
"58" 58 0.145695364238 78 1 1 0 0 0 0 0 0 0 0 0 0 0 0 0 0 0 0 0
"59" 59 0.0077519379845 55 23 2 0 0 0 0 0 0 0 0 0 0 0 0 0 0 0 0 0
"60" 60 0.153846153846 77 2 1 0 0 0 0 0 0 0 0 0 0 0 0 0 0 0 0 0
"61" 61 0.465408805031 45 15 10 6 2 1 1 0 0 0 0 0 0 0 0 0 0 0 0 0
"62" 62 0.0478468899522 80 0 0 0 0 0 0 0 0 0 0 0 0 0 0 0 0 0 0 0
"63" 63 0.0376569037657 72 8 0 0 0 0 0 0 0 0 0 0 0 0 0 0 0 0 0 0
"64" 64 0.230769230769 80 0 0 0 0 0 0 0 0 0 0 0 0 0 0 0 0 0 0 0
"65" 65 0.327044025157 80 0 0 0 0 0 0 0 0 0 0 0 0 0 0 0 0 0 0 0
"66" 66 0.523012552301 26 15 7 6 6 5 3 3 2 2 2 1 1 1 0 0 0 0 0 0
"67" 67 0.784810126582 37 15 14 8 2 1 1 1 1 0 0 0 0 0 0 0 0 0 0 0
"68" 68 0.37552742616 57 5 4 4 3 3 2 1 1 0 0 0 0 0 0 0 0 0 0 0
"69" 69 0.348837209302 25 18 9 8 5 2 2 2 2 2 1 1 1 1 1 0 0 0 0 0
"70" 70 0.0191387559809 80 0 0 0 0 0 0 0 0 0 0 0 0 0 0 0 0 0 0 0
"71" 71 0.00961538461538 76 3 1 0 0 0 0 0 0 0 0 0 0 0 0 0 0 0 0 0
"72" 72 0.062015503876 45 27 4 2 1 1 0 0 0 0 0 0 0 0 0 0 0 0 0 0
"73" 73 0.276729559748 77 1 1 1 0 0 0 0 0 0 0 0 0 0 0 0 0 0 0 0
"74" 74 0.78488372093 24 18 9 9 5 5 3 2 2 1 1 1 0 0 0 0 0 0 0 0
"75" 75 0.305699481865 67 6 5 2 0 0 0 0 0 0 0 0 0 0 0 0 0 0 0 0
"76" 76 0.763392857143 30 14 7 6 6 5 3 3 3 2 1 0 0 0 0 0 0 0 0 0
"77" 77 0.373563218391 23 21 17 8 5 4 1 1 0 0 0 0 0 0 0 0 0 0 0 0
"78" 78 0.0547445255474 78 1 1 0 0 0 0 0 0 0 0 0 0 0 0 0 0 0 0 0
"79" 79 0.0478468899522 80 0 0 0 0 0 0 0 0 0 0 0 0 0 0 0 0 0 0 0
"80" 80 0.0172413793103 52 20 4 2 1 1 0 0 0 0 0 0 0 0 0 0 0 0 0 0
"81" 81 0.0 80 0 0 0 0 0 0 0 0 0 0 0 0 0 0 0 0 0 0 0
"82" 82 0.0 80 0 0 0 0 0 0 0 0 0 0 0 0 0 0 0 0 0 0 0
"83" 83 0.045871559633 76 4 0 0 0 0 0 0 0 0 0 0 0 0 0 0 0 0 0 0
"84" 84 0.0288461538462 79 0 0 0 0 0 0 0 0 0 0 0 0 0 0 0 0 0 0 0
"85" 85 0.169230769231 79 0 0 0 0 0 0 0 0 0 0 0 0 0 0 0 0 0 0 0
"86" 86 0.0114942528736 43 32 2 1 1 0 0 0 0 0 0 0 0 0 0 0 0 0 0 0
"87" 87 0.649789029536 23 15 11 8 5 4 3 3 2 2 1 1 1 0 0 0 0 0 0 0
"88" 88 0.046511627907 49 12 9 8 1 0 0 0 0 0 0 0 0 0 0 0 0 0 0 0
"89" 89 0.300518134715 27 26 11 3 3 2 2 0 0 0 0 0 0 0 0 0 0 0 0 0
"90" 90 0.607142857143 24 14 11 8 8 7 2 2 1 1 1 0 0 0 0 0 0 0 0 0
"91" 91 0.676923076923 30 18 8 8 6 4 3 1 1 0 0 0 0 0 0 0 0 0 0 0
"92" 92 0.0 68 5 2 1 1 1 1 0 0 0 0 0 0 0 0 0 0 0 0 0
"93" 93 0.235632183908 35 10 8 6 4 4 3 2 2 1 1 1 0 0 0 0 0 0 0 0
"94" 94 0.0 53 10 8 4 2 1 1 0 0 0 0 0 0 0 0 0 0 0 0 0
"95" 95 0.637130801688 23 11 7 6 5 5 4 4 3 3 3 2 1 1 0 0 0 0 0 0
"96" 96 0.259615384615 24 15 15 12 3 2 2 2 1 1 1 0 0 0 0 0 0 0 0 0
"97" 97 0.456953642384 16 15 14 11 5 4 3 3 2 2 1 1 1 0 0 0 0 0 0 0
"98" 98 0.221757322176 48 10 6 5 3 3 2 1 1 0 0 0 0 0 0 0 0 0 0 0
"99" 99 0.594936708861 18 13 12 11 9 5 4 2 1 1 1 1 1 0 0 0 0 0 0 0
"100" 100 0.0621761658031 77 1 1 0 0 0 0 0 0 0 0 0 0 0 0 0 0 0 0 0
"101" 101 0.53642384106 24 22 11 4 3 2 2 2 2 2 2 1 1 1 0 0 0 0 0 0
"102" 102 0.298507462687 26 16 10 9 6 3 3 2 1 1 1 1 0 0 0 0 0 0 0 0
"103" 103 0.0 63 9 5 3 0 0 0 0 0 0 0 0 0 0 0 0 0 0 0 0
"104" 104 0.151898734177 36 17 15 7 2 1 1 1 0 0 0 0 0 0 0 0 0 0 0 0
"105" 105 0.044776119403 77 2 1 0 0 0 0 0 0 0 0 0 0 0 0 0 0 0 0 0
"106" 106 0.238578680203 20 17 12 9 3 3 3 2 2 2 2 2 1 1 1 0 0 0 0 0
"107" 107 0.317307692308 80 0 0 0 0 0 0 0 0 0 0 0 0 0 0 0 0 0 0 0
"108" 108 0.74213836478 39 16 7 4 4 3 3 2 1 1 0 0 0 0 0 0 0 0 0 0
"109" 109 0.122093023256 22 21 10 7 5 3 2 2 2 1 1 1 1 1 1 0 0 0 0 0
"110" 110 0.172185430464 69 5 3 1 1 1 0 0 0 0 0 0 0 0 0 0 0 0 0 0
"111" 111 0.0 60 19 1 0 0 0 0 0 0 0 0 0 0 0 0 0 0 0 0 0
"112" 112 0.252873563218 44 19 15 1 1 0 0 0 0 0 0 0 0 0 0 0 0 0 0 0
"113" 113 0.403846153846 80 0 0 0 0 0 0 0 0 0 0 0 0 0 0 0 0 0 0 0
"114" 114 0.20802919708 80 0 0 0 0 0 0 0 0 0 0 0 0 0 0 0 0 0 0 0
"115" 115 0.0264900662252 31 28 20 1 0 0 0 0 0 0 0 0 0 0 0 0 0 0 0 0
"116" 116 0.0 32 18 12 12 4 2 0 0 0 0 0 0 0 0 0 0 0 0 0 0
"117" 117 0.0 79 1 0 0 0 0 0 0 0 0 0 0 0 0 0 0 0 0 0 0
"118" 118 0.0 57 18 4 1 0 0 0 0 0 0 0 0 0 0 0 0 0 0 0 0
"119" 119 0.0239234449761 80 0 0 0 0 0 0 0 0 0 0 0 0 0 0 0 0 0 0 0
"120" 120 0.333333333333 46 19 4 4 2 2 2 1 0 0 0 0 0 0 0 0 0 0 0 0
"121" 121 0.163461538462 34 19 12 5 4 3 1 1 1 0 0 0 0 0 0 0 0 0 0 0
"122" 122 0.484304932735 22 18 11 6 6 5 4 3 3 1 1 0 0 0 0 0 0 0 0 0
"123" 123 0.0103626943005 80 0 0 0 0 0 0 0 0 0 0 0 0 0 0 0 0 0 0 0
"124" 124 0.238341968912 80 0 0 0 0 0 0 0 0 0 0 0 0 0 0 0 0 0 0 0
"125" 125 0.218905472637 78 1 1 0 0 0 0 0 0 0 0 0 0 0 0 0 0 0 0 0
"126" 126 0.144230769231 79 0 0 0 0 0 0 0 0 0 0 0 0 0 0 0 0 0 0 0
"127" 127 0.561181434599 52 17 10 1 0 0 0 0 0 0 0 0 0 0 0 0 0 0 0 0
"128" 128 0.240384615385 71 6 2 1 0 0 0 0 0 0 0 0 0 0 0 0 0 0 0 0
"129" 129 0.896373056995 59 9 4 3 2 1 1 1 0 0 0 0 0 0 0 0 0 0 0 0
"130" 130 0.412790697674 44 18 5 4 3 2 2 1 1 0 0 0 0 0 0 0 0 0 0 0
"131" 131 0.607142857143 47 10 7 5 4 3 1 1 1 1 0 0 0 0 0 0 0 0 0 0
"132" 132 0.316964285714 35 29 12 2 1 0 0 0 0 0 0 0 0 0 0 0 0 0 0 0
"133" 133 0.0 80 0 0 0 0 0 0 0 0 0 0 0 0 0 0 0 0 0 0 0
"134" 134 0.378109452736 43 30 2 1 1 1 1 1 0 0 0 0 0 0 0 0 0 0 0 0
"135" 135 0.455696202532 29 29 12 4 2 1 1 1 1 0 0 0 0 0 0 0 0 0 0 0
"136" 136 0.203488372093 79 1 0 0 0 0 0 0 0 0 0 0 0 0 0 0 0 0 0 0
"137" 137 0.0 79 1 0 0 0 0 0 0 0 0 0 0 0 0 0 0 0 0 0 0
"138" 138 0.379487179487 75 4 1 0 0 0 0 0 0 0 0 0 0 0 0 0 0 0 0 0
"139" 139 0.0 72 7 1 0 0 0 0 0 0 0 0 0 0 0 0 0 0 0 0 0
"140" 140 0.432692307692 79 0 0 0 0 0 0 0 0 0 0 0 0 0 0 0 0 0 0 0
"141" 141 0.591194968553 37 22 10 5 2 2 1 0 0 0 0 0 0 0 0 0 0 0 0 0
"142" 142 0.248175182482 79 0 0 0 0 0 0 0 0 0 0 0 0 0 0 0 0 0 0 0
"143" 143 0.138364779874 42 17 8 7 2 1 1 1 0 0 0 0 0 0 0 0 0 0 0 0
"144" 144 0.0 66 11 1 1 0 0 0 0 0 0 0 0 0 0 0 0 0 0 0 0
"145" 145 0.101265822785 79 0 0 0 0 0 0 0 0 0 0 0 0 0 0 0 0 0 0 0
"146" 146 0.0865384615385 75 2 1 1 0 0 0 0 0 0 0 0 0 0 0 0 0 0 0 0
"147" 147 0.362068965517 58 20 1 0 0 0 0 0 0 0 0 0 0 0 0 0 0 0 0 0
"148" 148 0.00507614213198 67 10 2 0 0 0 0 0 0 0 0 0 0 0 0 0 0 0 0 0
"149" 149 0.278846153846 72 3 1 0 0 0 0 0 0 0 0 0 0 0 0 0 0 0 0 0
"150" 150 0.592039800995 39 23 7 2 1 1 0 0 0 0 0 0 0 0 0 0 0 0 0 0
"151" 151 0.296511627907 17 10 5 1 1 0 0 0 0 0 0 0 0 0 0 0 0 0 0 0
"152" 152 0.917948717949 3 2 2 1 0 0 0 0 0 0 0 0 0 0 0 0 0 0 0 0
