"site" "RSA" "aa1" "aa2" "aa3" "aa4" "aa5" "aa6" "aa7" "aa8" "aa9" "aa10" "aa11" "aa12" "aa13" "aa14" "aa15" "aa16" "aa17" "aa18" "aa19" "aa20"
"0" 0 0.324503311258 291 113 21 20 19 19 10 7 0 0 0 0 0 0 0 0 0 0 0 0
"1" 1 0.548076923077 500 0 0 0 0 0 0 0 0 0 0 0 0 0 0 0 0 0 0 0
"2" 2 0.569230769231 79 76 75 72 55 50 24 17 14 10 8 7 6 4 3 0 0 0 0 0
"3" 3 0.0 499 1 0 0 0 0 0 0 0 0 0 0 0 0 0 0 0 0 0 0
"4" 4 0.583941605839 95 88 77 77 29 23 19 19 19 15 13 8 6 6 3 2 1 0 0 0
"5" 5 0.451776649746 231 131 49 49 10 9 8 6 4 1 1 1 0 0 0 0 0 0 0 0
"6" 6 0.480769230769 500 0 0 0 0 0 0 0 0 0 0 0 0 0 0 0 0 0 0 0
"7" 7 0.459915611814 181 115 52 27 27 22 16 15 10 8 8 8 7 1 1 1 1 0 0 0
"8" 8 0.616352201258 361 31 22 20 16 10 8 7 7 6 4 4 2 2 0 0 0 0 0 0
"9" 9 0.062015503876 485 15 0 0 0 0 0 0 0 0 0 0 0 0 0 0 0 0 0 0
"10" 10 0.106918238994 500 0 0 0 0 0 0 0 0 0 0 0 0 0 0 0 0 0 0 0
"11" 11 0.476683937824 254 35 34 33 33 18 15 13 12 11 10 10 9 4 3 3 2 1 0 0
"12" 12 0.0502092050209 491 5 4 0 0 0 0 0 0 0 0 0 0 0 0 0 0 0 0 0
"13" 13 0.514767932489 127 100 86 48 38 29 26 20 15 6 3 1 1 0 0 0 0 0 0 0
"14" 14 0.0542635658915 444 37 18 1 0 0 0 0 0 0 0 0 0 0 0 0 0 0 0 0
"15" 15 0.220930232558 172 151 27 25 25 15 14 12 10 9 8 8 7 6 5 3 2 1 0 0
"16" 16 0.0 488 10 2 0 0 0 0 0 0 0 0 0 0 0 0 0 0 0 0 0
"17" 17 0.0172413793103 266 225 4 3 1 1 0 0 0 0 0 0 0 0 0 0 0 0 0 0
"18" 18 0.155172413793 296 80 21 21 18 18 12 8 5 5 4 3 2 2 2 2 1 0 0 0
"19" 19 0.704663212435 232 85 46 36 26 21 21 13 8 5 4 2 1 0 0 0 0 0 0 0
"20" 20 0.423076923077 499 1 0 0 0 0 0 0 0 0 0 0 0 0 0 0 0 0 0 0
"21" 21 0.426356589147 107 90 61 49 29 24 20 20 19 16 15 13 12 9 5 5 5 1 0 0
"22" 22 0.359832635983 174 117 28 23 22 20 20 19 16 16 15 11 5 5 4 2 1 1 1 0
"23" 23 0.535864978903 68 67 58 53 45 42 39 29 28 27 26 11 4 2 1 0 0 0 0 0
"24" 24 0.388392857143 263 50 37 18 16 16 15 15 15 11 11 8 8 6 6 3 1 1 0 0
"25" 25 0.0172413793103 309 184 4 1 1 1 0 0 0 0 0 0 0 0 0 0 0 0 0 0
"26" 26 0.329113924051 175 100 72 51 44 20 13 8 6 5 4 1 1 0 0 0 0 0 0 0
"27" 27 0.0845771144279 479 15 4 2 0 0 0 0 0 0 0 0 0 0 0 0 0 0 0 0
"28" 28 0.397350993377 195 57 53 45 35 33 17 15 12 12 10 5 4 2 2 2 1 0 0 0
"29" 29 0.471502590674 121 112 58 45 38 36 31 23 9 9 8 5 4 1 0 0 0 0 0 0
"30" 30 0.133079847909 357 98 30 8 6 1 0 0 0 0 0 0 0 0 0 0 0 0 0 0
"31" 31 0.603375527426 128 87 68 51 34 26 24 22 16 13 8 6 6 6 3 1 1 0 0 0
"32" 32 0.625 500 0 0 0 0 0 0 0 0 0 0 0 0 0 0 0 0 0 0 0
"33" 33 0.413502109705 304 73 46 28 20 8 7 5 4 2 1 1 1 0 0 0 0 0 0 0
"34" 34 0.041825095057 246 238 7 2 2 2 2 1 0 0 0 0 0 0 0 0 0 0 0 0
"35" 35 0.0114942528736 402 92 6 0 0 0 0 0 0 0 0 0 0 0 0 0 0 0 0 0
"36" 36 0.0 497 2 1 0 0 0 0 0 0 0 0 0 0 0 0 0 0 0 0 0
"37" 37 0.0 500 0 0 0 0 0 0 0 0 0 0 0 0 0 0 0 0 0 0 0
"38" 38 0.0 490 7 1 1 1 0 0 0 0 0 0 0 0 0 0 0 0 0 0 0
"39" 39 0.0 500 0 0 0 0 0 0 0 0 0 0 0 0 0 0 0 0 0 0 0
"40" 40 0.0304182509506 466 30 2 1 1 0 0 0 0 0 0 0 0 0 0 0 0 0 0 0
"41" 41 0.0503144654088 171 142 116 66 5 0 0 0 0 0 0 0 0 0 0 0 0 0 0 0
"42" 42 0.303482587065 129 102 60 55 47 33 27 21 9 5 5 3 3 1 0 0 0 0 0 0
"43" 43 0.0518134715026 412 51 14 8 7 6 2 0 0 0 0 0 0 0 0 0 0 0 0 0
"44" 44 0.430962343096 406 30 24 13 10 8 5 2 1 1 0 0 0 0 0 0 0 0 0 0
"45" 45 0.232558139535 312 54 51 38 32 4 4 3 2 0 0 0 0 0 0 0 0 0 0 0
"46" 46 0.715481171548 80 72 67 56 43 36 22 20 20 19 15 13 12 11 5 4 3 2 0 0
"47" 47 0.212643678161 197 57 39 25 24 24 23 21 21 19 13 9 8 6 5 5 2 2 0 0
"48" 48 0.100628930818 488 8 3 1 0 0 0 0 0 0 0 0 0 0 0 0 0 0 0 0
"49" 49 0.511627906977 71 68 60 52 42 41 31 29 25 25 21 20 8 4 2 1 0 0 0 0
"50" 50 0.0401785714286 495 4 1 0 0 0 0 0 0 0 0 0 0 0 0 0 0 0 0 0
"51" 51 0.010152284264 492 7 1 0 0 0 0 0 0 0 0 0 0 0 0 0 0 0 0 0
"52" 52 0.157360406091 289 50 43 39 27 17 10 6 6 4 3 3 3 0 0 0 0 0 0 0
"53" 53 0.294573643411 241 178 45 14 9 5 3 2 1 1 1 0 0 0 0 0 0 0 0 0
"54" 54 0.00418410041841 441 55 2 1 1 0 0 0 0 0 0 0 0 0 0 0 0 0 0 0
"55" 55 0.0 282 215 3 0 0 0 0 0 0 0 0 0 0 0 0 0 0 0 0 0
"56" 56 0.512820512821 142 68 46 45 36 33 29 28 18 15 15 8 7 5 3 2 0 0 0 0
"57" 57 0.277372262774 228 87 70 23 19 13 12 11 11 6 6 4 4 3 1 1 1 0 0 0
"58" 58 0.015503875969 463 16 12 6 3 0 0 0 0 0 0 0 0 0 0 0 0 0 0 0
"59" 59 0.495535714286 238 96 32 28 20 14 11 11 11 10 8 8 8 2 1 1 1 0 0 0
"60" 60 0.264248704663 263 78 45 31 22 15 9 9 7 7 7 4 1 1 1 0 0 0 0 0
"61" 61 0.0 483 17 0 0 0 0 0 0 0 0 0 0 0 0 0 0 0 0 0 0
"62" 62 0.255474452555 426 27 15 10 7 6 5 2 1 1 0 0 0 0 0 0 0 0 0 0
"63" 63 0.658227848101 333 40 27 20 16 15 12 11 6 5 4 4 2 2 2 1 0 0 0 0
"64" 64 0.268656716418 396 38 15 14 9 8 5 4 4 3 2 1 1 0 0 0 0 0 0 0
"65" 65 0.259615384615 498 1 1 0 0 0 0 0 0 0 0 0 0 0 0 0 0 0 0 0
"66" 66 0.0 500 0 0 0 0 0 0 0 0 0 0 0 0 0 0 0 0 0 0 0
"67" 67 0.133928571429 383 56 29 17 3 3 3 3 2 1 0 0 0 0 0 0 0 0 0 0
"68" 68 0.0114942528736 498 2 0 0 0 0 0 0 0 0 0 0 0 0 0 0 0 0 0 0
"69" 69 0.0 493 3 3 1 0 0 0 0 0 0 0 0 0 0 0 0 0 0 0 0
"70" 70 0.0 490 6 2 1 1 0 0 0 0 0 0 0 0 0 0 0 0 0 0 0
"71" 71 0.0 364 74 34 17 5 5 1 0 0 0 0 0 0 0 0 0 0 0 0 0
"72" 72 0.0 367 98 32 2 1 0 0 0 0 0 0 0 0 0 0 0 0 0 0 0
"73" 73 0.0229885057471 205 129 67 43 33 17 3 2 1 0 0 0 0 0 0 0 0 0 0 0
"74" 74 0.155440414508 366 38 26 20 12 11 7 7 6 4 3 0 0 0 0 0 0 0 0 0
"75" 75 0.205298013245 397 61 11 6 5 5 4 3 2 2 1 1 1 1 0 0 0 0 0 0
"76" 76 0.165919282511 158 141 91 43 20 18 6 5 3 3 3 3 3 2 1 0 0 0 0 0
"77" 77 0.560669456067 171 83 59 32 24 21 20 19 18 16 12 10 6 6 1 1 1 0 0 0
"78" 78 0.279069767442 82 79 53 49 47 44 44 40 24 10 7 6 6 5 4 0 0 0 0 0
"79" 79 0.0 419 35 19 16 4 3 2 2 0 0 0 0 0 0 0 0 0 0 0 0
"80" 80 0.203980099502 162 82 60 57 39 31 24 10 9 7 5 4 3 3 2 2 0 0 0 0
"81" 81 0.372093023256 112 51 48 45 41 37 35 35 23 21 21 16 8 2 2 2 1 0 0 0
"82" 82 0.00354609929078 488 5 2 1 1 1 1 1 0 0 0 0 0 0 0 0 0 0 0 0
"83" 83 0.0862944162437 251 180 37 12 8 3 2 2 1 1 1 1 1 0 0 0 0 0 0 0
"84" 84 0.610256410256 107 96 52 51 43 33 33 29 28 11 8 6 2 1 0 0 0 0 0 0
"85" 85 0.203488372093 298 141 17 15 13 5 5 4 2 0 0 0 0 0 0 0 0 0 0 0
"86" 86 0.421383647799 472 11 6 2 2 2 2 1 1 1 0 0 0 0 0 0 0 0 0 0
"87" 87 0.248175182482 463 18 7 6 3 2 1 0 0 0 0 0 0 0 0 0 0 0 0 0
"88" 88 0.675105485232 101 77 53 50 45 41 28 28 21 13 12 12 10 8 1 0 0 0 0 0
"89" 89 0.660714285714 117 106 70 67 55 38 18 10 7 5 3 2 2 0 0 0 0 0 0 0
"90" 90 0.346153846154 500 0 0 0 0 0 0 0 0 0 0 0 0 0 0 0 0 0 0 0
"91" 91 0.00961538461538 500 0 0 0 0 0 0 0 0 0 0 0 0 0 0 0 0 0 0 0
"92" 92 0.0 499 1 0 0 0 0 0 0 0 0 0 0 0 0 0 0 0 0 0 0
"93" 93 0.0384615384615 500 0 0 0 0 0 0 0 0 0 0 0 0 0 0 0 0 0 0 0
"94" 94 0.647798742138 270 46 35 34 24 16 12 10 8 8 7 6 6 4 4 4 3 3 0 0
"95" 95 0.0796019900498 451 20 18 11 0 0 0 0 0 0 0 0 0 0 0 0 0 0 0 0
"96" 96 0.446153846154 159 101 62 28 24 23 22 20 18 18 15 5 4 1 0 0 0 0 0 0
"97" 97 0.0304568527919 463 31 6 0 0 0 0 0 0 0 0 0 0 0 0 0 0 0 0 0
"98" 98 0.062893081761 499 1 0 0 0 0 0 0 0 0 0 0 0 0 0 0 0 0 0 0
"99" 99 0.0 444 20 13 9 5 2 2 1 1 1 1 1 0 0 0 0 0 0 0 0
"100" 100 0.0 474 16 6 3 1 0 0 0 0 0 0 0 0 0 0 0 0 0 0 0
"101" 101 0.077519379845 273 219 8 0 0 0 0 0 0 0 0 0 0 0 0 0 0 0 0 0
"102" 102 0.0103626943005 500 0 0 0 0 0 0 0 0 0 0 0 0 0 0 0 0 0 0 0
"103" 103 0.436781609195 100 74 53 40 37 36 34 32 27 24 21 11 4 3 2 2 0 0 0 0
"104" 104 0.656976744186 139 82 54 50 43 31 23 20 16 15 15 10 2 0 0 0 0 0 0 0
"105" 105 0.288321167883 243 199 18 18 13 3 2 2 1 1 0 0 0 0 0 0 0 0 0 0
"106" 106 0.598540145985 199 42 41 40 36 36 26 19 16 11 9 9 7 6 2 1 0 0 0 0
"107" 107 0.0348258706468 396 66 16 11 6 3 2 0 0 0 0 0 0 0 0 0 0 0 0 0
"108" 108 0.0 324 174 2 0 0 0 0 0 0 0 0 0 0 0 0 0 0 0 0 0
"109" 109 0.508928571429 141 137 46 40 33 31 18 17 8 8 7 7 2 2 2 1 0 0 0 0
"110" 110 0.124352331606 145 72 60 52 52 31 27 20 15 10 6 3 2 2 2 1 0 0 0 0
"111" 111 0.0 490 6 3 1 0 0 0 0 0 0 0 0 0 0 0 0 0 0 0 0
"112" 112 0.355769230769 500 0 0 0 0 0 0 0 0 0 0 0 0 0 0 0 0 0 0 0
"113" 113 0.0172413793103 488 12 0 0 0 0 0 0 0 0 0 0 0 0 0 0 0 0 0 0
"114" 114 0.164179104478 420 21 20 17 10 9 2 1 0 0 0 0 0 0 0 0 0 0 0 0
"115" 115 0.151898734177 286 82 35 22 16 13 12 10 7 5 4 4 3 1 0 0 0 0 0 0
"116" 116 0.71511627907 92 86 50 50 44 27 24 23 19 17 15 14 14 9 6 5 4 1 0 0
"117" 117 0.694300518135 84 82 69 45 40 35 29 25 22 18 18 16 5 5 5 2 0 0 0 0
"118" 118 0.482142857143 170 76 76 41 37 34 25 12 8 6 5 3 2 2 2 1 0 0 0 0
"119" 119 0.173076923077 500 0 0 0 0 0 0 0 0 0 0 0 0 0 0 0 0 0 0 0
"120" 120 0.0507614213198 192 188 30 19 14 14 10 10 7 5 4 2 2 1 1 1 0 0 0 0
"121" 121 0.0 480 18 1 1 0 0 0 0 0 0 0 0 0 0 0 0 0 0 0 0
"122" 122 0.254752851711 131 97 64 61 53 36 20 13 7 5 5 3 2 2 1 0 0 0 0 0
"123" 123 0.0474452554745 292 83 33 29 25 15 6 4 3 3 2 2 1 1 1 0 0 0 0 0
"124" 124 0.0 500 0 0 0 0 0 0 0 0 0 0 0 0 0 0 0 0 0 0 0
"125" 125 0.0199004975124 304 92 64 17 15 3 2 1 1 1 0 0 0 0 0 0 0 0 0 0
"126" 126 0.0 500 0 0 0 0 0 0 0 0 0 0 0 0 0 0 0 0 0 0 0
"127" 127 0.0 467 33 0 0 0 0 0 0 0 0 0 0 0 0 0 0 0 0 0 0
"128" 128 0.00507614213198 444 55 1 0 0 0 0 0 0 0 0 0 0 0 0 0 0 0 0 0
"129" 129 0.0673575129534 497 2 1 0 0 0 0 0 0 0 0 0 0 0 0 0 0 0 0 0
"130" 130 0.173076923077 499 1 0 0 0 0 0 0 0 0 0 0 0 0 0 0 0 0 0 0
"131" 131 0.721518987342 133 89 78 47 28 25 23 22 20 13 9 5 4 4 0 0 0 0 0 0
"132" 132 0.0961538461538 500 0 0 0 0 0 0 0 0 0 0 0 0 0 0 0 0 0 0 0
"133" 133 0.183908045977 188 104 47 30 24 24 16 15 14 12 7 5 5 4 3 2 0 0 0 0
"134" 134 0.0 500 0 0 0 0 0 0 0 0 0 0 0 0 0 0 0 0 0 0 0
"135" 135 0.204379562044 464 23 7 5 1 0 0 0 0 0 0 0 0 0 0 0 0 0 0 0
"136" 136 0.156950672646 142 68 48 34 34 33 32 31 24 16 14 8 7 4 4 1 0 0 0 0
"137" 137 0.258883248731 477 22 1 0 0 0 0 0 0 0 0 0 0 0 0 0 0 0 0 0
"138" 138 0.220930232558 309 62 32 18 15 13 10 9 9 6 5 4 2 2 2 1 1 0 0 0
"139" 139 0.385057471264 336 164 0 0 0 0 0 0 0 0 0 0 0 0 0 0 0 0 0 0
"140" 140 0.205128205128 401 45 10 8 8 6 5 5 3 3 3 1 1 1 0 0 0 0 0 0
"141" 141 0.507772020725 170 111 47 42 27 24 17 15 13 12 7 6 3 2 2 1 1 0 0 0
"142" 142 0.174129353234 197 86 45 30 21 18 17 17 17 16 11 9 8 5 2 1 0 0 0 0
"143" 143 0.591194968553 90 89 39 38 35 34 33 29 28 21 18 17 11 5 5 4 3 1 0 0
"144" 144 0.534482758621 223 120 44 31 17 15 9 7 7 6 5 5 3 3 2 2 1 0 0 0
"145" 145 0.278846153846 393 63 14 8 6 5 3 3 2 1 1 1 0 0 0 0 0 0 0 0
"146" 146 0.116788321168 417 56 25 1 1 0 0 0 0 0 0 0 0 0 0 0 0 0 0 0
"147" 147 0.384105960265 309 36 33 24 16 16 13 13 11 10 8 4 3 2 2 0 0 0 0 0
"148" 148 0.0747126436782 392 35 26 25 8 6 5 2 1 0 0 0 0 0 0 0 0 0 0 0
"149" 149 0.507772020725 307 30 29 26 20 19 14 10 10 10 9 5 4 4 3 0 0 0 0 0
"150" 150 0.357142857143 497 2 1 0 0 0 0 0 0 0 0 0 0 0 0 0 0 0 0 0
"151" 151 0.031007751938 475 15 8 1 1 0 0 0 0 0 0 0 0 0 0 0 0 0 0 0
"152" 152 0.0995024875622 355 33 24 22 12 11 11 10 8 7 5 2 0 0 0 0 0 0 0 0
"153" 153 0.160583941606 500 0 0 0 0 0 0 0 0 0 0 0 0 0 0 0 0 0 0 0
"154" 154 0.0995024875622 292 78 67 25 8 6 5 4 3 3 2 2 2 1 1 1 0 0 0 0
"155" 155 0.0 485 12 3 0 0 0 0 0 0 0 0 0 0 0 0 0 0 0 0 0
"156" 156 0.210762331839 146 95 75 49 41 40 19 14 11 4 3 2 1 0 0 0 0 0 0 0
"157" 157 0.077519379845 493 5 2 0 0 0 0 0 0 0 0 0 0 0 0 0 0 0 0 0
"158" 158 0.192468619247 279 97 43 18 15 14 12 5 4 4 3 2 2 1 1 0 0 0 0 0
"159" 159 0.116591928251 294 120 18 17 15 12 9 7 3 1 1 1 1 1 0 0 0 0 0 0
"160" 160 0.285171102662 425 60 9 2 2 1 1 0 0 0 0 0 0 0 0 0 0 0 0 0
"161" 161 0.18023255814 242 131 92 12 9 9 3 1 1 0 0 0 0 0 0 0 0 0 0 0
"162" 162 0.388601036269 134 72 48 38 37 28 26 21 19 18 16 15 10 10 5 2 1 0 0 0
"163" 163 0.625 81 71 45 43 40 36 34 33 30 25 24 24 7 3 2 1 1 0 0 0
"164" 164 0.468899521531 138 90 59 57 35 31 26 23 15 9 8 4 4 1 0 0 0 0 0 0
"165" 165 0.490384615385 496 3 1 0 0 0 0 0 0 0 0 0 0 0 0 0 0 0 0 0
"166" 166 0.191964285714 402 42 20 11 10 3 3 3 2 2 1 1 0 0 0 0 0 0 0 0
"167" 167 0.373563218391 190 159 43 30 26 18 13 13 3 2 2 1 0 0 0 0 0 0 0 0
"168" 168 0.23417721519 500 0 0 0 0 0 0 0 0 0 0 0 0 0 0 0 0 0 0 0
"169" 169 0.163522012579 499 1 0 0 0 0 0 0 0 0 0 0 0 0 0 0 0 0 0 0
"170" 170 0.821705426357 270 49 39 31 19 15 15 13 11 11 10 7 2 2 2 2 2 0 0 0
"171" 171 0.5 500 0 0 0 0 0 0 0 0 0 0 0 0 0 0 0 0 0 0 0
"172" 172 0.0248226950355 500 0 0 0 0 0 0 0 0 0 0 0 0 0 0 0 0 0 0 0
"173" 173 0.548523206751 277 80 41 20 16 15 12 10 7 7 4 3 2 2 2 1 1 0 0 0
"174" 174 0.465408805031 486 4 2 2 1 1 1 1 1 1 0 0 0 0 0 0 0 0 0 0
"175" 175 0.817307692308 500 0 0 0 0 0 0 0 0 0 0 0 0 0 0 0 0 0 0 0
"176" 176 0.344370860927 236 125 86 16 13 9 7 5 3 0 0 0 0 0 0 0 0 0 0 0
"177" 177 0.300518134715 454 10 8 7 5 5 4 2 2 1 1 1 0 0 0 0 0 0 0 0
"178" 178 0.127906976744 393 78 8 8 5 4 2 1 1 0 0 0 0 0 0 0 0 0 0 0
"179" 179 0.137055837563 457 37 3 1 1 1 0 0 0 0 0 0 0 0 0 0 0 0 0 0
"180" 180 0.308016877637 161 122 81 31 21 17 14 13 10 10 8 5 3 3 1 0 0 0 0 0
"181" 181 0.522012578616 492 5 2 1 0 0 0 0 0 0 0 0 0 0 0 0 0 0 0 0
"182" 182 0.384615384615 312 54 32 26 21 20 13 7 6 4 4 1 0 0 0 0 0 0 0 0
"183" 183 0.626436781609 89 69 67 40 39 32 29 28 17 17 16 15 14 13 10 4 1 0 0 0
"184" 184 0.668393782383 276 58 33 24 21 17 13 11 10 9 7 6 4 4 4 3 0 0 0 0
"185" 185 0.373056994819 122 70 68 56 45 38 34 27 13 12 4 4 3 3 1 0 0 0 0 0
"186" 186 0.0927152317881 282 193 22 2 1 0 0 0 0 0 0 0 0 0 0 0 0 0 0 0
"187" 187 0.510548523207 330 34 26 22 21 18 13 9 7 5 4 4 3 2 1 1 0 0 0 0
"188" 188 0.5 69 60 53 41 40 38 36 27 21 17 16 16 16 16 10 10 8 6 0 0
"189" 189 0.182509505703 314 182 3 1 0 0 0 0 0 0 0 0 0 0 0 0 0 0 0 0
"190" 190 0.401673640167 87 75 72 57 47 33 24 23 20 15 13 11 10 4 3 2 2 2 0 0
"191" 191 0.569536423841 83 75 71 58 38 35 28 27 23 20 11 9 7 5 4 3 2 1 0 0
"192" 192 0.607594936709 410 25 13 11 11 10 7 6 3 2 1 1 0 0 0 0 0 0 0 0
"193" 193 0.377990430622 426 21 14 8 7 6 6 6 3 2 1 0 0 0 0 0 0 0 0 0
"194" 194 0.907692307692 80 73 62 60 41 36 29 29 22 16 15 12 12 11 1 1 0 0 0 0
