"site" "RSA" "aa1" "aa2" "aa3" "aa4" "aa5" "aa6" "aa7" "aa8" "aa9" "aa10" "aa11" "aa12" "aa13" "aa14" "aa15" "aa16" "aa17" "aa18" "aa19" "aa20"
"0" 0 0.459770114943 45 24 16 15 1 0 0 0 0 0 0 0 0 0 0 0 0 0 0 0
"1" 1 0.219730941704 96 13 9 4 3 2 1 1 1 0 0 0 0 0 0 0 0 0 0 0
"2" 2 0.0 131 7 0 0 0 0 0 0 0 0 0 0 0 0 0 0 0 0 0 0
"3" 3 0.218390804598 102 34 1 1 1 0 0 0 0 0 0 0 0 0 0 0 0 0 0 0
"4" 4 0.0 69 56 9 3 2 0 0 0 0 0 0 0 0 0 0 0 0 0 0 0
"5" 5 0.396551724138 112 10 4 4 3 2 1 1 1 1 0 0 0 0 0 0 0 0 0 0
"6" 6 0.0 106 17 9 7 2 1 0 0 0 0 0 0 0 0 0 0 0 0 0 0
"7" 7 0.590717299578 40 28 20 14 9 8 6 4 4 4 2 2 1 1 0 0 0 0 0 0
"8" 8 0.375 121 15 3 1 1 1 1 0 0 0 0 0 0 0 0 0 0 0 0 0
"9" 9 0.922279792746 60 16 11 8 8 7 5 2 2 0 0 0 0 0 0 0 0 0 0 0
"10" 10 0.503875968992 30 30 19 15 12 5 4 3 2 1 0 0 0 0 0 0 0 0 0 0
"11" 11 0.576923076923 30 15 13 11 8 8 7 6 5 4 2 2 1 1 1 0 0 0 0 0
"12" 12 0.0574712643678 131 7 6 4 1 1 0 0 0 0 0 0 0 0 0 0 0 0 0 0
"13" 13 0.397350993377 42 38 26 10 7 7 6 4 3 2 2 1 1 1 1 0 0 0 0 0
"14" 14 0.144230769231 154 0 0 0 0 0 0 0 0 0 0 0 0 0 0 0 0 0 0 0
"15" 15 0.35632183908 76 34 16 9 5 5 4 1 1 1 1 1 0 0 0 0 0 0 0 0
"16" 16 0.0 78 62 13 1 1 0 0 0 0 0 0 0 0 0 0 0 0 0 0 0
"17" 17 0.261603375527 28 21 21 17 13 11 8 7 6 4 4 3 3 3 2 1 1 1 1 0
"18" 18 0.00418410041841 140 12 4 1 0 0 0 0 0 0 0 0 0 0 0 0 0 0 0 0
"19" 19 0.446428571429 46 34 23 13 12 8 7 4 3 3 1 1 1 1 0 0 0 0 0 0
"20" 20 0.0 144 7 1 1 1 1 1 0 0 0 0 0 0 0 0 0 0 0 0 0
"21" 21 0.589147286822 60 21 14 13 11 8 6 6 5 3 3 2 1 0 0 0 0 0 0 0
"22" 22 0.35761589404 40 35 18 15 10 9 8 5 3 3 2 2 2 1 1 0 0 0 0 0
"23" 23 0.410714285714 44 28 19 17 9 8 7 5 4 4 3 2 2 2 1 1 0 0 0 0
"24" 24 0.695364238411 54 26 17 12 11 10 7 2 2 2 2 1 1 0 0 0 0 0 0 0
"25" 25 0.258928571429 28 19 18 14 13 7 6 5 3 2 2 1 1 1 1 0 0 0 0 0
"26" 26 0.308176100629 96 12 8 5 3 3 3 3 3 2 2 2 1 1 1 1 1 0 0 0
"27" 27 0.0 82 54 10 7 2 2 1 0 0 0 0 0 0 0 0 0 0 0 0 0
"28" 28 0.151162790698 56 39 14 10 7 6 6 5 3 3 2 2 2 1 1 1 0 0 0 0
"29" 29 0.0 84 60 11 1 1 1 0 0 0 0 0 0 0 0 0 0 0 0 0 0
"30" 30 0.298013245033 59 41 13 9 8 5 4 4 3 2 2 2 1 1 1 1 1 1 0 0
"31" 31 0.12927756654 114 12 10 10 6 3 2 0 0 0 0 0 0 0 0 0 0 0 0 0
"32" 32 0.446428571429 47 25 14 14 12 11 10 7 6 6 3 1 1 1 0 0 0 0 0 0
"33" 33 0.00507614213198 87 37 28 5 1 0 0 0 0 0 0 0 0 0 0 0 0 0 0 0
"34" 34 0.317829457364 50 42 26 7 6 5 5 4 2 2 2 2 2 1 1 1 0 0 0 0
"35" 35 0.413461538462 140 17 1 1 0 0 0 0 0 0 0 0 0 0 0 0 0 0 0 0
"36" 36 0.102564102564 136 13 3 2 1 1 1 1 1 0 0 0 0 0 0 0 0 0 0 0
"37" 37 0.377483443709 48 28 20 17 16 14 5 5 3 1 1 1 0 0 0 0 0 0 0 0
"38" 38 0.465408805031 17 14 1 1 0 0 0 0 0 0 0 0 0 0 0 0 0 0 0 0
"39" 39 0.594871794872 67 26 17 14 11 8 8 5 2 1 0 0 0 0 0 0 0 0 0 0
"40" 40 0.170542635659 129 21 3 3 1 1 1 1 0 0 0 0 0 0 0 0 0 0 0 0
"41" 41 0.330357142857 66 49 16 7 6 5 4 3 2 1 1 0 0 0 0 0 0 0 0 0
"42" 42 0.153284671533 133 25 1 1 0 0 0 0 0 0 0 0 0 0 0 0 0 0 0 0
"43" 43 0.0 159 1 0 0 0 0 0 0 0 0 0 0 0 0 0 0 0 0 0 0
"44" 44 0.0 149 4 3 2 1 0 0 0 0 0 0 0 0 0 0 0 0 0 0 0
"45" 45 0.0 160 0 0 0 0 0 0 0 0 0 0 0 0 0 0 0 0 0 0 0
"46" 46 0.0 95 61 3 1 0 0 0 0 0 0 0 0 0 0 0 0 0 0 0 0
"47" 47 0.0 157 2 1 0 0 0 0 0 0 0 0 0 0 0 0 0 0 0 0 0
"48" 48 0.321428571429 88 31 25 5 4 4 1 1 1 0 0 0 0 0 0 0 0 0 0 0
"49" 49 0.393305439331 100 22 16 11 4 3 1 1 1 1 0 0 0 0 0 0 0 0 0 0
"50" 50 0.298076923077 159 1 0 0 0 0 0 0 0 0 0 0 0 0 0 0 0 0 0 0
"51" 51 0.341968911917 157 2 1 0 0 0 0 0 0 0 0 0 0 0 0 0 0 0 0 0
"52" 52 0.53488372093 63 51 19 5 5 4 3 3 2 1 1 1 1 1 0 0 0 0 0 0
"53" 53 0.720930232558 127 28 2 2 1 0 0 0 0 0 0 0 0 0 0 0 0 0 0 0
"54" 54 0.54358974359 135 8 8 4 2 1 1 1 0 0 0 0 0 0 0 0 0 0 0 0
"55" 55 0.480769230769 157 1 1 1 0 0 0 0 0 0 0 0 0 0 0 0 0 0 0 0
"56" 56 0.0886075949367 160 0 0 0 0 0 0 0 0 0 0 0 0 0 0 0 0 0 0 0
"57" 57 0.563218390805 79 24 19 13 11 6 4 2 1 1 0 0 0 0 0 0 0 0 0 0
"58" 58 0.145695364238 155 3 2 0 0 0 0 0 0 0 0 0 0 0 0 0 0 0 0 0
"59" 59 0.0077519379845 118 36 4 1 1 0 0 0 0 0 0 0 0 0 0 0 0 0 0 0
"60" 60 0.153846153846 153 3 3 0 0 0 0 0 0 0 0 0 0 0 0 0 0 0 0 0
"61" 61 0.465408805031 83 38 14 12 9 2 1 1 0 0 0 0 0 0 0 0 0 0 0 0
"62" 62 0.0478468899522 160 0 0 0 0 0 0 0 0 0 0 0 0 0 0 0 0 0 0 0
"63" 63 0.0376569037657 136 23 1 0 0 0 0 0 0 0 0 0 0 0 0 0 0 0 0 0
"64" 64 0.230769230769 160 0 0 0 0 0 0 0 0 0 0 0 0 0 0 0 0 0 0 0
"65" 65 0.327044025157 160 0 0 0 0 0 0 0 0 0 0 0 0 0 0 0 0 0 0 0
"66" 66 0.523012552301 47 30 13 13 10 10 9 7 5 4 4 3 2 1 1 1 0 0 0 0
"67" 67 0.784810126582 60 39 30 12 6 5 2 2 1 1 1 1 0 0 0 0 0 0 0 0
"68" 68 0.37552742616 107 12 9 7 7 6 4 3 2 1 1 1 0 0 0 0 0 0 0 0
"69" 69 0.348837209302 44 32 24 23 9 5 5 3 3 3 3 1 1 1 1 1 1 0 0 0
"70" 70 0.0191387559809 160 0 0 0 0 0 0 0 0 0 0 0 0 0 0 0 0 0 0 0
"71" 71 0.00961538461538 155 4 1 0 0 0 0 0 0 0 0 0 0 0 0 0 0 0 0 0
"72" 72 0.062015503876 87 58 7 4 1 1 1 1 0 0 0 0 0 0 0 0 0 0 0 0
"73" 73 0.276729559748 149 6 2 1 1 1 0 0 0 0 0 0 0 0 0 0 0 0 0 0
"74" 74 0.78488372093 41 33 20 18 14 6 6 5 5 5 2 2 1 1 1 0 0 0 0 0
"75" 75 0.305699481865 122 19 12 3 2 1 1 0 0 0 0 0 0 0 0 0 0 0 0 0
"76" 76 0.763392857143 62 25 17 14 10 8 6 5 4 3 3 1 1 1 0 0 0 0 0 0
"77" 77 0.373563218391 42 40 34 19 10 8 2 1 1 1 1 1 0 0 0 0 0 0 0 0
"78" 78 0.0547445255474 156 3 1 0 0 0 0 0 0 0 0 0 0 0 0 0 0 0 0 0
"79" 79 0.0478468899522 160 0 0 0 0 0 0 0 0 0 0 0 0 0 0 0 0 0 0 0
"80" 80 0.0172413793103 108 33 9 6 2 1 1 0 0 0 0 0 0 0 0 0 0 0 0 0
"81" 81 0.0 160 0 0 0 0 0 0 0 0 0 0 0 0 0 0 0 0 0 0 0
"82" 82 0.0 160 0 0 0 0 0 0 0 0 0 0 0 0 0 0 0 0 0 0 0
"83" 83 0.045871559633 152 8 0 0 0 0 0 0 0 0 0 0 0 0 0 0 0 0 0 0
"84" 84 0.0288461538462 158 1 0 0 0 0 0 0 0 0 0 0 0 0 0 0 0 0 0 0
"85" 85 0.169230769231 159 0 0 0 0 0 0 0 0 0 0 0 0 0 0 0 0 0 0 0
"86" 86 0.0114942528736 76 75 5 2 1 0 0 0 0 0 0 0 0 0 0 0 0 0 0 0
"87" 87 0.649789029536 39 32 29 16 11 7 5 4 3 2 2 2 2 2 2 1 0 0 0 0
"88" 88 0.046511627907 104 26 17 11 1 0 0 0 0 0 0 0 0 0 0 0 0 0 0 0
"89" 89 0.300518134715 54 47 25 5 5 4 4 4 3 1 0 0 0 0 0 0 0 0 0 0
"90" 90 0.607142857143 45 27 21 17 16 16 3 3 2 2 1 1 1 1 1 1 0 0 0 0
"91" 91 0.676923076923 61 40 15 12 11 7 5 3 2 1 1 1 0 0 0 0 0 0 0 0
"92" 92 0.0 135 8 7 2 2 1 1 1 1 0 0 0 0 0 0 0 0 0 0 0
"93" 93 0.235632183908 85 14 13 12 9 8 3 3 3 2 2 1 1 1 0 0 0 0 0 0
"94" 94 0.0 110 25 11 7 3 1 1 1 0 0 0 0 0 0 0 0 0 0 0 0
"95" 95 0.637130801688 50 23 11 11 11 10 9 8 6 5 3 3 3 2 1 1 1 0 0 0
"96" 96 0.259615384615 53 45 21 19 5 5 4 2 2 1 1 0 0 0 0 0 0 0 0 0
"97" 97 0.456953642384 41 31 25 20 8 8 4 3 3 3 3 3 2 2 1 1 0 0 0 0
"98" 98 0.221757322176 92 20 12 12 8 6 5 2 1 1 0 0 0 0 0 0 0 0 0 0
"99" 99 0.594936708861 48 28 20 17 14 11 7 4 3 2 1 1 1 1 1 0 0 0 0 0
"100" 100 0.0621761658031 153 4 2 0 0 0 0 0 0 0 0 0 0 0 0 0 0 0 0 0
"101" 101 0.53642384106 43 43 23 7 6 5 5 5 4 4 4 4 2 1 1 1 1 0 0 0
"102" 102 0.298507462687 45 30 28 17 14 8 5 4 2 1 1 1 1 1 1 0 0 0 0 0
"103" 103 0.0 116 21 13 9 1 0 0 0 0 0 0 0 0 0 0 0 0 0 0 0
"104" 104 0.151898734177 74 26 25 20 10 1 1 1 1 1 0 0 0 0 0 0 0 0 0 0
"105" 105 0.044776119403 157 2 1 0 0 0 0 0 0 0 0 0 0 0 0 0 0 0 0 0
"106" 106 0.238578680203 37 34 19 16 14 6 6 5 4 4 4 3 3 1 1 1 1 1 0 0
"107" 107 0.317307692308 160 0 0 0 0 0 0 0 0 0 0 0 0 0 0 0 0 0 0 0
"108" 108 0.74213836478 80 29 13 9 8 5 5 3 2 2 1 1 1 1 0 0 0 0 0 0
"109" 109 0.122093023256 49 43 18 15 6 6 5 4 4 3 2 2 1 1 1 0 0 0 0 0
"110" 110 0.172185430464 132 13 9 3 1 1 1 0 0 0 0 0 0 0 0 0 0 0 0 0
"111" 111 0.0 115 42 1 1 1 0 0 0 0 0 0 0 0 0 0 0 0 0 0 0
"112" 112 0.252873563218 98 30 29 1 1 1 0 0 0 0 0 0 0 0 0 0 0 0 0 0
"113" 113 0.403846153846 160 0 0 0 0 0 0 0 0 0 0 0 0 0 0 0 0 0 0 0
"114" 114 0.20802919708 159 1 0 0 0 0 0 0 0 0 0 0 0 0 0 0 0 0 0 0
"115" 115 0.0264900662252 60 51 43 3 2 1 0 0 0 0 0 0 0 0 0 0 0 0 0 0
"116" 116 0.0 61 44 26 22 4 3 0 0 0 0 0 0 0 0 0 0 0 0 0 0
"117" 117 0.0 157 2 1 0 0 0 0 0 0 0 0 0 0 0 0 0 0 0 0 0
"118" 118 0.0 123 31 5 1 0 0 0 0 0 0 0 0 0 0 0 0 0 0 0 0
"119" 119 0.0239234449761 160 0 0 0 0 0 0 0 0 0 0 0 0 0 0 0 0 0 0 0
"120" 120 0.333333333333 99 35 8 5 4 4 3 1 1 0 0 0 0 0 0 0 0 0 0 0
"121" 121 0.163461538462 70 39 22 8 7 5 5 2 1 1 0 0 0 0 0 0 0 0 0 0
"122" 122 0.484304932735 41 38 25 17 13 7 7 4 4 2 1 1 0 0 0 0 0 0 0 0
"123" 123 0.0103626943005 160 0 0 0 0 0 0 0 0 0 0 0 0 0 0 0 0 0 0 0
"124" 124 0.238341968912 160 0 0 0 0 0 0 0 0 0 0 0 0 0 0 0 0 0 0 0
"125" 125 0.218905472637 152 3 3 1 1 0 0 0 0 0 0 0 0 0 0 0 0 0 0 0
"126" 126 0.144230769231 159 0 0 0 0 0 0 0 0 0 0 0 0 0 0 0 0 0 0 0
"127" 127 0.561181434599 93 34 19 6 3 3 1 1 0 0 0 0 0 0 0 0 0 0 0 0
"128" 128 0.240384615385 142 14 2 1 0 0 0 0 0 0 0 0 0 0 0 0 0 0 0 0
"129" 129 0.896373056995 111 19 8 7 7 2 1 1 1 1 1 1 0 0 0 0 0 0 0 0
"130" 130 0.412790697674 84 40 7 6 5 5 4 3 2 1 1 1 1 0 0 0 0 0 0 0
"131" 131 0.607142857143 98 17 14 9 5 4 4 3 3 1 1 1 0 0 0 0 0 0 0 0
"132" 132 0.316964285714 69 60 21 4 2 1 1 1 0 0 0 0 0 0 0 0 0 0 0 0
"133" 133 0.0 160 0 0 0 0 0 0 0 0 0 0 0 0 0 0 0 0 0 0 0
"134" 134 0.378109452736 87 59 3 3 3 2 1 1 1 0 0 0 0 0 0 0 0 0 0 0
"135" 135 0.455696202532 64 61 17 10 2 2 2 1 1 0 0 0 0 0 0 0 0 0 0 0
"136" 136 0.203488372093 159 1 0 0 0 0 0 0 0 0 0 0 0 0 0 0 0 0 0 0
"137" 137 0.0 158 1 1 0 0 0 0 0 0 0 0 0 0 0 0 0 0 0 0 0
"138" 138 0.379487179487 149 9 1 1 0 0 0 0 0 0 0 0 0 0 0 0 0 0 0 0
"139" 139 0.0 138 21 1 0 0 0 0 0 0 0 0 0 0 0 0 0 0 0 0 0
"140" 140 0.432692307692 159 0 0 0 0 0 0 0 0 0 0 0 0 0 0 0 0 0 0 0
"141" 141 0.591194968553 67 53 16 16 3 2 1 1 0 0 0 0 0 0 0 0 0 0 0 0
"142" 142 0.248175182482 159 0 0 0 0 0 0 0 0 0 0 0 0 0 0 0 0 0 0 0
"143" 143 0.138364779874 78 37 19 12 4 3 2 2 1 1 0 0 0 0 0 0 0 0 0 0
"144" 144 0.0 129 21 3 2 1 1 1 1 0 0 0 0 0 0 0 0 0 0 0 0
"145" 145 0.101265822785 158 1 0 0 0 0 0 0 0 0 0 0 0 0 0 0 0 0 0 0
"146" 146 0.0865384615385 152 2 2 2 0 0 0 0 0 0 0 0 0 0 0 0 0 0 0 0
"147" 147 0.362068965517 119 36 2 1 0 0 0 0 0 0 0 0 0 0 0 0 0 0 0 0
"148" 148 0.00507614213198 138 18 2 0 0 0 0 0 0 0 0 0 0 0 0 0 0 0 0 0
"149" 149 0.278846153846 143 9 1 1 0 0 0 0 0 0 0 0 0 0 0 0 0 0 0 0
"150" 150 0.592039800995 79 45 17 4 3 1 1 0 0 0 0 0 0 0 0 0 0 0 0 0
"151" 151 0.296511627907 32 18 9 3 2 1 1 0 0 0 0 0 0 0 0 0 0 0 0 0
"152" 152 0.917948717949 9 4 3 2 1 0 0 0 0 0 0 0 0 0 0 0 0 0 0 0
