"site" "RSA" "aa1" "aa2" "aa3" "aa4" "aa5" "aa6" "aa7" "aa8" "aa9" "aa10" "aa11" "aa12" "aa13" "aa14" "aa15" "aa16" "aa17" "aa18" "aa19" "aa20"
"0" 0 0.766423357664 245 55 49 44 36 26 16 8 7 4 3 3 2 2 0 0 0 0 0 0
"1" 1 0.426395939086 435 64 1 0 0 0 0 0 0 0 0 0 0 0 0 0 0 0 0 0
"2" 2 0.197674418605 180 155 65 63 26 6 3 1 1 0 0 0 0 0 0 0 0 0 0 0
"3" 3 0.497512437811 198 137 120 38 3 2 2 0 0 0 0 0 0 0 0 0 0 0 0 0
"4" 4 0.155172413793 391 56 48 3 2 0 0 0 0 0 0 0 0 0 0 0 0 0 0 0
"5" 5 0.663212435233 318 60 44 26 19 9 7 4 3 3 3 3 1 0 0 0 0 0 0 0
"6" 6 0.387559808612 500 0 0 0 0 0 0 0 0 0 0 0 0 0 0 0 0 0 0 0
"7" 7 0.584905660377 495 2 1 1 1 0 0 0 0 0 0 0 0 0 0 0 0 0 0 0
"8" 8 0.422885572139 317 70 37 21 15 15 10 7 5 3 0 0 0 0 0 0 0 0 0 0
"9" 9 0.0172413793103 500 0 0 0 0 0 0 0 0 0 0 0 0 0 0 0 0 0 0 0
"10" 10 0.511210762332 201 119 36 26 24 21 20 16 12 8 6 5 3 2 1 0 0 0 0 0
"11" 11 0.516746411483 109 74 66 43 38 30 25 22 20 18 18 16 8 5 4 4 0 0 0 0
"12" 12 0.160337552743 263 84 59 31 21 15 12 5 4 3 1 1 1 0 0 0 0 0 0 0
"13" 13 0.0547263681592 497 2 1 0 0 0 0 0 0 0 0 0 0 0 0 0 0 0 0 0
"14" 14 0.449612403101 163 71 71 58 34 29 18 17 13 11 7 4 3 1 0 0 0 0 0 0
"15" 15 0.377990430622 235 123 29 27 21 21 16 11 5 4 4 3 1 0 0 0 0 0 0 0
"16" 16 0.0 500 0 0 0 0 0 0 0 0 0 0 0 0 0 0 0 0 0 0 0
"17" 17 0.251824817518 499 1 0 0 0 0 0 0 0 0 0 0 0 0 0 0 0 0 0 0
"18" 18 0.233160621762 498 1 1 0 0 0 0 0 0 0 0 0 0 0 0 0 0 0 0 0
"19" 19 0.801687763713 209 73 48 28 21 18 17 16 14 13 12 10 7 6 4 4 0 0 0 0
"20" 20 0.740875912409 495 2 2 1 0 0 0 0 0 0 0 0 0 0 0 0 0 0 0 0
"21" 21 0.116279069767 500 0 0 0 0 0 0 0 0 0 0 0 0 0 0 0 0 0 0 0
"22" 22 0.336538461538 480 13 3 2 1 1 0 0 0 0 0 0 0 0 0 0 0 0 0 0
"23" 23 0.339622641509 484 15 1 0 0 0 0 0 0 0 0 0 0 0 0 0 0 0 0 0
"24" 24 0.518987341772 321 128 11 10 6 5 4 4 4 2 2 1 1 1 0 0 0 0 0 0
"25" 25 0.455958549223 146 111 68 57 36 27 21 17 14 1 1 1 0 0 0 0 0 0 0 0
"26" 26 0.0209205020921 500 0 0 0 0 0 0 0 0 0 0 0 0 0 0 0 0 0 0 0
"27" 27 0.288321167883 253 77 62 52 40 12 4 0 0 0 0 0 0 0 0 0 0 0 0 0
"28" 28 0.303571428571 313 114 18 14 10 10 9 7 2 2 1 0 0 0 0 0 0 0 0 0
"29" 29 0.10447761194 388 83 26 2 1 0 0 0 0 0 0 0 0 0 0 0 0 0 0 0
"30" 30 0.0232558139535 469 23 5 2 1 0 0 0 0 0 0 0 0 0 0 0 0 0 0 0
"31" 31 0.178571428571 485 15 0 0 0 0 0 0 0 0 0 0 0 0 0 0 0 0 0 0
"32" 32 0.357142857143 424 22 21 20 4 3 2 2 1 1 0 0 0 0 0 0 0 0 0 0
"33" 33 0.0574712643678 498 2 0 0 0 0 0 0 0 0 0 0 0 0 0 0 0 0 0 0
"34" 34 0.232558139535 471 14 7 4 3 1 0 0 0 0 0 0 0 0 0 0 0 0 0 0
"35" 35 0.308457711443 224 213 36 20 6 1 0 0 0 0 0 0 0 0 0 0 0 0 0 0
"36" 36 0.31007751938 474 24 2 0 0 0 0 0 0 0 0 0 0 0 0 0 0 0 0 0
"37" 37 0.619771863118 326 68 39 18 13 9 7 6 4 3 3 3 1 0 0 0 0 0 0 0
"38" 38 0.316964285714 187 75 53 37 28 24 16 15 15 10 10 9 6 6 6 2 1 0 0 0
"39" 39 0.139534883721 448 47 5 0 0 0 0 0 0 0 0 0 0 0 0 0 0 0 0 0
"40" 40 0.591240875912 500 0 0 0 0 0 0 0 0 0 0 0 0 0 0 0 0 0 0 0
"41" 41 0.414507772021 130 121 80 67 24 23 13 12 7 7 6 4 4 2 0 0 0 0 0 0
"42" 42 0.273631840796 233 181 15 14 12 11 9 7 5 4 3 2 2 1 1 0 0 0 0 0
"43" 43 0.638392857143 352 51 19 19 19 11 10 8 5 2 2 1 1 0 0 0 0 0 0 0
"44" 44 0.437810945274 265 166 52 6 3 2 2 1 1 1 1 0 0 0 0 0 0 0 0 0
"45" 45 0.459821428571 215 112 55 42 35 31 4 4 1 1 0 0 0 0 0 0 0 0 0 0
"46" 46 0.598214285714 239 169 33 19 16 6 5 4 3 2 1 1 1 1 0 0 0 0 0 0
"47" 47 0.343023255814 497 3 0 0 0 0 0 0 0 0 0 0 0 0 0 0 0 0 0 0
"48" 48 0.43023255814 187 50 46 40 35 27 24 22 18 17 15 8 6 3 1 1 0 0 0 0
"49" 49 0.390804597701 236 204 29 18 5 3 3 2 0 0 0 0 0 0 0 0 0 0 0 0
"50" 50 0.8125 223 120 58 30 18 16 12 11 4 3 2 1 1 1 0 0 0 0 0 0
"51" 51 0.354651162791 437 52 8 1 1 1 0 0 0 0 0 0 0 0 0 0 0 0 0 0
"52" 52 0.849056603774 232 100 31 30 22 22 16 14 9 8 6 3 3 2 1 1 0 0 0 0
"53" 53 0.771573604061 150 103 56 55 54 35 15 10 7 5 5 5 0 0 0 0 0 0 0 0
"54" 54 0.364341085271 161 98 58 57 42 35 23 20 5 1 0 0 0 0 0 0 0 0 0 0
"55" 55 0.685534591195 500 0 0 0 0 0 0 0 0 0 0 0 0 0 0 0 0 0 0 0
"56" 56 0.22480620155 204 64 48 48 40 33 30 21 7 3 2 0 0 0 0 0 0 0 0 0
"57" 57 0.64598540146 196 82 69 50 45 15 12 7 7 6 4 3 2 1 1 0 0 0 0 0
"58" 58 0.270114942529 389 103 8 0 0 0 0 0 0 0 0 0 0 0 0 0 0 0 0 0
"59" 59 0.565400843882 357 71 23 16 8 7 7 3 2 2 1 1 1 1 0 0 0 0 0 0
"60" 60 0.362068965517 262 169 26 24 13 4 2 0 0 0 0 0 0 0 0 0 0 0 0 0
"61" 61 0.502487562189 178 80 65 54 30 29 19 10 9 8 6 4 3 2 2 1 0 0 0 0
"62" 62 0.198675496689 208 176 52 32 13 11 8 0 0 0 0 0 0 0 0 0 0 0 0 0
"63" 63 0.711538461538 500 0 0 0 0 0 0 0 0 0 0 0 0 0 0 0 0 0 0 0
"64" 64 0.396624472574 170 75 74 52 49 46 15 7 5 3 3 1 0 0 0 0 0 0 0 0
"65" 65 0.405063291139 170 147 69 40 23 17 15 11 3 2 2 1 0 0 0 0 0 0 0 0
"66" 66 0.114427860697 419 66 9 4 1 1 0 0 0 0 0 0 0 0 0 0 0 0 0 0
"67" 67 0.0 499 1 0 0 0 0 0 0 0 0 0 0 0 0 0 0 0 0 0 0
"68" 68 0.0149253731343 500 0 0 0 0 0 0 0 0 0 0 0 0 0 0 0 0 0 0 0
"69" 69 0.0 500 0 0 0 0 0 0 0 0 0 0 0 0 0 0 0 0 0 0 0
"70" 70 0.0 500 0 0 0 0 0 0 0 0 0 0 0 0 0 0 0 0 0 0 0
"71" 71 0.0152284263959 495 5 0 0 0 0 0 0 0 0 0 0 0 0 0 0 0 0 0 0
"72" 72 0.154228855721 499 1 0 0 0 0 0 0 0 0 0 0 0 0 0 0 0 0 0 0
"73" 73 0.335766423358 93 77 65 57 43 42 36 32 21 18 10 2 2 1 1 0 0 0 0 0
"74" 74 0.062015503876 479 15 6 0 0 0 0 0 0 0 0 0 0 0 0 0 0 0 0 0
"75" 75 0.0288461538462 500 0 0 0 0 0 0 0 0 0 0 0 0 0 0 0 0 0 0 0
"76" 76 0.228855721393 448 23 7 5 4 3 3 3 2 1 1 0 0 0 0 0 0 0 0 0
"77" 77 0.0459770114943 483 12 4 1 0 0 0 0 0 0 0 0 0 0 0 0 0 0 0 0
"78" 78 0.0287356321839 500 0 0 0 0 0 0 0 0 0 0 0 0 0 0 0 0 0 0 0
"79" 79 0.464285714286 175 105 51 37 35 31 20 19 7 5 4 4 3 2 1 1 0 0 0 0
"80" 80 0.0865384615385 500 0 0 0 0 0 0 0 0 0 0 0 0 0 0 0 0 0 0 0
"81" 81 0.0812182741117 342 87 49 9 8 2 2 1 0 0 0 0 0 0 0 0 0 0 0 0
"82" 82 0.169154228856 497 1 1 1 0 0 0 0 0 0 0 0 0 0 0 0 0 0 0 0
"83" 83 0.670886075949 491 3 3 1 1 1 0 0 0 0 0 0 0 0 0 0 0 0 0 0
"84" 84 0.582089552239 221 48 47 40 40 38 19 15 14 5 4 3 3 2 1 0 0 0 0 0
"85" 85 0.229885057471 282 150 29 27 7 4 1 0 0 0 0 0 0 0 0 0 0 0 0 0
"86" 86 0.578616352201 399 62 12 7 6 4 3 3 2 1 1 0 0 0 0 0 0 0 0 0
"87" 87 0.612440191388 178 97 48 46 33 21 20 18 17 13 3 2 2 1 1 0 0 0 0 0
"88" 88 0.077519379845 352 86 56 4 2 0 0 0 0 0 0 0 0 0 0 0 0 0 0 0
"89" 89 0.357664233577 388 50 20 12 7 5 5 4 2 2 2 1 1 1 0 0 0 0 0 0
"90" 90 0.287356321839 500 0 0 0 0 0 0 0 0 0 0 0 0 0 0 0 0 0 0 0
"91" 91 0.00961538461538 500 0 0 0 0 0 0 0 0 0 0 0 0 0 0 0 0 0 0 0
"92" 92 0.287081339713 302 39 36 32 23 21 19 13 8 4 3 0 0 0 0 0 0 0 0 0
"93" 93 0.0 499 1 0 0 0 0 0 0 0 0 0 0 0 0 0 0 0 0 0 0
"94" 94 0.0 500 0 0 0 0 0 0 0 0 0 0 0 0 0 0 0 0 0 0 0
"95" 95 0.0348258706468 462 38 0 0 0 0 0 0 0 0 0 0 0 0 0 0 0 0 0 0
"96" 96 0.509505703422 463 25 6 3 2 1 0 0 0 0 0 0 0 0 0 0 0 0 0 0
"97" 97 0.251824817518 261 114 50 43 14 7 3 2 2 1 1 1 1 0 0 0 0 0 0 0
"98" 98 0.274611398964 368 67 46 11 5 1 1 1 0 0 0 0 0 0 0 0 0 0 0 0
"99" 99 0.698113207547 492 2 2 1 1 1 1 0 0 0 0 0 0 0 0 0 0 0 0 0
"100" 100 0.763392857143 145 81 68 58 55 21 17 14 12 8 8 5 4 3 1 0 0 0 0 0
"101" 101 0.397350993377 161 80 44 44 41 39 38 18 15 10 10 0 0 0 0 0 0 0 0 0
"102" 102 0.199004975124 232 82 60 57 30 22 9 6 1 1 0 0 0 0 0 0 0 0 0 0
"103" 103 0.435897435897 209 188 34 21 12 10 8 7 5 2 2 1 1 0 0 0 0 0 0 0
"104" 104 0.207547169811 494 6 0 0 0 0 0 0 0 0 0 0 0 0 0 0 0 0 0 0
"105" 105 0.270114942529 464 26 4 2 2 1 1 0 0 0 0 0 0 0 0 0 0 0 0 0
"106" 106 0.394618834081 467 14 9 4 3 1 1 1 0 0 0 0 0 0 0 0 0 0 0 0
"107" 107 0.437262357414 443 54 2 1 0 0 0 0 0 0 0 0 0 0 0 0 0 0 0 0
"108" 108 0.422053231939 312 83 55 25 9 6 5 2 1 1 1 0 0 0 0 0 0 0 0 0
"109" 109 0.167512690355 494 3 2 1 0 0 0 0 0 0 0 0 0 0 0 0 0 0 0 0
"110" 110 0.523206751055 180 113 50 41 34 16 15 13 10 8 6 6 4 2 1 1 0 0 0 0
"111" 111 0.134328358209 499 1 0 0 0 0 0 0 0 0 0 0 0 0 0 0 0 0 0 0
"112" 112 0.0817610062893 500 0 0 0 0 0 0 0 0 0 0 0 0 0 0 0 0 0 0 0
"113" 113 0.559748427673 491 4 2 1 1 1 0 0 0 0 0 0 0 0 0 0 0 0 0 0
"114" 114 0.367875647668 389 64 13 10 7 6 3 3 2 2 1 0 0 0 0 0 0 0 0 0
"115" 115 0.0609137055838 426 57 12 4 1 0 0 0 0 0 0 0 0 0 0 0 0 0 0 0
"116" 116 0.441860465116 255 71 57 53 28 8 6 6 5 4 3 2 1 1 0 0 0 0 0 0
"117" 117 0.526785714286 200 81 61 59 19 18 16 9 8 7 7 5 5 4 1 0 0 0 0 0
"118" 118 0.109489051095 500 0 0 0 0 0 0 0 0 0 0 0 0 0 0 0 0 0 0 0
"119" 119 0.273722627737 159 113 100 30 28 24 15 10 10 5 4 1 1 0 0 0 0 0 0 0
"120" 120 0.0077519379845 499 1 0 0 0 0 0 0 0 0 0 0 0 0 0 0 0 0 0 0
"121" 121 0.092050209205 417 82 1 0 0 0 0 0 0 0 0 0 0 0 0 0 0 0 0 0
"122" 122 0.0 500 0 0 0 0 0 0 0 0 0 0 0 0 0 0 0 0 0 0 0
"123" 123 0.1592039801 471 29 0 0 0 0 0 0 0 0 0 0 0 0 0 0 0 0 0 0
"124" 124 0.186528497409 427 58 12 1 1 1 0 0 0 0 0 0 0 0 0 0 0 0 0 0
"125" 125 0.207547169811 500 0 0 0 0 0 0 0 0 0 0 0 0 0 0 0 0 0 0 0
"126" 126 0.0995024875622 494 2 1 1 1 1 0 0 0 0 0 0 0 0 0 0 0 0 0 0
"127" 127 0.147286821705 370 119 11 0 0 0 0 0 0 0 0 0 0 0 0 0 0 0 0 0
"128" 128 0.0872093023256 389 110 1 0 0 0 0 0 0 0 0 0 0 0 0 0 0 0 0 0
"129" 129 0.0192307692308 500 0 0 0 0 0 0 0 0 0 0 0 0 0 0 0 0 0 0 0
"130" 130 0.0192307692308 270 208 8 6 3 3 2 0 0 0 0 0 0 0 0 0 0 0 0 0
"131" 131 0.205298013245 336 82 57 15 5 3 1 1 0 0 0 0 0 0 0 0 0 0 0 0
"132" 132 0.031007751938 234 203 45 9 6 3 0 0 0 0 0 0 0 0 0 0 0 0 0 0
"133" 133 0.0397350993377 328 171 1 0 0 0 0 0 0 0 0 0 0 0 0 0 0 0 0 0
"134" 134 0.233830845771 485 5 5 3 1 1 0 0 0 0 0 0 0 0 0 0 0 0 0 0
"135" 135 0.0 500 0 0 0 0 0 0 0 0 0 0 0 0 0 0 0 0 0 0 0
"136" 136 0.0298507462687 499 1 0 0 0 0 0 0 0 0 0 0 0 0 0 0 0 0 0 0
"137" 137 0.298013245033 163 103 73 52 48 27 15 12 2 2 1 1 1 0 0 0 0 0 0 0
"138" 138 0.0497512437811 499 1 0 0 0 0 0 0 0 0 0 0 0 0 0 0 0 0 0 0
"139" 139 0.0 500 0 0 0 0 0 0 0 0 0 0 0 0 0 0 0 0 0 0 0
"140" 140 0.565400843882 113 96 88 48 38 27 25 25 10 8 7 5 5 3 1 1 0 0 0 0
"141" 141 0.59375 90 87 69 60 44 41 33 23 15 14 10 6 5 3 0 0 0 0 0 0
"142" 142 0.397810218978 198 89 56 49 35 23 17 17 6 4 3 2 1 0 0 0 0 0 0 0
"143" 143 0.288461538462 500 0 0 0 0 0 0 0 0 0 0 0 0 0 0 0 0 0 0 0
"144" 144 0.046511627907 497 3 0 0 0 0 0 0 0 0 0 0 0 0 0 0 0 0 0 0
"145" 145 0.581395348837 244 112 103 31 5 2 1 1 1 0 0 0 0 0 0 0 0 0 0 0
"146" 146 0.5 500 0 0 0 0 0 0 0 0 0 0 0 0 0 0 0 0 0 0 0
"147" 147 0.0804597701149 496 4 0 0 0 0 0 0 0 0 0 0 0 0 0 0 0 0 0 0
"148" 148 0.0548523206751 298 127 61 5 4 4 1 0 0 0 0 0 0 0 0 0 0 0 0 0
"149" 149 0.0398009950249 480 9 9 2 0 0 0 0 0 0 0 0 0 0 0 0 0 0 0 0
"150" 150 0.186046511628 416 84 0 0 0 0 0 0 0 0 0 0 0 0 0 0 0 0 0 0
"151" 151 0.0964467005076 468 32 0 0 0 0 0 0 0 0 0 0 0 0 0 0 0 0 0 0
"152" 152 0.0298507462687 494 4 2 0 0 0 0 0 0 0 0 0 0 0 0 0 0 0 0 0
"153" 153 0.0 500 0 0 0 0 0 0 0 0 0 0 0 0 0 0 0 0 0 0 0
"154" 154 0.0 500 0 0 0 0 0 0 0 0 0 0 0 0 0 0 0 0 0 0 0
"155" 155 0.295597484277 500 0 0 0 0 0 0 0 0 0 0 0 0 0 0 0 0 0 0 0
"156" 156 0.424107142857 185 112 52 43 31 27 22 18 3 2 1 1 1 1 1 0 0 0 0 0
"157" 157 0.0 500 0 0 0 0 0 0 0 0 0 0 0 0 0 0 0 0 0 0 0
"158" 158 0.109452736318 498 2 0 0 0 0 0 0 0 0 0 0 0 0 0 0 0 0 0 0
"159" 159 0.589285714286 185 59 48 42 40 38 35 16 15 9 7 4 1 1 0 0 0 0 0 0
"160" 160 0.313868613139 407 45 23 13 9 3 0 0 0 0 0 0 0 0 0 0 0 0 0 0
"161" 161 0.0203045685279 325 173 1 1 0 0 0 0 0 0 0 0 0 0 0 0 0 0 0 0
"162" 162 0.480620155039 142 107 86 39 34 32 26 18 7 3 3 2 1 0 0 0 0 0 0 0
"163" 163 0.68776371308 208 57 46 38 35 35 32 15 11 9 8 6 0 0 0 0 0 0 0 0
"164" 164 0.253886010363 465 11 8 3 3 2 2 1 1 1 1 1 1 0 0 0 0 0 0 0
"165" 165 0.0909090909091 499 1 0 0 0 0 0 0 0 0 0 0 0 0 0 0 0 0 0 0
"166" 166 0.528301886792 387 72 20 9 6 4 1 1 0 0 0 0 0 0 0 0 0 0 0 0
"167" 167 0.777202072539 218 88 45 34 26 25 20 12 8 7 5 4 3 2 2 1 0 0 0 0
"168" 168 0.0813953488372 330 129 41 0 0 0 0 0 0 0 0 0 0 0 0 0 0 0 0 0
"169" 169 0.129464285714 213 191 78 13 4 1 0 0 0 0 0 0 0 0 0 0 0 0 0 0
"170" 170 0.0344827586207 389 107 4 0 0 0 0 0 0 0 0 0 0 0 0 0 0 0 0 0
"171" 171 0.114942528736 471 26 3 0 0 0 0 0 0 0 0 0 0 0 0 0 0 0 0 0
"172" 172 0.0114942528736 500 0 0 0 0 0 0 0 0 0 0 0 0 0 0 0 0 0 0 0
"173" 173 0.139534883721 499 1 0 0 0 0 0 0 0 0 0 0 0 0 0 0 0 0 0 0
"174" 174 0.124031007752 224 172 47 35 16 4 2 0 0 0 0 0 0 0 0 0 0 0 0 0
"175" 175 0.38578680203 450 50 0 0 0 0 0 0 0 0 0 0 0 0 0 0 0 0 0 0
"176" 176 0.0984455958549 499 1 0 0 0 0 0 0 0 0 0 0 0 0 0 0 0 0 0 0
"177" 177 0.589285714286 124 91 58 49 37 35 29 22 21 10 7 7 3 3 2 1 1 0 0 0
"178" 178 0.496350364964 259 99 63 41 22 15 1 0 0 0 0 0 0 0 0 0 0 0 0 0
"179" 179 0.0796019900498 500 0 0 0 0 0 0 0 0 0 0 0 0 0 0 0 0 0 0 0
"180" 180 0.251282051282 469 31 0 0 0 0 0 0 0 0 0 0 0 0 0 0 0 0 0 0
"181" 181 0.689119170984 172 114 42 41 37 37 14 11 8 8 8 7 1 0 0 0 0 0 0 0
"182" 182 0.598086124402 292 67 38 34 21 11 10 9 5 4 3 2 2 1 1 0 0 0 0 0
"183" 183 0.00961538461538 500 0 0 0 0 0 0 0 0 0 0 0 0 0 0 0 0 0 0 0
"184" 184 0.304182509506 251 80 64 37 22 19 8 6 4 3 3 2 1 0 0 0 0 0 0 0
"185" 185 0.147208121827 491 9 0 0 0 0 0 0 0 0 0 0 0 0 0 0 0 0 0 0
"186" 186 0.195402298851 480 7 5 5 1 1 1 0 0 0 0 0 0 0 0 0 0 0 0 0
"187" 187 0.51572327044 408 18 16 13 12 8 7 6 4 4 3 1 0 0 0 0 0 0 0 0
"188" 188 0.0288461538462 500 0 0 0 0 0 0 0 0 0 0 0 0 0 0 0 0 0 0 0
"189" 189 0.134328358209 476 24 0 0 0 0 0 0 0 0 0 0 0 0 0 0 0 0 0 0
"190" 190 0.442307692308 500 0 0 0 0 0 0 0 0 0 0 0 0 0 0 0 0 0 0 0
"191" 191 0.259067357513 291 182 22 2 1 1 1 0 0 0 0 0 0 0 0 0 0 0 0 0
"192" 192 0.170542635659 489 9 1 1 0 0 0 0 0 0 0 0 0 0 0 0 0 0 0 0
"193" 193 0.0576923076923 494 6 0 0 0 0 0 0 0 0 0 0 0 0 0 0 0 0 0 0
"194" 194 0.145077720207 358 65 44 13 7 4 3 2 2 1 1 0 0 0 0 0 0 0 0 0
"195" 195 0.142335766423 500 0 0 0 0 0 0 0 0 0 0 0 0 0 0 0 0 0 0 0
"196" 196 0.00507614213198 500 0 0 0 0 0 0 0 0 0 0 0 0 0 0 0 0 0 0 0
"197" 197 0.357414448669 337 77 46 12 8 7 4 3 2 2 1 1 0 0 0 0 0 0 0 0
"198" 198 0.461538461538 500 0 0 0 0 0 0 0 0 0 0 0 0 0 0 0 0 0 0 0
"199" 199 0.290697674419 247 120 48 44 20 13 5 2 1 0 0 0 0 0 0 0 0 0 0 0
"200" 200 1.05485232068 163 98 57 56 37 23 22 13 10 7 4 3 3 3 1 0 0 0 0 0
