"site" "RSA" "aa1" "aa2" "aa3" "aa4" "aa5" "aa6" "aa7" "aa8" "aa9" "aa10" "aa11" "aa12" "aa13" "aa14" "aa15" "aa16" "aa17" "aa18" "aa19" "aa20"
"0" 0 0.652849740933 172 102 63 38 24 22 19 19 12 11 10 6 1 1 0 0 0 0 0 0
"1" 1 0.28102189781 500 0 0 0 0 0 0 0 0 0 0 0 0 0 0 0 0 0 0 0
"2" 2 0.450892857143 230 51 42 40 39 30 28 12 8 8 5 4 3 0 0 0 0 0 0 0
"3" 3 0.487046632124 165 123 65 35 33 22 17 16 9 5 4 4 2 0 0 0 0 0 0 0
"4" 4 0.0348258706468 497 3 0 0 0 0 0 0 0 0 0 0 0 0 0 0 0 0 0 0
"5" 5 0.051724137931 293 99 60 41 3 3 1 0 0 0 0 0 0 0 0 0 0 0 0 0
"6" 6 0.562737642586 137 94 74 49 27 26 25 19 14 11 9 5 3 2 2 2 1 0 0 0
"7" 7 0.385650224215 220 122 115 12 9 8 7 5 1 1 0 0 0 0 0 0 0 0 0 0
"8" 8 0.0 500 0 0 0 0 0 0 0 0 0 0 0 0 0 0 0 0 0 0 0
"9" 9 0.316455696203 483 7 3 2 2 1 1 1 0 0 0 0 0 0 0 0 0 0 0 0
"10" 10 0.44776119403 149 89 51 51 51 45 18 18 15 7 3 1 1 1 0 0 0 0 0 0
"11" 11 0.062015503876 499 1 0 0 0 0 0 0 0 0 0 0 0 0 0 0 0 0 0 0
"12" 12 0.258928571429 236 216 15 14 11 5 1 1 1 0 0 0 0 0 0 0 0 0 0 0
"13" 13 0.690582959641 204 69 39 34 32 31 28 25 20 10 4 2 1 1 0 0 0 0 0 0
"14" 14 0.503875968992 151 142 56 39 38 22 20 17 12 1 1 1 0 0 0 0 0 0 0 0
"15" 15 0.620535714286 437 37 18 2 2 1 1 1 1 0 0 0 0 0 0 0 0 0 0 0
"16" 16 0.507299270073 499 1 0 0 0 0 0 0 0 0 0 0 0 0 0 0 0 0 0 0
"17" 17 0.201520912548 500 0 0 0 0 0 0 0 0 0 0 0 0 0 0 0 0 0 0 0
"18" 18 0.487046632124 280 220 0 0 0 0 0 0 0 0 0 0 0 0 0 0 0 0 0 0
"19" 19 0.308035714286 499 1 0 0 0 0 0 0 0 0 0 0 0 0 0 0 0 0 0 0
"20" 20 0.0 499 1 0 0 0 0 0 0 0 0 0 0 0 0 0 0 0 0 0 0
"21" 21 0.0632183908046 417 61 11 4 3 2 1 1 0 0 0 0 0 0 0 0 0 0 0 0
"22" 22 0.495535714286 132 118 34 34 31 24 24 21 15 15 13 12 11 9 3 2 2 0 0 0
"23" 23 0.0662251655629 425 54 20 1 0 0 0 0 0 0 0 0 0 0 0 0 0 0 0 0
"24" 24 0.0 499 1 0 0 0 0 0 0 0 0 0 0 0 0 0 0 0 0 0 0
"25" 25 0.286919831224 250 170 26 18 9 7 5 4 3 3 2 1 1 1 0 0 0 0 0 0
"26" 26 0.527426160338 228 116 84 22 17 13 9 6 4 1 0 0 0 0 0 0 0 0 0 0
"27" 27 0.0 338 162 0 0 0 0 0 0 0 0 0 0 0 0 0 0 0 0 0 0
"28" 28 0.015503875969 500 0 0 0 0 0 0 0 0 0 0 0 0 0 0 0 0 0 0 0
"29" 29 0.326923076923 475 10 6 3 2 1 1 1 1 0 0 0 0 0 0 0 0 0 0 0
"30" 30 0.311926605505 489 6 1 1 1 1 1 0 0 0 0 0 0 0 0 0 0 0 0 0
"31" 31 0.461139896373 382 112 5 1 0 0 0 0 0 0 0 0 0 0 0 0 0 0 0 0
"32" 32 0.327586206897 396 34 20 15 14 12 8 1 0 0 0 0 0 0 0 0 0 0 0 0
"33" 33 0.254464285714 359 121 12 3 2 2 1 0 0 0 0 0 0 0 0 0 0 0 0 0
"34" 34 0.0348258706468 499 1 0 0 0 0 0 0 0 0 0 0 0 0 0 0 0 0 0 0
"35" 35 0.372093023256 468 31 1 0 0 0 0 0 0 0 0 0 0 0 0 0 0 0 0 0
"36" 36 0.459770114943 397 42 36 6 6 4 3 2 1 1 1 1 0 0 0 0 0 0 0 0
"37" 37 0.4375 488 7 2 1 1 1 0 0 0 0 0 0 0 0 0 0 0 0 0 0
"38" 38 0.0401785714286 500 0 0 0 0 0 0 0 0 0 0 0 0 0 0 0 0 0 0 0
"39" 39 0.029197080292 439 36 10 10 3 2 0 0 0 0 0 0 0 0 0 0 0 0 0 0
"40" 40 0.384615384615 359 38 23 22 21 11 8 6 5 2 2 1 1 1 0 0 0 0 0 0
"41" 41 0.0696517412935 499 1 0 0 0 0 0 0 0 0 0 0 0 0 0 0 0 0 0 0
"42" 42 0.0 499 1 0 0 0 0 0 0 0 0 0 0 0 0 0 0 0 0 0 0
"43" 43 0.211920529801 479 8 3 3 2 2 1 1 1 0 0 0 0 0 0 0 0 0 0 0
"44" 44 0.252873563218 180 145 109 51 5 4 2 2 1 1 0 0 0 0 0 0 0 0 0 0
"45" 45 0.0 500 0 0 0 0 0 0 0 0 0 0 0 0 0 0 0 0 0 0 0
"46" 46 0.00380228136882 197 129 124 24 15 9 1 1 0 0 0 0 0 0 0 0 0 0 0 0
"47" 47 0.350210970464 270 123 90 8 3 2 1 1 1 1 0 0 0 0 0 0 0 0 0 0
"48" 48 0.302564102564 337 62 53 19 17 5 5 1 1 0 0 0 0 0 0 0 0 0 0 0
"49" 49 0.0689655172414 177 165 138 8 3 3 2 1 1 1 1 0 0 0 0 0 0 0 0 0
"50" 50 0.00507614213198 454 42 3 1 0 0 0 0 0 0 0 0 0 0 0 0 0 0 0 0
"51" 51 0.221153846154 170 160 53 53 35 15 7 5 2 0 0 0 0 0 0 0 0 0 0 0
"52" 52 0.418604651163 174 82 49 40 40 35 21 19 9 9 7 6 4 2 2 1 0 0 0 0
"53" 53 0.211678832117 498 1 1 0 0 0 0 0 0 0 0 0 0 0 0 0 0 0 0 0
"54" 54 0.138686131387 500 0 0 0 0 0 0 0 0 0 0 0 0 0 0 0 0 0 0 0
"55" 55 0.294573643411 118 92 74 68 55 53 21 6 4 3 2 2 1 1 0 0 0 0 0 0
"56" 56 0.35761589404 214 67 49 39 35 26 17 15 12 11 9 3 1 1 1 0 0 0 0 0
"57" 57 0.177304964539 500 0 0 0 0 0 0 0 0 0 0 0 0 0 0 0 0 0 0 0
"58" 58 0.412408759124 173 126 75 29 23 23 15 12 12 5 4 2 1 0 0 0 0 0 0 0
"59" 59 0.543147208122 171 102 71 28 27 24 22 18 11 8 8 4 2 2 1 1 0 0 0 0
"60" 60 0.0710659898477 369 103 19 6 2 1 0 0 0 0 0 0 0 0 0 0 0 0 0 0
"61" 61 0.165562913907 213 132 65 30 26 10 5 5 4 4 3 1 1 1 0 0 0 0 0 0
"62" 62 0.503311258278 145 77 61 56 45 37 24 17 15 14 4 3 1 1 0 0 0 0 0 0
"63" 63 0.375634517766 159 106 83 55 31 16 14 14 9 7 3 2 1 0 0 0 0 0 0 0
"64" 64 0.0714285714286 500 0 0 0 0 0 0 0 0 0 0 0 0 0 0 0 0 0 0 0
"65" 65 0.591928251121 147 140 47 35 33 30 27 10 8 5 4 4 3 2 2 1 1 1 0 0
"66" 66 0.472573839662 234 70 35 32 24 23 15 15 14 12 10 9 3 1 1 1 1 0 0 0
"67" 67 0.0401785714286 496 4 0 0 0 0 0 0 0 0 0 0 0 0 0 0 0 0 0 0
"68" 68 0.446428571429 492 3 3 1 1 0 0 0 0 0 0 0 0 0 0 0 0 0 0 0
"69" 69 0.671794871795 163 119 69 35 33 25 21 19 12 2 1 1 0 0 0 0 0 0 0 0
"70" 70 0.518987341772 142 127 68 68 66 14 8 3 3 1 0 0 0 0 0 0 0 0 0 0
"71" 71 0.567307692308 500 0 0 0 0 0 0 0 0 0 0 0 0 0 0 0 0 0 0 0
"72" 72 0.144230769231 496 2 1 1 0 0 0 0 0 0 0 0 0 0 0 0 0 0 0 0
"73" 73 0.272321428571 128 102 62 52 43 25 21 14 13 11 7 7 7 5 2 1 0 0 0 0
"74" 74 0.642487046632 199 78 45 41 36 23 20 15 13 10 9 6 3 1 1 0 0 0 0 0
"75" 75 0.476793248945 458 24 7 6 4 1 0 0 0 0 0 0 0 0 0 0 0 0 0 0
"76" 76 0.0646766169154 500 0 0 0 0 0 0 0 0 0 0 0 0 0 0 0 0 0 0 0
"77" 77 0.590717299578 260 125 27 23 19 13 9 7 5 4 4 2 1 1 0 0 0 0 0 0
"78" 78 0.587155963303 116 98 68 57 51 33 16 15 14 8 7 7 4 3 2 1 0 0 0 0
"79" 79 0.116751269036 404 96 0 0 0 0 0 0 0 0 0 0 0 0 0 0 0 0 0 0
"80" 80 0.346715328467 498 2 0 0 0 0 0 0 0 0 0 0 0 0 0 0 0 0 0 0
"81" 81 0.620535714286 243 89 48 33 32 19 13 10 6 6 1 0 0 0 0 0 0 0 0 0
"82" 82 0.505703422053 135 134 55 51 37 31 20 17 10 5 3 1 1 0 0 0 0 0 0 0
"83" 83 0.127737226277 500 0 0 0 0 0 0 0 0 0 0 0 0 0 0 0 0 0 0 0
"84" 84 0.452914798206 229 103 40 30 29 24 19 6 5 5 3 3 2 1 1 0 0 0 0 0
"85" 85 0.495412844037 169 127 43 33 33 22 22 22 15 8 3 2 1 0 0 0 0 0 0 0
"86" 86 0.0574712643678 417 58 24 1 0 0 0 0 0 0 0 0 0 0 0 0 0 0 0 0
"87" 87 0.147321428571 500 0 0 0 0 0 0 0 0 0 0 0 0 0 0 0 0 0 0 0
"88" 88 0.517441860465 226 149 33 21 19 14 10 9 7 7 2 1 1 1 0 0 0 0 0 0
"89" 89 0.34375 363 130 4 2 1 0 0 0 0 0 0 0 0 0 0 0 0 0 0 0
"90" 90 0.0149253731343 500 0 0 0 0 0 0 0 0 0 0 0 0 0 0 0 0 0 0 0
"91" 91 0.130801687764 193 100 93 38 33 16 12 7 7 1 0 0 0 0 0 0 0 0 0 0
"92" 92 0.582089552239 157 133 91 30 19 15 14 14 14 4 4 2 2 1 0 0 0 0 0 0
"93" 93 0.111675126904 455 45 0 0 0 0 0 0 0 0 0 0 0 0 0 0 0 0 0 0
"94" 94 0.0 500 0 0 0 0 0 0 0 0 0 0 0 0 0 0 0 0 0 0 0
"95" 95 0.462025316456 500 0 0 0 0 0 0 0 0 0 0 0 0 0 0 0 0 0 0 0
"96" 96 0.269430051813 204 80 70 51 39 13 11 10 7 7 5 2 1 0 0 0 0 0 0 0
"97" 97 0.0 497 3 0 0 0 0 0 0 0 0 0 0 0 0 0 0 0 0 0 0
"98" 98 0.089552238806 500 0 0 0 0 0 0 0 0 0 0 0 0 0 0 0 0 0 0 0
"99" 99 0.440414507772 165 70 63 41 41 36 26 19 19 5 5 4 3 2 1 0 0 0 0 0
"100" 100 0.0632183908046 231 229 14 11 10 4 1 0 0 0 0 0 0 0 0 0 0 0 0 0
"101" 101 0.0 500 0 0 0 0 0 0 0 0 0 0 0 0 0 0 0 0 0 0 0
"102" 102 0.445595854922 500 0 0 0 0 0 0 0 0 0 0 0 0 0 0 0 0 0 0 0
"103" 103 0.548523206751 150 147 56 37 36 24 10 10 10 9 3 3 2 2 1 0 0 0 0 0
"104" 104 0.253588516746 349 145 5 1 0 0 0 0 0 0 0 0 0 0 0 0 0 0 0 0
"105" 105 0.0248756218905 500 0 0 0 0 0 0 0 0 0 0 0 0 0 0 0 0 0 0 0
"106" 106 0.137055837563 500 0 0 0 0 0 0 0 0 0 0 0 0 0 0 0 0 0 0 0
"107" 107 0.559748427673 500 0 0 0 0 0 0 0 0 0 0 0 0 0 0 0 0 0 0 0
"108" 108 0.201550387597 405 91 4 0 0 0 0 0 0 0 0 0 0 0 0 0 0 0 0 0
"109" 109 0.108527131783 493 7 0 0 0 0 0 0 0 0 0 0 0 0 0 0 0 0 0 0
"110" 110 0.738461538462 460 8 7 5 5 4 3 2 1 1 1 1 1 1 0 0 0 0 0 0
"111" 111 0.383720930233 435 29 20 8 3 3 1 1 0 0 0 0 0 0 0 0 0 0 0 0
"112" 112 0.0865384615385 500 0 0 0 0 0 0 0 0 0 0 0 0 0 0 0 0 0 0 0
"113" 113 0.3125 500 0 0 0 0 0 0 0 0 0 0 0 0 0 0 0 0 0 0 0
"114" 114 0.00662251655629 354 133 11 2 0 0 0 0 0 0 0 0 0 0 0 0 0 0 0 0
"115" 115 0.168776371308 347 62 33 28 13 6 4 3 2 2 0 0 0 0 0 0 0 0 0 0
"116" 116 0.0 500 0 0 0 0 0 0 0 0 0 0 0 0 0 0 0 0 0 0 0
"117" 117 0.0753138075314 495 3 1 1 0 0 0 0 0 0 0 0 0 0 0 0 0 0 0 0
"118" 118 0.0114068441065 395 71 34 0 0 0 0 0 0 0 0 0 0 0 0 0 0 0 0 0
"119" 119 0.243346007605 432 68 0 0 0 0 0 0 0 0 0 0 0 0 0 0 0 0 0 0
"120" 120 0.130801687764 454 46 0 0 0 0 0 0 0 0 0 0 0 0 0 0 0 0 0 0
"121" 121 0.0183486238532 490 6 3 1 0 0 0 0 0 0 0 0 0 0 0 0 0 0 0 0
"122" 122 0.168776371308 500 0 0 0 0 0 0 0 0 0 0 0 0 0 0 0 0 0 0 0
"123" 123 0.0 500 0 0 0 0 0 0 0 0 0 0 0 0 0 0 0 0 0 0 0
"124" 124 0.0362694300518 500 0 0 0 0 0 0 0 0 0 0 0 0 0 0 0 0 0 0 0
"125" 125 0.0228136882129 500 0 0 0 0 0 0 0 0 0 0 0 0 0 0 0 0 0 0 0
"126" 126 0.11961722488 316 153 28 2 1 0 0 0 0 0 0 0 0 0 0 0 0 0 0 0
"127" 127 0.036496350365 500 0 0 0 0 0 0 0 0 0 0 0 0 0 0 0 0 0 0 0
"128" 128 0.0836501901141 273 222 2 2 1 0 0 0 0 0 0 0 0 0 0 0 0 0 0 0
"129" 129 0.154228855721 413 84 1 1 1 0 0 0 0 0 0 0 0 0 0 0 0 0 0 0
"130" 130 0.0 497 3 0 0 0 0 0 0 0 0 0 0 0 0 0 0 0 0 0 0
"131" 131 0.147321428571 500 0 0 0 0 0 0 0 0 0 0 0 0 0 0 0 0 0 0 0
"132" 132 0.121338912134 458 41 1 0 0 0 0 0 0 0 0 0 0 0 0 0 0 0 0 0
"133" 133 0.116279069767 489 9 1 1 0 0 0 0 0 0 0 0 0 0 0 0 0 0 0 0
"134" 134 0.610465116279 221 215 24 15 4 4 4 4 2 2 1 1 1 1 1 0 0 0 0 0
"135" 135 0.596153846154 497 3 0 0 0 0 0 0 0 0 0 0 0 0 0 0 0 0 0 0
"136" 136 0.584615384615 207 188 26 16 15 15 10 8 5 4 2 2 1 1 0 0 0 0 0 0
"137" 137 0.569948186528 183 76 74 55 47 33 11 8 5 5 3 0 0 0 0 0 0 0 0 0
"138" 138 0.295620437956 418 71 4 4 3 0 0 0 0 0 0 0 0 0 0 0 0 0 0 0
"139" 139 0.616033755274 220 142 62 16 15 11 11 7 4 3 2 2 2 2 1 0 0 0 0 0
"140" 140 0.174107142857 101 81 47 45 39 31 23 21 21 19 18 18 11 10 7 6 1 1 0 0
"141" 141 0.062015503876 498 1 1 0 0 0 0 0 0 0 0 0 0 0 0 0 0 0 0 0
"142" 142 0.0852713178295 500 0 0 0 0 0 0 0 0 0 0 0 0 0 0 0 0 0 0 0
"143" 143 0.223214285714 155 72 60 40 37 31 28 27 22 17 7 2 1 1 0 0 0 0 0 0
"144" 144 0.415384615385 111 96 94 55 42 34 31 18 11 4 2 2 0 0 0 0 0 0 0 0
"145" 145 0.0 499 1 0 0 0 0 0 0 0 0 0 0 0 0 0 0 0 0 0 0
"146" 146 0.194029850746 375 33 24 20 19 11 9 4 2 2 1 0 0 0 0 0 0 0 0 0
"147" 147 0.563218390805 172 98 50 38 35 32 23 16 13 8 7 5 1 1 1 0 0 0 0 0
"148" 148 0.0077519379845 500 0 0 0 0 0 0 0 0 0 0 0 0 0 0 0 0 0 0 0
"149" 149 0.0 500 0 0 0 0 0 0 0 0 0 0 0 0 0 0 0 0 0 0 0
"150" 150 0.502109704641 326 49 41 33 18 10 10 8 2 2 1 0 0 0 0 0 0 0 0 0
"151" 151 0.248062015504 111 111 76 58 44 29 22 20 12 11 5 1 0 0 0 0 0 0 0 0
"152" 152 0.0 500 0 0 0 0 0 0 0 0 0 0 0 0 0 0 0 0 0 0 0
"153" 153 0.172185430464 230 66 60 42 39 28 20 6 5 3 1 0 0 0 0 0 0 0 0 0
"154" 154 0.564766839378 112 74 63 45 43 38 38 25 21 14 8 5 4 4 3 3 0 0 0 0
"155" 155 0.126903553299 428 26 24 11 4 2 2 1 1 1 0 0 0 0 0 0 0 0 0 0
"156" 156 0.0077519379845 500 0 0 0 0 0 0 0 0 0 0 0 0 0 0 0 0 0 0 0
"157" 157 0.596330275229 115 77 71 69 53 42 40 15 12 3 2 1 0 0 0 0 0 0 0 0
"158" 158 0.598837209302 113 86 69 66 64 27 21 17 14 10 10 2 1 0 0 0 0 0 0 0
"159" 159 0.491071428571 283 174 15 13 10 3 1 1 0 0 0 0 0 0 0 0 0 0 0 0
"160" 160 0.0646766169154 500 0 0 0 0 0 0 0 0 0 0 0 0 0 0 0 0 0 0 0
"161" 161 0.289308176101 500 0 0 0 0 0 0 0 0 0 0 0 0 0 0 0 0 0 0 0
"162" 162 0.0503144654088 500 0 0 0 0 0 0 0 0 0 0 0 0 0 0 0 0 0 0 0
"163" 163 0.00581395348837 489 6 3 2 0 0 0 0 0 0 0 0 0 0 0 0 0 0 0 0
"164" 164 0.114832535885 500 0 0 0 0 0 0 0 0 0 0 0 0 0 0 0 0 0 0 0
"165" 165 0.163522012579 463 30 6 1 0 0 0 0 0 0 0 0 0 0 0 0 0 0 0 0
"166" 166 0.10152284264 495 3 1 1 0 0 0 0 0 0 0 0 0 0 0 0 0 0 0 0
"167" 167 0.156934306569 496 2 1 1 0 0 0 0 0 0 0 0 0 0 0 0 0 0 0 0
"168" 168 0.00497512437811 500 0 0 0 0 0 0 0 0 0 0 0 0 0 0 0 0 0 0 0
"169" 169 0.0769230769231 433 32 23 5 4 3 0 0 0 0 0 0 0 0 0 0 0 0 0 0
"170" 170 0.0149253731343 500 0 0 0 0 0 0 0 0 0 0 0 0 0 0 0 0 0 0 0
"171" 171 0.0697674418605 498 2 0 0 0 0 0 0 0 0 0 0 0 0 0 0 0 0 0 0
"172" 172 0.0696517412935 269 80 55 26 21 15 14 9 9 1 1 0 0 0 0 0 0 0 0 0
"173" 173 0.148717948718 211 200 48 19 9 5 3 2 2 1 0 0 0 0 0 0 0 0 0 0
"174" 174 0.0418410041841 490 6 2 1 1 0 0 0 0 0 0 0 0 0 0 0 0 0 0 0
"175" 175 0.0 500 0 0 0 0 0 0 0 0 0 0 0 0 0 0 0 0 0 0 0
"176" 176 0.120689655172 176 83 71 52 36 34 25 16 4 3 0 0 0 0 0 0 0 0 0 0
"177" 177 0.0 500 0 0 0 0 0 0 0 0 0 0 0 0 0 0 0 0 0 0 0
"178" 178 0.117870722433 380 109 11 0 0 0 0 0 0 0 0 0 0 0 0 0 0 0 0 0
"179" 179 0.342205323194 398 99 3 0 0 0 0 0 0 0 0 0 0 0 0 0 0 0 0 0
"180" 180 0.46875 265 68 53 30 22 14 13 9 6 6 4 4 2 2 1 1 0 0 0 0
"181" 181 0.0761421319797 460 39 1 0 0 0 0 0 0 0 0 0 0 0 0 0 0 0 0 0
"182" 182 0.233830845771 491 8 1 0 0 0 0 0 0 0 0 0 0 0 0 0 0 0 0 0
"183" 183 0.692307692308 253 189 35 10 6 3 3 1 0 0 0 0 0 0 0 0 0 0 0 0
"184" 184 0.12582781457 231 149 103 5 4 3 3 2 0 0 0 0 0 0 0 0 0 0 0 0
"185" 185 0.396226415094 499 1 0 0 0 0 0 0 0 0 0 0 0 0 0 0 0 0 0 0
"186" 186 0.414507772021 220 80 54 39 25 16 14 13 8 7 7 5 5 4 1 1 1 0 0 0
"187" 187 0.434306569343 167 108 67 63 34 23 16 12 8 2 0 0 0 0 0 0 0 0 0 0
"188" 188 0.0 500 0 0 0 0 0 0 0 0 0 0 0 0 0 0 0 0 0 0 0
"189" 189 0.158227848101 500 0 0 0 0 0 0 0 0 0 0 0 0 0 0 0 0 0 0 0
"190" 190 0.222627737226 168 92 76 39 32 25 17 14 13 11 4 2 2 2 2 1 0 0 0 0
"191" 191 0.238805970149 490 8 1 1 0 0 0 0 0 0 0 0 0 0 0 0 0 0 0 0
"192" 192 0.0 500 0 0 0 0 0 0 0 0 0 0 0 0 0 0 0 0 0 0 0
"193" 193 0.430379746835 450 25 8 8 4 3 1 1 0 0 0 0 0 0 0 0 0 0 0 0
"194" 194 0.341085271318 129 82 78 71 49 36 29 14 3 3 3 2 1 0 0 0 0 0 0 0
"195" 195 0.108527131783 500 0 0 0 0 0 0 0 0 0 0 0 0 0 0 0 0 0 0 0
"196" 196 0.146443514644 305 123 70 1 1 0 0 0 0 0 0 0 0 0 0 0 0 0 0 0
"197" 197 0.341968911917 455 21 18 5 1 0 0 0 0 0 0 0 0 0 0 0 0 0 0 0
"198" 198 0.383419689119 248 77 69 45 24 23 4 3 3 2 1 1 0 0 0 0 0 0 0 0
"199" 199 0.0 496 4 0 0 0 0 0 0 0 0 0 0 0 0 0 0 0 0 0 0
"200" 200 0.41116751269 319 60 49 18 16 15 15 3 3 1 1 0 0 0 0 0 0 0 0 0
"201" 201 0.612403100775 233 123 58 20 19 12 12 11 5 3 2 2 0 0 0 0 0 0 0 0
"202" 202 0.392857142857 218 196 47 20 9 8 2 0 0 0 0 0 0 0 0 0 0 0 0 0
"203" 203 0.378109452736 470 12 6 4 3 2 1 1 1 0 0 0 0 0 0 0 0 0 0 0
"204" 204 0.751295336788 158 104 76 49 35 27 14 10 7 6 4 3 2 2 1 1 1 0 0 0
"205" 205 0.238372093023 206 110 45 33 28 21 16 14 11 7 7 1 1 0 0 0 0 0 0 0
"206" 206 0.283582089552 280 190 18 9 2 1 0 0 0 0 0 0 0 0 0 0 0 0 0 0
"207" 207 0.238410596026 364 65 18 15 8 7 6 4 4 4 2 1 1 1 0 0 0 0 0 0
"208" 208 0.665178571429 496 2 1 1 0 0 0 0 0 0 0 0 0 0 0 0 0 0 0 0
"209" 209 0.709821428571 181 67 61 53 45 34 15 15 13 10 6 0 0 0 0 0 0 0 0 0
"210" 210 0.105960264901 261 105 92 25 7 3 3 2 1 1 0 0 0 0 0 0 0 0 0 0
"211" 211 0.486692015209 262 113 101 12 5 3 3 1 0 0 0 0 0 0 0 0 0 0 0 0
"212" 212 0.341772151899 243 62 51 35 33 15 14 10 9 8 8 5 3 2 2 0 0 0 0 0
"213" 213 0.455958549223 356 53 19 16 15 15 14 4 4 2 1 1 0 0 0 0 0 0 0 0
"214" 214 0.00662251655629 384 116 0 0 0 0 0 0 0 0 0 0 0 0 0 0 0 0 0 0
"215" 215 0.488372093023 101 78 70 68 62 37 29 20 17 12 2 2 1 1 0 0 0 0 0 0
"216" 216 0.502487562189 206 131 40 25 24 23 13 12 9 7 4 3 2 1 0 0 0 0 0 0
"217" 217 0.131979695431 455 42 3 0 0 0 0 0 0 0 0 0 0 0 0 0 0 0 0 0
"218" 218 0.0779816513761 445 51 2 1 1 0 0 0 0 0 0 0 0 0 0 0 0 0 0 0
"219" 219 0.412556053812 127 73 65 53 47 35 31 31 22 4 4 3 3 1 1 0 0 0 0 0
"220" 220 0.298507462687 205 180 38 31 12 12 9 5 5 1 1 1 0 0 0 0 0 0 0 0
"221" 221 0.0 500 0 0 0 0 0 0 0 0 0 0 0 0 0 0 0 0 0 0 0
"222" 222 0.521897810219 143 139 82 79 32 14 4 3 2 1 1 0 0 0 0 0 0 0 0 0
"223" 223 0.378238341969 100 92 85 48 40 33 28 24 19 15 9 5 2 0 0 0 0 0 0 0
"224" 224 0.2 248 117 27 27 25 12 10 9 8 5 4 4 2 2 0 0 0 0 0 0
"225" 225 0.124378109453 497 3 0 0 0 0 0 0 0 0 0 0 0 0 0 0 0 0 0 0
"226" 226 0.546511627907 138 63 62 45 44 38 25 21 20 16 14 9 3 1 1 0 0 0 0 0
"227" 227 0.676616915423 131 74 63 46 43 35 34 32 19 14 4 4 1 0 0 0 0 0 0 0
"228" 228 0.120567375887 500 0 0 0 0 0 0 0 0 0 0 0 0 0 0 0 0 0 0 0
"229" 229 0.767441860465 188 66 62 46 42 27 16 16 14 8 6 4 4 1 0 0 0 0 0 0
