"site" "RSA" "aa1" "aa2" "aa3" "aa4" "aa5" "aa6" "aa7" "aa8" "aa9" "aa10" "aa11" "aa12" "aa13" "aa14" "aa15" "aa16" "aa17" "aa18" "aa19" "aa20"
"0" 0 0.646788990826 51 3 2 2 1 0 0 0 0 0 0 0 0 0 0 0 0 0 0 0
"1" 1 0.515695067265 38 13 6 6 3 2 1 0 0 0 0 0 0 0 0 0 0 0 0 0
"2" 2 0.53488372093 19 17 11 7 6 5 2 2 2 1 1 1 1 0 0 0 0 0 0 0
"3" 3 0.0203045685279 68 16 10 0 0 0 0 0 0 0 0 0 0 0 0 0 0 0 0 0
"4" 4 0.130801687764 105 2 1 0 0 0 0 0 0 0 0 0 0 0 0 0 0 0 0 0
"5" 5 0.0 65 31 4 3 2 1 1 1 0 0 0 0 0 0 0 0 0 0 0 0
"6" 6 0.0 102 2 1 1 1 1 0 0 0 0 0 0 0 0 0 0 0 0 0 0
"7" 7 0.0 68 21 11 4 3 1 1 0 0 0 0 0 0 0 0 0 0 0 0 0
"8" 8 0.0 101 3 3 2 0 0 0 0 0 0 0 0 0 0 0 0 0 0 0 0
"9" 9 0.0 111 0 0 0 0 0 0 0 0 0 0 0 0 0 0 0 0 0 0 0
"10" 10 0.129533678756 108 1 1 0 0 0 0 0 0 0 0 0 0 0 0 0 0 0 0 0
"11" 11 0.317307692308 104 2 2 1 1 1 1 0 0 0 0 0 0 0 0 0 0 0 0 0
"12" 12 0.643410852713 91 6 6 6 2 1 1 0 0 0 0 0 0 0 0 0 0 0 0 0
"13" 13 0.0114942528736 93 17 2 1 0 0 0 0 0 0 0 0 0 0 0 0 0 0 0 0
"14" 14 0.221153846154 108 1 1 1 1 1 0 0 0 0 0 0 0 0 0 0 0 0 0 0
"15" 15 0.0632911392405 111 1 1 0 0 0 0 0 0 0 0 0 0 0 0 0 0 0 0 0
"16" 16 0.122093023256 107 4 2 0 0 0 0 0 0 0 0 0 0 0 0 0 0 0 0 0
"17" 17 0.0886075949367 92 16 2 2 1 0 0 0 0 0 0 0 0 0 0 0 0 0 0 0
"18" 18 0.00497512437811 89 23 1 0 0 0 0 0 0 0 0 0 0 0 0 0 0 0 0 0
"19" 19 0.0 100 5 5 1 1 0 0 0 0 0 0 0 0 0 0 0 0 0 0 0
"20" 20 0.10152284264 85 12 5 4 2 2 1 1 0 0 0 0 0 0 0 0 0 0 0 0
"21" 21 0.00662251655629 74 15 9 7 5 1 1 0 0 0 0 0 0 0 0 0 0 0 0 0
"22" 22 0.155893536122 93 18 1 0 0 0 0 0 0 0 0 0 0 0 0 0 0 0 0 0
"23" 23 0.232558139535 84 13 10 1 1 1 1 0 0 0 0 0 0 0 0 0 0 0 0 0
"24" 24 0.482558139535 72 14 8 7 2 2 2 2 2 1 0 0 0 0 0 0 0 0 0 0
"25" 25 0.615384615385 77 16 13 2 1 1 1 1 0 0 0 0 0 0 0 0 0 0 0 0
"26" 26 0.387596899225 32 17 13 13 10 9 8 3 2 2 1 1 1 0 0 0 0 0 0 0
"27" 27 0.334728033473 99 9 3 1 0 0 0 0 0 0 0 0 0 0 0 0 0 0 0 0
"28" 28 0.138364779874 109 1 1 1 0 0 0 0 0 0 0 0 0 0 0 0 0 0 0 0
"29" 29 0.644230769231 28 19 17 14 7 6 5 4 4 3 2 2 1 0 0 0 0 0 0 0
"30" 30 0.580357142857 64 23 10 3 3 2 2 2 1 1 1 0 0 0 0 0 0 0 0 0
"31" 31 0.285171102662 105 3 2 1 0 0 0 0 0 0 0 0 0 0 0 0 0 0 0 0
"32" 32 0.472081218274 63 40 2 2 1 1 1 1 0 0 0 0 0 0 0 0 0 0 0 0
"33" 33 0.301886792453 110 1 1 0 0 0 0 0 0 0 0 0 0 0 0 0 0 0 0 0
"34" 34 0.744186046512 110 2 0 0 0 0 0 0 0 0 0 0 0 0 0 0 0 0 0 0
"35" 35 0.454022988506 96 11 5 1 0 0 0 0 0 0 0 0 0 0 0 0 0 0 0 0
"36" 36 0.326359832636 109 5 0 0 0 0 0 0 0 0 0 0 0 0 0 0 0 0 0 0
"37" 37 0.39896373057 88 22 2 1 0 0 0 0 0 0 0 0 0 0 0 0 0 0 0 0
"38" 38 0.4 102 5 2 1 1 1 1 1 0 0 0 0 0 0 0 0 0 0 0 0
"39" 39 0.121673003802 93 16 2 1 1 1 0 0 0 0 0 0 0 0 0 0 0 0 0 0
"40" 40 0.490066225166 56 21 20 7 5 3 1 1 0 0 0 0 0 0 0 0 0 0 0 0
"41" 41 0.0697674418605 73 23 6 4 2 1 1 1 1 1 1 0 0 0 0 0 0 0 0 0
"42" 42 0.533333333333 42 20 17 11 10 6 2 2 2 1 1 0 0 0 0 0 0 0 0 0
"43" 43 0.17816091954 76 18 8 7 2 2 1 0 0 0 0 0 0 0 0 0 0 0 0 0
"44" 44 0.610091743119 44 15 13 13 6 5 5 4 2 2 2 1 1 1 0 0 0 0 0 0
"45" 45 0.258620689655 82 15 5 4 4 2 1 1 0 0 0 0 0 0 0 0 0 0 0 0
"46" 46 0.554404145078 80 18 10 6 0 0 0 0 0 0 0 0 0 0 0 0 0 0 0 0
"47" 47 0.634615384615 77 10 8 6 5 2 2 2 1 1 0 0 0 0 0 0 0 0 0 0
"48" 48 0.20253164557 42 19 17 7 6 6 3 3 2 2 2 2 1 1 1 0 0 0 0 0
"49" 49 0.452830188679 61 15 8 4 4 4 3 3 3 2 2 2 1 1 1 0 0 0 0 0
"50" 50 0.0344827586207 59 32 18 3 2 0 0 0 0 0 0 0 0 0 0 0 0 0 0 0
"51" 51 0.241025641026 43 17 17 13 6 6 2 2 2 2 1 1 1 1 0 0 0 0 0 0
"52" 52 0.00497512437811 106 5 2 1 0 0 0 0 0 0 0 0 0 0 0 0 0 0 0 0
"53" 53 0.134615384615 68 18 12 5 4 2 1 1 1 1 1 0 0 0 0 0 0 0 0 0
"54" 54 0.0 110 3 1 0 0 0 0 0 0 0 0 0 0 0 0 0 0 0 0 0
"55" 55 0.237588652482 87 14 9 2 1 1 0 0 0 0 0 0 0 0 0 0 0 0 0 0
"56" 56 0.0310880829016 113 1 0 0 0 0 0 0 0 0 0 0 0 0 0 0 0 0 0 0
"57" 57 0.0290697674419 112 1 1 0 0 0 0 0 0 0 0 0 0 0 0 0 0 0 0 0
"58" 58 0.0387596899225 112 1 1 0 0 0 0 0 0 0 0 0 0 0 0 0 0 0 0 0
"59" 59 0.0576923076923 112 1 1 0 0 0 0 0 0 0 0 0 0 0 0 0 0 0 0 0
"60" 60 0.358744394619 108 2 1 1 1 1 0 0 0 0 0 0 0 0 0 0 0 0 0 0
"61" 61 0.691964285714 97 12 2 1 1 0 0 0 0 0 0 0 0 0 0 0 0 0 0 0
"62" 62 0.647668393782 87 24 1 1 0 0 0 0 0 0 0 0 0 0 0 0 0 0 0 0
"63" 63 0.326996197719 101 12 0 0 0 0 0 0 0 0 0 0 0 0 0 0 0 0 0 0
"64" 64 0.310880829016 97 7 5 2 1 1 1 0 0 0 0 0 0 0 0 0 0 0 0 0
"65" 65 0.835766423358 88 11 5 4 2 1 1 1 1 0 0 0 0 0 0 0 0 0 0 0
"66" 66 0.52736318408 108 2 2 1 1 0 0 0 0 0 0 0 0 0 0 0 0 0 0 0
"67" 67 0.029197080292 113 1 0 0 0 0 0 0 0 0 0 0 0 0 0 0 0 0 0 0
"68" 68 0.0817610062893 98 4 4 4 2 1 1 0 0 0 0 0 0 0 0 0 0 0 0 0
"69" 69 0.621890547264 108 2 2 2 0 0 0 0 0 0 0 0 0 0 0 0 0 0 0 0
"70" 70 0.245033112583 98 11 2 1 1 1 0 0 0 0 0 0 0 0 0 0 0 0 0 0
"71" 71 0.0190114068441 112 2 0 0 0 0 0 0 0 0 0 0 0 0 0 0 0 0 0 0
"72" 72 0.51572327044 96 4 4 3 1 1 1 1 1 1 1 0 0 0 0 0 0 0 0 0
"73" 73 0.385650224215 57 19 10 9 8 4 3 2 1 1 0 0 0 0 0 0 0 0 0 0
"74" 74 0.0639534883721 91 12 10 1 0 0 0 0 0 0 0 0 0 0 0 0 0 0 0 0
"75" 75 0.310880829016 91 13 5 2 2 0 0 0 0 0 0 0 0 0 0 0 0 0 0 0
"76" 76 0.0 94 15 2 2 0 0 0 0 0 0 0 0 0 0 0 0 0 0 0 0
"77" 77 0.0 91 11 6 4 1 0 0 0 0 0 0 0 0 0 0 0 0 0 0 0
"78" 78 0.0 97 10 5 1 0 0 0 0 0 0 0 0 0 0 0 0 0 0 0 0
"79" 79 0.0 53 27 25 5 2 1 0 0 0 0 0 0 0 0 0 0 0 0 0 0
"80" 80 0.0 106 3 2 1 1 0 0 0 0 0 0 0 0 0 0 0 0 0 0 0
"81" 81 0.0 101 12 0 0 0 0 0 0 0 0 0 0 0 0 0 0 0 0 0 0
"82" 82 0.0198675496689 103 9 1 0 0 0 0 0 0 0 0 0 0 0 0 0 0 0 0 0
"83" 83 0.0 57 27 25 3 1 0 0 0 0 0 0 0 0 0 0 0 0 0 0 0
"84" 84 0.0459770114943 61 17 15 8 3 3 2 2 2 0 0 0 0 0 0 0 0 0 0 0
"85" 85 0.291390728477 69 14 5 4 3 3 3 3 2 2 1 1 1 1 1 0 0 0 0 0
"86" 86 0.14465408805 82 12 4 3 3 3 2 2 1 1 0 0 0 0 0 0 0 0 0 0
"87" 87 0.488372093023 26 22 20 16 12 6 4 2 2 1 1 1 0 0 0 0 0 0 0 0
"88" 88 0.0198675496689 113 0 0 0 0 0 0 0 0 0 0 0 0 0 0 0 0 0 0 0
"89" 89 0.108786610879 73 22 17 1 0 0 0 0 0 0 0 0 0 0 0 0 0 0 0 0
"90" 90 0.397321428571 59 15 9 9 5 3 3 2 2 2 1 1 1 1 0 0 0 0 0 0
"91" 91 0.25641025641 109 3 1 0 0 0 0 0 0 0 0 0 0 0 0 0 0 0 0 0
"92" 92 0.0 83 24 3 3 0 0 0 0 0 0 0 0 0 0 0 0 0 0 0 0
"93" 93 0.332116788321 25 22 15 9 8 8 7 6 4 2 2 2 1 1 1 0 0 0 0 0
"94" 94 0.46511627907 33 19 15 11 9 7 6 4 2 2 2 1 1 1 0 0 0 0 0 0
"95" 95 0.194092827004 104 3 2 1 1 1 1 0 0 0 0 0 0 0 0 0 0 0 0 0
"96" 96 0.0 113 0 0 0 0 0 0 0 0 0 0 0 0 0 0 0 0 0 0 0
"97" 97 0.300380228137 20 20 20 13 10 10 4 4 4 2 2 2 1 1 0 0 0 0 0 0
"98" 98 0.389937106918 95 9 3 2 2 1 1 0 0 0 0 0 0 0 0 0 0 0 0 0
"99" 99 0.116071428571 112 1 1 0 0 0 0 0 0 0 0 0 0 0 0 0 0 0 0 0
"100" 100 0.0 54 45 14 1 0 0 0 0 0 0 0 0 0 0 0 0 0 0 0 0
"101" 101 0.20802919708 38 14 14 10 7 7 6 5 3 2 2 1 1 1 1 1 1 0 0 0
"102" 102 0.712918660287 79 10 7 7 4 2 1 1 1 1 1 0 0 0 0 0 0 0 0 0
"103" 103 0.416267942584 67 21 18 3 1 1 1 1 1 0 0 0 0 0 0 0 0 0 0 0
"104" 104 0.0949367088608 69 21 11 3 3 2 1 1 1 1 1 0 0 0 0 0 0 0 0 0
"105" 105 0.471698113208 100 3 3 3 1 1 1 1 1 0 0 0 0 0 0 0 0 0 0 0
"106" 106 0.846889952153 32 21 21 16 6 5 4 3 2 2 2 0 0 0 0 0 0 0 0 0
"107" 107 0.133720930233 43 36 18 10 3 2 1 1 0 0 0 0 0 0 0 0 0 0 0 0
"108" 108 0.207547169811 103 4 3 2 1 1 0 0 0 0 0 0 0 0 0 0 0 0 0 0
"109" 109 0.0 68 15 9 5 5 4 4 3 1 0 0 0 0 0 0 0 0 0 0 0
"110" 110 0.0 54 39 18 3 0 0 0 0 0 0 0 0 0 0 0 0 0 0 0 0
"111" 111 0.0 107 3 2 1 1 0 0 0 0 0 0 0 0 0 0 0 0 0 0 0
"112" 112 0.0 100 14 0 0 0 0 0 0 0 0 0 0 0 0 0 0 0 0 0 0
"113" 113 0.0 111 2 1 0 0 0 0 0 0 0 0 0 0 0 0 0 0 0 0 0
"114" 114 0.0290697674419 95 8 6 3 1 1 0 0 0 0 0 0 0 0 0 0 0 0 0 0
"115" 115 0.295358649789 91 22 1 0 0 0 0 0 0 0 0 0 0 0 0 0 0 0 0 0
"116" 116 0.223880597015 35 17 11 11 10 7 6 4 4 3 3 2 1 0 0 0 0 0 0 0
"117" 117 0.227979274611 111 2 1 0 0 0 0 0 0 0 0 0 0 0 0 0 0 0 0 0
"118" 118 0.26368159204 100 4 2 2 1 1 1 1 1 1 0 0 0 0 0 0 0 0 0 0
"119" 119 0.21897810219 107 5 2 0 0 0 0 0 0 0 0 0 0 0 0 0 0 0 0 0
"120" 120 0.678756476684 52 24 16 4 3 2 2 2 2 2 1 1 1 1 1 0 0 0 0 0
"121" 121 0.326424870466 90 7 6 4 3 2 1 0 0 0 0 0 0 0 0 0 0 0 0 0
"122" 122 0.514767932489 31 20 10 10 7 6 5 4 4 3 3 2 2 1 1 1 1 1 0 0
"123" 123 0.575129533679 26 18 10 10 10 7 6 5 5 4 3 2 2 1 1 0 0 0 0 0
"124" 124 0.0813953488372 46 21 7 7 6 3 3 3 3 2 2 2 2 1 1 1 0 0 0 0
"125" 125 0.279187817259 41 29 10 5 5 3 3 2 2 2 2 2 2 1 1 0 0 0 0 0
"126" 126 0.294642857143 31 21 11 11 10 9 7 5 3 2 1 0 0 0 0 0 0 0 0 0
"127" 127 0.492700729927 31 20 15 8 5 5 4 3 3 3 2 2 1 1 1 1 1 1 0 0
"128" 128 0.0298507462687 91 4 3 2 2 1 1 1 1 0 0 0 0 0 0 0 0 0 0 0
"129" 129 0.532846715328 24 23 12 12 11 5 5 4 3 3 1 1 1 1 0 0 0 0 0 0
"130" 130 0.709844559585 34 24 11 8 7 5 3 3 3 2 1 1 1 1 1 0 0 0 0 0
"131" 131 0.37552742616 31 15 12 7 6 5 4 4 4 4 3 3 3 1 1 1 1 0 0 0
"132" 132 0.620253164557 34 26 21 11 4 3 2 1 1 1 1 1 0 0 0 0 0 0 0 0
"133" 133 0.417910447761 35 22 13 7 6 6 4 3 3 2 2 1 1 1 1 0 0 0 0 0
"134" 134 0.441860465116 23 17 16 12 10 9 9 3 2 2 2 1 1 1 0 0 0 0 0 0
"135" 135 0.0943396226415 94 3 3 2 2 2 1 1 0 0 0 0 0 0 0 0 0 0 0 0
"136" 136 0.0406091370558 55 51 3 2 1 1 1 0 0 0 0 0 0 0 0 0 0 0 0 0
"137" 137 0.331395348837 50 31 5 5 5 3 3 3 2 2 1 1 1 1 0 0 0 0 0 0
"138" 138 0.425855513308 19 18 13 13 9 7 6 6 6 5 3 2 2 2 1 1 0 0 0 0
"139" 139 0.559748427673 46 13 11 9 9 7 6 5 4 2 1 0 0 0 0 0 0 0 0 0
"140" 140 0.421524663677 57 23 9 8 4 4 3 2 2 1 0 0 0 0 0 0 0 0 0 0
"141" 141 0.0 90 22 1 0 0 0 0 0 0 0 0 0 0 0 0 0 0 0 0 0
"142" 142 0.213930348259 23 22 20 10 8 5 5 4 3 3 3 2 1 1 1 1 1 0 0 0
"143" 143 0.426356589147 31 24 13 12 9 4 4 3 3 3 3 1 1 1 1 0 0 0 0 0
"144" 144 0.0183486238532 43 33 16 7 5 3 3 1 1 1 0 0 0 0 0 0 0 0 0 0
"145" 145 0.0387596899225 89 7 4 3 2 2 2 2 1 1 0 0 0 0 0 0 0 0 0 0
"146" 146 0.656934306569 48 20 11 8 7 5 5 4 3 1 1 0 0 0 0 0 0 0 0 0
"147" 147 0.415178571429 44 29 13 10 7 3 2 1 1 1 1 1 0 0 0 0 0 0 0 0
"148" 148 0.010152284264 81 20 9 2 1 0 0 0 0 0 0 0 0 0 0 0 0 0 0 0
"149" 149 0.480769230769 59 20 13 11 3 3 2 1 1 0 0 0 0 0 0 0 0 0 0 0
"150" 150 0.132450331126 102 3 2 2 1 0 0 0 0 0 0 0 0 0 0 0 0 0 0 0
"151" 151 0.48275862069 58 10 9 8 6 5 3 2 2 2 1 1 1 1 1 1 0 0 0 0
"152" 152 0.367088607595 61 12 10 8 5 5 4 2 1 1 1 1 0 0 0 0 0 0 0 0
"153" 153 0.041825095057 105 6 1 0 0 0 0 0 0 0 0 0 0 0 0 0 0 0 0 0
"154" 154 0.10447761194 40 20 20 16 6 3 3 1 1 1 1 0 0 0 0 0 0 0 0 0
"155" 155 0.116071428571 110 1 1 0 0 0 0 0 0 0 0 0 0 0 0 0 0 0 0 0
"156" 156 0.00632911392405 106 3 2 1 0 0 0 0 0 0 0 0 0 0 0 0 0 0 0 0
"157" 157 0.0 111 1 0 0 0 0 0 0 0 0 0 0 0 0 0 0 0 0 0 0
"158" 158 0.100775193798 102 10 0 0 0 0 0 0 0 0 0 0 0 0 0 0 0 0 0 0
"159" 159 0.482587064677 72 24 6 3 2 2 2 1 0 0 0 0 0 0 0 0 0 0 0 0
"160" 160 0.31976744186 95 4 4 2 2 1 1 1 1 1 0 0 0 0 0 0 0 0 0 0
"161" 161 0.318385650224 74 10 10 5 4 4 2 1 1 1 0 0 0 0 0 0 0 0 0 0
"162" 162 0.624087591241 34 15 12 9 7 5 5 4 4 4 3 3 2 2 1 1 0 0 0 0
"163" 163 0.317307692308 76 30 2 1 1 1 0 0 0 0 0 0 0 0 0 0 0 0 0 0
"164" 164 0.0248756218905 71 35 5 0 0 0 0 0 0 0 0 0 0 0 0 0 0 0 0 0
"165" 165 0.548523206751 72 16 5 4 3 3 2 2 1 1 0 0 0 0 0 0 0 0 0 0
"166" 166 0.372093023256 35 16 15 13 10 7 6 2 2 1 1 1 0 0 0 0 0 0 0 0
"167" 167 0.0 95 6 5 2 1 0 0 0 0 0 0 0 0 0 0 0 0 0 0 0
"168" 168 0.0 108 1 0 0 0 0 0 0 0 0 0 0 0 0 0 0 0 0 0 0
"169" 169 0.170984455959 68 27 3 2 2 2 1 1 1 1 0 0 0 0 0 0 0 0 0 0
"170" 170 0.165178571429 60 11 10 5 4 4 3 2 2 2 2 1 1 1 0 0 0 0 0 0
"171" 171 0.0 104 2 1 1 0 0 0 0 0 0 0 0 0 0 0 0 0 0 0 0
"172" 172 0.0507614213198 63 21 14 4 2 2 1 0 0 0 0 0 0 0 0 0 0 0 0 0
"173" 173 0.419708029197 61 13 6 6 4 2 2 2 2 2 2 1 0 0 0 0 0 0 0 0
"174" 174 0.255813953488 63 9 7 5 5 3 3 3 1 1 0 0 0 0 0 0 0 0 0 0
"175" 175 0.258620689655 53 24 9 3 3 2 2 1 0 0 0 0 0 0 0 0 0 0 0 0
"176" 176 0.303482587065 72 14 6 4 0 0 0 0 0 0 0 0 0 0 0 0 0 0 0 0
"177" 177 1.05769230769 11 9 6 2 0 0 0 0 0 0 0 0 0 0 0 0 0 0 0 0
