"site" "RSA" "aa1" "aa2" "aa3" "aa4" "aa5" "aa6" "aa7" "aa8" "aa9" "aa10" "aa11" "aa12" "aa13" "aa14" "aa15" "aa16" "aa17" "aa18" "aa19" "aa20"
"0" 0 0.230769230769 38 1 0 0 0 0 0 0 0 0 0 0 0 0 0 0 0 0 0 0
"1" 1 0.558974358974 10 9 5 5 2 2 2 2 1 1 0 0 0 0 0 0 0 0 0 0
"2" 2 0.43654822335 8 8 5 5 5 5 1 1 1 1 0 0 0 0 0 0 0 0 0 0
"3" 3 0.071129707113 21 7 6 5 1 1 1 0 0 0 0 0 0 0 0 0 0 0 0 0
"4" 4 0.0697674418605 33 4 3 1 1 1 0 0 0 0 0 0 0 0 0 0 0 0 0 0
"5" 5 0.507692307692 14 9 8 8 2 2 1 1 0 0 0 0 0 0 0 0 0 0 0 0
"6" 6 0.0945273631841 23 12 2 2 1 1 1 1 1 1 0 0 0 0 0 0 0 0 0 0
"7" 7 0.0 28 6 3 2 2 2 1 1 0 0 0 0 0 0 0 0 0 0 0 0
"8" 8 0.447257383966 14 7 5 4 4 4 2 2 2 1 0 0 0 0 0 0 0 0 0 0
"9" 9 0.528846153846 15 12 8 6 3 1 1 1 0 0 0 0 0 0 0 0 0 0 0 0
"10" 10 0.134328358209 32 8 4 2 2 1 1 0 0 0 0 0 0 0 0 0 0 0 0 0
"11" 11 0.317991631799 32 7 5 2 1 1 1 1 1 0 0 0 0 0 0 0 0 0 0 0
"12" 12 0.615384615385 34 8 2 2 1 1 1 1 1 0 0 0 0 0 0 0 0 0 0 0
"13" 13 0.573839662447 23 8 6 4 3 3 2 1 1 0 0 0 0 0 0 0 0 0 0 0
"14" 14 0.772151898734 34 6 3 2 1 1 1 1 1 1 0 0 0 0 0 0 0 0 0 0
"15" 15 0.352678571429 33 6 5 2 2 2 1 0 0 0 0 0 0 0 0 0 0 0 0 0
"16" 16 0.0596330275229 23 10 4 4 4 2 1 1 1 1 1 0 0 0 0 0 0 0 0 0
"17" 17 0.120437956204 45 2 1 1 1 1 1 0 0 0 0 0 0 0 0 0 0 0 0 0
"18" 18 0.0 44 5 3 0 0 0 0 0 0 0 0 0 0 0 0 0 0 0 0 0
"19" 19 0.0 47 3 1 1 0 0 0 0 0 0 0 0 0 0 0 0 0 0 0 0
"20" 20 0.0 40 9 3 1 0 0 0 0 0 0 0 0 0 0 0 0 0 0 0 0
"21" 21 0.0 26 22 4 0 0 0 0 0 0 0 0 0 0 0 0 0 0 0 0 0
"22" 22 0.0 52 0 0 0 0 0 0 0 0 0 0 0 0 0 0 0 0 0 0 0
"23" 23 0.0696517412935 52 0 0 0 0 0 0 0 0 0 0 0 0 0 0 0 0 0 0 0
"24" 24 0.424870466321 52 0 0 0 0 0 0 0 0 0 0 0 0 0 0 0 0 0 0 0
"25" 25 0.527131782946 28 10 8 3 1 1 1 0 0 0 0 0 0 0 0 0 0 0 0 0
"26" 26 0.015503875969 48 3 1 0 0 0 0 0 0 0 0 0 0 0 0 0 0 0 0 0
"27" 27 0.115384615385 52 0 0 0 0 0 0 0 0 0 0 0 0 0 0 0 0 0 0 0
"28" 28 0.0295358649789 52 0 0 0 0 0 0 0 0 0 0 0 0 0 0 0 0 0 0 0
"29" 29 0.348837209302 51 1 0 0 0 0 0 0 0 0 0 0 0 0 0 0 0 0 0 0
"30" 30 0.343023255814 51 1 0 0 0 0 0 0 0 0 0 0 0 0 0 0 0 0 0 0
"31" 31 0.010152284264 43 5 3 1 0 0 0 0 0 0 0 0 0 0 0 0 0 0 0 0
"32" 32 0.00995024875622 52 0 0 0 0 0 0 0 0 0 0 0 0 0 0 0 0 0 0 0
"33" 33 0.608365019011 51 1 0 0 0 0 0 0 0 0 0 0 0 0 0 0 0 0 0 0
"34" 34 0.345991561181 37 12 1 1 1 0 0 0 0 0 0 0 0 0 0 0 0 0 0 0
"35" 35 0.0199004975124 48 2 2 0 0 0 0 0 0 0 0 0 0 0 0 0 0 0 0 0
"36" 36 0.573839662447 40 11 1 0 0 0 0 0 0 0 0 0 0 0 0 0 0 0 0 0
"37" 37 0.0547263681592 39 6 3 3 1 1 0 0 0 0 0 0 0 0 0 0 0 0 0 0
"38" 38 0.394230769231 41 8 1 1 1 1 0 0 0 0 0 0 0 0 0 0 0 0 0 0
"39" 39 0.705357142857 41 8 2 1 1 0 0 0 0 0 0 0 0 0 0 0 0 0 0 0
"40" 40 0.248730964467 28 13 4 2 2 1 1 1 1 0 0 0 0 0 0 0 0 0 0 0
"41" 41 0.396551724138 43 5 2 2 1 0 0 0 0 0 0 0 0 0 0 0 0 0 0 0
"42" 42 0.453488372093 34 9 2 1 1 1 1 1 1 1 1 0 0 0 0 0 0 0 0 0
"43" 43 0.401162790698 50 2 1 0 0 0 0 0 0 0 0 0 0 0 0 0 0 0 0 0
"44" 44 0.502538071066 43 9 1 0 0 0 0 0 0 0 0 0 0 0 0 0 0 0 0 0
"45" 45 0.295597484277 52 1 0 0 0 0 0 0 0 0 0 0 0 0 0 0 0 0 0 0
"46" 46 0.279069767442 51 1 1 0 0 0 0 0 0 0 0 0 0 0 0 0 0 0 0 0
"47" 47 0.680203045685 40 8 3 1 1 0 0 0 0 0 0 0 0 0 0 0 0 0 0 0
"48" 48 0.471153846154 53 1 0 0 0 0 0 0 0 0 0 0 0 0 0 0 0 0 0 0
"49" 49 0.0209205020921 52 1 1 0 0 0 0 0 0 0 0 0 0 0 0 0 0 0 0 0
"50" 50 0.466666666667 54 0 0 0 0 0 0 0 0 0 0 0 0 0 0 0 0 0 0 0
"51" 51 0.0 53 1 0 0 0 0 0 0 0 0 0 0 0 0 0 0 0 0 0 0
"52" 52 0.133928571429 53 1 0 0 0 0 0 0 0 0 0 0 0 0 0 0 0 0 0 0
"53" 53 0.21511627907 37 8 2 2 1 1 1 1 1 0 0 0 0 0 0 0 0 0 0 0
"54" 54 0.0172413793103 42 5 5 2 0 0 0 0 0 0 0 0 0 0 0 0 0 0 0 0
"55" 55 0.540178571429 31 13 4 4 2 0 0 0 0 0 0 0 0 0 0 0 0 0 0 0
"56" 56 0.239543726236 50 2 1 1 0 0 0 0 0 0 0 0 0 0 0 0 0 0 0 0
"57" 57 0.409282700422 47 6 1 0 0 0 0 0 0 0 0 0 0 0 0 0 0 0 0 0
"58" 58 0.0769230769231 51 2 1 0 0 0 0 0 0 0 0 0 0 0 0 0 0 0 0 0
"59" 59 0.0 33 11 10 0 0 0 0 0 0 0 0 0 0 0 0 0 0 0 0 0
"60" 60 0.0198675496689 20 19 5 3 3 3 1 0 0 0 0 0 0 0 0 0 0 0 0 0
"61" 61 0.00418410041841 48 4 2 0 0 0 0 0 0 0 0 0 0 0 0 0 0 0 0 0
"62" 62 0.00581395348837 30 12 8 2 1 1 0 0 0 0 0 0 0 0 0 0 0 0 0 0
"63" 63 0.0 46 2 2 2 1 0 0 0 0 0 0 0 0 0 0 0 0 0 0 0
"64" 64 0.0106382978723 52 0 0 0 0 0 0 0 0 0 0 0 0 0 0 0 0 0 0 0
"65" 65 0.419689119171 52 0 0 0 0 0 0 0 0 0 0 0 0 0 0 0 0 0 0 0
"66" 66 0.051724137931 34 12 7 0 0 0 0 0 0 0 0 0 0 0 0 0 0 0 0 0
"67" 67 0.298076923077 53 0 0 0 0 0 0 0 0 0 0 0 0 0 0 0 0 0 0 0
"68" 68 0.634615384615 52 1 0 0 0 0 0 0 0 0 0 0 0 0 0 0 0 0 0 0
"69" 69 0.165919282511 51 2 0 0 0 0 0 0 0 0 0 0 0 0 0 0 0 0 0 0
"70" 70 0.373056994819 30 11 4 3 1 1 1 1 0 0 0 0 0 0 0 0 0 0 0 0
"71" 71 0.637130801688 33 12 3 2 1 1 0 0 0 0 0 0 0 0 0 0 0 0 0 0
"72" 72 0.558375634518 49 3 0 0 0 0 0 0 0 0 0 0 0 0 0 0 0 0 0 0
"73" 73 0.543795620438 52 1 0 0 0 0 0 0 0 0 0 0 0 0 0 0 0 0 0 0
"74" 74 0.220125786164 41 3 3 2 2 1 1 0 0 0 0 0 0 0 0 0 0 0 0 0
"75" 75 0.26368159204 41 12 0 0 0 0 0 0 0 0 0 0 0 0 0 0 0 0 0 0
"76" 76 0.0780141843972 53 0 0 0 0 0 0 0 0 0 0 0 0 0 0 0 0 0 0 0
"77" 77 0.448905109489 43 8 1 1 0 0 0 0 0 0 0 0 0 0 0 0 0 0 0 0
"78" 78 0.66985645933 35 12 3 1 1 1 0 0 0 0 0 0 0 0 0 0 0 0 0 0
"79" 79 0.167300380228 53 0 0 0 0 0 0 0 0 0 0 0 0 0 0 0 0 0 0 0
"80" 80 0.00836820083682 28 24 1 0 0 0 0 0 0 0 0 0 0 0 0 0 0 0 0 0
"81" 81 0.461883408072 18 9 7 6 3 2 1 1 1 1 1 1 1 1 0 0 0 0 0 0
"82" 82 0.189743589744 32 13 1 1 1 1 1 1 1 0 0 0 0 0 0 0 0 0 0 0
"83" 83 0.0232558139535 42 4 3 1 1 1 0 0 0 0 0 0 0 0 0 0 0 0 0 0
"84" 84 0.313901345291 31 8 3 3 3 2 2 0 0 0 0 0 0 0 0 0 0 0 0 0
"85" 85 0.0 33 17 1 1 0 0 0 0 0 0 0 0 0 0 0 0 0 0 0 0
"86" 86 0.0149253731343 27 17 8 0 0 0 0 0 0 0 0 0 0 0 0 0 0 0 0 0
"87" 87 0.010152284264 51 1 0 0 0 0 0 0 0 0 0 0 0 0 0 0 0 0 0 0
"88" 88 0.00418410041841 38 14 0 0 0 0 0 0 0 0 0 0 0 0 0 0 0 0 0 0
"89" 89 0.0 52 0 0 0 0 0 0 0 0 0 0 0 0 0 0 0 0 0 0 0
"90" 90 0.0402298850575 46 5 1 0 0 0 0 0 0 0 0 0 0 0 0 0 0 0 0 0
"91" 91 0.145077720207 52 0 0 0 0 0 0 0 0 0 0 0 0 0 0 0 0 0 0 0
"92" 92 0.0 48 3 1 1 0 0 0 0 0 0 0 0 0 0 0 0 0 0 0 0
"93" 93 0.230769230769 23 12 7 5 2 1 1 1 1 0 0 0 0 0 0 0 0 0 0 0
"94" 94 0.150259067358 52 1 0 0 0 0 0 0 0 0 0 0 0 0 0 0 0 0 0 0
"95" 95 0.379562043796 32 7 3 3 2 2 1 1 1 1 0 0 0 0 0 0 0 0 0 0
"96" 96 0.638392857143 30 13 4 3 2 1 0 0 0 0 0 0 0 0 0 0 0 0 0 0
"97" 97 0.288321167883 52 1 0 0 0 0 0 0 0 0 0 0 0 0 0 0 0 0 0 0
"98" 98 0.0459770114943 25 12 11 4 1 0 0 0 0 0 0 0 0 0 0 0 0 0 0 0
"99" 99 0.507692307692 11 9 9 7 6 4 2 1 1 1 1 1 0 0 0 0 0 0 0 0
"100" 100 0.272321428571 32 6 5 5 3 2 1 0 0 0 0 0 0 0 0 0 0 0 0 0
"101" 101 0.0232558139535 41 7 5 1 0 0 0 0 0 0 0 0 0 0 0 0 0 0 0 0
"102" 102 0.332116788321 31 9 6 3 2 1 1 1 0 0 0 0 0 0 0 0 0 0 0 0
"103" 103 0.419642857143 23 9 8 3 3 3 2 2 1 0 0 0 0 0 0 0 0 0 0 0
"104" 104 0.03125 53 1 0 0 0 0 0 0 0 0 0 0 0 0 0 0 0 0 0 0
"105" 105 0.0 49 3 1 1 0 0 0 0 0 0 0 0 0 0 0 0 0 0 0 0
"106" 106 0.238532110092 22 7 6 3 3 3 3 2 1 1 1 1 1 0 0 0 0 0 0 0
"107" 107 0.474452554745 20 13 6 4 3 2 2 1 1 1 1 0 0 0 0 0 0 0 0 0
"108" 108 0.0229357798165 28 12 12 2 0 0 0 0 0 0 0 0 0 0 0 0 0 0 0 0
"109" 109 0.0696517412935 38 8 5 2 1 0 0 0 0 0 0 0 0 0 0 0 0 0 0 0
"110" 110 0.581395348837 11 8 7 7 6 3 3 3 2 1 1 1 1 0 0 0 0 0 0 0
"111" 111 0.232142857143 35 14 2 1 1 1 0 0 0 0 0 0 0 0 0 0 0 0 0 0
"112" 112 0.678756476684 22 16 7 4 2 1 1 1 0 0 0 0 0 0 0 0 0 0 0 0
"113" 113 0.428571428571 47 4 2 1 0 0 0 0 0 0 0 0 0 0 0 0 0 0 0 0
"114" 114 0.00497512437811 42 12 0 0 0 0 0 0 0 0 0 0 0 0 0 0 0 0 0 0
"115" 115 0.448905109489 28 15 5 2 2 1 1 0 0 0 0 0 0 0 0 0 0 0 0 0
"116" 116 0.642487046632 29 6 4 4 3 2 1 1 1 1 1 0 0 0 0 0 0 0 0 0
"117" 117 0.0232558139535 34 6 5 4 4 0 0 0 0 0 0 0 0 0 0 0 0 0 0 0
"118" 118 0.0114942528736 18 9 7 5 5 3 2 2 1 1 1 0 0 0 0 0 0 0 0 0
"119" 119 0.00497512437811 44 5 5 0 0 0 0 0 0 0 0 0 0 0 0 0 0 0 0 0
"120" 120 0.0 51 1 1 1 0 0 0 0 0 0 0 0 0 0 0 0 0 0 0 0
"121" 121 0.0 47 5 2 0 0 0 0 0 0 0 0 0 0 0 0 0 0 0 0 0
"122" 122 0.00418410041841 42 7 3 1 1 0 0 0 0 0 0 0 0 0 0 0 0 0 0 0
"123" 123 0.0 52 1 1 0 0 0 0 0 0 0 0 0 0 0 0 0 0 0 0 0
"124" 124 0.025641025641 53 1 0 0 0 0 0 0 0 0 0 0 0 0 0 0 0 0 0 0
"125" 125 0.227848101266 54 0 0 0 0 0 0 0 0 0 0 0 0 0 0 0 0 0 0 0
"126" 126 0.22869955157 51 1 1 1 0 0 0 0 0 0 0 0 0 0 0 0 0 0 0 0
"127" 127 0.538860103627 53 1 0 0 0 0 0 0 0 0 0 0 0 0 0 0 0 0 0 0
"128" 128 0.298507462687 35 6 4 4 2 1 1 1 0 0 0 0 0 0 0 0 0 0 0 0
"129" 129 0.805031446541 37 5 4 3 1 1 1 0 0 0 0 0 0 0 0 0 0 0 0 0
"130" 130 0.476923076923 25 19 3 2 1 1 1 1 1 0 0 0 0 0 0 0 0 0 0 0
"131" 131 0.147286821705 46 2 2 1 1 1 1 0 0 0 0 0 0 0 0 0 0 0 0 0
"132" 132 0.0229357798165 29 16 3 2 1 1 1 1 0 0 0 0 0 0 0 0 0 0 0 0
"133" 133 0.415384615385 17 15 6 5 4 2 2 1 1 1 0 0 0 0 0 0 0 0 0 0
"134" 134 0.22480620155 17 11 9 3 3 3 3 2 2 1 0 0 0 0 0 0 0 0 0 0
"135" 135 0.527131782946 24 8 4 3 3 3 3 2 1 1 1 1 0 0 0 0 0 0 0 0
"136" 136 0.330357142857 41 7 2 1 1 1 1 0 0 0 0 0 0 0 0 0 0 0 0 0
"137" 137 0.0 22 20 10 2 0 0 0 0 0 0 0 0 0 0 0 0 0 0 0 0
"138" 138 0.0813953488372 27 9 6 4 2 2 1 1 1 1 0 0 0 0 0 0 0 0 0 0
"139" 139 0.668393782383 22 15 7 4 2 2 1 1 0 0 0 0 0 0 0 0 0 0 0 0
"140" 140 0.481012658228 27 13 4 3 2 2 1 1 1 0 0 0 0 0 0 0 0 0 0 0
"141" 141 0.0 52 1 1 0 0 0 0 0 0 0 0 0 0 0 0 0 0 0 0 0
"142" 142 0.125 29 6 4 4 4 2 2 2 1 0 0 0 0 0 0 0 0 0 0 0
"143" 143 0.0 52 1 1 0 0 0 0 0 0 0 0 0 0 0 0 0 0 0 0 0
"144" 144 0.626794258373 15 11 9 5 4 3 2 1 1 1 1 1 0 0 0 0 0 0 0 0
"145" 145 0.516556291391 17 7 6 5 4 4 3 3 2 1 1 0 0 0 0 0 0 0 0 0
"146" 146 0.124378109453 36 8 5 1 1 1 0 0 0 0 0 0 0 0 0 0 0 0 0 0
"147" 147 0.678832116788 20 19 4 3 2 2 1 1 1 0 0 0 0 0 0 0 0 0 0 0
"148" 148 0.918660287081 14 11 5 4 4 4 3 2 2 1 0 0 0 0 0 0 0 0 0 0
"149" 149 0.109489051095 48 2 1 1 1 0 0 0 0 0 0 0 0 0 0 0 0 0 0 0
"150" 150 0.348717948718 9 8 8 7 5 4 3 3 3 1 1 1 0 0 0 0 0 0 0 0
"151" 151 0.191489361702 49 1 1 1 0 0 0 0 0 0 0 0 0 0 0 0 0 0 0 0
"152" 152 0.307984790875 18 10 9 9 2 2 1 1 1 0 0 0 0 0 0 0 0 0 0 0
"153" 153 0.147208121827 26 24 1 1 1 0 0 0 0 0 0 0 0 0 0 0 0 0 0 0
"154" 154 0.116591928251 35 8 5 2 1 1 1 0 0 0 0 0 0 0 0 0 0 0 0 0
"155" 155 0.279069767442 14 13 8 7 7 2 1 1 0 0 0 0 0 0 0 0 0 0 0 0
"156" 156 0.0 27 11 10 5 0 0 0 0 0 0 0 0 0 0 0 0 0 0 0 0
"157" 157 0.0443037974684 35 13 2 2 1 0 0 0 0 0 0 0 0 0 0 0 0 0 0 0
"158" 158 0.0232558139535 51 1 1 0 0 0 0 0 0 0 0 0 0 0 0 0 0 0 0 0
"159" 159 0.540697674419 26 7 7 6 3 1 1 1 0 0 0 0 0 0 0 0 0 0 0 0
"160" 160 0.556291390728 12 11 9 6 4 3 3 2 1 0 0 0 0 0 0 0 0 0 0 0
"161" 161 0.221153846154 48 2 1 0 0 0 0 0 0 0 0 0 0 0 0 0 0 0 0 0
"162" 162 0.528497409326 15 15 6 4 3 3 2 2 1 0 0 0 0 0 0 0 0 0 0 0
"163" 163 0.0 51 0 0 0 0 0 0 0 0 0 0 0 0 0 0 0 0 0 0 0
"164" 164 0.00497512437811 45 5 1 0 0 0 0 0 0 0 0 0 0 0 0 0 0 0 0 0
"165" 165 0.319391634981 25 7 3 3 3 2 2 1 1 1 1 1 0 0 0 0 0 0 0 0
"166" 166 0.370535714286 44 3 1 1 1 0 0 0 0 0 0 0 0 0 0 0 0 0 0 0
"167" 167 0.0 46 4 0 0 0 0 0 0 0 0 0 0 0 0 0 0 0 0 0 0
"168" 168 0.0149253731343 39 6 4 1 0 0 0 0 0 0 0 0 0 0 0 0 0 0 0 0
"169" 169 0.331606217617 35 6 2 2 2 1 1 1 0 0 0 0 0 0 0 0 0 0 0 0
"170" 170 0.131205673759 50 0 0 0 0 0 0 0 0 0 0 0 0 0 0 0 0 0 0 0
"171" 171 0.0 48 1 1 0 0 0 0 0 0 0 0 0 0 0 0 0 0 0 0 0
"172" 172 0.0662251655629 24 13 7 4 1 1 0 0 0 0 0 0 0 0 0 0 0 0 0 0
"173" 173 0.353846153846 17 7 7 5 4 3 2 2 1 1 0 0 0 0 0 0 0 0 0 0
"174" 174 0.125560538117 10 9 7 7 6 2 2 1 1 1 0 0 0 0 0 0 0 0 0 0
"175" 175 0.044776119403 27 11 6 2 0 0 0 0 0 0 0 0 0 0 0 0 0 0 0 0
"176" 176 0.204379562044 14 6 6 4 3 2 2 1 1 1 1 0 0 0 0 0 0 0 0 0
"177" 177 0.651282051282 7 5 5 4 3 2 2 2 1 1 1 1 0 0 0 0 0 0 0 0
"178" 178 0.452914798206 11 7 5 3 1 1 1 1 0 0 0 0 0 0 0 0 0 0 0 0
"179" 179 1.03797468354 10 3 1 0 0 0 0 0 0 0 0 0 0 0 0 0 0 0 0 0
