"site" "RSA" "aa1" "aa2" "aa3" "aa4" "aa5" "aa6" "aa7" "aa8" "aa9" "aa10" "aa11" "aa12" "aa13" "aa14" "aa15" "aa16" "aa17" "aa18" "aa19" "aa20"
"0" 0 0.5 500 0 0 0 0 0 0 0 0 0 0 0 0 0 0 0 0 0 0 0
"1" 1 0.630769230769 175 171 101 25 8 6 4 3 2 2 2 1 0 0 0 0 0 0 0 0
"2" 2 0.649746192893 392 54 26 8 5 4 3 2 2 1 1 1 1 0 0 0 0 0 0 0
"3" 3 0.092050209205 480 20 0 0 0 0 0 0 0 0 0 0 0 0 0 0 0 0 0 0
"4" 4 0.0397350993377 499 1 0 0 0 0 0 0 0 0 0 0 0 0 0 0 0 0 0 0
"5" 5 0.456953642384 298 53 40 35 24 22 10 9 8 1 0 0 0 0 0 0 0 0 0 0
"6" 6 0.0733944954128 352 110 17 6 5 4 3 1 1 1 0 0 0 0 0 0 0 0 0 0
"7" 7 0.0167364016736 276 221 3 0 0 0 0 0 0 0 0 0 0 0 0 0 0 0 0 0
"8" 8 0.378238341969 443 22 20 15 0 0 0 0 0 0 0 0 0 0 0 0 0 0 0 0
"9" 9 0.430379746835 416 43 16 10 6 5 2 1 1 0 0 0 0 0 0 0 0 0 0 0
"10" 10 0.0298507462687 500 0 0 0 0 0 0 0 0 0 0 0 0 0 0 0 0 0 0 0
"11" 11 0.63475177305 201 166 46 45 12 11 7 6 2 1 1 1 1 0 0 0 0 0 0 0
"12" 12 0.615384615385 500 0 0 0 0 0 0 0 0 0 0 0 0 0 0 0 0 0 0 0
"13" 13 0.172185430464 419 81 0 0 0 0 0 0 0 0 0 0 0 0 0 0 0 0 0 0
"14" 14 0.805128205128 119 80 71 64 50 34 30 13 12 11 5 4 3 3 1 0 0 0 0 0
"15" 15 0.227848101266 218 132 51 37 23 15 8 6 5 3 1 1 0 0 0 0 0 0 0 0
"16" 16 0.504464285714 255 70 54 52 22 17 9 6 5 3 3 3 1 0 0 0 0 0 0 0
"17" 17 0.0348258706468 500 0 0 0 0 0 0 0 0 0 0 0 0 0 0 0 0 0 0 0
"18" 18 0.138686131387 500 0 0 0 0 0 0 0 0 0 0 0 0 0 0 0 0 0 0 0
"19" 19 0.010152284264 485 15 0 0 0 0 0 0 0 0 0 0 0 0 0 0 0 0 0 0
"20" 20 0.00497512437811 500 0 0 0 0 0 0 0 0 0 0 0 0 0 0 0 0 0 0 0
"21" 21 0.0152284263959 442 58 0 0 0 0 0 0 0 0 0 0 0 0 0 0 0 0 0 0
"22" 22 0.0 500 0 0 0 0 0 0 0 0 0 0 0 0 0 0 0 0 0 0 0
"23" 23 0.0 500 0 0 0 0 0 0 0 0 0 0 0 0 0 0 0 0 0 0 0
"24" 24 0.0696517412935 473 26 1 0 0 0 0 0 0 0 0 0 0 0 0 0 0 0 0 0
"25" 25 0.424870466321 461 13 11 10 2 2 1 0 0 0 0 0 0 0 0 0 0 0 0 0
"26" 26 0.413461538462 500 0 0 0 0 0 0 0 0 0 0 0 0 0 0 0 0 0 0 0
"27" 27 0.0077519379845 496 4 0 0 0 0 0 0 0 0 0 0 0 0 0 0 0 0 0 0
"28" 28 0.134615384615 500 0 0 0 0 0 0 0 0 0 0 0 0 0 0 0 0 0 0 0
"29" 29 0.0210970464135 420 61 18 1 0 0 0 0 0 0 0 0 0 0 0 0 0 0 0 0
"30" 30 0.372093023256 244 114 39 26 25 20 16 5 4 3 2 2 0 0 0 0 0 0 0 0
"31" 31 0.389534883721 242 50 43 40 36 25 21 13 13 8 4 3 2 0 0 0 0 0 0 0
"32" 32 0.010152284264 500 0 0 0 0 0 0 0 0 0 0 0 0 0 0 0 0 0 0 0
"33" 33 0.0 500 0 0 0 0 0 0 0 0 0 0 0 0 0 0 0 0 0 0 0
"34" 34 0.456273764259 225 181 43 13 11 6 6 4 4 2 2 2 1 0 0 0 0 0 0 0
"35" 35 0.335766423358 333 131 21 6 3 2 1 1 1 1 0 0 0 0 0 0 0 0 0 0
"36" 36 0.0149253731343 500 0 0 0 0 0 0 0 0 0 0 0 0 0 0 0 0 0 0 0
"37" 37 0.636771300448 429 37 24 10 0 0 0 0 0 0 0 0 0 0 0 0 0 0 0 0
"38" 38 0.0812182741117 500 0 0 0 0 0 0 0 0 0 0 0 0 0 0 0 0 0 0 0
"39" 39 0.5 500 0 0 0 0 0 0 0 0 0 0 0 0 0 0 0 0 0 0 0
"40" 40 0.285714285714 278 109 28 26 17 13 7 6 6 4 2 1 1 1 1 0 0 0 0 0
"41" 41 0.281609195402 492 8 0 0 0 0 0 0 0 0 0 0 0 0 0 0 0 0 0 0
"42" 42 0.494252873563 232 107 36 31 24 23 22 10 4 3 3 2 2 1 0 0 0 0 0 0
"43" 43 0.517441860465 245 166 65 8 4 3 3 2 2 2 0 0 0 0 0 0 0 0 0 0
"44" 44 0.360465116279 320 112 37 22 5 2 1 1 0 0 0 0 0 0 0 0 0 0 0 0
"45" 45 0.261603375527 167 148 106 29 17 10 7 6 3 3 2 1 1 0 0 0 0 0 0 0
"46" 46 0.471698113208 500 0 0 0 0 0 0 0 0 0 0 0 0 0 0 0 0 0 0 0
"47" 47 0.31976744186 500 0 0 0 0 0 0 0 0 0 0 0 0 0 0 0 0 0 0 0
"48" 48 0.761421319797 131 92 57 55 47 46 33 15 9 5 4 2 2 1 1 0 0 0 0 0
"49" 49 0.625 491 5 4 0 0 0 0 0 0 0 0 0 0 0 0 0 0 0 0 0
"50" 50 0.0376569037657 500 0 0 0 0 0 0 0 0 0 0 0 0 0 0 0 0 0 0 0
"51" 51 0.533333333333 287 130 55 7 5 5 3 2 2 1 1 1 1 0 0 0 0 0 0 0
"52" 52 0.0 500 0 0 0 0 0 0 0 0 0 0 0 0 0 0 0 0 0 0 0
"53" 53 0.107142857143 155 112 100 49 35 19 11 9 7 1 1 1 0 0 0 0 0 0 0 0
"54" 54 0.110465116279 476 9 7 4 3 1 0 0 0 0 0 0 0 0 0 0 0 0 0 0
"55" 55 0.0149253731343 500 0 0 0 0 0 0 0 0 0 0 0 0 0 0 0 0 0 0 0
"56" 56 0.298013245033 340 60 50 40 7 1 1 1 0 0 0 0 0 0 0 0 0 0 0 0
"57" 57 0.133079847909 471 29 0 0 0 0 0 0 0 0 0 0 0 0 0 0 0 0 0 0
"58" 58 0.240506329114 484 16 0 0 0 0 0 0 0 0 0 0 0 0 0 0 0 0 0 0
"59" 59 0.123076923077 500 0 0 0 0 0 0 0 0 0 0 0 0 0 0 0 0 0 0 0
"60" 60 0.0149253731343 497 3 0 0 0 0 0 0 0 0 0 0 0 0 0 0 0 0 0 0
"61" 61 0.223628691983 344 73 47 18 4 4 4 3 2 1 0 0 0 0 0 0 0 0 0 0
"62" 62 0.0298507462687 497 3 0 0 0 0 0 0 0 0 0 0 0 0 0 0 0 0 0 0
"63" 63 0.0 483 13 4 0 0 0 0 0 0 0 0 0 0 0 0 0 0 0 0 0
"64" 64 0.0287356321839 470 11 11 4 2 1 1 0 0 0 0 0 0 0 0 0 0 0 0 0
"65" 65 0.0141843971631 500 0 0 0 0 0 0 0 0 0 0 0 0 0 0 0 0 0 0 0
"66" 66 0.40932642487 275 80 61 42 25 4 4 4 2 2 1 0 0 0 0 0 0 0 0 0
"67" 67 0.0248756218905 500 0 0 0 0 0 0 0 0 0 0 0 0 0 0 0 0 0 0 0
"68" 68 0.951923076923 500 0 0 0 0 0 0 0 0 0 0 0 0 0 0 0 0 0 0 0
"69" 69 0.390862944162 181 81 77 67 18 17 17 14 12 10 3 2 1 0 0 0 0 0 0 0
"70" 70 0.328467153285 196 156 61 31 25 20 7 2 1 1 0 0 0 0 0 0 0 0 0 0
"71" 71 0.698113207547 135 115 77 73 31 15 14 12 10 7 4 3 2 1 1 0 0 0 0 0
"72" 72 0.110266159696 226 155 44 21 16 12 8 7 4 2 2 2 1 0 0 0 0 0 0 0
"73" 73 0.031914893617 500 0 0 0 0 0 0 0 0 0 0 0 0 0 0 0 0 0 0 0
"74" 74 0.120437956204 203 92 66 43 42 23 17 13 1 0 0 0 0 0 0 0 0 0 0 0
"75" 75 0.588607594937 500 0 0 0 0 0 0 0 0 0 0 0 0 0 0 0 0 0 0 0
"76" 76 0.110266159696 413 87 0 0 0 0 0 0 0 0 0 0 0 0 0 0 0 0 0 0
"77" 77 0.00760456273764 370 130 0 0 0 0 0 0 0 0 0 0 0 0 0 0 0 0 0 0
"78" 78 0.550387596899 198 123 41 40 26 21 12 10 8 7 7 5 2 0 0 0 0 0 0 0
"79" 79 0.305699481865 500 0 0 0 0 0 0 0 0 0 0 0 0 0 0 0 0 0 0 0
"80" 80 0.0813953488372 497 3 0 0 0 0 0 0 0 0 0 0 0 0 0 0 0 0 0 0
"81" 81 0.147286821705 471 29 0 0 0 0 0 0 0 0 0 0 0 0 0 0 0 0 0 0
"82" 82 0.0 500 0 0 0 0 0 0 0 0 0 0 0 0 0 0 0 0 0 0 0
"83" 83 0.0747126436782 500 0 0 0 0 0 0 0 0 0 0 0 0 0 0 0 0 0 0 0
"84" 84 0.0203045685279 492 8 0 0 0 0 0 0 0 0 0 0 0 0 0 0 0 0 0 0
"85" 85 0.00418410041841 500 0 0 0 0 0 0 0 0 0 0 0 0 0 0 0 0 0 0 0
"86" 86 0.00574712643678 500 0 0 0 0 0 0 0 0 0 0 0 0 0 0 0 0 0 0 0
"87" 87 0.0287356321839 500 0 0 0 0 0 0 0 0 0 0 0 0 0 0 0 0 0 0 0
"88" 88 0.124352331606 435 65 0 0 0 0 0 0 0 0 0 0 0 0 0 0 0 0 0 0
"89" 89 0.0 474 26 0 0 0 0 0 0 0 0 0 0 0 0 0 0 0 0 0 0
"90" 90 0.273255813953 500 0 0 0 0 0 0 0 0 0 0 0 0 0 0 0 0 0 0 0
"91" 91 0.160621761658 500 0 0 0 0 0 0 0 0 0 0 0 0 0 0 0 0 0 0 0
"92" 92 0.274261603376 412 57 27 1 1 1 1 0 0 0 0 0 0 0 0 0 0 0 0 0
"93" 93 0.725388601036 197 82 80 27 22 22 18 14 11 8 7 5 3 3 1 0 0 0 0 0
"94" 94 0.313868613139 443 46 5 3 1 1 1 0 0 0 0 0 0 0 0 0 0 0 0 0
"95" 95 0.0137614678899 432 61 5 1 1 0 0 0 0 0 0 0 0 0 0 0 0 0 0 0
"96" 96 0.443708609272 136 110 41 40 32 27 26 24 24 14 12 7 3 1 1 1 1 0 0 0
"97" 97 0.43023255814 184 87 73 49 25 24 16 14 11 6 5 5 1 0 0 0 0 0 0 0
"98" 98 0.0387596899225 498 2 0 0 0 0 0 0 0 0 0 0 0 0 0 0 0 0 0 0
"99" 99 0.119205298013 487 13 0 0 0 0 0 0 0 0 0 0 0 0 0 0 0 0 0 0
"100" 100 0.544303797468 204 125 69 48 17 13 6 6 5 5 2 0 0 0 0 0 0 0 0 0
"101" 101 0.0803571428571 453 23 19 4 1 0 0 0 0 0 0 0 0 0 0 0 0 0 0 0
"102" 102 0.0248756218905 500 0 0 0 0 0 0 0 0 0 0 0 0 0 0 0 0 0 0 0
"103" 103 0.315789473684 186 112 89 35 27 15 13 7 6 5 4 1 0 0 0 0 0 0 0 0
"104" 104 0.338308457711 174 87 75 33 23 20 18 18 17 17 11 2 2 2 1 0 0 0 0 0
"105" 105 0.0229357798165 326 153 20 1 0 0 0 0 0 0 0 0 0 0 0 0 0 0 0 0
"106" 106 0.1592039801 197 131 64 40 28 27 11 2 0 0 0 0 0 0 0 0 0 0 0 0
"107" 107 0.354260089686 263 216 20 1 0 0 0 0 0 0 0 0 0 0 0 0 0 0 0 0
"108" 108 0.303571428571 391 76 20 6 4 2 1 0 0 0 0 0 0 0 0 0 0 0 0 0
"109" 109 0.388392857143 158 81 70 42 39 33 32 16 11 6 4 3 3 2 0 0 0 0 0 0
"110" 110 0.455357142857 228 99 45 45 38 16 12 10 7 0 0 0 0 0 0 0 0 0 0 0
"111" 111 0.00995024875622 500 0 0 0 0 0 0 0 0 0 0 0 0 0 0 0 0 0 0 0
"112" 112 0.242152466368 268 89 47 35 27 14 12 4 2 1 1 0 0 0 0 0 0 0 0 0
"113" 113 0.632124352332 169 113 92 30 27 13 13 12 11 7 3 3 3 2 2 0 0 0 0 0
"114" 114 0.031007751938 500 0 0 0 0 0 0 0 0 0 0 0 0 0 0 0 0 0 0 0
"115" 115 0.031007751938 358 74 66 2 0 0 0 0 0 0 0 0 0 0 0 0 0 0 0 0
"116" 116 0.044776119403 500 0 0 0 0 0 0 0 0 0 0 0 0 0 0 0 0 0 0 0
"117" 117 0.0 500 0 0 0 0 0 0 0 0 0 0 0 0 0 0 0 0 0 0 0
"118" 118 0.0 500 0 0 0 0 0 0 0 0 0 0 0 0 0 0 0 0 0 0 0
"119" 119 0.0 500 0 0 0 0 0 0 0 0 0 0 0 0 0 0 0 0 0 0 0
"120" 120 0.0 500 0 0 0 0 0 0 0 0 0 0 0 0 0 0 0 0 0 0 0
"121" 121 0.0307692307692 485 9 5 1 0 0 0 0 0 0 0 0 0 0 0 0 0 0 0 0
"122" 122 0.257383966245 382 58 23 23 13 1 0 0 0 0 0 0 0 0 0 0 0 0 0 0
"123" 123 0.233183856502 193 100 89 74 14 10 6 5 4 4 1 0 0 0 0 0 0 0 0 0
"124" 124 0.40414507772 238 212 24 15 11 0 0 0 0 0 0 0 0 0 0 0 0 0 0 0
"125" 125 0.439461883408 397 34 27 14 10 7 5 3 2 1 0 0 0 0 0 0 0 0 0 0
"126" 126 0.723270440252 478 7 4 4 3 2 1 1 0 0 0 0 0 0 0 0 0 0 0 0
"127" 127 0.663461538462 491 9 0 0 0 0 0 0 0 0 0 0 0 0 0 0 0 0 0 0
"128" 128 0.178294573643 497 3 0 0 0 0 0 0 0 0 0 0 0 0 0 0 0 0 0 0
"129" 129 0.154228855721 383 57 36 13 5 2 2 1 1 0 0 0 0 0 0 0 0 0 0 0
"130" 130 0.278145695364 470 24 2 2 1 1 0 0 0 0 0 0 0 0 0 0 0 0 0 0
"131" 131 0.186046511628 497 2 1 0 0 0 0 0 0 0 0 0 0 0 0 0 0 0 0 0
"132" 132 0.602649006623 234 54 51 42 41 23 15 14 8 8 4 3 2 1 0 0 0 0 0 0
"133" 133 0.455357142857 327 150 8 7 5 1 1 1 0 0 0 0 0 0 0 0 0 0 0 0
"134" 134 0.0 491 9 0 0 0 0 0 0 0 0 0 0 0 0 0 0 0 0 0 0
"135" 135 0.119205298013 500 0 0 0 0 0 0 0 0 0 0 0 0 0 0 0 0 0 0 0
"136" 136 0.248945147679 425 25 14 10 9 8 3 3 1 1 1 0 0 0 0 0 0 0 0 0
"137" 137 0.401785714286 177 121 102 28 19 14 10 9 8 4 2 1 1 1 1 1 1 0 0 0
"138" 138 0.0 500 0 0 0 0 0 0 0 0 0 0 0 0 0 0 0 0 0 0 0
"139" 139 0.435897435897 204 131 101 44 6 6 4 4 0 0 0 0 0 0 0 0 0 0 0 0
"140" 140 0.00995024875622 500 0 0 0 0 0 0 0 0 0 0 0 0 0 0 0 0 0 0 0
"141" 141 0.632183908046 423 26 24 6 6 4 3 3 2 2 1 0 0 0 0 0 0 0 0 0
"142" 142 0.334821428571 259 146 41 15 15 8 6 3 2 2 1 1 1 0 0 0 0 0 0 0
"143" 143 0.179104477612 346 69 27 16 13 11 8 5 4 1 0 0 0 0 0 0 0 0 0 0
"144" 144 0.35864978903 186 112 99 69 16 6 5 2 1 1 1 1 1 0 0 0 0 0 0 0
"145" 145 0.533678756477 404 28 26 25 8 4 3 2 0 0 0 0 0 0 0 0 0 0 0 0
"146" 146 0.226277372263 446 51 1 1 1 0 0 0 0 0 0 0 0 0 0 0 0 0 0 0
"147" 147 0.437086092715 127 62 56 52 49 48 44 28 25 4 3 1 1 0 0 0 0 0 0 0
"148" 148 0.276595744681 500 0 0 0 0 0 0 0 0 0 0 0 0 0 0 0 0 0 0 0
"149" 149 0.165562913907 469 26 3 2 0 0 0 0 0 0 0 0 0 0 0 0 0 0 0 0
"150" 150 0.172588832487 500 0 0 0 0 0 0 0 0 0 0 0 0 0 0 0 0 0 0 0
"151" 151 0.166666666667 298 169 28 5 0 0 0 0 0 0 0 0 0 0 0 0 0 0 0 0
"152" 152 0.333333333333 478 15 5 1 1 0 0 0 0 0 0 0 0 0 0 0 0 0 0 0
"153" 153 0.0132450331126 471 16 13 0 0 0 0 0 0 0 0 0 0 0 0 0 0 0 0 0
"154" 154 0.0264900662252 246 211 32 7 1 1 1 1 0 0 0 0 0 0 0 0 0 0 0 0
"155" 155 0.0 303 184 13 0 0 0 0 0 0 0 0 0 0 0 0 0 0 0 0 0
"156" 156 0.609137055838 272 63 48 38 29 18 13 7 4 4 2 1 1 0 0 0 0 0 0 0
"157" 157 0.206751054852 122 105 90 61 55 33 14 8 6 3 2 1 0 0 0 0 0 0 0 0
"158" 158 0.115384615385 500 0 0 0 0 0 0 0 0 0 0 0 0 0 0 0 0 0 0 0
"159" 159 0.5 259 99 63 30 17 10 8 7 4 1 1 1 0 0 0 0 0 0 0 0
"160" 160 0.0769230769231 500 0 0 0 0 0 0 0 0 0 0 0 0 0 0 0 0 0 0 0
"161" 161 0.0 466 34 0 0 0 0 0 0 0 0 0 0 0 0 0 0 0 0 0 0
"162" 162 0.296511627907 410 61 11 6 4 3 2 1 1 1 0 0 0 0 0 0 0 0 0 0
"163" 163 0.535714285714 234 61 57 43 29 28 17 13 8 5 2 2 1 0 0 0 0 0 0 0
"164" 164 0.0 500 0 0 0 0 0 0 0 0 0 0 0 0 0 0 0 0 0 0 0
"165" 165 0.0199004975124 500 0 0 0 0 0 0 0 0 0 0 0 0 0 0 0 0 0 0 0
"166" 166 0.362694300518 299 71 50 23 19 18 4 4 3 3 3 2 1 0 0 0 0 0 0 0
"167" 167 0.269503546099 500 0 0 0 0 0 0 0 0 0 0 0 0 0 0 0 0 0 0 0
"168" 168 0.00497512437811 500 0 0 0 0 0 0 0 0 0 0 0 0 0 0 0 0 0 0 0
"169" 169 0.0152284263959 500 0 0 0 0 0 0 0 0 0 0 0 0 0 0 0 0 0 0 0
"170" 170 0.367875647668 407 23 22 20 12 5 4 3 2 1 1 0 0 0 0 0 0 0 0 0
"171" 171 0.149425287356 321 88 57 16 4 4 4 3 3 0 0 0 0 0 0 0 0 0 0 0
"172" 172 0.0152284263959 500 0 0 0 0 0 0 0 0 0 0 0 0 0 0 0 0 0 0 0
"173" 173 0.383966244726 343 75 37 19 7 5 4 3 2 2 2 1 0 0 0 0 0 0 0 0
"174" 174 0.558035714286 141 89 86 52 33 24 21 18 15 12 4 4 1 0 0 0 0 0 0 0
"175" 175 0.495535714286 164 80 77 56 31 29 25 18 13 4 1 1 1 0 0 0 0 0 0 0
"176" 176 0.345291479821 285 115 49 16 14 9 8 4 0 0 0 0 0 0 0 0 0 0 0 0
"177" 177 0.855721393035 198 73 54 46 38 29 28 11 8 6 3 3 2 1 0 0 0 0 0 0
