"site" "RSA" "aa1" "aa2" "aa3" "aa4" "aa5" "aa6" "aa7" "aa8" "aa9" "aa10" "aa11" "aa12" "aa13" "aa14" "aa15" "aa16" "aa17" "aa18" "aa19" "aa20"
"0" 0 1.09271523179 272 189 16 5 5 5 4 3 1 0 0 0 0 0 0 0 0 0 0 0
"1" 1 0.846715328467 97 79 64 53 39 37 31 28 14 13 13 12 11 5 4 0 0 0 0 0
"2" 2 0.886075949367 93 90 56 55 47 45 31 25 14 11 10 9 7 4 2 1 0 0 0 0
"3" 3 0.270042194093 172 101 52 37 25 24 23 20 15 13 11 4 3 0 0 0 0 0 0 0
"4" 4 0.574358974359 289 109 54 13 7 5 5 5 4 4 1 1 1 1 1 0 0 0 0 0
"5" 5 0.177664974619 147 61 60 45 37 36 34 16 16 15 14 7 6 3 2 1 0 0 0 0
"6" 6 0.00995024875622 500 0 0 0 0 0 0 0 0 0 0 0 0 0 0 0 0 0 0 0
"7" 7 0.113924050633 408 40 21 20 7 1 1 1 1 0 0 0 0 0 0 0 0 0 0 0
"8" 8 0.0 497 2 1 0 0 0 0 0 0 0 0 0 0 0 0 0 0 0 0 0
"9" 9 0.0 371 128 1 0 0 0 0 0 0 0 0 0 0 0 0 0 0 0 0 0
"10" 10 0.00507614213198 309 108 82 1 0 0 0 0 0 0 0 0 0 0 0 0 0 0 0 0
"11" 11 0.0 500 0 0 0 0 0 0 0 0 0 0 0 0 0 0 0 0 0 0 0
"12" 12 0.0 500 0 0 0 0 0 0 0 0 0 0 0 0 0 0 0 0 0 0 0
"13" 13 0.145077720207 496 3 1 0 0 0 0 0 0 0 0 0 0 0 0 0 0 0 0 0
"14" 14 0.370860927152 181 50 45 44 39 39 32 18 16 9 8 7 4 4 2 1 1 0 0 0
"15" 15 0.471153846154 500 0 0 0 0 0 0 0 0 0 0 0 0 0 0 0 0 0 0 0
"16" 16 0.00574712643678 300 135 42 20 1 1 1 0 0 0 0 0 0 0 0 0 0 0 0 0
"17" 17 0.134615384615 500 0 0 0 0 0 0 0 0 0 0 0 0 0 0 0 0 0 0 0
"18" 18 0.0506329113924 327 77 36 26 23 7 3 1 0 0 0 0 0 0 0 0 0 0 0 0
"19" 19 0.127906976744 170 131 78 42 19 17 14 14 7 4 4 0 0 0 0 0 0 0 0 0
"20" 20 0.12582781457 490 10 0 0 0 0 0 0 0 0 0 0 0 0 0 0 0 0 0 0
"21" 21 0.0 500 0 0 0 0 0 0 0 0 0 0 0 0 0 0 0 0 0 0 0
"22" 22 0.045871559633 359 72 57 5 5 2 0 0 0 0 0 0 0 0 0 0 0 0 0 0
"23" 23 0.200956937799 262 107 30 22 21 20 18 8 6 2 2 1 1 0 0 0 0 0 0 0
"24" 24 0.171532846715 499 1 0 0 0 0 0 0 0 0 0 0 0 0 0 0 0 0 0 0
"25" 25 0.06463878327 449 36 15 0 0 0 0 0 0 0 0 0 0 0 0 0 0 0 0 0
"26" 26 0.109195402299 499 1 0 0 0 0 0 0 0 0 0 0 0 0 0 0 0 0 0 0
"27" 27 0.353846153846 213 72 71 51 31 22 16 7 4 3 3 2 2 2 1 0 0 0 0 0
"28" 28 0.575129533679 245 245 3 3 1 1 1 1 0 0 0 0 0 0 0 0 0 0 0 0
"29" 29 0.565400843882 169 149 76 64 18 13 5 3 1 1 1 0 0 0 0 0 0 0 0 0
"30" 30 0.266159695817 269 155 76 0 0 0 0 0 0 0 0 0 0 0 0 0 0 0 0 0
"31" 31 0.344370860927 208 125 39 30 18 16 15 15 12 7 7 6 2 0 0 0 0 0 0 0
"32" 32 0.52466367713 128 87 50 43 41 34 34 27 21 8 6 6 5 5 4 1 0 0 0 0
"33" 33 0.766816143498 172 73 63 40 30 27 26 22 11 11 8 4 3 3 3 2 2 0 0 0
"34" 34 0.269961977186 309 191 0 0 0 0 0 0 0 0 0 0 0 0 0 0 0 0 0 0
"35" 35 0.763713080169 376 25 20 14 13 10 9 8 8 4 4 4 2 1 1 1 0 0 0 0
"36" 36 0.395348837209 371 25 24 21 14 14 13 4 3 3 2 2 2 2 0 0 0 0 0 0
"37" 37 0.174418604651 283 97 52 29 12 9 9 3 3 1 1 1 0 0 0 0 0 0 0 0
"38" 38 0.527918781726 190 111 56 28 27 26 25 25 9 2 1 0 0 0 0 0 0 0 0 0
"39" 39 0.0769230769231 500 0 0 0 0 0 0 0 0 0 0 0 0 0 0 0 0 0 0 0
"40" 40 0.124031007752 489 10 1 0 0 0 0 0 0 0 0 0 0 0 0 0 0 0 0 0
"41" 41 0.569948186528 355 31 23 21 16 15 14 7 5 5 4 2 2 0 0 0 0 0 0 0
"42" 42 0.297071129707 295 199 5 1 0 0 0 0 0 0 0 0 0 0 0 0 0 0 0 0
"43" 43 0.258706467662 419 18 14 11 10 9 8 4 2 2 2 1 0 0 0 0 0 0 0 0
"44" 44 0.418604651163 159 129 62 49 27 25 20 16 6 4 2 1 0 0 0 0 0 0 0 0
"45" 45 0.240506329114 425 43 14 8 5 2 2 1 0 0 0 0 0 0 0 0 0 0 0 0
"46" 46 0.616071428571 191 95 47 36 36 26 22 15 12 8 7 2 2 1 0 0 0 0 0 0
"47" 47 0.132183908046 415 75 8 2 0 0 0 0 0 0 0 0 0 0 0 0 0 0 0 0
"48" 48 0.523255813953 253 156 82 2 2 1 1 1 1 1 0 0 0 0 0 0 0 0 0 0
"49" 49 0.051724137931 486 14 0 0 0 0 0 0 0 0 0 0 0 0 0 0 0 0 0 0
"50" 50 0.683937823834 319 101 30 12 10 10 9 4 2 2 1 0 0 0 0 0 0 0 0 0
"51" 51 0.567307692308 500 0 0 0 0 0 0 0 0 0 0 0 0 0 0 0 0 0 0 0
"52" 52 0.79274611399 131 90 84 39 31 29 20 15 13 12 12 11 6 3 2 1 1 0 0 0
"53" 53 0.518987341772 170 79 76 51 28 21 20 15 14 6 5 4 4 3 2 1 1 0 0 0
"54" 54 0.706896551724 117 70 64 46 44 33 27 22 17 16 15 9 5 5 4 3 2 1 0 0
"55" 55 0.100775193798 429 60 10 1 0 0 0 0 0 0 0 0 0 0 0 0 0 0 0 0
"56" 56 0.168604651163 228 210 25 24 5 3 3 2 0 0 0 0 0 0 0 0 0 0 0 0
"57" 57 0.0 335 147 6 6 4 1 1 0 0 0 0 0 0 0 0 0 0 0 0 0
"58" 58 0.152466367713 240 89 60 58 37 5 5 4 2 0 0 0 0 0 0 0 0 0 0 0
"59" 59 0.0 485 9 2 2 2 0 0 0 0 0 0 0 0 0 0 0 0 0 0 0
"60" 60 0.124113475177 500 0 0 0 0 0 0 0 0 0 0 0 0 0 0 0 0 0 0 0
"61" 61 0.0466321243523 314 77 57 36 5 5 3 2 1 0 0 0 0 0 0 0 0 0 0 0
"62" 62 0.0348837209302 499 1 0 0 0 0 0 0 0 0 0 0 0 0 0 0 0 0 0 0
"63" 63 0.0387596899225 495 5 0 0 0 0 0 0 0 0 0 0 0 0 0 0 0 0 0 0
"64" 64 0.144230769231 500 0 0 0 0 0 0 0 0 0 0 0 0 0 0 0 0 0 0 0
"65" 65 0.291479820628 178 126 84 19 19 18 16 11 9 8 5 4 2 1 0 0 0 0 0 0
"66" 66 0.732142857143 155 105 69 37 37 28 18 13 11 9 8 4 2 1 1 1 1 0 0 0
"67" 67 0.715328467153 149 81 76 60 38 24 18 17 10 8 6 5 4 3 1 0 0 0 0 0
"68" 68 0.142259414226 169 139 89 37 15 13 11 8 6 6 3 3 1 0 0 0 0 0 0 0
"69" 69 0.269058295964 379 107 4 4 2 2 1 1 0 0 0 0 0 0 0 0 0 0 0 0
"70" 70 0.58940397351 105 95 62 52 35 28 22 21 19 17 15 14 11 2 1 1 0 0 0 0
"71" 71 0.532338308458 432 23 18 8 6 4 3 2 1 1 1 1 0 0 0 0 0 0 0 0
"72" 72 0.432692307692 500 0 0 0 0 0 0 0 0 0 0 0 0 0 0 0 0 0 0 0
"73" 73 0.195402298851 333 112 19 15 5 5 4 2 2 1 1 1 0 0 0 0 0 0 0 0
"74" 74 0.410852713178 144 83 65 40 37 31 21 16 16 13 11 8 6 4 2 2 1 0 0 0
"75" 75 0.138075313808 476 18 6 0 0 0 0 0 0 0 0 0 0 0 0 0 0 0 0 0
"76" 76 0.0266159695817 500 0 0 0 0 0 0 0 0 0 0 0 0 0 0 0 0 0 0 0
"77" 77 0.485401459854 132 123 72 41 31 31 27 24 12 6 1 0 0 0 0 0 0 0 0 0
"78" 78 0.548076923077 500 0 0 0 0 0 0 0 0 0 0 0 0 0 0 0 0 0 0 0
"79" 79 0.062015503876 490 10 0 0 0 0 0 0 0 0 0 0 0 0 0 0 0 0 0 0
"80" 80 0.0880829015544 493 3 2 1 1 0 0 0 0 0 0 0 0 0 0 0 0 0 0 0
"81" 81 0.0 500 0 0 0 0 0 0 0 0 0 0 0 0 0 0 0 0 0 0 0
"82" 82 0.0 500 0 0 0 0 0 0 0 0 0 0 0 0 0 0 0 0 0 0 0
"83" 83 0.0 496 4 0 0 0 0 0 0 0 0 0 0 0 0 0 0 0 0 0 0
"84" 84 0.0 500 0 0 0 0 0 0 0 0 0 0 0 0 0 0 0 0 0 0 0
"85" 85 0.0 499 1 0 0 0 0 0 0 0 0 0 0 0 0 0 0 0 0 0 0
"86" 86 0.00380228136882 484 16 0 0 0 0 0 0 0 0 0 0 0 0 0 0 0 0 0 0
"87" 87 0.0466321243523 462 38 0 0 0 0 0 0 0 0 0 0 0 0 0 0 0 0 0 0
"88" 88 0.0172413793103 434 53 7 6 0 0 0 0 0 0 0 0 0 0 0 0 0 0 0 0
"89" 89 0.232558139535 471 26 2 1 0 0 0 0 0 0 0 0 0 0 0 0 0 0 0 0
"90" 90 0.369230769231 285 212 1 1 1 0 0 0 0 0 0 0 0 0 0 0 0 0 0 0
"91" 91 0.286821705426 200 67 38 28 28 25 23 20 20 17 16 7 5 3 1 1 1 0 0 0
"92" 92 0.364238410596 241 64 54 51 20 15 14 13 9 8 5 5 1 0 0 0 0 0 0 0
"93" 93 0.0132450331126 494 6 0 0 0 0 0 0 0 0 0 0 0 0 0 0 0 0 0 0
"94" 94 0.146443514644 499 1 0 0 0 0 0 0 0 0 0 0 0 0 0 0 0 0 0 0
"95" 95 0.589285714286 125 102 49 41 40 35 30 30 19 6 5 5 4 2 2 2 2 1 0 0
"96" 96 0.261538461538 495 1 1 1 1 1 0 0 0 0 0 0 0 0 0 0 0 0 0 0
"97" 97 0.0 270 218 10 1 1 0 0 0 0 0 0 0 0 0 0 0 0 0 0 0
"98" 98 0.396624472574 312 107 41 10 9 6 5 4 3 2 1 0 0 0 0 0 0 0 0 0
"99" 99 0.483443708609 140 77 50 42 39 37 35 24 24 18 8 3 1 1 1 0 0 0 0 0
"100" 100 0.0815602836879 494 5 1 0 0 0 0 0 0 0 0 0 0 0 0 0 0 0 0 0
"101" 101 0.226277372263 457 15 14 12 2 0 0 0 0 0 0 0 0 0 0 0 0 0 0 0
"102" 102 0.248704663212 285 94 36 27 16 9 8 8 7 4 3 3 0 0 0 0 0 0 0 0
"103" 103 0.28125 456 21 11 3 2 2 2 2 1 0 0 0 0 0 0 0 0 0 0 0
"104" 104 0.0 500 0 0 0 0 0 0 0 0 0 0 0 0 0 0 0 0 0 0 0
"105" 105 0.169154228856 499 1 0 0 0 0 0 0 0 0 0 0 0 0 0 0 0 0 0 0
"106" 106 0.580459770115 134 78 47 41 34 33 31 28 27 19 16 6 2 2 2 0 0 0 0 0
"107" 107 0.382775119617 359 88 17 11 10 7 3 2 1 1 1 0 0 0 0 0 0 0 0 0
"108" 108 0.015503875969 499 1 0 0 0 0 0 0 0 0 0 0 0 0 0 0 0 0 0 0
"109" 109 0.610256410256 226 76 60 46 37 23 10 9 7 3 3 0 0 0 0 0 0 0 0 0
"110" 110 0.155172413793 359 65 45 20 8 2 1 0 0 0 0 0 0 0 0 0 0 0 0 0
"111" 111 0.85641025641 157 108 47 37 36 23 22 17 15 13 9 9 3 2 2 0 0 0 0 0
"112" 112 0.304635761589 198 197 52 28 7 4 4 4 2 2 1 1 0 0 0 0 0 0 0 0
"113" 113 0.320754716981 499 1 0 0 0 0 0 0 0 0 0 0 0 0 0 0 0 0 0 0
"114" 114 0.727678571429 158 96 73 40 37 30 14 14 12 12 10 3 1 0 0 0 0 0 0 0
"115" 115 0.575581395349 183 83 47 28 27 26 26 24 21 10 9 7 5 3 1 0 0 0 0 0
"116" 116 0.0418410041841 500 0 0 0 0 0 0 0 0 0 0 0 0 0 0 0 0 0 0 0
"117" 117 0.119496855346 497 1 1 1 0 0 0 0 0 0 0 0 0 0 0 0 0 0 0 0
"118" 118 0.0585774058577 500 0 0 0 0 0 0 0 0 0 0 0 0 0 0 0 0 0 0 0
"119" 119 0.0 499 1 0 0 0 0 0 0 0 0 0 0 0 0 0 0 0 0 0 0
"120" 120 0.010152284264 382 80 38 0 0 0 0 0 0 0 0 0 0 0 0 0 0 0 0 0
"121" 121 0.00497512437811 238 217 43 2 0 0 0 0 0 0 0 0 0 0 0 0 0 0 0 0
"122" 122 0.0 500 0 0 0 0 0 0 0 0 0 0 0 0 0 0 0 0 0 0 0
"123" 123 0.0307692307692 430 37 33 0 0 0 0 0 0 0 0 0 0 0 0 0 0 0 0 0
"124" 124 0.278481012658 359 79 30 25 7 0 0 0 0 0 0 0 0 0 0 0 0 0 0 0
"125" 125 0.208121827411 357 48 28 23 18 10 6 4 2 2 1 1 0 0 0 0 0 0 0 0
"126" 126 0.300518134715 495 3 1 1 0 0 0 0 0 0 0 0 0 0 0 0 0 0 0 0
"127" 127 0.062015503876 245 110 66 31 20 14 9 4 1 0 0 0 0 0 0 0 0 0 0 0
"128" 128 0.535714285714 309 74 51 19 17 11 5 4 4 3 1 1 1 0 0 0 0 0 0 0
"129" 129 0.625 251 50 42 33 27 19 17 13 12 12 7 6 4 3 3 1 0 0 0 0
"130" 130 0.682119205298 108 91 51 39 35 33 32 23 21 21 18 10 9 4 3 1 1 0 0 0
"131" 131 0.396624472574 157 98 88 37 28 26 22 18 16 6 2 1 1 0 0 0 0 0 0 0
"132" 132 0.194092827004 466 34 0 0 0 0 0 0 0 0 0 0 0 0 0 0 0 0 0 0
"133" 133 0.53807106599 89 86 86 58 45 33 31 18 15 14 14 4 3 2 1 1 0 0 0 0
"134" 134 0.109195402299 500 0 0 0 0 0 0 0 0 0 0 0 0 0 0 0 0 0 0 0
"135" 135 0.370860927152 122 88 58 50 41 41 26 25 15 13 9 5 3 2 1 1 0 0 0 0
"136" 136 0.504464285714 222 102 74 30 24 8 8 8 5 5 4 3 3 2 1 1 0 0 0 0
"137" 137 0.248945147679 132 106 51 46 31 26 23 16 15 11 11 9 9 9 4 1 0 0 0 0
"138" 138 0.344370860927 141 122 80 56 35 28 12 11 8 4 2 1 0 0 0 0 0 0 0 0
"139" 139 0.0077519379845 499 1 0 0 0 0 0 0 0 0 0 0 0 0 0 0 0 0 0 0
"140" 140 0.412556053812 127 121 65 63 63 22 19 8 6 3 1 1 1 0 0 0 0 0 0 0
"141" 141 0.625 128 75 54 47 43 40 26 24 23 16 11 6 4 2 1 0 0 0 0 0
"142" 142 0.169154228856 497 3 0 0 0 0 0 0 0 0 0 0 0 0 0 0 0 0 0 0
"143" 143 0.031007751938 491 6 3 0 0 0 0 0 0 0 0 0 0 0 0 0 0 0 0 0
"144" 144 0.561181434599 125 71 63 40 37 37 36 25 23 12 11 8 4 3 3 2 0 0 0 0
"145" 145 0.569536423841 164 81 50 42 35 32 26 24 22 16 6 1 1 0 0 0 0 0 0 0
"146" 146 0.0945273631841 500 0 0 0 0 0 0 0 0 0 0 0 0 0 0 0 0 0 0 0
"147" 147 0.509615384615 500 0 0 0 0 0 0 0 0 0 0 0 0 0 0 0 0 0 0 0
"148" 148 0.616580310881 315 53 31 26 24 20 9 6 6 5 2 2 1 0 0 0 0 0 0 0
"149" 149 0.0862944162437 414 42 15 12 8 4 3 2 0 0 0 0 0 0 0 0 0 0 0 0
"150" 150 0.270440251572 499 1 0 0 0 0 0 0 0 0 0 0 0 0 0 0 0 0 0 0
"151" 151 0.129353233831 497 2 1 0 0 0 0 0 0 0 0 0 0 0 0 0 0 0 0 0
"152" 152 0.154811715481 402 81 17 0 0 0 0 0 0 0 0 0 0 0 0 0 0 0 0 0
"153" 153 0.169154228856 398 78 4 4 3 3 3 2 2 1 1 1 0 0 0 0 0 0 0 0
"154" 154 0.0 339 161 0 0 0 0 0 0 0 0 0 0 0 0 0 0 0 0 0 0
"155" 155 0.0 499 1 0 0 0 0 0 0 0 0 0 0 0 0 0 0 0 0 0 0
"156" 156 0.015503875969 418 60 20 2 0 0 0 0 0 0 0 0 0 0 0 0 0 0 0 0
"157" 157 0.362869198312 286 116 75 15 3 2 2 1 0 0 0 0 0 0 0 0 0 0 0 0
"158" 158 0.451282051282 159 143 114 48 13 7 5 4 3 2 1 1 0 0 0 0 0 0 0 0
"159" 159 0.418604651163 391 64 29 7 4 2 2 1 0 0 0 0 0 0 0 0 0 0 0 0
"160" 160 0.350253807107 374 69 25 19 4 4 2 2 1 0 0 0 0 0 0 0 0 0 0 0
"161" 161 0.297435897436 494 2 2 2 0 0 0 0 0 0 0 0 0 0 0 0 0 0 0 0
"162" 162 0.0114942528736 500 0 0 0 0 0 0 0 0 0 0 0 0 0 0 0 0 0 0 0
"163" 163 0.523316062176 93 72 62 56 42 40 34 27 19 12 11 10 7 7 5 2 1 0 0 0
"164" 164 0.325581395349 125 89 48 46 43 32 27 23 22 21 10 6 5 3 0 0 0 0 0 0
"165" 165 0.0 499 1 0 0 0 0 0 0 0 0 0 0 0 0 0 0 0 0 0 0
"166" 166 0.00418410041841 465 32 3 0 0 0 0 0 0 0 0 0 0 0 0 0 0 0 0 0
"167" 167 0.482142857143 132 79 51 48 47 30 26 23 16 14 12 11 4 3 2 1 1 0 0 0
"168" 168 0.191964285714 363 107 13 7 6 2 1 1 0 0 0 0 0 0 0 0 0 0 0 0
"169" 169 0.0 500 0 0 0 0 0 0 0 0 0 0 0 0 0 0 0 0 0 0 0
"170" 170 0.0387596899225 482 12 5 1 0 0 0 0 0 0 0 0 0 0 0 0 0 0 0 0
"171" 171 0.339416058394 263 102 36 34 17 12 10 8 7 3 2 2 2 1 1 0 0 0 0 0
"172" 172 0.0596026490066 332 83 37 36 5 3 2 2 0 0 0 0 0 0 0 0 0 0 0 0
"173" 173 0.0 500 0 0 0 0 0 0 0 0 0 0 0 0 0 0 0 0 0 0 0
"174" 174 0.129353233831 222 172 38 30 23 9 3 2 1 0 0 0 0 0 0 0 0 0 0 0
"175" 175 0.659192825112 257 37 32 25 22 20 19 17 16 16 12 7 7 6 3 2 1 1 0 0
"176" 176 0.282511210762 334 74 48 33 4 2 1 1 1 1 1 0 0 0 0 0 0 0 0 0
"177" 177 0.148717948718 230 150 100 7 5 4 2 1 1 0 0 0 0 0 0 0 0 0 0 0
"178" 178 0.591928251121 137 114 91 57 23 18 12 12 10 9 7 4 3 1 1 1 0 0 0 0
"179" 179 0.914728682171 98 95 53 51 46 41 28 22 17 14 13 12 3 3 3 1 0 0 0 0
