"site" "RSA" "aa1" "aa2" "aa3" "aa4" "aa5" "aa6" "aa7" "aa8" "aa9" "aa10" "aa11" "aa12" "aa13" "aa14" "aa15" "aa16" "aa17" "aa18" "aa19" "aa20"
"0" 0 0.652849740933 17 3 0 0 0 0 0 0 0 0 0 0 0 0 0 0 0 0 0 0
"1" 1 0.28102189781 29 9 1 1 0 0 0 0 0 0 0 0 0 0 0 0 0 0 0 0
"2" 2 0.450892857143 21 6 5 4 3 1 1 0 0 0 0 0 0 0 0 0 0 0 0 0
"3" 3 0.487046632124 15 12 3 3 2 1 1 1 1 1 1 0 0 0 0 0 0 0 0 0
"4" 4 0.0348258706468 21 4 3 3 2 2 2 1 1 1 1 0 0 0 0 0 0 0 0 0
"5" 5 0.051724137931 31 8 2 1 0 0 0 0 0 0 0 0 0 0 0 0 0 0 0 0
"6" 6 0.562737642586 22 10 3 3 1 1 1 1 0 0 0 0 0 0 0 0 0 0 0 0
"7" 7 0.385650224215 12 9 7 4 4 2 1 1 1 1 0 0 0 0 0 0 0 0 0 0
"8" 8 0.0 42 1 0 0 0 0 0 0 0 0 0 0 0 0 0 0 0 0 0 0
"9" 9 0.316455696203 41 3 0 0 0 0 0 0 0 0 0 0 0 0 0 0 0 0 0 0
"10" 10 0.44776119403 40 2 1 1 0 0 0 0 0 0 0 0 0 0 0 0 0 0 0 0
"11" 11 0.062015503876 39 2 2 1 0 0 0 0 0 0 0 0 0 0 0 0 0 0 0 0
"12" 12 0.258928571429 44 0 0 0 0 0 0 0 0 0 0 0 0 0 0 0 0 0 0 0
"13" 13 0.690582959641 42 1 1 0 0 0 0 0 0 0 0 0 0 0 0 0 0 0 0 0
"14" 14 0.503875968992 40 2 1 1 0 0 0 0 0 0 0 0 0 0 0 0 0 0 0 0
"15" 15 0.620535714286 43 1 0 0 0 0 0 0 0 0 0 0 0 0 0 0 0 0 0 0
"16" 16 0.507299270073 43 1 0 0 0 0 0 0 0 0 0 0 0 0 0 0 0 0 0 0
"17" 17 0.201520912548 41 2 1 0 0 0 0 0 0 0 0 0 0 0 0 0 0 0 0 0
"18" 18 0.487046632124 28 14 2 0 0 0 0 0 0 0 0 0 0 0 0 0 0 0 0 0
"19" 19 0.308035714286 25 19 0 0 0 0 0 0 0 0 0 0 0 0 0 0 0 0 0 0
"20" 20 0.0 43 1 0 0 0 0 0 0 0 0 0 0 0 0 0 0 0 0 0 0
"21" 21 0.0632183908046 24 17 1 1 1 0 0 0 0 0 0 0 0 0 0 0 0 0 0 0
"22" 22 0.495535714286 16 9 4 4 4 3 2 1 1 0 0 0 0 0 0 0 0 0 0 0
"23" 23 0.0662251655629 16 8 7 3 3 2 2 1 1 1 0 0 0 0 0 0 0 0 0 0
"24" 24 0.0 42 1 1 0 0 0 0 0 0 0 0 0 0 0 0 0 0 0 0 0
"25" 25 0.286919831224 31 6 2 2 1 1 1 0 0 0 0 0 0 0 0 0 0 0 0 0
"26" 26 0.527426160338 16 7 6 5 3 3 2 1 1 1 0 0 0 0 0 0 0 0 0 0
"27" 27 0.0 37 3 3 1 1 0 0 0 0 0 0 0 0 0 0 0 0 0 0 0
"28" 28 0.015503875969 20 16 5 2 1 1 0 0 0 0 0 0 0 0 0 0 0 0 0 0
"29" 29 0.326923076923 18 10 4 2 2 2 2 1 1 1 1 0 0 0 0 0 0 0 0 0
"30" 30 0.311926605505 11 8 6 4 3 3 3 2 2 2 1 1 0 0 0 0 0 0 0 0
"31" 31 0.461139896373 14 11 5 5 3 2 2 1 1 1 0 0 0 0 0 0 0 0 0 0
"32" 32 0.327586206897 10 9 6 5 4 4 3 2 1 1 1 0 0 0 0 0 0 0 0 0
"33" 33 0.254464285714 33 3 2 2 2 1 1 1 1 0 0 0 0 0 0 0 0 0 0 0
"34" 34 0.0348258706468 45 1 0 0 0 0 0 0 0 0 0 0 0 0 0 0 0 0 0 0
"35" 35 0.372093023256 21 20 1 1 1 1 1 0 0 0 0 0 0 0 0 0 0 0 0 0
"36" 36 0.459770114943 21 13 4 2 1 1 1 1 1 1 0 0 0 0 0 0 0 0 0 0
"37" 37 0.4375 41 4 1 0 0 0 0 0 0 0 0 0 0 0 0 0 0 0 0 0
"38" 38 0.0401785714286 43 2 1 0 0 0 0 0 0 0 0 0 0 0 0 0 0 0 0 0
"39" 39 0.029197080292 46 0 0 0 0 0 0 0 0 0 0 0 0 0 0 0 0 0 0 0
"40" 40 0.384615384615 46 0 0 0 0 0 0 0 0 0 0 0 0 0 0 0 0 0 0 0
"41" 41 0.0696517412935 45 1 0 0 0 0 0 0 0 0 0 0 0 0 0 0 0 0 0 0
"42" 42 0.0 46 0 0 0 0 0 0 0 0 0 0 0 0 0 0 0 0 0 0 0
"43" 43 0.211920529801 46 0 0 0 0 0 0 0 0 0 0 0 0 0 0 0 0 0 0 0
"44" 44 0.252873563218 47 0 0 0 0 0 0 0 0 0 0 0 0 0 0 0 0 0 0 0
"45" 45 0.0 42 4 1 0 0 0 0 0 0 0 0 0 0 0 0 0 0 0 0 0
"46" 46 0.00380228136882 46 1 0 0 0 0 0 0 0 0 0 0 0 0 0 0 0 0 0 0
"47" 47 0.350210970464 47 0 0 0 0 0 0 0 0 0 0 0 0 0 0 0 0 0 0 0
"48" 48 0.302564102564 46 1 0 0 0 0 0 0 0 0 0 0 0 0 0 0 0 0 0 0
"49" 49 0.0689655172414 39 2 2 2 1 1 0 0 0 0 0 0 0 0 0 0 0 0 0 0
"50" 50 0.00507614213198 24 23 0 0 0 0 0 0 0 0 0 0 0 0 0 0 0 0 0 0
"51" 51 0.221153846154 47 0 0 0 0 0 0 0 0 0 0 0 0 0 0 0 0 0 0 0
"52" 52 0.418604651163 37 8 1 1 0 0 0 0 0 0 0 0 0 0 0 0 0 0 0 0
"53" 53 0.211678832117 39 4 2 1 1 0 0 0 0 0 0 0 0 0 0 0 0 0 0 0
"54" 54 0.138686131387 46 1 0 0 0 0 0 0 0 0 0 0 0 0 0 0 0 0 0 0
"55" 55 0.294573643411 26 19 1 1 0 0 0 0 0 0 0 0 0 0 0 0 0 0 0 0
"56" 56 0.35761589404 42 5 0 0 0 0 0 0 0 0 0 0 0 0 0 0 0 0 0 0
"57" 57 0.177304964539 46 1 0 0 0 0 0 0 0 0 0 0 0 0 0 0 0 0 0 0
"58" 58 0.412408759124 47 0 0 0 0 0 0 0 0 0 0 0 0 0 0 0 0 0 0 0
"59" 59 0.543147208122 26 19 1 1 0 0 0 0 0 0 0 0 0 0 0 0 0 0 0 0
"60" 60 0.0710659898477 28 13 5 1 0 0 0 0 0 0 0 0 0 0 0 0 0 0 0 0
"61" 61 0.165562913907 37 4 2 1 1 1 1 0 0 0 0 0 0 0 0 0 0 0 0 0
"62" 62 0.503311258278 43 1 1 1 1 0 0 0 0 0 0 0 0 0 0 0 0 0 0 0
"63" 63 0.375634517766 40 5 2 0 0 0 0 0 0 0 0 0 0 0 0 0 0 0 0 0
"64" 64 0.0714285714286 46 1 0 0 0 0 0 0 0 0 0 0 0 0 0 0 0 0 0 0
"65" 65 0.591928251121 34 3 2 2 2 1 1 1 1 0 0 0 0 0 0 0 0 0 0 0
"66" 66 0.472573839662 43 2 2 0 0 0 0 0 0 0 0 0 0 0 0 0 0 0 0 0
"67" 67 0.0401785714286 28 10 2 2 2 1 1 1 0 0 0 0 0 0 0 0 0 0 0 0
"68" 68 0.446428571429 20 4 3 2 2 1 1 1 1 1 0 0 0 0 0 0 0 0 0 0
"69" 69 0.671794871795 10 7 5 3 3 3 2 1 0 0 0 0 0 0 0 0 0 0 0 0
"70" 70 0.518987341772 20 10 7 6 1 1 0 0 0 0 0 0 0 0 0 0 0 0 0 0
"71" 71 0.567307692308 35 2 2 1 1 1 1 1 1 0 0 0 0 0 0 0 0 0 0 0
"72" 72 0.144230769231 17 7 7 3 3 2 1 1 0 0 0 0 0 0 0 0 0 0 0 0
"73" 73 0.272321428571 20 7 4 4 4 2 1 1 1 0 0 0 0 0 0 0 0 0 0 0
"74" 74 0.642487046632 15 7 5 5 3 3 2 2 1 1 1 1 0 0 0 0 0 0 0 0
"75" 75 0.476793248945 20 11 5 5 4 1 0 0 0 0 0 0 0 0 0 0 0 0 0 0
"76" 76 0.0646766169154 10 9 8 7 3 3 2 1 1 1 1 0 0 0 0 0 0 0 0 0
"77" 77 0.590717299578 11 9 7 6 3 3 2 2 1 1 1 0 0 0 0 0 0 0 0 0
"78" 78 0.587155963303 12 11 4 3 3 3 2 2 1 1 1 1 0 0 0 0 0 0 0 0
"79" 79 0.116751269036 15 12 9 3 2 2 1 0 0 0 0 0 0 0 0 0 0 0 0 0
"80" 80 0.346715328467 20 13 5 2 2 1 1 1 1 0 0 0 0 0 0 0 0 0 0 0
"81" 81 0.620535714286 22 6 5 4 3 2 2 1 1 0 0 0 0 0 0 0 0 0 0 0
"82" 82 0.505703422053 45 1 0 0 0 0 0 0 0 0 0 0 0 0 0 0 0 0 0 0
"83" 83 0.127737226277 41 5 0 0 0 0 0 0 0 0 0 0 0 0 0 0 0 0 0 0
"84" 84 0.452914798206 14 7 7 6 4 1 1 1 1 1 1 1 0 0 0 0 0 0 0 0
"85" 85 0.495412844037 29 3 3 2 2 2 1 1 1 1 0 0 0 0 0 0 0 0 0 0
"86" 86 0.0574712643678 24 21 0 0 0 0 0 0 0 0 0 0 0 0 0 0 0 0 0 0
"87" 87 0.147321428571 45 1 0 0 0 0 0 0 0 0 0 0 0 0 0 0 0 0 0 0
"88" 88 0.517441860465 16 9 5 5 3 3 2 2 1 0 0 0 0 0 0 0 0 0 0 0
"89" 89 0.34375 45 1 0 0 0 0 0 0 0 0 0 0 0 0 0 0 0 0 0 0
"90" 90 0.0149253731343 45 1 0 0 0 0 0 0 0 0 0 0 0 0 0 0 0 0 0 0
"91" 91 0.130801687764 8 8 5 5 4 3 3 3 3 1 1 1 1 0 0 0 0 0 0 0
"92" 92 0.582089552239 11 11 7 4 3 3 2 2 1 1 1 0 0 0 0 0 0 0 0 0
"93" 93 0.111675126904 35 7 1 1 1 1 0 0 0 0 0 0 0 0 0 0 0 0 0 0
"94" 94 0.0 45 1 0 0 0 0 0 0 0 0 0 0 0 0 0 0 0 0 0 0
"95" 95 0.462025316456 17 5 5 4 4 3 2 2 2 1 1 0 0 0 0 0 0 0 0 0
"96" 96 0.269430051813 28 5 4 3 2 1 1 1 1 0 0 0 0 0 0 0 0 0 0 0
"97" 97 0.0 23 22 1 0 0 0 0 0 0 0 0 0 0 0 0 0 0 0 0 0
"98" 98 0.089552238806 44 1 1 0 0 0 0 0 0 0 0 0 0 0 0 0 0 0 0 0
"99" 99 0.440414507772 9 9 8 4 4 4 2 2 2 1 1 0 0 0 0 0 0 0 0 0
"100" 100 0.0632183908046 30 10 5 1 0 0 0 0 0 0 0 0 0 0 0 0 0 0 0 0
"101" 101 0.0 38 8 0 0 0 0 0 0 0 0 0 0 0 0 0 0 0 0 0 0
"102" 102 0.445595854922 25 8 5 2 2 2 1 1 0 0 0 0 0 0 0 0 0 0 0 0
"103" 103 0.548523206751 17 6 5 4 4 4 3 1 1 1 0 0 0 0 0 0 0 0 0 0
"104" 104 0.253588516746 17 11 7 4 2 2 2 1 0 0 0 0 0 0 0 0 0 0 0 0
"105" 105 0.0248756218905 45 1 0 0 0 0 0 0 0 0 0 0 0 0 0 0 0 0 0 0
"106" 106 0.137055837563 33 6 5 1 1 0 0 0 0 0 0 0 0 0 0 0 0 0 0 0
"107" 107 0.559748427673 34 4 3 1 1 1 1 1 0 0 0 0 0 0 0 0 0 0 0 0
"108" 108 0.201550387597 13 12 8 7 2 1 1 1 1 0 0 0 0 0 0 0 0 0 0 0
"109" 109 0.108527131783 25 10 4 2 1 1 1 1 1 0 0 0 0 0 0 0 0 0 0 0
"110" 110 0.738461538462 13 10 5 5 3 3 2 2 1 1 1 0 0 0 0 0 0 0 0 0
"111" 111 0.383720930233 12 9 9 4 3 3 3 2 1 0 0 0 0 0 0 0 0 0 0 0
"112" 112 0.0865384615385 12 12 4 4 3 3 3 2 2 1 1 0 0 0 0 0 0 0 0 0
"113" 113 0.3125 42 5 0 0 0 0 0 0 0 0 0 0 0 0 0 0 0 0 0 0
"114" 114 0.00662251655629 39 7 1 0 0 0 0 0 0 0 0 0 0 0 0 0 0 0 0 0
"115" 115 0.168776371308 33 3 2 1 1 1 1 1 1 1 1 1 0 0 0 0 0 0 0 0
"116" 116 0.0 48 0 0 0 0 0 0 0 0 0 0 0 0 0 0 0 0 0 0 0
"117" 117 0.0753138075314 47 1 0 0 0 0 0 0 0 0 0 0 0 0 0 0 0 0 0 0
"118" 118 0.0114068441065 43 3 1 1 0 0 0 0 0 0 0 0 0 0 0 0 0 0 0 0
"119" 119 0.243346007605 26 12 7 2 1 0 0 0 0 0 0 0 0 0 0 0 0 0 0 0
"120" 120 0.130801687764 48 0 0 0 0 0 0 0 0 0 0 0 0 0 0 0 0 0 0 0
"121" 121 0.0183486238532 48 0 0 0 0 0 0 0 0 0 0 0 0 0 0 0 0 0 0 0
"122" 122 0.168776371308 45 1 1 1 0 0 0 0 0 0 0 0 0 0 0 0 0 0 0 0
"123" 123 0.0 46 2 0 0 0 0 0 0 0 0 0 0 0 0 0 0 0 0 0 0
"124" 124 0.0362694300518 48 0 0 0 0 0 0 0 0 0 0 0 0 0 0 0 0 0 0 0
"125" 125 0.0228136882129 48 0 0 0 0 0 0 0 0 0 0 0 0 0 0 0 0 0 0 0
"126" 126 0.11961722488 22 21 4 1 0 0 0 0 0 0 0 0 0 0 0 0 0 0 0 0
"127" 127 0.036496350365 48 0 0 0 0 0 0 0 0 0 0 0 0 0 0 0 0 0 0 0
"128" 128 0.0836501901141 48 0 0 0 0 0 0 0 0 0 0 0 0 0 0 0 0 0 0 0
"129" 129 0.154228855721 41 2 1 1 1 1 1 0 0 0 0 0 0 0 0 0 0 0 0 0
"130" 130 0.0 39 7 1 1 0 0 0 0 0 0 0 0 0 0 0 0 0 0 0 0
"131" 131 0.147321428571 48 0 0 0 0 0 0 0 0 0 0 0 0 0 0 0 0 0 0 0
"132" 132 0.121338912134 26 19 3 0 0 0 0 0 0 0 0 0 0 0 0 0 0 0 0 0
"133" 133 0.116279069767 23 13 4 3 2 2 1 0 0 0 0 0 0 0 0 0 0 0 0 0
"134" 134 0.610465116279 16 13 8 4 2 2 1 1 1 0 0 0 0 0 0 0 0 0 0 0
"135" 135 0.596153846154 33 9 3 1 1 1 0 0 0 0 0 0 0 0 0 0 0 0 0 0
"136" 136 0.584615384615 19 11 9 4 4 1 0 0 0 0 0 0 0 0 0 0 0 0 0 0
"137" 137 0.569948186528 15 10 8 4 2 2 2 2 1 1 1 0 0 0 0 0 0 0 0 0
"138" 138 0.295620437956 29 16 1 1 1 0 0 0 0 0 0 0 0 0 0 0 0 0 0 0
"139" 139 0.616033755274 30 4 4 2 2 2 1 1 1 1 0 0 0 0 0 0 0 0 0 0
"140" 140 0.174107142857 23 6 5 4 3 3 1 1 1 1 0 0 0 0 0 0 0 0 0 0
"141" 141 0.062015503876 26 6 6 5 3 1 0 0 0 0 0 0 0 0 0 0 0 0 0 0
"142" 142 0.0852713178295 21 10 9 5 2 0 0 0 0 0 0 0 0 0 0 0 0 0 0 0
"143" 143 0.223214285714 19 16 3 3 2 1 1 1 1 1 0 0 0 0 0 0 0 0 0 0
"144" 144 0.415384615385 9 7 7 7 6 4 2 2 1 1 1 1 0 0 0 0 0 0 0 0
"145" 145 0.0 28 11 8 1 0 0 0 0 0 0 0 0 0 0 0 0 0 0 0 0
"146" 146 0.194029850746 25 11 3 3 2 2 2 0 0 0 0 0 0 0 0 0 0 0 0 0
"147" 147 0.563218390805 14 8 5 5 4 3 2 2 2 1 1 1 0 0 0 0 0 0 0 0
"148" 148 0.0077519379845 43 5 0 0 0 0 0 0 0 0 0 0 0 0 0 0 0 0 0 0
"149" 149 0.0 47 1 0 0 0 0 0 0 0 0 0 0 0 0 0 0 0 0 0 0
"150" 150 0.502109704641 25 17 2 1 1 1 0 0 0 0 0 0 0 0 0 0 0 0 0 0
"151" 151 0.248062015504 16 11 6 4 3 3 2 1 1 1 0 0 0 0 0 0 0 0 0 0
"152" 152 0.0 47 1 0 0 0 0 0 0 0 0 0 0 0 0 0 0 0 0 0 0
"153" 153 0.172185430464 11 10 10 8 3 2 1 1 1 1 0 0 0 0 0 0 0 0 0 0
"154" 154 0.564766839378 20 18 3 2 2 2 1 0 0 0 0 0 0 0 0 0 0 0 0 0
"155" 155 0.126903553299 31 5 4 2 1 1 1 1 1 0 0 0 0 0 0 0 0 0 0 0
"156" 156 0.0077519379845 32 16 0 0 0 0 0 0 0 0 0 0 0 0 0 0 0 0 0 0
"157" 157 0.596330275229 11 6 6 5 4 3 3 2 2 1 1 1 0 0 0 0 0 0 0 0
"158" 158 0.598837209302 10 10 7 5 3 3 3 3 2 1 1 0 0 0 0 0 0 0 0 0
"159" 159 0.491071428571 30 7 6 2 2 0 0 0 0 0 0 0 0 0 0 0 0 0 0 0
"160" 160 0.0646766169154 33 15 0 0 0 0 0 0 0 0 0 0 0 0 0 0 0 0 0 0
"161" 161 0.289308176101 16 12 9 3 3 2 1 1 1 0 0 0 0 0 0 0 0 0 0 0
"162" 162 0.0503144654088 36 4 3 2 1 1 1 0 0 0 0 0 0 0 0 0 0 0 0 0
"163" 163 0.00581395348837 47 1 0 0 0 0 0 0 0 0 0 0 0 0 0 0 0 0 0 0
"164" 164 0.114832535885 39 5 4 0 0 0 0 0 0 0 0 0 0 0 0 0 0 0 0 0
"165" 165 0.163522012579 47 1 0 0 0 0 0 0 0 0 0 0 0 0 0 0 0 0 0 0
"166" 166 0.10152284264 46 1 1 0 0 0 0 0 0 0 0 0 0 0 0 0 0 0 0 0
"167" 167 0.156934306569 47 1 0 0 0 0 0 0 0 0 0 0 0 0 0 0 0 0 0 0
"168" 168 0.00497512437811 48 0 0 0 0 0 0 0 0 0 0 0 0 0 0 0 0 0 0 0
"169" 169 0.0769230769231 48 0 0 0 0 0 0 0 0 0 0 0 0 0 0 0 0 0 0 0
"170" 170 0.0149253731343 48 0 0 0 0 0 0 0 0 0 0 0 0 0 0 0 0 0 0 0
"171" 171 0.0697674418605 47 1 0 0 0 0 0 0 0 0 0 0 0 0 0 0 0 0 0 0
"172" 172 0.0696517412935 48 0 0 0 0 0 0 0 0 0 0 0 0 0 0 0 0 0 0 0
"173" 173 0.148717948718 47 1 0 0 0 0 0 0 0 0 0 0 0 0 0 0 0 0 0 0
"174" 174 0.0418410041841 43 2 1 1 1 0 0 0 0 0 0 0 0 0 0 0 0 0 0 0
"175" 175 0.0 46 1 1 0 0 0 0 0 0 0 0 0 0 0 0 0 0 0 0 0
"176" 176 0.120689655172 47 1 0 0 0 0 0 0 0 0 0 0 0 0 0 0 0 0 0 0
"177" 177 0.0 47 1 0 0 0 0 0 0 0 0 0 0 0 0 0 0 0 0 0 0
"178" 178 0.117870722433 41 3 3 1 0 0 0 0 0 0 0 0 0 0 0 0 0 0 0 0
"179" 179 0.342205323194 45 1 1 1 0 0 0 0 0 0 0 0 0 0 0 0 0 0 0 0
"180" 180 0.46875 48 0 0 0 0 0 0 0 0 0 0 0 0 0 0 0 0 0 0 0
"181" 181 0.0761421319797 44 2 2 0 0 0 0 0 0 0 0 0 0 0 0 0 0 0 0 0
"182" 182 0.233830845771 32 6 3 2 1 1 1 1 1 0 0 0 0 0 0 0 0 0 0 0
"183" 183 0.692307692308 42 2 1 1 1 1 0 0 0 0 0 0 0 0 0 0 0 0 0 0
"184" 184 0.12582781457 26 6 5 3 2 2 1 1 1 1 0 0 0 0 0 0 0 0 0 0
"185" 185 0.396226415094 40 4 2 1 1 0 0 0 0 0 0 0 0 0 0 0 0 0 0 0
"186" 186 0.414507772021 20 17 3 2 2 2 1 1 0 0 0 0 0 0 0 0 0 0 0 0
"187" 187 0.434306569343 18 14 7 4 2 1 1 0 0 0 0 0 0 0 0 0 0 0 0 0
"188" 188 0.0 47 0 0 0 0 0 0 0 0 0 0 0 0 0 0 0 0 0 0 0
"189" 189 0.158227848101 46 1 0 0 0 0 0 0 0 0 0 0 0 0 0 0 0 0 0 0
"190" 190 0.222627737226 10 7 5 4 4 4 3 3 3 2 1 1 0 0 0 0 0 0 0 0
"191" 191 0.238805970149 40 4 2 1 0 0 0 0 0 0 0 0 0 0 0 0 0 0 0 0
"192" 192 0.0 47 0 0 0 0 0 0 0 0 0 0 0 0 0 0 0 0 0 0 0
"193" 193 0.430379746835 47 0 0 0 0 0 0 0 0 0 0 0 0 0 0 0 0 0 0 0
"194" 194 0.341085271318 19 9 8 3 3 2 2 1 1 0 0 0 0 0 0 0 0 0 0 0
"195" 195 0.108527131783 45 1 1 1 0 0 0 0 0 0 0 0 0 0 0 0 0 0 0 0
"196" 196 0.146443514644 47 0 0 0 0 0 0 0 0 0 0 0 0 0 0 0 0 0 0 0
"197" 197 0.341968911917 45 2 0 0 0 0 0 0 0 0 0 0 0 0 0 0 0 0 0 0
"198" 198 0.383419689119 24 19 2 1 1 0 0 0 0 0 0 0 0 0 0 0 0 0 0 0
"199" 199 0.0 47 0 0 0 0 0 0 0 0 0 0 0 0 0 0 0 0 0 0 0
"200" 200 0.41116751269 45 1 1 0 0 0 0 0 0 0 0 0 0 0 0 0 0 0 0 0
"201" 201 0.612403100775 33 7 3 2 1 1 0 0 0 0 0 0 0 0 0 0 0 0 0 0
"202" 202 0.392857142857 41 4 1 1 0 0 0 0 0 0 0 0 0 0 0 0 0 0 0 0
"203" 203 0.378109452736 44 2 1 0 0 0 0 0 0 0 0 0 0 0 0 0 0 0 0 0
"204" 204 0.751295336788 43 1 1 1 1 0 0 0 0 0 0 0 0 0 0 0 0 0 0 0
"205" 205 0.238372093023 27 12 2 2 2 1 1 0 0 0 0 0 0 0 0 0 0 0 0 0
"206" 206 0.283582089552 43 3 1 0 0 0 0 0 0 0 0 0 0 0 0 0 0 0 0 0
"207" 207 0.238410596026 21 10 7 2 2 1 1 1 1 1 0 0 0 0 0 0 0 0 0 0
"208" 208 0.665178571429 46 1 0 0 0 0 0 0 0 0 0 0 0 0 0 0 0 0 0 0
"209" 209 0.709821428571 29 17 1 0 0 0 0 0 0 0 0 0 0 0 0 0 0 0 0 0
"210" 210 0.105960264901 43 2 1 1 0 0 0 0 0 0 0 0 0 0 0 0 0 0 0 0
"211" 211 0.486692015209 46 1 0 0 0 0 0 0 0 0 0 0 0 0 0 0 0 0 0 0
"212" 212 0.341772151899 46 1 0 0 0 0 0 0 0 0 0 0 0 0 0 0 0 0 0 0
"213" 213 0.455958549223 47 0 0 0 0 0 0 0 0 0 0 0 0 0 0 0 0 0 0 0
"214" 214 0.00662251655629 46 1 0 0 0 0 0 0 0 0 0 0 0 0 0 0 0 0 0 0
"215" 215 0.488372093023 45 1 1 0 0 0 0 0 0 0 0 0 0 0 0 0 0 0 0 0
"216" 216 0.502487562189 43 1 1 1 0 0 0 0 0 0 0 0 0 0 0 0 0 0 0 0
"217" 217 0.131979695431 46 0 0 0 0 0 0 0 0 0 0 0 0 0 0 0 0 0 0 0
"218" 218 0.0779816513761 46 0 0 0 0 0 0 0 0 0 0 0 0 0 0 0 0 0 0 0
"219" 219 0.412556053812 46 0 0 0 0 0 0 0 0 0 0 0 0 0 0 0 0 0 0 0
"220" 220 0.298507462687 46 0 0 0 0 0 0 0 0 0 0 0 0 0 0 0 0 0 0 0
"221" 221 0.0 45 1 0 0 0 0 0 0 0 0 0 0 0 0 0 0 0 0 0 0
"222" 222 0.521897810219 45 1 0 0 0 0 0 0 0 0 0 0 0 0 0 0 0 0 0 0
"223" 223 0.378238341969 46 0 0 0 0 0 0 0 0 0 0 0 0 0 0 0 0 0 0 0
"224" 224 0.2 46 0 0 0 0 0 0 0 0 0 0 0 0 0 0 0 0 0 0 0
"225" 225 0.124378109453 46 0 0 0 0 0 0 0 0 0 0 0 0 0 0 0 0 0 0 0
"226" 226 0.546511627907 43 2 1 0 0 0 0 0 0 0 0 0 0 0 0 0 0 0 0 0
"227" 227 0.676616915423 46 0 0 0 0 0 0 0 0 0 0 0 0 0 0 0 0 0 0 0
"228" 228 0.120567375887 46 0 0 0 0 0 0 0 0 0 0 0 0 0 0 0 0 0 0 0
"229" 229 0.767441860465 39 2 1 0 0 0 0 0 0 0 0 0 0 0 0 0 0 0 0 0
