"site" "RSA" "aa1" "aa2" "aa3" "aa4" "aa5" "aa6" "aa7" "aa8" "aa9" "aa10" "aa11" "aa12" "aa13" "aa14" "aa15" "aa16" "aa17" "aa18" "aa19" "aa20"
"0" 0 0.736040609137 1 1 0 0 0 0 0 0 0 0 0 0 0 0 0 0 0 0 0 0
"1" 1 0.157232704403 2 1 0 0 0 0 0 0 0 0 0 0 0 0 0 0 0 0 0 0
"2" 2 0.527131782946 2 1 0 0 0 0 0 0 0 0 0 0 0 0 0 0 0 0 0 0
"3" 3 0.154811715481 3 1 0 0 0 0 0 0 0 0 0 0 0 0 0 0 0 0 0 0
"4" 4 0.488038277512 2 1 1 0 0 0 0 0 0 0 0 0 0 0 0 0 0 0 0 0
"5" 5 0.553459119497 3 1 0 0 0 0 0 0 0 0 0 0 0 0 0 0 0 0 0 0
"6" 6 0.644230769231 4 0 0 0 0 0 0 0 0 0 0 0 0 0 0 0 0 0 0 0
"7" 7 0.482142857143 2 1 1 0 0 0 0 0 0 0 0 0 0 0 0 0 0 0 0 0
"8" 8 0.174129353234 2 1 1 0 0 0 0 0 0 0 0 0 0 0 0 0 0 0 0 0
"9" 9 0.0512820512821 2 1 1 0 0 0 0 0 0 0 0 0 0 0 0 0 0 0 0 0
"10" 10 0.373563218391 4 0 0 0 0 0 0 0 0 0 0 0 0 0 0 0 0 0 0 0
"11" 11 0.0570342205323 2 1 1 0 0 0 0 0 0 0 0 0 0 0 0 0 0 0 0 0
"12" 12 0.35761589404 1 1 1 1 0 0 0 0 0 0 0 0 0 0 0 0 0 0 0 0
"13" 13 0.325581395349 1 1 1 1 0 0 0 0 0 0 0 0 0 0 0 0 0 0 0 0
"14" 14 0.213836477987 2 2 0 0 0 0 0 0 0 0 0 0 0 0 0 0 0 0 0 0
"15" 15 0.384615384615 2 1 1 1 1 0 0 0 0 0 0 0 0 0 0 0 0 0 0 0
"16" 16 0.321243523316 2 1 1 1 1 0 0 0 0 0 0 0 0 0 0 0 0 0 0 0
"17" 17 0.0 4 2 1 1 0 0 0 0 0 0 0 0 0 0 0 0 0 0 0 0
"18" 18 0.0697674418605 5 1 1 1 0 0 0 0 0 0 0 0 0 0 0 0 0 0 0 0
"19" 19 0.326424870466 4 3 2 1 1 1 0 0 0 0 0 0 0 0 0 0 0 0 0 0
"20" 20 0.00574712643678 5 3 2 2 1 0 0 0 0 0 0 0 0 0 0 0 0 0 0 0
"21" 21 0.0132450331126 3 3 3 2 2 2 0 0 0 0 0 0 0 0 0 0 0 0 0 0
"22" 22 0.459854014599 12 3 2 1 1 1 0 0 0 0 0 0 0 0 0 0 0 0 0 0
"23" 23 0.302325581395 14 3 2 2 1 1 1 1 0 0 0 0 0 0 0 0 0 0 0 0
"24" 24 0.0845771144279 14 12 7 1 1 1 1 0 0 0 0 0 0 0 0 0 0 0 0 0
"25" 25 0.350364963504 29 5 3 2 1 1 0 0 0 0 0 0 0 0 0 0 0 0 0 0
"26" 26 0.73631840796 11 10 5 5 3 2 2 1 1 0 0 0 0 0 0 0 0 0 0 0
"27" 27 0.563953488372 10 9 5 4 3 3 3 1 1 1 1 1 0 0 0 0 0 0 0 0
"28" 28 0.480769230769 31 4 3 2 2 2 1 1 0 0 0 0 0 0 0 0 0 0 0 0
"29" 29 0.215328467153 12 10 7 6 6 5 2 1 0 0 0 0 0 0 0 0 0 0 0 0
"30" 30 0.284671532847 18 11 8 6 3 1 1 1 1 1 1 0 0 0 0 0 0 0 0 0
"31" 31 0.00574712643678 36 15 3 2 1 0 0 0 0 0 0 0 0 0 0 0 0 0 0 0
"32" 32 0.0 29 23 3 2 1 1 0 0 0 0 0 0 0 0 0 0 0 0 0 0
"33" 33 0.0 38 15 9 0 0 0 0 0 0 0 0 0 0 0 0 0 0 0 0 0
"34" 34 0.0 59 1 1 1 0 0 0 0 0 0 0 0 0 0 0 0 0 0 0 0
"35" 35 0.157232704403 56 6 0 0 0 0 0 0 0 0 0 0 0 0 0 0 0 0 0 0
"36" 36 0.0872093023256 62 0 0 0 0 0 0 0 0 0 0 0 0 0 0 0 0 0 0 0
"37" 37 0.587155963303 62 0 0 0 0 0 0 0 0 0 0 0 0 0 0 0 0 0 0 0
"38" 38 0.0192307692308 62 0 0 0 0 0 0 0 0 0 0 0 0 0 0 0 0 0 0 0
"39" 39 0.341085271318 38 12 8 2 1 1 0 0 0 0 0 0 0 0 0 0 0 0 0 0
"40" 40 0.0149253731343 61 1 0 0 0 0 0 0 0 0 0 0 0 0 0 0 0 0 0 0
"41" 41 0.11961722488 62 0 0 0 0 0 0 0 0 0 0 0 0 0 0 0 0 0 0 0
"42" 42 0.379464285714 30 11 8 4 3 2 1 1 1 1 0 0 0 0 0 0 0 0 0 0
"43" 43 0.115384615385 62 0 0 0 0 0 0 0 0 0 0 0 0 0 0 0 0 0 0 0
"44" 44 0.143540669856 62 0 0 0 0 0 0 0 0 0 0 0 0 0 0 0 0 0 0 0
"45" 45 0.0149253731343 32 16 5 3 2 2 1 1 0 0 0 0 0 0 0 0 0 0 0 0
"46" 46 0.15503875969 22 22 10 5 1 1 1 0 0 0 0 0 0 0 0 0 0 0 0 0
"47" 47 0.089552238806 60 1 1 0 0 0 0 0 0 0 0 0 0 0 0 0 0 0 0 0
"48" 48 0.0114942528736 41 7 7 4 3 0 0 0 0 0 0 0 0 0 0 0 0 0 0 0
"49" 49 0.317518248175 41 7 6 2 2 1 1 1 0 0 0 0 0 0 0 0 0 0 0 0
"50" 50 0.0852713178295 17 17 7 6 5 4 2 1 1 1 1 0 0 0 0 0 0 0 0 0
"51" 51 0.0 57 2 1 1 1 0 0 0 0 0 0 0 0 0 0 0 0 0 0 0
"52" 52 0.333333333333 40 11 3 3 2 1 0 0 0 0 0 0 0 0 0 0 0 0 0 0
"53" 53 0.649635036496 14 13 13 8 3 2 2 2 1 1 1 1 1 0 0 0 0 0 0 0
"54" 54 0.051724137931 12 12 8 7 7 4 3 2 2 2 1 1 1 0 0 0 0 0 0 0
"55" 55 0.610062893082 24 9 8 8 5 2 2 1 1 1 0 0 0 0 0 0 0 0 0 0
"56" 56 0.461538461538 38 5 4 4 4 2 2 1 1 0 0 0 0 0 0 0 0 0 0 0
"57" 57 0.0331125827815 3 2 2 1 0 0 0 0 0 0 0 0 0 0 0 0 0 0 0 0
"58" 58 0.0 15 14 6 5 4 3 3 3 2 2 2 1 1 1 0 0 0 0 0 0
"59" 59 0.0 54 4 3 1 0 0 0 0 0 0 0 0 0 0 0 0 0 0 0 0
"60" 60 0.0 48 9 3 2 0 0 0 0 0 0 0 0 0 0 0 0 0 0 0 0
"61" 61 0.0 36 19 4 3 0 0 0 0 0 0 0 0 0 0 0 0 0 0 0 0
"62" 62 0.00662251655629 49 13 0 0 0 0 0 0 0 0 0 0 0 0 0 0 0 0 0 0
"63" 63 0.152284263959 51 9 2 0 0 0 0 0 0 0 0 0 0 0 0 0 0 0 0 0
"64" 64 0.071129707113 61 1 0 0 0 0 0 0 0 0 0 0 0 0 0 0 0 0 0 0
"65" 65 0.551724137931 60 1 1 0 0 0 0 0 0 0 0 0 0 0 0 0 0 0 0 0
"66" 66 0.205128205128 62 0 0 0 0 0 0 0 0 0 0 0 0 0 0 0 0 0 0 0
"67" 67 0.358490566038 56 6 0 0 0 0 0 0 0 0 0 0 0 0 0 0 0 0 0 0
"68" 68 0.646788990826 32 16 7 3 3 1 0 0 0 0 0 0 0 0 0 0 0 0 0 0
"69" 69 0.22869955157 62 0 0 0 0 0 0 0 0 0 0 0 0 0 0 0 0 0 0 0
"70" 70 0.857740585774 62 0 0 0 0 0 0 0 0 0 0 0 0 0 0 0 0 0 0 0
"71" 71 0.730769230769 46 10 2 2 1 1 0 0 0 0 0 0 0 0 0 0 0 0 0 0
"72" 72 0.503875968992 34 11 4 3 3 3 2 1 1 0 0 0 0 0 0 0 0 0 0 0
"73" 73 1.18238993711 17 14 9 7 5 2 2 2 1 1 1 1 0 0 0 0 0 0 0 0
"74" 74 0.60621761658 52 6 3 1 0 0 0 0 0 0 0 0 0 0 0 0 0 0 0 0
"75" 75 0.497409326425 51 2 2 1 1 0 0 0 0 0 0 0 0 0 0 0 0 0 0 0
"76" 76 0.0362694300518 59 2 1 0 0 0 0 0 0 0 0 0 0 0 0 0 0 0 0 0
"77" 77 0.318407960199 23 12 9 7 3 2 1 1 1 1 1 1 0 0 0 0 0 0 0 0
"78" 78 0.472868217054 40 8 3 3 2 2 2 1 1 1 0 0 0 0 0 0 0 0 0 0
"79" 79 0.215246636771 18 17 5 4 4 3 3 3 2 2 1 1 0 0 0 0 0 0 0 0
"80" 80 0.00497512437811 47 6 5 2 1 1 1 0 0 0 0 0 0 0 0 0 0 0 0 0
"81" 81 0.63503649635 20 15 11 4 3 2 2 2 2 1 0 0 0 0 0 0 0 0 0 0
"82" 82 0.674418604651 28 11 6 5 4 4 2 2 1 0 0 0 0 0 0 0 0 0 0 0
"83" 83 0.183035714286 25 22 8 2 1 1 1 1 1 1 0 0 0 0 0 0 0 0 0 0
"84" 84 0.278846153846 56 2 2 1 1 1 0 0 0 0 0 0 0 0 0 0 0 0 0 0
"85" 85 0.00574712643678 38 12 10 1 1 1 0 0 0 0 0 0 0 0 0 0 0 0 0 0
"86" 86 0.0357142857143 46 8 3 3 2 1 0 0 0 0 0 0 0 0 0 0 0 0 0 0
"87" 87 0.0 27 13 10 9 2 1 1 0 0 0 0 0 0 0 0 0 0 0 0 0
"88" 88 0.0 34 18 6 5 0 0 0 0 0 0 0 0 0 0 0 0 0 0 0 0
"89" 89 0.0 49 10 4 0 0 0 0 0 0 0 0 0 0 0 0 0 0 0 0 0
"90" 90 0.197674418605 43 5 4 3 3 2 1 1 1 0 0 0 0 0 0 0 0 0 0 0
"91" 91 0.062893081761 63 0 0 0 0 0 0 0 0 0 0 0 0 0 0 0 0 0 0 0
"92" 92 0.482558139535 13 13 12 4 4 4 3 3 3 1 1 1 1 0 0 0 0 0 0 0
"93" 93 0.389534883721 30 14 7 6 3 2 0 0 0 0 0 0 0 0 0 0 0 0 0 0
"94" 94 0.542635658915 16 13 11 7 4 3 2 2 2 1 1 0 0 0 0 0 0 0 0 0
"95" 95 0.240310077519 32 10 7 4 3 3 2 1 1 0 0 0 0 0 0 0 0 0 0 0
"96" 96 0.0045871559633 42 10 9 2 0 0 0 0 0 0 0 0 0 0 0 0 0 0 0 0
"97" 97 0.117870722433 61 1 1 0 0 0 0 0 0 0 0 0 0 0 0 0 0 0 0 0
"98" 98 0.591194968553 58 1 1 1 1 1 0 0 0 0 0 0 0 0 0 0 0 0 0 0
"99" 99 0.533678756477 11 10 8 7 6 6 3 3 2 2 2 2 1 0 0 0 0 0 0 0
"100" 100 0.384615384615 48 6 3 2 2 1 1 0 0 0 0 0 0 0 0 0 0 0 0 0
"101" 101 0.492537313433 21 9 6 6 5 5 2 2 2 2 1 1 1 0 0 0 0 0 0 0
"102" 102 0.63503649635 15 13 8 5 4 3 2 2 2 2 2 2 1 1 1 0 0 0 0 0
"103" 103 0.738372093023 38 12 3 2 2 1 1 1 1 1 1 0 0 0 0 0 0 0 0 0
"104" 104 0.412790697674 17 15 6 5 3 3 3 3 2 2 1 1 1 1 0 0 0 0 0 0
"105" 105 0.0632183908046 40 17 3 2 1 0 0 0 0 0 0 0 0 0 0 0 0 0 0 0
"106" 106 0.775784753363 16 11 10 6 4 4 3 3 3 2 1 0 0 0 0 0 0 0 0 0
"107" 107 0.150943396226 28 16 8 3 3 1 1 1 0 0 0 0 0 0 0 0 0 0 0 0
"108" 108 0.269230769231 32 12 7 7 3 1 1 0 0 0 0 0 0 0 0 0 0 0 0 0
"109" 109 0.710691823899 20 17 7 5 3 2 2 2 2 2 1 0 0 0 0 0 0 0 0 0
"110" 110 0.0497512437811 32 13 7 5 5 1 0 0 0 0 0 0 0 0 0 0 0 0 0 0
"111" 111 0.0697674418605 19 18 10 9 3 2 2 0 0 0 0 0 0 0 0 0 0 0 0 0
"112" 112 0.511627906977 26 11 7 4 3 3 2 2 2 1 1 1 0 0 0 0 0 0 0 0
"113" 113 0.325892857143 12 10 9 8 7 7 4 1 1 1 1 1 0 0 0 0 0 0 0 0
"114" 114 0.0597014925373 56 2 2 2 1 0 0 0 0 0 0 0 0 0 0 0 0 0 0 0
"115" 115 0.107142857143 40 21 2 0 0 0 0 0 0 0 0 0 0 0 0 0 0 0 0 0
"116" 116 0.00961538461538 57 5 1 0 0 0 0 0 0 0 0 0 0 0 0 0 0 0 0 0
"117" 117 0.471153846154 36 6 5 3 3 3 2 2 1 1 1 0 0 0 0 0 0 0 0 0
"118" 118 0.459119496855 18 16 10 5 3 3 2 2 2 1 1 0 0 0 0 0 0 0 0 0
"119" 119 0.445255474453 63 0 0 0 0 0 0 0 0 0 0 0 0 0 0 0 0 0 0 0
"120" 120 0.59748427673 63 0 0 0 0 0 0 0 0 0 0 0 0 0 0 0 0 0 0 0
"121" 121 0.273255813953 52 5 4 1 1 0 0 0 0 0 0 0 0 0 0 0 0 0 0 0
"122" 122 0.363636363636 52 11 0 0 0 0 0 0 0 0 0 0 0 0 0 0 0 0 0 0
"123" 123 0.0251046025105 62 1 0 0 0 0 0 0 0 0 0 0 0 0 0 0 0 0 0 0
"124" 124 0.116279069767 22 10 9 7 6 4 2 1 1 1 0 0 0 0 0 0 0 0 0 0
"125" 125 0.0384615384615 63 0 0 0 0 0 0 0 0 0 0 0 0 0 0 0 0 0 0 0
"126" 126 0.114942528736 55 6 2 0 0 0 0 0 0 0 0 0 0 0 0 0 0 0 0 0
"127" 127 0.0248756218905 38 16 5 4 0 0 0 0 0 0 0 0 0 0 0 0 0 0 0 0
"128" 128 0.046511627907 61 1 1 0 0 0 0 0 0 0 0 0 0 0 0 0 0 0 0 0
"129" 129 0.0804597701149 60 2 1 0 0 0 0 0 0 0 0 0 0 0 0 0 0 0 0 0
"130" 130 0.0344827586207 63 0 0 0 0 0 0 0 0 0 0 0 0 0 0 0 0 0 0 0
"131" 131 0.194029850746 23 8 7 6 5 5 3 3 3 0 0 0 0 0 0 0 0 0 0 0
"132" 132 0.274261603376 59 2 1 1 0 0 0 0 0 0 0 0 0 0 0 0 0 0 0 0
"133" 133 0.0199004975124 62 1 0 0 0 0 0 0 0 0 0 0 0 0 0 0 0 0 0 0
"134" 134 0.0398009950249 39 23 1 0 0 0 0 0 0 0 0 0 0 0 0 0 0 0 0 0
"135" 135 0.443946188341 28 9 6 5 4 4 3 2 2 0 0 0 0 0 0 0 0 0 0 0
"136" 136 0.10152284264 21 18 15 3 3 1 1 1 0 0 0 0 0 0 0 0 0 0 0 0
"137" 137 0.0 41 10 5 4 1 1 1 0 0 0 0 0 0 0 0 0 0 0 0 0
"138" 138 0.379562043796 24 16 6 4 2 2 2 2 2 1 1 1 0 0 0 0 0 0 0 0
"139" 139 0.0377358490566 53 5 3 2 0 0 0 0 0 0 0 0 0 0 0 0 0 0 0 0
"140" 140 0.238341968912 47 4 3 3 2 1 1 1 1 0 0 0 0 0 0 0 0 0 0 0
"141" 141 0.324817518248 20 19 7 3 2 2 2 2 2 1 1 1 1 0 0 0 0 0 0 0
"142" 142 0.0 60 2 1 0 0 0 0 0 0 0 0 0 0 0 0 0 0 0 0 0
"143" 143 0.0209205020921 17 12 11 11 6 4 1 1 0 0 0 0 0 0 0 0 0 0 0 0
"144" 144 0.0376569037657 61 2 0 0 0 0 0 0 0 0 0 0 0 0 0 0 0 0 0 0
"145" 145 0.144230769231 63 0 0 0 0 0 0 0 0 0 0 0 0 0 0 0 0 0 0 0
"146" 146 0.223214285714 32 16 7 7 1 0 0 0 0 0 0 0 0 0 0 0 0 0 0 0
"147" 147 0.135021097046 63 0 0 0 0 0 0 0 0 0 0 0 0 0 0 0 0 0 0 0
"148" 148 0.248704663212 63 0 0 0 0 0 0 0 0 0 0 0 0 0 0 0 0 0 0 0
"149" 149 0.0988593155894 32 16 8 7 0 0 0 0 0 0 0 0 0 0 0 0 0 0 0 0
"150" 150 0.0224215246637 63 0 0 0 0 0 0 0 0 0 0 0 0 0 0 0 0 0 0 0
"151" 151 0.170403587444 63 0 0 0 0 0 0 0 0 0 0 0 0 0 0 0 0 0 0 0
"152" 152 0.0199004975124 56 3 2 1 1 0 0 0 0 0 0 0 0 0 0 0 0 0 0 0
"153" 153 0.0862068965517 23 7 7 6 5 5 4 2 2 1 1 0 0 0 0 0 0 0 0 0
"154" 154 0.0 38 18 5 1 1 0 0 0 0 0 0 0 0 0 0 0 0 0 0 0
"155" 155 0.0 41 16 5 1 0 0 0 0 0 0 0 0 0 0 0 0 0 0 0 0
"156" 156 0.430656934307 44 7 5 3 3 1 0 0 0 0 0 0 0 0 0 0 0 0 0 0
"157" 157 0.273542600897 41 12 4 3 2 1 0 0 0 0 0 0 0 0 0 0 0 0 0 0
"158" 158 0.0248756218905 42 16 2 2 1 0 0 0 0 0 0 0 0 0 0 0 0 0 0 0
"159" 159 0.103448275862 44 14 4 1 0 0 0 0 0 0 0 0 0 0 0 0 0 0 0 0
"160" 160 0.503875968992 24 18 5 5 2 2 2 2 1 1 1 0 0 0 0 0 0 0 0 0
"161" 161 0.564766839378 56 3 3 1 0 0 0 0 0 0 0 0 0 0 0 0 0 0 0 0
"162" 162 0.422594142259 55 7 1 0 0 0 0 0 0 0 0 0 0 0 0 0 0 0 0 0
"163" 163 0.74358974359 28 22 8 1 1 1 1 1 0 0 0 0 0 0 0 0 0 0 0 0
"164" 164 0.139303482587 28 13 11 5 3 2 1 0 0 0 0 0 0 0 0 0 0 0 0 0
"165" 165 0.839378238342 36 8 8 3 3 2 1 1 1 0 0 0 0 0 0 0 0 0 0 0
"166" 166 0.114942528736 45 8 4 2 1 1 1 1 0 0 0 0 0 0 0 0 0 0 0 0
"167" 167 0.356589147287 30 10 8 7 3 2 1 1 1 0 0 0 0 0 0 0 0 0 0 0
"168" 168 0.103448275862 41 20 2 0 0 0 0 0 0 0 0 0 0 0 0 0 0 0 0 0
"169" 169 0.247126436782 35 9 7 5 3 1 1 1 1 0 0 0 0 0 0 0 0 0 0 0
"170" 170 0.201923076923 42 9 6 3 2 1 0 0 0 0 0 0 0 0 0 0 0 0 0 0
"171" 171 0.0689655172414 33 7 4 4 3 3 3 3 2 1 0 0 0 0 0 0 0 0 0 0
"172" 172 0.559748427673 47 6 5 2 2 1 0 0 0 0 0 0 0 0 0 0 0 0 0 0
"173" 173 0.156976744186 46 16 1 0 0 0 0 0 0 0 0 0 0 0 0 0 0 0 0 0
"174" 174 0.235632183908 45 4 4 3 2 2 1 1 1 0 0 0 0 0 0 0 0 0 0 0
"175" 175 0.273722627737 63 0 0 0 0 0 0 0 0 0 0 0 0 0 0 0 0 0 0 0
"176" 176 0.339285714286 42 16 3 2 0 0 0 0 0 0 0 0 0 0 0 0 0 0 0 0
"177" 177 0.875968992248 15 14 14 9 4 2 2 1 1 1 0 0 0 0 0 0 0 0 0 0
"178" 178 0.357512953368 57 2 2 1 1 0 0 0 0 0 0 0 0 0 0 0 0 0 0 0
"179" 179 0.144230769231 62 1 0 0 0 0 0 0 0 0 0 0 0 0 0 0 0 0 0 0
"180" 180 0.044776119403 63 0 0 0 0 0 0 0 0 0 0 0 0 0 0 0 0 0 0 0
"181" 181 0.0387596899225 63 0 0 0 0 0 0 0 0 0 0 0 0 0 0 0 0 0 0 0
"182" 182 0.128440366972 35 19 3 2 2 1 1 0 0 0 0 0 0 0 0 0 0 0 0 0
"183" 183 0.105960264901 63 0 0 0 0 0 0 0 0 0 0 0 0 0 0 0 0 0 0 0
"184" 184 0.245033112583 63 0 0 0 0 0 0 0 0 0 0 0 0 0 0 0 0 0 0 0
"185" 185 0.299270072993 63 0 0 0 0 0 0 0 0 0 0 0 0 0 0 0 0 0 0 0
"186" 186 0.123076923077 63 0 0 0 0 0 0 0 0 0 0 0 0 0 0 0 0 0 0 0
"187" 187 0.551094890511 17 11 10 8 7 3 2 2 1 1 1 0 0 0 0 0 0 0 0 0
"188" 188 0.673003802281 54 4 2 1 1 1 0 0 0 0 0 0 0 0 0 0 0 0 0 0
"189" 189 0.089552238806 63 0 0 0 0 0 0 0 0 0 0 0 0 0 0 0 0 0 0 0
"190" 190 0.39378238342 33 14 7 4 1 1 1 1 1 0 0 0 0 0 0 0 0 0 0 0
"191" 191 0.716981132075 21 15 13 6 2 1 1 1 1 1 1 0 0 0 0 0 0 0 0 0
"192" 192 0.565891472868 26 18 7 4 2 2 1 1 1 1 0 0 0 0 0 0 0 0 0 0
"193" 193 0.219730941704 30 22 4 4 1 1 1 0 0 0 0 0 0 0 0 0 0 0 0 0
"194" 194 0.262773722628 58 2 1 1 1 0 0 0 0 0 0 0 0 0 0 0 0 0 0 0
"195" 195 0.46511627907 22 11 6 6 5 2 2 2 2 2 1 1 1 0 0 0 0 0 0 0
"196" 196 0.263565891473 19 8 6 6 6 4 4 3 2 2 2 1 0 0 0 0 0 0 0 0
"197" 197 0.0 62 1 0 0 0 0 0 0 0 0 0 0 0 0 0 0 0 0 0 0
"198" 198 0.252873563218 23 17 6 5 5 2 2 1 0 0 0 0 0 0 0 0 0 0 0 0
"199" 199 0.0542635658915 18 11 6 6 6 4 2 2 2 2 2 0 0 0 0 0 0 0 0 0
"200" 200 0.0199004975124 55 4 3 1 0 0 0 0 0 0 0 0 0 0 0 0 0 0 0 0
"201" 201 0.0198675496689 19 15 11 6 4 2 2 1 1 1 0 0 0 0 0 0 0 0 0 0
"202" 202 0.333333333333 39 11 7 3 1 1 0 0 0 0 0 0 0 0 0 0 0 0 0 0
"203" 203 0.0077519379845 39 11 5 3 2 1 1 0 0 0 0 0 0 0 0 0 0 0 0 0
"204" 204 0.0 52 8 1 1 0 0 0 0 0 0 0 0 0 0 0 0 0 0 0 0
"205" 205 0.337209302326 13 10 7 7 6 4 3 3 2 1 1 1 1 1 1 1 0 0 0 0
"206" 206 0.286821705426 26 7 7 5 5 3 3 3 2 1 0 0 0 0 0 0 0 0 0 0
"207" 207 0.0 24 12 8 8 3 2 2 1 1 1 1 0 0 0 0 0 0 0 0 0
"208" 208 0.232558139535 30 11 9 3 3 2 2 1 1 1 0 0 0 0 0 0 0 0 0 0
"209" 209 0.66985645933 16 13 9 7 5 3 3 2 2 1 1 1 0 0 0 0 0 0 0 0
"210" 210 0.201550387597 28 13 6 6 3 2 2 1 1 1 0 0 0 0 0 0 0 0 0 0
"211" 211 0.0077519379845 14 12 11 9 3 3 3 2 1 1 1 1 1 1 0 0 0 0 0 0
"212" 212 0.691860465116 19 17 7 6 4 4 1 1 1 1 1 0 0 0 0 0 0 0 0 0
"213" 213 0.596899224806 23 9 5 5 4 4 3 3 2 2 1 1 0 0 0 0 0 0 0 0
"214" 214 0.201923076923 57 3 2 0 0 0 0 0 0 0 0 0 0 0 0 0 0 0 0 0
"215" 215 0.263565891473 14 13 9 3 3 3 3 2 1 1 1 1 1 1 0 0 0 0 0 0
"216" 216 0.547085201794 10 8 7 7 6 6 3 2 2 2 1 1 0 0 0 0 0 0 0 0
"217" 217 0.263565891473 20 6 6 6 5 3 3 2 2 2 1 1 1 1 0 0 0 0 0 0
"218" 218 0.0077519379845 19 13 9 5 4 3 2 2 1 1 0 0 0 0 0 0 0 0 0 0
"219" 219 0.199004975124 26 10 5 4 3 3 2 1 1 1 1 1 1 0 0 0 0 0 0 0
"220" 220 0.466321243523 22 8 7 7 5 3 2 2 2 1 0 0 0 0 0 0 0 0 0 0
"221" 221 0.209302325581 20 7 4 4 4 3 3 3 2 2 1 1 1 1 0 0 0 0 0 0
"222" 222 0.0 38 6 5 5 2 1 1 0 0 0 0 0 0 0 0 0 0 0 0 0
"223" 223 0.350364963504 29 7 5 3 3 2 2 2 2 1 1 1 1 1 1 0 0 0 0 0
"224" 224 0.449612403101 22 11 8 5 4 3 3 2 2 1 1 0 0 0 0 0 0 0 0 0
"225" 225 0.235632183908 17 9 8 5 3 3 3 2 2 2 2 1 1 1 0 0 0 0 0 0
"226" 226 0.00995024875622 40 11 6 1 1 0 0 0 0 0 0 0 0 0 0 0 0 0 0 0
"227" 227 0.59585492228 13 9 8 6 4 4 4 3 3 2 2 1 1 0 0 0 0 0 0 0
"228" 228 0.604651162791 27 8 5 5 4 4 3 3 1 0 0 0 0 0 0 0 0 0 0 0
"229" 229 0.131782945736 27 13 7 3 2 2 2 1 1 1 1 1 0 0 0 0 0 0 0 0
"230" 230 0.830188679245 31 24 2 1 1 1 0 0 0 0 0 0 0 0 0 0 0 0 0 0
"231" 231 0.509615384615 21 11 10 6 3 3 2 1 1 0 0 0 0 0 0 0 0 0 0 0
"232" 232 0.0804597701149 17 7 4 4 3 2 2 2 1 1 0 0 0 0 0 0 0 0 0 0
"233" 233 0.286821705426 14 9 7 6 5 5 4 4 3 1 1 1 1 0 0 0 0 0 0 0
"234" 234 0.201149425287 21 21 11 9 0 0 0 0 0 0 0 0 0 0 0 0 0 0 0 0
"235" 235 0.336787564767 56 5 1 1 0 0 0 0 0 0 0 0 0 0 0 0 0 0 0 0
"236" 236 0.0988593155894 57 3 2 1 0 0 0 0 0 0 0 0 0 0 0 0 0 0 0 0
"237" 237 0.089552238806 34 14 7 4 3 1 0 0 0 0 0 0 0 0 0 0 0 0 0 0
"238" 238 0.294642857143 30 11 6 5 4 3 1 1 1 0 0 0 0 0 0 0 0 0 0 0
"239" 239 0.134328358209 26 14 13 5 2 1 1 0 0 0 0 0 0 0 0 0 0 0 0 0
"240" 240 0.0985401459854 37 13 2 2 1 1 1 1 1 1 0 0 0 0 0 0 0 0 0 0
"241" 241 0.243523316062 35 7 6 3 2 2 1 1 1 0 0 0 0 0 0 0 0 0 0 0
"242" 242 0.492385786802 26 5 5 4 4 3 2 1 1 1 0 0 0 0 0 0 0 0 0 0
"243" 243 0.365384615385 19 13 6 6 6 5 2 1 1 1 1 0 0 0 0 0 0 0 0 0
"244" 244 0.0199004975124 45 5 2 2 2 1 0 0 0 0 0 0 0 0 0 0 0 0 0 0
"245" 245 0.230769230769 12 9 9 7 5 5 4 4 2 1 1 0 0 0 0 0 0 0 0 0
"246" 246 0.723270440252 32 9 4 2 2 2 2 2 1 1 1 1 1 0 0 0 0 0 0 0
"247" 247 0.178899082569 14 10 8 6 5 5 4 3 2 1 1 1 0 0 0 0 0 0 0 0
"248" 248 0.37106918239 20 6 5 4 4 4 4 3 3 3 1 1 1 1 0 0 0 0 0 0
"249" 249 0.786069651741 9 8 8 8 6 3 3 3 3 2 2 1 1 0 0 0 0 0 0 0
"250" 250 0.6 9 7 6 4 3 3 3 3 1 1 1 1 1 0 0 0 0 0 0 0
"251" 251 0.230769230769 27 4 3 2 2 2 1 1 1 1 0 0 0 0 0 0 0 0 0 0
"252" 252 0.344370860927 13 11 8 8 4 3 3 2 2 1 1 1 1 1 0 0 0 0 0 0
"253" 253 0.00961538461538 27 14 5 3 2 2 1 1 1 1 1 1 1 1 0 0 0 0 0 0
"254" 254 0.0839416058394 13 10 4 4 3 3 2 2 1 1 1 0 0 0 0 0 0 0 0 0
"255" 255 0.00497512437811 29 12 11 5 2 1 1 1 0 0 0 0 0 0 0 0 0 0 0 0
"256" 256 0.0348258706468 39 9 8 3 3 0 0 0 0 0 0 0 0 0 0 0 0 0 0 0
"257" 257 0.00574712643678 31 13 6 6 2 1 0 0 0 0 0 0 0 0 0 0 0 0 0 0
"258" 258 0.0 61 1 1 0 0 0 0 0 0 0 0 0 0 0 0 0 0 0 0 0
"259" 259 0.0 52 8 2 1 0 0 0 0 0 0 0 0 0 0 0 0 0 0 0 0
"260" 260 0.416058394161 31 9 9 4 4 2 2 1 1 0 0 0 0 0 0 0 0 0 0 0
"261" 261 0.00497512437811 31 19 11 2 0 0 0 0 0 0 0 0 0 0 0 0 0 0 0 0
"262" 262 0.490384615385 56 2 2 2 1 0 0 0 0 0 0 0 0 0 0 0 0 0 0 0
"263" 263 0.848837209302 21 10 8 6 5 4 2 2 2 2 1 0 0 0 0 0 0 0 0 0
"264" 264 0.0581395348837 46 10 6 1 0 0 0 0 0 0 0 0 0 0 0 0 0 0 0 0
"265" 265 0.171532846715 61 1 1 0 0 0 0 0 0 0 0 0 0 0 0 0 0 0 0 0
"266" 266 0.0248756218905 63 0 0 0 0 0 0 0 0 0 0 0 0 0 0 0 0 0 0 0
"267" 267 0.124378109453 57 6 0 0 0 0 0 0 0 0 0 0 0 0 0 0 0 0 0 0
"268" 268 0.0362694300518 63 0 0 0 0 0 0 0 0 0 0 0 0 0 0 0 0 0 0 0
"269" 269 0.0153846153846 61 2 0 0 0 0 0 0 0 0 0 0 0 0 0 0 0 0 0 0
"270" 270 0.157360406091 17 13 11 11 3 2 1 1 1 1 0 0 0 0 0 0 0 0 0 0
"271" 271 0.333333333333 13 11 9 5 4 4 3 2 2 1 1 1 0 0 0 0 0 0 0 0
"272" 272 0.010152284264 27 17 10 3 0 0 0 0 0 0 0 0 0 0 0 0 0 0 0 0
"273" 273 0.392857142857 7 3 3 2 2 2 2 2 1 1 1 1 0 0 0 0 0 0 0 0
"274" 274 0.0558375634518 13 4 3 3 0 0 0 0 0 0 0 0 0 0 0 0 0 0 0 0
"275" 275 0.519230769231 10 1 1 0 0 0 0 0 0 0 0 0 0 0 0 0 0 0 0 0
"276" 276 0.761627906977 4 1 0 0 0 0 0 0 0 0 0 0 0 0 0 0 0 0 0 0
