"site" "RSA" "aa1" "aa2" "aa3" "aa4" "aa5" "aa6" "aa7" "aa8" "aa9" "aa10" "aa11" "aa12" "aa13" "aa14" "aa15" "aa16" "aa17" "aa18" "aa19" "aa20"
"0" 0 1.09271523179 17 4 3 2 0 0 0 0 0 0 0 0 0 0 0 0 0 0 0 0
"1" 1 0.846715328467 16 9 4 3 2 1 1 0 0 0 0 0 0 0 0 0 0 0 0 0
"2" 2 0.886075949367 31 10 1 1 1 1 1 1 0 0 0 0 0 0 0 0 0 0 0 0
"3" 3 0.270042194093 20 18 6 3 1 0 0 0 0 0 0 0 0 0 0 0 0 0 0 0
"4" 4 0.574358974359 12 7 6 5 4 4 3 2 1 1 1 1 1 0 0 0 0 0 0 0
"5" 5 0.177664974619 34 5 4 2 2 1 1 1 0 0 0 0 0 0 0 0 0 0 0 0
"6" 6 0.00995024875622 49 2 1 0 0 0 0 0 0 0 0 0 0 0 0 0 0 0 0 0
"7" 7 0.113924050633 53 0 0 0 0 0 0 0 0 0 0 0 0 0 0 0 0 0 0 0
"8" 8 0.0 34 12 4 2 1 0 0 0 0 0 0 0 0 0 0 0 0 0 0 0
"9" 9 0.0 39 10 4 0 0 0 0 0 0 0 0 0 0 0 0 0 0 0 0 0
"10" 10 0.00507614213198 33 13 6 1 0 0 0 0 0 0 0 0 0 0 0 0 0 0 0 0
"11" 11 0.0 47 6 0 0 0 0 0 0 0 0 0 0 0 0 0 0 0 0 0 0
"12" 12 0.0 54 0 0 0 0 0 0 0 0 0 0 0 0 0 0 0 0 0 0 0
"13" 13 0.145077720207 49 2 1 1 1 0 0 0 0 0 0 0 0 0 0 0 0 0 0 0
"14" 14 0.370860927152 40 9 2 1 1 1 0 0 0 0 0 0 0 0 0 0 0 0 0 0
"15" 15 0.471153846154 48 3 2 1 0 0 0 0 0 0 0 0 0 0 0 0 0 0 0 0
"16" 16 0.00574712643678 52 1 1 0 0 0 0 0 0 0 0 0 0 0 0 0 0 0 0 0
"17" 17 0.134615384615 54 0 0 0 0 0 0 0 0 0 0 0 0 0 0 0 0 0 0 0
"18" 18 0.0506329113924 54 0 0 0 0 0 0 0 0 0 0 0 0 0 0 0 0 0 0 0
"19" 19 0.127906976744 40 13 1 0 0 0 0 0 0 0 0 0 0 0 0 0 0 0 0 0
"20" 20 0.12582781457 46 4 4 0 0 0 0 0 0 0 0 0 0 0 0 0 0 0 0 0
"21" 21 0.0 52 1 1 0 0 0 0 0 0 0 0 0 0 0 0 0 0 0 0 0
"22" 22 0.045871559633 46 5 3 1 0 0 0 0 0 0 0 0 0 0 0 0 0 0 0 0
"23" 23 0.200956937799 41 7 3 2 1 1 0 0 0 0 0 0 0 0 0 0 0 0 0 0
"24" 24 0.171532846715 38 17 0 0 0 0 0 0 0 0 0 0 0 0 0 0 0 0 0 0
"25" 25 0.06463878327 39 16 0 0 0 0 0 0 0 0 0 0 0 0 0 0 0 0 0 0
"26" 26 0.109195402299 45 5 1 1 1 1 0 0 0 0 0 0 0 0 0 0 0 0 0 0
"27" 27 0.353846153846 31 7 4 3 3 2 1 1 1 1 0 0 0 0 0 0 0 0 0 0
"28" 28 0.575129533679 22 13 4 3 3 3 3 1 1 1 0 0 0 0 0 0 0 0 0 0
"29" 29 0.565400843882 35 8 3 3 1 1 1 1 1 0 0 0 0 0 0 0 0 0 0 0
"30" 30 0.266159695817 50 4 0 0 0 0 0 0 0 0 0 0 0 0 0 0 0 0 0 0
"31" 31 0.344370860927 25 14 11 1 1 1 1 0 0 0 0 0 0 0 0 0 0 0 0 0
"32" 32 0.52466367713 14 10 10 6 4 3 3 2 1 1 0 0 0 0 0 0 0 0 0 0
"33" 33 0.766816143498 35 4 3 3 3 2 1 1 1 1 0 0 0 0 0 0 0 0 0 0
"34" 34 0.269961977186 43 8 1 1 1 0 0 0 0 0 0 0 0 0 0 0 0 0 0 0
"35" 35 0.763713080169 38 8 6 1 1 0 0 0 0 0 0 0 0 0 0 0 0 0 0 0
"36" 36 0.395348837209 42 9 1 1 1 0 0 0 0 0 0 0 0 0 0 0 0 0 0 0
"37" 37 0.174418604651 53 1 0 0 0 0 0 0 0 0 0 0 0 0 0 0 0 0 0 0
"38" 38 0.527918781726 51 2 1 0 0 0 0 0 0 0 0 0 0 0 0 0 0 0 0 0
"39" 39 0.0769230769231 53 1 0 0 0 0 0 0 0 0 0 0 0 0 0 0 0 0 0 0
"40" 40 0.124031007752 40 11 2 1 0 0 0 0 0 0 0 0 0 0 0 0 0 0 0 0
"41" 41 0.569948186528 44 9 1 0 0 0 0 0 0 0 0 0 0 0 0 0 0 0 0 0
"42" 42 0.297071129707 52 1 1 0 0 0 0 0 0 0 0 0 0 0 0 0 0 0 0 0
"43" 43 0.258706467662 38 6 5 3 1 1 0 0 0 0 0 0 0 0 0 0 0 0 0 0
"44" 44 0.418604651163 38 9 5 2 0 0 0 0 0 0 0 0 0 0 0 0 0 0 0 0
"45" 45 0.240506329114 49 4 1 0 0 0 0 0 0 0 0 0 0 0 0 0 0 0 0 0
"46" 46 0.616071428571 31 14 4 2 1 1 1 0 0 0 0 0 0 0 0 0 0 0 0 0
"47" 47 0.132183908046 26 13 12 1 1 1 0 0 0 0 0 0 0 0 0 0 0 0 0 0
"48" 48 0.523255813953 12 10 9 4 3 3 3 3 2 1 1 1 1 1 0 0 0 0 0 0
"49" 49 0.051724137931 30 19 4 1 0 0 0 0 0 0 0 0 0 0 0 0 0 0 0 0
"50" 50 0.683937823834 38 6 5 2 1 1 1 0 0 0 0 0 0 0 0 0 0 0 0 0
"51" 51 0.567307692308 4 1 0 0 0 0 0 0 0 0 0 0 0 0 0 0 0 0 0 0
"52" 52 0.79274611399 25 17 6 2 1 1 1 1 0 0 0 0 0 0 0 0 0 0 0 0
"53" 53 0.518987341772 20 18 5 4 3 3 1 0 0 0 0 0 0 0 0 0 0 0 0 0
"54" 54 0.706896551724 15 8 6 5 4 3 3 2 2 2 1 1 1 1 0 0 0 0 0 0
"55" 55 0.100775193798 38 4 4 3 2 1 1 1 0 0 0 0 0 0 0 0 0 0 0 0
"56" 56 0.168604651163 46 3 1 1 1 1 1 0 0 0 0 0 0 0 0 0 0 0 0 0
"57" 57 0.0 34 16 3 1 0 0 0 0 0 0 0 0 0 0 0 0 0 0 0 0
"58" 58 0.152466367713 53 1 0 0 0 0 0 0 0 0 0 0 0 0 0 0 0 0 0 0
"59" 59 0.0 45 4 4 1 0 0 0 0 0 0 0 0 0 0 0 0 0 0 0 0
"60" 60 0.124113475177 54 0 0 0 0 0 0 0 0 0 0 0 0 0 0 0 0 0 0 0
"61" 61 0.0466321243523 53 1 0 0 0 0 0 0 0 0 0 0 0 0 0 0 0 0 0 0
"62" 62 0.0348837209302 54 0 0 0 0 0 0 0 0 0 0 0 0 0 0 0 0 0 0 0
"63" 63 0.0387596899225 53 1 0 0 0 0 0 0 0 0 0 0 0 0 0 0 0 0 0 0
"64" 64 0.144230769231 54 0 0 0 0 0 0 0 0 0 0 0 0 0 0 0 0 0 0 0
"65" 65 0.291479820628 46 3 2 2 1 0 0 0 0 0 0 0 0 0 0 0 0 0 0 0
"66" 66 0.732142857143 54 0 0 0 0 0 0 0 0 0 0 0 0 0 0 0 0 0 0 0
"67" 67 0.715328467153 53 2 0 0 0 0 0 0 0 0 0 0 0 0 0 0 0 0 0 0
"68" 68 0.142259414226 55 0 0 0 0 0 0 0 0 0 0 0 0 0 0 0 0 0 0 0
"69" 69 0.269058295964 39 9 2 2 1 1 1 0 0 0 0 0 0 0 0 0 0 0 0 0
"70" 70 0.58940397351 54 1 0 0 0 0 0 0 0 0 0 0 0 0 0 0 0 0 0 0
"71" 71 0.532338308458 51 3 1 0 0 0 0 0 0 0 0 0 0 0 0 0 0 0 0 0
"72" 72 0.432692307692 43 9 1 1 1 0 0 0 0 0 0 0 0 0 0 0 0 0 0 0
"73" 73 0.195402298851 24 10 9 3 2 2 1 1 1 1 1 0 0 0 0 0 0 0 0 0
"74" 74 0.410852713178 39 9 3 2 1 1 0 0 0 0 0 0 0 0 0 0 0 0 0 0
"75" 75 0.138075313808 53 2 0 0 0 0 0 0 0 0 0 0 0 0 0 0 0 0 0 0
"76" 76 0.0266159695817 54 1 0 0 0 0 0 0 0 0 0 0 0 0 0 0 0 0 0 0
"77" 77 0.485401459854 54 1 0 0 0 0 0 0 0 0 0 0 0 0 0 0 0 0 0 0
"78" 78 0.548076923077 54 1 0 0 0 0 0 0 0 0 0 0 0 0 0 0 0 0 0 0
"79" 79 0.062015503876 42 8 5 0 0 0 0 0 0 0 0 0 0 0 0 0 0 0 0 0
"80" 80 0.0880829015544 54 1 0 0 0 0 0 0 0 0 0 0 0 0 0 0 0 0 0 0
"81" 81 0.0 44 6 2 1 1 1 0 0 0 0 0 0 0 0 0 0 0 0 0 0
"82" 82 0.0 51 2 1 1 0 0 0 0 0 0 0 0 0 0 0 0 0 0 0 0
"83" 83 0.0 27 11 7 5 3 1 1 0 0 0 0 0 0 0 0 0 0 0 0 0
"84" 84 0.0 53 1 1 0 0 0 0 0 0 0 0 0 0 0 0 0 0 0 0 0
"85" 85 0.0 43 7 3 1 1 0 0 0 0 0 0 0 0 0 0 0 0 0 0 0
"86" 86 0.00380228136882 34 19 1 1 0 0 0 0 0 0 0 0 0 0 0 0 0 0 0 0
"87" 87 0.0466321243523 45 5 3 1 1 0 0 0 0 0 0 0 0 0 0 0 0 0 0 0
"88" 88 0.0172413793103 46 3 3 1 1 1 0 0 0 0 0 0 0 0 0 0 0 0 0 0
"89" 89 0.232558139535 27 18 7 2 1 0 0 0 0 0 0 0 0 0 0 0 0 0 0 0
"90" 90 0.369230769231 21 14 6 4 4 2 1 1 1 1 0 0 0 0 0 0 0 0 0 0
"91" 91 0.286821705426 12 10 9 6 4 4 3 2 1 1 1 1 1 0 0 0 0 0 0 0
"92" 92 0.364238410596 28 8 6 4 3 2 1 1 1 1 0 0 0 0 0 0 0 0 0 0
"93" 93 0.0132450331126 47 8 0 0 0 0 0 0 0 0 0 0 0 0 0 0 0 0 0 0
"94" 94 0.146443514644 51 2 1 1 0 0 0 0 0 0 0 0 0 0 0 0 0 0 0 0
"95" 95 0.589285714286 26 8 7 4 3 2 1 1 1 1 1 0 0 0 0 0 0 0 0 0
"96" 96 0.261538461538 19 14 7 6 5 1 1 1 1 0 0 0 0 0 0 0 0 0 0 0
"97" 97 0.0 44 10 1 0 0 0 0 0 0 0 0 0 0 0 0 0 0 0 0 0
"98" 98 0.396624472574 19 10 9 4 4 4 3 2 0 0 0 0 0 0 0 0 0 0 0 0
"99" 99 0.483443708609 22 12 6 3 3 2 2 2 1 1 1 0 0 0 0 0 0 0 0 0
"100" 100 0.0815602836879 55 0 0 0 0 0 0 0 0 0 0 0 0 0 0 0 0 0 0 0
"101" 101 0.226277372263 26 19 7 2 1 0 0 0 0 0 0 0 0 0 0 0 0 0 0 0
"102" 102 0.248704663212 19 11 9 8 3 2 1 1 1 0 0 0 0 0 0 0 0 0 0 0
"103" 103 0.28125 52 3 0 0 0 0 0 0 0 0 0 0 0 0 0 0 0 0 0 0
"104" 104 0.0 55 0 0 0 0 0 0 0 0 0 0 0 0 0 0 0 0 0 0 0
"105" 105 0.169154228856 42 5 2 2 1 1 1 1 0 0 0 0 0 0 0 0 0 0 0 0
"106" 106 0.580459770115 17 9 8 6 3 2 2 1 1 1 1 1 1 1 1 0 0 0 0 0
"107" 107 0.382775119617 36 9 4 2 1 1 1 1 0 0 0 0 0 0 0 0 0 0 0 0
"108" 108 0.015503875969 37 5 4 3 3 2 1 0 0 0 0 0 0 0 0 0 0 0 0 0
"109" 109 0.610256410256 20 13 9 6 2 2 1 1 1 0 0 0 0 0 0 0 0 0 0 0
"110" 110 0.155172413793 31 10 3 3 2 1 1 1 1 1 0 0 0 0 0 0 0 0 0 0
"111" 111 0.85641025641 16 11 10 6 3 2 2 2 1 1 1 0 0 0 0 0 0 0 0 0
"112" 112 0.304635761589 34 7 6 3 1 1 1 1 1 0 0 0 0 0 0 0 0 0 0 0
"113" 113 0.320754716981 42 2 2 2 1 1 1 1 1 0 0 0 0 0 0 0 0 0 0 0
"114" 114 0.727678571429 23 12 3 2 2 2 2 2 1 1 1 1 0 0 0 0 0 0 0 0
"115" 115 0.575581395349 14 9 7 5 4 4 3 2 1 1 1 1 0 0 0 0 0 0 0 0
"116" 116 0.0418410041841 52 0 0 0 0 0 0 0 0 0 0 0 0 0 0 0 0 0 0 0
"117" 117 0.119496855346 52 0 0 0 0 0 0 0 0 0 0 0 0 0 0 0 0 0 0 0
"118" 118 0.0585774058577 49 1 1 1 0 0 0 0 0 0 0 0 0 0 0 0 0 0 0 0
"119" 119 0.0 41 9 2 2 1 0 0 0 0 0 0 0 0 0 0 0 0 0 0 0
"120" 120 0.010152284264 30 17 8 0 0 0 0 0 0 0 0 0 0 0 0 0 0 0 0 0
"121" 121 0.00497512437811 33 15 5 2 0 0 0 0 0 0 0 0 0 0 0 0 0 0 0 0
"122" 122 0.0 53 1 1 0 0 0 0 0 0 0 0 0 0 0 0 0 0 0 0 0
"123" 123 0.0307692307692 55 0 0 0 0 0 0 0 0 0 0 0 0 0 0 0 0 0 0 0
"124" 124 0.278481012658 54 1 0 0 0 0 0 0 0 0 0 0 0 0 0 0 0 0 0 0
"125" 125 0.208121827411 19 19 5 3 3 3 1 1 1 0 0 0 0 0 0 0 0 0 0 0
"126" 126 0.300518134715 55 0 0 0 0 0 0 0 0 0 0 0 0 0 0 0 0 0 0 0
"127" 127 0.062015503876 18 14 4 3 3 2 1 1 1 1 0 0 0 0 0 0 0 0 0 0
"128" 128 0.535714285714 17 16 3 2 2 1 1 1 1 1 0 0 0 0 0 0 0 0 0 0
"129" 129 0.625 12 7 4 4 2 2 1 1 1 1 1 0 0 0 0 0 0 0 0 0
"130" 130 0.682119205298 11 6 5 5 4 2 2 2 1 1 1 0 0 0 0 0 0 0 0 0
"131" 131 0.396624472574 16 9 7 7 5 4 2 1 1 0 0 0 0 0 0 0 0 0 0 0
"132" 132 0.194092827004 40 7 2 1 1 0 0 0 0 0 0 0 0 0 0 0 0 0 0 0
"133" 133 0.53807106599 12 12 7 5 5 3 2 2 1 1 1 0 0 0 0 0 0 0 0 0
"134" 134 0.109195402299 44 7 1 1 0 0 0 0 0 0 0 0 0 0 0 0 0 0 0 0
"135" 135 0.370860927152 32 6 4 4 3 2 1 1 0 0 0 0 0 0 0 0 0 0 0 0
"136" 136 0.504464285714 12 11 8 5 4 4 4 2 2 1 1 0 0 0 0 0 0 0 0 0
"137" 137 0.248945147679 20 9 7 5 4 2 2 2 1 1 1 0 0 0 0 0 0 0 0 0
"138" 138 0.344370860927 16 13 6 4 3 2 2 2 2 2 1 1 0 0 0 0 0 0 0 0
"139" 139 0.0077519379845 46 5 2 1 0 0 0 0 0 0 0 0 0 0 0 0 0 0 0 0
"140" 140 0.412556053812 14 9 8 6 5 4 2 2 1 1 1 1 0 0 0 0 0 0 0 0
"141" 141 0.625 14 13 11 4 4 3 3 1 1 0 0 0 0 0 0 0 0 0 0 0
"142" 142 0.169154228856 42 6 2 2 1 1 0 0 0 0 0 0 0 0 0 0 0 0 0 0
"143" 143 0.031007751938 47 5 1 1 0 0 0 0 0 0 0 0 0 0 0 0 0 0 0 0
"144" 144 0.561181434599 12 11 8 4 4 3 2 2 2 1 0 0 0 0 0 0 0 0 0 0
"145" 145 0.569536423841 23 7 6 5 3 2 2 2 1 1 1 1 0 0 0 0 0 0 0 0
"146" 146 0.0945273631841 18 17 4 3 3 2 2 1 1 1 1 0 0 0 0 0 0 0 0 0
"147" 147 0.509615384615 39 8 1 1 1 1 1 1 0 0 0 0 0 0 0 0 0 0 0 0
"148" 148 0.616580310881 23 14 9 4 1 1 1 0 0 0 0 0 0 0 0 0 0 0 0 0
"149" 149 0.0862944162437 31 7 6 3 3 2 1 1 0 0 0 0 0 0 0 0 0 0 0 0
"150" 150 0.270440251572 35 5 5 3 2 2 1 1 0 0 0 0 0 0 0 0 0 0 0 0
"151" 151 0.129353233831 34 7 6 4 2 1 0 0 0 0 0 0 0 0 0 0 0 0 0 0
"152" 152 0.154811715481 39 8 2 2 1 1 1 0 0 0 0 0 0 0 0 0 0 0 0 0
"153" 153 0.169154228856 52 2 0 0 0 0 0 0 0 0 0 0 0 0 0 0 0 0 0 0
"154" 154 0.0 40 6 3 2 2 1 0 0 0 0 0 0 0 0 0 0 0 0 0 0
"155" 155 0.0 54 0 0 0 0 0 0 0 0 0 0 0 0 0 0 0 0 0 0 0
"156" 156 0.015503875969 54 0 0 0 0 0 0 0 0 0 0 0 0 0 0 0 0 0 0 0
"157" 157 0.362869198312 53 1 0 0 0 0 0 0 0 0 0 0 0 0 0 0 0 0 0 0
"158" 158 0.451282051282 22 11 10 8 2 1 0 0 0 0 0 0 0 0 0 0 0 0 0 0
"159" 159 0.418604651163 19 12 8 7 6 1 1 0 0 0 0 0 0 0 0 0 0 0 0 0
"160" 160 0.350253807107 16 16 5 2 2 2 2 2 2 2 1 1 1 0 0 0 0 0 0 0
"161" 161 0.297435897436 46 7 1 0 0 0 0 0 0 0 0 0 0 0 0 0 0 0 0 0
"162" 162 0.0114942528736 51 3 0 0 0 0 0 0 0 0 0 0 0 0 0 0 0 0 0 0
"163" 163 0.523316062176 21 21 3 3 2 2 1 1 0 0 0 0 0 0 0 0 0 0 0 0
"164" 164 0.325581395349 12 11 9 6 4 2 2 2 2 1 1 1 0 0 0 0 0 0 0 0
"165" 165 0.0 48 1 1 1 1 1 0 0 0 0 0 0 0 0 0 0 0 0 0 0
"166" 166 0.00418410041841 53 0 0 0 0 0 0 0 0 0 0 0 0 0 0 0 0 0 0 0
"167" 167 0.482142857143 21 11 5 5 3 2 1 1 1 1 0 0 0 0 0 0 0 0 0 0
"168" 168 0.191964285714 16 9 7 6 5 4 2 1 1 0 0 0 0 0 0 0 0 0 0 0
"169" 169 0.0 24 12 11 3 1 0 0 0 0 0 0 0 0 0 0 0 0 0 0 0
"170" 170 0.0387596899225 35 9 3 2 1 1 0 0 0 0 0 0 0 0 0 0 0 0 0 0
"171" 171 0.339416058394 28 14 2 2 1 1 0 0 0 0 0 0 0 0 0 0 0 0 0 0
"172" 172 0.0596026490066 9 8 7 5 4 3 2 2 2 2 1 1 1 1 0 0 0 0 0 0
"173" 173 0.0 37 5 3 1 1 1 0 0 0 0 0 0 0 0 0 0 0 0 0 0
"174" 174 0.129353233831 33 6 4 3 1 1 0 0 0 0 0 0 0 0 0 0 0 0 0 0
"175" 175 0.659192825112 9 8 5 5 2 1 1 1 1 0 0 0 0 0 0 0 0 0 0 0
"176" 176 0.282511210762 14 3 1 1 1 1 1 0 0 0 0 0 0 0 0 0 0 0 0 0
"177" 177 0.148717948718 10 3 1 1 1 0 0 0 0 0 0 0 0 0 0 0 0 0 0 0
"178" 178 0.591928251121 4 3 3 1 1 1 1 1 0 0 0 0 0 0 0 0 0 0 0 0
"179" 179 0.914728682171 7 1 0 0 0 0 0 0 0 0 0 0 0 0 0 0 0 0 0 0
