"site" "RSA" "aa1" "aa2" "aa3" "aa4" "aa5" "aa6" "aa7" "aa8" "aa9" "aa10" "aa11" "aa12" "aa13" "aa14" "aa15" "aa16" "aa17" "aa18" "aa19" "aa20"
"0" 0 0.821705426357 109 78 73 47 38 34 24 22 20 18 11 8 7 7 3 1 0 0 0 0
"1" 1 0.789743589744 81 72 54 50 45 37 33 30 23 22 16 12 12 5 3 2 2 1 0 0
"2" 2 0.197674418605 445 22 18 12 1 1 1 0 0 0 0 0 0 0 0 0 0 0 0 0
"3" 3 0.0384615384615 500 0 0 0 0 0 0 0 0 0 0 0 0 0 0 0 0 0 0 0
"4" 4 0.211920529801 104 68 52 34 34 31 30 30 18 14 14 12 12 11 11 10 8 7 0 0
"5" 5 0.0 500 0 0 0 0 0 0 0 0 0 0 0 0 0 0 0 0 0 0 0
"6" 6 0.0114942528736 465 34 1 0 0 0 0 0 0 0 0 0 0 0 0 0 0 0 0 0
"7" 7 0.0298507462687 499 1 0 0 0 0 0 0 0 0 0 0 0 0 0 0 0 0 0 0
"8" 8 0.0 499 1 0 0 0 0 0 0 0 0 0 0 0 0 0 0 0 0 0 0
"9" 9 0.211678832117 457 17 17 6 1 1 1 0 0 0 0 0 0 0 0 0 0 0 0 0
"10" 10 0.0574162679426 500 0 0 0 0 0 0 0 0 0 0 0 0 0 0 0 0 0 0 0
"11" 11 0.0192307692308 500 0 0 0 0 0 0 0 0 0 0 0 0 0 0 0 0 0 0 0
"12" 12 0.321428571429 276 88 52 30 28 8 6 5 3 3 1 0 0 0 0 0 0 0 0 0
"13" 13 0.0 471 18 6 5 0 0 0 0 0 0 0 0 0 0 0 0 0 0 0 0
"14" 14 0.388601036269 108 86 55 50 40 37 28 24 21 16 9 8 7 5 3 2 1 0 0 0
"15" 15 0.13829787234 468 16 9 2 1 1 1 1 1 0 0 0 0 0 0 0 0 0 0 0
"16" 16 0.34358974359 478 7 5 5 2 1 1 1 0 0 0 0 0 0 0 0 0 0 0 0
"17" 17 0.441860465116 235 55 49 39 27 27 15 14 9 8 7 5 4 3 3 0 0 0 0 0
"18" 18 0.532338308458 92 88 86 79 67 24 21 13 9 5 4 4 4 4 0 0 0 0 0 0
"19" 19 0.307692307692 234 127 43 28 25 15 11 8 5 2 1 1 0 0 0 0 0 0 0 0
"20" 20 0.174129353234 330 102 58 6 1 1 1 1 0 0 0 0 0 0 0 0 0 0 0 0
"21" 21 0.00836820083682 500 0 0 0 0 0 0 0 0 0 0 0 0 0 0 0 0 0 0 0
"22" 22 0.0697674418605 292 144 40 15 8 1 0 0 0 0 0 0 0 0 0 0 0 0 0 0
"23" 23 0.00961538461538 500 0 0 0 0 0 0 0 0 0 0 0 0 0 0 0 0 0 0 0
"24" 24 0.00709219858156 500 0 0 0 0 0 0 0 0 0 0 0 0 0 0 0 0 0 0 0
"25" 25 0.114942528736 374 21 17 12 11 11 10 8 7 6 6 5 5 4 3 0 0 0 0 0
"26" 26 0.186528497409 499 1 0 0 0 0 0 0 0 0 0 0 0 0 0 0 0 0 0 0
"27" 27 0.0804597701149 210 125 83 36 15 12 12 3 3 1 0 0 0 0 0 0 0 0 0 0
"28" 28 0.163461538462 218 91 64 51 25 16 12 5 4 3 3 2 2 2 2 0 0 0 0 0
"29" 29 0.109452736318 500 0 0 0 0 0 0 0 0 0 0 0 0 0 0 0 0 0 0 0
"30" 30 0.104651162791 369 128 2 1 0 0 0 0 0 0 0 0 0 0 0 0 0 0 0 0
"31" 31 0.683937823834 124 66 55 48 43 42 31 23 16 14 11 10 6 5 3 1 1 1 0 0
"32" 32 0.502109704641 240 69 60 25 20 17 16 15 7 6 5 5 5 4 4 2 0 0 0 0
"33" 33 0.0 500 0 0 0 0 0 0 0 0 0 0 0 0 0 0 0 0 0 0 0
"34" 34 0.349775784753 252 62 54 42 36 20 11 10 5 5 2 1 0 0 0 0 0 0 0 0
"35" 35 0.418604651163 75 60 60 55 52 38 32 23 23 20 13 13 13 10 8 3 2 0 0 0
"36" 36 0.142857142857 392 70 10 9 4 4 3 3 2 1 1 1 0 0 0 0 0 0 0 0
"37" 37 0.0077519379845 495 4 1 0 0 0 0 0 0 0 0 0 0 0 0 0 0 0 0 0
"38" 38 0.310344827586 194 92 61 46 32 25 17 13 12 3 2 1 1 1 0 0 0 0 0 0
"39" 39 0.35401459854 118 72 67 54 30 29 25 22 21 20 9 9 5 5 4 4 3 3 0 0
"40" 40 0.0 438 57 5 0 0 0 0 0 0 0 0 0 0 0 0 0 0 0 0 0
"41" 41 0.0 500 0 0 0 0 0 0 0 0 0 0 0 0 0 0 0 0 0 0 0
"42" 42 0.339285714286 142 68 63 44 39 33 31 21 14 11 9 7 6 5 4 2 1 0 0 0
"43" 43 0.0547263681592 478 5 4 4 3 3 1 1 1 0 0 0 0 0 0 0 0 0 0 0
"44" 44 0.0152284263959 327 168 4 1 0 0 0 0 0 0 0 0 0 0 0 0 0 0 0 0
"45" 45 0.248062015504 200 88 79 53 23 20 17 6 5 3 3 1 1 1 0 0 0 0 0 0
"46" 46 0.526785714286 85 64 61 56 46 44 39 38 36 8 7 7 3 2 2 1 1 0 0 0
"47" 47 0.435406698565 164 101 85 52 38 29 13 9 4 2 2 1 0 0 0 0 0 0 0 0
"48" 48 0.683937823834 258 80 47 29 22 17 17 12 6 5 5 2 0 0 0 0 0 0 0 0
"49" 49 0.0646766169154 342 39 38 24 24 15 8 4 3 1 1 1 0 0 0 0 0 0 0 0
"50" 50 0.248756218905 156 110 86 50 32 17 15 12 12 5 2 2 1 0 0 0 0 0 0 0
"51" 51 0.0125786163522 500 0 0 0 0 0 0 0 0 0 0 0 0 0 0 0 0 0 0 0
"52" 52 0.316062176166 492 4 2 1 1 0 0 0 0 0 0 0 0 0 0 0 0 0 0 0
"53" 53 0.0287356321839 476 16 3 2 2 1 0 0 0 0 0 0 0 0 0 0 0 0 0 0
"54" 54 0.0248756218905 493 4 1 1 1 0 0 0 0 0 0 0 0 0 0 0 0 0 0 0
"55" 55 0.0304182509506 437 63 0 0 0 0 0 0 0 0 0 0 0 0 0 0 0 0 0 0
"56" 56 0.0 467 25 7 1 0 0 0 0 0 0 0 0 0 0 0 0 0 0 0 0
"57" 57 0.0 498 2 0 0 0 0 0 0 0 0 0 0 0 0 0 0 0 0 0 0
"58" 58 0.169154228856 381 30 27 16 14 9 9 5 4 2 1 1 1 0 0 0 0 0 0 0
"59" 59 0.0 473 10 8 3 2 2 1 1 0 0 0 0 0 0 0 0 0 0 0 0
"60" 60 0.467153284672 398 67 8 7 4 4 3 3 2 2 1 1 0 0 0 0 0 0 0 0
"61" 61 0.0182481751825 485 10 5 0 0 0 0 0 0 0 0 0 0 0 0 0 0 0 0 0
"62" 62 0.0 297 199 4 0 0 0 0 0 0 0 0 0 0 0 0 0 0 0 0 0
"63" 63 0.213197969543 298 99 56 13 10 9 5 4 2 2 1 1 0 0 0 0 0 0 0 0
"64" 64 0.279069767442 173 70 51 41 38 33 19 19 14 11 9 6 4 4 2 2 2 2 0 0
"65" 65 0.00581395348837 320 171 9 0 0 0 0 0 0 0 0 0 0 0 0 0 0 0 0 0
"66" 66 0.0 490 7 3 0 0 0 0 0 0 0 0 0 0 0 0 0 0 0 0 0
"67" 67 0.459330143541 153 72 50 38 34 25 23 21 15 15 14 13 10 8 4 2 2 1 0 0
"68" 68 0.1592039801 347 64 33 27 7 6 5 3 3 1 1 1 1 1 0 0 0 0 0 0
"69" 69 0.0077519379845 490 8 2 0 0 0 0 0 0 0 0 0 0 0 0 0 0 0 0 0
"70" 70 0.0348258706468 498 1 1 0 0 0 0 0 0 0 0 0 0 0 0 0 0 0 0 0
"71" 71 0.440414507772 103 86 59 57 47 30 29 25 25 19 6 5 3 3 2 1 0 0 0 0
"72" 72 0.271523178808 126 102 74 71 44 38 12 10 10 7 2 1 1 1 1 0 0 0 0 0
"73" 73 0.062015503876 495 4 1 0 0 0 0 0 0 0 0 0 0 0 0 0 0 0 0 0
"74" 74 0.632124352332 247 75 41 36 30 22 22 9 5 5 3 3 2 0 0 0 0 0 0 0
"75" 75 0.186131386861 496 3 1 0 0 0 0 0 0 0 0 0 0 0 0 0 0 0 0 0
"76" 76 0.34328358209 213 91 57 46 28 19 10 8 6 6 6 3 3 3 1 0 0 0 0 0
"77" 77 0.631205673759 101 72 53 52 49 46 22 21 20 15 11 10 8 8 4 4 3 1 0 0
"78" 78 0.0355329949239 480 7 5 3 3 1 1 0 0 0 0 0 0 0 0 0 0 0 0 0
"79" 79 0.408805031447 490 3 2 2 1 1 1 0 0 0 0 0 0 0 0 0 0 0 0 0
"80" 80 0.270114942529 135 95 73 69 33 27 22 17 17 5 4 1 1 1 0 0 0 0 0 0
"81" 81 0.514598540146 286 91 41 20 19 9 7 6 5 5 4 3 2 2 0 0 0 0 0 0
"82" 82 0.416058394161 211 87 85 39 35 15 6 6 5 3 3 2 1 1 1 0 0 0 0 0
"83" 83 0.0860927152318 312 144 14 13 8 6 2 1 0 0 0 0 0 0 0 0 0 0 0 0
"84" 84 0.156028368794 498 2 0 0 0 0 0 0 0 0 0 0 0 0 0 0 0 0 0 0
"85" 85 0.266423357664 409 58 17 14 1 1 0 0 0 0 0 0 0 0 0 0 0 0 0 0
"86" 86 0.00497512437811 213 91 86 61 31 11 5 2 0 0 0 0 0 0 0 0 0 0 0 0
"87" 87 0.0 252 107 87 39 9 5 1 0 0 0 0 0 0 0 0 0 0 0 0 0
"88" 88 0.0982142857143 496 2 1 1 0 0 0 0 0 0 0 0 0 0 0 0 0 0 0 0
"89" 89 0.0182481751825 454 26 15 2 1 1 1 0 0 0 0 0 0 0 0 0 0 0 0 0
"90" 90 0.00956937799043 500 0 0 0 0 0 0 0 0 0 0 0 0 0 0 0 0 0 0 0
"91" 91 0.06463878327 231 229 23 14 1 1 1 0 0 0 0 0 0 0 0 0 0 0 0 0
"92" 92 0.0 500 0 0 0 0 0 0 0 0 0 0 0 0 0 0 0 0 0 0 0
"93" 93 0.302325581395 205 150 57 27 24 9 8 6 3 3 3 2 1 1 1 0 0 0 0 0
"94" 94 0.0298507462687 499 1 0 0 0 0 0 0 0 0 0 0 0 0 0 0 0 0 0 0
"95" 95 0.00896860986547 493 4 3 0 0 0 0 0 0 0 0 0 0 0 0 0 0 0 0 0
"96" 96 0.144230769231 500 0 0 0 0 0 0 0 0 0 0 0 0 0 0 0 0 0 0 0
"97" 97 0.313432835821 125 88 66 60 44 34 19 19 12 10 6 4 4 3 2 2 1 1 0 0
"98" 98 0.227979274611 112 89 70 68 46 23 21 15 14 14 7 7 6 3 3 1 1 0 0 0
"99" 99 0.160337552743 399 46 18 18 14 3 2 0 0 0 0 0 0 0 0 0 0 0 0 0
"100" 100 0.434108527132 276 52 27 26 20 19 16 14 14 12 10 6 3 2 2 1 0 0 0 0
"101" 101 0.678571428571 103 99 72 59 58 22 20 11 11 11 10 5 5 4 4 4 1 1 0 0
"102" 102 0.046511627907 428 37 25 5 5 0 0 0 0 0 0 0 0 0 0 0 0 0 0 0
"103" 103 0.42194092827 260 126 41 30 23 18 1 1 0 0 0 0 0 0 0 0 0 0 0 0
"104" 104 0.682170542636 90 56 55 53 43 42 35 32 26 22 21 8 6 5 3 2 1 0 0 0
"105" 105 0.693430656934 67 67 60 59 59 54 30 28 27 16 16 9 3 3 2 0 0 0 0 0
"106" 106 0.38783269962 385 84 8 6 3 3 2 2 2 2 1 1 1 0 0 0 0 0 0 0
"107" 107 0.269230769231 500 0 0 0 0 0 0 0 0 0 0 0 0 0 0 0 0 0 0 0
"108" 108 0.625 268 60 48 28 25 10 10 8 8 7 7 6 4 4 3 2 2 0 0 0
"109" 109 0.6875 101 81 70 66 27 23 20 19 18 17 15 10 10 8 7 4 3 1 0 0
"110" 110 0.345291479821 130 58 55 53 53 41 39 20 19 18 9 2 2 1 0 0 0 0 0 0
"111" 111 0.108786610879 245 231 18 4 1 1 0 0 0 0 0 0 0 0 0 0 0 0 0 0
"112" 112 0.426605504587 203 105 59 28 26 22 13 11 9 8 7 4 2 1 1 1 0 0 0 0
"113" 113 0.31007751938 113 76 57 45 38 35 33 30 24 20 15 7 3 2 2 0 0 0 0 0
"114" 114 0.0709219858156 492 3 2 1 1 1 0 0 0 0 0 0 0 0 0 0 0 0 0 0
"115" 115 0.153284671533 157 103 78 41 26 23 19 18 13 9 6 3 2 1 1 0 0 0 0 0
"116" 116 0.120437956204 157 86 50 44 38 23 22 16 16 15 11 10 8 3 1 0 0 0 0 0
"117" 117 0.23178807947 251 224 25 0 0 0 0 0 0 0 0 0 0 0 0 0 0 0 0 0
"118" 118 0.106463878327 276 203 8 7 1 1 1 1 1 1 0 0 0 0 0 0 0 0 0 0
"119" 119 0.538860103627 143 128 115 35 21 14 10 9 7 7 4 4 2 1 0 0 0 0 0 0
"120" 120 0.529069767442 137 136 114 16 15 14 11 9 8 7 7 6 6 6 4 2 2 0 0 0
"121" 121 0.276729559748 484 11 3 1 1 0 0 0 0 0 0 0 0 0 0 0 0 0 0 0
"122" 122 0.0125786163522 500 0 0 0 0 0 0 0 0 0 0 0 0 0 0 0 0 0 0 0
"123" 123 0.345911949686 499 1 0 0 0 0 0 0 0 0 0 0 0 0 0 0 0 0 0 0
"124" 124 0.534591194969 499 1 0 0 0 0 0 0 0 0 0 0 0 0 0 0 0 0 0 0
"125" 125 0.0456852791878 422 40 27 6 3 2 0 0 0 0 0 0 0 0 0 0 0 0 0 0
"126" 126 0.65625 75 69 67 60 59 34 34 26 13 12 11 11 9 6 6 5 2 1 0 0
"127" 127 0.518248175182 211 56 54 47 26 19 15 14 14 11 11 10 4 4 3 1 0 0 0 0
"128" 128 0.615384615385 500 0 0 0 0 0 0 0 0 0 0 0 0 0 0 0 0 0 0 0
"129" 129 0.198675496689 403 52 44 1 0 0 0 0 0 0 0 0 0 0 0 0 0 0 0 0
"130" 130 0.744394618834 173 74 42 42 38 38 26 18 15 9 8 7 6 4 0 0 0 0 0 0
"131" 131 0.255230125523 325 158 7 3 3 1 1 1 1 0 0 0 0 0 0 0 0 0 0 0
"132" 132 0.0993377483444 412 88 0 0 0 0 0 0 0 0 0 0 0 0 0 0 0 0 0 0
"133" 133 0.0582959641256 400 58 29 5 5 1 1 1 0 0 0 0 0 0 0 0 0 0 0 0
"134" 134 0.181347150259 193 113 75 34 34 19 10 10 6 3 1 1 1 0 0 0 0 0 0 0
"135" 135 0.62015503876 138 80 74 41 33 32 24 17 16 15 14 5 4 4 2 1 0 0 0 0
"136" 136 0.284974093264 497 3 0 0 0 0 0 0 0 0 0 0 0 0 0 0 0 0 0 0
"137" 137 0.704402515723 319 29 26 24 19 13 12 11 10 7 6 6 5 4 3 2 2 1 1 0
"138" 138 0.419708029197 497 1 1 1 0 0 0 0 0 0 0 0 0 0 0 0 0 0 0 0
"139" 139 0.00760456273764 289 206 4 1 0 0 0 0 0 0 0 0 0 0 0 0 0 0 0 0
"140" 140 0.472868217054 152 149 60 56 25 21 12 12 5 3 2 1 1 1 0 0 0 0 0 0
"141" 141 0.870466321244 121 81 56 45 41 36 22 19 19 18 16 11 10 3 1 1 0 0 0 0
"142" 142 0.284263959391 499 1 0 0 0 0 0 0 0 0 0 0 0 0 0 0 0 0 0 0
"143" 143 0.586538461538 500 0 0 0 0 0 0 0 0 0 0 0 0 0 0 0 0 0 0 0
"144" 144 0.0384615384615 500 0 0 0 0 0 0 0 0 0 0 0 0 0 0 0 0 0 0 0
"145" 145 0.153846153846 500 0 0 0 0 0 0 0 0 0 0 0 0 0 0 0 0 0 0 0
"146" 146 0.245283018868 471 17 4 3 2 1 1 1 0 0 0 0 0 0 0 0 0 0 0 0
"147" 147 0.174129353234 212 197 26 20 11 10 10 6 4 2 1 1 0 0 0 0 0 0 0 0
"148" 148 0.145348837209 412 55 33 0 0 0 0 0 0 0 0 0 0 0 0 0 0 0 0 0
"149" 149 0.0223214285714 487 9 3 1 0 0 0 0 0 0 0 0 0 0 0 0 0 0 0 0
"150" 150 0.0126582278481 500 0 0 0 0 0 0 0 0 0 0 0 0 0 0 0 0 0 0 0
"151" 151 0.0199004975124 161 118 83 28 28 22 12 12 11 8 6 5 2 2 1 1 0 0 0 0
"152" 152 0.147286821705 248 119 49 26 15 14 12 5 4 2 2 1 1 1 1 0 0 0 0 0
"153" 153 0.336787564767 225 70 61 33 30 16 16 13 10 9 8 7 1 1 0 0 0 0 0 0
"154" 154 0.0 490 7 2 1 0 0 0 0 0 0 0 0 0 0 0 0 0 0 0 0
"155" 155 0.183908045977 212 132 71 19 17 14 7 6 6 6 5 5 0 0 0 0 0 0 0 0
"156" 156 0.550387596899 148 104 58 42 37 26 23 22 15 12 4 4 2 1 1 1 0 0 0 0
"157" 157 0.0547445255474 481 4 4 3 2 2 1 1 1 1 0 0 0 0 0 0 0 0 0 0
"158" 158 0.0167364016736 271 115 108 3 2 1 0 0 0 0 0 0 0 0 0 0 0 0 0 0
"159" 159 0.238805970149 436 44 11 4 2 1 1 1 0 0 0 0 0 0 0 0 0 0 0 0
"160" 160 0.352201257862 493 4 2 1 0 0 0 0 0 0 0 0 0 0 0 0 0 0 0 0
"161" 161 0.121673003802 360 101 37 2 0 0 0 0 0 0 0 0 0 0 0 0 0 0 0 0
"162" 162 0.00836820083682 350 149 1 0 0 0 0 0 0 0 0 0 0 0 0 0 0 0 0 0
"163" 163 0.348837209302 107 98 52 44 32 31 31 22 20 17 17 13 4 4 3 3 2 0 0 0
"164" 164 0.694300518135 79 79 67 63 53 40 31 22 22 14 13 5 4 3 2 2 1 0 0 0
"165" 165 0.316091954023 357 80 19 17 10 5 4 3 2 2 1 0 0 0 0 0 0 0 0 0
"166" 166 0.0 488 12 0 0 0 0 0 0 0 0 0 0 0 0 0 0 0 0 0 0
"167" 167 0.103448275862 175 94 85 32 31 27 16 10 10 6 5 5 2 1 1 0 0 0 0 0
"168" 168 0.375 78 56 56 52 47 43 41 24 19 17 16 16 15 10 4 3 3 0 0 0
"169" 169 0.139896373057 435 29 11 10 10 2 1 1 1 0 0 0 0 0 0 0 0 0 0 0
"170" 170 0.0 499 1 0 0 0 0 0 0 0 0 0 0 0 0 0 0 0 0 0 0
"171" 171 0.405109489051 135 104 43 37 31 30 26 21 20 13 10 10 7 6 6 1 0 0 0 0
"172" 172 0.494252873563 164 53 50 47 38 34 30 21 11 10 9 7 7 6 5 3 3 2 0 0
"173" 173 0.278846153846 500 0 0 0 0 0 0 0 0 0 0 0 0 0 0 0 0 0 0 0
"174" 174 0.345991561181 214 78 66 37 27 18 17 16 11 6 6 2 1 1 0 0 0 0 0 0
"175" 175 0.133720930233 283 143 35 21 6 5 5 2 0 0 0 0 0 0 0 0 0 0 0 0
"176" 176 0.0 498 2 0 0 0 0 0 0 0 0 0 0 0 0 0 0 0 0 0 0
"177" 177 0.00497512437811 500 0 0 0 0 0 0 0 0 0 0 0 0 0 0 0 0 0 0 0
"178" 178 0.0 468 27 5 0 0 0 0 0 0 0 0 0 0 0 0 0 0 0 0 0
"179" 179 0.0 500 0 0 0 0 0 0 0 0 0 0 0 0 0 0 0 0 0 0 0
"180" 180 0.0077519379845 356 130 14 0 0 0 0 0 0 0 0 0 0 0 0 0 0 0 0 0
"181" 181 0.0 496 2 1 1 0 0 0 0 0 0 0 0 0 0 0 0 0 0 0 0
"182" 182 0.0288461538462 446 15 7 6 5 5 4 2 2 2 2 1 1 1 1 0 0 0 0 0
"183" 183 0.0615384615385 216 95 62 51 28 27 15 3 2 1 0 0 0 0 0 0 0 0 0 0
"184" 184 0.00662251655629 409 88 3 0 0 0 0 0 0 0 0 0 0 0 0 0 0 0 0 0
"185" 185 0.0248756218905 488 9 2 1 0 0 0 0 0 0 0 0 0 0 0 0 0 0 0 0
"186" 186 0.014598540146 117 93 90 68 63 20 19 8 8 4 4 3 2 1 0 0 0 0 0 0
"187" 187 0.0077519379845 500 0 0 0 0 0 0 0 0 0 0 0 0 0 0 0 0 0 0 0
"188" 188 0.0 496 4 0 0 0 0 0 0 0 0 0 0 0 0 0 0 0 0 0 0
"189" 189 0.0172413793103 205 111 110 32 13 7 7 6 5 2 1 1 0 0 0 0 0 0 0 0
"190" 190 0.118143459916 265 147 41 24 14 5 3 1 0 0 0 0 0 0 0 0 0 0 0 0
"191" 191 0.296650717703 249 174 25 15 12 8 5 3 3 2 2 1 1 0 0 0 0 0 0 0
"192" 192 0.0547263681592 500 0 0 0 0 0 0 0 0 0 0 0 0 0 0 0 0 0 0 0
"193" 193 0.0414507772021 497 3 0 0 0 0 0 0 0 0 0 0 0 0 0 0 0 0 0 0
"194" 194 0.636771300448 247 105 33 26 24 16 13 11 8 5 4 3 2 2 1 0 0 0 0 0
"195" 195 0.0871559633028 287 102 45 18 17 15 7 4 2 1 1 1 0 0 0 0 0 0 0 0
"196" 196 0.390728476821 194 88 51 43 30 19 17 15 14 14 13 1 1 0 0 0 0 0 0 0
"197" 197 0.326424870466 107 90 84 82 62 26 19 15 9 4 1 1 0 0 0 0 0 0 0 0
"198" 198 0.766839378238 125 69 57 53 47 29 22 17 17 16 14 13 11 8 1 1 0 0 0 0
"199" 199 0.441964285714 152 104 97 66 35 11 9 8 7 5 2 1 1 1 1 0 0 0 0 0
"200" 200 0.0 392 59 31 17 1 0 0 0 0 0 0 0 0 0 0 0 0 0 0 0
"201" 201 0.275862068966 250 156 47 14 13 11 9 0 0 0 0 0 0 0 0 0 0 0 0 0
"202" 202 0.509615384615 105 82 76 48 36 34 29 27 20 18 16 3 3 3 0 0 0 0 0 0
"203" 203 0.203980099502 399 52 19 9 7 7 5 2 0 0 0 0 0 0 0 0 0 0 0 0
"204" 204 0.292307692308 123 116 82 81 48 20 11 6 5 4 1 1 1 1 0 0 0 0 0 0
"205" 205 0.0507614213198 332 119 43 4 2 0 0 0 0 0 0 0 0 0 0 0 0 0 0 0
"206" 206 0.0062893081761 499 1 0 0 0 0 0 0 0 0 0 0 0 0 0 0 0 0 0 0
"207" 207 0.273255813953 271 156 28 16 15 6 2 2 2 1 1 0 0 0 0 0 0 0 0 0
"208" 208 0.0480769230769 500 0 0 0 0 0 0 0 0 0 0 0 0 0 0 0 0 0 0 0
"209" 209 0.0812182741117 365 135 0 0 0 0 0 0 0 0 0 0 0 0 0 0 0 0 0 0
"210" 210 0.0 500 0 0 0 0 0 0 0 0 0 0 0 0 0 0 0 0 0 0 0
"211" 211 0.0248756218905 493 3 2 1 1 0 0 0 0 0 0 0 0 0 0 0 0 0 0 0
"212" 212 0.197080291971 228 204 36 6 6 5 4 4 3 1 1 1 1 0 0 0 0 0 0 0
"213" 213 0.00380228136882 486 14 0 0 0 0 0 0 0 0 0 0 0 0 0 0 0 0 0 0
"214" 214 0.227979274611 257 72 22 21 21 18 15 14 12 12 11 7 6 5 3 2 2 0 0 0
"215" 215 0.0646766169154 500 0 0 0 0 0 0 0 0 0 0 0 0 0 0 0 0 0 0 0
"216" 216 0.217616580311 435 35 27 2 1 0 0 0 0 0 0 0 0 0 0 0 0 0 0 0
"217" 217 0.543046357616 120 53 49 46 37 36 36 26 26 23 21 12 6 4 3 2 0 0 0 0
"218" 218 0.372093023256 232 50 41 34 25 23 16 16 15 12 11 9 7 5 4 0 0 0 0 0
"219" 219 0.0963302752294 203 156 49 43 24 6 5 5 4 2 2 1 0 0 0 0 0 0 0 0
"220" 220 0.558394160584 108 107 60 43 42 25 23 21 20 16 13 6 5 4 3 2 1 1 0 0
"221" 221 0.163522012579 500 0 0 0 0 0 0 0 0 0 0 0 0 0 0 0 0 0 0 0
"222" 222 0.567164179104 198 101 47 32 27 27 25 23 6 5 3 2 1 1 1 1 0 0 0 0
"223" 223 0.344827586207 159 128 71 24 24 23 18 14 12 10 6 4 2 2 1 1 1 0 0 0
"224" 224 0.518248175182 333 48 26 22 21 9 9 8 5 4 3 3 2 2 2 2 1 0 0 0
"225" 225 0.278846153846 500 0 0 0 0 0 0 0 0 0 0 0 0 0 0 0 0 0 0 0
"226" 226 0.125 500 0 0 0 0 0 0 0 0 0 0 0 0 0 0 0 0 0 0 0
"227" 227 0.273255813953 179 94 77 51 18 16 14 13 13 9 8 3 2 2 1 0 0 0 0 0
"228" 228 0.167300380228 309 189 2 0 0 0 0 0 0 0 0 0 0 0 0 0 0 0 0 0
"229" 229 0.0547263681592 373 40 35 15 10 9 5 5 3 2 1 1 1 0 0 0 0 0 0 0
"230" 230 0.295336787565 309 182 3 2 1 1 1 1 0 0 0 0 0 0 0 0 0 0 0 0
"231" 231 0.547169811321 482 4 4 2 2 2 1 1 1 1 0 0 0 0 0 0 0 0 0 0
"232" 232 0.325892857143 84 78 51 36 31 30 27 23 22 21 20 18 17 14 12 7 6 3 0 0
"233" 233 0.271317829457 156 101 59 33 32 29 22 15 15 12 9 8 7 2 0 0 0 0 0 0
"234" 234 0.0387596899225 499 1 0 0 0 0 0 0 0 0 0 0 0 0 0 0 0 0 0 0
"235" 235 0.542635658915 94 78 58 45 45 39 32 22 22 18 18 8 7 6 4 3 1 0 0 0
"236" 236 0.480620155039 94 66 58 46 46 43 35 34 30 12 10 8 6 4 2 2 2 2 0 0
"237" 237 0.125 499 1 0 0 0 0 0 0 0 0 0 0 0 0 0 0 0 0 0 0
"238" 238 0.240310077519 216 180 33 25 22 11 8 5 0 0 0 0 0 0 0 0 0 0 0 0
"239" 239 0.558139534884 95 63 61 53 52 49 30 28 15 13 10 9 8 6 5 3 0 0 0 0
"240" 240 0.635658914729 95 63 60 49 48 39 35 26 22 17 16 9 7 6 3 3 2 0 0 0
"241" 241 0.298850574713 154 147 73 30 29 19 17 9 9 5 5 2 1 0 0 0 0 0 0 0
"242" 242 0.899224806202 145 85 76 35 34 32 22 21 9 7 7 6 6 5 5 4 1 0 0 0
