"site" "RSA" "aa1" "aa2" "aa3" "aa4" "aa5" "aa6" "aa7" "aa8" "aa9" "aa10" "aa11" "aa12" "aa13" "aa14" "aa15" "aa16" "aa17" "aa18" "aa19" "aa20"
"0" 0 1.08609271523 500 0 0 0 0 0 0 0 0 0 0 0 0 0 0 0 0 0 0 0
"1" 1 0.669642857143 313 187 0 0 0 0 0 0 0 0 0 0 0 0 0 0 0 0 0 0
"2" 2 0.114427860697 500 0 0 0 0 0 0 0 0 0 0 0 0 0 0 0 0 0 0 0
"3" 3 0.517412935323 241 214 45 0 0 0 0 0 0 0 0 0 0 0 0 0 0 0 0 0
"4" 4 0.5625 282 191 26 1 0 0 0 0 0 0 0 0 0 0 0 0 0 0 0 0
"5" 5 0.575892857143 483 12 5 0 0 0 0 0 0 0 0 0 0 0 0 0 0 0 0 0
"6" 6 0.183856502242 432 60 8 0 0 0 0 0 0 0 0 0 0 0 0 0 0 0 0 0
"7" 7 0.257383966245 471 27 2 0 0 0 0 0 0 0 0 0 0 0 0 0 0 0 0 0
"8" 8 0.412556053812 463 21 12 3 1 0 0 0 0 0 0 0 0 0 0 0 0 0 0 0
"9" 9 0.294642857143 204 168 71 47 5 4 1 0 0 0 0 0 0 0 0 0 0 0 0 0
"10" 10 0.010152284264 496 4 0 0 0 0 0 0 0 0 0 0 0 0 0 0 0 0 0 0
"11" 11 0.475285171103 259 116 60 24 24 10 5 1 1 0 0 0 0 0 0 0 0 0 0 0
"12" 12 0.53125 401 90 6 3 0 0 0 0 0 0 0 0 0 0 0 0 0 0 0 0
"13" 13 0.062015503876 266 144 76 6 5 2 1 0 0 0 0 0 0 0 0 0 0 0 0 0
"14" 14 0.0376569037657 500 0 0 0 0 0 0 0 0 0 0 0 0 0 0 0 0 0 0 0
"15" 15 0.317880794702 349 60 34 29 12 10 6 0 0 0 0 0 0 0 0 0 0 0 0 0
"16" 16 0.651741293532 494 6 0 0 0 0 0 0 0 0 0 0 0 0 0 0 0 0 0 0
"17" 17 0.246861924686 497 1 1 1 0 0 0 0 0 0 0 0 0 0 0 0 0 0 0 0
"18" 18 0.150259067358 499 1 0 0 0 0 0 0 0 0 0 0 0 0 0 0 0 0 0 0
"19" 19 0.651282051282 500 0 0 0 0 0 0 0 0 0 0 0 0 0 0 0 0 0 0 0
"20" 20 0.728205128205 499 1 0 0 0 0 0 0 0 0 0 0 0 0 0 0 0 0 0 0
"21" 21 0.331606217617 499 1 0 0 0 0 0 0 0 0 0 0 0 0 0 0 0 0 0 0
"22" 22 0.278846153846 500 0 0 0 0 0 0 0 0 0 0 0 0 0 0 0 0 0 0 0
"23" 23 0.188284518828 500 0 0 0 0 0 0 0 0 0 0 0 0 0 0 0 0 0 0 0
"24" 24 0.044776119403 500 0 0 0 0 0 0 0 0 0 0 0 0 0 0 0 0 0 0 0
"25" 25 0.290155440415 500 0 0 0 0 0 0 0 0 0 0 0 0 0 0 0 0 0 0 0
"26" 26 0.0988593155894 447 46 3 2 1 1 0 0 0 0 0 0 0 0 0 0 0 0 0 0
"27" 27 0.607655502392 208 191 68 26 6 1 0 0 0 0 0 0 0 0 0 0 0 0 0 0
"28" 28 0.1875 402 98 0 0 0 0 0 0 0 0 0 0 0 0 0 0 0 0 0 0
"29" 29 0.194029850746 447 43 7 1 1 1 0 0 0 0 0 0 0 0 0 0 0 0 0 0
"30" 30 0.388185654008 249 226 25 0 0 0 0 0 0 0 0 0 0 0 0 0 0 0 0 0
"31" 31 0.35632183908 272 186 30 11 1 0 0 0 0 0 0 0 0 0 0 0 0 0 0 0
"32" 32 0.046511627907 495 5 0 0 0 0 0 0 0 0 0 0 0 0 0 0 0 0 0 0
"33" 33 0.540084388186 304 140 56 0 0 0 0 0 0 0 0 0 0 0 0 0 0 0 0 0
"34" 34 0.449612403101 223 207 66 2 1 1 0 0 0 0 0 0 0 0 0 0 0 0 0 0
"35" 35 0.10447761194 261 234 5 0 0 0 0 0 0 0 0 0 0 0 0 0 0 0 0 0
"36" 36 0.413461538462 500 0 0 0 0 0 0 0 0 0 0 0 0 0 0 0 0 0 0 0
"37" 37 0.259414225941 264 139 74 11 11 1 0 0 0 0 0 0 0 0 0 0 0 0 0 0
"38" 38 0.629464285714 309 135 56 0 0 0 0 0 0 0 0 0 0 0 0 0 0 0 0 0
"39" 39 0.218905472637 270 104 79 23 22 2 0 0 0 0 0 0 0 0 0 0 0 0 0 0
"40" 40 0.446540880503 387 113 0 0 0 0 0 0 0 0 0 0 0 0 0 0 0 0 0 0
"41" 41 0.586497890295 315 92 79 13 1 0 0 0 0 0 0 0 0 0 0 0 0 0 0 0
"42" 42 0.667883211679 307 184 9 0 0 0 0 0 0 0 0 0 0 0 0 0 0 0 0 0
"43" 43 0.410714285714 461 32 3 2 1 1 0 0 0 0 0 0 0 0 0 0 0 0 0 0
"44" 44 0.0507614213198 484 16 0 0 0 0 0 0 0 0 0 0 0 0 0 0 0 0 0 0
"45" 45 0.238805970149 295 92 48 47 9 7 1 1 0 0 0 0 0 0 0 0 0 0 0 0
"46" 46 0.507772020725 377 123 0 0 0 0 0 0 0 0 0 0 0 0 0 0 0 0 0 0
"47" 47 0.18407960199 309 103 43 13 12 5 4 3 3 2 1 1 1 0 0 0 0 0 0 0
"48" 48 0.0507614213198 495 3 1 1 0 0 0 0 0 0 0 0 0 0 0 0 0 0 0 0
"49" 49 0.507772020725 479 13 6 2 0 0 0 0 0 0 0 0 0 0 0 0 0 0 0 0
"50" 50 0.598214285714 483 16 1 0 0 0 0 0 0 0 0 0 0 0 0 0 0 0 0 0
"51" 51 0.269961977186 327 142 21 6 2 1 1 0 0 0 0 0 0 0 0 0 0 0 0 0
"52" 52 0.217616580311 500 0 0 0 0 0 0 0 0 0 0 0 0 0 0 0 0 0 0 0
"53" 53 0.741721854305 500 0 0 0 0 0 0 0 0 0 0 0 0 0 0 0 0 0 0 0
"54" 54 0.46875 500 0 0 0 0 0 0 0 0 0 0 0 0 0 0 0 0 0 0 0
"55" 55 0.875 500 0 0 0 0 0 0 0 0 0 0 0 0 0 0 0 0 0 0 0
"56" 56 0.412408759124 306 194 0 0 0 0 0 0 0 0 0 0 0 0 0 0 0 0 0 0
"57" 57 0.55023923445 411 44 21 17 2 2 1 1 1 0 0 0 0 0 0 0 0 0 0 0
"58" 58 0.248756218905 306 194 0 0 0 0 0 0 0 0 0 0 0 0 0 0 0 0 0 0
"59" 59 0.443037974684 442 54 4 0 0 0 0 0 0 0 0 0 0 0 0 0 0 0 0 0
"60" 60 0.209125475285 400 46 20 12 11 8 3 0 0 0 0 0 0 0 0 0 0 0 0 0
"61" 61 0.507772020725 405 87 8 0 0 0 0 0 0 0 0 0 0 0 0 0 0 0 0 0
"62" 62 0.165803108808 404 84 7 3 1 1 0 0 0 0 0 0 0 0 0 0 0 0 0 0
"63" 63 0.150627615063 494 4 1 1 0 0 0 0 0 0 0 0 0 0 0 0 0 0 0 0
"64" 64 0.247148288973 337 104 26 12 9 5 4 3 0 0 0 0 0 0 0 0 0 0 0 0
"65" 65 0.43654822335 299 161 38 2 0 0 0 0 0 0 0 0 0 0 0 0 0 0 0 0
"66" 66 0.137931034483 283 152 20 18 12 6 6 2 1 0 0 0 0 0 0 0 0 0 0 0
"67" 67 0.105769230769 500 0 0 0 0 0 0 0 0 0 0 0 0 0 0 0 0 0 0 0
"68" 68 0.433035714286 232 168 85 15 0 0 0 0 0 0 0 0 0 0 0 0 0 0 0 0
"69" 69 0.295358649789 254 159 36 27 23 1 0 0 0 0 0 0 0 0 0 0 0 0 0 0
"70" 70 0.0152284263959 428 69 2 1 0 0 0 0 0 0 0 0 0 0 0 0 0 0 0 0
"71" 71 0.402985074627 313 127 60 0 0 0 0 0 0 0 0 0 0 0 0 0 0 0 0 0
"72" 72 0.746835443038 250 224 26 0 0 0 0 0 0 0 0 0 0 0 0 0 0 0 0 0
"73" 73 0.299270072993 482 10 6 1 1 0 0 0 0 0 0 0 0 0 0 0 0 0 0 0
"74" 74 0.40414507772 344 73 56 18 9 0 0 0 0 0 0 0 0 0 0 0 0 0 0 0
"75" 75 0.622641509434 500 0 0 0 0 0 0 0 0 0 0 0 0 0 0 0 0 0 0 0
"76" 76 0.303482587065 177 135 102 50 24 10 2 0 0 0 0 0 0 0 0 0 0 0 0 0
"77" 77 0.362694300518 387 113 0 0 0 0 0 0 0 0 0 0 0 0 0 0 0 0 0 0
"78" 78 0.629464285714 459 36 3 1 1 0 0 0 0 0 0 0 0 0 0 0 0 0 0 0
"79" 79 0.192893401015 499 1 0 0 0 0 0 0 0 0 0 0 0 0 0 0 0 0 0 0
"80" 80 0.341772151899 294 114 39 38 12 3 0 0 0 0 0 0 0 0 0 0 0 0 0 0
"81" 81 0.514598540146 415 78 4 2 1 0 0 0 0 0 0 0 0 0 0 0 0 0 0 0
"82" 82 0.232558139535 391 48 32 23 5 1 0 0 0 0 0 0 0 0 0 0 0 0 0 0
"83" 83 0.0125523012552 500 0 0 0 0 0 0 0 0 0 0 0 0 0 0 0 0 0 0 0
"84" 84 0.502242152466 341 155 3 1 0 0 0 0 0 0 0 0 0 0 0 0 0 0 0 0
"85" 85 0.626865671642 223 212 50 14 1 0 0 0 0 0 0 0 0 0 0 0 0 0 0 0
"86" 86 0.230125523013 150 87 74 60 36 33 33 9 8 6 2 1 1 0 0 0 0 0 0 0
"87" 87 0.0310880829016 500 0 0 0 0 0 0 0 0 0 0 0 0 0 0 0 0 0 0 0
"88" 88 0.357512953368 492 7 1 0 0 0 0 0 0 0 0 0 0 0 0 0 0 0 0 0
"89" 89 0.336787564767 490 4 4 2 0 0 0 0 0 0 0 0 0 0 0 0 0 0 0 0
"90" 90 0.722488038278 339 155 6 0 0 0 0 0 0 0 0 0 0 0 0 0 0 0 0 0
"91" 91 0.436046511628 238 133 119 10 0 0 0 0 0 0 0 0 0 0 0 0 0 0 0 0
"92" 92 0.384615384615 500 0 0 0 0 0 0 0 0 0 0 0 0 0 0 0 0 0 0 0
"93" 93 0.308016877637 328 124 26 12 8 1 1 0 0 0 0 0 0 0 0 0 0 0 0 0
"94" 94 0.0253807106599 500 0 0 0 0 0 0 0 0 0 0 0 0 0 0 0 0 0 0 0
"95" 95 0.0596026490066 335 134 31 0 0 0 0 0 0 0 0 0 0 0 0 0 0 0 0 0
"96" 96 0.167512690355 297 122 47 26 8 0 0 0 0 0 0 0 0 0 0 0 0 0 0 0
"97" 97 0.548523206751 306 193 1 0 0 0 0 0 0 0 0 0 0 0 0 0 0 0 0 0
"98" 98 0.0153846153846 433 35 32 0 0 0 0 0 0 0 0 0 0 0 0 0 0 0 0 0
"99" 99 0.203980099502 282 107 50 40 13 8 0 0 0 0 0 0 0 0 0 0 0 0 0 0
"100" 100 0.313868613139 375 84 24 7 5 2 1 1 1 0 0 0 0 0 0 0 0 0 0 0
"101" 101 0.251824817518 418 64 14 2 1 1 0 0 0 0 0 0 0 0 0 0 0 0 0 0
"102" 102 0.0862068965517 151 96 66 66 39 33 21 13 5 4 4 2 0 0 0 0 0 0 0 0
"103" 103 0.093023255814 352 113 12 7 5 5 3 1 1 1 0 0 0 0 0 0 0 0 0 0
"104" 104 0.666666666667 488 7 5 0 0 0 0 0 0 0 0 0 0 0 0 0 0 0 0 0
"105" 105 0.625 406 64 15 14 1 0 0 0 0 0 0 0 0 0 0 0 0 0 0 0
"106" 106 0.641791044776 347 83 30 25 12 2 1 0 0 0 0 0 0 0 0 0 0 0 0 0
"107" 107 0.557692307692 500 0 0 0 0 0 0 0 0 0 0 0 0 0 0 0 0 0 0 0
"108" 108 0.535714285714 140 131 116 82 22 3 3 2 1 0 0 0 0 0 0 0 0 0 0 0
"109" 109 0.790697674419 500 0 0 0 0 0 0 0 0 0 0 0 0 0 0 0 0 0 0 0
"110" 110 0.378109452736 201 113 87 43 11 11 10 7 6 5 4 2 0 0 0 0 0 0 0 0
"111" 111 0.401162790698 400 100 0 0 0 0 0 0 0 0 0 0 0 0 0 0 0 0 0 0
"112" 112 0.341968911917 446 40 9 5 0 0 0 0 0 0 0 0 0 0 0 0 0 0 0 0
"113" 113 0.616071428571 488 12 0 0 0 0 0 0 0 0 0 0 0 0 0 0 0 0 0 0
"114" 114 0.473214285714 226 95 90 63 26 0 0 0 0 0 0 0 0 0 0 0 0 0 0 0
"115" 115 0.0398009950249 264 190 29 8 2 2 2 1 1 1 0 0 0 0 0 0 0 0 0 0
"116" 116 0.361313868613 363 114 9 8 5 1 0 0 0 0 0 0 0 0 0 0 0 0 0 0
"117" 117 0.550387596899 280 125 52 29 14 0 0 0 0 0 0 0 0 0 0 0 0 0 0 0
"118" 118 0.0862944162437 454 46 0 0 0 0 0 0 0 0 0 0 0 0 0 0 0 0 0 0
"119" 119 0.566964285714 184 126 90 79 14 7 0 0 0 0 0 0 0 0 0 0 0 0 0 0
"120" 120 0.611607142857 500 0 0 0 0 0 0 0 0 0 0 0 0 0 0 0 0 0 0 0
"121" 121 0.430962343096 500 0 0 0 0 0 0 0 0 0 0 0 0 0 0 0 0 0 0 0
"122" 122 0.119170984456 500 0 0 0 0 0 0 0 0 0 0 0 0 0 0 0 0 0 0 0
"123" 123 0.691542288557 340 95 53 11 1 0 0 0 0 0 0 0 0 0 0 0 0 0 0 0
"124" 124 0.512953367876 166 134 91 71 31 7 0 0 0 0 0 0 0 0 0 0 0 0 0 0
"125" 125 0.528846153846 500 0 0 0 0 0 0 0 0 0 0 0 0 0 0 0 0 0 0 0
"126" 126 0.341968911917 340 97 30 25 5 3 0 0 0 0 0 0 0 0 0 0 0 0 0 0
"127" 127 0.182692307692 500 0 0 0 0 0 0 0 0 0 0 0 0 0 0 0 0 0 0 0
"128" 128 0.267857142857 329 83 41 33 12 2 0 0 0 0 0 0 0 0 0 0 0 0 0 0
"129" 129 0.0355329949239 500 0 0 0 0 0 0 0 0 0 0 0 0 0 0 0 0 0 0 0
"130" 130 0.174358974359 284 142 61 13 0 0 0 0 0 0 0 0 0 0 0 0 0 0 0 0
"131" 131 0.263392857143 441 55 3 1 0 0 0 0 0 0 0 0 0 0 0 0 0 0 0 0
"132" 132 0.625641025641 433 29 24 14 0 0 0 0 0 0 0 0 0 0 0 0 0 0 0 0
"133" 133 0.0401785714286 500 0 0 0 0 0 0 0 0 0 0 0 0 0 0 0 0 0 0 0
"134" 134 0.0753138075314 463 35 1 1 0 0 0 0 0 0 0 0 0 0 0 0 0 0 0 0
"135" 135 0.116751269036 193 101 101 73 22 10 0 0 0 0 0 0 0 0 0 0 0 0 0 0
"136" 136 0.46511627907 334 107 49 5 4 1 0 0 0 0 0 0 0 0 0 0 0 0 0 0
"137" 137 0.355329949239 475 24 1 0 0 0 0 0 0 0 0 0 0 0 0 0 0 0 0 0
"138" 138 0.335443037975 309 92 53 44 1 1 0 0 0 0 0 0 0 0 0 0 0 0 0 0
"139" 139 0.383720930233 500 0 0 0 0 0 0 0 0 0 0 0 0 0 0 0 0 0 0 0
"140" 140 0.891191709845 500 0 0 0 0 0 0 0 0 0 0 0 0 0 0 0 0 0 0 0
"141" 141 1.04635761589 500 0 0 0 0 0 0 0 0 0 0 0 0 0 0 0 0 0 0 0
