"site" "RSA" "aa1" "aa2" "aa3" "aa4" "aa5" "aa6" "aa7" "aa8" "aa9" "aa10" "aa11" "aa12" "aa13" "aa14" "aa15" "aa16" "aa17" "aa18" "aa19" "aa20"
"0" 0 0.652849740933 353 86 49 12 0 0 0 0 0 0 0 0 0 0 0 0 0 0 0 0
"1" 1 0.28102189781 207 144 122 20 3 2 1 1 0 0 0 0 0 0 0 0 0 0 0 0
"2" 2 0.450892857143 300 136 55 9 0 0 0 0 0 0 0 0 0 0 0 0 0 0 0 0
"3" 3 0.487046632124 380 63 57 0 0 0 0 0 0 0 0 0 0 0 0 0 0 0 0 0
"4" 4 0.0348258706468 403 94 2 1 0 0 0 0 0 0 0 0 0 0 0 0 0 0 0 0
"5" 5 0.051724137931 186 135 135 21 12 5 5 1 0 0 0 0 0 0 0 0 0 0 0 0
"6" 6 0.562737642586 136 132 115 114 2 1 0 0 0 0 0 0 0 0 0 0 0 0 0 0
"7" 7 0.385650224215 162 100 97 90 50 1 0 0 0 0 0 0 0 0 0 0 0 0 0 0
"8" 8 0.0 500 0 0 0 0 0 0 0 0 0 0 0 0 0 0 0 0 0 0 0
"9" 9 0.316455696203 163 161 103 37 25 6 3 1 1 0 0 0 0 0 0 0 0 0 0 0
"10" 10 0.44776119403 280 200 20 0 0 0 0 0 0 0 0 0 0 0 0 0 0 0 0 0
"11" 11 0.062015503876 351 149 0 0 0 0 0 0 0 0 0 0 0 0 0 0 0 0 0 0
"12" 12 0.258928571429 232 203 50 11 2 2 0 0 0 0 0 0 0 0 0 0 0 0 0 0
"13" 13 0.690582959641 374 126 0 0 0 0 0 0 0 0 0 0 0 0 0 0 0 0 0 0
"14" 14 0.503875968992 423 71 5 1 0 0 0 0 0 0 0 0 0 0 0 0 0 0 0 0
"15" 15 0.620535714286 472 28 0 0 0 0 0 0 0 0 0 0 0 0 0 0 0 0 0 0
"16" 16 0.507299270073 263 173 46 11 3 3 1 0 0 0 0 0 0 0 0 0 0 0 0 0
"17" 17 0.201520912548 274 113 72 26 11 2 1 1 0 0 0 0 0 0 0 0 0 0 0 0
"18" 18 0.487046632124 382 57 34 20 6 1 0 0 0 0 0 0 0 0 0 0 0 0 0 0
"19" 19 0.308035714286 362 87 34 11 6 0 0 0 0 0 0 0 0 0 0 0 0 0 0 0
"20" 20 0.0 268 163 67 1 1 0 0 0 0 0 0 0 0 0 0 0 0 0 0 0
"21" 21 0.0632183908046 312 79 73 9 9 6 3 3 3 2 1 0 0 0 0 0 0 0 0 0
"22" 22 0.495535714286 387 61 36 15 1 0 0 0 0 0 0 0 0 0 0 0 0 0 0 0
"23" 23 0.0662251655629 302 151 45 1 1 0 0 0 0 0 0 0 0 0 0 0 0 0 0 0
"24" 24 0.0 500 0 0 0 0 0 0 0 0 0 0 0 0 0 0 0 0 0 0 0
"25" 25 0.286919831224 301 56 52 36 23 12 11 4 3 1 1 0 0 0 0 0 0 0 0 0
"26" 26 0.527426160338 190 189 62 42 13 2 1 1 0 0 0 0 0 0 0 0 0 0 0 0
"27" 27 0.0 255 206 23 12 4 0 0 0 0 0 0 0 0 0 0 0 0 0 0 0
"28" 28 0.015503875969 402 68 17 12 1 0 0 0 0 0 0 0 0 0 0 0 0 0 0 0
"29" 29 0.326923076923 470 27 3 0 0 0 0 0 0 0 0 0 0 0 0 0 0 0 0 0
"30" 30 0.311926605505 305 106 85 4 0 0 0 0 0 0 0 0 0 0 0 0 0 0 0 0
"31" 31 0.461139896373 438 62 0 0 0 0 0 0 0 0 0 0 0 0 0 0 0 0 0 0
"32" 32 0.327586206897 332 168 0 0 0 0 0 0 0 0 0 0 0 0 0 0 0 0 0 0
"33" 33 0.254464285714 456 34 3 3 2 2 0 0 0 0 0 0 0 0 0 0 0 0 0 0
"34" 34 0.0348258706468 217 186 79 12 5 1 0 0 0 0 0 0 0 0 0 0 0 0 0 0
"35" 35 0.372093023256 491 9 0 0 0 0 0 0 0 0 0 0 0 0 0 0 0 0 0 0
"36" 36 0.459770114943 392 85 18 3 1 1 0 0 0 0 0 0 0 0 0 0 0 0 0 0
"37" 37 0.4375 311 154 25 3 3 2 1 1 0 0 0 0 0 0 0 0 0 0 0 0
"38" 38 0.0401785714286 375 122 3 0 0 0 0 0 0 0 0 0 0 0 0 0 0 0 0 0
"39" 39 0.029197080292 272 217 5 3 1 1 1 0 0 0 0 0 0 0 0 0 0 0 0 0
"40" 40 0.384615384615 406 46 16 16 9 7 0 0 0 0 0 0 0 0 0 0 0 0 0 0
"41" 41 0.0696517412935 290 108 100 1 1 0 0 0 0 0 0 0 0 0 0 0 0 0 0 0
"42" 42 0.0 379 85 16 14 3 2 1 0 0 0 0 0 0 0 0 0 0 0 0 0
"43" 43 0.211920529801 191 158 120 15 5 4 3 2 1 1 0 0 0 0 0 0 0 0 0 0
"44" 44 0.252873563218 276 107 104 7 3 3 0 0 0 0 0 0 0 0 0 0 0 0 0 0
"45" 45 0.0 268 232 0 0 0 0 0 0 0 0 0 0 0 0 0 0 0 0 0 0
"46" 46 0.00380228136882 160 99 98 92 29 14 2 2 2 1 1 0 0 0 0 0 0 0 0 0
"47" 47 0.350210970464 200 110 109 57 22 2 0 0 0 0 0 0 0 0 0 0 0 0 0 0
"48" 48 0.302564102564 377 56 21 16 15 10 2 2 1 0 0 0 0 0 0 0 0 0 0 0
"49" 49 0.0689655172414 310 77 43 28 18 6 5 5 3 2 1 1 1 0 0 0 0 0 0 0
"50" 50 0.00507614213198 380 108 6 2 2 2 0 0 0 0 0 0 0 0 0 0 0 0 0 0
"51" 51 0.221153846154 447 38 6 4 3 1 1 0 0 0 0 0 0 0 0 0 0 0 0 0
"52" 52 0.418604651163 210 152 71 51 6 3 3 3 1 0 0 0 0 0 0 0 0 0 0 0
"53" 53 0.211678832117 205 109 80 28 23 20 16 9 7 2 1 0 0 0 0 0 0 0 0 0
"54" 54 0.138686131387 383 100 6 6 5 0 0 0 0 0 0 0 0 0 0 0 0 0 0 0
"55" 55 0.294573643411 447 29 12 10 2 0 0 0 0 0 0 0 0 0 0 0 0 0 0 0
"56" 56 0.35761589404 146 143 73 53 52 21 7 3 1 1 0 0 0 0 0 0 0 0 0 0
"57" 57 0.177304964539 389 111 0 0 0 0 0 0 0 0 0 0 0 0 0 0 0 0 0 0
"58" 58 0.412408759124 318 92 73 16 1 0 0 0 0 0 0 0 0 0 0 0 0 0 0 0
"59" 59 0.543147208122 397 55 39 8 1 0 0 0 0 0 0 0 0 0 0 0 0 0 0 0
"60" 60 0.0710659898477 295 93 66 29 6 4 4 1 1 1 0 0 0 0 0 0 0 0 0 0
"61" 61 0.165562913907 285 196 18 1 0 0 0 0 0 0 0 0 0 0 0 0 0 0 0 0
"62" 62 0.503311258278 315 123 61 1 0 0 0 0 0 0 0 0 0 0 0 0 0 0 0 0
"63" 63 0.375634517766 344 46 42 38 16 13 1 0 0 0 0 0 0 0 0 0 0 0 0 0
"64" 64 0.0714285714286 237 122 41 38 13 11 9 9 6 6 4 3 1 0 0 0 0 0 0 0
"65" 65 0.591928251121 202 184 83 31 0 0 0 0 0 0 0 0 0 0 0 0 0 0 0 0
"66" 66 0.472573839662 217 174 73 15 13 4 4 0 0 0 0 0 0 0 0 0 0 0 0 0
"67" 67 0.0401785714286 319 148 9 6 6 4 4 3 1 0 0 0 0 0 0 0 0 0 0 0
"68" 68 0.446428571429 275 195 16 14 0 0 0 0 0 0 0 0 0 0 0 0 0 0 0 0
"69" 69 0.671794871795 355 143 2 0 0 0 0 0 0 0 0 0 0 0 0 0 0 0 0 0
"70" 70 0.518987341772 157 131 110 69 15 13 5 0 0 0 0 0 0 0 0 0 0 0 0 0
"71" 71 0.567307692308 500 0 0 0 0 0 0 0 0 0 0 0 0 0 0 0 0 0 0 0
"72" 72 0.144230769231 160 142 106 35 30 11 8 5 2 1 0 0 0 0 0 0 0 0 0 0
"73" 73 0.272321428571 500 0 0 0 0 0 0 0 0 0 0 0 0 0 0 0 0 0 0 0
"74" 74 0.642487046632 330 111 59 0 0 0 0 0 0 0 0 0 0 0 0 0 0 0 0 0
"75" 75 0.476793248945 221 150 79 24 9 6 5 3 2 1 0 0 0 0 0 0 0 0 0 0
"76" 76 0.0646766169154 480 18 1 1 0 0 0 0 0 0 0 0 0 0 0 0 0 0 0 0
"77" 77 0.590717299578 391 109 0 0 0 0 0 0 0 0 0 0 0 0 0 0 0 0 0 0
"78" 78 0.587155963303 221 132 82 63 2 0 0 0 0 0 0 0 0 0 0 0 0 0 0 0
"79" 79 0.116751269036 253 143 72 13 10 6 3 0 0 0 0 0 0 0 0 0 0 0 0 0
"80" 80 0.346715328467 312 86 38 16 16 15 11 4 1 1 0 0 0 0 0 0 0 0 0 0
"81" 81 0.620535714286 426 38 18 15 2 1 0 0 0 0 0 0 0 0 0 0 0 0 0 0
"82" 82 0.505703422053 181 113 89 63 26 15 9 3 1 0 0 0 0 0 0 0 0 0 0 0
"83" 83 0.127737226277 373 53 52 9 5 3 3 2 0 0 0 0 0 0 0 0 0 0 0 0
"84" 84 0.452914798206 464 25 10 1 0 0 0 0 0 0 0 0 0 0 0 0 0 0 0 0
"85" 85 0.495412844037 294 162 41 3 0 0 0 0 0 0 0 0 0 0 0 0 0 0 0 0
"86" 86 0.0574712643678 327 144 9 7 6 5 2 0 0 0 0 0 0 0 0 0 0 0 0 0
"87" 87 0.147321428571 388 111 1 0 0 0 0 0 0 0 0 0 0 0 0 0 0 0 0 0
"88" 88 0.517441860465 327 126 47 0 0 0 0 0 0 0 0 0 0 0 0 0 0 0 0 0
"89" 89 0.34375 173 165 108 49 2 2 1 0 0 0 0 0 0 0 0 0 0 0 0 0
"90" 90 0.0149253731343 500 0 0 0 0 0 0 0 0 0 0 0 0 0 0 0 0 0 0 0
"91" 91 0.130801687764 247 135 49 40 28 1 0 0 0 0 0 0 0 0 0 0 0 0 0 0
"92" 92 0.582089552239 262 216 20 2 0 0 0 0 0 0 0 0 0 0 0 0 0 0 0 0
"93" 93 0.111675126904 280 87 40 40 19 15 7 4 3 2 1 1 1 0 0 0 0 0 0 0
"94" 94 0.0 376 113 9 2 0 0 0 0 0 0 0 0 0 0 0 0 0 0 0 0
"95" 95 0.462025316456 300 143 53 3 1 0 0 0 0 0 0 0 0 0 0 0 0 0 0 0
"96" 96 0.269430051813 273 59 40 39 31 20 20 9 5 2 2 0 0 0 0 0 0 0 0 0
"97" 97 0.0 387 97 7 3 2 1 1 1 1 0 0 0 0 0 0 0 0 0 0 0
"98" 98 0.089552238806 387 109 2 1 1 0 0 0 0 0 0 0 0 0 0 0 0 0 0 0
"99" 99 0.440414507772 419 55 21 2 2 1 0 0 0 0 0 0 0 0 0 0 0 0 0 0
"100" 100 0.0632183908046 244 197 26 16 10 4 3 0 0 0 0 0 0 0 0 0 0 0 0 0
"101" 101 0.0 500 0 0 0 0 0 0 0 0 0 0 0 0 0 0 0 0 0 0 0
"102" 102 0.445595854922 370 93 19 12 6 0 0 0 0 0 0 0 0 0 0 0 0 0 0 0
"103" 103 0.548523206751 455 26 10 7 1 1 0 0 0 0 0 0 0 0 0 0 0 0 0 0
"104" 104 0.253588516746 495 4 1 0 0 0 0 0 0 0 0 0 0 0 0 0 0 0 0 0
"105" 105 0.0248756218905 484 15 1 0 0 0 0 0 0 0 0 0 0 0 0 0 0 0 0 0
"106" 106 0.137055837563 456 44 0 0 0 0 0 0 0 0 0 0 0 0 0 0 0 0 0 0
"107" 107 0.559748427673 500 0 0 0 0 0 0 0 0 0 0 0 0 0 0 0 0 0 0 0
"108" 108 0.201550387597 500 0 0 0 0 0 0 0 0 0 0 0 0 0 0 0 0 0 0 0
"109" 109 0.108527131783 278 222 0 0 0 0 0 0 0 0 0 0 0 0 0 0 0 0 0 0
"110" 110 0.738461538462 500 0 0 0 0 0 0 0 0 0 0 0 0 0 0 0 0 0 0 0
"111" 111 0.383720930233 467 33 0 0 0 0 0 0 0 0 0 0 0 0 0 0 0 0 0 0
"112" 112 0.0865384615385 499 1 0 0 0 0 0 0 0 0 0 0 0 0 0 0 0 0 0 0
"113" 113 0.3125 500 0 0 0 0 0 0 0 0 0 0 0 0 0 0 0 0 0 0 0
"114" 114 0.00662251655629 475 17 3 3 1 1 0 0 0 0 0 0 0 0 0 0 0 0 0 0
"115" 115 0.168776371308 229 210 33 17 11 0 0 0 0 0 0 0 0 0 0 0 0 0 0 0
"116" 116 0.0 499 1 0 0 0 0 0 0 0 0 0 0 0 0 0 0 0 0 0 0
"117" 117 0.0753138075314 194 183 53 28 14 14 5 5 4 0 0 0 0 0 0 0 0 0 0 0
"118" 118 0.0114068441065 474 15 11 0 0 0 0 0 0 0 0 0 0 0 0 0 0 0 0 0
"119" 119 0.243346007605 445 53 1 1 0 0 0 0 0 0 0 0 0 0 0 0 0 0 0 0
"120" 120 0.130801687764 286 172 17 13 10 1 1 0 0 0 0 0 0 0 0 0 0 0 0 0
"121" 121 0.0183486238532 483 8 3 2 2 1 1 0 0 0 0 0 0 0 0 0 0 0 0 0
"122" 122 0.168776371308 256 111 110 15 7 1 0 0 0 0 0 0 0 0 0 0 0 0 0 0
"123" 123 0.0 497 3 0 0 0 0 0 0 0 0 0 0 0 0 0 0 0 0 0 0
"124" 124 0.0362694300518 246 154 42 20 10 8 7 6 2 2 1 1 1 0 0 0 0 0 0 0
"125" 125 0.0228136882129 474 13 10 2 1 0 0 0 0 0 0 0 0 0 0 0 0 0 0 0
"126" 126 0.11961722488 423 60 11 5 1 0 0 0 0 0 0 0 0 0 0 0 0 0 0 0
"127" 127 0.036496350365 392 69 20 19 0 0 0 0 0 0 0 0 0 0 0 0 0 0 0 0
"128" 128 0.0836501901141 484 7 2 2 2 1 1 1 0 0 0 0 0 0 0 0 0 0 0 0
"129" 129 0.154228855721 401 64 15 14 5 1 0 0 0 0 0 0 0 0 0 0 0 0 0 0
"130" 130 0.0 500 0 0 0 0 0 0 0 0 0 0 0 0 0 0 0 0 0 0 0
"131" 131 0.147321428571 383 94 17 5 1 0 0 0 0 0 0 0 0 0 0 0 0 0 0 0
"132" 132 0.121338912134 421 76 2 1 0 0 0 0 0 0 0 0 0 0 0 0 0 0 0 0
"133" 133 0.116279069767 482 8 7 1 1 1 0 0 0 0 0 0 0 0 0 0 0 0 0 0
"134" 134 0.610465116279 285 215 0 0 0 0 0 0 0 0 0 0 0 0 0 0 0 0 0 0
"135" 135 0.596153846154 500 0 0 0 0 0 0 0 0 0 0 0 0 0 0 0 0 0 0 0
"136" 136 0.584615384615 399 98 3 0 0 0 0 0 0 0 0 0 0 0 0 0 0 0 0 0
"137" 137 0.569948186528 306 142 38 7 5 2 0 0 0 0 0 0 0 0 0 0 0 0 0 0
"138" 138 0.295620437956 466 34 0 0 0 0 0 0 0 0 0 0 0 0 0 0 0 0 0 0
"139" 139 0.616033755274 419 76 5 0 0 0 0 0 0 0 0 0 0 0 0 0 0 0 0 0
"140" 140 0.174107142857 329 108 38 24 1 0 0 0 0 0 0 0 0 0 0 0 0 0 0 0
"141" 141 0.062015503876 471 15 7 6 1 0 0 0 0 0 0 0 0 0 0 0 0 0 0 0
"142" 142 0.0852713178295 496 4 0 0 0 0 0 0 0 0 0 0 0 0 0 0 0 0 0 0
"143" 143 0.223214285714 309 113 75 3 0 0 0 0 0 0 0 0 0 0 0 0 0 0 0 0
"144" 144 0.415384615385 457 26 9 7 1 0 0 0 0 0 0 0 0 0 0 0 0 0 0 0
"145" 145 0.0 500 0 0 0 0 0 0 0 0 0 0 0 0 0 0 0 0 0 0 0
"146" 146 0.194029850746 276 114 58 30 8 6 6 1 1 0 0 0 0 0 0 0 0 0 0 0
"147" 147 0.563218390805 205 197 69 25 3 1 0 0 0 0 0 0 0 0 0 0 0 0 0 0
"148" 148 0.0077519379845 257 240 1 1 1 0 0 0 0 0 0 0 0 0 0 0 0 0 0 0
"149" 149 0.0 440 57 3 0 0 0 0 0 0 0 0 0 0 0 0 0 0 0 0 0
"150" 150 0.502109704641 275 140 57 23 5 0 0 0 0 0 0 0 0 0 0 0 0 0 0 0
"151" 151 0.248062015504 172 163 129 31 4 1 0 0 0 0 0 0 0 0 0 0 0 0 0 0
"152" 152 0.0 500 0 0 0 0 0 0 0 0 0 0 0 0 0 0 0 0 0 0 0
"153" 153 0.172185430464 212 137 60 50 19 8 5 4 3 2 0 0 0 0 0 0 0 0 0 0
"154" 154 0.564766839378 214 151 113 11 11 0 0 0 0 0 0 0 0 0 0 0 0 0 0 0
"155" 155 0.126903553299 253 205 20 12 7 2 1 0 0 0 0 0 0 0 0 0 0 0 0 0
"156" 156 0.0077519379845 475 24 1 0 0 0 0 0 0 0 0 0 0 0 0 0 0 0 0 0
"157" 157 0.596330275229 334 129 19 14 2 2 0 0 0 0 0 0 0 0 0 0 0 0 0 0
"158" 158 0.598837209302 500 0 0 0 0 0 0 0 0 0 0 0 0 0 0 0 0 0 0 0
"159" 159 0.491071428571 498 1 1 0 0 0 0 0 0 0 0 0 0 0 0 0 0 0 0 0
"160" 160 0.0646766169154 500 0 0 0 0 0 0 0 0 0 0 0 0 0 0 0 0 0 0 0
"161" 161 0.289308176101 500 0 0 0 0 0 0 0 0 0 0 0 0 0 0 0 0 0 0 0
"162" 162 0.0503144654088 498 2 0 0 0 0 0 0 0 0 0 0 0 0 0 0 0 0 0 0
"163" 163 0.00581395348837 489 10 1 0 0 0 0 0 0 0 0 0 0 0 0 0 0 0 0 0
"164" 164 0.114832535885 500 0 0 0 0 0 0 0 0 0 0 0 0 0 0 0 0 0 0 0
"165" 165 0.163522012579 283 112 82 10 9 2 2 0 0 0 0 0 0 0 0 0 0 0 0 0
"166" 166 0.10152284264 353 76 29 24 16 1 1 0 0 0 0 0 0 0 0 0 0 0 0 0
"167" 167 0.156934306569 475 23 1 1 0 0 0 0 0 0 0 0 0 0 0 0 0 0 0 0
"168" 168 0.00497512437811 500 0 0 0 0 0 0 0 0 0 0 0 0 0 0 0 0 0 0 0
"169" 169 0.0769230769231 315 101 46 22 12 4 0 0 0 0 0 0 0 0 0 0 0 0 0 0
"170" 170 0.0149253731343 500 0 0 0 0 0 0 0 0 0 0 0 0 0 0 0 0 0 0 0
"171" 171 0.0697674418605 336 128 32 2 1 1 0 0 0 0 0 0 0 0 0 0 0 0 0 0
"172" 172 0.0696517412935 381 107 9 1 1 1 0 0 0 0 0 0 0 0 0 0 0 0 0 0
"173" 173 0.148717948718 333 43 22 22 21 20 18 17 2 1 1 0 0 0 0 0 0 0 0 0
"174" 174 0.0418410041841 247 122 102 17 6 3 2 1 0 0 0 0 0 0 0 0 0 0 0 0
"175" 175 0.0 500 0 0 0 0 0 0 0 0 0 0 0 0 0 0 0 0 0 0 0
"176" 176 0.120689655172 474 18 6 1 1 0 0 0 0 0 0 0 0 0 0 0 0 0 0 0
"177" 177 0.0 499 1 0 0 0 0 0 0 0 0 0 0 0 0 0 0 0 0 0 0
"178" 178 0.117870722433 264 161 57 6 4 4 2 2 0 0 0 0 0 0 0 0 0 0 0 0
"179" 179 0.342205323194 480 13 5 2 0 0 0 0 0 0 0 0 0 0 0 0 0 0 0 0
"180" 180 0.46875 407 53 17 15 6 2 0 0 0 0 0 0 0 0 0 0 0 0 0 0
"181" 181 0.0761421319797 500 0 0 0 0 0 0 0 0 0 0 0 0 0 0 0 0 0 0 0
"182" 182 0.233830845771 380 107 5 2 2 2 1 1 0 0 0 0 0 0 0 0 0 0 0 0
"183" 183 0.692307692308 332 134 34 0 0 0 0 0 0 0 0 0 0 0 0 0 0 0 0 0
"184" 184 0.12582781457 291 150 51 7 1 0 0 0 0 0 0 0 0 0 0 0 0 0 0 0
"185" 185 0.396226415094 500 0 0 0 0 0 0 0 0 0 0 0 0 0 0 0 0 0 0 0
"186" 186 0.414507772021 410 63 26 1 0 0 0 0 0 0 0 0 0 0 0 0 0 0 0 0
"187" 187 0.434306569343 300 133 40 14 6 3 2 2 0 0 0 0 0 0 0 0 0 0 0 0
"188" 188 0.0 500 0 0 0 0 0 0 0 0 0 0 0 0 0 0 0 0 0 0 0
"189" 189 0.158227848101 267 157 51 10 10 5 0 0 0 0 0 0 0 0 0 0 0 0 0 0
"190" 190 0.222627737226 268 213 19 0 0 0 0 0 0 0 0 0 0 0 0 0 0 0 0 0
"191" 191 0.238805970149 485 12 2 1 0 0 0 0 0 0 0 0 0 0 0 0 0 0 0 0
"192" 192 0.0 500 0 0 0 0 0 0 0 0 0 0 0 0 0 0 0 0 0 0 0
"193" 193 0.430379746835 190 186 58 40 19 5 1 1 0 0 0 0 0 0 0 0 0 0 0 0
"194" 194 0.341085271318 484 10 4 2 0 0 0 0 0 0 0 0 0 0 0 0 0 0 0 0
"195" 195 0.108527131783 467 33 0 0 0 0 0 0 0 0 0 0 0 0 0 0 0 0 0 0
"196" 196 0.146443514644 191 128 94 50 24 7 3 2 1 0 0 0 0 0 0 0 0 0 0 0
"197" 197 0.341968911917 185 150 86 41 27 11 0 0 0 0 0 0 0 0 0 0 0 0 0 0
"198" 198 0.383419689119 193 155 139 10 2 1 0 0 0 0 0 0 0 0 0 0 0 0 0 0
"199" 199 0.0 480 18 2 0 0 0 0 0 0 0 0 0 0 0 0 0 0 0 0 0
"200" 200 0.41116751269 244 106 75 61 5 5 4 0 0 0 0 0 0 0 0 0 0 0 0 0
"201" 201 0.612403100775 488 12 0 0 0 0 0 0 0 0 0 0 0 0 0 0 0 0 0 0
"202" 202 0.392857142857 434 66 0 0 0 0 0 0 0 0 0 0 0 0 0 0 0 0 0 0
"203" 203 0.378109452736 351 139 8 2 0 0 0 0 0 0 0 0 0 0 0 0 0 0 0 0
"204" 204 0.751295336788 434 66 0 0 0 0 0 0 0 0 0 0 0 0 0 0 0 0 0 0
"205" 205 0.238372093023 326 162 10 2 0 0 0 0 0 0 0 0 0 0 0 0 0 0 0 0
"206" 206 0.283582089552 473 23 2 2 0 0 0 0 0 0 0 0 0 0 0 0 0 0 0 0
"207" 207 0.238410596026 490 3 3 2 2 0 0 0 0 0 0 0 0 0 0 0 0 0 0 0
"208" 208 0.665178571429 500 0 0 0 0 0 0 0 0 0 0 0 0 0 0 0 0 0 0 0
"209" 209 0.709821428571 384 102 13 1 0 0 0 0 0 0 0 0 0 0 0 0 0 0 0 0
"210" 210 0.105960264901 280 94 58 35 11 7 6 4 3 2 0 0 0 0 0 0 0 0 0 0
"211" 211 0.486692015209 340 82 78 0 0 0 0 0 0 0 0 0 0 0 0 0 0 0 0 0
"212" 212 0.341772151899 210 208 82 0 0 0 0 0 0 0 0 0 0 0 0 0 0 0 0 0
"213" 213 0.455958549223 334 93 66 5 1 1 0 0 0 0 0 0 0 0 0 0 0 0 0 0
"214" 214 0.00662251655629 440 60 0 0 0 0 0 0 0 0 0 0 0 0 0 0 0 0 0 0
"215" 215 0.488372093023 205 183 82 28 1 1 0 0 0 0 0 0 0 0 0 0 0 0 0 0
"216" 216 0.502487562189 306 188 5 1 0 0 0 0 0 0 0 0 0 0 0 0 0 0 0 0
"217" 217 0.131979695431 499 1 0 0 0 0 0 0 0 0 0 0 0 0 0 0 0 0 0 0
"218" 218 0.0779816513761 315 170 8 6 1 0 0 0 0 0 0 0 0 0 0 0 0 0 0 0
"219" 219 0.412556053812 327 114 49 5 4 1 0 0 0 0 0 0 0 0 0 0 0 0 0 0
"220" 220 0.298507462687 459 20 14 3 2 1 1 0 0 0 0 0 0 0 0 0 0 0 0 0
"221" 221 0.0 500 0 0 0 0 0 0 0 0 0 0 0 0 0 0 0 0 0 0 0
"222" 222 0.521897810219 314 82 56 27 16 3 2 0 0 0 0 0 0 0 0 0 0 0 0 0
"223" 223 0.378238341969 293 182 24 1 0 0 0 0 0 0 0 0 0 0 0 0 0 0 0 0
"224" 224 0.2 468 12 10 5 2 1 1 1 0 0 0 0 0 0 0 0 0 0 0 0
"225" 225 0.124378109453 440 28 16 7 6 2 1 0 0 0 0 0 0 0 0 0 0 0 0 0
"226" 226 0.546511627907 390 83 27 0 0 0 0 0 0 0 0 0 0 0 0 0 0 0 0 0
"227" 227 0.676616915423 323 140 26 7 4 0 0 0 0 0 0 0 0 0 0 0 0 0 0 0
"228" 228 0.120567375887 485 9 2 2 2 0 0 0 0 0 0 0 0 0 0 0 0 0 0 0
"229" 229 0.767441860465 302 157 16 13 10 1 1 0 0 0 0 0 0 0 0 0 0 0 0 0
