"site" "RSA" "aa1" "aa2" "aa3" "aa4" "aa5" "aa6" "aa7" "aa8" "aa9" "aa10" "aa11" "aa12" "aa13" "aa14" "aa15" "aa16" "aa17" "aa18" "aa19" "aa20"
"0" 0 0.155963302752 350 135 9 4 2 0 0 0 0 0 0 0 0 0 0 0 0 0 0 0
"1" 1 0.264248704663 314 159 15 5 5 1 1 0 0 0 0 0 0 0 0 0 0 0 0 0
"2" 2 0.0 500 0 0 0 0 0 0 0 0 0 0 0 0 0 0 0 0 0 0 0
"3" 3 0.190114068441 358 127 15 0 0 0 0 0 0 0 0 0 0 0 0 0 0 0 0 0
"4" 4 0.0722433460076 500 0 0 0 0 0 0 0 0 0 0 0 0 0 0 0 0 0 0 0
"5" 5 0.169154228856 198 161 98 17 15 5 2 1 1 1 1 0 0 0 0 0 0 0 0 0
"6" 6 0.251572327044 500 0 0 0 0 0 0 0 0 0 0 0 0 0 0 0 0 0 0 0
"7" 7 0.0576923076923 500 0 0 0 0 0 0 0 0 0 0 0 0 0 0 0 0 0 0 0
"8" 8 0.152317880795 183 173 114 15 15 0 0 0 0 0 0 0 0 0 0 0 0 0 0 0
"9" 9 0.015503875969 499 1 0 0 0 0 0 0 0 0 0 0 0 0 0 0 0 0 0 0
"10" 10 0.182389937107 500 0 0 0 0 0 0 0 0 0 0 0 0 0 0 0 0 0 0 0
"11" 11 0.0 500 0 0 0 0 0 0 0 0 0 0 0 0 0 0 0 0 0 0 0
"12" 12 0.0036496350365 490 8 2 0 0 0 0 0 0 0 0 0 0 0 0 0 0 0 0 0
"13" 13 0.0077519379845 500 0 0 0 0 0 0 0 0 0 0 0 0 0 0 0 0 0 0 0
"14" 14 0.0 500 0 0 0 0 0 0 0 0 0 0 0 0 0 0 0 0 0 0 0
"15" 15 0.0582959641256 483 8 4 3 2 0 0 0 0 0 0 0 0 0 0 0 0 0 0 0
"16" 16 0.0 500 0 0 0 0 0 0 0 0 0 0 0 0 0 0 0 0 0 0 0
"17" 17 0.0 301 184 15 0 0 0 0 0 0 0 0 0 0 0 0 0 0 0 0 0
"18" 18 0.0232558139535 500 0 0 0 0 0 0 0 0 0 0 0 0 0 0 0 0 0 0 0
"19" 19 0.286821705426 230 133 126 7 3 1 0 0 0 0 0 0 0 0 0 0 0 0 0 0
"20" 20 0.100775193798 500 0 0 0 0 0 0 0 0 0 0 0 0 0 0 0 0 0 0 0
"21" 21 0.0114942528736 497 3 0 0 0 0 0 0 0 0 0 0 0 0 0 0 0 0 0 0
"22" 22 0.644230769231 500 0 0 0 0 0 0 0 0 0 0 0 0 0 0 0 0 0 0 0
"23" 23 0.137931034483 500 0 0 0 0 0 0 0 0 0 0 0 0 0 0 0 0 0 0 0
"24" 24 0.776785714286 199 86 68 66 46 17 8 5 4 1 0 0 0 0 0 0 0 0 0 0
"25" 25 0.139303482587 500 0 0 0 0 0 0 0 0 0 0 0 0 0 0 0 0 0 0 0
"26" 26 0.405128205128 357 120 11 5 4 1 1 1 0 0 0 0 0 0 0 0 0 0 0 0
"27" 27 0.383084577114 223 181 38 25 17 6 6 2 2 0 0 0 0 0 0 0 0 0 0 0
"28" 28 0.405063291139 485 13 1 1 0 0 0 0 0 0 0 0 0 0 0 0 0 0 0 0
"29" 29 0.402985074627 413 36 21 15 8 3 2 1 1 0 0 0 0 0 0 0 0 0 0 0
"30" 30 0.0348837209302 445 42 6 5 2 0 0 0 0 0 0 0 0 0 0 0 0 0 0 0
"31" 31 0.348717948718 204 151 79 39 22 3 2 0 0 0 0 0 0 0 0 0 0 0 0 0
"32" 32 0.452736318408 168 128 78 78 18 10 7 6 4 2 1 0 0 0 0 0 0 0 0 0
"33" 33 0.52752293578 245 81 72 41 19 19 8 5 4 4 2 0 0 0 0 0 0 0 0 0
"34" 34 0.837209302326 320 172 5 1 1 1 0 0 0 0 0 0 0 0 0 0 0 0 0 0
"35" 35 0.163461538462 474 12 7 7 0 0 0 0 0 0 0 0 0 0 0 0 0 0 0 0
"36" 36 0.241071428571 284 101 55 22 12 11 6 6 1 1 1 0 0 0 0 0 0 0 0 0
"37" 37 0.167464114833 448 40 4 4 2 1 1 0 0 0 0 0 0 0 0 0 0 0 0 0
"38" 38 0.509174311927 324 78 70 8 6 4 4 2 2 1 1 0 0 0 0 0 0 0 0 0
"39" 39 0.367088607595 327 134 33 4 2 0 0 0 0 0 0 0 0 0 0 0 0 0 0 0
"40" 40 0.553459119497 154 148 132 27 16 9 4 4 3 1 1 1 0 0 0 0 0 0 0 0
"41" 41 0.482142857143 400 60 29 6 4 1 0 0 0 0 0 0 0 0 0 0 0 0 0 0
"42" 42 0.0418410041841 499 1 0 0 0 0 0 0 0 0 0 0 0 0 0 0 0 0 0 0
"43" 43 0.298507462687 499 1 0 0 0 0 0 0 0 0 0 0 0 0 0 0 0 0 0 0
"44" 44 0.738396624473 295 81 78 15 9 8 7 5 2 0 0 0 0 0 0 0 0 0 0 0
"45" 45 0.26368159204 498 2 0 0 0 0 0 0 0 0 0 0 0 0 0 0 0 0 0 0
"46" 46 0.0 500 0 0 0 0 0 0 0 0 0 0 0 0 0 0 0 0 0 0 0
"47" 47 0.572327044025 500 0 0 0 0 0 0 0 0 0 0 0 0 0 0 0 0 0 0 0
"48" 48 0.506726457399 263 159 31 27 7 4 4 3 1 1 0 0 0 0 0 0 0 0 0 0
"49" 49 0.301435406699 404 96 0 0 0 0 0 0 0 0 0 0 0 0 0 0 0 0 0 0
"50" 50 0.215189873418 500 0 0 0 0 0 0 0 0 0 0 0 0 0 0 0 0 0 0 0
"51" 51 0.187817258883 475 17 5 2 1 0 0 0 0 0 0 0 0 0 0 0 0 0 0 0
"52" 52 0.0062893081761 500 0 0 0 0 0 0 0 0 0 0 0 0 0 0 0 0 0 0 0
"53" 53 0.0 500 0 0 0 0 0 0 0 0 0 0 0 0 0 0 0 0 0 0 0
"54" 54 0.00995024875622 372 102 26 0 0 0 0 0 0 0 0 0 0 0 0 0 0 0 0 0
"55" 55 0.103448275862 500 0 0 0 0 0 0 0 0 0 0 0 0 0 0 0 0 0 0 0
"56" 56 0.020725388601 473 27 0 0 0 0 0 0 0 0 0 0 0 0 0 0 0 0 0 0
"57" 57 0.602678571429 310 91 38 20 19 10 7 3 1 1 0 0 0 0 0 0 0 0 0 0
"58" 58 0.658031088083 182 95 72 42 41 28 15 8 7 5 1 1 1 1 1 0 0 0 0 0
"59" 59 0.403846153846 500 0 0 0 0 0 0 0 0 0 0 0 0 0 0 0 0 0 0 0
"60" 60 0.414225941423 383 101 8 4 3 1 0 0 0 0 0 0 0 0 0 0 0 0 0 0
"61" 61 0.183908045977 500 0 0 0 0 0 0 0 0 0 0 0 0 0 0 0 0 0 0 0
"62" 62 0.144278606965 447 53 0 0 0 0 0 0 0 0 0 0 0 0 0 0 0 0 0 0
"63" 63 0.223404255319 500 0 0 0 0 0 0 0 0 0 0 0 0 0 0 0 0 0 0 0
"64" 64 0.299107142857 278 207 15 0 0 0 0 0 0 0 0 0 0 0 0 0 0 0 0 0
"65" 65 0.0132450331126 498 2 0 0 0 0 0 0 0 0 0 0 0 0 0 0 0 0 0 0
"66" 66 0.0802919708029 309 185 4 2 0 0 0 0 0 0 0 0 0 0 0 0 0 0 0 0
"67" 67 0.317829457364 174 105 98 92 14 8 7 2 0 0 0 0 0 0 0 0 0 0 0 0
"68" 68 0.0 500 0 0 0 0 0 0 0 0 0 0 0 0 0 0 0 0 0 0 0
"69" 69 0.0 277 207 16 0 0 0 0 0 0 0 0 0 0 0 0 0 0 0 0 0
"70" 70 0.167512690355 355 64 34 16 14 12 5 0 0 0 0 0 0 0 0 0 0 0 0 0
"71" 71 0.148288973384 488 12 0 0 0 0 0 0 0 0 0 0 0 0 0 0 0 0 0 0
"72" 72 0.0 500 0 0 0 0 0 0 0 0 0 0 0 0 0 0 0 0 0 0 0
"73" 73 0.00574712643678 500 0 0 0 0 0 0 0 0 0 0 0 0 0 0 0 0 0 0 0
"74" 74 0.491071428571 184 175 70 26 17 9 8 7 4 0 0 0 0 0 0 0 0 0 0 0
"75" 75 0.405063291139 386 67 25 9 7 4 1 1 0 0 0 0 0 0 0 0 0 0 0 0
"76" 76 0.140684410646 416 84 0 0 0 0 0 0 0 0 0 0 0 0 0 0 0 0 0 0
"77" 77 0.0 500 0 0 0 0 0 0 0 0 0 0 0 0 0 0 0 0 0 0 0
"78" 78 0.395348837209 302 182 6 5 3 1 1 0 0 0 0 0 0 0 0 0 0 0 0 0
"79" 79 0.703349282297 196 85 58 55 32 29 15 11 7 6 4 2 0 0 0 0 0 0 0 0
"80" 80 0.331606217617 332 168 0 0 0 0 0 0 0 0 0 0 0 0 0 0 0 0 0 0
"81" 81 0.558139534884 189 164 33 33 22 11 11 9 6 6 5 5 4 1 1 0 0 0 0 0
"82" 82 0.59585492228 162 95 70 45 41 39 35 11 1 1 0 0 0 0 0 0 0 0 0 0
"83" 83 0.114427860697 500 0 0 0 0 0 0 0 0 0 0 0 0 0 0 0 0 0 0 0
"84" 84 0.139534883721 191 100 86 55 40 20 4 3 1 0 0 0 0 0 0 0 0 0 0 0
"85" 85 0.361607142857 500 0 0 0 0 0 0 0 0 0 0 0 0 0 0 0 0 0 0 0
"86" 86 0.346715328467 495 3 2 0 0 0 0 0 0 0 0 0 0 0 0 0 0 0 0 0
"87" 87 0.0696517412935 500 0 0 0 0 0 0 0 0 0 0 0 0 0 0 0 0 0 0 0
"88" 88 0.0570342205323 194 175 114 12 3 2 0 0 0 0 0 0 0 0 0 0 0 0 0 0
"89" 89 0.11320754717 500 0 0 0 0 0 0 0 0 0 0 0 0 0 0 0 0 0 0 0
"90" 90 0.476821192053 500 0 0 0 0 0 0 0 0 0 0 0 0 0 0 0 0 0 0 0
"91" 91 0.341968911917 159 90 83 54 40 31 23 13 4 2 1 0 0 0 0 0 0 0 0 0
"92" 92 0.641509433962 496 2 1 1 0 0 0 0 0 0 0 0 0 0 0 0 0 0 0 0
"93" 93 0.722627737226 211 174 24 19 18 13 12 12 11 3 2 1 0 0 0 0 0 0 0 0
"94" 94 0.591240875912 198 128 67 38 38 14 9 6 2 0 0 0 0 0 0 0 0 0 0 0
"95" 95 0.189781021898 363 112 8 8 4 4 1 0 0 0 0 0 0 0 0 0 0 0 0 0
"96" 96 0.395348837209 186 129 36 36 31 29 28 23 1 1 0 0 0 0 0 0 0 0 0 0
"97" 97 0.258620689655 147 99 73 59 34 33 16 14 13 7 2 2 1 0 0 0 0 0 0 0
"98" 98 0.0114942528736 481 14 3 2 0 0 0 0 0 0 0 0 0 0 0 0 0 0 0 0
"99" 99 0.267942583732 130 96 92 67 36 25 11 11 10 9 9 4 0 0 0 0 0 0 0 0
"100" 100 0.515695067265 141 139 59 42 38 33 23 10 5 4 2 2 1 1 0 0 0 0 0 0
"101" 101 0.0839416058394 218 163 108 7 4 0 0 0 0 0 0 0 0 0 0 0 0 0 0 0
"102" 102 0.0348258706468 500 0 0 0 0 0 0 0 0 0 0 0 0 0 0 0 0 0 0 0
"103" 103 0.623430962343 231 52 42 41 39 30 29 22 6 5 2 1 0 0 0 0 0 0 0 0
"104" 104 0.100418410042 500 0 0 0 0 0 0 0 0 0 0 0 0 0 0 0 0 0 0 0
"105" 105 0.0 466 19 14 1 0 0 0 0 0 0 0 0 0 0 0 0 0 0 0 0
"106" 106 0.281609195402 295 141 15 13 12 11 3 3 2 2 2 1 0 0 0 0 0 0 0 0
"107" 107 0.503875968992 236 68 49 34 32 31 11 9 9 7 5 4 3 2 0 0 0 0 0 0
"108" 108 0.16091954023 500 0 0 0 0 0 0 0 0 0 0 0 0 0 0 0 0 0 0 0
"109" 109 0.0 500 0 0 0 0 0 0 0 0 0 0 0 0 0 0 0 0 0 0 0
"110" 110 0.110266159696 231 182 53 32 2 0 0 0 0 0 0 0 0 0 0 0 0 0 0 0
"111" 111 0.385650224215 496 3 1 0 0 0 0 0 0 0 0 0 0 0 0 0 0 0 0 0
"112" 112 0.222627737226 382 53 36 18 7 3 1 0 0 0 0 0 0 0 0 0 0 0 0 0
"113" 113 0.0 500 0 0 0 0 0 0 0 0 0 0 0 0 0 0 0 0 0 0 0
"114" 114 0.077519379845 495 4 1 0 0 0 0 0 0 0 0 0 0 0 0 0 0 0 0 0
"115" 115 0.303571428571 492 4 3 1 0 0 0 0 0 0 0 0 0 0 0 0 0 0 0 0
"116" 116 0.110266159696 278 222 0 0 0 0 0 0 0 0 0 0 0 0 0 0 0 0 0 0
"117" 117 0.0722433460076 481 19 0 0 0 0 0 0 0 0 0 0 0 0 0 0 0 0 0 0
"118" 118 0.292775665399 495 5 0 0 0 0 0 0 0 0 0 0 0 0 0 0 0 0 0 0
"119" 119 0.345911949686 496 4 0 0 0 0 0 0 0 0 0 0 0 0 0 0 0 0 0 0
"120" 120 0.139013452915 232 164 48 39 15 1 1 0 0 0 0 0 0 0 0 0 0 0 0 0
"121" 121 0.106598984772 500 0 0 0 0 0 0 0 0 0 0 0 0 0 0 0 0 0 0 0
"122" 122 0.276150627615 500 0 0 0 0 0 0 0 0 0 0 0 0 0 0 0 0 0 0 0
"123" 123 0.663461538462 498 2 0 0 0 0 0 0 0 0 0 0 0 0 0 0 0 0 0 0
"124" 124 0.825112107623 160 114 94 62 22 18 11 10 4 2 1 1 1 0 0 0 0 0 0 0
"125" 125 0.518987341772 496 3 1 0 0 0 0 0 0 0 0 0 0 0 0 0 0 0 0 0
"126" 126 0.379310344828 352 52 48 22 16 3 3 2 1 1 0 0 0 0 0 0 0 0 0 0
"127" 127 0.767295597484 336 135 29 0 0 0 0 0 0 0 0 0 0 0 0 0 0 0 0 0
"128" 128 0.649425287356 258 168 69 2 2 1 0 0 0 0 0 0 0 0 0 0 0 0 0 0
"129" 129 0.240384615385 500 0 0 0 0 0 0 0 0 0 0 0 0 0 0 0 0 0 0 0
"130" 130 0.440414507772 500 0 0 0 0 0 0 0 0 0 0 0 0 0 0 0 0 0 0 0
"131" 131 0.509433962264 239 227 18 5 5 4 2 0 0 0 0 0 0 0 0 0 0 0 0 0
"132" 132 0.346153846154 155 104 69 57 52 19 13 12 10 4 2 2 1 0 0 0 0 0 0 0
"133" 133 0.357664233577 461 33 6 0 0 0 0 0 0 0 0 0 0 0 0 0 0 0 0 0
"134" 134 0.1592039801 300 123 54 8 8 4 3 0 0 0 0 0 0 0 0 0 0 0 0 0
"135" 135 0.591240875912 258 164 25 12 8 8 6 4 4 4 3 2 1 1 0 0 0 0 0 0
"136" 136 0.264900662252 168 118 65 50 38 24 15 15 6 1 0 0 0 0 0 0 0 0 0 0
"137" 137 0.0 500 0 0 0 0 0 0 0 0 0 0 0 0 0 0 0 0 0 0 0
"138" 138 0.183035714286 500 0 0 0 0 0 0 0 0 0 0 0 0 0 0 0 0 0 0 0
"139" 139 0.403587443946 229 103 65 35 20 11 10 9 6 4 4 2 1 1 0 0 0 0 0 0
"140" 140 0.0 500 0 0 0 0 0 0 0 0 0 0 0 0 0 0 0 0 0 0 0
"141" 141 0.0 500 0 0 0 0 0 0 0 0 0 0 0 0 0 0 0 0 0 0 0
"142" 142 0.433035714286 310 105 40 16 12 10 3 2 1 1 0 0 0 0 0 0 0 0 0 0
"143" 143 0.330543933054 228 162 33 22 16 12 11 6 3 3 3 1 0 0 0 0 0 0 0 0
"144" 144 0.0 500 0 0 0 0 0 0 0 0 0 0 0 0 0 0 0 0 0 0 0
"145" 145 0.0358974358974 476 18 2 2 2 0 0 0 0 0 0 0 0 0 0 0 0 0 0 0
"146" 146 0.488372093023 302 111 40 21 9 8 3 2 2 1 1 0 0 0 0 0 0 0 0 0
"147" 147 0.234309623431 364 82 28 20 2 2 1 1 0 0 0 0 0 0 0 0 0 0 0 0
"148" 148 0.00497512437811 500 0 0 0 0 0 0 0 0 0 0 0 0 0 0 0 0 0 0 0
"149" 149 0.598214285714 291 91 36 33 21 16 6 2 1 1 1 1 0 0 0 0 0 0 0 0
"150" 150 0.701923076923 500 0 0 0 0 0 0 0 0 0 0 0 0 0 0 0 0 0 0 0
"151" 151 0.388392857143 399 60 30 7 3 1 0 0 0 0 0 0 0 0 0 0 0 0 0 0
"152" 152 0.313901345291 142 138 112 46 34 13 7 5 2 1 0 0 0 0 0 0 0 0 0 0
"153" 153 0.0228136882129 500 0 0 0 0 0 0 0 0 0 0 0 0 0 0 0 0 0 0 0
"154" 154 0.0 231 174 87 8 0 0 0 0 0 0 0 0 0 0 0 0 0 0 0 0
"155" 155 0.124031007752 498 2 0 0 0 0 0 0 0 0 0 0 0 0 0 0 0 0 0 0
"156" 156 0.105769230769 500 0 0 0 0 0 0 0 0 0 0 0 0 0 0 0 0 0 0 0
"157" 157 0.490384615385 500 0 0 0 0 0 0 0 0 0 0 0 0 0 0 0 0 0 0 0
"158" 158 0.668393782383 229 98 74 52 23 12 10 1 1 0 0 0 0 0 0 0 0 0 0 0
"159" 159 0.362694300518 446 26 14 11 3 0 0 0 0 0 0 0 0 0 0 0 0 0 0 0
"160" 160 0.11320754717 500 0 0 0 0 0 0 0 0 0 0 0 0 0 0 0 0 0 0 0
"161" 161 0.0232558139535 496 4 0 0 0 0 0 0 0 0 0 0 0 0 0 0 0 0 0 0
"162" 162 0.0 500 0 0 0 0 0 0 0 0 0 0 0 0 0 0 0 0 0 0 0
"163" 163 0.0 500 0 0 0 0 0 0 0 0 0 0 0 0 0 0 0 0 0 0 0
"164" 164 0.0 500 0 0 0 0 0 0 0 0 0 0 0 0 0 0 0 0 0 0 0
"165" 165 0.00995024875622 498 2 0 0 0 0 0 0 0 0 0 0 0 0 0 0 0 0 0 0
"166" 166 0.00662251655629 451 31 14 2 1 1 0 0 0 0 0 0 0 0 0 0 0 0 0 0
"167" 167 0.0 424 76 0 0 0 0 0 0 0 0 0 0 0 0 0 0 0 0 0 0
"168" 168 0.0 500 0 0 0 0 0 0 0 0 0 0 0 0 0 0 0 0 0 0 0
"169" 169 0.0077519379845 500 0 0 0 0 0 0 0 0 0 0 0 0 0 0 0 0 0 0 0
"170" 170 0.00581395348837 480 14 4 2 0 0 0 0 0 0 0 0 0 0 0 0 0 0 0 0
"171" 171 0.0 499 1 0 0 0 0 0 0 0 0 0 0 0 0 0 0 0 0 0 0
"172" 172 0.0 481 17 2 0 0 0 0 0 0 0 0 0 0 0 0 0 0 0 0 0
"173" 173 0.0 490 8 1 1 0 0 0 0 0 0 0 0 0 0 0 0 0 0 0 0
"174" 174 0.0 500 0 0 0 0 0 0 0 0 0 0 0 0 0 0 0 0 0 0 0
"175" 175 0.433035714286 492 3 3 2 0 0 0 0 0 0 0 0 0 0 0 0 0 0 0 0
"176" 176 0.206896551724 440 49 8 2 1 0 0 0 0 0 0 0 0 0 0 0 0 0 0 0
"177" 177 0.100775193798 500 0 0 0 0 0 0 0 0 0 0 0 0 0 0 0 0 0 0 0
"178" 178 0.586538461538 500 0 0 0 0 0 0 0 0 0 0 0 0 0 0 0 0 0 0 0
"179" 179 0.0950570342205 498 2 0 0 0 0 0 0 0 0 0 0 0 0 0 0 0 0 0 0
"180" 180 0.435233160622 500 0 0 0 0 0 0 0 0 0 0 0 0 0 0 0 0 0 0 0
"181" 181 0.0149253731343 500 0 0 0 0 0 0 0 0 0 0 0 0 0 0 0 0 0 0 0
"182" 182 0.591240875912 499 1 0 0 0 0 0 0 0 0 0 0 0 0 0 0 0 0 0 0
"183" 183 0.474452554745 299 84 53 22 15 14 7 2 1 1 1 1 0 0 0 0 0 0 0 0
"184" 184 0.0494296577947 483 17 0 0 0 0 0 0 0 0 0 0 0 0 0 0 0 0 0 0
"185" 185 0.526785714286 471 16 4 3 2 1 1 1 1 0 0 0 0 0 0 0 0 0 0 0
"186" 186 0.117948717949 375 53 34 30 5 3 0 0 0 0 0 0 0 0 0 0 0 0 0 0
"187" 187 0.0 275 225 0 0 0 0 0 0 0 0 0 0 0 0 0 0 0 0 0 0
"188" 188 0.121076233184 413 40 34 9 3 1 0 0 0 0 0 0 0 0 0 0 0 0 0 0
"189" 189 0.266423357664 452 16 10 6 6 6 3 1 0 0 0 0 0 0 0 0 0 0 0 0
"190" 190 0.0 500 0 0 0 0 0 0 0 0 0 0 0 0 0 0 0 0 0 0 0
"191" 191 0.0684410646388 496 4 0 0 0 0 0 0 0 0 0 0 0 0 0 0 0 0 0 0
"192" 192 0.477678571429 322 105 29 25 5 4 3 3 3 1 0 0 0 0 0 0 0 0 0 0
"193" 193 0.328467153285 191 136 79 19 13 13 11 10 10 7 4 4 3 0 0 0 0 0 0 0
"194" 194 0.0 336 164 0 0 0 0 0 0 0 0 0 0 0 0 0 0 0 0 0 0
"195" 195 0.17880794702 331 89 43 31 5 1 0 0 0 0 0 0 0 0 0 0 0 0 0 0
"196" 196 0.627906976744 237 115 78 25 25 7 7 2 2 1 1 0 0 0 0 0 0 0 0 0
"197" 197 0.416243654822 313 146 27 5 3 2 1 1 1 1 0 0 0 0 0 0 0 0 0 0
"198" 198 0.0689655172414 500 0 0 0 0 0 0 0 0 0 0 0 0 0 0 0 0 0 0 0
"199" 199 0.389937106918 500 0 0 0 0 0 0 0 0 0 0 0 0 0 0 0 0 0 0 0
"200" 200 0.125 500 0 0 0 0 0 0 0 0 0 0 0 0 0 0 0 0 0 0 0
"201" 201 0.077519379845 448 40 11 1 0 0 0 0 0 0 0 0 0 0 0 0 0 0 0 0
"202" 202 0.533678756477 325 42 41 30 28 14 14 3 2 1 0 0 0 0 0 0 0 0 0 0
"203" 203 0.405063291139 191 161 110 16 15 3 3 1 0 0 0 0 0 0 0 0 0 0 0 0
"204" 204 0.00512820512821 462 27 8 2 1 0 0 0 0 0 0 0 0 0 0 0 0 0 0 0
"205" 205 0.287356321839 195 108 98 21 21 18 16 7 6 4 2 1 1 1 1 0 0 0 0 0
"206" 206 0.517857142857 175 158 88 19 16 11 9 8 6 3 3 2 1 1 0 0 0 0 0 0
"207" 207 0.0384615384615 500 0 0 0 0 0 0 0 0 0 0 0 0 0 0 0 0 0 0 0
"208" 208 0.015503875969 500 0 0 0 0 0 0 0 0 0 0 0 0 0 0 0 0 0 0 0
"209" 209 0.561181434599 127 105 74 71 34 32 31 19 4 2 1 0 0 0 0 0 0 0 0 0
"210" 210 0.344827586207 293 58 46 37 22 19 12 6 3 2 1 1 0 0 0 0 0 0 0 0
"211" 211 0.0543933054393 500 0 0 0 0 0 0 0 0 0 0 0 0 0 0 0 0 0 0 0
"212" 212 0.153846153846 500 0 0 0 0 0 0 0 0 0 0 0 0 0 0 0 0 0 0 0
"213" 213 0.5 393 80 13 3 2 2 2 2 1 1 1 0 0 0 0 0 0 0 0 0
"214" 214 0.307984790875 453 34 10 1 1 1 0 0 0 0 0 0 0 0 0 0 0 0 0 0
"215" 215 0.18410041841 496 4 0 0 0 0 0 0 0 0 0 0 0 0 0 0 0 0 0 0
"216" 216 0.96511627907 179 116 76 23 22 15 14 11 11 11 8 6 5 3 0 0 0 0 0 0
