"site" "RSA" "aa1" "aa2" "aa3" "aa4" "aa5" "aa6" "aa7" "aa8" "aa9" "aa10" "aa11" "aa12" "aa13" "aa14" "aa15" "aa16" "aa17" "aa18" "aa19" "aa20"
"0" 0 1.05128205128 6 2 0 0 0 0 0 0 0 0 0 0 0 0 0 0 0 0 0 0
"1" 1 0.651162790698 29 1 1 0 0 0 0 0 0 0 0 0 0 0 0 0 0 0 0 0
"2" 2 0.483443708609 29 3 0 0 0 0 0 0 0 0 0 0 0 0 0 0 0 0 0 0
"3" 3 0.53164556962 9 7 5 4 3 3 1 0 0 0 0 0 0 0 0 0 0 0 0 0
"4" 4 0.209302325581 31 1 0 0 0 0 0 0 0 0 0 0 0 0 0 0 0 0 0 0
"5" 5 0.403041825095 20 9 2 1 0 0 0 0 0 0 0 0 0 0 0 0 0 0 0 0
"6" 6 0.616352201258 32 0 0 0 0 0 0 0 0 0 0 0 0 0 0 0 0 0 0 0
"7" 7 0.37984496124 18 5 4 3 1 1 0 0 0 0 0 0 0 0 0 0 0 0 0 0
"8" 8 0.0077519379845 22 10 0 0 0 0 0 0 0 0 0 0 0 0 0 0 0 0 0 0
"9" 9 0.5 22 11 0 0 0 0 0 0 0 0 0 0 0 0 0 0 0 0 0 0
"10" 10 0.472868217054 26 3 3 1 0 0 0 0 0 0 0 0 0 0 0 0 0 0 0 0
"11" 11 0.0995024875622 25 6 2 0 0 0 0 0 0 0 0 0 0 0 0 0 0 0 0 0
"12" 12 0.670886075949 28 5 0 0 0 0 0 0 0 0 0 0 0 0 0 0 0 0 0 0
"13" 13 0.637130801688 32 1 0 0 0 0 0 0 0 0 0 0 0 0 0 0 0 0 0 0
"14" 14 0.365384615385 24 8 1 0 0 0 0 0 0 0 0 0 0 0 0 0 0 0 0 0
"15" 15 0.230769230769 29 3 1 0 0 0 0 0 0 0 0 0 0 0 0 0 0 0 0 0
"16" 16 0.266159695817 13 11 8 1 0 0 0 0 0 0 0 0 0 0 0 0 0 0 0 0
"17" 17 0.0 26 5 1 1 0 0 0 0 0 0 0 0 0 0 0 0 0 0 0 0
"18" 18 0.183544303797 21 7 3 2 0 0 0 0 0 0 0 0 0 0 0 0 0 0 0 0
"19" 19 0.010152284264 25 7 1 0 0 0 0 0 0 0 0 0 0 0 0 0 0 0 0 0
"20" 20 0.676923076923 28 3 1 1 0 0 0 0 0 0 0 0 0 0 0 0 0 0 0 0
"21" 21 0.701923076923 26 3 3 1 0 0 0 0 0 0 0 0 0 0 0 0 0 0 0 0
"22" 22 0.277372262774 28 3 1 1 0 0 0 0 0 0 0 0 0 0 0 0 0 0 0 0
"23" 23 0.0817610062893 33 0 0 0 0 0 0 0 0 0 0 0 0 0 0 0 0 0 0 0
"24" 24 0.0 32 1 0 0 0 0 0 0 0 0 0 0 0 0 0 0 0 0 0 0
"25" 25 0.379746835443 33 0 0 0 0 0 0 0 0 0 0 0 0 0 0 0 0 0 0 0
"26" 26 0.0114942528736 20 13 0 0 0 0 0 0 0 0 0 0 0 0 0 0 0 0 0 0
"27" 27 0.304568527919 28 4 1 0 0 0 0 0 0 0 0 0 0 0 0 0 0 0 0 0
"28" 28 0.383419689119 18 15 0 0 0 0 0 0 0 0 0 0 0 0 0 0 0 0 0 0
"29" 29 0.318407960199 22 6 3 2 0 0 0 0 0 0 0 0 0 0 0 0 0 0 0 0
"30" 30 0.476821192053 32 1 0 0 0 0 0 0 0 0 0 0 0 0 0 0 0 0 0 0
"31" 31 0.459770114943 30 3 0 0 0 0 0 0 0 0 0 0 0 0 0 0 0 0 0 0
"32" 32 0.350993377483 33 0 0 0 0 0 0 0 0 0 0 0 0 0 0 0 0 0 0 0
"33" 33 0.818565400844 33 0 0 0 0 0 0 0 0 0 0 0 0 0 0 0 0 0 0 0
"34" 34 0.558139534884 33 0 0 0 0 0 0 0 0 0 0 0 0 0 0 0 0 0 0 0
"35" 35 0.5 33 0 0 0 0 0 0 0 0 0 0 0 0 0 0 0 0 0 0 0
"36" 36 0.864978902954 33 0 0 0 0 0 0 0 0 0 0 0 0 0 0 0 0 0 0 0
"37" 37 0.789473684211 33 0 0 0 0 0 0 0 0 0 0 0 0 0 0 0 0 0 0 0
"38" 38 0.548076923077 33 0 0 0 0 0 0 0 0 0 0 0 0 0 0 0 0 0 0 0
"39" 39 0.473684210526 33 0 0 0 0 0 0 0 0 0 0 0 0 0 0 0 0 0 0 0
"40" 40 0.116279069767 33 0 0 0 0 0 0 0 0 0 0 0 0 0 0 0 0 0 0 0
"41" 41 0.413502109705 33 0 0 0 0 0 0 0 0 0 0 0 0 0 0 0 0 0 0 0
"42" 42 0.0229885057471 25 6 2 0 0 0 0 0 0 0 0 0 0 0 0 0 0 0 0 0
"43" 43 0.278145695364 24 5 3 1 0 0 0 0 0 0 0 0 0 0 0 0 0 0 0 0
"44" 44 0.010152284264 17 7 7 2 0 0 0 0 0 0 0 0 0 0 0 0 0 0 0 0
"45" 45 0.0977011494253 27 4 1 1 0 0 0 0 0 0 0 0 0 0 0 0 0 0 0 0
"46" 46 0.0 22 11 0 0 0 0 0 0 0 0 0 0 0 0 0 0 0 0 0 0
"47" 47 0.255813953488 24 4 4 1 0 0 0 0 0 0 0 0 0 0 0 0 0 0 0 0
"48" 48 0.020725388601 33 0 0 0 0 0 0 0 0 0 0 0 0 0 0 0 0 0 0 0
"49" 49 0.137055837563 33 0 0 0 0 0 0 0 0 0 0 0 0 0 0 0 0 0 0 0
"50" 50 0.0460251046025 33 0 0 0 0 0 0 0 0 0 0 0 0 0 0 0 0 0 0 0
"51" 51 0.406976744186 28 3 2 0 0 0 0 0 0 0 0 0 0 0 0 0 0 0 0 0
"52" 52 0.509615384615 22 5 3 2 1 0 0 0 0 0 0 0 0 0 0 0 0 0 0 0
"53" 53 0.507692307692 30 3 0 0 0 0 0 0 0 0 0 0 0 0 0 0 0 0 0 0
"54" 54 0.569343065693 29 4 0 0 0 0 0 0 0 0 0 0 0 0 0 0 0 0 0 0
"55" 55 0.174129353234 20 11 1 1 0 0 0 0 0 0 0 0 0 0 0 0 0 0 0 0
"56" 56 0.535714285714 32 1 0 0 0 0 0 0 0 0 0 0 0 0 0 0 0 0 0 0
"57" 57 0.248704663212 28 5 0 0 0 0 0 0 0 0 0 0 0 0 0 0 0 0 0 0
"58" 58 0.439461883408 17 9 3 2 1 1 0 0 0 0 0 0 0 0 0 0 0 0 0 0
"59" 59 0.0542635658915 15 9 5 3 1 0 0 0 0 0 0 0 0 0 0 0 0 0 0 0
"60" 60 0.433962264151 33 0 0 0 0 0 0 0 0 0 0 0 0 0 0 0 0 0 0 0
"61" 61 0.198675496689 30 3 0 0 0 0 0 0 0 0 0 0 0 0 0 0 0 0 0 0
"62" 62 0.511627906977 25 8 0 0 0 0 0 0 0 0 0 0 0 0 0 0 0 0 0 0
"63" 63 0.44976076555 33 0 0 0 0 0 0 0 0 0 0 0 0 0 0 0 0 0 0 0
"64" 64 0.487179487179 33 0 0 0 0 0 0 0 0 0 0 0 0 0 0 0 0 0 0 0
"65" 65 0.051724137931 22 5 4 1 1 0 0 0 0 0 0 0 0 0 0 0 0 0 0 0
"66" 66 0.339285714286 26 6 1 0 0 0 0 0 0 0 0 0 0 0 0 0 0 0 0 0
"67" 67 0.0977011494253 33 0 0 0 0 0 0 0 0 0 0 0 0 0 0 0 0 0 0 0
"68" 68 0.0566037735849 33 0 0 0 0 0 0 0 0 0 0 0 0 0 0 0 0 0 0 0
"69" 69 0.481171548117 14 7 5 4 1 1 1 0 0 0 0 0 0 0 0 0 0 0 0 0
"70" 70 0.201149425287 29 4 0 0 0 0 0 0 0 0 0 0 0 0 0 0 0 0 0 0
"71" 71 0.586497890295 17 6 4 2 2 1 1 0 0 0 0 0 0 0 0 0 0 0 0 0
"72" 72 0.482558139535 29 3 1 0 0 0 0 0 0 0 0 0 0 0 0 0 0 0 0 0
"73" 73 0.426778242678 8 5 3 3 3 2 2 2 2 1 1 1 0 0 0 0 0 0 0 0
"74" 74 0.337209302326 20 9 4 0 0 0 0 0 0 0 0 0 0 0 0 0 0 0 0 0
"75" 75 0.0798479087452 24 6 2 1 0 0 0 0 0 0 0 0 0 0 0 0 0 0 0 0
"76" 76 0.218543046358 21 4 4 1 1 1 1 0 0 0 0 0 0 0 0 0 0 0 0 0
"77" 77 0.0574712643678 28 5 0 0 0 0 0 0 0 0 0 0 0 0 0 0 0 0 0 0
"78" 78 0.502487562189 13 13 3 3 1 0 0 0 0 0 0 0 0 0 0 0 0 0 0 0
"79" 79 0.336787564767 20 4 3 3 2 1 0 0 0 0 0 0 0 0 0 0 0 0 0 0
"80" 80 0.111675126904 27 6 0 0 0 0 0 0 0 0 0 0 0 0 0 0 0 0 0 0
"81" 81 0.488789237668 8 7 4 3 2 1 0 0 0 0 0 0 0 0 0 0 0 0 0 0
"82" 82 0.572327044025 17 6 2 2 1 1 0 0 0 0 0 0 0 0 0 0 0 0 0 0
"83" 83 0.174358974359 27 3 2 0 0 0 0 0 0 0 0 0 0 0 0 0 0 0 0 0
"84" 84 0.816964285714 2 1 0 0 0 0 0 0 0 0 0 0 0 0 0 0 0 0 0 0
"85" 85 0.367875647668 3 0 0 0 0 0 0 0 0 0 0 0 0 0 0 0 0 0 0 0
"86" 86 0.754716981132 3 0 0 0 0 0 0 0 0 0 0 0 0 0 0 0 0 0 0 0
"87" 87 0.735099337748 3 0 0 0 0 0 0 0 0 0 0 0 0 0 0 0 0 0 0 0
"88" 88 0.437810945274 2 1 0 0 0 0 0 0 0 0 0 0 0 0 0 0 0 0 0 0
"89" 89 0.465408805031 3 0 0 0 0 0 0 0 0 0 0 0 0 0 0 0 0 0 0 0
"90" 90 0.350993377483 21 6 4 1 0 0 0 0 0 0 0 0 0 0 0 0 0 0 0 0
"91" 91 0.354066985646 18 9 4 1 0 0 0 0 0 0 0 0 0 0 0 0 0 0 0 0
"92" 92 0.0597014925373 20 7 2 2 1 0 0 0 0 0 0 0 0 0 0 0 0 0 0 0
"93" 93 0.12582781457 25 3 3 1 0 0 0 0 0 0 0 0 0 0 0 0 0 0 0 0
"94" 94 0.0149253731343 31 1 0 0 0 0 0 0 0 0 0 0 0 0 0 0 0 0 0 0
"95" 95 0.305699481865 13 6 5 4 2 1 1 0 0 0 0 0 0 0 0 0 0 0 0 0
"96" 96 0.818652849741 15 8 3 2 1 1 1 1 0 0 0 0 0 0 0 0 0 0 0 0
"97" 97 0.727678571429 8 8 7 4 3 1 1 0 0 0 0 0 0 0 0 0 0 0 0 0
"98" 98 0.663461538462 30 3 0 0 0 0 0 0 0 0 0 0 0 0 0 0 0 0 0 0
"99" 99 0.584821428571 10 10 5 3 2 2 1 0 0 0 0 0 0 0 0 0 0 0 0 0
"100" 100 0.496688741722 14 5 4 3 2 2 1 1 1 0 0 0 0 0 0 0 0 0 0 0
"101" 101 0.153284671533 20 13 0 0 0 0 0 0 0 0 0 0 0 0 0 0 0 0 0 0
"102" 102 0.459821428571 22 10 1 0 0 0 0 0 0 0 0 0 0 0 0 0 0 0 0 0
"103" 103 0.544041450777 32 1 0 0 0 0 0 0 0 0 0 0 0 0 0 0 0 0 0 0
"104" 104 0.0746268656716 21 10 1 1 0 0 0 0 0 0 0 0 0 0 0 0 0 0 0 0
"105" 105 0.367875647668 19 7 3 2 1 1 0 0 0 0 0 0 0 0 0 0 0 0 0 0
"106" 106 0.169811320755 14 8 6 2 2 1 0 0 0 0 0 0 0 0 0 0 0 0 0 0
"107" 107 0.641509433962 29 3 1 0 0 0 0 0 0 0 0 0 0 0 0 0 0 0 0 0
"108" 108 0.455958549223 16 13 1 1 1 1 0 0 0 0 0 0 0 0 0 0 0 0 0 0
"109" 109 0.581395348837 21 5 3 2 1 1 0 0 0 0 0 0 0 0 0 0 0 0 0 0
"110" 110 0.527131782946 14 7 5 2 2 1 1 1 0 0 0 0 0 0 0 0 0 0 0 0
"111" 111 0.124378109453 20 8 3 1 1 0 0 0 0 0 0 0 0 0 0 0 0 0 0 0
"112" 112 0.325581395349 21 8 3 1 0 0 0 0 0 0 0 0 0 0 0 0 0 0 0 0
"113" 113 0.406976744186 9 5 5 5 4 3 1 1 0 0 0 0 0 0 0 0 0 0 0 0
"114" 114 0.42600896861 13 6 5 3 2 2 1 1 0 0 0 0 0 0 0 0 0 0 0 0
"115" 115 0.0304568527919 27 4 2 0 0 0 0 0 0 0 0 0 0 0 0 0 0 0 0 0
"116" 116 0.451476793249 9 9 6 3 2 2 1 1 0 0 0 0 0 0 0 0 0 0 0 0
"117" 117 0.495535714286 7 5 5 4 4 3 2 2 1 0 0 0 0 0 0 0 0 0 0 0
"118" 118 0.188340807175 7 5 4 4 4 4 3 1 1 0 0 0 0 0 0 0 0 0 0 0
"119" 119 0.234309623431 21 6 2 1 1 1 1 0 0 0 0 0 0 0 0 0 0 0 0 0
"120" 120 0.523316062176 16 8 6 2 1 0 0 0 0 0 0 0 0 0 0 0 0 0 0 0
"121" 121 0.476821192053 11 7 6 3 2 1 0 0 0 0 0 0 0 0 0 0 0 0 0 0
"122" 122 0.644230769231 21 6 4 2 0 0 0 0 0 0 0 0 0 0 0 0 0 0 0 0
"123" 123 0.485232067511 25 6 1 1 0 0 0 0 0 0 0 0 0 0 0 0 0 0 0 0
"124" 124 0.455357142857 15 14 2 1 1 0 0 0 0 0 0 0 0 0 0 0 0 0 0 0
"125" 125 0.00574712643678 10 10 3 2 2 2 1 1 1 1 0 0 0 0 0 0 0 0 0 0
"126" 126 0.169154228856 17 5 3 2 2 1 1 1 1 0 0 0 0 0 0 0 0 0 0 0
"127" 127 0.0 27 3 2 1 0 0 0 0 0 0 0 0 0 0 0 0 0 0 0 0
"128" 128 0.0747126436782 16 5 5 3 2 1 1 0 0 0 0 0 0 0 0 0 0 0 0 0
"129" 129 0.0 24 9 0 0 0 0 0 0 0 0 0 0 0 0 0 0 0 0 0 0
"130" 130 0.0689655172414 13 9 5 3 2 1 0 0 0 0 0 0 0 0 0 0 0 0 0 0
"131" 131 0.225165562914 21 5 2 2 1 0 0 0 0 0 0 0 0 0 0 0 0 0 0 0
"132" 132 0.147286821705 27 3 1 1 1 0 0 0 0 0 0 0 0 0 0 0 0 0 0 0
"133" 133 0.730769230769 31 1 1 0 0 0 0 0 0 0 0 0 0 0 0 0 0 0 0 0
"134" 134 0.343023255814 24 3 3 1 1 1 0 0 0 0 0 0 0 0 0 0 0 0 0 0
"135" 135 0.339285714286 27 4 1 1 0 0 0 0 0 0 0 0 0 0 0 0 0 0 0 0
"136" 136 0.134529147982 11 8 4 2 2 2 1 1 1 0 0 0 0 0 0 0 0 0 0 0
"137" 137 0.0114942528736 13 8 6 1 0 0 0 0 0 0 0 0 0 0 0 0 0 0 0 0
"138" 138 0.28855721393 10 6 3 3 2 2 1 1 0 0 0 0 0 0 0 0 0 0 0 0
"139" 139 0.47533632287 8 7 6 3 2 1 1 0 0 0 0 0 0 0 0 0 0 0 0 0
"140" 140 0.197674418605 6 4 3 3 3 2 2 2 2 0 0 0 0 0 0 0 0 0 0 0
"141" 141 0.379746835443 25 1 1 0 0 0 0 0 0 0 0 0 0 0 0 0 0 0 0 0
"142" 142 0.282051282051 9 6 2 1 1 0 0 0 0 0 0 0 0 0 0 0 0 0 0 0
"143" 143 0.410852713178 10 2 1 1 0 0 0 0 0 0 0 0 0 0 0 0 0 0 0 0
"144" 144 1.23255813953 4 2 0 0 0 0 0 0 0 0 0 0 0 0 0 0 0 0 0 0
