"site" "RSA" "aa1" "aa2" "aa3" "aa4" "aa5" "aa6" "aa7" "aa8" "aa9" "aa10" "aa11" "aa12" "aa13" "aa14" "aa15" "aa16" "aa17" "aa18" "aa19" "aa20"
"0" 0 0.802325581395 20 9 2 0 0 0 0 0 0 0 0 0 0 0 0 0 0 0 0 0
"1" 1 0.482587064677 36 2 1 1 1 0 0 0 0 0 0 0 0 0 0 0 0 0 0 0
"2" 2 0.233830845771 38 2 1 1 1 1 1 1 1 0 0 0 0 0 0 0 0 0 0 0
"3" 3 0.456953642384 23 9 7 4 2 1 1 1 1 1 0 0 0 0 0 0 0 0 0 0
"4" 4 0.483443708609 13 11 8 5 5 3 2 2 1 1 0 0 0 0 0 0 0 0 0 0
"5" 5 0.100418410042 41 5 3 2 1 1 1 1 0 0 0 0 0 0 0 0 0 0 0 0
"6" 6 0.134615384615 45 3 2 2 2 1 1 1 1 1 0 0 0 0 0 0 0 0 0 0
"7" 7 0.383720930233 29 12 11 7 3 2 2 2 2 1 1 1 0 0 0 0 0 0 0 0
"8" 8 0.339622641509 50 18 5 3 3 2 2 2 2 2 2 1 1 1 1 1 0 0 0 0
"9" 9 0.326359832636 48 38 21 7 5 3 3 2 2 1 1 1 1 1 0 0 0 0 0 0
"10" 10 0.446428571429 25 25 24 16 11 11 10 5 4 3 2 2 1 0 0 0 0 0 0 0
"11" 11 0.0729927007299 63 37 19 9 8 6 3 3 1 1 0 0 0 0 0 0 0 0 0 0
"12" 12 0.0 88 78 8 4 3 2 2 0 0 0 0 0 0 0 0 0 0 0 0 0
"13" 13 0.397321428571 129 12 11 10 8 5 4 3 3 2 2 2 1 1 0 0 0 0 0 0
"14" 14 0.389743589744 77 30 16 16 16 11 9 9 8 1 1 1 0 0 0 0 0 0 0 0
"15" 15 0.0 120 54 11 5 4 1 0 0 0 0 0 0 0 0 0 0 0 0 0 0
"16" 16 0.0149253731343 113 70 12 1 0 0 0 0 0 0 0 0 0 0 0 0 0 0 0 0
"17" 17 0.209302325581 80 45 24 13 8 6 5 5 5 4 1 0 0 0 0 0 0 0 0 0
"18" 18 0.0 81 65 31 9 3 2 2 2 1 0 0 0 0 0 0 0 0 0 0 0
"19" 19 0.0 79 75 19 10 9 6 5 0 0 0 0 0 0 0 0 0 0 0 0 0
"20" 20 0.478102189781 136 37 16 9 5 2 1 1 1 0 0 0 0 0 0 0 0 0 0 0
"21" 21 0.540178571429 63 52 34 16 14 7 7 5 3 2 1 1 1 1 1 0 0 0 0 0
"22" 22 0.173076923077 209 0 0 0 0 0 0 0 0 0 0 0 0 0 0 0 0 0 0 0
"23" 23 0.295620437956 82 78 13 10 8 6 5 3 2 1 1 0 0 0 0 0 0 0 0 0
"24" 24 0.0192307692308 111 47 20 7 7 5 4 4 3 1 0 0 0 0 0 0 0 0 0 0
"25" 25 0.0 148 35 18 4 2 2 0 0 0 0 0 0 0 0 0 0 0 0 0 0
"26" 26 0.0 121 43 40 5 0 0 0 0 0 0 0 0 0 0 0 0 0 0 0 0
"27" 27 0.00574712643678 108 85 13 3 0 0 0 0 0 0 0 0 0 0 0 0 0 0 0 0
"28" 28 0.0497512437811 128 30 25 15 6 2 1 1 1 0 0 0 0 0 0 0 0 0 0 0
"29" 29 0.512953367876 209 1 0 0 0 0 0 0 0 0 0 0 0 0 0 0 0 0 0 0
"30" 30 0.487179487179 208 3 0 0 0 0 0 0 0 0 0 0 0 0 0 0 0 0 0 0
"31" 31 0.294642857143 211 0 0 0 0 0 0 0 0 0 0 0 0 0 0 0 0 0 0 0
"32" 32 0.00961538461538 198 11 2 0 0 0 0 0 0 0 0 0 0 0 0 0 0 0 0 0
"33" 33 0.0155440414508 211 0 0 0 0 0 0 0 0 0 0 0 0 0 0 0 0 0 0 0
"34" 34 0.0 176 15 9 8 3 0 0 0 0 0 0 0 0 0 0 0 0 0 0 0
"35" 35 0.0 118 58 10 8 6 4 4 2 1 0 0 0 0 0 0 0 0 0 0 0
"36" 36 0.0167364016736 53 48 44 21 15 14 7 7 2 0 0 0 0 0 0 0 0 0 0 0
"37" 37 0.0 146 41 18 4 1 1 0 0 0 0 0 0 0 0 0 0 0 0 0 0
"38" 38 0.0 198 5 4 3 1 0 0 0 0 0 0 0 0 0 0 0 0 0 0 0
"39" 39 0.357142857143 126 41 23 9 4 3 2 1 1 1 0 0 0 0 0 0 0 0 0 0
"40" 40 0.261627906977 41 40 38 23 17 10 10 9 9 5 5 2 1 1 0 0 0 0 0 0
"41" 41 0.0 72 51 29 29 19 8 3 0 0 0 0 0 0 0 0 0 0 0 0 0
"42" 42 0.273255813953 185 9 7 4 3 1 1 1 0 0 0 0 0 0 0 0 0 0 0 0
"43" 43 0.281609195402 132 25 17 10 7 7 4 3 2 1 1 1 1 0 0 0 0 0 0 0
"44" 44 0.638392857143 126 29 19 14 6 4 4 3 2 2 1 1 0 0 0 0 0 0 0 0
"45" 45 0.161434977578 78 54 16 12 10 9 7 5 5 5 4 3 2 1 0 0 0 0 0 0
"46" 46 0.0045871559633 112 65 31 3 0 0 0 0 0 0 0 0 0 0 0 0 0 0 0 0
"47" 47 0.271317829457 130 74 3 3 1 0 0 0 0 0 0 0 0 0 0 0 0 0 0 0
"48" 48 0.0696517412935 149 32 17 4 2 2 2 1 1 1 0 0 0 0 0 0 0 0 0 0
"49" 49 0.00581395348837 168 25 9 4 2 1 1 1 0 0 0 0 0 0 0 0 0 0 0 0
"50" 50 0.263959390863 109 72 15 7 3 3 2 0 0 0 0 0 0 0 0 0 0 0 0 0
"51" 51 0.532846715328 103 45 42 6 5 4 2 1 1 1 1 0 0 0 0 0 0 0 0 0
"52" 52 0.22966507177 74 52 52 17 5 3 2 2 2 1 1 0 0 0 0 0 0 0 0 0
"53" 53 0.0769230769231 120 39 38 11 3 0 0 0 0 0 0 0 0 0 0 0 0 0 0 0
"54" 54 0.278145695364 134 68 4 4 1 0 0 0 0 0 0 0 0 0 0 0 0 0 0 0
"55" 55 0.163461538462 211 0 0 0 0 0 0 0 0 0 0 0 0 0 0 0 0 0 0 0
"56" 56 0.401015228426 137 69 2 2 1 0 0 0 0 0 0 0 0 0 0 0 0 0 0 0
"57" 57 0.0229885057471 116 90 4 1 0 0 0 0 0 0 0 0 0 0 0 0 0 0 0 0
"58" 58 0.0253164556962 211 0 0 0 0 0 0 0 0 0 0 0 0 0 0 0 0 0 0 0
"59" 59 0.00995024875622 174 16 8 6 3 2 1 1 0 0 0 0 0 0 0 0 0 0 0 0
"60" 60 0.0 59 51 45 38 16 1 1 0 0 0 0 0 0 0 0 0 0 0 0 0
"61" 61 0.010152284264 131 54 23 2 1 0 0 0 0 0 0 0 0 0 0 0 0 0 0 0
"62" 62 0.186046511628 150 12 12 9 5 5 5 3 2 2 2 1 1 1 1 0 0 0 0 0
"63" 63 0.303571428571 59 32 27 21 19 17 12 10 7 3 2 1 1 0 0 0 0 0 0 0
"64" 64 0.59067357513 128 30 18 9 8 8 4 2 2 1 1 0 0 0 0 0 0 0 0 0
"65" 65 0.14598540146 129 28 11 9 8 7 5 4 3 2 2 1 1 1 0 0 0 0 0 0
"66" 66 0.149635036496 65 40 38 31 20 8 3 3 1 1 1 0 0 0 0 0 0 0 0 0
"67" 67 0.476793248945 64 43 34 33 14 11 5 3 2 1 1 0 0 0 0 0 0 0 0 0
"68" 68 0.349775784753 80 42 21 18 17 8 7 4 3 3 2 2 1 1 1 1 0 0 0 0
"69" 69 0.00497512437811 209 1 1 0 0 0 0 0 0 0 0 0 0 0 0 0 0 0 0 0
"70" 70 0.569948186528 50 44 28 26 24 16 13 6 3 1 0 0 0 0 0 0 0 0 0 0
"71" 71 0.00497512437811 203 8 0 0 0 0 0 0 0 0 0 0 0 0 0 0 0 0 0 0
"72" 72 0.421383647799 170 6 5 5 4 3 3 3 3 3 2 1 1 1 0 0 0 0 0 0
"73" 73 0.229357798165 72 61 51 16 5 2 1 1 1 1 0 0 0 0 0 0 0 0 0 0
"74" 74 0.435779816514 205 2 2 1 1 0 0 0 0 0 0 0 0 0 0 0 0 0 0 0
"75" 75 0.655172413793 154 23 15 12 3 1 1 1 1 0 0 0 0 0 0 0 0 0 0 0
"76" 76 1.10714285714 40 36 33 25 17 17 16 11 9 4 2 1 0 0 0 0 0 0 0 0
"77" 77 0.471153846154 122 63 16 2 2 2 2 1 1 0 0 0 0 0 0 0 0 0 0 0
"78" 78 0.397489539749 205 6 0 0 0 0 0 0 0 0 0 0 0 0 0 0 0 0 0 0
"79" 79 0.0 206 2 1 1 1 0 0 0 0 0 0 0 0 0 0 0 0 0 0 0
"80" 80 0.224137931034 176 21 5 3 2 1 1 1 1 0 0 0 0 0 0 0 0 0 0 0
"81" 81 0.093023255814 178 32 1 0 0 0 0 0 0 0 0 0 0 0 0 0 0 0 0 0
"82" 82 0.0 177 34 0 0 0 0 0 0 0 0 0 0 0 0 0 0 0 0 0 0
"83" 83 0.09375 163 48 0 0 0 0 0 0 0 0 0 0 0 0 0 0 0 0 0 0
"84" 84 0.0232558139535 194 8 2 2 1 1 1 1 1 0 0 0 0 0 0 0 0 0 0 0
"85" 85 0.217054263566 94 57 35 10 6 2 2 2 2 1 0 0 0 0 0 0 0 0 0 0
"86" 86 0.732142857143 82 22 21 20 15 12 6 5 5 5 4 3 3 1 1 0 0 0 0 0
"87" 87 0.625 203 4 2 1 1 0 0 0 0 0 0 0 0 0 0 0 0 0 0 0
"88" 88 0.201149425287 169 20 14 4 2 1 1 0 0 0 0 0 0 0 0 0 0 0 0 0
"89" 89 0.691860465116 169 33 3 2 2 1 1 0 0 0 0 0 0 0 0 0 0 0 0 0
"90" 90 0.552325581395 210 1 0 0 0 0 0 0 0 0 0 0 0 0 0 0 0 0 0 0
"91" 91 0.0 211 0 0 0 0 0 0 0 0 0 0 0 0 0 0 0 0 0 0 0
"92" 92 0.316091954023 148 63 0 0 0 0 0 0 0 0 0 0 0 0 0 0 0 0 0 0
"93" 93 0.370860927152 211 0 0 0 0 0 0 0 0 0 0 0 0 0 0 0 0 0 0 0
"94" 94 0.147286821705 209 2 0 0 0 0 0 0 0 0 0 0 0 0 0 0 0 0 0 0
"95" 95 0.325581395349 123 19 11 11 10 10 7 6 4 3 2 2 1 1 1 0 0 0 0 0
"96" 96 0.0725388601036 199 10 2 0 0 0 0 0 0 0 0 0 0 0 0 0 0 0 0 0
"97" 97 0.0875912408759 211 0 0 0 0 0 0 0 0 0 0 0 0 0 0 0 0 0 0 0
"98" 98 0.00507614213198 128 34 16 12 9 9 3 0 0 0 0 0 0 0 0 0 0 0 0 0
"99" 99 0.255813953488 64 62 24 15 15 8 7 6 4 2 2 1 1 0 0 0 0 0 0 0
"100" 100 0.0 210 1 0 0 0 0 0 0 0 0 0 0 0 0 0 0 0 0 0 0
"101" 101 0.0114942528736 144 61 2 2 1 1 0 0 0 0 0 0 0 0 0 0 0 0 0 0
"102" 102 0.408759124088 60 59 43 18 16 5 4 2 1 1 1 1 0 0 0 0 0 0 0 0
"103" 103 0.201550387597 90 47 46 8 4 4 4 2 2 1 1 1 1 0 0 0 0 0 0 0
"104" 104 0.0077519379845 173 31 3 2 1 1 0 0 0 0 0 0 0 0 0 0 0 0 0 0
"105" 105 0.0507614213198 94 73 24 7 5 4 3 1 0 0 0 0 0 0 0 0 0 0 0 0
"106" 106 0.279069767442 87 49 32 13 12 6 4 3 2 1 1 1 0 0 0 0 0 0 0 0
"107" 107 0.715025906736 76 54 17 15 12 11 5 5 4 3 3 2 2 1 1 0 0 0 0 0
"108" 108 0.567307692308 46 42 39 18 15 13 10 10 8 5 2 1 1 0 0 0 0 0 0 0
"109" 109 0.031007751938 118 25 25 15 8 8 4 2 2 2 1 1 0 0 0 0 0 0 0 0
"110" 110 0.544303797468 72 36 29 18 14 13 10 4 4 3 3 2 1 1 0 0 0 0 0 0
"111" 111 0.314465408805 146 38 7 3 3 3 2 2 2 1 1 1 1 0 0 0 0 0 0 0
"112" 112 0.602649006623 60 42 30 22 14 10 9 7 5 2 2 2 1 1 1 1 0 0 0 0
"113" 113 0.326424870466 181 7 7 6 4 2 1 1 1 0 0 0 0 0 0 0 0 0 0 0
"114" 114 0.0149253731343 118 66 20 7 0 0 0 0 0 0 0 0 0 0 0 0 0 0 0 0
"115" 115 0.466666666667 101 32 19 17 12 9 7 3 3 3 2 1 1 1 0 0 0 0 0 0
"116" 116 0.306569343066 96 41 34 21 8 5 4 1 1 0 0 0 0 0 0 0 0 0 0 0
"117" 117 0.685534591195 211 0 0 0 0 0 0 0 0 0 0 0 0 0 0 0 0 0 0 0
"118" 118 0.115384615385 211 0 0 0 0 0 0 0 0 0 0 0 0 0 0 0 0 0 0 0
"119" 119 0.354066985646 211 0 0 0 0 0 0 0 0 0 0 0 0 0 0 0 0 0 0 0
"120" 120 0.0172413793103 114 90 4 2 1 0 0 0 0 0 0 0 0 0 0 0 0 0 0 0
"121" 121 0.192468619247 206 3 2 0 0 0 0 0 0 0 0 0 0 0 0 0 0 0 0 0
"122" 122 0.0062893081761 210 1 0 0 0 0 0 0 0 0 0 0 0 0 0 0 0 0 0 0
"123" 123 0.0597014925373 196 13 2 0 0 0 0 0 0 0 0 0 0 0 0 0 0 0 0 0
"124" 124 0.167883211679 109 29 20 13 13 9 6 6 5 1 0 0 0 0 0 0 0 0 0 0
"125" 125 0.0697674418605 201 3 3 3 1 0 0 0 0 0 0 0 0 0 0 0 0 0 0 0
"126" 126 0.385650224215 90 45 42 10 7 6 4 1 1 1 1 1 1 1 0 0 0 0 0 0
"127" 127 0.666666666667 58 42 37 24 13 10 8 7 6 5 1 0 0 0 0 0 0 0 0 0
"128" 128 0.413461538462 190 6 4 3 3 2 2 1 0 0 0 0 0 0 0 0 0 0 0 0
"129" 129 0.0480769230769 211 0 0 0 0 0 0 0 0 0 0 0 0 0 0 0 0 0 0 0
"130" 130 0.0344827586207 200 5 3 2 1 0 0 0 0 0 0 0 0 0 0 0 0 0 0 0
"131" 131 0.412935323383 198 4 3 3 1 1 1 0 0 0 0 0 0 0 0 0 0 0 0 0
"132" 132 0.46511627907 65 31 27 18 15 12 11 10 7 6 3 2 2 1 1 0 0 0 0 0
"133" 133 0.412408759124 211 0 0 0 0 0 0 0 0 0 0 0 0 0 0 0 0 0 0 0
"134" 134 0.394230769231 113 42 12 11 9 7 6 3 3 2 1 1 1 0 0 0 0 0 0 0
"135" 135 0.105769230769 211 0 0 0 0 0 0 0 0 0 0 0 0 0 0 0 0 0 0 0
"136" 136 0.0956937799043 188 23 0 0 0 0 0 0 0 0 0 0 0 0 0 0 0 0 0 0
"137" 137 0.0755813953488 211 0 0 0 0 0 0 0 0 0 0 0 0 0 0 0 0 0 0 0
"138" 138 0.0133928571429 211 0 0 0 0 0 0 0 0 0 0 0 0 0 0 0 0 0 0 0
"139" 139 0.0 163 46 2 0 0 0 0 0 0 0 0 0 0 0 0 0 0 0 0 0
"140" 140 0.0 70 56 48 36 1 0 0 0 0 0 0 0 0 0 0 0 0 0 0 0
"141" 141 0.0710659898477 134 44 26 3 3 1 0 0 0 0 0 0 0 0 0 0 0 0 0 0
"142" 142 0.0725388601036 206 4 1 0 0 0 0 0 0 0 0 0 0 0 0 0 0 0 0 0
"143" 143 0.00497512437811 171 22 8 5 5 0 0 0 0 0 0 0 0 0 0 0 0 0 0 0
"144" 144 0.0 125 37 19 12 8 5 2 2 1 0 0 0 0 0 0 0 0 0 0 0
"145" 145 0.436046511628 141 15 13 10 10 5 3 3 3 2 2 1 1 1 1 0 0 0 0 0
"146" 146 0.323383084577 182 25 3 1 0 0 0 0 0 0 0 0 0 0 0 0 0 0 0 0
"147" 147 0.0542635658915 198 11 1 1 0 0 0 0 0 0 0 0 0 0 0 0 0 0 0 0
"148" 148 0.644230769231 203 5 1 1 1 0 0 0 0 0 0 0 0 0 0 0 0 0 0 0
"149" 149 0.163179916318 156 23 10 6 4 4 3 2 2 1 0 0 0 0 0 0 0 0 0 0
"150" 150 0.253164556962 50 39 20 20 17 13 11 10 10 8 4 3 2 2 1 1 0 0 0 0
"151" 151 0.333333333333 198 4 4 4 1 0 0 0 0 0 0 0 0 0 0 0 0 0 0 0
"152" 152 0.0542635658915 148 27 11 8 6 5 2 1 1 1 1 0 0 0 0 0 0 0 0 0
"153" 153 0.0 147 42 21 1 0 0 0 0 0 0 0 0 0 0 0 0 0 0 0 0
"154" 154 0.00574712643678 187 8 8 4 2 1 1 0 0 0 0 0 0 0 0 0 0 0 0 0
"155" 155 0.0298507462687 144 67 0 0 0 0 0 0 0 0 0 0 0 0 0 0 0 0 0 0
"156" 156 0.0 170 32 7 1 1 0 0 0 0 0 0 0 0 0 0 0 0 0 0 0
"157" 157 0.183035714286 211 0 0 0 0 0 0 0 0 0 0 0 0 0 0 0 0 0 0 0
"158" 158 0.0398009950249 130 52 29 0 0 0 0 0 0 0 0 0 0 0 0 0 0 0 0 0
"159" 159 0.156976744186 92 46 39 12 10 8 4 0 0 0 0 0 0 0 0 0 0 0 0 0
"160" 160 0.179487179487 161 35 3 3 2 2 2 1 1 1 0 0 0 0 0 0 0 0 0 0
"161" 161 0.80310880829 101 51 41 5 3 3 3 2 1 1 0 0 0 0 0 0 0 0 0 0
"162" 162 0.611398963731 204 6 1 0 0 0 0 0 0 0 0 0 0 0 0 0 0 0 0 0
"163" 163 0.519230769231 210 1 0 0 0 0 0 0 0 0 0 0 0 0 0 0 0 0 0 0
"164" 164 0.267441860465 143 56 8 1 1 1 1 0 0 0 0 0 0 0 0 0 0 0 0 0
"165" 165 0.344036697248 205 6 0 0 0 0 0 0 0 0 0 0 0 0 0 0 0 0 0 0
"166" 166 0.0077519379845 187 10 8 2 1 1 1 1 0 0 0 0 0 0 0 0 0 0 0 0
"167" 167 0.452554744526 193 10 4 1 1 1 1 0 0 0 0 0 0 0 0 0 0 0 0 0
"168" 168 0.271317829457 102 34 29 14 12 11 6 1 1 1 0 0 0 0 0 0 0 0 0 0
"169" 169 0.477987421384 169 22 7 3 2 2 2 1 1 1 1 0 0 0 0 0 0 0 0 0
"170" 170 0.254464285714 92 71 38 3 2 1 1 1 1 1 0 0 0 0 0 0 0 0 0 0
"171" 171 0.0 156 27 19 4 3 2 0 0 0 0 0 0 0 0 0 0 0 0 0 0
"172" 172 0.0507614213198 49 49 41 17 11 10 10 7 7 6 2 1 1 0 0 0 0 0 0 0
"173" 173 0.526785714286 54 30 24 20 17 12 10 9 8 8 6 6 3 3 1 0 0 0 0 0
"174" 174 0.0753138075314 179 21 5 4 1 1 0 0 0 0 0 0 0 0 0 0 0 0 0 0
"175" 175 0.0 163 20 15 6 4 2 1 0 0 0 0 0 0 0 0 0 0 0 0 0
"176" 176 0.471794871795 53 44 36 31 24 7 5 5 2 1 1 1 1 0 0 0 0 0 0 0
"177" 177 0.548523206751 65 51 29 26 13 9 8 3 2 2 1 1 1 0 0 0 0 0 0 0
"178" 178 0.296650717703 174 13 9 5 2 2 2 1 1 1 1 0 0 0 0 0 0 0 0 0
"179" 179 0.569230769231 83 45 45 13 7 4 4 3 2 2 2 1 0 0 0 0 0 0 0 0
"180" 180 0.0366972477064 131 39 29 7 4 1 0 0 0 0 0 0 0 0 0 0 0 0 0 0
"181" 181 0.062015503876 116 54 9 7 5 5 4 3 3 2 2 1 0 0 0 0 0 0 0 0
"182" 182 0.00497512437811 102 53 39 11 2 2 1 1 0 0 0 0 0 0 0 0 0 0 0 0
"183" 183 0.00574712643678 77 41 40 34 10 6 3 0 0 0 0 0 0 0 0 0 0 0 0 0
"184" 184 0.116279069767 142 55 8 2 1 1 1 1 0 0 0 0 0 0 0 0 0 0 0 0
"185" 185 0.0253807106599 179 30 2 0 0 0 0 0 0 0 0 0 0 0 0 0 0 0 0 0
"186" 186 0.700892857143 103 60 14 10 9 5 4 2 2 1 1 0 0 0 0 0 0 0 0 0
"187" 187 0.0362694300518 186 14 5 2 2 1 1 0 0 0 0 0 0 0 0 0 0 0 0 0
"188" 188 0.00995024875622 182 21 4 4 0 0 0 0 0 0 0 0 0 0 0 0 0 0 0 0
"189" 189 0.183908045977 141 50 15 1 1 1 1 1 0 0 0 0 0 0 0 0 0 0 0 0
"190" 190 0.286821705426 71 36 29 19 15 14 8 5 3 2 2 2 1 1 1 1 1 0 0 0
"191" 191 0.0798479087452 183 11 7 7 1 1 0 0 0 0 0 0 0 0 0 0 0 0 0 0
"192" 192 0.251824817518 191 4 3 1 1 1 0 0 0 0 0 0 0 0 0 0 0 0 0 0
"193" 193 0.600896860987 41 21 14 11 10 8 8 7 5 3 2 1 1 1 0 0 0 0 0 0
"194" 194 0.503875968992 31 13 11 9 8 7 2 1 1 1 1 0 0 0 0 0 0 0 0 0
"195" 195 0.684210526316 40 12 4 4 3 2 0 0 0 0 0 0 0 0 0 0 0 0 0 0
