"site" "RSA" "aa1" "aa2" "aa3" "aa4" "aa5" "aa6" "aa7" "aa8" "aa9" "aa10" "aa11" "aa12" "aa13" "aa14" "aa15" "aa16" "aa17" "aa18" "aa19" "aa20"
"0" 0 0.842767295597 140 103 60 51 48 38 21 11 8 5 5 4 4 2 0 0 0 0 0 0
"1" 1 0.122093023256 206 184 32 29 20 13 7 6 2 1 0 0 0 0 0 0 0 0 0 0
"2" 2 0.360465116279 459 30 5 2 1 1 1 1 0 0 0 0 0 0 0 0 0 0 0 0
"3" 3 0.147208121827 201 127 83 49 20 6 4 4 4 1 1 0 0 0 0 0 0 0 0 0
"4" 4 0.556291390728 116 97 85 52 39 32 24 18 10 8 6 6 3 2 1 1 0 0 0 0
"5" 5 0.223880597015 123 106 65 52 51 47 11 11 8 6 6 5 5 2 1 1 0 0 0 0
"6" 6 0.00995024875622 497 1 1 1 0 0 0 0 0 0 0 0 0 0 0 0 0 0 0 0
"7" 7 0.322869955157 169 118 38 32 32 31 30 14 11 9 4 4 2 2 2 1 1 0 0 0
"8" 8 0.409282700422 119 108 65 58 36 30 24 17 15 10 7 5 4 1 1 0 0 0 0 0
"9" 9 0.197718631179 271 49 48 43 29 24 22 10 2 1 1 0 0 0 0 0 0 0 0 0
"10" 10 0.101265822785 489 8 3 0 0 0 0 0 0 0 0 0 0 0 0 0 0 0 0 0
"11" 11 0.632286995516 171 60 46 46 46 39 28 17 14 10 10 5 3 2 2 1 0 0 0 0
"12" 12 0.34375 101 93 78 68 67 36 25 16 10 3 2 1 0 0 0 0 0 0 0 0
"13" 13 0.742616033755 345 39 33 33 18 10 9 7 3 2 1 0 0 0 0 0 0 0 0 0
"14" 14 0.286919831224 278 54 46 27 21 18 11 10 10 6 4 3 3 3 3 2 1 0 0 0
"15" 15 0.266423357664 266 62 38 36 28 23 13 10 6 5 5 5 1 1 1 0 0 0 0 0
"16" 16 0.0627615062762 470 30 0 0 0 0 0 0 0 0 0 0 0 0 0 0 0 0 0 0
"17" 17 0.100775193798 495 2 1 1 1 0 0 0 0 0 0 0 0 0 0 0 0 0 0 0
"18" 18 0.0174418604651 450 31 18 1 0 0 0 0 0 0 0 0 0 0 0 0 0 0 0 0
"19" 19 0.00507614213198 483 14 2 1 0 0 0 0 0 0 0 0 0 0 0 0 0 0 0 0
"20" 20 0.0174418604651 376 117 6 1 0 0 0 0 0 0 0 0 0 0 0 0 0 0 0 0
"21" 21 0.0 450 48 2 0 0 0 0 0 0 0 0 0 0 0 0 0 0 0 0 0
"22" 22 0.0114068441065 341 157 2 0 0 0 0 0 0 0 0 0 0 0 0 0 0 0 0 0
"23" 23 0.274611398964 249 137 105 3 2 2 1 1 0 0 0 0 0 0 0 0 0 0 0 0
"24" 24 0.441064638783 222 70 61 41 28 21 13 13 13 9 5 2 2 0 0 0 0 0 0 0
"25" 25 0.53642384106 99 85 49 42 39 39 29 24 22 14 10 10 9 9 8 6 5 1 0 0
"26" 26 0.188284518828 361 31 27 22 17 12 12 6 5 4 2 1 0 0 0 0 0 0 0 0
"27" 27 0.0 498 2 0 0 0 0 0 0 0 0 0 0 0 0 0 0 0 0 0 0
"28" 28 0.337552742616 314 54 53 26 19 14 9 6 3 2 0 0 0 0 0 0 0 0 0 0
"29" 29 0.0547263681592 359 60 30 15 15 12 6 2 1 0 0 0 0 0 0 0 0 0 0 0
"30" 30 0.0 493 7 0 0 0 0 0 0 0 0 0 0 0 0 0 0 0 0 0 0
"31" 31 0.217054263566 254 107 46 37 16 15 8 6 4 4 2 1 0 0 0 0 0 0 0 0
"32" 32 0.461139896373 381 50 16 15 15 6 6 5 3 2 1 0 0 0 0 0 0 0 0 0
"33" 33 0.196428571429 370 83 24 11 8 1 1 1 1 0 0 0 0 0 0 0 0 0 0 0
"34" 34 0.317307692308 500 0 0 0 0 0 0 0 0 0 0 0 0 0 0 0 0 0 0 0
"35" 35 0.0149253731343 494 4 1 1 0 0 0 0 0 0 0 0 0 0 0 0 0 0 0 0
"36" 36 0.287179487179 126 115 80 50 35 23 22 21 9 6 5 4 2 2 0 0 0 0 0 0
"37" 37 0.0574712643678 498 1 1 0 0 0 0 0 0 0 0 0 0 0 0 0 0 0 0 0
"38" 38 0.0045871559633 445 21 18 10 3 1 1 1 0 0 0 0 0 0 0 0 0 0 0 0
"39" 39 0.0646766169154 408 56 16 14 3 1 1 1 0 0 0 0 0 0 0 0 0 0 0 0
"40" 40 0.0 500 0 0 0 0 0 0 0 0 0 0 0 0 0 0 0 0 0 0 0
"41" 41 0.00961538461538 452 16 16 14 1 1 0 0 0 0 0 0 0 0 0 0 0 0 0 0
"42" 42 0.0259067357513 317 78 63 30 9 3 0 0 0 0 0 0 0 0 0 0 0 0 0 0
"43" 43 0.158940397351 180 89 46 40 30 22 22 22 14 8 6 5 5 5 4 2 0 0 0 0
"44" 44 0.0 267 145 66 9 6 3 1 1 1 1 0 0 0 0 0 0 0 0 0 0
"45" 45 0.0 500 0 0 0 0 0 0 0 0 0 0 0 0 0 0 0 0 0 0 0
"46" 46 0.325688073394 142 99 88 70 47 17 15 14 5 2 1 0 0 0 0 0 0 0 0 0
"47" 47 0.273255813953 221 73 60 57 39 18 14 7 4 2 2 1 1 1 0 0 0 0 0 0
"48" 48 0.367816091954 477 8 5 3 3 1 1 1 1 0 0 0 0 0 0 0 0 0 0 0
"49" 49 0.27802690583 210 93 91 23 17 16 15 10 9 5 4 4 2 1 0 0 0 0 0 0
"50" 50 0.596153846154 500 0 0 0 0 0 0 0 0 0 0 0 0 0 0 0 0 0 0 0
"51" 51 0.401913875598 193 90 55 38 37 22 17 17 9 7 6 5 2 1 1 0 0 0 0 0
"52" 52 0.725388601036 130 81 50 46 45 34 26 18 15 13 12 11 10 5 2 1 1 0 0 0
"53" 53 0.105960264901 378 64 28 19 8 2 1 0 0 0 0 0 0 0 0 0 0 0 0 0
"54" 54 0.0232558139535 223 166 38 25 20 12 11 4 1 0 0 0 0 0 0 0 0 0 0 0
"55" 55 0.174129353234 85 84 57 53 48 43 23 22 19 18 15 13 10 8 1 1 0 0 0 0
"56" 56 0.37106918239 444 13 13 9 7 4 3 2 2 1 1 1 0 0 0 0 0 0 0 0
"57" 57 0.0229885057471 491 5 3 1 0 0 0 0 0 0 0 0 0 0 0 0 0 0 0 0
"58" 58 0.372093023256 235 176 73 6 4 3 2 1 0 0 0 0 0 0 0 0 0 0 0 0
"59" 59 0.120689655172 422 59 12 2 2 2 1 0 0 0 0 0 0 0 0 0 0 0 0 0
"60" 60 0.53488372093 120 75 62 49 49 38 30 20 13 10 8 8 7 6 4 1 0 0 0 0
"61" 61 0.238341968912 361 60 20 20 20 7 4 3 3 1 1 0 0 0 0 0 0 0 0 0
"62" 62 0.0 282 199 8 3 3 2 2 1 0 0 0 0 0 0 0 0 0 0 0 0
"63" 63 0.131782945736 496 2 1 1 0 0 0 0 0 0 0 0 0 0 0 0 0 0 0 0
"64" 64 0.631178707224 394 35 16 8 7 6 6 5 5 5 3 3 3 2 2 0 0 0 0 0
"65" 65 0.11004784689 414 72 5 4 2 1 1 1 0 0 0 0 0 0 0 0 0 0 0 0
"66" 66 0.0 379 120 1 0 0 0 0 0 0 0 0 0 0 0 0 0 0 0 0 0
"67" 67 0.162790697674 161 75 74 70 53 27 26 6 3 3 1 1 0 0 0 0 0 0 0 0
"68" 68 0.139534883721 202 101 50 30 25 22 22 16 8 6 6 5 4 3 0 0 0 0 0 0
"69" 69 0.0 498 2 0 0 0 0 0 0 0 0 0 0 0 0 0 0 0 0 0 0
"70" 70 0.171532846715 500 0 0 0 0 0 0 0 0 0 0 0 0 0 0 0 0 0 0 0
"71" 71 0.620437956204 169 70 53 45 38 36 33 16 14 12 4 4 4 1 1 0 0 0 0 0
"72" 72 0.0384615384615 500 0 0 0 0 0 0 0 0 0 0 0 0 0 0 0 0 0 0 0
"73" 73 0.0077519379845 499 1 0 0 0 0 0 0 0 0 0 0 0 0 0 0 0 0 0 0
"74" 74 0.51572327044 499 1 0 0 0 0 0 0 0 0 0 0 0 0 0 0 0 0 0 0
"75" 75 0.538461538462 147 91 57 41 31 29 24 20 18 10 7 6 5 5 5 2 1 1 0 0
"76" 76 0.0316455696203 500 0 0 0 0 0 0 0 0 0 0 0 0 0 0 0 0 0 0 0
"77" 77 0.0298507462687 452 26 19 2 1 0 0 0 0 0 0 0 0 0 0 0 0 0 0 0
"78" 78 0.0 500 0 0 0 0 0 0 0 0 0 0 0 0 0 0 0 0 0 0 0
"79" 79 0.0348258706468 328 151 11 5 1 1 1 1 1 0 0 0 0 0 0 0 0 0 0 0
"80" 80 0.0 399 87 13 1 0 0 0 0 0 0 0 0 0 0 0 0 0 0 0 0
"81" 81 0.020725388601 491 5 3 1 0 0 0 0 0 0 0 0 0 0 0 0 0 0 0 0
"82" 82 0.0 500 0 0 0 0 0 0 0 0 0 0 0 0 0 0 0 0 0 0 0
"83" 83 0.0062893081761 500 0 0 0 0 0 0 0 0 0 0 0 0 0 0 0 0 0 0 0
"84" 84 0.380753138075 227 76 47 37 31 17 16 15 11 10 7 4 2 0 0 0 0 0 0 0
"85" 85 0.545871559633 206 189 73 12 6 4 3 2 2 1 1 1 0 0 0 0 0 0 0 0
"86" 86 0.031007751938 499 1 0 0 0 0 0 0 0 0 0 0 0 0 0 0 0 0 0 0
"87" 87 0.041825095057 499 1 0 0 0 0 0 0 0 0 0 0 0 0 0 0 0 0 0 0
"88" 88 0.341085271318 156 108 84 68 15 15 14 14 8 7 7 3 1 0 0 0 0 0 0 0
"89" 89 0.267441860465 157 87 79 53 34 24 20 15 14 8 5 4 0 0 0 0 0 0 0 0
"90" 90 0.0943396226415 497 2 1 0 0 0 0 0 0 0 0 0 0 0 0 0 0 0 0 0
"91" 91 0.544642857143 170 78 44 37 34 32 28 14 13 12 12 7 7 4 4 2 2 0 0 0
"92" 92 0.408071748879 172 135 48 37 35 33 12 11 7 3 3 2 2 0 0 0 0 0 0 0
"93" 93 0.0 496 4 0 0 0 0 0 0 0 0 0 0 0 0 0 0 0 0 0 0
"94" 94 0.192468619247 98 72 47 43 41 36 31 22 20 17 15 13 13 10 7 7 7 1 0 0
"95" 95 0.540178571429 99 62 56 50 40 38 36 32 29 18 17 12 3 2 2 2 2 0 0 0
"96" 96 0.174358974359 484 8 7 1 0 0 0 0 0 0 0 0 0 0 0 0 0 0 0 0
"97" 97 0.0 500 0 0 0 0 0 0 0 0 0 0 0 0 0 0 0 0 0 0 0
"98" 98 0.162790697674 167 154 69 40 15 15 14 14 5 4 2 1 0 0 0 0 0 0 0 0
"99" 99 0.267441860465 190 73 38 37 35 32 26 24 21 13 4 4 1 1 1 0 0 0 0 0
"100" 100 0.0 444 41 8 5 1 1 0 0 0 0 0 0 0 0 0 0 0 0 0 0
"101" 101 0.197247706422 453 13 9 6 6 5 4 1 1 1 1 0 0 0 0 0 0 0 0 0
"102" 102 0.689781021898 150 85 71 50 46 28 22 18 14 13 2 1 0 0 0 0 0 0 0 0
"103" 103 0.217054263566 497 3 0 0 0 0 0 0 0 0 0 0 0 0 0 0 0 0 0 0
"104" 104 0.134615384615 500 0 0 0 0 0 0 0 0 0 0 0 0 0 0 0 0 0 0 0
"105" 105 0.0387596899225 494 5 1 0 0 0 0 0 0 0 0 0 0 0 0 0 0 0 0 0
"106" 106 0.302564102564 498 2 0 0 0 0 0 0 0 0 0 0 0 0 0 0 0 0 0 0
"107" 107 0.0137614678899 386 111 3 0 0 0 0 0 0 0 0 0 0 0 0 0 0 0 0 0
"108" 108 0.0 489 7 4 0 0 0 0 0 0 0 0 0 0 0 0 0 0 0 0 0
"109" 109 0.0295358649789 281 167 48 3 1 0 0 0 0 0 0 0 0 0 0 0 0 0 0 0
"110" 110 0.010152284264 415 80 5 0 0 0 0 0 0 0 0 0 0 0 0 0 0 0 0 0
"111" 111 0.0357142857143 335 164 1 0 0 0 0 0 0 0 0 0 0 0 0 0 0 0 0 0
"112" 112 0.115384615385 500 0 0 0 0 0 0 0 0 0 0 0 0 0 0 0 0 0 0 0
"113" 113 0.0769230769231 500 0 0 0 0 0 0 0 0 0 0 0 0 0 0 0 0 0 0 0
"114" 114 0.495535714286 176 143 44 42 29 25 12 11 8 3 3 2 1 1 0 0 0 0 0 0
"115" 115 0.556737588652 280 208 2 2 2 1 1 1 1 1 1 0 0 0 0 0 0 0 0 0
"116" 116 0.00497512437811 500 0 0 0 0 0 0 0 0 0 0 0 0 0 0 0 0 0 0 0
"117" 117 0.195402298851 208 125 51 50 17 16 10 9 7 4 2 1 0 0 0 0 0 0 0 0
"118" 118 0.513392857143 166 91 70 41 28 21 19 15 13 12 9 8 4 2 1 0 0 0 0 0
"119" 119 0.0348837209302 491 4 3 1 1 0 0 0 0 0 0 0 0 0 0 0 0 0 0 0
"120" 120 0.00574712643678 491 6 2 1 0 0 0 0 0 0 0 0 0 0 0 0 0 0 0 0
"121" 121 0.421524663677 269 64 64 31 25 22 20 3 1 1 0 0 0 0 0 0 0 0 0 0
"122" 122 0.178899082569 333 39 29 25 19 11 10 8 5 5 5 5 3 2 1 0 0 0 0 0
"123" 123 0.0 499 1 0 0 0 0 0 0 0 0 0 0 0 0 0 0 0 0 0 0
"124" 124 0.261627906977 178 63 58 38 31 27 26 14 11 9 9 8 8 7 7 6 0 0 0 0
"125" 125 0.633928571429 341 36 27 19 14 13 9 9 8 6 5 4 3 2 2 2 0 0 0 0
"126" 126 0.419708029197 189 99 65 44 30 15 14 13 7 6 6 5 3 3 1 0 0 0 0 0
"127" 127 0.643410852713 257 200 22 11 3 2 2 2 1 0 0 0 0 0 0 0 0 0 0 0
"128" 128 0.0804597701149 466 23 8 3 0 0 0 0 0 0 0 0 0 0 0 0 0 0 0 0
"129" 129 0.182389937107 498 1 1 0 0 0 0 0 0 0 0 0 0 0 0 0 0 0 0 0
"130" 130 0.0 498 2 0 0 0 0 0 0 0 0 0 0 0 0 0 0 0 0 0 0
"131" 131 0.0 500 0 0 0 0 0 0 0 0 0 0 0 0 0 0 0 0 0 0 0
"132" 132 0.0192307692308 500 0 0 0 0 0 0 0 0 0 0 0 0 0 0 0 0 0 0 0
"133" 133 0.0239234449761 497 2 1 0 0 0 0 0 0 0 0 0 0 0 0 0 0 0 0 0
"134" 134 0.0199004975124 500 0 0 0 0 0 0 0 0 0 0 0 0 0 0 0 0 0 0 0
"135" 135 0.0673076923077 500 0 0 0 0 0 0 0 0 0 0 0 0 0 0 0 0 0 0 0
"136" 136 0.0348258706468 491 4 4 1 0 0 0 0 0 0 0 0 0 0 0 0 0 0 0 0
"137" 137 0.0697674418605 160 158 61 48 39 31 1 1 1 0 0 0 0 0 0 0 0 0 0 0
"138" 138 0.100628930818 496 2 1 1 0 0 0 0 0 0 0 0 0 0 0 0 0 0 0 0
"139" 139 0.0627802690583 499 1 0 0 0 0 0 0 0 0 0 0 0 0 0 0 0 0 0 0
"140" 140 0.291390728477 221 72 51 46 30 24 18 10 6 6 5 5 3 2 1 0 0 0 0 0
"141" 141 0.0804597701149 209 62 58 50 34 24 14 12 12 10 5 5 3 2 0 0 0 0 0 0
"142" 142 0.610256410256 171 60 59 45 43 29 22 17 15 14 10 5 5 3 1 1 0 0 0 0
"143" 143 0.705583756345 110 100 55 43 38 33 25 25 25 13 12 7 5 4 2 2 1 0 0 0
"144" 144 0.225941422594 338 49 36 18 14 11 9 7 6 5 3 3 1 0 0 0 0 0 0 0
"145" 145 0.538461538462 500 0 0 0 0 0 0 0 0 0 0 0 0 0 0 0 0 0 0 0
"146" 146 0.153846153846 500 0 0 0 0 0 0 0 0 0 0 0 0 0 0 0 0 0 0 0
"147" 147 0.399239543726 283 127 25 16 12 12 10 6 3 3 2 1 0 0 0 0 0 0 0 0
"148" 148 0.464135021097 166 79 64 62 42 27 23 8 5 4 4 3 3 3 3 2 1 1 0 0
"149" 149 0.183908045977 395 94 5 3 2 1 0 0 0 0 0 0 0 0 0 0 0 0 0 0
"150" 150 0.224215246637 496 2 1 1 0 0 0 0 0 0 0 0 0 0 0 0 0 0 0 0
"151" 151 0.0865384615385 500 0 0 0 0 0 0 0 0 0 0 0 0 0 0 0 0 0 0 0
"152" 152 0.492700729927 411 26 18 16 11 8 2 2 2 2 1 1 0 0 0 0 0 0 0 0
"153" 153 0.471153846154 500 0 0 0 0 0 0 0 0 0 0 0 0 0 0 0 0 0 0 0
"154" 154 0.611398963731 170 57 45 39 39 30 30 26 19 18 9 6 6 5 1 0 0 0 0 0
"155" 155 0.75 114 105 68 54 26 25 18 16 14 12 10 10 10 9 5 3 1 0 0 0
"156" 156 0.317829457364 324 42 37 33 21 15 15 10 2 1 0 0 0 0 0 0 0 0 0 0
"157" 157 0.0288461538462 451 20 19 6 3 1 0 0 0 0 0 0 0 0 0 0 0 0 0 0
"158" 158 0.414507772021 116 86 65 57 40 38 28 27 15 10 8 7 2 1 0 0 0 0 0 0
"159" 159 0.42600896861 172 156 50 48 21 21 13 7 4 3 2 1 1 1 0 0 0 0 0 0
"160" 160 0.109452736318 393 52 40 9 3 2 1 0 0 0 0 0 0 0 0 0 0 0 0 0
"161" 161 0.144278606965 458 15 7 7 5 4 2 1 1 0 0 0 0 0 0 0 0 0 0 0
"162" 162 0.364238410596 103 92 74 52 48 33 29 15 12 12 9 8 5 4 3 1 0 0 0 0
"163" 163 0.0880829015544 157 134 109 43 29 13 6 5 2 1 1 0 0 0 0 0 0 0 0 0
"164" 164 0.0077519379845 499 1 0 0 0 0 0 0 0 0 0 0 0 0 0 0 0 0 0 0
"165" 165 0.348258706468 299 81 31 21 17 15 15 8 7 4 1 1 0 0 0 0 0 0 0 0
"166" 166 0.116279069767 231 86 61 27 20 19 13 11 7 6 5 5 4 4 1 0 0 0 0 0
"167" 167 0.0149253731343 497 2 1 0 0 0 0 0 0 0 0 0 0 0 0 0 0 0 0 0
"168" 168 0.191964285714 493 4 3 0 0 0 0 0 0 0 0 0 0 0 0 0 0 0 0 0
"169" 169 0.674418604651 163 61 53 45 34 32 31 24 20 19 5 5 4 2 1 1 0 0 0 0
"170" 170 0.046511627907 497 2 1 0 0 0 0 0 0 0 0 0 0 0 0 0 0 0 0 0
"171" 171 0.259615384615 500 0 0 0 0 0 0 0 0 0 0 0 0 0 0 0 0 0 0 0
"172" 172 0.031007751938 475 24 1 0 0 0 0 0 0 0 0 0 0 0 0 0 0 0 0 0
"173" 173 0.313901345291 304 75 41 18 18 11 11 9 6 2 2 1 1 1 0 0 0 0 0 0
"174" 174 0.0 498 1 1 0 0 0 0 0 0 0 0 0 0 0 0 0 0 0 0 0
"175" 175 0.0149253731343 500 0 0 0 0 0 0 0 0 0 0 0 0 0 0 0 0 0 0 0
"176" 176 0.0229885057471 357 102 22 16 1 1 1 0 0 0 0 0 0 0 0 0 0 0 0 0
"177" 177 0.0 500 0 0 0 0 0 0 0 0 0 0 0 0 0 0 0 0 0 0 0
"178" 178 0.120535714286 243 224 19 6 3 3 1 1 0 0 0 0 0 0 0 0 0 0 0 0
"179" 179 0.0316455696203 500 0 0 0 0 0 0 0 0 0 0 0 0 0 0 0 0 0 0 0
"180" 180 0.0 500 0 0 0 0 0 0 0 0 0 0 0 0 0 0 0 0 0 0 0
"181" 181 0.0566037735849 500 0 0 0 0 0 0 0 0 0 0 0 0 0 0 0 0 0 0 0
"182" 182 0.0919540229885 250 67 67 31 18 18 18 18 8 4 1 0 0 0 0 0 0 0 0 0
"183" 183 0.441964285714 111 78 59 41 40 37 31 29 21 19 12 9 8 4 1 0 0 0 0 0
"184" 184 0.0497512437811 499 1 0 0 0 0 0 0 0 0 0 0 0 0 0 0 0 0 0 0
"185" 185 0.0 498 2 0 0 0 0 0 0 0 0 0 0 0 0 0 0 0 0 0 0
"186" 186 0.430379746835 129 102 93 55 54 22 14 13 4 4 4 2 2 1 1 0 0 0 0 0
"187" 187 0.357664233577 137 128 52 51 38 25 20 17 16 6 5 1 1 1 1 1 0 0 0 0
"188" 188 0.0 498 2 0 0 0 0 0 0 0 0 0 0 0 0 0 0 0 0 0 0
"189" 189 0.0639534883721 224 202 44 25 4 1 0 0 0 0 0 0 0 0 0 0 0 0 0 0
"190" 190 0.607142857143 202 72 72 46 31 23 23 8 8 6 5 3 1 0 0 0 0 0 0 0
"191" 191 0.364341085271 254 64 39 37 32 27 18 15 8 3 2 1 0 0 0 0 0 0 0 0
"192" 192 0.0298507462687 500 0 0 0 0 0 0 0 0 0 0 0 0 0 0 0 0 0 0 0
"193" 193 0.496124031008 252 161 18 16 14 10 6 5 5 5 4 3 1 0 0 0 0 0 0 0
"194" 194 0.0812182741117 477 13 4 2 2 1 1 0 0 0 0 0 0 0 0 0 0 0 0 0
"195" 195 0.0 500 0 0 0 0 0 0 0 0 0 0 0 0 0 0 0 0 0 0 0
"196" 196 0.0 500 0 0 0 0 0 0 0 0 0 0 0 0 0 0 0 0 0 0 0
"197" 197 0.0152284263959 457 43 0 0 0 0 0 0 0 0 0 0 0 0 0 0 0 0 0 0
"198" 198 0.0 499 1 0 0 0 0 0 0 0 0 0 0 0 0 0 0 0 0 0 0
"199" 199 0.0710659898477 402 18 17 12 12 11 11 10 3 1 1 1 1 0 0 0 0 0 0 0
"200" 200 0.0288461538462 500 0 0 0 0 0 0 0 0 0 0 0 0 0 0 0 0 0 0 0
"201" 201 0.0 494 5 1 0 0 0 0 0 0 0 0 0 0 0 0 0 0 0 0 0
"202" 202 0.0 500 0 0 0 0 0 0 0 0 0 0 0 0 0 0 0 0 0 0 0
"203" 203 0.282051282051 488 10 1 1 0 0 0 0 0 0 0 0 0 0 0 0 0 0 0 0
"204" 204 0.235632183908 282 105 49 21 10 7 7 6 5 4 2 1 1 0 0 0 0 0 0 0
"205" 205 0.0116279069767 486 9 3 2 0 0 0 0 0 0 0 0 0 0 0 0 0 0 0 0
"206" 206 0.0880829015544 499 1 0 0 0 0 0 0 0 0 0 0 0 0 0 0 0 0 0 0
"207" 207 0.0 500 0 0 0 0 0 0 0 0 0 0 0 0 0 0 0 0 0 0 0
"208" 208 0.0134529147982 484 6 4 3 3 0 0 0 0 0 0 0 0 0 0 0 0 0 0 0
"209" 209 0.0659898477157 251 107 94 31 6 5 3 2 1 0 0 0 0 0 0 0 0 0 0 0
"210" 210 0.00497512437811 367 125 5 2 1 0 0 0 0 0 0 0 0 0 0 0 0 0 0 0
"211" 211 0.120689655172 307 87 80 11 9 4 1 1 0 0 0 0 0 0 0 0 0 0 0 0
"212" 212 0.0 425 50 18 6 1 0 0 0 0 0 0 0 0 0 0 0 0 0 0 0
"213" 213 0.129186602871 277 166 39 7 7 2 1 1 0 0 0 0 0 0 0 0 0 0 0 0
"214" 214 0.0880829015544 126 114 87 55 37 30 25 12 4 3 3 1 1 1 1 0 0 0 0 0
"215" 215 0.0077519379845 486 8 3 1 1 1 0 0 0 0 0 0 0 0 0 0 0 0 0 0
"216" 216 0.0418410041841 466 31 2 1 0 0 0 0 0 0 0 0 0 0 0 0 0 0 0 0
"217" 217 0.307692307692 500 0 0 0 0 0 0 0 0 0 0 0 0 0 0 0 0 0 0 0
"218" 218 0.446700507614 401 37 36 8 5 3 3 2 2 1 1 1 0 0 0 0 0 0 0 0
"219" 219 0.313953488372 170 93 86 55 43 18 7 7 6 5 4 3 2 1 0 0 0 0 0 0
"220" 220 0.625 183 111 68 60 23 13 10 7 7 6 5 4 2 1 0 0 0 0 0 0
"221" 221 0.673076923077 500 0 0 0 0 0 0 0 0 0 0 0 0 0 0 0 0 0 0 0
"222" 222 0.928229665072 135 102 62 58 37 31 17 14 11 10 7 6 6 2 2 0 0 0 0 0
"223" 223 0.253807106599 111 106 74 67 55 36 21 6 5 5 4 3 3 2 1 1 0 0 0 0
"224" 224 0.295597484277 496 1 1 1 1 0 0 0 0 0 0 0 0 0 0 0 0 0 0 0
"225" 225 0.476793248945 263 182 15 8 8 5 5 4 4 2 2 1 1 0 0 0 0 0 0 0
"226" 226 0.108786610879 261 120 71 24 19 5 0 0 0 0 0 0 0 0 0 0 0 0 0 0
"227" 227 0.0387596899225 494 3 3 0 0 0 0 0 0 0 0 0 0 0 0 0 0 0 0 0
"228" 228 0.143459915612 498 2 0 0 0 0 0 0 0 0 0 0 0 0 0 0 0 0 0 0
"229" 229 0.25641025641 462 22 7 6 1 1 1 0 0 0 0 0 0 0 0 0 0 0 0 0
"230" 230 0.00418410041841 500 0 0 0 0 0 0 0 0 0 0 0 0 0 0 0 0 0 0 0
"231" 231 0.218905472637 170 150 83 52 24 9 5 3 2 1 1 0 0 0 0 0 0 0 0 0
"232" 232 0.612403100775 252 86 57 41 22 14 13 6 3 3 2 1 0 0 0 0 0 0 0 0
"233" 233 0.651785714286 95 95 69 55 54 36 27 19 15 14 10 7 2 2 0 0 0 0 0 0
"234" 234 0.174418604651 490 4 3 3 0 0 0 0 0 0 0 0 0 0 0 0 0 0 0 0
"235" 235 0.663461538462 500 0 0 0 0 0 0 0 0 0 0 0 0 0 0 0 0 0 0 0
"236" 236 0.419689119171 170 67 57 50 29 26 22 18 18 18 11 6 4 2 2 0 0 0 0 0
"237" 237 0.269035532995 235 154 40 21 15 15 8 4 3 3 1 1 0 0 0 0 0 0 0 0
"238" 238 0.412408759124 302 78 61 18 13 12 5 3 2 2 2 1 1 0 0 0 0 0 0 0
"239" 239 0.116279069767 276 59 54 31 27 14 14 9 8 5 3 0 0 0 0 0 0 0 0 0
"240" 240 0.0 499 1 0 0 0 0 0 0 0 0 0 0 0 0 0 0 0 0 0 0
"241" 241 0.00574712643678 492 6 1 1 0 0 0 0 0 0 0 0 0 0 0 0 0 0 0 0
"242" 242 0.441605839416 281 63 59 40 18 16 6 4 3 2 2 1 1 1 1 1 1 0 0 0
"243" 243 0.22869955157 475 15 5 2 1 1 1 0 0 0 0 0 0 0 0 0 0 0 0 0
"244" 244 0.0114068441065 295 186 15 3 1 0 0 0 0 0 0 0 0 0 0 0 0 0 0 0
"245" 245 0.229357798165 408 47 22 5 5 4 3 2 2 1 1 0 0 0 0 0 0 0 0 0
"246" 246 0.46511627907 186 66 56 44 43 31 12 12 11 9 8 7 5 4 4 1 1 0 0 0
"247" 247 0.142857142857 500 0 0 0 0 0 0 0 0 0 0 0 0 0 0 0 0 0 0 0
"248" 248 0.00574712643678 494 4 2 0 0 0 0 0 0 0 0 0 0 0 0 0 0 0 0 0
"249" 249 0.504464285714 153 82 80 63 40 37 24 8 3 3 2 2 2 1 0 0 0 0 0 0
"250" 250 0.483443708609 188 136 69 29 17 16 16 11 10 4 3 1 0 0 0 0 0 0 0 0
"251" 251 0.0961538461538 500 0 0 0 0 0 0 0 0 0 0 0 0 0 0 0 0 0 0 0
"252" 252 0.505747126437 119 77 64 43 39 29 28 27 27 19 12 11 2 2 1 0 0 0 0 0
"253" 253 0.0114068441065 376 124 0 0 0 0 0 0 0 0 0 0 0 0 0 0 0 0 0 0
"254" 254 0.0188679245283 500 0 0 0 0 0 0 0 0 0 0 0 0 0 0 0 0 0 0 0
"255" 255 0.182692307692 306 194 0 0 0 0 0 0 0 0 0 0 0 0 0 0 0 0 0 0
"256" 256 0.584821428571 169 84 42 39 35 31 24 18 13 12 11 11 3 2 2 2 1 1 0 0
"257" 257 0.669642857143 218 72 50 48 42 28 12 10 5 4 3 3 3 1 1 0 0 0 0 0
"258" 258 0.0717703349282 496 3 1 0 0 0 0 0 0 0 0 0 0 0 0 0 0 0 0 0
"259" 259 0.0331125827815 262 169 68 1 0 0 0 0 0 0 0 0 0 0 0 0 0 0 0 0
"260" 260 0.112970711297 469 15 9 4 2 1 0 0 0 0 0 0 0 0 0 0 0 0 0 0
"261" 261 0.535885167464 128 63 62 58 57 34 20 15 14 14 11 7 4 3 3 3 3 1 0 0
