"site" "RSA" "aa1" "aa2" "aa3" "aa4" "aa5" "aa6" "aa7" "aa8" "aa9" "aa10" "aa11" "aa12" "aa13" "aa14" "aa15" "aa16" "aa17" "aa18" "aa19" "aa20"
"0" 0 0.275229357798 171 133 61 38 27 15 11 10 8 5 5 3 3 3 3 2 1 1 0 0
"1" 1 0.723214285714 287 49 43 20 17 16 15 15 13 11 5 3 2 2 1 1 0 0 0 0
"2" 2 0.317948717949 133 93 58 55 37 26 24 20 19 18 10 5 1 1 0 0 0 0 0 0
"3" 3 0.0836820083682 455 45 0 0 0 0 0 0 0 0 0 0 0 0 0 0 0 0 0 0
"4" 4 0.390134529148 137 97 84 60 21 16 16 12 12 10 10 9 4 4 3 2 2 1 0 0
"5" 5 0.316455696203 154 101 71 45 44 19 15 11 10 6 5 4 3 3 3 2 2 2 0 0
"6" 6 0.402298850575 293 111 61 13 7 7 3 2 2 1 0 0 0 0 0 0 0 0 0 0
"7" 7 0.482142857143 206 150 54 29 14 14 13 9 7 3 1 0 0 0 0 0 0 0 0 0
"8" 8 0.514767932489 147 117 58 43 41 33 27 14 12 5 2 1 0 0 0 0 0 0 0 0
"9" 9 0.395939086294 281 112 61 23 8 6 3 2 2 1 1 0 0 0 0 0 0 0 0 0
"10" 10 0.240384615385 500 0 0 0 0 0 0 0 0 0 0 0 0 0 0 0 0 0 0 0
"11" 11 0.683035714286 141 113 83 49 30 24 22 17 16 2 1 1 1 0 0 0 0 0 0 0
"12" 12 0.336538461538 401 76 12 6 4 1 0 0 0 0 0 0 0 0 0 0 0 0 0 0
"13" 13 1.06976744186 250 65 38 31 22 20 18 11 11 9 8 7 6 3 1 0 0 0 0 0
"14" 14 0.269230769231 500 0 0 0 0 0 0 0 0 0 0 0 0 0 0 0 0 0 0 0
"15" 15 0.14367816092 115 105 58 57 45 40 20 19 12 11 8 3 2 2 2 1 0 0 0 0
"16" 16 0.183908045977 243 168 25 18 13 10 8 6 4 2 1 1 1 0 0 0 0 0 0 0
"17" 17 0.171102661597 299 141 56 2 1 1 0 0 0 0 0 0 0 0 0 0 0 0 0 0
"18" 18 0.240506329114 305 129 26 26 11 3 0 0 0 0 0 0 0 0 0 0 0 0 0 0
"19" 19 0.0 493 7 0 0 0 0 0 0 0 0 0 0 0 0 0 0 0 0 0 0
"20" 20 0.357664233577 203 189 27 26 23 14 12 3 2 1 0 0 0 0 0 0 0 0 0 0
"21" 21 0.0923076923077 342 89 19 14 10 9 5 4 3 3 2 0 0 0 0 0 0 0 0 0
"22" 22 0.455696202532 246 101 45 34 20 18 14 7 6 5 3 1 0 0 0 0 0 0 0 0
"23" 23 0.696517412935 88 59 58 47 45 36 32 26 24 23 20 15 14 5 4 3 1 0 0 0
"24" 24 0.563953488372 192 58 49 47 32 32 26 20 13 10 7 5 5 3 1 0 0 0 0 0
"25" 25 0.432692307692 500 0 0 0 0 0 0 0 0 0 0 0 0 0 0 0 0 0 0 0
"26" 26 0.379464285714 104 96 70 59 36 24 23 23 21 9 9 9 8 4 3 2 0 0 0 0
"27" 27 0.350574712644 213 157 66 27 20 8 3 2 1 1 1 1 0 0 0 0 0 0 0 0
"28" 28 0.0 496 3 1 0 0 0 0 0 0 0 0 0 0 0 0 0 0 0 0 0
"29" 29 0.124031007752 168 147 112 32 11 10 6 6 5 2 1 0 0 0 0 0 0 0 0 0
"30" 30 0.0 495 4 1 0 0 0 0 0 0 0 0 0 0 0 0 0 0 0 0 0
"31" 31 0.177215189873 493 3 1 1 1 1 0 0 0 0 0 0 0 0 0 0 0 0 0 0
"32" 32 0.0759493670886 166 148 126 22 19 6 5 3 2 2 1 0 0 0 0 0 0 0 0 0
"33" 33 0.10152284264 310 172 14 2 1 1 0 0 0 0 0 0 0 0 0 0 0 0 0 0
"34" 34 0.489051094891 79 61 59 43 36 34 32 24 23 22 21 18 15 14 7 5 4 2 1 0
"35" 35 0.139303482587 499 1 0 0 0 0 0 0 0 0 0 0 0 0 0 0 0 0 0 0
"36" 36 0.378238341969 293 42 28 27 20 17 15 15 14 9 7 3 3 3 2 1 1 0 0 0
"37" 37 0.343023255814 159 106 67 54 41 27 10 9 9 8 3 2 2 2 1 0 0 0 0 0
"38" 38 0.723214285714 96 75 69 55 43 41 35 28 13 11 10 8 5 4 3 3 1 0 0 0
"39" 39 0.593023255814 326 85 23 21 21 17 2 1 1 1 1 1 0 0 0 0 0 0 0 0
"40" 40 0.709821428571 104 84 65 62 44 39 22 17 16 9 9 9 7 5 5 3 0 0 0 0
"41" 41 0.288461538462 500 0 0 0 0 0 0 0 0 0 0 0 0 0 0 0 0 0 0 0
"42" 42 0.362068965517 246 197 19 14 10 7 5 1 1 0 0 0 0 0 0 0 0 0 0 0
"43" 43 0.207547169811 480 9 7 3 1 0 0 0 0 0 0 0 0 0 0 0 0 0 0 0
"44" 44 0.569536423841 93 86 54 44 33 28 23 23 23 22 19 19 10 9 8 4 2 0 0 0
"45" 45 0.348837209302 182 59 57 56 33 30 29 20 18 8 5 2 1 0 0 0 0 0 0 0
"46" 46 0.0 489 8 3 0 0 0 0 0 0 0 0 0 0 0 0 0 0 0 0 0
"47" 47 0.482233502538 172 119 40 35 34 29 15 14 12 8 5 5 4 2 2 2 2 0 0 0
"48" 48 0.29197080292 218 65 52 34 33 32 28 12 9 5 5 4 2 1 0 0 0 0 0 0
"49" 49 0.0267857142857 497 3 0 0 0 0 0 0 0 0 0 0 0 0 0 0 0 0 0 0
"50" 50 0.121827411168 465 17 6 5 2 2 1 1 1 0 0 0 0 0 0 0 0 0 0 0
"51" 51 0.403973509934 100 74 58 51 36 34 33 30 24 21 16 9 5 5 3 1 0 0 0 0
"52" 52 0.0597014925373 498 1 1 0 0 0 0 0 0 0 0 0 0 0 0 0 0 0 0 0
"53" 53 0.0398009950249 495 5 0 0 0 0 0 0 0 0 0 0 0 0 0 0 0 0 0 0
"54" 54 0.632911392405 127 54 47 46 46 44 43 24 19 18 15 10 4 2 1 0 0 0 0 0
"55" 55 0.424107142857 88 74 65 63 49 40 29 21 20 19 17 8 3 2 2 0 0 0 0 0
"56" 56 0.0199004975124 500 0 0 0 0 0 0 0 0 0 0 0 0 0 0 0 0 0 0 0
"57" 57 0.594871794872 118 81 72 36 33 29 29 26 24 20 7 7 6 5 3 2 1 1 0 0
"58" 58 0.177033492823 500 0 0 0 0 0 0 0 0 0 0 0 0 0 0 0 0 0 0 0
"59" 59 0.566037735849 248 65 31 27 26 22 19 19 18 9 8 5 1 1 1 0 0 0 0 0
"60" 60 0.0564102564103 311 67 54 28 23 12 1 1 1 1 1 0 0 0 0 0 0 0 0 0
"61" 61 0.010152284264 487 12 1 0 0 0 0 0 0 0 0 0 0 0 0 0 0 0 0 0
"62" 62 0.0287356321839 274 80 71 29 24 13 6 3 0 0 0 0 0 0 0 0 0 0 0 0
"63" 63 0.430379746835 247 47 46 35 31 21 12 9 8 7 7 6 6 5 5 5 2 1 0 0
"64" 64 0.124378109453 500 0 0 0 0 0 0 0 0 0 0 0 0 0 0 0 0 0 0 0
"65" 65 0.268656716418 268 120 24 20 18 14 13 8 7 4 3 1 0 0 0 0 0 0 0 0
"66" 66 0.461139896373 153 143 108 70 23 1 1 1 0 0 0 0 0 0 0 0 0 0 0 0
"67" 67 0.155172413793 497 2 1 0 0 0 0 0 0 0 0 0 0 0 0 0 0 0 0 0
"68" 68 0.147208121827 357 84 36 9 7 2 2 1 1 1 0 0 0 0 0 0 0 0 0 0
"69" 69 0.66985645933 204 117 30 30 28 21 21 18 11 7 5 4 2 1 1 0 0 0 0 0
"70" 70 0.348837209302 447 34 6 6 3 1 1 1 1 0 0 0 0 0 0 0 0 0 0 0
"71" 71 0.723214285714 83 80 71 70 49 24 22 20 20 16 14 9 7 6 3 2 2 1 1 0
"72" 72 0.4 210 56 36 31 30 24 23 18 17 15 13 7 7 7 4 2 0 0 0 0
"73" 73 0.257383966245 149 81 74 63 60 31 16 10 9 5 1 1 0 0 0 0 0 0 0 0
"74" 74 0.0298507462687 497 2 1 0 0 0 0 0 0 0 0 0 0 0 0 0 0 0 0 0
"75" 75 0.0836501901141 393 89 9 3 3 2 1 0 0 0 0 0 0 0 0 0 0 0 0 0
"76" 76 0.0 469 13 5 5 4 2 1 1 0 0 0 0 0 0 0 0 0 0 0 0
"77" 77 0.0172413793103 493 3 2 2 0 0 0 0 0 0 0 0 0 0 0 0 0 0 0 0
"78" 78 0.0836820083682 495 2 2 1 0 0 0 0 0 0 0 0 0 0 0 0 0 0 0 0
"79" 79 0.174107142857 391 23 16 15 14 10 7 7 6 4 3 1 1 1 1 0 0 0 0 0
"80" 80 0.163179916318 321 114 38 14 7 4 1 1 0 0 0 0 0 0 0 0 0 0 0 0
"81" 81 0.0497512437811 323 73 54 40 3 3 1 1 1 1 0 0 0 0 0 0 0 0 0 0
"82" 82 0.377990430622 191 86 60 27 25 25 23 15 14 13 4 4 3 3 2 2 2 1 0 0
"83" 83 0.125560538117 169 95 94 67 19 14 13 13 12 2 1 1 0 0 0 0 0 0 0 0
"84" 84 0.217616580311 178 139 55 53 27 14 13 7 7 3 2 1 1 0 0 0 0 0 0 0
"85" 85 0.0 500 0 0 0 0 0 0 0 0 0 0 0 0 0 0 0 0 0 0 0
"86" 86 0.232067510549 157 83 81 43 30 19 16 15 14 10 10 9 6 4 3 0 0 0 0 0
"87" 87 0.485232067511 86 81 70 48 47 43 38 30 20 17 6 5 5 2 2 0 0 0 0 0
"88" 88 0.0334728033473 494 6 0 0 0 0 0 0 0 0 0 0 0 0 0 0 0 0 0 0
"89" 89 0.0321100917431 411 38 24 5 4 4 4 4 3 3 0 0 0 0 0 0 0 0 0 0
"90" 90 0.492227979275 76 69 52 51 47 45 32 28 25 16 16 12 11 6 5 4 4 1 0 0
"91" 91 0.612403100775 135 102 67 51 38 29 27 20 10 7 6 3 2 1 1 1 0 0 0 0
"92" 92 0.0927152317881 221 84 82 60 43 4 4 2 0 0 0 0 0 0 0 0 0 0 0 0
"93" 93 0.527131782946 127 123 68 58 33 25 18 18 7 7 5 3 3 2 1 1 1 0 0 0
"94" 94 0.880597014925 101 68 65 57 43 33 31 24 19 14 11 10 8 6 5 3 2 0 0 0
"95" 95 0.761627906977 166 57 44 40 35 27 23 21 17 14 11 10 9 9 9 5 2 1 0 0
"96" 96 0.173076923077 500 0 0 0 0 0 0 0 0 0 0 0 0 0 0 0 0 0 0 0
"97" 97 0.0710659898477 450 49 1 0 0 0 0 0 0 0 0 0 0 0 0 0 0 0 0 0
"98" 98 0.51572327044 408 26 13 13 12 9 4 4 4 2 2 1 1 1 0 0 0 0 0 0
"99" 99 0.283582089552 223 55 43 31 28 22 20 14 14 12 12 9 7 4 3 3 0 0 0 0
"100" 100 0.396226415094 133 121 40 35 35 31 24 21 20 13 11 10 5 1 0 0 0 0 0 0
"101" 101 0.0199004975124 498 2 0 0 0 0 0 0 0 0 0 0 0 0 0 0 0 0 0 0
"102" 102 0.0304568527919 485 15 0 0 0 0 0 0 0 0 0 0 0 0 0 0 0 0 0 0
"103" 103 0.0632911392405 368 84 19 15 7 7 0 0 0 0 0 0 0 0 0 0 0 0 0 0
"104" 104 0.0132450331126 358 140 2 0 0 0 0 0 0 0 0 0 0 0 0 0 0 0 0 0
"105" 105 0.0 364 127 5 2 1 1 0 0 0 0 0 0 0 0 0 0 0 0 0 0
"106" 106 0.0 497 2 1 0 0 0 0 0 0 0 0 0 0 0 0 0 0 0 0 0
"107" 107 0.209205020921 308 144 14 9 7 6 6 5 1 0 0 0 0 0 0 0 0 0 0 0
"108" 108 0.0582959641256 499 1 0 0 0 0 0 0 0 0 0 0 0 0 0 0 0 0 0 0
"109" 109 0.0 500 0 0 0 0 0 0 0 0 0 0 0 0 0 0 0 0 0 0 0
"110" 110 0.0 500 0 0 0 0 0 0 0 0 0 0 0 0 0 0 0 0 0 0 0
"111" 111 0.282511210762 162 152 57 38 28 23 15 15 4 3 3 0 0 0 0 0 0 0 0 0
"112" 112 0.0 498 2 0 0 0 0 0 0 0 0 0 0 0 0 0 0 0 0 0 0
"113" 113 0.0 490 8 2 0 0 0 0 0 0 0 0 0 0 0 0 0 0 0 0 0
"114" 114 0.116279069767 308 116 26 10 7 6 5 5 5 4 3 3 2 0 0 0 0 0 0 0
"115" 115 0.209205020921 263 234 2 1 0 0 0 0 0 0 0 0 0 0 0 0 0 0 0 0
"116" 116 0.0 500 0 0 0 0 0 0 0 0 0 0 0 0 0 0 0 0 0 0 0
"117" 117 0.124401913876 324 105 48 11 4 3 2 1 1 1 0 0 0 0 0 0 0 0 0 0
"118" 118 0.576158940397 133 108 58 33 31 22 22 22 17 17 11 10 7 4 3 2 0 0 0 0
"119" 119 0.320574162679 112 100 81 67 30 27 23 16 14 12 7 6 3 2 0 0 0 0 0 0
"120" 120 0.35401459854 234 124 69 23 9 9 8 7 5 4 3 2 2 1 0 0 0 0 0 0
"121" 121 0.0 498 2 0 0 0 0 0 0 0 0 0 0 0 0 0 0 0 0 0 0
"122" 122 0.0 483 8 4 2 1 1 1 0 0 0 0 0 0 0 0 0 0 0 0 0
"123" 123 0.0 500 0 0 0 0 0 0 0 0 0 0 0 0 0 0 0 0 0 0 0
"124" 124 0.0583941605839 173 129 111 61 13 4 4 3 1 1 0 0 0 0 0 0 0 0 0 0
"125" 125 0.0880829015544 425 47 22 5 1 0 0 0 0 0 0 0 0 0 0 0 0 0 0 0
"126" 126 0.0 489 10 1 0 0 0 0 0 0 0 0 0 0 0 0 0 0 0 0 0
"127" 127 0.172995780591 432 32 16 7 6 5 2 0 0 0 0 0 0 0 0 0 0 0 0 0
"128" 128 0.0 500 0 0 0 0 0 0 0 0 0 0 0 0 0 0 0 0 0 0 0
"129" 129 0.309417040359 233 65 61 51 30 11 9 8 8 8 7 3 3 1 1 1 0 0 0 0
"130" 130 0.0717948717949 474 7 6 4 2 2 2 2 1 0 0 0 0 0 0 0 0 0 0 0
"131" 131 0.0 500 0 0 0 0 0 0 0 0 0 0 0 0 0 0 0 0 0 0 0
"132" 132 0.199004975124 144 122 80 55 54 31 4 4 3 2 1 0 0 0 0 0 0 0 0 0
"133" 133 0.0 458 33 9 0 0 0 0 0 0 0 0 0 0 0 0 0 0 0 0 0
"134" 134 0.138461538462 413 75 5 4 3 0 0 0 0 0 0 0 0 0 0 0 0 0 0 0
"135" 135 0.383720930233 93 91 87 66 47 38 22 13 12 8 7 6 4 3 2 1 0 0 0 0
"136" 136 0.571428571429 138 108 53 49 43 31 17 17 12 11 7 4 4 3 2 1 0 0 0 0
"137" 137 0.0 500 0 0 0 0 0 0 0 0 0 0 0 0 0 0 0 0 0 0 0
"138" 138 0.0697674418605 234 59 31 27 26 19 19 12 12 12 11 10 10 9 5 2 1 1 0 0
"139" 139 0.0 499 1 0 0 0 0 0 0 0 0 0 0 0 0 0 0 0 0 0 0
"140" 140 0.10970464135 372 102 8 6 6 3 2 1 0 0 0 0 0 0 0 0 0 0 0 0
"141" 141 0.0 431 17 12 8 7 7 7 5 3 2 1 0 0 0 0 0 0 0 0 0
"142" 142 0.0697674418605 239 167 91 3 0 0 0 0 0 0 0 0 0 0 0 0 0 0 0 0
"143" 143 0.305699481865 281 95 87 20 8 4 1 1 1 1 1 0 0 0 0 0 0 0 0 0
"144" 144 0.00418410041841 490 4 3 2 1 0 0 0 0 0 0 0 0 0 0 0 0 0 0 0
"145" 145 0.105769230769 446 39 14 1 0 0 0 0 0 0 0 0 0 0 0 0 0 0 0 0
"146" 146 0.268656716418 138 115 73 40 25 25 17 13 11 10 10 8 5 5 3 2 0 0 0 0
"147" 147 0.0 441 53 6 0 0 0 0 0 0 0 0 0 0 0 0 0 0 0 0 0
"148" 148 0.197080291971 113 68 62 45 42 30 26 26 22 21 13 12 12 8 0 0 0 0 0 0
"149" 149 0.325581395349 158 72 65 60 37 31 22 22 21 10 1 1 0 0 0 0 0 0 0 0
"150" 150 0.125523012552 468 12 5 4 3 3 2 2 1 0 0 0 0 0 0 0 0 0 0 0
"151" 151 0.269230769231 271 66 46 44 12 9 9 8 7 6 5 5 4 3 3 2 0 0 0 0
"152" 152 0.804597701149 204 108 34 32 25 21 18 13 9 8 6 5 5 5 4 2 1 0 0 0
"153" 153 0.748427672956 346 29 23 15 13 13 12 11 10 10 7 4 2 2 1 1 1 0 0 0
"154" 154 0.16091954023 360 50 45 15 15 7 4 3 1 0 0 0 0 0 0 0 0 0 0 0
"155" 155 0.558394160584 128 86 63 62 31 19 19 14 12 12 11 9 8 8 7 7 3 1 0 0
"156" 156 0.523255813953 182 63 57 51 47 34 32 11 10 6 4 2 1 0 0 0 0 0 0 0
"157" 157 0.110266159696 268 52 45 32 14 14 13 13 11 8 7 6 5 5 4 2 1 0 0 0
"158" 158 0.832535885167 170 87 69 39 27 27 25 19 9 9 8 3 3 2 1 1 1 0 0 0
"159" 159 0.790178571429 194 121 107 17 14 12 10 9 8 2 2 1 1 1 1 0 0 0 0 0
"160" 160 0.0804597701149 228 157 36 18 17 14 6 6 6 5 3 2 2 0 0 0 0 0 0 0
"161" 161 0.0114942528736 363 72 45 12 4 3 1 0 0 0 0 0 0 0 0 0 0 0 0 0
"162" 162 0.273255813953 393 47 32 14 5 4 2 2 1 0 0 0 0 0 0 0 0 0 0 0
"163" 163 0.164179104478 486 4 3 3 1 1 1 1 0 0 0 0 0 0 0 0 0 0 0 0
"164" 164 0.351063829787 354 33 23 22 21 16 8 6 5 4 3 3 2 0 0 0 0 0 0 0
"165" 165 0.0152091254753 499 1 0 0 0 0 0 0 0 0 0 0 0 0 0 0 0 0 0 0
"166" 166 0.142335766423 499 1 0 0 0 0 0 0 0 0 0 0 0 0 0 0 0 0 0 0
"167" 167 0.0077519379845 480 8 7 5 0 0 0 0 0 0 0 0 0 0 0 0 0 0 0 0
"168" 168 0.0 500 0 0 0 0 0 0 0 0 0 0 0 0 0 0 0 0 0 0 0
"169" 169 0.0223214285714 500 0 0 0 0 0 0 0 0 0 0 0 0 0 0 0 0 0 0 0
"170" 170 0.0761421319797 244 140 71 25 15 2 1 1 1 0 0 0 0 0 0 0 0 0 0 0
"171" 171 0.0199004975124 499 1 0 0 0 0 0 0 0 0 0 0 0 0 0 0 0 0 0 0
"172" 172 0.0 495 2 1 1 1 0 0 0 0 0 0 0 0 0 0 0 0 0 0 0
"173" 173 0.259615384615 500 0 0 0 0 0 0 0 0 0 0 0 0 0 0 0 0 0 0 0
"174" 174 0.113924050633 500 0 0 0 0 0 0 0 0 0 0 0 0 0 0 0 0 0 0 0
"175" 175 0.455696202532 94 68 56 52 36 35 31 26 25 25 20 15 8 7 1 1 0 0 0 0
"176" 176 0.539923954373 107 73 69 48 48 26 26 24 18 17 11 10 10 9 2 1 1 0 0 0
"177" 177 0.0304182509506 287 200 10 1 1 1 0 0 0 0 0 0 0 0 0 0 0 0 0 0
"178" 178 0.23178807947 324 151 18 4 1 1 1 0 0 0 0 0 0 0 0 0 0 0 0 0
"179" 179 0.267441860465 105 99 91 83 33 19 17 16 7 7 6 5 4 3 2 2 1 0 0 0
"180" 180 0.0852713178295 397 90 13 0 0 0 0 0 0 0 0 0 0 0 0 0 0 0 0 0
"181" 181 0.0 444 27 21 4 3 1 0 0 0 0 0 0 0 0 0 0 0 0 0 0
"182" 182 0.0 500 0 0 0 0 0 0 0 0 0 0 0 0 0 0 0 0 0 0 0
"183" 183 0.010152284264 243 227 17 9 3 1 0 0 0 0 0 0 0 0 0 0 0 0 0 0
"184" 184 0.0 500 0 0 0 0 0 0 0 0 0 0 0 0 0 0 0 0 0 0 0
"185" 185 0.0 380 119 1 0 0 0 0 0 0 0 0 0 0 0 0 0 0 0 0 0
"186" 186 0.00497512437811 499 1 0 0 0 0 0 0 0 0 0 0 0 0 0 0 0 0 0 0
"187" 187 0.0 500 0 0 0 0 0 0 0 0 0 0 0 0 0 0 0 0 0 0 0
"188" 188 0.00632911392405 500 0 0 0 0 0 0 0 0 0 0 0 0 0 0 0 0 0 0 0
"189" 189 0.0 488 12 0 0 0 0 0 0 0 0 0 0 0 0 0 0 0 0 0 0
"190" 190 0.0 490 8 1 1 0 0 0 0 0 0 0 0 0 0 0 0 0 0 0 0
"191" 191 0.0 497 2 1 0 0 0 0 0 0 0 0 0 0 0 0 0 0 0 0 0
"192" 192 0.0178571428571 218 66 57 46 28 24 16 12 9 5 4 4 3 3 2 1 1 1 0 0
"193" 193 0.0 486 10 2 1 1 0 0 0 0 0 0 0 0 0 0 0 0 0 0 0
"194" 194 0.0689655172414 496 3 1 0 0 0 0 0 0 0 0 0 0 0 0 0 0 0 0 0
"195" 195 0.191860465116 310 84 74 19 8 2 1 1 1 0 0 0 0 0 0 0 0 0 0 0
"196" 196 0.299270072993 214 122 63 48 24 10 9 4 3 2 1 0 0 0 0 0 0 0 0 0
"197" 197 0.631386861314 89 78 50 48 34 30 29 21 21 18 16 16 14 14 11 6 4 1 0 0
"198" 198 0.15503875969 408 42 23 8 6 4 4 2 1 1 1 0 0 0 0 0 0 0 0 0
"199" 199 0.144278606965 498 1 1 0 0 0 0 0 0 0 0 0 0 0 0 0 0 0 0 0
"200" 200 0.00836820083682 500 0 0 0 0 0 0 0 0 0 0 0 0 0 0 0 0 0 0 0
"201" 201 0.245283018868 497 3 0 0 0 0 0 0 0 0 0 0 0 0 0 0 0 0 0 0
"202" 202 0.0384615384615 500 0 0 0 0 0 0 0 0 0 0 0 0 0 0 0 0 0 0 0
"203" 203 0.683937823834 89 88 72 46 41 38 32 25 20 17 17 8 4 2 1 0 0 0 0 0
"204" 204 0.337748344371 408 36 22 19 15 0 0 0 0 0 0 0 0 0 0 0 0 0 0 0
"205" 205 0.495535714286 482 7 3 3 2 2 1 0 0 0 0 0 0 0 0 0 0 0 0 0
"206" 206 0.324873096447 135 117 31 29 27 26 22 22 21 15 11 11 9 6 6 6 3 3 0 0
"207" 207 0.124352331606 290 54 39 26 22 14 14 13 6 6 5 3 3 3 2 0 0 0 0 0
"208" 208 0.0 367 116 9 4 2 1 1 0 0 0 0 0 0 0 0 0 0 0 0 0
"209" 209 0.0348258706468 492 8 0 0 0 0 0 0 0 0 0 0 0 0 0 0 0 0 0 0
"210" 210 0.200836820084 108 70 49 45 38 36 33 30 23 22 16 14 5 4 3 2 2 0 0 0
"211" 211 0.277372262774 252 58 39 35 28 21 19 19 8 8 6 3 3 1 0 0 0 0 0 0
"212" 212 0.0 495 4 1 0 0 0 0 0 0 0 0 0 0 0 0 0 0 0 0 0
"213" 213 0.00418410041841 362 127 5 3 2 1 0 0 0 0 0 0 0 0 0 0 0 0 0 0
"214" 214 0.383211678832 195 96 64 51 27 26 13 10 6 4 3 2 2 1 0 0 0 0 0 0
"215" 215 0.104651162791 135 134 59 30 23 22 19 15 12 12 11 9 6 5 4 2 2 0 0 0
"216" 216 0.0298507462687 494 3 3 0 0 0 0 0 0 0 0 0 0 0 0 0 0 0 0 0
"217" 217 0.0576923076923 500 0 0 0 0 0 0 0 0 0 0 0 0 0 0 0 0 0 0 0
"218" 218 0.156976744186 463 15 13 5 4 0 0 0 0 0 0 0 0 0 0 0 0 0 0 0
"219" 219 0.0377358490566 499 1 0 0 0 0 0 0 0 0 0 0 0 0 0 0 0 0 0 0
"220" 220 0.424870466321 285 171 21 7 7 4 2 1 1 1 0 0 0 0 0 0 0 0 0 0
"221" 221 0.34375 498 1 1 0 0 0 0 0 0 0 0 0 0 0 0 0 0 0 0 0
"222" 222 0.770114942529 89 64 53 47 36 35 34 29 25 18 17 13 12 11 9 5 3 0 0 0
"223" 223 0.350574712644 167 57 39 35 33 30 28 25 22 22 14 12 11 3 1 1 0 0 0 0
"224" 224 0.0390070921986 500 0 0 0 0 0 0 0 0 0 0 0 0 0 0 0 0 0 0 0
"225" 225 0.522012578616 493 1 1 1 1 1 1 1 0 0 0 0 0 0 0 0 0 0 0 0
"226" 226 0.317307692308 500 0 0 0 0 0 0 0 0 0 0 0 0 0 0 0 0 0 0 0
"227" 227 0.0 432 35 27 4 1 1 0 0 0 0 0 0 0 0 0 0 0 0 0 0
"228" 228 0.354651162791 211 170 41 20 19 11 9 8 6 2 1 1 1 0 0 0 0 0 0 0
"229" 229 0.675496688742 131 71 50 38 37 32 26 25 22 16 16 12 11 10 2 1 0 0 0 0
"230" 230 0.0871559633028 465 31 2 1 1 0 0 0 0 0 0 0 0 0 0 0 0 0 0 0
"231" 231 0.509433962264 437 26 7 6 5 5 3 3 2 2 2 1 1 0 0 0 0 0 0 0
"232" 232 0.466321243523 197 103 78 41 24 20 14 11 4 3 3 2 0 0 0 0 0 0 0 0
"233" 233 0.155893536122 499 1 0 0 0 0 0 0 0 0 0 0 0 0 0 0 0 0 0 0
"234" 234 0.426160337553 123 65 62 42 38 32 31 31 27 15 14 7 6 3 3 1 0 0 0 0
"235" 235 0.654088050314 482 5 4 3 2 2 1 1 0 0 0 0 0 0 0 0 0 0 0 0
"236" 236 0.668874172185 86 75 71 48 43 38 34 25 25 19 19 13 1 1 1 1 0 0 0 0
"237" 237 0.0376569037657 303 87 21 20 16 15 11 7 6 5 3 3 2 1 0 0 0 0 0 0
"238" 238 0.345911949686 469 10 6 4 4 3 1 1 1 1 0 0 0 0 0 0 0 0 0 0
"239" 239 0.763713080169 86 75 48 47 42 40 33 26 26 19 15 13 12 6 5 3 2 2 0 0
"240" 240 0.27304964539 387 55 34 9 7 3 2 1 1 1 0 0 0 0 0 0 0 0 0 0
"241" 241 0.713178294574 74 51 49 44 44 43 43 35 30 29 17 13 12 6 3 3 2 1 1 0
"242" 242 0.416058394161 190 127 76 38 19 19 16 11 2 2 0 0 0 0 0 0 0 0 0 0
"243" 243 0.367713004484 159 140 106 26 18 15 15 9 6 3 1 1 1 0 0 0 0 0 0 0
"244" 244 0.528497409326 306 33 32 24 22 19 18 18 10 8 7 1 1 1 0 0 0 0 0 0
"245" 245 0.0753138075314 237 225 11 10 5 3 2 2 2 1 1 1 0 0 0 0 0 0 0 0
"246" 246 0.291390728477 234 55 54 35 26 23 19 19 16 12 4 2 1 0 0 0 0 0 0 0
"247" 247 0.590717299578 82 79 71 63 54 41 33 31 14 10 7 4 4 2 2 2 1 0 0 0
"248" 248 0.0689655172414 300 164 23 6 4 3 0 0 0 0 0 0 0 0 0 0 0 0 0 0
"249" 249 0.00574712643678 341 131 25 3 0 0 0 0 0 0 0 0 0 0 0 0 0 0 0 0
"250" 250 0.509433962264 347 42 31 22 17 13 6 5 4 4 3 2 2 1 1 0 0 0 0 0
"251" 251 0.59748427673 103 89 68 66 38 33 26 24 21 13 10 2 2 2 2 1 0 0 0 0
"252" 252 0.0298507462687 499 1 0 0 0 0 0 0 0 0 0 0 0 0 0 0 0 0 0 0
"253" 253 0.316062176166 412 71 5 4 3 2 1 1 1 0 0 0 0 0 0 0 0 0 0 0
"254" 254 0.647321428571 159 62 61 53 20 20 20 18 17 16 14 10 9 7 5 5 4 0 0 0
"255" 255 0.238341968912 183 109 43 36 36 26 22 22 8 4 3 3 3 2 0 0 0 0 0 0
"256" 256 0.0 500 0 0 0 0 0 0 0 0 0 0 0 0 0 0 0 0 0 0 0
"257" 257 0.284671532847 460 10 8 6 6 5 5 0 0 0 0 0 0 0 0 0 0 0 0 0
"258" 258 0.304635761589 95 81 74 66 59 31 31 20 18 14 6 4 1 0 0 0 0 0 0 0
"259" 259 0.0 499 1 0 0 0 0 0 0 0 0 0 0 0 0 0 0 0 0 0 0
"260" 260 0.00497512437811 500 0 0 0 0 0 0 0 0 0 0 0 0 0 0 0 0 0 0 0
"261" 261 0.264900662252 114 101 91 31 28 27 20 19 19 11 11 10 6 6 6 0 0 0 0 0
"262" 262 0.318385650224 170 68 64 49 38 29 24 18 13 8 7 4 3 2 2 1 0 0 0 0
"263" 263 0.0 487 10 1 1 1 0 0 0 0 0 0 0 0 0 0 0 0 0 0 0
"264" 264 0.0248756218905 500 0 0 0 0 0 0 0 0 0 0 0 0 0 0 0 0 0 0 0
"265" 265 0.282296650718 496 1 1 1 1 0 0 0 0 0 0 0 0 0 0 0 0 0 0 0
"266" 266 0.0304182509506 493 7 0 0 0 0 0 0 0 0 0 0 0 0 0 0 0 0 0 0
"267" 267 0.0984455958549 341 132 8 6 4 3 2 1 1 1 1 0 0 0 0 0 0 0 0 0
"268" 268 0.194968553459 499 1 0 0 0 0 0 0 0 0 0 0 0 0 0 0 0 0 0 0
"269" 269 0.723076923077 112 74 68 46 41 32 25 24 22 21 21 6 4 3 1 0 0 0 0 0
"270" 270 0.616033755274 217 62 45 39 37 36 22 22 11 4 4 1 0 0 0 0 0 0 0 0
"271" 271 0.0510948905109 500 0 0 0 0 0 0 0 0 0 0 0 0 0 0 0 0 0 0 0
"272" 272 0.10152284264 417 36 23 11 10 2 1 0 0 0 0 0 0 0 0 0 0 0 0 0
"273" 273 0.364238410596 196 99 73 27 22 21 15 11 9 8 7 6 5 1 0 0 0 0 0 0
"274" 274 0.0077519379845 492 4 2 2 0 0 0 0 0 0 0 0 0 0 0 0 0 0 0 0
"275" 275 0.675105485232 72 61 54 37 35 34 31 26 25 23 17 16 16 16 12 11 8 6 0 0
"276" 276 0.348837209302 179 127 95 26 22 19 11 8 7 2 1 1 1 1 0 0 0 0 0 0
"277" 277 0.0 492 5 3 0 0 0 0 0 0 0 0 0 0 0 0 0 0 0 0 0
"278" 278 0.233830845771 495 2 1 1 1 0 0 0 0 0 0 0 0 0 0 0 0 0 0 0
"279" 279 0.697674418605 104 69 62 53 48 41 25 22 21 20 18 6 5 4 1 1 0 0 0 0
"280" 280 0.0813397129187 500 0 0 0 0 0 0 0 0 0 0 0 0 0 0 0 0 0 0 0
"281" 281 0.415094339623 147 82 55 50 28 27 25 24 20 11 10 8 6 4 1 1 1 0 0 0
"282" 282 0.0 287 213 0 0 0 0 0 0 0 0 0 0 0 0 0 0 0 0 0 0
"283" 283 0.0418410041841 500 0 0 0 0 0 0 0 0 0 0 0 0 0 0 0 0 0 0 0
"284" 284 0.677130044843 89 70 67 53 46 38 36 33 19 16 14 8 7 2 1 1 0 0 0 0
"285" 285 0.518134715026 367 39 14 13 12 10 7 7 7 6 5 4 3 3 2 1 0 0 0 0
"286" 286 0.229885057471 340 71 69 18 1 1 0 0 0 0 0 0 0 0 0 0 0 0 0 0
"287" 287 0.517441860465 160 158 102 24 21 13 7 3 3 3 2 2 1 1 0 0 0 0 0 0
"288" 288 0.489451476793 158 98 81 51 26 22 18 14 6 6 5 4 4 3 1 1 1 1 0 0
"289" 289 0.22641509434 488 5 3 1 1 1 1 0 0 0 0 0 0 0 0 0 0 0 0 0
"290" 290 0.563218390805 119 74 58 47 46 40 35 27 12 9 8 6 6 5 4 4 0 0 0 0
"291" 291 0.0377358490566 500 0 0 0 0 0 0 0 0 0 0 0 0 0 0 0 0 0 0 0
"292" 292 0.88995215311 180 51 43 36 34 31 26 16 16 11 11 11 9 7 7 5 4 2 0 0
"293" 293 0.497512437811 356 41 36 20 11 11 5 4 4 4 3 3 1 1 0 0 0 0 0 0
