"site" "RSA" "aa1" "aa2" "aa3" "aa4" "aa5" "aa6" "aa7" "aa8" "aa9" "aa10" "aa11" "aa12" "aa13" "aa14" "aa15" "aa16" "aa17" "aa18" "aa19" "aa20"
"0" 0 0.821705426357 7 1 0 0 0 0 0 0 0 0 0 0 0 0 0 0 0 0 0 0
"1" 1 0.789743589744 3 3 3 1 1 0 0 0 0 0 0 0 0 0 0 0 0 0 0 0
"2" 2 0.197674418605 19 3 2 2 1 1 0 0 0 0 0 0 0 0 0 0 0 0 0 0
"3" 3 0.0384615384615 10 9 7 7 3 3 3 2 0 0 0 0 0 0 0 0 0 0 0 0
"4" 4 0.211920529801 117 35 8 4 2 2 2 1 0 0 0 0 0 0 0 0 0 0 0 0
"5" 5 0.0 146 34 12 1 0 0 0 0 0 0 0 0 0 0 0 0 0 0 0 0
"6" 6 0.0114942528736 153 33 2 2 1 1 1 0 0 0 0 0 0 0 0 0 0 0 0 0
"7" 7 0.0298507462687 161 18 13 2 0 0 0 0 0 0 0 0 0 0 0 0 0 0 0 0
"8" 8 0.0 84 53 42 5 5 3 1 1 0 0 0 0 0 0 0 0 0 0 0 0
"9" 9 0.211678832117 194 0 0 0 0 0 0 0 0 0 0 0 0 0 0 0 0 0 0 0
"10" 10 0.0574162679426 194 0 0 0 0 0 0 0 0 0 0 0 0 0 0 0 0 0 0 0
"11" 11 0.0192307692308 193 1 0 0 0 0 0 0 0 0 0 0 0 0 0 0 0 0 0 0
"12" 12 0.321428571429 124 58 4 3 2 1 1 1 0 0 0 0 0 0 0 0 0 0 0 0
"13" 13 0.0 188 5 1 0 0 0 0 0 0 0 0 0 0 0 0 0 0 0 0 0
"14" 14 0.388601036269 73 28 24 21 18 8 8 7 2 1 1 1 1 1 0 0 0 0 0 0
"15" 15 0.13829787234 192 2 0 0 0 0 0 0 0 0 0 0 0 0 0 0 0 0 0 0
"16" 16 0.34358974359 194 0 0 0 0 0 0 0 0 0 0 0 0 0 0 0 0 0 0 0
"17" 17 0.441860465116 55 53 28 19 16 9 4 3 2 2 1 1 1 0 0 0 0 0 0 0
"18" 18 0.532338308458 110 35 21 7 6 5 5 3 1 1 0 0 0 0 0 0 0 0 0 0
"19" 19 0.307692307692 192 1 1 0 0 0 0 0 0 0 0 0 0 0 0 0 0 0 0 0
"20" 20 0.174129353234 104 65 14 9 2 0 0 0 0 0 0 0 0 0 0 0 0 0 0 0
"21" 21 0.00836820083682 194 0 0 0 0 0 0 0 0 0 0 0 0 0 0 0 0 0 0 0
"22" 22 0.0697674418605 166 24 2 2 0 0 0 0 0 0 0 0 0 0 0 0 0 0 0 0
"23" 23 0.00961538461538 189 5 0 0 0 0 0 0 0 0 0 0 0 0 0 0 0 0 0 0
"24" 24 0.00709219858156 193 1 0 0 0 0 0 0 0 0 0 0 0 0 0 0 0 0 0 0
"25" 25 0.114942528736 61 56 16 13 11 8 7 5 5 4 2 2 2 1 1 0 0 0 0 0
"26" 26 0.186528497409 190 3 1 0 0 0 0 0 0 0 0 0 0 0 0 0 0 0 0 0
"27" 27 0.0804597701149 146 24 12 5 3 2 1 1 0 0 0 0 0 0 0 0 0 0 0 0
"28" 28 0.163461538462 116 16 14 11 10 9 4 3 3 3 2 2 1 0 0 0 0 0 0 0
"29" 29 0.109452736318 191 3 0 0 0 0 0 0 0 0 0 0 0 0 0 0 0 0 0 0
"30" 30 0.104651162791 111 74 5 3 1 0 0 0 0 0 0 0 0 0 0 0 0 0 0 0
"31" 31 0.683937823834 102 39 30 8 4 4 2 2 1 1 1 0 0 0 0 0 0 0 0 0
"32" 32 0.502109704641 97 41 13 13 9 6 5 4 3 1 1 1 0 0 0 0 0 0 0 0
"33" 33 0.0 194 0 0 0 0 0 0 0 0 0 0 0 0 0 0 0 0 0 0 0
"34" 34 0.349775784753 47 37 27 27 14 13 9 7 7 2 2 1 1 0 0 0 0 0 0 0
"35" 35 0.418604651163 54 45 22 15 11 10 9 7 7 6 4 3 1 1 0 0 0 0 0 0
"36" 36 0.142857142857 175 19 1 0 0 0 0 0 0 0 0 0 0 0 0 0 0 0 0 0
"37" 37 0.0077519379845 188 3 2 1 1 0 0 0 0 0 0 0 0 0 0 0 0 0 0 0
"38" 38 0.310344827586 47 39 14 13 13 12 12 11 7 6 5 4 4 3 2 1 1 1 0 0
"39" 39 0.35401459854 40 35 31 18 17 14 11 10 6 4 3 1 1 1 1 1 1 0 0 0
"40" 40 0.0 145 34 11 5 0 0 0 0 0 0 0 0 0 0 0 0 0 0 0 0
"41" 41 0.0 181 14 0 0 0 0 0 0 0 0 0 0 0 0 0 0 0 0 0 0
"42" 42 0.339285714286 54 49 32 25 6 6 6 3 3 3 3 2 2 1 0 0 0 0 0 0
"43" 43 0.0547263681592 110 27 12 12 8 7 5 4 4 3 1 1 1 0 0 0 0 0 0 0
"44" 44 0.0152284263959 145 32 15 2 1 0 0 0 0 0 0 0 0 0 0 0 0 0 0 0
"45" 45 0.248062015504 122 25 24 5 5 3 3 1 1 1 1 1 1 1 1 0 0 0 0 0
"46" 46 0.526785714286 87 30 28 24 14 4 3 2 1 1 0 0 0 0 0 0 0 0 0 0
"47" 47 0.435406698565 59 51 21 18 13 10 6 5 3 2 2 1 1 1 1 0 0 0 0 0
"48" 48 0.683937823834 154 17 7 7 3 2 2 2 1 0 0 0 0 0 0 0 0 0 0 0
"49" 49 0.0646766169154 66 45 35 24 15 5 2 1 1 1 0 0 0 0 0 0 0 0 0 0
"50" 50 0.248756218905 35 30 24 21 17 17 12 12 6 6 4 3 3 2 2 1 0 0 0 0
"51" 51 0.0125786163522 145 41 6 2 1 0 0 0 0 0 0 0 0 0 0 0 0 0 0 0
"52" 52 0.316062176166 170 7 4 3 3 2 1 1 1 1 1 1 0 0 0 0 0 0 0 0
"53" 53 0.0287356321839 68 43 25 11 8 8 5 5 5 4 4 4 2 2 1 0 0 0 0 0
"54" 54 0.0248756218905 120 30 21 18 2 1 1 1 1 0 0 0 0 0 0 0 0 0 0 0
"55" 55 0.0304182509506 104 51 36 2 1 1 0 0 0 0 0 0 0 0 0 0 0 0 0 0
"56" 56 0.0 187 4 2 2 0 0 0 0 0 0 0 0 0 0 0 0 0 0 0 0
"57" 57 0.0 195 0 0 0 0 0 0 0 0 0 0 0 0 0 0 0 0 0 0 0
"58" 58 0.169154228856 115 43 17 6 5 3 2 2 1 1 0 0 0 0 0 0 0 0 0 0
"59" 59 0.0 182 13 0 0 0 0 0 0 0 0 0 0 0 0 0 0 0 0 0 0
"60" 60 0.467153284672 112 36 25 11 5 1 1 1 1 1 1 0 0 0 0 0 0 0 0 0
"61" 61 0.0182481751825 195 0 0 0 0 0 0 0 0 0 0 0 0 0 0 0 0 0 0 0
"62" 62 0.0 188 7 0 0 0 0 0 0 0 0 0 0 0 0 0 0 0 0 0 0
"63" 63 0.213197969543 156 13 11 7 3 2 2 1 0 0 0 0 0 0 0 0 0 0 0 0
"64" 64 0.279069767442 67 53 19 12 9 9 6 4 4 3 2 2 2 1 1 1 0 0 0 0
"65" 65 0.00581395348837 194 1 0 0 0 0 0 0 0 0 0 0 0 0 0 0 0 0 0 0
"66" 66 0.0 127 36 11 7 4 3 3 2 1 1 0 0 0 0 0 0 0 0 0 0
"67" 67 0.459330143541 78 72 14 10 5 4 3 2 2 2 1 1 1 0 0 0 0 0 0 0
"68" 68 0.1592039801 67 46 16 12 12 10 7 7 6 4 3 2 2 1 0 0 0 0 0 0
"69" 69 0.0077519379845 69 65 42 8 6 3 1 1 0 0 0 0 0 0 0 0 0 0 0 0
"70" 70 0.0348258706468 179 7 4 3 2 0 0 0 0 0 0 0 0 0 0 0 0 0 0 0
"71" 71 0.440414507772 86 63 14 5 5 4 4 3 3 2 2 1 1 1 1 0 0 0 0 0
"72" 72 0.271523178808 93 28 12 11 10 10 10 9 6 2 1 1 1 1 0 0 0 0 0 0
"73" 73 0.062015503876 72 42 35 19 9 7 5 4 2 0 0 0 0 0 0 0 0 0 0 0
"74" 74 0.632124352332 138 33 12 5 4 1 1 1 0 0 0 0 0 0 0 0 0 0 0 0
"75" 75 0.186131386861 71 56 46 5 3 2 2 2 2 1 1 1 1 1 1 0 0 0 0 0
"76" 76 0.34328358209 48 48 17 13 13 10 10 8 6 6 5 3 3 2 1 1 1 0 0 0
"77" 77 0.631205673759 146 17 8 8 6 3 3 2 1 1 0 0 0 0 0 0 0 0 0 0
"78" 78 0.0355329949239 108 55 24 4 2 2 0 0 0 0 0 0 0 0 0 0 0 0 0 0
"79" 79 0.408805031447 182 5 3 2 1 1 1 0 0 0 0 0 0 0 0 0 0 0 0 0
"80" 80 0.270114942529 149 22 12 5 3 3 1 0 0 0 0 0 0 0 0 0 0 0 0 0
"81" 81 0.514598540146 38 24 21 19 15 15 14 14 13 6 4 3 3 2 2 1 1 0 0 0
"82" 82 0.416058394161 110 53 11 7 5 3 2 1 1 1 1 0 0 0 0 0 0 0 0 0
"83" 83 0.0860927152318 90 41 35 10 8 4 3 2 1 1 0 0 0 0 0 0 0 0 0 0
"84" 84 0.156028368794 190 5 0 0 0 0 0 0 0 0 0 0 0 0 0 0 0 0 0 0
"85" 85 0.266423357664 170 14 4 3 2 1 1 0 0 0 0 0 0 0 0 0 0 0 0 0
"86" 86 0.00497512437811 194 1 0 0 0 0 0 0 0 0 0 0 0 0 0 0 0 0 0 0
"87" 87 0.0 195 0 0 0 0 0 0 0 0 0 0 0 0 0 0 0 0 0 0 0
"88" 88 0.0982142857143 195 0 0 0 0 0 0 0 0 0 0 0 0 0 0 0 0 0 0 0
"89" 89 0.0182481751825 183 12 0 0 0 0 0 0 0 0 0 0 0 0 0 0 0 0 0 0
"90" 90 0.00956937799043 187 5 1 1 1 0 0 0 0 0 0 0 0 0 0 0 0 0 0 0
"91" 91 0.06463878327 195 0 0 0 0 0 0 0 0 0 0 0 0 0 0 0 0 0 0 0
"92" 92 0.0 195 0 0 0 0 0 0 0 0 0 0 0 0 0 0 0 0 0 0 0
"93" 93 0.302325581395 126 42 7 6 3 2 2 2 2 2 1 0 0 0 0 0 0 0 0 0
"94" 94 0.0298507462687 195 0 0 0 0 0 0 0 0 0 0 0 0 0 0 0 0 0 0 0
"95" 95 0.00896860986547 143 41 5 3 2 1 0 0 0 0 0 0 0 0 0 0 0 0 0 0
"96" 96 0.144230769231 195 0 0 0 0 0 0 0 0 0 0 0 0 0 0 0 0 0 0 0
"97" 97 0.313432835821 171 19 3 1 1 0 0 0 0 0 0 0 0 0 0 0 0 0 0 0
"98" 98 0.227979274611 156 38 1 0 0 0 0 0 0 0 0 0 0 0 0 0 0 0 0 0
"99" 99 0.160337552743 190 5 0 0 0 0 0 0 0 0 0 0 0 0 0 0 0 0 0 0
"100" 100 0.434108527132 111 27 17 10 10 9 3 3 2 1 1 1 0 0 0 0 0 0 0 0
"101" 101 0.678571428571 153 17 12 8 4 1 0 0 0 0 0 0 0 0 0 0 0 0 0 0
"102" 102 0.046511627907 158 12 10 7 6 1 1 0 0 0 0 0 0 0 0 0 0 0 0 0
"103" 103 0.42194092827 134 17 14 11 10 4 3 2 0 0 0 0 0 0 0 0 0 0 0 0
"104" 104 0.682170542636 63 58 27 14 13 5 5 3 3 2 1 1 0 0 0 0 0 0 0 0
"105" 105 0.693430656934 131 26 15 12 4 3 2 1 1 0 0 0 0 0 0 0 0 0 0 0
"106" 106 0.38783269962 109 48 34 3 1 0 0 0 0 0 0 0 0 0 0 0 0 0 0 0
"107" 107 0.269230769231 195 0 0 0 0 0 0 0 0 0 0 0 0 0 0 0 0 0 0 0
"108" 108 0.625 109 53 10 9 4 2 2 1 1 1 1 1 1 0 0 0 0 0 0 0
"109" 109 0.6875 141 37 8 5 3 1 0 0 0 0 0 0 0 0 0 0 0 0 0 0
"110" 110 0.345291479821 183 10 1 1 0 0 0 0 0 0 0 0 0 0 0 0 0 0 0 0
"111" 111 0.108786610879 162 31 1 1 0 0 0 0 0 0 0 0 0 0 0 0 0 0 0 0
"112" 112 0.426605504587 48 48 36 25 19 5 4 4 3 3 0 0 0 0 0 0 0 0 0 0
"113" 113 0.31007751938 100 36 23 9 8 7 4 4 3 1 0 0 0 0 0 0 0 0 0 0
"114" 114 0.0709219858156 193 2 0 0 0 0 0 0 0 0 0 0 0 0 0 0 0 0 0 0
"115" 115 0.153284671533 195 0 0 0 0 0 0 0 0 0 0 0 0 0 0 0 0 0 0 0
"116" 116 0.120437956204 195 0 0 0 0 0 0 0 0 0 0 0 0 0 0 0 0 0 0 0
"117" 117 0.23178807947 177 10 6 1 1 0 0 0 0 0 0 0 0 0 0 0 0 0 0 0
"118" 118 0.106463878327 125 60 5 2 2 1 0 0 0 0 0 0 0 0 0 0 0 0 0 0
"119" 119 0.538860103627 168 13 8 2 1 1 1 1 0 0 0 0 0 0 0 0 0 0 0 0
"120" 120 0.529069767442 70 67 54 2 2 0 0 0 0 0 0 0 0 0 0 0 0 0 0 0
"121" 121 0.276729559748 124 20 18 10 10 3 3 2 2 1 1 1 0 0 0 0 0 0 0 0
"122" 122 0.0125786163522 195 0 0 0 0 0 0 0 0 0 0 0 0 0 0 0 0 0 0 0
"123" 123 0.345911949686 179 3 3 2 2 2 1 1 1 1 0 0 0 0 0 0 0 0 0 0
"124" 124 0.534591194969 82 53 18 9 6 6 5 5 3 3 2 1 1 1 0 0 0 0 0 0
"125" 125 0.0456852791878 112 36 32 7 2 2 1 1 1 0 0 0 0 0 0 0 0 0 0 0
"126" 126 0.65625 77 38 22 21 11 7 5 3 3 3 1 1 0 0 0 0 0 0 0 0
"127" 127 0.518248175182 45 37 24 19 19 12 8 6 4 3 3 3 2 2 2 2 1 0 0 0
"128" 128 0.615384615385 80 32 30 16 13 11 5 3 1 1 0 0 0 0 0 0 0 0 0 0
"129" 129 0.198675496689 108 40 28 5 4 4 2 1 1 0 0 0 0 0 0 0 0 0 0 0
"130" 130 0.744394618834 72 63 18 11 8 6 5 3 3 2 1 1 0 0 0 0 0 0 0 0
"131" 131 0.255230125523 93 38 33 7 5 5 3 3 2 2 1 1 1 1 0 0 0 0 0 0
"132" 132 0.0993377483444 50 42 31 14 12 12 9 8 6 4 1 1 1 1 1 1 0 0 0 0
"133" 133 0.0582959641256 98 34 15 11 6 6 6 5 4 2 2 2 1 1 1 0 0 0 0 0
"134" 134 0.181347150259 47 23 23 16 9 9 8 8 8 8 8 6 5 5 4 3 1 1 0 0
"135" 135 0.62015503876 44 23 23 21 17 12 10 8 7 7 4 3 2 2 2 2 2 2 1 0
"136" 136 0.284974093264 167 9 7 3 3 2 1 1 0 0 0 0 0 0 0 0 0 0 0 0
"137" 137 0.704402515723 99 42 15 10 7 6 3 2 2 2 1 1 1 1 0 0 0 0 0 0
"138" 138 0.419708029197 167 12 3 3 3 1 1 1 1 1 0 0 0 0 0 0 0 0 0 0
"139" 139 0.00760456273764 191 1 1 0 0 0 0 0 0 0 0 0 0 0 0 0 0 0 0 0
"140" 140 0.472868217054 100 37 15 10 5 5 4 4 3 2 2 2 2 1 0 0 0 0 0 0
"141" 141 0.870466321244 55 42 25 19 13 11 11 6 2 2 1 1 1 1 0 0 0 0 0 0
"142" 142 0.284263959391 89 36 33 8 3 3 3 2 2 2 2 2 2 1 1 1 1 0 0 0
"143" 143 0.586538461538 47 40 22 16 14 12 12 7 6 4 4 3 3 2 0 0 0 0 0 0
"144" 144 0.0384615384615 35 30 25 22 17 11 9 9 7 6 4 3 3 3 3 1 0 0 0 0
"145" 145 0.153846153846 6 6 5 5 4 3 3 2 1 1 0 0 0 0 0 0 0 0 0 0
"146" 146 0.245283018868 189 3 1 0 0 0 0 0 0 0 0 0 0 0 0 0 0 0 0 0
"147" 147 0.174129353234 56 31 26 16 11 9 8 6 5 5 5 4 3 3 2 1 1 1 0 0
"148" 148 0.145348837209 119 19 19 18 7 5 2 2 2 1 0 0 0 0 0 0 0 0 0 0
"149" 149 0.0223214285714 193 1 0 0 0 0 0 0 0 0 0 0 0 0 0 0 0 0 0 0
"150" 150 0.0126582278481 107 69 14 3 1 0 0 0 0 0 0 0 0 0 0 0 0 0 0 0
"151" 151 0.0199004975124 194 0 0 0 0 0 0 0 0 0 0 0 0 0 0 0 0 0 0 0
"152" 152 0.147286821705 148 22 12 4 3 2 1 1 1 1 0 0 0 0 0 0 0 0 0 0
"153" 153 0.336787564767 121 35 12 8 5 3 3 2 2 2 1 1 0 0 0 0 0 0 0 0
"154" 154 0.0 151 37 5 2 0 0 0 0 0 0 0 0 0 0 0 0 0 0 0 0
"155" 155 0.183908045977 73 61 44 9 2 2 2 1 1 0 0 0 0 0 0 0 0 0 0 0
"156" 156 0.550387596899 70 61 26 11 10 7 3 2 1 1 1 1 1 0 0 0 0 0 0 0
"157" 157 0.0547445255474 195 0 0 0 0 0 0 0 0 0 0 0 0 0 0 0 0 0 0 0
"158" 158 0.0167364016736 96 33 18 16 12 11 8 1 0 0 0 0 0 0 0 0 0 0 0 0
"159" 159 0.238805970149 114 29 21 18 3 3 3 2 1 1 0 0 0 0 0 0 0 0 0 0
"160" 160 0.352201257862 186 2 2 2 1 1 1 0 0 0 0 0 0 0 0 0 0 0 0 0
"161" 161 0.121673003802 131 36 13 4 4 2 1 1 1 1 1 0 0 0 0 0 0 0 0 0
"162" 162 0.00836820083682 171 18 6 0 0 0 0 0 0 0 0 0 0 0 0 0 0 0 0 0
"163" 163 0.348837209302 53 50 20 13 12 11 8 8 7 4 3 2 2 1 1 0 0 0 0 0
"164" 164 0.694300518135 69 59 25 10 7 6 6 4 4 2 1 1 1 0 0 0 0 0 0 0
"165" 165 0.316091954023 38 37 26 17 17 14 10 10 8 7 5 1 1 1 1 1 1 0 0 0
"166" 166 0.0 182 6 5 1 1 0 0 0 0 0 0 0 0 0 0 0 0 0 0 0
"167" 167 0.103448275862 84 48 15 11 8 8 6 3 3 3 2 2 1 1 0 0 0 0 0 0
"168" 168 0.375 165 13 6 4 3 1 1 1 1 0 0 0 0 0 0 0 0 0 0 0
"169" 169 0.139896373057 43 36 35 23 15 9 9 8 5 5 3 1 1 1 1 0 0 0 0 0
"170" 170 0.0 86 85 14 10 0 0 0 0 0 0 0 0 0 0 0 0 0 0 0 0
"171" 171 0.405109489051 84 34 29 12 7 6 5 5 3 3 2 2 1 1 1 0 0 0 0 0
"172" 172 0.494252873563 80 38 23 18 9 9 7 4 3 2 1 1 0 0 0 0 0 0 0 0
"173" 173 0.278846153846 168 7 4 3 3 3 2 2 1 1 1 0 0 0 0 0 0 0 0 0
"174" 174 0.345991561181 120 21 17 14 9 5 2 2 2 1 1 0 0 0 0 0 0 0 0 0
"175" 175 0.133720930233 56 54 31 20 10 8 7 5 2 1 1 0 0 0 0 0 0 0 0 0
"176" 176 0.0 139 35 16 2 1 1 1 0 0 0 0 0 0 0 0 0 0 0 0 0
"177" 177 0.00497512437811 127 53 7 5 2 1 0 0 0 0 0 0 0 0 0 0 0 0 0 0
"178" 178 0.0 127 66 2 0 0 0 0 0 0 0 0 0 0 0 0 0 0 0 0 0
"179" 179 0.0 106 41 31 14 2 1 0 0 0 0 0 0 0 0 0 0 0 0 0 0
"180" 180 0.0077519379845 194 1 0 0 0 0 0 0 0 0 0 0 0 0 0 0 0 0 0 0
"181" 181 0.0 195 0 0 0 0 0 0 0 0 0 0 0 0 0 0 0 0 0 0 0
"182" 182 0.0288461538462 195 0 0 0 0 0 0 0 0 0 0 0 0 0 0 0 0 0 0 0
"183" 183 0.0615384615385 195 0 0 0 0 0 0 0 0 0 0 0 0 0 0 0 0 0 0 0
"184" 184 0.00662251655629 185 10 0 0 0 0 0 0 0 0 0 0 0 0 0 0 0 0 0 0
"185" 185 0.0248756218905 164 25 2 2 1 1 0 0 0 0 0 0 0 0 0 0 0 0 0 0
"186" 186 0.014598540146 195 0 0 0 0 0 0 0 0 0 0 0 0 0 0 0 0 0 0 0
"187" 187 0.0077519379845 151 38 6 0 0 0 0 0 0 0 0 0 0 0 0 0 0 0 0 0
"188" 188 0.0 148 39 4 4 0 0 0 0 0 0 0 0 0 0 0 0 0 0 0 0
"189" 189 0.0172413793103 138 38 7 3 3 3 2 1 0 0 0 0 0 0 0 0 0 0 0 0
"190" 190 0.118143459916 182 6 4 2 1 0 0 0 0 0 0 0 0 0 0 0 0 0 0 0
"191" 191 0.296650717703 95 82 6 4 2 1 1 1 1 1 1 0 0 0 0 0 0 0 0 0
"192" 192 0.0547263681592 179 12 3 1 0 0 0 0 0 0 0 0 0 0 0 0 0 0 0 0
"193" 193 0.0414507772021 121 37 11 8 6 5 2 1 1 1 1 1 0 0 0 0 0 0 0 0
"194" 194 0.636771300448 69 58 16 14 12 7 7 4 4 2 1 1 0 0 0 0 0 0 0 0
"195" 195 0.0871559633028 111 35 26 20 1 1 1 0 0 0 0 0 0 0 0 0 0 0 0 0
"196" 196 0.390728476821 151 17 10 7 4 3 3 0 0 0 0 0 0 0 0 0 0 0 0 0
"197" 197 0.326424870466 131 38 11 6 3 2 2 1 1 0 0 0 0 0 0 0 0 0 0 0
"198" 198 0.766839378238 83 49 19 11 10 10 7 3 2 1 0 0 0 0 0 0 0 0 0 0
"199" 199 0.441964285714 94 49 23 9 5 5 4 3 2 1 0 0 0 0 0 0 0 0 0 0
"200" 200 0.0 178 14 2 1 0 0 0 0 0 0 0 0 0 0 0 0 0 0 0 0
"201" 201 0.275862068966 55 40 32 26 20 9 6 4 1 1 1 0 0 0 0 0 0 0 0 0
"202" 202 0.509615384615 74 39 23 21 12 11 6 6 1 1 1 0 0 0 0 0 0 0 0 0
"203" 203 0.203980099502 150 26 7 5 4 1 1 1 0 0 0 0 0 0 0 0 0 0 0 0
"204" 204 0.292307692308 146 36 5 4 4 0 0 0 0 0 0 0 0 0 0 0 0 0 0 0
"205" 205 0.0507614213198 148 38 5 3 1 0 0 0 0 0 0 0 0 0 0 0 0 0 0 0
"206" 206 0.0062893081761 182 6 5 1 1 0 0 0 0 0 0 0 0 0 0 0 0 0 0 0
"207" 207 0.273255813953 182 12 1 0 0 0 0 0 0 0 0 0 0 0 0 0 0 0 0 0
"208" 208 0.0480769230769 171 20 3 1 0 0 0 0 0 0 0 0 0 0 0 0 0 0 0 0
"209" 209 0.0812182741117 85 43 18 7 7 6 6 4 4 3 3 3 2 1 1 1 1 0 0 0
"210" 210 0.0 195 0 0 0 0 0 0 0 0 0 0 0 0 0 0 0 0 0 0 0
"211" 211 0.0248756218905 142 15 15 9 6 4 2 1 0 0 0 0 0 0 0 0 0 0 0 0
"212" 212 0.197080291971 149 12 11 8 4 3 2 2 1 1 1 0 0 0 0 0 0 0 0 0
"213" 213 0.00380228136882 165 15 8 5 1 0 0 0 0 0 0 0 0 0 0 0 0 0 0 0
"214" 214 0.227979274611 155 20 5 4 3 1 1 1 1 1 1 1 0 0 0 0 0 0 0 0
"215" 215 0.0646766169154 151 37 5 1 0 0 0 0 0 0 0 0 0 0 0 0 0 0 0 0
"216" 216 0.217616580311 166 10 4 3 2 1 1 1 0 0 0 0 0 0 0 0 0 0 0 0
"217" 217 0.543046357616 67 63 23 10 7 7 4 3 2 1 0 0 0 0 0 0 0 0 0 0
"218" 218 0.372093023256 78 50 12 9 9 6 6 4 4 2 2 1 1 0 0 0 0 0 0 0
"219" 219 0.0963302752294 127 23 21 5 3 1 1 1 0 0 0 0 0 0 0 0 0 0 0 0
"220" 220 0.558394160584 99 24 11 9 7 6 5 4 3 2 2 1 1 0 0 0 0 0 0 0
"221" 221 0.163522012579 134 17 8 7 2 1 1 1 1 0 0 0 0 0 0 0 0 0 0 0
"222" 222 0.567164179104 60 42 33 12 6 4 2 2 2 2 1 1 1 0 0 0 0 0 0 0
"223" 223 0.344827586207 18 15 9 6 5 5 5 4 3 1 0 0 0 0 0 0 0 0 0 0
"224" 224 0.518248175182 35 28 26 9 8 6 5 5 2 2 1 1 1 1 1 1 0 0 0 0
"225" 225 0.278846153846 24 19 15 14 10 9 8 8 6 3 2 2 1 1 0 0 0 0 0 0
"226" 226 0.125 61 25 9 7 6 4 3 2 2 1 1 1 1 1 0 0 0 0 0 0
"227" 227 0.273255813953 51 25 17 11 7 5 2 1 1 1 0 0 0 0 0 0 0 0 0 0
"228" 228 0.167300380228 70 30 12 2 1 1 1 0 0 0 0 0 0 0 0 0 0 0 0 0
"229" 229 0.0547263681592 44 32 7 6 3 3 3 2 1 1 0 0 0 0 0 0 0 0 0 0
"230" 230 0.295336787565 93 4 3 3 3 2 1 1 1 0 0 0 0 0 0 0 0 0 0 0
"231" 231 0.547169811321 58 18 14 8 3 3 2 2 0 0 0 0 0 0 0 0 0 0 0 0
"232" 232 0.325892857143 67 16 14 2 1 1 1 0 0 0 0 0 0 0 0 0 0 0 0 0
"233" 233 0.271317829457 24 18 17 6 4 3 2 1 1 1 0 0 0 0 0 0 0 0 0 0
"234" 234 0.0387596899225 27 23 13 12 2 1 1 0 0 0 0 0 0 0 0 0 0 0 0 0
"235" 235 0.542635658915 31 20 10 8 4 1 1 1 0 0 0 0 0 0 0 0 0 0 0 0
"236" 236 0.480620155039 35 27 4 3 2 1 1 1 1 0 0 0 0 0 0 0 0 0 0 0
"237" 237 0.125 46 8 8 3 2 2 1 1 1 1 1 1 0 0 0 0 0 0 0 0
"238" 238 0.240310077519 30 19 10 3 3 2 2 2 1 1 1 0 0 0 0 0 0 0 0 0
"239" 239 0.558139534884 33 13 6 6 3 3 2 2 2 1 1 0 0 0 0 0 0 0 0 0
"240" 240 0.635658914729 46 10 5 2 2 1 1 1 1 1 0 0 0 0 0 0 0 0 0 0
"241" 241 0.298850574713 61 5 1 0 0 0 0 0 0 0 0 0 0 0 0 0 0 0 0 0
"242" 242 0.899224806202 55 1 0 0 0 0 0 0 0 0 0 0 0 0 0 0 0 0 0 0
