"site" "RSA" "aa1" "aa2" "aa3" "aa4" "aa5" "aa6" "aa7" "aa8" "aa9" "aa10" "aa11" "aa12" "aa13" "aa14" "aa15" "aa16" "aa17" "aa18" "aa19" "aa20"
"0" 0 0.740384615385 500 0 0 0 0 0 0 0 0 0 0 0 0 0 0 0 0 0 0 0
"1" 1 0.424870466321 478 22 0 0 0 0 0 0 0 0 0 0 0 0 0 0 0 0 0 0
"2" 2 0.124031007752 263 163 42 32 0 0 0 0 0 0 0 0 0 0 0 0 0 0 0 0
"3" 3 0.441964285714 268 199 29 4 0 0 0 0 0 0 0 0 0 0 0 0 0 0 0 0
"4" 4 0.209302325581 330 84 40 33 9 2 1 1 0 0 0 0 0 0 0 0 0 0 0 0
"5" 5 0.0 500 0 0 0 0 0 0 0 0 0 0 0 0 0 0 0 0 0 0 0
"6" 6 0.341772151899 297 130 53 20 0 0 0 0 0 0 0 0 0 0 0 0 0 0 0 0
"7" 7 0.573839662447 249 231 16 4 0 0 0 0 0 0 0 0 0 0 0 0 0 0 0 0
"8" 8 0.0964467005076 500 0 0 0 0 0 0 0 0 0 0 0 0 0 0 0 0 0 0 0
"9" 9 0.0543933054393 427 71 2 0 0 0 0 0 0 0 0 0 0 0 0 0 0 0 0 0
"10" 10 0.574712643678 234 148 91 15 12 0 0 0 0 0 0 0 0 0 0 0 0 0 0 0
"11" 11 0.659192825112 453 46 1 0 0 0 0 0 0 0 0 0 0 0 0 0 0 0 0 0
"12" 12 0.240506329114 262 176 52 9 1 0 0 0 0 0 0 0 0 0 0 0 0 0 0 0
"13" 13 0.139240506329 464 12 10 4 3 3 2 1 1 0 0 0 0 0 0 0 0 0 0 0
"14" 14 0.217054263566 478 19 2 1 0 0 0 0 0 0 0 0 0 0 0 0 0 0 0 0
"15" 15 0.677130044843 500 0 0 0 0 0 0 0 0 0 0 0 0 0 0 0 0 0 0 0
"16" 16 0.215189873418 313 107 51 13 5 5 3 3 0 0 0 0 0 0 0 0 0 0 0 0
"17" 17 0.124401913876 462 21 4 4 3 3 1 1 1 0 0 0 0 0 0 0 0 0 0 0
"18" 18 0.0639534883721 353 62 27 21 15 8 6 5 3 0 0 0 0 0 0 0 0 0 0 0
"19" 19 0.0344827586207 489 7 2 1 1 0 0 0 0 0 0 0 0 0 0 0 0 0 0 0
"20" 20 0.4375 476 21 2 1 0 0 0 0 0 0 0 0 0 0 0 0 0 0 0 0
"21" 21 0.590717299578 500 0 0 0 0 0 0 0 0 0 0 0 0 0 0 0 0 0 0 0
"22" 22 0.740384615385 500 0 0 0 0 0 0 0 0 0 0 0 0 0 0 0 0 0 0 0
"23" 23 0.115384615385 323 95 80 1 1 0 0 0 0 0 0 0 0 0 0 0 0 0 0 0
"24" 24 0.662447257384 388 57 55 0 0 0 0 0 0 0 0 0 0 0 0 0 0 0 0 0
"25" 25 0.33971291866 500 0 0 0 0 0 0 0 0 0 0 0 0 0 0 0 0 0 0 0
"26" 26 0.481012658228 470 30 0 0 0 0 0 0 0 0 0 0 0 0 0 0 0 0 0 0
"27" 27 0.633720930233 306 186 8 0 0 0 0 0 0 0 0 0 0 0 0 0 0 0 0 0
"28" 28 0.0673076923077 476 14 5 1 1 1 1 1 0 0 0 0 0 0 0 0 0 0 0 0
"29" 29 0.0817610062893 462 31 7 0 0 0 0 0 0 0 0 0 0 0 0 0 0 0 0 0
"30" 30 0.0820512820513 323 113 60 4 0 0 0 0 0 0 0 0 0 0 0 0 0 0 0 0
"31" 31 0.109452736318 480 6 6 6 2 0 0 0 0 0 0 0 0 0 0 0 0 0 0 0
"32" 32 0.294326241135 353 147 0 0 0 0 0 0 0 0 0 0 0 0 0 0 0 0 0 0
"33" 33 0.25 500 0 0 0 0 0 0 0 0 0 0 0 0 0 0 0 0 0 0 0
"34" 34 0.0497512437811 481 19 0 0 0 0 0 0 0 0 0 0 0 0 0 0 0 0 0 0
"35" 35 0.188284518828 500 0 0 0 0 0 0 0 0 0 0 0 0 0 0 0 0 0 0 0
"36" 36 0.586538461538 500 0 0 0 0 0 0 0 0 0 0 0 0 0 0 0 0 0 0 0
"37" 37 0.153284671533 500 0 0 0 0 0 0 0 0 0 0 0 0 0 0 0 0 0 0 0
"38" 38 0.438818565401 318 139 29 8 6 0 0 0 0 0 0 0 0 0 0 0 0 0 0 0
"39" 39 0.0116279069767 474 23 2 1 0 0 0 0 0 0 0 0 0 0 0 0 0 0 0 0
"40" 40 0.125 500 0 0 0 0 0 0 0 0 0 0 0 0 0 0 0 0 0 0 0
"41" 41 0.470852017937 500 0 0 0 0 0 0 0 0 0 0 0 0 0 0 0 0 0 0 0
"42" 42 0.046511627907 264 210 13 6 3 2 2 0 0 0 0 0 0 0 0 0 0 0 0 0
"43" 43 0.666666666667 500 0 0 0 0 0 0 0 0 0 0 0 0 0 0 0 0 0 0 0
"44" 44 0.721153846154 500 0 0 0 0 0 0 0 0 0 0 0 0 0 0 0 0 0 0 0
"45" 45 0.150627615063 489 7 4 0 0 0 0 0 0 0 0 0 0 0 0 0 0 0 0 0
"46" 46 0.622516556291 499 1 0 0 0 0 0 0 0 0 0 0 0 0 0 0 0 0 0 0
"47" 47 0.110266159696 417 72 7 4 0 0 0 0 0 0 0 0 0 0 0 0 0 0 0 0
"48" 48 0.174418604651 456 43 1 0 0 0 0 0 0 0 0 0 0 0 0 0 0 0 0 0
"49" 49 0.544041450777 479 21 0 0 0 0 0 0 0 0 0 0 0 0 0 0 0 0 0 0
"50" 50 0.22480620155 500 0 0 0 0 0 0 0 0 0 0 0 0 0 0 0 0 0 0 0
"51" 51 0.102564102564 447 50 3 0 0 0 0 0 0 0 0 0 0 0 0 0 0 0 0 0
"52" 52 0.371308016878 493 7 0 0 0 0 0 0 0 0 0 0 0 0 0 0 0 0 0 0
"53" 53 0.635897435897 497 3 0 0 0 0 0 0 0 0 0 0 0 0 0 0 0 0 0 0
"54" 54 0.333333333333 335 92 46 24 1 1 1 0 0 0 0 0 0 0 0 0 0 0 0 0
"55" 55 0.365384615385 500 0 0 0 0 0 0 0 0 0 0 0 0 0 0 0 0 0 0 0
"56" 56 0.224137931034 198 162 71 47 17 4 1 0 0 0 0 0 0 0 0 0 0 0 0 0
"57" 57 0.446700507614 457 43 0 0 0 0 0 0 0 0 0 0 0 0 0 0 0 0 0 0
"58" 58 0.0390070921986 470 18 4 3 2 2 1 0 0 0 0 0 0 0 0 0 0 0 0 0
"59" 59 0.291390728477 354 139 7 0 0 0 0 0 0 0 0 0 0 0 0 0 0 0 0 0
"60" 60 0.410714285714 479 19 2 0 0 0 0 0 0 0 0 0 0 0 0 0 0 0 0 0
"61" 61 0.665178571429 476 12 12 0 0 0 0 0 0 0 0 0 0 0 0 0 0 0 0 0
"62" 62 0.093023255814 258 143 73 15 6 5 0 0 0 0 0 0 0 0 0 0 0 0 0 0
"63" 63 0.0298507462687 480 10 7 2 1 0 0 0 0 0 0 0 0 0 0 0 0 0 0 0
"64" 64 0.155963302752 321 154 20 3 2 0 0 0 0 0 0 0 0 0 0 0 0 0 0 0
"65" 65 0.508928571429 344 147 9 0 0 0 0 0 0 0 0 0 0 0 0 0 0 0 0 0
"66" 66 0.0608365019011 331 145 19 5 0 0 0 0 0 0 0 0 0 0 0 0 0 0 0 0
"67" 67 0.0746268656716 464 18 14 2 1 1 0 0 0 0 0 0 0 0 0 0 0 0 0 0
"68" 68 0.34375 500 0 0 0 0 0 0 0 0 0 0 0 0 0 0 0 0 0 0 0
"69" 69 0.287179487179 500 0 0 0 0 0 0 0 0 0 0 0 0 0 0 0 0 0 0 0
"70" 70 0.0 500 0 0 0 0 0 0 0 0 0 0 0 0 0 0 0 0 0 0 0
"71" 71 0.632911392405 500 0 0 0 0 0 0 0 0 0 0 0 0 0 0 0 0 0 0 0
"72" 72 0.666666666667 500 0 0 0 0 0 0 0 0 0 0 0 0 0 0 0 0 0 0 0
"73" 73 0.06463878327 239 141 100 14 5 1 0 0 0 0 0 0 0 0 0 0 0 0 0 0
"74" 74 0.010152284264 340 131 18 11 0 0 0 0 0 0 0 0 0 0 0 0 0 0 0 0
"75" 75 0.591194968553 500 0 0 0 0 0 0 0 0 0 0 0 0 0 0 0 0 0 0 0
"76" 76 0.596153846154 500 0 0 0 0 0 0 0 0 0 0 0 0 0 0 0 0 0 0 0
"77" 77 0.0813953488372 500 0 0 0 0 0 0 0 0 0 0 0 0 0 0 0 0 0 0 0
"78" 78 0.46835443038 456 26 17 1 0 0 0 0 0 0 0 0 0 0 0 0 0 0 0 0
"79" 79 0.220183486239 281 169 34 5 3 3 3 2 0 0 0 0 0 0 0 0 0 0 0 0
"80" 80 0.756345177665 492 7 1 0 0 0 0 0 0 0 0 0 0 0 0 0 0 0 0 0
"81" 81 0.259414225941 464 32 2 1 1 0 0 0 0 0 0 0 0 0 0 0 0 0 0 0
"82" 82 0.666666666667 500 0 0 0 0 0 0 0 0 0 0 0 0 0 0 0 0 0 0 0
"83" 83 0.163461538462 500 0 0 0 0 0 0 0 0 0 0 0 0 0 0 0 0 0 0 0
"84" 84 0.010152284264 495 2 2 1 0 0 0 0 0 0 0 0 0 0 0 0 0 0 0 0
"85" 85 0.700421940928 498 2 0 0 0 0 0 0 0 0 0 0 0 0 0 0 0 0 0 0
"86" 86 0.556962025316 497 3 0 0 0 0 0 0 0 0 0 0 0 0 0 0 0 0 0 0
"87" 87 0.552742616034 344 119 37 0 0 0 0 0 0 0 0 0 0 0 0 0 0 0 0 0
"88" 88 0.403973509934 221 216 53 7 3 0 0 0 0 0 0 0 0 0 0 0 0 0 0 0
"89" 89 0.183035714286 491 8 1 0 0 0 0 0 0 0 0 0 0 0 0 0 0 0 0 0
"90" 90 0.113138686131 343 143 14 0 0 0 0 0 0 0 0 0 0 0 0 0 0 0 0 0
"91" 91 0.352678571429 500 0 0 0 0 0 0 0 0 0 0 0 0 0 0 0 0 0 0 0
"92" 92 0.165803108808 460 36 4 0 0 0 0 0 0 0 0 0 0 0 0 0 0 0 0 0
"93" 93 0.00497512437811 485 14 1 0 0 0 0 0 0 0 0 0 0 0 0 0 0 0 0 0
"94" 94 0.0203045685279 499 1 0 0 0 0 0 0 0 0 0 0 0 0 0 0 0 0 0 0
"95" 95 0.278481012658 456 42 2 0 0 0 0 0 0 0 0 0 0 0 0 0 0 0 0 0
"96" 96 0.110266159696 496 2 1 1 0 0 0 0 0 0 0 0 0 0 0 0 0 0 0 0
"97" 97 0.044776119403 482 14 2 2 0 0 0 0 0 0 0 0 0 0 0 0 0 0 0 0
"98" 98 0.354430379747 456 44 0 0 0 0 0 0 0 0 0 0 0 0 0 0 0 0 0 0
"99" 99 0.448430493274 333 142 21 2 2 0 0 0 0 0 0 0 0 0 0 0 0 0 0 0
"100" 100 0.131782945736 496 2 1 1 0 0 0 0 0 0 0 0 0 0 0 0 0 0 0 0
"101" 101 0.0 500 0 0 0 0 0 0 0 0 0 0 0 0 0 0 0 0 0 0 0
"102" 102 0.46357615894 500 0 0 0 0 0 0 0 0 0 0 0 0 0 0 0 0 0 0 0
"103" 103 0.801324503311 500 0 0 0 0 0 0 0 0 0 0 0 0 0 0 0 0 0 0 0
