"site" "RSA" "aa1" "aa2" "aa3" "aa4" "aa5" "aa6" "aa7" "aa8" "aa9" "aa10" "aa11" "aa12" "aa13" "aa14" "aa15" "aa16" "aa17" "aa18" "aa19" "aa20"
"0" 0 0.459770114943 270 230 0 0 0 0 0 0 0 0 0 0 0 0 0 0 0 0 0 0
"1" 1 0.219730941704 360 77 45 15 3 0 0 0 0 0 0 0 0 0 0 0 0 0 0 0
"2" 2 0.0 500 0 0 0 0 0 0 0 0 0 0 0 0 0 0 0 0 0 0 0
"3" 3 0.218390804598 163 163 109 33 18 7 6 1 0 0 0 0 0 0 0 0 0 0 0 0
"4" 4 0.0 500 0 0 0 0 0 0 0 0 0 0 0 0 0 0 0 0 0 0 0
"5" 5 0.396551724138 321 146 33 0 0 0 0 0 0 0 0 0 0 0 0 0 0 0 0 0
"6" 6 0.0 486 13 1 0 0 0 0 0 0 0 0 0 0 0 0 0 0 0 0 0
"7" 7 0.590717299578 496 4 0 0 0 0 0 0 0 0 0 0 0 0 0 0 0 0 0 0
"8" 8 0.375 500 0 0 0 0 0 0 0 0 0 0 0 0 0 0 0 0 0 0 0
"9" 9 0.922279792746 500 0 0 0 0 0 0 0 0 0 0 0 0 0 0 0 0 0 0 0
"10" 10 0.503875968992 500 0 0 0 0 0 0 0 0 0 0 0 0 0 0 0 0 0 0 0
"11" 11 0.576923076923 500 0 0 0 0 0 0 0 0 0 0 0 0 0 0 0 0 0 0 0
"12" 12 0.0574712643678 479 12 9 0 0 0 0 0 0 0 0 0 0 0 0 0 0 0 0 0
"13" 13 0.397350993377 375 91 19 15 0 0 0 0 0 0 0 0 0 0 0 0 0 0 0 0
"14" 14 0.144230769231 500 0 0 0 0 0 0 0 0 0 0 0 0 0 0 0 0 0 0 0
"15" 15 0.35632183908 305 127 33 19 15 1 0 0 0 0 0 0 0 0 0 0 0 0 0 0
"16" 16 0.0 471 29 0 0 0 0 0 0 0 0 0 0 0 0 0 0 0 0 0 0
"17" 17 0.261603375527 195 153 140 9 3 0 0 0 0 0 0 0 0 0 0 0 0 0 0 0
"18" 18 0.00418410041841 487 13 0 0 0 0 0 0 0 0 0 0 0 0 0 0 0 0 0 0
"19" 19 0.446428571429 359 110 17 11 3 0 0 0 0 0 0 0 0 0 0 0 0 0 0 0
"20" 20 0.0 500 0 0 0 0 0 0 0 0 0 0 0 0 0 0 0 0 0 0 0
"21" 21 0.589147286822 470 16 14 0 0 0 0 0 0 0 0 0 0 0 0 0 0 0 0 0
"22" 22 0.35761589404 280 114 49 26 26 4 1 0 0 0 0 0 0 0 0 0 0 0 0 0
"23" 23 0.410714285714 279 214 7 0 0 0 0 0 0 0 0 0 0 0 0 0 0 0 0 0
"24" 24 0.695364238411 270 167 53 6 4 0 0 0 0 0 0 0 0 0 0 0 0 0 0 0
"25" 25 0.258928571429 324 137 30 9 0 0 0 0 0 0 0 0 0 0 0 0 0 0 0 0
"26" 26 0.308176100629 499 1 0 0 0 0 0 0 0 0 0 0 0 0 0 0 0 0 0 0
"27" 27 0.0 500 0 0 0 0 0 0 0 0 0 0 0 0 0 0 0 0 0 0 0
"28" 28 0.151162790698 230 213 51 3 1 1 1 0 0 0 0 0 0 0 0 0 0 0 0 0
"29" 29 0.0 410 88 2 0 0 0 0 0 0 0 0 0 0 0 0 0 0 0 0 0
"30" 30 0.298013245033 321 88 52 26 11 1 1 0 0 0 0 0 0 0 0 0 0 0 0 0
"31" 31 0.12927756654 398 101 1 0 0 0 0 0 0 0 0 0 0 0 0 0 0 0 0 0
"32" 32 0.446428571429 429 28 25 7 6 5 0 0 0 0 0 0 0 0 0 0 0 0 0 0
"33" 33 0.00507614213198 475 25 0 0 0 0 0 0 0 0 0 0 0 0 0 0 0 0 0 0
"34" 34 0.317829457364 423 22 20 10 9 9 4 2 1 0 0 0 0 0 0 0 0 0 0 0
"35" 35 0.413461538462 500 0 0 0 0 0 0 0 0 0 0 0 0 0 0 0 0 0 0 0
"36" 36 0.102564102564 500 0 0 0 0 0 0 0 0 0 0 0 0 0 0 0 0 0 0 0
"37" 37 0.377483443709 443 57 0 0 0 0 0 0 0 0 0 0 0 0 0 0 0 0 0 0
"38" 38 0.465408805031 500 0 0 0 0 0 0 0 0 0 0 0 0 0 0 0 0 0 0 0
"39" 39 0.594871794872 496 4 0 0 0 0 0 0 0 0 0 0 0 0 0 0 0 0 0 0
"40" 40 0.170542635659 497 3 0 0 0 0 0 0 0 0 0 0 0 0 0 0 0 0 0 0
"41" 41 0.330357142857 495 5 0 0 0 0 0 0 0 0 0 0 0 0 0 0 0 0 0 0
"42" 42 0.153284671533 500 0 0 0 0 0 0 0 0 0 0 0 0 0 0 0 0 0 0 0
"43" 43 0.0 500 0 0 0 0 0 0 0 0 0 0 0 0 0 0 0 0 0 0 0
"44" 44 0.0 292 181 16 9 2 0 0 0 0 0 0 0 0 0 0 0 0 0 0 0
"45" 45 0.0 289 84 84 29 9 3 1 1 0 0 0 0 0 0 0 0 0 0 0 0
"46" 46 0.0 492 8 0 0 0 0 0 0 0 0 0 0 0 0 0 0 0 0 0 0
"47" 47 0.0 464 21 10 3 2 0 0 0 0 0 0 0 0 0 0 0 0 0 0 0
"48" 48 0.321428571429 293 115 92 0 0 0 0 0 0 0 0 0 0 0 0 0 0 0 0 0
"49" 49 0.393305439331 432 27 20 11 9 1 0 0 0 0 0 0 0 0 0 0 0 0 0 0
"50" 50 0.298076923077 500 0 0 0 0 0 0 0 0 0 0 0 0 0 0 0 0 0 0 0
"51" 51 0.341968911917 482 13 5 0 0 0 0 0 0 0 0 0 0 0 0 0 0 0 0 0
"52" 52 0.53488372093 432 64 4 0 0 0 0 0 0 0 0 0 0 0 0 0 0 0 0 0
"53" 53 0.720930232558 483 13 4 0 0 0 0 0 0 0 0 0 0 0 0 0 0 0 0 0
"54" 54 0.54358974359 431 54 14 1 0 0 0 0 0 0 0 0 0 0 0 0 0 0 0 0
"55" 55 0.480769230769 500 0 0 0 0 0 0 0 0 0 0 0 0 0 0 0 0 0 0 0
"56" 56 0.0886075949367 500 0 0 0 0 0 0 0 0 0 0 0 0 0 0 0 0 0 0 0
"57" 57 0.563218390805 432 54 14 0 0 0 0 0 0 0 0 0 0 0 0 0 0 0 0 0
"58" 58 0.145695364238 500 0 0 0 0 0 0 0 0 0 0 0 0 0 0 0 0 0 0 0
"59" 59 0.0077519379845 424 76 0 0 0 0 0 0 0 0 0 0 0 0 0 0 0 0 0 0
"60" 60 0.153846153846 500 0 0 0 0 0 0 0 0 0 0 0 0 0 0 0 0 0 0 0
"61" 61 0.465408805031 284 212 4 0 0 0 0 0 0 0 0 0 0 0 0 0 0 0 0 0
"62" 62 0.0478468899522 141 119 118 78 14 10 9 5 2 1 1 1 1 0 0 0 0 0 0 0
"63" 63 0.0376569037657 384 106 10 0 0 0 0 0 0 0 0 0 0 0 0 0 0 0 0 0
"64" 64 0.230769230769 500 0 0 0 0 0 0 0 0 0 0 0 0 0 0 0 0 0 0 0
"65" 65 0.327044025157 303 80 50 37 21 7 1 1 0 0 0 0 0 0 0 0 0 0 0 0
"66" 66 0.523012552301 382 77 34 4 3 0 0 0 0 0 0 0 0 0 0 0 0 0 0 0
"67" 67 0.784810126582 500 0 0 0 0 0 0 0 0 0 0 0 0 0 0 0 0 0 0 0
"68" 68 0.37552742616 338 103 40 19 0 0 0 0 0 0 0 0 0 0 0 0 0 0 0 0
"69" 69 0.348837209302 295 167 38 0 0 0 0 0 0 0 0 0 0 0 0 0 0 0 0 0
"70" 70 0.0191387559809 488 12 0 0 0 0 0 0 0 0 0 0 0 0 0 0 0 0 0 0
"71" 71 0.00961538461538 500 0 0 0 0 0 0 0 0 0 0 0 0 0 0 0 0 0 0 0
"72" 72 0.062015503876 479 17 2 2 0 0 0 0 0 0 0 0 0 0 0 0 0 0 0 0
"73" 73 0.276729559748 435 65 0 0 0 0 0 0 0 0 0 0 0 0 0 0 0 0 0 0
"74" 74 0.78488372093 416 63 19 2 0 0 0 0 0 0 0 0 0 0 0 0 0 0 0 0
"75" 75 0.305699481865 487 13 0 0 0 0 0 0 0 0 0 0 0 0 0 0 0 0 0 0
"76" 76 0.763392857143 500 0 0 0 0 0 0 0 0 0 0 0 0 0 0 0 0 0 0 0
"77" 77 0.373563218391 295 196 9 0 0 0 0 0 0 0 0 0 0 0 0 0 0 0 0 0
"78" 78 0.0547445255474 307 135 27 14 12 5 0 0 0 0 0 0 0 0 0 0 0 0 0 0
"79" 79 0.0478468899522 320 142 31 5 2 0 0 0 0 0 0 0 0 0 0 0 0 0 0 0
"80" 80 0.0172413793103 302 195 1 1 1 0 0 0 0 0 0 0 0 0 0 0 0 0 0 0
"81" 81 0.0 500 0 0 0 0 0 0 0 0 0 0 0 0 0 0 0 0 0 0 0
"82" 82 0.0 357 141 2 0 0 0 0 0 0 0 0 0 0 0 0 0 0 0 0 0
"83" 83 0.045871559633 470 10 8 6 4 1 1 0 0 0 0 0 0 0 0 0 0 0 0 0
"84" 84 0.0288461538462 500 0 0 0 0 0 0 0 0 0 0 0 0 0 0 0 0 0 0 0
"85" 85 0.169230769231 500 0 0 0 0 0 0 0 0 0 0 0 0 0 0 0 0 0 0 0
"86" 86 0.0114942528736 303 196 1 0 0 0 0 0 0 0 0 0 0 0 0 0 0 0 0 0
"87" 87 0.649789029536 495 5 0 0 0 0 0 0 0 0 0 0 0 0 0 0 0 0 0 0
"88" 88 0.046511627907 500 0 0 0 0 0 0 0 0 0 0 0 0 0 0 0 0 0 0 0
"89" 89 0.300518134715 496 4 0 0 0 0 0 0 0 0 0 0 0 0 0 0 0 0 0 0
"90" 90 0.607142857143 461 35 4 0 0 0 0 0 0 0 0 0 0 0 0 0 0 0 0 0
"91" 91 0.676923076923 353 116 31 0 0 0 0 0 0 0 0 0 0 0 0 0 0 0 0 0
"92" 92 0.0 500 0 0 0 0 0 0 0 0 0 0 0 0 0 0 0 0 0 0 0
"93" 93 0.235632183908 437 27 19 11 6 0 0 0 0 0 0 0 0 0 0 0 0 0 0 0
"94" 94 0.0 398 101 1 0 0 0 0 0 0 0 0 0 0 0 0 0 0 0 0 0
"95" 95 0.637130801688 441 47 12 0 0 0 0 0 0 0 0 0 0 0 0 0 0 0 0 0
"96" 96 0.259615384615 500 0 0 0 0 0 0 0 0 0 0 0 0 0 0 0 0 0 0 0
"97" 97 0.456953642384 242 213 41 4 0 0 0 0 0 0 0 0 0 0 0 0 0 0 0 0
"98" 98 0.221757322176 398 77 22 2 1 0 0 0 0 0 0 0 0 0 0 0 0 0 0 0
"99" 99 0.594936708861 304 175 11 5 4 1 0 0 0 0 0 0 0 0 0 0 0 0 0 0
"100" 100 0.0621761658031 448 44 5 2 1 0 0 0 0 0 0 0 0 0 0 0 0 0 0 0
"101" 101 0.53642384106 500 0 0 0 0 0 0 0 0 0 0 0 0 0 0 0 0 0 0 0
"102" 102 0.298507462687 307 100 32 27 19 12 2 1 0 0 0 0 0 0 0 0 0 0 0 0
"103" 103 0.0 478 9 5 4 3 1 0 0 0 0 0 0 0 0 0 0 0 0 0 0
"104" 104 0.151898734177 482 18 0 0 0 0 0 0 0 0 0 0 0 0 0 0 0 0 0 0
"105" 105 0.044776119403 500 0 0 0 0 0 0 0 0 0 0 0 0 0 0 0 0 0 0 0
"106" 106 0.238578680203 496 4 0 0 0 0 0 0 0 0 0 0 0 0 0 0 0 0 0 0
"107" 107 0.317307692308 500 0 0 0 0 0 0 0 0 0 0 0 0 0 0 0 0 0 0 0
"108" 108 0.74213836478 381 89 30 0 0 0 0 0 0 0 0 0 0 0 0 0 0 0 0 0
"109" 109 0.122093023256 342 73 48 18 9 4 4 2 0 0 0 0 0 0 0 0 0 0 0 0
"110" 110 0.172185430464 500 0 0 0 0 0 0 0 0 0 0 0 0 0 0 0 0 0 0 0
"111" 111 0.0 493 4 2 1 0 0 0 0 0 0 0 0 0 0 0 0 0 0 0 0
"112" 112 0.252873563218 293 109 98 0 0 0 0 0 0 0 0 0 0 0 0 0 0 0 0 0
"113" 113 0.403846153846 500 0 0 0 0 0 0 0 0 0 0 0 0 0 0 0 0 0 0 0
"114" 114 0.20802919708 324 176 0 0 0 0 0 0 0 0 0 0 0 0 0 0 0 0 0 0
"115" 115 0.0264900662252 500 0 0 0 0 0 0 0 0 0 0 0 0 0 0 0 0 0 0 0
"116" 116 0.0 486 13 1 0 0 0 0 0 0 0 0 0 0 0 0 0 0 0 0 0
"117" 117 0.0 476 17 7 0 0 0 0 0 0 0 0 0 0 0 0 0 0 0 0 0
"118" 118 0.0 483 13 3 1 0 0 0 0 0 0 0 0 0 0 0 0 0 0 0 0
"119" 119 0.0239234449761 333 164 2 1 0 0 0 0 0 0 0 0 0 0 0 0 0 0 0 0
"120" 120 0.333333333333 494 4 1 1 0 0 0 0 0 0 0 0 0 0 0 0 0 0 0 0
"121" 121 0.163461538462 500 0 0 0 0 0 0 0 0 0 0 0 0 0 0 0 0 0 0 0
"122" 122 0.484304932735 500 0 0 0 0 0 0 0 0 0 0 0 0 0 0 0 0 0 0 0
"123" 123 0.0103626943005 190 176 117 16 1 0 0 0 0 0 0 0 0 0 0 0 0 0 0 0
"124" 124 0.238341968912 489 9 2 0 0 0 0 0 0 0 0 0 0 0 0 0 0 0 0 0
"125" 125 0.218905472637 479 21 0 0 0 0 0 0 0 0 0 0 0 0 0 0 0 0 0 0
"126" 126 0.144230769231 500 0 0 0 0 0 0 0 0 0 0 0 0 0 0 0 0 0 0 0
"127" 127 0.561181434599 496 4 0 0 0 0 0 0 0 0 0 0 0 0 0 0 0 0 0 0
"128" 128 0.240384615385 500 0 0 0 0 0 0 0 0 0 0 0 0 0 0 0 0 0 0 0
"129" 129 0.896373056995 500 0 0 0 0 0 0 0 0 0 0 0 0 0 0 0 0 0 0 0
"130" 130 0.412790697674 500 0 0 0 0 0 0 0 0 0 0 0 0 0 0 0 0 0 0 0
"131" 131 0.607142857143 228 113 70 51 38 0 0 0 0 0 0 0 0 0 0 0 0 0 0 0
"132" 132 0.316964285714 210 138 107 36 9 0 0 0 0 0 0 0 0 0 0 0 0 0 0 0
"133" 133 0.0 457 43 0 0 0 0 0 0 0 0 0 0 0 0 0 0 0 0 0 0
"134" 134 0.378109452736 462 38 0 0 0 0 0 0 0 0 0 0 0 0 0 0 0 0 0 0
"135" 135 0.455696202532 362 138 0 0 0 0 0 0 0 0 0 0 0 0 0 0 0 0 0 0
"136" 136 0.203488372093 369 116 14 1 0 0 0 0 0 0 0 0 0 0 0 0 0 0 0 0
"137" 137 0.0 500 0 0 0 0 0 0 0 0 0 0 0 0 0 0 0 0 0 0 0
"138" 138 0.379487179487 491 9 0 0 0 0 0 0 0 0 0 0 0 0 0 0 0 0 0 0
"139" 139 0.0 497 3 0 0 0 0 0 0 0 0 0 0 0 0 0 0 0 0 0 0
"140" 140 0.432692307692 500 0 0 0 0 0 0 0 0 0 0 0 0 0 0 0 0 0 0 0
"141" 141 0.591194968553 498 1 1 0 0 0 0 0 0 0 0 0 0 0 0 0 0 0 0 0
"142" 142 0.248175182482 500 0 0 0 0 0 0 0 0 0 0 0 0 0 0 0 0 0 0 0
"143" 143 0.138364779874 487 13 0 0 0 0 0 0 0 0 0 0 0 0 0 0 0 0 0 0
"144" 144 0.0 488 12 0 0 0 0 0 0 0 0 0 0 0 0 0 0 0 0 0 0
"145" 145 0.101265822785 500 0 0 0 0 0 0 0 0 0 0 0 0 0 0 0 0 0 0 0
"146" 146 0.0865384615385 500 0 0 0 0 0 0 0 0 0 0 0 0 0 0 0 0 0 0 0
"147" 147 0.362068965517 500 0 0 0 0 0 0 0 0 0 0 0 0 0 0 0 0 0 0 0
"148" 148 0.00507614213198 499 1 0 0 0 0 0 0 0 0 0 0 0 0 0 0 0 0 0 0
"149" 149 0.278846153846 392 64 40 4 0 0 0 0 0 0 0 0 0 0 0 0 0 0 0 0
"150" 150 0.592039800995 230 161 109 0 0 0 0 0 0 0 0 0 0 0 0 0 0 0 0 0
"151" 151 0.296511627907 500 0 0 0 0 0 0 0 0 0 0 0 0 0 0 0 0 0 0 0
"152" 152 0.917948717949 500 0 0 0 0 0 0 0 0 0 0 0 0 0 0 0 0 0 0 0
