"site" "RSA" "aa1" "aa2" "aa3" "aa4" "aa5" "aa6" "aa7" "aa8" "aa9" "aa10" "aa11" "aa12" "aa13" "aa14" "aa15" "aa16" "aa17" "aa18" "aa19" "aa20"
"0" 0 0.279816513761 13 9 3 2 0 0 0 0 0 0 0 0 0 0 0 0 0 0 0 0
"1" 1 0.42194092827 15 10 4 3 0 0 0 0 0 0 0 0 0 0 0 0 0 0 0 0
"2" 2 0.385057471264 9 6 5 4 3 2 2 1 1 1 0 0 0 0 0 0 0 0 0 0
"3" 3 0.511494252874 12 10 5 2 2 1 1 1 1 1 0 0 0 0 0 0 0 0 0 0
"4" 4 0.476793248945 22 6 3 1 1 1 1 1 0 0 0 0 0 0 0 0 0 0 0 0
"5" 5 0.383928571429 8 7 5 3 2 2 2 2 2 2 1 0 0 0 0 0 0 0 0 0
"6" 6 0.317991631799 13 5 4 3 2 2 2 1 1 1 1 1 1 0 0 0 0 0 0 0
"7" 7 0.675496688742 14 11 7 2 1 1 1 0 0 0 0 0 0 0 0 0 0 0 0 0
"8" 8 0.258620689655 14 8 8 2 2 2 1 1 0 0 0 0 0 0 0 0 0 0 0 0
"9" 9 0.481012658228 27 4 3 3 0 0 0 0 0 0 0 0 0 0 0 0 0 0 0 0
"10" 10 0.423076923077 45 5 1 1 1 0 0 0 0 0 0 0 0 0 0 0 0 0 0 0
"11" 11 0.0288461538462 55 1 0 0 0 0 0 0 0 0 0 0 0 0 0 0 0 0 0 0
"12" 12 0.35401459854 19 8 7 6 4 4 2 2 1 1 1 1 0 0 0 0 0 0 0 0
"13" 13 0.0646766169154 18 17 14 4 1 1 1 0 0 0 0 0 0 0 0 0 0 0 0 0
"14" 14 0.0304568527919 19 11 7 5 3 2 2 2 2 1 1 1 0 0 0 0 0 0 0 0
"15" 15 0.177215189873 20 16 10 10 2 0 0 0 0 0 0 0 0 0 0 0 0 0 0 0
"16" 16 0.00497512437811 38 10 8 1 1 1 0 0 0 0 0 0 0 0 0 0 0 0 0 0
"17" 17 0.0728476821192 17 14 9 5 5 3 2 1 1 1 1 1 0 0 0 0 0 0 0 0
"18" 18 0.0239234449761 58 1 1 1 0 0 0 0 0 0 0 0 0 0 0 0 0 0 0 0
"19" 19 0.635897435897 10 9 7 7 7 4 4 2 2 2 2 2 1 1 1 0 0 0 0 0
"20" 20 0.0529801324503 55 6 0 0 0 0 0 0 0 0 0 0 0 0 0 0 0 0 0 0
"21" 21 0.569230769231 13 10 10 7 5 5 2 2 2 2 1 1 1 0 0 0 0 0 0 0
"22" 22 0.0993377483444 21 15 11 8 4 1 1 0 0 0 0 0 0 0 0 0 0 0 0 0
"23" 23 0.0 37 14 8 1 1 0 0 0 0 0 0 0 0 0 0 0 0 0 0 0
"24" 24 0.510548523207 17 13 12 6 4 3 3 1 1 1 0 0 0 0 0 0 0 0 0 0
"25" 25 0.0639534883721 46 8 3 3 1 0 0 0 0 0 0 0 0 0 0 0 0 0 0 0
"26" 26 0.377483443709 16 16 8 5 5 3 2 2 1 1 1 1 0 0 0 0 0 0 0 0
"27" 27 0.00917431192661 58 2 1 0 0 0 0 0 0 0 0 0 0 0 0 0 0 0 0 0
"28" 28 0.405128205128 15 14 6 6 5 4 3 3 2 2 1 0 0 0 0 0 0 0 0 0
"29" 29 0.0 52 7 1 1 0 0 0 0 0 0 0 0 0 0 0 0 0 0 0 0
"30" 30 0.0205128205128 32 11 9 7 1 1 0 0 0 0 0 0 0 0 0 0 0 0 0 0
"31" 31 0.0 31 23 7 0 0 0 0 0 0 0 0 0 0 0 0 0 0 0 0 0
"32" 32 0.0 37 24 0 0 0 0 0 0 0 0 0 0 0 0 0 0 0 0 0 0
"33" 33 0.00497512437811 46 5 4 2 1 1 1 1 0 0 0 0 0 0 0 0 0 0 0 0
"34" 34 0.0 61 0 0 0 0 0 0 0 0 0 0 0 0 0 0 0 0 0 0 0
"35" 35 0.451476793249 44 4 4 3 1 1 1 1 1 0 0 0 0 0 0 0 0 0 0 0
"36" 36 0.33971291866 3 1 1 0 0 0 0 0 0 0 0 0 0 0 0 0 0 0 0 0
"37" 37 0.190114068441 2 1 0 0 0 0 0 0 0 0 0 0 0 0 0 0 0 0 0 0
"38" 38 0.311787072243 2 1 0 0 0 0 0 0 0 0 0 0 0 0 0 0 0 0 0 0
"39" 39 0.302325581395 34 5 4 3 3 2 2 1 1 1 1 0 0 0 0 0 0 0 0 0
"40" 40 0.596412556054 30 2 2 2 1 1 1 1 0 0 0 0 0 0 0 0 0 0 0 0
"41" 41 0.730569948187 2 2 2 2 1 1 1 1 1 0 0 0 0 0 0 0 0 0 0 0
"42" 42 0.502092050209 3 2 2 1 1 1 0 0 0 0 0 0 0 0 0 0 0 0 0 0
"43" 43 0.899371069182 19 11 8 4 3 2 1 1 1 1 0 0 0 0 0 0 0 0 0 0
"44" 44 0.649635036496 11 8 8 8 6 5 4 3 3 1 1 1 0 0 0 0 0 0 0 0
"45" 45 0.138461538462 17 9 9 6 4 4 3 3 1 1 1 0 0 0 0 0 0 0 0 0
"46" 46 0.53164556962 13 10 8 7 5 4 4 3 1 1 0 0 0 0 0 0 0 0 0 0
"47" 47 0.21897810219 32 14 5 4 1 1 1 1 0 0 0 0 0 0 0 0 0 0 0 0
"48" 48 0.0710659898477 32 14 7 5 2 1 0 0 0 0 0 0 0 0 0 0 0 0 0 0
"49" 49 0.0062893081761 61 0 0 0 0 0 0 0 0 0 0 0 0 0 0 0 0 0 0 0
"50" 50 0.0 49 4 3 2 1 1 1 0 0 0 0 0 0 0 0 0 0 0 0 0
"51" 51 0.0 51 5 4 1 0 0 0 0 0 0 0 0 0 0 0 0 0 0 0 0
"52" 52 0.0 43 5 5 4 2 2 0 0 0 0 0 0 0 0 0 0 0 0 0 0
"53" 53 0.0 32 24 4 1 0 0 0 0 0 0 0 0 0 0 0 0 0 0 0 0
"54" 54 0.0 61 0 0 0 0 0 0 0 0 0 0 0 0 0 0 0 0 0 0 0
"55" 55 0.0 60 1 0 0 0 0 0 0 0 0 0 0 0 0 0 0 0 0 0 0
"56" 56 0.0288461538462 61 0 0 0 0 0 0 0 0 0 0 0 0 0 0 0 0 0 0 0
"57" 57 0.089552238806 61 0 0 0 0 0 0 0 0 0 0 0 0 0 0 0 0 0 0 0
"58" 58 0.470930232558 61 0 0 0 0 0 0 0 0 0 0 0 0 0 0 0 0 0 0 0
"59" 59 0.0822784810127 61 0 0 0 0 0 0 0 0 0 0 0 0 0 0 0 0 0 0 0
"60" 60 0.273255813953 54 4 2 1 0 0 0 0 0 0 0 0 0 0 0 0 0 0 0 0
"61" 61 0.0062893081761 32 12 7 5 3 1 1 0 0 0 0 0 0 0 0 0 0 0 0 0
"62" 62 0.222797927461 32 17 5 4 2 1 0 0 0 0 0 0 0 0 0 0 0 0 0 0
"63" 63 0.215384615385 60 1 0 0 0 0 0 0 0 0 0 0 0 0 0 0 0 0 0 0
"64" 64 0.0 39 9 8 4 1 0 0 0 0 0 0 0 0 0 0 0 0 0 0 0
"65" 65 0.0596026490066 29 10 9 6 3 3 1 0 0 0 0 0 0 0 0 0 0 0 0 0
"66" 66 0.611607142857 23 15 15 2 1 1 1 1 1 1 0 0 0 0 0 0 0 0 0 0
"67" 67 0.396624472574 61 0 0 0 0 0 0 0 0 0 0 0 0 0 0 0 0 0 0 0
"68" 68 0.0 42 10 9 0 0 0 0 0 0 0 0 0 0 0 0 0 0 0 0 0
"69" 69 0.493723849372 43 10 3 2 2 1 0 0 0 0 0 0 0 0 0 0 0 0 0 0
"70" 70 0.0 37 13 4 3 1 1 1 1 0 0 0 0 0 0 0 0 0 0 0 0
"71" 71 0.0717488789238 44 5 4 3 3 2 0 0 0 0 0 0 0 0 0 0 0 0 0 0
"72" 72 0.564853556485 31 8 5 4 4 2 1 1 1 1 1 1 1 0 0 0 0 0 0 0
"73" 73 0.0582959641256 12 11 10 5 5 4 3 3 2 2 2 1 1 0 0 0 0 0 0 0
"74" 74 0.0 59 2 0 0 0 0 0 0 0 0 0 0 0 0 0 0 0 0 0 0
"75" 75 0.0621761658031 43 12 3 1 1 1 0 0 0 0 0 0 0 0 0 0 0 0 0 0
"76" 76 0.535864978903 33 19 4 3 1 1 0 0 0 0 0 0 0 0 0 0 0 0 0 0
"77" 77 0.125475285171 23 16 12 2 2 2 2 1 0 0 0 0 0 0 0 0 0 0 0 0
"78" 78 0.0384615384615 56 2 1 1 0 0 0 0 0 0 0 0 0 0 0 0 0 0 0 0
"79" 79 0.0 27 15 10 5 4 0 0 0 0 0 0 0 0 0 0 0 0 0 0 0
"80" 80 0.0 41 13 4 3 0 0 0 0 0 0 0 0 0 0 0 0 0 0 0 0
"81" 81 0.0 30 14 13 3 1 0 0 0 0 0 0 0 0 0 0 0 0 0 0 0
"82" 82 0.0 52 5 4 0 0 0 0 0 0 0 0 0 0 0 0 0 0 0 0 0
"83" 83 0.0 33 9 7 5 3 2 1 1 0 0 0 0 0 0 0 0 0 0 0 0
"84" 84 0.0 60 1 0 0 0 0 0 0 0 0 0 0 0 0 0 0 0 0 0 0
"85" 85 0.020725388601 61 0 0 0 0 0 0 0 0 0 0 0 0 0 0 0 0 0 0 0
"86" 86 0.0 61 0 0 0 0 0 0 0 0 0 0 0 0 0 0 0 0 0 0 0
"87" 87 0.0 61 0 0 0 0 0 0 0 0 0 0 0 0 0 0 0 0 0 0 0
"88" 88 0.0 60 1 0 0 0 0 0 0 0 0 0 0 0 0 0 0 0 0 0 0
"89" 89 0.259124087591 61 0 0 0 0 0 0 0 0 0 0 0 0 0 0 0 0 0 0 0
"90" 90 0.240384615385 58 1 1 0 0 0 0 0 0 0 0 0 0 0 0 0 0 0 0 0
"91" 91 0.891191709845 15 10 8 5 5 5 3 2 2 1 1 1 1 1 1 0 0 0 0 0
"92" 92 0.522321428571 18 18 15 3 2 2 2 1 0 0 0 0 0 0 0 0 0 0 0 0
"93" 93 0.0459770114943 39 16 3 1 1 1 0 0 0 0 0 0 0 0 0 0 0 0 0 0
"94" 94 0.209302325581 21 18 14 3 2 1 1 1 0 0 0 0 0 0 0 0 0 0 0 0
"95" 95 0.384615384615 30 28 1 1 1 0 0 0 0 0 0 0 0 0 0 0 0 0 0 0
"96" 96 0.0518134715026 32 23 4 1 1 0 0 0 0 0 0 0 0 0 0 0 0 0 0 0
"97" 97 0.685534591195 17 12 8 8 3 2 1 1 1 0 0 0 0 0 0 0 0 0 0 0
"98" 98 0.71875 27 17 2 1 0 0 0 0 0 0 0 0 0 0 0 0 0 0 0 0
"99" 99 0.625 15 8 1 1 1 1 0 0 0 0 0 0 0 0 0 0 0 0 0 0
"100" 100 0.238410596026 28 20 5 3 2 2 1 0 0 0 0 0 0 0 0 0 0 0 0 0
"101" 101 0.521276595745 33 28 0 0 0 0 0 0 0 0 0 0 0 0 0 0 0 0 0 0
"102" 102 0.129533678756 57 4 0 0 0 0 0 0 0 0 0 0 0 0 0 0 0 0 0 0
"103" 103 0.0251046025105 42 16 2 1 0 0 0 0 0 0 0 0 0 0 0 0 0 0 0 0
"104" 104 0.0 60 1 0 0 0 0 0 0 0 0 0 0 0 0 0 0 0 0 0 0
"105" 105 0.188340807175 15 15 13 6 5 3 1 1 1 1 0 0 0 0 0 0 0 0 0 0
"106" 106 0.0 58 2 1 0 0 0 0 0 0 0 0 0 0 0 0 0 0 0 0 0
"107" 107 0.0 61 0 0 0 0 0 0 0 0 0 0 0 0 0 0 0 0 0 0 0
"108" 108 0.00961538461538 61 0 0 0 0 0 0 0 0 0 0 0 0 0 0 0 0 0 0 0
"109" 109 0.00418410041841 60 1 0 0 0 0 0 0 0 0 0 0 0 0 0 0 0 0 0 0
"110" 110 0.0114068441065 61 0 0 0 0 0 0 0 0 0 0 0 0 0 0 0 0 0 0 0
"111" 111 0.00995024875622 38 21 2 0 0 0 0 0 0 0 0 0 0 0 0 0 0 0 0 0
"112" 112 0.128205128205 47 14 0 0 0 0 0 0 0 0 0 0 0 0 0 0 0 0 0 0
"113" 113 0.0232558139535 61 0 0 0 0 0 0 0 0 0 0 0 0 0 0 0 0 0 0 0
"114" 114 0.529069767442 59 1 1 0 0 0 0 0 0 0 0 0 0 0 0 0 0 0 0 0
"115" 115 0.32735426009 31 15 5 2 2 2 2 1 1 0 0 0 0 0 0 0 0 0 0 0
"116" 116 0.6875 22 21 7 6 2 1 1 1 0 0 0 0 0 0 0 0 0 0 0 0
"117" 117 0.490566037736 52 9 0 0 0 0 0 0 0 0 0 0 0 0 0 0 0 0 0 0
"118" 118 0.0950570342205 50 6 5 0 0 0 0 0 0 0 0 0 0 0 0 0 0 0 0 0
"119" 119 0.15503875969 19 11 10 9 4 4 2 1 1 0 0 0 0 0 0 0 0 0 0 0
"120" 120 0.533632286996 19 10 9 7 5 4 1 1 1 1 0 0 0 0 0 0 0 0 0 0
"121" 121 0.0430622009569 37 18 4 1 1 0 0 0 0 0 0 0 0 0 0 0 0 0 0 0
"122" 122 0.00380228136882 55 3 2 1 0 0 0 0 0 0 0 0 0 0 0 0 0 0 0 0
"123" 123 0.206278026906 29 11 9 7 3 1 1 0 0 0 0 0 0 0 0 0 0 0 0 0
"124" 124 0.0 60 1 0 0 0 0 0 0 0 0 0 0 0 0 0 0 0 0 0 0
"125" 125 0.125475285171 48 4 3 2 1 1 1 1 0 0 0 0 0 0 0 0 0 0 0 0
"126" 126 0.295336787565 39 14 5 2 1 0 0 0 0 0 0 0 0 0 0 0 0 0 0 0
"127" 127 0.0 60 1 0 0 0 0 0 0 0 0 0 0 0 0 0 0 0 0 0 0
"128" 128 0.0 40 20 1 0 0 0 0 0 0 0 0 0 0 0 0 0 0 0 0 0
"129" 129 0.0430622009569 37 13 5 2 1 1 1 1 0 0 0 0 0 0 0 0 0 0 0 0
"130" 130 0.447257383966 18 17 10 9 4 2 1 0 0 0 0 0 0 0 0 0 0 0 0 0
"131" 131 0.138392857143 61 0 0 0 0 0 0 0 0 0 0 0 0 0 0 0 0 0 0 0
"132" 132 0.0 61 0 0 0 0 0 0 0 0 0 0 0 0 0 0 0 0 0 0 0
"133" 133 0.0 56 3 1 1 0 0 0 0 0 0 0 0 0 0 0 0 0 0 0 0
"134" 134 0.547085201794 21 11 10 7 3 3 2 2 1 1 0 0 0 0 0 0 0 0 0 0
"135" 135 0.209302325581 42 6 4 3 3 1 1 1 0 0 0 0 0 0 0 0 0 0 0 0
"136" 136 0.0 30 17 13 1 0 0 0 0 0 0 0 0 0 0 0 0 0 0 0 0
"137" 137 0.274611398964 25 12 6 5 4 3 2 2 1 0 0 0 0 0 0 0 0 0 0 0
"138" 138 0.602649006623 24 8 8 5 3 3 2 2 2 1 1 1 0 0 0 0 0 0 0 0
"139" 139 0.363636363636 18 16 6 5 3 3 3 1 1 1 1 1 1 0 0 0 0 0 0 0
"140" 140 0.167364016736 48 5 2 1 1 1 1 1 0 0 0 0 0 0 0 0 0 0 0 0
"141" 141 0.512820512821 41 5 4 2 1 1 1 1 0 0 0 0 0 0 0 0 0 0 0 0
"142" 142 0.392405063291 5 5 3 2 1 1 1 1 0 0 0 0 0 0 0 0 0 0 0 0
"143" 143 0.0248756218905 28 12 9 7 2 1 1 0 0 0 0 0 0 0 0 0 0 0 0 0
"144" 144 0.0673575129534 31 11 11 7 1 0 0 0 0 0 0 0 0 0 0 0 0 0 0 0
"145" 145 0.0 11 7 7 5 4 4 4 4 3 3 2 2 2 1 0 0 0 0 0 0
"146" 146 0.318407960199 3 1 1 0 0 0 0 0 0 0 0 0 0 0 0 0 0 0 0 0
"147" 147 0.518134715026 9 9 9 8 6 4 4 4 3 3 1 0 0 0 0 0 0 0 0 0
"148" 148 0.112820512821 44 12 4 1 0 0 0 0 0 0 0 0 0 0 0 0 0 0 0 0
"149" 149 0.0 10 9 5 5 2 1 1 1 0 0 0 0 0 0 0 0 0 0 0 0
"150" 150 0.0 35 15 10 1 0 0 0 0 0 0 0 0 0 0 0 0 0 0 0 0
"151" 151 0.0 57 3 1 0 0 0 0 0 0 0 0 0 0 0 0 0 0 0 0 0
"152" 152 0.0 21 16 15 5 2 2 0 0 0 0 0 0 0 0 0 0 0 0 0 0
"153" 153 0.0 61 0 0 0 0 0 0 0 0 0 0 0 0 0 0 0 0 0 0 0
"154" 154 0.0430622009569 61 0 0 0 0 0 0 0 0 0 0 0 0 0 0 0 0 0 0 0
"155" 155 0.0264900662252 61 0 0 0 0 0 0 0 0 0 0 0 0 0 0 0 0 0 0 0
"156" 156 0.0 61 0 0 0 0 0 0 0 0 0 0 0 0 0 0 0 0 0 0 0
"157" 157 0.0 61 0 0 0 0 0 0 0 0 0 0 0 0 0 0 0 0 0 0 0
"158" 158 0.0 61 0 0 0 0 0 0 0 0 0 0 0 0 0 0 0 0 0 0 0
"159" 159 0.00380228136882 55 4 2 0 0 0 0 0 0 0 0 0 0 0 0 0 0 0 0 0
"160" 160 0.0192307692308 61 0 0 0 0 0 0 0 0 0 0 0 0 0 0 0 0 0 0 0
"161" 161 0.0 61 0 0 0 0 0 0 0 0 0 0 0 0 0 0 0 0 0 0 0
"162" 162 0.010152284264 59 2 0 0 0 0 0 0 0 0 0 0 0 0 0 0 0 0 0 0
"163" 163 0.0189873417722 27 12 9 6 4 2 1 0 0 0 0 0 0 0 0 0 0 0 0 0
"164" 164 0.00961538461538 28 13 11 5 2 2 0 0 0 0 0 0 0 0 0 0 0 0 0 0
"165" 165 0.0152091254753 32 13 10 5 1 0 0 0 0 0 0 0 0 0 0 0 0 0 0 0
"166" 166 0.00995024875622 55 5 1 0 0 0 0 0 0 0 0 0 0 0 0 0 0 0 0 0
"167" 167 0.291139240506 34 23 1 1 1 1 0 0 0 0 0 0 0 0 0 0 0 0 0 0
"168" 168 0.125 52 3 2 1 1 1 0 0 0 0 0 0 0 0 0 0 0 0 0 0
"169" 169 0.041825095057 48 2 2 2 2 2 2 0 0 0 0 0 0 0 0 0 0 0 0 0
"170" 170 0.794701986755 1 1 1 0 0 0 0 0 0 0 0 0 0 0 0 0 0 0 0 0
"171" 171 0.567307692308 1 1 1 0 0 0 0 0 0 0 0 0 0 0 0 0 0 0 0 0
"172" 172 0.518987341772 29 9 5 4 4 3 3 2 1 1 0 0 0 0 0 0 0 0 0 0
"173" 173 0.189781021898 28 16 5 4 4 1 1 1 1 0 0 0 0 0 0 0 0 0 0 0
"174" 174 0.0380228136882 44 17 0 0 0 0 0 0 0 0 0 0 0 0 0 0 0 0 0 0
"175" 175 0.447257383966 19 18 8 5 5 2 2 1 1 0 0 0 0 0 0 0 0 0 0 0
"176" 176 0.00662251655629 57 2 2 0 0 0 0 0 0 0 0 0 0 0 0 0 0 0 0 0
"177" 177 0.0 40 11 5 4 1 0 0 0 0 0 0 0 0 0 0 0 0 0 0 0
"178" 178 0.0 58 3 0 0 0 0 0 0 0 0 0 0 0 0 0 0 0 0 0 0
"179" 179 0.0 61 0 0 0 0 0 0 0 0 0 0 0 0 0 0 0 0 0 0 0
"180" 180 0.0 61 0 0 0 0 0 0 0 0 0 0 0 0 0 0 0 0 0 0 0
"181" 181 0.0 36 25 0 0 0 0 0 0 0 0 0 0 0 0 0 0 0 0 0 0
"182" 182 0.0 60 1 0 0 0 0 0 0 0 0 0 0 0 0 0 0 0 0 0 0
"183" 183 0.0 58 3 0 0 0 0 0 0 0 0 0 0 0 0 0 0 0 0 0 0
"184" 184 0.00574712643678 18 17 12 11 2 1 0 0 0 0 0 0 0 0 0 0 0 0 0 0
"185" 185 0.0820512820513 46 8 4 1 1 1 0 0 0 0 0 0 0 0 0 0 0 0 0 0
"186" 186 0.0062893081761 61 0 0 0 0 0 0 0 0 0 0 0 0 0 0 0 0 0 0 0
"187" 187 0.0993377483444 16 15 11 11 4 3 1 0 0 0 0 0 0 0 0 0 0 0 0 0
"188" 188 0.564102564103 19 14 5 5 4 4 2 2 2 1 1 1 1 0 0 0 0 0 0 0
"189" 189 0.00574712643678 38 13 6 2 2 0 0 0 0 0 0 0 0 0 0 0 0 0 0 0
"190" 190 0.389937106918 54 2 2 2 1 0 0 0 0 0 0 0 0 0 0 0 0 0 0 0
"191" 191 0.0602836879433 60 1 0 0 0 0 0 0 0 0 0 0 0 0 0 0 0 0 0 0
"192" 192 0.0 58 2 1 0 0 0 0 0 0 0 0 0 0 0 0 0 0 0 0 0
"193" 193 0.313901345291 31 11 8 3 3 3 1 1 0 0 0 0 0 0 0 0 0 0 0 0
"194" 194 0.26582278481 58 2 1 0 0 0 0 0 0 0 0 0 0 0 0 0 0 0 0 0
"195" 195 0.0 56 2 2 1 0 0 0 0 0 0 0 0 0 0 0 0 0 0 0 0
"196" 196 0.00418410041841 49 12 0 0 0 0 0 0 0 0 0 0 0 0 0 0 0 0 0 0
"197" 197 0.544303797468 21 14 9 7 3 2 2 2 1 0 0 0 0 0 0 0 0 0 0 0
"198" 198 0.201923076923 24 11 9 8 2 2 2 1 1 1 0 0 0 0 0 0 0 0 0 0
"199" 199 0.0 61 0 0 0 0 0 0 0 0 0 0 0 0 0 0 0 0 0 0 0
"200" 200 0.0746268656716 57 4 0 0 0 0 0 0 0 0 0 0 0 0 0 0 0 0 0 0
"201" 201 0.346153846154 57 1 1 1 1 0 0 0 0 0 0 0 0 0 0 0 0 0 0 0
"202" 202 0.803571428571 15 11 10 8 4 4 4 2 1 1 1 0 0 0 0 0 0 0 0 0
"203" 203 0.152482269504 56 2 1 1 1 0 0 0 0 0 0 0 0 0 0 0 0 0 0 0
"204" 204 0.544642857143 16 12 7 7 6 3 2 2 2 1 1 1 1 0 0 0 0 0 0 0
"205" 205 0.410852713178 18 16 12 4 3 2 2 1 1 1 1 0 0 0 0 0 0 0 0 0
"206" 206 0.110266159696 42 11 8 0 0 0 0 0 0 0 0 0 0 0 0 0 0 0 0 0
"207" 207 0.0 61 0 0 0 0 0 0 0 0 0 0 0 0 0 0 0 0 0 0 0
"208" 208 0.0 43 10 6 2 0 0 0 0 0 0 0 0 0 0 0 0 0 0 0 0
"209" 209 0.0696202531646 24 18 16 2 1 0 0 0 0 0 0 0 0 0 0 0 0 0 0 0
"210" 210 0.293532338308 25 8 8 5 4 3 2 2 1 1 1 1 0 0 0 0 0 0 0 0
"211" 211 0.124378109453 59 1 1 0 0 0 0 0 0 0 0 0 0 0 0 0 0 0 0 0
"212" 212 0.00507614213198 24 18 11 7 1 0 0 0 0 0 0 0 0 0 0 0 0 0 0 0
"213" 213 0.42194092827 23 10 9 4 4 3 3 2 1 1 1 0 0 0 0 0 0 0 0 0
"214" 214 0.738461538462 14 9 8 7 5 3 3 3 3 2 1 1 1 1 0 0 0 0 0 0
"215" 215 0.182741116751 9 4 3 3 3 1 1 1 1 1 1 1 0 0 0 0 0 0 0 0
"216" 216 0.777372262774 10 8 7 5 5 4 4 3 2 2 2 2 1 1 0 0 0 0 0 0
"217" 217 0.143540669856 14 6 5 4 4 4 3 3 3 2 2 1 1 1 0 0 0 0 0 0
"218" 218 0.402298850575 10 8 5 5 3 3 2 2 1 1 1 1 1 0 0 0 0 0 0 0
"219" 219 0.576923076923 16 12 7 4 3 2 2 1 1 0 0 0 0 0 0 0 0 0 0 0
"220" 220 0.699481865285 23 4 4 2 2 2 2 1 1 1 1 1 0 0 0 0 0 0 0 0
"221" 221 0.238341968912 11 9 6 5 5 4 2 2 1 1 1 1 1 1 1 0 0 0 0 0
"222" 222 0.310218978102 6 4 3 3 2 2 2 2 1 1 1 1 0 0 0 0 0 0 0 0
"223" 223 0.010152284264 24 3 2 2 1 1 0 0 0 0 0 0 0 0 0 0 0 0 0 0
"224" 224 0.0248756218905 59 1 1 0 0 0 0 0 0 0 0 0 0 0 0 0 0 0 0 0
"225" 225 0.00507614213198 32 28 1 0 0 0 0 0 0 0 0 0 0 0 0 0 0 0 0 0
"226" 226 0.0143540669856 55 5 1 0 0 0 0 0 0 0 0 0 0 0 0 0 0 0 0 0
"227" 227 0.00574712643678 49 8 2 1 1 0 0 0 0 0 0 0 0 0 0 0 0 0 0 0
"228" 228 0.0 61 0 0 0 0 0 0 0 0 0 0 0 0 0 0 0 0 0 0 0
"229" 229 0.295336787565 20 12 7 6 5 4 4 2 1 0 0 0 0 0 0 0 0 0 0 0
"230" 230 0.41059602649 25 8 6 6 6 3 3 2 1 1 0 0 0 0 0 0 0 0 0 0
"231" 231 0.0310880829016 61 0 0 0 0 0 0 0 0 0 0 0 0 0 0 0 0 0 0 0
"232" 232 0.566037735849 18 8 7 7 7 5 4 4 1 0 0 0 0 0 0 0 0 0 0 0
"233" 233 0.255230125523 61 0 0 0 0 0 0 0 0 0 0 0 0 0 0 0 0 0 0 0
"234" 234 0.0746268656716 45 12 2 1 1 0 0 0 0 0 0 0 0 0 0 0 0 0 0 0
"235" 235 0.75 13 9 8 5 5 4 3 3 2 2 1 1 1 0 0 0 0 0 0 0
"236" 236 0.482142857143 25 7 6 6 5 4 3 2 1 1 1 0 0 0 0 0 0 0 0 0
"237" 237 0.0430622009569 53 2 2 2 1 1 0 0 0 0 0 0 0 0 0 0 0 0 0 0
"238" 238 0.0 61 0 0 0 0 0 0 0 0 0 0 0 0 0 0 0 0 0 0 0
"239" 239 0.291139240506 26 13 9 7 2 2 1 1 0 0 0 0 0 0 0 0 0 0 0 0
"240" 240 0.0062893081761 55 5 1 0 0 0 0 0 0 0 0 0 0 0 0 0 0 0 0 0
"241" 241 0.379464285714 37 10 5 5 1 1 1 1 0 0 0 0 0 0 0 0 0 0 0 0
"242" 242 0.203980099502 15 14 12 5 4 4 2 2 1 1 1 0 0 0 0 0 0 0 0 0
"243" 243 0.0149253731343 36 24 1 0 0 0 0 0 0 0 0 0 0 0 0 0 0 0 0 0
"244" 244 0.388059701493 14 13 9 6 6 5 4 1 1 0 0 0 0 0 0 0 0 0 0 0
"245" 245 0.526785714286 21 11 8 7 5 3 2 2 1 1 0 0 0 0 0 0 0 0 0 0
"246" 246 0.062015503876 52 5 2 1 1 0 0 0 0 0 0 0 0 0 0 0 0 0 0 0
"247" 247 0.0172413793103 33 22 1 1 1 1 1 1 0 0 0 0 0 0 0 0 0 0 0 0
"248" 248 0.544303797468 25 9 5 5 5 4 3 3 2 0 0 0 0 0 0 0 0 0 0 0
"249" 249 0.798449612403 14 13 7 4 4 4 4 3 2 2 1 1 1 0 0 0 0 0 0 0
"250" 250 0.191860465116 19 8 7 6 5 4 4 2 2 1 1 1 0 0 0 0 0 0 0 0
"251" 251 0.350993377483 28 10 4 4 3 3 2 2 1 1 1 1 0 0 0 0 0 0 0 0
"252" 252 0.0 3 2 2 2 1 1 0 0 0 0 0 0 0 0 0 0 0 0 0 0
"253" 253 0.340807174888 14 10 8 4 4 3 2 2 2 1 1 1 1 1 1 0 0 0 0 0
"254" 254 0.632124352332 33 5 3 3 3 3 3 2 2 2 0 0 0 0 0 0 0 0 0 0
"255" 255 0.247148288973 6 3 2 1 0 0 0 0 0 0 0 0 0 0 0 0 0 0 0 0
"256" 256 0.051724137931 25 22 8 2 2 2 0 0 0 0 0 0 0 0 0 0 0 0 0 0
"257" 257 0.236607142857 21 10 7 6 5 3 2 2 2 1 1 1 0 0 0 0 0 0 0 0
"258" 258 0.233502538071 35 9 6 5 4 2 0 0 0 0 0 0 0 0 0 0 0 0 0 0
"259" 259 0.299578059072 46 12 1 1 1 0 0 0 0 0 0 0 0 0 0 0 0 0 0 0
"260" 260 0.409282700422 28 19 6 4 1 1 1 1 0 0 0 0 0 0 0 0 0 0 0 0
"261" 261 0.166666666667 40 9 7 4 1 0 0 0 0 0 0 0 0 0 0 0 0 0 0 0
"262" 262 0.751196172249 21 19 8 5 3 2 1 1 1 0 0 0 0 0 0 0 0 0 0 0
"263" 263 0.413461538462 54 4 2 1 0 0 0 0 0 0 0 0 0 0 0 0 0 0 0 0
"264" 264 0.251046025105 55 6 0 0 0 0 0 0 0 0 0 0 0 0 0 0 0 0 0 0
"265" 265 0.424870466321 60 1 0 0 0 0 0 0 0 0 0 0 0 0 0 0 0 0 0 0
"266" 266 0.124401913876 61 0 0 0 0 0 0 0 0 0 0 0 0 0 0 0 0 0 0 0
"267" 267 0.251655629139 58 1 1 1 0 0 0 0 0 0 0 0 0 0 0 0 0 0 0 0
"268" 268 0.0760456273764 61 0 0 0 0 0 0 0 0 0 0 0 0 0 0 0 0 0 0 0
"269" 269 0.726235741445 37 23 1 0 0 0 0 0 0 0 0 0 0 0 0 0 0 0 0 0
"270" 270 0.00418410041841 58 3 0 0 0 0 0 0 0 0 0 0 0 0 0 0 0 0 0 0
"271" 271 0.0 49 7 5 0 0 0 0 0 0 0 0 0 0 0 0 0 0 0 0 0
"272" 272 0.0728476821192 35 21 2 1 1 1 0 0 0 0 0 0 0 0 0 0 0 0 0 0
"273" 273 0.395348837209 36 25 0 0 0 0 0 0 0 0 0 0 0 0 0 0 0 0 0 0
"274" 274 0.125523012552 60 1 0 0 0 0 0 0 0 0 0 0 0 0 0 0 0 0 0 0
"275" 275 0.00574712643678 35 13 6 4 2 1 0 0 0 0 0 0 0 0 0 0 0 0 0 0
"276" 276 0.333333333333 20 19 9 5 3 3 1 1 0 0 0 0 0 0 0 0 0 0 0 0
"277" 277 0.325892857143 39 16 2 2 1 1 0 0 0 0 0 0 0 0 0 0 0 0 0 0
"278" 278 0.0 61 0 0 0 0 0 0 0 0 0 0 0 0 0 0 0 0 0 0 0
"279" 279 0.0 24 20 8 5 3 1 0 0 0 0 0 0 0 0 0 0 0 0 0 0
"280" 280 0.428571428571 16 15 11 11 3 3 1 1 0 0 0 0 0 0 0 0 0 0 0 0
"281" 281 0.10460251046 27 26 4 3 1 0 0 0 0 0 0 0 0 0 0 0 0 0 0 0
"282" 282 0.0 57 4 0 0 0 0 0 0 0 0 0 0 0 0 0 0 0 0 0 0
"283" 283 0.0 56 2 1 1 1 0 0 0 0 0 0 0 0 0 0 0 0 0 0 0
"284" 284 0.503649635036 22 9 6 6 5 3 3 2 2 1 1 1 0 0 0 0 0 0 0 0
"285" 285 0.292307692308 19 14 13 3 3 2 2 1 1 1 1 1 0 0 0 0 0 0 0 0
"286" 286 0.0398009950249 54 4 2 0 0 0 0 0 0 0 0 0 0 0 0 0 0 0 0 0
"287" 287 0.596153846154 20 3 1 0 0 0 0 0 0 0 0 0 0 0 0 0 0 0 0 0
"288" 288 0.238805970149 12 1 1 1 0 0 0 0 0 0 0 0 0 0 0 0 0 0 0 0
"289" 289 0.609137055838 3 2 1 0 0 0 0 0 0 0 0 0 0 0 0 0 0 0 0 0
