"site" "RSA" "aa1" "aa2" "aa3" "aa4" "aa5" "aa6" "aa7" "aa8" "aa9" "aa10" "aa11" "aa12" "aa13" "aa14" "aa15" "aa16" "aa17" "aa18" "aa19" "aa20"
"0" 0 0.317880794702 3 0 0 0 0 0 0 0 0 0 0 0 0 0 0 0 0 0 0 0
"1" 1 0.00507614213198 2 2 1 0 0 0 0 0 0 0 0 0 0 0 0 0 0 0 0 0
"2" 2 0.0 2 2 1 0 0 0 0 0 0 0 0 0 0 0 0 0 0 0 0 0
"3" 3 0.10460251046 4 3 0 0 0 0 0 0 0 0 0 0 0 0 0 0 0 0 0 0
"4" 4 0.269035532995 4 2 1 1 1 0 0 0 0 0 0 0 0 0 0 0 0 0 0 0
"5" 5 0.709844559585 6 2 1 1 1 0 0 0 0 0 0 0 0 0 0 0 0 0 0 0
"6" 6 0.5 4 3 1 1 1 1 1 1 1 0 0 0 0 0 0 0 0 0 0 0
"7" 7 0.421524663677 5 3 2 2 1 1 1 1 0 0 0 0 0 0 0 0 0 0 0 0
"8" 8 0.0348258706468 9 2 1 1 1 1 1 1 0 0 0 0 0 0 0 0 0 0 0 0
"9" 9 0.403846153846 4 3 2 2 1 1 1 1 1 1 0 0 0 0 0 0 0 0 0 0
"10" 10 0.0174418604651 11 7 3 2 1 0 0 0 0 0 0 0 0 0 0 0 0 0 0 0
"11" 11 0.574358974359 13 7 4 4 4 1 1 1 1 1 1 0 0 0 0 0 0 0 0 0
"12" 12 0.459119496855 33 12 4 2 1 1 0 0 0 0 0 0 0 0 0 0 0 0 0 0
"13" 13 0.0232558139535 24 12 7 7 2 1 1 1 0 0 0 0 0 0 0 0 0 0 0 0
"14" 14 0.629464285714 45 20 18 16 7 3 2 1 1 1 0 0 0 0 0 0 0 0 0 0
"15" 15 0.28855721393 159 6 5 1 0 0 0 0 0 0 0 0 0 0 0 0 0 0 0 0
"16" 16 0.119496855346 153 4 3 3 2 2 1 1 1 1 0 0 0 0 0 0 0 0 0 0
"17" 17 0.704402515723 56 28 27 22 19 10 6 2 1 1 1 0 0 0 0 0 0 0 0 0
"18" 18 0.119402985075 172 2 1 0 0 0 0 0 0 0 0 0 0 0 0 0 0 0 0 0
"19" 19 0.522012578616 134 9 8 8 7 5 2 1 1 1 0 0 0 0 0 0 0 0 0 0
"20" 20 0.133079847909 170 6 0 0 0 0 0 0 0 0 0 0 0 0 0 0 0 0 0 0
"21" 21 0.355769230769 104 33 12 10 7 3 2 2 1 1 1 0 0 0 0 0 0 0 0 0
"22" 22 0.281368821293 130 14 7 7 5 4 4 4 2 1 0 0 0 0 0 0 0 0 0 0
"23" 23 0.559585492228 110 25 14 9 7 7 3 2 1 1 0 0 0 0 0 0 0 0 0 0
"24" 24 0.248062015504 166 5 2 2 2 1 1 0 0 0 0 0 0 0 0 0 0 0 0 0
"25" 25 0.0 179 1 1 0 0 0 0 0 0 0 0 0 0 0 0 0 0 0 0 0
"26" 26 0.352678571429 166 3 3 3 2 2 2 0 0 0 0 0 0 0 0 0 0 0 0 0
"27" 27 0.476793248945 167 8 2 1 1 1 1 0 0 0 0 0 0 0 0 0 0 0 0 0
"28" 28 0.0 81 41 17 10 9 8 8 7 0 0 0 0 0 0 0 0 0 0 0 0
"29" 29 0.0253807106599 149 20 8 3 1 0 0 0 0 0 0 0 0 0 0 0 0 0 0 0
"30" 30 0.0829015544041 170 6 3 1 1 0 0 0 0 0 0 0 0 0 0 0 0 0 0 0
"31" 31 0.0697674418605 112 27 17 11 5 4 2 2 1 0 0 0 0 0 0 0 0 0 0 0
"32" 32 0.495535714286 47 36 30 29 12 9 7 4 3 3 1 0 0 0 0 0 0 0 0 0
"33" 33 0.0116279069767 173 8 0 0 0 0 0 0 0 0 0 0 0 0 0 0 0 0 0 0
"34" 34 0.0045871559633 176 3 1 1 0 0 0 0 0 0 0 0 0 0 0 0 0 0 0 0
"35" 35 0.434599156118 106 14 13 12 12 9 8 2 1 1 1 1 1 0 0 0 0 0 0 0
"36" 36 0.407960199005 127 35 12 5 1 1 0 0 0 0 0 0 0 0 0 0 0 0 0 0
"37" 37 0.0191387559809 181 0 0 0 0 0 0 0 0 0 0 0 0 0 0 0 0 0 0 0
"38" 38 0.0334928229665 155 25 1 0 0 0 0 0 0 0 0 0 0 0 0 0 0 0 0 0
"39" 39 0.326424870466 52 51 35 31 6 2 1 1 1 1 0 0 0 0 0 0 0 0 0 0
"40" 40 0.599156118143 151 19 5 2 2 1 1 0 0 0 0 0 0 0 0 0 0 0 0 0
"41" 41 0.311004784689 181 0 0 0 0 0 0 0 0 0 0 0 0 0 0 0 0 0 0 0
"42" 42 0.0 178 2 1 0 0 0 0 0 0 0 0 0 0 0 0 0 0 0 0 0
"43" 43 0.124031007752 73 46 40 9 9 3 1 0 0 0 0 0 0 0 0 0 0 0 0 0
"44" 44 0.294573643411 79 75 24 2 1 0 0 0 0 0 0 0 0 0 0 0 0 0 0 0
"45" 45 0.102661596958 179 1 1 0 0 0 0 0 0 0 0 0 0 0 0 0 0 0 0 0
"46" 46 0.0229885057471 129 24 20 4 3 1 0 0 0 0 0 0 0 0 0 0 0 0 0 0
"47" 47 0.471794871795 65 60 22 10 10 8 3 2 1 0 0 0 0 0 0 0 0 0 0 0
"48" 48 0.369230769231 135 37 5 2 1 1 0 0 0 0 0 0 0 0 0 0 0 0 0 0
"49" 49 0.00497512437811 134 14 10 8 5 5 2 1 1 1 0 0 0 0 0 0 0 0 0 0
"50" 50 0.14358974359 175 2 2 1 1 0 0 0 0 0 0 0 0 0 0 0 0 0 0 0
"51" 51 0.441025641026 85 27 22 11 11 7 6 5 3 2 2 0 0 0 0 0 0 0 0 0
"52" 52 0.0232558139535 157 5 5 4 3 2 2 1 1 1 0 0 0 0 0 0 0 0 0 0
"53" 53 0.00995024875622 105 43 20 8 2 2 1 0 0 0 0 0 0 0 0 0 0 0 0 0
"54" 54 0.599156118143 95 40 26 7 6 3 2 1 1 0 0 0 0 0 0 0 0 0 0 0
"55" 55 0.603375527426 76 47 12 10 9 9 6 4 4 2 1 1 0 0 0 0 0 0 0 0
"56" 56 0.167464114833 40 29 10 9 7 6 5 4 3 2 2 2 1 1 1 1 0 0 0 0
"57" 57 0.471698113208 82 41 18 16 5 4 4 3 2 1 1 1 1 0 0 0 0 0 0 0
"58" 58 0.549107142857 73 41 16 12 7 7 7 5 3 3 1 1 1 1 1 0 0 0 0 0
"59" 59 0.114427860697 116 12 10 7 7 6 4 4 2 1 1 1 0 0 0 0 0 0 0 0
"60" 60 0.224215246637 50 42 29 12 9 8 6 6 4 4 2 2 2 1 1 1 1 0 0 0
"61" 61 0.815384615385 37 29 22 21 20 17 11 6 5 3 2 2 2 1 1 1 0 0 0 0
"62" 62 0.271523178808 72 29 19 7 5 5 5 5 5 4 4 4 3 3 2 1 0 0 0 0
"63" 63 0.0529801324503 91 26 25 20 7 4 3 2 1 1 0 0 0 0 0 0 0 0 0 0
"64" 64 0.00574712643678 61 53 43 14 6 2 1 1 0 0 0 0 0 0 0 0 0 0 0 0
"65" 65 0.0 119 13 9 6 6 6 5 5 3 2 2 2 1 1 1 0 0 0 0 0
"66" 66 0.325581395349 76 40 20 16 8 7 6 5 2 1 0 0 0 0 0 0 0 0 0 0
"67" 67 0.0298507462687 120 41 10 6 2 1 1 0 0 0 0 0 0 0 0 0 0 0 0 0
"68" 68 0.0149253731343 93 40 23 8 7 6 3 1 0 0 0 0 0 0 0 0 0 0 0 0
"69" 69 0.43795620438 55 28 26 20 18 13 8 5 2 2 1 1 1 1 0 0 0 0 0 0
"70" 70 0.419689119171 63 42 16 12 9 8 8 7 6 5 2 1 0 0 0 0 0 0 0 0
"71" 71 0.129353233831 102 32 23 4 4 1 1 1 1 1 1 0 0 0 0 0 0 0 0 0
"72" 72 0.682051282051 54 37 32 13 9 8 6 4 3 2 2 2 1 0 0 0 0 0 0 0
"73" 73 0.509933774834 43 33 18 16 12 10 7 7 7 7 4 4 3 2 0 0 0 0 0 0
"74" 74 0.0 61 56 19 7 5 4 3 2 1 1 1 0 0 0 0 0 0 0 0 0
"75" 75 0.220125786164 144 9 2 2 1 1 1 0 0 0 0 0 0 0 0 0 0 0 0 0
"76" 76 0.709821428571 71 24 7 7 6 4 4 3 3 1 1 0 0 0 0 0 0 0 0 0
"77" 77 0.549222797927 56 19 17 14 8 6 5 2 1 1 0 0 0 0 0 0 0 0 0 0
"78" 78 0.0152284263959 77 16 14 13 5 4 4 3 3 2 1 0 0 0 0 0 0 0 0 0
"79" 79 0.259124087591 85 30 13 13 4 1 1 1 1 1 0 0 0 0 0 0 0 0 0 0
"80" 80 0.517441860465 82 25 15 10 10 8 5 4 4 3 3 2 1 1 1 0 0 0 0 0
"81" 81 0.308139534884 124 14 11 8 8 5 3 2 2 1 1 1 0 0 0 0 0 0 0 0
"82" 82 0.0 137 23 16 1 1 1 1 1 0 0 0 0 0 0 0 0 0 0 0 0
"83" 83 0.332116788321 158 10 4 3 2 2 1 1 0 0 0 0 0 0 0 0 0 0 0 0
"84" 84 0.317948717949 167 10 3 1 0 0 0 0 0 0 0 0 0 0 0 0 0 0 0 0
"85" 85 0.0871794871795 165 11 3 2 0 0 0 0 0 0 0 0 0 0 0 0 0 0 0 0
"86" 86 0.00961538461538 147 25 5 3 1 0 0 0 0 0 0 0 0 0 0 0 0 0 0 0
"87" 87 0.00961538461538 181 0 0 0 0 0 0 0 0 0 0 0 0 0 0 0 0 0 0 0
"88" 88 0.0 179 2 0 0 0 0 0 0 0 0 0 0 0 0 0 0 0 0 0 0
"89" 89 0.00478468899522 149 14 13 2 1 1 1 0 0 0 0 0 0 0 0 0 0 0 0 0
"90" 90 0.0 59 43 21 17 14 12 8 3 2 2 0 0 0 0 0 0 0 0 0 0
"91" 91 0.0 179 2 0 0 0 0 0 0 0 0 0 0 0 0 0 0 0 0 0 0
"92" 92 0.0 181 0 0 0 0 0 0 0 0 0 0 0 0 0 0 0 0 0 0 0
"93" 93 0.0116279069767 97 42 14 8 6 5 4 2 2 1 0 0 0 0 0 0 0 0 0 0
"94" 94 0.00507614213198 100 35 22 15 3 2 1 1 1 1 0 0 0 0 0 0 0 0 0 0
"95" 95 0.00836820083682 173 7 1 0 0 0 0 0 0 0 0 0 0 0 0 0 0 0 0 0
"96" 96 0.0141843971631 179 2 0 0 0 0 0 0 0 0 0 0 0 0 0 0 0 0 0 0
"97" 97 0.152466367713 36 35 31 31 13 12 6 6 4 4 2 1 0 0 0 0 0 0 0 0
"98" 98 0.0 65 48 28 10 6 6 5 5 4 2 2 0 0 0 0 0 0 0 0 0
"99" 99 0.00917431192661 105 68 7 1 0 0 0 0 0 0 0 0 0 0 0 0 0 0 0 0
"100" 100 0.119205298013 79 31 28 22 17 1 1 1 1 0 0 0 0 0 0 0 0 0 0 0
"101" 101 0.308176100629 148 9 6 4 4 3 2 2 1 1 1 0 0 0 0 0 0 0 0 0
"102" 102 0.787564766839 77 22 21 15 9 8 7 6 6 3 2 1 0 0 0 0 0 0 0 0
"103" 103 0.153846153846 112 17 11 8 7 5 5 3 2 1 1 1 0 0 0 0 0 0 0 0
"104" 104 0.163461538462 130 12 8 7 6 5 3 3 3 1 1 1 1 0 0 0 0 0 0 0
"105" 105 0.548076923077 135 12 7 5 5 4 4 3 2 2 1 0 0 0 0 0 0 0 0 0
"106" 106 0.556053811659 66 27 24 20 12 6 6 4 3 3 2 2 2 2 1 0 0 0 0 0
"107" 107 0.11320754717 156 5 2 1 1 1 1 1 0 0 0 0 0 0 0 0 0 0 0 0
"108" 108 0.453488372093 65 38 14 9 8 8 7 6 4 3 3 2 1 0 0 0 0 0 0 0
"109" 109 0.423076923077 152 12 5 3 3 2 2 1 1 0 0 0 0 0 0 0 0 0 0 0
"110" 110 0.512953367876 69 41 34 17 4 4 3 3 2 1 1 1 1 0 0 0 0 0 0 0
"111" 111 0.0 133 23 22 2 0 0 0 0 0 0 0 0 0 0 0 0 0 0 0 0
"112" 112 0.108527131783 109 28 13 10 5 5 4 1 1 1 1 1 1 0 0 0 0 0 0 0
"113" 113 0.542600896861 50 33 33 21 15 11 7 3 3 2 1 1 0 0 0 0 0 0 0 0
"114" 114 0.196428571429 133 13 9 7 6 3 3 3 2 1 1 0 0 0 0 0 0 0 0 0
"115" 115 0.0 173 4 3 1 0 0 0 0 0 0 0 0 0 0 0 0 0 0 0 0
"116" 116 0.410256410256 52 51 24 17 9 7 7 4 3 3 2 1 1 0 0 0 0 0 0 0
"117" 117 0.704035874439 39 29 26 22 18 18 12 8 4 2 1 1 1 0 0 0 0 0 0 0
"118" 118 0.389534883721 42 40 29 21 14 12 12 5 2 1 1 1 1 0 0 0 0 0 0 0
"119" 119 0.117154811715 144 25 5 3 2 2 0 0 0 0 0 0 0 0 0 0 0 0 0 0
"120" 120 0.538461538462 172 3 1 1 1 1 1 1 0 0 0 0 0 0 0 0 0 0 0 0
"121" 121 0.238410596026 135 30 6 5 4 1 0 0 0 0 0 0 0 0 0 0 0 0 0 0
"122" 122 0.0627615062762 121 29 14 5 5 3 1 1 1 1 0 0 0 0 0 0 0 0 0 0
"123" 123 0.424107142857 86 61 17 3 3 3 2 2 1 1 1 1 0 0 0 0 0 0 0 0
"124" 124 0.316964285714 75 27 24 11 11 8 8 7 7 2 1 0 0 0 0 0 0 0 0 0
"125" 125 0.0 153 15 12 1 0 0 0 0 0 0 0 0 0 0 0 0 0 0 0 0
"126" 126 0.240506329114 142 25 11 2 1 0 0 0 0 0 0 0 0 0 0 0 0 0 0 0
"127" 127 0.556962025316 75 26 23 16 16 9 9 6 1 0 0 0 0 0 0 0 0 0 0 0
"128" 128 0.300448430493 44 38 35 34 10 8 4 2 2 1 1 1 1 0 0 0 0 0 0 0
"129" 129 0.0 162 14 2 1 1 1 0 0 0 0 0 0 0 0 0 0 0 0 0 0
"130" 130 0.14358974359 43 35 34 32 18 9 3 3 1 1 1 1 0 0 0 0 0 0 0 0
"131" 131 0.551569506726 54 49 26 13 12 12 10 3 1 1 0 0 0 0 0 0 0 0 0 0
"132" 132 0.15503875969 162 5 4 4 2 2 1 1 0 0 0 0 0 0 0 0 0 0 0 0
"133" 133 0.0 114 54 7 3 2 1 0 0 0 0 0 0 0 0 0 0 0 0 0 0
"134" 134 0.394230769231 66 30 26 16 14 11 8 3 3 1 1 1 1 0 0 0 0 0 0 0
"135" 135 0.626943005181 66 40 21 18 16 7 4 4 2 1 1 1 0 0 0 0 0 0 0 0
"136" 136 0.211678832117 125 22 12 7 6 6 1 1 1 0 0 0 0 0 0 0 0 0 0 0
"137" 137 0.832635983264 171 10 0 0 0 0 0 0 0 0 0 0 0 0 0 0 0 0 0 0
"138" 138 0.394230769231 181 0 0 0 0 0 0 0 0 0 0 0 0 0 0 0 0 0 0 0
"139" 139 0.258278145695 181 0 0 0 0 0 0 0 0 0 0 0 0 0 0 0 0 0 0 0
"140" 140 0.0 181 0 0 0 0 0 0 0 0 0 0 0 0 0 0 0 0 0 0 0
"141" 141 0.00354609929078 176 4 1 0 0 0 0 0 0 0 0 0 0 0 0 0 0 0 0 0
"142" 142 0.0 135 27 13 2 2 2 0 0 0 0 0 0 0 0 0 0 0 0 0 0
"143" 143 0.00354609929078 172 7 1 1 0 0 0 0 0 0 0 0 0 0 0 0 0 0 0 0
"144" 144 0.0 171 7 1 1 1 0 0 0 0 0 0 0 0 0 0 0 0 0 0 0
"145" 145 0.0 93 27 17 15 11 9 2 2 2 1 1 0 0 0 0 0 0 0 0 0
"146" 146 0.127737226277 100 23 13 10 8 4 4 3 3 2 2 1 1 0 0 0 0 0 0 0
"147" 147 0.0923076923077 36 33 31 15 8 7 7 4 2 2 1 1 1 1 1 0 0 0 0 0
"148" 148 0.62893081761 44 33 20 16 13 10 9 7 6 5 2 2 1 1 1 0 0 0 0 0
"149" 149 0.708520179372 54 34 22 22 17 10 9 6 1 1 1 1 1 1 0 0 0 0 0 0
"150" 150 0.355769230769 147 17 4 3 2 2 1 1 1 0 0 0 0 0 0 0 0 0 0 0
"151" 151 0.47533632287 103 17 13 11 11 7 5 4 3 2 1 0 0 0 0 0 0 0 0 0
"152" 152 0.044776119403 162 15 4 0 0 0 0 0 0 0 0 0 0 0 0 0 0 0 0 0
"153" 153 0.367713004484 52 38 24 18 11 11 7 4 3 3 2 2 2 2 1 1 0 0 0 0
"154" 154 0.172413793103 97 76 5 2 1 0 0 0 0 0 0 0 0 0 0 0 0 0 0 0
"155" 155 0.137931034483 57 37 21 15 10 8 7 6 5 4 4 3 2 2 0 0 0 0 0 0
"156" 156 0.238410596026 137 24 6 4 4 3 2 1 0 0 0 0 0 0 0 0 0 0 0 0
"157" 157 0.0232558139535 144 19 9 4 2 1 1 1 0 0 0 0 0 0 0 0 0 0 0 0
"158" 158 0.276729559748 92 68 9 6 3 2 1 0 0 0 0 0 0 0 0 0 0 0 0 0
"159" 159 0.405128205128 177 2 1 1 0 0 0 0 0 0 0 0 0 0 0 0 0 0 0 0
"160" 160 0.0179372197309 179 2 0 0 0 0 0 0 0 0 0 0 0 0 0 0 0 0 0 0
"161" 161 0.0932642487047 176 2 2 1 0 0 0 0 0 0 0 0 0 0 0 0 0 0 0 0
"162" 162 0.0102564102564 81 72 17 2 1 0 0 0 0 0 0 0 0 0 0 0 0 0 0 0
"163" 163 0.0 178 2 1 0 0 0 0 0 0 0 0 0 0 0 0 0 0 0 0 0
"164" 164 0.0152284263959 128 32 7 5 2 2 2 1 1 1 0 0 0 0 0 0 0 0 0 0
"165" 165 0.275229357798 126 21 17 4 3 2 2 2 1 1 1 1 0 0 0 0 0 0 0 0
"166" 166 0.5 56 46 13 13 9 7 6 6 5 4 4 3 2 2 1 1 1 0 0 0
"167" 167 0.451923076923 133 11 8 6 6 5 3 3 2 1 1 1 1 0 0 0 0 0 0 0
"168" 168 0.0529801324503 43 36 21 20 18 9 7 6 4 3 2 2 1 1 1 1 1 0 0 0
"169" 169 0.110266159696 85 26 15 10 9 8 6 6 6 5 2 1 1 0 0 0 0 0 0 0
"170" 170 0.0 172 5 3 1 0 0 0 0 0 0 0 0 0 0 0 0 0 0 0 0
"171" 171 0.0 117 41 22 1 0 0 0 0 0 0 0 0 0 0 0 0 0 0 0 0
"172" 172 0.0 142 16 11 9 3 0 0 0 0 0 0 0 0 0 0 0 0 0 0 0
"173" 173 0.00961538461538 154 18 3 2 2 1 1 0 0 0 0 0 0 0 0 0 0 0 0 0
"174" 174 0.0 110 26 21 10 5 5 1 1 1 1 0 0 0 0 0 0 0 0 0 0
"175" 175 0.0 180 1 0 0 0 0 0 0 0 0 0 0 0 0 0 0 0 0 0 0
"176" 176 0.0 177 3 1 0 0 0 0 0 0 0 0 0 0 0 0 0 0 0 0 0
"177" 177 0.191489361702 181 0 0 0 0 0 0 0 0 0 0 0 0 0 0 0 0 0 0 0
"178" 178 0.504464285714 181 0 0 0 0 0 0 0 0 0 0 0 0 0 0 0 0 0 0 0
"179" 179 0.186602870813 181 0 0 0 0 0 0 0 0 0 0 0 0 0 0 0 0 0 0 0
"180" 180 0.0232558139535 176 3 1 0 0 0 0 0 0 0 0 0 0 0 0 0 0 0 0 0
"181" 181 0.0190114068441 179 0 0 0 0 0 0 0 0 0 0 0 0 0 0 0 0 0 0 0
"182" 182 0.410646387833 179 0 0 0 0 0 0 0 0 0 0 0 0 0 0 0 0 0 0 0
"183" 183 0.477611940299 172 5 1 0 0 0 0 0 0 0 0 0 0 0 0 0 0 0 0 0
"184" 184 0.28102189781 89 41 16 12 8 7 3 2 0 0 0 0 0 0 0 0 0 0 0 0
"185" 185 0.0228136882129 170 6 2 0 0 0 0 0 0 0 0 0 0 0 0 0 0 0 0 0
"186" 186 0.304932735426 151 13 13 1 0 0 0 0 0 0 0 0 0 0 0 0 0 0 0 0
"187" 187 0.610256410256 172 3 1 1 1 0 0 0 0 0 0 0 0 0 0 0 0 0 0 0
"188" 188 0.295620437956 115 37 12 3 3 3 2 1 1 1 0 0 0 0 0 0 0 0 0 0
"189" 189 0.113138686131 178 0 0 0 0 0 0 0 0 0 0 0 0 0 0 0 0 0 0 0
"190" 190 0.584905660377 129 30 10 3 2 1 1 1 1 0 0 0 0 0 0 0 0 0 0 0
"191" 191 0.397321428571 113 47 7 5 3 2 1 0 0 0 0 0 0 0 0 0 0 0 0 0
"192" 192 0.00380228136882 174 3 1 0 0 0 0 0 0 0 0 0 0 0 0 0 0 0 0 0
"193" 193 0.00995024875622 99 44 31 3 1 0 0 0 0 0 0 0 0 0 0 0 0 0 0 0
"194" 194 0.425641025641 45 26 25 21 19 15 11 9 7 0 0 0 0 0 0 0 0 0 0 0
"195" 195 0.251282051282 142 17 6 4 3 3 3 0 0 0 0 0 0 0 0 0 0 0 0 0
"196" 196 0.0 99 66 11 1 1 0 0 0 0 0 0 0 0 0 0 0 0 0 0 0
"197" 197 0.0248226950355 121 39 15 1 1 1 0 0 0 0 0 0 0 0 0 0 0 0 0 0
"198" 198 0.379487179487 128 13 9 9 7 4 3 2 2 1 0 0 0 0 0 0 0 0 0 0
"199" 199 0.0 148 17 7 4 1 1 0 0 0 0 0 0 0 0 0 0 0 0 0 0
"200" 200 0.0 115 53 7 3 0 0 0 0 0 0 0 0 0 0 0 0 0 0 0 0
"201" 201 0.148717948718 147 28 1 1 1 0 0 0 0 0 0 0 0 0 0 0 0 0 0 0
"202" 202 0.0425531914894 177 1 0 0 0 0 0 0 0 0 0 0 0 0 0 0 0 0 0 0
"203" 203 0.450331125828 70 23 22 13 8 8 7 6 5 5 2 2 1 0 0 0 0 0 0 0
"204" 204 0.0982142857143 81 31 22 12 5 4 4 3 3 2 2 1 1 1 0 0 0 0 0 0
"205" 205 0.0 138 18 13 1 0 0 0 0 0 0 0 0 0 0 0 0 0 0 0 0
"206" 206 0.0923076923077 46 42 27 22 6 5 5 2 0 0 0 0 0 0 0 0 0 0 0 0
"207" 207 0.456204379562 43 34 33 13 10 7 5 4 3 0 0 0 0 0 0 0 0 0 0 0
"208" 208 0.0 104 16 9 5 1 1 1 0 0 0 0 0 0 0 0 0 0 0 0 0
"209" 209 0.046511627907 58 30 4 3 2 1 1 0 0 0 0 0 0 0 0 0 0 0 0 0
"210" 210 0.569506726457 23 23 19 9 7 5 3 2 2 1 1 1 1 0 0 0 0 0 0 0
"211" 211 0.410852713178 62 8 6 3 3 2 1 1 1 1 0 0 0 0 0 0 0 0 0 0
"212" 212 0.271523178808 68 8 1 0 0 0 0 0 0 0 0 0 0 0 0 0 0 0 0 0
