"site" "RSA" "aa1" "aa2" "aa3" "aa4" "aa5" "aa6" "aa7" "aa8" "aa9" "aa10" "aa11" "aa12" "aa13" "aa14" "aa15" "aa16" "aa17" "aa18" "aa19" "aa20"
"0" 0 0.353211009174 194 78 39 37 34 27 20 17 16 16 6 6 4 3 1 1 1 0 0 0
"1" 1 0.0 487 13 0 0 0 0 0 0 0 0 0 0 0 0 0 0 0 0 0 0
"2" 2 0.133720930233 447 53 0 0 0 0 0 0 0 0 0 0 0 0 0 0 0 0 0 0
"3" 3 0.00961538461538 500 0 0 0 0 0 0 0 0 0 0 0 0 0 0 0 0 0 0 0
"4" 4 0.462686567164 111 110 76 67 56 33 15 12 9 7 3 1 0 0 0 0 0 0 0 0
"5" 5 0.14367816092 493 4 3 0 0 0 0 0 0 0 0 0 0 0 0 0 0 0 0 0
"6" 6 0.383928571429 500 0 0 0 0 0 0 0 0 0 0 0 0 0 0 0 0 0 0 0
"7" 7 0.108527131783 303 100 77 19 1 0 0 0 0 0 0 0 0 0 0 0 0 0 0 0
"8" 8 0.304568527919 459 40 1 0 0 0 0 0 0 0 0 0 0 0 0 0 0 0 0 0
"9" 9 0.00961538461538 500 0 0 0 0 0 0 0 0 0 0 0 0 0 0 0 0 0 0 0
"10" 10 0.304597701149 174 103 49 46 44 24 23 14 12 4 3 2 1 1 0 0 0 0 0 0
"11" 11 0.0 500 0 0 0 0 0 0 0 0 0 0 0 0 0 0 0 0 0 0 0
"12" 12 0.350210970464 179 88 87 57 30 21 13 10 10 3 2 0 0 0 0 0 0 0 0 0
"13" 13 0.341968911917 202 88 47 35 35 31 23 17 11 8 1 1 1 0 0 0 0 0 0 0
"14" 14 0.195402298851 500 0 0 0 0 0 0 0 0 0 0 0 0 0 0 0 0 0 0 0
"15" 15 0.538116591928 207 77 61 40 36 24 13 8 8 8 6 5 4 1 1 1 0 0 0 0
"16" 16 0.519230769231 500 0 0 0 0 0 0 0 0 0 0 0 0 0 0 0 0 0 0 0
"17" 17 0.401162790698 182 153 73 23 16 11 10 9 6 5 4 3 3 1 1 0 0 0 0 0
"18" 18 0.451776649746 67 66 63 50 48 35 33 31 30 29 29 8 4 4 3 0 0 0 0 0
"19" 19 0.720207253886 130 71 63 62 58 31 23 17 16 15 6 6 2 0 0 0 0 0 0 0
"20" 20 0.712820512821 166 80 45 41 37 37 30 30 15 6 4 3 3 2 1 0 0 0 0 0
"21" 21 0.125 500 0 0 0 0 0 0 0 0 0 0 0 0 0 0 0 0 0 0 0
"22" 22 0.0962343096234 471 13 9 7 0 0 0 0 0 0 0 0 0 0 0 0 0 0 0 0
"23" 23 0.457364341085 183 83 50 48 44 36 19 13 12 4 3 3 1 1 0 0 0 0 0 0
"24" 24 0.0137614678899 413 87 0 0 0 0 0 0 0 0 0 0 0 0 0 0 0 0 0 0
"25" 25 0.337552742616 228 178 39 15 10 7 7 7 4 2 2 1 0 0 0 0 0 0 0 0
"26" 26 0.0 498 2 0 0 0 0 0 0 0 0 0 0 0 0 0 0 0 0 0 0
"27" 27 0.308035714286 190 171 114 12 6 4 3 0 0 0 0 0 0 0 0 0 0 0 0 0
"28" 28 0.0 500 0 0 0 0 0 0 0 0 0 0 0 0 0 0 0 0 0 0 0
"29" 29 0.295597484277 500 0 0 0 0 0 0 0 0 0 0 0 0 0 0 0 0 0 0 0
"30" 30 0.434977578475 173 81 74 54 38 21 21 17 5 5 4 4 2 1 0 0 0 0 0 0
"31" 31 0.0203045685279 495 5 0 0 0 0 0 0 0 0 0 0 0 0 0 0 0 0 0 0
"32" 32 0.0348258706468 500 0 0 0 0 0 0 0 0 0 0 0 0 0 0 0 0 0 0 0
"33" 33 0.658031088083 89 76 72 67 64 37 36 15 12 9 8 8 4 3 0 0 0 0 0 0
"34" 34 0.476683937824 416 47 11 8 4 3 3 2 2 1 1 1 1 0 0 0 0 0 0 0
"35" 35 0.101265822785 500 0 0 0 0 0 0 0 0 0 0 0 0 0 0 0 0 0 0 0
"36" 36 0.622009569378 216 191 35 26 9 6 6 3 3 2 2 1 0 0 0 0 0 0 0 0
"37" 37 0.459302325581 277 53 38 36 34 19 16 11 8 5 2 1 0 0 0 0 0 0 0 0
"38" 38 0.413461538462 500 0 0 0 0 0 0 0 0 0 0 0 0 0 0 0 0 0 0 0
"39" 39 0.310880829016 277 149 20 17 14 10 5 4 1 1 1 1 0 0 0 0 0 0 0 0
"40" 40 0.284768211921 210 64 45 42 38 35 20 13 11 10 5 4 2 1 0 0 0 0 0 0
"41" 41 0.0203045685279 490 10 0 0 0 0 0 0 0 0 0 0 0 0 0 0 0 0 0 0
"42" 42 0.031007751938 500 0 0 0 0 0 0 0 0 0 0 0 0 0 0 0 0 0 0 0
"43" 43 0.0 500 0 0 0 0 0 0 0 0 0 0 0 0 0 0 0 0 0 0 0
"44" 44 0.0307692307692 490 6 4 0 0 0 0 0 0 0 0 0 0 0 0 0 0 0 0 0
"45" 45 0.0384615384615 500 0 0 0 0 0 0 0 0 0 0 0 0 0 0 0 0 0 0 0
"46" 46 0.0348837209302 461 20 11 3 3 2 0 0 0 0 0 0 0 0 0 0 0 0 0 0
"47" 47 0.196202531646 500 0 0 0 0 0 0 0 0 0 0 0 0 0 0 0 0 0 0 0
"48" 48 0.0348258706468 500 0 0 0 0 0 0 0 0 0 0 0 0 0 0 0 0 0 0 0
"49" 49 0.447674418605 346 40 34 27 26 14 4 4 2 1 1 1 0 0 0 0 0 0 0 0
"50" 50 0.00574712643678 500 0 0 0 0 0 0 0 0 0 0 0 0 0 0 0 0 0 0 0
"51" 51 0.453488372093 338 60 42 40 9 5 4 1 1 0 0 0 0 0 0 0 0 0 0 0
"52" 52 0.512953367876 182 119 98 67 17 6 5 2 2 1 1 0 0 0 0 0 0 0 0 0
"53" 53 0.280334728033 216 177 77 30 0 0 0 0 0 0 0 0 0 0 0 0 0 0 0 0
"54" 54 0.40414507772 457 40 2 1 0 0 0 0 0 0 0 0 0 0 0 0 0 0 0 0
"55" 55 0.71897810219 153 100 63 44 42 26 20 13 12 11 10 6 0 0 0 0 0 0 0 0
"56" 56 0.475285171103 185 81 44 43 40 35 20 14 11 9 8 6 2 1 1 0 0 0 0 0
"57" 57 0.129186602871 292 163 18 6 5 3 3 2 2 1 1 1 1 1 1 0 0 0 0 0
"58" 58 0.0 500 0 0 0 0 0 0 0 0 0 0 0 0 0 0 0 0 0 0 0
"59" 59 0.232558139535 224 182 33 25 14 9 8 2 2 1 0 0 0 0 0 0 0 0 0 0
"60" 60 0.0114942528736 500 0 0 0 0 0 0 0 0 0 0 0 0 0 0 0 0 0 0 0
"61" 61 0.451923076923 214 94 56 55 18 17 15 10 6 5 5 2 1 1 1 0 0 0 0 0
"62" 62 0.0203045685279 492 8 0 0 0 0 0 0 0 0 0 0 0 0 0 0 0 0 0 0
"63" 63 0.403100775194 107 71 61 48 42 34 30 26 22 18 15 12 6 5 2 1 0 0 0 0
"64" 64 0.295597484277 500 0 0 0 0 0 0 0 0 0 0 0 0 0 0 0 0 0 0 0
"65" 65 0.424107142857 453 17 8 8 5 3 2 1 1 1 1 0 0 0 0 0 0 0 0 0
"66" 66 0.245033112583 233 169 22 18 18 17 8 6 6 2 1 0 0 0 0 0 0 0 0 0
"67" 67 0.0497512437811 500 0 0 0 0 0 0 0 0 0 0 0 0 0 0 0 0 0 0 0
"68" 68 0.496350364964 143 80 64 57 51 33 20 16 15 5 5 3 3 2 2 1 0 0 0 0
"69" 69 0.169154228856 455 15 13 8 4 2 1 1 1 0 0 0 0 0 0 0 0 0 0 0
"70" 70 0.0523255813953 337 163 0 0 0 0 0 0 0 0 0 0 0 0 0 0 0 0 0 0
"71" 71 0.0410256410256 390 44 43 9 6 5 2 1 0 0 0 0 0 0 0 0 0 0 0 0
"72" 72 0.0 496 4 0 0 0 0 0 0 0 0 0 0 0 0 0 0 0 0 0 0
"73" 73 0.134615384615 128 123 99 55 52 30 11 1 1 0 0 0 0 0 0 0 0 0 0 0
"74" 74 0.511210762332 120 77 67 59 49 38 21 18 17 15 9 4 3 1 1 1 0 0 0 0
"75" 75 0.0443037974684 500 0 0 0 0 0 0 0 0 0 0 0 0 0 0 0 0 0 0 0
"76" 76 0.556962025316 297 62 29 29 16 13 13 11 10 7 7 2 2 1 1 0 0 0 0 0
"77" 77 0.496124031008 500 0 0 0 0 0 0 0 0 0 0 0 0 0 0 0 0 0 0 0
"78" 78 0.519230769231 500 0 0 0 0 0 0 0 0 0 0 0 0 0 0 0 0 0 0 0
"79" 79 0.305699481865 208 131 35 28 23 14 13 11 10 9 7 4 3 3 1 0 0 0 0 0
"80" 80 0.396226415094 209 100 95 49 16 11 9 3 2 2 1 1 1 1 0 0 0 0 0 0
"81" 81 0.00574712643678 499 1 0 0 0 0 0 0 0 0 0 0 0 0 0 0 0 0 0 0
"82" 82 0.0102564102564 499 1 0 0 0 0 0 0 0 0 0 0 0 0 0 0 0 0 0 0
"83" 83 0.00497512437811 500 0 0 0 0 0 0 0 0 0 0 0 0 0 0 0 0 0 0 0
"84" 84 0.0535714285714 500 0 0 0 0 0 0 0 0 0 0 0 0 0 0 0 0 0 0 0
"85" 85 0.21897810219 500 0 0 0 0 0 0 0 0 0 0 0 0 0 0 0 0 0 0 0
"86" 86 0.341085271318 330 154 12 3 1 0 0 0 0 0 0 0 0 0 0 0 0 0 0 0
"87" 87 0.350574712644 117 101 86 69 44 24 18 17 14 6 2 1 1 0 0 0 0 0 0 0
"88" 88 0.800995024876 295 97 24 15 13 12 10 9 9 8 3 1 1 1 1 1 0 0 0 0
"89" 89 0.324503311258 270 209 14 2 2 1 1 1 0 0 0 0 0 0 0 0 0 0 0 0
"90" 90 0.748344370861 88 82 72 60 49 45 33 28 20 7 7 3 3 2 1 0 0 0 0 0
"91" 91 0.436046511628 141 92 79 43 24 23 22 18 16 14 7 7 5 5 1 1 1 1 0 0
"92" 92 0.142335766423 406 92 2 0 0 0 0 0 0 0 0 0 0 0 0 0 0 0 0 0
"93" 93 0.848623853211 191 93 91 35 22 15 12 10 9 7 5 3 2 2 1 1 1 0 0 0
"94" 94 0.317307692308 500 0 0 0 0 0 0 0 0 0 0 0 0 0 0 0 0 0 0 0
"95" 95 0.115384615385 500 0 0 0 0 0 0 0 0 0 0 0 0 0 0 0 0 0 0 0
"96" 96 0.0334928229665 230 223 47 0 0 0 0 0 0 0 0 0 0 0 0 0 0 0 0 0
"97" 97 0.384937238494 245 116 68 33 11 10 4 3 3 3 2 1 1 0 0 0 0 0 0 0
"98" 98 0.0114942528736 499 1 0 0 0 0 0 0 0 0 0 0 0 0 0 0 0 0 0 0
"99" 99 0.313901345291 244 239 7 3 3 2 1 1 0 0 0 0 0 0 0 0 0 0 0 0
"100" 100 0.0192307692308 500 0 0 0 0 0 0 0 0 0 0 0 0 0 0 0 0 0 0 0
"101" 101 0.516746411483 130 90 54 50 48 36 32 14 13 10 9 4 4 3 3 0 0 0 0 0
"102" 102 0.109195402299 373 121 5 1 0 0 0 0 0 0 0 0 0 0 0 0 0 0 0 0
"103" 103 0.186528497409 500 0 0 0 0 0 0 0 0 0 0 0 0 0 0 0 0 0 0 0
"104" 104 0.0 500 0 0 0 0 0 0 0 0 0 0 0 0 0 0 0 0 0 0 0
"105" 105 0.0114942528736 323 133 26 7 5 3 2 1 0 0 0 0 0 0 0 0 0 0 0 0
"106" 106 0.0 500 0 0 0 0 0 0 0 0 0 0 0 0 0 0 0 0 0 0 0
"107" 107 0.290178571429 222 155 42 40 24 9 4 2 1 1 0 0 0 0 0 0 0 0 0 0
"108" 108 0.0 496 4 0 0 0 0 0 0 0 0 0 0 0 0 0 0 0 0 0 0
"109" 109 0.189655172414 351 113 29 3 2 1 1 0 0 0 0 0 0 0 0 0 0 0 0 0
"110" 110 0.473214285714 129 121 55 52 39 38 37 14 13 1 1 0 0 0 0 0 0 0 0 0
"111" 111 0.282700421941 493 6 1 0 0 0 0 0 0 0 0 0 0 0 0 0 0 0 0 0
"112" 112 0.426160337553 345 59 38 13 11 7 7 6 5 3 3 2 1 0 0 0 0 0 0 0
"113" 113 0.52466367713 217 82 51 31 31 22 13 11 8 8 6 5 5 4 3 2 1 0 0 0
"114" 114 0.512953367876 204 122 81 23 19 15 10 8 8 6 4 0 0 0 0 0 0 0 0 0
"115" 115 0.605769230769 500 0 0 0 0 0 0 0 0 0 0 0 0 0 0 0 0 0 0 0
"116" 116 0.598214285714 103 92 67 66 39 33 27 27 16 8 8 8 3 1 1 1 0 0 0 0
"117" 117 0.131782945736 448 46 6 0 0 0 0 0 0 0 0 0 0 0 0 0 0 0 0 0
"118" 118 0.0609137055838 400 86 8 5 1 0 0 0 0 0 0 0 0 0 0 0 0 0 0 0
"119" 119 0.134715025907 221 73 57 31 24 23 18 14 11 7 5 4 4 4 2 1 1 0 0 0
"120" 120 0.0 499 1 0 0 0 0 0 0 0 0 0 0 0 0 0 0 0 0 0 0
"121" 121 0.0697674418605 452 31 10 3 2 1 1 0 0 0 0 0 0 0 0 0 0 0 0 0
"122" 122 0.0 500 0 0 0 0 0 0 0 0 0 0 0 0 0 0 0 0 0 0 0
"123" 123 0.434306569343 118 83 83 67 61 26 19 15 10 5 4 3 3 2 1 0 0 0 0 0
"124" 124 0.0251572327044 500 0 0 0 0 0 0 0 0 0 0 0 0 0 0 0 0 0 0 0
"125" 125 0.459854014599 174 109 88 54 20 20 12 10 5 2 2 1 1 1 1 0 0 0 0 0
"126" 126 0.259067357513 488 6 4 1 1 0 0 0 0 0 0 0 0 0 0 0 0 0 0 0
"127" 127 0.446540880503 235 102 32 18 17 17 14 13 11 10 10 5 5 4 4 3 0 0 0 0
"128" 128 0.489539748954 427 53 7 5 3 2 2 1 0 0 0 0 0 0 0 0 0 0 0 0
"129" 129 0.0172413793103 440 39 13 8 0 0 0 0 0 0 0 0 0 0 0 0 0 0 0 0
"130" 130 0.089552238806 499 1 0 0 0 0 0 0 0 0 0 0 0 0 0 0 0 0 0 0
"131" 131 0.540084388186 303 37 36 27 23 22 21 15 6 6 2 2 0 0 0 0 0 0 0 0
"132" 132 0.148288973384 489 10 1 0 0 0 0 0 0 0 0 0 0 0 0 0 0 0 0 0
"133" 133 0.0355329949239 500 0 0 0 0 0 0 0 0 0 0 0 0 0 0 0 0 0 0 0
"134" 134 0.522988505747 261 119 103 5 4 3 2 1 1 1 0 0 0 0 0 0 0 0 0 0
"135" 135 0.593155893536 461 8 8 5 4 4 4 2 2 1 1 0 0 0 0 0 0 0 0 0
"136" 136 0.586497890295 420 72 3 2 1 1 1 0 0 0 0 0 0 0 0 0 0 0 0 0
"137" 137 0.153846153846 494 5 1 0 0 0 0 0 0 0 0 0 0 0 0 0 0 0 0 0
"138" 138 0.414448669202 421 25 20 13 7 5 4 2 2 1 0 0 0 0 0 0 0 0 0 0
"139" 139 0.0 499 1 0 0 0 0 0 0 0 0 0 0 0 0 0 0 0 0 0 0
"140" 140 0.015503875969 391 105 4 0 0 0 0 0 0 0 0 0 0 0 0 0 0 0 0 0
"141" 141 0.0 500 0 0 0 0 0 0 0 0 0 0 0 0 0 0 0 0 0 0 0
"142" 142 0.0 496 4 0 0 0 0 0 0 0 0 0 0 0 0 0 0 0 0 0 0
"143" 143 0.0576923076923 500 0 0 0 0 0 0 0 0 0 0 0 0 0 0 0 0 0 0 0
"144" 144 0.0348837209302 415 46 18 9 8 4 0 0 0 0 0 0 0 0 0 0 0 0 0 0
"145" 145 0.145695364238 337 161 2 0 0 0 0 0 0 0 0 0 0 0 0 0 0 0 0 0
"146" 146 0.0597014925373 500 0 0 0 0 0 0 0 0 0 0 0 0 0 0 0 0 0 0 0
"147" 147 0.453488372093 243 139 64 15 12 9 6 5 4 2 1 0 0 0 0 0 0 0 0 0
"148" 148 0.00507614213198 363 137 0 0 0 0 0 0 0 0 0 0 0 0 0 0 0 0 0 0
"149" 149 0.28488372093 236 136 55 35 13 11 6 6 1 1 0 0 0 0 0 0 0 0 0 0
"150" 150 0.464114832536 206 86 66 58 20 13 11 10 9 9 5 2 2 1 1 1 0 0 0 0
"151" 151 0.241379310345 498 1 1 0 0 0 0 0 0 0 0 0 0 0 0 0 0 0 0 0
"152" 152 0.347150259067 500 0 0 0 0 0 0 0 0 0 0 0 0 0 0 0 0 0 0 0
"153" 153 0.740932642487 154 87 77 65 38 27 12 11 11 9 5 2 2 0 0 0 0 0 0 0
"154" 154 0.337748344371 128 76 73 55 52 40 35 18 14 4 3 1 1 0 0 0 0 0 0 0
"155" 155 0.104651162791 336 164 0 0 0 0 0 0 0 0 0 0 0 0 0 0 0 0 0 0
"156" 156 0.0 499 1 0 0 0 0 0 0 0 0 0 0 0 0 0 0 0 0 0 0
"157" 157 0.046357615894 466 17 17 0 0 0 0 0 0 0 0 0 0 0 0 0 0 0 0 0
"158" 158 0.0 234 196 69 1 0 0 0 0 0 0 0 0 0 0 0 0 0 0 0 0
"159" 159 0.261467889908 237 141 49 23 17 11 10 6 4 1 1 0 0 0 0 0 0 0 0 0
"160" 160 0.0045871559633 265 234 1 0 0 0 0 0 0 0 0 0 0 0 0 0 0 0 0 0
"161" 161 0.48730964467 457 10 9 7 7 4 4 2 0 0 0 0 0 0 0 0 0 0 0 0
"162" 162 0.370860927152 171 111 73 45 19 18 11 11 9 8 8 6 4 3 3 0 0 0 0 0
"163" 163 0.615969581749 156 96 59 45 38 20 16 11 11 11 10 9 6 6 5 1 0 0 0 0
"164" 164 0.168604651163 284 45 32 29 19 17 16 15 13 12 9 5 1 1 1 1 0 0 0 0
"165" 165 0.19730941704 368 84 30 10 4 2 1 1 0 0 0 0 0 0 0 0 0 0 0 0
"166" 166 0.576158940397 149 58 58 54 35 27 23 21 20 10 9 9 8 8 6 5 0 0 0 0
"167" 167 0.320675105485 176 114 83 49 34 29 5 3 3 1 1 1 1 0 0 0 0 0 0 0
"168" 168 0.0459770114943 458 17 10 9 5 1 0 0 0 0 0 0 0 0 0 0 0 0 0 0
"169" 169 0.0913705583756 270 168 37 11 10 2 1 1 0 0 0 0 0 0 0 0 0 0 0 0
"170" 170 0.0 297 196 5 2 0 0 0 0 0 0 0 0 0 0 0 0 0 0 0 0
"171" 171 0.108527131783 440 39 10 6 4 1 0 0 0 0 0 0 0 0 0 0 0 0 0 0
"172" 172 0.767932489451 150 141 67 34 25 19 18 11 7 7 6 5 4 3 2 1 0 0 0 0
"173" 173 0.126582278481 489 11 0 0 0 0 0 0 0 0 0 0 0 0 0 0 0 0 0 0
"174" 174 0.476923076923 211 158 39 21 20 17 7 5 5 5 4 3 3 1 1 0 0 0 0 0
"175" 175 0.494252873563 207 173 114 2 1 1 1 1 0 0 0 0 0 0 0 0 0 0 0 0
"176" 176 0.336538461538 500 0 0 0 0 0 0 0 0 0 0 0 0 0 0 0 0 0 0 0
"177" 177 0.336787564767 401 31 21 18 16 6 3 2 2 0 0 0 0 0 0 0 0 0 0 0
"178" 178 0.213930348259 316 86 39 38 12 4 1 1 1 1 1 0 0 0 0 0 0 0 0 0
"179" 179 0.0 500 0 0 0 0 0 0 0 0 0 0 0 0 0 0 0 0 0 0 0
"180" 180 0.00512820512821 500 0 0 0 0 0 0 0 0 0 0 0 0 0 0 0 0 0 0 0
"181" 181 0.0 500 0 0 0 0 0 0 0 0 0 0 0 0 0 0 0 0 0 0 0
"182" 182 0.0178571428571 500 0 0 0 0 0 0 0 0 0 0 0 0 0 0 0 0 0 0 0
"183" 183 0.00574712643678 430 54 8 7 1 0 0 0 0 0 0 0 0 0 0 0 0 0 0 0
"184" 184 0.176165803109 300 113 78 7 1 1 0 0 0 0 0 0 0 0 0 0 0 0 0 0
"185" 185 0.188340807175 394 23 22 17 12 8 6 5 4 4 2 1 1 1 0 0 0 0 0 0
"186" 186 0.502538071066 192 85 77 42 27 22 15 10 9 6 6 4 3 1 1 0 0 0 0 0
"187" 187 0.173076923077 453 28 16 2 1 0 0 0 0 0 0 0 0 0 0 0 0 0 0 0
"188" 188 0.299578059072 500 0 0 0 0 0 0 0 0 0 0 0 0 0 0 0 0 0 0 0
"189" 189 0.562737642586 225 45 36 33 29 21 20 16 15 13 12 10 5 5 5 4 3 3 0 0
"190" 190 0.372093023256 109 82 67 51 51 44 33 21 16 13 5 3 3 1 1 0 0 0 0 0
"191" 191 0.25 467 12 9 3 3 2 1 1 1 1 0 0 0 0 0 0 0 0 0 0
"192" 192 0.620253164557 126 78 50 47 44 42 40 29 23 11 7 2 1 0 0 0 0 0 0 0
"193" 193 0.373134328358 130 72 63 41 31 26 26 24 20 18 16 13 8 7 5 0 0 0 0 0
"194" 194 0.465517241379 117 71 52 50 46 37 34 33 24 10 9 6 4 3 3 1 0 0 0 0
"195" 195 0.455357142857 123 109 61 33 29 25 22 18 18 18 16 9 6 5 5 3 0 0 0 0
"196" 196 0.496124031008 121 100 55 54 51 43 16 15 13 12 11 3 2 2 1 1 0 0 0 0
"197" 197 0.535885167464 98 80 76 45 37 36 25 23 22 13 13 10 9 5 4 2 2 0 0 0
"198" 198 0.604060913706 103 99 84 38 28 27 21 20 18 18 13 8 7 5 4 3 2 2 0 0
"199" 199 0.627906976744 279 161 57 2 1 0 0 0 0 0 0 0 0 0 0 0 0 0 0 0
"200" 200 0.720207253886 153 77 77 70 32 30 25 10 7 7 4 3 2 2 1 0 0 0 0 0
"201" 201 0.815602836879 83 61 58 56 55 44 33 28 23 22 21 5 5 3 3 0 0 0 0 0
