"site" "RSA" "aa1" "aa2" "aa3" "aa4" "aa5" "aa6" "aa7" "aa8" "aa9" "aa10" "aa11" "aa12" "aa13" "aa14" "aa15" "aa16" "aa17" "aa18" "aa19" "aa20"
"0" 0 0.805031446541 9 0 0 0 0 0 0 0 0 0 0 0 0 0 0 0 0 0 0 0
"1" 1 0.041825095057 8 1 1 0 0 0 0 0 0 0 0 0 0 0 0 0 0 0 0 0
"2" 2 0.0 26 6 2 0 0 0 0 0 0 0 0 0 0 0 0 0 0 0 0 0
"3" 3 0.0 32 1 1 0 0 0 0 0 0 0 0 0 0 0 0 0 0 0 0 0
"4" 4 0.0 30 4 0 0 0 0 0 0 0 0 0 0 0 0 0 0 0 0 0 0
"5" 5 0.0 33 1 0 0 0 0 0 0 0 0 0 0 0 0 0 0 0 0 0 0
"6" 6 0.041825095057 32 2 0 0 0 0 0 0 0 0 0 0 0 0 0 0 0 0 0 0
"7" 7 0.167300380228 33 1 0 0 0 0 0 0 0 0 0 0 0 0 0 0 0 0 0 0
"8" 8 0.158940397351 34 0 0 0 0 0 0 0 0 0 0 0 0 0 0 0 0 0 0 0
"9" 9 0.226277372263 22 6 2 1 1 1 1 0 0 0 0 0 0 0 0 0 0 0 0 0
"10" 10 0.77990430622 16 4 4 4 3 2 1 0 0 0 0 0 0 0 0 0 0 0 0 0
"11" 11 0.365384615385 34 0 0 0 0 0 0 0 0 0 0 0 0 0 0 0 0 0 0 0
"12" 12 0.139534883721 18 11 3 1 1 0 0 0 0 0 0 0 0 0 0 0 0 0 0 0
"13" 13 0.00581395348837 22 12 0 0 0 0 0 0 0 0 0 0 0 0 0 0 0 0 0 0
"14" 14 0.193798449612 14 11 4 2 2 1 0 0 0 0 0 0 0 0 0 0 0 0 0 0
"15" 15 0.348214285714 9 8 4 4 3 2 2 1 1 0 0 0 0 0 0 0 0 0 0 0
"16" 16 0.0045871559633 20 14 1 0 0 0 0 0 0 0 0 0 0 0 0 0 0 0 0 0
"17" 17 0.0 34 1 0 0 0 0 0 0 0 0 0 0 0 0 0 0 0 0 0 0
"18" 18 0.423357664234 13 9 4 2 2 2 1 1 1 0 0 0 0 0 0 0 0 0 0 0
"19" 19 0.0313901345291 14 5 4 4 2 2 1 1 1 1 0 0 0 0 0 0 0 0 0 0
"20" 20 0.00507614213198 26 7 1 1 0 0 0 0 0 0 0 0 0 0 0 0 0 0 0 0
"21" 21 0.046511627907 32 2 1 0 0 0 0 0 0 0 0 0 0 0 0 0 0 0 0 0
"22" 22 0.408759124088 23 4 3 2 1 1 1 0 0 0 0 0 0 0 0 0 0 0 0 0
"23" 23 0.0 34 1 0 0 0 0 0 0 0 0 0 0 0 0 0 0 0 0 0 0
"24" 24 0.0 20 14 1 0 0 0 0 0 0 0 0 0 0 0 0 0 0 0 0 0
"25" 25 0.508928571429 22 4 3 3 2 1 0 0 0 0 0 0 0 0 0 0 0 0 0 0
"26" 26 0.448430493274 16 10 2 2 2 1 1 1 0 0 0 0 0 0 0 0 0 0 0 0
"27" 27 0.105769230769 12 5 4 3 2 2 2 1 1 1 1 1 0 0 0 0 0 0 0 0
"28" 28 0.644230769231 28 2 2 1 1 1 0 0 0 0 0 0 0 0 0 0 0 0 0 0
"29" 29 0.175732217573 8 7 7 6 4 2 1 0 0 0 0 0 0 0 0 0 0 0 0 0
"30" 30 0.232142857143 16 8 3 3 1 1 1 1 1 0 0 0 0 0 0 0 0 0 0 0
"31" 31 0.186046511628 31 3 1 0 0 0 0 0 0 0 0 0 0 0 0 0 0 0 0 0
"32" 32 0.295620437956 23 3 3 2 2 1 1 0 0 0 0 0 0 0 0 0 0 0 0 0
"33" 33 0.0459770114943 18 9 7 1 0 0 0 0 0 0 0 0 0 0 0 0 0 0 0 0
"34" 34 0.189781021898 35 0 0 0 0 0 0 0 0 0 0 0 0 0 0 0 0 0 0 0
"35" 35 0.093023255814 32 2 1 0 0 0 0 0 0 0 0 0 0 0 0 0 0 0 0 0
"36" 36 0.0229885057471 33 1 1 0 0 0 0 0 0 0 0 0 0 0 0 0 0 0 0 0
"37" 37 0.383647798742 27 3 1 1 1 1 1 0 0 0 0 0 0 0 0 0 0 0 0 0
"38" 38 0.596899224806 9 8 7 5 3 2 1 0 0 0 0 0 0 0 0 0 0 0 0 0
"39" 39 0.350574712644 26 6 2 1 0 0 0 0 0 0 0 0 0 0 0 0 0 0 0 0
"40" 40 0.649006622517 24 4 1 1 1 1 1 1 1 0 0 0 0 0 0 0 0 0 0 0
"41" 41 0.78488372093 15 10 4 2 2 1 1 0 0 0 0 0 0 0 0 0 0 0 0 0
"42" 42 0.9375 10 8 6 4 4 1 1 0 0 0 0 0 0 0 0 0 0 0 0 0
"43" 43 1.28846153846 28 4 2 1 0 0 0 0 0 0 0 0 0 0 0 0 0 0 0 0
"44" 44 0.124031007752 14 12 4 1 1 1 1 1 0 0 0 0 0 0 0 0 0 0 0 0
"45" 45 0.601990049751 25 5 1 1 1 1 0 0 0 0 0 0 0 0 0 0 0 0 0 0
"46" 46 0.513307984791 27 4 2 1 1 0 0 0 0 0 0 0 0 0 0 0 0 0 0 0
"47" 47 0.093023255814 15 14 3 1 1 1 0 0 0 0 0 0 0 0 0 0 0 0 0 0
"48" 48 0.377906976744 15 11 3 2 2 1 1 0 0 0 0 0 0 0 0 0 0 0 0 0
"49" 49 0.422885572139 17 6 2 2 2 1 1 1 1 1 1 0 0 0 0 0 0 0 0 0
"50" 50 0.504464285714 8 8 7 4 3 3 1 1 0 0 0 0 0 0 0 0 0 0 0 0
"51" 51 0.0673575129534 29 6 0 0 0 0 0 0 0 0 0 0 0 0 0 0 0 0 0 0
"52" 52 0.0 33 1 1 0 0 0 0 0 0 0 0 0 0 0 0 0 0 0 0 0
"53" 53 0.417721518987 11 10 4 3 2 2 1 1 1 0 0 0 0 0 0 0 0 0 0 0
"54" 54 0.425641025641 15 7 5 3 2 2 1 0 0 0 0 0 0 0 0 0 0 0 0 0
"55" 55 0.00632911392405 34 1 0 0 0 0 0 0 0 0 0 0 0 0 0 0 0 0 0 0
"56" 56 0.240310077519 15 6 3 3 3 2 1 1 1 0 0 0 0 0 0 0 0 0 0 0
"57" 57 0.0 34 1 0 0 0 0 0 0 0 0 0 0 0 0 0 0 0 0 0 0
"58" 58 0.00995024875622 33 2 0 0 0 0 0 0 0 0 0 0 0 0 0 0 0 0 0 0
"59" 59 0.0077519379845 26 3 3 3 0 0 0 0 0 0 0 0 0 0 0 0 0 0 0 0
"60" 60 0.0 29 4 1 1 0 0 0 0 0 0 0 0 0 0 0 0 0 0 0 0
"61" 61 0.0 35 0 0 0 0 0 0 0 0 0 0 0 0 0 0 0 0 0 0 0
"62" 62 0.0 34 1 0 0 0 0 0 0 0 0 0 0 0 0 0 0 0 0 0 0
"63" 63 0.11320754717 35 0 0 0 0 0 0 0 0 0 0 0 0 0 0 0 0 0 0 0
"64" 64 0.0813953488372 26 8 1 0 0 0 0 0 0 0 0 0 0 0 0 0 0 0 0 0
"65" 65 0.470802919708 27 4 2 2 0 0 0 0 0 0 0 0 0 0 0 0 0 0 0 0
"66" 66 0.778242677824 35 0 0 0 0 0 0 0 0 0 0 0 0 0 0 0 0 0 0 0
"67" 67 0.240384615385 35 0 0 0 0 0 0 0 0 0 0 0 0 0 0 0 0 0 0 0
"68" 68 0.487179487179 31 1 1 1 1 0 0 0 0 0 0 0 0 0 0 0 0 0 0 0
"69" 69 0.0825688073394 35 0 0 0 0 0 0 0 0 0 0 0 0 0 0 0 0 0 0 0
"70" 70 0.031007751938 35 0 0 0 0 0 0 0 0 0 0 0 0 0 0 0 0 0 0 0
"71" 71 0.556291390728 29 4 1 1 0 0 0 0 0 0 0 0 0 0 0 0 0 0 0 0
"72" 72 0.0691823899371 29 3 2 1 0 0 0 0 0 0 0 0 0 0 0 0 0 0 0 0
"73" 73 0.0 19 9 5 1 1 0 0 0 0 0 0 0 0 0 0 0 0 0 0 0
"74" 74 0.37552742616 35 0 0 0 0 0 0 0 0 0 0 0 0 0 0 0 0 0 0 0
"75" 75 0.631178707224 22 12 1 0 0 0 0 0 0 0 0 0 0 0 0 0 0 0 0 0
"76" 76 0.108786610879 34 1 0 0 0 0 0 0 0 0 0 0 0 0 0 0 0 0 0 0
"77" 77 0.0845771144279 22 8 5 0 0 0 0 0 0 0 0 0 0 0 0 0 0 0 0 0
"78" 78 0.523316062176 34 1 0 0 0 0 0 0 0 0 0 0 0 0 0 0 0 0 0 0
"79" 79 0.413461538462 15 10 4 3 1 1 1 0 0 0 0 0 0 0 0 0 0 0 0 0
"80" 80 0.0406976744186 26 6 2 1 0 0 0 0 0 0 0 0 0 0 0 0 0 0 0 0
"81" 81 0.529801324503 19 6 4 4 1 1 0 0 0 0 0 0 0 0 0 0 0 0 0 0
"82" 82 0.46357615894 7 7 6 5 3 2 1 1 1 1 1 0 0 0 0 0 0 0 0 0
"83" 83 0.0199004975124 15 6 5 4 2 1 1 1 0 0 0 0 0 0 0 0 0 0 0 0
"84" 84 0.159574468085 35 0 0 0 0 0 0 0 0 0 0 0 0 0 0 0 0 0 0 0
"85" 85 0.746268656716 21 3 3 2 2 2 2 0 0 0 0 0 0 0 0 0 0 0 0 0
"86" 86 0.56976744186 12 11 6 4 1 1 0 0 0 0 0 0 0 0 0 0 0 0 0 0
"87" 87 0.365384615385 35 0 0 0 0 0 0 0 0 0 0 0 0 0 0 0 0 0 0 0
"88" 88 0.145695364238 10 9 5 4 2 1 1 1 1 1 0 0 0 0 0 0 0 0 0 0
"89" 89 0.0149253731343 34 1 0 0 0 0 0 0 0 0 0 0 0 0 0 0 0 0 0 0
"90" 90 0.505747126437 16 6 4 4 2 2 1 0 0 0 0 0 0 0 0 0 0 0 0 0
"91" 91 0.375 20 12 3 0 0 0 0 0 0 0 0 0 0 0 0 0 0 0 0 0
"92" 92 0.194092827004 35 0 0 0 0 0 0 0 0 0 0 0 0 0 0 0 0 0 0 0
"93" 93 0.0188679245283 35 0 0 0 0 0 0 0 0 0 0 0 0 0 0 0 0 0 0 0
"94" 94 0.0 32 2 1 0 0 0 0 0 0 0 0 0 0 0 0 0 0 0 0 0
"95" 95 0.0 17 9 6 3 0 0 0 0 0 0 0 0 0 0 0 0 0 0 0 0
"96" 96 0.0 30 2 1 1 1 0 0 0 0 0 0 0 0 0 0 0 0 0 0 0
"97" 97 0.0 35 0 0 0 0 0 0 0 0 0 0 0 0 0 0 0 0 0 0 0
"98" 98 0.0 33 2 0 0 0 0 0 0 0 0 0 0 0 0 0 0 0 0 0 0
"99" 99 0.0529801324503 32 3 0 0 0 0 0 0 0 0 0 0 0 0 0 0 0 0 0 0
"100" 100 0.0523255813953 20 13 2 0 0 0 0 0 0 0 0 0 0 0 0 0 0 0 0 0
"101" 101 0.410852713178 15 13 7 0 0 0 0 0 0 0 0 0 0 0 0 0 0 0 0 0
"102" 102 0.317880794702 31 4 0 0 0 0 0 0 0 0 0 0 0 0 0 0 0 0 0 0
"103" 103 0.467661691542 19 12 2 1 1 0 0 0 0 0 0 0 0 0 0 0 0 0 0 0
"104" 104 0.502392344498 35 0 0 0 0 0 0 0 0 0 0 0 0 0 0 0 0 0 0 0
"105" 105 0.384615384615 35 0 0 0 0 0 0 0 0 0 0 0 0 0 0 0 0 0 0 0
"106" 106 0.269230769231 35 0 0 0 0 0 0 0 0 0 0 0 0 0 0 0 0 0 0 0
"107" 107 0.121076233184 32 3 0 0 0 0 0 0 0 0 0 0 0 0 0 0 0 0 0 0
"108" 108 0.473214285714 35 0 0 0 0 0 0 0 0 0 0 0 0 0 0 0 0 0 0 0
"109" 109 0.46511627907 15 14 4 1 1 0 0 0 0 0 0 0 0 0 0 0 0 0 0 0
"110" 110 0.0 33 1 1 0 0 0 0 0 0 0 0 0 0 0 0 0 0 0 0 0
"111" 111 0.0 30 4 1 0 0 0 0 0 0 0 0 0 0 0 0 0 0 0 0 0
"112" 112 0.407960199005 25 6 2 1 1 0 0 0 0 0 0 0 0 0 0 0 0 0 0 0
"113" 113 0.165562913907 29 4 1 1 0 0 0 0 0 0 0 0 0 0 0 0 0 0 0 0
"114" 114 0.0 33 1 1 0 0 0 0 0 0 0 0 0 0 0 0 0 0 0 0 0
"115" 115 0.0845771144279 25 2 2 2 1 1 1 1 0 0 0 0 0 0 0 0 0 0 0 0
"116" 116 0.482587064677 23 5 4 2 1 0 0 0 0 0 0 0 0 0 0 0 0 0 0 0
"117" 117 0.201257861635 35 0 0 0 0 0 0 0 0 0 0 0 0 0 0 0 0 0 0 0
"118" 118 0.0298507462687 35 0 0 0 0 0 0 0 0 0 0 0 0 0 0 0 0 0 0 0
"119" 119 0.507462686567 29 4 1 1 0 0 0 0 0 0 0 0 0 0 0 0 0 0 0 0
"120" 120 0.784688995215 35 0 0 0 0 0 0 0 0 0 0 0 0 0 0 0 0 0 0 0
"121" 121 0.114832535885 32 2 1 0 0 0 0 0 0 0 0 0 0 0 0 0 0 0 0 0
"122" 122 0.269230769231 35 0 0 0 0 0 0 0 0 0 0 0 0 0 0 0 0 0 0 0
"123" 123 0.0229357798165 32 2 1 0 0 0 0 0 0 0 0 0 0 0 0 0 0 0 0 0
"124" 124 0.398009950249 20 5 5 3 2 0 0 0 0 0 0 0 0 0 0 0 0 0 0 0
"125" 125 0.310344827586 17 8 8 2 0 0 0 0 0 0 0 0 0 0 0 0 0 0 0 0
"126" 126 0.10447761194 14 13 3 3 2 0 0 0 0 0 0 0 0 0 0 0 0 0 0 0
"127" 127 0.125 35 0 0 0 0 0 0 0 0 0 0 0 0 0 0 0 0 0 0 0
"128" 128 0.162436548223 17 15 3 0 0 0 0 0 0 0 0 0 0 0 0 0 0 0 0 0
"129" 129 0.899371069182 34 0 0 0 0 0 0 0 0 0 0 0 0 0 0 0 0 0 0 0
"130" 130 0.290697674419 30 4 0 0 0 0 0 0 0 0 0 0 0 0 0 0 0 0 0 0
"131" 131 0.459119496855 35 0 0 0 0 0 0 0 0 0 0 0 0 0 0 0 0 0 0 0
"132" 132 0.3536121673 35 0 0 0 0 0 0 0 0 0 0 0 0 0 0 0 0 0 0 0
"133" 133 0.0 34 1 0 0 0 0 0 0 0 0 0 0 0 0 0 0 0 0 0 0
"134" 134 0.0077519379845 23 5 5 1 1 0 0 0 0 0 0 0 0 0 0 0 0 0 0 0
"135" 135 0.132450331126 26 8 1 0 0 0 0 0 0 0 0 0 0 0 0 0 0 0 0 0
"136" 136 0.00478468899522 32 1 1 1 0 0 0 0 0 0 0 0 0 0 0 0 0 0 0 0
"137" 137 0.322175732218 14 7 4 4 3 2 1 0 0 0 0 0 0 0 0 0 0 0 0 0
"138" 138 0.015503875969 21 8 2 2 2 0 0 0 0 0 0 0 0 0 0 0 0 0 0 0
"139" 139 0.125 20 3 3 2 2 1 1 1 1 0 0 0 0 0 0 0 0 0 0 0
"140" 140 0.782945736434 10 4 3 3 2 2 2 2 2 1 1 1 1 1 0 0 0 0 0 0
"141" 141 0.450777202073 9 5 3 3 3 2 2 2 1 1 1 1 1 0 0 0 0 0 0 0
"142" 142 0.182692307692 13 7 7 2 1 1 1 1 1 0 0 0 0 0 0 0 0 0 0 0
"143" 143 0.299578059072 8 4 3 3 3 2 2 2 1 1 1 0 0 0 0 0 0 0 0 0
"144" 144 0.343065693431 5 4 4 4 3 3 3 1 1 1 1 1 0 0 0 0 0 0 0 0
"145" 145 0.549668874172 10 4 4 3 3 2 2 1 1 1 0 0 0 0 0 0 0 0 0 0
"146" 146 0.109452736318 23 6 4 2 0 0 0 0 0 0 0 0 0 0 0 0 0 0 0 0
"147" 147 0.284974093264 21 10 2 2 0 0 0 0 0 0 0 0 0 0 0 0 0 0 0 0
"148" 148 0.361607142857 9 7 6 4 4 2 1 1 1 0 0 0 0 0 0 0 0 0 0 0
"149" 149 0.612440191388 14 12 6 1 1 1 0 0 0 0 0 0 0 0 0 0 0 0 0 0
"150" 150 0.09375 34 1 0 0 0 0 0 0 0 0 0 0 0 0 0 0 0 0 0 0
"151" 151 0.203980099502 9 7 7 3 3 2 2 1 0 0 0 0 0 0 0 0 0 0 0 0
"152" 152 0.494186046512 6 6 5 4 2 2 2 2 1 1 1 1 1 0 0 0 0 0 0 0
"153" 153 0.189054726368 32 2 0 0 0 0 0 0 0 0 0 0 0 0 0 0 0 0 0 0
"154" 154 0.00632911392405 17 16 1 0 0 0 0 0 0 0 0 0 0 0 0 0 0 0 0 0
"155" 155 0.255474452555 10 8 4 3 3 2 2 1 1 0 0 0 0 0 0 0 0 0 0 0
"156" 156 0.341085271318 28 3 1 1 1 0 0 0 0 0 0 0 0 0 0 0 0 0 0 0
"157" 157 0.0199004975124 23 9 1 1 0 0 0 0 0 0 0 0 0 0 0 0 0 0 0 0
"158" 158 0.00961538461538 34 0 0 0 0 0 0 0 0 0 0 0 0 0 0 0 0 0 0 0
"159" 159 0.291139240506 17 8 3 3 1 0 0 0 0 0 0 0 0 0 0 0 0 0 0 0
"160" 160 0.343065693431 32 0 0 0 0 0 0 0 0 0 0 0 0 0 0 0 0 0 0 0
"161" 161 0.0 22 6 3 1 0 0 0 0 0 0 0 0 0 0 0 0 0 0 0 0
"162" 162 0.0 32 0 0 0 0 0 0 0 0 0 0 0 0 0 0 0 0 0 0 0
"163" 163 0.348214285714 10 6 4 3 2 2 2 1 1 1 0 0 0 0 0 0 0 0 0 0
"164" 164 0.18023255814 11 10 5 4 1 1 0 0 0 0 0 0 0 0 0 0 0 0 0 0
"165" 165 0.0852713178295 26 2 2 2 0 0 0 0 0 0 0 0 0 0 0 0 0 0 0 0
"166" 166 0.403846153846 7 7 3 3 2 1 1 1 1 1 1 0 0 0 0 0 0 0 0 0
"167" 167 0.776371308017 20 4 3 1 0 0 0 0 0 0 0 0 0 0 0 0 0 0 0 0
"168" 168 0.577114427861 25 1 1 0 0 0 0 0 0 0 0 0 0 0 0 0 0 0 0 0
