"site" "RSA" "aa1" "aa2" "aa3" "aa4" "aa5" "aa6" "aa7" "aa8" "aa9" "aa10" "aa11" "aa12" "aa13" "aa14" "aa15" "aa16" "aa17" "aa18" "aa19" "aa20"
"0" 0 0.816513761468 15 11 0 0 0 0 0 0 0 0 0 0 0 0 0 0 0 0 0 0
"1" 1 0.384105960265 27 27 7 6 5 3 0 0 0 0 0 0 0 0 0 0 0 0 0 0
"2" 2 0.312820512821 36 21 18 11 5 4 4 1 0 0 0 0 0 0 0 0 0 0 0 0
"3" 3 0.0 123 9 3 2 2 1 1 0 0 0 0 0 0 0 0 0 0 0 0 0
"4" 4 0.121338912134 87 52 4 1 0 0 0 0 0 0 0 0 0 0 0 0 0 0 0 0
"5" 5 0.0 124 10 7 1 1 0 0 0 0 0 0 0 0 0 0 0 0 0 0 0
"6" 6 0.238341968912 128 5 3 2 2 1 1 1 0 0 0 0 0 0 0 0 0 0 0 0
"7" 7 0.0152284263959 88 41 8 3 3 1 0 0 0 0 0 0 0 0 0 0 0 0 0 0
"8" 8 0.0988372093023 42 32 21 15 9 5 4 4 3 2 2 1 1 1 1 1 0 0 0 0
"9" 9 0.320675105485 96 17 13 3 3 2 2 2 2 1 1 1 1 1 0 0 0 0 0 0
"10" 10 0.589743589744 78 36 24 2 1 1 1 1 0 0 0 0 0 0 0 0 0 0 0 0
"11" 11 0.576923076923 82 16 15 8 7 7 3 2 2 1 1 1 0 0 0 0 0 0 0 0
"12" 12 0.434108527132 41 27 18 11 9 8 7 6 5 4 2 2 1 1 1 1 1 0 0 0
"13" 13 0.74213836478 66 16 11 10 9 7 6 3 3 2 2 2 2 1 1 1 0 0 0 0
"14" 14 0.278606965174 53 26 23 14 6 6 5 4 3 3 2 1 0 0 0 0 0 0 0 0
"15" 15 0.269230769231 142 3 2 1 1 1 0 0 0 0 0 0 0 0 0 0 0 0 0 0
"16" 16 0.290697674419 133 7 3 2 1 1 1 1 1 0 0 0 0 0 0 0 0 0 0 0
"17" 17 0.0 116 26 6 2 1 0 0 0 0 0 0 0 0 0 0 0 0 0 0 0
"18" 18 0.354430379747 64 25 24 18 7 4 3 1 1 1 1 1 1 0 0 0 0 0 0 0
"19" 19 0.0 58 47 39 6 2 0 0 0 0 0 0 0 0 0 0 0 0 0 0 0
"20" 20 0.354430379747 76 40 18 4 4 3 2 1 1 1 1 1 0 0 0 0 0 0 0 0
"21" 21 0.0696517412935 151 2 0 0 0 0 0 0 0 0 0 0 0 0 0 0 0 0 0 0
"22" 22 0.196652719665 81 38 26 2 1 1 1 1 1 1 0 0 0 0 0 0 0 0 0 0
"23" 23 0.0984455958549 43 41 30 15 5 5 3 3 3 2 1 1 1 0 0 0 0 0 0 0
"24" 24 0.875647668394 102 23 10 9 3 2 2 1 1 0 0 0 0 0 0 0 0 0 0 0
"25" 25 0.183908045977 79 24 19 10 6 5 4 2 1 1 1 0 0 0 0 0 0 0 0 0
"26" 26 0.0 126 21 5 1 1 0 0 0 0 0 0 0 0 0 0 0 0 0 0 0
"27" 27 0.396226415094 155 0 0 0 0 0 0 0 0 0 0 0 0 0 0 0 0 0 0 0
"28" 28 0.573839662447 121 17 4 4 3 2 2 1 1 0 0 0 0 0 0 0 0 0 0 0
"29" 29 0.0 154 1 0 0 0 0 0 0 0 0 0 0 0 0 0 0 0 0 0 0
"30" 30 0.0 112 31 5 5 2 1 0 0 0 0 0 0 0 0 0 0 0 0 0 0
"31" 31 0.279069767442 111 14 11 10 5 2 2 1 0 0 0 0 0 0 0 0 0 0 0 0
"32" 32 0.0 154 1 1 0 0 0 0 0 0 0 0 0 0 0 0 0 0 0 0 0
"33" 33 0.0 154 2 0 0 0 0 0 0 0 0 0 0 0 0 0 0 0 0 0 0
"34" 34 0.0912408759124 124 12 6 4 3 2 1 1 1 1 1 0 0 0 0 0 0 0 0 0
"35" 35 0.031007751938 86 21 18 14 4 4 2 2 1 1 1 1 1 0 0 0 0 0 0 0
"36" 36 0.00497512437811 151 2 1 1 1 0 0 0 0 0 0 0 0 0 0 0 0 0 0 0
"37" 37 0.0126582278481 122 27 6 1 0 0 0 0 0 0 0 0 0 0 0 0 0 0 0 0
"38" 38 0.302325581395 131 7 4 4 3 2 2 2 1 0 0 0 0 0 0 0 0 0 0 0
"39" 39 0.278846153846 132 11 4 4 2 1 1 1 0 0 0 0 0 0 0 0 0 0 0 0
"40" 40 0.589285714286 126 7 5 4 4 3 2 1 1 1 1 1 0 0 0 0 0 0 0 0
"41" 41 0.485232067511 106 10 10 6 6 5 3 2 2 2 1 1 1 1 0 0 0 0 0 0
"42" 42 0.701923076923 135 6 4 3 2 2 1 1 1 1 0 0 0 0 0 0 0 0 0 0
"43" 43 0.238493723849 73 14 14 13 12 7 6 5 5 2 2 1 1 1 0 0 0 0 0 0
"44" 44 0.105769230769 140 5 5 4 2 0 0 0 0 0 0 0 0 0 0 0 0 0 0 0
"45" 45 0.0 126 27 2 1 0 0 0 0 0 0 0 0 0 0 0 0 0 0 0 0
"46" 46 0.511627906977 113 13 8 7 7 5 1 1 1 0 0 0 0 0 0 0 0 0 0 0
"47" 47 0.336538461538 129 13 6 3 1 1 1 1 1 0 0 0 0 0 0 0 0 0 0 0
"48" 48 0.046357615894 133 11 5 3 2 1 1 0 0 0 0 0 0 0 0 0 0 0 0 0
"49" 49 0.191387559809 28 28 23 22 15 10 7 7 3 3 2 2 2 2 1 1 0 0 0 0
"50" 50 0.0 153 2 1 0 0 0 0 0 0 0 0 0 0 0 0 0 0 0 0 0
"51" 51 0.11961722488 156 0 0 0 0 0 0 0 0 0 0 0 0 0 0 0 0 0 0 0
"52" 52 0.361313868613 155 1 0 0 0 0 0 0 0 0 0 0 0 0 0 0 0 0 0 0
"53" 53 0.00574712643678 83 71 2 0 0 0 0 0 0 0 0 0 0 0 0 0 0 0 0 0
"54" 54 0.121827411168 152 2 1 1 0 0 0 0 0 0 0 0 0 0 0 0 0 0 0 0
"55" 55 0.301886792453 107 41 4 1 1 1 1 0 0 0 0 0 0 0 0 0 0 0 0 0
"56" 56 0.663212435233 34 32 31 31 10 8 7 2 1 0 0 0 0 0 0 0 0 0 0 0
"57" 57 0.192468619247 156 0 0 0 0 0 0 0 0 0 0 0 0 0 0 0 0 0 0 0
"58" 58 0.0137614678899 155 1 0 0 0 0 0 0 0 0 0 0 0 0 0 0 0 0 0 0
"59" 59 0.0 64 49 25 9 7 2 0 0 0 0 0 0 0 0 0 0 0 0 0 0
"60" 60 0.139013452915 155 1 0 0 0 0 0 0 0 0 0 0 0 0 0 0 0 0 0 0
"61" 61 0.0 153 2 1 0 0 0 0 0 0 0 0 0 0 0 0 0 0 0 0 0
"62" 62 0.0 156 0 0 0 0 0 0 0 0 0 0 0 0 0 0 0 0 0 0 0
"63" 63 0.0103626943005 156 0 0 0 0 0 0 0 0 0 0 0 0 0 0 0 0 0 0 0
"64" 64 0.188284518828 135 14 3 3 1 0 0 0 0 0 0 0 0 0 0 0 0 0 0 0
"65" 65 0.488372093023 132 5 4 4 4 3 2 2 0 0 0 0 0 0 0 0 0 0 0 0
"66" 66 0.364341085271 53 39 18 17 11 4 3 3 2 2 1 1 1 1 0 0 0 0 0 0
"67" 67 0.201923076923 88 33 11 6 6 5 2 2 2 1 0 0 0 0 0 0 0 0 0 0
"68" 68 0.502564102564 100 50 2 1 1 1 1 0 0 0 0 0 0 0 0 0 0 0 0 0
"69" 69 0.298076923077 155 1 0 0 0 0 0 0 0 0 0 0 0 0 0 0 0 0 0 0
"70" 70 0.651162790698 134 7 4 4 2 1 1 1 1 1 0 0 0 0 0 0 0 0 0 0
"71" 71 0.173076923077 156 0 0 0 0 0 0 0 0 0 0 0 0 0 0 0 0 0 0 0
"72" 72 0.182692307692 149 5 2 0 0 0 0 0 0 0 0 0 0 0 0 0 0 0 0 0
"73" 73 0.35864978903 68 51 14 6 3 3 3 2 2 1 1 1 1 0 0 0 0 0 0 0
"74" 74 0.0198675496689 156 0 0 0 0 0 0 0 0 0 0 0 0 0 0 0 0 0 0 0
"75" 75 0.203045685279 153 3 0 0 0 0 0 0 0 0 0 0 0 0 0 0 0 0 0 0
"76" 76 0.406844106464 151 3 1 1 0 0 0 0 0 0 0 0 0 0 0 0 0 0 0 0
"77" 77 0.355769230769 154 1 1 0 0 0 0 0 0 0 0 0 0 0 0 0 0 0 0 0
"78" 78 0.573643410853 47 20 17 14 13 11 9 8 5 4 3 2 1 1 1 0 0 0 0 0
"79" 79 0.514767932489 101 22 19 3 2 2 1 1 1 1 1 1 1 0 0 0 0 0 0 0
"80" 80 0.100418410042 156 0 0 0 0 0 0 0 0 0 0 0 0 0 0 0 0 0 0 0
"81" 81 0.449612403101 43 37 29 20 11 7 4 3 1 1 0 0 0 0 0 0 0 0 0 0
"82" 82 0.124352331606 156 0 0 0 0 0 0 0 0 0 0 0 0 0 0 0 0 0 0 0
"83" 83 0.236607142857 155 1 0 0 0 0 0 0 0 0 0 0 0 0 0 0 0 0 0 0
"84" 84 0.235897435897 139 8 3 2 2 1 1 0 0 0 0 0 0 0 0 0 0 0 0 0
"85" 85 0.334728033473 151 4 1 0 0 0 0 0 0 0 0 0 0 0 0 0 0 0 0 0
"86" 86 0.587443946188 45 19 18 15 15 11 9 6 5 5 2 2 1 1 1 1 0 0 0 0
"87" 87 0.218905472637 99 14 10 9 5 4 3 3 3 2 2 2 0 0 0 0 0 0 0 0
"88" 88 0.552742616034 112 16 7 5 3 2 2 2 2 1 1 1 1 1 0 0 0 0 0 0
"89" 89 0.0 156 0 0 0 0 0 0 0 0 0 0 0 0 0 0 0 0 0 0 0
"90" 90 0.420512820513 67 29 12 10 8 7 5 5 3 3 2 2 2 0 0 0 0 0 0 0
"91" 91 0.324894514768 80 24 20 5 4 4 4 3 2 1 1 1 1 1 0 0 0 0 0 0
"92" 92 0.37106918239 107 17 11 4 4 4 3 2 1 1 1 1 0 0 0 0 0 0 0 0
"93" 93 0.0192307692308 134 14 7 1 0 0 0 0 0 0 0 0 0 0 0 0 0 0 0 0
"94" 94 0.0199004975124 51 32 20 16 12 6 5 4 3 3 2 1 1 0 0 0 0 0 0 0
"95" 95 0.0 145 9 2 0 0 0 0 0 0 0 0 0 0 0 0 0 0 0 0 0
"96" 96 0.0 155 1 0 0 0 0 0 0 0 0 0 0 0 0 0 0 0 0 0 0
"97" 97 0.0 155 1 0 0 0 0 0 0 0 0 0 0 0 0 0 0 0 0 0 0
"98" 98 0.062015503876 155 1 0 0 0 0 0 0 0 0 0 0 0 0 0 0 0 0 0 0
"99" 99 0.225641025641 156 0 0 0 0 0 0 0 0 0 0 0 0 0 0 0 0 0 0 0
"100" 100 0.635658914729 114 29 5 5 2 1 0 0 0 0 0 0 0 0 0 0 0 0 0 0
"101" 101 0.240384615385 155 1 0 0 0 0 0 0 0 0 0 0 0 0 0 0 0 0 0 0
"102" 102 0.654088050314 119 17 12 4 2 1 1 0 0 0 0 0 0 0 0 0 0 0 0 0
"103" 103 0.476923076923 108 25 16 6 1 0 0 0 0 0 0 0 0 0 0 0 0 0 0 0
"104" 104 0.156976744186 148 8 0 0 0 0 0 0 0 0 0 0 0 0 0 0 0 0 0 0
"105" 105 0.0 156 0 0 0 0 0 0 0 0 0 0 0 0 0 0 0 0 0 0 0
"106" 106 0.0961538461538 149 7 0 0 0 0 0 0 0 0 0 0 0 0 0 0 0 0 0 0
"107" 107 0.00662251655629 152 3 1 0 0 0 0 0 0 0 0 0 0 0 0 0 0 0 0 0
"108" 108 0.103139013453 154 2 0 0 0 0 0 0 0 0 0 0 0 0 0 0 0 0 0 0
"109" 109 0.0 156 0 0 0 0 0 0 0 0 0 0 0 0 0 0 0 0 0 0 0
"110" 110 0.0209205020921 154 1 0 0 0 0 0 0 0 0 0 0 0 0 0 0 0 0 0 0
"111" 111 0.0 135 12 7 1 0 0 0 0 0 0 0 0 0 0 0 0 0 0 0 0
"112" 112 0.0 107 45 1 1 1 0 0 0 0 0 0 0 0 0 0 0 0 0 0 0
"113" 113 0.0988372093023 131 10 7 4 2 1 0 0 0 0 0 0 0 0 0 0 0 0 0 0
"114" 114 0.252873563218 76 30 10 8 7 6 5 4 4 2 1 1 1 0 0 0 0 0 0 0
"115" 115 0.390804597701 51 33 12 12 12 10 8 6 3 3 2 2 1 0 0 0 0 0 0 0
"116" 116 0.0 125 21 4 2 2 1 0 0 0 0 0 0 0 0 0 0 0 0 0 0
"117" 117 0.403973509934 71 38 19 13 6 4 2 1 1 0 0 0 0 0 0 0 0 0 0 0
"118" 118 0.535460992908 121 25 4 2 1 1 1 0 0 0 0 0 0 0 0 0 0 0 0 0
"119" 119 0.089552238806 155 0 0 0 0 0 0 0 0 0 0 0 0 0 0 0 0 0 0 0
"120" 120 0.238341968912 139 15 1 0 0 0 0 0 0 0 0 0 0 0 0 0 0 0 0 0
"121" 121 0.413461538462 129 17 2 2 1 1 1 1 1 0 0 0 0 0 0 0 0 0 0 0
"122" 122 0.540084388186 119 20 6 2 2 1 1 1 1 1 1 0 0 0 0 0 0 0 0 0
"123" 123 0.157894736842 154 1 0 0 0 0 0 0 0 0 0 0 0 0 0 0 0 0 0 0
"124" 124 0.0 142 11 2 0 0 0 0 0 0 0 0 0 0 0 0 0 0 0 0 0
"125" 125 0.0172413793103 153 2 0 0 0 0 0 0 0 0 0 0 0 0 0 0 0 0 0 0
"126" 126 0.0 155 0 0 0 0 0 0 0 0 0 0 0 0 0 0 0 0 0 0 0
"127" 127 0.0 154 0 0 0 0 0 0 0 0 0 0 0 0 0 0 0 0 0 0 0
"128" 128 0.205357142857 51 34 27 19 8 6 4 2 2 1 0 0 0 0 0 0 0 0 0 0
"129" 129 0.0862068965517 142 6 5 1 0 0 0 0 0 0 0 0 0 0 0 0 0 0 0 0
"130" 130 0.380710659898 55 40 31 12 5 3 2 2 2 1 1 0 0 0 0 0 0 0 0 0
"131" 131 0.481865284974 70 29 18 16 8 6 2 1 1 1 1 1 0 0 0 0 0 0 0 0
"132" 132 0.0288461538462 144 5 3 1 1 0 0 0 0 0 0 0 0 0 0 0 0 0 0 0
"133" 133 0.238532110092 87 18 10 9 9 7 3 2 2 1 1 1 1 1 1 1 0 0 0 0
"134" 134 0.625641025641 79 26 14 11 8 4 3 3 3 2 1 0 0 0 0 0 0 0 0 0
"135" 135 0.0287356321839 106 24 11 8 2 2 1 0 0 0 0 0 0 0 0 0 0 0 0 0
"136" 136 0.0 126 16 9 1 1 1 0 0 0 0 0 0 0 0 0 0 0 0 0 0
"137" 137 0.544303797468 56 50 12 11 7 5 3 3 3 1 1 1 1 0 0 0 0 0 0 0
"138" 138 0.255813953488 72 26 15 10 9 5 4 3 3 2 1 1 1 1 1 0 0 0 0 0
"139" 139 0.0 92 26 19 15 1 1 0 0 0 0 0 0 0 0 0 0 0 0 0 0
"140" 140 0.129464285714 146 3 3 1 1 0 0 0 0 0 0 0 0 0 0 0 0 0 0 0
"141" 141 0.488372093023 36 30 26 23 7 6 6 6 4 3 3 1 1 1 0 0 0 0 0 0
"142" 142 0.138392857143 32 17 16 14 14 11 10 9 7 6 6 3 3 2 1 1 1 0 0 0
"143" 143 0.0192307692308 98 15 9 8 8 4 3 3 2 2 0 0 0 0 0 0 0 0 0 0
"144" 144 0.165562913907 75 55 7 3 3 3 2 2 1 1 0 0 0 0 0 0 0 0 0 0
"145" 145 0.721153846154 31 25 23 16 15 9 8 6 6 4 3 2 2 2 0 0 0 0 0 0
"146" 146 0.562913907285 81 13 10 9 6 6 6 5 5 4 3 2 2 0 0 0 0 0 0 0
"147" 147 0.0192307692308 108 28 11 2 2 1 0 0 0 0 0 0 0 0 0 0 0 0 0 0
"148" 148 0.64135021097 60 33 17 12 8 7 4 2 2 2 1 1 1 1 1 0 0 0 0 0
"149" 149 0.188679245283 103 35 9 2 1 0 0 0 0 0 0 0 0 0 0 0 0 0 0 0
"150" 150 0.700729927007 42 29 16 16 10 7 6 5 4 4 3 3 2 1 0 0 0 0 0 0
"151" 151 0.0993377483444 52 21 21 9 6 5 5 5 4 4 4 3 3 2 2 2 0 0 0 0
"152" 152 0.368613138686 40 22 19 14 13 12 7 7 6 3 3 1 1 0 0 0 0 0 0 0
"153" 153 0.0 91 31 14 5 3 2 1 1 1 0 0 0 0 0 0 0 0 0 0 0
"154" 154 0.236607142857 40 33 23 13 12 7 6 4 3 3 2 2 0 0 0 0 0 0 0 0
"155" 155 0.0 135 12 1 0 0 0 0 0 0 0 0 0 0 0 0 0 0 0 0 0
"156" 156 0.356589147287 49 33 19 18 10 3 2 2 2 2 2 1 1 1 1 1 1 0 0 0
"157" 157 0.523206751055 80 20 18 13 8 7 1 1 0 0 0 0 0 0 0 0 0 0 0 0
"158" 158 0.107594936709 96 43 8 1 0 0 0 0 0 0 0 0 0 0 0 0 0 0 0 0
"159" 159 0.0769230769231 144 1 1 0 0 0 0 0 0 0 0 0 0 0 0 0 0 0 0 0
"160" 160 0.367816091954 15 10 6 5 4 2 1 0 0 0 0 0 0 0 0 0 0 0 0 0
"161" 161 0.645569620253 22 7 2 1 1 0 0 0 0 0 0 0 0 0 0 0 0 0 0 0
