"site" "RSA" "aa1" "aa2" "aa3" "aa4" "aa5" "aa6" "aa7" "aa8" "aa9" "aa10" "aa11" "aa12" "aa13" "aa14" "aa15" "aa16" "aa17" "aa18" "aa19" "aa20"
"0" 0 0.230769230769 465 19 14 2 0 0 0 0 0 0 0 0 0 0 0 0 0 0 0 0
"1" 1 0.558974358974 269 91 47 39 27 11 6 4 3 2 1 0 0 0 0 0 0 0 0 0
"2" 2 0.43654822335 406 57 22 6 4 2 2 1 0 0 0 0 0 0 0 0 0 0 0 0
"3" 3 0.071129707113 311 189 0 0 0 0 0 0 0 0 0 0 0 0 0 0 0 0 0 0
"4" 4 0.0697674418605 322 163 15 0 0 0 0 0 0 0 0 0 0 0 0 0 0 0 0 0
"5" 5 0.507692307692 128 106 92 85 75 5 4 2 1 1 1 0 0 0 0 0 0 0 0 0
"6" 6 0.0945273631841 500 0 0 0 0 0 0 0 0 0 0 0 0 0 0 0 0 0 0 0
"7" 7 0.0 500 0 0 0 0 0 0 0 0 0 0 0 0 0 0 0 0 0 0 0
"8" 8 0.447257383966 308 113 41 14 11 8 3 1 1 0 0 0 0 0 0 0 0 0 0 0
"9" 9 0.528846153846 500 0 0 0 0 0 0 0 0 0 0 0 0 0 0 0 0 0 0 0
"10" 10 0.134328358209 500 0 0 0 0 0 0 0 0 0 0 0 0 0 0 0 0 0 0 0
"11" 11 0.317991631799 267 95 93 44 1 0 0 0 0 0 0 0 0 0 0 0 0 0 0 0
"12" 12 0.615384615385 239 116 66 39 18 6 5 4 4 2 1 0 0 0 0 0 0 0 0 0
"13" 13 0.573839662447 462 21 10 5 2 0 0 0 0 0 0 0 0 0 0 0 0 0 0 0
"14" 14 0.772151898734 259 90 75 41 19 8 6 2 0 0 0 0 0 0 0 0 0 0 0 0
"15" 15 0.352678571429 483 15 1 1 0 0 0 0 0 0 0 0 0 0 0 0 0 0 0 0
"16" 16 0.0596330275229 498 1 1 0 0 0 0 0 0 0 0 0 0 0 0 0 0 0 0 0
"17" 17 0.120437956204 500 0 0 0 0 0 0 0 0 0 0 0 0 0 0 0 0 0 0 0
"18" 18 0.0 500 0 0 0 0 0 0 0 0 0 0 0 0 0 0 0 0 0 0 0
"19" 19 0.0 500 0 0 0 0 0 0 0 0 0 0 0 0 0 0 0 0 0 0 0
"20" 20 0.0 404 93 3 0 0 0 0 0 0 0 0 0 0 0 0 0 0 0 0 0
"21" 21 0.0 376 79 45 0 0 0 0 0 0 0 0 0 0 0 0 0 0 0 0 0
"22" 22 0.0 500 0 0 0 0 0 0 0 0 0 0 0 0 0 0 0 0 0 0 0
"23" 23 0.0696517412935 301 199 0 0 0 0 0 0 0 0 0 0 0 0 0 0 0 0 0 0
"24" 24 0.424870466321 495 3 1 1 0 0 0 0 0 0 0 0 0 0 0 0 0 0 0 0
"25" 25 0.527131782946 264 228 4 2 2 0 0 0 0 0 0 0 0 0 0 0 0 0 0 0
"26" 26 0.015503875969 487 13 0 0 0 0 0 0 0 0 0 0 0 0 0 0 0 0 0 0
"27" 27 0.115384615385 500 0 0 0 0 0 0 0 0 0 0 0 0 0 0 0 0 0 0 0
"28" 28 0.0295358649789 495 2 2 1 0 0 0 0 0 0 0 0 0 0 0 0 0 0 0 0
"29" 29 0.348837209302 488 7 3 2 0 0 0 0 0 0 0 0 0 0 0 0 0 0 0 0
"30" 30 0.343023255814 398 50 16 11 7 5 5 3 2 1 1 1 0 0 0 0 0 0 0 0
"31" 31 0.010152284264 500 0 0 0 0 0 0 0 0 0 0 0 0 0 0 0 0 0 0 0
"32" 32 0.00995024875622 490 5 5 0 0 0 0 0 0 0 0 0 0 0 0 0 0 0 0 0
"33" 33 0.608365019011 234 122 106 12 9 8 2 2 2 2 1 0 0 0 0 0 0 0 0 0
"34" 34 0.345991561181 340 51 35 30 20 20 2 2 0 0 0 0 0 0 0 0 0 0 0 0
"35" 35 0.0199004975124 500 0 0 0 0 0 0 0 0 0 0 0 0 0 0 0 0 0 0 0
"36" 36 0.573839662447 397 37 28 18 16 4 0 0 0 0 0 0 0 0 0 0 0 0 0 0
"37" 37 0.0547263681592 500 0 0 0 0 0 0 0 0 0 0 0 0 0 0 0 0 0 0 0
"38" 38 0.394230769231 500 0 0 0 0 0 0 0 0 0 0 0 0 0 0 0 0 0 0 0
"39" 39 0.705357142857 122 117 88 52 27 25 18 16 12 10 5 3 3 1 1 0 0 0 0 0
"40" 40 0.248730964467 495 5 0 0 0 0 0 0 0 0 0 0 0 0 0 0 0 0 0 0
"41" 41 0.396551724138 198 125 87 56 11 7 6 3 2 2 2 1 0 0 0 0 0 0 0 0
"42" 42 0.453488372093 489 5 2 1 1 1 1 0 0 0 0 0 0 0 0 0 0 0 0 0
"43" 43 0.401162790698 469 12 7 5 4 3 0 0 0 0 0 0 0 0 0 0 0 0 0 0
"44" 44 0.502538071066 375 63 18 16 11 6 5 3 2 1 0 0 0 0 0 0 0 0 0 0
"45" 45 0.295597484277 498 1 1 0 0 0 0 0 0 0 0 0 0 0 0 0 0 0 0 0
"46" 46 0.279069767442 495 3 2 0 0 0 0 0 0 0 0 0 0 0 0 0 0 0 0 0
"47" 47 0.680203045685 172 101 82 49 38 23 9 9 8 3 2 1 1 1 1 0 0 0 0 0
"48" 48 0.471153846154 500 0 0 0 0 0 0 0 0 0 0 0 0 0 0 0 0 0 0 0
"49" 49 0.0209205020921 492 4 4 0 0 0 0 0 0 0 0 0 0 0 0 0 0 0 0 0
"50" 50 0.466666666667 216 164 91 10 5 4 4 2 2 1 1 0 0 0 0 0 0 0 0 0
"51" 51 0.0 497 3 0 0 0 0 0 0 0 0 0 0 0 0 0 0 0 0 0 0
"52" 52 0.133928571429 491 5 2 1 1 0 0 0 0 0 0 0 0 0 0 0 0 0 0 0
"53" 53 0.21511627907 261 218 16 3 1 1 0 0 0 0 0 0 0 0 0 0 0 0 0 0
"54" 54 0.0172413793103 499 1 0 0 0 0 0 0 0 0 0 0 0 0 0 0 0 0 0 0
"55" 55 0.540178571429 219 200 76 4 1 0 0 0 0 0 0 0 0 0 0 0 0 0 0 0
"56" 56 0.239543726236 369 131 0 0 0 0 0 0 0 0 0 0 0 0 0 0 0 0 0 0
"57" 57 0.409282700422 500 0 0 0 0 0 0 0 0 0 0 0 0 0 0 0 0 0 0 0
"58" 58 0.0769230769231 500 0 0 0 0 0 0 0 0 0 0 0 0 0 0 0 0 0 0 0
"59" 59 0.0 498 2 0 0 0 0 0 0 0 0 0 0 0 0 0 0 0 0 0 0
"60" 60 0.0198675496689 399 72 22 7 0 0 0 0 0 0 0 0 0 0 0 0 0 0 0 0
"61" 61 0.00418410041841 500 0 0 0 0 0 0 0 0 0 0 0 0 0 0 0 0 0 0 0
"62" 62 0.00581395348837 500 0 0 0 0 0 0 0 0 0 0 0 0 0 0 0 0 0 0 0
"63" 63 0.0 447 48 3 2 0 0 0 0 0 0 0 0 0 0 0 0 0 0 0 0
"64" 64 0.0106382978723 500 0 0 0 0 0 0 0 0 0 0 0 0 0 0 0 0 0 0 0
"65" 65 0.419689119171 233 158 53 33 11 6 2 2 1 1 0 0 0 0 0 0 0 0 0 0
"66" 66 0.051724137931 497 3 0 0 0 0 0 0 0 0 0 0 0 0 0 0 0 0 0 0
"67" 67 0.298076923077 500 0 0 0 0 0 0 0 0 0 0 0 0 0 0 0 0 0 0 0
"68" 68 0.634615384615 498 2 0 0 0 0 0 0 0 0 0 0 0 0 0 0 0 0 0 0
"69" 69 0.165919282511 353 38 36 32 19 10 5 3 3 1 0 0 0 0 0 0 0 0 0 0
"70" 70 0.373056994819 259 141 100 0 0 0 0 0 0 0 0 0 0 0 0 0 0 0 0 0
"71" 71 0.637130801688 438 54 4 3 1 0 0 0 0 0 0 0 0 0 0 0 0 0 0 0
"72" 72 0.558375634518 355 68 62 6 5 2 2 0 0 0 0 0 0 0 0 0 0 0 0 0
"73" 73 0.543795620438 410 67 10 6 3 3 1 0 0 0 0 0 0 0 0 0 0 0 0 0
"74" 74 0.220125786164 386 63 31 15 3 1 1 0 0 0 0 0 0 0 0 0 0 0 0 0
"75" 75 0.26368159204 350 143 4 1 1 1 0 0 0 0 0 0 0 0 0 0 0 0 0 0
"76" 76 0.0780141843972 438 33 17 5 4 2 1 0 0 0 0 0 0 0 0 0 0 0 0 0
"77" 77 0.448905109489 393 35 19 18 9 8 8 4 3 2 1 0 0 0 0 0 0 0 0 0
"78" 78 0.66985645933 339 67 23 21 19 12 8 4 2 2 2 1 0 0 0 0 0 0 0 0
"79" 79 0.167300380228 412 88 0 0 0 0 0 0 0 0 0 0 0 0 0 0 0 0 0 0
"80" 80 0.00836820083682 496 4 0 0 0 0 0 0 0 0 0 0 0 0 0 0 0 0 0 0
"81" 81 0.461883408072 253 239 4 2 1 1 0 0 0 0 0 0 0 0 0 0 0 0 0 0
"82" 82 0.189743589744 464 36 0 0 0 0 0 0 0 0 0 0 0 0 0 0 0 0 0 0
"83" 83 0.0232558139535 499 1 0 0 0 0 0 0 0 0 0 0 0 0 0 0 0 0 0 0
"84" 84 0.313901345291 415 37 31 14 3 0 0 0 0 0 0 0 0 0 0 0 0 0 0 0
"85" 85 0.0 500 0 0 0 0 0 0 0 0 0 0 0 0 0 0 0 0 0 0 0
"86" 86 0.0149253731343 500 0 0 0 0 0 0 0 0 0 0 0 0 0 0 0 0 0 0 0
"87" 87 0.010152284264 492 8 0 0 0 0 0 0 0 0 0 0 0 0 0 0 0 0 0 0
"88" 88 0.00418410041841 500 0 0 0 0 0 0 0 0 0 0 0 0 0 0 0 0 0 0 0
"89" 89 0.0 500 0 0 0 0 0 0 0 0 0 0 0 0 0 0 0 0 0 0 0
"90" 90 0.0402298850575 426 72 2 0 0 0 0 0 0 0 0 0 0 0 0 0 0 0 0 0
"91" 91 0.145077720207 478 22 0 0 0 0 0 0 0 0 0 0 0 0 0 0 0 0 0 0
"92" 92 0.0 493 7 0 0 0 0 0 0 0 0 0 0 0 0 0 0 0 0 0 0
"93" 93 0.230769230769 339 154 6 1 0 0 0 0 0 0 0 0 0 0 0 0 0 0 0 0
"94" 94 0.150259067358 500 0 0 0 0 0 0 0 0 0 0 0 0 0 0 0 0 0 0 0
"95" 95 0.379562043796 186 128 62 28 25 24 16 14 9 6 2 0 0 0 0 0 0 0 0 0
"96" 96 0.638392857143 138 135 119 34 17 16 14 12 7 4 3 1 0 0 0 0 0 0 0 0
"97" 97 0.288321167883 499 1 0 0 0 0 0 0 0 0 0 0 0 0 0 0 0 0 0 0
"98" 98 0.0459770114943 184 137 131 19 12 10 4 1 1 1 0 0 0 0 0 0 0 0 0 0
"99" 99 0.507692307692 231 129 37 33 19 18 12 8 7 3 1 1 1 0 0 0 0 0 0 0
"100" 100 0.272321428571 166 137 72 52 23 20 10 8 7 4 1 0 0 0 0 0 0 0 0 0
"101" 101 0.0232558139535 500 0 0 0 0 0 0 0 0 0 0 0 0 0 0 0 0 0 0 0
"102" 102 0.332116788321 262 212 14 4 4 4 0 0 0 0 0 0 0 0 0 0 0 0 0 0
"103" 103 0.419642857143 240 110 51 18 16 15 13 12 10 7 5 2 1 0 0 0 0 0 0 0
"104" 104 0.03125 395 102 3 0 0 0 0 0 0 0 0 0 0 0 0 0 0 0 0 0
"105" 105 0.0 500 0 0 0 0 0 0 0 0 0 0 0 0 0 0 0 0 0 0 0
"106" 106 0.238532110092 387 64 17 11 9 7 5 0 0 0 0 0 0 0 0 0 0 0 0 0
"107" 107 0.474452554745 231 76 71 48 29 28 9 7 1 0 0 0 0 0 0 0 0 0 0 0
"108" 108 0.0229357798165 151 96 95 88 44 24 1 1 0 0 0 0 0 0 0 0 0 0 0 0
"109" 109 0.0696517412935 500 0 0 0 0 0 0 0 0 0 0 0 0 0 0 0 0 0 0 0
"110" 110 0.581395348837 468 16 14 2 0 0 0 0 0 0 0 0 0 0 0 0 0 0 0 0
"111" 111 0.232142857143 466 13 11 9 1 0 0 0 0 0 0 0 0 0 0 0 0 0 0 0
"112" 112 0.678756476684 439 22 17 9 5 4 2 2 0 0 0 0 0 0 0 0 0 0 0 0
"113" 113 0.428571428571 453 32 7 3 2 1 1 1 0 0 0 0 0 0 0 0 0 0 0 0
"114" 114 0.00497512437811 500 0 0 0 0 0 0 0 0 0 0 0 0 0 0 0 0 0 0 0
"115" 115 0.448905109489 442 32 10 5 3 2 2 1 1 1 1 0 0 0 0 0 0 0 0 0
"116" 116 0.642487046632 140 115 94 91 20 15 7 5 4 3 3 2 1 0 0 0 0 0 0 0
"117" 117 0.0232558139535 500 0 0 0 0 0 0 0 0 0 0 0 0 0 0 0 0 0 0 0
"118" 118 0.0114942528736 499 1 0 0 0 0 0 0 0 0 0 0 0 0 0 0 0 0 0 0
"119" 119 0.00497512437811 500 0 0 0 0 0 0 0 0 0 0 0 0 0 0 0 0 0 0 0
"120" 120 0.0 500 0 0 0 0 0 0 0 0 0 0 0 0 0 0 0 0 0 0 0
"121" 121 0.0 500 0 0 0 0 0 0 0 0 0 0 0 0 0 0 0 0 0 0 0
"122" 122 0.00418410041841 500 0 0 0 0 0 0 0 0 0 0 0 0 0 0 0 0 0 0 0
"123" 123 0.0 497 2 1 0 0 0 0 0 0 0 0 0 0 0 0 0 0 0 0 0
"124" 124 0.025641025641 500 0 0 0 0 0 0 0 0 0 0 0 0 0 0 0 0 0 0 0
"125" 125 0.227848101266 444 32 24 0 0 0 0 0 0 0 0 0 0 0 0 0 0 0 0 0
"126" 126 0.22869955157 343 136 11 9 1 0 0 0 0 0 0 0 0 0 0 0 0 0 0 0
"127" 127 0.538860103627 307 98 64 7 5 5 5 4 3 1 1 0 0 0 0 0 0 0 0 0
"128" 128 0.298507462687 267 142 34 16 16 7 7 5 3 2 1 0 0 0 0 0 0 0 0 0
"129" 129 0.805031446541 390 32 24 16 15 13 6 3 1 0 0 0 0 0 0 0 0 0 0 0
"130" 130 0.476923076923 316 94 18 16 16 15 7 6 5 4 2 1 0 0 0 0 0 0 0 0
"131" 131 0.147286821705 500 0 0 0 0 0 0 0 0 0 0 0 0 0 0 0 0 0 0 0
"132" 132 0.0229357798165 171 146 69 63 15 12 8 7 6 3 0 0 0 0 0 0 0 0 0 0
"133" 133 0.415384615385 427 72 1 0 0 0 0 0 0 0 0 0 0 0 0 0 0 0 0 0
"134" 134 0.22480620155 466 16 11 6 1 0 0 0 0 0 0 0 0 0 0 0 0 0 0 0
"135" 135 0.527131782946 113 90 70 63 56 35 26 11 11 10 5 4 4 2 0 0 0 0 0 0
"136" 136 0.330357142857 171 95 60 57 50 32 19 12 4 0 0 0 0 0 0 0 0 0 0 0
"137" 137 0.0 369 128 2 1 0 0 0 0 0 0 0 0 0 0 0 0 0 0 0 0
"138" 138 0.0813953488372 232 101 96 29 28 11 3 0 0 0 0 0 0 0 0 0 0 0 0 0
"139" 139 0.668393782383 166 85 55 51 41 28 25 12 11 7 6 6 4 2 1 0 0 0 0 0
"140" 140 0.481012658228 165 111 81 58 18 16 15 13 8 6 5 2 1 1 0 0 0 0 0 0
"141" 141 0.0 500 0 0 0 0 0 0 0 0 0 0 0 0 0 0 0 0 0 0 0
"142" 142 0.125 500 0 0 0 0 0 0 0 0 0 0 0 0 0 0 0 0 0 0 0
"143" 143 0.0 500 0 0 0 0 0 0 0 0 0 0 0 0 0 0 0 0 0 0 0
"144" 144 0.626794258373 197 154 58 27 12 10 8 8 8 5 5 3 2 1 1 1 0 0 0 0
"145" 145 0.516556291391 130 84 73 53 41 38 37 24 9 7 2 1 1 0 0 0 0 0 0 0
"146" 146 0.124378109453 500 0 0 0 0 0 0 0 0 0 0 0 0 0 0 0 0 0 0 0
"147" 147 0.678832116788 227 69 50 32 32 22 20 16 13 8 5 3 2 1 0 0 0 0 0 0
"148" 148 0.918660287081 463 37 0 0 0 0 0 0 0 0 0 0 0 0 0 0 0 0 0 0
"149" 149 0.109489051095 272 155 37 15 8 7 2 2 1 1 0 0 0 0 0 0 0 0 0 0
"150" 150 0.348717948718 408 49 19 14 8 2 0 0 0 0 0 0 0 0 0 0 0 0 0 0
"151" 151 0.191489361702 500 0 0 0 0 0 0 0 0 0 0 0 0 0 0 0 0 0 0 0
"152" 152 0.307984790875 500 0 0 0 0 0 0 0 0 0 0 0 0 0 0 0 0 0 0 0
"153" 153 0.147208121827 500 0 0 0 0 0 0 0 0 0 0 0 0 0 0 0 0 0 0 0
"154" 154 0.116591928251 500 0 0 0 0 0 0 0 0 0 0 0 0 0 0 0 0 0 0 0
"155" 155 0.279069767442 443 37 15 2 2 1 0 0 0 0 0 0 0 0 0 0 0 0 0 0
"156" 156 0.0 500 0 0 0 0 0 0 0 0 0 0 0 0 0 0 0 0 0 0 0
"157" 157 0.0443037974684 500 0 0 0 0 0 0 0 0 0 0 0 0 0 0 0 0 0 0 0
"158" 158 0.0232558139535 497 3 0 0 0 0 0 0 0 0 0 0 0 0 0 0 0 0 0 0
"159" 159 0.540697674419 428 35 17 9 8 1 1 1 0 0 0 0 0 0 0 0 0 0 0 0
"160" 160 0.556291390728 181 70 59 57 42 39 25 20 3 2 2 0 0 0 0 0 0 0 0 0
"161" 161 0.221153846154 500 0 0 0 0 0 0 0 0 0 0 0 0 0 0 0 0 0 0 0
"162" 162 0.528497409326 263 55 40 33 29 19 18 15 13 9 5 1 0 0 0 0 0 0 0 0
"163" 163 0.0 500 0 0 0 0 0 0 0 0 0 0 0 0 0 0 0 0 0 0 0
"164" 164 0.00497512437811 500 0 0 0 0 0 0 0 0 0 0 0 0 0 0 0 0 0 0 0
"165" 165 0.319391634981 448 52 0 0 0 0 0 0 0 0 0 0 0 0 0 0 0 0 0 0
"166" 166 0.370535714286 210 58 56 52 44 31 29 8 7 4 1 0 0 0 0 0 0 0 0 0
"167" 167 0.0 500 0 0 0 0 0 0 0 0 0 0 0 0 0 0 0 0 0 0 0
"168" 168 0.0149253731343 494 6 0 0 0 0 0 0 0 0 0 0 0 0 0 0 0 0 0 0
"169" 169 0.331606217617 324 134 40 1 1 0 0 0 0 0 0 0 0 0 0 0 0 0 0 0
"170" 170 0.131205673759 500 0 0 0 0 0 0 0 0 0 0 0 0 0 0 0 0 0 0 0
"171" 171 0.0 500 0 0 0 0 0 0 0 0 0 0 0 0 0 0 0 0 0 0 0
"172" 172 0.0662251655629 450 50 0 0 0 0 0 0 0 0 0 0 0 0 0 0 0 0 0 0
"173" 173 0.353846153846 444 33 9 7 2 2 2 1 0 0 0 0 0 0 0 0 0 0 0 0
"174" 174 0.125560538117 251 245 2 1 1 0 0 0 0 0 0 0 0 0 0 0 0 0 0 0
"175" 175 0.044776119403 481 19 0 0 0 0 0 0 0 0 0 0 0 0 0 0 0 0 0 0
"176" 176 0.204379562044 228 201 22 18 16 10 2 1 1 1 0 0 0 0 0 0 0 0 0 0
"177" 177 0.651282051282 174 170 76 51 11 10 3 3 2 0 0 0 0 0 0 0 0 0 0 0
"178" 178 0.452914798206 266 195 19 17 2 1 0 0 0 0 0 0 0 0 0 0 0 0 0 0
"179" 179 1.03797468354 269 89 60 28 11 10 8 8 7 5 2 1 1 1 0 0 0 0 0 0
