"site" "RSA" "aa1" "aa2" "aa3" "aa4" "aa5" "aa6" "aa7" "aa8" "aa9" "aa10" "aa11" "aa12" "aa13" "aa14" "aa15" "aa16" "aa17" "aa18" "aa19" "aa20"
"0" 0 0.802325581395 482 18 0 0 0 0 0 0 0 0 0 0 0 0 0 0 0 0 0 0
"1" 1 0.482587064677 302 117 26 25 16 11 2 1 0 0 0 0 0 0 0 0 0 0 0 0
"2" 2 0.233830845771 228 119 88 25 24 7 6 1 1 1 0 0 0 0 0 0 0 0 0 0
"3" 3 0.456953642384 482 15 3 0 0 0 0 0 0 0 0 0 0 0 0 0 0 0 0 0
"4" 4 0.483443708609 247 244 9 0 0 0 0 0 0 0 0 0 0 0 0 0 0 0 0 0
"5" 5 0.100418410042 433 35 19 9 2 2 0 0 0 0 0 0 0 0 0 0 0 0 0 0
"6" 6 0.134615384615 500 0 0 0 0 0 0 0 0 0 0 0 0 0 0 0 0 0 0 0
"7" 7 0.383720930233 384 116 0 0 0 0 0 0 0 0 0 0 0 0 0 0 0 0 0 0
"8" 8 0.339622641509 213 172 43 36 35 1 0 0 0 0 0 0 0 0 0 0 0 0 0 0
"9" 9 0.326359832636 414 28 21 13 12 8 1 1 1 1 0 0 0 0 0 0 0 0 0 0
"10" 10 0.446428571429 449 41 6 4 0 0 0 0 0 0 0 0 0 0 0 0 0 0 0 0
"11" 11 0.0729927007299 499 1 0 0 0 0 0 0 0 0 0 0 0 0 0 0 0 0 0 0
"12" 12 0.0 500 0 0 0 0 0 0 0 0 0 0 0 0 0 0 0 0 0 0 0
"13" 13 0.397321428571 435 28 27 8 2 0 0 0 0 0 0 0 0 0 0 0 0 0 0 0
"14" 14 0.389743589744 260 198 19 10 9 4 0 0 0 0 0 0 0 0 0 0 0 0 0 0
"15" 15 0.0 497 3 0 0 0 0 0 0 0 0 0 0 0 0 0 0 0 0 0 0
"16" 16 0.0149253731343 500 0 0 0 0 0 0 0 0 0 0 0 0 0 0 0 0 0 0 0
"17" 17 0.209302325581 268 227 5 0 0 0 0 0 0 0 0 0 0 0 0 0 0 0 0 0
"18" 18 0.0 500 0 0 0 0 0 0 0 0 0 0 0 0 0 0 0 0 0 0 0
"19" 19 0.0 497 3 0 0 0 0 0 0 0 0 0 0 0 0 0 0 0 0 0 0
"20" 20 0.478102189781 500 0 0 0 0 0 0 0 0 0 0 0 0 0 0 0 0 0 0 0
"21" 21 0.540178571429 280 214 5 1 0 0 0 0 0 0 0 0 0 0 0 0 0 0 0 0
"22" 22 0.173076923077 500 0 0 0 0 0 0 0 0 0 0 0 0 0 0 0 0 0 0 0
"23" 23 0.295620437956 479 9 9 2 1 0 0 0 0 0 0 0 0 0 0 0 0 0 0 0
"24" 24 0.0192307692308 455 28 16 1 0 0 0 0 0 0 0 0 0 0 0 0 0 0 0 0
"25" 25 0.0 497 3 0 0 0 0 0 0 0 0 0 0 0 0 0 0 0 0 0 0
"26" 26 0.0 453 25 11 4 2 2 1 1 1 0 0 0 0 0 0 0 0 0 0 0
"27" 27 0.00574712643678 275 225 0 0 0 0 0 0 0 0 0 0 0 0 0 0 0 0 0 0
"28" 28 0.0497512437811 296 88 35 28 27 12 10 2 1 1 0 0 0 0 0 0 0 0 0 0
"29" 29 0.512953367876 196 165 83 50 2 2 2 0 0 0 0 0 0 0 0 0 0 0 0 0
"30" 30 0.487179487179 270 105 89 34 2 0 0 0 0 0 0 0 0 0 0 0 0 0 0 0
"31" 31 0.294642857143 427 62 8 3 0 0 0 0 0 0 0 0 0 0 0 0 0 0 0 0
"32" 32 0.00961538461538 253 193 41 8 4 1 0 0 0 0 0 0 0 0 0 0 0 0 0 0
"33" 33 0.0155440414508 269 70 55 51 17 13 12 6 5 1 1 0 0 0 0 0 0 0 0 0
"34" 34 0.0 309 82 26 22 20 12 9 7 6 3 2 1 1 0 0 0 0 0 0 0
"35" 35 0.0 244 233 17 5 1 0 0 0 0 0 0 0 0 0 0 0 0 0 0 0
"36" 36 0.0167364016736 258 139 84 8 5 2 1 1 1 1 0 0 0 0 0 0 0 0 0 0
"37" 37 0.0 482 14 4 0 0 0 0 0 0 0 0 0 0 0 0 0 0 0 0 0
"38" 38 0.0 443 57 0 0 0 0 0 0 0 0 0 0 0 0 0 0 0 0 0 0
"39" 39 0.357142857143 402 60 13 12 10 1 1 1 0 0 0 0 0 0 0 0 0 0 0 0
"40" 40 0.261627906977 500 0 0 0 0 0 0 0 0 0 0 0 0 0 0 0 0 0 0 0
"41" 41 0.0 247 143 52 47 3 3 2 1 1 1 0 0 0 0 0 0 0 0 0 0
"42" 42 0.273255813953 433 34 33 0 0 0 0 0 0 0 0 0 0 0 0 0 0 0 0 0
"43" 43 0.281609195402 256 162 55 14 9 2 1 1 0 0 0 0 0 0 0 0 0 0 0 0
"44" 44 0.638392857143 294 162 43 1 0 0 0 0 0 0 0 0 0 0 0 0 0 0 0 0
"45" 45 0.161434977578 124 111 72 66 38 28 24 18 11 4 2 2 0 0 0 0 0 0 0 0
"46" 46 0.0045871559633 245 118 70 59 5 3 0 0 0 0 0 0 0 0 0 0 0 0 0 0
"47" 47 0.271317829457 481 9 9 1 0 0 0 0 0 0 0 0 0 0 0 0 0 0 0 0
"48" 48 0.0696517412935 241 132 34 28 27 9 9 6 6 4 2 2 0 0 0 0 0 0 0 0
"49" 49 0.00581395348837 372 53 43 8 7 6 5 5 1 0 0 0 0 0 0 0 0 0 0 0
"50" 50 0.263959390863 393 78 16 8 2 2 1 0 0 0 0 0 0 0 0 0 0 0 0 0
"51" 51 0.532846715328 461 30 4 3 2 0 0 0 0 0 0 0 0 0 0 0 0 0 0 0
"52" 52 0.22966507177 241 85 56 53 35 13 6 4 4 3 0 0 0 0 0 0 0 0 0 0
"53" 53 0.0769230769231 500 0 0 0 0 0 0 0 0 0 0 0 0 0 0 0 0 0 0 0
"54" 54 0.278145695364 312 188 0 0 0 0 0 0 0 0 0 0 0 0 0 0 0 0 0 0
"55" 55 0.163461538462 500 0 0 0 0 0 0 0 0 0 0 0 0 0 0 0 0 0 0 0
"56" 56 0.401015228426 357 141 2 0 0 0 0 0 0 0 0 0 0 0 0 0 0 0 0 0
"57" 57 0.0229885057471 471 24 2 2 1 0 0 0 0 0 0 0 0 0 0 0 0 0 0 0
"58" 58 0.0253164556962 357 112 23 6 2 0 0 0 0 0 0 0 0 0 0 0 0 0 0 0
"59" 59 0.00995024875622 500 0 0 0 0 0 0 0 0 0 0 0 0 0 0 0 0 0 0 0
"60" 60 0.0 299 153 34 9 5 0 0 0 0 0 0 0 0 0 0 0 0 0 0 0
"61" 61 0.010152284264 469 31 0 0 0 0 0 0 0 0 0 0 0 0 0 0 0 0 0 0
"62" 62 0.186046511628 466 33 1 0 0 0 0 0 0 0 0 0 0 0 0 0 0 0 0 0
"63" 63 0.303571428571 325 158 9 8 0 0 0 0 0 0 0 0 0 0 0 0 0 0 0 0
"64" 64 0.59067357513 465 17 10 8 0 0 0 0 0 0 0 0 0 0 0 0 0 0 0 0
"65" 65 0.14598540146 417 41 39 3 0 0 0 0 0 0 0 0 0 0 0 0 0 0 0 0
"66" 66 0.149635036496 496 4 0 0 0 0 0 0 0 0 0 0 0 0 0 0 0 0 0 0
"67" 67 0.476793248945 480 15 5 0 0 0 0 0 0 0 0 0 0 0 0 0 0 0 0 0
"68" 68 0.349775784753 497 3 0 0 0 0 0 0 0 0 0 0 0 0 0 0 0 0 0 0
"69" 69 0.00497512437811 491 9 0 0 0 0 0 0 0 0 0 0 0 0 0 0 0 0 0 0
"70" 70 0.569948186528 304 196 0 0 0 0 0 0 0 0 0 0 0 0 0 0 0 0 0 0
"71" 71 0.00497512437811 482 18 0 0 0 0 0 0 0 0 0 0 0 0 0 0 0 0 0 0
"72" 72 0.421383647799 261 164 42 17 16 0 0 0 0 0 0 0 0 0 0 0 0 0 0 0
"73" 73 0.229357798165 462 26 7 5 0 0 0 0 0 0 0 0 0 0 0 0 0 0 0 0
"74" 74 0.435779816514 480 8 8 4 0 0 0 0 0 0 0 0 0 0 0 0 0 0 0 0
"75" 75 0.655172413793 486 14 0 0 0 0 0 0 0 0 0 0 0 0 0 0 0 0 0 0
"76" 76 1.10714285714 500 0 0 0 0 0 0 0 0 0 0 0 0 0 0 0 0 0 0 0
"77" 77 0.471153846154 500 0 0 0 0 0 0 0 0 0 0 0 0 0 0 0 0 0 0 0
"78" 78 0.397489539749 258 229 4 3 3 2 1 0 0 0 0 0 0 0 0 0 0 0 0 0
"79" 79 0.0 478 18 3 1 0 0 0 0 0 0 0 0 0 0 0 0 0 0 0 0
"80" 80 0.224137931034 375 98 22 5 0 0 0 0 0 0 0 0 0 0 0 0 0 0 0 0
"81" 81 0.093023255814 404 69 14 11 1 1 0 0 0 0 0 0 0 0 0 0 0 0 0 0
"82" 82 0.0 449 50 1 0 0 0 0 0 0 0 0 0 0 0 0 0 0 0 0 0
"83" 83 0.09375 348 152 0 0 0 0 0 0 0 0 0 0 0 0 0 0 0 0 0 0
"84" 84 0.0232558139535 494 6 0 0 0 0 0 0 0 0 0 0 0 0 0 0 0 0 0 0
"85" 85 0.217054263566 500 0 0 0 0 0 0 0 0 0 0 0 0 0 0 0 0 0 0 0
"86" 86 0.732142857143 500 0 0 0 0 0 0 0 0 0 0 0 0 0 0 0 0 0 0 0
"87" 87 0.625 500 0 0 0 0 0 0 0 0 0 0 0 0 0 0 0 0 0 0 0
"88" 88 0.201149425287 328 172 0 0 0 0 0 0 0 0 0 0 0 0 0 0 0 0 0 0
"89" 89 0.691860465116 500 0 0 0 0 0 0 0 0 0 0 0 0 0 0 0 0 0 0 0
"90" 90 0.552325581395 293 182 17 8 0 0 0 0 0 0 0 0 0 0 0 0 0 0 0 0
"91" 91 0.0 500 0 0 0 0 0 0 0 0 0 0 0 0 0 0 0 0 0 0 0
"92" 92 0.316091954023 297 182 18 3 0 0 0 0 0 0 0 0 0 0 0 0 0 0 0 0
"93" 93 0.370860927152 499 1 0 0 0 0 0 0 0 0 0 0 0 0 0 0 0 0 0 0
"94" 94 0.147286821705 416 84 0 0 0 0 0 0 0 0 0 0 0 0 0 0 0 0 0 0
"95" 95 0.325581395349 291 158 49 2 0 0 0 0 0 0 0 0 0 0 0 0 0 0 0 0
"96" 96 0.0725388601036 500 0 0 0 0 0 0 0 0 0 0 0 0 0 0 0 0 0 0 0
"97" 97 0.0875912408759 229 228 29 8 2 2 1 1 0 0 0 0 0 0 0 0 0 0 0 0
"98" 98 0.00507614213198 482 7 7 4 0 0 0 0 0 0 0 0 0 0 0 0 0 0 0 0
"99" 99 0.255813953488 489 9 2 0 0 0 0 0 0 0 0 0 0 0 0 0 0 0 0 0
"100" 100 0.0 500 0 0 0 0 0 0 0 0 0 0 0 0 0 0 0 0 0 0 0
"101" 101 0.0114942528736 326 161 12 1 0 0 0 0 0 0 0 0 0 0 0 0 0 0 0 0
"102" 102 0.408759124088 344 138 13 3 2 0 0 0 0 0 0 0 0 0 0 0 0 0 0 0
"103" 103 0.201550387597 260 234 6 0 0 0 0 0 0 0 0 0 0 0 0 0 0 0 0 0
"104" 104 0.0077519379845 499 1 0 0 0 0 0 0 0 0 0 0 0 0 0 0 0 0 0 0
"105" 105 0.0507614213198 449 42 6 2 1 0 0 0 0 0 0 0 0 0 0 0 0 0 0 0
"106" 106 0.279069767442 500 0 0 0 0 0 0 0 0 0 0 0 0 0 0 0 0 0 0 0
"107" 107 0.715025906736 415 85 0 0 0 0 0 0 0 0 0 0 0 0 0 0 0 0 0 0
"108" 108 0.567307692308 500 0 0 0 0 0 0 0 0 0 0 0 0 0 0 0 0 0 0 0
"109" 109 0.031007751938 277 223 0 0 0 0 0 0 0 0 0 0 0 0 0 0 0 0 0 0
"110" 110 0.544303797468 470 30 0 0 0 0 0 0 0 0 0 0 0 0 0 0 0 0 0 0
"111" 111 0.314465408805 500 0 0 0 0 0 0 0 0 0 0 0 0 0 0 0 0 0 0 0
"112" 112 0.602649006623 470 30 0 0 0 0 0 0 0 0 0 0 0 0 0 0 0 0 0 0
"113" 113 0.326424870466 492 8 0 0 0 0 0 0 0 0 0 0 0 0 0 0 0 0 0 0
"114" 114 0.0149253731343 499 1 0 0 0 0 0 0 0 0 0 0 0 0 0 0 0 0 0 0
"115" 115 0.466666666667 350 125 25 0 0 0 0 0 0 0 0 0 0 0 0 0 0 0 0 0
"116" 116 0.306569343066 390 98 12 0 0 0 0 0 0 0 0 0 0 0 0 0 0 0 0 0
"117" 117 0.685534591195 320 161 16 2 1 0 0 0 0 0 0 0 0 0 0 0 0 0 0 0
"118" 118 0.115384615385 500 0 0 0 0 0 0 0 0 0 0 0 0 0 0 0 0 0 0 0
"119" 119 0.354066985646 477 13 5 3 2 0 0 0 0 0 0 0 0 0 0 0 0 0 0 0
"120" 120 0.0172413793103 382 77 41 0 0 0 0 0 0 0 0 0 0 0 0 0 0 0 0 0
"121" 121 0.192468619247 480 7 5 4 1 1 1 1 0 0 0 0 0 0 0 0 0 0 0 0
"122" 122 0.0062893081761 500 0 0 0 0 0 0 0 0 0 0 0 0 0 0 0 0 0 0 0
"123" 123 0.0597014925373 414 70 11 2 1 1 1 0 0 0 0 0 0 0 0 0 0 0 0 0
"124" 124 0.167883211679 484 7 4 3 1 1 0 0 0 0 0 0 0 0 0 0 0 0 0 0
"125" 125 0.0697674418605 464 24 12 0 0 0 0 0 0 0 0 0 0 0 0 0 0 0 0 0
"126" 126 0.385650224215 162 144 131 57 5 1 0 0 0 0 0 0 0 0 0 0 0 0 0 0
"127" 127 0.666666666667 297 203 0 0 0 0 0 0 0 0 0 0 0 0 0 0 0 0 0 0
"128" 128 0.413461538462 500 0 0 0 0 0 0 0 0 0 0 0 0 0 0 0 0 0 0 0
"129" 129 0.0480769230769 500 0 0 0 0 0 0 0 0 0 0 0 0 0 0 0 0 0 0 0
"130" 130 0.0344827586207 385 113 2 0 0 0 0 0 0 0 0 0 0 0 0 0 0 0 0 0
"131" 131 0.412935323383 480 10 5 3 2 0 0 0 0 0 0 0 0 0 0 0 0 0 0 0
"132" 132 0.46511627907 280 220 0 0 0 0 0 0 0 0 0 0 0 0 0 0 0 0 0 0
"133" 133 0.412408759124 442 57 1 0 0 0 0 0 0 0 0 0 0 0 0 0 0 0 0 0
"134" 134 0.394230769231 436 61 1 1 1 0 0 0 0 0 0 0 0 0 0 0 0 0 0 0
"135" 135 0.105769230769 432 49 13 5 1 0 0 0 0 0 0 0 0 0 0 0 0 0 0 0
"136" 136 0.0956937799043 347 70 43 13 10 6 4 4 2 1 0 0 0 0 0 0 0 0 0 0
"137" 137 0.0755813953488 232 183 75 6 2 1 1 0 0 0 0 0 0 0 0 0 0 0 0 0
"138" 138 0.0133928571429 418 47 21 14 0 0 0 0 0 0 0 0 0 0 0 0 0 0 0 0
"139" 139 0.0 499 1 0 0 0 0 0 0 0 0 0 0 0 0 0 0 0 0 0 0
"140" 140 0.0 259 225 15 1 0 0 0 0 0 0 0 0 0 0 0 0 0 0 0 0
"141" 141 0.0710659898477 312 142 19 17 7 2 1 0 0 0 0 0 0 0 0 0 0 0 0 0
"142" 142 0.0725388601036 498 1 1 0 0 0 0 0 0 0 0 0 0 0 0 0 0 0 0 0
"143" 143 0.00497512437811 500 0 0 0 0 0 0 0 0 0 0 0 0 0 0 0 0 0 0 0
"144" 144 0.0 485 14 1 0 0 0 0 0 0 0 0 0 0 0 0 0 0 0 0 0
"145" 145 0.436046511628 338 109 29 13 6 5 0 0 0 0 0 0 0 0 0 0 0 0 0 0
"146" 146 0.323383084577 349 139 10 1 1 0 0 0 0 0 0 0 0 0 0 0 0 0 0 0
"147" 147 0.0542635658915 476 24 0 0 0 0 0 0 0 0 0 0 0 0 0 0 0 0 0 0
"148" 148 0.644230769231 500 0 0 0 0 0 0 0 0 0 0 0 0 0 0 0 0 0 0 0
"149" 149 0.163179916318 472 24 4 0 0 0 0 0 0 0 0 0 0 0 0 0 0 0 0 0
"150" 150 0.253164556962 415 58 24 1 1 1 0 0 0 0 0 0 0 0 0 0 0 0 0 0
"151" 151 0.333333333333 272 125 29 28 16 15 8 6 1 0 0 0 0 0 0 0 0 0 0 0
"152" 152 0.0542635658915 435 59 5 1 0 0 0 0 0 0 0 0 0 0 0 0 0 0 0 0
"153" 153 0.0 260 235 5 0 0 0 0 0 0 0 0 0 0 0 0 0 0 0 0 0
"154" 154 0.00574712643678 330 139 12 8 8 3 0 0 0 0 0 0 0 0 0 0 0 0 0 0
"155" 155 0.0298507462687 476 17 3 2 2 0 0 0 0 0 0 0 0 0 0 0 0 0 0 0
"156" 156 0.0 474 26 0 0 0 0 0 0 0 0 0 0 0 0 0 0 0 0 0 0
"157" 157 0.183035714286 330 119 43 6 2 0 0 0 0 0 0 0 0 0 0 0 0 0 0 0
"158" 158 0.0398009950249 436 34 14 7 5 2 1 1 0 0 0 0 0 0 0 0 0 0 0 0
"159" 159 0.156976744186 500 0 0 0 0 0 0 0 0 0 0 0 0 0 0 0 0 0 0 0
"160" 160 0.179487179487 185 129 107 41 13 7 7 6 2 2 1 0 0 0 0 0 0 0 0 0
"161" 161 0.80310880829 290 112 84 14 0 0 0 0 0 0 0 0 0 0 0 0 0 0 0 0
"162" 162 0.611398963731 300 200 0 0 0 0 0 0 0 0 0 0 0 0 0 0 0 0 0 0
"163" 163 0.519230769231 500 0 0 0 0 0 0 0 0 0 0 0 0 0 0 0 0 0 0 0
"164" 164 0.267441860465 317 132 48 3 0 0 0 0 0 0 0 0 0 0 0 0 0 0 0 0
"165" 165 0.344036697248 325 62 41 31 28 6 3 2 2 0 0 0 0 0 0 0 0 0 0 0
"166" 166 0.0077519379845 456 36 7 1 0 0 0 0 0 0 0 0 0 0 0 0 0 0 0 0
"167" 167 0.452554744526 349 84 59 7 1 0 0 0 0 0 0 0 0 0 0 0 0 0 0 0
"168" 168 0.271317829457 474 23 1 1 1 0 0 0 0 0 0 0 0 0 0 0 0 0 0 0
"169" 169 0.477987421384 446 31 10 9 4 0 0 0 0 0 0 0 0 0 0 0 0 0 0 0
"170" 170 0.254464285714 239 172 48 31 7 2 1 0 0 0 0 0 0 0 0 0 0 0 0 0
"171" 171 0.0 296 202 2 0 0 0 0 0 0 0 0 0 0 0 0 0 0 0 0 0
"172" 172 0.0507614213198 397 28 28 19 9 9 7 1 1 1 0 0 0 0 0 0 0 0 0 0
"173" 173 0.526785714286 265 106 75 44 6 3 1 0 0 0 0 0 0 0 0 0 0 0 0 0
"174" 174 0.0753138075314 289 105 52 15 13 10 5 4 3 2 1 1 0 0 0 0 0 0 0 0
"175" 175 0.0 499 1 0 0 0 0 0 0 0 0 0 0 0 0 0 0 0 0 0 0
"176" 176 0.471794871795 232 125 76 38 14 12 3 0 0 0 0 0 0 0 0 0 0 0 0 0
"177" 177 0.548523206751 341 75 59 10 8 4 2 1 0 0 0 0 0 0 0 0 0 0 0 0
"178" 178 0.296650717703 323 90 33 24 15 7 6 1 1 0 0 0 0 0 0 0 0 0 0 0
"179" 179 0.569230769231 264 225 11 0 0 0 0 0 0 0 0 0 0 0 0 0 0 0 0 0
"180" 180 0.0366972477064 294 116 35 19 16 8 6 4 1 1 0 0 0 0 0 0 0 0 0 0
"181" 181 0.062015503876 500 0 0 0 0 0 0 0 0 0 0 0 0 0 0 0 0 0 0 0
"182" 182 0.00497512437811 224 184 26 25 25 13 1 1 1 0 0 0 0 0 0 0 0 0 0 0
"183" 183 0.00574712643678 498 1 1 0 0 0 0 0 0 0 0 0 0 0 0 0 0 0 0 0
"184" 184 0.116279069767 212 168 120 0 0 0 0 0 0 0 0 0 0 0 0 0 0 0 0 0
"185" 185 0.0253807106599 204 164 127 3 2 0 0 0 0 0 0 0 0 0 0 0 0 0 0 0
"186" 186 0.700892857143 292 141 64 2 1 0 0 0 0 0 0 0 0 0 0 0 0 0 0 0
"187" 187 0.0362694300518 281 213 5 1 0 0 0 0 0 0 0 0 0 0 0 0 0 0 0 0
"188" 188 0.00995024875622 499 1 0 0 0 0 0 0 0 0 0 0 0 0 0 0 0 0 0 0
"189" 189 0.183908045977 185 139 92 79 2 1 1 1 0 0 0 0 0 0 0 0 0 0 0 0
"190" 190 0.286821705426 190 174 76 41 16 3 0 0 0 0 0 0 0 0 0 0 0 0 0 0
"191" 191 0.0798479087452 480 20 0 0 0 0 0 0 0 0 0 0 0 0 0 0 0 0 0 0
"192" 192 0.251824817518 236 124 122 10 5 2 1 0 0 0 0 0 0 0 0 0 0 0 0 0
"193" 193 0.600896860987 195 126 101 67 11 0 0 0 0 0 0 0 0 0 0 0 0 0 0 0
"194" 194 0.503875968992 443 46 4 2 2 1 1 1 0 0 0 0 0 0 0 0 0 0 0 0
"195" 195 0.684210526316 465 15 13 5 2 0 0 0 0 0 0 0 0 0 0 0 0 0 0 0
