"site" "RSA" "aa1" "aa2" "aa3" "aa4" "aa5" "aa6" "aa7" "aa8" "aa9" "aa10" "aa11" "aa12" "aa13" "aa14" "aa15" "aa16" "aa17" "aa18" "aa19" "aa20"
"0" 0 0.805031446541 496 3 1 0 0 0 0 0 0 0 0 0 0 0 0 0 0 0 0 0
"1" 1 0.041825095057 477 23 0 0 0 0 0 0 0 0 0 0 0 0 0 0 0 0 0 0
"2" 2 0.0 500 0 0 0 0 0 0 0 0 0 0 0 0 0 0 0 0 0 0 0
"3" 3 0.0 499 1 0 0 0 0 0 0 0 0 0 0 0 0 0 0 0 0 0 0
"4" 4 0.0 416 84 0 0 0 0 0 0 0 0 0 0 0 0 0 0 0 0 0 0
"5" 5 0.0 459 37 4 0 0 0 0 0 0 0 0 0 0 0 0 0 0 0 0 0
"6" 6 0.041825095057 307 148 20 15 8 2 0 0 0 0 0 0 0 0 0 0 0 0 0 0
"7" 7 0.167300380228 277 212 10 1 0 0 0 0 0 0 0 0 0 0 0 0 0 0 0 0
"8" 8 0.158940397351 357 134 6 1 1 1 0 0 0 0 0 0 0 0 0 0 0 0 0 0
"9" 9 0.226277372263 388 71 39 1 1 0 0 0 0 0 0 0 0 0 0 0 0 0 0 0
"10" 10 0.77990430622 393 69 38 0 0 0 0 0 0 0 0 0 0 0 0 0 0 0 0 0
"11" 11 0.365384615385 500 0 0 0 0 0 0 0 0 0 0 0 0 0 0 0 0 0 0 0
"12" 12 0.139534883721 374 60 44 15 4 2 1 0 0 0 0 0 0 0 0 0 0 0 0 0
"13" 13 0.00581395348837 200 175 113 7 2 2 1 0 0 0 0 0 0 0 0 0 0 0 0 0
"14" 14 0.193798449612 373 73 24 16 5 3 2 2 1 1 0 0 0 0 0 0 0 0 0 0
"15" 15 0.348214285714 420 70 4 3 2 1 0 0 0 0 0 0 0 0 0 0 0 0 0 0
"16" 16 0.0045871559633 172 169 157 1 1 0 0 0 0 0 0 0 0 0 0 0 0 0 0 0
"17" 17 0.0 214 148 118 20 0 0 0 0 0 0 0 0 0 0 0 0 0 0 0 0
"18" 18 0.423357664234 144 139 91 72 33 17 2 1 1 0 0 0 0 0 0 0 0 0 0 0
"19" 19 0.0313901345291 473 14 13 0 0 0 0 0 0 0 0 0 0 0 0 0 0 0 0 0
"20" 20 0.00507614213198 357 93 44 3 2 1 0 0 0 0 0 0 0 0 0 0 0 0 0 0
"21" 21 0.046511627907 412 84 4 0 0 0 0 0 0 0 0 0 0 0 0 0 0 0 0 0
"22" 22 0.408759124088 279 161 49 8 1 1 1 0 0 0 0 0 0 0 0 0 0 0 0 0
"23" 23 0.0 500 0 0 0 0 0 0 0 0 0 0 0 0 0 0 0 0 0 0 0
"24" 24 0.0 500 0 0 0 0 0 0 0 0 0 0 0 0 0 0 0 0 0 0 0
"25" 25 0.508928571429 466 31 3 0 0 0 0 0 0 0 0 0 0 0 0 0 0 0 0 0
"26" 26 0.448430493274 233 162 59 39 6 1 0 0 0 0 0 0 0 0 0 0 0 0 0 0
"27" 27 0.105769230769 500 0 0 0 0 0 0 0 0 0 0 0 0 0 0 0 0 0 0 0
"28" 28 0.644230769231 500 0 0 0 0 0 0 0 0 0 0 0 0 0 0 0 0 0 0 0
"29" 29 0.175732217573 496 3 1 0 0 0 0 0 0 0 0 0 0 0 0 0 0 0 0 0
"30" 30 0.232142857143 500 0 0 0 0 0 0 0 0 0 0 0 0 0 0 0 0 0 0 0
"31" 31 0.186046511628 496 4 0 0 0 0 0 0 0 0 0 0 0 0 0 0 0 0 0 0
"32" 32 0.295620437956 477 19 3 1 0 0 0 0 0 0 0 0 0 0 0 0 0 0 0 0
"33" 33 0.0459770114943 324 82 39 22 19 9 2 1 1 1 0 0 0 0 0 0 0 0 0 0
"34" 34 0.189781021898 499 1 0 0 0 0 0 0 0 0 0 0 0 0 0 0 0 0 0 0
"35" 35 0.093023255814 500 0 0 0 0 0 0 0 0 0 0 0 0 0 0 0 0 0 0 0
"36" 36 0.0229885057471 500 0 0 0 0 0 0 0 0 0 0 0 0 0 0 0 0 0 0 0
"37" 37 0.383647798742 425 72 2 1 0 0 0 0 0 0 0 0 0 0 0 0 0 0 0 0
"38" 38 0.596899224806 496 2 1 1 0 0 0 0 0 0 0 0 0 0 0 0 0 0 0 0
"39" 39 0.350574712644 388 42 36 25 8 1 0 0 0 0 0 0 0 0 0 0 0 0 0 0
"40" 40 0.649006622517 500 0 0 0 0 0 0 0 0 0 0 0 0 0 0 0 0 0 0 0
"41" 41 0.78488372093 480 20 0 0 0 0 0 0 0 0 0 0 0 0 0 0 0 0 0 0
"42" 42 0.9375 500 0 0 0 0 0 0 0 0 0 0 0 0 0 0 0 0 0 0 0
"43" 43 1.28846153846 500 0 0 0 0 0 0 0 0 0 0 0 0 0 0 0 0 0 0 0
"44" 44 0.124031007752 234 122 56 42 21 17 5 3 0 0 0 0 0 0 0 0 0 0 0 0
"45" 45 0.601990049751 499 1 0 0 0 0 0 0 0 0 0 0 0 0 0 0 0 0 0 0
"46" 46 0.513307984791 425 72 2 1 0 0 0 0 0 0 0 0 0 0 0 0 0 0 0 0
"47" 47 0.093023255814 363 137 0 0 0 0 0 0 0 0 0 0 0 0 0 0 0 0 0 0
"48" 48 0.377906976744 499 1 0 0 0 0 0 0 0 0 0 0 0 0 0 0 0 0 0 0
"49" 49 0.422885572139 497 3 0 0 0 0 0 0 0 0 0 0 0 0 0 0 0 0 0 0
"50" 50 0.504464285714 306 154 33 7 0 0 0 0 0 0 0 0 0 0 0 0 0 0 0 0
"51" 51 0.0673575129534 477 19 3 1 0 0 0 0 0 0 0 0 0 0 0 0 0 0 0 0
"52" 52 0.0 269 87 49 43 25 13 4 4 3 2 1 0 0 0 0 0 0 0 0 0
"53" 53 0.417721518987 304 154 28 6 6 1 1 0 0 0 0 0 0 0 0 0 0 0 0 0
"54" 54 0.425641025641 253 152 76 9 6 3 1 0 0 0 0 0 0 0 0 0 0 0 0 0
"55" 55 0.00632911392405 500 0 0 0 0 0 0 0 0 0 0 0 0 0 0 0 0 0 0 0
"56" 56 0.240310077519 496 4 0 0 0 0 0 0 0 0 0 0 0 0 0 0 0 0 0 0
"57" 57 0.0 500 0 0 0 0 0 0 0 0 0 0 0 0 0 0 0 0 0 0 0
"58" 58 0.00995024875622 338 67 49 23 10 8 4 1 0 0 0 0 0 0 0 0 0 0 0 0
"59" 59 0.0077519379845 282 77 52 51 20 8 4 3 2 1 0 0 0 0 0 0 0 0 0 0
"60" 60 0.0 495 3 2 0 0 0 0 0 0 0 0 0 0 0 0 0 0 0 0 0
"61" 61 0.0 357 97 21 20 4 1 0 0 0 0 0 0 0 0 0 0 0 0 0 0
"62" 62 0.0 500 0 0 0 0 0 0 0 0 0 0 0 0 0 0 0 0 0 0 0
"63" 63 0.11320754717 427 64 3 3 1 1 1 0 0 0 0 0 0 0 0 0 0 0 0 0
"64" 64 0.0813953488372 385 115 0 0 0 0 0 0 0 0 0 0 0 0 0 0 0 0 0 0
"65" 65 0.470802919708 427 57 13 1 1 1 0 0 0 0 0 0 0 0 0 0 0 0 0 0
"66" 66 0.778242677824 500 0 0 0 0 0 0 0 0 0 0 0 0 0 0 0 0 0 0 0
"67" 67 0.240384615385 500 0 0 0 0 0 0 0 0 0 0 0 0 0 0 0 0 0 0 0
"68" 68 0.487179487179 474 15 11 0 0 0 0 0 0 0 0 0 0 0 0 0 0 0 0 0
"69" 69 0.0825688073394 475 21 4 0 0 0 0 0 0 0 0 0 0 0 0 0 0 0 0 0
"70" 70 0.031007751938 276 122 59 29 11 3 0 0 0 0 0 0 0 0 0 0 0 0 0 0
"71" 71 0.556291390728 288 164 26 19 2 1 0 0 0 0 0 0 0 0 0 0 0 0 0 0
"72" 72 0.0691823899371 439 61 0 0 0 0 0 0 0 0 0 0 0 0 0 0 0 0 0 0
"73" 73 0.0 498 2 0 0 0 0 0 0 0 0 0 0 0 0 0 0 0 0 0 0
"74" 74 0.37552742616 292 162 21 12 9 4 0 0 0 0 0 0 0 0 0 0 0 0 0 0
"75" 75 0.631178707224 331 88 30 21 19 6 3 2 0 0 0 0 0 0 0 0 0 0 0 0
"76" 76 0.108786610879 361 107 31 1 0 0 0 0 0 0 0 0 0 0 0 0 0 0 0 0
"77" 77 0.0845771144279 445 25 20 10 0 0 0 0 0 0 0 0 0 0 0 0 0 0 0 0
"78" 78 0.523316062176 304 188 6 2 0 0 0 0 0 0 0 0 0 0 0 0 0 0 0 0
"79" 79 0.413461538462 473 26 1 0 0 0 0 0 0 0 0 0 0 0 0 0 0 0 0 0
"80" 80 0.0406976744186 216 146 96 31 10 1 0 0 0 0 0 0 0 0 0 0 0 0 0 0
"81" 81 0.529801324503 413 70 11 5 1 0 0 0 0 0 0 0 0 0 0 0 0 0 0 0
"82" 82 0.46357615894 497 3 0 0 0 0 0 0 0 0 0 0 0 0 0 0 0 0 0 0
"83" 83 0.0199004975124 454 44 1 1 0 0 0 0 0 0 0 0 0 0 0 0 0 0 0 0
"84" 84 0.159574468085 443 53 2 2 0 0 0 0 0 0 0 0 0 0 0 0 0 0 0 0
"85" 85 0.746268656716 367 45 35 30 19 4 0 0 0 0 0 0 0 0 0 0 0 0 0 0
"86" 86 0.56976744186 499 1 0 0 0 0 0 0 0 0 0 0 0 0 0 0 0 0 0 0
"87" 87 0.365384615385 500 0 0 0 0 0 0 0 0 0 0 0 0 0 0 0 0 0 0 0
"88" 88 0.145695364238 428 55 8 7 1 1 0 0 0 0 0 0 0 0 0 0 0 0 0 0
"89" 89 0.0149253731343 357 142 1 0 0 0 0 0 0 0 0 0 0 0 0 0 0 0 0 0
"90" 90 0.505747126437 500 0 0 0 0 0 0 0 0 0 0 0 0 0 0 0 0 0 0 0
"91" 91 0.375 500 0 0 0 0 0 0 0 0 0 0 0 0 0 0 0 0 0 0 0
"92" 92 0.194092827004 500 0 0 0 0 0 0 0 0 0 0 0 0 0 0 0 0 0 0 0
"93" 93 0.0188679245283 496 4 0 0 0 0 0 0 0 0 0 0 0 0 0 0 0 0 0 0
"94" 94 0.0 453 28 19 0 0 0 0 0 0 0 0 0 0 0 0 0 0 0 0 0
"95" 95 0.0 307 148 45 0 0 0 0 0 0 0 0 0 0 0 0 0 0 0 0 0
"96" 96 0.0 410 90 0 0 0 0 0 0 0 0 0 0 0 0 0 0 0 0 0 0
"97" 97 0.0 225 121 110 41 2 1 0 0 0 0 0 0 0 0 0 0 0 0 0 0
"98" 98 0.0 313 166 16 5 0 0 0 0 0 0 0 0 0 0 0 0 0 0 0 0
"99" 99 0.0529801324503 245 127 117 9 2 0 0 0 0 0 0 0 0 0 0 0 0 0 0 0
"100" 100 0.0523255813953 388 51 34 27 0 0 0 0 0 0 0 0 0 0 0 0 0 0 0 0
"101" 101 0.410852713178 431 54 15 0 0 0 0 0 0 0 0 0 0 0 0 0 0 0 0 0
"102" 102 0.317880794702 500 0 0 0 0 0 0 0 0 0 0 0 0 0 0 0 0 0 0 0
"103" 103 0.467661691542 461 36 3 0 0 0 0 0 0 0 0 0 0 0 0 0 0 0 0 0
"104" 104 0.502392344498 500 0 0 0 0 0 0 0 0 0 0 0 0 0 0 0 0 0 0 0
"105" 105 0.384615384615 500 0 0 0 0 0 0 0 0 0 0 0 0 0 0 0 0 0 0 0
"106" 106 0.269230769231 500 0 0 0 0 0 0 0 0 0 0 0 0 0 0 0 0 0 0 0
"107" 107 0.121076233184 404 42 25 24 4 1 0 0 0 0 0 0 0 0 0 0 0 0 0 0
"108" 108 0.473214285714 499 1 0 0 0 0 0 0 0 0 0 0 0 0 0 0 0 0 0 0
"109" 109 0.46511627907 284 178 38 0 0 0 0 0 0 0 0 0 0 0 0 0 0 0 0 0
"110" 110 0.0 385 115 0 0 0 0 0 0 0 0 0 0 0 0 0 0 0 0 0 0
"111" 111 0.0 497 2 1 0 0 0 0 0 0 0 0 0 0 0 0 0 0 0 0 0
"112" 112 0.407960199005 291 209 0 0 0 0 0 0 0 0 0 0 0 0 0 0 0 0 0 0
"113" 113 0.165562913907 480 11 6 3 0 0 0 0 0 0 0 0 0 0 0 0 0 0 0 0
"114" 114 0.0 500 0 0 0 0 0 0 0 0 0 0 0 0 0 0 0 0 0 0 0
"115" 115 0.0845771144279 307 103 90 0 0 0 0 0 0 0 0 0 0 0 0 0 0 0 0 0
"116" 116 0.482587064677 321 166 12 1 0 0 0 0 0 0 0 0 0 0 0 0 0 0 0 0
"117" 117 0.201257861635 243 75 57 36 35 28 12 8 4 1 1 0 0 0 0 0 0 0 0 0
"118" 118 0.0298507462687 467 16 9 8 0 0 0 0 0 0 0 0 0 0 0 0 0 0 0 0
"119" 119 0.507462686567 450 27 20 3 0 0 0 0 0 0 0 0 0 0 0 0 0 0 0 0
"120" 120 0.784688995215 253 137 91 10 6 3 0 0 0 0 0 0 0 0 0 0 0 0 0 0
"121" 121 0.114832535885 309 122 52 11 4 1 1 0 0 0 0 0 0 0 0 0 0 0 0 0
"122" 122 0.269230769231 500 0 0 0 0 0 0 0 0 0 0 0 0 0 0 0 0 0 0 0
"123" 123 0.0229357798165 476 14 8 1 1 0 0 0 0 0 0 0 0 0 0 0 0 0 0 0
"124" 124 0.398009950249 210 190 73 25 1 1 0 0 0 0 0 0 0 0 0 0 0 0 0 0
"125" 125 0.310344827586 473 27 0 0 0 0 0 0 0 0 0 0 0 0 0 0 0 0 0 0
"126" 126 0.10447761194 208 192 73 27 0 0 0 0 0 0 0 0 0 0 0 0 0 0 0 0
"127" 127 0.125 500 0 0 0 0 0 0 0 0 0 0 0 0 0 0 0 0 0 0 0
"128" 128 0.162436548223 489 5 4 1 1 0 0 0 0 0 0 0 0 0 0 0 0 0 0 0
"129" 129 0.899371069182 491 9 0 0 0 0 0 0 0 0 0 0 0 0 0 0 0 0 0 0
"130" 130 0.290697674419 500 0 0 0 0 0 0 0 0 0 0 0 0 0 0 0 0 0 0 0
"131" 131 0.459119496855 489 8 3 0 0 0 0 0 0 0 0 0 0 0 0 0 0 0 0 0
"132" 132 0.3536121673 307 190 3 0 0 0 0 0 0 0 0 0 0 0 0 0 0 0 0 0
"133" 133 0.0 500 0 0 0 0 0 0 0 0 0 0 0 0 0 0 0 0 0 0 0
"134" 134 0.0077519379845 288 194 13 5 0 0 0 0 0 0 0 0 0 0 0 0 0 0 0 0
"135" 135 0.132450331126 413 67 13 7 0 0 0 0 0 0 0 0 0 0 0 0 0 0 0 0
"136" 136 0.00478468899522 338 63 40 38 15 5 1 0 0 0 0 0 0 0 0 0 0 0 0 0
"137" 137 0.322175732218 349 110 36 5 0 0 0 0 0 0 0 0 0 0 0 0 0 0 0 0
"138" 138 0.015503875969 371 110 14 3 2 0 0 0 0 0 0 0 0 0 0 0 0 0 0 0
"139" 139 0.125 500 0 0 0 0 0 0 0 0 0 0 0 0 0 0 0 0 0 0 0
"140" 140 0.782945736434 412 54 29 5 0 0 0 0 0 0 0 0 0 0 0 0 0 0 0 0
"141" 141 0.450777202073 166 163 132 39 0 0 0 0 0 0 0 0 0 0 0 0 0 0 0 0
"142" 142 0.182692307692 500 0 0 0 0 0 0 0 0 0 0 0 0 0 0 0 0 0 0 0
"143" 143 0.299578059072 425 36 35 4 0 0 0 0 0 0 0 0 0 0 0 0 0 0 0 0
"144" 144 0.343065693431 346 113 39 2 0 0 0 0 0 0 0 0 0 0 0 0 0 0 0 0
"145" 145 0.549668874172 301 198 1 0 0 0 0 0 0 0 0 0 0 0 0 0 0 0 0 0
"146" 146 0.109452736318 413 79 3 3 1 1 0 0 0 0 0 0 0 0 0 0 0 0 0 0
"147" 147 0.284974093264 264 179 55 2 0 0 0 0 0 0 0 0 0 0 0 0 0 0 0 0
"148" 148 0.361607142857 415 63 22 0 0 0 0 0 0 0 0 0 0 0 0 0 0 0 0 0
"149" 149 0.612440191388 333 166 1 0 0 0 0 0 0 0 0 0 0 0 0 0 0 0 0 0
"150" 150 0.09375 184 179 48 36 31 20 1 1 0 0 0 0 0 0 0 0 0 0 0 0
"151" 151 0.203980099502 415 85 0 0 0 0 0 0 0 0 0 0 0 0 0 0 0 0 0 0
"152" 152 0.494186046512 330 167 3 0 0 0 0 0 0 0 0 0 0 0 0 0 0 0 0 0
"153" 153 0.189054726368 349 114 37 0 0 0 0 0 0 0 0 0 0 0 0 0 0 0 0 0
"154" 154 0.00632911392405 495 5 0 0 0 0 0 0 0 0 0 0 0 0 0 0 0 0 0 0
"155" 155 0.255474452555 313 155 14 7 7 4 0 0 0 0 0 0 0 0 0 0 0 0 0 0
"156" 156 0.341085271318 368 121 5 3 2 1 0 0 0 0 0 0 0 0 0 0 0 0 0 0
"157" 157 0.0199004975124 249 179 51 20 1 0 0 0 0 0 0 0 0 0 0 0 0 0 0 0
"158" 158 0.00961538461538 500 0 0 0 0 0 0 0 0 0 0 0 0 0 0 0 0 0 0 0
"159" 159 0.291139240506 353 143 3 1 0 0 0 0 0 0 0 0 0 0 0 0 0 0 0 0
"160" 160 0.343065693431 434 58 6 2 0 0 0 0 0 0 0 0 0 0 0 0 0 0 0 0
"161" 161 0.0 395 102 3 0 0 0 0 0 0 0 0 0 0 0 0 0 0 0 0 0
"162" 162 0.0 500 0 0 0 0 0 0 0 0 0 0 0 0 0 0 0 0 0 0 0
"163" 163 0.348214285714 330 98 54 14 4 0 0 0 0 0 0 0 0 0 0 0 0 0 0 0
"164" 164 0.18023255814 210 188 61 26 12 2 1 0 0 0 0 0 0 0 0 0 0 0 0 0
"165" 165 0.0852713178295 500 0 0 0 0 0 0 0 0 0 0 0 0 0 0 0 0 0 0 0
"166" 166 0.403846153846 410 89 1 0 0 0 0 0 0 0 0 0 0 0 0 0 0 0 0 0
"167" 167 0.776371308017 356 144 0 0 0 0 0 0 0 0 0 0 0 0 0 0 0 0 0 0
"168" 168 0.577114427861 493 4 2 1 0 0 0 0 0 0 0 0 0 0 0 0 0 0 0 0
