"site" "RSA" "aa1" "aa2" "aa3" "aa4" "aa5" "aa6" "aa7" "aa8" "aa9" "aa10" "aa11" "aa12" "aa13" "aa14" "aa15" "aa16" "aa17" "aa18" "aa19" "aa20"
"0" 0 1.05128205128 9 3 0 0 0 0 0 0 0 0 0 0 0 0 0 0 0 0 0 0
"1" 1 0.651162790698 57 4 1 0 0 0 0 0 0 0 0 0 0 0 0 0 0 0 0 0
"2" 2 0.483443708609 60 3 0 0 0 0 0 0 0 0 0 0 0 0 0 0 0 0 0 0
"3" 3 0.53164556962 15 10 9 8 7 4 3 2 2 1 1 1 0 0 0 0 0 0 0 0
"4" 4 0.209302325581 58 3 1 1 0 0 0 0 0 0 0 0 0 0 0 0 0 0 0 0
"5" 5 0.403041825095 43 16 2 2 0 0 0 0 0 0 0 0 0 0 0 0 0 0 0 0
"6" 6 0.616352201258 62 1 0 0 0 0 0 0 0 0 0 0 0 0 0 0 0 0 0 0
"7" 7 0.37984496124 35 11 7 5 3 1 1 0 0 0 0 0 0 0 0 0 0 0 0 0
"8" 8 0.0077519379845 46 17 0 0 0 0 0 0 0 0 0 0 0 0 0 0 0 0 0 0
"9" 9 0.5 46 18 0 0 0 0 0 0 0 0 0 0 0 0 0 0 0 0 0 0
"10" 10 0.472868217054 51 8 3 3 1 0 0 0 0 0 0 0 0 0 0 0 0 0 0 0
"11" 11 0.0995024875622 52 11 3 0 0 0 0 0 0 0 0 0 0 0 0 0 0 0 0 0
"12" 12 0.670886075949 55 11 0 0 0 0 0 0 0 0 0 0 0 0 0 0 0 0 0 0
"13" 13 0.637130801688 65 1 0 0 0 0 0 0 0 0 0 0 0 0 0 0 0 0 0 0
"14" 14 0.365384615385 52 13 1 0 0 0 0 0 0 0 0 0 0 0 0 0 0 0 0 0
"15" 15 0.230769230769 60 3 2 1 0 0 0 0 0 0 0 0 0 0 0 0 0 0 0 0
"16" 16 0.266159695817 26 25 14 1 0 0 0 0 0 0 0 0 0 0 0 0 0 0 0 0
"17" 17 0.0 55 6 2 1 1 1 0 0 0 0 0 0 0 0 0 0 0 0 0 0
"18" 18 0.183544303797 36 23 4 3 0 0 0 0 0 0 0 0 0 0 0 0 0 0 0 0
"19" 19 0.010152284264 44 21 1 0 0 0 0 0 0 0 0 0 0 0 0 0 0 0 0 0
"20" 20 0.676923076923 60 3 2 1 0 0 0 0 0 0 0 0 0 0 0 0 0 0 0 0
"21" 21 0.701923076923 49 7 5 3 1 1 0 0 0 0 0 0 0 0 0 0 0 0 0 0
"22" 22 0.277372262774 56 5 2 2 1 0 0 0 0 0 0 0 0 0 0 0 0 0 0 0
"23" 23 0.0817610062893 65 1 0 0 0 0 0 0 0 0 0 0 0 0 0 0 0 0 0 0
"24" 24 0.0 65 1 0 0 0 0 0 0 0 0 0 0 0 0 0 0 0 0 0 0
"25" 25 0.379746835443 64 2 0 0 0 0 0 0 0 0 0 0 0 0 0 0 0 0 0 0
"26" 26 0.0114942528736 47 18 1 0 0 0 0 0 0 0 0 0 0 0 0 0 0 0 0 0
"27" 27 0.304568527919 58 6 1 1 0 0 0 0 0 0 0 0 0 0 0 0 0 0 0 0
"28" 28 0.383419689119 36 30 0 0 0 0 0 0 0 0 0 0 0 0 0 0 0 0 0 0
"29" 29 0.318407960199 50 9 4 3 0 0 0 0 0 0 0 0 0 0 0 0 0 0 0 0
"30" 30 0.476821192053 62 4 0 0 0 0 0 0 0 0 0 0 0 0 0 0 0 0 0 0
"31" 31 0.459770114943 63 3 0 0 0 0 0 0 0 0 0 0 0 0 0 0 0 0 0 0
"32" 32 0.350993377483 66 0 0 0 0 0 0 0 0 0 0 0 0 0 0 0 0 0 0 0
"33" 33 0.818565400844 66 0 0 0 0 0 0 0 0 0 0 0 0 0 0 0 0 0 0 0
"34" 34 0.558139534884 64 2 0 0 0 0 0 0 0 0 0 0 0 0 0 0 0 0 0 0
"35" 35 0.5 66 0 0 0 0 0 0 0 0 0 0 0 0 0 0 0 0 0 0 0
"36" 36 0.864978902954 66 0 0 0 0 0 0 0 0 0 0 0 0 0 0 0 0 0 0 0
"37" 37 0.789473684211 66 0 0 0 0 0 0 0 0 0 0 0 0 0 0 0 0 0 0 0
"38" 38 0.548076923077 66 0 0 0 0 0 0 0 0 0 0 0 0 0 0 0 0 0 0 0
"39" 39 0.473684210526 66 0 0 0 0 0 0 0 0 0 0 0 0 0 0 0 0 0 0 0
"40" 40 0.116279069767 66 0 0 0 0 0 0 0 0 0 0 0 0 0 0 0 0 0 0 0
"41" 41 0.413502109705 66 0 0 0 0 0 0 0 0 0 0 0 0 0 0 0 0 0 0 0
"42" 42 0.0229885057471 51 8 7 0 0 0 0 0 0 0 0 0 0 0 0 0 0 0 0 0
"43" 43 0.278145695364 54 6 4 2 0 0 0 0 0 0 0 0 0 0 0 0 0 0 0 0
"44" 44 0.010152284264 37 15 8 6 0 0 0 0 0 0 0 0 0 0 0 0 0 0 0 0
"45" 45 0.0977011494253 58 5 2 1 0 0 0 0 0 0 0 0 0 0 0 0 0 0 0 0
"46" 46 0.0 39 27 0 0 0 0 0 0 0 0 0 0 0 0 0 0 0 0 0 0
"47" 47 0.255813953488 39 17 6 2 1 1 0 0 0 0 0 0 0 0 0 0 0 0 0 0
"48" 48 0.020725388601 66 0 0 0 0 0 0 0 0 0 0 0 0 0 0 0 0 0 0 0
"49" 49 0.137055837563 65 1 0 0 0 0 0 0 0 0 0 0 0 0 0 0 0 0 0 0
"50" 50 0.0460251046025 66 0 0 0 0 0 0 0 0 0 0 0 0 0 0 0 0 0 0 0
"51" 51 0.406976744186 58 4 3 1 0 0 0 0 0 0 0 0 0 0 0 0 0 0 0 0
"52" 52 0.509615384615 40 11 7 6 2 0 0 0 0 0 0 0 0 0 0 0 0 0 0 0
"53" 53 0.507692307692 61 3 2 0 0 0 0 0 0 0 0 0 0 0 0 0 0 0 0 0
"54" 54 0.569343065693 60 5 1 0 0 0 0 0 0 0 0 0 0 0 0 0 0 0 0 0
"55" 55 0.174129353234 31 28 4 1 1 1 0 0 0 0 0 0 0 0 0 0 0 0 0 0
"56" 56 0.535714285714 65 1 0 0 0 0 0 0 0 0 0 0 0 0 0 0 0 0 0 0
"57" 57 0.248704663212 60 6 0 0 0 0 0 0 0 0 0 0 0 0 0 0 0 0 0 0
"58" 58 0.439461883408 30 22 4 4 3 3 0 0 0 0 0 0 0 0 0 0 0 0 0 0
"59" 59 0.0542635658915 39 16 6 4 1 0 0 0 0 0 0 0 0 0 0 0 0 0 0 0
"60" 60 0.433962264151 66 0 0 0 0 0 0 0 0 0 0 0 0 0 0 0 0 0 0 0
"61" 61 0.198675496689 57 9 0 0 0 0 0 0 0 0 0 0 0 0 0 0 0 0 0 0
"62" 62 0.511627906977 51 15 0 0 0 0 0 0 0 0 0 0 0 0 0 0 0 0 0 0
"63" 63 0.44976076555 66 0 0 0 0 0 0 0 0 0 0 0 0 0 0 0 0 0 0 0
"64" 64 0.487179487179 66 0 0 0 0 0 0 0 0 0 0 0 0 0 0 0 0 0 0 0
"65" 65 0.051724137931 50 5 5 4 2 0 0 0 0 0 0 0 0 0 0 0 0 0 0 0
"66" 66 0.339285714286 47 12 5 1 1 0 0 0 0 0 0 0 0 0 0 0 0 0 0 0
"67" 67 0.0977011494253 65 1 0 0 0 0 0 0 0 0 0 0 0 0 0 0 0 0 0 0
"68" 68 0.0566037735849 66 0 0 0 0 0 0 0 0 0 0 0 0 0 0 0 0 0 0 0
"69" 69 0.481171548117 28 12 12 11 1 1 1 0 0 0 0 0 0 0 0 0 0 0 0 0
"70" 70 0.201149425287 59 6 1 0 0 0 0 0 0 0 0 0 0 0 0 0 0 0 0 0
"71" 71 0.586497890295 38 8 7 5 5 1 1 1 0 0 0 0 0 0 0 0 0 0 0 0
"72" 72 0.482558139535 60 3 2 1 0 0 0 0 0 0 0 0 0 0 0 0 0 0 0 0
"73" 73 0.426778242678 15 11 8 6 5 4 3 3 3 2 2 2 1 1 0 0 0 0 0 0
"74" 74 0.337209302326 37 25 4 0 0 0 0 0 0 0 0 0 0 0 0 0 0 0 0 0
"75" 75 0.0798479087452 44 17 4 1 0 0 0 0 0 0 0 0 0 0 0 0 0 0 0 0
"76" 76 0.218543046358 49 6 5 2 1 1 1 1 0 0 0 0 0 0 0 0 0 0 0 0
"77" 77 0.0574712643678 56 8 2 0 0 0 0 0 0 0 0 0 0 0 0 0 0 0 0 0
"78" 78 0.502487562189 24 23 8 5 4 1 1 0 0 0 0 0 0 0 0 0 0 0 0 0
"79" 79 0.336787564767 46 7 5 4 2 1 1 0 0 0 0 0 0 0 0 0 0 0 0 0
"80" 80 0.111675126904 55 9 1 1 0 0 0 0 0 0 0 0 0 0 0 0 0 0 0 0
"81" 81 0.488789237668 17 14 6 5 4 1 1 0 0 0 0 0 0 0 0 0 0 0 0 0
"82" 82 0.572327044025 39 10 3 2 2 1 1 1 0 0 0 0 0 0 0 0 0 0 0 0
"83" 83 0.174358974359 58 5 2 0 0 0 0 0 0 0 0 0 0 0 0 0 0 0 0 0
"84" 84 0.816964285714 2 1 0 0 0 0 0 0 0 0 0 0 0 0 0 0 0 0 0 0
"85" 85 0.367875647668 3 0 0 0 0 0 0 0 0 0 0 0 0 0 0 0 0 0 0 0
"86" 86 0.754716981132 3 0 0 0 0 0 0 0 0 0 0 0 0 0 0 0 0 0 0 0
"87" 87 0.735099337748 3 0 0 0 0 0 0 0 0 0 0 0 0 0 0 0 0 0 0 0
"88" 88 0.437810945274 2 1 0 0 0 0 0 0 0 0 0 0 0 0 0 0 0 0 0 0
"89" 89 0.465408805031 3 0 0 0 0 0 0 0 0 0 0 0 0 0 0 0 0 0 0 0
"90" 90 0.350993377483 50 7 6 1 1 0 0 0 0 0 0 0 0 0 0 0 0 0 0 0
"91" 91 0.354066985646 39 20 4 1 1 0 0 0 0 0 0 0 0 0 0 0 0 0 0 0
"92" 92 0.0597014925373 40 15 5 3 1 1 0 0 0 0 0 0 0 0 0 0 0 0 0 0
"93" 93 0.12582781457 43 9 5 2 2 1 1 1 1 0 0 0 0 0 0 0 0 0 0 0
"94" 94 0.0149253731343 62 1 1 0 0 0 0 0 0 0 0 0 0 0 0 0 0 0 0 0
"95" 95 0.305699481865 20 15 9 9 4 2 2 1 1 1 1 0 0 0 0 0 0 0 0 0
"96" 96 0.818652849741 35 15 4 4 2 2 1 1 1 0 0 0 0 0 0 0 0 0 0 0
"97" 97 0.727678571429 19 17 11 5 4 3 3 2 0 0 0 0 0 0 0 0 0 0 0 0
"98" 98 0.663461538462 63 3 0 0 0 0 0 0 0 0 0 0 0 0 0 0 0 0 0 0
"99" 99 0.584821428571 21 20 7 6 5 5 2 0 0 0 0 0 0 0 0 0 0 0 0 0
"100" 100 0.496688741722 36 10 5 4 4 2 2 1 1 1 0 0 0 0 0 0 0 0 0 0
"101" 101 0.153284671533 38 28 0 0 0 0 0 0 0 0 0 0 0 0 0 0 0 0 0 0
"102" 102 0.459821428571 40 21 1 1 1 1 1 0 0 0 0 0 0 0 0 0 0 0 0 0
"103" 103 0.544041450777 65 1 0 0 0 0 0 0 0 0 0 0 0 0 0 0 0 0 0 0
"104" 104 0.0746268656716 40 20 5 1 0 0 0 0 0 0 0 0 0 0 0 0 0 0 0 0
"105" 105 0.367875647668 39 14 3 3 2 1 1 1 1 1 0 0 0 0 0 0 0 0 0 0
"106" 106 0.169811320755 31 17 6 6 3 2 1 0 0 0 0 0 0 0 0 0 0 0 0 0
"107" 107 0.641509433962 60 3 1 1 1 0 0 0 0 0 0 0 0 0 0 0 0 0 0 0
"108" 108 0.455958549223 30 29 3 2 1 1 0 0 0 0 0 0 0 0 0 0 0 0 0 0
"109" 109 0.581395348837 40 9 5 4 2 2 1 1 1 1 0 0 0 0 0 0 0 0 0 0
"110" 110 0.527131782946 31 17 6 4 3 2 2 1 0 0 0 0 0 0 0 0 0 0 0 0
"111" 111 0.124378109453 37 15 11 1 1 1 0 0 0 0 0 0 0 0 0 0 0 0 0 0
"112" 112 0.325581395349 45 13 3 2 2 1 0 0 0 0 0 0 0 0 0 0 0 0 0 0
"113" 113 0.406976744186 17 11 9 8 7 6 2 2 2 1 1 0 0 0 0 0 0 0 0 0
"114" 114 0.42600896861 22 15 12 5 5 3 2 1 1 0 0 0 0 0 0 0 0 0 0 0
"115" 115 0.0304568527919 49 12 3 2 0 0 0 0 0 0 0 0 0 0 0 0 0 0 0 0
"116" 116 0.451476793249 19 16 11 7 4 2 2 1 1 1 1 0 0 0 0 0 0 0 0 0
"117" 117 0.495535714286 13 8 8 8 8 7 6 5 2 0 0 0 0 0 0 0 0 0 0 0
"118" 118 0.188340807175 11 10 8 7 7 7 6 5 2 1 1 0 0 0 0 0 0 0 0 0
"119" 119 0.234309623431 44 10 2 2 1 1 1 1 1 1 1 0 0 0 0 0 0 0 0 0
"120" 120 0.523316062176 26 21 9 3 2 1 1 1 1 0 0 0 0 0 0 0 0 0 0 0
"121" 121 0.476821192053 23 16 9 6 4 2 1 1 0 0 0 0 0 0 0 0 0 0 0 0
"122" 122 0.644230769231 44 9 6 3 3 0 0 0 0 0 0 0 0 0 0 0 0 0 0 0
"123" 123 0.485232067511 45 12 2 1 1 1 1 1 0 0 0 0 0 0 0 0 0 0 0 0
"124" 124 0.455357142857 31 20 7 2 2 1 1 0 0 0 0 0 0 0 0 0 0 0 0 0
"125" 125 0.00574712643678 21 16 9 5 5 2 2 1 1 1 1 0 0 0 0 0 0 0 0 0
"126" 126 0.169154228856 30 10 10 5 5 2 1 1 1 0 0 0 0 0 0 0 0 0 0 0
"127" 127 0.0 46 10 6 3 0 0 0 0 0 0 0 0 0 0 0 0 0 0 0 0
"128" 128 0.0747126436782 34 10 8 6 2 2 1 1 1 0 0 0 0 0 0 0 0 0 0 0
"129" 129 0.0 55 10 0 0 0 0 0 0 0 0 0 0 0 0 0 0 0 0 0 0
"130" 130 0.0689655172414 34 11 8 7 4 1 0 0 0 0 0 0 0 0 0 0 0 0 0 0
"131" 131 0.225165562914 35 11 5 4 1 1 1 0 0 0 0 0 0 0 0 0 0 0 0 0
"132" 132 0.147286821705 56 5 2 1 1 0 0 0 0 0 0 0 0 0 0 0 0 0 0 0
"133" 133 0.730769230769 59 2 1 1 1 1 0 0 0 0 0 0 0 0 0 0 0 0 0 0
"134" 134 0.343023255814 50 5 5 2 2 1 0 0 0 0 0 0 0 0 0 0 0 0 0 0
"135" 135 0.339285714286 59 4 1 1 0 0 0 0 0 0 0 0 0 0 0 0 0 0 0 0
"136" 136 0.134529147982 14 11 9 8 6 5 3 2 2 1 1 0 0 0 0 0 0 0 0 0
"137" 137 0.0114942528736 21 17 14 1 1 0 0 0 0 0 0 0 0 0 0 0 0 0 0 0
"138" 138 0.28855721393 24 10 8 3 2 2 1 1 0 0 0 0 0 0 0 0 0 0 0 0
"139" 139 0.47533632287 21 10 8 4 3 2 1 1 0 0 0 0 0 0 0 0 0 0 0 0
"140" 140 0.197674418605 11 6 5 5 4 3 3 3 3 2 2 1 1 0 0 0 0 0 0 0
"141" 141 0.379746835443 44 3 1 1 0 0 0 0 0 0 0 0 0 0 0 0 0 0 0 0
"142" 142 0.282051282051 15 10 4 3 1 1 0 0 0 0 0 0 0 0 0 0 0 0 0 0
"143" 143 0.410852713178 19 2 2 1 1 1 1 0 0 0 0 0 0 0 0 0 0 0 0 0
"144" 144 1.23255813953 5 2 2 0 0 0 0 0 0 0 0 0 0 0 0 0 0 0 0 0
