"site" "RSA" "aa1" "aa2" "aa3" "aa4" "aa5" "aa6" "aa7" "aa8" "aa9" "aa10" "aa11" "aa12" "aa13" "aa14" "aa15" "aa16" "aa17" "aa18" "aa19" "aa20"
"0" 0 0.317880794702 499 1 0 0 0 0 0 0 0 0 0 0 0 0 0 0 0 0 0 0
"1" 1 0.00507614213198 354 145 1 0 0 0 0 0 0 0 0 0 0 0 0 0 0 0 0 0
"2" 2 0.0 360 73 67 0 0 0 0 0 0 0 0 0 0 0 0 0 0 0 0 0
"3" 3 0.10460251046 266 104 69 22 16 15 4 2 1 1 0 0 0 0 0 0 0 0 0 0
"4" 4 0.269035532995 318 111 34 22 6 4 2 1 1 1 0 0 0 0 0 0 0 0 0 0
"5" 5 0.709844559585 358 136 3 3 0 0 0 0 0 0 0 0 0 0 0 0 0 0 0 0
"6" 6 0.5 209 198 71 13 9 0 0 0 0 0 0 0 0 0 0 0 0 0 0 0
"7" 7 0.421524663677 425 39 21 12 3 0 0 0 0 0 0 0 0 0 0 0 0 0 0 0
"8" 8 0.0348258706468 252 161 72 10 4 1 0 0 0 0 0 0 0 0 0 0 0 0 0 0
"9" 9 0.403846153846 500 0 0 0 0 0 0 0 0 0 0 0 0 0 0 0 0 0 0 0
"10" 10 0.0174418604651 496 3 1 0 0 0 0 0 0 0 0 0 0 0 0 0 0 0 0 0
"11" 11 0.574358974359 371 129 0 0 0 0 0 0 0 0 0 0 0 0 0 0 0 0 0 0
"12" 12 0.459119496855 254 164 34 33 9 6 0 0 0 0 0 0 0 0 0 0 0 0 0 0
"13" 13 0.0232558139535 402 74 23 1 0 0 0 0 0 0 0 0 0 0 0 0 0 0 0 0
"14" 14 0.629464285714 300 164 36 0 0 0 0 0 0 0 0 0 0 0 0 0 0 0 0 0
"15" 15 0.28855721393 466 30 4 0 0 0 0 0 0 0 0 0 0 0 0 0 0 0 0 0
"16" 16 0.119496855346 216 93 84 37 31 17 12 7 2 1 0 0 0 0 0 0 0 0 0 0
"17" 17 0.704402515723 497 3 0 0 0 0 0 0 0 0 0 0 0 0 0 0 0 0 0 0
"18" 18 0.119402985075 407 41 29 15 5 1 1 1 0 0 0 0 0 0 0 0 0 0 0 0
"19" 19 0.522012578616 390 93 9 5 3 0 0 0 0 0 0 0 0 0 0 0 0 0 0 0
"20" 20 0.133079847909 267 177 51 3 1 1 0 0 0 0 0 0 0 0 0 0 0 0 0 0
"21" 21 0.355769230769 248 125 115 12 0 0 0 0 0 0 0 0 0 0 0 0 0 0 0 0
"22" 22 0.281368821293 385 37 32 28 9 3 2 2 1 1 0 0 0 0 0 0 0 0 0 0
"23" 23 0.559585492228 248 128 90 32 2 0 0 0 0 0 0 0 0 0 0 0 0 0 0 0
"24" 24 0.248062015504 259 212 24 5 0 0 0 0 0 0 0 0 0 0 0 0 0 0 0 0
"25" 25 0.0 305 117 26 25 16 9 1 1 0 0 0 0 0 0 0 0 0 0 0 0
"26" 26 0.352678571429 483 17 0 0 0 0 0 0 0 0 0 0 0 0 0 0 0 0 0 0
"27" 27 0.476793248945 360 123 9 8 0 0 0 0 0 0 0 0 0 0 0 0 0 0 0 0
"28" 28 0.0 500 0 0 0 0 0 0 0 0 0 0 0 0 0 0 0 0 0 0 0
"29" 29 0.0253807106599 332 107 58 1 1 1 0 0 0 0 0 0 0 0 0 0 0 0 0 0
"30" 30 0.0829015544041 309 185 4 1 1 0 0 0 0 0 0 0 0 0 0 0 0 0 0 0
"31" 31 0.0697674418605 362 123 7 5 2 1 0 0 0 0 0 0 0 0 0 0 0 0 0 0
"32" 32 0.495535714286 370 82 29 15 4 0 0 0 0 0 0 0 0 0 0 0 0 0 0 0
"33" 33 0.0116279069767 233 231 27 6 3 0 0 0 0 0 0 0 0 0 0 0 0 0 0 0
"34" 34 0.0045871559633 162 121 114 97 5 1 0 0 0 0 0 0 0 0 0 0 0 0 0 0
"35" 35 0.434599156118 382 67 25 14 9 2 1 0 0 0 0 0 0 0 0 0 0 0 0 0
"36" 36 0.407960199005 315 66 61 31 16 5 2 2 1 1 0 0 0 0 0 0 0 0 0 0
"37" 37 0.0191387559809 285 196 17 1 1 0 0 0 0 0 0 0 0 0 0 0 0 0 0 0
"38" 38 0.0334928229665 418 77 4 1 0 0 0 0 0 0 0 0 0 0 0 0 0 0 0 0
"39" 39 0.326424870466 372 103 9 6 4 3 1 1 1 0 0 0 0 0 0 0 0 0 0 0
"40" 40 0.599156118143 232 83 81 70 19 11 4 0 0 0 0 0 0 0 0 0 0 0 0 0
"41" 41 0.311004784689 162 149 111 34 22 18 2 1 1 0 0 0 0 0 0 0 0 0 0 0
"42" 42 0.0 261 77 54 40 31 17 17 2 1 0 0 0 0 0 0 0 0 0 0 0
"43" 43 0.124031007752 290 164 37 8 1 0 0 0 0 0 0 0 0 0 0 0 0 0 0 0
"44" 44 0.294573643411 291 194 11 2 1 1 0 0 0 0 0 0 0 0 0 0 0 0 0 0
"45" 45 0.102661596958 352 70 42 21 14 1 0 0 0 0 0 0 0 0 0 0 0 0 0 0
"46" 46 0.0229885057471 489 4 4 2 1 0 0 0 0 0 0 0 0 0 0 0 0 0 0 0
"47" 47 0.471794871795 136 110 95 81 53 25 0 0 0 0 0 0 0 0 0 0 0 0 0 0
"48" 48 0.369230769231 222 100 58 45 35 26 12 2 0 0 0 0 0 0 0 0 0 0 0 0
"49" 49 0.00497512437811 355 101 31 13 0 0 0 0 0 0 0 0 0 0 0 0 0 0 0 0
"50" 50 0.14358974359 500 0 0 0 0 0 0 0 0 0 0 0 0 0 0 0 0 0 0 0
"51" 51 0.441025641026 335 98 67 0 0 0 0 0 0 0 0 0 0 0 0 0 0 0 0 0
"52" 52 0.0232558139535 499 1 0 0 0 0 0 0 0 0 0 0 0 0 0 0 0 0 0 0
"53" 53 0.00995024875622 500 0 0 0 0 0 0 0 0 0 0 0 0 0 0 0 0 0 0 0
"54" 54 0.599156118143 439 61 0 0 0 0 0 0 0 0 0 0 0 0 0 0 0 0 0 0
"55" 55 0.603375527426 282 137 27 25 18 11 0 0 0 0 0 0 0 0 0 0 0 0 0 0
"56" 56 0.167464114833 418 70 6 4 2 0 0 0 0 0 0 0 0 0 0 0 0 0 0 0
"57" 57 0.471698113208 454 46 0 0 0 0 0 0 0 0 0 0 0 0 0 0 0 0 0 0
"58" 58 0.549107142857 472 27 1 0 0 0 0 0 0 0 0 0 0 0 0 0 0 0 0 0
"59" 59 0.114427860697 500 0 0 0 0 0 0 0 0 0 0 0 0 0 0 0 0 0 0 0
"60" 60 0.224215246637 264 185 28 21 2 0 0 0 0 0 0 0 0 0 0 0 0 0 0 0
"61" 61 0.815384615385 475 25 0 0 0 0 0 0 0 0 0 0 0 0 0 0 0 0 0 0
"62" 62 0.271523178808 383 54 26 21 10 3 3 0 0 0 0 0 0 0 0 0 0 0 0 0
"63" 63 0.0529801324503 497 3 0 0 0 0 0 0 0 0 0 0 0 0 0 0 0 0 0 0
"64" 64 0.00574712643678 287 202 7 3 1 0 0 0 0 0 0 0 0 0 0 0 0 0 0 0
"65" 65 0.0 500 0 0 0 0 0 0 0 0 0 0 0 0 0 0 0 0 0 0 0
"66" 66 0.325581395349 378 48 23 22 16 5 4 3 1 0 0 0 0 0 0 0 0 0 0 0
"67" 67 0.0298507462687 495 2 1 1 1 0 0 0 0 0 0 0 0 0 0 0 0 0 0 0
"68" 68 0.0149253731343 432 67 1 0 0 0 0 0 0 0 0 0 0 0 0 0 0 0 0 0
"69" 69 0.43795620438 296 128 76 0 0 0 0 0 0 0 0 0 0 0 0 0 0 0 0 0
"70" 70 0.419689119171 196 127 117 50 6 2 2 0 0 0 0 0 0 0 0 0 0 0 0 0
"71" 71 0.129353233831 484 16 0 0 0 0 0 0 0 0 0 0 0 0 0 0 0 0 0 0
"72" 72 0.682051282051 224 119 105 52 0 0 0 0 0 0 0 0 0 0 0 0 0 0 0 0
"73" 73 0.509933774834 334 112 18 12 12 11 1 0 0 0 0 0 0 0 0 0 0 0 0 0
"74" 74 0.0 494 5 1 0 0 0 0 0 0 0 0 0 0 0 0 0 0 0 0 0
"75" 75 0.220125786164 492 4 4 0 0 0 0 0 0 0 0 0 0 0 0 0 0 0 0 0
"76" 76 0.709821428571 448 51 1 0 0 0 0 0 0 0 0 0 0 0 0 0 0 0 0 0
"77" 77 0.549222797927 390 94 15 1 0 0 0 0 0 0 0 0 0 0 0 0 0 0 0 0
"78" 78 0.0152284263959 366 102 28 1 1 1 1 0 0 0 0 0 0 0 0 0 0 0 0 0
"79" 79 0.259124087591 448 52 0 0 0 0 0 0 0 0 0 0 0 0 0 0 0 0 0 0
"80" 80 0.517441860465 295 137 68 0 0 0 0 0 0 0 0 0 0 0 0 0 0 0 0 0
"81" 81 0.308139534884 387 65 30 10 4 2 1 1 0 0 0 0 0 0 0 0 0 0 0 0
"82" 82 0.0 351 141 5 3 0 0 0 0 0 0 0 0 0 0 0 0 0 0 0 0
"83" 83 0.332116788321 323 110 34 26 7 0 0 0 0 0 0 0 0 0 0 0 0 0 0 0
"84" 84 0.317948717949 229 193 27 21 17 11 1 1 0 0 0 0 0 0 0 0 0 0 0 0
"85" 85 0.0871794871795 282 166 34 13 2 2 1 0 0 0 0 0 0 0 0 0 0 0 0 0
"86" 86 0.00961538461538 500 0 0 0 0 0 0 0 0 0 0 0 0 0 0 0 0 0 0 0
"87" 87 0.00961538461538 500 0 0 0 0 0 0 0 0 0 0 0 0 0 0 0 0 0 0 0
"88" 88 0.0 458 24 9 4 4 1 0 0 0 0 0 0 0 0 0 0 0 0 0 0
"89" 89 0.00478468899522 239 224 14 11 4 4 3 1 0 0 0 0 0 0 0 0 0 0 0 0
"90" 90 0.0 495 3 2 0 0 0 0 0 0 0 0 0 0 0 0 0 0 0 0 0
"91" 91 0.0 159 93 82 76 30 27 14 13 2 2 1 1 0 0 0 0 0 0 0 0
"92" 92 0.0 227 117 43 39 22 18 13 12 4 2 2 1 0 0 0 0 0 0 0 0
"93" 93 0.0116279069767 346 86 34 27 5 1 1 0 0 0 0 0 0 0 0 0 0 0 0 0
"94" 94 0.00507614213198 467 30 2 1 0 0 0 0 0 0 0 0 0 0 0 0 0 0 0 0
"95" 95 0.00836820083682 258 170 30 21 17 3 1 0 0 0 0 0 0 0 0 0 0 0 0 0
"96" 96 0.0141843971631 247 134 40 36 24 8 4 3 1 1 1 1 0 0 0 0 0 0 0 0
"97" 97 0.152466367713 275 142 33 26 21 2 1 0 0 0 0 0 0 0 0 0 0 0 0 0
"98" 98 0.0 467 20 7 2 2 1 1 0 0 0 0 0 0 0 0 0 0 0 0 0
"99" 99 0.00917431192661 191 101 92 40 40 36 0 0 0 0 0 0 0 0 0 0 0 0 0 0
"100" 100 0.119205298013 380 120 0 0 0 0 0 0 0 0 0 0 0 0 0 0 0 0 0 0
"101" 101 0.308176100629 314 179 7 0 0 0 0 0 0 0 0 0 0 0 0 0 0 0 0 0
"102" 102 0.787564766839 268 227 5 0 0 0 0 0 0 0 0 0 0 0 0 0 0 0 0 0
"103" 103 0.153846153846 500 0 0 0 0 0 0 0 0 0 0 0 0 0 0 0 0 0 0 0
"104" 104 0.163461538462 500 0 0 0 0 0 0 0 0 0 0 0 0 0 0 0 0 0 0 0
"105" 105 0.548076923077 500 0 0 0 0 0 0 0 0 0 0 0 0 0 0 0 0 0 0 0
"106" 106 0.556053811659 287 157 34 11 4 3 3 1 0 0 0 0 0 0 0 0 0 0 0 0
"107" 107 0.11320754717 484 7 3 3 3 0 0 0 0 0 0 0 0 0 0 0 0 0 0 0
"108" 108 0.453488372093 467 33 0 0 0 0 0 0 0 0 0 0 0 0 0 0 0 0 0 0
"109" 109 0.423076923077 500 0 0 0 0 0 0 0 0 0 0 0 0 0 0 0 0 0 0 0
"110" 110 0.512953367876 397 87 14 1 1 0 0 0 0 0 0 0 0 0 0 0 0 0 0 0
"111" 111 0.0 472 17 7 1 1 1 1 0 0 0 0 0 0 0 0 0 0 0 0 0
"112" 112 0.108527131783 291 169 40 0 0 0 0 0 0 0 0 0 0 0 0 0 0 0 0 0
"113" 113 0.542600896861 233 207 59 1 0 0 0 0 0 0 0 0 0 0 0 0 0 0 0 0
"114" 114 0.196428571429 457 13 9 7 7 3 3 1 0 0 0 0 0 0 0 0 0 0 0 0
"115" 115 0.0 466 12 9 5 3 2 2 1 0 0 0 0 0 0 0 0 0 0 0 0
"116" 116 0.410256410256 240 229 31 0 0 0 0 0 0 0 0 0 0 0 0 0 0 0 0 0
"117" 117 0.704035874439 291 101 61 43 3 1 0 0 0 0 0 0 0 0 0 0 0 0 0 0
"118" 118 0.389534883721 483 16 1 0 0 0 0 0 0 0 0 0 0 0 0 0 0 0 0 0
"119" 119 0.117154811715 500 0 0 0 0 0 0 0 0 0 0 0 0 0 0 0 0 0 0 0
"120" 120 0.538461538462 500 0 0 0 0 0 0 0 0 0 0 0 0 0 0 0 0 0 0 0
"121" 121 0.238410596026 488 12 0 0 0 0 0 0 0 0 0 0 0 0 0 0 0 0 0 0
"122" 122 0.0627615062762 411 75 5 5 3 1 0 0 0 0 0 0 0 0 0 0 0 0 0 0
"123" 123 0.424107142857 250 241 8 1 0 0 0 0 0 0 0 0 0 0 0 0 0 0 0 0
"124" 124 0.316964285714 353 146 1 0 0 0 0 0 0 0 0 0 0 0 0 0 0 0 0 0
"125" 125 0.0 374 50 38 18 9 5 5 1 0 0 0 0 0 0 0 0 0 0 0 0
"126" 126 0.240506329114 404 40 34 10 7 5 0 0 0 0 0 0 0 0 0 0 0 0 0 0
"127" 127 0.556962025316 446 54 0 0 0 0 0 0 0 0 0 0 0 0 0 0 0 0 0 0
"128" 128 0.300448430493 252 110 93 31 8 6 0 0 0 0 0 0 0 0 0 0 0 0 0 0
"129" 129 0.0 499 1 0 0 0 0 0 0 0 0 0 0 0 0 0 0 0 0 0 0
"130" 130 0.14358974359 302 189 6 1 1 1 0 0 0 0 0 0 0 0 0 0 0 0 0 0
"131" 131 0.551569506726 223 195 53 19 10 0 0 0 0 0 0 0 0 0 0 0 0 0 0 0
"132" 132 0.15503875969 322 130 38 7 2 1 0 0 0 0 0 0 0 0 0 0 0 0 0 0
"133" 133 0.0 454 44 2 0 0 0 0 0 0 0 0 0 0 0 0 0 0 0 0 0
"134" 134 0.394230769231 324 145 18 6 6 1 0 0 0 0 0 0 0 0 0 0 0 0 0 0
"135" 135 0.626943005181 352 144 4 0 0 0 0 0 0 0 0 0 0 0 0 0 0 0 0 0
"136" 136 0.211678832117 405 90 4 1 0 0 0 0 0 0 0 0 0 0 0 0 0 0 0 0
"137" 137 0.832635983264 500 0 0 0 0 0 0 0 0 0 0 0 0 0 0 0 0 0 0 0
"138" 138 0.394230769231 500 0 0 0 0 0 0 0 0 0 0 0 0 0 0 0 0 0 0 0
"139" 139 0.258278145695 455 18 8 6 4 4 2 2 1 0 0 0 0 0 0 0 0 0 0 0
"140" 140 0.0 500 0 0 0 0 0 0 0 0 0 0 0 0 0 0 0 0 0 0 0
"141" 141 0.00354609929078 132 80 69 53 53 49 37 20 4 3 0 0 0 0 0 0 0 0 0 0
"142" 142 0.0 462 38 0 0 0 0 0 0 0 0 0 0 0 0 0 0 0 0 0 0
"143" 143 0.00354609929078 327 72 51 21 15 9 5 0 0 0 0 0 0 0 0 0 0 0 0 0
"144" 144 0.0 182 154 152 6 4 2 0 0 0 0 0 0 0 0 0 0 0 0 0 0
"145" 145 0.0 498 2 0 0 0 0 0 0 0 0 0 0 0 0 0 0 0 0 0 0
"146" 146 0.127737226277 277 193 30 0 0 0 0 0 0 0 0 0 0 0 0 0 0 0 0 0
"147" 147 0.0923076923077 500 0 0 0 0 0 0 0 0 0 0 0 0 0 0 0 0 0 0 0
"148" 148 0.62893081761 496 4 0 0 0 0 0 0 0 0 0 0 0 0 0 0 0 0 0 0
"149" 149 0.708520179372 500 0 0 0 0 0 0 0 0 0 0 0 0 0 0 0 0 0 0 0
"150" 150 0.355769230769 500 0 0 0 0 0 0 0 0 0 0 0 0 0 0 0 0 0 0 0
"151" 151 0.47533632287 483 16 1 0 0 0 0 0 0 0 0 0 0 0 0 0 0 0 0 0
"152" 152 0.044776119403 497 3 0 0 0 0 0 0 0 0 0 0 0 0 0 0 0 0 0 0
"153" 153 0.367713004484 255 245 0 0 0 0 0 0 0 0 0 0 0 0 0 0 0 0 0 0
"154" 154 0.172413793103 491 5 2 1 1 0 0 0 0 0 0 0 0 0 0 0 0 0 0 0
"155" 155 0.137931034483 255 245 0 0 0 0 0 0 0 0 0 0 0 0 0 0 0 0 0 0
"156" 156 0.238410596026 398 88 7 4 2 1 0 0 0 0 0 0 0 0 0 0 0 0 0 0
"157" 157 0.0232558139535 275 216 5 3 1 0 0 0 0 0 0 0 0 0 0 0 0 0 0 0
"158" 158 0.276729559748 401 80 19 0 0 0 0 0 0 0 0 0 0 0 0 0 0 0 0 0
"159" 159 0.405128205128 374 57 47 22 0 0 0 0 0 0 0 0 0 0 0 0 0 0 0 0
"160" 160 0.0179372197309 428 41 7 7 6 4 3 2 1 1 0 0 0 0 0 0 0 0 0 0
"161" 161 0.0932642487047 250 182 24 16 11 9 4 3 1 0 0 0 0 0 0 0 0 0 0 0
"162" 162 0.0102564102564 169 134 92 66 30 6 2 1 0 0 0 0 0 0 0 0 0 0 0 0
"163" 163 0.0 493 6 1 0 0 0 0 0 0 0 0 0 0 0 0 0 0 0 0 0
"164" 164 0.0152284263959 431 40 26 3 0 0 0 0 0 0 0 0 0 0 0 0 0 0 0 0
"165" 165 0.275229357798 273 117 31 28 25 10 7 4 3 1 1 0 0 0 0 0 0 0 0 0
"166" 166 0.5 270 92 78 33 20 4 1 1 1 0 0 0 0 0 0 0 0 0 0 0
"167" 167 0.451923076923 500 0 0 0 0 0 0 0 0 0 0 0 0 0 0 0 0 0 0 0
"168" 168 0.0529801324503 262 225 7 4 2 0 0 0 0 0 0 0 0 0 0 0 0 0 0 0
"169" 169 0.110266159696 286 107 94 13 0 0 0 0 0 0 0 0 0 0 0 0 0 0 0 0
"170" 170 0.0 493 2 1 1 1 1 1 0 0 0 0 0 0 0 0 0 0 0 0 0
"171" 171 0.0 291 129 79 1 0 0 0 0 0 0 0 0 0 0 0 0 0 0 0 0
"172" 172 0.0 341 132 16 7 2 1 1 0 0 0 0 0 0 0 0 0 0 0 0 0
"173" 173 0.00961538461538 500 0 0 0 0 0 0 0 0 0 0 0 0 0 0 0 0 0 0 0
"174" 174 0.0 497 2 1 0 0 0 0 0 0 0 0 0 0 0 0 0 0 0 0 0
"175" 175 0.0 467 18 10 4 1 0 0 0 0 0 0 0 0 0 0 0 0 0 0 0
"176" 176 0.0 491 4 2 2 1 0 0 0 0 0 0 0 0 0 0 0 0 0 0 0
"177" 177 0.191489361702 369 81 16 10 8 7 3 2 2 2 0 0 0 0 0 0 0 0 0 0
"178" 178 0.504464285714 474 26 0 0 0 0 0 0 0 0 0 0 0 0 0 0 0 0 0 0
"179" 179 0.186602870813 203 140 54 29 27 20 17 5 4 1 0 0 0 0 0 0 0 0 0 0
"180" 180 0.0232558139535 500 0 0 0 0 0 0 0 0 0 0 0 0 0 0 0 0 0 0 0
"181" 181 0.0190114068441 500 0 0 0 0 0 0 0 0 0 0 0 0 0 0 0 0 0 0 0
"182" 182 0.410646387833 389 84 27 0 0 0 0 0 0 0 0 0 0 0 0 0 0 0 0 0
"183" 183 0.477611940299 403 30 20 18 13 5 5 4 2 0 0 0 0 0 0 0 0 0 0 0
"184" 184 0.28102189781 493 4 3 0 0 0 0 0 0 0 0 0 0 0 0 0 0 0 0 0
"185" 185 0.0228136882129 500 0 0 0 0 0 0 0 0 0 0 0 0 0 0 0 0 0 0 0
"186" 186 0.304932735426 447 52 1 0 0 0 0 0 0 0 0 0 0 0 0 0 0 0 0 0
"187" 187 0.610256410256 429 52 10 5 3 1 0 0 0 0 0 0 0 0 0 0 0 0 0 0
"188" 188 0.295620437956 320 108 45 23 3 1 0 0 0 0 0 0 0 0 0 0 0 0 0 0
"189" 189 0.113138686131 494 4 1 1 0 0 0 0 0 0 0 0 0 0 0 0 0 0 0 0
"190" 190 0.584905660377 220 145 122 7 5 1 0 0 0 0 0 0 0 0 0 0 0 0 0 0
"191" 191 0.397321428571 267 176 42 11 2 1 1 0 0 0 0 0 0 0 0 0 0 0 0 0
"192" 192 0.00380228136882 399 101 0 0 0 0 0 0 0 0 0 0 0 0 0 0 0 0 0 0
"193" 193 0.00995024875622 454 43 1 1 1 0 0 0 0 0 0 0 0 0 0 0 0 0 0 0
"194" 194 0.425641025641 285 208 5 1 1 0 0 0 0 0 0 0 0 0 0 0 0 0 0 0
"195" 195 0.251282051282 233 170 83 14 0 0 0 0 0 0 0 0 0 0 0 0 0 0 0 0
"196" 196 0.0 500 0 0 0 0 0 0 0 0 0 0 0 0 0 0 0 0 0 0 0
"197" 197 0.0248226950355 493 3 2 1 1 0 0 0 0 0 0 0 0 0 0 0 0 0 0 0
"198" 198 0.379487179487 270 230 0 0 0 0 0 0 0 0 0 0 0 0 0 0 0 0 0 0
"199" 199 0.0 497 2 1 0 0 0 0 0 0 0 0 0 0 0 0 0 0 0 0 0
"200" 200 0.0 493 4 3 0 0 0 0 0 0 0 0 0 0 0 0 0 0 0 0 0
"201" 201 0.148717948718 500 0 0 0 0 0 0 0 0 0 0 0 0 0 0 0 0 0 0 0
"202" 202 0.0425531914894 489 11 0 0 0 0 0 0 0 0 0 0 0 0 0 0 0 0 0 0
"203" 203 0.450331125828 380 120 0 0 0 0 0 0 0 0 0 0 0 0 0 0 0 0 0 0
"204" 204 0.0982142857143 361 105 17 13 4 0 0 0 0 0 0 0 0 0 0 0 0 0 0 0
"205" 205 0.0 243 238 16 2 1 0 0 0 0 0 0 0 0 0 0 0 0 0 0 0
"206" 206 0.0923076923077 496 4 0 0 0 0 0 0 0 0 0 0 0 0 0 0 0 0 0 0
"207" 207 0.456204379562 345 154 1 0 0 0 0 0 0 0 0 0 0 0 0 0 0 0 0 0
"208" 208 0.0 234 101 60 35 18 17 14 10 7 1 1 1 1 0 0 0 0 0 0 0
"209" 209 0.046511627907 472 12 7 4 3 1 1 0 0 0 0 0 0 0 0 0 0 0 0 0
"210" 210 0.569506726457 399 100 1 0 0 0 0 0 0 0 0 0 0 0 0 0 0 0 0 0
"211" 211 0.410852713178 344 126 25 4 1 0 0 0 0 0 0 0 0 0 0 0 0 0 0 0
"212" 212 0.271523178808 277 223 0 0 0 0 0 0 0 0 0 0 0 0 0 0 0 0 0 0
