"site" "RSA" "aa1" "aa2" "aa3" "aa4" "aa5" "aa6" "aa7" "aa8" "aa9" "aa10" "aa11" "aa12" "aa13" "aa14" "aa15" "aa16" "aa17" "aa18" "aa19" "aa20"
"0" 0 1.05960264901 497 3 0 0 0 0 0 0 0 0 0 0 0 0 0 0 0 0 0 0
"1" 1 0.732142857143 452 48 0 0 0 0 0 0 0 0 0 0 0 0 0 0 0 0 0 0
"2" 2 0.0722433460076 449 51 0 0 0 0 0 0 0 0 0 0 0 0 0 0 0 0 0 0
"3" 3 0.357512953368 500 0 0 0 0 0 0 0 0 0 0 0 0 0 0 0 0 0 0 0
"4" 4 0.06463878327 500 0 0 0 0 0 0 0 0 0 0 0 0 0 0 0 0 0 0 0
"5" 5 0.273631840796 445 27 20 5 2 1 0 0 0 0 0 0 0 0 0 0 0 0 0 0
"6" 6 0.00418410041841 469 31 0 0 0 0 0 0 0 0 0 0 0 0 0 0 0 0 0 0
"7" 7 0.160337552743 447 27 15 4 2 2 2 1 0 0 0 0 0 0 0 0 0 0 0 0
"8" 8 0.0 498 1 1 0 0 0 0 0 0 0 0 0 0 0 0 0 0 0 0 0
"9" 9 0.0 500 0 0 0 0 0 0 0 0 0 0 0 0 0 0 0 0 0 0 0
"10" 10 0.0 450 50 0 0 0 0 0 0 0 0 0 0 0 0 0 0 0 0 0 0
"11" 11 0.0 171 162 81 75 4 4 2 1 0 0 0 0 0 0 0 0 0 0 0 0
"12" 12 0.0 500 0 0 0 0 0 0 0 0 0 0 0 0 0 0 0 0 0 0 0
"13" 13 0.14358974359 344 122 25 4 2 2 1 0 0 0 0 0 0 0 0 0 0 0 0 0
"14" 14 0.377483443709 211 100 92 35 34 17 7 4 0 0 0 0 0 0 0 0 0 0 0 0
"15" 15 0.538461538462 500 0 0 0 0 0 0 0 0 0 0 0 0 0 0 0 0 0 0 0
"16" 16 0.0114942528736 499 1 0 0 0 0 0 0 0 0 0 0 0 0 0 0 0 0 0 0
"17" 17 0.153846153846 500 0 0 0 0 0 0 0 0 0 0 0 0 0 0 0 0 0 0 0
"18" 18 0.0253164556962 448 45 5 1 1 0 0 0 0 0 0 0 0 0 0 0 0 0 0 0
"19" 19 0.192052980132 305 62 44 39 30 11 7 2 0 0 0 0 0 0 0 0 0 0 0 0
"20" 20 0.0886075949367 394 63 28 8 3 2 1 1 0 0 0 0 0 0 0 0 0 0 0 0
"21" 21 0.0199004975124 360 133 5 1 1 0 0 0 0 0 0 0 0 0 0 0 0 0 0 0
"22" 22 0.0 482 10 4 3 1 0 0 0 0 0 0 0 0 0 0 0 0 0 0 0
"23" 23 0.109452736318 183 143 97 36 18 8 5 5 4 1 0 0 0 0 0 0 0 0 0 0
"24" 24 0.153284671533 351 149 0 0 0 0 0 0 0 0 0 0 0 0 0 0 0 0 0 0
"25" 25 0.0167364016736 500 0 0 0 0 0 0 0 0 0 0 0 0 0 0 0 0 0 0 0
"26" 26 0.185430463576 281 135 67 9 7 1 0 0 0 0 0 0 0 0 0 0 0 0 0 0
"27" 27 0.40414507772 283 92 70 31 8 7 4 3 2 0 0 0 0 0 0 0 0 0 0 0
"28" 28 0.59585492228 375 114 9 2 0 0 0 0 0 0 0 0 0 0 0 0 0 0 0 0
"29" 29 0.377906976744 389 107 4 0 0 0 0 0 0 0 0 0 0 0 0 0 0 0 0 0
"30" 30 0.281368821293 279 186 27 6 2 0 0 0 0 0 0 0 0 0 0 0 0 0 0 0
"31" 31 0.470930232558 206 165 91 27 7 4 0 0 0 0 0 0 0 0 0 0 0 0 0 0
"32" 32 0.589743589744 500 0 0 0 0 0 0 0 0 0 0 0 0 0 0 0 0 0 0 0
"33" 33 0.787564766839 500 0 0 0 0 0 0 0 0 0 0 0 0 0 0 0 0 0 0 0
"34" 34 0.220532319392 191 150 86 21 10 10 10 7 4 4 3 2 1 1 0 0 0 0 0 0
"35" 35 0.802030456853 500 0 0 0 0 0 0 0 0 0 0 0 0 0 0 0 0 0 0 0
"36" 36 0.377483443709 426 63 8 2 1 0 0 0 0 0 0 0 0 0 0 0 0 0 0 0
"37" 37 0.802325581395 500 0 0 0 0 0 0 0 0 0 0 0 0 0 0 0 0 0 0 0
"38" 38 0.675126903553 500 0 0 0 0 0 0 0 0 0 0 0 0 0 0 0 0 0 0 0
"39" 39 0.451923076923 500 0 0 0 0 0 0 0 0 0 0 0 0 0 0 0 0 0 0 0
"40" 40 0.0919540229885 196 167 78 34 7 5 4 4 3 1 1 0 0 0 0 0 0 0 0 0
"41" 41 0.523316062176 493 5 2 0 0 0 0 0 0 0 0 0 0 0 0 0 0 0 0 0
"42" 42 0.292887029289 488 7 5 0 0 0 0 0 0 0 0 0 0 0 0 0 0 0 0 0
"43" 43 0.270042194093 307 120 53 8 7 3 2 0 0 0 0 0 0 0 0 0 0 0 0 0
"44" 44 0.446700507614 425 47 18 9 1 0 0 0 0 0 0 0 0 0 0 0 0 0 0 0
"45" 45 0.227848101266 500 0 0 0 0 0 0 0 0 0 0 0 0 0 0 0 0 0 0 0
"46" 46 0.424418604651 342 143 10 5 0 0 0 0 0 0 0 0 0 0 0 0 0 0 0 0
"47" 47 0.0689655172414 307 193 0 0 0 0 0 0 0 0 0 0 0 0 0 0 0 0 0 0
"48" 48 0.53125 500 0 0 0 0 0 0 0 0 0 0 0 0 0 0 0 0 0 0 0
"49" 49 0.0199004975124 448 40 12 0 0 0 0 0 0 0 0 0 0 0 0 0 0 0 0 0
"50" 50 0.549222797927 365 89 41 4 1 0 0 0 0 0 0 0 0 0 0 0 0 0 0 0
"51" 51 0.692307692308 500 0 0 0 0 0 0 0 0 0 0 0 0 0 0 0 0 0 0 0
"52" 52 0.303797468354 496 4 0 0 0 0 0 0 0 0 0 0 0 0 0 0 0 0 0 0
"53" 53 0.174418604651 444 51 5 0 0 0 0 0 0 0 0 0 0 0 0 0 0 0 0 0
"54" 54 0.0 500 0 0 0 0 0 0 0 0 0 0 0 0 0 0 0 0 0 0 0
"55" 55 0.244725738397 465 20 10 4 1 0 0 0 0 0 0 0 0 0 0 0 0 0 0 0
"56" 56 0.0 499 1 0 0 0 0 0 0 0 0 0 0 0 0 0 0 0 0 0 0
"57" 57 0.22869955157 441 20 14 12 10 2 1 0 0 0 0 0 0 0 0 0 0 0 0 0
"58" 58 0.00507614213198 476 23 1 0 0 0 0 0 0 0 0 0 0 0 0 0 0 0 0 0
"59" 59 0.195035460993 461 27 12 0 0 0 0 0 0 0 0 0 0 0 0 0 0 0 0 0
"60" 60 0.0259067357513 307 100 75 13 4 1 0 0 0 0 0 0 0 0 0 0 0 0 0 0
"61" 61 0.0116279069767 392 59 36 12 1 0 0 0 0 0 0 0 0 0 0 0 0 0 0 0
"62" 62 0.519379844961 500 0 0 0 0 0 0 0 0 0 0 0 0 0 0 0 0 0 0 0
"63" 63 0.403846153846 500 0 0 0 0 0 0 0 0 0 0 0 0 0 0 0 0 0 0 0
"64" 64 0.255605381166 443 30 18 4 4 1 0 0 0 0 0 0 0 0 0 0 0 0 0 0
"65" 65 0.0625 411 57 19 4 3 3 3 0 0 0 0 0 0 0 0 0 0 0 0 0
"66" 66 0.642335766423 457 39 3 1 0 0 0 0 0 0 0 0 0 0 0 0 0 0 0 0
"67" 67 0.602510460251 460 35 3 2 0 0 0 0 0 0 0 0 0 0 0 0 0 0 0 0
"68" 68 0.481751824818 328 100 39 13 12 4 2 1 1 0 0 0 0 0 0 0 0 0 0 0
"69" 69 0.5 498 2 0 0 0 0 0 0 0 0 0 0 0 0 0 0 0 0 0 0
"70" 70 0.106598984772 432 34 14 7 6 4 2 1 0 0 0 0 0 0 0 0 0 0 0 0
"71" 71 0.377906976744 322 121 24 15 14 3 1 0 0 0 0 0 0 0 0 0 0 0 0 0
"72" 72 0.324503311258 496 4 0 0 0 0 0 0 0 0 0 0 0 0 0 0 0 0 0 0
"73" 73 0.456953642384 340 132 14 13 1 0 0 0 0 0 0 0 0 0 0 0 0 0 0 0
"74" 74 0.06463878327 453 38 4 4 1 0 0 0 0 0 0 0 0 0 0 0 0 0 0 0
"75" 75 0.0114068441065 492 8 0 0 0 0 0 0 0 0 0 0 0 0 0 0 0 0 0 0
"76" 76 0.613138686131 500 0 0 0 0 0 0 0 0 0 0 0 0 0 0 0 0 0 0 0
"77" 77 0.528846153846 500 0 0 0 0 0 0 0 0 0 0 0 0 0 0 0 0 0 0 0
"78" 78 0.0331125827815 413 47 36 3 1 0 0 0 0 0 0 0 0 0 0 0 0 0 0 0
"79" 79 0.239234449761 310 190 0 0 0 0 0 0 0 0 0 0 0 0 0 0 0 0 0 0
"80" 80 0.0 400 59 41 0 0 0 0 0 0 0 0 0 0 0 0 0 0 0 0 0
"81" 81 0.0 499 1 0 0 0 0 0 0 0 0 0 0 0 0 0 0 0 0 0 0
"82" 82 0.0152284263959 497 3 0 0 0 0 0 0 0 0 0 0 0 0 0 0 0 0 0 0
"83" 83 0.0 260 139 100 1 0 0 0 0 0 0 0 0 0 0 0 0 0 0 0 0
"84" 84 0.00574712643678 361 138 1 0 0 0 0 0 0 0 0 0 0 0 0 0 0 0 0 0
"85" 85 0.0 498 1 1 0 0 0 0 0 0 0 0 0 0 0 0 0 0 0 0 0
"86" 86 0.0621761658031 356 105 31 7 1 0 0 0 0 0 0 0 0 0 0 0 0 0 0 0
"87" 87 0.00574712643678 500 0 0 0 0 0 0 0 0 0 0 0 0 0 0 0 0 0 0 0
"88" 88 0.209302325581 493 7 0 0 0 0 0 0 0 0 0 0 0 0 0 0 0 0 0 0
"89" 89 0.378238341969 500 0 0 0 0 0 0 0 0 0 0 0 0 0 0 0 0 0 0 0
"90" 90 0.381165919283 337 88 35 33 6 1 0 0 0 0 0 0 0 0 0 0 0 0 0 0
"91" 91 0.477678571429 486 11 3 0 0 0 0 0 0 0 0 0 0 0 0 0 0 0 0 0
"92" 92 0.0132450331126 500 0 0 0 0 0 0 0 0 0 0 0 0 0 0 0 0 0 0 0
"93" 93 0.0627615062762 500 0 0 0 0 0 0 0 0 0 0 0 0 0 0 0 0 0 0 0
"94" 94 0.394871794872 272 89 88 46 5 0 0 0 0 0 0 0 0 0 0 0 0 0 0 0
"95" 95 0.00961538461538 346 122 15 7 7 2 1 0 0 0 0 0 0 0 0 0 0 0 0 0
"96" 96 0.0 254 206 33 4 3 0 0 0 0 0 0 0 0 0 0 0 0 0 0 0
"97" 97 0.565400843882 377 86 35 2 0 0 0 0 0 0 0 0 0 0 0 0 0 0 0 0
"98" 98 0.155963302752 284 173 24 15 3 1 0 0 0 0 0 0 0 0 0 0 0 0 0 0
"99" 99 0.0141843971631 405 67 21 4 3 0 0 0 0 0 0 0 0 0 0 0 0 0 0 0
"100" 100 0.0796019900498 470 15 6 5 1 1 1 1 0 0 0 0 0 0 0 0 0 0 0 0
"101" 101 0.506726457399 487 9 4 0 0 0 0 0 0 0 0 0 0 0 0 0 0 0 0 0
"102" 102 0.200892857143 428 29 21 13 3 2 2 1 1 0 0 0 0 0 0 0 0 0 0 0
"103" 103 0.0203045685279 279 204 12 4 1 0 0 0 0 0 0 0 0 0 0 0 0 0 0 0
"104" 104 0.709844559585 470 13 10 7 0 0 0 0 0 0 0 0 0 0 0 0 0 0 0 0
"105" 105 0.653284671533 367 61 35 18 15 3 1 0 0 0 0 0 0 0 0 0 0 0 0 0
"106" 106 0.285171102662 473 26 1 0 0 0 0 0 0 0 0 0 0 0 0 0 0 0 0 0
"107" 107 0.116279069767 295 204 1 0 0 0 0 0 0 0 0 0 0 0 0 0 0 0 0 0
"108" 108 0.459302325581 432 66 2 0 0 0 0 0 0 0 0 0 0 0 0 0 0 0 0 0
"109" 109 0.788079470199 382 108 10 0 0 0 0 0 0 0 0 0 0 0 0 0 0 0 0 0
"110" 110 0.523255813953 320 89 59 32 0 0 0 0 0 0 0 0 0 0 0 0 0 0 0 0
"111" 111 0.109195402299 489 11 0 0 0 0 0 0 0 0 0 0 0 0 0 0 0 0 0 0
"112" 112 0.129353233831 356 72 68 2 2 0 0 0 0 0 0 0 0 0 0 0 0 0 0 0
"113" 113 0.198312236287 264 137 67 13 9 5 3 2 0 0 0 0 0 0 0 0 0 0 0 0
"114" 114 0.0 500 0 0 0 0 0 0 0 0 0 0 0 0 0 0 0 0 0 0 0
"115" 115 0.0 467 30 3 0 0 0 0 0 0 0 0 0 0 0 0 0 0 0 0 0
"116" 116 0.00574712643678 491 3 3 1 1 1 0 0 0 0 0 0 0 0 0 0 0 0 0 0
"117" 117 0.0 499 1 0 0 0 0 0 0 0 0 0 0 0 0 0 0 0 0 0 0
"118" 118 0.025641025641 491 9 0 0 0 0 0 0 0 0 0 0 0 0 0 0 0 0 0 0
"119" 119 0.244725738397 371 112 13 3 1 0 0 0 0 0 0 0 0 0 0 0 0 0 0 0
"120" 120 0.0759493670886 312 188 0 0 0 0 0 0 0 0 0 0 0 0 0 0 0 0 0 0
"121" 121 0.20725388601 193 141 95 68 2 1 0 0 0 0 0 0 0 0 0 0 0 0 0 0
"122" 122 0.363184079602 340 101 41 15 2 1 0 0 0 0 0 0 0 0 0 0 0 0 0 0
"123" 123 0.632911392405 499 1 0 0 0 0 0 0 0 0 0 0 0 0 0 0 0 0 0 0
"124" 124 0.875647668394 500 0 0 0 0 0 0 0 0 0 0 0 0 0 0 0 0 0 0 0
"125" 125 0.637130801688 493 6 1 0 0 0 0 0 0 0 0 0 0 0 0 0 0 0 0 0
"126" 126 0.255474452555 499 1 0 0 0 0 0 0 0 0 0 0 0 0 0 0 0 0 0 0
"127" 127 0.431034482759 486 7 6 1 0 0 0 0 0 0 0 0 0 0 0 0 0 0 0 0
"128" 128 0.0172413793103 500 0 0 0 0 0 0 0 0 0 0 0 0 0 0 0 0 0 0 0
"129" 129 0.526785714286 288 207 5 0 0 0 0 0 0 0 0 0 0 0 0 0 0 0 0 0
"130" 130 0.372623574144 434 37 12 9 4 3 1 0 0 0 0 0 0 0 0 0 0 0 0 0
"131" 131 0.549222797927 412 48 39 1 0 0 0 0 0 0 0 0 0 0 0 0 0 0 0 0
"132" 132 0.48275862069 444 40 16 0 0 0 0 0 0 0 0 0 0 0 0 0 0 0 0 0
"133" 133 0.0 500 0 0 0 0 0 0 0 0 0 0 0 0 0 0 0 0 0 0 0
"134" 134 0.303797468354 251 177 44 14 11 2 1 0 0 0 0 0 0 0 0 0 0 0 0 0
"135" 135 0.584821428571 369 110 8 6 5 2 0 0 0 0 0 0 0 0 0 0 0 0 0 0
"136" 136 0.213389121339 457 32 7 2 2 0 0 0 0 0 0 0 0 0 0 0 0 0 0 0
"137" 137 0.0 500 0 0 0 0 0 0 0 0 0 0 0 0 0 0 0 0 0 0 0
"138" 138 0.492227979275 293 121 79 6 1 0 0 0 0 0 0 0 0 0 0 0 0 0 0 0
"139" 139 0.635658914729 494 4 2 0 0 0 0 0 0 0 0 0 0 0 0 0 0 0 0 0
"140" 140 0.246153846154 484 6 4 3 2 1 0 0 0 0 0 0 0 0 0 0 0 0 0 0
"141" 141 0.789029535865 500 0 0 0 0 0 0 0 0 0 0 0 0 0 0 0 0 0 0 0
"142" 142 0.0321100917431 492 7 1 0 0 0 0 0 0 0 0 0 0 0 0 0 0 0 0 0
"143" 143 0.327044025157 215 215 49 20 1 0 0 0 0 0 0 0 0 0 0 0 0 0 0 0
"144" 144 0.0627615062762 489 9 1 1 0 0 0 0 0 0 0 0 0 0 0 0 0 0 0 0
"145" 145 0.174129353234 255 244 1 0 0 0 0 0 0 0 0 0 0 0 0 0 0 0 0 0
"146" 146 0.116071428571 499 1 0 0 0 0 0 0 0 0 0 0 0 0 0 0 0 0 0 0
"147" 147 0.0 500 0 0 0 0 0 0 0 0 0 0 0 0 0 0 0 0 0 0 0
"148" 148 0.0 492 7 1 0 0 0 0 0 0 0 0 0 0 0 0 0 0 0 0 0
"149" 149 0.015503875969 467 24 9 0 0 0 0 0 0 0 0 0 0 0 0 0 0 0 0 0
"150" 150 0.333333333333 312 90 90 3 3 1 1 0 0 0 0 0 0 0 0 0 0 0 0 0
"151" 151 0.347150259067 159 137 101 64 35 2 1 1 0 0 0 0 0 0 0 0 0 0 0 0
"152" 152 0.41059602649 500 0 0 0 0 0 0 0 0 0 0 0 0 0 0 0 0 0 0 0
"153" 153 0.308139534884 327 172 1 0 0 0 0 0 0 0 0 0 0 0 0 0 0 0 0 0
"154" 154 0.307692307692 500 0 0 0 0 0 0 0 0 0 0 0 0 0 0 0 0 0 0 0
"155" 155 0.0172413793103 500 0 0 0 0 0 0 0 0 0 0 0 0 0 0 0 0 0 0 0
"156" 156 0.397321428571 249 157 54 40 0 0 0 0 0 0 0 0 0 0 0 0 0 0 0 0
"157" 157 0.430051813472 254 217 29 0 0 0 0 0 0 0 0 0 0 0 0 0 0 0 0 0
"158" 158 0.031007751938 496 4 0 0 0 0 0 0 0 0 0 0 0 0 0 0 0 0 0 0
"159" 159 0.0125523012552 491 9 0 0 0 0 0 0 0 0 0 0 0 0 0 0 0 0 0 0
"160" 160 0.26368159204 371 129 0 0 0 0 0 0 0 0 0 0 0 0 0 0 0 0 0 0
"161" 161 0.261627906977 389 84 18 6 3 0 0 0 0 0 0 0 0 0 0 0 0 0 0 0
"162" 162 0.0 401 73 26 0 0 0 0 0 0 0 0 0 0 0 0 0 0 0 0 0
"163" 163 0.0 500 0 0 0 0 0 0 0 0 0 0 0 0 0 0 0 0 0 0 0
"164" 164 0.317518248175 377 60 57 3 2 1 0 0 0 0 0 0 0 0 0 0 0 0 0 0
"165" 165 0.134529147982 355 82 56 6 1 0 0 0 0 0 0 0 0 0 0 0 0 0 0 0
"166" 166 0.0 420 58 21 1 0 0 0 0 0 0 0 0 0 0 0 0 0 0 0 0
"167" 167 0.177215189873 409 35 33 17 4 1 1 0 0 0 0 0 0 0 0 0 0 0 0 0
"168" 168 0.651785714286 337 57 34 28 26 16 2 0 0 0 0 0 0 0 0 0 0 0 0 0
"169" 169 0.490066225166 496 2 2 0 0 0 0 0 0 0 0 0 0 0 0 0 0 0 0 0
"170" 170 0.160550458716 491 8 1 0 0 0 0 0 0 0 0 0 0 0 0 0 0 0 0 0
"171" 171 0.417218543046 357 68 62 13 0 0 0 0 0 0 0 0 0 0 0 0 0 0 0 0
"172" 172 0.547085201794 204 134 119 43 0 0 0 0 0 0 0 0 0 0 0 0 0 0 0 0
"173" 173 0.690582959641 319 136 45 0 0 0 0 0 0 0 0 0 0 0 0 0 0 0 0 0
"174" 174 0.323076923077 320 99 49 18 10 4 0 0 0 0 0 0 0 0 0 0 0 0 0 0
"175" 175 0.0845771144279 491 7 2 0 0 0 0 0 0 0 0 0 0 0 0 0 0 0 0 0
"176" 176 0.364102564103 183 121 113 54 16 12 1 0 0 0 0 0 0 0 0 0 0 0 0 0
"177" 177 0.441964285714 292 156 47 4 1 0 0 0 0 0 0 0 0 0 0 0 0 0 0 0
"178" 178 0.0523255813953 310 189 1 0 0 0 0 0 0 0 0 0 0 0 0 0 0 0 0 0
"179" 179 0.0523255813953 296 194 5 5 0 0 0 0 0 0 0 0 0 0 0 0 0 0 0 0
"180" 180 0.27802690583 449 48 3 0 0 0 0 0 0 0 0 0 0 0 0 0 0 0 0 0
"181" 181 0.654008438819 500 0 0 0 0 0 0 0 0 0 0 0 0 0 0 0 0 0 0 0
"182" 182 0.443037974684 346 76 75 3 0 0 0 0 0 0 0 0 0 0 0 0 0 0 0 0
"183" 183 0.504464285714 464 33 3 0 0 0 0 0 0 0 0 0 0 0 0 0 0 0 0 0
"184" 184 0.694300518135 500 0 0 0 0 0 0 0 0 0 0 0 0 0 0 0 0 0 0 0
"185" 185 0.459915611814 487 10 3 0 0 0 0 0 0 0 0 0 0 0 0 0 0 0 0 0
"186" 186 0.586538461538 500 0 0 0 0 0 0 0 0 0 0 0 0 0 0 0 0 0 0 0
"187" 187 0.692307692308 497 3 0 0 0 0 0 0 0 0 0 0 0 0 0 0 0 0 0 0
"188" 188 0.701149425287 496 4 0 0 0 0 0 0 0 0 0 0 0 0 0 0 0 0 0 0
"189" 189 0.579487179487 391 109 0 0 0 0 0 0 0 0 0 0 0 0 0 0 0 0 0 0
"190" 190 0.786069651741 392 108 0 0 0 0 0 0 0 0 0 0 0 0 0 0 0 0 0 0
"191" 191 0.835443037975 391 109 0 0 0 0 0 0 0 0 0 0 0 0 0 0 0 0 0 0
"192" 192 0.423076923077 391 109 0 0 0 0 0 0 0 0 0 0 0 0 0 0 0 0 0 0
"193" 193 1.05381165919 500 0 0 0 0 0 0 0 0 0 0 0 0 0 0 0 0 0 0 0
