"site" "RSA" "aa1" "aa2" "aa3" "aa4" "aa5" "aa6" "aa7" "aa8" "aa9" "aa10" "aa11" "aa12" "aa13" "aa14" "aa15" "aa16" "aa17" "aa18" "aa19" "aa20"
"0" 0 0.569037656904 89 59 53 51 47 39 33 31 21 21 15 10 8 7 7 5 2 2 0 0
"1" 1 0.343023255814 196 90 53 51 25 21 14 13 10 8 6 4 3 3 2 1 0 0 0 0
"2" 2 0.0 500 0 0 0 0 0 0 0 0 0 0 0 0 0 0 0 0 0 0 0
"3" 3 0.287179487179 118 91 88 53 30 25 22 16 15 11 8 6 5 4 2 2 2 2 0 0
"4" 4 0.526785714286 148 116 63 27 23 21 19 17 14 14 13 7 6 5 2 2 2 1 0 0
"5" 5 0.848101265823 100 96 56 51 50 31 25 24 23 13 12 9 8 2 0 0 0 0 0 0
"6" 6 0.282511210762 191 115 58 53 27 20 12 6 5 5 4 2 2 0 0 0 0 0 0 0
"7" 7 0.18407960199 498 2 0 0 0 0 0 0 0 0 0 0 0 0 0 0 0 0 0 0
"8" 8 0.226744186047 259 75 62 50 25 13 4 3 3 1 1 1 1 1 1 0 0 0 0 0
"9" 9 0.818652849741 138 53 52 52 42 40 26 25 21 13 13 10 9 3 1 1 1 0 0 0
"10" 10 0.357512953368 387 25 24 17 15 12 10 3 3 2 1 1 0 0 0 0 0 0 0 0
"11" 11 0.0 500 0 0 0 0 0 0 0 0 0 0 0 0 0 0 0 0 0 0 0
"12" 12 0.203045685279 356 62 22 17 10 9 6 6 5 3 2 2 0 0 0 0 0 0 0 0
"13" 13 0.424870466321 106 91 90 61 36 24 22 19 15 10 9 8 3 3 2 1 0 0 0 0
"14" 14 0.0149253731343 492 5 2 1 0 0 0 0 0 0 0 0 0 0 0 0 0 0 0 0
"15" 15 0.00836820083682 500 0 0 0 0 0 0 0 0 0 0 0 0 0 0 0 0 0 0 0
"16" 16 0.296511627907 147 96 95 59 35 19 18 11 5 4 3 3 3 1 1 0 0 0 0 0
"17" 17 0.409282700422 264 136 80 5 5 3 2 2 1 1 1 0 0 0 0 0 0 0 0 0
"18" 18 0.00354609929078 500 0 0 0 0 0 0 0 0 0 0 0 0 0 0 0 0 0 0 0
"19" 19 0.0543933054393 347 70 47 27 4 4 1 0 0 0 0 0 0 0 0 0 0 0 0 0
"20" 20 0.317948717949 131 99 68 37 37 31 23 20 14 12 7 5 5 4 4 2 1 0 0 0
"21" 21 0.28125 498 2 0 0 0 0 0 0 0 0 0 0 0 0 0 0 0 0 0 0
"22" 22 0.0 500 0 0 0 0 0 0 0 0 0 0 0 0 0 0 0 0 0 0 0
"23" 23 0.489451476793 154 95 74 62 36 25 22 8 6 5 4 3 3 2 1 0 0 0 0 0
"24" 24 0.678571428571 73 69 69 67 56 43 33 24 18 12 9 8 8 4 3 2 2 0 0 0
"25" 25 0.170984455959 453 26 8 5 3 2 2 1 0 0 0 0 0 0 0 0 0 0 0 0
"26" 26 0.723270440252 101 70 50 38 38 36 33 25 22 19 19 16 11 9 5 3 3 1 1 0
"27" 27 0.419708029197 460 11 6 6 4 4 3 2 1 1 1 1 0 0 0 0 0 0 0 0
"28" 28 0.107142857143 454 15 15 10 3 3 0 0 0 0 0 0 0 0 0 0 0 0 0 0
"29" 29 0.71511627907 104 84 63 62 48 40 29 15 12 10 9 8 5 5 4 1 1 0 0 0
"30" 30 0.432835820896 255 164 37 21 8 6 3 2 2 1 1 0 0 0 0 0 0 0 0 0
"31" 31 0.0566037735849 496 2 2 0 0 0 0 0 0 0 0 0 0 0 0 0 0 0 0 0
"32" 32 0.236607142857 145 134 52 39 36 35 17 13 9 7 6 3 2 1 1 0 0 0 0 0
"33" 33 0.232558139535 260 104 56 23 23 13 9 6 3 2 1 0 0 0 0 0 0 0 0 0
"34" 34 0.0152284263959 494 6 0 0 0 0 0 0 0 0 0 0 0 0 0 0 0 0 0 0
"35" 35 0.255813953488 439 9 9 9 8 7 7 3 2 2 2 1 1 1 0 0 0 0 0 0
"36" 36 0.0 366 121 11 2 0 0 0 0 0 0 0 0 0 0 0 0 0 0 0 0
"37" 37 0.218543046358 201 163 73 14 9 8 7 6 5 4 3 3 2 1 1 0 0 0 0 0
"38" 38 0.0331125827815 475 23 1 1 0 0 0 0 0 0 0 0 0 0 0 0 0 0 0 0
"39" 39 0.193798449612 368 79 26 11 5 4 4 2 1 0 0 0 0 0 0 0 0 0 0 0
"40" 40 0.290178571429 179 113 52 37 31 27 26 10 6 6 5 5 2 1 0 0 0 0 0 0
"41" 41 0.44776119403 120 74 73 47 37 37 29 23 22 20 7 6 3 1 1 0 0 0 0 0
"42" 42 0.698113207547 482 4 4 3 2 2 1 1 1 0 0 0 0 0 0 0 0 0 0 0
"43" 43 0.483443708609 107 92 68 67 41 36 27 13 13 12 9 7 5 1 1 1 0 0 0 0
"44" 44 0.471153846154 500 0 0 0 0 0 0 0 0 0 0 0 0 0 0 0 0 0 0 0
"45" 45 0.565693430657 182 135 50 40 38 19 11 9 5 5 3 2 1 0 0 0 0 0 0 0
"46" 46 0.614942528736 279 53 46 39 32 17 14 8 6 2 1 1 1 1 0 0 0 0 0 0
"47" 47 0.0860927152318 174 96 69 52 28 26 18 13 9 5 4 4 1 1 0 0 0 0 0 0
"48" 48 0.503311258278 88 87 83 53 42 41 21 19 18 18 11 8 7 2 2 0 0 0 0 0
"49" 49 0.186131386861 369 78 13 9 9 6 5 4 3 2 1 1 0 0 0 0 0 0 0 0
"50" 50 0.56345177665 426 16 15 9 9 6 6 4 2 2 2 1 1 1 0 0 0 0 0 0
"51" 51 0.134328358209 392 42 33 13 12 3 2 1 1 1 0 0 0 0 0 0 0 0 0 0
"52" 52 0.477611940299 379 42 11 8 8 8 7 7 7 6 5 4 3 3 2 0 0 0 0 0
"53" 53 0.0418410041841 500 0 0 0 0 0 0 0 0 0 0 0 0 0 0 0 0 0 0 0
"54" 54 0.400843881857 130 72 61 56 45 41 27 16 15 13 12 11 1 0 0 0 0 0 0 0
"55" 55 0.272321428571 131 68 61 58 54 44 26 21 21 8 6 2 0 0 0 0 0 0 0 0
"56" 56 0.233830845771 484 9 5 1 1 0 0 0 0 0 0 0 0 0 0 0 0 0 0 0
"57" 57 0.259067357513 224 207 37 17 15 0 0 0 0 0 0 0 0 0 0 0 0 0 0 0
"58" 58 0.760765550239 129 87 83 50 36 28 25 14 10 9 9 8 7 2 2 1 0 0 0 0
"59" 59 0.244525547445 94 81 66 57 41 37 27 25 18 15 11 10 7 5 4 2 0 0 0 0
"60" 60 0.0288461538462 500 0 0 0 0 0 0 0 0 0 0 0 0 0 0 0 0 0 0 0
"61" 61 0.0 492 8 0 0 0 0 0 0 0 0 0 0 0 0 0 0 0 0 0 0
"62" 62 0.00581395348837 416 20 19 14 10 5 5 5 4 2 0 0 0 0 0 0 0 0 0 0
"63" 63 0.00507614213198 449 51 0 0 0 0 0 0 0 0 0 0 0 0 0 0 0 0 0 0
"64" 64 0.136882129278 263 236 1 0 0 0 0 0 0 0 0 0 0 0 0 0 0 0 0 0
"65" 65 0.0728476821192 443 45 9 2 1 0 0 0 0 0 0 0 0 0 0 0 0 0 0 0
"66" 66 0.0410256410256 397 100 2 1 0 0 0 0 0 0 0 0 0 0 0 0 0 0 0 0
"67" 67 0.0602836879433 500 0 0 0 0 0 0 0 0 0 0 0 0 0 0 0 0 0 0 0
"68" 68 0.346153846154 500 0 0 0 0 0 0 0 0 0 0 0 0 0 0 0 0 0 0 0
"69" 69 0.18023255814 139 75 61 58 50 32 31 27 7 6 5 4 2 1 1 1 0 0 0 0
"70" 70 0.0 485 10 3 2 0 0 0 0 0 0 0 0 0 0 0 0 0 0 0 0
"71" 71 0.328467153285 151 136 55 30 26 25 14 14 13 10 7 5 5 5 3 1 0 0 0 0
"72" 72 0.0295358649789 126 115 84 54 29 19 17 13 10 10 7 5 4 4 3 0 0 0 0 0
"73" 73 0.0387596899225 478 22 0 0 0 0 0 0 0 0 0 0 0 0 0 0 0 0 0 0
"74" 74 0.516746411483 153 84 52 49 33 28 25 18 16 13 8 5 4 3 3 2 2 2 0 0
"75" 75 0.00518134715026 464 25 6 4 1 0 0 0 0 0 0 0 0 0 0 0 0 0 0 0
"76" 76 0.0355329949239 208 120 68 41 29 13 6 5 5 2 1 1 1 0 0 0 0 0 0 0
"77" 77 0.643410852713 157 101 78 36 35 24 17 16 11 9 7 6 2 1 0 0 0 0 0 0
"78" 78 0.313953488372 136 75 48 47 38 31 29 23 21 16 14 8 6 5 3 0 0 0 0 0
"79" 79 0.0666666666667 428 34 24 4 4 3 2 1 0 0 0 0 0 0 0 0 0 0 0 0
"80" 80 0.446540880503 475 12 5 4 2 1 1 0 0 0 0 0 0 0 0 0 0 0 0 0
"81" 81 0.379487179487 439 19 13 10 5 4 4 2 2 1 1 0 0 0 0 0 0 0 0 0
"82" 82 0.077519379845 492 4 4 0 0 0 0 0 0 0 0 0 0 0 0 0 0 0 0 0
"83" 83 0.170542635659 257 112 70 32 23 3 2 1 0 0 0 0 0 0 0 0 0 0 0 0
"84" 84 0.010152284264 493 5 1 1 0 0 0 0 0 0 0 0 0 0 0 0 0 0 0 0
"85" 85 0.212643678161 273 207 5 3 3 3 2 2 1 1 0 0 0 0 0 0 0 0 0 0
"86" 86 0.0 500 0 0 0 0 0 0 0 0 0 0 0 0 0 0 0 0 0 0 0
"87" 87 0.464435146444 138 121 80 42 34 30 19 15 5 5 3 2 2 2 1 1 0 0 0 0
"88" 88 0.00709219858156 500 0 0 0 0 0 0 0 0 0 0 0 0 0 0 0 0 0 0 0
"89" 89 0.611814345992 152 109 37 29 28 26 20 18 17 17 11 10 8 8 5 4 1 0 0 0
"90" 90 0.435233160622 73 63 55 47 45 44 43 29 27 21 17 15 13 4 2 2 0 0 0 0
"91" 91 0.0199004975124 485 5 4 4 2 0 0 0 0 0 0 0 0 0 0 0 0 0 0 0
"92" 92 0.322869955157 181 106 101 57 14 10 9 9 4 2 2 2 2 1 0 0 0 0 0 0
"93" 93 0.036496350365 500 0 0 0 0 0 0 0 0 0 0 0 0 0 0 0 0 0 0 0
"94" 94 0.22869955157 228 77 73 70 27 12 7 3 2 1 0 0 0 0 0 0 0 0 0 0
"95" 95 0.0 500 0 0 0 0 0 0 0 0 0 0 0 0 0 0 0 0 0 0 0
"96" 96 0.302919708029 380 78 31 6 2 1 1 1 0 0 0 0 0 0 0 0 0 0 0 0
"97" 97 0.0 500 0 0 0 0 0 0 0 0 0 0 0 0 0 0 0 0 0 0 0
"98" 98 0.28125 232 46 31 31 27 22 19 17 15 14 14 13 7 5 3 2 2 0 0 0
"99" 99 0.0480769230769 500 0 0 0 0 0 0 0 0 0 0 0 0 0 0 0 0 0 0 0
"100" 100 0.238578680203 113 110 91 57 37 34 15 10 6 6 6 4 3 2 2 2 1 1 0 0
"101" 101 0.0697674418605 337 146 9 4 3 1 0 0 0 0 0 0 0 0 0 0 0 0 0 0
"102" 102 0.25 200 86 72 27 27 15 13 13 13 10 8 7 5 2 1 1 0 0 0 0
"103" 103 0.564593301435 64 61 52 52 46 45 40 33 20 18 17 16 11 8 7 4 3 2 1 0
"104" 104 0.0574712643678 398 27 26 18 16 6 3 3 2 1 0 0 0 0 0 0 0 0 0 0
"105" 105 0.4 233 58 57 38 23 21 16 16 12 9 5 5 5 2 0 0 0 0 0 0
"106" 106 0.332116788321 437 9 9 8 7 7 7 5 3 3 2 1 1 1 0 0 0 0 0 0
"107" 107 0.459821428571 89 65 64 63 50 46 33 23 19 14 11 8 6 6 2 1 0 0 0 0
"108" 108 0.133720930233 141 86 65 55 30 29 21 20 18 18 9 3 3 1 1 0 0 0 0 0
"109" 109 0.00662251655629 334 164 2 0 0 0 0 0 0 0 0 0 0 0 0 0 0 0 0 0
"110" 110 0.34375 413 25 12 9 8 6 6 6 5 4 3 2 1 0 0 0 0 0 0 0
"111" 111 0.467153284672 132 74 72 39 32 30 28 23 23 17 14 9 2 2 2 1 0 0 0 0
"112" 112 0.266159695817 109 90 69 41 37 36 25 25 20 17 10 7 5 4 2 2 1 0 0 0
"113" 113 0.00418410041841 498 2 0 0 0 0 0 0 0 0 0 0 0 0 0 0 0 0 0 0
"114" 114 0.556962025316 162 51 38 36 35 34 34 20 20 20 13 12 9 8 5 1 1 1 0 0
"115" 115 0.622093023256 113 94 63 55 46 33 25 20 16 15 13 3 2 1 1 0 0 0 0 0
"116" 116 0.35401459854 465 13 7 6 4 2 2 1 0 0 0 0 0 0 0 0 0 0 0 0
"117" 117 0.534591194969 493 2 2 1 1 1 0 0 0 0 0 0 0 0 0 0 0 0 0 0
"118" 118 0.704379562044 334 64 55 14 14 4 4 3 2 2 2 2 0 0 0 0 0 0 0 0
"119" 119 0.605769230769 109 69 69 50 44 40 32 18 17 14 11 9 9 4 3 2 0 0 0 0
"120" 120 0.251655629139 231 79 53 49 33 20 17 5 4 4 2 2 1 0 0 0 0 0 0 0
"121" 121 0.0928270042194 345 121 28 3 3 0 0 0 0 0 0 0 0 0 0 0 0 0 0 0
"122" 122 0.10152284264 453 33 8 2 2 1 1 0 0 0 0 0 0 0 0 0 0 0 0 0
"123" 123 0.278846153846 122 81 65 47 44 29 24 18 17 13 12 11 6 5 3 2 1 0 0 0
"124" 124 0.093023255814 470 27 3 0 0 0 0 0 0 0 0 0 0 0 0 0 0 0 0 0
"125" 125 0.315602836879 499 1 0 0 0 0 0 0 0 0 0 0 0 0 0 0 0 0 0 0
"126" 126 0.031007751938 498 1 1 0 0 0 0 0 0 0 0 0 0 0 0 0 0 0 0 0
"127" 127 0.384105960265 176 102 69 36 29 17 16 10 10 9 7 7 6 3 2 1 0 0 0 0
"128" 128 0.627737226277 115 112 43 39 31 27 26 23 22 14 13 11 7 5 4 4 2 1 1 0
"129" 129 0.322869955157 210 63 45 39 35 29 21 19 12 7 6 5 4 2 2 1 0 0 0 0
"130" 130 0.529801324503 453 34 10 2 1 0 0 0 0 0 0 0 0 0 0 0 0 0 0 0
"131" 131 0.388601036269 224 147 47 35 16 11 8 4 4 3 1 0 0 0 0 0 0 0 0 0
"132" 132 0.810344827586 92 79 79 59 44 43 29 21 13 12 11 6 6 4 2 0 0 0 0 0
"133" 133 0.375634517766 398 43 35 7 6 4 3 1 1 1 1 0 0 0 0 0 0 0 0 0
"134" 134 0.759493670886 104 63 52 43 39 37 29 28 25 20 18 17 12 7 3 3 0 0 0 0
"135" 135 0.369230769231 232 114 94 50 8 1 1 0 0 0 0 0 0 0 0 0 0 0 0 0
"136" 136 0.569343065693 90 80 71 65 41 35 33 27 14 9 8 8 8 6 3 1 1 0 0 0
"137" 137 0.517857142857 138 82 63 47 35 32 23 15 14 12 11 10 10 4 3 1 0 0 0 0
"138" 138 0.214285714286 497 3 0 0 0 0 0 0 0 0 0 0 0 0 0 0 0 0 0 0
"139" 139 0.194029850746 151 123 54 35 26 24 21 21 19 9 8 4 2 2 1 0 0 0 0 0
"140" 140 0.357512953368 125 79 76 53 37 34 27 23 22 8 5 3 2 2 1 1 1 1 0 0
"141" 141 0.455357142857 110 78 59 47 42 40 40 39 18 10 4 4 3 3 1 1 1 0 0 0
"142" 142 0.213930348259 390 47 21 17 9 6 4 4 1 1 0 0 0 0 0 0 0 0 0 0
"143" 143 0.313953488372 162 80 56 45 32 26 26 15 13 10 8 8 6 6 3 3 1 0 0 0
"144" 144 0.641255605381 100 57 53 46 44 35 34 31 26 20 16 15 14 4 3 2 0 0 0 0
"145" 145 0.46835443038 102 73 57 56 39 32 25 22 20 19 17 10 9 9 8 2 0 0 0 0
"146" 146 0.184615384615 156 116 61 41 36 32 25 18 5 5 3 1 1 0 0 0 0 0 0 0
"147" 147 0.418604651163 90 90 67 42 41 40 33 32 17 16 15 7 5 4 1 0 0 0 0 0
"148" 148 0.3125 103 95 50 44 43 34 33 31 25 15 10 7 7 2 1 0 0 0 0 0
"149" 149 0.29197080292 275 51 48 46 23 17 13 12 6 3 3 2 1 0 0 0 0 0 0 0
"150" 150 0.117154811715 471 27 2 0 0 0 0 0 0 0 0 0 0 0 0 0 0 0 0 0
"151" 151 0.320675105485 189 73 54 53 30 27 19 16 12 10 7 6 3 1 0 0 0 0 0 0
"152" 152 0.528497409326 197 82 71 37 33 18 17 8 8 5 5 5 4 4 3 1 1 1 0 0
"153" 153 0.418604651163 292 189 13 3 3 0 0 0 0 0 0 0 0 0 0 0 0 0 0 0
"154" 154 0.424107142857 89 84 76 62 60 37 27 15 12 10 10 9 6 2 1 0 0 0 0 0
"155" 155 0.39896373057 196 125 66 23 16 12 12 11 9 8 5 5 5 4 2 1 0 0 0 0
"156" 156 0.0761421319797 474 26 0 0 0 0 0 0 0 0 0 0 0 0 0 0 0 0 0 0
"157" 157 0.503144654088 494 2 2 1 1 0 0 0 0 0 0 0 0 0 0 0 0 0 0 0
"158" 158 0.126582278481 500 0 0 0 0 0 0 0 0 0 0 0 0 0 0 0 0 0 0 0
"159" 159 0.0 500 0 0 0 0 0 0 0 0 0 0 0 0 0 0 0 0 0 0 0
"160" 160 0.746113989637 452 8 7 6 6 5 5 4 2 2 1 1 1 0 0 0 0 0 0 0
"161" 161 0.212927756654 306 46 42 26 26 24 20 7 2 1 0 0 0 0 0 0 0 0 0 0
"162" 162 0.0744680851064 494 3 1 1 1 0 0 0 0 0 0 0 0 0 0 0 0 0 0 0
"163" 163 0.0288461538462 500 0 0 0 0 0 0 0 0 0 0 0 0 0 0 0 0 0 0 0
"164" 164 0.0192307692308 500 0 0 0 0 0 0 0 0 0 0 0 0 0 0 0 0 0 0 0
"165" 165 0.0 423 58 9 4 3 2 1 0 0 0 0 0 0 0 0 0 0 0 0 0
"166" 166 0.0583941605839 140 132 92 80 21 8 8 8 6 4 1 0 0 0 0 0 0 0 0 0
"167" 167 0.0 486 14 0 0 0 0 0 0 0 0 0 0 0 0 0 0 0 0 0 0
"168" 168 0.0 337 132 10 10 3 3 3 1 1 0 0 0 0 0 0 0 0 0 0 0
"169" 169 0.0251572327044 497 3 0 0 0 0 0 0 0 0 0 0 0 0 0 0 0 0 0 0
"170" 170 0.208955223881 323 88 25 21 16 9 7 6 2 2 1 0 0 0 0 0 0 0 0 0
"171" 171 0.254464285714 313 48 34 24 23 23 19 9 6 1 0 0 0 0 0 0 0 0 0 0
"172" 172 0.0 482 17 1 0 0 0 0 0 0 0 0 0 0 0 0 0 0 0 0 0
"173" 173 0.0223214285714 500 0 0 0 0 0 0 0 0 0 0 0 0 0 0 0 0 0 0 0
"174" 174 0.0 500 0 0 0 0 0 0 0 0 0 0 0 0 0 0 0 0 0 0 0
"175" 175 0.124113475177 162 114 108 101 8 3 1 1 1 1 0 0 0 0 0 0 0 0 0 0
"176" 176 0.00448430493274 500 0 0 0 0 0 0 0 0 0 0 0 0 0 0 0 0 0 0 0
"177" 177 0.0480769230769 443 14 10 8 4 4 4 3 3 2 2 1 1 1 0 0 0 0 0 0
"178" 178 0.288321167883 325 50 21 20 17 16 11 10 9 7 5 3 3 3 0 0 0 0 0 0
"179" 179 0.761006289308 129 93 90 32 32 27 26 17 16 10 8 6 5 3 3 1 1 1 0 0
"180" 180 0.430463576159 184 109 83 29 26 14 14 13 13 5 5 5 0 0 0 0 0 0 0 0
"181" 181 0.748175182482 494 5 1 0 0 0 0 0 0 0 0 0 0 0 0 0 0 0 0 0
"182" 182 0.592039800995 96 89 79 52 38 32 31 29 15 14 8 5 4 3 3 1 1 0 0 0
"183" 183 0.200956937799 302 66 45 40 22 14 7 3 1 0 0 0 0 0 0 0 0 0 0 0
"184" 184 0.0518134715026 373 62 55 6 4 0 0 0 0 0 0 0 0 0 0 0 0 0 0 0
"185" 185 0.178832116788 500 0 0 0 0 0 0 0 0 0 0 0 0 0 0 0 0 0 0 0
"186" 186 0.0209205020921 287 127 86 0 0 0 0 0 0 0 0 0 0 0 0 0 0 0 0 0
"187" 187 0.0 389 46 28 21 6 3 3 2 1 1 0 0 0 0 0 0 0 0 0 0
"188" 188 0.0 485 15 0 0 0 0 0 0 0 0 0 0 0 0 0 0 0 0 0 0
"189" 189 0.372262773723 317 159 17 2 2 1 1 1 0 0 0 0 0 0 0 0 0 0 0 0
"190" 190 0.142335766423 500 0 0 0 0 0 0 0 0 0 0 0 0 0 0 0 0 0 0 0
"191" 191 0.721518987342 136 68 52 52 39 35 26 26 23 11 10 9 6 4 3 0 0 0 0 0
"192" 192 0.366279069767 90 64 44 41 41 36 34 34 21 21 19 18 17 8 4 4 4 0 0 0
"193" 193 0.290178571429 182 120 45 43 42 22 12 7 6 6 4 4 4 2 1 0 0 0 0 0
"194" 194 0.671794871795 155 76 51 34 26 23 20 19 17 13 11 11 11 10 8 7 6 2 0 0
"195" 195 0.295336787565 171 163 67 23 18 16 13 10 9 4 2 2 2 0 0 0 0 0 0 0
"196" 196 0.610062893082 473 8 5 4 3 2 2 2 1 0 0 0 0 0 0 0 0 0 0 0
"197" 197 0.173758865248 500 0 0 0 0 0 0 0 0 0 0 0 0 0 0 0 0 0 0 0
"198" 198 0.527426160338 339 114 16 6 6 5 3 3 3 2 1 1 1 0 0 0 0 0 0 0
"199" 199 0.367816091954 312 87 44 31 17 6 3 0 0 0 0 0 0 0 0 0 0 0 0 0
"200" 200 0.379310344828 179 72 59 42 41 39 20 17 12 10 4 4 1 0 0 0 0 0 0 0
"201" 201 0.379562043796 141 140 89 85 23 10 6 5 1 0 0 0 0 0 0 0 0 0 0 0
"202" 202 0.199004975124 489 7 3 1 0 0 0 0 0 0 0 0 0 0 0 0 0 0 0 0
"203" 203 0.581395348837 401 16 16 12 11 11 10 7 5 3 2 2 1 1 1 1 0 0 0 0
"204" 204 0.610062893082 479 13 6 2 0 0 0 0 0 0 0 0 0 0 0 0 0 0 0 0
