"site" "RSA" "aa1" "aa2" "aa3" "aa4" "aa5" "aa6" "aa7" "aa8" "aa9" "aa10" "aa11" "aa12" "aa13" "aa14" "aa15" "aa16" "aa17" "aa18" "aa19" "aa20"
"0" 0 0.773255813953 0 0 0 0 76 10 0 0 374 0 0 0 0 0 0 0 0 40 0 0
"1" 1 0.313432835821 48 0 0 0 0 0 6 0 0 0 0 0 0 444 0 0 2 0 0 0
"2" 2 0.15611814346 0 0 0 0 0 40 19 0 0 259 1 0 0 6 156 0 0 1 18 0
"3" 3 0.0 0 0 0 0 0 0 160 0 1 0 0 0 0 70 0 0 269 0 0 0
"4" 4 0.0 1 0 0 0 0 0 0 0 0 0 496 1 0 0 1 0 0 1 0 0
"5" 5 0.0 0 0 0 0 0 0 0 500 0 0 0 0 0 0 0 0 0 0 0 0
"6" 6 0.046357615894 0 125 0 24 0 0 109 0 0 0 0 0 0 210 0 0 0 32 0 0
"7" 7 0.0 0 0 333 0 0 0 0 0 0 0 109 0 0 1 0 0 55 0 0 2
"8" 8 0.149253731343 0 0 0 0 0 3 0 0 0 0 50 1 0 0 0 87 0 160 199 0
"9" 9 0.31007751938 0 0 67 0 0 0 0 0 0 0 425 7 1 0 0 0 0 0 0 0
"10" 10 0.108527131783 2 0 145 0 0 0 0 0 58 0 0 286 9 0 0 0 0 0 0 0
"11" 11 0.383419689119 0 428 0 0 0 0 0 0 0 0 0 0 0 0 0 0 0 72 0 0
"12" 12 0.422053231939 0 0 0 0 0 164 0 0 0 0 0 0 0 0 0 0 0 0 0 336
"13" 13 0.635658914729 0 0 428 0 0 0 0 0 0 0 0 0 0 0 72 0 0 0 0 0
"14" 14 0.420512820513 0 0 0 11 0 0 0 0 0 0 0 0 0 0 489 0 0 0 0 0
"15" 15 0.1589958159 0 0 1 0 0 0 0 0 0 496 0 0 0 0 0 3 0 0 0 0
"16" 16 0.341085271318 0 0 0 0 0 41 0 0 0 0 6 0 0 0 453 0 0 0 0 0
"17" 17 0.370860927152 0 362 0 0 0 5 0 0 0 0 0 0 0 0 0 0 0 133 0 0
"18" 18 0.0580357142857 0 0 0 0 0 0 0 0 0 0 1 0 0 0 0 0 0 491 0 8
"19" 19 0.0 0 0 0 0 1 0 0 0 0 0 0 0 0 499 0 0 0 0 0 0
"20" 20 0.364341085271 0 0 0 0 0 363 0 0 0 0 0 0 1 0 135 0 0 1 0 0
"21" 21 0.215328467153 0 0 0 0 0 480 0 0 0 0 0 0 0 0 9 0 0 11 0 0
"22" 22 0.0 0 0 0 0 0 0 491 0 0 0 0 0 0 0 0 0 9 0 0 0
"23" 23 0.3125 0 0 0 0 0 0 0 0 0 0 0 0 0 19 0 0 0 135 0 346
"24" 24 0.620535714286 0 0 30 0 0 52 0 0 0 0 0 0 0 0 397 0 0 21 0 0
"25" 25 0.0988372093023 0 0 227 0 0 0 0 0 272 0 0 1 0 0 0 0 0 0 0 0
"26" 26 0.373056994819 0 48 0 398 0 32 0 0 0 0 0 0 10 0 12 0 0 0 0 0
"27" 27 0.0232558139535 0 0 0 0 0 0 0 0 0 0 500 0 0 0 0 0 0 0 0 0
"28" 28 0.272321428571 0 9 0 0 0 356 0 0 4 0 0 0 0 115 10 0 0 6 0 0
"29" 29 0.0456273764259 6 4 4 0 3 9 0 0 1 19 5 3 1 220 1 0 0 190 34 0
"30" 30 0.0 0 0 0 0 0 0 0 0 53 0 4 0 0 0 0 0 442 1 0 0
"31" 31 0.0 176 35 20 6 9 0 0 0 0 12 112 0 64 0 0 1 0 55 10 0
"32" 32 0.0 0 0 0 0 0 0 331 0 0 0 0 0 0 0 0 0 169 0 0 0
"33" 33 0.0310880829016 0 2 0 0 12 0 13 0 75 0 0 0 0 321 3 0 34 14 0 26
"34" 34 0.0406091370558 81 0 1 0 0 0 184 0 0 0 0 0 4 3 0 0 225 0 0 2
"35" 35 0.0366972477064 8 0 0 0 0 0 0 0 0 0 0 0 3 0 0 0 0 2 0 487
"36" 36 0.165803108808 0 500 0 0 0 0 0 0 0 0 0 0 0 0 0 0 0 0 0 0
"37" 37 0.211538461538 0 0 0 0 0 0 0 0 0 0 0 500 0 0 0 0 0 0 0 0
"38" 38 0.650224215247 0 0 3 0 0 497 0 0 0 0 0 0 0 0 0 0 0 0 0 0
"39" 39 0.171548117155 0 0 0 0 0 0 0 0 0 487 0 0 10 0 0 0 0 0 3 0
"40" 40 0.0459770114943 1 0 0 0 0 0 0 0 3 0 0 0 0 0 0 0 496 0 0 0
"41" 41 0.635220125786 0 0 0 0 0 488 0 12 0 0 0 0 0 0 0 0 0 0 0 0
"42" 42 0.45641025641 0 0 0 0 0 478 0 0 10 0 0 0 0 0 0 2 0 0 10 0
"43" 43 0.664974619289 0 0 0 0 0 497 0 0 0 0 0 0 0 0 3 0 0 0 0 0
"44" 44 0.198675496689 0 0 500 0 0 0 0 0 0 0 0 0 0 0 0 0 0 0 0 0
"45" 45 0.0962343096234 0 0 0 0 0 0 0 0 0 500 0 0 0 0 0 0 0 0 0 0
"46" 46 0.307692307692 0 16 0 0 0 0 0 0 7 0 0 477 0 0 0 0 0 0 0 0
"47" 47 0.131782945736 0 0 0 0 0 0 0 435 0 0 42 0 0 0 0 16 0 0 7 0
"48" 48 0.740932642487 0 0 16 0 0 475 0 0 0 0 0 0 0 2 7 0 0 0 0 0
"49" 49 0.252873563218 0 0 0 0 1 0 0 0 0 0 3 0 0 0 0 0 357 0 0 139
"50" 50 0.0 0 0 0 0 0 0 322 0 0 0 0 0 0 72 0 0 106 0 0 0
"51" 51 0.294573643411 0 0 0 0 0 500 0 0 0 0 0 0 0 0 0 0 0 0 0 0
"52" 52 0.483443708609 0 0 0 0 0 498 0 0 0 0 0 0 0 0 2 0 0 0 0 0
"53" 53 0.0137614678899 0 1 0 0 0 0 0 0 0 0 0 0 0 0 0 0 0 0 0 499
"54" 54 0.189781021898 0 0 0 0 0 0 0 0 0 0 0 0 0 1 477 0 0 0 1 21
"55" 55 0.675105485232 0 477 0 0 0 23 0 0 0 0 0 0 0 0 0 0 0 0 0 0
"56" 56 0.377990430622 0 0 0 0 0 0 0 0 0 0 0 0 0 0 0 452 0 0 48 0
"57" 57 0.0596026490066 0 0 92 0 0 0 0 0 408 0 0 0 0 0 0 0 0 0 0 0
"58" 58 0.759493670886 0 0 0 0 0 459 0 0 41 0 0 0 0 0 0 0 0 0 0 0
"59" 59 0.144278606965 0 0 15 0 0 5 0 0 41 0 3 1 0 435 0 0 0 0 0 0
"60" 60 0.224137931034 0 0 0 0 13 1 429 0 0 0 0 0 0 1 0 0 0 18 5 33
"61" 61 0.0 0 0 0 0 0 0 0 0 0 91 0 0 0 408 0 0 0 0 0 1
"62" 62 0.0 5 68 2 312 0 0 0 0 0 0 0 0 109 0 0 0 2 2 0 0
"63" 63 0.0 0 0 4 0 0 0 0 0 21 0 0 0 0 0 0 0 474 1 0 0
"64" 64 0.0 14 73 5 3 0 0 185 0 1 97 0 0 9 97 0 0 9 7 0 0
"65" 65 0.0 77 0 0 0 0 0 3 0 0 0 3 0 0 0 0 0 12 0 0 405
"66" 66 0.0137614678899 0 0 0 0 74 7 0 0 0 45 327 0 0 28 2 0 0 11 6 0
"67" 67 0.0114942528736 11 0 0 0 0 0 35 0 2 0 2 0 0 0 0 0 428 0 0 22
"68" 68 0.241379310345 0 3 0 0 0 0 0 0 0 0 0 0 0 9 488 0 0 0 0 0
"69" 69 0.414507772021 0 9 0 445 0 0 0 0 0 0 0 0 0 0 3 0 0 43 0 0
"70" 70 0.0062893081761 0 0 0 0 0 0 0 500 0 0 0 0 0 0 0 0 0 0 0 0
"71" 71 0.200892857143 0 0 7 0 4 61 0 0 0 0 13 0 0 0 0 134 0 120 161 0
"72" 72 0.481751824818 0 0 26 0 0 113 0 0 0 0 0 0 1 0 358 0 0 2 0 0
"73" 73 0.304182509506 0 0 0 47 20 0 0 0 4 0 0 0 9 7 0 0 0 4 378 31
"74" 74 0.0114942528736 0 0 1 0 0 0 2 0 0 0 296 0 0 0 0 0 201 0 0 0
"75" 75 0.464285714286 0 34 0 0 11 205 0 0 0 0 0 0 0 0 0 0 0 250 0 0
"76" 76 0.325581395349 0 9 0 23 0 244 0 0 0 0 0 0 0 0 44 4 0 8 3 165
"77" 77 0.00836820083682 0 0 1 1 0 0 0 0 0 36 0 0 0 462 0 0 0 0 0 0
"78" 78 0.22480620155 0 0 0 0 0 0 0 0 0 0 453 0 0 0 47 0 0 0 0 0
"79" 79 0.681614349776 0 12 0 0 0 218 0 0 0 0 1 0 0 1 257 0 0 11 0 0
"80" 80 0.0697674418605 0 0 0 0 0 0 0 0 0 0 500 0 0 0 0 0 0 0 0 0
"81" 81 0.182692307692 0 0 0 0 0 0 0 0 0 0 0 500 0 0 0 0 0 0 0 0
"82" 82 0.0542635658915 0 0 18 0 0 0 0 0 0 0 482 0 0 0 0 0 0 0 0 0
"83" 83 0.305699481865 0 22 0 0 0 0 0 0 0 0 0 0 478 0 0 0 0 0 0 0
"84" 84 0.0152284263959 0 0 0 0 0 0 422 0 13 3 0 0 0 0 2 13 41 0 5 1
"85" 85 0.0 0 0 0 0 0 0 500 0 0 0 0 0 0 0 0 0 0 0 0 0
"86" 86 0.0 2 0 0 0 0 0 2 0 496 0 0 0 0 0 0 0 0 0 0 0
"87" 87 0.010152284264 0 0 0 0 0 0 234 0 7 0 0 0 0 0 0 0 259 0 0 0
"88" 88 0.0 0 0 7 0 0 0 0 0 0 420 3 0 0 0 0 0 0 0 1 69
"89" 89 0.127906976744 0 0 4 0 0 0 2 0 293 0 0 0 0 0 0 0 199 2 0 0
"90" 90 0.272321428571 0 58 6 0 1 1 0 0 0 0 66 4 0 0 0 0 0 315 0 49
"91" 91 0.0529801324503 0 0 0 0 0 0 0 0 0 0 500 0 0 0 0 0 0 0 0 0
"92" 92 0.104651162791 0 0 0 0 0 0 0 0 500 0 0 0 0 0 0 0 0 0 0 0
"93" 93 0.850364963504 0 499 0 0 0 0 0 0 0 0 0 0 0 0 0 0 0 1 0 0
"94" 94 0.636363636364 0 0 0 0 0 0 0 0 0 0 0 0 0 0 500 0 0 0 0 0
"95" 95 0.147208121827 0 0 4 0 2 0 486 0 0 0 3 0 5 0 0 0 0 0 0 0
"96" 96 0.406698564593 0 0 0 0 0 149 0 0 0 0 0 0 0 0 350 0 0 1 0 0
"97" 97 0.317307692308 0 317 2 0 0 83 0 0 0 0 0 0 0 0 0 0 0 98 0 0
"98" 98 0.0232558139535 0 0 0 0 0 0 0 0 265 0 235 0 0 0 0 0 0 0 0 0
"99" 99 0.0 0 0 0 2 0 0 0 0 0 0 0 0 0 497 0 0 0 1 0 0
"100" 100 0.488789237668 0 0 0 0 6 78 0 0 0 0 0 0 0 202 197 6 0 11 0 0
"101" 101 0.430379746835 0 0 0 0 30 70 0 0 4 0 3 2 0 367 0 0 0 24 0 0
"102" 102 0.0 0 0 0 0 0 0 500 0 0 0 0 0 0 0 0 0 0 0 0 0
"103" 103 0.371308016878 0 0 0 0 0 0 0 0 0 0 0 0 0 75 421 0 0 0 0 4
"104" 104 0.705426356589 0 6 0 0 0 481 0 0 0 0 0 0 0 1 12 0 0 0 0 0
"105" 105 0.271317829457 0 3 0 1 29 232 0 0 0 0 181 22 0 0 0 0 0 24 0 8
"106" 106 0.673076923077 0 0 0 0 0 0 0 0 0 0 0 500 0 0 0 0 0 0 0 0
"107" 107 0.0733944954128 500 0 0 0 0 0 0 0 0 0 0 0 0 0 0 0 0 0 0 0
"108" 108 0.472573839662 0 0 0 0 0 122 0 0 0 0 0 0 0 321 39 0 0 2 16 0
"109" 109 0.0 3 0 0 0 0 0 0 0 0 0 497 0 0 0 0 0 0 0 0 0
"110" 110 0.0 0 0 0 0 0 0 0 0 0 0 0 500 0 0 0 0 0 0 0 0
"111" 111 0.0 8 0 5 0 0 0 0 0 0 0 0 0 0 0 0 0 487 0 0 0
"112" 112 0.0 0 0 5 0 0 0 0 0 0 0 66 0 0 0 0 0 429 0 0 0
"113" 113 0.0 2 0 1 0 0 0 497 0 0 0 0 0 0 0 0 0 0 0 0 0
"114" 114 0.153846153846 0 0 0 0 0 69 0 0 3 0 0 0 0 0 163 0 0 0 0 265
"115" 115 0.150943396226 0 0 0 0 0 0 0 500 0 0 0 0 0 0 0 0 0 0 0 0
"116" 116 0.692307692308 0 320 4 0 5 47 0 0 0 0 0 1 0 0 0 0 0 123 0 0
"117" 117 0.151162790698 1 36 115 0 2 0 24 0 206 0 0 0 0 0 0 0 15 39 0 62
"118" 118 0.465408805031 0 0 0 0 0 0 0 499 0 0 0 0 1 0 0 0 0 0 0 0
"119" 119 0.093023255814 0 0 21 0 0 0 0 0 0 0 199 10 1 0 0 255 0 11 3 0
"120" 120 0.470930232558 0 136 1 0 0 234 0 0 0 0 0 0 0 0 0 124 0 5 0 0
"121" 121 0.248062015504 0 2 0 12 2 31 0 0 1 0 244 0 0 0 0 0 0 1 0 207
"122" 122 0.0 0 0 0 0 0 0 0 0 0 0 0 1 0 499 0 0 0 0 0 0
"123" 123 0.388392857143 0 0 0 0 0 199 0 0 0 0 0 0 0 17 210 2 0 72 0 0
"124" 124 0.534591194969 0 205 0 0 0 0 0 295 0 0 0 0 0 0 0 0 0 0 0 0
"125" 125 0.00995024875622 0 0 0 0 0 0 0 0 2 0 0 0 2 486 0 0 0 0 10 0
"126" 126 0.00995024875622 0 0 1 0 1 0 0 0 0 0 1 0 0 496 0 0 0 0 0 1
"127" 127 0.616580310881 0 0 0 0 0 500 0 0 0 0 0 0 0 0 0 0 0 0 0 0
"128" 128 0.0796019900498 0 59 0 2 6 5 127 0 0 0 0 0 104 0 4 0 0 187 6 0
"129" 129 0.0574712643678 2 0 0 0 0 0 2 0 6 0 0 0 0 0 0 0 490 0 0 0
"130" 130 0.284974093264 0 74 0 0 0 1 0 0 0 0 0 0 425 0 0 0 0 0 0 0
"131" 131 0.00896860986547 1 0 0 0 55 0 4 0 0 0 0 0 0 17 5 0 30 14 0 374
"132" 132 0.0 0 0 0 0 0 0 9 0 0 0 2 0 0 0 0 0 489 0 0 0
"133" 133 0.0 1 0 0 1 1 0 0 0 11 0 0 0 0 243 0 0 196 6 0 41
"134" 134 0.0 0 0 0 0 0 0 499 0 0 0 0 0 0 0 0 0 1 0 0 0
"135" 135 0.0183486238532 0 1 0 0 0 0 0 0 0 0 0 0 0 0 0 2 0 0 0 497
"136" 136 0.0 0 0 0 0 0 0 0 0 500 0 0 0 0 0 0 0 0 0 0 0
"137" 137 0.0459770114943 0 0 0 0 0 0 498 0 0 0 0 0 0 0 2 0 0 0 0 0
"138" 138 0.441025641026 0 0 0 0 0 23 0 0 0 0 0 0 53 0 322 3 0 0 99 0
"139" 139 0.138364779874 0 0 0 0 0 0 0 500 0 0 0 0 0 0 0 0 0 0 0 0
"140" 140 0.0480769230769 0 0 0 0 0 0 0 0 0 0 0 500 0 0 0 0 0 0 0 0
"141" 141 0.464435146444 0 0 42 0 0 0 0 0 0 0 0 0 6 0 397 0 0 23 32 0
"142" 142 0.519230769231 0 78 20 0 5 0 0 0 252 0 0 36 0 107 0 0 0 2 0 0
"143" 143 0.586538461538 0 0 0 0 0 0 0 0 0 0 0 500 0 0 0 0 0 0 0 0
"144" 144 0.210762331839 0 0 0 0 495 0 0 0 0 0 0 0 0 0 0 0 0 0 0 5
"145" 145 0.651162790698 0 0 0 0 0 500 0 0 0 0 0 0 0 0 0 0 0 0 0 0
"146" 146 0.167364016736 0 0 0 0 0 0 0 0 0 419 0 0 57 0 0 0 0 0 24 0
"147" 147 0.187817258883 0 27 0 0 0 0 35 0 0 0 0 0 0 0 438 0 0 0 0 0
"148" 148 0.427672955975 0 12 0 0 0 0 0 488 0 0 0 0 0 0 0 0 0 0 0 0
"149" 149 0.513392857143 0 1 0 0 0 35 0 0 0 0 0 0 0 0 0 0 0 464 0 0
"150" 150 0.0253164556962 0 0 0 0 0 0 0 0 0 0 500 0 0 0 0 0 0 0 0 0
"151" 151 0.119402985075 0 0 25 0 8 0 0 0 43 0 0 0 0 424 0 0 0 0 0 0
"152" 152 0.611607142857 0 0 0 0 0 499 0 0 0 0 0 0 0 0 1 0 0 0 0 0
"153" 153 0.0970464135021 0 0 0 0 212 0 55 0 0 0 0 0 4 9 0 5 0 0 215 0
"154" 154 0.0 0 0 4 0 0 0 30 0 0 0 5 0 0 2 0 0 459 0 0 0
"155" 155 0.356589147287 0 0 1 0 0 499 0 0 0 0 0 0 0 0 0 0 0 0 0 0
"156" 156 0.296511627907 0 8 0 0 0 13 0 0 133 0 248 0 0 9 0 4 0 79 4 2
"157" 157 0.0 0 0 0 0 1 0 408 0 0 1 0 0 0 0 0 0 88 0 0 2
"158" 158 0.147286821705 0 7 0 0 0 0 0 0 0 0 6 0 0 0 0 3 0 482 2 0
"159" 159 0.510548523207 0 0 0 0 0 152 0 0 0 0 45 0 0 0 98 0 0 205 0 0
"160" 160 0.13829787234 0 3 0 0 0 0 0 0 0 0 0 0 0 164 54 87 0 5 1 186
"161" 161 0.222627737226 0 0 0 0 0 0 0 0 0 0 0 0 0 0 495 0 0 0 0 5
"162" 162 0.683937823834 0 5 0 0 99 167 0 0 0 0 0 0 0 2 224 0 0 0 0 3
"163" 163 0.46875 0 49 0 0 0 223 0 0 0 0 0 0 0 0 173 0 0 55 0 0
"164" 164 0.337552742616 0 0 0 1 3 237 0 0 0 0 0 0 0 254 4 0 0 0 0 1
"165" 165 0.692307692308 0 0 0 0 0 0 0 0 0 0 0 500 0 0 0 0 0 0 0 0
"166" 166 0.228855721393 0 0 0 0 495 0 0 0 0 0 0 0 0 5 0 0 0 0 0 0
"167" 167 0.761589403974 0 0 0 0 0 0 0 0 0 0 0 0 0 0 500 0 0 0 0 0
"168" 168 0.0334728033473 0 0 0 0 0 0 0 0 0 492 5 0 1 0 0 0 0 0 2 0
"169" 169 0.176165803109 0 42 1 41 0 0 0 0 0 0 0 0 74 106 37 22 0 11 0 166
"170" 170 0.0 0 0 0 0 0 0 198 0 0 0 0 0 0 11 0 0 291 0 0 0
"171" 171 0.0 203 0 5 0 45 36 0 0 0 0 193 0 0 0 0 0 0 18 0 0
"172" 172 0.0 49 0 24 0 0 0 0 0 14 0 8 0 0 2 0 0 403 0 0 0
"173" 173 0.0829015544041 120 1 0 10 1 79 0 0 1 5 0 0 3 0 0 0 0 0 0 280
"174" 174 0.0673076923077 0 0 0 0 0 0 0 0 0 0 0 500 0 0 0 0 0 0 0 0
"175" 175 0.259615384615 0 0 0 0 0 0 0 0 0 0 0 500 0 0 0 0 0 0 0 0
"176" 176 0.0344827586207 0 0 0 1 0 0 0 0 52 0 0 0 0 0 0 0 447 0 0 0
"177" 177 0.20725388601 0 497 0 3 0 0 0 0 0 0 0 0 0 0 0 0 0 0 0 0
"178" 178 0.312820512821 0 0 7 0 0 463 0 0 14 0 0 0 0 0 0 0 0 16 0 0
"179" 179 0.704641350211 0 0 0 0 0 0 0 0 500 0 0 0 0 0 0 0 0 0 0 0
"180" 180 0.139534883721 0 0 0 0 0 12 0 0 488 0 0 0 0 0 0 0 0 0 0 0
"181" 181 0.0 0 0 0 0 0 0 0 0 0 0 493 6 0 0 0 0 0 0 0 1
"182" 182 0.310218978102 0 10 0 0 0 185 0 0 0 0 0 0 0 86 216 0 0 3 0 0
"183" 183 0.325581395349 0 0 0 0 0 479 0 0 0 0 0 0 0 0 0 0 0 9 0 12
"184" 184 0.0 194 45 0 29 40 0 0 0 0 0 93 87 0 0 0 0 0 12 0 0
"185" 185 0.365019011407 0 0 0 0 0 458 0 0 0 0 0 0 0 28 13 0 0 0 1 0
"186" 186 0.575892857143 0 0 0 0 0 96 0 0 0 0 0 0 0 185 3 0 0 216 0 0
"187" 187 0.15503875969 0 0 4 0 0 0 0 0 0 0 496 0 0 0 0 0 0 0 0 0
"188" 188 0.201923076923 0 0 0 0 0 0 0 0 0 0 0 500 0 0 0 0 0 0 0 0
"189" 189 0.015503875969 0 0 0 0 0 0 0 0 0 0 500 0 0 0 0 0 0 0 0 0
"190" 190 0.102564102564 0 89 0 111 0 1 0 0 0 0 0 0 0 0 294 0 4 0 1 0
"191" 191 0.0 0 0 2 0 0 0 0 0 3 0 0 0 1 0 0 0 489 1 0 4
"192" 192 0.0 0 0 0 0 0 0 0 0 0 452 0 0 48 0 0 0 0 0 0 0
"193" 193 0.0 22 0 39 0 3 0 4 0 18 0 73 0 3 0 0 0 338 0 0 0
"194" 194 0.015503875969 1 0 0 0 0 0 0 0 0 0 499 0 0 0 0 0 0 0 0 0
"195" 195 0.163461538462 0 0 0 0 0 0 0 0 0 0 0 500 0 0 0 0 0 0 0 0
"196" 196 0.390728476821 0 3 0 0 21 1 0 454 0 0 0 0 0 0 0 0 0 21 0 0
"197" 197 0.0760456273764 0 0 0 0 2 0 0 0 14 398 0 1 8 0 0 2 0 0 75 0
"198" 198 0.0 0 0 0 0 0 0 79 0 0 0 0 0 0 421 0 0 0 0 0 0
"199" 199 0.100418410042 0 0 60 0 0 0 0 0 0 350 9 0 0 0 0 81 0 0 0 0
"200" 200 0.666666666667 0 0 455 0 0 0 0 0 0 0 0 0 0 0 45 0 0 0 0 0
"201" 201 0.139534883721 0 0 2 0 106 329 0 0 0 0 58 5 0 0 0 0 0 0 0 0
"202" 202 0.774834437086 0 0 0 0 0 500 0 0 0 0 0 0 0 0 0 0 0 0 0 0
"203" 203 0.40932642487 0 457 0 40 0 0 0 0 0 0 0 0 0 0 0 0 0 3 0 0
"204" 204 0.0149253731343 0 0 0 0 0 0 0 0 0 0 0 0 0 420 0 0 0 0 0 80
"205" 205 0.298850574713 0 0 0 0 0 422 0 0 0 0 0 0 0 0 48 0 7 23 0 0
"206" 206 0.377483443709 0 26 0 0 4 388 0 0 1 0 0 0 5 0 58 0 0 18 0 0
"207" 207 0.139013452915 0 0 0 0 58 0 0 0 0 0 435 0 0 0 0 0 0 3 0 4
"208" 208 0.0 0 0 0 0 0 0 1 0 0 0 230 0 0 0 0 0 269 0 0 0
"209" 209 0.399103139013 0 0 0 1 0 315 0 0 0 0 0 0 0 8 15 0 0 132 0 29
"210" 210 0.244186046512 0 0 62 2 0 68 65 0 0 0 0 0 0 0 20 0 0 281 0 2
"211" 211 0.0 0 0 0 0 0 0 14 0 0 0 0 1 0 483 0 0 0 0 0 2
"212" 212 0.175182481752 0 0 0 0 0 89 0 0 0 0 0 0 1 122 167 0 0 1 0 120
"213" 213 0.56976744186 0 0 0 0 0 239 0 0 0 0 0 0 0 0 261 0 0 0 0 0
"214" 214 0.201550387597 0 0 0 0 0 0 0 0 0 0 500 0 0 0 0 0 0 0 0 0
"215" 215 0.0348258706468 0 0 0 0 0 0 0 0 0 0 7 0 0 492 0 0 1 0 0 0
"216" 216 0.851282051282 21 0 0 0 0 0 0 0 0 0 0 479 0 0 0 0 0 0 0 0
