"site" "RSA" "aa1" "aa2" "aa3" "aa4" "aa5" "aa6" "aa7" "aa8" "aa9" "aa10" "aa11" "aa12" "aa13" "aa14" "aa15" "aa16" "aa17" "aa18" "aa19" "aa20"
"0" 0 0.766423357664 0 0 0 13 3 23 0 0 0 0 0 0 0 0 3 0 0 0 0 0
"1" 1 0.426395939086 1 0 0 0 0 0 4 0 1 8 0 0 0 16 0 0 32 0 0 0
"2" 2 0.197674418605 1 0 1 2 3 0 2 0 21 6 0 0 11 0 1 0 8 2 6 2
"3" 3 0.497512437811 0 0 0 0 1 0 13 0 1 0 0 0 0 3 0 0 48 2 0 0
"4" 4 0.155172413793 2 0 1 0 0 0 20 0 1 3 2 0 0 17 0 0 25 0 0 8
"5" 5 0.663212435233 0 44 5 11 1 6 0 0 3 0 1 1 1 0 5 0 0 3 0 0
"6" 6 0.387559808612 0 0 0 0 0 0 0 0 0 0 0 0 83 0 0 0 0 0 0 0
"7" 7 0.584905660377 0 0 0 0 0 0 0 82 0 0 1 0 0 0 0 0 0 0 0 0
"8" 8 0.422885572139 1 0 0 0 0 0 0 0 0 1 0 0 0 80 0 0 1 0 0 0
"9" 9 0.0172413793103 0 0 0 0 0 0 46 0 0 0 0 0 0 3 0 0 34 0 0 0
"10" 10 0.511210762332 0 1 1 1 46 17 0 0 2 0 2 0 0 3 8 0 0 2 0 0
"11" 11 0.516746411483 0 1 0 0 0 0 0 0 0 0 1 0 80 0 0 0 0 0 1 0
"12" 12 0.160337552743 0 0 0 0 0 83 0 0 0 0 0 0 0 0 0 0 0 0 0 0
"13" 13 0.0547263681592 0 0 0 0 0 0 14 0 0 0 1 0 0 63 0 0 3 0 0 2
"14" 14 0.449612403101 0 0 21 1 0 0 0 0 35 0 5 20 1 0 0 0 0 0 0 0
"15" 15 0.377990430622 0 0 1 1 1 1 23 0 1 3 0 0 2 39 3 0 2 0 4 2
"16" 16 0.0 0 0 0 0 0 0 20 0 0 0 0 0 0 29 0 0 2 0 0 32
"17" 17 0.251824817518 0 0 0 0 0 0 0 0 0 0 0 0 0 0 83 0 0 0 0 0
"18" 18 0.233160621762 0 34 1 9 7 6 0 0 0 0 4 0 0 0 11 0 0 9 0 2
"19" 19 0.801687763713 0 1 0 1 1 45 0 0 0 0 10 3 3 0 4 0 5 9 0 1
"20" 20 0.740875912409 0 21 3 26 0 2 0 0 2 0 3 5 3 1 4 0 0 13 0 0
"21" 21 0.116279069767 3 0 2 0 1 0 13 0 56 0 2 0 0 2 0 0 3 0 0 1
"22" 22 0.336538461538 0 2 34 4 0 1 0 3 2 0 0 34 1 0 0 0 0 2 0 0
"23" 23 0.339622641509 0 0 12 1 0 0 0 8 55 0 1 1 0 0 0 0 5 0 0 0
"24" 24 0.518987341772 0 0 3 5 1 54 0 1 0 1 6 2 0 0 6 0 1 0 1 2
"25" 25 0.455958549223 0 16 9 1 6 8 1 0 5 0 0 2 0 0 2 0 4 29 0 0
"26" 26 0.0209205020921 0 0 0 0 0 0 0 0 0 82 0 0 0 0 0 0 1 0 0 0
"27" 27 0.288321167883 0 0 0 0 0 3 0 0 0 0 0 0 0 0 80 0 0 0 0 0
"28" 28 0.303571428571 0 4 1 0 10 1 0 0 3 0 11 0 0 0 6 0 0 44 0 3
"29" 29 0.10447761194 3 0 0 4 0 0 6 0 1 0 0 0 0 65 0 0 4 0 0 0
"30" 30 0.0232558139535 0 0 1 0 0 0 5 0 10 0 15 0 0 17 0 0 34 0 0 1
"31" 31 0.178571428571 0 9 9 10 6 7 0 0 3 0 9 6 0 0 13 0 0 11 0 0
"32" 32 0.357142857143 0 0 0 0 0 0 0 0 0 0 0 0 0 0 0 0 0 83 0 0
"33" 33 0.0574712643678 0 0 0 0 0 0 52 0 0 0 0 0 0 11 0 0 19 0 0 1
"34" 34 0.232558139535 1 0 20 0 0 0 0 0 8 0 39 14 0 0 0 0 1 0 0 0
"35" 35 0.308457711443 0 0 0 0 0 0 5 0 0 0 0 0 0 42 1 0 0 0 0 36
"36" 36 0.31007751938 8 0 1 0 0 0 1 0 18 1 33 12 0 3 0 0 6 0 1 0
"37" 37 0.619771863118 0 0 0 0 0 0 0 0 0 4 0 0 0 0 0 0 0 0 80 0
"38" 38 0.316964285714 0 0 0 0 0 0 0 0 0 0 0 0 0 0 0 0 0 84 0 0
"39" 39 0.139534883721 0 0 4 0 0 0 1 0 30 0 48 0 0 0 0 0 1 0 0 0
"40" 40 0.591240875912 0 0 1 0 4 13 0 0 3 0 0 1 0 0 62 0 0 0 0 0
"41" 41 0.414507772021 0 65 2 7 1 0 0 0 0 0 2 1 3 0 0 0 0 3 0 0
"42" 42 0.273631840796 0 0 0 0 0 0 2 0 0 12 0 0 0 62 0 0 3 0 0 5
"43" 43 0.638392857143 0 0 2 0 4 5 0 47 0 0 4 0 0 0 2 0 1 19 0 0
"44" 44 0.437810945274 1 0 0 0 0 0 1 0 20 0 0 0 0 53 0 0 6 0 0 3
"45" 45 0.459821428571 0 3 2 2 7 6 0 0 5 1 5 0 0 0 1 0 3 46 1 2
"46" 46 0.598214285714 0 23 2 4 3 5 0 8 7 0 3 0 0 1 1 0 2 24 0 1
"47" 47 0.343023255814 1 0 0 0 4 4 10 0 6 1 3 0 2 1 4 0 40 2 6 0
"48" 48 0.43023255814 1 1 4 0 4 1 2 3 14 0 1 0 2 0 3 0 3 45 0 0
"49" 49 0.390804597701 0 0 0 0 0 0 55 0 0 1 0 0 0 2 0 0 26 0 0 0
"50" 50 0.8125 0 7 0 1 9 6 1 2 4 0 1 0 0 0 1 0 0 52 0 0
"51" 51 0.354651162791 1 0 0 0 0 0 0 0 67 0 1 15 0 0 0 0 0 0 0 0
"52" 52 0.849056603774 0 0 0 0 0 0 0 66 0 0 0 0 0 0 0 18 0 0 0 0
"53" 53 0.771573604061 3 3 2 1 0 0 19 0 0 0 8 0 0 26 0 0 17 0 0 5
"54" 54 0.364341085271 8 0 4 0 4 0 1 0 5 0 19 25 0 0 0 0 2 13 0 3
"55" 55 0.685534591195 0 1 6 0 2 23 1 15 13 0 3 0 0 1 3 0 3 12 0 0
"56" 56 0.22480620155 4 0 2 0 0 0 4 0 24 0 16 3 0 1 0 0 11 0 1 17
"57" 57 0.64598540146 0 4 1 0 4 19 5 1 21 0 1 0 1 1 5 0 3 15 0 3
"58" 58 0.270114942529 6 0 7 0 4 1 4 0 7 3 18 16 0 0 0 0 17 1 0 0
"59" 59 0.565400843882 0 5 0 0 4 34 0 16 0 1 1 2 3 0 4 0 1 9 4 0
"60" 60 0.362068965517 0 0 1 0 14 6 2 0 2 2 4 0 1 2 12 0 19 8 0 10
"61" 61 0.502487562189 0 0 0 0 0 0 44 0 0 0 0 0 0 34 0 0 5 0 0 0
"62" 62 0.198675496689 0 2 21 2 2 17 0 0 3 0 26 2 0 1 1 0 0 4 0 0
"63" 63 0.711538461538 1 5 0 0 0 0 0 0 0 0 2 69 0 0 0 0 0 1 0 0
"64" 64 0.396624472574 0 0 1 2 1 65 0 1 1 0 1 0 0 0 11 0 0 1 0 0
"65" 65 0.405063291139 0 4 1 1 1 69 0 1 2 0 0 0 0 0 3 0 0 0 0 2
"66" 66 0.114427860697 0 0 0 0 0 0 17 1 1 0 0 0 0 45 0 0 19 0 0 1
"67" 67 0.0 6 0 0 0 0 0 1 0 21 0 25 13 0 1 0 0 16 0 0 1
"68" 68 0.0149253731343 0 0 0 0 0 0 33 0 0 5 1 0 0 18 0 0 27 0 0 0
"69" 69 0.0 1 0 0 0 0 0 15 0 0 1 2 0 0 0 0 0 65 0 0 0
"70" 70 0.0 0 0 9 0 0 0 0 71 1 0 3 0 0 0 0 0 0 0 0 0
"71" 71 0.0152284263959 0 0 0 0 0 0 79 0 0 0 0 0 0 0 0 0 4 0 0 1
"72" 72 0.154228855721 0 0 0 0 0 0 0 0 0 0 0 0 0 82 0 0 0 0 0 2
"73" 73 0.335766423358 0 0 0 0 0 0 0 0 0 0 0 0 0 0 84 0 0 0 0 0
"74" 74 0.062015503876 0 0 0 0 0 0 0 0 0 0 84 0 0 0 0 0 0 0 0 0
"75" 75 0.0288461538462 0 0 0 0 0 0 0 0 0 0 1 83 0 0 0 0 0 0 0 0
"76" 76 0.228855721393 0 0 1 8 3 0 13 0 1 0 1 0 0 54 0 0 0 0 0 3
"77" 77 0.0459770114943 0 0 0 0 0 0 3 0 2 2 0 3 0 9 0 0 3 0 0 62
"78" 78 0.0287356321839 0 0 2 0 0 0 0 0 0 0 4 0 0 25 0 0 38 0 0 15
"79" 79 0.464285714286 0 61 2 6 0 0 0 0 0 0 0 1 0 1 0 0 0 13 0 0
"80" 80 0.0865384615385 0 0 1 0 0 0 0 1 0 0 3 79 0 0 0 0 0 0 0 0
"81" 81 0.0812182741117 0 0 0 0 0 0 21 0 0 4 0 0 0 8 0 0 32 0 0 19
"82" 82 0.169154228856 0 0 0 0 2 0 4 0 2 1 1 0 1 62 2 0 7 0 0 2
"83" 83 0.670886075949 0 22 9 10 5 10 0 0 2 0 5 0 0 0 5 0 0 16 0 0
"84" 84 0.582089552239 0 0 0 0 0 0 3 0 0 0 0 0 1 65 0 0 2 0 0 13
"85" 85 0.229885057471 0 0 1 0 0 0 43 0 1 0 0 0 0 10 0 0 26 0 0 3
"86" 86 0.578616352201 0 0 0 0 0 0 0 84 0 0 0 0 0 0 0 0 0 0 0 0
"87" 87 0.612440191388 0 2 27 12 0 0 0 0 9 0 27 6 0 0 0 0 1 0 0 0
"88" 88 0.077519379845 0 0 0 0 0 0 0 0 0 0 83 0 0 0 0 0 1 0 0 0
"89" 89 0.357664233577 0 0 5 0 0 50 0 0 0 0 0 0 2 0 26 0 0 1 0 0
"90" 90 0.287356321839 0 0 0 0 0 0 14 0 0 0 0 0 0 0 0 0 70 0 0 0
"91" 91 0.00961538461538 0 0 17 0 0 0 0 0 1 0 4 60 0 0 0 2 0 0 0 0
"92" 92 0.287081339713 0 0 0 0 0 0 0 0 0 7 1 0 56 1 0 0 18 0 1 0
"93" 93 0.0 0 0 0 0 0 0 44 0 0 0 0 0 0 5 0 0 35 0 0 0
"94" 94 0.0 0 0 0 0 0 0 0 0 0 0 0 84 0 0 0 0 0 0 0 0
"95" 95 0.0348258706468 0 0 0 0 0 0 5 0 0 4 0 0 0 51 0 0 7 0 0 17
"96" 96 0.509505703422 0 0 2 0 2 0 0 0 0 3 6 0 0 0 0 0 1 2 68 0
"97" 97 0.251824817518 0 0 0 0 0 0 0 0 0 0 0 0 0 0 84 0 0 0 0 0
"98" 98 0.274611398964 0 70 0 13 0 0 0 0 0 0 0 0 0 0 0 0 0 1 0 0
"99" 99 0.698113207547 0 0 0 0 0 0 0 33 0 0 0 0 8 0 0 0 0 43 0 0
"100" 100 0.763392857143 0 3 0 1 4 9 0 0 0 0 5 0 2 1 0 0 4 55 0 0
"101" 101 0.397350993377 0 0 6 0 0 0 0 0 78 0 0 0 0 0 0 0 0 0 0 0
"102" 102 0.199004975124 0 0 0 0 0 2 1 0 0 3 1 0 8 68 1 0 0 0 0 0
"103" 103 0.435897435897 0 0 1 1 20 16 2 0 0 0 2 0 0 2 2 0 0 34 0 4
"104" 104 0.207547169811 0 0 0 0 0 0 0 74 0 0 10 0 0 0 0 0 0 0 0 0
"105" 105 0.270114942529 0 0 1 0 0 1 4 0 3 0 0 0 15 0 2 0 55 3 0 0
"106" 106 0.394618834081 0 0 3 0 4 1 0 4 7 1 6 0 2 0 0 0 0 55 1 0
"107" 107 0.437262357414 0 0 0 0 0 0 0 0 0 0 0 0 0 0 0 0 0 0 84 0
"108" 108 0.422053231939 1 0 0 0 0 0 0 0 0 21 1 0 0 6 0 0 0 0 55 0
"109" 109 0.167512690355 22 2 2 4 0 0 2 0 2 9 8 0 0 2 0 0 16 13 1 1
"110" 110 0.523206751055 0 0 0 2 0 78 0 0 0 0 0 0 0 0 4 0 0 0 0 0
"111" 111 0.134328358209 0 0 1 0 0 1 1 0 3 13 1 0 0 52 0 0 6 0 1 5
"112" 112 0.0817610062893 0 0 0 0 0 0 0 66 1 0 8 0 0 0 0 0 9 0 0 0
"113" 113 0.559748427673 0 9 13 3 4 8 1 7 9 0 8 5 3 0 0 0 2 9 0 1
"114" 114 0.367875647668 0 51 5 6 3 1 1 3 0 0 3 2 1 3 0 0 0 3 0 0
"115" 115 0.0609137055838 2 1 0 0 0 0 32 0 3 0 4 1 1 17 0 0 11 0 0 9
"116" 116 0.441860465116 0 24 4 7 0 1 0 3 3 0 14 5 3 1 0 0 0 19 0 0
"117" 117 0.526785714286 0 15 0 5 9 3 2 0 0 0 0 0 0 0 0 0 0 50 0 0
"118" 118 0.109489051095 1 2 3 1 0 1 0 0 0 0 2 1 1 0 71 0 0 0 0 1
"119" 119 0.273722627737 0 13 1 2 7 0 9 1 8 0 0 0 1 14 3 0 7 14 0 4
"120" 120 0.0077519379845 8 0 3 0 0 0 11 0 5 5 19 0 0 8 0 0 23 0 0 2
"121" 121 0.092050209205 0 0 0 0 0 0 35 0 0 16 0 0 0 24 0 0 8 0 1 0
"122" 122 0.0 0 0 0 0 0 0 26 0 0 0 0 0 0 10 0 0 48 0 0 0
"123" 123 0.1592039801 2 0 0 0 0 0 17 0 4 0 0 0 0 20 0 0 39 0 0 2
"124" 124 0.186528497409 0 83 0 0 0 0 0 0 1 0 0 0 0 0 0 0 0 0 0 0
"125" 125 0.207547169811 0 0 0 0 0 0 0 84 0 0 0 0 0 0 0 0 0 0 0 0
"126" 126 0.0995024875622 0 0 0 0 0 0 0 0 0 0 0 0 0 75 0 0 1 0 0 8
"127" 127 0.147286821705 0 0 0 0 0 0 0 0 0 0 84 0 0 0 0 0 0 0 0 0
"128" 128 0.0872093023256 0 0 0 0 0 0 0 0 84 0 0 0 0 0 0 0 0 0 0 0
"129" 129 0.0192307692308 0 0 0 0 0 0 0 0 0 0 2 82 0 0 0 0 0 0 0 0
"130" 130 0.0192307692308 0 0 0 10 0 0 0 0 0 2 0 65 5 0 0 0 2 0 0 0
"131" 131 0.205298013245 0 0 78 0 0 0 0 0 6 0 0 0 0 0 0 0 0 0 0 0
"132" 132 0.031007751938 0 0 7 0 0 0 1 0 0 0 51 2 0 9 0 0 1 0 0 13
"133" 133 0.0397350993377 1 1 8 7 0 3 20 0 4 0 11 1 0 3 1 0 22 1 0 1
"134" 134 0.233830845771 0 6 1 0 0 2 0 0 1 0 54 0 2 4 0 0 1 4 3 5
"135" 135 0.0 1 0 2 0 0 0 0 0 19 0 62 0 0 0 0 0 0 0 0 0
"136" 136 0.0298507462687 0 0 0 0 0 0 58 0 0 1 1 0 0 6 0 0 18 0 0 0
"137" 137 0.298013245033 0 38 3 5 9 2 0 0 10 0 4 1 1 0 3 0 0 7 1 0
"138" 138 0.0497512437811 0 0 6 2 2 4 4 0 1 11 9 1 0 16 7 0 4 1 3 13
"139" 139 0.0 0 0 0 0 0 0 10 0 0 0 0 0 0 63 0 0 10 0 0 1
"140" 140 0.565400843882 0 0 0 0 0 78 0 0 0 1 0 0 0 1 4 0 0 0 0 0
"141" 141 0.59375 0 4 1 4 9 27 0 0 0 0 10 1 0 0 12 0 0 15 0 0
"142" 142 0.397810218978 0 0 4 4 5 12 0 0 2 0 13 0 6 2 28 3 0 2 2 1
"143" 143 0.288461538462 0 0 0 3 1 1 0 0 0 0 0 78 0 0 1 0 0 0 0 0
"144" 144 0.046511627907 19 0 2 0 0 0 1 4 0 1 39 6 0 0 0 0 12 0 0 0
"145" 145 0.581395348837 0 2 2 1 8 35 1 4 14 0 2 2 0 1 9 0 2 1 0 0
"146" 146 0.5 0 14 14 20 11 6 0 0 0 0 3 0 7 1 6 0 0 2 0 0
"147" 147 0.0804597701149 0 0 0 0 0 0 70 1 0 0 0 0 0 2 0 0 7 2 0 2
"148" 148 0.0548523206751 0 0 2 1 0 40 1 0 6 2 0 1 0 0 29 0 2 0 0 0
"149" 149 0.0398009950249 0 0 0 0 0 0 7 0 0 9 1 0 0 52 0 0 4 0 0 11
"150" 150 0.186046511628 31 0 7 3 0 0 1 0 4 5 8 4 0 1 0 0 16 0 0 4
"151" 151 0.0964467005076 9 0 0 0 0 0 17 0 0 0 0 0 0 51 0 0 7 0 0 0
"152" 152 0.0298507462687 0 0 0 1 0 0 23 0 0 1 0 0 0 30 0 0 28 0 0 1
"153" 153 0.0 1 0 5 0 0 0 0 0 0 0 73 4 0 0 0 0 1 0 0 0
"154" 154 0.0 4 0 4 0 0 0 0 0 0 0 72 1 0 0 0 0 3 0 0 0
"155" 155 0.295597484277 0 0 0 0 0 0 0 84 0 0 0 0 0 0 0 0 0 0 0 0
"156" 156 0.424107142857 0 0 0 0 2 0 0 0 0 0 0 0 0 0 0 0 0 82 0 0
"157" 157 0.0 0 0 0 0 0 0 0 0 0 0 0 84 0 0 0 0 0 0 0 0
"158" 158 0.109452736318 0 0 0 0 0 1 26 0 1 0 1 0 0 13 1 0 40 0 0 1
"159" 159 0.589285714286 0 2 0 2 1 35 0 0 2 0 19 0 1 0 5 0 0 17 0 0
"160" 160 0.313868613139 1 0 0 2 0 12 0 0 4 1 35 0 1 1 16 0 4 5 2 0
"161" 161 0.0203045685279 0 0 0 0 0 0 10 0 0 7 0 0 0 24 0 0 37 0 0 6
"162" 162 0.480620155039 0 1 5 4 30 3 0 0 4 0 3 0 8 4 6 0 4 11 0 1
"163" 163 0.68776371308 0 9 5 3 2 17 1 0 4 0 7 3 0 0 3 0 0 29 0 1
"164" 164 0.253886010363 1 7 1 2 1 4 0 0 2 1 50 0 5 1 0 0 1 6 2 0
"165" 165 0.0909090909091 0 2 1 3 1 0 0 0 0 0 0 1 72 0 0 0 0 0 3 0
"166" 166 0.528301886792 0 1 1 0 0 0 0 80 0 0 0 1 0 0 1 0 0 0 0 0
"167" 167 0.777202072539 0 78 0 1 0 0 0 0 0 0 0 0 0 0 0 0 0 5 0 0
"168" 168 0.0813953488372 0 0 0 0 0 0 10 0 0 0 0 0 0 0 0 0 74 0 0 0
"169" 169 0.129464285714 0 35 1 1 5 4 3 11 3 0 2 0 1 0 4 0 0 14 0 0
"170" 170 0.0344827586207 1 0 0 0 0 0 64 0 0 0 0 0 0 9 0 0 7 0 0 3
"171" 171 0.114942528736 0 0 0 0 0 0 1 0 0 8 0 0 2 0 0 4 8 0 61 0
"172" 172 0.0114942528736 5 0 1 0 0 0 7 0 35 0 4 0 0 10 0 0 22 0 0 0
"173" 173 0.139534883721 4 0 0 0 0 0 0 0 0 0 68 11 0 0 0 0 1 0 0 0
"174" 174 0.124031007752 1 0 24 1 1 1 0 0 2 0 50 2 1 0 0 0 0 1 0 0
"175" 175 0.38578680203 0 0 0 0 0 1 27 0 0 0 0 0 0 39 0 0 15 1 0 1
"176" 176 0.0984455958549 0 84 0 0 0 0 0 0 0 0 0 0 0 0 0 0 0 0 0 0
"177" 177 0.589285714286 0 8 8 1 3 4 0 0 0 0 1 0 0 0 13 0 0 46 0 0
"178" 178 0.496350364964 2 0 0 0 4 25 0 0 1 0 1 12 10 0 23 0 0 4 2 0
"179" 179 0.0796019900498 0 0 0 0 0 0 0 0 0 0 0 0 0 84 0 0 0 0 0 0
"180" 180 0.251282051282 0 14 0 67 0 0 0 0 1 0 0 0 0 1 0 0 0 0 0 1
"181" 181 0.689119170984 0 25 2 0 0 0 0 1 0 0 2 0 0 0 0 0 0 54 0 0
"182" 182 0.598086124402 0 3 2 12 6 12 0 0 0 0 3 0 38 0 2 0 3 3 0 0
"183" 183 0.00961538461538 1 0 1 0 0 2 0 0 0 0 15 65 0 0 0 0 0 0 0 0
"184" 184 0.304182509506 0 0 0 0 0 0 0 0 0 2 0 0 0 0 0 0 0 0 82 0
"185" 185 0.147208121827 0 0 0 0 0 0 83 0 0 0 0 0 0 0 0 0 1 0 0 0
"186" 186 0.195402298851 4 0 0 0 0 0 13 0 0 2 0 0 0 20 5 0 37 0 2 1
"187" 187 0.51572327044 0 0 0 0 0 0 0 84 0 0 0 0 0 0 0 0 0 0 0 0
"188" 188 0.0288461538462 0 0 0 0 0 0 0 0 0 0 0 84 0 0 0 0 0 0 0 0
"189" 189 0.134328358209 0 0 0 0 0 0 0 0 0 0 0 0 0 83 0 0 1 0 0 0
"190" 190 0.442307692308 0 0 0 0 0 0 0 0 0 0 0 84 0 0 0 0 0 0 0 0
"191" 191 0.259067357513 0 84 0 0 0 0 0 0 0 0 0 0 0 0 0 0 0 0 0 0
"192" 192 0.170542635659 0 0 0 0 0 0 0 0 0 0 84 0 0 0 0 0 0 0 0 0
"193" 193 0.0576923076923 0 0 0 0 0 0 0 0 0 0 0 84 0 0 0 0 0 0 0 0
"194" 194 0.145077720207 0 84 0 0 0 0 0 0 0 0 0 0 0 0 0 0 0 0 0 0
"195" 195 0.142335766423 0 0 0 0 0 17 0 0 0 0 0 0 0 0 67 0 0 0 0 0
"196" 196 0.00507614213198 0 0 0 0 2 0 36 0 0 0 1 0 0 38 0 0 3 0 0 4
"197" 197 0.357414448669 1 0 0 0 0 0 0 0 0 69 0 0 0 0 0 0 0 0 14 0
"198" 198 0.461538461538 0 0 0 1 0 0 0 0 0 0 0 79 0 0 4 0 0 0 0 0
"199" 199 0.290697674419 0 0 0 0 0 0 0 0 84 0 0 0 0 0 0 0 0 0 0 0
"200" 200 1.05485232068 0 0 0 1 0 65 0 0 0 0 0 0 0 0 8 0 0 0 0 0
