"site" "RSA" "aa1" "aa2" "aa3" "aa4" "aa5" "aa6" "aa7" "aa8" "aa9" "aa10" "aa11" "aa12" "aa13" "aa14" "aa15" "aa16" "aa17" "aa18" "aa19" "aa20"
"0" 0 0.529801324503 0 0 471 0 0 0 0 7 0 0 0 22 0 0 0 0 0 0 0 0
"1" 1 0.147208121827 0 0 0 0 0 0 51 0 0 0 0 0 0 55 0 0 394 0 0 0
"2" 2 0.290697674419 0 0 0 0 0 493 0 0 7 0 0 0 0 0 0 0 0 0 0 0
"3" 3 0.464135021097 0 0 0 0 0 478 0 0 0 0 0 0 0 0 3 0 0 18 0 1
"4" 4 0.0 0 0 55 0 0 0 0 0 445 0 0 0 0 0 0 0 0 0 0 0
"5" 5 0.428571428571 0 213 0 0 0 0 0 0 0 0 0 0 0 0 287 0 0 0 0 0
"6" 6 0.0199004975124 0 0 0 0 0 0 0 0 0 0 0 0 0 500 0 0 0 0 0 0
"7" 7 0.518134715026 0 287 0 0 0 213 0 0 0 0 0 0 0 0 0 0 0 0 0 0
"8" 8 0.653846153846 0 0 0 0 0 0 0 0 0 0 0 500 0 0 0 0 0 0 0 0
"9" 9 0.213197969543 0 0 0 0 0 0 500 0 0 0 0 0 0 0 0 0 0 0 0 0
"10" 10 0.0547263681592 0 0 0 0 0 0 0 0 0 0 0 0 1 499 0 0 0 0 0 0
"11" 11 0.452830188679 0 0 0 0 0 444 0 0 0 0 0 0 0 0 56 0 0 0 0 0
"12" 12 0.378109452736 0 0 0 0 0 0 0 0 0 0 0 0 0 482 18 0 0 0 0 0
"13" 13 0.465517241379 0 1 15 0 0 8 0 0 0 0 1 0 0 218 1 0 31 154 3 68
"14" 14 0.325581395349 0 0 127 0 0 311 0 0 0 0 0 0 0 0 55 0 0 0 0 7
"15" 15 0.321167883212 0 405 0 17 0 0 0 0 0 0 0 0 0 0 0 0 0 0 0 78
"16" 16 0.432692307692 0 0 0 0 0 0 0 0 0 0 0 500 0 0 0 0 0 0 0 0
"17" 17 0.413502109705 0 8 0 0 0 136 0 0 0 0 2 1 0 19 328 0 0 4 0 2
"18" 18 0.137931034483 0 0 0 1 15 0 0 0 11 0 0 0 0 0 23 0 445 5 0 0
"19" 19 0.167883211679 0 0 2 0 0 1 3 0 454 0 8 0 0 0 0 0 8 18 0 6
"20" 20 0.0 0 500 0 0 0 0 0 0 0 0 0 0 0 0 0 0 0 0 0 0
"21" 21 0.131979695431 0 0 0 0 2 1 222 0 0 0 0 0 0 72 10 0 35 156 0 2
"22" 22 0.0342205323194 0 0 0 0 0 0 0 0 0 0 0 0 0 0 0 0 0 0 500 0
"23" 23 0.330357142857 0 0 0 3 0 75 88 0 0 0 0 0 0 104 138 0 36 56 0 0
"24" 24 0.166666666667 0 0 0 1 0 0 39 0 0 0 1 0 0 1 0 0 458 0 0 0
"25" 25 0.424870466321 0 1 185 11 0 0 0 0 303 0 0 0 0 0 0 0 0 0 0 0
"26" 26 0.736434108527 0 18 0 0 0 482 0 0 0 0 0 0 0 0 0 0 0 0 0 0
"27" 27 0.336538461538 0 4 0 0 0 2 0 0 0 0 0 0 62 0 432 0 0 0 0 0
"28" 28 0.104651162791 0 0 0 1 0 12 251 0 4 0 0 0 0 39 1 0 32 0 144 16
"29" 29 0.144278606965 2 0 0 1 2 13 20 0 0 0 1 0 0 193 214 0 6 4 0 44
"30" 30 0.0 2 0 0 0 0 0 0 0 0 0 0 0 0 498 0 0 0 0 0 0
"31" 31 0.100418410042 39 5 15 3 1 0 21 0 1 146 0 0 0 148 0 0 1 119 1 0
"32" 32 0.0 0 0 0 0 0 0 36 0 0 0 0 0 0 0 0 0 464 0 0 0
"33" 33 0.131782945736 2 0 0 482 0 0 4 0 0 0 0 0 1 0 0 0 8 2 0 1
"34" 34 0.0 0 0 0 0 0 0 0 0 500 0 0 0 0 0 0 0 0 0 0 0
"35" 35 0.0 0 500 0 0 0 0 0 0 0 0 0 0 0 0 0 0 0 0 0 0
"36" 36 0.0802919708029 0 0 3 0 0 0 0 0 0 0 0 0 0 0 497 0 0 0 0 0
"37" 37 0.0 42 0 119 0 45 1 107 0 32 2 1 0 7 103 0 0 25 13 0 3
"38" 38 0.112582781457 63 0 11 0 0 4 0 0 0 381 27 0 0 0 5 9 0 0 0 0
"39" 39 0.0387596899225 0 3 46 0 0 0 0 0 0 0 432 4 10 1 0 0 0 4 0 0
"40" 40 0.250950570342 0 0 30 0 0 18 0 0 0 311 6 29 4 0 0 0 0 0 102 0
"41" 41 0.678756476684 0 449 0 5 0 2 0 0 0 0 0 44 0 0 0 0 0 0 0 0
"42" 42 0.103448275862 0 0 0 0 0 0 0 0 0 0 0 0 0 0 487 0 13 0 0 0
"43" 43 0.284263959391 453 0 33 4 0 0 0 0 0 0 0 0 0 0 9 0 0 1 0 0
"44" 44 0.0275229357798 1 0 4 5 2 2 0 0 136 297 0 0 7 0 0 0 0 0 12 34
"45" 45 0.517857142857 0 0 0 0 0 500 0 0 0 0 0 0 0 0 0 0 0 0 0 0
"46" 46 0.164102564103 0 0 0 424 0 0 0 0 76 0 0 0 0 0 0 0 0 0 0 0
"47" 47 0.0331125827815 0 0 7 0 0 0 0 0 471 0 0 0 0 0 0 0 22 0 0 0
"48" 48 0.0 0 0 0 0 0 0 454 0 0 0 0 0 0 46 0 0 0 0 0 0
"49" 49 0.194968553459 0 0 0 0 132 0 0 51 0 0 0 0 0 0 0 0 0 317 0 0
"50" 50 0.245535714286 0 130 0 302 1 0 0 0 0 0 0 16 18 0 28 0 0 0 0 5
"51" 51 0.0 0 1 2 0 8 0 0 0 0 21 147 0 20 292 0 2 0 7 0 0
"52" 52 0.00961538461538 0 0 0 0 0 0 0 0 0 0 0 500 0 0 0 0 0 0 0 0
"53" 53 0.0913705583756 0 0 0 0 2 422 2 0 0 0 1 0 0 0 35 0 0 38 0 0
"54" 54 0.00497512437811 0 0 0 0 0 0 0 0 0 0 0 0 0 418 0 78 0 0 4 0
"55" 55 0.044776119403 0 29 0 27 18 1 0 0 16 2 12 1 7 294 7 1 0 12 1 72
"56" 56 0.0523255813953 0 0 0 0 0 0 0 0 483 0 16 0 0 0 0 0 0 1 0 0
"57" 57 0.282700421941 0 0 0 34 1 278 0 0 0 0 0 0 55 4 57 0 0 14 0 57
"58" 58 0.00995024875622 0 0 0 0 0 0 0 0 0 0 0 0 0 500 0 0 0 0 0 0
"59" 59 0.0264900662252 0 0 16 0 0 0 0 0 484 0 0 0 0 0 0 0 0 0 0 0
"60" 60 0.348214285714 0 52 0 1 1 50 0 0 0 0 0 0 0 25 145 0 0 176 0 50
"61" 61 0.171548117155 0 0 0 0 0 0 0 0 0 500 0 0 0 0 0 0 0 0 0 0
"62" 62 0.0 0 0 0 3 0 0 0 0 0 0 0 0 0 0 0 496 0 0 0 1
"63" 63 0.0125523012552 0 0 0 1 0 0 11 0 0 1 2 0 0 21 214 0 0 0 14 236
"64" 64 0.683544303797 0 0 0 0 0 404 0 0 0 0 0 0 0 0 30 0 0 63 0 3
"65" 65 0.242677824268 0 0 0 0 0 0 0 0 0 497 3 0 0 0 0 0 0 0 0 0
"66" 66 0.0 0 0 0 29 0 0 0 0 0 156 0 0 224 91 0 0 0 0 0 0
"67" 67 0.397350993377 0 0 0 0 0 500 0 0 0 0 0 0 0 0 0 0 0 0 0 0
"68" 68 0.820512820513 0 0 0 500 0 0 0 0 0 0 0 0 0 0 0 0 0 0 0 0
"69" 69 0.222797927461 0 456 0 0 0 32 0 0 0 0 0 0 0 0 12 0 0 0 0 0
"70" 70 0.0747126436782 0 0 0 0 0 0 0 0 0 0 0 0 0 0 0 0 500 0 0 0
"71" 71 0.317518248175 0 0 0 0 1 10 0 0 2 0 0 0 80 0 378 0 0 2 0 27
"72" 72 0.179487179487 0 0 0 35 0 0 0 0 465 0 0 0 0 0 0 0 0 0 0 0
"73" 73 0.0287081339713 0 1 89 0 0 0 0 0 1 0 393 16 0 0 0 0 0 0 0 0
"74" 74 0.174129353234 0 0 0 0 157 77 0 0 2 0 0 0 1 6 7 0 0 16 212 22
"75" 75 0.14367816092 4 0 0 0 6 0 7 0 0 0 0 0 15 43 0 0 421 3 0 1
"76" 76 0.735751295337 0 0 0 0 0 500 0 0 0 0 0 0 0 0 0 0 0 0 0 0
"77" 77 0.335025380711 0 0 0 0 0 0 499 0 0 0 0 0 0 1 0 0 0 0 0 0
"78" 78 0.209302325581 0 0 0 0 0 397 0 0 0 0 0 0 0 0 101 0 0 2 0 0
"79" 79 0.811320754717 0 0 0 0 0 0 0 500 0 0 0 0 0 0 0 0 0 0 0 0
"80" 80 0.875 0 0 0 0 0 0 0 0 0 0 0 500 0 0 0 0 0 0 0 0
"81" 81 0.455696202532 0 0 0 0 0 397 0 0 0 0 0 0 0 0 0 0 0 0 103 0
"82" 82 0.412790697674 0 0 0 0 0 0 0 0 163 0 0 0 0 0 335 0 0 2 0 0
"83" 83 0.126903553299 0 0 0 0 324 0 153 0 6 0 0 0 0 1 0 1 14 0 1 0
"84" 84 0.0585774058577 0 0 3 0 0 0 0 0 0 4 0 0 0 491 2 0 0 0 0 0
"85" 85 0.533678756477 0 338 0 0 0 0 0 0 0 0 0 0 162 0 0 0 0 0 0 0
"86" 86 0.307984790875 0 0 0 0 0 0 0 0 0 2 0 0 0 0 0 0 0 0 498 0
"87" 87 0.0746268656716 0 0 0 0 0 0 0 0 3 0 0 0 0 497 0 0 0 0 0 0
"88" 88 0.314465408805 0 0 0 0 0 1 0 499 0 0 0 0 0 0 0 0 0 0 0 0
"89" 89 0.666666666667 0 9 46 0 0 445 0 0 0 0 0 0 0 0 0 0 0 0 0 0
"90" 90 0.409282700422 0 0 0 0 0 497 0 0 0 0 0 0 0 0 0 0 0 3 0 0
"91" 91 0.0 0 0 0 0 0 0 0 0 2 0 0 0 0 489 0 0 0 0 0 9
"92" 92 0.324503311258 0 0 121 0 1 332 0 0 0 0 0 0 0 0 46 0 0 0 0 0
"93" 93 0.370535714286 0 0 0 0 0 7 0 0 0 0 0 0 493 0 0 0 0 0 0 0
"94" 94 0.641509433962 0 395 71 0 0 29 0 4 0 0 0 0 0 0 0 0 0 1 0 0
"95" 95 0.57805907173 0 0 0 0 0 500 0 0 0 0 0 0 0 0 0 0 0 0 0 0
"96" 96 0.0570342205323 0 0 0 0 0 0 0 0 0 213 0 0 0 0 0 0 0 0 287 0
"97" 97 0.291139240506 0 0 0 0 0 20 0 0 0 0 6 0 0 1 473 0 0 0 0 0
"98" 98 0.540697674419 0 7 0 0 0 493 0 0 0 0 0 0 0 0 0 0 0 0 0 0
"99" 99 0.0986547085202 0 0 0 0 500 0 0 0 0 0 0 0 0 0 0 0 0 0 0 0
"100" 100 0.00497512437811 0 0 0 0 0 0 45 0 0 0 0 0 0 455 0 0 0 0 0 0
"101" 101 0.392857142857 0 0 30 0 152 6 0 0 0 0 1 0 0 0 1 0 0 310 0 0
"102" 102 0.455958549223 0 216 0 5 0 0 0 0 0 0 0 279 0 0 0 0 0 0 0 0
"103" 103 0.0255474452555 500 0 0 0 0 0 0 0 0 0 0 0 0 0 0 0 0 0 0 0
"104" 104 0.0860927152318 0 0 0 0 0 0 0 0 0 0 497 0 0 0 0 0 0 0 0 3
"105" 105 0.119402985075 0 0 206 1 0 0 88 0 0 0 0 0 0 192 0 0 1 0 0 12
"106" 106 0.044776119403 1 0 0 0 0 0 59 0 0 0 0 0 0 435 0 0 5 0 0 0
"107" 107 0.00574712643678 13 25 40 0 4 155 54 0 0 0 5 0 0 0 0 0 146 42 0 16
"108" 108 0.368421052632 1 0 3 1 0 96 0 0 13 0 0 0 14 19 85 2 0 14 249 3
"109" 109 0.299578059072 0 15 0 0 1 65 193 0 3 0 0 0 0 1 0 0 0 222 0 0
"110" 110 0.248803827751 1 0 0 0 16 0 0 0 0 1 0 0 184 0 11 0 3 0 284 0
"111" 111 0.438818565401 0 10 0 0 322 42 0 0 0 0 0 0 0 0 3 0 0 63 60 0
"112" 112 0.572139303483 0 1 1 0 0 484 0 0 1 0 0 0 0 0 4 0 0 9 0 0
"113" 113 0.010152284264 1 0 0 0 0 0 261 0 0 0 0 0 0 229 0 0 0 0 0 9
"114" 114 0.490566037736 0 223 2 1 0 38 0 231 0 0 0 0 0 0 4 0 0 1 0 0
"115" 115 0.00497512437811 0 0 56 0 0 0 5 0 37 0 0 0 0 331 0 0 71 0 0 0
"116" 116 0.169642857143 55 9 24 61 27 13 180 0 0 0 11 48 0 0 3 0 62 4 0 3
"117" 117 0.0 0 0 0 0 0 0 1 0 0 221 38 0 198 0 0 0 42 0 0 0
"118" 118 0.10152284264 13 0 0 0 8 16 1 0 0 0 20 0 0 0 385 0 15 41 0 1
"119" 119 0.0 0 0 0 0 0 0 0 0 0 0 0 0 0 0 0 0 500 0 0 0
"120" 120 0.0255474452555 32 0 6 0 0 0 147 0 0 0 0 0 0 0 0 97 86 102 0 30
"121" 121 0.0 1 0 37 0 0 0 0 0 10 0 29 421 0 0 0 0 2 0 0 0
"122" 122 0.00380228136882 6 0 0 6 20 0 0 0 0 341 0 0 37 0 0 0 0 0 90 0
"123" 123 0.0 5 0 0 0 0 0 54 0 6 0 0 0 0 0 0 0 41 0 0 394
"124" 124 0.0755813953488 0 1 2 0 0 0 0 0 494 0 0 3 0 0 0 0 0 0 0 0
"125" 125 0.201923076923 0 0 0 0 0 0 0 0 0 0 0 500 0 0 0 0 0 0 0 0
"126" 126 0.331125827815 0 310 0 1 0 92 0 38 0 0 0 0 10 0 0 11 0 37 1 0
"127" 127 0.0 0 0 374 0 0 0 0 0 0 0 112 8 0 0 0 0 0 6 0 0
"128" 128 0.13475177305 0 0 1 0 2 0 0 0 0 0 258 0 1 11 9 203 0 14 1 0
"129" 129 0.485232067511 0 0 0 0 0 94 0 0 0 0 0 0 0 0 308 0 0 98 0 0
"130" 130 0.183035714286 0 0 0 0 0 0 0 0 0 0 0 0 0 0 0 0 0 500 0 0
"131" 131 0.0836501901141 0 0 0 0 0 0 0 0 0 0 0 0 0 0 1 0 0 0 499 0
"132" 132 0.471264367816 0 0 0 0 0 234 0 0 0 0 0 0 0 0 57 0 0 8 0 201
"133" 133 0.729957805907 0 0 0 0 0 454 0 0 0 0 0 0 0 0 8 0 0 38 0 0
"134" 134 0.552325581395 0 8 0 0 0 57 0 0 0 0 0 0 0 0 435 0 0 0 0 0
"135" 135 0.269230769231 0 0 0 0 0 0 0 0 0 0 0 500 0 0 0 0 0 0 0 0
"136" 136 0.168604651163 0 0 0 0 0 500 0 0 0 0 0 0 0 0 0 0 0 0 0 0
"137" 137 0.0 33 0 342 0 0 0 25 0 33 0 2 0 0 0 0 0 59 0 0 6
"138" 138 0.0382775119617 4 0 0 25 0 0 0 0 0 0 0 189 282 0 0 0 0 0 0 0
"139" 139 0.519230769231 0 0 0 0 0 0 0 0 0 0 0 500 0 0 0 0 0 0 0 0
"140" 140 0.268656716418 0 0 1 0 26 3 0 0 0 0 0 0 31 165 28 0 81 8 147 10
"141" 141 0.835443037975 0 0 0 0 500 0 0 0 0 0 0 0 0 0 0 0 0 0 0 0
"142" 142 0.161434977578 6 4 0 5 56 4 0 0 0 0 0 0 0 262 0 0 0 0 0 163
"143" 143 0.396226415094 0 0 0 0 0 2 0 498 0 0 0 0 0 0 0 0 0 0 0 0
"144" 144 0.883408071749 0 0 0 0 0 500 0 0 0 0 0 0 0 0 0 0 0 0 0 0
"145" 145 0.423076923077 0 0 0 0 0 0 0 0 0 0 0 500 0 0 0 0 0 0 0 0
"146" 146 0.0597014925373 0 0 0 0 0 0 3 0 0 0 0 0 0 310 0 0 0 0 0 187
"147" 147 0.506329113924 0 0 0 0 0 498 0 0 1 0 0 0 0 0 1 0 0 0 0 0
"148" 148 0.223214285714 5 69 8 0 0 0 0 20 5 0 0 0 0 0 166 0 0 225 0 2
"149" 149 0.0 0 0 0 0 0 0 0 0 0 0 0 500 0 0 0 0 0 0 0 0
"150" 150 0.286995515695 0 0 0 0 0 498 0 0 0 0 0 0 0 0 0 0 0 2 0 0
"151" 151 0.325892857143 0 0 0 0 2 247 0 0 0 0 0 0 1 0 82 0 0 168 0 0
"152" 152 0.0209205020921 0 0 80 0 0 0 0 0 0 233 4 0 7 162 0 0 0 3 0 11
"153" 153 0.610062893082 0 2 0 0 0 0 0 498 0 0 0 0 0 0 0 0 0 0 0 0
"154" 154 0.625 0 0 0 0 0 0 0 0 0 0 0 0 0 0 500 0 0 0 0 0
"155" 155 0.0880503144654 0 0 1 0 0 0 0 499 0 0 0 0 0 0 0 0 0 0 0 0
"156" 156 0.187817258883 0 0 5 0 206 3 90 0 8 142 0 16 1 3 0 0 1 2 23 0
"157" 157 0.0627615062762 0 0 0 0 0 0 0 0 2 274 0 3 0 0 0 0 0 0 221 0
"158" 158 0.0 102 5 0 65 0 0 0 0 2 53 6 0 227 5 0 0 34 0 1 0
"159" 159 0.0 0 0 0 0 0 0 0 500 0 0 0 0 0 0 0 0 0 0 0 0
"160" 160 0.00662251655629 0 0 93 0 0 5 0 0 0 2 241 0 0 0 37 0 0 2 46 74
"161" 161 0.18023255814 0 0 0 0 0 264 31 0 0 0 0 0 0 164 1 0 40 0 0 0
"162" 162 0.400843881857 0 307 0 0 2 1 103 0 0 0 0 0 0 57 10 0 3 17 0 0
"163" 163 0.647668393782 0 0 0 0 0 18 0 0 1 0 0 0 1 80 64 1 283 14 37 1
"164" 164 0.629464285714 0 0 0 0 0 3 0 0 0 0 0 0 0 0 492 0 0 5 0 0
"165" 165 0.328205128205 85 0 1 16 51 0 23 0 40 0 6 0 153 25 21 23 12 0 0 44
"166" 166 0.10152284264 0 0 0 0 0 0 500 0 0 0 0 0 0 0 0 0 0 0 0 0
"167" 167 0.245033112583 0 0 402 0 0 0 0 0 0 0 0 0 98 0 0 0 0 0 0 0
"168" 168 0.232704402516 0 0 1 0 0 41 0 371 0 0 26 0 6 1 2 0 1 50 0 1
"169" 169 0.519379844961 0 0 0 0 0 59 0 0 0 0 0 0 0 0 6 0 0 435 0 0
"170" 170 0.363228699552 0 0 0 0 6 0 0 0 0 0 0 0 0 0 5 0 0 489 0 0
"171" 171 0.0 0 61 0 2 0 0 0 0 0 0 435 0 0 0 0 0 0 2 0 0
"172" 172 0.131782945736 0 0 0 0 2 271 0 0 0 0 32 0 0 0 194 1 0 0 0 0
"173" 173 0.589285714286 0 0 0 0 0 493 0 0 0 0 0 0 0 0 1 0 0 6 0 0
"174" 174 0.402985074627 0 0 0 0 0 0 28 0 0 0 0 0 1 43 0 0 0 0 0 428
"175" 175 0.132183908046 0 0 0 0 178 0 76 0 51 0 0 0 0 87 0 0 105 3 0 0
"176" 176 0.298076923077 0 0 0 0 0 0 0 0 0 0 0 500 0 0 0 0 0 0 0 0
"177" 177 0.651785714286 0 0 0 0 0 494 0 0 0 0 0 0 0 0 3 0 0 3 0 0
"178" 178 0.580310880829 0 0 0 0 0 211 0 0 0 0 0 0 0 0 1 0 0 288 0 0
"179" 179 0.149253731343 0 40 0 0 2 1 234 0 4 0 0 0 0 212 0 0 0 6 1 0
"180" 180 0.0264900662252 0 0 63 1 0 0 0 0 0 0 435 1 0 0 0 0 0 0 0 0
"181" 181 0.631386861314 0 63 0 4 0 101 1 0 0 0 0 0 0 0 91 0 0 240 0 0
"182" 182 0.273722627737 0 6 0 0 0 235 2 0 0 0 0 0 0 0 161 0 0 23 0 73
"183" 183 0.0 0 2 0 0 0 0 8 0 0 0 412 4 0 2 0 0 72 0 0 0
"184" 184 0.131782945736 0 0 10 0 0 0 0 0 0 0 487 0 0 0 1 0 0 0 0 2
"185" 185 0.522321428571 0 1 0 0 6 219 0 0 0 0 0 0 0 0 137 0 0 137 0 0
"186" 186 0.149253731343 0 0 0 0 0 0 0 0 0 0 0 0 0 500 0 0 0 0 0 0
"187" 187 0.0 0 0 0 0 0 0 0 0 0 0 500 0 0 0 0 0 0 0 0 0
"188" 188 0.206896551724 0 0 0 0 0 0 394 0 0 0 0 0 0 0 105 0 0 1 0 0
"189" 189 0.485232067511 0 0 0 0 0 0 0 0 0 0 0 0 0 0 0 0 0 26 0 474
"190" 190 0.00497512437811 0 0 0 0 0 0 0 0 0 0 0 0 0 500 0 0 0 0 0 0
"191" 191 0.0 0 0 1 0 0 0 0 0 0 421 1 0 65 0 0 0 0 12 0 0
"192" 192 0.192052980132 0 2 0 0 0 373 0 0 0 0 0 0 0 3 26 0 0 96 0 0
"193" 193 0.341772151899 0 0 0 0 0 456 17 0 0 0 0 0 0 20 0 0 0 7 0 0
"194" 194 0.0 0 10 0 19 0 0 0 0 0 0 310 157 0 0 0 0 4 0 0 0
"195" 195 0.0675105485232 0 1 0 0 0 0 0 0 0 4 55 0 3 2 8 0 0 3 27 397
"196" 196 0.481865284974 0 1 0 0 0 113 1 0 0 0 0 0 0 42 10 0 0 315 0 18
"197" 197 0.167300380228 0 0 0 0 0 0 0 0 0 0 0 0 0 0 3 0 0 0 497 0
"198" 198 0.0 0 3 0 0 0 0 0 0 0 0 497 0 0 0 0 0 0 0 0 0
"199" 199 0.430379746835 0 0 0 0 0 158 0 0 0 0 0 0 0 0 314 0 0 0 0 28
"200" 200 0.544642857143 0 0 0 0 0 420 0 0 0 0 0 0 0 8 65 0 0 7 0 0
"201" 201 0.299578059072 0 0 0 0 0 500 0 0 0 0 0 0 0 0 0 0 0 0 0 0
"202" 202 0.307692307692 0 0 0 0 0 0 0 0 0 0 0 500 0 0 0 0 0 0 0 0
"203" 203 0.00507614213198 0 0 0 0 0 0 500 0 0 0 0 0 0 0 0 0 0 0 0 0
"204" 204 0.0152284263959 0 0 0 0 3 0 475 0 0 0 2 0 0 0 0 0 4 15 0 1
"205" 205 0.0 1 0 0 0 0 0 496 0 0 0 0 0 0 0 0 0 3 0 0 0
"206" 206 0.0 0 0 0 168 1 0 0 0 0 2 301 2 0 15 0 0 1 7 0 3
"207" 207 0.0569948186528 0 4 0 0 0 0 0 0 0 0 0 0 0 0 10 4 0 0 462 20
"208" 208 0.0116279069767 30 0 138 0 0 0 0 0 4 0 327 0 0 0 0 0 1 0 0 0
"209" 209 0.316455696203 2 391 4 25 0 10 9 0 0 0 0 0 0 0 24 0 1 22 0 12
"210" 210 0.00418410041841 0 0 0 0 0 0 0 0 0 353 0 0 0 1 0 0 0 0 146 0
"211" 211 0.209821428571 0 0 0 0 3 5 234 0 0 0 0 0 0 2 10 3 49 2 1 191
"212" 212 0.00418410041841 0 0 0 0 0 0 0 0 0 500 0 0 0 0 0 0 0 0 0 0
"213" 213 0.0288461538462 0 0 0 0 0 0 0 0 0 0 0 500 0 0 0 0 0 0 0 0
"214" 214 0.0761421319797 0 0 0 0 0 4 38 0 0 0 0 0 0 0 179 0 0 0 0 279
"215" 215 0.0725388601036 0 481 0 0 1 1 0 0 0 0 0 0 0 0 0 0 0 17 0 0
"216" 216 0.549107142857 0 105 10 0 0 262 0 0 0 0 0 0 0 29 49 42 0 3 0 0
"217" 217 0.751054852321 0 0 145 0 0 1 0 0 0 0 0 0 0 0 354 0 0 0 0 0
"218" 218 0.412790697674 0 1 0 0 0 496 0 0 0 0 0 0 0 0 2 0 0 1 0 0
"219" 219 0.482051282051 0 161 0 0 0 339 0 0 0 0 0 0 0 0 0 0 0 0 0 0
"220" 220 0.330357142857 0 0 0 0 2 0 115 0 0 0 0 0 0 0 0 0 1 382 0 0
"221" 221 0.0659898477157 0 0 0 0 0 0 491 0 2 0 0 0 0 6 0 0 1 0 0 0
"222" 222 0.0 0 0 0 0 0 0 0 0 0 0 0 0 0 1 0 0 499 0 0 0
"223" 223 0.0 0 0 0 0 15 0 0 0 0 0 0 0 0 485 0 0 0 0 0 0
"224" 224 0.0804597701149 0 0 0 0 0 0 0 0 302 0 0 0 0 0 0 0 0 0 0 198
"225" 225 0.165803108808 0 0 0 0 0 0 0 0 0 0 0 500 0 0 0 0 0 0 0 0
"226" 226 0.205357142857 0 0 1 482 4 0 0 0 2 0 2 0 0 6 2 0 0 0 0 1
"227" 227 0.0 1 0 0 0 0 0 15 0 0 0 0 0 0 0 0 0 484 0 0 0
"228" 228 0.0 0 5 0 144 15 0 0 0 0 0 0 0 0 332 4 0 0 0 0 0
"229" 229 0.0 0 0 0 0 0 0 0 0 500 0 0 0 0 0 0 0 0 0 0 0
"230" 230 0.0314465408805 0 3 151 0 0 0 0 96 0 0 230 0 0 0 0 16 0 2 2 0
"231" 231 0.217616580311 0 68 31 6 3 0 0 0 0 159 6 0 10 57 0 1 0 112 38 9
"232" 232 0.0927152317881 0 0 3 0 0 0 0 0 497 0 0 0 0 0 0 0 0 0 0 0
"233" 233 0.0728476821192 0 0 66 0 0 0 0 0 0 0 434 0 0 0 0 0 0 0 0 0
"234" 234 0.35401459854 52 243 10 0 66 0 1 0 0 2 1 0 0 0 13 0 0 51 45 16
"235" 235 0.00836820083682 17 0 3 0 0 0 0 0 0 477 0 0 0 0 0 0 0 3 0 0
"236" 236 0.0248226950355 177 0 0 0 0 0 51 0 16 0 0 0 0 0 0 66 26 0 0 164
"237" 237 0.369230769231 0 435 0 20 0 39 4 0 0 0 0 0 0 0 0 0 0 2 0 0
"238" 238 0.240384615385 0 0 0 0 0 0 0 0 0 0 475 0 18 0 0 2 0 0 5 0
"239" 239 0.767441860465 0 0 0 0 0 499 0 0 0 0 0 0 0 0 1 0 0 0 0 0
"240" 240 0.503311258278 0 15 0 0 0 16 0 0 0 0 0 0 0 0 435 0 0 33 0 1
"241" 241 0.25855513308 0 0 12 0 0 1 0 0 0 337 0 0 1 0 0 0 0 0 149 0
"242" 242 0.523206751055 0 0 0 0 0 370 0 0 0 0 0 0 0 0 85 0 0 45 0 0
"243" 243 0.327586206897 0 0 0 0 0 0 350 16 131 0 0 0 0 0 3 0 0 0 0 0
"244" 244 0.480769230769 0 0 0 0 0 0 0 0 0 0 0 500 0 0 0 0 0 0 0 0
"245" 245 0.339285714286 0 0 0 0 0 0 0 0 259 0 0 0 0 0 45 0 0 0 0 196
"246" 246 0.496688741722 0 0 458 0 0 35 0 0 0 0 0 5 0 0 2 0 0 0 0 0
"247" 247 0.0941704035874 0 0 2 0 477 10 0 0 11 0 0 0 0 0 0 0 0 0 0 0
"248" 248 0.564766839378 0 1 0 0 0 465 0 17 0 0 0 0 0 0 10 7 0 0 0 0
"249" 249 0.185430463576 0 34 86 12 0 2 0 0 0 0 0 0 361 0 0 1 0 0 0 4
"250" 250 0.12927756654 0 1 2 0 0 0 0 0 0 443 0 0 0 0 0 0 0 0 54 0
"251" 251 0.0155440414508 3 4 16 0 0 0 0 0 150 0 7 0 1 0 0 0 319 0 0 0
"252" 252 0.10970464135 0 9 0 0 4 104 0 0 0 1 0 0 2 11 66 1 0 0 2 300
"253" 253 0.14798206278 0 0 0 0 422 0 0 0 0 0 0 0 0 0 0 8 0 70 0 0
"254" 254 0.301255230126 0 30 0 0 4 51 5 0 0 1 0 0 1 0 0 0 84 284 2 38
"255" 255 0.0 0 0 0 0 6 0 405 0 4 0 22 0 0 53 0 0 2 6 0 2
"256" 256 0.346715328467 0 0 0 0 3 122 50 0 0 4 1 0 2 28 5 0 0 11 0 274
"257" 257 0.435233160622 0 166 0 0 4 3 0 0 0 0 0 0 0 0 218 0 0 109 0 0
"258" 258 0.216312056738 0 8 22 0 0 0 0 0 0 0 14 1 0 0 0 449 0 0 1 5
"259" 259 0.00497512437811 0 14 0 0 0 0 0 0 0 0 0 0 0 486 0 0 0 0 0 0
"260" 260 0.325581395349 0 0 0 0 0 334 0 0 0 0 0 0 0 29 127 0 0 10 0 0
"261" 261 0.596899224806 0 0 0 0 0 414 0 0 0 0 0 0 0 0 72 0 0 14 0 0
"262" 262 0.415384615385 0 0 0 0 0 459 0 0 0 0 0 0 0 0 41 0 0 0 0 0
"263" 263 0.713080168776 0 0 0 500 0 0 0 0 0 0 0 0 0 0 0 0 0 0 0 0
"264" 264 0.233830845771 0 0 0 0 1 27 0 0 0 0 0 0 0 472 0 0 0 0 0 0
"265" 265 0.338461538462 0 0 35 0 0 6 0 0 0 0 430 0 0 13 3 0 0 0 0 13
"266" 266 0.355769230769 0 0 0 0 0 0 0 0 0 0 0 500 0 0 0 0 0 0 0 0
"267" 267 0.35632183908 0 0 0 0 0 357 0 0 0 0 0 0 0 0 1 0 142 0 0 0
"268" 268 0.574358974359 0 0 0 0 0 497 0 0 0 0 0 0 0 0 0 3 0 0 0 0
"269" 269 0.432692307692 0 0 0 0 0 0 0 0 0 0 0 500 0 0 0 0 0 0 0 0
"270" 270 0.0632183908046 0 0 0 0 0 0 357 0 0 0 0 0 0 0 0 0 143 0 0 0
"271" 271 0.637130801688 0 0 0 0 0 500 0 0 0 0 0 0 0 0 0 0 0 0 0 0
"272" 272 0.0137614678899 1 0 0 0 3 0 0 0 2 0 34 0 0 456 0 0 0 1 0 3
"273" 273 0.314465408805 0 41 0 0 0 0 0 449 0 0 0 0 10 0 0 0 0 0 0 0
"274" 274 0.533632286996 0 62 0 0 0 91 0 336 0 0 0 0 0 0 0 0 0 11 0 0
"275" 275 0.642487046632 0 0 0 0 1 489 0 0 0 0 0 0 0 0 0 0 0 10 0 0
"276" 276 0.0659898477157 0 22 0 0 34 0 10 0 10 0 3 0 0 4 0 0 416 0 0 1
"277" 277 0.0229885057471 0 0 0 0 0 0 44 0 0 0 0 0 0 32 73 0 351 0 0 0
"278" 278 0.424870466321 0 3 0 0 0 83 0 0 0 0 0 0 0 1 32 0 0 381 0 0
"279" 279 0.467153284672 0 5 0 1 0 92 18 0 0 0 0 0 0 0 281 0 2 69 1 31
"280" 280 0.0 0 0 3 0 0 0 61 0 0 11 417 0 2 0 0 0 0 2 0 4
"281" 281 0.244525547445 0 0 0 0 0 29 0 0 0 0 35 0 0 0 350 0 0 46 2 38
"282" 282 0.387596899225 0 2 0 0 0 60 0 0 0 0 0 0 0 0 138 0 0 299 0 1
"283" 283 0.274261603376 0 35 0 22 0 0 0 0 0 0 4 0 0 429 0 8 0 2 0 0
"284" 284 0.00760456273764 0 4 7 0 9 10 15 0 5 49 271 0 1 85 9 0 2 22 11 0
"285" 285 0.137055837563 0 0 0 0 0 5 117 0 0 0 0 0 0 0 331 0 46 1 0 0
"286" 286 0.450892857143 0 0 54 0 0 415 0 0 0 0 0 0 0 0 22 0 0 2 0 7
"287" 287 0.0077519379845 0 0 6 0 0 0 0 0 1 0 493 0 0 0 0 0 0 0 0 0
"288" 288 0.0836501901141 0 0 0 0 0 0 0 0 0 453 0 0 0 0 0 0 0 0 47 0
"289" 289 0.191964285714 0 0 0 0 0 0 0 0 0 0 0 0 0 0 0 0 1 499 0 0
"290" 290 0.186046511628 0 0 0 0 0 0 7 0 493 0 0 0 0 0 0 0 0 0 0 0
"291" 291 0.0 0 0 0 0 0 0 3 0 0 0 0 0 0 497 0 0 0 0 0 0
"292" 292 0.104651162791 0 0 0 0 0 0 0 0 500 0 0 0 0 0 0 0 0 0 0 0
"293" 293 0.576923076923 0 0 0 0 0 0 0 0 0 0 0 500 0 0 0 0 0 0 0 0
"294" 294 0.384105960265 0 0 42 0 0 219 0 0 0 0 0 0 0 0 39 0 0 64 0 136
"295" 295 0.544303797468 0 2 0 0 0 289 14 0 0 0 0 0 0 183 0 0 0 12 0 0
"296" 296 0.145390070922 28 21 82 0 0 0 0 0 0 0 0 0 0 0 0 364 0 5 0 0
"297" 297 0.721854304636 0 0 0 0 0 0 0 0 0 0 0 500 0 0 0 0 0 0 0 0
"298" 298 0.708133971292 0 6 0 0 0 453 0 0 0 0 0 27 0 0 14 0 0 0 0 0
