"site" "RSA" "aa1" "aa2" "aa3" "aa4" "aa5" "aa6" "aa7" "aa8" "aa9" "aa10" "aa11" "aa12" "aa13" "aa14" "aa15" "aa16" "aa17" "aa18" "aa19" "aa20"
"0" 0 1.05960264901 0 0 0 0 0 0 0 3 497 0 0 0 0 0 0 0 0 0 0 0
"1" 1 0.732142857143 0 48 452 0 0 0 0 0 0 0 0 0 0 0 0 0 0 0 0 0
"2" 2 0.0722433460076 0 0 0 0 0 0 0 0 0 449 0 0 0 0 0 0 0 0 51 0
"3" 3 0.357512953368 0 500 0 0 0 0 0 0 0 0 0 0 0 0 0 0 0 0 0 0
"4" 4 0.06463878327 0 0 0 0 0 0 0 0 0 0 0 0 0 0 0 0 0 0 500 0
"5" 5 0.273631840796 1 0 0 0 0 5 0 0 0 0 0 0 2 27 445 0 0 0 0 20
"6" 6 0.00418410041841 0 0 0 0 0 0 0 0 0 469 0 0 0 31 0 0 0 0 0 0
"7" 7 0.160337552743 0 0 0 27 15 447 2 0 0 2 0 0 4 0 1 0 0 0 2 0
"8" 8 0.0 0 0 0 0 0 0 498 0 0 0 0 0 0 1 0 0 1 0 0 0
"9" 9 0.0 0 0 0 0 0 0 0 0 0 0 0 0 0 500 0 0 0 0 0 0
"10" 10 0.0 0 0 0 0 0 0 0 0 0 0 0 0 0 450 0 0 0 0 0 50
"11" 11 0.0 0 0 4 0 4 0 171 0 81 0 75 0 0 162 0 0 2 1 0 0
"12" 12 0.0 0 0 0 0 0 0 0 0 0 0 0 500 0 0 0 0 0 0 0 0
"13" 13 0.14358974359 0 344 122 1 2 0 0 0 0 0 25 0 0 0 0 0 0 2 0 4
"14" 14 0.377483443709 0 0 17 0 0 35 34 211 0 0 0 0 100 0 4 0 0 7 0 92
"15" 15 0.538461538462 0 0 0 0 0 0 0 0 0 0 0 500 0 0 0 0 0 0 0 0
"16" 16 0.0114942528736 0 0 0 1 0 0 0 0 0 0 0 0 0 0 0 0 499 0 0 0
"17" 17 0.153846153846 0 0 0 0 0 0 0 0 0 0 0 500 0 0 0 0 0 0 0 0
"18" 18 0.0253164556962 0 0 5 0 1 0 45 0 0 0 448 0 0 0 0 0 0 1 0 0
"19" 19 0.192052980132 0 11 62 0 2 30 0 0 39 0 44 0 0 0 7 0 0 305 0 0
"20" 20 0.0886075949367 0 8 2 0 63 0 0 0 0 0 1 0 0 394 1 0 0 28 0 3
"21" 21 0.0199004975124 0 0 1 0 1 0 0 0 0 0 5 0 0 360 0 0 0 0 0 133
"22" 22 0.0 0 0 0 0 0 0 0 0 3 0 4 0 0 482 0 0 10 0 0 1
"23" 23 0.109452736318 0 36 0 1 8 143 0 0 0 0 5 0 5 183 4 0 0 97 0 18
"24" 24 0.153284671533 0 0 0 0 351 0 0 0 0 0 149 0 0 0 0 0 0 0 0 0
"25" 25 0.0167364016736 0 0 0 0 0 0 0 0 0 500 0 0 0 0 0 0 0 0 0 0
"26" 26 0.185430463576 281 0 67 0 0 0 0 0 1 0 135 0 0 0 0 0 7 0 9 0
"27" 27 0.40414507772 0 8 7 92 4 70 0 0 0 0 0 0 283 0 3 0 0 31 0 2
"28" 28 0.59585492228 0 0 0 375 0 9 0 0 0 0 0 114 0 0 0 0 0 0 2 0
"29" 29 0.377906976744 0 0 0 0 0 389 4 0 0 0 0 0 0 0 107 0 0 0 0 0
"30" 30 0.281368821293 6 0 2 0 0 0 0 0 0 27 0 0 0 0 0 186 0 0 279 0
"31" 31 0.470930232558 0 0 0 0 0 206 27 0 7 0 0 0 0 0 0 4 91 0 165 0
"32" 32 0.589743589744 0 0 0 0 0 500 0 0 0 0 0 0 0 0 0 0 0 0 0 0
"33" 33 0.787564766839 0 0 0 500 0 0 0 0 0 0 0 0 0 0 0 0 0 0 0 0
"34" 34 0.220532319392 10 150 3 7 4 2 0 0 0 191 0 0 10 21 1 1 0 4 10 86
"35" 35 0.802030456853 0 0 0 0 0 0 0 0 0 0 0 0 0 0 500 0 0 0 0 0
"36" 36 0.377483443709 0 0 426 0 0 2 0 0 0 0 0 0 0 1 63 0 0 0 0 8
"37" 37 0.802325581395 0 0 0 0 0 500 0 0 0 0 0 0 0 0 0 0 0 0 0 0
"38" 38 0.675126903553 0 0 0 0 0 500 0 0 0 0 0 0 0 0 0 0 0 0 0 0
"39" 39 0.451923076923 0 0 0 0 0 0 0 0 0 0 0 500 0 0 0 0 0 0 0 0
"40" 40 0.0919540229885 78 5 1 0 4 0 0 0 167 0 4 1 0 3 0 0 196 34 0 7
"41" 41 0.523316062176 0 0 2 0 0 0 0 0 493 0 0 0 0 0 5 0 0 0 0 0
"42" 42 0.292887029289 0 0 0 0 0 0 0 0 0 5 0 0 7 0 0 0 0 0 488 0
"43" 43 0.270042194093 2 0 0 0 53 307 0 0 0 0 0 7 0 0 120 0 8 3 0 0
"44" 44 0.446700507614 0 0 0 0 9 1 47 0 0 0 0 0 0 0 0 0 425 18 0 0
"45" 45 0.227848101266 0 0 0 0 0 500 0 0 0 0 0 0 0 0 0 0 0 0 0 0
"46" 46 0.424418604651 5 0 0 0 0 0 342 0 0 0 0 0 0 0 0 0 143 0 0 10
"47" 47 0.0689655172414 0 0 0 0 0 0 307 0 0 0 0 0 0 0 0 0 193 0 0 0
"48" 48 0.53125 0 0 0 0 0 500 0 0 0 0 0 0 0 0 0 0 0 0 0 0
"49" 49 0.0199004975124 0 0 0 0 0 0 12 0 0 0 0 0 0 448 0 0 40 0 0 0
"50" 50 0.549222797927 0 4 0 89 0 365 0 0 0 0 0 0 0 0 1 0 0 41 0 0
"51" 51 0.692307692308 0 0 0 0 0 0 0 0 0 0 0 500 0 0 0 0 0 0 0 0
"52" 52 0.303797468354 0 0 0 0 0 4 0 0 0 0 0 0 0 0 0 0 0 0 496 0
"53" 53 0.174418604651 0 0 0 0 0 51 5 0 0 0 0 0 0 0 444 0 0 0 0 0
"54" 54 0.0 0 0 0 0 0 0 0 0 0 0 0 0 0 0 0 0 500 0 0 0
"55" 55 0.244725738397 0 0 0 0 0 4 0 0 0 0 0 0 0 10 20 0 0 1 0 465
"56" 56 0.0 0 0 0 0 0 0 1 0 0 0 0 0 0 499 0 0 0 0 0 0
"57" 57 0.22869955157 0 0 0 0 14 0 20 0 2 0 0 0 0 0 1 0 10 441 0 12
"58" 58 0.00507614213198 1 0 0 0 0 0 23 0 0 0 0 0 0 0 0 0 476 0 0 0
"59" 59 0.195035460993 0 0 0 0 0 0 0 0 0 12 0 0 0 0 0 461 0 0 27 0
"60" 60 0.0259067357513 13 100 4 0 0 0 0 0 0 0 307 0 75 0 0 0 0 0 0 1
"61" 61 0.0116279069767 0 0 0 0 36 0 0 0 392 0 1 0 12 59 0 0 0 0 0 0
"62" 62 0.519379844961 0 0 0 0 0 0 0 0 0 0 0 500 0 0 0 0 0 0 0 0
"63" 63 0.403846153846 0 0 0 0 0 0 0 0 0 0 0 500 0 0 0 0 0 0 0 0
"64" 64 0.255605381166 0 0 0 0 1 18 0 0 0 0 0 0 0 30 4 0 0 4 0 443
"65" 65 0.0625 0 0 3 0 0 3 0 0 4 0 57 0 0 0 0 0 19 411 0 3
"66" 66 0.642335766423 0 0 0 0 0 457 0 0 0 0 0 0 0 0 3 0 0 39 0 1
"67" 67 0.602510460251 0 0 0 0 0 460 0 0 2 0 0 0 0 0 35 0 0 3 0 0
"68" 68 0.481751824818 0 2 0 328 13 39 0 0 0 0 0 1 1 0 4 100 0 12 0 0
"69" 69 0.5 0 0 2 0 0 498 0 0 0 0 0 0 0 0 0 0 0 0 0 0
"70" 70 0.106598984772 1 0 4 0 0 0 432 0 6 0 0 0 0 34 0 0 14 2 0 7
"71" 71 0.377906976744 0 121 0 0 0 1 0 3 15 0 0 0 14 0 322 0 0 24 0 0
"72" 72 0.324503311258 0 0 0 0 0 4 0 496 0 0 0 0 0 0 0 0 0 0 0 0
"73" 73 0.456953642384 0 340 14 13 0 1 0 0 0 0 0 0 0 0 132 0 0 0 0 0
"74" 74 0.06463878327 0 4 0 4 0 0 0 0 0 38 0 0 0 1 0 0 0 0 0 453
"75" 75 0.0114068441065 0 0 0 0 0 0 0 0 0 492 0 0 0 0 0 0 0 0 8 0
"76" 76 0.613138686131 0 0 0 0 0 500 0 0 0 0 0 0 0 0 0 0 0 0 0 0
"77" 77 0.528846153846 0 0 0 0 0 0 0 0 0 0 0 500 0 0 0 0 0 0 0 0
"78" 78 0.0331125827815 0 0 3 0 47 0 0 0 413 0 36 0 0 0 0 0 1 0 0 0
"79" 79 0.239234449761 0 310 0 0 0 0 0 0 0 0 0 0 190 0 0 0 0 0 0 0
"80" 80 0.0 0 0 400 0 0 0 0 0 0 0 41 59 0 0 0 0 0 0 0 0
"81" 81 0.0 0 0 0 0 0 0 499 0 0 0 0 0 0 0 0 0 1 0 0 0
"82" 82 0.0152284263959 0 0 0 0 0 0 497 0 0 0 0 0 0 0 0 0 0 3 0 0
"83" 83 0.0 0 0 0 0 0 0 260 0 1 139 0 0 0 100 0 0 0 0 0 0
"84" 84 0.00574712643678 0 0 0 0 0 0 138 0 1 0 0 0 0 0 0 0 361 0 0 0
"85" 85 0.0 0 0 0 0 0 0 0 0 0 498 1 0 0 0 0 0 0 0 1 0
"86" 86 0.0621761658031 1 356 31 105 0 0 0 0 0 0 0 0 0 7 0 0 0 0 0 0
"87" 87 0.00574712643678 0 0 0 0 0 0 0 0 0 0 0 0 0 0 0 0 500 0 0 0
"88" 88 0.209302325581 0 7 0 0 0 0 0 0 493 0 0 0 0 0 0 0 0 0 0 0
"89" 89 0.378238341969 0 500 0 0 0 0 0 0 0 0 0 0 0 0 0 0 0 0 0 0
"90" 90 0.381165919283 0 0 0 0 33 88 0 337 1 0 0 0 0 6 0 0 0 35 0 0
"91" 91 0.477678571429 0 0 0 0 3 486 0 0 0 0 0 0 0 0 0 0 0 11 0 0
"92" 92 0.0132450331126 0 0 500 0 0 0 0 0 0 0 0 0 0 0 0 0 0 0 0 0
"93" 93 0.0627615062762 0 0 0 0 0 0 0 0 0 500 0 0 0 0 0 0 0 0 0 0
"94" 94 0.394871794872 0 5 0 0 0 272 0 0 0 0 0 0 0 88 46 0 0 89 0 0
"95" 95 0.00961538461538 0 2 346 122 0 7 0 0 0 0 7 0 0 0 0 0 0 1 0 15
"96" 96 0.0 0 0 3 0 0 0 206 0 0 0 4 0 0 33 0 0 254 0 0 0
"97" 97 0.565400843882 0 2 0 0 0 377 0 0 0 0 0 0 0 0 86 0 0 35 0 0
"98" 98 0.155963302752 0 24 0 1 0 284 0 0 0 0 0 0 0 0 15 0 0 173 0 3
"99" 99 0.0141843971631 0 0 0 0 0 0 0 0 0 0 3 0 67 0 0 405 0 4 21 0
"100" 100 0.0796019900498 0 1 0 0 0 0 15 0 0 0 1 0 0 470 0 5 0 1 1 6
"101" 101 0.506726457399 0 0 0 0 0 4 0 0 0 0 0 0 0 0 487 0 0 9 0 0
"102" 102 0.200892857143 0 0 0 1 3 2 0 0 0 0 1 0 2 29 0 0 0 13 21 428
"103" 103 0.0203045685279 0 0 204 0 0 0 279 0 0 0 12 0 0 0 1 0 4 0 0 0
"104" 104 0.709844559585 0 0 0 0 0 470 0 0 0 0 0 0 0 0 10 0 0 13 0 7
"105" 105 0.653284671533 0 0 0 0 35 367 0 0 0 0 0 0 0 18 15 3 0 61 0 1
"106" 106 0.285171102662 0 0 0 0 0 0 0 0 0 26 0 0 0 0 0 1 0 0 473 0
"107" 107 0.116279069767 0 0 204 0 0 0 0 0 0 0 295 1 0 0 0 0 0 0 0 0
"108" 108 0.459302325581 0 0 66 0 0 0 0 2 0 0 0 0 0 0 432 0 0 0 0 0
"109" 109 0.788079470199 0 0 382 0 0 10 0 108 0 0 0 0 0 0 0 0 0 0 0 0
"110" 110 0.523255813953 0 320 59 0 0 89 0 0 0 0 0 0 0 0 32 0 0 0 0 0
"111" 111 0.109195402299 0 0 0 0 0 0 0 0 0 0 11 0 0 0 0 0 489 0 0 0
"112" 112 0.129353233831 0 0 356 0 2 0 0 0 0 0 72 0 0 0 0 0 68 0 0 2
"113" 113 0.198312236287 0 0 0 0 0 13 264 0 0 2 0 0 9 67 0 5 3 0 0 137
"114" 114 0.0 0 0 0 0 0 0 0 0 0 0 0 0 0 500 0 0 0 0 0 0
"115" 115 0.0 0 0 0 0 0 0 30 0 0 3 0 0 0 467 0 0 0 0 0 0
"116" 116 0.00574712643678 0 0 1 0 1 0 3 0 0 0 1 0 0 0 0 0 491 3 0 0
"117" 117 0.0 0 0 0 0 0 0 0 0 0 0 0 499 0 0 0 0 0 0 0 1
"118" 118 0.025641025641 0 0 9 491 0 0 0 0 0 0 0 0 0 0 0 0 0 0 0 0
"119" 119 0.244725738397 0 0 0 371 0 3 0 0 0 0 0 112 13 0 0 0 0 1 0 0
"120" 120 0.0759493670886 0 0 188 0 0 0 0 0 0 0 312 0 0 0 0 0 0 0 0 0
"121" 121 0.20725388601 0 193 68 0 0 0 0 0 0 0 0 0 95 0 0 1 0 141 2 0
"122" 122 0.363184079602 0 1 0 0 2 101 0 0 0 0 0 0 0 41 15 0 0 0 0 340
"123" 123 0.632911392405 0 0 0 0 0 1 0 0 0 0 0 0 0 0 0 0 0 499 0 0
"124" 124 0.875647668394 0 0 0 0 0 500 0 0 0 0 0 0 0 0 0 0 0 0 0 0
"125" 125 0.637130801688 0 6 0 0 0 493 0 0 0 0 0 0 0 0 0 0 0 1 0 0
"126" 126 0.255474452555 0 0 0 0 1 0 0 0 0 0 0 0 0 0 499 0 0 0 0 0
"127" 127 0.431034482759 0 0 0 0 0 486 0 0 1 0 0 0 0 0 7 0 6 0 0 0
"128" 128 0.0172413793103 0 0 0 0 0 0 0 0 0 0 0 0 0 0 0 0 500 0 0 0
"129" 129 0.526785714286 0 0 0 0 0 288 0 0 0 0 0 0 5 0 207 0 0 0 0 0
"130" 130 0.372623574144 0 0 0 0 0 9 0 0 37 3 0 0 1 0 434 12 0 0 4 0
"131" 131 0.549222797927 0 412 0 0 0 39 0 0 0 0 0 0 0 0 0 0 0 48 0 1
"132" 132 0.48275862069 0 16 0 0 0 444 0 0 0 0 0 0 0 0 0 0 0 40 0 0
"133" 133 0.0 0 0 0 0 0 0 0 0 0 0 500 0 0 0 0 0 0 0 0 0
"134" 134 0.303797468354 0 0 0 0 0 251 0 0 0 0 1 0 0 44 177 2 0 14 11 0
"135" 135 0.584821428571 0 6 0 0 2 369 0 0 0 0 0 0 0 8 5 0 0 110 0 0
"136" 136 0.213389121339 0 0 0 0 0 0 0 0 2 457 0 0 2 0 0 7 0 0 32 0
"137" 137 0.0 0 0 0 0 0 0 0 0 0 0 500 0 0 0 0 0 0 0 0 0
"138" 138 0.492227979275 0 0 0 0 0 293 0 0 0 0 0 0 0 1 121 0 0 79 0 6
"139" 139 0.635658914729 0 2 0 0 0 494 0 0 0 0 0 0 0 0 4 0 0 0 0 0
"140" 140 0.246153846154 0 0 0 2 0 484 0 0 6 0 0 0 1 3 0 0 0 0 4 0
"141" 141 0.789029535865 0 0 0 500 0 0 0 0 0 0 0 0 0 0 0 0 0 0 0 0
"142" 142 0.0321100917431 0 0 1 0 7 0 0 0 0 0 492 0 0 0 0 0 0 0 0 0
"143" 143 0.327044025157 0 0 1 20 0 49 0 215 0 0 0 0 0 0 0 0 0 215 0 0
"144" 144 0.0627615062762 1 0 0 0 0 0 0 0 0 9 0 0 1 0 0 0 0 0 489 0
"145" 145 0.174129353234 0 0 0 0 0 0 255 0 0 0 0 0 0 0 244 0 0 0 0 1
"146" 146 0.116071428571 0 0 0 0 0 0 0 0 0 0 0 0 0 0 0 0 0 499 0 1
"147" 147 0.0 0 0 0 0 0 0 0 0 500 0 0 0 0 0 0 0 0 0 0 0
"148" 148 0.0 0 7 492 0 0 0 0 0 0 0 1 0 0 0 0 0 0 0 0 0
"149" 149 0.015503875969 0 0 24 0 0 0 0 9 0 0 467 0 0 0 0 0 0 0 0 0
"150" 150 0.333333333333 0 0 0 0 3 312 0 0 0 0 1 0 90 0 1 0 0 90 3 0
"151" 151 0.347150259067 0 1 0 137 0 159 0 0 64 0 0 0 35 1 0 0 0 2 101 0
"152" 152 0.41059602649 0 0 0 0 0 0 0 0 0 0 0 500 0 0 0 0 0 0 0 0
"153" 153 0.308139534884 0 0 0 0 1 327 0 0 0 0 0 0 0 0 172 0 0 0 0 0
"154" 154 0.307692307692 0 0 0 500 0 0 0 0 0 0 0 0 0 0 0 0 0 0 0 0
"155" 155 0.0172413793103 0 0 0 0 0 0 0 0 0 0 0 0 0 0 0 0 500 0 0 0
"156" 156 0.397321428571 0 0 0 0 0 54 0 0 0 0 0 0 0 0 249 0 0 157 0 40
"157" 157 0.430051813472 0 0 0 29 0 254 0 0 0 0 0 0 0 0 217 0 0 0 0 0
"158" 158 0.031007751938 0 0 4 0 0 0 0 0 0 0 496 0 0 0 0 0 0 0 0 0
"159" 159 0.0125523012552 0 0 0 0 0 0 0 0 0 491 0 0 0 0 0 0 0 0 9 0
"160" 160 0.26368159204 0 0 0 0 0 371 0 0 0 0 0 0 0 129 0 0 0 0 0 0
"161" 161 0.261627906977 0 0 0 0 3 0 84 0 6 0 0 0 0 18 0 0 0 389 0 0
"162" 162 0.0 0 0 401 0 0 0 0 0 0 0 73 0 0 0 0 0 0 26 0 0
"163" 163 0.0 0 0 0 0 0 0 0 0 0 0 500 0 0 0 0 0 0 0 0 0
"164" 164 0.317518248175 0 0 0 0 0 57 2 0 0 0 1 0 0 0 377 0 0 60 0 3
"165" 165 0.134529147982 0 6 355 0 0 0 0 0 0 0 0 0 0 56 0 0 0 1 0 82
"166" 166 0.0 0 0 0 0 0 0 58 0 21 0 420 0 0 0 0 0 1 0 0 0
"167" 167 0.177215189873 0 0 0 0 0 4 1 0 1 0 0 0 17 33 35 0 0 0 0 409
"168" 168 0.651785714286 0 28 34 0 0 57 0 0 2 0 0 0 0 26 16 0 0 337 0 0
"169" 169 0.490066225166 0 0 2 0 0 496 0 0 0 0 2 0 0 0 0 0 0 0 0 0
"170" 170 0.160550458716 0 0 0 0 0 1 0 0 0 0 8 0 0 491 0 0 0 0 0 0
"171" 171 0.417218543046 0 0 0 0 0 357 0 68 0 0 0 0 13 0 62 0 0 0 0 0
"172" 172 0.547085201794 0 43 0 0 0 204 0 0 0 0 0 0 0 0 134 0 0 119 0 0
"173" 173 0.690582959641 0 0 0 0 0 136 0 0 0 0 0 0 0 0 45 0 0 319 0 0
"174" 174 0.323076923077 0 49 0 0 0 18 0 0 0 0 0 0 0 4 320 0 0 99 0 10
"175" 175 0.0845771144279 0 0 0 0 0 0 0 0 0 0 2 0 0 491 7 0 0 0 0 0
"176" 176 0.364102564103 0 16 0 12 0 183 0 0 0 0 0 0 0 1 54 0 0 121 0 113
"177" 177 0.441964285714 0 0 1 4 0 292 0 0 0 0 0 0 0 156 47 0 0 0 0 0
"178" 178 0.0523255813953 0 0 0 189 0 310 0 0 1 0 0 0 0 0 0 0 0 0 0 0
"179" 179 0.0523255813953 0 0 0 0 0 194 0 0 296 0 0 0 0 0 5 0 0 0 0 5
"180" 180 0.27802690583 0 0 0 0 48 3 0 0 0 0 0 0 0 0 0 0 0 449 0 0
"181" 181 0.654008438819 0 0 0 0 0 500 0 0 0 0 0 0 0 0 0 0 0 0 0 0
"182" 182 0.443037974684 0 0 0 0 0 346 0 0 0 0 0 0 3 0 0 0 0 0 75 76
"183" 183 0.504464285714 0 0 0 0 0 33 0 0 0 0 0 0 0 3 0 0 0 464 0 0
"184" 184 0.694300518135 0 500 0 0 0 0 0 0 0 0 0 0 0 0 0 0 0 0 0 0
"185" 185 0.459915611814 0 3 0 0 0 487 0 0 0 0 0 0 0 0 0 0 0 10 0 0
"186" 186 0.586538461538 0 0 0 0 0 0 0 0 0 0 0 500 0 0 0 0 0 0 0 0
"187" 187 0.692307692308 0 0 3 0 0 497 0 0 0 0 0 0 0 0 0 0 0 0 0 0
"188" 188 0.701149425287 0 0 0 0 0 496 0 0 0 0 0 0 0 0 0 0 0 4 0 0
"189" 189 0.579487179487 0 391 0 0 0 0 0 0 0 0 0 109 0 0 0 0 0 0 0 0
"190" 190 0.786069651741 0 0 108 0 0 392 0 0 0 0 0 0 0 0 0 0 0 0 0 0
"191" 191 0.835443037975 0 0 0 0 0 109 0 0 391 0 0 0 0 0 0 0 0 0 0 0
"192" 192 0.423076923077 0 0 0 0 0 109 0 0 0 0 0 391 0 0 0 0 0 0 0 0
"193" 193 1.05381165919 0 0 0 0 0 0 0 0 0 0 0 500 0 0 0 0 0 0 0 0
