"site" "RSA" "aa1" "aa2" "aa3" "aa4" "aa5" "aa6" "aa7" "aa8" "aa9" "aa10" "aa11" "aa12" "aa13" "aa14" "aa15" "aa16" "aa17" "aa18" "aa19" "aa20"
"0" 0 0.569037656904 0 0 0 0 0 451 0 0 0 0 0 0 0 49 0 0 0 0 0 0
"1" 1 0.343023255814 2 0 0 0 2 183 0 0 254 0 0 0 0 0 1 0 0 51 0 7
"2" 2 0.0 0 0 0 0 0 0 0 0 0 0 0 0 0 497 0 0 0 3 0 0
"3" 3 0.287179487179 0 0 0 0 0 181 9 0 0 137 0 0 0 0 63 0 0 7 103 0
"4" 4 0.526785714286 0 0 0 0 0 500 0 0 0 0 0 0 0 0 0 0 0 0 0 0
"5" 5 0.848101265823 0 0 0 0 0 493 0 0 0 0 0 0 0 0 7 0 0 0 0 0
"6" 6 0.282511210762 0 0 0 0 0 13 0 0 0 0 0 0 0 5 0 0 0 482 0 0
"7" 7 0.18407960199 0 0 0 0 0 0 0 0 0 0 0 0 0 500 0 0 0 0 0 0
"8" 8 0.226744186047 0 0 0 0 90 407 0 0 0 1 0 0 0 0 0 0 0 0 2 0
"9" 9 0.818652849741 0 0 0 0 0 500 0 0 0 0 0 0 0 0 0 0 0 0 0 0
"10" 10 0.357512953368 0 18 0 0 0 0 1 0 0 0 0 0 0 80 318 0 0 0 0 83
"11" 11 0.0 0 0 4 0 0 0 0 489 0 0 7 0 0 0 0 0 0 0 0 0
"12" 12 0.203045685279 0 146 0 0 0 0 1 0 0 10 2 0 2 9 0 100 1 1 0 228
"13" 13 0.424870466321 0 5 0 0 0 227 0 0 0 0 0 0 0 3 0 0 0 265 0 0
"14" 14 0.0149253731343 0 0 0 0 0 0 0 0 0 0 0 0 0 500 0 0 0 0 0 0
"15" 15 0.00836820083682 0 0 5 0 2 19 1 0 0 56 319 5 11 4 0 32 12 17 6 11
"16" 16 0.296511627907 0 0 0 0 0 221 0 0 0 0 2 0 0 0 272 0 0 5 0 0
"17" 17 0.409282700422 0 0 0 0 18 0 0 0 0 0 0 0 0 0 482 0 0 0 0 0
"18" 18 0.00354609929078 0 0 0 0 0 0 0 0 0 0 0 0 0 0 0 497 0 0 3 0
"19" 19 0.0543933054393 0 31 0 27 3 3 6 0 0 85 24 0 4 182 2 1 0 8 4 120
"20" 20 0.317948717949 0 10 0 0 0 101 0 0 0 0 0 0 0 30 102 0 0 257 0 0
"21" 21 0.28125 0 0 0 0 0 0 0 0 0 0 0 0 0 0 0 0 0 500 0 0
"22" 22 0.0 0 0 1 0 0 0 0 0 0 0 449 50 0 0 0 0 0 0 0 0
"23" 23 0.489451476793 0 3 18 0 0 409 0 0 0 1 6 0 0 9 7 0 0 0 0 47
"24" 24 0.678571428571 0 0 0 0 0 498 0 0 0 0 0 0 0 0 2 0 0 0 0 0
"25" 25 0.170984455959 0 0 0 53 0 0 0 0 0 0 0 0 1 1 0 0 0 445 0 0
"26" 26 0.723270440252 0 0 0 0 0 500 0 0 0 0 0 0 0 0 0 0 0 0 0 0
"27" 27 0.419708029197 0 0 2 0 0 497 0 0 0 0 0 1 0 0 0 0 0 0 0 0
"28" 28 0.107142857143 0 0 0 19 0 0 475 0 0 0 0 0 0 0 0 0 3 3 0 0
"29" 29 0.71511627907 0 0 0 0 0 500 0 0 0 0 0 0 0 0 0 0 0 0 0 0
"30" 30 0.432835820896 0 455 1 1 0 2 0 0 0 0 0 0 0 41 0 0 0 0 0 0
"31" 31 0.0566037735849 2 0 3 0 0 0 0 17 0 9 6 17 23 0 0 373 32 18 0 0
"32" 32 0.236607142857 0 4 0 0 0 0 0 0 0 0 0 0 0 0 496 0 0 0 0 0
"33" 33 0.232558139535 0 0 41 0 0 2 0 0 0 0 3 0 0 41 403 0 0 1 0 9
"34" 34 0.0152284263959 1 0 0 1 0 0 140 0 109 0 28 2 0 0 24 0 187 1 0 7
"35" 35 0.255813953488 0 0 0 0 0 8 2 0 2 0 1 0 0 388 8 14 0 77 0 0
"36" 36 0.0 6 0 7 0 0 0 2 0 0 35 1 0 12 397 13 13 0 1 5 8
"37" 37 0.218543046358 0 1 0 0 0 17 182 0 0 38 0 0 0 0 69 31 141 2 19 0
"38" 38 0.0331125827815 10 0 439 0 0 0 0 0 2 1 48 0 0 0 0 0 0 0 0 0
"39" 39 0.193798449612 0 0 0 0 0 0 0 0 0 2 266 0 0 0 0 66 0 27 29 110
"40" 40 0.290178571429 12 209 9 145 3 43 47 0 0 22 1 0 3 0 2 0 0 4 0 0
"41" 41 0.44776119403 0 0 0 0 0 340 0 0 0 0 0 0 0 30 94 0 0 15 21 0
"42" 42 0.698113207547 0 78 0 0 0 308 0 107 0 0 0 0 0 0 0 0 0 7 0 0
"43" 43 0.483443708609 0 2 0 0 0 428 0 0 2 0 0 0 0 0 33 1 0 18 1 15
"44" 44 0.471153846154 0 0 0 0 0 0 0 0 0 0 0 500 0 0 0 0 0 0 0 0
"45" 45 0.565693430657 0 0 0 0 1 43 0 0 0 0 2 0 0 9 82 2 0 352 8 1
"46" 46 0.614942528736 0 0 0 0 0 20 110 0 0 0 0 0 0 0 29 96 243 0 1 1
"47" 47 0.0860927152318 0 1 18 120 42 43 12 0 73 1 0 4 0 0 133 0 0 33 4 16
"48" 48 0.503311258278 0 0 7 0 0 45 0 0 0 0 0 0 0 0 40 19 0 0 14 375
"49" 49 0.186131386861 0 0 227 0 0 0 0 0 260 0 11 1 0 0 0 0 0 0 1 0
"50" 50 0.56345177665 0 9 1 0 0 51 35 0 0 0 0 0 0 0 4 390 0 10 0 0
"51" 51 0.134328358209 0 1 0 0 0 421 0 0 5 0 0 0 0 1 0 0 66 0 0 6
"52" 52 0.477611940299 0 0 0 0 0 0 0 0 0 0 0 0 0 498 0 0 0 2 0 0
"53" 53 0.0418410041841 13 0 78 3 14 1 1 0 1 283 47 0 25 10 1 4 1 17 0 1
"54" 54 0.400843881857 0 2 1 0 6 1 150 0 0 2 0 0 0 14 4 0 0 2 0 318
"55" 55 0.272321428571 1 0 51 0 2 11 0 0 20 146 0 0 54 0 56 0 0 0 118 41
"56" 56 0.233830845771 0 0 43 0 1 0 0 0 304 0 0 0 5 118 0 9 0 0 14 6
"57" 57 0.259067357513 0 284 18 51 0 0 0 0 143 0 0 4 0 0 0 0 0 0 0 0
"58" 58 0.760765550239 0 0 0 0 0 498 0 0 0 0 0 0 0 0 0 0 0 2 0 0
"59" 59 0.244525547445 0 0 0 0 0 45 0 0 12 0 0 0 0 326 2 0 0 95 20 0
"60" 60 0.0288461538462 0 0 0 0 0 0 0 0 0 0 0 500 0 0 0 0 0 0 0 0
"61" 61 0.0 21 0 56 6 6 0 18 0 2 319 2 0 5 48 0 1 5 4 0 7
"62" 62 0.00581395348837 29 0 10 0 1 1 0 0 41 0 19 0 0 4 1 0 345 38 0 11
"63" 63 0.00507614213198 0 0 0 0 0 0 126 0 19 161 0 0 0 0 0 0 57 0 57 80
"64" 64 0.136882129278 0 0 0 2 0 0 380 0 0 1 0 0 0 0 0 0 1 14 1 101
"65" 65 0.0728476821192 0 446 1 1 0 0 0 0 0 0 0 52 0 0 0 0 0 0 0 0
"66" 66 0.0410256410256 0 496 0 4 0 0 0 0 0 0 0 0 0 0 0 0 0 0 0 0
"67" 67 0.0602836879433 0 0 0 0 0 0 0 0 0 0 0 0 3 0 0 484 0 13 0 0
"68" 68 0.346153846154 0 0 0 0 0 0 0 0 0 0 0 500 0 0 0 0 0 0 0 0
"69" 69 0.18023255814 0 1 1 3 0 432 0 0 0 0 0 0 0 6 54 3 0 0 0 0
"70" 70 0.0 0 3 489 0 0 0 0 0 0 0 0 0 8 0 0 0 0 0 0 0
"71" 71 0.328467153285 0 0 0 0 0 226 0 66 0 0 0 0 0 7 0 0 0 33 0 168
"72" 72 0.0295358649789 0 1 18 1 14 0 4 0 103 0 2 0 223 8 0 0 118 8 0 0
"73" 73 0.0387596899225 0 0 0 0 0 0 0 0 0 0 500 0 0 0 0 0 0 0 0 0
"74" 74 0.516746411483 0 7 0 0 0 377 0 0 0 0 0 0 99 0 1 0 0 16 0 0
"75" 75 0.00518134715026 0 176 0 243 0 0 0 0 0 0 77 1 3 0 0 0 0 0 0 0
"76" 76 0.0355329949239 0 0 5 2 50 0 423 0 1 0 4 0 2 11 0 0 1 0 1 0
"77" 77 0.643410852713 0 0 0 0 0 378 0 0 0 0 0 0 0 0 122 0 0 0 0 0
"78" 78 0.313953488372 0 3 0 102 0 6 0 0 0 0 3 0 0 3 13 0 0 1 0 369
"79" 79 0.0666666666667 0 26 0 86 0 0 0 0 0 1 64 0 0 0 266 21 0 6 30 0
"80" 80 0.446540880503 0 0 0 0 0 0 0 86 0 0 0 0 0 0 414 0 0 0 0 0
"81" 81 0.379487179487 0 0 0 8 0 25 0 0 1 0 0 0 8 0 29 0 0 366 60 3
"82" 82 0.077519379845 0 0 26 1 0 0 0 0 6 0 452 12 0 0 0 0 0 0 0 3
"83" 83 0.170542635659 0 0 64 0 0 42 0 0 0 0 0 0 0 0 0 0 0 15 0 379
"84" 84 0.010152284264 0 0 59 0 29 0 2 0 0 10 267 0 2 0 0 0 0 45 6 80
"85" 85 0.212643678161 0 0 3 0 0 1 393 0 0 0 0 0 0 0 1 0 73 5 0 24
"86" 86 0.0 5 0 1 7 6 1 24 0 4 307 5 0 9 30 0 1 10 16 71 3
"87" 87 0.464435146444 0 0 0 0 0 190 0 0 0 1 0 0 1 7 5 0 0 1 295 0
"88" 88 0.00709219858156 28 1 0 16 0 0 1 0 0 175 0 0 3 1 0 102 0 0 124 49
"89" 89 0.611814345992 0 0 0 0 0 135 0 0 0 0 0 0 0 0 360 0 0 5 0 0
"90" 90 0.435233160622 0 329 3 0 0 1 0 0 0 0 0 0 0 0 0 0 2 31 0 134
"91" 91 0.0199004975124 0 53 0 0 0 0 0 0 0 0 1 0 0 444 0 0 0 0 0 2
"92" 92 0.322869955157 0 0 0 0 0 301 0 0 0 0 0 197 0 0 2 0 0 0 0 0
"93" 93 0.036496350365 0 0 0 0 0 0 0 0 0 0 0 0 0 0 500 0 0 0 0 0
"94" 94 0.22869955157 0 0 1 0 0 5 0 0 0 0 1 0 0 0 3 0 0 30 0 460
"95" 95 0.0 1 0 0 0 0 0 288 0 89 0 0 0 0 0 0 0 110 1 0 11
"96" 96 0.302919708029 0 0 0 0 5 0 291 0 0 0 0 0 0 0 32 0 134 37 1 0
"97" 97 0.0 2 0 0 0 0 0 78 0 2 0 0 2 0 0 0 0 407 9 0 0
"98" 98 0.28125 0 23 1 1 0 35 0 0 2 0 0 0 0 0 366 0 0 2 0 70
"99" 99 0.0480769230769 0 0 0 0 0 0 0 0 0 0 0 500 0 0 0 0 0 0 0 0
"100" 100 0.238578680203 0 0 1 0 0 130 232 0 13 0 0 0 0 30 0 0 0 94 0 0
"101" 101 0.0697674418605 2 0 46 0 0 0 0 0 76 0 365 0 0 4 0 0 2 5 0 0
"102" 102 0.25 0 0 0 0 0 8 0 0 244 0 0 0 0 0 222 0 0 0 12 14
"103" 103 0.564593301435 0 0 0 0 224 222 0 0 0 0 0 0 0 0 54 0 0 0 0 0
"104" 104 0.0574712643678 1 2 24 0 1 0 0 0 0 0 15 34 0 369 0 0 25 14 0 15
"105" 105 0.4 0 0 0 0 0 3 0 0 0 0 0 0 50 0 189 0 0 258 0 0
"106" 106 0.332116788321 0 178 0 0 0 268 0 0 0 0 0 0 0 0 0 0 0 54 0 0
"107" 107 0.459821428571 0 159 0 0 0 127 0 0 0 0 0 0 0 0 211 0 0 3 0 0
"108" 108 0.133720930233 0 5 4 0 23 222 0 0 0 0 0 0 0 1 7 1 0 70 0 167
"109" 109 0.00662251655629 0 0 500 0 0 0 0 0 0 0 0 0 0 0 0 0 0 0 0 0
"110" 110 0.34375 0 0 1 0 0 395 0 0 0 0 0 0 0 0 57 0 0 0 0 47
"111" 111 0.467153284672 0 0 0 0 0 163 0 0 0 0 0 0 0 0 200 0 0 13 2 122
"112" 112 0.266159695817 0 138 25 0 26 5 0 0 0 0 3 1 6 3 6 6 0 67 9 205
"113" 113 0.00418410041841 0 0 0 0 0 0 0 0 0 479 0 0 21 0 0 0 0 0 0 0
"114" 114 0.556962025316 0 1 0 0 0 445 0 0 0 42 0 0 0 4 1 1 0 2 0 4
"115" 115 0.622093023256 0 0 343 0 0 99 0 0 0 0 0 0 0 2 55 1 0 0 0 0
"116" 116 0.35401459854 0 0 0 0 78 9 0 0 0 34 0 0 0 31 0 0 0 8 0 340
"117" 117 0.534591194969 0 0 0 0 0 5 0 248 0 0 0 0 234 0 13 0 0 0 0 0
"118" 118 0.704379562044 0 0 0 0 0 414 0 0 0 0 0 0 0 0 86 0 0 0 0 0
"119" 119 0.605769230769 0 0 0 0 0 435 0 0 0 0 0 0 0 0 45 0 0 20 0 0
"120" 120 0.251655629139 0 5 0 0 2 367 0 0 0 0 0 0 0 0 2 1 0 8 8 107
"121" 121 0.0928270042194 0 0 0 0 500 0 0 0 0 0 0 0 0 0 0 0 0 0 0 0
"122" 122 0.10152284264 0 0 0 0 0 0 304 0 0 0 195 0 0 0 0 0 1 0 0 0
"123" 123 0.278846153846 0 0 0 0 1 160 0 0 0 0 0 0 0 289 15 8 0 23 0 4
"124" 124 0.093023255814 0 0 17 3 0 0 0 0 0 0 470 0 0 0 0 8 0 2 0 0
"125" 125 0.315602836879 0 0 0 0 0 0 0 0 0 0 0 0 0 0 0 500 0 0 0 0
"126" 126 0.031007751938 0 0 0 0 0 0 0 0 0 0 500 0 0 0 0 0 0 0 0 0
"127" 127 0.384105960265 0 0 0 0 0 3 447 0 0 0 0 0 0 0 28 0 0 2 20 0
"128" 128 0.627737226277 0 46 0 0 9 12 0 0 0 0 0 5 0 0 13 0 0 5 0 410
"129" 129 0.322869955157 18 0 3 0 0 222 0 0 0 0 0 0 0 0 0 0 0 0 0 257
"130" 130 0.529801324503 0 0 0 0 0 0 0 0 0 0 0 500 0 0 0 0 0 0 0 0
"131" 131 0.388601036269 0 0 11 0 0 0 0 0 0 0 451 33 0 0 1 0 0 4 0 0
"132" 132 0.810344827586 0 0 0 0 0 500 0 0 0 0 0 0 0 0 0 0 0 0 0 0
"133" 133 0.375634517766 14 6 0 0 0 35 0 0 0 5 0 0 436 0 0 0 0 1 0 3
"134" 134 0.759493670886 0 0 0 0 0 470 0 0 0 0 0 0 0 0 11 0 0 19 0 0
"135" 135 0.369230769231 0 0 500 0 0 0 0 0 0 0 0 0 0 0 0 0 0 0 0 0
"136" 136 0.569343065693 0 8 0 0 4 406 0 0 0 0 0 0 0 0 1 0 0 81 0 0
"137" 137 0.517857142857 0 0 0 0 0 374 0 0 0 0 0 0 0 0 38 0 0 88 0 0
"138" 138 0.214285714286 0 0 0 0 0 2 0 0 0 0 0 0 0 0 0 0 0 498 0 0
"139" 139 0.194029850746 0 0 0 0 0 475 0 0 0 0 0 0 0 3 21 0 0 0 0 1
"140" 140 0.357512953368 0 2 0 0 0 126 0 0 0 0 0 0 0 44 83 0 0 245 0 0
"141" 141 0.455357142857 0 4 0 0 2 191 0 0 0 0 0 0 0 160 86 1 0 56 0 0
"142" 142 0.213930348259 0 0 0 16 0 15 0 0 0 0 0 0 0 426 3 0 0 13 0 27
"143" 143 0.313953488372 0 0 0 0 2 257 0 0 0 0 0 0 0 7 67 0 0 47 0 120
"144" 144 0.641255605381 0 0 0 0 25 257 0 0 0 0 0 0 0 0 23 0 0 195 0 0
"145" 145 0.46835443038 0 2 0 0 0 477 0 0 0 0 0 0 0 0 20 0 0 0 1 0
"146" 146 0.184615384615 2 2 0 0 0 434 0 0 0 0 0 0 45 0 0 0 0 16 1 0
"147" 147 0.418604651163 0 0 0 0 0 198 0 0 0 0 0 0 0 16 193 1 0 92 0 0
"148" 148 0.3125 0 0 0 0 0 386 0 0 0 0 0 0 0 0 101 0 0 13 0 0
"149" 149 0.29197080292 0 0 0 0 0 54 0 0 1 0 0 0 11 0 0 0 0 434 0 0
"150" 150 0.117154811715 0 0 0 0 0 0 0 0 0 499 0 0 0 0 0 1 0 0 0 0
"151" 151 0.320675105485 0 0 0 0 0 467 0 0 0 0 0 0 0 0 24 0 0 0 0 9
"152" 152 0.528497409326 0 491 0 0 0 9 0 0 0 0 0 0 0 0 0 0 0 0 0 0
"153" 153 0.418604651163 0 0 499 0 0 0 0 0 0 0 1 0 0 0 0 0 0 0 0 0
"154" 154 0.424107142857 0 0 0 0 0 500 0 0 0 0 0 0 0 0 0 0 0 0 0 0
"155" 155 0.39896373057 0 0 0 0 0 4 473 0 0 0 0 0 0 0 2 0 0 21 0 0
"156" 156 0.0761421319797 0 0 0 0 0 0 195 0 0 0 0 0 0 0 0 0 305 0 0 0
"157" 157 0.503144654088 0 0 0 0 0 22 0 478 0 0 0 0 0 0 0 0 0 0 0 0
"158" 158 0.126582278481 499 0 0 0 0 0 0 0 0 0 0 0 0 0 0 0 0 1 0 0
"159" 159 0.0 0 0 0 0 0 0 0 500 0 0 0 0 0 0 0 0 0 0 0 0
"160" 160 0.746113989637 0 0 0 0 0 0 0 500 0 0 0 0 0 0 0 0 0 0 0 0
"161" 161 0.212927756654 0 4 0 0 0 0 0 0 0 0 1 0 0 0 0 495 0 0 0 0
"162" 162 0.0744680851064 0 0 0 0 0 16 0 0 0 35 0 0 1 0 0 250 188 2 8 0
"163" 163 0.0288461538462 0 0 0 0 0 0 0 0 0 0 0 500 0 0 0 0 0 0 0 0
"164" 164 0.0192307692308 2 0 5 0 1 25 0 0 0 0 0 466 0 0 1 0 0 0 0 0
"165" 165 0.0 12 0 0 0 0 0 0 0 0 0 2 0 0 33 0 0 0 0 0 453
"166" 166 0.0583941605839 141 0 2 0 1 0 3 0 51 0 0 0 0 0 14 0 283 0 0 5
"167" 167 0.0 21 0 0 2 0 0 427 0 20 0 0 0 0 0 0 0 30 0 0 0
"168" 168 0.0 3 5 0 2 0 0 478 0 0 0 0 0 0 0 0 12 0 0 0 0
"169" 169 0.0251572327044 0 0 0 0 1 0 0 0 2 0 497 0 0 0 0 0 0 0 0 0
"170" 170 0.208955223881 0 0 0 0 0 9 0 0 0 0 0 0 13 341 7 0 0 0 130 0
"171" 171 0.254464285714 0 0 3 0 6 3 0 0 0 0 0 0 0 0 22 0 0 233 0 233
"172" 172 0.0 0 0 0 0 0 0 492 0 0 0 0 0 0 0 0 0 4 0 0 4
"173" 173 0.0223214285714 12 0 0 0 0 25 2 0 18 0 0 0 0 0 120 0 0 16 0 307
"174" 174 0.0 0 0 0 0 0 0 0 0 0 500 0 0 0 0 0 0 0 0 0 0
"175" 175 0.124113475177 0 0 0 0 0 0 267 0 0 11 0 0 0 0 123 0 84 2 13 0
"176" 176 0.00448430493274 0 0 0 0 500 0 0 0 0 0 0 0 0 0 0 0 0 0 0 0
"177" 177 0.0480769230769 0 0 0 0 0 85 0 0 0 0 0 303 10 0 1 0 0 1 5 95
"178" 178 0.288321167883 59 58 21 0 0 5 0 0 20 0 2 0 143 107 34 0 3 3 0 45
"179" 179 0.761006289308 0 64 0 0 0 415 0 19 0 0 0 0 0 0 0 0 0 2 0 0
"180" 180 0.430463576159 0 21 285 0 0 169 0 0 0 0 0 0 0 0 25 0 0 0 0 0
"181" 181 0.748175182482 0 0 0 0 0 0 0 0 0 0 0 500 0 0 0 0 0 0 0 0
"182" 182 0.592039800995 0 0 0 0 0 500 0 0 0 0 0 0 0 0 0 0 0 0 0 0
"183" 183 0.200956937799 0 135 0 4 0 8 0 0 0 0 1 0 30 0 322 0 0 0 0 0
"184" 184 0.0518134715026 0 256 0 0 0 0 0 0 0 234 0 0 0 0 0 0 0 0 10 0
"185" 185 0.178832116788 0 0 27 0 0 179 256 0 0 0 0 0 0 0 0 0 13 25 0 0
"186" 186 0.0209205020921 0 0 0 0 0 0 0 0 0 424 0 0 0 0 0 76 0 0 0 0
"187" 187 0.0 191 0 38 0 4 130 0 0 2 0 95 0 0 0 0 0 0 0 0 40
"188" 188 0.0 0 0 7 0 0 0 0 0 0 314 176 3 0 0 0 0 0 0 0 0
"189" 189 0.372262773723 0 0 1 0 0 3 0 0 4 0 0 0 0 0 1 0 0 0 491 0
"190" 190 0.142335766423 0 0 0 0 0 372 0 0 0 0 128 0 0 0 0 0 0 0 0 0
"191" 191 0.721518987342 0 0 0 0 0 443 0 0 0 0 0 0 0 0 0 0 0 57 0 0
"192" 192 0.366279069767 0 0 0 0 0 403 11 0 29 0 0 0 0 0 57 0 0 0 0 0
"193" 193 0.290178571429 0 0 60 0 0 0 0 0 11 0 0 0 0 4 4 0 0 421 0 0
"194" 194 0.671794871795 0 0 0 0 0 386 0 0 0 0 0 0 0 0 114 0 0 0 0 0
"195" 195 0.295336787565 0 60 0 0 0 0 0 0 0 0 0 0 0 0 0 0 13 0 0 427
"196" 196 0.610062893082 0 0 0 0 0 0 0 494 0 0 0 0 0 0 0 0 0 6 0 0
"197" 197 0.173758865248 0 0 0 0 1 0 0 0 0 0 0 0 0 1 0 489 0 9 0 0
"198" 198 0.527426160338 0 0 0 0 0 2 0 0 0 0 0 0 0 0 6 57 0 0 435 0
"199" 199 0.367816091954 0 0 94 0 0 0 0 0 158 0 0 0 0 0 0 186 62 0 0 0
"200" 200 0.379310344828 0 0 0 0 0 44 0 0 175 4 0 0 3 0 3 0 0 271 0 0
"201" 201 0.379562043796 0 0 0 0 0 419 0 0 0 0 0 0 0 0 81 0 0 0 0 0
"202" 202 0.199004975124 1 0 0 0 0 280 0 0 0 0 0 3 0 204 3 0 0 6 0 3
"203" 203 0.581395348837 0 0 4 0 0 0 0 496 0 0 0 0 0 0 0 0 0 0 0 0
"204" 204 0.610062893082 0 0 320 0 0 0 0 179 0 0 1 0 0 0 0 0 0 0 0 0
