"site" "RSA" "aa1" "aa2" "aa3" "aa4" "aa5" "aa6" "aa7" "aa8" "aa9" "aa10" "aa11" "aa12" "aa13" "aa14" "aa15" "aa16" "aa17" "aa18" "aa19" "aa20"
"0" 0 1.09271523179 0 0 500 0 0 0 0 0 0 0 0 0 0 0 0 0 0 0 0 0
"1" 1 0.846715328467 0 0 0 0 0 500 0 0 0 0 0 0 0 0 0 0 0 0 0 0
"2" 2 0.886075949367 0 0 0 0 0 500 0 0 0 0 0 0 0 0 0 0 0 0 0 0
"3" 3 0.270042194093 0 0 0 0 0 443 5 0 0 0 0 0 0 42 0 0 4 1 0 5
"4" 4 0.574358974359 0 105 0 249 0 0 0 144 0 0 0 0 0 0 0 0 0 0 0 2
"5" 5 0.177664974619 0 0 0 0 0 7 0 0 468 0 0 0 0 0 5 0 0 9 11 0
"6" 6 0.00995024875622 0 0 0 0 0 0 6 0 0 0 0 0 0 494 0 0 0 0 0 0
"7" 7 0.113924050633 0 0 0 0 0 500 0 0 0 0 0 0 0 0 0 0 0 0 0 0
"8" 8 0.0 0 0 0 0 0 0 1 0 0 0 1 0 0 0 0 0 498 0 0 0
"9" 9 0.0 13 0 0 0 0 0 482 0 0 0 1 0 0 0 0 0 4 0 0 0
"10" 10 0.00507614213198 0 0 0 0 0 0 64 0 0 0 1 0 0 0 0 0 39 3 0 393
"11" 11 0.0 0 0 0 0 0 0 0 0 0 0 0 0 0 469 0 0 0 0 0 31
"12" 12 0.0 0 0 0 0 0 0 0 0 0 0 0 500 0 0 0 0 0 0 0 0
"13" 13 0.145077720207 0 454 46 0 0 0 0 0 0 0 0 0 0 0 0 0 0 0 0 0
"14" 14 0.370860927152 0 0 3 0 1 135 0 22 2 13 0 0 7 288 0 0 0 25 4 0
"15" 15 0.471153846154 0 0 0 0 0 0 0 0 0 0 0 500 0 0 0 0 0 0 0 0
"16" 16 0.00574712643678 0 0 0 0 0 0 0 0 0 0 0 0 0 0 0 0 500 0 0 0
"17" 17 0.134615384615 0 0 0 0 0 0 0 0 0 0 0 500 0 0 0 0 0 0 0 0
"18" 18 0.0506329113924 1 0 2 0 0 0 89 0 0 0 406 2 0 0 0 0 0 0 0 0
"19" 19 0.127906976744 0 0 0 0 22 8 0 2 1 0 403 1 0 0 2 0 0 27 0 34
"20" 20 0.12582781457 0 0 0 0 0 0 0 0 0 0 482 2 0 0 1 0 0 15 0 0
"21" 21 0.0 0 0 0 0 0 0 2 0 0 0 32 0 0 463 0 0 0 3 0 0
"22" 22 0.045871559633 0 0 0 0 0 0 0 0 50 0 358 44 0 0 2 0 46 0 0 0
"23" 23 0.200956937799 0 16 2 0 0 0 0 0 0 0 2 0 0 0 0 4 0 10 29 437
"24" 24 0.171532846715 0 0 14 0 31 0 0 0 0 0 442 0 0 0 0 0 9 4 0 0
"25" 25 0.06463878327 0 0 1 0 0 0 0 0 0 486 8 0 0 0 0 0 0 5 0 0
"26" 26 0.109195402299 0 0 0 0 0 0 2 0 2 0 0 0 0 0 0 0 496 0 0 0
"27" 27 0.353846153846 0 4 0 7 0 109 0 0 0 0 0 0 0 0 0 0 0 14 366 0
"28" 28 0.575129533679 0 33 0 3 0 262 0 0 0 0 0 0 0 0 164 0 0 38 0 0
"29" 29 0.565400843882 0 0 0 0 0 455 0 0 0 0 0 0 0 0 45 0 0 0 0 0
"30" 30 0.266159695817 0 0 0 0 0 0 0 0 0 0 0 0 0 0 0 89 0 0 411 0
"31" 31 0.344370860927 0 0 0 0 0 488 0 0 0 0 0 0 0 12 0 0 0 0 0 0
"32" 32 0.52466367713 0 0 0 0 0 418 0 82 0 0 0 0 0 0 0 0 0 0 0 0
"33" 33 0.766816143498 0 0 0 0 0 500 0 0 0 0 0 0 0 0 0 0 0 0 0 0
"34" 34 0.269961977186 0 0 0 0 0 0 0 0 0 16 0 0 0 0 0 7 0 0 477 0
"35" 35 0.763713080169 0 0 0 0 0 0 0 500 0 0 0 0 0 0 0 0 0 0 0 0
"36" 36 0.395348837209 0 0 16 0 6 2 5 196 272 0 0 0 0 0 0 0 0 3 0 0
"37" 37 0.174418604651 0 0 0 0 32 0 0 0 4 0 0 0 0 3 0 0 461 0 0 0
"38" 38 0.527918781726 0 0 0 0 0 32 0 0 0 0 0 0 0 0 398 0 11 0 0 59
"39" 39 0.0769230769231 0 0 0 0 0 0 0 0 0 0 0 500 0 0 0 0 0 0 0 0
"40" 40 0.124031007752 1 0 4 0 2 0 1 0 0 0 490 0 0 1 0 0 1 0 0 0
"41" 41 0.569948186528 0 1 0 0 0 1 0 0 489 0 0 0 0 0 1 0 0 8 0 0
"42" 42 0.297071129707 0 0 9 0 0 0 0 0 0 214 2 0 0 0 0 0 0 0 275 0
"43" 43 0.258706467662 0 0 0 0 0 19 0 0 2 0 0 2 5 4 317 0 0 0 67 84
"44" 44 0.418604651163 0 5 1 0 0 10 0 0 6 0 0 0 0 234 190 0 0 4 0 50
"45" 45 0.240506329114 0 0 0 0 0 14 0 0 0 0 0 0 0 0 0 0 0 0 486 0
"46" 46 0.616071428571 0 42 0 0 0 48 0 0 53 0 0 0 1 0 18 1 9 243 0 85
"47" 47 0.132183908046 0 0 0 0 0 0 0 0 500 0 0 0 0 0 0 0 0 0 0 0
"48" 48 0.523255813953 0 0 0 0 0 0 451 0 16 0 0 0 0 0 0 0 33 0 0 0
"49" 49 0.051724137931 0 0 20 0 0 0 0 0 0 0 0 0 0 0 0 0 480 0 0 0
"50" 50 0.683937823834 0 282 0 209 0 0 0 0 0 0 0 0 0 0 0 0 0 0 0 9
"51" 51 0.567307692308 0 0 0 0 0 0 0 0 0 0 0 500 0 0 0 0 0 0 0 0
"52" 52 0.79274611399 447 5 0 0 0 0 0 0 0 0 0 0 0 0 48 0 0 0 0 0
"53" 53 0.518987341772 0 0 0 11 5 0 26 0 0 0 0 0 0 7 4 0 0 2 445 0
"54" 54 0.706896551724 0 0 18 0 0 129 21 0 0 0 0 0 0 0 308 0 0 0 24 0
"55" 55 0.100775193798 0 0 0 0 0 0 0 0 4 0 496 0 0 0 0 0 0 0 0 0
"56" 56 0.168604651163 0 0 0 0 0 5 70 0 6 0 0 0 0 0 48 0 363 0 0 8
"57" 57 0.0 1 0 1 0 0 0 1 0 0 0 4 0 0 0 0 0 11 0 0 482
"58" 58 0.152466367713 1 0 0 0 7 2 0 0 0 0 1 0 0 0 9 0 1 194 0 285
"59" 59 0.0 3 0 0 0 0 0 12 0 0 0 8 0 0 337 0 0 140 0 0 0
"60" 60 0.124113475177 1 0 0 0 0 0 3 0 0 2 0 0 4 0 0 481 6 1 2 0
"61" 61 0.0466321243523 10 2 33 0 0 0 36 0 50 0 10 0 0 8 0 0 349 1 0 1
"62" 62 0.0348837209302 0 0 3 0 0 0 0 0 496 0 0 0 0 0 0 1 0 0 0 0
"63" 63 0.0387596899225 0 0 0 0 0 0 0 0 0 0 500 0 0 0 0 0 0 0 0 0
"64" 64 0.144230769231 0 0 0 0 0 0 0 0 0 0 0 500 0 0 0 0 0 0 0 0
"65" 65 0.291479820628 1 118 0 1 0 11 0 0 2 0 0 0 0 22 82 0 0 263 0 0
"66" 66 0.732142857143 0 5 0 0 0 7 0 475 0 0 0 0 0 0 0 0 0 13 0 0
"67" 67 0.715328467153 0 48 31 0 0 35 0 0 0 0 0 0 0 0 379 0 0 7 0 0
"68" 68 0.142259414226 0 32 0 63 20 104 0 0 0 0 0 0 0 14 0 0 0 261 6 0
"69" 69 0.269058295964 17 0 0 0 112 5 0 0 0 0 0 0 0 0 364 0 0 0 0 2
"70" 70 0.58940397351 0 0 47 0 0 453 0 0 0 0 0 0 0 0 0 0 0 0 0 0
"71" 71 0.532338308458 0 0 0 0 0 500 0 0 0 0 0 0 0 0 0 0 0 0 0 0
"72" 72 0.432692307692 0 0 0 0 0 0 0 0 0 0 0 500 0 0 0 0 0 0 0 0
"73" 73 0.195402298851 47 9 2 0 8 2 0 0 8 0 0 0 1 32 13 3 188 9 1 177
"74" 74 0.410852713178 0 0 0 0 0 469 0 0 0 0 0 0 0 0 0 0 0 31 0 0
"75" 75 0.138075313808 0 0 1 0 41 2 0 0 0 448 0 0 0 3 0 3 0 0 0 2
"76" 76 0.0266159695817 0 0 0 5 94 54 0 0 175 48 0 0 0 14 106 4 0 0 0 0
"77" 77 0.485401459854 0 0 0 0 0 103 66 0 0 0 0 0 0 0 113 0 194 24 0 0
"78" 78 0.548076923077 0 0 0 0 0 0 0 0 0 0 0 500 0 0 0 0 0 0 0 0
"79" 79 0.062015503876 0 0 0 0 0 0 0 0 0 0 499 1 0 0 0 0 0 0 0 0
"80" 80 0.0880829015544 0 500 0 0 0 0 0 0 0 0 0 0 0 0 0 0 0 0 0 0
"81" 81 0.0 499 0 0 0 0 0 0 0 0 0 0 0 0 0 0 0 1 0 0 0
"82" 82 0.0 500 0 0 0 0 0 0 0 0 0 0 0 0 0 0 0 0 0 0 0
"83" 83 0.0 0 0 0 0 1 0 7 0 0 0 0 0 0 0 40 0 452 0 0 0
"84" 84 0.0 0 0 0 0 0 0 0 0 0 0 0 0 0 500 0 0 0 0 0 0
"85" 85 0.0 0 0 0 0 0 0 4 0 2 0 0 0 0 0 0 0 494 0 0 0
"86" 86 0.00380228136882 152 0 3 0 0 0 0 0 140 0 6 0 0 0 0 0 0 0 199 0
"87" 87 0.0466321243523 0 397 0 103 0 0 0 0 0 0 0 0 0 0 0 0 0 0 0 0
"88" 88 0.0172413793103 0 0 6 0 0 0 0 0 0 0 259 15 0 8 0 0 140 0 0 72
"89" 89 0.232558139535 0 0 5 0 0 0 0 0 494 0 0 1 0 0 0 0 0 0 0 0
"90" 90 0.369230769231 0 442 0 58 0 0 0 0 0 0 0 0 0 0 0 0 0 0 0 0
"91" 91 0.286821705426 0 0 0 0 0 0 0 499 0 0 0 0 0 0 0 0 0 0 0 1
"92" 92 0.364238410596 0 0 477 0 0 22 0 0 0 0 0 0 0 0 0 0 0 1 0 0
"93" 93 0.0132450331126 0 0 500 0 0 0 0 0 0 0 0 0 0 0 0 0 0 0 0 0
"94" 94 0.146443514644 0 0 0 0 1 0 0 0 49 439 6 1 1 0 0 0 1 2 0 0
"95" 95 0.589285714286 0 0 0 0 0 457 0 0 0 0 0 0 0 0 1 0 0 42 0 0
"96" 96 0.261538461538 0 0 1 454 0 25 0 0 0 0 0 0 0 0 6 0 0 2 0 12
"97" 97 0.0 0 0 0 0 0 0 274 0 0 0 0 0 0 226 0 0 0 0 0 0
"98" 98 0.396624472574 0 254 0 0 0 149 0 0 1 0 20 0 1 34 0 0 0 10 0 31
"99" 99 0.483443708609 0 8 0 2 0 329 0 0 0 0 0 0 21 0 1 2 0 137 0 0
"100" 100 0.0815602836879 0 0 0 0 0 0 0 0 0 0 0 0 206 0 0 136 0 0 158 0
"101" 101 0.226277372263 0 0 0 0 225 0 0 0 0 0 0 0 0 0 275 0 0 0 0 0
"102" 102 0.248704663212 0 0 0 0 0 219 0 0 0 0 0 0 0 62 155 0 0 27 0 37
"103" 103 0.28125 0 0 108 0 0 0 0 0 20 0 9 0 0 7 15 0 0 304 2 35
"104" 104 0.0 0 0 0 0 0 0 0 0 0 499 0 0 0 0 0 0 0 0 1 0
"105" 105 0.169154228856 0 0 0 0 0 0 7 0 0 0 0 0 0 437 0 0 0 56 0 0
"106" 106 0.580459770115 0 0 0 0 0 450 0 0 0 0 0 0 0 0 27 0 0 19 0 4
"107" 107 0.382775119617 0 0 10 9 0 90 0 0 2 0 0 0 0 0 0 0 0 0 389 0
"108" 108 0.015503875969 0 0 48 0 0 0 0 0 0 0 452 0 0 0 0 0 0 0 0 0
"109" 109 0.610256410256 0 0 0 167 0 261 0 0 0 0 0 0 72 0 0 0 0 0 0 0
"110" 110 0.155172413793 0 0 48 0 0 0 0 153 0 0 0 0 0 0 0 0 288 0 0 11
"111" 111 0.85641025641 0 0 15 0 0 485 0 0 0 0 0 0 0 0 0 0 0 0 0 0
"112" 112 0.304635761589 0 485 13 0 0 1 0 0 0 0 0 0 0 0 1 0 0 0 0 0
"113" 113 0.320754716981 0 0 0 0 0 0 0 500 0 0 0 0 0 0 0 0 0 0 0 0
"114" 114 0.727678571429 0 0 0 0 0 500 0 0 0 0 0 0 0 0 0 0 0 0 0 0
"115" 115 0.575581395349 0 0 0 0 0 0 0 0 13 0 0 0 0 0 485 0 0 0 2 0
"116" 116 0.0418410041841 0 0 0 0 0 0 0 0 11 488 0 0 1 0 0 0 0 0 0 0
"117" 117 0.119496855346 0 0 246 0 1 0 3 54 3 0 0 0 0 0 0 1 0 1 0 191
"118" 118 0.0585774058577 0 0 0 0 0 0 0 0 0 500 0 0 0 0 0 0 0 0 0 0
"119" 119 0.0 0 0 0 0 0 0 0 0 1 0 0 0 0 0 0 0 499 0 0 0
"120" 120 0.010152284264 0 0 0 0 0 0 256 0 0 0 0 0 0 0 0 0 43 0 0 201
"121" 121 0.00497512437811 0 0 34 0 0 0 403 0 2 0 0 0 0 61 0 0 0 0 0 0
"122" 122 0.0 181 1 52 0 0 0 5 0 0 0 34 218 0 1 0 0 8 0 0 0
"123" 123 0.0307692307692 0 0 22 421 0 0 0 0 0 0 57 0 0 0 0 0 0 0 0 0
"124" 124 0.278481012658 0 0 0 201 0 187 0 0 0 0 0 1 100 0 11 0 0 0 0 0
"125" 125 0.208121827411 78 4 0 0 0 10 386 0 0 0 8 12 0 0 0 0 0 2 0 0
"126" 126 0.300518134715 0 0 2 0 0 0 0 0 0 0 0 0 498 0 0 0 0 0 0 0
"127" 127 0.062015503876 0 5 0 0 0 413 0 0 0 0 0 0 0 0 0 0 0 6 0 76
"128" 128 0.535714285714 0 0 0 0 0 0 0 329 0 0 0 0 169 0 2 0 0 0 0 0
"129" 129 0.625 0 0 0 0 0 169 0 331 0 0 0 0 0 0 0 0 0 0 0 0
"130" 130 0.682119205298 0 0 13 0 0 487 0 0 0 0 0 0 0 0 0 0 0 0 0 0
"131" 131 0.396624472574 0 0 0 0 0 495 0 0 0 0 0 0 0 0 3 0 0 2 0 0
"132" 132 0.194092827004 0 0 0 0 2 4 478 0 0 0 0 0 0 0 16 0 0 0 0 0
"133" 133 0.53807106599 0 0 0 0 0 500 0 0 0 0 0 0 0 0 0 0 0 0 0 0
"134" 134 0.109195402299 1 0 0 0 0 0 1 0 49 0 0 0 0 0 0 0 449 0 0 0
"135" 135 0.370860927152 0 0 134 0 0 173 0 0 0 0 0 0 0 0 193 0 0 0 0 0
"136" 136 0.504464285714 0 2 5 0 0 319 0 0 24 0 1 0 0 0 15 0 0 133 0 1
"137" 137 0.248945147679 0 1 0 0 0 89 0 0 0 0 0 0 0 0 10 0 0 400 0 0
"138" 138 0.344370860927 0 67 0 0 41 24 0 0 0 0 60 0 0 15 127 1 0 165 0 0
"139" 139 0.0077519379845 0 0 1 0 0 0 0 0 0 0 391 2 0 11 1 0 0 52 0 42
"140" 140 0.412556053812 0 0 0 0 0 170 0 0 0 0 0 0 0 0 242 0 0 15 0 73
"141" 141 0.625 0 0 0 0 0 278 0 0 0 0 0 0 0 13 158 0 0 36 0 15
"142" 142 0.169154228856 0 1 2 2 0 0 37 0 0 1 15 0 0 440 0 1 1 0 0 0
"143" 143 0.031007751938 0 0 0 0 0 0 0 0 0 0 500 0 0 0 0 0 0 0 0 0
"144" 144 0.561181434599 0 0 0 0 0 434 0 0 0 0 0 0 4 15 30 0 0 17 0 0
"145" 145 0.569536423841 0 0 0 0 0 441 0 0 0 0 0 0 0 0 16 0 0 39 0 4
"146" 146 0.0945273631841 0 2 1 10 5 0 0 0 0 6 245 0 0 231 0 0 0 0 0 0
"147" 147 0.509615384615 0 0 0 0 0 0 0 0 0 0 0 500 0 0 0 0 0 0 0 0
"148" 148 0.616580310881 0 0 0 385 0 115 0 0 0 0 0 0 0 0 0 0 0 0 0 0
"149" 149 0.0862944162437 0 0 0 0 0 290 210 0 0 0 0 0 0 0 0 0 0 0 0 0
"150" 150 0.270440251572 0 0 0 0 0 0 0 500 0 0 0 0 0 0 0 0 0 0 0 0
"151" 151 0.129353233831 0 0 0 0 0 0 0 0 1 0 0 0 1 498 0 0 0 0 0 0
"152" 152 0.154811715481 0 0 0 0 0 0 0 0 0 481 0 0 0 0 10 8 0 0 1 0
"153" 153 0.169154228856 164 1 2 0 35 0 2 0 0 4 0 0 37 209 0 1 0 44 0 1
"154" 154 0.0 0 0 0 0 0 0 0 0 434 0 0 0 0 0 0 0 66 0 0 0
"155" 155 0.0 0 0 500 0 0 0 0 0 0 0 0 0 0 0 0 0 0 0 0 0
"156" 156 0.015503875969 0 0 2 0 0 0 0 79 0 0 419 0 0 0 0 0 0 0 0 0
"157" 157 0.362869198312 0 0 0 0 2 86 0 0 0 0 0 0 0 0 0 0 0 412 0 0
"158" 158 0.451282051282 0 2 0 0 7 489 0 0 0 0 0 0 0 0 0 0 0 2 0 0
"159" 159 0.418604651163 0 0 4 289 0 39 0 0 0 0 0 0 166 0 0 0 0 0 0 2
"160" 160 0.350253807107 0 0 0 0 0 4 482 0 0 0 0 0 0 2 0 0 0 0 0 12
"161" 161 0.297435897436 0 0 0 500 0 0 0 0 0 0 0 0 0 0 0 0 0 0 0 0
"162" 162 0.0114942528736 0 0 0 0 0 0 4 0 1 0 0 0 0 0 0 0 460 35 0 0
"163" 163 0.523316062176 0 165 0 0 1 251 0 0 0 0 0 0 0 0 11 0 0 72 0 0
"164" 164 0.325581395349 0 0 0 0 0 236 0 0 0 0 0 0 0 0 0 0 0 264 0 0
"165" 165 0.0 0 0 0 0 0 0 0 0 0 0 500 0 0 0 0 0 0 0 0 0
"166" 166 0.00418410041841 0 1 0 2 0 0 0 0 0 447 9 0 0 0 0 11 6 0 0 24
"167" 167 0.482142857143 0 1 0 0 0 188 0 0 0 0 0 0 0 0 311 0 0 0 0 0
"168" 168 0.191964285714 0 0 0 0 48 7 0 0 1 0 0 0 0 0 0 0 0 444 0 0
"169" 169 0.0 0 0 5 0 0 0 464 0 0 0 0 0 0 0 1 0 30 0 0 0
"170" 170 0.0387596899225 0 0 0 0 0 0 0 0 0 0 499 0 1 0 0 0 0 0 0 0
"171" 171 0.339416058394 0 0 40 0 0 29 0 0 0 0 1 0 0 0 430 0 0 0 0 0
"172" 172 0.0596026490066 0 4 1 0 149 0 0 0 0 0 219 6 0 0 0 0 0 121 0 0
"173" 173 0.0 0 0 0 0 0 0 0 0 0 0 494 6 0 0 0 0 0 0 0 0
"174" 174 0.129353233831 0 0 4 0 5 0 0 0 0 0 27 0 0 342 21 100 0 1 0 0
"175" 175 0.659192825112 0 12 0 1 0 125 0 0 0 0 0 0 0 13 135 1 0 210 0 3
"176" 176 0.282511210762 0 0 0 0 236 0 0 0 0 0 0 0 0 0 0 27 4 13 0 220
"177" 177 0.148717948718 0 0 0 354 0 0 0 0 0 0 0 0 144 2 0 0 0 0 0 0
"178" 178 0.591928251121 0 4 1 1 54 153 0 0 11 0 0 0 0 230 27 0 0 19 0 0
"179" 179 0.914728682171 0 1 0 0 0 0 0 0 0 0 0 233 0 0 212 0 0 53 0 1
