"site" "RSA" "aa1" "aa2" "aa3" "aa4" "aa5" "aa6" "aa7" "aa8" "aa9" "aa10" "aa11" "aa12" "aa13" "aa14" "aa15" "aa16" "aa17" "aa18" "aa19" "aa20"
"0" 0 0.802325581395 0 0 20 2 0 0 0 0 9 0 0 0 0 0 0 0 0 0 0 0
"1" 1 0.482587064677 0 0 0 0 0 0 2 0 0 1 1 0 0 36 0 0 1 0 0 0
"2" 2 0.233830845771 0 1 0 0 0 1 1 0 2 1 0 0 0 38 0 0 1 1 0 1
"3" 3 0.456953642384 0 4 23 1 0 1 0 0 9 1 7 0 0 1 0 0 1 2 0 0
"4" 4 0.483443708609 0 3 8 0 11 5 0 5 0 1 1 0 0 2 2 0 0 13 0 0
"5" 5 0.100418410042 0 0 1 0 0 0 1 1 2 41 0 0 0 3 0 0 0 0 5 1
"6" 6 0.134615384615 0 1 3 2 1 2 0 0 1 0 1 45 2 0 0 0 0 1 0 0
"7" 7 0.383720930233 0 11 12 7 3 1 2 2 29 1 2 0 0 1 0 0 0 2 0 0
"8" 8 0.339622641509 0 1 5 0 3 2 2 50 2 1 18 2 1 0 1 1 2 3 2 0
"9" 9 0.326359832636 1 0 1 0 3 3 21 1 1 48 1 0 2 38 2 0 5 7 0 0
"10" 10 0.446428571429 4 24 25 11 11 2 0 2 10 0 16 0 5 1 0 0 3 25 0 0
"11" 11 0.0729927007299 1 3 37 8 3 6 0 9 19 0 0 0 0 0 63 0 0 0 0 1
"12" 12 0.0 0 0 0 0 0 0 88 3 8 0 2 0 0 4 0 0 78 0 0 2
"13" 13 0.397321428571 0 8 5 2 12 10 2 11 2 0 4 0 3 3 1 0 1 129 0 0
"14" 14 0.389743589744 0 30 9 16 9 11 1 0 8 0 16 0 1 1 16 0 0 77 0 0
"15" 15 0.0 0 0 1 0 0 0 54 0 0 0 120 4 0 11 0 0 5 0 0 0
"16" 16 0.0149253731343 0 0 0 0 0 0 113 0 0 0 1 0 0 70 0 0 12 0 0 0
"17" 17 0.209302325581 0 24 5 6 13 8 0 0 5 0 45 0 0 4 5 0 1 80 0 0
"18" 18 0.0 0 81 9 0 2 0 0 0 3 0 65 0 2 0 1 0 0 31 2 0
"19" 19 0.0 0 0 0 0 0 0 79 0 0 9 19 0 0 75 0 0 10 0 6 5
"20" 20 0.478102189781 1 0 5 0 9 37 1 0 0 0 16 0 0 0 136 0 2 1 0 0
"21" 21 0.540178571429 1 5 7 34 52 3 1 0 2 0 63 1 1 7 14 0 0 16 1 0
"22" 22 0.173076923077 0 0 0 0 0 0 0 0 0 0 0 209 0 0 0 0 0 0 0 0
"23" 23 0.295620437956 0 0 1 8 10 82 0 0 2 0 0 6 5 3 78 0 1 13 0 0
"24" 24 0.0192307692308 3 0 1 0 0 0 7 20 0 5 4 47 0 7 0 0 4 0 0 111
"25" 25 0.0 0 0 0 0 0 0 35 0 0 18 2 0 0 2 0 0 148 0 4 0
"26" 26 0.0 0 0 0 0 0 0 121 0 0 0 0 0 0 43 0 0 40 0 0 5
"27" 27 0.00574712643678 0 0 0 0 0 0 13 0 0 0 0 0 0 108 0 0 85 0 0 3
"28" 28 0.0497512437811 0 0 1 0 1 0 2 0 15 1 6 0 0 25 0 0 128 0 0 30
"29" 29 0.512953367876 0 209 0 0 0 0 0 0 0 0 0 0 0 0 0 0 0 1 0 0
"30" 30 0.487179487179 0 3 0 208 0 0 0 0 0 0 0 0 0 0 0 0 0 0 0 0
"31" 31 0.294642857143 0 0 0 0 0 0 0 0 0 0 0 0 0 0 0 0 0 211 0 0
"32" 32 0.00961538461538 0 0 0 0 0 0 0 0 0 0 11 198 0 0 0 0 2 0 0 0
"33" 33 0.0155440414508 0 211 0 0 0 0 0 0 0 0 0 0 0 0 0 0 0 0 0 0
"34" 34 0.0 0 0 0 0 0 0 15 0 0 8 0 0 0 176 0 0 3 0 0 9
"35" 35 0.0 6 0 0 0 0 0 118 0 8 2 4 0 0 10 0 0 58 0 1 4
"36" 36 0.0167364016736 14 0 0 0 0 0 48 0 0 44 7 2 0 21 0 0 15 0 7 53
"37" 37 0.0 0 0 18 0 0 0 0 41 0 0 146 0 1 4 0 0 1 0 0 0
"38" 38 0.0 1 0 5 0 0 0 0 0 0 0 198 4 0 0 0 0 3 0 0 0
"39" 39 0.357142857143 0 23 9 1 41 0 0 0 4 0 3 1 2 0 0 0 1 126 0 0
"40" 40 0.261627906977 5 0 10 10 2 40 0 0 23 41 9 0 38 9 5 1 0 0 1 17
"41" 41 0.0 8 0 0 0 0 0 29 0 3 0 51 0 0 29 0 0 72 0 0 19
"42" 42 0.273255813953 0 3 9 4 0 1 0 0 185 0 1 0 1 0 7 0 0 0 0 0
"43" 43 0.281609195402 0 4 3 7 1 1 2 132 7 0 25 0 0 1 1 0 17 10 0 0
"44" 44 0.638392857143 0 19 4 2 14 4 0 6 3 0 29 1 0 0 2 0 1 126 0 0
"45" 45 0.161434977578 0 16 5 4 54 5 12 0 10 0 78 0 5 3 0 2 7 1 0 9
"46" 46 0.0045871559633 0 0 0 0 0 0 112 0 0 0 0 0 0 3 0 0 31 0 0 65
"47" 47 0.271317829457 0 0 3 130 0 0 0 0 3 0 74 1 0 0 0 0 0 0 0 0
"48" 48 0.0696517412935 0 0 0 0 1 2 2 0 0 149 0 0 0 32 4 1 0 1 2 17
"49" 49 0.00581395348837 0 0 1 0 0 0 4 0 9 1 2 0 0 25 0 0 1 0 0 168
"50" 50 0.263959390863 0 0 2 0 0 0 72 0 7 0 109 0 0 3 0 0 15 0 0 3
"51" 51 0.532846715328 1 0 4 2 1 42 0 0 45 0 0 0 0 1 103 0 5 1 0 6
"52" 52 0.22966507177 0 5 1 2 3 2 0 0 0 17 0 0 74 1 2 0 0 52 52 0
"53" 53 0.0769230769231 39 0 3 0 0 0 0 0 11 0 38 120 0 0 0 0 0 0 0 0
"54" 54 0.278145695364 4 0 68 0 0 0 0 0 4 0 1 0 0 0 134 0 0 0 0 0
"55" 55 0.163461538462 0 0 0 0 0 0 0 0 0 0 0 211 0 0 0 0 0 0 0 0
"56" 56 0.401015228426 0 0 0 0 0 0 69 0 0 0 0 0 0 137 0 0 2 0 2 1
"57" 57 0.0229885057471 0 0 0 0 0 0 116 0 1 0 0 0 0 4 0 0 90 0 0 0
"58" 58 0.0253164556962 211 0 0 0 0 0 0 0 0 0 0 0 0 0 0 0 0 0 0 0
"59" 59 0.00995024875622 0 0 1 0 1 0 2 0 3 0 8 0 0 174 0 0 16 0 0 6
"60" 60 0.0 59 0 16 0 0 0 1 38 51 0 45 1 0 0 0 0 0 0 0 0
"61" 61 0.010152284264 0 0 0 0 0 0 23 0 1 0 0 0 0 131 0 0 2 0 0 54
"62" 62 0.186046511628 1 9 5 5 2 3 0 12 150 0 5 1 0 2 0 0 2 12 1 1
"63" 63 0.303571428571 0 27 10 3 12 7 0 17 2 0 19 32 1 0 21 0 0 59 0 1
"64" 64 0.59067357513 0 30 8 1 9 8 0 2 2 0 18 4 0 0 1 0 0 128 0 0
"65" 65 0.14598540146 0 8 0 0 11 28 1 0 4 0 1 0 7 9 129 1 2 5 2 3
"66" 66 0.149635036496 65 0 3 1 0 0 20 0 3 1 38 1 0 31 8 0 40 0 0 0
"67" 67 0.476793248945 0 64 5 3 14 43 0 0 2 0 11 1 1 0 34 0 0 33 0 0
"68" 68 0.349775784753 0 2 8 1 80 17 2 0 4 3 18 1 7 1 42 1 0 21 3 0
"69" 69 0.00497512437811 0 0 0 0 0 0 1 0 0 1 0 0 0 209 0 0 0 0 0 0
"70" 70 0.569948186528 0 50 1 28 24 16 0 0 0 0 6 44 3 0 13 0 0 26 0 0
"71" 71 0.00497512437811 0 0 0 0 0 0 8 0 0 0 0 0 0 203 0 0 0 0 0 0
"72" 72 0.421383647799 0 6 3 0 3 3 0 170 3 1 4 2 3 0 5 1 0 5 1 0
"73" 73 0.229357798165 0 0 2 0 16 0 0 51 1 1 5 0 0 72 1 0 0 0 1 61
"74" 74 0.435779816514 0 0 2 1 0 0 0 0 0 0 2 0 0 0 0 0 1 0 0 205
"75" 75 0.655172413793 0 0 15 0 1 0 0 1 12 0 23 0 0 0 3 0 154 1 1 0
"76" 76 1.10714285714 0 17 25 4 36 9 0 11 40 0 16 0 2 0 17 0 0 33 1 0
"77" 77 0.471153846154 0 2 1 63 0 2 0 1 0 0 122 16 0 0 2 0 0 2 0 0
"78" 78 0.397489539749 0 0 0 0 0 0 0 0 0 205 0 0 0 0 0 0 0 0 6 0
"79" 79 0.0 2 0 0 0 0 0 0 0 206 0 1 1 0 0 0 0 0 0 0 1
"80" 80 0.224137931034 0 0 0 0 1 0 21 0 1 0 3 0 0 5 0 1 176 2 0 1
"81" 81 0.093023255814 0 0 178 0 0 0 0 0 32 0 1 0 0 0 0 0 0 0 0 0
"82" 82 0.0 0 0 0 0 0 0 177 0 0 0 0 0 0 0 0 0 34 0 0 0
"83" 83 0.09375 0 48 0 0 0 0 0 0 0 0 0 0 0 0 0 0 0 163 0 0
"84" 84 0.0232558139535 0 0 2 0 0 1 1 0 0 0 194 0 1 1 1 0 2 0 8 0
"85" 85 0.217054263566 0 0 6 0 0 35 2 0 1 0 94 10 2 2 57 0 2 0 0 0
"86" 86 0.732142857143 3 12 4 5 20 22 0 3 15 0 1 0 21 0 5 1 6 82 5 0
"87" 87 0.625 0 4 1 1 0 0 0 0 0 0 0 203 0 0 0 0 0 2 0 0
"88" 88 0.201149425287 4 0 0 0 0 0 20 0 14 0 0 0 0 1 1 0 169 0 0 2
"89" 89 0.691860465116 0 1 33 0 0 1 0 0 169 0 0 2 2 0 0 0 0 3 0 0
"90" 90 0.552325581395 0 0 0 0 0 0 0 1 210 0 0 0 0 0 0 0 0 0 0 0
"91" 91 0.0 0 0 0 0 0 0 0 0 0 0 0 211 0 0 0 0 0 0 0 0
"92" 92 0.316091954023 0 0 0 0 0 0 148 0 0 0 0 0 0 0 0 0 63 0 0 0
"93" 93 0.370860927152 0 0 211 0 0 0 0 0 0 0 0 0 0 0 0 0 0 0 0 0
"94" 94 0.147286821705 0 0 0 0 0 0 0 0 0 0 209 0 0 0 0 0 2 0 0 0
"95" 95 0.325581395349 0 2 10 0 6 10 1 0 3 7 123 1 19 1 4 0 2 11 11 0
"96" 96 0.0725388601036 0 199 0 0 2 0 0 0 0 0 0 0 0 0 0 0 0 10 0 0
"97" 97 0.0875912408759 0 0 0 0 0 0 0 0 0 0 0 0 0 0 211 0 0 0 0 0
"98" 98 0.00507614213198 3 0 16 0 0 0 12 0 9 0 128 0 0 9 0 0 34 0 0 0
"99" 99 0.255813953488 2 0 0 6 7 15 1 0 64 1 4 0 24 15 62 0 8 0 0 2
"100" 100 0.0 0 0 0 0 0 0 0 0 210 0 0 0 0 0 0 0 1 0 0 0
"101" 101 0.0114942528736 1 0 0 0 0 0 144 0 1 0 2 0 0 2 0 0 61 0 0 0
"102" 102 0.408759124088 1 1 5 0 60 43 0 0 1 0 16 0 2 18 59 0 1 4 0 0
"103" 103 0.201550387597 2 2 4 1 1 4 4 0 46 0 90 0 0 8 0 0 47 1 0 1
"104" 104 0.0077519379845 0 0 1 0 0 0 2 0 1 0 173 0 0 31 0 0 3 0 0 0
"105" 105 0.0507614213198 3 0 5 0 0 0 94 0 4 0 24 1 0 7 0 0 73 0 0 0
"106" 106 0.279069767442 0 49 13 32 4 12 0 0 1 0 87 1 6 0 3 0 0 2 1 0
"107" 107 0.715025906736 0 54 5 2 2 15 0 76 4 1 17 5 1 3 12 0 3 11 0 0
"108" 108 0.567307692308 0 46 13 42 5 10 0 0 10 0 15 39 8 0 2 0 0 18 1 1
"109" 109 0.031007751938 8 0 25 4 0 15 2 0 25 0 118 1 0 0 2 0 8 0 1 2
"110" 110 0.544303797468 2 3 10 1 14 72 1 0 18 0 4 29 0 3 36 0 13 4 0 0
"111" 111 0.314465408805 0 2 3 0 1 1 0 146 3 1 38 2 3 0 7 0 1 0 0 2
"112" 112 0.602649006623 1 30 42 5 9 2 0 0 10 2 22 14 7 1 1 1 0 60 2 0
"113" 113 0.326424870466 2 181 7 1 1 0 0 0 0 0 4 0 6 0 1 0 0 7 0 0
"114" 114 0.0149253731343 0 0 0 0 0 0 66 0 0 20 0 0 0 118 0 0 7 0 0 0
"115" 115 0.466666666667 3 0 9 19 1 0 7 0 3 0 32 3 12 2 17 0 101 1 0 1
"116" 116 0.306569343066 0 0 34 1 41 4 0 0 21 0 1 0 5 0 96 0 0 0 0 8
"117" 117 0.685534591195 0 0 0 0 0 0 0 211 0 0 0 0 0 0 0 0 0 0 0 0
"118" 118 0.115384615385 0 0 0 0 0 0 0 0 0 0 0 211 0 0 0 0 0 0 0 0
"119" 119 0.354066985646 0 0 0 0 0 0 0 0 0 0 0 0 211 0 0 0 0 0 0 0
"120" 120 0.0172413793103 0 0 0 0 0 0 90 0 2 1 0 0 0 0 0 0 114 0 0 4
"121" 121 0.192468619247 0 0 0 0 0 0 0 0 0 206 0 0 0 0 0 0 2 0 3 0
"122" 122 0.0062893081761 0 0 0 0 0 0 0 210 0 0 0 1 0 0 0 0 0 0 0 0
"123" 123 0.0597014925373 0 0 0 0 0 0 13 0 0 0 0 0 0 196 0 0 2 0 0 0
"124" 124 0.167883211679 5 0 0 0 6 13 13 0 6 0 9 0 0 1 109 0 20 0 0 29
"125" 125 0.0697674418605 1 0 3 0 0 0 0 0 0 0 201 3 0 0 0 0 0 0 3 0
"126" 126 0.385650224215 1 1 1 7 45 42 0 0 1 0 4 0 10 1 90 0 6 1 0 1
"127" 127 0.666666666667 0 42 8 10 7 24 0 58 5 0 13 0 0 0 6 0 1 37 0 0
"128" 128 0.413461538462 0 4 0 6 1 2 0 0 0 0 3 190 0 0 2 0 0 3 0 0
"129" 129 0.0480769230769 0 0 0 0 0 0 0 0 0 0 0 211 0 0 0 0 0 0 0 0
"130" 130 0.0344827586207 0 0 0 0 0 0 3 0 5 0 1 0 0 2 0 0 200 0 0 0
"131" 131 0.412935323383 0 0 1 0 0 1 3 0 0 3 0 0 0 198 1 0 0 0 0 4
"132" 132 0.46511627907 1 1 11 2 0 15 6 0 31 0 12 10 3 0 18 0 65 27 2 7
"133" 133 0.412408759124 0 0 0 0 0 0 0 0 0 0 0 0 0 0 211 0 0 0 0 0
"134" 134 0.394230769231 0 1 11 6 1 0 2 9 12 0 113 7 0 0 42 0 3 3 0 1
"135" 135 0.105769230769 0 0 0 0 0 0 0 0 0 0 0 211 0 0 0 0 0 0 0 0
"136" 136 0.0956937799043 0 0 0 0 23 0 0 0 0 0 0 0 188 0 0 0 0 0 0 0
"137" 137 0.0755813953488 0 0 0 0 0 0 0 0 211 0 0 0 0 0 0 0 0 0 0 0
"138" 138 0.0133928571429 0 0 0 0 0 0 0 0 0 0 0 0 0 0 0 0 0 211 0 0
"139" 139 0.0 0 0 2 0 0 0 0 0 0 0 163 46 0 0 0 0 0 0 0 0
"140" 140 0.0 0 0 56 0 0 0 0 0 36 0 70 48 0 0 0 0 1 0 0 0
"141" 141 0.0710659898477 44 0 0 0 0 0 26 0 3 0 0 0 0 3 0 0 134 0 0 1
"142" 142 0.0725388601036 0 206 0 0 0 0 0 0 0 0 1 0 0 0 0 0 0 4 0 0
"143" 143 0.00497512437811 0 0 0 0 0 0 22 0 0 8 0 0 0 171 0 0 5 0 0 5
"144" 144 0.0 5 0 19 0 0 0 0 2 12 0 125 2 0 1 0 0 8 0 0 37
"145" 145 0.436046511628 0 1 3 1 10 15 1 0 13 0 10 2 2 5 141 0 3 0 1 3
"146" 146 0.323383084577 0 0 0 0 0 0 3 0 0 1 0 0 0 182 0 0 0 0 0 25
"147" 147 0.0542635658915 1 0 11 0 0 0 0 0 0 0 198 1 0 0 0 0 0 0 0 0
"148" 148 0.644230769231 0 0 0 5 1 1 0 0 0 0 0 203 0 0 0 0 0 1 0 0
"149" 149 0.163179916318 10 0 0 0 0 1 0 0 0 23 4 0 4 156 3 0 2 0 6 2
"150" 150 0.253164556962 0 2 11 17 10 50 4 10 20 1 8 1 0 2 13 0 3 39 20 0
"151" 151 0.333333333333 0 0 4 0 0 0 0 198 0 0 4 1 0 0 0 0 0 4 0 0
"152" 152 0.0542635658915 11 0 27 1 0 0 1 0 2 5 148 1 0 0 0 0 8 1 6 0
"153" 153 0.0 1 0 21 0 0 0 0 0 0 0 42 147 0 0 0 0 0 0 0 0
"154" 154 0.00574712643678 1 0 1 0 0 0 8 0 2 0 8 0 0 4 0 0 187 0 0 0
"155" 155 0.0298507462687 0 0 0 0 0 0 144 0 0 0 0 0 0 67 0 0 0 0 0 0
"156" 156 0.0 170 0 1 0 0 0 1 0 0 0 7 0 0 0 0 0 32 0 0 0
"157" 157 0.183035714286 0 0 0 0 0 0 0 0 0 0 0 0 0 0 0 0 0 211 0 0
"158" 158 0.0398009950249 0 0 0 0 0 0 130 0 0 0 0 0 0 52 0 0 29 0 0 0
"159" 159 0.156976744186 0 0 0 0 10 0 8 0 46 0 4 0 0 39 0 0 12 0 0 92
"160" 160 0.179487179487 0 2 1 161 1 35 0 0 0 0 2 1 2 3 3 0 0 0 0 0
"161" 161 0.80310880829 0 101 2 0 1 5 3 41 0 0 3 0 0 0 1 0 3 51 0 0
"162" 162 0.611398963731 0 204 0 6 0 0 0 0 0 0 0 0 0 0 0 0 0 1 0 0
"163" 163 0.519230769231 0 0 0 0 0 0 0 0 0 0 0 210 1 0 0 0 0 0 0 0
"164" 164 0.267441860465 0 1 56 1 0 0 0 0 143 0 0 0 1 0 1 0 0 8 0 0
"165" 165 0.344036697248 0 0 0 0 0 0 0 0 0 0 0 0 0 0 0 0 6 0 0 205
"166" 166 0.0077519379845 0 0 8 0 2 1 0 0 1 0 187 0 0 1 0 0 1 0 0 10
"167" 167 0.452554744526 0 0 1 1 0 10 0 0 0 0 1 1 4 0 193 0 0 0 0 0
"168" 168 0.271317829457 0 0 0 0 0 0 1 0 6 1 11 14 0 102 34 0 12 0 1 29
"169" 169 0.477987421384 0 22 2 0 1 0 1 169 2 0 7 1 0 1 2 0 0 3 0 0
"170" 170 0.254464285714 0 92 3 0 38 2 0 0 1 0 1 1 1 0 0 0 0 71 1 0
"171" 171 0.0 3 0 0 0 0 0 27 0 2 0 4 0 0 156 0 0 19 0 0 0
"172" 172 0.0507614213198 0 1 1 0 7 11 49 0 6 2 10 0 0 17 7 0 41 49 0 10
"173" 173 0.526785714286 0 10 6 3 3 24 12 9 8 0 30 6 0 8 17 0 20 54 1 0
"174" 174 0.0753138075314 0 0 0 0 0 0 1 0 0 179 0 0 0 4 1 0 5 0 21 0
"175" 175 0.0 6 0 20 0 0 2 0 0 0 0 163 15 0 0 1 0 4 0 0 0
"176" 176 0.471794871795 1 7 2 5 31 53 0 0 0 0 24 1 0 1 44 0 5 36 0 1
"177" 177 0.548523206751 0 0 0 3 29 65 2 0 9 0 13 0 2 8 26 0 1 51 1 1
"178" 178 0.296650717703 0 0 0 5 2 2 0 0 0 13 0 0 174 1 1 2 0 1 9 1
"179" 179 0.569230769231 0 45 2 45 13 7 0 0 1 0 2 83 4 0 4 0 0 3 2 0
"180" 180 0.0366972477064 0 0 0 0 0 0 29 0 0 7 0 0 0 131 0 0 1 0 4 39
"181" 181 0.062015503876 0 0 3 2 2 116 0 54 9 0 7 3 1 4 5 0 5 0 0 0
"182" 182 0.00497512437811 1 0 0 0 2 0 102 0 0 0 1 0 0 39 2 0 53 0 0 11
"183" 183 0.00574712643678 10 0 0 0 0 0 34 0 3 0 6 77 0 41 0 0 40 0 0 0
"184" 184 0.116279069767 2 0 55 1 0 0 1 0 142 0 8 0 0 1 1 0 0 0 0 0
"185" 185 0.0253807106599 0 0 0 0 0 0 179 0 2 0 0 0 0 0 0 0 30 0 0 0
"186" 186 0.700892857143 0 10 9 2 4 5 0 0 2 0 103 1 0 0 14 0 1 60 0 0
"187" 187 0.0362694300518 0 186 2 1 5 0 0 0 0 0 2 0 1 0 0 0 0 14 0 0
"188" 188 0.00995024875622 0 0 0 0 0 0 21 0 0 0 0 0 0 182 0 0 4 0 0 4
"189" 189 0.183908045977 0 0 0 0 1 1 141 0 0 0 15 0 0 1 1 0 50 0 1 0
"190" 190 0.286821705426 2 3 15 5 19 8 1 0 1 1 71 1 14 2 29 0 1 36 0 2
"191" 191 0.0798479087452 0 0 0 0 0 0 0 0 0 7 1 0 7 1 0 11 0 0 183 0
"192" 192 0.251824817518 1 0 0 0 1 3 1 0 0 0 0 0 0 4 191 0 0 0 0 0
"193" 193 0.600896860987 1 0 7 8 21 8 3 0 1 0 2 0 5 14 41 0 1 10 0 11
"194" 194 0.503875968992 0 0 11 1 9 8 1 0 0 0 31 1 1 2 13 0 0 7 0 0
"195" 195 0.684210526316 0 0 0 12 4 2 0 0 0 0 0 0 40 0 4 0 0 0 3 0
