"site" "RSA" "aa1" "aa2" "aa3" "aa4" "aa5" "aa6" "aa7" "aa8" "aa9" "aa10" "aa11" "aa12" "aa13" "aa14" "aa15" "aa16" "aa17" "aa18" "aa19" "aa20"
"0" 0 0.848623853211 0 0 0 0 0 0 1 0 0 6 0 0 0 1 0 1 0 0 0 29
"1" 1 0.517948717949 0 1 5 2 8 2 3 4 5 0 4 0 0 2 0 0 3 3 0 3
"2" 2 0.0583941605839 0 0 0 0 0 0 0 0 0 0 0 0 0 0 120 0 0 0 0 0
"3" 3 0.383647798742 0 0 5 3 3 4 6 64 2 1 13 0 5 4 1 0 6 3 0 0
"4" 4 0.443708609272 0 56 51 4 1 0 0 0 3 0 1 2 1 0 0 0 0 2 1 0
"5" 5 0.644230769231 0 2 4 11 5 3 0 0 0 0 2 91 1 0 4 0 0 0 0 0
"6" 6 0.0766423357664 0 0 0 0 0 0 0 0 0 0 0 0 0 0 125 0 0 0 0 0
"7" 7 0.317829457364 1 1 8 8 20 14 0 2 18 1 35 2 2 4 2 0 1 5 0 1
"8" 8 0.294573643411 1 4 2 16 3 1 2 36 4 6 31 0 1 5 2 0 8 3 0 0
"9" 9 0.424870466321 0 76 1 14 4 1 0 0 4 0 5 1 4 2 2 0 0 10 1 0
"10" 10 0.430493273543 0 5 3 1 56 1 1 0 0 0 18 1 0 0 0 0 1 38 0 0
"11" 11 0.0348258706468 0 0 1 2 0 1 5 2 1 0 0 0 0 92 0 0 2 1 0 18
"12" 12 0.043795620438 0 0 0 0 0 0 0 0 0 0 0 0 0 0 125 0 0 0 0 0
"13" 13 0.704402515723 0 8 5 5 3 2 0 73 2 0 7 1 0 1 2 0 0 16 0 0
"14" 14 0.137055837563 0 0 0 0 0 0 52 0 0 4 0 0 1 11 0 0 56 0 1 0
"15" 15 0.565693430657 0 0 31 3 5 24 0 0 24 0 3 0 4 1 19 0 1 10 0 0
"16" 16 0.126903553299 0 0 0 0 0 0 75 0 0 25 0 0 0 17 0 0 6 0 0 2
"17" 17 0.313953488372 0 1 1 0 6 2 6 0 60 0 0 0 3 1 0 0 4 41 0 0
"18" 18 0.142335766423 2 0 0 0 0 4 3 14 21 0 3 0 1 2 70 3 1 0 0 1
"19" 19 0.622009569378 0 13 2 30 8 1 0 0 0 0 3 41 21 0 5 0 0 1 0 0
"20" 20 0.414448669202 1 0 0 0 0 0 3 3 1 43 1 0 0 0 0 7 17 0 49 0
"21" 21 0.360465116279 0 0 12 7 3 0 7 0 65 1 7 0 0 14 0 0 3 0 1 5
"22" 22 0.789029535865 4 4 6 1 1 50 5 5 2 0 3 3 2 2 29 0 1 2 0 5
"23" 23 0.77033492823 0 0 1 5 1 1 0 1 3 10 2 0 71 0 0 1 1 0 28 0
"24" 24 0.178294573643 0 0 2 1 0 0 0 17 2 0 102 0 0 0 1 0 0 0 0 0
"25" 25 0.174107142857 0 4 0 0 3 0 0 6 2 0 9 0 0 5 0 0 1 95 0 0
"26" 26 0.00961538461538 0 0 3 0 0 0 0 0 0 0 4 118 0 0 0 0 0 0 0 0
"27" 27 0.00662251655629 1 0 122 0 0 0 0 0 0 0 2 0 0 0 0 0 0 0 0 0
"28" 28 0.0 24 0 0 0 0 0 1 0 0 0 14 0 0 2 0 0 84 0 0 0
"29" 29 0.0696517412935 0 0 0 0 1 0 3 0 1 2 0 0 0 115 0 0 1 0 0 3
"30" 30 0.0 0 0 1 0 0 0 60 0 3 0 7 0 0 0 0 0 54 0 1 0
"31" 31 0.0982142857143 1 0 19 0 2 15 0 0 7 0 7 1 1 0 16 0 0 56 0 1
"32" 32 0.0 14 0 3 0 0 0 1 0 6 68 4 0 0 2 0 0 12 0 1 15
"33" 33 0.182692307692 0 0 0 0 0 0 0 0 0 0 0 126 0 0 0 0 0 0 0 0
"34" 34 0.492227979275 0 59 1 32 4 2 0 0 0 0 1 5 4 1 10 0 0 7 0 0
"35" 35 0.0 0 0 0 0 0 0 0 0 126 0 0 0 0 0 0 0 0 0 0 0
"36" 36 0.295358649789 0 0 1 0 4 54 1 0 4 0 1 0 21 0 35 0 2 3 0 0
"37" 37 0.0 0 0 0 0 0 0 2 0 0 0 0 0 0 1 0 0 123 0 0 0
"38" 38 0.106598984772 0 0 0 0 0 0 48 0 0 1 0 0 0 72 0 0 1 0 0 4
"39" 39 0.0 117 0 0 0 0 0 0 0 1 0 0 0 0 0 0 0 8 0 0 0
"40" 40 0.122093023256 0 0 10 15 0 0 0 0 89 0 10 2 0 0 0 0 0 0 0 0
"41" 41 0.0 3 0 0 0 0 0 0 0 0 0 111 0 0 0 0 0 12 0 0 0
"42" 42 0.245033112583 3 0 89 1 0 0 0 0 28 1 1 0 0 0 0 0 0 0 0 3
"43" 43 0.131782945736 0 0 0 0 0 0 25 0 0 5 2 0 0 17 0 1 75 0 1 0
"44" 44 0.477678571429 0 8 3 0 4 2 0 0 10 0 2 0 0 1 0 0 3 93 0 0
"45" 45 0.695364238411 0 27 8 8 0 2 0 6 3 0 7 2 0 1 2 0 0 60 0 0
"46" 46 0.192307692308 0 1 15 7 0 27 0 0 2 0 1 34 0 0 38 0 0 1 0 0
"47" 47 0.241379310345 0 0 0 0 0 0 6 1 2 0 2 1 0 5 0 0 109 0 0 0
"48" 48 0.396226415094 0 0 0 0 0 0 0 126 0 0 0 0 0 0 0 0 0 0 0 0
"49" 49 0.605839416058 0 1 12 2 1 4 0 56 0 1 3 10 1 0 34 0 0 0 0 1
"50" 50 0.125523012552 0 0 0 0 0 0 0 0 0 79 0 2 2 0 0 43 0 0 0 0
"51" 51 0.771144278607 0 0 2 0 1 6 3 0 0 0 1 0 0 87 9 0 1 0 0 16
"52" 52 0.561181434599 0 0 3 0 1 51 0 1 0 0 2 6 0 0 57 0 0 4 0 1
"53" 53 0.242152466368 1 1 10 7 32 31 0 0 5 0 2 4 1 1 14 0 0 17 0 0
"54" 54 0.0 0 0 0 0 0 0 0 0 0 0 0 126 0 0 0 0 0 0 0 0
"55" 55 0.152482269504 0 0 0 0 0 0 0 0 0 0 0 0 0 0 0 126 0 0 0 0
"56" 56 0.0 0 0 0 0 0 0 27 0 0 0 0 0 0 28 0 0 71 0 0 0
"57" 57 0.308139534884 0 0 5 2 0 0 0 0 116 0 2 0 1 0 0 0 0 0 0 0
"58" 58 0.062015503876 1 0 2 0 0 0 0 0 0 0 119 4 0 0 0 0 0 0 0 0
"59" 59 0.455357142857 0 0 0 0 0 0 0 0 0 0 0 0 0 0 0 0 0 126 0 0
"60" 60 0.0228136882129 0 0 0 0 0 0 0 0 0 0 0 0 0 0 0 0 0 0 126 0
"61" 61 0.105769230769 1 0 30 3 0 0 0 0 0 0 22 59 0 0 11 0 0 0 0 0
"62" 62 0.174311926606 0 0 0 0 0 0 0 0 0 0 0 0 0 7 0 0 0 0 0 119
"63" 63 0.388059701493 0 0 0 0 0 0 2 0 0 0 0 0 0 123 0 0 0 0 0 1
"64" 64 0.062893081761 0 0 0 0 0 0 0 126 0 0 0 0 0 0 0 0 0 0 0 0
"65" 65 0.605839416058 1 0 7 0 0 0 0 0 0 0 5 14 0 0 96 0 0 0 2 1
"66" 66 0.0331125827815 0 0 58 0 0 0 0 0 0 0 68 0 0 0 0 0 0 0 0 0
"67" 67 0.197674418605 0 0 1 1 0 0 0 0 123 0 0 1 0 0 0 0 0 0 0 0
"68" 68 0.5 0 4 4 12 8 0 0 8 0 0 8 16 49 5 5 0 0 7 0 0
"69" 69 0.642857142857 0 4 23 2 16 1 1 4 51 0 0 0 0 0 0 0 1 23 0 0
"70" 70 0.551094890511 0 0 0 0 0 0 0 0 0 0 0 0 0 0 126 0 0 0 0 0
"71" 71 0.215384615385 0 0 16 29 10 10 2 0 20 0 0 11 0 0 0 0 2 0 1 25
"72" 72 0.497757847534 0 18 8 4 15 4 13 9 2 0 8 13 1 1 26 0 2 1 0 1
"73" 73 0.448905109489 0 0 0 0 0 0 0 0 0 0 0 0 0 0 126 0 0 0 0 0
"74" 74 0.209821428571 0 10 0 0 0 0 0 0 0 0 0 0 0 0 0 0 0 113 0 0
"75" 75 0.674418604651 0 0 24 0 0 1 3 0 1 2 72 0 0 7 1 0 7 0 0 1
"76" 76 0.576158940397 0 0 22 3 1 1 0 0 7 0 56 1 0 5 0 0 16 0 0 7
"77" 77 0.412408759124 0 0 8 1 2 37 0 0 2 0 9 0 0 0 49 0 1 0 0 1
"78" 78 0.615384615385 0 0 1 2 0 0 0 0 0 0 0 105 0 3 0 0 0 0 0 1
"79" 79 0.493670886076 0 0 1 0 1 96 0 0 0 0 0 4 1 0 20 0 0 0 0 1
"80" 80 0.295964125561 0 0 0 0 62 0 14 7 1 0 4 0 0 25 1 0 11 0 0 0
"81" 81 0.201923076923 0 9 59 2 3 2 0 0 9 0 0 39 0 0 0 0 1 1 0 0
"82" 82 0.519230769231 0 0 0 0 0 0 0 0 0 0 1 125 0 0 0 0 0 0 0 0
"83" 83 0.394160583942 0 0 0 0 0 0 0 0 0 0 0 0 0 0 126 0 0 0 0 0
"84" 84 0.046511627907 0 0 8 0 0 0 0 0 116 0 1 1 0 0 0 0 0 0 0 0
"85" 85 0.383084577114 0 0 4 0 54 1 1 0 2 0 3 0 18 13 0 0 12 0 0 18
"86" 86 0.352678571429 0 0 0 0 0 0 0 0 0 0 0 0 0 0 0 0 0 126 0 0
"87" 87 0.0 0 0 0 0 0 0 126 0 0 0 0 0 0 0 0 0 0 0 0 0
"88" 88 0.0896860986547 0 0 12 0 113 0 0 0 0 0 0 0 0 0 0 0 0 1 0 0
"89" 89 0.627737226277 0 0 0 0 0 0 0 0 0 0 0 0 0 0 126 0 0 0 0 0
"90" 90 0.0398009950249 0 0 0 0 0 0 0 0 0 1 0 0 0 123 0 0 0 0 0 2
"91" 91 0.0 0 0 0 0 0 0 121 0 0 0 0 0 0 0 0 0 5 0 0 0
"92" 92 0.0192307692308 0 0 0 0 0 0 0 0 0 0 6 120 0 0 0 0 0 0 0 0
"93" 93 0.339416058394 0 0 0 0 0 0 0 0 0 0 0 0 0 0 126 0 0 0 0 0
"94" 94 0.0 1 0 98 0 0 0 0 0 1 0 26 0 0 0 0 0 0 0 0 0
"95" 95 0.0 0 0 0 0 0 0 2 0 0 0 0 0 0 121 0 0 0 0 0 3
"96" 96 0.21897810219 0 0 0 0 0 0 0 0 0 0 0 0 0 0 126 0 0 0 0 0
"97" 97 0.271317829457 0 0 22 0 0 0 0 0 5 0 96 2 0 0 0 0 0 0 0 1
"98" 98 0.0232558139535 6 0 3 0 0 0 4 0 0 0 43 7 0 0 0 0 61 0 0 2
"99" 99 0.0149253731343 0 0 0 0 0 0 31 0 9 3 1 0 0 8 0 0 74 0 0 0
"100" 100 0.19170984456 0 114 1 10 0 0 0 0 0 0 0 0 0 0 0 0 0 1 0 0
"101" 101 0.114427860697 1 0 0 0 0 0 0 0 2 6 0 0 0 95 8 0 1 0 1 12
"102" 102 0.443708609272 0 11 13 7 9 34 0 1 8 0 9 3 1 1 2 0 5 22 0 0
"103" 103 0.350210970464 0 0 2 0 3 34 1 0 3 0 71 1 0 7 2 0 1 1 0 0
"104" 104 0.0 0 0 0 0 0 0 4 0 0 1 0 0 0 116 0 0 0 0 0 5
"105" 105 0.0480769230769 0 1 0 0 0 0 0 2 0 0 0 123 0 0 0 0 0 0 0 0
"106" 106 0.584821428571 0 2 2 0 0 0 0 5 0 0 0 3 0 0 0 0 1 113 0 0
"107" 107 0.0923076923077 1 0 0 21 2 7 3 0 1 2 0 0 5 0 76 0 2 0 3 3
"108" 108 0.0290697674419 0 0 13 0 26 0 0 0 81 0 0 0 0 1 2 0 0 0 0 3
"109" 109 0.0 0 0 0 0 0 0 91 0 0 0 0 0 0 21 0 0 14 0 0 0
"110" 110 0.368821292776 1 0 1 2 5 3 10 0 46 3 4 0 3 3 5 19 16 0 3 2
"111" 111 0.00507614213198 1 0 0 0 0 0 60 0 0 0 0 0 0 30 0 0 35 0 0 0
"112" 112 0.20207253886 0 126 0 0 0 0 0 0 0 0 0 0 0 0 0 0 0 0 0 0
"113" 113 0.0 119 0 0 0 0 0 0 0 1 0 6 0 0 0 0 0 0 0 0 0
"114" 114 0.310880829016 0 126 0 0 0 0 0 0 0 0 0 0 0 0 0 0 0 0 0 0
"115" 115 0.0 0 0 0 0 0 0 0 0 0 0 0 0 0 0 0 0 126 0 0 0
"116" 116 0.38578680203 0 0 0 0 0 0 72 0 0 0 0 0 0 54 0 0 0 0 0 0
"117" 117 0.340807174888 0 2 0 5 115 0 0 0 0 0 0 0 0 0 1 0 0 3 0 0
"118" 118 0.178294573643 0 0 0 0 0 0 0 0 0 0 125 1 0 0 0 0 0 0 0 0
"119" 119 0.20207253886 0 126 0 0 0 0 0 0 0 0 0 0 0 0 0 0 0 0 0 0
"120" 120 0.105769230769 0 0 0 0 0 0 0 0 0 0 8 118 0 0 0 0 0 0 0 0
"121" 121 0.173076923077 0 0 0 0 0 0 0 0 0 0 0 126 0 0 0 0 0 0 0 0
"122" 122 0.0348837209302 0 0 0 0 0 0 0 0 126 0 0 0 0 0 0 0 0 0 0 0
"123" 123 0.120437956204 0 0 0 0 0 0 0 0 0 0 0 0 0 0 126 0 0 0 0 0
"124" 124 0.00581395348837 10 0 1 0 0 0 0 0 113 0 0 0 0 0 0 0 2 0 0 0
"125" 125 0.0 0 0 0 0 0 0 0 0 4 0 120 0 0 2 0 0 0 0 0 0
"126" 126 0.0 0 0 84 0 0 0 0 0 0 0 42 0 0 0 0 0 0 0 0 0
"127" 127 0.00507614213198 0 0 0 0 0 0 124 0 0 0 0 0 0 0 0 0 2 0 0 0
"128" 128 0.0 0 0 8 2 0 0 0 0 116 0 0 0 0 0 0 0 0 0 0 0
"129" 129 0.0 0 0 0 0 0 0 0 0 0 0 0 126 0 0 0 0 0 0 0 0
"130" 130 0.0 0 0 10 0 0 0 0 0 0 0 83 33 0 0 0 0 0 0 0 0
"131" 131 0.00581395348837 12 0 1 0 0 0 0 0 1 35 1 0 0 1 0 30 0 0 42 3
"132" 132 0.0 0 0 0 0 0 0 18 0 0 0 0 0 0 8 0 0 100 0 0 0
"133" 133 0.0 0 0 1 0 0 0 0 0 0 0 124 1 0 0 0 0 0 0 0 0
"134" 134 0.00995024875622 0 0 0 0 0 0 1 0 0 0 7 0 0 98 0 0 7 0 0 13
"135" 135 0.162436548223 1 0 3 0 3 7 2 0 1 0 41 2 14 1 13 0 33 1 3 1
"136" 136 0.0673575129534 0 67 2 1 4 0 3 0 0 1 1 0 1 33 3 0 0 7 0 3
"137" 137 0.0 6 0 0 0 1 0 0 0 1 0 116 1 0 1 0 0 0 0 0 0
"138" 138 0.0646766169154 10 0 0 0 0 0 30 0 1 8 0 0 0 40 0 0 33 0 0 4
"139" 139 0.457364341085 0 6 9 31 15 6 2 0 5 0 16 5 3 1 15 0 0 10 2 0
"140" 140 0.252873563218 0 0 6 2 3 36 0 0 10 1 4 7 11 4 8 17 4 1 12 0
"141" 141 0.0199004975124 0 0 0 0 0 0 7 0 0 2 6 2 0 91 1 0 1 0 0 16
"142" 142 0.514767932489 0 1 1 1 9 9 12 3 5 1 1 0 3 25 17 0 19 4 7 7
"143" 143 0.827004219409 0 4 11 1 11 27 0 0 5 0 21 2 1 0 11 0 0 31 0 0
"144" 144 0.540145985401 0 5 6 9 15 20 1 1 6 1 21 1 1 2 11 0 3 21 1 0
"145" 145 0.615384615385 1 2 4 3 2 23 0 1 0 0 0 79 0 1 7 0 1 1 0 0
"146" 146 0.170542635659 0 7 3 0 7 18 16 1 6 3 7 0 1 14 6 0 15 13 0 8
"147" 147 0.124378109453 1 1 0 0 1 0 36 0 0 2 0 1 0 68 0 0 12 0 0 2
"148" 148 0.497890295359 0 2 12 0 8 38 3 7 17 0 11 2 0 2 7 0 1 13 0 0
"149" 149 0.384615384615 0 5 12 3 2 18 2 2 18 0 16 7 2 2 9 0 4 20 1 0
"150" 150 0.502564102564 0 28 26 21 4 2 4 2 1 4 2 1 2 11 4 2 2 3 0 6
"151" 151 0.0125786163522 0 0 0 0 0 0 1 120 0 0 1 0 0 0 0 0 4 0 0 0
"152" 152 0.323383084577 0 0 1 0 0 0 37 0 1 4 0 1 0 65 0 0 14 1 0 2
"153" 153 0.523206751055 1 0 3 3 5 35 13 0 19 3 0 0 5 8 23 0 6 1 0 1
"154" 154 0.291479820628 2 42 7 4 10 1 1 1 4 3 6 20 7 1 4 0 0 12 0 1
"155" 155 0.0963302752294 1 0 14 3 21 4 0 13 2 18 12 0 14 4 0 1 1 0 10 8
"156" 156 0.0 0 0 0 0 0 0 17 0 0 0 1 0 0 21 0 0 86 0 0 1
"157" 157 0.0 0 0 10 0 0 0 0 0 0 0 114 1 0 0 0 0 1 0 0 0
"158" 158 0.0077519379845 0 0 8 0 0 0 0 0 0 0 118 0 0 0 0 0 0 0 0 0
"159" 159 0.0 0 0 0 0 0 0 39 0 9 1 0 0 0 1 0 0 76 0 0 0
"160" 160 0.0331125827815 0 0 126 0 0 0 0 0 0 0 0 0 0 0 0 0 0 0 0 0
"161" 161 0.00574712643678 22 0 0 0 0 0 0 0 0 0 5 0 0 0 0 0 99 0 0 0
"162" 162 0.0 0 0 0 0 0 0 0 0 0 0 0 126 0 0 0 0 0 0 0 0
"163" 163 0.126903553299 0 0 0 0 0 3 67 0 0 0 0 0 0 19 0 0 32 0 1 4
"164" 164 0.144486692015 3 0 2 0 0 2 15 0 1 5 0 0 3 13 0 1 44 0 35 0
"165" 165 0.417040358744 1 30 0 21 16 14 0 0 0 0 11 9 0 0 3 0 0 20 0 0
"166" 166 0.615384615385 0 6 2 5 0 0 0 0 0 0 2 106 2 0 0 0 0 2 0 0
"167" 167 0.33908045977 1 3 1 1 27 3 3 0 17 0 6 5 1 1 4 0 19 31 2 0
"168" 168 0.251572327044 2 0 3 0 1 0 7 77 2 0 13 2 2 5 0 0 7 4 0 1
"169" 169 0.0229885057471 2 0 0 0 0 0 13 0 0 4 1 0 0 24 9 0 62 0 3 8
"170" 170 0.00497512437811 6 0 1 0 0 0 0 0 1 0 0 0 0 111 0 0 7 0 0 0
"171" 171 0.0 0 126 0 0 0 0 0 0 0 0 0 0 0 0 0 0 0 0 0 0
"172" 172 0.00995024875622 0 0 0 0 0 0 0 0 0 0 0 0 0 125 0 0 1 0 0 0
"173" 173 0.0569948186528 16 64 1 18 0 2 0 10 1 0 3 0 0 0 0 0 0 11 0 0
"174" 174 0.490494296578 0 0 0 0 0 0 0 0 0 2 0 1 0 0 0 0 0 0 123 0
"175" 175 0.492537313433 0 11 8 1 3 2 11 12 5 0 28 2 0 7 2 0 9 25 0 0
"176" 176 0.0 0 0 0 0 0 0 0 0 0 0 0 0 0 1 0 0 0 125 0 0
"177" 177 0.362694300518 0 126 0 0 0 0 0 0 0 0 0 0 0 0 0 0 0 0 0 0
"178" 178 0.443708609272 1 0 102 0 0 1 0 0 1 2 3 0 0 0 4 0 12 0 0 0
"179" 179 0.441860465116 1 7 7 12 8 12 0 0 9 0 27 5 0 0 18 0 5 14 0 1
"180" 180 0.046511627907 10 0 0 0 0 0 2 0 0 0 113 1 0 0 0 0 0 0 0 0
"181" 181 0.473214285714 0 32 3 1 10 2 3 0 0 0 6 9 1 2 0 0 1 54 0 2
"182" 182 0.0581395348837 0 0 1 0 0 0 0 0 55 0 13 0 0 1 0 0 55 0 0 1
"183" 183 0.129533678756 0 126 0 0 0 0 0 0 0 0 0 0 0 0 0 0 0 0 0 0
"184" 184 0.00497512437811 2 0 1 0 0 0 0 0 1 6 18 5 0 12 0 0 2 0 0 79
"185" 185 0.0923076923077 0 0 0 126 0 0 0 0 0 0 0 0 0 0 0 0 0 0 0 0
"186" 186 0.00574712643678 1 0 0 0 0 0 18 0 0 29 0 0 0 11 0 0 66 0 0 1
"187" 187 0.0172413793103 0 0 0 0 0 0 11 0 0 0 3 0 0 0 0 0 112 0 0 0
"188" 188 0.00917431192661 1 0 0 0 2 1 1 0 1 0 4 2 0 11 0 0 5 0 0 98
"189" 189 0.0581395348837 0 0 1 16 0 0 2 0 96 0 6 2 0 0 1 0 0 0 0 2
"190" 190 0.279792746114 0 24 8 0 1 1 0 0 0 0 6 59 0 0 1 0 0 25 0 0
"191" 191 0.713178294574 0 14 28 7 6 16 0 0 11 0 20 8 2 0 3 0 2 7 1 1
"192" 192 0.307692307692 1 3 1 2 2 1 0 0 0 1 0 109 0 4 1 0 0 0 0 1
"193" 193 0.317307692308 0 6 3 1 9 13 0 0 2 0 11 34 6 1 20 0 0 20 0 0
"194" 194 0.364016736402 0 0 0 0 0 0 24 0 0 65 0 0 0 23 0 1 5 0 4 4
"195" 195 0.258883248731 0 0 1 0 0 0 56 0 0 0 1 0 0 4 0 0 64 0 0 0
"196" 196 0.1875 0 0 0 0 0 0 0 0 0 0 0 0 0 0 0 0 0 126 0 0
"197" 197 0.362068965517 0 0 0 0 0 0 48 0 0 0 1 0 0 14 0 0 63 0 0 0
"198" 198 0.313901345291 0 0 0 0 124 0 0 0 0 0 0 2 0 0 0 0 0 0 0 0
"199" 199 0.298076923077 0 0 3 0 0 0 0 0 0 0 16 103 0 0 0 0 0 0 0 4
"200" 200 0.372093023256 0 0 12 0 0 0 0 0 112 0 1 0 0 0 0 0 0 0 0 1
"201" 201 0.31007751938 0 0 0 0 0 0 0 0 0 0 90 36 0 0 0 0 0 0 0 0
"202" 202 0.625 0 0 0 0 0 0 0 0 0 0 0 0 0 0 0 0 0 126 0 0
"203" 203 0.269230769231 0 3 2 3 3 10 0 0 2 0 11 54 5 0 4 0 1 26 0 2
"204" 204 0.596899224806 0 2 8 1 4 4 1 0 8 1 54 7 11 0 9 0 3 12 1 0
"205" 205 0.635220125786 1 2 7 0 0 0 0 55 32 0 20 1 0 1 0 0 5 1 0 1
"206" 206 0.225941422594 0 0 0 0 0 0 2 0 0 111 0 0 0 1 0 0 2 0 8 2
"207" 207 0.63503649635 0 15 54 3 2 1 0 3 28 0 3 3 1 0 9 0 0 4 0 0
"208" 208 0.572327044025 0 4 2 0 11 4 0 2 0 1 5 1 6 4 65 0 0 18 1 2
"209" 209 0.604651162791 0 26 9 5 6 6 0 3 9 0 24 2 0 1 1 0 2 32 0 0
"210" 210 0.294642857143 0 4 1 0 40 0 0 0 5 0 3 3 1 1 1 0 1 65 0 1
"211" 211 0.243781094527 0 0 0 0 1 0 0 0 0 20 0 0 0 90 0 0 0 0 0 15
"212" 212 0.461538461538 0 35 0 37 5 0 1 0 4 2 12 6 2 12 1 0 0 3 0 6
"213" 213 0.302325581395 0 2 7 2 17 12 0 0 12 0 36 5 0 2 9 0 1 21 0 0
"214" 214 0.0045871559633 0 0 0 0 1 0 2 0 0 0 0 0 0 73 0 0 0 0 0 50
"215" 215 0.10447761194 0 0 0 0 0 0 10 0 3 4 1 0 0 90 3 0 4 0 1 10
"216" 216 0.5625 0 47 11 6 1 3 1 0 3 1 20 6 1 0 13 0 0 13 0 0
"217" 217 0.109452736318 0 0 1 0 0 0 1 0 1 4 3 1 1 105 0 0 5 0 2 2
"218" 218 0.0 1 0 0 0 0 0 0 0 0 0 106 19 0 0 0 0 0 0 0 0
"219" 219 0.304932735426 0 0 3 0 7 25 0 0 4 0 4 3 1 4 17 0 2 50 0 5
"220" 220 0.479820627803 0 4 6 2 8 47 6 2 4 0 16 8 5 3 4 0 2 6 0 1
"221" 221 0.0384615384615 0 0 2 0 0 0 0 0 0 0 4 117 0 0 1 0 0 0 0 0
"222" 222 0.0 15 0 1 4 0 0 73 0 8 0 0 2 0 6 0 0 13 0 0 2
"223" 223 0.403587443946 1 2 9 2 19 12 1 0 8 1 26 10 3 0 19 0 2 8 0 0
"224" 224 0.428571428571 1 11 2 2 25 2 1 0 5 0 4 0 1 0 9 0 1 59 0 0
"225" 225 0.0 0 0 0 0 0 0 17 0 0 0 0 0 0 104 0 0 1 0 0 0
"226" 226 0.00418410041841 2 0 3 0 3 0 34 0 10 19 6 0 0 11 0 0 26 0 0 6
"227" 227 0.553571428571 0 9 5 1 6 9 5 0 1 0 29 3 2 3 9 0 5 31 0 0
"228" 228 0.243781094527 2 0 1 0 1 5 21 0 1 2 31 2 3 28 2 0 7 3 3 6
"229" 229 0.0 0 0 0 0 116 0 0 0 0 0 0 0 0 0 0 1 0 1 0 0
"230" 230 0.456204379562 0 2 5 4 8 41 1 0 3 0 8 0 1 2 40 0 0 2 0 0
"231" 231 0.457364341085 0 4 3 4 14 11 0 1 0 0 38 1 3 1 2 0 0 29 0 2
"232" 232 0.131782945736 1 0 4 0 2 0 1 0 3 2 81 0 0 1 0 0 16 1 0 0
"233" 233 0.189054726368 2 0 0 0 0 0 9 0 1 3 0 0 0 84 0 0 10 0 0 1
"234" 234 0.558139534884 0 0 16 1 0 2 0 2 1 0 34 11 0 0 1 0 0 0 0 1
"235" 235 0.808035714286 0 6 0 0 7 4 0 0 0 0 0 0 0 0 0 0 0 14 0 0
