"site" "RSA" "aa1" "aa2" "aa3" "aa4" "aa5" "aa6" "aa7" "aa8" "aa9" "aa10" "aa11" "aa12" "aa13" "aa14" "aa15" "aa16" "aa17" "aa18" "aa19" "aa20"
"0" 0 0.459770114943 0 0 0 0 0 0 0 0 230 0 0 0 0 0 270 0 0 0 0 0
"1" 1 0.219730941704 45 0 0 3 0 77 0 0 0 0 0 0 0 0 360 0 0 15 0 0
"2" 2 0.0 0 0 0 0 0 0 0 0 0 0 500 0 0 0 0 0 0 0 0 0
"3" 3 0.218390804598 0 0 18 0 0 6 7 0 0 0 1 0 0 0 163 0 109 33 0 163
"4" 4 0.0 0 0 0 0 0 0 0 0 0 0 500 0 0 0 0 0 0 0 0 0
"5" 5 0.396551724138 0 0 0 0 0 146 321 0 0 0 0 0 0 0 33 0 0 0 0 0
"6" 6 0.0 13 0 0 0 0 0 0 0 0 0 0 0 1 486 0 0 0 0 0 0
"7" 7 0.590717299578 0 0 0 0 0 0 0 0 0 0 0 0 0 0 4 0 0 0 0 496
"8" 8 0.375 0 0 0 0 0 0 0 0 0 0 0 500 0 0 0 0 0 0 0 0
"9" 9 0.922279792746 0 500 0 0 0 0 0 0 0 0 0 0 0 0 0 0 0 0 0 0
"10" 10 0.503875968992 0 0 0 0 500 0 0 0 0 0 0 0 0 0 0 0 0 0 0 0
"11" 11 0.576923076923 0 0 0 0 0 0 0 0 0 0 0 500 0 0 0 0 0 0 0 0
"12" 12 0.0574712643678 0 0 12 0 0 0 9 0 0 0 0 0 0 0 0 0 479 0 0 0
"13" 13 0.397350993377 0 0 0 0 0 0 0 0 19 375 0 0 0 0 15 0 0 0 91 0
"14" 14 0.144230769231 0 0 0 0 0 0 0 0 0 0 0 500 0 0 0 0 0 0 0 0
"15" 15 0.35632183908 0 0 15 0 0 33 0 0 0 0 0 0 0 1 19 0 0 127 0 305
"16" 16 0.0 0 0 0 0 0 0 0 0 29 0 0 0 0 0 0 0 471 0 0 0
"17" 17 0.261603375527 0 9 0 0 0 195 0 0 0 3 0 0 0 0 153 0 0 0 0 140
"18" 18 0.00418410041841 0 0 0 0 0 0 0 0 0 487 0 0 0 0 0 0 0 0 13 0
"19" 19 0.446428571429 0 0 3 0 0 110 0 0 0 0 0 0 0 0 17 0 0 359 0 11
"20" 20 0.0 0 0 0 0 500 0 0 0 0 0 0 0 0 0 0 0 0 0 0 0
"21" 21 0.589147286822 0 0 0 0 0 470 0 0 0 0 0 0 0 0 14 0 0 16 0 0
"22" 22 0.35761589404 0 4 114 0 1 0 0 0 280 0 0 0 0 0 26 0 0 49 0 26
"23" 23 0.410714285714 0 0 0 0 0 214 0 0 0 0 0 0 0 0 279 0 0 7 0 0
"24" 24 0.695364238411 0 270 4 0 0 167 0 0 0 0 0 0 0 0 53 0 0 6 0 0
"25" 25 0.258928571429 0 30 0 0 324 137 0 0 0 0 0 0 0 0 0 0 0 9 0 0
"26" 26 0.308176100629 0 0 0 0 0 0 0 499 0 0 1 0 0 0 0 0 0 0 0 0
"27" 27 0.0 0 0 0 0 0 0 0 0 500 0 0 0 0 0 0 0 0 0 0 0
"28" 28 0.151162790698 0 1 0 0 0 3 0 0 1 0 0 0 0 213 230 0 0 51 0 1
"29" 29 0.0 0 0 0 0 0 0 410 0 0 0 0 0 0 0 0 0 88 0 0 2
"30" 30 0.298013245033 0 0 0 0 0 11 321 0 1 0 0 0 0 0 52 1 88 0 0 26
"31" 31 0.12927756654 0 0 0 0 0 0 0 0 0 101 0 0 0 0 0 398 0 0 1 0
"32" 32 0.446428571429 0 0 6 0 5 28 0 0 0 0 0 0 0 0 25 0 0 429 0 7
"33" 33 0.00507614213198 0 0 0 0 0 0 475 0 0 0 0 0 0 0 0 0 25 0 0 0
"34" 34 0.317829457364 4 2 9 0 10 0 0 0 9 0 1 0 0 0 423 0 0 20 0 22
"35" 35 0.413461538462 0 0 0 0 0 0 0 0 0 0 0 500 0 0 0 0 0 0 0 0
"36" 36 0.102564102564 0 0 0 0 0 0 0 0 0 0 0 0 0 500 0 0 0 0 0 0
"37" 37 0.377483443709 0 0 0 0 0 443 0 0 0 0 0 0 0 0 57 0 0 0 0 0
"38" 38 0.465408805031 0 0 0 0 0 0 0 500 0 0 0 0 0 0 0 0 0 0 0 0
"39" 39 0.594871794872 0 0 0 496 0 0 0 0 0 0 0 0 0 0 4 0 0 0 0 0
"40" 40 0.170542635659 0 0 0 0 0 0 0 0 0 0 497 3 0 0 0 0 0 0 0 0
"41" 41 0.330357142857 0 5 0 0 0 0 0 0 0 0 0 0 0 0 0 495 0 0 0 0
"42" 42 0.153284671533 0 0 0 0 0 0 0 0 0 0 0 0 500 0 0 0 0 0 0 0
"43" 43 0.0 0 0 0 0 0 0 0 0 0 0 0 500 0 0 0 0 0 0 0 0
"44" 44 0.0 0 0 0 0 2 0 0 0 0 292 0 0 9 16 0 0 0 0 0 181
"45" 45 0.0 3 0 289 0 29 0 0 0 84 0 9 1 84 0 0 0 0 0 0 1
"46" 46 0.0 0 0 0 0 0 0 492 0 8 0 0 0 0 0 0 0 0 0 0 0
"47" 47 0.0 464 3 0 21 10 0 0 0 0 0 0 0 2 0 0 0 0 0 0 0
"48" 48 0.321428571429 0 0 0 0 0 293 0 0 0 0 0 0 0 0 92 0 0 115 0 0
"49" 49 0.393305439331 0 9 0 0 1 432 0 0 0 27 0 0 0 11 0 0 0 0 20 0
"50" 50 0.298076923077 0 0 0 0 0 0 0 0 0 0 0 500 0 0 0 0 0 0 0 0
"51" 51 0.341968911917 0 482 0 0 0 13 0 0 0 0 0 0 0 0 5 0 0 0 0 0
"52" 52 0.53488372093 0 4 0 0 0 0 0 0 0 0 0 0 432 0 0 0 0 0 0 64
"53" 53 0.720930232558 0 0 483 0 0 13 0 0 0 0 0 0 0 0 0 0 0 4 0 0
"54" 54 0.54358974359 0 54 0 0 0 14 0 0 0 0 0 0 1 0 431 0 0 0 0 0
"55" 55 0.480769230769 0 0 0 0 0 0 0 0 0 0 0 500 0 0 0 0 0 0 0 0
"56" 56 0.0886075949367 500 0 0 0 0 0 0 0 0 0 0 0 0 0 0 0 0 0 0 0
"57" 57 0.563218390805 0 0 0 0 0 432 0 0 0 0 0 0 0 0 54 0 0 14 0 0
"58" 58 0.145695364238 0 0 500 0 0 0 0 0 0 0 0 0 0 0 0 0 0 0 0 0
"59" 59 0.0077519379845 0 0 76 0 0 0 0 0 424 0 0 0 0 0 0 0 0 0 0 0
"60" 60 0.153846153846 0 0 0 0 0 0 0 0 0 0 0 500 0 0 0 0 0 0 0 0
"61" 61 0.465408805031 0 212 0 0 0 0 0 284 0 0 0 4 0 0 0 0 0 0 0 0
"62" 62 0.0478468899522 0 1 141 5 1 0 0 78 9 1 14 2 118 0 0 0 119 1 10 0
"63" 63 0.0376569037657 106 0 0 0 0 0 0 0 0 384 0 0 10 0 0 0 0 0 0 0
"64" 64 0.230769230769 0 0 0 500 0 0 0 0 0 0 0 0 0 0 0 0 0 0 0 0
"65" 65 0.327044025157 0 1 37 21 0 1 0 303 0 0 50 7 0 0 0 0 0 0 0 80
"66" 66 0.523012552301 0 382 0 0 0 77 0 0 0 3 0 0 0 0 4 0 0 34 0 0
"67" 67 0.784810126582 0 0 0 500 0 0 0 0 0 0 0 0 0 0 0 0 0 0 0 0
"68" 68 0.37552742616 0 0 0 0 40 338 0 0 0 0 0 0 0 103 19 0 0 0 0 0
"69" 69 0.348837209302 0 38 0 0 0 0 0 0 0 0 0 0 0 167 295 0 0 0 0 0
"70" 70 0.0191387559809 0 0 0 0 0 0 0 0 0 0 0 0 488 0 0 0 0 0 12 0
"71" 71 0.00961538461538 0 0 0 0 0 0 0 0 0 0 0 500 0 0 0 0 0 0 0 0
"72" 72 0.062015503876 0 0 17 0 0 0 0 0 0 0 2 0 2 0 479 0 0 0 0 0
"73" 73 0.276729559748 0 0 65 0 0 0 0 435 0 0 0 0 0 0 0 0 0 0 0 0
"74" 74 0.78488372093 0 0 2 416 63 0 0 0 19 0 0 0 0 0 0 0 0 0 0 0
"75" 75 0.305699481865 0 487 13 0 0 0 0 0 0 0 0 0 0 0 0 0 0 0 0 0
"76" 76 0.763392857143 0 0 0 0 0 500 0 0 0 0 0 0 0 0 0 0 0 0 0 0
"77" 77 0.373563218391 0 0 0 0 0 0 196 0 0 0 0 0 0 0 0 0 9 295 0 0
"78" 78 0.0547445255474 135 0 14 27 0 0 0 0 0 0 5 0 12 0 307 0 0 0 0 0
"79" 79 0.0478468899522 320 0 0 5 2 0 0 0 142 0 0 0 31 0 0 0 0 0 0 0
"80" 80 0.0172413793103 0 1 0 0 1 0 195 0 1 0 0 0 0 0 0 0 302 0 0 0
"81" 81 0.0 0 0 0 0 0 0 0 0 0 0 0 500 0 0 0 0 0 0 0 0
"82" 82 0.0 0 357 141 0 0 0 0 0 0 0 2 0 0 0 0 0 0 0 0 0
"83" 83 0.045871559633 4 0 1 1 6 0 0 0 0 0 0 0 8 470 0 0 0 0 0 10
"84" 84 0.0288461538462 0 0 0 0 0 0 0 0 0 0 0 500 0 0 0 0 0 0 0 0
"85" 85 0.169230769231 0 0 0 500 0 0 0 0 0 0 0 0 0 0 0 0 0 0 0 0
"86" 86 0.0114942528736 0 0 1 0 0 0 0 0 0 0 196 0 0 0 0 0 303 0 0 0
"87" 87 0.649789029536 0 0 0 0 0 495 0 0 5 0 0 0 0 0 0 0 0 0 0 0
"88" 88 0.046511627907 0 0 0 0 0 0 0 0 500 0 0 0 0 0 0 0 0 0 0 0
"89" 89 0.300518134715 0 496 0 4 0 0 0 0 0 0 0 0 0 0 0 0 0 0 0 0
"90" 90 0.607142857143 0 4 461 0 0 0 0 0 0 0 0 0 0 0 0 0 0 35 0 0
"91" 91 0.676923076923 0 0 0 353 0 116 0 0 0 0 0 0 0 0 31 0 0 0 0 0
"92" 92 0.0 0 0 0 0 0 0 0 0 0 0 0 500 0 0 0 0 0 0 0 0
"93" 93 0.235632183908 0 0 0 0 0 0 11 0 0 0 0 0 0 0 19 0 6 27 0 437
"94" 94 0.0 0 0 398 0 0 0 0 0 0 0 101 1 0 0 0 0 0 0 0 0
"95" 95 0.637130801688 0 0 0 0 0 441 0 0 0 0 0 0 0 0 47 0 0 0 0 12
"96" 96 0.259615384615 0 0 0 0 0 0 0 0 0 0 0 500 0 0 0 0 0 0 0 0
"97" 97 0.456953642384 0 0 41 0 0 213 0 0 0 0 4 0 0 0 0 0 0 0 0 242
"98" 98 0.221757322176 0 0 0 0 0 0 0 0 22 77 0 0 2 0 0 0 0 0 1 398
"99" 99 0.594936708861 0 175 0 0 0 304 0 0 0 0 0 0 5 0 0 4 0 11 0 1
"100" 100 0.0621761658031 0 44 0 448 2 1 0 0 0 0 0 0 5 0 0 0 0 0 0 0
"101" 101 0.53642384106 0 0 500 0 0 0 0 0 0 0 0 0 0 0 0 0 0 0 0 0
"102" 102 0.298507462687 0 12 307 0 27 0 0 0 1 0 0 2 0 0 19 0 0 32 0 100
"103" 103 0.0 5 0 4 0 0 0 9 0 3 0 1 0 0 0 0 0 478 0 0 0
"104" 104 0.151898734177 0 0 0 18 0 482 0 0 0 0 0 0 0 0 0 0 0 0 0 0
"105" 105 0.044776119403 0 0 0 0 0 0 0 0 0 0 0 0 0 500 0 0 0 0 0 0
"106" 106 0.238578680203 0 0 0 0 0 4 496 0 0 0 0 0 0 0 0 0 0 0 0 0
"107" 107 0.317307692308 0 0 0 0 0 0 0 0 0 0 0 500 0 0 0 0 0 0 0 0
"108" 108 0.74213836478 0 0 30 0 0 89 0 0 0 0 0 0 0 0 0 0 0 381 0 0
"109" 109 0.122093023256 0 48 0 4 0 73 0 0 18 0 0 0 4 0 342 0 0 2 9 0
"110" 110 0.172185430464 0 0 500 0 0 0 0 0 0 0 0 0 0 0 0 0 0 0 0 0
"111" 111 0.0 0 4 0 0 0 0 2 0 1 0 0 0 0 0 0 0 493 0 0 0
"112" 112 0.252873563218 0 0 0 0 0 0 98 0 0 0 0 0 0 0 0 0 109 0 0 293
"113" 113 0.403846153846 0 0 0 0 0 0 0 0 0 0 0 500 0 0 0 0 0 0 0 0
"114" 114 0.20802919708 0 0 0 0 0 0 0 0 176 0 0 0 0 0 324 0 0 0 0 0
"115" 115 0.0264900662252 0 0 500 0 0 0 0 0 0 0 0 0 0 0 0 0 0 0 0 0
"116" 116 0.0 0 0 0 0 0 0 0 0 13 0 1 0 0 0 0 0 486 0 0 0
"117" 117 0.0 7 0 0 0 0 0 0 0 17 0 0 0 0 0 0 0 476 0 0 0
"118" 118 0.0 483 0 0 0 1 0 13 0 3 0 0 0 0 0 0 0 0 0 0 0
"119" 119 0.0239234449761 1 0 2 0 0 0 0 0 0 164 0 0 0 0 0 0 0 0 333 0
"120" 120 0.333333333333 0 0 0 0 1 0 0 0 0 0 494 0 0 0 0 0 0 1 0 4
"121" 121 0.163461538462 0 0 0 0 0 0 0 0 0 0 0 500 0 0 0 0 0 0 0 0
"122" 122 0.484304932735 0 0 0 0 0 500 0 0 0 0 0 0 0 0 0 0 0 0 0 0
"123" 123 0.0103626943005 0 117 16 190 0 0 0 0 0 0 1 0 0 0 0 0 0 0 0 176
"124" 124 0.238341968912 0 489 0 2 0 9 0 0 0 0 0 0 0 0 0 0 0 0 0 0
"125" 125 0.218905472637 0 0 0 21 0 0 0 0 0 0 0 479 0 0 0 0 0 0 0 0
"126" 126 0.144230769231 0 0 0 0 0 0 0 0 0 0 0 500 0 0 0 0 0 0 0 0
"127" 127 0.561181434599 0 0 0 0 0 4 0 0 496 0 0 0 0 0 0 0 0 0 0 0
"128" 128 0.240384615385 0 0 0 0 0 0 0 0 0 0 0 500 0 0 0 0 0 0 0 0
"129" 129 0.896373056995 0 500 0 0 0 0 0 0 0 0 0 0 0 0 0 0 0 0 0 0
"130" 130 0.412790697674 0 0 0 0 0 0 0 0 500 0 0 0 0 0 0 0 0 0 0 0
"131" 131 0.607142857143 0 38 70 0 0 113 0 0 228 0 0 0 0 0 0 51 0 0 0 0
"132" 132 0.316964285714 0 9 36 0 0 107 0 0 0 0 0 0 0 0 210 0 0 138 0 0
"133" 133 0.0 0 0 457 0 0 0 0 0 0 0 43 0 0 0 0 0 0 0 0 0
"134" 134 0.378109452736 0 0 0 0 0 462 0 0 0 0 0 0 0 0 38 0 0 0 0 0
"135" 135 0.455696202532 0 0 0 0 0 362 0 0 0 0 0 0 0 0 138 0 0 0 0 0
"136" 136 0.203488372093 0 0 1 0 0 0 0 0 369 0 0 0 0 0 0 0 0 116 14 0
"137" 137 0.0 0 0 0 0 0 0 0 0 0 0 0 500 0 0 0 0 0 0 0 0
"138" 138 0.379487179487 0 0 0 491 0 0 0 0 0 0 0 0 0 0 0 0 0 9 0 0
"139" 139 0.0 0 0 3 0 0 0 0 0 0 0 497 0 0 0 0 0 0 0 0 0
"140" 140 0.432692307692 0 0 0 0 0 0 0 0 0 0 0 500 0 0 0 0 0 0 0 0
"141" 141 0.591194968553 0 0 0 1 0 0 0 498 0 0 0 1 0 0 0 0 0 0 0 0
"142" 142 0.248175182482 0 0 0 0 0 0 0 0 0 0 0 0 0 0 500 0 0 0 0 0
"143" 143 0.138364779874 0 0 0 0 0 0 0 487 0 0 0 13 0 0 0 0 0 0 0 0
"144" 144 0.0 0 0 12 0 0 0 0 0 0 0 488 0 0 0 0 0 0 0 0 0
"145" 145 0.101265822785 500 0 0 0 0 0 0 0 0 0 0 0 0 0 0 0 0 0 0 0
"146" 146 0.0865384615385 0 0 0 0 0 0 0 0 0 0 0 500 0 0 0 0 0 0 0 0
"147" 147 0.362068965517 0 0 0 0 0 500 0 0 0 0 0 0 0 0 0 0 0 0 0 0
"148" 148 0.00507614213198 0 0 0 0 0 0 499 0 0 0 0 0 0 0 0 0 1 0 0 0
"149" 149 0.278846153846 0 0 0 0 0 392 0 0 0 4 0 0 64 0 0 0 0 0 40 0
"150" 150 0.592039800995 0 0 0 0 0 230 0 161 0 0 0 0 0 109 0 0 0 0 0 0
"151" 151 0.296511627907 0 0 0 0 0 0 0 0 500 0 0 0 0 0 0 0 0 0 0 0
"152" 152 0.917948717949 0 0 0 0 0 500 0 0 0 0 0 0 0 0 0 0 0 0 0 0
