"site" "RSA" "aa1" "aa2" "aa3" "aa4" "aa5" "aa6" "aa7" "aa8" "aa9" "aa10" "aa11" "aa12" "aa13" "aa14" "aa15" "aa16" "aa17" "aa18" "aa19" "aa20"
"0" 0 0.883408071749 0 0 9 0 0 238 0 0 178 0 0 0 0 0 0 0 0 74 0 1
"1" 1 0.759615384615 0 0 0 0 0 0 0 0 0 0 0 500 0 0 0 0 0 0 0 0
"2" 2 0.336538461538 0 0 0 0 0 0 0 0 0 0 0 500 0 0 0 0 0 0 0 0
"3" 3 0.114427860697 0 0 0 0 0 1 9 0 0 0 0 0 0 472 1 0 0 17 0 0
"4" 4 0.276785714286 0 0 0 0 28 327 7 0 0 0 0 0 0 3 56 3 0 73 0 3
"5" 5 0.678571428571 0 0 0 0 0 406 0 0 0 0 0 0 0 0 0 0 0 94 0 0
"6" 6 0.193798449612 0 0 0 0 0 0 0 0 0 0 0 0 0 0 500 0 0 0 0 0
"7" 7 0.0 0 1 0 0 0 0 235 0 0 1 0 0 0 263 0 0 0 0 0 0
"8" 8 0.383211678832 0 0 0 0 0 204 20 0 0 0 0 0 0 5 210 0 0 60 0 1
"9" 9 0.387596899225 0 6 0 0 0 473 0 0 0 0 0 0 0 0 21 0 0 0 0 0
"10" 10 0.177304964539 0 0 0 0 0 3 0 0 0 0 0 0 0 2 1 494 0 0 0 0
"11" 11 0.0696517412935 0 0 0 0 6 0 0 0 0 0 0 0 0 461 33 0 0 0 0 0
"12" 12 0.609489051095 0 4 0 0 0 313 0 0 0 0 0 0 0 40 58 0 0 85 0 0
"13" 13 0.723214285714 0 0 0 0 0 114 0 0 0 0 0 0 0 0 268 0 0 0 0 118
"14" 14 0.481865284974 0 41 0 0 0 0 0 0 0 0 0 0 17 43 0 4 0 297 98 0
"15" 15 0.194029850746 0 12 2 23 0 0 0 0 0 0 273 0 1 3 0 0 0 11 0 175
"16" 16 0.586538461538 0 0 0 0 0 0 0 0 0 0 0 500 0 0 0 0 0 0 0 0
"17" 17 0.816143497758 0 0 0 0 0 452 0 0 0 0 0 0 0 0 0 0 0 48 0 0
"18" 18 0.240384615385 0 0 0 0 0 0 0 0 0 0 0 500 0 0 0 0 0 0 0 0
"19" 19 0.217616580311 0 483 0 17 0 0 0 0 0 0 0 0 0 0 0 0 0 0 0 0
"20" 20 0.482587064677 0 0 0 0 0 440 0 0 0 0 0 0 0 0 48 0 0 12 0 0
"21" 21 0.610465116279 0 0 0 0 0 421 0 0 0 0 0 0 0 0 78 0 0 1 0 0
"22" 22 0.0728476821192 0 0 462 0 0 0 0 0 0 0 37 1 0 0 0 0 0 0 0 0
"23" 23 0.427860696517 0 0 0 0 0 20 0 0 0 0 0 0 0 0 480 0 0 0 0 0
"24" 24 0.726368159204 0 0 0 0 0 442 0 0 0 0 0 0 0 0 58 0 0 0 0 0
"25" 25 0.655172413793 0 0 0 0 0 316 0 0 0 54 0 0 0 0 0 0 0 0 130 0
"26" 26 0.0862068965517 4 0 0 0 0 0 158 0 0 0 0 0 0 0 0 0 338 0 0 0
"27" 27 0.427672955975 0 0 0 0 0 0 0 498 0 0 0 0 2 0 0 0 0 0 0 0
"28" 28 0.647321428571 0 20 0 0 0 455 0 22 0 0 0 0 0 0 0 0 0 3 0 0
"29" 29 0.751295336788 0 0 0 500 0 0 0 0 0 0 0 0 0 0 0 0 0 0 0 0
"30" 30 0.283582089552 0 0 0 0 17 452 0 0 0 0 0 0 0 22 6 0 0 2 0 1
"31" 31 0.526785714286 0 0 0 0 0 333 0 0 0 0 0 0 0 165 2 0 0 0 0 0
"32" 32 0.0769230769231 0 0 479 0 0 0 0 0 0 0 0 21 0 0 0 0 0 0 0 0
"33" 33 0.258928571429 0 0 8 0 0 7 16 0 6 0 0 0 0 0 110 0 7 5 0 341
"34" 34 0.0 0 0 408 0 0 0 0 0 0 0 92 0 0 0 0 0 0 0 0 0
"35" 35 0.0574712643678 4 0 1 0 0 173 173 0 2 85 0 0 2 0 0 0 18 27 10 5
"36" 36 0.00507614213198 0 0 0 0 0 0 500 0 0 0 0 0 0 0 0 0 0 0 0 0
"37" 37 0.169154228856 0 0 0 0 0 195 0 0 0 26 0 0 0 38 26 204 0 5 0 6
"38" 38 0.0 0 0 83 0 0 0 0 0 0 0 417 0 0 0 0 0 0 0 0 0
"39" 39 0.37552742616 0 0 0 0 8 1 0 0 0 0 0 0 0 0 0 0 0 3 0 488
"40" 40 0.25 0 0 0 0 0 0 0 0 0 0 0 0 0 0 0 0 0 38 0 462
"41" 41 0.394230769231 0 0 0 0 0 0 0 499 0 0 0 1 0 0 0 0 0 0 0 0
"42" 42 0.0 0 0 0 0 0 0 0 0 0 0 0 500 0 0 0 0 0 0 0 0
"43" 43 0.0 4 0 0 0 0 0 9 0 0 0 0 0 0 0 0 0 477 0 0 10
"44" 44 0.0 7 0 0 0 0 0 490 0 0 0 3 0 0 0 0 0 0 0 0 0
"45" 45 0.0 0 0 44 0 0 0 0 0 0 0 456 0 0 0 0 0 0 0 0 0
"46" 46 0.0 0 0 0 0 0 0 0 0 0 0 0 500 0 0 0 0 0 0 0 0
"47" 47 0.0547263681592 0 0 464 0 0 0 0 0 0 0 0 0 0 36 0 0 0 0 0 0
"48" 48 0.301418439716 0 48 1 3 42 0 0 0 0 1 0 0 1 0 6 392 0 6 0 0
"49" 49 0.00574712643678 0 0 0 0 4 0 3 0 7 0 2 0 1 0 0 0 480 3 0 0
"50" 50 0.0 0 0 0 0 0 0 0 0 0 0 500 0 0 0 0 0 0 0 0 0
"51" 51 0.410714285714 0 0 0 0 0 409 0 0 0 0 0 0 0 0 91 0 0 0 0 0
"52" 52 0.375912408759 0 0 0 0 0 22 28 0 0 0 0 0 0 160 60 1 0 0 0 229
"53" 53 0.00574712643678 0 0 0 0 0 0 0 0 0 1 0 0 0 0 0 0 499 0 0 0
"54" 54 0.0 0 0 0 0 0 0 0 0 0 497 0 0 3 0 0 0 0 0 0 0
"55" 55 0.279069767442 0 0 0 0 0 60 0 0 0 0 0 0 0 346 2 1 0 91 0 0
"56" 56 0.164179104478 0 0 0 0 5 0 8 0 5 0 6 0 7 253 0 1 0 122 0 93
"57" 57 0.217054263566 0 0 0 0 0 0 0 0 0 0 500 0 0 0 0 0 0 0 0 0
"58" 58 0.108808290155 0 500 0 0 0 0 0 0 0 0 0 0 0 0 0 0 0 0 0 0
"59" 59 0.691823899371 0 0 0 0 0 60 0 438 0 0 0 0 0 0 0 0 0 2 0 0
"60" 60 0.594890510949 0 0 0 0 0 0 0 0 0 0 0 0 0 0 500 0 0 0 0 0
"61" 61 0.104651162791 0 0 0 0 0 0 0 0 500 0 0 0 0 0 0 0 0 0 0 0
"62" 62 0.240310077519 0 0 0 0 0 0 0 0 0 0 0 0 0 0 486 0 0 14 0 0
"63" 63 0.0794979079498 0 0 0 0 0 0 0 0 0 500 0 0 0 0 0 0 0 0 0 0
"64" 64 0.354651162791 0 0 0 0 418 10 0 0 0 0 0 0 0 0 14 0 0 3 0 55
"65" 65 0.40251572327 0 0 464 0 0 0 0 36 0 0 0 0 0 0 0 0 0 0 0 0
"66" 66 0.422885572139 0 9 0 17 7 46 0 0 0 0 0 0 296 95 3 0 0 25 0 2
"67" 67 0.155172413793 0 0 0 0 0 0 0 0 0 0 0 0 0 0 0 0 500 0 0 0
"68" 68 0.519379844961 0 0 0 0 0 390 0 0 0 0 0 0 0 0 110 0 0 0 0 0
"69" 69 0.263392857143 0 0 0 0 0 1 0 0 0 0 0 0 0 0 3 0 0 496 0 0
"70" 70 0.115384615385 0 0 0 0 0 0 0 0 0 0 0 500 0 0 0 0 0 0 0 0
"71" 71 0.240310077519 0 0 0 0 0 390 0 0 0 0 0 0 0 0 0 0 0 110 0 0
"72" 72 0.434306569343 0 0 0 0 0 261 0 0 0 0 0 0 2 0 3 1 0 231 0 2
"73" 73 0.0747126436782 0 0 0 0 0 0 0 0 83 0 0 0 0 0 0 0 417 0 0 0
"74" 74 0.488372093023 0 0 0 0 0 481 0 0 19 0 0 0 0 0 0 0 0 0 0 0
"75" 75 0.660714285714 0 0 0 0 0 499 0 1 0 0 0 0 0 0 0 0 0 0 0 0
"76" 76 0.490384615385 0 0 0 0 0 0 0 0 0 0 0 500 0 0 0 0 0 0 0 0
"77" 77 0.25 0 0 0 0 481 0 0 0 19 0 0 0 0 0 0 0 0 0 0 0
"78" 78 0.325892857143 2 0 24 2 1 121 48 0 26 0 0 0 0 202 0 0 5 69 0 0
"79" 79 0.0 0 0 0 0 0 0 415 0 0 0 0 0 0 0 0 0 85 0 0 0
"80" 80 0.0 0 0 0 0 0 0 0 0 0 0 500 0 0 0 0 0 0 0 0 0
"81" 81 0.262773722628 0 0 114 0 1 6 0 0 163 0 10 0 0 0 118 0 65 21 0 2
"82" 82 0.0 0 0 0 0 0 0 0 0 0 0 0 0 0 0 0 0 500 0 0 0
"83" 83 0.368613138686 0 0 0 0 0 165 0 0 6 0 0 0 0 0 8 0 319 2 0 0
"84" 84 0.0480769230769 0 0 0 0 0 0 0 0 0 0 0 500 0 0 0 0 0 0 0 0
"85" 85 0.100628930818 0 0 0 0 0 0 0 500 0 0 0 0 0 0 0 0 0 0 0 0
"86" 86 0.044776119403 0 0 13 0 1 2 0 0 0 0 9 0 0 468 0 0 4 3 0 0
"87" 87 0.233576642336 0 0 0 0 20 0 0 0 0 0 0 0 0 0 480 0 0 0 0 0
"88" 88 0.0480769230769 0 0 0 0 0 0 0 0 0 0 0 500 0 0 0 0 0 0 0 0
"89" 89 0.0 0 0 0 0 0 0 500 0 0 0 0 0 0 0 0 0 0 0 0 0
"90" 90 0.223880597015 0 3 0 0 4 0 2 0 0 0 0 0 2 314 14 0 0 75 0 86
"91" 91 0.100775193798 0 0 226 0 0 260 0 0 13 0 0 1 0 0 0 0 0 0 0 0
"92" 92 0.0 0 0 0 0 0 0 0 0 0 0 0 500 0 0 0 0 0 0 0 0
"93" 93 0.214285714286 0 0 250 0 0 82 0 0 0 0 0 0 0 0 166 0 0 0 0 2
"94" 94 0.361313868613 0 110 0 0 0 362 0 0 0 0 0 0 0 1 21 4 0 0 0 2
"95" 95 0.0646766169154 0 0 0 0 0 0 0 0 0 0 0 0 0 496 0 0 3 1 0 0
"96" 96 0.0 0 0 0 0 0 0 0 0 0 0 500 0 0 0 0 0 0 0 0 0
"97" 97 0.00995024875622 0 0 0 0 0 0 0 0 0 0 0 0 0 4 0 0 0 0 0 496
"98" 98 0.430769230769 0 1 1 0 105 27 0 0 0 0 1 0 2 14 65 16 0 267 0 1
"99" 99 0.044776119403 0 3 0 0 0 0 41 0 1 0 0 0 0 448 0 0 0 1 0 6
"100" 100 0.00497512437811 0 0 0 0 0 0 0 0 0 0 0 0 0 500 0 0 0 0 0 0
"101" 101 0.107623318386 0 0 4 0 0 0 0 0 0 0 0 0 0 0 0 0 0 0 0 496
"102" 102 0.178832116788 0 133 0 0 4 0 0 0 1 0 24 0 132 0 0 36 0 170 0 0
"103" 103 0.00995024875622 0 0 0 0 0 0 0 0 0 0 0 0 0 76 0 0 0 0 0 424
"104" 104 0.0 0 0 500 0 0 0 0 0 0 0 0 0 0 0 0 0 0 0 0 0
"105" 105 0.0288461538462 0 0 0 0 0 0 0 0 0 0 0 500 0 0 0 0 0 0 0 0
"106" 106 0.0 0 0 0 0 0 0 497 0 0 0 0 0 0 0 0 0 3 0 0 0
"107" 107 0.0 0 0 0 0 0 0 0 0 0 0 500 0 0 0 0 0 0 0 0 0
"108" 108 0.168604651163 0 0 0 0 0 0 0 0 500 0 0 0 0 0 0 0 0 0 0 0
"109" 109 0.213930348259 0 0 0 0 0 0 0 0 0 0 0 0 0 373 0 0 0 127 0 0
"110" 110 0.0 0 0 2 0 0 0 0 0 68 0 430 0 0 0 0 0 0 0 0 0
"111" 111 0.167883211679 0 107 0 2 0 0 0 0 0 0 272 9 0 4 0 11 0 79 16 0
"112" 112 0.22480620155 0 0 0 0 0 483 0 0 0 0 0 0 0 0 17 0 0 0 0 0
"113" 113 0.0380228136882 0 0 0 0 0 0 0 0 0 493 1 0 0 0 0 0 0 0 1 5
"114" 114 0.252873563218 0 0 0 0 0 0 33 0 0 0 0 0 0 0 458 0 0 0 0 9
"115" 115 0.473214285714 0 18 0 0 0 13 0 0 0 0 0 0 1 0 230 0 0 192 0 46
"116" 116 0.178294573643 0 0 0 0 0 0 0 0 0 0 489 0 0 0 0 0 0 11 0 0
"117" 117 0.0298507462687 0 0 0 13 0 0 0 0 487 0 0 0 0 0 0 0 0 0 0 0
"118" 118 0.596899224806 0 0 0 0 0 293 0 0 0 0 0 0 0 0 207 0 0 0 0 0
"119" 119 0.846153846154 0 0 0 0 0 0 0 0 0 0 0 500 0 0 0 0 0 0 0 0
"120" 120 0.255813953488 0 0 0 0 14 0 0 0 45 441 0 0 0 0 0 0 0 0 0 0
"121" 121 0.616033755274 0 0 0 0 0 500 0 0 0 0 0 0 0 0 0 0 0 0 0 0
"122" 122 0.093023255814 231 0 1 0 0 0 0 0 0 0 268 0 0 0 0 0 0 0 0 0
"123" 123 0.260089686099 0 5 1 0 72 411 0 0 0 0 0 0 0 0 11 0 0 0 0 0
"124" 124 0.0203045685279 0 0 0 0 0 0 489 0 0 0 0 0 0 0 0 0 11 0 0 0
"125" 125 0.0646766169154 2 0 0 0 11 0 0 0 0 0 0 0 0 474 0 0 0 8 5 0
"126" 126 0.00518134715026 0 378 3 49 0 0 0 0 18 0 0 52 0 0 0 0 0 0 0 0
"127" 127 0.139534883721 0 0 347 0 0 0 0 0 153 0 0 0 0 0 0 0 0 0 0 0
"128" 128 0.332116788321 0 222 0 0 0 0 0 0 0 0 0 0 0 0 187 0 0 0 0 91
"129" 129 0.535864978903 0 5 0 141 172 44 0 0 0 0 2 0 122 0 4 0 0 0 0 10
"130" 130 0.122093023256 0 0 0 3 0 0 0 0 495 0 0 1 0 0 1 0 0 0 0 0
"131" 131 0.28488372093 2 0 0 0 0 12 0 0 44 0 0 0 18 0 410 0 0 0 0 14
"132" 132 0.761006289308 0 0 0 0 0 0 0 500 0 0 0 0 0 0 0 0 0 0 0 0
"133" 133 0.682692307692 0 0 0 0 0 0 0 0 0 0 0 500 0 0 0 0 0 0 0 0
"134" 134 0.1592039801 0 0 0 0 0 26 0 0 0 222 1 0 35 0 7 0 0 1 206 2
"135" 135 0.204379562044 0 0 59 0 1 1 0 0 411 0 1 1 0 0 26 0 0 0 0 0
"136" 136 0.410852713178 0 473 0 0 0 0 0 0 0 0 0 0 0 0 0 0 0 27 0 0
"137" 137 0.0497512437811 0 0 0 0 4 1 0 0 0 0 0 0 0 493 0 1 0 1 0 0
"138" 138 0.0 0 163 0 0 169 0 0 0 0 1 1 0 5 3 0 0 0 158 0 0
"139" 139 0.042194092827 0 0 0 0 194 0 0 0 0 2 26 0 0 7 1 56 0 10 0 204
"140" 140 0.163498098859 0 0 0 0 9 10 0 0 0 0 3 0 28 3 40 0 0 4 374 29
"141" 141 0.0 0 0 0 0 0 0 0 0 0 0 500 0 0 0 0 0 0 0 0 0
"142" 142 0.0 0 0 0 0 0 0 52 0 1 0 33 0 0 0 0 0 414 0 0 0
"143" 143 0.459854014599 0 0 0 0 0 304 0 0 0 0 0 0 0 0 164 0 0 0 0 32
"144" 144 0.132183908046 0 15 0 29 0 0 407 0 0 0 0 0 0 0 0 0 49 0 0 0
"145" 145 0.0 0 0 0 0 0 0 0 0 0 0 0 500 0 0 0 0 0 0 0 0
"146" 146 0.394230769231 0 0 0 0 0 0 0 0 0 0 0 500 0 0 0 0 0 0 0 0
"147" 147 0.0288461538462 0 0 2 0 0 0 0 0 0 0 31 467 0 0 0 0 0 0 0 0
"148" 148 0.496350364964 0 3 0 0 0 6 0 0 0 0 0 0 2 3 72 7 0 0 407 0
"149" 149 0.261538461538 5 18 301 17 0 0 0 0 123 0 4 0 0 32 0 0 0 0 0 0
"150" 150 0.200956937799 0 58 0 0 0 0 0 0 20 0 0 422 0 0 0 0 0 0 0 0
"151" 151 0.0985401459854 0 0 0 0 0 0 0 13 0 0 2 485 0 0 0 0 0 0 0 0
"152" 152 0.3536121673 0 1 0 0 1 495 0 0 0 0 0 0 0 0 0 0 0 3 0 0
"153" 153 0.0288461538462 0 0 462 0 0 0 0 0 0 0 0 38 0 0 0 0 0 0 0 0
"154" 154 0.572139303483 0 187 0 0 0 312 0 1 0 0 0 0 0 0 0 0 0 0 0 0
"155" 155 0.627615062762 0 0 0 0 0 500 0 0 0 0 0 0 0 0 0 0 0 0 0 0
"156" 156 0.316062176166 0 500 0 0 0 0 0 0 0 0 0 0 0 0 0 0 0 0 0 0
"157" 157 0.173076923077 5 0 1 0 0 96 0 0 0 0 0 15 14 0 1 9 0 29 0 330
"158" 158 0.177664974619 0 0 0 0 0 0 499 0 0 0 0 0 0 0 0 0 0 1 0 0
"159" 159 0.0796019900498 0 0 0 0 2 1 11 0 0 1 0 0 0 9 9 0 8 459 0 0
"160" 160 0.0995024875622 0 0 0 0 0 0 0 0 0 0 0 0 0 500 0 0 0 0 0 0
"161" 161 0.282700421941 0 1 1 0 0 0 0 0 278 0 0 0 0 0 217 0 0 3 0 0
"162" 162 0.308035714286 0 6 0 2 0 87 0 0 0 0 0 0 0 0 52 0 0 353 0 0
"163" 163 0.630769230769 0 12 0 0 0 472 0 0 0 0 0 0 0 0 0 0 0 16 0 0
"164" 164 0.435406698565 0 187 0 0 0 0 0 0 0 0 0 0 223 0 0 0 0 90 0 0
"165" 165 0.0747126436782 0 0 0 0 0 0 38 0 0 0 5 0 0 0 37 0 419 0 0 1
"166" 166 0.63503649635 0 0 0 0 0 17 0 0 0 0 0 0 0 75 371 0 0 24 0 13
"167" 167 0.627906976744 0 0 0 0 0 205 0 0 0 0 0 0 0 0 295 0 0 0 0 0
"168" 168 0.093023255814 0 0 9 0 0 0 0 0 0 0 491 0 0 0 0 0 0 0 0 0
"169" 169 0.673076923077 0 0 0 0 0 0 0 0 0 0 0 500 0 0 0 0 0 0 0 0
"170" 170 0.182692307692 0 0 0 0 0 0 0 0 0 0 0 500 0 0 0 0 0 0 0 0
"171" 171 0.00574712643678 0 0 0 0 0 0 5 0 116 0 0 1 0 0 0 0 378 0 0 0
"172" 172 0.0384615384615 0 0 0 0 0 46 0 0 0 0 411 0 0 0 38 0 0 0 0 5
"173" 173 0.34375 0 0 0 0 18 384 0 0 0 0 1 0 0 0 0 0 0 97 0 0
"174" 174 0.031007751938 0 0 0 0 0 0 0 0 0 0 500 0 0 0 0 0 0 0 0 0
"175" 175 0.0 0 0 0 0 0 0 0 0 0 0 1 0 0 0 0 0 499 0 0 0
"176" 176 0.481751824818 0 0 0 0 0 115 0 0 0 0 0 0 0 0 336 0 0 37 0 12
"177" 177 0.386861313869 0 2 0 0 0 290 0 0 0 0 0 0 0 0 97 0 0 111 0 0
"178" 178 0.124031007752 0 0 3 0 0 0 0 0 0 0 497 0 0 0 0 0 0 0 0 0
"179" 179 0.409282700422 0 0 0 0 0 500 0 0 0 0 0 0 0 0 0 0 0 0 0 0
"180" 180 0.627906976744 0 0 0 0 0 487 0 0 0 0 0 0 0 0 13 0 0 0 0 0
"181" 181 0.722627737226 0 0 0 0 0 0 0 0 0 0 0 0 0 0 500 0 0 0 0 0
"182" 182 0.22480620155 1 0 0 0 0 0 0 0 0 0 486 13 0 0 0 0 0 0 0 0
"183" 183 0.314465408805 0 10 0 0 0 11 0 474 0 0 0 0 2 0 1 0 0 2 0 0
"184" 184 0.885167464115 0 0 0 0 0 497 0 0 0 0 0 0 0 0 0 3 0 0 0 0
"185" 185 0.631178707224 0 10 0 471 0 1 0 0 2 0 0 0 0 0 12 0 0 1 3 0
"186" 186 0.199004975124 0 0 0 0 0 0 0 0 0 0 0 0 0 500 0 0 0 0 0 0
"187" 187 0.569620253165 4 1 0 5 0 144 0 0 0 0 0 1 0 10 203 0 0 97 30 5
"188" 188 0.0172413793103 0 0 2 0 0 0 1 0 0 0 0 0 0 0 0 0 497 0 0 0
"189" 189 0.0223214285714 32 0 19 0 3 0 0 0 16 0 242 0 0 0 127 0 0 22 0 39
"190" 190 0.0 0 0 0 0 0 0 1 0 0 0 0 0 0 0 0 0 499 0 0 0
"191" 191 0.0892857142857 0 7 1 0 1 19 1 0 0 0 0 0 0 0 458 0 3 10 0 0
"192" 192 0.0 0 0 0 0 0 0 0 0 0 0 0 0 0 0 0 0 500 0 0 0
"193" 193 0.434306569343 42 0 162 0 13 31 0 0 250 2 0 0 0 0 0 0 0 0 0 0
"194" 194 0.192052980132 0 0 500 0 0 0 0 0 0 0 0 0 0 0 0 0 0 0 0 0
"195" 195 0.164179104478 0 0 0 0 0 0 0 0 1 0 0 0 0 493 6 0 0 0 0 0
"196" 196 0.584821428571 0 0 0 0 1 153 0 0 0 0 0 0 0 0 346 0 0 0 0 0
"197" 197 0.138392857143 0 1 0 0 0 2 0 0 0 0 0 0 0 0 0 0 0 497 0 0
"198" 198 0.0 0 0 0 0 0 0 0 0 0 0 0 0 0 500 0 0 0 0 0 0
"199" 199 0.361607142857 0 0 0 0 2 422 0 0 0 0 0 0 0 0 63 0 0 3 0 10
"200" 200 0.375 0 0 0 0 0 346 0 0 0 0 0 0 0 4 0 0 0 1 0 149
"201" 201 0.0 0 0 0 0 0 0 0 0 0 0 500 0 0 0 0 0 0 0 0 0
"202" 202 0.139303482587 0 0 0 0 1 0 0 0 0 0 1 0 0 497 0 0 0 1 0 0
"203" 203 0.705357142857 0 2 0 0 0 483 0 0 0 0 0 0 0 0 3 0 0 12 0 0
"204" 204 0.124031007752 0 0 0 0 0 0 0 0 0 0 434 66 0 0 0 0 0 0 0 0
"205" 205 0.269230769231 0 0 0 0 0 0 0 0 0 0 0 500 0 0 0 0 0 0 0 0
"206" 206 0.0387596899225 0 0 0 0 0 0 0 0 0 0 500 0 0 0 0 0 0 0 0 0
"207" 207 0.269430051813 0 500 0 0 0 0 0 0 0 0 0 0 0 0 0 0 0 0 0 0
"208" 208 0.164179104478 0 0 3 0 8 4 71 0 0 0 0 0 0 18 133 0 12 217 1 33
"209" 209 0.0 0 0 0 0 0 0 500 0 0 0 0 0 0 0 0 0 0 0 0 0
"210" 210 0.0149253731343 5 0 0 0 5 0 252 0 9 0 0 0 0 0 0 0 1 9 0 219
"211" 211 0.00995024875622 6 0 0 0 0 0 0 0 0 0 0 0 0 490 0 0 0 0 0 4
"212" 212 0.145077720207 3 82 1 1 2 11 45 0 0 0 0 0 0 181 7 7 154 2 0 4
"213" 213 0.389743589744 0 0 1 84 0 404 0 0 0 0 0 0 0 0 10 0 0 1 0 0
"214" 214 0.092050209205 0 0 0 0 0 0 0 0 0 500 0 0 0 0 0 0 0 0 0 0
"215" 215 0.522012578616 0 0 0 0 0 0 0 500 0 0 0 0 0 0 0 0 0 0 0 0
"216" 216 0.273631840796 0 0 479 0 0 0 9 0 0 0 0 1 0 9 1 0 0 1 0 0
"217" 217 0.589285714286 0 0 0 0 0 398 0 0 0 0 0 0 0 1 5 0 0 96 0 0
"218" 218 0.170542635659 0 0 0 0 0 0 0 0 0 0 0 0 0 0 0 0 0 0 0 500
"219" 219 0.0497512437811 0 0 1 0 1 0 0 0 0 0 256 0 40 10 0 0 0 192 0 0
"220" 220 0.510948905109 0 0 0 0 0 391 0 0 0 0 1 1 0 11 96 0 0 0 0 0
"221" 221 0.227678571429 0 1 0 0 3 186 131 0 0 0 0 0 0 10 22 1 0 146 0 0
"222" 222 0.0 0 0 0 0 0 0 0 0 0 0 496 4 0 0 0 0 0 0 0 0
"223" 223 0.183908045977 0 0 0 0 0 0 15 0 0 0 0 0 0 0 0 0 485 0 0 0
"224" 224 0.598540145985 0 0 0 0 0 310 10 0 0 0 0 0 0 0 151 0 0 29 0 0
"225" 225 0.321167883212 0 5 0 0 14 24 254 0 0 0 0 0 0 135 0 0 0 57 11 0
"226" 226 0.00574712643678 0 1 0 0 0 0 0 0 0 0 0 0 0 0 0 0 497 0 0 2
"227" 227 0.557692307692 0 0 0 0 0 0 0 0 0 0 0 500 0 0 0 0 0 0 0 0
"228" 228 0.653846153846 0 0 0 0 0 0 0 0 0 0 0 500 0 0 0 0 0 0 0 0
"229" 229 0.580291970803 0 0 0 0 0 499 0 0 0 0 0 0 0 0 1 0 0 0 0 0
"230" 230 0.132183908046 0 0 0 0 0 0 0 0 0 0 0 0 0 0 460 0 0 0 40 0
"231" 231 0.295597484277 0 9 0 0 0 0 0 477 0 0 0 0 0 0 0 0 0 14 0 0
"232" 232 0.0199004975124 0 0 0 0 0 0 15 0 0 0 0 0 0 485 0 0 0 0 0 0
"233" 233 0.03125 0 0 0 0 0 4 268 0 13 29 0 0 1 0 12 0 168 1 1 3
"234" 234 0.0077519379845 0 0 207 0 3 0 0 0 16 40 37 1 0 1 0 0 0 0 195 0
"235" 235 0.152317880795 0 0 496 0 0 0 0 0 4 0 0 0 0 0 0 0 0 0 0 0
"236" 236 0.163461538462 0 0 0 0 0 0 0 0 0 0 0 500 0 0 0 0 0 0 0 0
"237" 237 0.605128205128 0 48 0 415 0 0 0 0 0 0 0 37 0 0 0 0 0 0 0 0
"238" 238 0.133027522936 17 0 0 0 114 0 14 0 0 0 12 4 0 0 0 0 224 1 0 114
"239" 239 0.348837209302 0 0 0 0 0 0 0 0 500 0 0 0 0 0 0 0 0 0 0 0
"240" 240 0.373134328358 0 0 0 0 0 0 0 0 0 0 0 0 0 491 0 0 0 0 0 9
"241" 241 0.71875 0 6 0 0 1 152 0 0 0 0 0 0 0 0 0 0 0 341 0 0
"242" 242 0.507299270073 0 1 0 7 121 34 0 0 0 0 0 0 0 0 38 0 0 177 0 122
"243" 243 0.0 0 0 212 0 0 0 0 0 0 0 283 5 0 0 0 0 0 0 0 0
"244" 244 0.413502109705 0 0 0 0 0 149 0 0 0 0 3 0 0 0 348 0 0 0 0 0
"245" 245 0.170542635659 0 1 0 0 40 72 0 0 0 0 42 0 0 0 337 0 0 8 0 0
"246" 246 0.0077519379845 0 14 0 6 0 0 0 0 0 6 447 1 0 0 0 15 0 2 9 0
"247" 247 0.0387596899225 0 0 0 0 0 0 0 0 0 0 500 0 0 0 0 0 0 0 0 0
"248" 248 0.589285714286 0 0 0 0 0 199 0 0 0 0 0 0 0 28 6 0 0 264 0 3
"249" 249 0.162790697674 0 1 0 479 0 0 0 0 0 0 18 0 0 1 0 0 0 0 1 0
"250" 250 0.221153846154 0 0 0 0 0 0 0 0 0 0 0 500 0 0 0 0 0 0 0 0
"251" 251 0.00574712643678 0 1 2 0 0 0 0 0 0 0 41 0 0 0 0 0 456 0 0 0
"252" 252 0.19170984456 0 0 0 0 0 0 0 0 0 0 0 0 500 0 0 0 0 0 0 0
"253" 253 0.285171102662 0 0 0 0 0 0 0 0 0 0 0 5 14 0 0 0 0 0 480 1
"254" 254 0.0 23 0 209 0 0 0 0 0 0 0 0 0 0 0 0 0 268 0 0 0
"255" 255 0.0198675496689 8 0 0 0 20 0 0 0 0 0 125 0 0 0 20 0 0 0 0 327
"256" 256 0.0 0 0 0 0 0 0 9 0 0 0 0 0 0 2 0 0 489 0 0 0
"257" 257 0.134615384615 0 0 187 0 0 26 0 275 0 0 1 0 0 0 1 0 0 4 0 6
"258" 258 0.147286821705 0 0 0 0 0 500 0 0 0 0 0 0 0 0 0 0 0 0 0 0
"259" 259 0.0 0 0 0 0 0 0 4 0 0 0 0 0 0 496 0 0 0 0 0 0
"260" 260 0.0290697674419 0 0 0 0 0 0 0 0 500 0 0 0 0 0 0 0 0 0 0 0
"261" 261 0.641148325359 0 0 4 0 0 230 0 0 0 0 33 0 0 0 0 0 0 233 0 0
"262" 262 0.523178807947 0 0 0 0 0 0 0 0 0 0 0 0 0 0 500 0 0 0 0 0
"263" 263 0.0697674418605 0 0 0 0 0 0 0 0 0 0 500 0 0 0 0 0 0 0 0 0
"264" 264 0.527426160338 0 0 0 0 0 500 0 0 0 0 0 0 0 0 0 0 0 0 0 0
"265" 265 0.387596899225 0 0 133 0 2 0 0 354 0 0 0 0 0 0 4 6 0 1 0 0
"266" 266 0.00497512437811 0 0 0 0 0 0 0 0 0 0 0 0 0 500 0 0 0 0 0 0
"267" 267 0.414507772021 0 0 0 0 0 486 0 0 0 0 0 0 0 1 13 0 0 0 0 0
"268" 268 0.0199004975124 3 0 0 0 0 0 4 0 0 0 0 0 0 493 0 0 0 0 0 0
"269" 269 0.17880794702 0 0 11 0 0 0 0 0 483 0 1 0 0 0 5 0 0 0 0 0
"270" 270 0.0746268656716 40 0 0 0 181 0 0 0 0 0 0 0 0 0 0 0 0 276 0 3
"271" 271 0.557213930348 0 0 0 0 0 6 404 0 0 0 0 0 1 0 0 0 5 84 0 0
"272" 272 0.258620689655 2 0 0 0 0 0 5 0 14 0 0 0 0 5 0 0 452 21 0 1
"273" 273 0.350574712644 0 0 0 0 0 88 400 0 0 0 0 0 0 0 10 0 0 2 0 0
"274" 274 0.824817518248 0 0 3 0 38 453 0 0 0 0 0 0 0 0 0 0 0 6 0 0
"275" 275 1.0 0 0 463 0 0 0 0 20 0 0 0 17 0 0 0 0 0 0 0 0
