"site" "RSA" "aa1" "aa2" "aa3" "aa4" "aa5" "aa6" "aa7" "aa8" "aa9" "aa10" "aa11" "aa12" "aa13" "aa14" "aa15" "aa16" "aa17" "aa18" "aa19" "aa20"
"0" 0 0.821705426357 0 24 20 78 109 34 0 73 7 7 38 22 1 0 8 3 0 18 11 47
"1" 1 0.789743589744 0 54 30 50 22 45 1 81 23 2 33 12 5 72 16 2 3 37 0 12
"2" 2 0.197674418605 0 0 12 1 0 0 0 18 445 0 22 1 0 0 0 0 0 0 0 1
"3" 3 0.0384615384615 0 0 0 0 0 0 0 0 0 0 0 500 0 0 0 0 0 0 0 0
"4" 4 0.211920529801 0 30 14 30 8 34 14 0 12 31 68 11 10 52 7 11 34 12 104 18
"5" 5 0.0 0 0 0 0 0 0 0 0 0 0 0 0 0 500 0 0 0 0 0 0
"6" 6 0.0114942528736 0 0 0 0 0 0 34 0 0 0 0 0 0 1 0 0 465 0 0 0
"7" 7 0.0298507462687 0 0 0 0 0 0 1 0 0 0 0 0 0 499 0 0 0 0 0 0
"8" 8 0.0 0 0 0 0 0 0 0 0 0 0 0 0 0 499 0 0 1 0 0 0
"9" 9 0.211678832117 0 0 1 0 1 17 0 0 1 0 0 0 0 17 457 0 0 0 0 6
"10" 10 0.0574162679426 0 0 0 0 0 0 0 0 0 0 0 0 500 0 0 0 0 0 0 0
"11" 11 0.0192307692308 0 0 0 0 0 0 0 0 0 0 0 500 0 0 0 0 0 0 0 0
"12" 12 0.321428571429 0 0 5 3 28 52 8 0 88 0 6 0 0 1 30 0 3 276 0 0
"13" 13 0.0 0 0 471 0 0 0 0 0 6 0 18 5 0 0 0 0 0 0 0 0
"14" 14 0.388601036269 0 24 2 28 55 108 9 0 5 7 50 0 1 37 40 3 21 86 8 16
"15" 15 0.13829787234 0 0 1 0 0 0 0 0 2 16 0 1 0 1 0 468 0 1 9 1
"16" 16 0.34358974359 0 478 2 1 0 0 0 0 7 0 5 1 1 0 0 0 0 5 0 0
"17" 17 0.441860465116 0 4 27 7 49 55 0 0 9 0 235 14 3 8 15 0 5 39 3 27
"18" 18 0.532338308458 0 13 4 67 88 86 0 0 0 4 9 4 4 92 24 0 0 79 5 21
"19" 19 0.307692307692 0 43 1 127 15 234 0 0 0 0 0 25 8 2 28 0 0 11 5 1
"20" 20 0.174129353234 0 0 0 0 6 58 0 0 0 1 0 0 0 330 102 1 0 1 0 1
"21" 21 0.00836820083682 0 0 0 0 0 0 0 0 0 500 0 0 0 0 0 0 0 0 0 0
"22" 22 0.0697674418605 0 0 292 0 0 0 0 0 144 0 8 40 0 0 15 0 1 0 0 0
"23" 23 0.00961538461538 0 0 0 0 0 0 0 0 0 0 0 500 0 0 0 0 0 0 0 0
"24" 24 0.00709219858156 0 0 0 0 0 0 0 0 0 0 0 0 0 0 0 500 0 0 0 0
"25" 25 0.114942528736 0 7 10 11 21 0 6 0 3 5 8 0 12 6 0 4 374 5 11 17
"26" 26 0.186528497409 0 499 0 1 0 0 0 0 0 0 0 0 0 0 0 0 0 0 0 0
"27" 27 0.0804597701149 0 0 12 1 210 0 36 0 83 0 12 3 0 0 0 0 125 15 0 3
"28" 28 0.163461538462 0 25 51 4 16 2 2 0 91 0 5 218 2 3 2 0 3 64 0 12
"29" 29 0.109452736318 0 0 0 0 0 0 0 0 0 0 0 0 0 500 0 0 0 0 0 0
"30" 30 0.104651162791 0 0 128 0 1 0 0 0 369 0 2 0 0 0 0 0 0 0 0 0
"31" 31 0.683937823834 0 124 23 43 48 42 3 1 31 0 55 11 1 16 10 6 14 66 1 5
"32" 32 0.502109704641 0 60 5 25 17 15 4 0 7 0 16 4 5 20 240 0 5 69 2 6
"33" 33 0.0 0 0 0 0 0 0 0 0 0 0 0 500 0 0 0 0 0 0 0 0
"34" 34 0.349775784753 0 1 2 5 54 252 20 0 0 0 11 0 0 5 62 0 10 36 0 42
"35" 35 0.418604651163 0 23 32 55 60 52 2 0 38 3 75 8 13 20 23 13 0 60 10 13
"36" 36 0.142857142857 0 4 0 1 70 9 0 0 0 0 3 0 1 10 3 2 0 392 4 1
"37" 37 0.0077519379845 0 0 1 0 0 0 0 0 0 0 495 4 0 0 0 0 0 0 0 0
"38" 38 0.310344827586 0 1 2 13 46 194 17 0 0 1 12 1 0 92 32 0 3 61 0 25
"39" 39 0.35401459854 0 20 5 22 29 67 9 0 4 4 21 3 3 30 72 5 9 118 54 25
"40" 40 0.0 0 0 57 0 0 0 0 0 0 0 438 5 0 0 0 0 0 0 0 0
"41" 41 0.0 0 0 0 0 0 0 0 0 0 0 0 500 0 0 0 0 0 0 0 0
"42" 42 0.339285714286 0 11 4 14 44 142 31 0 5 2 21 0 6 63 39 33 7 68 1 9
"43" 43 0.0547263681592 0 3 0 0 4 1 3 0 0 4 1 0 0 478 0 0 0 0 5 1
"44" 44 0.0152284263959 0 0 0 0 1 0 168 0 0 0 0 0 0 327 0 0 4 0 0 0
"45" 45 0.248062015504 0 3 53 1 23 88 0 0 0 1 200 5 1 17 20 0 0 79 3 6
"46" 46 0.526785714286 0 56 7 39 38 85 7 0 3 0 46 1 2 64 36 8 1 61 2 44
"47" 47 0.435406698565 0 1 2 52 101 164 0 0 13 0 4 2 85 0 9 0 0 29 0 38
"48" 48 0.683937823834 0 29 6 258 80 47 0 0 0 5 2 17 22 0 12 0 0 17 5 0
"49" 49 0.0646766169154 0 0 0 15 24 1 0 0 1 39 3 8 38 342 0 1 0 4 24 0
"50" 50 0.248756218905 0 2 0 5 32 15 0 0 0 156 12 2 17 86 50 0 0 12 110 1
"51" 51 0.0125786163522 0 0 0 0 0 0 0 500 0 0 0 0 0 0 0 0 0 0 0 0
"52" 52 0.316062176166 0 492 0 0 1 0 0 0 0 0 1 0 4 0 0 0 0 2 0 0
"53" 53 0.0287356321839 0 0 2 0 0 0 3 0 16 0 1 0 0 0 2 0 476 0 0 0
"54" 54 0.0248756218905 0 0 1 0 0 0 1 0 0 0 4 0 0 493 0 0 1 0 0 0
"55" 55 0.0304182509506 0 0 0 0 0 0 0 0 0 63 0 0 0 0 0 0 0 0 437 0
"56" 56 0.0 0 0 7 0 0 0 1 0 467 0 0 0 0 0 0 0 25 0 0 0
"57" 57 0.0 0 0 498 0 0 0 0 0 0 0 0 2 0 0 0 0 0 0 0 0
"58" 58 0.169154228856 0 30 1 14 5 27 0 0 9 0 2 1 0 381 1 0 4 9 0 16
"59" 59 0.0 0 0 2 8 3 0 0 0 0 0 10 0 1 473 0 0 1 0 0 2
"60" 60 0.467153284672 0 1 67 4 3 4 0 0 7 0 3 2 0 2 398 0 0 1 0 8
"61" 61 0.0182481751825 0 0 5 0 0 0 0 0 0 0 10 0 0 0 485 0 0 0 0 0
"62" 62 0.0 0 0 199 0 0 0 0 0 4 0 297 0 0 0 0 0 0 0 0 0
"63" 63 0.213197969543 0 0 2 0 298 10 99 0 0 0 1 0 0 4 5 2 13 56 1 9
"64" 64 0.279069767442 0 11 4 14 70 19 51 0 38 2 33 2 2 173 6 9 2 41 4 19
"65" 65 0.00581395348837 0 0 9 0 0 0 0 0 320 0 171 0 0 0 0 0 0 0 0 0
"66" 66 0.0 0 0 7 0 0 0 0 0 0 0 490 3 0 0 0 0 0 0 0 0
"67" 67 0.459330143541 0 15 8 4 14 50 23 0 25 72 21 1 2 13 10 15 2 38 153 34
"68" 68 0.1592039801 0 3 0 1 5 1 0 0 0 33 3 0 6 347 1 7 1 27 64 1
"69" 69 0.0077519379845 0 0 8 0 0 0 0 0 0 0 490 2 0 0 0 0 0 0 0 0
"70" 70 0.0348258706468 0 0 1 0 0 0 0 0 0 0 1 0 0 498 0 0 0 0 0 0
"71" 71 0.440414507772 0 1 19 3 25 103 0 0 30 6 57 2 5 86 29 3 0 59 25 47
"72" 72 0.271523178808 0 10 7 10 126 44 0 0 12 0 74 2 1 0 38 1 1 71 1 102
"73" 73 0.062015503876 0 0 1 0 0 0 0 0 0 0 495 4 0 0 0 0 0 0 0 0
"74" 74 0.632124352332 0 41 5 247 22 30 0 0 0 0 3 75 36 3 9 0 0 22 5 2
"75" 75 0.186131386861 0 0 0 0 1 0 0 0 0 0 0 0 0 0 496 0 0 0 0 3
"76" 76 0.34328358209 0 0 46 3 6 19 91 0 0 0 57 6 3 213 10 28 3 6 8 1
"77" 77 0.631205673759 0 49 53 52 72 22 3 0 20 4 8 10 21 15 4 101 1 46 11 8
"78" 78 0.0355329949239 0 0 0 0 3 0 480 0 3 0 7 1 0 0 0 0 5 0 0 1
"79" 79 0.408805031447 0 2 0 0 2 1 0 490 0 0 1 1 0 0 0 0 0 3 0 0
"80" 80 0.270114942529 0 0 69 1 27 17 17 0 135 0 73 4 0 0 5 1 95 22 1 33
"81" 81 0.514598540146 0 0 4 5 9 20 2 0 0 91 5 0 19 6 41 2 3 0 286 7
"82" 82 0.416058394161 0 1 87 6 15 35 0 0 1 1 211 5 3 0 85 3 0 6 2 39
"83" 83 0.0860927152318 0 8 312 6 0 2 0 0 144 0 13 1 14 0 0 0 0 0 0 0
"84" 84 0.156028368794 0 0 0 0 0 0 0 0 0 0 0 0 0 0 0 498 0 0 2 0
"85" 85 0.266423357664 0 0 14 1 0 0 0 0 58 0 17 0 0 0 409 0 0 1 0 0
"86" 86 0.00497512437811 0 31 5 213 91 0 0 0 0 0 61 2 0 86 0 0 0 11 0 0
"87" 87 0.0 0 87 39 107 1 0 0 0 9 0 252 5 0 0 0 0 0 0 0 0
"88" 88 0.0982142857143 0 1 0 0 1 0 0 0 0 0 2 0 0 0 0 0 0 496 0 0
"89" 89 0.0182481751825 0 0 1 0 26 2 0 0 0 0 1 1 0 0 454 0 0 0 0 15
"90" 90 0.00956937799043 0 0 0 0 0 0 0 0 0 0 0 0 500 0 0 0 0 0 0 0
"91" 91 0.06463878327 0 0 0 1 23 0 0 0 0 231 0 0 14 0 0 1 0 0 229 1
"92" 92 0.0 0 0 0 0 0 0 0 0 0 0 0 500 0 0 0 0 0 0 0 0
"93" 93 0.302325581395 0 9 150 3 6 3 57 0 2 0 205 8 1 1 1 3 24 27 0 0
"94" 94 0.0298507462687 0 0 0 0 0 0 0 0 0 0 0 0 0 499 0 0 0 0 0 1
"95" 95 0.00896860986547 0 0 0 0 493 0 4 0 0 0 0 0 0 0 0 0 0 3 0 0
"96" 96 0.144230769231 0 0 0 0 0 0 0 0 0 0 0 500 0 0 0 0 0 0 0 0
"97" 97 0.313432835821 0 2 6 34 88 60 1 0 3 12 10 1 4 125 66 4 2 19 44 19
"98" 98 0.227979274611 0 14 6 70 68 89 14 1 21 3 3 0 7 7 46 0 23 112 1 15
"99" 99 0.160337552743 0 0 0 0 46 399 2 0 0 0 3 0 0 0 14 0 0 18 0 18
"100" 100 0.434108527132 0 52 10 16 27 20 2 0 26 0 19 14 0 14 3 1 12 276 2 6
"101" 101 0.678571428571 0 11 11 4 22 103 1 0 5 4 72 5 4 59 11 20 1 99 10 58
"102" 102 0.046511627907 0 0 5 0 0 0 5 0 428 0 37 0 0 0 0 0 25 0 0 0
"103" 103 0.42194092827 0 0 0 0 23 260 0 0 1 0 41 0 1 0 126 0 0 30 0 18
"104" 104 0.682170542636 0 35 8 42 53 90 43 0 21 0 55 3 2 32 26 1 6 56 5 22
"105" 105 0.693430656934 0 27 3 9 67 54 67 0 28 0 16 2 0 59 59 3 30 60 0 16
"106" 106 0.38783269962 0 0 1 3 3 2 0 0 6 84 0 0 8 1 2 1 0 2 385 2
"107" 107 0.269230769231 0 0 0 0 0 0 0 0 0 0 0 500 0 0 0 0 0 0 0 0
"108" 108 0.625 0 60 8 4 7 25 6 10 48 0 28 8 2 10 7 0 4 268 3 2
"109" 109 0.6875 0 70 10 15 19 81 18 0 66 3 27 17 7 23 10 1 20 101 4 8
"110" 110 0.345291479821 0 9 2 39 41 53 19 0 58 0 20 1 0 2 55 0 130 18 0 53
"111" 111 0.108786610879 0 0 0 0 0 0 0 0 0 245 4 1 1 0 0 18 0 0 231 0
"112" 112 0.426605504587 0 2 11 22 13 203 0 0 7 1 9 1 0 105 59 8 1 26 4 28
"113" 113 0.31007751938 0 15 7 33 20 24 113 0 45 0 38 2 0 30 35 2 3 57 0 76
"114" 114 0.0709219858156 0 0 0 1 0 0 0 0 1 2 1 0 0 0 0 492 0 0 3 0
"115" 115 0.153284671533 0 0 9 2 157 26 0 0 18 0 78 6 3 23 19 1 13 103 1 41
"116" 116 0.120437956204 0 3 15 23 22 16 0 0 157 38 0 1 86 44 8 16 0 10 50 11
"117" 117 0.23178807947 0 0 251 0 0 0 0 0 0 0 224 25 0 0 0 0 0 0 0 0
"118" 118 0.106463878327 0 0 0 0 1 0 0 0 1 203 1 0 1 0 0 7 8 1 276 1
"119" 119 0.538860103627 0 115 128 143 0 10 0 0 4 7 21 14 7 0 9 2 1 4 35 0
"120" 120 0.529069767442 0 6 4 11 114 8 136 0 15 6 2 0 7 9 7 2 137 16 14 6
"121" 121 0.276729559748 0 0 3 0 0 1 0 484 0 0 11 0 1 0 0 0 0 0 0 0
"122" 122 0.0125786163522 0 0 0 0 0 0 0 500 0 0 0 0 0 0 0 0 0 0 0 0
"123" 123 0.345911949686 0 1 0 0 0 0 0 499 0 0 0 0 0 0 0 0 0 0 0 0
"124" 124 0.534591194969 0 0 0 0 0 0 0 499 0 0 1 0 0 0 0 0 0 0 0 0
"125" 125 0.0456852791878 0 0 6 0 0 0 422 0 0 0 40 3 0 0 0 0 27 0 0 2
"126" 126 0.65625 0 11 5 12 69 75 34 0 59 13 9 1 6 26 11 2 67 60 34 6
"127" 127 0.518248175182 0 15 47 10 11 56 4 211 14 1 54 11 0 3 19 0 4 26 0 14
"128" 128 0.615384615385 0 0 0 0 0 0 0 0 0 0 0 500 0 0 0 0 0 0 0 0
"129" 129 0.198675496689 0 1 403 0 0 0 0 0 0 0 52 44 0 0 0 0 0 0 0 0
"130" 130 0.744394618834 0 42 7 26 74 173 9 4 38 0 38 0 0 15 18 0 8 42 0 6
"131" 131 0.255230125523 0 0 1 3 0 0 0 0 1 158 1 0 3 0 0 7 0 0 325 1
"132" 132 0.0993377483444 0 0 412 0 0 0 0 0 0 0 88 0 0 0 0 0 0 0 0 0
"133" 133 0.0582959641256 0 0 1 5 400 0 0 0 58 0 1 0 0 0 1 0 29 5 0 0
"134" 134 0.181347150259 0 193 75 3 113 6 0 0 34 0 34 10 1 0 10 0 19 1 0 1
"135" 135 0.62015503876 0 41 24 74 138 32 2 0 80 0 5 16 17 33 14 0 4 15 1 4
"136" 136 0.284974093264 0 497 0 3 0 0 0 0 0 0 0 0 0 0 0 0 0 0 0 0
"137" 137 0.704402515723 0 29 24 13 12 19 1 319 6 3 26 7 1 10 5 6 2 11 2 4
"138" 138 0.419708029197 0 0 1 0 1 0 0 0 0 0 0 0 0 0 497 0 0 1 0 0
"139" 139 0.00760456273764 0 0 0 1 0 0 0 0 0 206 0 0 4 0 0 0 0 0 289 0
"140" 140 0.472868217054 0 3 152 1 60 56 2 0 0 0 149 25 0 5 12 0 1 21 1 12
"141" 141 0.870466321244 0 81 121 56 18 41 1 0 19 0 45 16 22 10 19 0 1 36 3 11
"142" 142 0.284263959391 0 0 0 0 0 0 499 0 1 0 0 0 0 0 0 0 0 0 0 0
"143" 143 0.586538461538 0 0 0 0 0 0 0 0 0 0 0 500 0 0 0 0 0 0 0 0
"144" 144 0.0384615384615 0 0 0 0 0 0 0 0 0 0 0 500 0 0 0 0 0 0 0 0
"145" 145 0.153846153846 0 0 0 0 0 0 0 0 0 0 0 500 0 0 0 0 0 0 0 0
"146" 146 0.245283018868 0 17 4 1 1 0 0 471 0 0 3 0 0 0 0 0 0 2 1 0
"147" 147 0.174129353234 0 10 1 26 20 10 0 0 1 2 6 0 0 197 212 0 0 11 4 0
"148" 148 0.145348837209 0 0 55 0 0 0 0 0 412 0 33 0 0 0 0 0 0 0 0 0
"149" 149 0.0223214285714 0 0 0 0 9 0 0 0 0 0 1 0 0 0 0 0 0 487 0 3
"150" 150 0.0126582278481 500 0 0 0 0 0 0 0 0 0 0 0 0 0 0 0 0 0 0 0
"151" 151 0.0199004975124 0 2 1 8 28 5 118 0 11 2 12 0 22 161 12 0 28 6 1 83
"152" 152 0.147286821705 0 2 5 1 26 119 0 0 0 1 49 4 14 1 12 2 0 248 1 15
"153" 153 0.336787564767 0 225 13 8 61 16 0 0 30 0 70 1 10 0 16 0 7 33 1 9
"154" 154 0.0 0 0 0 0 2 0 0 0 1 0 7 0 0 0 0 0 490 0 0 0
"155" 155 0.183908045977 0 0 0 0 6 6 212 0 6 19 17 0 0 0 5 5 71 132 14 7
"156" 156 0.550387596899 0 12 15 42 23 104 1 0 1 0 37 4 4 26 148 0 1 58 2 22
"157" 157 0.0547445255474 0 3 0 2 4 1 0 0 0 1 0 0 1 2 481 0 0 4 1 0
"158" 158 0.0167364016736 0 0 1 0 0 0 0 0 2 271 3 0 108 0 0 0 0 0 115 0
"159" 159 0.238805970149 0 0 1 1 1 0 44 0 0 0 2 0 0 436 0 0 11 0 0 4
"160" 160 0.352201257862 0 4 1 2 0 0 0 493 0 0 0 0 0 0 0 0 0 0 0 0
"161" 161 0.121673003802 0 0 0 0 0 0 0 0 0 360 0 0 2 0 0 37 0 0 101 0
"162" 162 0.00836820083682 0 0 0 0 0 0 0 0 0 350 0 0 0 0 0 1 0 0 149 0
"163" 163 0.348837209302 0 4 17 31 31 32 22 0 107 4 17 3 3 20 52 2 44 13 0 98
"164" 164 0.694300518135 0 22 40 63 67 53 2 0 79 0 13 5 3 79 22 2 1 31 4 14
"165" 165 0.316091954023 0 0 3 0 10 19 80 0 5 2 1 0 4 0 0 0 357 2 17 0
"166" 166 0.0 0 0 0 0 0 0 488 0 0 0 0 0 0 0 0 0 12 0 0 0
"167" 167 0.103448275862 0 1 10 5 27 16 0 0 5 0 175 2 0 10 6 94 31 85 1 32
"168" 168 0.375 0 19 16 56 52 78 15 0 24 0 56 10 4 41 43 3 17 47 3 16
"169" 169 0.139896373057 0 435 0 0 0 2 0 0 0 29 10 1 0 0 0 10 0 1 11 1
"170" 170 0.0 0 0 0 0 0 0 1 0 0 0 0 0 0 499 0 0 0 0 0 0
"171" 171 0.405109489051 0 26 7 31 37 104 1 0 6 0 135 13 20 43 30 6 0 21 10 10
"172" 172 0.494252873563 0 34 2 164 53 38 3 0 7 6 7 11 5 50 47 3 10 30 9 21
"173" 173 0.278846153846 0 0 0 0 0 0 0 0 0 0 0 500 0 0 0 0 0 0 0 0
"174" 174 0.345991561181 0 0 1 18 6 214 0 0 0 27 16 1 17 37 78 6 0 2 66 11
"175" 175 0.133720930233 0 0 0 21 0 5 283 0 35 0 0 0 2 0 5 0 143 0 0 6
"176" 176 0.0 0 0 0 0 0 0 0 0 2 0 0 0 0 0 0 0 498 0 0 0
"177" 177 0.00497512437811 0 0 0 0 0 0 0 0 0 0 0 0 0 500 0 0 0 0 0 0
"178" 178 0.0 0 0 0 0 0 0 468 0 0 0 0 0 0 5 0 0 27 0 0 0
"179" 179 0.0 0 0 0 0 0 0 0 0 0 0 0 0 0 0 0 0 500 0 0 0
"180" 180 0.0077519379845 0 0 14 0 0 0 0 0 0 0 356 130 0 0 0 0 0 0 0 0
"181" 181 0.0 0 0 0 0 0 0 0 0 2 0 1 1 496 0 0 0 0 0 0 0
"182" 182 0.0288461538462 0 2 1 0 1 6 2 0 0 2 4 446 5 5 7 1 1 15 2 0
"183" 183 0.0615384615385 0 95 216 27 3 0 0 0 62 0 51 2 28 0 1 0 0 15 0 0
"184" 184 0.00662251655629 0 0 88 0 0 0 0 0 0 0 409 3 0 0 0 0 0 0 0 0
"185" 185 0.0248756218905 0 0 0 2 1 0 9 0 0 0 0 0 0 488 0 0 0 0 0 0
"186" 186 0.014598540146 0 1 4 8 117 93 19 0 2 0 90 4 0 20 63 0 3 8 0 68
"187" 187 0.0077519379845 0 0 0 0 0 0 0 0 0 0 500 0 0 0 0 0 0 0 0 0
"188" 188 0.0 0 0 0 0 0 0 4 0 0 0 0 0 0 496 0 0 0 0 0 0
"189" 189 0.0172413793103 0 7 32 13 1 6 111 0 5 0 110 0 0 0 1 0 205 2 0 7
"190" 190 0.118143459916 0 0 3 0 265 147 0 0 0 0 41 0 0 0 24 1 0 5 0 14
"191" 191 0.296650717703 0 2 1 1 2 3 0 0 0 174 12 3 25 8 0 5 0 15 249 0
"192" 192 0.0547263681592 0 0 0 0 0 0 0 0 0 0 0 0 0 500 0 0 0 0 0 0
"193" 193 0.0414507772021 0 497 0 3 0 0 0 0 0 0 0 0 0 0 0 0 0 0 0 0
"194" 194 0.636771300448 0 24 8 105 247 26 0 0 0 2 2 16 33 4 13 1 0 11 5 3
"195" 195 0.0871559633028 0 0 0 1 15 45 0 0 0 4 18 0 2 287 17 1 0 1 7 102
"196" 196 0.390728476821 0 13 194 14 30 19 0 0 43 0 17 51 0 14 88 1 0 15 0 1
"197" 197 0.326424870466 0 84 15 19 62 90 0 4 0 0 107 1 0 0 26 1 0 82 0 9
"198" 198 0.766839378238 0 125 17 57 47 69 11 0 22 0 29 8 1 16 17 1 14 53 0 13
"199" 199 0.441964285714 0 104 9 5 97 35 1 0 11 0 66 1 2 8 7 1 0 152 0 1
"200" 200 0.0 0 0 17 1 0 0 392 0 0 0 31 0 0 0 0 0 59 0 0 0
"201" 201 0.275862068966 0 9 14 0 0 0 0 0 11 0 250 13 0 0 0 0 156 0 0 47
"202" 202 0.509615384615 0 36 105 76 34 82 0 0 16 0 27 3 0 48 18 3 0 20 3 29
"203" 203 0.203980099502 0 0 7 0 52 0 0 0 19 0 7 0 0 399 0 0 2 5 0 9
"204" 204 0.292307692308 0 0 1 6 1 123 116 0 4 11 1 0 5 82 48 1 81 0 20 0
"205" 205 0.0507614213198 0 0 0 0 0 0 332 0 2 0 0 0 4 43 0 0 119 0 0 0
"206" 206 0.0062893081761 0 0 0 0 0 0 0 499 0 0 0 1 0 0 0 0 0 0 0 0
"207" 207 0.273255813953 0 0 156 0 15 28 0 1 271 0 16 2 0 0 1 0 2 2 0 6
"208" 208 0.0480769230769 0 0 0 0 0 0 0 0 0 0 0 500 0 0 0 0 0 0 0 0
"209" 209 0.0812182741117 0 0 0 0 0 0 135 0 0 0 0 0 0 0 0 0 365 0 0 0
"210" 210 0.0 0 0 0 0 0 0 0 500 0 0 0 0 0 0 0 0 0 0 0 0
"211" 211 0.0248756218905 0 0 0 2 3 0 1 0 0 0 0 0 0 493 0 0 1 0 0 0
"212" 212 0.197080291971 0 0 1 0 3 1 0 0 5 0 6 0 1 204 228 1 36 4 4 6
"213" 213 0.00380228136882 0 0 0 0 0 0 0 0 0 14 0 0 0 0 0 0 0 0 486 0
"214" 214 0.227979274611 0 257 6 12 11 21 15 0 2 14 5 2 3 72 21 0 22 7 18 12
"215" 215 0.0646766169154 0 0 0 0 0 0 0 0 0 0 0 0 0 500 0 0 0 0 0 0
"216" 216 0.217616580311 0 435 2 27 0 1 0 0 0 0 0 35 0 0 0 0 0 0 0 0
"217" 217 0.543046357616 0 37 120 36 23 53 3 6 26 2 36 12 0 49 21 0 4 46 0 26
"218" 218 0.372093023256 0 50 9 232 41 34 0 0 12 5 4 16 23 25 11 0 0 16 15 7
"219" 219 0.0963302752294 0 4 1 49 5 0 0 0 0 156 2 203 43 24 2 0 0 0 5 6
"220" 220 0.558394160584 0 1 13 20 42 43 107 0 23 6 4 2 1 25 60 3 108 21 16 5
"221" 221 0.163522012579 0 0 0 0 0 0 0 500 0 0 0 0 0 0 0 0 0 0 0 0
"222" 222 0.567164179104 0 6 3 32 47 198 1 0 1 0 23 2 1 101 27 1 5 25 0 27
"223" 223 0.344827586207 0 1 10 6 23 24 128 0 24 14 1 1 2 71 12 0 159 4 18 2
"224" 224 0.518248175182 0 2 22 2 5 21 2 333 48 0 9 3 1 2 8 4 9 26 0 3
"225" 225 0.278846153846 0 0 0 0 0 0 0 0 0 0 0 500 0 0 0 0 0 0 0 0
"226" 226 0.125 0 0 0 0 0 0 0 0 0 0 0 500 0 0 0 0 0 0 0 0
"227" 227 0.273255813953 0 0 13 2 77 18 51 0 14 2 3 0 0 16 9 1 94 179 8 13
"228" 228 0.167300380228 0 0 0 0 0 0 0 0 0 309 2 0 0 0 0 0 0 0 189 0
"229" 229 0.0547263681592 0 10 1 15 1 0 0 0 9 5 35 3 5 373 0 0 0 2 1 40
"230" 230 0.295336787565 0 182 1 309 1 0 0 0 0 0 3 0 0 0 2 0 0 1 0 1
"231" 231 0.547169811321 0 0 1 0 1 0 2 482 0 0 4 0 0 2 2 1 0 4 0 1
"232" 232 0.325892857143 0 84 22 31 23 51 17 0 30 3 36 18 12 20 21 6 27 78 14 7
"233" 233 0.271317829457 0 32 15 9 101 33 0 0 7 0 156 15 0 22 29 8 0 59 2 12
"234" 234 0.0387596899225 0 0 0 0 0 0 0 0 0 0 499 0 0 0 0 0 0 0 1 0
"235" 235 0.542635658915 0 22 18 45 58 78 22 0 32 1 94 6 4 18 39 8 0 45 3 7
"236" 236 0.480620155039 0 35 8 43 46 94 10 0 4 2 34 6 2 66 46 2 12 58 2 30
"237" 237 0.125 0 0 0 0 0 0 0 0 0 0 1 499 0 0 0 0 0 0 0 0
"238" 238 0.240310077519 0 0 8 0 216 33 0 0 0 0 180 5 0 0 25 0 0 11 0 22
"239" 239 0.558139534884 0 61 15 63 53 49 5 0 28 0 95 9 3 13 30 10 0 52 6 8
"240" 240 0.635658914729 0 35 26 49 48 63 3 0 60 2 95 6 9 16 22 7 0 39 3 17
"241" 241 0.298850574713 0 154 19 30 73 0 5 0 5 0 29 1 2 9 0 0 17 147 0 9
"242" 242 0.899224806202 0 76 7 21 85 1 5 0 6 4 34 145 9 35 7 0 6 32 22 5
