"site" "RSA" "aa1" "aa2" "aa3" "aa4" "aa5" "aa6" "aa7" "aa8" "aa9" "aa10" "aa11" "aa12" "aa13" "aa14" "aa15" "aa16" "aa17" "aa18" "aa19" "aa20"
"0" 0 0.816513761468 0 0 0 0 0 0 0 0 0 0 0 0 0 11 0 0 0 0 0 14
"1" 1 0.384105960265 0 5 22 3 2 0 0 24 6 0 7 0 0 0 0 0 1 0 0 0
"2" 2 0.312820512821 0 0 0 12 10 29 0 0 6 0 0 0 2 0 28 0 1 1 0 0
"3" 3 0.0 5 0 0 0 0 0 2 0 3 0 3 0 0 1 0 0 128 0 0 1
"4" 4 0.121338912134 0 0 1 0 0 0 0 0 1 88 0 0 0 0 1 5 0 0 51 0
"5" 5 0.0 0 0 0 0 0 0 1 0 0 126 0 0 0 11 0 0 0 0 0 9
"6" 6 0.238341968912 0 131 0 1 2 5 0 0 1 0 0 1 1 0 0 0 0 5 0 0
"7" 7 0.0152284263959 1 0 0 0 0 0 92 1 1 0 0 0 0 5 0 0 40 0 0 8
"8" 8 0.0988372093023 2 2 38 5 7 11 0 0 40 0 19 1 0 1 3 0 2 16 0 1
"9" 9 0.320675105485 1 0 0 0 3 0 97 1 0 3 17 0 2 4 0 1 13 3 3 0
"10" 10 0.589743589744 0 38 0 18 1 0 0 0 0 0 3 86 0 0 0 0 0 1 0 0
"11" 11 0.576923076923 0 16 8 17 1 3 1 0 0 0 5 86 0 1 1 0 0 9 0 0
"12" 12 0.434108527132 0 4 5 4 18 34 0 4 11 0 10 1 1 0 8 0 5 42 0 1
"13" 13 0.74213836478 0 10 8 3 1 22 1 67 1 2 8 0 1 4 4 0 3 6 2 1
"14" 14 0.278606965174 0 0 6 0 3 3 17 3 6 0 61 1 0 27 0 0 15 5 0 1
"15" 15 0.269230769231 0 0 0 0 1 4 0 2 0 0 1 143 0 0 0 0 0 1 0 0
"16" 16 0.290697674419 0 0 0 0 1 8 0 1 5 1 0 0 1 1 132 0 0 2 0 0
"17" 17 0.0 0 0 0 0 0 0 114 0 0 0 0 0 0 6 0 0 30 0 0 3
"18" 18 0.354430379747 0 1 3 3 2 8 12 0 22 0 4 0 0 3 2 0 65 27 1 0
"19" 19 0.0 0 0 0 0 0 0 40 0 0 55 0 0 0 5 0 0 2 0 0 52
"20" 20 0.354430379747 0 0 0 6 5 11 0 0 2 0 1 40 0 5 2 0 0 81 0 2
"21" 21 0.0696517412935 0 0 0 0 0 0 1 0 0 0 0 0 0 151 0 0 3 0 0 1
"22" 22 0.196652719665 0 2 0 1 0 1 0 0 0 83 0 0 1 0 31 0 0 1 36 0
"23" 23 0.0984455958549 0 24 21 7 1 9 0 4 4 1 38 42 0 1 1 0 1 1 1 0
"24" 24 0.875647668394 0 108 5 12 2 20 0 0 1 0 0 1 2 0 0 0 0 5 0 0
"25" 25 0.183908045977 0 11 1 0 3 7 20 0 20 0 4 0 0 1 1 0 84 1 0 0
"26" 26 0.0 2 0 0 0 0 0 0 0 12 2 6 0 0 1 0 0 132 0 0 0
"27" 27 0.396226415094 0 0 0 0 0 0 0 156 0 0 0 0 0 0 0 0 0 0 0 0
"28" 28 0.573839662447 0 0 0 0 7 124 3 0 0 0 1 0 0 3 11 0 2 1 0 4
"29" 29 0.0 0 0 0 0 0 0 0 0 156 0 0 0 0 0 0 0 0 0 0 0
"30" 30 0.0 4 0 3 0 0 0 0 0 10 0 111 0 0 0 0 0 27 0 0 0
"31" 31 0.279069767442 0 2 0 3 1 13 0 0 1 0 9 0 0 0 7 0 0 120 0 0
"32" 32 0.0 0 1 1 154 0 0 0 0 0 0 0 0 0 0 0 0 0 0 0 0
"33" 33 0.0 0 0 0 0 0 0 0 0 0 155 0 0 0 0 0 0 1 0 0 0
"34" 34 0.0912408759124 1 0 0 0 0 9 2 0 0 1 5 0 0 2 123 0 6 2 4 1
"35" 35 0.031007751938 12 1 4 0 22 3 0 1 2 0 86 0 1 1 2 0 3 17 0 1
"36" 36 0.00497512437811 0 0 0 0 0 0 1 1 0 5 0 0 0 149 0 0 0 0 0 0
"37" 37 0.0126582278481 121 0 5 1 0 0 0 0 1 0 26 1 0 0 0 0 1 0 0 0
"38" 38 0.302325581395 0 0 2 1 1 8 2 0 130 0 4 0 0 1 2 0 2 3 0 0
"39" 39 0.278846153846 0 0 1 1 0 6 0 0 0 0 0 128 15 0 3 0 0 2 0 0
"40" 40 0.589285714286 0 8 2 2 4 2 0 5 3 0 2 0 0 0 0 0 1 126 1 0
"41" 41 0.485232067511 0 0 2 3 4 108 0 4 3 0 7 0 8 2 7 0 1 4 1 2
"42" 42 0.701923076923 0 1 3 1 0 5 0 6 3 0 0 134 0 0 1 0 2 0 0 0
"43" 43 0.238493723849 0 0 0 1 4 4 14 0 4 70 1 0 0 19 1 0 12 9 14 3
"44" 44 0.105769230769 1 0 5 0 1 0 0 0 5 0 1 139 4 0 0 0 0 0 0 0
"45" 45 0.0 0 0 0 0 0 0 0 0 0 30 0 0 0 1 1 0 0 0 124 0
"46" 46 0.511627906977 0 0 3 0 6 120 1 0 1 0 10 0 0 1 4 0 2 8 0 0
"47" 47 0.336538461538 0 7 1 15 0 4 0 0 0 0 1 126 0 0 0 0 0 1 1 0
"48" 48 0.046357615894 12 0 133 1 0 0 0 0 5 0 3 0 0 0 0 0 2 0 0 0
"49" 49 0.191387559809 5 0 28 1 1 29 26 15 21 1 5 4 3 2 6 0 9 0 0 0
"50" 50 0.0 0 0 0 0 0 0 2 0 0 154 0 0 0 0 0 0 0 0 0 0
"51" 51 0.11961722488 0 0 0 0 0 0 0 0 0 0 0 0 156 0 0 0 0 0 0 0
"52" 52 0.361313868613 0 0 0 0 0 0 0 0 0 0 0 0 0 0 156 0 0 0 0 0
"53" 53 0.00574712643678 2 0 0 0 0 0 59 0 0 0 0 0 0 1 0 0 94 0 0 0
"54" 54 0.121827411168 0 0 0 0 0 0 155 0 0 0 0 0 0 0 0 0 1 0 0 0
"55" 55 0.301886792453 0 1 1 1 2 38 0 107 2 0 0 0 0 1 3 0 0 0 0 0
"56" 56 0.663212435233 0 34 5 34 27 6 0 0 0 0 0 36 1 0 1 0 0 11 1 0
"57" 57 0.192468619247 0 0 0 0 0 0 0 0 0 155 0 0 0 1 0 0 0 0 0 0
"58" 58 0.0137614678899 0 0 0 0 0 0 0 0 0 0 0 0 0 1 0 0 1 0 0 154
"59" 59 0.0 52 0 0 1 0 0 60 0 0 0 10 0 0 27 0 0 5 0 0 1
"60" 60 0.139013452915 0 0 0 0 156 0 0 0 0 0 0 0 0 0 0 0 0 0 0 0
"61" 61 0.0 0 0 1 0 0 0 0 0 0 2 3 150 0 0 0 0 0 0 0 0
"62" 62 0.0 0 0 0 0 0 0 0 0 0 0 0 156 0 0 0 0 0 0 0 0
"63" 63 0.0103626943005 0 155 0 1 0 0 0 0 0 0 0 0 0 0 0 0 0 0 0 0
"64" 64 0.188284518828 0 0 0 0 0 0 13 0 3 139 0 0 0 0 0 0 0 0 1 0
"65" 65 0.488372093023 0 3 4 0 2 0 2 0 131 0 0 0 0 2 0 0 5 6 0 1
"66" 66 0.364341085271 1 0 3 54 3 20 0 1 2 1 13 1 9 2 40 0 1 3 0 2
"67" 67 0.201923076923 0 1 2 4 8 1 0 0 0 5 1 93 37 0 3 0 0 0 0 1
"68" 68 0.502564102564 0 53 1 96 1 1 0 0 2 0 0 1 0 1 0 0 0 0 0 0
"69" 69 0.298076923077 0 0 0 0 0 0 0 0 0 0 0 156 0 0 0 0 0 0 0 0
"70" 70 0.651162790698 0 0 3 0 0 2 2 0 136 0 1 0 0 0 6 0 1 0 5 0
"71" 71 0.173076923077 0 0 0 0 0 0 0 0 0 0 0 155 0 0 0 0 0 0 0 0
"72" 72 0.182692307692 1 0 7 0 0 0 0 0 0 0 0 147 0 0 0 0 0 0 0 1
"73" 73 0.35864978903 1 1 0 0 2 73 1 0 4 2 0 0 0 1 17 0 4 46 3 1
"74" 74 0.0198675496689 3 0 152 0 0 0 0 0 1 0 0 0 0 0 0 0 0 0 0 0
"75" 75 0.203045685279 0 0 0 0 0 0 151 0 0 0 0 0 0 0 0 0 5 0 0 0
"76" 76 0.406844106464 0 0 0 0 0 0 0 0 0 3 0 0 1 0 0 2 0 0 150 0
"77" 77 0.355769230769 0 0 0 0 0 0 0 0 0 0 0 154 0 0 2 0 0 0 0 0
"78" 78 0.573643410853 0 15 13 15 0 12 1 4 8 0 17 10 4 1 9 0 1 46 0 0
"79" 79 0.514767932489 0 1 1 3 1 115 1 1 9 0 1 0 0 0 21 0 0 0 1 1
"80" 80 0.100418410042 0 0 0 0 0 0 0 0 0 155 0 0 0 0 0 0 1 0 0 0
"81" 81 0.449612403101 0 17 0 9 2 12 0 29 0 0 35 0 0 0 5 0 0 47 0 0
"82" 82 0.124352331606 0 156 0 0 0 0 0 0 0 0 0 0 0 0 0 0 0 0 0 0
"83" 83 0.236607142857 0 1 0 0 0 0 0 0 0 0 0 0 0 0 0 0 0 155 0 0
"84" 84 0.235897435897 0 2 10 139 0 2 0 0 1 0 0 2 0 0 0 0 0 0 0 0
"85" 85 0.334728033473 0 0 0 0 0 0 0 0 0 152 0 0 0 3 0 1 0 0 0 0
"86" 86 0.587443946188 0 10 5 5 14 48 11 1 17 1 7 0 1 1 1 0 10 23 0 1
"87" 87 0.218905472637 1 0 0 2 0 7 12 0 0 1 1 4 3 100 6 0 10 4 5 0
"88" 88 0.552742616034 0 0 4 5 2 115 1 1 7 0 1 1 2 0 13 0 3 1 0 0
"89" 89 0.0 0 0 0 0 1 0 0 1 0 0 0 0 154 0 0 0 0 0 0 0
"90" 90 0.420512820513 0 32 10 4 2 3 1 1 62 5 3 2 0 3 0 0 4 12 12 0
"91" 91 0.324894514768 1 0 5 0 3 20 0 0 4 0 3 80 2 0 24 0 3 5 0 1
"92" 92 0.37106918239 0 0 1 0 0 9 2 108 0 1 19 1 1 2 3 0 6 2 0 1
"93" 93 0.0192307692308 0 0 0 0 0 0 0 0 0 16 1 133 0 0 0 0 0 0 5 1
"94" 94 0.0199004975124 6 1 0 0 3 1 26 0 19 1 2 0 0 56 2 12 18 0 3 6
"95" 95 0.0 0 0 0 0 0 0 2 0 0 0 0 0 0 148 0 0 5 0 0 1
"96" 96 0.0 0 0 155 0 0 0 0 0 0 0 1 0 0 0 0 0 0 0 0 0
"97" 97 0.0 0 0 0 0 0 0 0 0 0 0 0 0 0 0 0 0 0 0 0 156
"98" 98 0.062015503876 0 0 0 0 0 0 0 0 0 0 155 0 0 0 0 0 1 0 0 0
"99" 99 0.225641025641 0 0 0 156 0 0 0 0 0 0 0 0 0 0 0 0 0 0 0 0
"100" 100 0.635658914729 3 0 27 0 1 0 0 0 2 0 118 0 0 0 4 0 0 0 1 0
"101" 101 0.240384615385 0 0 0 0 0 0 0 0 0 0 1 155 0 0 0 0 0 0 0 0
"102" 102 0.654088050314 0 0 1 0 2 15 0 115 0 0 9 0 0 0 12 0 1 1 0 0
"103" 103 0.476923076923 0 26 0 117 0 0 0 0 0 0 1 8 4 0 0 0 0 0 0 0
"104" 104 0.156976744186 0 0 9 0 0 0 0 0 147 0 0 0 0 0 0 0 0 0 0 0
"105" 105 0.0 0 0 0 155 1 0 0 0 0 0 0 0 0 0 0 0 0 0 0 0
"106" 106 0.0961538461538 0 1 4 1 0 0 0 0 1 0 0 148 0 1 0 0 0 0 0 0
"107" 107 0.00662251655629 5 0 150 0 0 0 0 0 0 0 1 0 0 0 0 0 0 0 0 0
"108" 108 0.103139013453 0 0 0 0 156 0 0 0 0 0 0 0 0 0 0 0 0 0 0 0
"109" 109 0.0 1 0 0 0 0 0 0 0 0 154 1 0 0 0 0 0 0 0 0 0
"110" 110 0.0209205020921 0 0 0 0 0 0 0 0 0 155 0 0 0 0 0 0 0 0 1 0
"111" 111 0.0 0 0 0 0 0 0 130 0 0 0 0 0 0 19 0 0 5 0 0 2
"112" 112 0.0 47 0 0 0 0 0 1 0 107 0 0 0 0 1 0 0 0 0 0 0
"113" 113 0.0988372093023 6 0 0 0 0 0 0 0 129 10 0 0 0 4 0 0 5 0 0 2
"114" 114 0.252873563218 0 4 3 1 1 10 7 0 10 0 33 4 0 0 2 0 71 9 0 1
"115" 115 0.390804597701 0 6 2 2 10 62 1 30 3 0 10 1 0 3 7 0 11 8 0 0
"116" 116 0.0 18 0 1 0 1 0 0 2 126 0 6 0 0 1 0 0 1 0 0 0
"117" 117 0.403973509934 0 17 37 3 1 1 0 64 10 0 4 0 0 0 0 0 0 19 0 0
"118" 118 0.535460992908 0 0 0 0 0 0 0 0 0 5 0 0 26 1 1 123 0 0 0 0
"119" 119 0.089552238806 0 0 0 0 0 0 0 0 0 0 0 0 0 156 0 0 0 0 0 0
"120" 120 0.238341968912 0 142 0 14 0 0 0 0 0 0 0 0 0 0 0 0 0 0 0 0
"121" 121 0.413461538462 0 0 2 12 0 2 0 0 0 2 0 137 0 0 0 0 0 0 1 0
"122" 122 0.540084388186 0 0 0 1 0 120 0 0 0 0 4 1 3 0 25 0 1 1 0 0
"123" 123 0.157894736842 0 0 0 1 0 0 0 0 0 0 0 0 155 0 0 0 0 0 0 0
"124" 124 0.0 2 0 0 0 0 0 0 0 9 0 0 0 0 0 0 0 145 0 0 0
"125" 125 0.0172413793103 0 0 0 0 0 0 0 0 0 0 2 0 0 0 0 0 154 0 0 0
"126" 126 0.0 0 0 1 0 0 0 0 0 0 154 0 0 0 0 0 0 0 0 0 0
"127" 127 0.0 0 0 0 0 0 0 0 0 0 0 0 154 0 0 0 0 0 0 0 0
"128" 128 0.205357142857 0 0 5 4 27 48 0 0 2 2 2 0 7 0 20 0 1 36 0 0
"129" 129 0.0862068965517 0 0 0 0 0 0 6 0 0 0 0 0 0 4 0 0 144 0 0 0
"130" 130 0.380710659898 0 0 2 0 1 6 40 1 15 0 7 0 0 29 0 0 50 1 0 2
"131" 131 0.481865284974 0 33 15 5 7 15 0 0 0 0 1 0 1 0 0 0 0 76 1 0
"132" 132 0.0288461538462 0 0 6 3 0 0 0 0 0 0 0 144 1 0 0 0 0 0 0 0
"133" 133 0.238532110092 0 0 0 1 6 9 3 1 0 9 1 0 0 15 3 1 0 2 13 90
"134" 134 0.625641025641 0 84 14 13 3 5 0 0 2 0 1 5 0 3 4 0 0 20 0 0
"135" 135 0.0287356321839 0 0 0 0 0 0 26 0 10 2 1 0 2 9 0 0 103 0 1 0
"136" 136 0.0 0 0 1 0 0 0 6 0 0 0 0 0 0 14 0 0 133 0 0 0
"137" 137 0.544303797468 0 8 4 2 7 56 0 0 4 1 2 0 2 1 54 0 0 8 2 2
"138" 138 0.255813953488 0 2 7 3 10 58 2 1 6 0 33 0 0 6 10 0 0 9 2 4
"139" 139 0.0 0 0 1 0 0 0 92 0 0 1 0 0 0 17 0 0 21 0 0 21
"140" 140 0.129464285714 0 0 0 0 1 4 0 0 0 0 1 0 0 0 0 0 0 147 0 0
"141" 141 0.488372093023 0 1 31 18 4 21 0 0 8 1 36 7 3 3 11 0 1 5 1 1
"142" 142 0.138392857143 6 0 4 5 18 9 4 1 16 10 6 0 1 20 1 0 27 7 11 6
"143" 143 0.0192307692308 0 1 3 0 4 9 0 16 7 0 4 97 0 0 1 0 1 8 0 0
"144" 144 0.165562913907 1 7 70 5 3 1 0 0 57 0 1 0 0 1 1 0 3 1 0 0
"145" 145 0.721153846154 0 8 21 5 33 14 0 13 2 0 6 26 3 0 9 0 0 7 2 2
"146" 146 0.562913907285 0 3 79 15 4 3 0 3 6 1 10 2 3 0 14 0 0 7 1 1
"147" 147 0.0192307692308 0 31 3 7 1 0 0 0 0 0 2 107 0 0 0 0 0 1 0 0
"148" 148 0.64135021097 1 3 9 3 9 63 0 0 13 0 17 1 0 0 26 0 3 1 0 1
"149" 149 0.188679245283 4 0 1 0 0 0 1 104 33 0 1 0 0 0 0 0 5 0 0 0
"150" 150 0.700729927007 1 2 33 5 1 37 1 0 13 1 4 0 1 10 19 0 14 1 0 3
"151" 151 0.0993377483444 3 2 9 3 14 54 1 1 7 1 19 2 6 4 3 0 7 8 0 2
"152" 152 0.368613138686 0 21 5 6 2 41 1 19 9 0 7 1 0 0 13 0 3 17 0 0
"153" 153 0.0 9 0 1 0 0 0 39 2 0 0 6 0 0 0 0 1 88 0 0 0
"154" 154 0.236607142857 0 0 5 0 0 33 13 0 22 0 6 0 0 6 6 0 39 11 1 4
"155" 155 0.0 0 0 0 0 0 0 130 0 1 0 0 0 0 1 0 0 14 0 0 0
"156" 156 0.356589147287 0 3 17 0 3 3 3 1 17 1 51 1 1 1 0 0 29 12 3 0
"157" 157 0.523206751055 0 77 7 22 3 11 0 0 0 0 10 1 1 0 0 0 0 14 0 0
"158" 158 0.107594936709 98 0 34 0 0 0 0 0 0 1 12 0 0 0 0 0 0 0 0 0
"159" 159 0.0769230769231 0 0 1 0 0 0 0 0 0 0 0 141 0 0 0 0 0 0 0 0
"160" 160 0.367816091954 0 0 0 0 8 0 1 0 3 0 6 0 0 2 0 0 11 9 0 1
"161" 161 0.645569620253 3 0 0 0 0 0 2 0 0 0 2 0 0 19 0 0 6 0 0 0
