"site" "RSA" "aa1" "aa2" "aa3" "aa4" "aa5" "aa6" "aa7" "aa8" "aa9" "aa10" "aa11" "aa12" "aa13" "aa14" "aa15" "aa16" "aa17" "aa18" "aa19" "aa20"
"0" 0 1.17054263566 1 0 12 0 0 0 0 0 0 0 36 1 0 0 0 0 0 0 0 0
"1" 1 0.273722627737 0 0 1 0 0 0 0 0 0 0 0 1 0 0 96 0 0 0 0 0
"2" 2 0.395348837209 0 0 1 0 11 58 0 0 13 0 0 0 2 0 13 0 0 0 0 0
"3" 3 0.0794979079498 0 0 1 0 0 1 0 10 0 83 2 1 0 3 0 0 0 0 4 0
"4" 4 0.0 4 0 0 0 0 0 7 0 0 75 0 0 0 10 0 6 5 0 0 0
"5" 5 0.0 0 0 0 0 0 0 7 0 0 0 0 0 0 0 0 0 100 0 0 0
"6" 6 0.0 0 0 0 0 0 0 0 0 0 0 8 97 0 0 0 0 1 0 0 3
"7" 7 0.0 0 0 0 0 0 0 0 0 0 0 2 107 0 0 0 0 0 0 0 0
"8" 8 0.0205128205128 0 0 0 111 0 0 0 0 0 0 0 0 0 0 0 0 0 0 0 0
"9" 9 0.00418410041841 0 0 0 0 0 0 0 0 0 30 0 0 1 0 0 79 0 0 1 0
"10" 10 0.253164556962 0 0 0 0 0 111 0 0 0 0 0 0 0 0 0 0 0 0 0 0
"11" 11 0.805970149254 45 0 0 0 0 0 0 0 0 0 2 0 0 8 0 0 0 0 0 56
"12" 12 0.389743589744 0 0 0 109 0 0 0 0 1 0 0 0 1 0 0 0 0 0 0 0
"13" 13 0.317307692308 0 0 0 2 0 1 0 3 1 0 1 100 0 3 0 0 0 0 0 0
"14" 14 0.264900662252 0 14 37 8 0 0 0 0 49 0 0 1 0 0 1 0 3 0 0 0
"15" 15 0.540084388186 0 0 3 0 4 44 5 0 10 2 5 3 0 17 11 0 8 1 1 0
"16" 16 0.708520179372 0 11 8 3 12 15 0 1 0 0 24 3 1 1 1 0 1 33 0 0
"17" 17 0.218543046358 0 6 65 0 13 2 0 0 2 4 3 2 1 2 1 0 1 10 0 2
"18" 18 0.0 0 0 0 5 1 2 48 0 6 0 8 0 0 14 0 0 27 0 1 2
"19" 19 0.379746835443 1 12 8 8 8 34 0 0 14 0 4 3 1 1 3 0 2 15 0 0
"20" 20 0.491071428571 0 12 15 1 4 23 0 2 9 0 11 6 1 1 0 0 1 29 0 0
"21" 21 0.0304568527919 0 0 0 0 0 0 52 0 0 1 0 0 2 60 0 0 0 0 0 0
"22" 22 0.0 10 0 2 0 0 0 36 0 3 1 2 0 0 9 0 0 51 0 0 1
"23" 23 0.285714285714 1 16 12 6 6 24 0 0 12 0 6 9 0 0 1 0 0 22 0 0
"24" 24 0.222627737226 1 3 8 19 0 0 1 0 18 9 9 10 2 5 4 1 7 10 0 8
"25" 25 0.0149253731343 0 0 0 0 0 0 5 0 0 10 0 0 0 95 0 1 2 0 0 2
"26" 26 0.138461538462 0 0 6 72 1 16 1 0 3 0 5 2 1 2 2 0 2 1 0 1
"27" 27 0.645348837209 0 8 14 7 10 20 0 1 13 0 22 5 0 0 1 0 0 14 0 0
"28" 28 0.124031007752 1 0 13 1 0 0 0 1 3 0 62 21 2 3 0 0 3 1 0 1
"29" 29 0.682119205298 0 12 16 6 9 21 2 12 9 0 6 1 2 0 0 0 2 13 0 1
"30" 30 0.0862944162437 1 2 0 2 0 1 22 0 2 5 1 3 0 53 3 0 16 0 0 0
"31" 31 0.125786163522 0 39 13 5 0 1 0 33 2 0 3 4 1 0 0 0 5 6 0 0
"32" 32 0.65625 0 19 14 1 3 10 1 29 5 1 11 4 3 0 2 0 1 10 0 0
"33" 33 0.553846153846 0 19 14 43 2 10 0 0 7 0 2 5 2 0 1 0 7 1 0 0
"34" 34 0.0459770114943 6 0 2 1 0 0 2 0 31 0 11 0 0 1 0 0 60 0 0 0
"35" 35 0.241071428571 0 20 0 0 6 0 0 0 1 0 1 1 0 0 0 0 0 85 0 0
"36" 36 0.0 3 0 0 0 0 0 7 0 2 0 0 0 0 0 0 0 102 0 0 0
"37" 37 0.0 0 0 0 0 0 0 4 0 0 1 7 0 0 3 0 0 95 0 4 0
"38" 38 0.0 5 0 0 0 0 0 41 0 0 0 0 0 0 3 0 0 65 0 0 0
"39" 39 0.0 11 0 21 0 0 0 0 0 0 4 59 19 0 0 0 0 0 0 0 0
"40" 40 0.0 8 0 1 0 0 0 1 91 1 0 5 0 0 0 0 0 7 0 0 0
"41" 41 0.106918238994 0 0 11 0 2 0 1 88 8 0 2 0 0 0 0 0 2 0 0 0
"42" 42 0.356589147287 0 0 18 1 4 0 0 2 5 28 42 0 4 0 0 0 1 1 6 1
"43" 43 0.697674418605 3 0 0 0 0 0 30 11 4 0 2 0 0 29 0 0 30 0 0 4
"44" 44 0.186311787072 0 1 0 0 0 0 0 0 0 15 1 0 20 0 0 1 0 0 76 0
"45" 45 0.0547263681592 0 0 0 0 0 0 21 0 0 0 7 1 0 81 0 0 4 0 0 0
"46" 46 0.528497409326 0 27 15 1 4 3 4 23 4 0 7 3 1 10 0 0 3 5 0 3
"47" 47 0.216730038023 1 1 7 1 15 2 3 3 7 10 2 1 4 21 2 2 1 3 25 3
"48" 48 0.0 1 0 5 0 0 0 3 0 18 0 29 1 0 5 0 0 50 0 0 1
"49" 49 0.247126436782 1 1 3 3 17 30 2 0 2 0 5 0 0 4 35 0 9 0 1 1
"50" 50 0.53642384106 0 9 25 6 10 5 0 0 1 0 15 6 2 0 3 0 0 30 0 1
"51" 51 0.0796019900498 2 0 12 8 6 19 11 0 5 0 4 0 5 23 3 0 4 8 0 2
"52" 52 0.155172413793 0 0 1 5 0 0 10 0 3 0 12 0 0 64 0 0 13 0 0 3
"53" 53 0.53164556962 0 11 2 7 3 19 0 19 5 0 3 1 0 0 7 0 0 4 0 0
"54" 54 0.189873417722 0 1 3 4 5 23 0 5 3 0 3 12 1 0 24 0 0 0 0 0
"55" 55 0.77358490566 1 9 15 1 4 11 0 24 4 0 16 3 1 0 1 0 0 0 0 0
"56" 56 0.152466367713 0 24 5 13 7 19 0 6 6 0 2 7 2 1 7 0 1 13 0 0
"57" 57 0.0632183908046 0 0 0 0 0 0 49 0 1 18 0 0 0 2 0 2 36 0 5 1
"58" 58 0.186046511628 0 1 10 1 15 10 0 0 3 1 16 24 6 2 3 0 3 17 1 1
"59" 59 0.0287356321839 0 0 0 0 0 0 17 0 1 0 2 0 0 10 0 1 84 0 0 0
"60" 60 0.0 1 0 31 0 0 0 0 0 0 0 64 19 0 0 0 0 0 0 0 0
"61" 61 0.015503875969 0 0 5 0 0 0 0 0 0 1 94 8 0 5 0 0 2 0 0 0
"62" 62 0.206278026906 0 0 0 0 111 0 0 0 0 0 0 0 0 0 0 0 0 4 0 0
"63" 63 0.0666666666667 0 12 0 102 0 0 0 0 0 0 0 0 0 0 0 0 0 0 0 0
"64" 64 0.015503875969 55 0 6 0 0 0 4 0 2 0 14 0 0 2 0 0 30 0 0 1
"65" 65 0.197718631179 0 3 12 3 0 0 3 0 0 15 0 1 2 0 0 30 0 0 45 0
"66" 66 0.134328358209 1 16 5 2 2 31 5 1 8 4 5 0 2 7 0 0 21 2 2 0
"67" 67 0.459915611814 0 0 4 5 7 39 1 0 8 1 3 8 0 0 6 0 24 8 0 0
"68" 68 0.147286821705 0 2 4 0 0 22 0 24 2 0 23 20 1 2 0 0 3 7 0 0
"69" 69 0.596026490066 2 2 26 27 2 24 0 3 2 0 1 20 1 0 0 0 1 0 1 3
"70" 70 0.605769230769 0 0 0 0 0 0 0 0 0 0 1 113 0 0 0 0 0 0 0 0
"71" 71 0.736434108527 0 0 0 0 0 0 0 0 0 0 114 0 0 0 0 0 0 0 0 0
"72" 72 0.322175732218 0 0 0 0 0 0 0 0 0 88 1 0 1 0 0 2 0 0 22 0
"73" 73 0.895348837209 0 0 0 0 0 0 0 0 113 0 1 0 0 0 0 0 0 0 0 0
"74" 74 0.673076923077 0 0 0 0 0 0 0 0 0 0 1 113 0 0 0 0 0 0 0 0
"75" 75 0.330357142857 0 1 2 0 0 0 0 0 0 0 0 0 0 0 1 0 0 110 0 0
"76" 76 0.297435897436 0 0 0 6 0 0 59 0 11 0 0 0 0 7 1 0 30 0 0 0
"77" 77 0.0529801324503 1 1 103 1 0 0 0 0 1 0 5 1 1 0 0 0 0 0 0 0
"78" 78 0.0 2 0 1 0 0 0 0 34 3 0 42 2 0 3 0 0 27 0 0 1
"79" 79 0.331606217617 0 11 10 3 7 3 0 3 3 1 28 4 1 1 0 0 0 40 0 0
"80" 80 0.511210762332 0 0 3 0 33 0 4 0 0 0 1 0 1 1 0 0 0 0 0 72
"81" 81 0.0152284263959 0 0 0 0 0 0 33 0 0 1 2 1 0 72 0 0 5 0 0 0
"82" 82 0.405063291139 0 0 2 2 5 65 2 0 0 0 7 2 2 6 4 0 16 1 0 0
"83" 83 0.689119170984 0 100 1 9 0 0 0 0 0 0 1 0 0 0 0 0 0 3 0 0
"84" 84 0.195402298851 10 0 5 4 1 1 17 0 0 8 17 0 0 28 0 0 14 1 2 6
"85" 85 0.211538461538 0 3 1 6 2 3 0 0 0 0 1 92 1 0 1 0 0 3 0 1
"86" 86 0.0077519379845 16 0 0 0 0 0 42 0 0 1 24 1 0 10 0 0 19 0 0 0
"87" 87 0.455696202532 0 12 3 13 5 18 0 24 11 0 1 2 7 0 1 0 0 17 0 0
"88" 88 0.0780141843972 2 0 0 0 0 0 0 0 3 0 0 0 2 0 0 89 0 0 18 0
"89" 89 0.00574712643678 0 0 1 0 0 0 6 0 18 0 6 0 0 0 0 0 83 0 0 0
"90" 90 0.010152284264 0 0 0 0 0 0 93 0 0 0 0 0 0 13 0 0 8 0 0 0
"91" 91 0.00995024875622 0 0 0 0 1 0 16 0 6 0 2 0 0 79 0 0 10 0 0 0
"92" 92 0.0 0 0 0 0 0 0 0 0 0 0 0 115 0 0 0 0 0 0 0 0
"93" 93 0.0526315789474 0 0 0 0 0 0 0 0 0 0 0 0 114 0 1 0 0 0 0 0
"94" 94 0.158940397351 0 0 114 0 0 0 0 0 1 0 0 0 0 0 0 0 0 0 0 0
"95" 95 0.303571428571 0 0 0 0 1 0 0 0 0 0 0 0 0 0 0 0 0 114 0 0
"96" 96 0.21897810219 0 0 0 0 0 0 0 0 0 0 0 0 0 0 115 0 0 0 0 0
"97" 97 0.14598540146 0 0 0 0 0 1 0 0 0 0 0 0 0 0 114 0 0 0 0 0
"98" 98 0.470198675497 0 3 15 15 14 0 0 0 20 0 11 3 18 2 2 1 6 5 0 0
"99" 99 0.642585551331 0 0 0 0 1 5 35 0 0 0 0 3 0 28 0 0 23 1 18 0
"100" 100 0.485355648536 4 0 0 1 0 0 9 1 0 52 0 1 3 23 0 0 0 0 12 4
"101" 101 0.736842105263 0 0 3 9 2 21 0 0 0 0 3 62 8 0 4 0 0 2 0 1
"102" 102 0.0625 0 1 0 0 0 0 0 0 0 0 0 0 0 0 0 0 0 114 0 0
"103" 103 0.476683937824 0 15 56 2 0 3 0 2 34 0 2 1 0 0 0 0 0 0 0 0
"104" 104 0.165803108808 0 78 10 25 0 1 0 1 0 0 0 0 0 0 0 0 0 0 0 0
"105" 105 0.409282700422 0 12 3 1 8 3 0 0 1 0 7 0 2 0 0 0 1 77 0 0
"106" 106 0.217573221757 0 0 1 2 4 0 8 0 6 36 0 0 0 39 0 1 12 4 0 2
"107" 107 0.00507614213198 1 0 2 0 0 0 50 0 1 0 1 0 0 2 0 0 58 0 0 0
"108" 108 0.0 0 0 4 3 0 0 0 0 1 0 78 28 0 0 1 0 0 0 0 0
"109" 109 0.243523316062 0 20 8 2 12 22 1 0 2 0 4 0 0 2 10 0 0 30 0 2
"110" 110 0.0126582278481 0 0 0 0 0 114 0 0 0 0 0 0 0 0 1 0 0 0 0 0
"111" 111 0.0 3 0 1 0 0 0 4 0 41 6 13 0 0 1 0 0 46 0 0 0
"112" 112 0.476793248945 1 0 2 2 2 42 1 0 0 0 44 4 1 3 6 0 2 5 0 0
"113" 113 0.205020920502 0 0 3 0 1 5 2 0 2 9 20 0 31 0 2 0 4 1 35 0
"114" 114 0.0232558139535 1 0 0 0 0 0 1 0 1 0 105 1 0 3 0 0 3 0 0 0
"115" 115 0.203980099502 2 0 0 0 2 3 20 0 1 0 0 0 0 80 2 0 4 0 0 1
"116" 116 0.538461538462 0 28 25 4 3 3 0 0 2 1 12 3 0 0 1 0 0 33 0 0
"117" 117 0.255605381166 3 0 17 12 20 12 0 0 4 0 14 9 5 4 0 0 1 13 1 0
"118" 118 0.615384615385 0 2 0 7 1 1 0 0 0 0 1 102 0 0 0 0 0 1 0 0
"119" 119 0.0172413793103 0 0 0 0 0 0 5 0 0 4 0 0 0 90 0 0 12 0 0 4
"120" 120 0.0769230769231 1 3 24 9 2 44 3 0 7 0 0 16 2 0 1 0 1 0 0 2
"121" 121 0.0 0 0 0 0 0 0 8 8 1 0 0 0 0 1 0 0 97 0 0 0
"122" 122 0.0 1 0 0 0 0 0 93 0 0 0 2 0 0 0 0 0 13 0 0 6
"123" 123 0.00497512437811 0 0 0 0 0 0 0 6 0 11 52 0 0 35 0 5 3 0 3 0
"124" 124 0.0 115 0 0 0 0 0 0 0 0 0 0 0 0 0 0 0 0 0 0 0
"125" 125 0.010152284264 10 0 0 0 0 0 81 0 0 0 0 0 0 2 0 0 22 0 0 0
"126" 126 0.0961538461538 0 0 0 0 0 0 0 0 0 0 0 115 0 0 0 0 0 0 0 0
"127" 127 0.00446428571429 0 0 0 0 0 0 0 0 0 0 0 0 0 0 0 0 0 115 0 0
"128" 128 0.209302325581 0 0 16 0 3 21 0 2 53 0 0 0 4 16 0 0 0 0 0 0
"129" 129 0.18407960199 0 0 0 1 0 6 2 0 0 0 0 0 0 101 1 0 0 4 0 0
"130" 130 0.571428571429 0 18 7 0 7 3 1 0 0 0 10 0 0 0 0 0 0 69 0 0
"131" 131 0.285714285714 0 4 0 0 20 0 0 0 3 0 3 0 0 0 0 0 0 85 0 0
"132" 132 0.26582278481 0 0 0 3 0 5 0 0 0 0 0 0 0 0 107 0 0 0 0 0
"133" 133 0.679324894515 0 0 0 3 3 9 1 0 0 0 0 0 0 1 0 0 0 98 0 0
"134" 134 0.511627906977 0 1 19 1 1 2 0 0 1 0 81 4 0 0 1 0 0 4 0 0
"135" 135 0.5 0 5 1 21 1 1 0 0 0 0 0 86 0 0 0 0 0 0 0 0
"136" 136 0.438818565401 0 1 4 6 16 46 4 0 9 0 1 0 3 0 11 0 5 9 0 0
"137" 137 0.145348837209 0 0 1 0 0 0 0 0 110 0 1 0 0 0 0 0 1 0 0 2
"138" 138 0.353233830846 0 2 1 12 5 2 12 0 3 5 6 1 0 19 1 1 6 27 0 12
"139" 139 0.440414507772 0 34 0 7 8 8 0 0 1 0 17 0 1 0 0 0 1 38 0 0
"140" 140 0.0344827586207 0 0 0 0 0 0 4 0 0 4 0 0 0 1 0 0 104 0 2 0
"141" 141 0.0229885057471 29 0 0 8 0 0 7 0 0 0 0 0 0 6 0 0 65 0 0 0
"142" 142 0.348214285714 0 3 9 1 3 4 1 0 13 27 21 0 0 4 3 0 5 16 5 0
"143" 143 0.408759124088 0 0 5 1 5 7 0 2 5 0 20 3 1 0 50 0 0 15 0 1
"144" 144 0.0403587443946 0 0 0 0 114 0 0 0 0 0 0 0 0 0 0 0 0 1 0 0
"145" 145 0.0 0 0 0 0 0 0 10 0 24 0 0 0 0 69 0 0 2 0 0 10
"146" 146 0.205128205128 1 13 4 10 8 46 0 0 2 0 14 2 1 0 3 0 0 11 0 0
"147" 147 0.15503875969 0 1 2 0 0 1 1 4 1 2 95 0 2 0 0 0 3 2 0 0
"148" 148 0.0172413793103 1 0 0 0 0 0 39 0 0 5 8 0 0 16 0 0 37 0 8 1
"149" 149 0.119402985075 0 0 4 2 0 7 8 0 1 0 68 1 0 14 3 0 7 0 0 0
"150" 150 0.602678571429 0 33 7 5 3 19 1 4 1 0 19 3 0 1 4 0 0 15 0 0
"151" 151 0.321428571429 0 4 1 13 3 41 2 1 4 1 8 5 4 2 5 0 5 16 0 0
"152" 152 0.0574712643678 0 0 0 0 0 2 40 1 1 0 3 1 0 23 0 0 42 1 0 0
"153" 153 0.831223628692 2 3 31 4 4 35 0 4 9 0 7 2 0 0 2 0 2 10 0 0
"154" 154 0.538860103627 1 74 6 9 3 5 0 2 1 0 5 1 0 0 0 0 0 8 0 0
"155" 155 0.0425531914894 0 0 0 0 1 0 0 0 0 5 0 0 0 4 0 103 0 0 0 1
"156" 156 0.575581395349 0 10 47 5 2 12 0 2 10 0 14 3 0 0 0 0 0 10 0 0
"157" 157 0.523076923077 0 7 2 44 3 40 0 1 1 0 0 3 3 0 10 0 0 1 0 0
"158" 158 0.0172413793103 0 0 1 0 0 0 28 0 1 1 4 1 0 4 0 0 74 0 0 1
"159" 159 0.0 0 0 2 0 0 0 2 0 0 0 1 0 0 0 0 0 110 0 0 0
"160" 160 0.0 0 0 0 0 0 0 74 0 0 0 0 0 0 19 0 0 22 0 0 0
"161" 161 0.0 0 0 0 0 0 0 0 1 0 0 114 0 0 0 0 0 0 0 0 0
"162" 162 0.00760456273764 0 0 0 0 0 0 0 0 0 0 0 0 0 0 0 0 0 0 115 0
"163" 163 0.0669642857143 0 0 0 0 0 0 0 0 0 0 0 0 0 0 0 0 0 115 0 0
"164" 164 0.0062893081761 0 0 0 0 0 0 0 115 0 0 0 0 0 0 0 0 0 0 0 0
"165" 165 0.241379310345 0 0 0 0 0 0 17 0 0 0 0 0 0 0 0 0 98 0 0 0
"166" 166 0.031914893617 0 0 0 0 0 0 0 0 0 0 0 0 0 0 0 115 0 0 0 0
"167" 167 0.131782945736 0 0 2 0 0 0 0 0 0 0 113 0 0 0 0 0 0 0 0 0
"168" 168 0.46192893401 0 0 0 0 0 0 115 0 0 0 0 0 0 0 0 0 0 0 0 0
"169" 169 0.865384615385 0 0 0 0 0 0 0 0 0 0 0 115 0 0 0 0 0 0 0 0
"170" 170 0.302325581395 0 0 0 0 0 0 0 0 115 0 0 0 0 0 0 0 0 0 0 0
"171" 171 0.75 0 0 0 0 0 0 0 0 0 0 0 115 0 0 0 0 0 0 0 0
"172" 172 0.442786069652 0 0 0 1 0 85 0 0 0 0 1 0 0 16 1 0 10 0 0 1
"173" 173 0.627906976744 0 0 4 0 0 0 1 0 44 0 7 0 0 0 0 0 58 0 0 0
"174" 174 0.193798449612 0 0 1 0 0 0 0 0 0 0 114 0 0 0 0 0 0 0 0 0
"175" 175 0.296511627907 0 0 18 0 0 0 0 0 95 0 0 0 1 0 1 0 0 0 0 0
"176" 176 0.100628930818 0 0 3 0 0 1 0 88 12 0 9 0 0 0 0 0 2 0 0 0
"177" 177 0.517857142857 0 7 3 0 22 0 0 0 0 0 22 1 0 0 0 0 1 59 0 0
"178" 178 0.243523316062 0 9 0 0 101 0 0 0 0 0 0 0 0 1 0 0 0 2 0 2
"179" 179 0.0077519379845 0 0 0 0 0 0 0 0 0 0 113 0 0 0 0 0 2 0 0 0
"180" 180 0.192825112108 0 0 0 0 109 0 0 0 0 0 0 0 0 0 0 0 0 5 0 0
"181" 181 0.502590673575 0 15 0 0 3 1 0 0 0 0 4 0 0 0 0 0 0 92 0 0
"182" 182 0.0659898477157 0 0 0 0 0 0 6 0 13 0 8 0 0 0 0 0 87 0 0 1
"183" 183 0.0 2 0 0 0 0 0 0 0 0 0 0 0 113 0 0 0 0 0 0 0
"184" 184 0.271317829457 0 5 4 3 4 13 0 0 0 1 50 2 3 4 1 0 7 16 2 0
"185" 185 0.291390728477 1 9 13 4 7 11 1 0 1 12 29 7 1 4 0 2 2 7 4 0
"186" 186 0.00507614213198 1 0 0 0 0 0 62 0 0 0 0 0 0 37 0 0 14 0 0 1
"187" 187 0.0693430656934 0 0 0 0 0 0 0 0 0 0 0 0 0 0 115 0 0 0 0 0
"188" 188 0.675105485232 0 13 11 5 8 43 0 0 1 0 14 8 1 0 3 0 0 8 0 0
"189" 189 0.117154811715 1 0 0 0 0 0 1 0 0 9 0 0 6 2 1 80 1 1 13 0
"190" 190 0.0 2 0 0 0 0 0 13 0 0 6 3 0 0 78 0 0 12 0 0 1
"191" 191 0.232558139535 1 1 15 4 2 27 0 0 9 0 36 7 3 1 6 0 2 1 0 0
"192" 192 0.549668874172 1 11 13 4 8 20 0 0 11 0 8 1 0 1 2 0 1 34 0 0
"193" 193 0.46835443038 0 1 3 45 3 28 0 0 1 0 7 0 6 1 1 0 2 4 1 2
"194" 194 0.208955223881 0 0 2 0 2 1 20 0 1 0 7 0 0 10 1 0 68 0 3 0
"195" 195 0.278846153846 1 8 78 7 0 0 0 1 0 0 0 20 0 0 0 0 0 0 0 0
"196" 196 0.60621761658 0 12 5 1 4 4 0 24 3 0 40 0 0 1 1 0 1 19 0 0
"197" 197 0.535864978903 0 27 8 4 10 12 0 0 2 0 21 3 1 0 0 0 0 27 0 0
"198" 198 0.31007751938 1 0 0 0 1 0 7 0 5 0 11 1 0 1 0 0 86 0 0 1
"199" 199 0.0077519379845 0 1 11 0 1 0 0 0 0 0 100 1 0 0 0 0 0 1 0 0
"200" 200 0.225165562914 0 19 14 8 12 7 0 0 1 0 15 4 0 0 0 0 0 34 0 1
"201" 201 0.540178571429 0 2 28 10 8 24 0 0 6 0 15 3 1 1 0 0 1 15 0 0
"202" 202 0.0398009950249 1 0 0 0 0 0 10 0 56 0 0 0 0 19 0 0 26 0 0 3
"203" 203 0.105839416058 0 0 1 0 2 0 3 0 1 0 0 0 0 0 108 0 0 0 0 0
"204" 204 0.0 0 0 0 0 0 0 105 0 0 0 0 0 0 0 0 0 10 0 0 0
"205" 205 0.0 0 0 0 0 18 0 54 0 0 0 0 0 0 34 0 0 6 0 0 3
"206" 206 0.0342205323194 0 0 0 0 0 0 0 0 0 0 0 0 0 0 0 0 0 0 115 0
"207" 207 0.125 0 0 0 0 0 0 0 0 0 0 0 115 0 0 0 0 0 0 0 0
"208" 208 0.0865384615385 0 0 0 0 0 0 0 0 0 0 0 115 0 0 0 0 0 0 0 0
"209" 209 0.549668874172 0 0 115 0 0 0 0 0 0 0 0 0 0 0 0 0 0 0 0 0
"210" 210 0.046511627907 0 0 0 0 0 0 0 0 0 0 9 0 0 0 0 0 103 0 0 3
"211" 211 0.241025641026 0 0 14 50 0 9 0 0 39 0 2 1 0 0 0 0 0 0 0 0
"212" 212 0.201923076923 0 3 3 0 0 0 0 8 0 0 51 38 0 0 0 0 0 12 0 0
"213" 213 0.708609271523 0 7 13 2 0 30 0 0 1 0 37 20 0 0 0 0 2 3 0 0
"214" 214 0.2 0 1 2 106 0 0 0 0 6 0 0 0 0 0 0 0 0 0 0 0
"215" 215 0.0077519379845 70 0 10 0 0 0 0 0 0 0 35 0 0 0 0 0 0 0 0 0
"216" 216 0.379310344828 1 2 2 7 2 41 0 7 1 0 22 6 1 2 12 0 5 4 0 0
"217" 217 0.354651162791 0 20 2 1 0 2 0 0 9 0 4 2 0 0 0 0 0 75 0 0
"218" 218 0.0167364016736 0 0 0 0 0 0 2 0 0 9 0 0 0 103 0 0 1 0 0 0
"219" 219 0.345991561181 0 0 11 0 0 7 5 0 0 8 65 10 0 6 0 0 0 0 3 0
"220" 220 0.699481865285 0 7 10 2 14 33 0 0 9 0 25 4 1 2 4 0 2 2 0 0
"221" 221 0.160337552743 8 0 0 2 49 30 0 0 0 2 1 2 0 4 1 0 0 10 0 6
"222" 222 0.573643410853 1 1 4 2 3 9 0 57 0 0 17 4 3 0 2 0 0 12 0 0
"223" 223 0.145077720207 0 112 0 3 0 0 0 0 0 0 0 0 0 0 0 0 0 0 0 0
"224" 224 0.00574712643678 0 0 0 0 0 0 62 0 0 0 0 0 0 3 0 0 50 0 0 0
"225" 225 0.0414507772021 0 112 0 3 0 0 0 0 0 0 0 0 0 0 0 0 0 0 0 0
"226" 226 0.0 0 0 0 0 0 0 0 0 0 0 0 115 0 0 0 0 0 0 0 0
"227" 227 0.0 0 0 0 0 0 0 0 0 0 105 4 6 0 0 0 0 0 0 0 0
"228" 228 0.0398009950249 0 0 0 0 0 0 0 0 0 0 0 0 0 115 0 0 0 0 0 0
"229" 229 0.0114942528736 0 0 0 0 0 0 5 0 0 0 0 0 0 0 0 0 110 0 0 0
"230" 230 0.173076923077 0 0 0 0 0 0 0 0 0 0 0 115 0 0 0 0 0 0 0 0
"231" 231 0.5 0 0 0 0 0 0 0 0 0 0 0 115 0 0 0 0 0 0 0 0
"232" 232 0.0697674418605 0 0 0 0 0 0 0 0 0 0 115 0 0 0 0 0 0 0 0 0
"233" 233 0.0 0 0 113 0 0 0 0 0 0 0 2 0 0 0 0 0 0 0 0 0
"234" 234 0.243781094527 0 0 0 0 0 0 0 0 0 0 0 0 0 114 0 0 0 0 0 1
"235" 235 0.434599156118 0 2 0 0 0 105 1 0 3 0 2 0 0 0 1 0 0 1 0 0
"236" 236 0.48427672956 0 1 2 1 0 1 0 95 0 0 11 2 0 0 0 0 0 0 0 1
"237" 237 0.191964285714 0 24 3 0 0 1 0 0 3 0 14 2 0 0 0 0 0 67 0 0
"238" 238 0.0167364016736 0 0 0 0 0 0 0 0 0 113 0 0 0 0 0 0 0 0 0 0
"239" 239 0.149425287356 0 0 0 0 0 2 17 0 2 2 16 0 2 12 1 0 57 0 0 2
"240" 240 0.492227979275 0 55 2 7 11 9 0 0 11 0 5 0 0 0 0 0 4 9 0 0
"241" 241 0.0 1 0 0 0 0 0 107 0 0 0 0 0 0 0 0 0 3 0 0 1
"242" 242 0.00507614213198 12 0 0 0 0 0 67 0 0 0 1 0 0 0 0 0 31 0 0 0
"243" 243 0.235897435897 0 5 0 69 3 17 0 0 2 0 4 0 1 0 3 0 0 4 0 0
"244" 244 0.0927152317881 6 0 33 1 0 0 0 0 2 0 60 0 0 0 0 0 1 0 0 0
"245" 245 0.273722627737 1 0 0 0 5 10 0 0 0 0 1 0 2 0 31 0 0 0 0 0
"246" 246 0.907692307692 0 3 2 9 10 0 0 0 0 0 0 0 0 0 0 0 0 0 0 0
