"site" "RSA" "aa1" "aa2" "aa3" "aa4" "aa5" "aa6" "aa7" "aa8" "aa9" "aa10" "aa11" "aa12" "aa13" "aa14" "aa15" "aa16" "aa17" "aa18" "aa19" "aa20"
"0" 0 0.5 0 0 0 0 0 0 0 0 0 0 0 500 0 0 0 0 0 0 0 0
"1" 1 0.630769230769 0 9 0 0 0 117 0 0 0 0 0 0 0 0 0 0 0 374 0 0
"2" 2 0.649746192893 0 118 0 0 0 48 0 0 8 0 0 0 0 2 65 67 0 189 0 3
"3" 3 0.092050209205 0 0 0 0 0 0 6 0 0 493 0 0 0 0 0 0 0 0 1 0
"4" 4 0.0397350993377 0 0 0 0 16 0 0 0 0 0 477 2 0 1 4 0 0 0 0 0
"5" 5 0.456953642384 0 0 0 0 0 357 0 0 0 0 0 0 0 0 143 0 0 0 0 0
"6" 6 0.0733944954128 0 0 0 0 0 0 199 0 2 0 1 0 0 118 0 0 0 3 0 177
"7" 7 0.0167364016736 38 0 3 1 1 1 0 0 0 416 1 0 0 34 0 0 0 0 1 4
"8" 8 0.378238341969 0 0 500 0 0 0 0 0 0 0 0 0 0 0 0 0 0 0 0 0
"9" 9 0.430379746835 0 0 0 0 0 202 10 0 0 0 0 0 0 13 13 35 0 2 0 225
"10" 10 0.0298507462687 0 0 0 0 0 0 0 0 0 0 0 0 0 500 0 0 0 0 0 0
"11" 11 0.63475177305 0 1 0 0 0 145 0 0 0 0 0 0 0 354 0 0 0 0 0 0
"12" 12 0.615384615385 0 0 0 0 0 0 0 0 0 0 0 500 0 0 0 0 0 0 0 0
"13" 13 0.172185430464 0 0 500 0 0 0 0 0 0 0 0 0 0 0 0 0 0 0 0 0
"14" 14 0.805128205128 0 0 0 0 0 500 0 0 0 0 0 0 0 0 0 0 0 0 0 0
"15" 15 0.227848101266 0 0 0 0 0 174 0 0 0 0 0 0 0 0 326 0 0 0 0 0
"16" 16 0.504464285714 0 10 0 0 0 246 0 13 0 0 0 0 0 0 0 0 199 30 0 2
"17" 17 0.0348258706468 0 0 0 0 9 5 0 0 0 0 0 1 0 476 0 0 9 0 0 0
"18" 18 0.138686131387 0 0 0 0 0 3 246 0 0 1 0 0 0 0 66 8 6 0 0 170
"19" 19 0.010152284264 0 0 0 0 0 0 485 0 0 0 0 0 0 0 0 0 15 0 0 0
"20" 20 0.00497512437811 0 0 0 0 0 0 0 0 0 0 0 0 0 500 0 0 0 0 0 0
"21" 21 0.0152284263959 3 0 22 0 2 0 416 0 2 2 0 0 0 26 0 1 13 0 0 13
"22" 22 0.0 0 0 0 0 0 0 0 0 0 0 0 0 0 497 3 0 0 0 0 0
"23" 23 0.0 0 0 0 0 0 0 0 0 0 0 0 500 0 0 0 0 0 0 0 0
"24" 24 0.0696517412935 0 0 278 0 0 0 0 40 37 0 0 0 0 1 0 0 0 0 0 144
"25" 25 0.424870466321 0 0 272 0 0 55 0 146 0 0 0 4 0 0 0 0 0 23 0 0
"26" 26 0.413461538462 0 0 0 0 0 0 0 0 0 0 0 500 0 0 0 0 0 0 0 0
"27" 27 0.0077519379845 0 0 269 0 0 0 0 0 0 0 231 0 0 0 0 0 0 0 0 0
"28" 28 0.134615384615 0 0 0 0 0 0 0 0 0 0 0 500 0 0 0 0 0 0 0 0
"29" 29 0.0210970464135 20 0 58 0 0 0 2 0 0 0 417 3 0 0 0 0 0 0 0 0
"30" 30 0.372093023256 0 71 0 0 1 36 0 3 0 0 0 0 0 10 81 0 0 121 0 177
"31" 31 0.389534883721 0 31 2 0 0 246 100 0 0 0 0 0 0 0 0 0 0 77 0 44
"32" 32 0.010152284264 0 0 9 0 0 0 64 0 7 1 6 0 0 2 0 0 411 0 0 0
"33" 33 0.0 0 0 0 0 0 0 0 0 0 0 3 0 0 353 0 0 1 0 0 143
"34" 34 0.456273764259 0 0 0 0 0 395 0 0 0 0 0 0 0 17 31 0 0 24 33 0
"35" 35 0.335766423358 0 0 0 0 0 0 0 0 0 0 499 0 1 0 0 0 0 0 0 0
"36" 36 0.0149253731343 0 0 0 1 0 0 6 0 0 308 3 0 0 173 0 7 0 0 0 2
"37" 37 0.636771300448 0 0 0 0 500 0 0 0 0 0 0 0 0 0 0 0 0 0 0 0
"38" 38 0.0812182741117 2 0 0 0 1 0 188 0 0 0 18 0 0 0 0 0 290 1 0 0
"39" 39 0.5 0 0 0 0 0 0 0 0 0 0 0 500 0 0 0 0 0 0 0 0
"40" 40 0.285714285714 0 0 0 0 0 0 0 0 0 0 0 0 0 0 500 0 0 0 0 0
"41" 41 0.281609195402 1 0 0 0 0 0 441 0 30 0 6 0 0 0 0 0 1 0 0 21
"42" 42 0.494252873563 0 0 0 0 0 2 0 0 0 0 0 0 0 0 498 0 0 0 0 0
"43" 43 0.517441860465 12 21 2 0 14 12 2 0 98 0 67 0 0 0 196 0 1 40 0 35
"44" 44 0.360465116279 0 0 0 0 0 64 0 0 3 32 0 0 6 0 0 0 0 0 395 0
"45" 45 0.261603375527 171 0 0 6 0 29 0 0 0 33 0 0 0 0 208 0 0 1 9 43
"46" 46 0.471698113208 0 0 0 0 0 0 0 490 2 0 0 0 0 2 0 0 2 4 0 0
"47" 47 0.31976744186 0 0 0 0 0 0 0 0 500 0 0 0 0 0 0 0 0 0 0 0
"48" 48 0.761421319797 0 0 0 0 0 138 0 0 0 0 0 0 0 0 362 0 0 0 0 0
"49" 49 0.625 0 0 0 0 0 0 0 0 0 0 0 500 0 0 0 0 0 0 0 0
"50" 50 0.0376569037657 0 0 0 0 0 0 0 0 0 493 0 0 0 7 0 0 0 0 0 0
"51" 51 0.533333333333 0 0 55 0 1 43 0 0 6 0 18 0 0 0 1 0 92 103 171 10
"52" 52 0.0 0 0 0 0 0 0 8 0 0 0 1 0 0 0 0 0 491 0 0 0
"53" 53 0.107142857143 16 189 0 2 0 148 3 0 0 10 0 0 2 0 25 1 1 6 95 2
"54" 54 0.110465116279 4 0 16 0 6 9 144 0 38 0 5 7 0 78 95 0 27 71 0 0
"55" 55 0.0149253731343 77 0 0 1 3 0 0 0 12 0 0 0 0 0 0 0 2 0 0 405
"56" 56 0.298013245033 0 0 0 0 0 93 213 0 0 132 0 0 0 11 32 0 7 0 12 0
"57" 57 0.133079847909 0 0 0 0 0 0 0 0 0 497 0 0 0 0 0 0 1 0 2 0
"58" 58 0.240506329114 0 0 0 0 0 354 0 0 0 0 0 0 0 145 1 0 0 0 0 0
"59" 59 0.123076923077 0 0 0 0 0 0 0 0 0 0 0 500 0 0 0 0 0 0 0 0
"60" 60 0.0149253731343 0 0 0 0 0 0 137 0 0 0 0 0 0 360 0 0 3 0 0 0
"61" 61 0.223628691983 0 0 4 0 2 127 125 0 0 0 0 0 9 147 45 0 0 31 10 0
"62" 62 0.0298507462687 0 0 0 2 0 0 141 0 0 338 0 0 1 0 3 0 1 0 3 11
"63" 63 0.0 0 84 0 48 2 63 0 0 0 6 206 0 72 0 0 0 1 15 3 0
"64" 64 0.0287356321839 0 0 0 0 0 0 0 0 58 0 2 0 2 0 0 0 438 0 0 0
"65" 65 0.0141843971631 0 0 0 0 0 0 0 0 0 0 0 0 0 0 0 500 0 0 0 0
"66" 66 0.40932642487 0 2 228 12 0 0 0 4 116 0 0 0 0 0 4 0 55 77 2 0
"67" 67 0.0248756218905 0 3 0 0 126 0 3 0 0 0 0 0 0 253 0 0 13 0 0 102
"68" 68 0.951923076923 0 0 0 0 0 0 0 0 0 0 0 500 0 0 0 0 0 0 0 0
"69" 69 0.390862944162 19 30 0 91 0 23 0 0 0 0 0 0 1 1 35 44 0 17 22 217
"70" 70 0.328467153285 0 44 23 0 0 34 0 0 0 0 0 0 0 0 399 0 0 0 0 0
"71" 71 0.698113207547 0 0 5 0 0 72 0 405 0 0 0 0 0 0 0 0 0 18 0 0
"72" 72 0.110266159696 0 1 52 15 0 138 0 0 0 0 0 0 0 0 0 0 33 129 0 132
"73" 73 0.031914893617 0 0 0 0 0 0 0 0 0 0 0 0 0 0 0 380 0 119 0 1
"74" 74 0.120437956204 0 2 52 0 20 390 0 0 0 2 0 0 0 7 24 0 0 0 3 0
"75" 75 0.588607594937 0 0 53 0 0 230 2 0 0 0 0 0 0 15 0 0 0 0 0 200
"76" 76 0.110266159696 0 57 17 0 0 0 0 0 0 357 0 0 6 0 0 0 0 0 63 0
"77" 77 0.00760456273764 0 0 0 0 0 12 0 0 5 479 2 0 1 0 0 0 0 0 1 0
"78" 78 0.550387596899 0 0 0 0 0 297 0 0 0 0 0 0 0 0 203 0 0 0 0 0
"79" 79 0.305699481865 0 204 0 247 0 5 0 0 0 0 0 0 0 0 0 0 0 0 4 40
"80" 80 0.0813953488372 0 0 0 0 0 0 0 0 500 0 0 0 0 0 0 0 0 0 0 0
"81" 81 0.147286821705 0 0 0 0 0 1 0 0 0 0 499 0 0 0 0 0 0 0 0 0
"82" 82 0.0 0 0 0 0 0 0 0 0 0 0 500 0 0 0 0 0 0 0 0 0
"83" 83 0.0747126436782 0 0 0 0 0 0 2 0 0 0 0 0 0 0 0 0 496 0 0 2
"84" 84 0.0203045685279 4 0 0 0 0 0 462 0 0 0 0 0 0 0 0 1 27 5 0 1
"85" 85 0.00418410041841 0 0 0 0 0 0 0 0 0 482 0 0 0 0 0 18 0 0 0 0
"86" 86 0.00574712643678 6 0 1 0 0 0 0 0 0 3 0 0 0 0 0 0 483 0 7 0
"87" 87 0.0287356321839 0 0 456 0 0 0 0 0 0 0 0 0 0 2 0 0 42 0 0 0
"88" 88 0.124352331606 0 487 0 13 0 0 0 0 0 0 0 0 0 0 0 0 0 0 0 0
"89" 89 0.0 0 0 270 0 0 0 0 0 0 0 230 0 0 0 0 0 0 0 0 0
"90" 90 0.273255813953 0 0 0 0 0 0 0 0 500 0 0 0 0 0 0 0 0 0 0 0
"91" 91 0.160621761658 0 458 4 38 0 0 0 0 0 0 0 0 0 0 0 0 0 0 0 0
"92" 92 0.274261603376 0 0 0 0 0 0 0 32 0 0 0 0 0 0 468 0 0 0 0 0
"93" 93 0.725388601036 0 0 0 0 0 462 0 0 0 0 0 0 0 0 38 0 0 0 0 0
"94" 94 0.313868613139 0 38 55 395 0 6 0 0 0 0 0 0 0 0 6 0 0 0 0 0
"95" 95 0.0137614678899 0 0 134 0 0 0 0 0 0 0 363 3 0 0 0 0 0 0 0 0
"96" 96 0.443708609272 0 0 0 0 0 497 0 0 0 0 0 0 0 0 3 0 0 0 0 0
"97" 97 0.43023255814 0 0 0 0 0 234 0 0 0 0 0 0 0 211 0 0 0 55 0 0
"98" 98 0.0387596899225 0 3 0 0 0 0 0 0 0 0 41 0 0 0 0 0 0 456 0 0
"99" 99 0.119205298013 0 0 0 0 0 0 0 0 0 0 500 0 0 0 0 0 0 0 0 0
"100" 100 0.544303797468 0 0 0 0 0 247 49 0 0 0 0 0 0 0 49 0 0 87 0 68
"101" 101 0.0803571428571 0 0 0 0 1 0 35 0 0 0 2 0 0 443 0 0 0 2 14 3
"102" 102 0.0248756218905 0 0 0 0 0 0 0 0 0 0 0 0 0 500 0 0 0 0 0 0
"103" 103 0.315789473684 0 0 0 0 0 255 0 0 0 0 0 0 0 0 230 0 0 0 0 15
"104" 104 0.338308457711 0 0 8 0 0 58 0 0 0 0 0 0 0 111 87 160 0 57 0 19
"105" 105 0.0229357798165 0 0 0 126 0 0 0 0 270 0 2 0 0 102 0 0 0 0 0 0
"106" 106 0.1592039801 0 0 0 0 0 0 0 0 0 0 2 0 0 477 0 0 0 0 0 21
"107" 107 0.354260089686 0 0 500 0 0 0 0 0 0 0 0 0 0 0 0 0 0 0 0 0
"108" 108 0.303571428571 0 0 12 0 10 0 398 0 0 0 0 0 0 0 0 0 16 14 0 50
"109" 109 0.388392857143 0 0 0 0 0 479 0 0 0 0 0 0 0 0 0 21 0 0 0 0
"110" 110 0.455357142857 0 0 0 0 0 13 0 0 0 0 0 0 0 0 0 466 0 21 0 0
"111" 111 0.00995024875622 0 0 0 0 0 0 0 0 2 0 0 0 0 498 0 0 0 0 0 0
"112" 112 0.242152466368 0 0 0 0 0 500 0 0 0 0 0 0 0 0 0 0 0 0 0 0
"113" 113 0.632124352332 0 0 0 0 0 347 0 0 0 0 0 0 0 0 127 26 0 0 0 0
"114" 114 0.031007751938 0 0 0 0 0 0 0 0 0 0 500 0 0 0 0 0 0 0 0 0
"115" 115 0.031007751938 0 0 0 2 0 154 0 0 0 0 15 0 328 0 0 0 1 0 0 0
"116" 116 0.044776119403 0 0 0 0 0 0 0 0 0 0 0 0 0 500 0 0 0 0 0 0
"117" 117 0.0 2 0 0 0 5 0 0 0 0 0 44 0 0 449 0 0 0 0 0 0
"118" 118 0.0 0 0 0 0 0 0 0 0 0 0 0 0 0 0 0 0 500 0 0 0
"119" 119 0.0 2 0 2 0 0 0 12 0 0 22 36 0 0 426 0 0 0 0 0 0
"120" 120 0.0 0 0 93 0 0 0 0 0 0 0 407 0 0 0 0 0 0 0 0 0
"121" 121 0.0307692307692 0 0 446 45 0 0 0 0 9 0 0 0 0 0 0 0 0 0 0 0
"122" 122 0.257383966245 0 0 0 8 0 463 0 0 0 0 0 0 13 0 0 0 0 0 16 0
"123" 123 0.233183856502 0 0 261 0 1 182 0 0 0 0 0 28 0 0 0 0 1 27 0 0
"124" 124 0.40414507772 0 2 492 0 0 0 0 0 0 0 0 1 2 0 0 0 0 3 0 0
"125" 125 0.439461883408 0 0 0 0 478 5 0 0 0 0 0 0 0 0 13 3 0 0 0 1
"126" 126 0.723270440252 0 0 0 0 0 0 0 500 0 0 0 0 0 0 0 0 0 0 0 0
"127" 127 0.663461538462 0 0 0 0 0 0 0 0 0 0 0 500 0 0 0 0 0 0 0 0
"128" 128 0.178294573643 0 0 270 0 0 0 0 0 0 0 230 0 0 0 0 0 0 0 0 0
"129" 129 0.154228855721 0 468 0 0 0 1 0 0 0 0 0 0 1 27 1 0 0 2 0 0
"130" 130 0.278145695364 0 1 197 0 0 0 0 0 0 0 0 0 0 0 302 0 0 0 0 0
"131" 131 0.186046511628 0 0 0 0 0 0 0 0 0 0 495 0 0 0 0 5 0 0 0 0
"132" 132 0.602649006623 0 289 0 0 43 53 0 0 0 0 0 0 0 0 2 0 0 113 0 0
"133" 133 0.455357142857 0 311 0 0 156 0 0 0 0 0 0 0 0 0 0 0 0 33 0 0
"134" 134 0.0 0 0 1 0 0 0 44 0 92 0 1 0 0 0 0 0 362 0 0 0
"135" 135 0.119205298013 0 0 0 0 0 0 0 0 0 0 500 0 0 0 0 0 0 0 0 0
"136" 136 0.248945147679 0 0 3 0 0 346 0 0 0 0 0 0 0 1 56 0 0 94 0 0
"137" 137 0.401785714286 0 1 0 2 135 0 0 0 0 0 0 0 0 21 0 0 0 0 0 341
"138" 138 0.0 0 0 0 0 0 0 0 0 0 0 0 0 0 500 0 0 0 0 0 0
"139" 139 0.435897435897 0 247 0 140 0 65 0 0 0 0 0 0 40 0 0 0 0 8 0 0
"140" 140 0.00995024875622 0 0 0 0 0 0 0 0 0 0 0 0 0 500 0 0 0 0 0 0
"141" 141 0.632183908046 0 52 0 0 0 92 0 0 0 0 0 0 0 0 106 0 0 239 11 0
"142" 142 0.334821428571 0 0 0 1 0 456 0 0 0 0 0 0 0 0 43 0 0 0 0 0
"143" 143 0.179104477612 0 0 0 0 0 0 399 0 0 0 0 0 0 78 0 0 0 0 0 23
"144" 144 0.35864978903 0 0 0 0 0 500 0 0 0 0 0 0 0 0 0 0 0 0 0 0
"145" 145 0.533678756477 0 0 0 500 0 0 0 0 0 0 0 0 0 0 0 0 0 0 0 0
"146" 146 0.226277372263 0 0 21 0 0 0 0 0 0 0 0 0 0 390 0 0 0 0 0 89
"147" 147 0.437086092715 59 157 14 3 0 1 118 0 0 0 0 0 0 0 0 0 144 0 0 4
"148" 148 0.276595744681 0 0 0 0 0 0 0 0 0 0 0 0 0 0 0 500 0 0 0 0
"149" 149 0.165562913907 0 0 1 0 7 12 0 0 4 0 65 0 1 0 0 0 2 0 408 0
"150" 150 0.172588832487 5 0 0 0 0 0 0 0 0 0 0 0 0 0 0 0 495 0 0 0
"151" 151 0.166666666667 0 0 0 0 413 0 0 0 0 65 0 0 0 0 0 0 22 0 0 0
"152" 152 0.333333333333 0 0 27 0 0 1 0 0 0 0 444 1 0 0 27 0 0 0 0 0
"153" 153 0.0132450331126 0 0 2 0 0 0 0 0 450 0 34 14 0 0 0 0 0 0 0 0
"154" 154 0.0264900662252 1 492 4 0 0 0 0 0 0 0 1 0 0 0 0 0 1 1 0 0
"155" 155 0.0 0 0 7 0 0 0 0 455 0 0 37 1 0 0 0 0 0 0 0 0
"156" 156 0.609137055838 0 0 0 0 0 175 0 0 0 0 0 0 0 0 79 0 0 246 0 0
"157" 157 0.206751054852 0 0 1 0 0 455 0 0 1 0 0 0 0 0 43 0 0 0 0 0
"158" 158 0.115384615385 0 0 0 0 0 0 0 0 0 0 0 500 0 0 0 0 0 0 0 0
"159" 159 0.5 0 0 181 0 0 2 316 0 0 0 0 0 0 0 1 0 0 0 0 0
"160" 160 0.0769230769231 0 0 0 0 0 0 0 0 0 0 0 500 0 0 0 0 0 0 0 0
"161" 161 0.0 0 1 0 0 0 0 0 0 0 0 0 0 0 491 0 1 6 1 0 0
"162" 162 0.296511627907 0 0 0 0 0 368 0 0 0 0 0 0 0 23 36 0 0 68 5 0
"163" 163 0.535714285714 0 0 0 0 0 500 0 0 0 0 0 0 0 0 0 0 0 0 0 0
"164" 164 0.0 0 0 0 0 0 0 0 0 0 0 7 453 0 40 0 0 0 0 0 0
"165" 165 0.0199004975124 0 0 0 0 1 0 13 0 0 0 0 0 0 231 0 0 0 1 0 254
"166" 166 0.362694300518 0 0 0 0 0 376 0 0 0 0 0 0 0 0 75 0 0 48 0 1
"167" 167 0.269503546099 0 0 0 0 0 5 3 0 0 0 0 0 0 0 0 490 1 1 0 0
"168" 168 0.00497512437811 0 0 1 0 0 0 0 0 0 0 0 0 0 499 0 0 0 0 0 0
"169" 169 0.0152284263959 0 0 0 0 0 0 489 0 1 1 0 0 0 9 0 0 0 0 0 0
"170" 170 0.367875647668 0 76 1 1 0 165 0 0 0 0 0 0 0 30 2 1 0 224 0 0
"171" 171 0.149425287356 0 0 0 0 1 1 10 0 0 0 2 0 0 1 0 7 0 365 0 113
"172" 172 0.0152284263959 0 0 0 0 0 0 500 0 0 0 0 0 0 0 0 0 0 0 0 0
"173" 173 0.383966244726 0 0 0 0 0 188 0 0 0 0 3 0 0 71 225 1 0 1 11 0
"174" 174 0.558035714286 0 0 0 0 0 85 0 0 0 0 0 0 0 0 407 0 0 0 0 8
"175" 175 0.495535714286 0 2 311 0 51 0 0 0 1 0 0 0 0 7 0 0 0 127 0 1
"176" 176 0.345291479821 0 1 0 0 0 0 5 0 0 0 0 0 0 18 0 0 0 1 0 475
"177" 177 0.855721393035 0 109 0 0 0 33 0 0 0 0 0 0 0 131 1 0 0 225 0 1
