"site" "RSA" "aa1" "aa2" "aa3" "aa4" "aa5" "aa6" "aa7" "aa8" "aa9" "aa10" "aa11" "aa12" "aa13" "aa14" "aa15" "aa16" "aa17" "aa18" "aa19" "aa20"
"0" 0 0.275229357798 0 3 133 3 1 1 5 171 27 0 61 38 2 11 3 15 10 8 5 3
"1" 1 0.723214285714 0 43 49 16 15 20 0 0 15 2 11 13 2 5 1 17 0 287 3 1
"2" 2 0.317948717949 0 133 37 93 18 58 0 0 19 1 24 5 0 20 55 0 1 26 0 10
"3" 3 0.0836820083682 0 0 0 0 0 0 0 0 0 455 0 0 0 0 0 0 0 0 45 0
"4" 4 0.390134529148 0 9 16 10 137 84 12 0 1 4 4 2 2 60 16 3 12 97 10 21
"5" 5 0.316455696203 0 5 3 3 6 19 101 4 45 2 3 2 2 71 15 154 44 10 0 11
"6" 6 0.402298850575 0 0 0 0 13 7 293 0 2 0 0 0 2 61 3 0 111 1 0 7
"7" 7 0.482142857143 0 3 14 0 29 13 1 0 150 0 9 7 0 0 14 0 0 206 0 54
"8" 8 0.514767932489 0 0 5 1 27 58 147 0 41 0 14 2 0 0 33 0 117 43 0 12
"9" 9 0.395939086294 0 0 3 0 2 6 281 0 61 0 1 1 0 0 23 0 112 2 0 8
"10" 10 0.240384615385 0 0 0 0 0 0 0 0 0 0 0 500 0 0 0 0 0 0 0 0
"11" 11 0.683035714286 0 0 30 0 113 141 16 0 2 0 17 1 1 0 49 0 22 83 1 24
"12" 12 0.336538461538 0 0 76 0 0 4 0 0 6 0 12 401 0 0 0 0 1 0 0 0
"13" 13 1.06976744186 0 250 11 65 38 22 0 0 7 3 18 31 6 9 11 0 0 20 1 8
"14" 14 0.269230769231 0 0 0 0 0 0 0 0 0 0 0 500 0 0 0 0 0 0 0 0
"15" 15 0.14367816092 0 2 12 2 20 105 57 19 8 3 45 2 0 1 40 0 115 58 0 11
"16" 16 0.183908045977 0 1 2 0 13 10 243 0 4 0 1 0 1 8 6 0 168 25 0 18
"17" 17 0.171102661597 0 0 0 0 0 1 0 0 0 141 0 0 1 2 0 56 0 0 299 0
"18" 18 0.240506329114 0 0 0 0 26 129 0 0 0 0 3 0 0 0 305 0 0 26 0 11
"19" 19 0.0 0 0 0 0 0 0 0 0 0 0 493 7 0 0 0 0 0 0 0 0
"20" 20 0.357664233577 0 0 2 0 189 23 26 0 1 0 3 0 0 0 203 0 12 14 0 27
"21" 21 0.0923076923077 0 342 9 89 5 4 0 0 0 0 3 0 10 3 2 0 0 19 0 14
"22" 22 0.455696202532 0 0 14 0 45 246 34 0 7 0 20 3 0 1 101 0 5 6 0 18
"23" 23 0.696517412935 0 47 14 45 20 88 58 0 32 1 24 23 3 26 15 0 59 36 5 4
"24" 24 0.563953488372 0 26 58 32 20 49 0 0 192 1 3 5 7 32 47 0 0 13 5 10
"25" 25 0.432692307692 0 0 0 0 0 0 0 0 0 0 0 500 0 0 0 0 0 0 0 0
"26" 26 0.379464285714 0 9 21 9 96 23 70 0 36 4 8 2 3 59 23 0 104 24 0 9
"27" 27 0.350574712644 0 20 0 1 8 1 66 0 27 1 2 0 0 0 1 0 157 213 3 0
"28" 28 0.0 0 0 0 1 0 0 0 0 3 0 0 0 0 0 0 0 496 0 0 0
"29" 29 0.124031007752 0 0 112 0 6 1 32 0 10 0 168 5 0 2 6 0 0 11 0 147
"30" 30 0.0 0 0 0 0 0 0 0 0 0 0 0 0 0 495 0 0 0 1 0 4
"31" 31 0.177215189873 0 0 0 0 0 493 0 0 0 1 0 0 0 3 0 0 1 0 1 1
"32" 32 0.0759493670886 0 2 0 5 126 148 0 0 0 0 6 0 1 2 22 0 0 166 3 19
"33" 33 0.10152284264 0 0 0 0 14 0 310 0 1 0 0 0 0 2 0 0 172 0 0 1
"34" 34 0.489051094891 0 21 36 18 43 61 22 1 59 2 24 5 4 32 23 7 34 79 14 15
"35" 35 0.139303482587 0 0 0 0 1 0 0 0 0 0 0 0 0 499 0 0 0 0 0 0
"36" 36 0.378238341969 0 293 2 42 28 15 1 0 3 3 27 3 9 17 15 1 0 20 7 14
"37" 37 0.343023255814 0 0 67 2 2 3 8 0 159 2 41 9 10 1 0 27 106 0 9 54
"38" 38 0.723214285714 0 75 55 69 43 41 4 0 96 0 11 10 5 28 13 1 3 35 3 8
"39" 39 0.593023255814 0 21 23 1 17 1 0 0 85 1 21 326 0 1 0 0 0 2 1 0
"40" 40 0.709821428571 0 44 65 84 62 39 5 0 104 3 9 9 7 16 22 0 0 17 5 9
"41" 41 0.288461538462 0 0 0 0 0 0 0 0 0 0 0 500 0 0 0 0 0 0 0 0
"42" 42 0.362068965517 0 0 1 0 14 5 197 0 19 0 0 0 0 0 1 0 246 10 0 7
"43" 43 0.207547169811 0 7 3 0 0 1 0 480 0 0 9 0 0 0 0 0 0 0 0 0
"44" 44 0.569536423841 0 54 93 22 23 33 2 86 19 0 23 9 0 23 10 28 4 44 8 19
"45" 45 0.348837209302 0 20 30 5 57 8 0 0 18 0 29 56 0 0 182 0 1 59 2 33
"46" 46 0.0 0 0 8 0 0 0 0 0 0 0 489 3 0 0 0 0 0 0 0 0
"47" 47 0.482233502538 0 2 5 5 29 119 172 0 8 2 15 2 2 40 12 0 35 34 4 14
"48" 48 0.29197080292 0 12 4 28 9 34 0 0 0 0 32 5 1 52 218 33 0 5 2 65
"49" 49 0.0267857142857 0 0 0 0 0 0 0 0 0 0 0 0 0 0 3 0 0 497 0 0
"50" 50 0.121827411168 0 0 0 0 0 2 465 0 2 0 5 1 0 0 1 0 17 6 0 1
"51" 51 0.403973509934 0 36 16 58 30 100 5 0 21 1 24 3 0 74 34 5 9 51 0 33
"52" 52 0.0597014925373 0 0 0 0 0 0 0 0 0 0 1 0 1 498 0 0 0 0 0 0
"53" 53 0.0398009950249 0 0 0 0 0 0 0 0 0 0 5 0 0 495 0 0 0 0 0 0
"54" 54 0.632911392405 0 19 10 46 54 44 46 0 15 1 43 4 2 127 47 0 0 24 0 18
"55" 55 0.424107142857 0 29 17 88 63 65 0 0 21 2 20 8 3 74 40 2 0 49 0 19
"56" 56 0.0199004975124 0 0 0 0 0 0 0 0 0 0 0 0 0 500 0 0 0 0 0 0
"57" 57 0.594871794872 0 72 33 29 36 24 81 0 20 1 5 3 7 29 6 2 118 26 1 7
"58" 58 0.177033492823 0 0 0 0 0 0 0 0 0 0 0 0 500 0 0 0 0 0 0 0
"59" 59 0.566037735849 0 65 19 19 18 26 1 248 5 1 31 9 0 0 22 0 8 27 0 1
"60" 60 0.0564102564103 0 67 1 311 1 1 0 0 0 1 54 12 28 0 0 0 0 0 1 23
"61" 61 0.010152284264 0 0 0 0 0 0 487 0 1 0 0 0 0 0 0 0 12 0 0 0
"62" 62 0.0287356321839 0 0 6 0 71 0 274 0 13 0 29 0 0 3 0 0 80 24 0 0
"63" 63 0.430379746835 0 5 6 6 247 46 31 0 12 7 5 1 5 47 9 2 21 35 8 7
"64" 64 0.124378109453 0 0 0 0 0 0 0 0 0 0 0 0 0 500 0 0 0 0 0 0
"65" 65 0.268656716418 0 4 0 14 20 7 120 0 0 0 3 0 1 268 8 0 24 13 0 18
"66" 66 0.461139896373 0 108 70 23 0 1 0 0 0 0 153 143 1 0 0 0 0 1 0 0
"67" 67 0.155172413793 0 0 0 0 0 0 1 0 0 0 0 0 0 2 0 0 497 0 0 0
"68" 68 0.147208121827 0 0 0 2 9 0 357 0 1 0 2 1 0 36 0 0 84 7 0 1
"69" 69 0.66985645933 0 0 1 1 11 21 117 0 30 28 2 0 4 0 7 21 204 30 18 5
"70" 70 0.348837209302 0 1 34 0 1 0 0 0 447 0 1 6 0 1 0 0 0 3 0 6
"71" 71 0.723214285714 0 80 7 20 22 83 20 9 70 2 49 6 2 14 24 1 16 71 1 3
"72" 72 0.4 0 15 17 23 18 56 4 0 210 7 7 0 31 13 7 0 24 36 30 2
"73" 73 0.257383966245 0 0 31 1 5 60 0 0 63 0 149 9 81 0 16 0 74 0 1 10
"74" 74 0.0298507462687 0 0 0 0 2 0 0 0 0 0 0 0 0 497 0 0 0 1 0 0
"75" 75 0.0836501901141 0 0 0 0 1 0 0 0 0 89 0 0 3 0 3 9 0 0 393 2
"76" 76 0.0 0 0 1 4 13 0 0 0 0 5 5 1 0 469 0 0 0 0 0 2
"77" 77 0.0172413793103 0 0 0 0 0 0 3 0 2 0 2 0 0 0 0 0 493 0 0 0
"78" 78 0.0836820083682 0 0 0 0 2 2 0 0 0 495 0 0 0 0 0 0 0 0 0 1
"79" 79 0.174107142857 0 0 7 0 14 16 3 0 4 1 10 1 1 6 15 0 23 391 1 7
"80" 80 0.163179916318 0 0 0 1 7 0 0 0 0 321 0 0 4 14 0 38 0 0 114 1
"81" 81 0.0497512437811 0 0 1 1 3 0 0 0 1 40 3 0 1 323 0 0 0 0 54 73
"82" 82 0.377990430622 0 4 4 3 60 15 2 0 14 1 86 2 25 13 25 3 27 191 2 23
"83" 83 0.125560538117 0 1 14 1 67 2 0 0 12 0 13 13 0 19 95 0 0 169 0 94
"84" 84 0.217616580311 0 178 53 139 1 0 27 0 55 0 14 7 0 0 7 0 13 2 1 3
"85" 85 0.0 0 0 0 0 0 0 0 0 0 0 0 0 0 500 0 0 0 0 0 0
"86" 86 0.232067510549 0 6 14 3 83 43 0 0 0 15 81 4 10 16 9 19 0 157 30 10
"87" 87 0.485232067511 0 30 38 17 47 70 5 0 81 0 48 2 2 20 86 0 6 43 0 5
"88" 88 0.0334728033473 0 0 0 0 0 0 0 0 0 494 0 0 0 0 0 0 0 0 6 0
"89" 89 0.0321100917431 0 0 3 0 3 0 411 0 4 0 4 5 0 24 4 0 38 0 0 4
"90" 90 0.492227979275 0 51 6 16 76 69 47 0 12 4 28 4 5 32 52 1 16 45 11 25
"91" 91 0.612403100775 0 67 6 27 29 102 3 0 1 2 38 7 1 51 135 0 0 20 1 10
"92" 92 0.0927152317881 0 0 43 2 82 0 0 0 221 0 84 4 0 0 4 0 0 0 0 60
"93" 93 0.527131782946 0 1 127 3 18 68 3 0 5 1 123 18 0 25 33 1 2 58 7 7
"94" 94 0.880597014925 0 65 31 101 68 43 2 0 57 3 14 10 11 33 8 0 6 24 5 19
"95" 95 0.761627906977 0 11 17 21 44 40 9 0 166 9 2 5 14 23 10 1 27 35 57 9
"96" 96 0.173076923077 0 0 0 0 0 0 0 0 0 0 0 500 0 0 0 0 0 0 0 0
"97" 97 0.0710659898477 0 0 0 0 0 0 450 0 1 0 0 0 0 0 0 0 49 0 0 0
"98" 98 0.51572327044 0 4 4 2 13 4 0 408 13 0 1 0 0 9 12 0 1 26 1 2
"99" 99 0.283582089552 0 14 9 28 7 12 55 4 22 0 31 12 3 223 3 0 43 14 0 20
"100" 100 0.396226415094 0 121 10 31 13 21 0 133 24 0 35 5 0 40 11 0 0 35 1 20
"101" 101 0.0199004975124 0 0 0 0 0 0 0 0 0 0 0 0 0 498 0 2 0 0 0 0
"102" 102 0.0304568527919 0 0 0 0 0 0 485 0 0 0 0 0 0 0 0 0 15 0 0 0
"103" 103 0.0632911392405 0 0 0 0 15 368 0 0 7 0 7 0 0 0 84 0 0 19 0 0
"104" 104 0.0132450331126 0 0 358 0 0 0 0 0 0 0 140 2 0 0 0 0 0 0 0 0
"105" 105 0.0 0 0 0 1 0 0 0 0 0 364 2 0 1 5 0 0 0 0 127 0
"106" 106 0.0 0 0 0 0 0 0 0 0 2 0 1 0 0 497 0 0 0 0 0 0
"107" 107 0.209205020921 0 0 0 0 0 14 0 0 0 308 9 0 5 0 6 7 0 1 144 6
"108" 108 0.0582959641256 0 0 0 0 499 0 0 0 0 0 0 1 0 0 0 0 0 0 0 0
"109" 109 0.0 0 0 0 0 0 0 0 0 0 0 0 0 0 500 0 0 0 0 0 0
"110" 110 0.0 0 0 0 0 0 0 0 0 0 0 0 0 0 500 0 0 0 0 0 0
"111" 111 0.282511210762 0 0 15 4 162 23 0 0 3 0 152 15 0 3 28 0 0 38 0 57
"112" 112 0.0 0 0 0 0 0 0 0 0 0 0 2 498 0 0 0 0 0 0 0 0
"113" 113 0.0 0 0 0 0 0 0 0 0 0 0 8 0 0 490 0 0 2 0 0 0
"114" 114 0.116279069767 0 6 7 2 26 4 0 0 0 5 308 3 0 3 0 116 0 10 5 5
"115" 115 0.209205020921 0 0 0 0 0 0 0 0 0 263 0 0 1 0 0 2 0 0 234 0
"116" 116 0.0 500 0 0 0 0 0 0 0 0 0 0 0 0 0 0 0 0 0 0 0
"117" 117 0.124401913876 0 1 0 1 3 0 105 0 1 0 11 0 48 324 0 0 4 0 0 2
"118" 118 0.576158940397 0 11 31 22 58 108 0 0 22 2 133 10 3 17 22 7 0 33 4 17
"119" 119 0.320574162679 0 7 3 100 81 67 0 0 23 2 6 0 112 27 16 0 0 30 12 14
"120" 120 0.35401459854 0 9 0 234 8 124 0 0 0 3 1 2 23 4 69 2 0 7 5 9
"121" 121 0.0 0 0 0 0 0 0 0 0 2 0 0 0 0 0 0 0 498 0 0 0
"122" 122 0.0 0 0 1 4 0 0 8 0 0 0 2 1 0 483 0 0 0 0 0 1
"123" 123 0.0 0 0 0 0 0 0 0 0 0 0 0 0 500 0 0 0 0 0 0 0
"124" 124 0.0583941605839 0 4 0 173 13 1 0 0 0 1 3 111 0 61 129 0 0 4 0 0
"125" 125 0.0880829015544 0 425 1 47 0 0 0 0 0 0 22 5 0 0 0 0 0 0 0 0
"126" 126 0.0 0 1 0 0 0 0 10 0 0 0 0 0 0 489 0 0 0 0 0 0
"127" 127 0.172995780591 0 0 0 2 32 432 0 0 0 0 5 0 0 0 7 0 0 6 0 16
"128" 128 0.0 0 0 0 0 0 0 0 500 0 0 0 0 0 0 0 0 0 0 0 0
"129" 129 0.309417040359 0 8 8 9 65 51 1 0 1 0 61 7 0 30 11 1 3 233 3 8
"130" 130 0.0717948717949 0 2 2 474 2 6 0 0 7 0 4 2 1 0 0 0 0 0 0 0
"131" 131 0.0 0 0 0 0 0 0 0 0 0 0 0 0 0 500 0 0 0 0 0 0
"132" 132 0.199004975124 0 0 0 2 3 4 0 0 0 55 1 0 0 80 54 144 0 4 122 31
"133" 133 0.0 0 0 0 0 0 0 458 0 9 0 0 0 0 0 0 0 33 0 0 0
"134" 134 0.138461538462 0 413 4 75 0 0 0 0 3 0 0 5 0 0 0 0 0 0 0 0
"135" 135 0.383720930233 0 13 91 6 66 38 7 0 87 0 22 12 2 3 93 1 4 47 0 8
"136" 136 0.571428571429 0 108 3 138 53 49 0 0 4 2 17 4 11 43 7 0 1 31 12 17
"137" 137 0.0 0 0 0 0 0 0 0 0 0 0 0 500 0 0 0 0 0 0 0 0
"138" 138 0.0697674418605 0 10 5 234 27 19 1 0 1 11 12 19 9 10 59 12 2 31 26 12
"139" 139 0.0 0 0 0 0 0 0 499 0 0 0 0 0 0 0 0 0 1 0 0 0
"140" 140 0.10970464135 0 0 0 0 8 372 0 0 6 0 2 0 0 3 6 0 102 0 0 1
"141" 141 0.0 0 2 3 7 8 0 5 0 0 0 12 0 17 431 0 0 1 7 0 7
"142" 142 0.0697674418605 0 3 167 0 0 0 0 0 0 0 91 239 0 0 0 0 0 0 0 0
"143" 143 0.305699481865 0 281 0 95 4 1 1 0 0 0 20 8 0 0 1 0 1 87 1 0
"144" 144 0.00418410041841 0 0 0 2 0 0 0 0 0 490 0 0 0 4 0 0 0 0 3 1
"145" 145 0.105769230769 0 0 39 0 1 0 0 0 0 0 14 446 0 0 0 0 0 0 0 0
"146" 146 0.268656716418 0 40 5 115 13 138 0 0 17 11 5 2 10 73 25 3 0 10 25 8
"147" 147 0.0 0 0 53 0 0 0 0 0 0 0 441 6 0 0 0 0 0 0 0 0
"148" 148 0.197080291971 0 0 45 0 68 21 62 0 42 8 26 0 12 30 12 0 22 113 13 26
"149" 149 0.325581395349 0 0 65 1 60 158 1 10 37 0 22 0 31 0 22 0 0 72 0 21
"150" 150 0.125523012552 0 0 12 0 2 0 3 0 5 468 2 4 0 0 0 0 1 0 0 3
"151" 151 0.269230769231 0 7 66 4 9 6 8 0 271 0 5 46 3 2 44 0 12 5 3 9
"152" 152 0.804597701149 0 1 6 5 9 25 108 0 34 5 4 0 8 32 13 2 204 18 21 5
"153" 153 0.748427672956 0 23 29 7 13 11 1 346 15 1 12 10 0 13 2 0 4 10 1 2
"154" 154 0.16091954023 0 1 15 0 3 0 0 360 45 0 15 4 0 0 0 0 50 7 0 0
"155" 155 0.558394160584 0 3 7 19 128 63 8 0 86 11 9 14 8 62 12 1 7 19 31 12
"156" 156 0.523255813953 0 0 11 4 32 63 0 51 182 2 6 1 47 0 57 0 0 34 0 10
"157" 157 0.110266159696 0 5 14 13 45 52 13 0 5 32 1 0 8 14 6 2 11 7 268 4
"158" 158 0.832535885167 0 1 3 9 8 25 19 0 170 2 3 1 87 27 9 0 69 27 1 39
"159" 159 0.790178571429 0 194 2 121 107 12 0 0 1 1 10 14 0 9 8 0 1 17 2 1
"160" 160 0.0804597701149 0 5 0 6 2 18 157 0 36 0 6 0 3 17 2 6 228 14 0 0
"161" 161 0.0114942528736 0 0 0 1 3 0 4 0 72 0 12 0 0 0 0 0 363 0 0 45
"162" 162 0.273255813953 0 2 32 0 4 0 0 14 393 1 2 0 47 0 0 0 0 5 0 0
"163" 163 0.164179104478 0 1 0 0 0 0 1 0 4 0 0 1 0 486 3 0 1 0 0 3
"164" 164 0.351063829787 0 8 0 3 23 33 2 0 0 0 6 0 22 3 16 354 4 21 0 5
"165" 165 0.0152091254753 0 0 0 0 0 0 0 0 0 0 0 0 0 0 0 0 0 0 499 1
"166" 166 0.142335766423 0 0 0 0 1 0 0 0 0 0 0 0 0 0 499 0 0 0 0 0
"167" 167 0.0077519379845 0 0 8 0 0 0 0 7 0 0 480 5 0 0 0 0 0 0 0 0
"168" 168 0.0 0 0 0 0 0 0 0 500 0 0 0 0 0 0 0 0 0 0 0 0
"169" 169 0.0223214285714 0 0 0 0 0 0 0 0 0 0 0 0 0 0 0 0 0 500 0 0
"170" 170 0.0761421319797 0 1 1 0 25 0 244 0 0 0 1 0 0 71 0 0 15 2 0 140
"171" 171 0.0199004975124 0 0 0 0 0 0 0 0 0 0 1 0 0 499 0 0 0 0 0 0
"172" 172 0.0 0 0 0 2 1 0 0 0 0 0 0 0 0 495 1 0 0 1 0 0
"173" 173 0.259615384615 0 0 0 0 0 0 0 0 0 0 0 500 0 0 0 0 0 0 0 0
"174" 174 0.113924050633 500 0 0 0 0 0 0 0 0 0 0 0 0 0 0 0 0 0 0 0
"175" 175 0.455696202532 0 94 25 36 31 56 8 0 52 1 26 7 1 25 20 0 35 68 0 15
"176" 176 0.539923954373 0 1 10 11 48 107 10 0 48 1 17 2 73 9 26 0 26 24 69 18
"177" 177 0.0304182509506 0 0 1 0 0 0 0 0 0 200 0 0 1 0 1 10 0 0 287 0
"178" 178 0.23178807947 0 4 324 18 0 1 0 0 0 0 1 151 1 0 0 0 0 0 0 0
"179" 179 0.267441860465 0 0 99 3 7 2 5 6 17 83 91 16 33 0 4 1 7 19 105 2
"180" 180 0.0852713178295 0 0 90 0 0 0 0 0 0 0 397 13 0 0 0 0 0 0 0 0
"181" 181 0.0 0 0 4 1 0 0 0 0 27 0 21 3 0 0 0 0 444 0 0 0
"182" 182 0.0 0 500 0 0 0 0 0 0 0 0 0 0 0 0 0 0 0 0 0 0
"183" 183 0.010152284264 0 0 0 1 0 0 227 0 9 0 3 0 0 0 0 0 243 0 0 17
"184" 184 0.0 0 0 0 0 0 0 0 0 0 0 0 0 0 0 0 500 0 0 0 0
"185" 185 0.0 0 0 119 0 0 0 0 0 0 0 380 1 0 0 0 0 0 0 0 0
"186" 186 0.00497512437811 0 0 0 0 0 0 0 0 0 0 0 0 0 499 0 0 0 1 0 0
"187" 187 0.0 0 0 0 0 0 0 0 0 0 0 0 500 0 0 0 0 0 0 0 0
"188" 188 0.00632911392405 500 0 0 0 0 0 0 0 0 0 0 0 0 0 0 0 0 0 0 0
"189" 189 0.0 0 0 0 0 0 0 488 0 0 0 0 0 0 0 0 0 12 0 0 0
"190" 190 0.0 0 0 0 0 0 0 0 0 0 490 0 0 1 1 0 0 0 0 0 8
"191" 191 0.0 0 0 1 0 0 0 0 0 0 0 497 2 0 0 0 0 0 0 0 0
"192" 192 0.0178571428571 0 3 4 9 28 57 218 0 66 4 46 3 12 1 1 5 1 16 2 24
"193" 193 0.0 0 0 0 1 0 0 0 0 0 0 2 0 0 10 0 0 0 1 0 486
"194" 194 0.0689655172414 0 0 0 0 0 0 0 0 3 0 1 0 0 0 0 0 496 0 0 0
"195" 195 0.191860465116 0 1 19 84 1 0 0 0 310 0 8 0 0 0 0 0 1 2 0 74
"196" 196 0.299270072993 0 4 1 48 24 2 0 0 0 0 3 214 0 9 122 0 0 10 0 63
"197" 197 0.631386861314 0 1 34 14 16 78 16 0 50 11 30 4 21 14 89 6 48 29 21 18
"198" 198 0.15503875969 0 23 4 2 0 1 6 408 42 0 4 0 0 1 0 0 8 1 0 0
"199" 199 0.144278606965 0 0 0 0 0 0 0 0 0 0 1 0 0 498 0 0 0 1 0 0
"200" 200 0.00836820083682 0 0 0 0 0 0 0 0 0 500 0 0 0 0 0 0 0 0 0 0
"201" 201 0.245283018868 0 0 0 0 0 0 0 497 0 0 3 0 0 0 0 0 0 0 0 0
"202" 202 0.0384615384615 0 0 0 0 0 0 0 0 0 0 0 500 0 0 0 0 0 0 0 0
"203" 203 0.683937823834 0 89 17 72 88 46 0 0 25 0 17 8 4 32 38 0 1 41 2 20
"204" 204 0.337748344371 0 36 408 19 0 0 0 0 0 0 15 22 0 0 0 0 0 0 0 0
"205" 205 0.495535714286 0 3 3 0 2 0 0 0 0 0 2 0 0 0 1 0 0 482 0 7
"206" 206 0.324873096447 0 135 9 29 22 26 15 0 31 3 27 11 6 21 11 3 22 117 6 6
"207" 207 0.124352331606 0 290 3 5 54 6 2 0 6 0 26 3 22 0 14 0 13 39 3 14
"208" 208 0.0 0 0 4 0 367 0 0 0 1 0 116 2 1 0 0 0 0 9 0 0
"209" 209 0.0348258706468 0 0 0 0 0 0 0 0 0 0 0 0 0 492 0 0 0 0 0 8
"210" 210 0.200836820084 0 14 4 49 30 108 3 0 2 38 33 2 5 36 45 16 0 23 70 22
"211" 211 0.277372262774 0 21 3 19 28 3 0 0 0 6 19 0 8 39 252 1 0 58 8 35
"212" 212 0.0 0 0 0 0 1 0 495 0 0 0 0 0 0 0 0 0 4 0 0 0
"213" 213 0.00418410041841 0 0 0 0 0 0 0 0 0 362 2 0 5 0 0 3 0 0 127 1
"214" 214 0.383211678832 0 2 2 1 96 195 51 0 6 3 13 0 0 10 64 0 0 26 4 27
"215" 215 0.104651162791 0 12 2 30 59 12 135 0 23 6 15 0 5 11 9 4 134 22 19 2
"216" 216 0.0298507462687 0 0 0 3 0 0 0 0 0 0 0 0 0 494 0 0 0 0 0 3
"217" 217 0.0576923076923 0 0 0 0 0 0 0 0 0 0 0 500 0 0 0 0 0 0 0 0
"218" 218 0.156976744186 0 0 4 0 0 0 0 0 463 5 0 0 13 0 0 15 0 0 0 0
"219" 219 0.0377358490566 0 0 0 0 0 0 0 499 0 0 1 0 0 0 0 0 0 0 0 0
"220" 220 0.424870466321 0 285 7 171 1 2 1 0 21 0 0 7 0 0 0 0 4 1 0 0
"221" 221 0.34375 0 0 0 0 0 0 0 0 1 0 0 0 0 1 0 0 0 498 0 0
"222" 222 0.770114942529 0 89 29 64 18 47 25 0 36 3 35 17 5 13 12 0 34 53 11 9
"223" 223 0.350574712644 0 33 35 22 28 11 14 0 57 1 22 3 0 25 30 1 39 167 0 12
"224" 224 0.0390070921986 0 0 0 0 0 0 0 0 0 0 0 0 0 0 0 500 0 0 0 0
"225" 225 0.522012578616 0 0 1 0 1 0 1 493 1 0 1 0 0 0 0 1 0 1 0 0
"226" 226 0.317307692308 0 0 0 0 0 0 0 0 0 0 0 500 0 0 0 0 0 0 0 0
"227" 227 0.0 0 0 4 1 0 0 0 0 35 0 27 0 1 0 0 0 432 0 0 0
"228" 228 0.354651162791 0 2 170 6 20 41 0 0 211 1 11 1 1 0 9 0 0 19 0 8
"229" 229 0.675496688742 0 16 50 71 32 37 0 0 131 12 2 11 22 25 16 1 0 26 38 10
"230" 230 0.0871559633028 0 0 0 0 31 1 0 0 0 0 2 0 0 0 0 0 0 1 0 465
"231" 231 0.509433962264 0 2 0 5 5 7 0 437 3 0 6 1 0 0 26 0 2 2 1 3
"232" 232 0.466321243523 0 20 0 78 24 103 0 0 0 3 2 0 4 41 197 0 0 14 3 11
"233" 233 0.155893536122 0 0 0 0 0 0 0 0 0 1 0 0 0 0 0 0 0 0 499 0
"234" 234 0.426160337553 0 62 27 31 38 123 0 0 0 7 14 1 32 42 65 3 3 31 6 15
"235" 235 0.654088050314 0 0 2 0 0 5 0 482 4 0 2 1 1 0 0 0 0 3 0 0
"236" 236 0.668874172185 0 71 75 86 13 48 1 0 38 0 25 34 0 25 19 1 1 43 1 19
"237" 237 0.0376569037657 0 20 15 11 5 0 87 0 16 303 21 0 1 6 0 3 2 7 0 3
"238" 238 0.345911949686 0 6 3 0 0 4 1 469 0 0 4 1 10 0 0 0 0 1 0 1
"239" 239 0.763713080169 0 75 19 40 47 48 42 0 15 5 6 2 2 26 3 33 86 26 13 12
"240" 240 0.27304964539 0 0 0 1 7 2 0 0 0 34 1 0 9 0 1 387 0 0 55 3
"241" 241 0.713178294574 0 49 43 44 30 43 2 44 29 1 51 17 6 74 12 3 1 35 3 13
"242" 242 0.416058394161 0 0 16 0 11 76 0 38 127 0 19 2 0 0 190 0 0 19 0 2
"243" 243 0.367713004484 0 1 1 9 159 106 0 0 3 0 6 0 0 140 26 15 1 15 0 18
"244" 244 0.528497409326 0 32 306 18 8 19 0 18 1 1 33 0 0 22 24 0 0 10 1 7
"245" 245 0.0753138075314 0 1 0 3 2 0 0 11 1 225 0 1 5 237 0 2 0 0 10 2
"246" 246 0.291390728477 0 19 234 26 19 55 0 0 54 0 35 16 2 1 12 0 0 23 0 4
"247" 247 0.590717299578 0 79 33 31 71 63 2 0 82 2 7 4 2 54 14 0 1 41 4 10
"248" 248 0.0689655172414 0 0 0 0 3 0 164 0 6 0 4 0 0 23 0 0 300 0 0 0
"249" 249 0.00574712643678 0 0 3 0 0 0 0 0 25 0 131 0 0 0 0 0 341 0 0 0
"250" 250 0.509433962264 0 0 31 0 1 22 0 347 42 1 13 4 2 4 6 3 0 17 5 2
"251" 251 0.59748427673 0 66 2 103 24 38 0 89 2 0 68 10 2 33 21 0 1 13 2 26
"252" 252 0.0298507462687 0 0 0 0 0 0 0 0 0 0 1 0 0 499 0 0 0 0 0 0
"253" 253 0.316062176166 0 412 4 71 0 0 1 0 3 0 0 5 0 1 0 0 1 2 0 0
"254" 254 0.647321428571 0 61 17 7 20 62 18 0 53 4 20 10 5 14 16 0 20 159 5 9
"255" 255 0.238341968912 0 36 3 36 22 109 0 0 0 0 43 3 3 183 22 4 0 26 2 8
"256" 256 0.0 0 0 0 0 0 0 0 0 0 0 0 500 0 0 0 0 0 0 0 0
"257" 257 0.284671532847 0 0 0 6 460 6 0 0 0 0 5 0 0 0 8 0 0 5 0 10
"258" 258 0.304635761589 0 31 95 20 74 59 0 0 0 0 31 6 1 18 66 4 0 81 0 14
"259" 259 0.0 0 0 0 0 0 0 0 0 0 0 1 0 0 499 0 0 0 0 0 0
"260" 260 0.00497512437811 0 0 0 0 0 0 0 0 0 0 0 0 0 500 0 0 0 0 0 0
"261" 261 0.264900662252 0 19 20 10 27 101 0 0 0 11 91 11 6 28 31 6 0 114 6 19
"262" 262 0.318385650224 0 13 8 38 24 64 0 0 2 4 49 2 3 170 29 1 0 18 7 68
"263" 263 0.0 0 0 0 0 10 0 0 0 1 0 1 0 0 0 0 0 0 1 0 487
"264" 264 0.0248756218905 0 0 0 0 0 0 0 0 0 0 0 0 0 500 0 0 0 0 0 0
"265" 265 0.282296650718 0 0 1 1 1 0 0 0 0 0 0 0 496 0 0 0 0 0 0 1
"266" 266 0.0304182509506 0 0 0 0 0 0 0 0 0 493 0 0 0 0 0 0 0 0 7 0
"267" 267 0.0984455958549 0 341 1 132 3 4 0 0 1 0 2 0 1 1 8 0 0 6 0 0
"268" 268 0.194968553459 0 0 0 0 0 0 0 499 0 0 0 0 0 0 0 0 0 1 0 0
"269" 269 0.723076923077 0 68 21 112 32 74 0 0 3 0 41 21 1 24 22 0 4 46 6 25
"270" 270 0.616033755274 0 45 4 62 217 36 0 0 0 0 22 4 1 37 22 0 0 39 0 11
"271" 271 0.0510948905109 0 0 0 0 0 0 0 0 0 0 0 0 0 0 500 0 0 0 0 0
"272" 272 0.10152284264 0 0 10 0 0 0 417 0 11 0 23 2 0 0 0 0 36 0 0 1
"273" 273 0.364238410596 0 9 99 5 27 22 0 0 11 0 21 7 196 15 73 0 0 8 1 6
"274" 274 0.0077519379845 0 0 2 0 0 0 0 4 0 0 492 2 0 0 0 0 0 0 0 0
"275" 275 0.675105485232 0 6 11 16 35 61 37 0 17 12 31 25 8 54 16 16 26 72 34 23
"276" 276 0.348837209302 0 95 2 11 127 19 1 0 1 0 26 0 1 22 7 1 0 179 0 8
"277" 277 0.0 0 0 5 0 0 0 0 0 0 0 492 3 0 0 0 0 0 0 0 0
"278" 278 0.233830845771 0 0 0 1 0 1 2 0 0 0 0 0 0 495 1 0 0 0 0 0
"279" 279 0.697674418605 0 21 53 69 48 104 0 0 22 1 25 6 4 62 20 1 0 41 5 18
"280" 280 0.0813397129187 0 0 0 0 0 0 0 0 0 0 0 0 500 0 0 0 0 0 0 0
"281" 281 0.415094339623 0 82 27 28 20 55 1 147 6 0 50 10 1 8 25 1 4 24 0 11
"282" 282 0.0 0 0 0 0 0 0 0 0 0 287 0 0 0 0 0 0 0 0 213 0
"283" 283 0.0418410041841 0 0 0 0 0 0 0 0 0 500 0 0 0 0 0 0 0 0 0 0
"284" 284 0.677130044843 0 67 70 33 53 36 7 0 8 1 89 16 1 46 19 0 0 38 2 14
"285" 285 0.518134715026 0 367 2 39 3 7 0 0 14 5 3 7 7 13 4 1 0 10 12 6
"286" 286 0.229885057471 0 1 18 0 0 0 0 0 71 0 69 1 0 0 0 0 340 0 0 0
"287" 287 0.517441860465 0 3 158 13 24 21 0 0 102 0 2 160 0 3 7 0 1 2 1 3
"288" 288 0.489451476793 0 1 1 51 14 22 4 0 4 81 18 1 158 3 6 1 5 6 98 26
"289" 289 0.22641509434 0 1 1 0 0 1 0 488 0 0 5 0 0 0 0 0 0 3 0 1
"290" 290 0.563218390805 0 5 6 4 40 74 58 0 46 8 12 4 0 27 35 0 119 47 9 6
"291" 291 0.0377358490566 0 0 0 0 0 0 0 500 0 0 0 0 0 0 0 0 0 0 0 0
"292" 292 0.88995215311 0 11 36 9 180 26 51 16 31 0 7 11 11 34 16 2 43 7 5 4
"293" 293 0.497512437811 0 41 4 5 1 0 36 0 4 0 3 20 0 356 1 0 11 4 3 11
