"site" "RSA" "aa1" "aa2" "aa3" "aa4" "aa5" "aa6" "aa7" "aa8" "aa9" "aa10" "aa11" "aa12" "aa13" "aa14" "aa15" "aa16" "aa17" "aa18" "aa19" "aa20"
"0" 0 0.646788990826 0 0 0 0 0 0 1 0 0 0 0 0 0 0 0 0 2 0 0 26
"1" 1 0.515695067265 0 0 1 0 22 3 0 0 0 0 3 0 0 0 3 0 0 3 0 0
"2" 2 0.53488372093 0 2 9 5 0 0 0 2 8 0 8 0 2 0 0 0 2 0 0 0
"3" 3 0.0203045685279 0 0 0 0 0 0 35 0 0 0 0 0 0 6 0 0 8 0 0 0
"4" 4 0.130801687764 0 0 0 0 0 53 0 0 0 0 0 0 0 0 1 0 0 0 0 2
"5" 5 0.0 38 0 0 0 0 0 2 0 0 1 0 1 0 14 0 0 0 0 0 0
"6" 6 0.0 0 0 0 0 0 0 1 0 0 1 0 0 0 0 0 0 54 0 0 0
"7" 7 0.0 0 0 0 0 0 0 9 0 1 0 2 0 0 6 0 0 38 0 0 0
"8" 8 0.0 0 0 0 0 0 0 1 0 2 0 0 0 0 1 0 0 52 0 0 0
"9" 9 0.0 0 0 0 0 0 0 0 0 0 0 0 56 0 0 0 0 0 0 0 0
"10" 10 0.129533678756 0 54 0 0 0 0 0 0 0 0 0 0 0 0 0 0 0 1 0 0
"11" 11 0.317307692308 0 0 1 0 0 0 0 0 0 0 1 50 0 0 2 0 1 1 0 0
"12" 12 0.643410852713 0 0 3 0 0 0 0 0 5 0 49 0 0 0 0 0 0 0 0 0
"13" 13 0.0114942528736 9 0 0 0 0 0 0 0 0 0 1 0 0 0 0 0 46 1 0 0
"14" 14 0.221153846154 1 1 0 0 1 0 0 0 0 0 0 53 0 0 0 0 0 1 0 0
"15" 15 0.0632911392405 0 0 0 0 0 56 0 0 0 0 0 0 0 0 0 0 0 1 0 0
"16" 16 0.122093023256 0 0 1 0 0 0 0 0 55 0 0 0 0 0 0 0 1 0 0 0
"17" 17 0.0886075949367 48 0 6 0 0 1 0 0 0 1 1 0 0 0 0 0 0 0 0 0
"18" 18 0.00497512437811 0 0 0 0 0 0 1 0 0 0 0 0 0 43 0 0 0 0 0 13
"19" 19 0.0 1 0 0 0 0 0 2 0 0 0 0 0 0 51 0 0 2 0 0 0
"20" 20 0.10152284264 0 0 0 1 0 0 38 0 2 3 0 0 0 2 0 0 7 0 0 3
"21" 21 0.00662251655629 6 0 36 0 0 0 1 0 2 0 4 0 0 0 1 0 6 0 0 0
"22" 22 0.155893536122 1 0 0 0 0 0 0 0 0 11 0 0 0 0 0 0 0 0 44 0
"23" 23 0.232558139535 1 0 6 0 0 0 1 0 41 0 6 0 0 0 0 0 0 0 0 0
"24" 24 0.482558139535 1 0 3 5 0 9 1 0 35 0 2 0 0 0 0 0 0 0 0 0
"25" 25 0.615384615385 0 11 0 34 0 0 1 0 0 0 0 9 0 0 0 0 0 1 0 0
"26" 26 0.387596899225 1 1 5 1 6 9 1 0 2 0 18 6 0 0 1 0 1 4 0 0
"27" 27 0.334728033473 2 0 0 0 0 0 0 0 0 49 0 0 0 1 0 0 0 0 4 0
"28" 28 0.138364779874 0 0 0 1 1 0 0 53 0 0 0 0 0 1 0 0 0 0 0 0
"29" 29 0.644230769231 0 4 8 1 2 4 0 0 8 0 0 15 0 2 1 0 1 9 0 1
"30" 30 0.580357142857 0 11 0 0 2 2 1 0 0 0 0 1 0 0 2 0 5 32 0 0
"31" 31 0.285171102662 0 0 0 2 0 0 1 0 0 0 0 0 1 0 0 0 0 0 51 0
"32" 32 0.472081218274 0 0 1 1 0 0 17 0 0 0 0 0 0 0 1 0 35 0 0 0
"33" 33 0.301886792453 0 0 0 0 0 0 0 54 0 0 0 0 1 1 0 0 0 0 0 0
"34" 34 0.744186046512 0 0 1 0 0 0 0 0 55 0 0 0 0 0 0 0 0 0 0 0
"35" 35 0.454022988506 0 0 0 0 1 0 5 0 0 0 5 0 0 0 0 0 46 0 0 0
"36" 36 0.326359832636 0 0 0 0 0 0 0 0 0 55 0 0 0 2 0 0 0 0 0 0
"37" 37 0.39896373057 0 43 0 1 0 0 0 0 0 0 0 0 1 0 0 0 0 12 0 0
"38" 38 0.4 0 1 1 49 1 1 0 0 3 0 0 0 1 0 0 0 0 0 0 0
"39" 39 0.121673003802 0 0 0 0 1 0 0 0 0 6 0 0 1 1 0 0 0 0 48 0
"40" 40 0.490066225166 0 0 30 0 0 0 0 0 2 0 11 0 0 1 0 0 10 0 0 3
"41" 41 0.0697674418605 0 0 4 0 1 0 0 0 1 0 38 0 0 0 0 0 13 0 0 0
"42" 42 0.533333333333 0 10 5 21 5 1 0 2 9 0 0 0 0 1 0 0 3 0 0 0
"43" 43 0.17816091954 0 0 2 0 0 0 10 0 0 0 0 0 0 2 0 0 38 1 0 4
"44" 44 0.610091743119 0 1 5 0 2 1 2 0 9 1 1 0 0 1 0 0 5 8 0 21
"45" 45 0.258620689655 1 0 0 0 0 0 8 0 0 1 1 0 0 2 0 0 43 0 0 1
"46" 46 0.554404145078 0 41 0 2 0 0 0 0 0 0 0 10 0 0 0 0 0 4 0 0
"47" 47 0.634615384615 0 3 2 4 0 1 0 0 1 0 1 42 0 0 1 0 0 2 0 0
"48" 48 0.20253164557 0 1 2 5 3 18 2 0 3 0 1 0 0 1 11 0 1 8 0 1
"49" 49 0.452830188679 0 0 2 2 5 1 1 29 8 0 0 0 0 1 2 0 1 0 1 4
"50" 50 0.0344827586207 0 0 0 0 0 0 14 0 0 0 0 0 0 0 0 0 32 0 10 1
"51" 51 0.241025641026 2 0 10 19 0 2 0 0 8 0 1 0 0 1 3 0 1 10 0 0
"52" 52 0.00497512437811 0 0 0 0 0 0 2 0 0 0 0 0 0 54 0 0 1 0 0 0
"53" 53 0.134615384615 0 0 4 3 6 0 0 0 0 0 9 33 0 0 1 0 0 1 0 0
"54" 54 0.0 0 0 1 0 0 0 1 0 0 0 0 0 0 55 0 0 0 0 0 0
"55" 55 0.237588652482 4 0 0 1 0 0 1 0 0 8 0 0 0 0 0 41 0 0 2 0
"56" 56 0.0310880829016 0 56 0 1 0 0 0 0 0 0 0 0 0 0 0 0 0 0 0 0
"57" 57 0.0290697674419 0 0 0 0 0 0 0 0 56 0 1 0 0 0 0 0 0 0 0 0
"58" 58 0.0387596899225 0 0 1 0 0 0 0 0 0 0 56 0 0 0 0 0 0 0 0 0
"59" 59 0.0576923076923 0 0 1 0 0 0 0 0 0 0 1 55 0 0 0 0 0 0 0 0
"60" 60 0.358744394619 0 0 0 0 54 0 0 0 0 0 1 0 0 0 0 0 0 0 0 2
"61" 61 0.691964285714 0 7 0 0 0 0 0 0 0 0 0 0 0 0 0 0 0 49 0 0
"62" 62 0.647668393782 0 44 0 0 0 1 0 0 0 0 0 0 0 0 0 0 0 11 0 0
"63" 63 0.326996197719 0 0 0 0 0 0 0 0 0 6 0 0 0 0 0 0 0 0 50 0
"64" 64 0.310880829016 0 50 1 2 0 0 0 0 1 0 0 0 0 0 0 0 1 2 0 0
"65" 65 0.835766423358 0 0 1 2 3 7 1 0 0 0 0 0 0 0 43 0 0 0 0 0
"66" 66 0.52736318408 0 0 1 0 0 0 1 0 0 1 0 0 0 54 0 0 0 0 0 0
"67" 67 0.029197080292 1 0 0 0 0 0 0 0 0 0 0 0 0 0 56 0 0 0 0 0
"68" 68 0.0817610062893 0 0 1 0 0 0 0 47 3 0 0 0 3 2 1 0 0 0 0 0
"69" 69 0.621890547264 0 0 0 0 0 0 1 0 0 1 0 0 0 53 0 0 0 0 0 2
"70" 70 0.245033112583 5 0 49 1 1 0 0 0 0 0 1 0 0 0 0 0 0 0 0 0
"71" 71 0.0190114068441 0 0 0 0 0 0 0 0 0 2 0 0 0 0 0 0 0 0 55 0
"72" 72 0.51572327044 0 0 0 1 0 0 0 49 2 1 1 0 0 1 2 0 0 0 0 0
"73" 73 0.385650224215 0 12 0 7 27 1 0 0 0 0 0 4 0 0 2 0 0 2 0 2
"74" 74 0.0639534883721 0 0 4 0 0 0 0 0 47 0 5 0 0 0 0 0 0 0 0 1
"75" 75 0.310880829016 0 47 1 8 0 0 0 0 0 0 0 0 0 0 0 0 0 0 0 0
"76" 76 0.0 0 0 0 0 0 0 5 0 0 0 0 0 0 1 0 0 50 0 0 0
"77" 77 0.0 0 0 0 0 0 0 4 0 0 46 0 0 0 1 0 0 5 0 0 0
"78" 78 0.0 0 0 0 0 0 0 5 0 0 1 0 0 0 46 0 0 4 0 0 0
"79" 79 0.0 0 0 0 0 0 0 25 0 0 0 0 0 0 13 0 0 13 0 0 5
"80" 80 0.0 52 0 1 0 0 0 0 0 1 0 1 0 0 0 0 0 1 0 0 0
"81" 81 0.0 0 0 0 0 0 0 0 0 0 50 0 0 0 0 0 0 0 0 6 0
"82" 82 0.0198675496689 0 0 54 0 0 0 0 0 0 0 2 0 0 0 0 0 0 0 0 0
"83" 83 0.0 1 0 0 0 0 0 11 0 1 0 0 0 0 13 0 0 30 0 0 0
"84" 84 0.0459770114943 0 8 1 2 0 0 7 0 5 0 2 0 0 0 0 0 30 0 0 1
"85" 85 0.291390728477 2 2 35 8 0 0 0 0 0 0 0 1 0 2 1 1 1 2 1 0
"86" 86 0.14465408805 0 0 1 0 0 1 0 45 0 0 0 0 2 1 4 0 1 1 0 0
"87" 87 0.488372093023 0 9 12 1 2 0 0 7 11 0 9 0 0 0 0 0 4 1 0 0
"88" 88 0.0198675496689 0 0 56 0 0 0 0 0 0 0 0 0 0 0 0 0 0 0 0 0
"89" 89 0.108786610879 0 0 0 0 0 0 0 0 0 37 0 0 0 12 0 0 0 0 7 0
"90" 90 0.397321428571 0 5 3 2 5 1 0 0 1 1 3 0 2 1 0 0 0 32 0 0
"91" 91 0.25641025641 0 0 1 55 0 0 0 0 0 0 0 0 0 0 0 0 0 0 0 0
"92" 92 0.0 0 0 0 0 0 0 14 0 0 0 1 0 0 3 0 0 38 0 0 0
"93" 93 0.332116788321 0 0 11 0 4 12 0 2 2 0 3 2 1 2 11 1 1 3 1 0
"94" 94 0.46511627907 0 3 6 1 1 3 0 0 2 0 11 2 3 2 1 1 0 19 1 0
"95" 95 0.194092827004 0 0 1 0 0 51 0 0 1 0 0 0 0 0 1 0 1 1 0 0
"96" 96 0.0 0 0 0 0 0 0 0 0 0 0 0 0 0 0 0 56 0 0 0 0
"97" 97 0.300380228137 1 0 0 0 1 1 9 0 1 7 3 1 5 5 0 1 11 0 9 1
"98" 98 0.389937106918 0 0 4 1 0 0 0 50 0 0 0 1 0 0 0 0 0 0 0 0
"99" 99 0.116071428571 0 1 0 0 0 0 0 0 0 0 0 1 0 0 0 0 0 55 0 0
"100" 100 0.0 0 0 1 0 0 0 19 0 0 0 0 0 0 9 0 0 28 0 0 0
"101" 101 0.20802919708 1 0 8 1 4 9 0 0 5 2 0 0 3 2 19 0 0 2 0 1
"102" 102 0.712918660287 2 0 0 0 3 0 0 0 1 1 0 1 39 0 5 0 0 5 0 0
"103" 103 0.416267942584 0 0 0 1 0 0 0 0 1 11 0 1 36 0 0 0 0 0 7 0
"104" 104 0.0949367088608 33 0 5 1 1 0 0 0 1 0 11 0 0 0 1 0 1 2 1 0
"105" 105 0.471698113208 0 0 0 0 2 3 0 50 1 0 1 0 0 0 0 0 0 0 0 0
"106" 106 0.846889952153 0 9 4 17 0 9 0 0 1 0 0 11 1 1 2 0 0 2 0 0
"107" 107 0.133720930233 1 0 0 0 0 0 4 1 17 0 9 0 0 0 0 0 25 0 0 0
"108" 108 0.207547169811 0 0 0 0 0 3 0 50 0 0 3 1 0 0 0 0 0 0 0 0
"109" 109 0.0 1 0 0 0 1 3 34 0 0 8 0 0 0 2 0 0 5 0 1 2
"110" 110 0.0 0 0 0 0 0 0 28 0 0 0 0 0 0 17 0 0 10 0 0 2
"111" 111 0.0 0 0 0 0 0 0 0 0 0 1 0 0 0 53 0 0 2 0 0 1
"112" 112 0.0 0 0 0 0 0 0 5 0 0 0 0 0 0 0 0 0 52 0 0 0
"113" 113 0.0 0 0 0 0 0 0 0 0 0 0 1 55 0 0 0 0 1 0 0 0
"114" 114 0.0290697674419 3 0 1 5 0 0 0 0 46 0 1 0 0 1 0 0 0 0 0 0
"115" 115 0.295358649789 0 0 0 0 13 43 0 1 0 0 0 0 0 0 0 0 0 0 0 0
"116" 116 0.223880597015 3 0 6 1 1 8 9 0 2 0 1 0 0 19 1 0 3 0 0 3
"117" 117 0.227979274611 0 55 0 0 0 0 0 0 1 0 0 0 0 0 0 0 0 1 0 0
"118" 118 0.26368159204 1 0 0 0 0 0 0 0 1 0 0 0 0 52 1 0 0 1 0 1
"119" 119 0.21897810219 0 0 0 0 0 3 0 0 0 0 0 0 0 0 54 0 0 0 0 0
"120" 120 0.678756476684 0 27 0 9 0 0 0 0 0 0 1 2 2 0 0 0 0 15 1 0
"121" 121 0.326424870466 0 48 2 4 0 0 0 0 0 0 0 0 1 0 0 0 0 2 0 0
"122" 122 0.514767932489 0 0 1 1 2 9 0 18 3 0 4 0 0 0 6 0 4 7 0 0
"123" 123 0.575129533679 0 9 2 2 2 5 0 1 3 0 5 3 1 0 2 1 2 15 0 2
"124" 124 0.0813953488372 0 0 2 0 1 0 1 1 29 2 2 0 0 0 1 0 10 4 1 1
"125" 125 0.279187817259 0 0 0 0 1 4 16 0 1 2 1 0 0 22 2 0 5 0 0 1
"126" 126 0.294642857143 0 5 2 3 6 10 4 0 0 0 6 0 0 0 3 0 0 17 0 0
"127" 127 0.492700729927 0 2 2 1 6 17 0 1 2 0 3 2 1 0 7 0 2 7 1 0
"128" 128 0.0298507462687 0 0 0 0 0 0 1 0 0 0 1 0 0 51 0 0 0 0 0 1
"129" 129 0.532846715328 0 3 6 1 5 13 0 0 1 0 14 1 2 1 6 0 1 2 0 0
"130" 130 0.709844559585 0 4 3 1 4 13 0 0 1 0 3 0 2 1 5 0 0 17 0 1
"131" 131 0.37552742616 1 0 2 3 9 15 0 2 4 0 1 1 0 0 7 0 0 4 3 4
"132" 132 0.620253164557 0 1 0 10 2 22 0 0 1 0 1 13 0 0 6 0 0 0 0 0
"133" 133 0.417910447761 0 2 1 0 23 2 1 0 0 0 2 0 1 13 0 0 1 6 0 4
"134" 134 0.441860465116 0 0 10 0 4 13 0 0 8 0 9 0 0 1 4 0 1 4 2 0
"135" 135 0.0943396226415 0 0 0 0 0 0 2 50 0 0 1 0 0 0 0 0 2 0 0 1
"136" 136 0.0406091370558 0 0 0 0 0 0 28 0 0 0 0 0 0 2 0 0 27 0 0 0
"137" 137 0.331395348837 0 0 18 1 1 5 0 1 23 0 1 1 0 0 4 0 0 2 0 0
"138" 138 0.425855513308 0 0 1 1 4 3 0 6 11 6 4 1 1 0 3 0 2 4 9 0
"139" 139 0.559748427673 0 4 7 1 6 1 0 1 4 0 5 0 3 1 0 0 0 23 0 0
"140" 140 0.421524663677 0 4 2 0 29 2 0 0 0 0 4 0 0 0 2 0 0 13 0 0
"141" 141 0.0 0 0 0 0 0 0 0 0 0 0 11 45 0 0 0 0 0 0 0 0
"142" 142 0.213930348259 0 1 3 1 11 4 1 0 1 1 1 0 0 12 6 0 2 9 1 2
"143" 143 0.426356589147 0 2 2 0 8 14 0 0 1 0 18 2 0 3 2 0 3 1 0 0
"144" 144 0.0183486238532 3 0 0 0 1 3 2 0 1 0 0 0 0 20 2 0 6 0 0 18
"145" 145 0.0387596899225 1 0 3 0 1 0 1 0 0 0 45 0 1 0 3 0 0 0 0 1
"146" 146 0.656934306569 0 2 3 4 3 21 0 0 0 0 3 1 1 0 10 0 0 8 0 0
"147" 147 0.415178571429 0 9 1 0 5 13 1 0 1 0 1 1 0 0 3 0 0 21 0 0
"148" 148 0.010152284264 0 0 0 0 0 0 38 0 2 0 0 0 0 10 0 0 6 0 0 0
"149" 149 0.480769230769 0 2 2 8 1 11 0 0 0 0 0 23 3 0 5 0 0 1 0 0
"150" 150 0.132450331126 2 0 1 0 0 0 0 0 0 0 53 0 0 0 0 0 0 0 0 0
"151" 151 0.48275862069 0 0 1 0 1 1 4 0 0 3 5 0 1 1 1 1 31 1 4 0
"152" 152 0.367088607595 3 1 6 0 2 30 0 0 2 0 8 1 0 0 2 0 1 0 0 0
"153" 153 0.041825095057 0 0 0 0 0 0 0 0 0 3 0 0 0 0 0 0 0 0 53 0
"154" 154 0.10447761194 0 0 0 0 0 2 5 0 0 2 3 0 0 24 1 0 10 0 0 9
"155" 155 0.116071428571 0 0 0 0 0 0 0 0 0 0 0 0 0 0 0 0 0 56 0 0
"156" 156 0.00632911392405 56 0 0 0 0 0 0 0 0 0 0 0 0 0 0 0 0 0 0 0
"157" 157 0.0 0 0 55 0 0 0 0 0 0 0 0 0 0 1 0 0 0 0 0 0
"158" 158 0.100775193798 0 0 4 0 0 0 0 0 0 0 52 0 0 0 0 0 0 0 0 0
"159" 159 0.482587064677 0 0 0 0 0 11 0 0 0 1 0 0 0 37 3 0 2 1 0 1
"160" 160 0.31976744186 0 0 3 0 1 1 0 0 50 0 0 0 0 0 0 0 0 0 0 1
"161" 161 0.318385650224 0 0 1 0 37 6 0 0 0 0 0 2 0 4 5 0 0 0 0 1
"162" 162 0.624087591241 0 4 1 1 4 18 1 0 1 1 4 0 1 1 7 0 1 9 1 0
"163" 163 0.317307692308 1 0 0 13 0 1 0 0 0 0 0 40 0 0 0 0 0 0 0 0
"164" 164 0.0248756218905 0 0 0 0 0 0 4 0 0 0 0 0 0 33 0 0 18 0 0 0
"165" 165 0.548523206751 0 2 2 2 2 39 0 0 1 0 0 0 1 0 5 0 0 0 0 0
"166" 166 0.372093023256 0 7 4 5 9 0 0 0 6 0 7 0 0 0 0 0 1 14 0 1
"167" 167 0.0 0 0 0 0 0 0 2 0 0 0 1 0 0 2 0 0 49 0 0 0
"168" 168 0.0 0 0 0 0 0 0 0 0 0 54 0 0 0 0 0 0 0 0 0 0
"169" 169 0.170984455959 0 34 0 0 1 1 1 0 1 0 3 0 0 1 0 0 1 10 0 0
"170" 170 0.165178571429 0 4 2 2 1 0 0 0 8 0 4 1 0 0 0 0 0 31 0 0
"171" 171 0.0 0 0 0 0 0 0 0 0 0 0 53 0 0 0 0 0 0 0 0 0
"172" 172 0.0507614213198 0 0 0 0 0 0 32 0 8 0 3 1 0 0 0 0 8 0 0 1
"173" 173 0.419708029197 2 0 1 0 0 6 4 0 0 0 0 0 2 3 29 0 3 1 0 0
"174" 174 0.255813953488 1 0 3 1 0 0 3 0 3 0 33 0 0 1 0 0 5 0 1 0
"175" 175 0.258620689655 0 0 4 0 0 0 3 0 2 2 13 1 0 0 0 0 24 0 1 0
"176" 176 0.303482587065 0 0 0 0 0 0 5 0 0 0 0 0 0 42 0 0 2 0 0 1
"177" 177 1.05769230769 0 0 4 9 0 0 0 0 0 0 2 0 0 0 0 0 0 0 0 0
