"site" "RSA" "aa1" "aa2" "aa3" "aa4" "aa5" "aa6" "aa7" "aa8" "aa9" "aa10" "aa11" "aa12" "aa13" "aa14" "aa15" "aa16" "aa17" "aa18" "aa19" "aa20"
"0" 0 1.17054263566 0 64 53 31 27 16 6 0 89 0 26 130 1 11 7 0 19 18 0 2
"1" 1 0.273722627737 0 0 0 0 0 0 0 0 0 0 0 0 0 0 499 0 1 0 0 0
"2" 2 0.395348837209 0 12 6 4 1 14 44 9 232 1 12 1 0 10 3 0 110 8 1 32
"3" 3 0.0794979079498 0 0 1 0 2 1 2 0 14 188 1 0 2 58 0 214 6 1 0 10
"4" 4 0.0 0 0 0 0 0 0 0 0 0 497 0 0 3 0 0 0 0 0 0 0
"5" 5 0.0 0 0 0 0 0 0 0 0 1 0 0 0 0 0 0 0 499 0 0 0
"6" 6 0.0 0 0 2 0 0 0 0 0 0 0 14 484 0 0 0 0 0 0 0 0
"7" 7 0.0 0 0 0 0 0 0 0 0 0 0 0 500 0 0 0 0 0 0 0 0
"8" 8 0.0205128205128 0 319 4 128 0 0 0 0 1 0 2 0 4 0 40 0 0 0 2 0
"9" 9 0.00418410041841 0 0 0 0 0 0 0 0 0 500 0 0 0 0 0 0 0 0 0 0
"10" 10 0.253164556962 0 0 16 0 0 55 0 0 0 0 0 426 0 0 0 0 0 2 0 1
"11" 11 0.805970149254 0 156 14 95 37 50 0 0 15 1 38 12 5 28 10 0 1 23 3 12
"12" 12 0.389743589744 0 0 40 48 18 36 0 0 0 0 59 14 27 7 231 0 0 4 0 16
"13" 13 0.317307692308 0 0 0 0 0 0 0 0 0 0 0 500 0 0 0 0 0 0 0 0
"14" 14 0.264900662252 0 4 466 2 1 1 0 0 0 0 14 0 7 1 3 0 0 1 0 0
"15" 15 0.540084388186 0 1 15 0 41 155 0 36 0 0 150 6 0 0 23 0 0 61 0 12
"16" 16 0.708520179372 0 77 5 8 21 72 11 0 18 2 23 5 2 15 6 0 11 211 6 7
"17" 17 0.218543046358 0 42 135 22 24 42 0 0 74 0 21 4 4 32 18 0 3 66 0 13
"18" 18 0.0 0 0 0 0 0 0 498 0 0 0 0 0 0 0 0 0 2 0 0 0
"19" 19 0.379746835443 0 1 2 2 17 261 0 0 2 4 76 9 4 7 17 15 0 55 14 14
"20" 20 0.491071428571 0 13 11 43 30 99 9 0 11 0 74 5 0 13 118 23 0 35 6 10
"21" 21 0.0304568527919 0 1 0 1 2 0 440 0 1 1 1 0 0 48 0 0 5 0 0 0
"22" 22 0.0 0 6 4 32 1 0 312 0 48 0 20 1 0 44 0 0 32 0 0 0
"23" 23 0.285714285714 0 139 16 28 44 32 0 0 10 5 81 2 1 3 25 17 0 76 19 2
"24" 24 0.222627737226 0 22 13 31 19 8 1 0 51 0 26 4 5 96 9 136 0 16 0 63
"25" 25 0.0149253731343 0 0 34 1 0 0 0 0 14 0 5 41 0 405 0 0 0 0 0 0
"26" 26 0.138461538462 0 0 0 0 0 0 0 0 0 0 0 500 0 0 0 0 0 0 0 0
"27" 27 0.645348837209 0 0 41 4 32 56 0 0 191 3 30 10 1 21 53 4 0 44 8 2
"28" 28 0.124031007752 0 28 47 19 65 18 0 0 0 0 206 28 4 2 4 2 1 36 1 39
"29" 29 0.682119205298 0 10 22 12 153 32 42 0 67 3 3 1 3 19 13 0 68 48 1 3
"30" 30 0.0862944162437 0 0 0 0 1 0 389 0 11 0 0 0 0 1 0 0 91 0 0 7
"31" 31 0.125786163522 0 0 0 0 0 0 0 500 0 0 0 0 0 0 0 0 0 0 0 0
"32" 32 0.65625 0 160 10 83 47 21 14 0 14 4 7 2 5 44 9 6 39 23 9 3
"33" 33 0.553846153846 0 0 0 0 0 1 0 0 0 0 0 499 0 0 0 0 0 0 0 0
"34" 34 0.0459770114943 0 0 0 0 0 0 0 0 2 0 0 0 0 0 0 0 498 0 0 0
"35" 35 0.241071428571 0 1 0 0 1 0 0 0 1 0 0 0 1 0 0 0 3 492 0 1
"36" 36 0.0 0 0 0 0 0 0 0 0 0 0 0 0 0 0 0 0 500 0 0 0
"37" 37 0.0 0 0 0 0 0 0 0 0 1 0 0 0 0 0 0 0 499 0 0 0
"38" 38 0.0 0 1 1 0 0 0 442 0 3 1 0 0 0 0 0 0 51 0 0 1
"39" 39 0.0 500 0 0 0 0 0 0 0 0 0 0 0 0 0 0 0 0 0 0 0
"40" 40 0.0 0 0 0 0 0 0 0 500 0 0 0 0 0 0 0 0 0 0 0 0
"41" 41 0.106918238994 0 0 0 0 0 0 0 500 0 0 0 0 0 0 0 0 0 0 0 0
"42" 42 0.356589147287 0 2 4 1 1 0 4 319 7 122 14 13 0 0 0 5 7 0 1 0
"43" 43 0.697674418605 0 66 7 15 35 159 10 0 41 0 21 1 1 24 15 0 29 67 1 8
"44" 44 0.186311787072 0 0 0 0 0 0 0 0 0 88 0 0 2 1 0 3 0 0 406 0
"45" 45 0.0547263681592 0 0 0 0 0 0 1 0 0 0 0 0 0 499 0 0 0 0 0 0
"46" 46 0.528497409326 0 3 5 1 14 98 0 0 0 8 39 11 9 103 92 17 1 78 20 1
"47" 47 0.216730038023 0 0 0 0 0 0 0 0 0 441 0 0 5 0 0 14 1 0 39 0
"48" 48 0.0 0 0 4 0 0 0 0 0 0 0 496 0 0 0 0 0 0 0 0 0
"49" 49 0.247126436782 0 0 12 0 13 14 0 0 3 52 117 3 38 0 11 60 10 3 152 12
"50" 50 0.53642384106 0 39 15 18 27 71 32 0 24 9 37 7 3 23 25 0 1 64 21 84
"51" 51 0.0796019900498 0 4 1 6 28 14 1 0 2 0 4 0 2 409 2 0 2 13 0 12
"52" 52 0.155172413793 0 0 12 0 0 0 9 0 18 0 35 0 0 3 0 0 416 0 0 7
"53" 53 0.53164556962 0 8 29 18 1 56 7 0 188 3 0 3 105 5 4 6 50 6 10 1
"54" 54 0.189873417722 0 24 51 37 72 31 45 0 2 3 22 2 0 46 2 4 3 123 15 18
"55" 55 0.77358490566 0 106 102 22 16 40 0 72 14 0 34 12 0 8 13 1 5 53 1 1
"56" 56 0.152466367713 0 2 3 35 387 0 0 0 5 0 1 0 0 12 0 0 0 51 0 4
"57" 57 0.0632183908046 0 0 17 0 14 1 3 0 269 0 35 1 0 0 1 0 94 10 0 55
"58" 58 0.186046511628 0 0 35 15 23 20 0 0 72 29 12 23 13 43 70 0 0 8 121 16
"59" 59 0.0287356321839 0 0 0 0 0 0 9 0 6 0 3 0 0 0 0 0 482 0 0 0
"60" 60 0.0 0 0 0 0 0 0 0 0 0 0 0 500 0 0 0 0 0 0 0 0
"61" 61 0.015503875969 0 0 22 0 0 0 0 0 0 0 464 14 0 0 0 0 0 0 0 0
"62" 62 0.206278026906 0 6 27 7 31 0 96 0 267 0 5 7 0 0 0 0 52 1 0 1
"63" 63 0.0666666666667 0 1 0 444 0 1 0 0 2 0 3 36 4 0 7 1 0 0 1 0
"64" 64 0.015503875969 0 0 43 0 0 0 0 0 0 0 455 2 0 0 0 0 0 0 0 0
"65" 65 0.197718631179 0 2 174 2 2 0 0 0 5 0 78 164 0 0 0 0 0 1 62 10
"66" 66 0.134328358209 0 89 64 159 18 16 0 7 0 0 36 6 1 0 54 15 0 22 8 5
"67" 67 0.459915611814 0 0 7 3 34 19 0 0 4 114 16 0 8 0 20 5 2 8 254 6
"68" 68 0.147286821705 0 0 128 0 12 31 0 0 1 0 239 28 0 2 7 0 0 50 0 2
"69" 69 0.596026490066 0 1 107 24 7 25 0 0 135 19 25 14 42 1 16 3 0 12 46 23
"70" 70 0.605769230769 0 0 0 0 0 0 0 0 0 0 0 500 0 0 0 0 0 0 0 0
"71" 71 0.736434108527 0 159 4 125 31 15 1 6 10 0 58 24 1 14 11 0 4 31 2 4
"72" 72 0.322175732218 0 0 0 0 0 0 0 0 0 262 0 0 11 0 1 0 0 0 226 0
"73" 73 0.895348837209 0 18 61 7 43 92 8 2 68 2 26 3 6 18 11 0 25 102 5 3
"74" 74 0.673076923077 0 0 0 0 0 0 0 0 0 0 0 500 0 0 0 0 0 0 0 0
"75" 75 0.330357142857 0 5 23 4 210 59 0 0 98 2 9 7 4 1 11 22 0 29 5 11
"76" 76 0.297435897436 0 22 11 85 47 1 55 0 16 28 85 3 2 5 4 1 59 1 67 8
"77" 77 0.0529801324503 0 0 86 0 0 0 0 0 4 266 5 0 17 0 0 0 0 0 122 0
"78" 78 0.0 0 0 44 0 0 0 0 0 237 0 65 0 0 0 0 0 154 0 0 0
"79" 79 0.331606217617 0 6 24 1 15 57 1 0 12 12 74 19 12 46 16 8 44 65 37 51
"80" 80 0.511210762332 0 53 1 8 113 25 8 0 12 2 16 0 0 104 19 17 29 75 2 16
"81" 81 0.0152284263959 0 0 1 0 0 0 437 0 6 0 6 0 0 0 0 0 50 0 0 0
"82" 82 0.405063291139 0 1 10 0 18 227 2 0 0 1 100 11 2 55 50 7 0 4 6 6
"83" 83 0.689119170984 0 0 14 5 66 101 0 0 10 1 181 18 1 17 29 0 0 46 2 9
"84" 84 0.195402298851 0 34 1 93 9 11 0 0 6 56 2 2 22 14 2 94 81 2 60 11
"85" 85 0.211538461538 0 0 0 0 0 0 0 0 0 0 0 500 0 0 0 0 0 0 0 0
"86" 86 0.0077519379845 0 0 5 0 0 0 0 0 0 0 492 3 0 0 0 0 0 0 0 0
"87" 87 0.455696202532 0 20 0 2 247 102 0 0 19 18 5 3 19 3 4 0 0 12 42 4
"88" 88 0.0780141843972 0 0 0 0 0 0 0 0 0 6 0 0 0 0 0 404 0 0 90 0
"89" 89 0.00574712643678 0 0 0 0 0 0 19 0 1 0 0 0 0 0 0 0 480 0 0 0
"90" 90 0.010152284264 0 0 0 0 0 0 464 0 0 0 0 0 0 0 0 0 36 0 0 0
"91" 91 0.00995024875622 0 0 0 0 0 0 10 0 0 0 0 0 0 490 0 0 0 0 0 0
"92" 92 0.0 0 0 0 0 0 0 0 0 0 0 0 500 0 0 0 0 0 0 0 0
"93" 93 0.0526315789474 0 3 0 0 0 0 0 0 0 0 1 0 496 0 0 0 0 0 0 0
"94" 94 0.158940397351 0 0 196 0 9 2 39 0 3 0 70 35 0 0 13 0 14 7 1 111
"95" 95 0.303571428571 0 17 167 18 6 17 1 0 74 0 12 0 0 6 114 0 2 60 1 5
"96" 96 0.21897810219 0 55 2 93 23 4 0 0 0 0 29 2 196 71 4 8 0 7 0 6
"97" 97 0.14598540146 0 0 0 0 1 0 0 0 0 0 0 0 0 0 498 0 1 0 0 0
"98" 98 0.470198675497 0 38 22 44 105 54 6 0 8 2 9 45 1 40 34 0 4 86 1 1
"99" 99 0.642585551331 0 84 19 55 31 77 6 0 7 2 41 6 6 47 26 0 10 60 13 10
"100" 100 0.485355648536 0 57 0 256 42 38 0 0 0 5 2 1 29 16 9 1 0 11 22 11
"101" 101 0.736842105263 0 1 6 11 0 0 0 0 1 0 5 107 366 0 0 0 0 3 0 0
"102" 102 0.0625 0 0 0 0 28 2 0 0 2 0 0 0 0 0 1 2 9 455 1 0
"103" 103 0.476683937824 0 373 13 56 2 1 1 0 27 0 0 23 0 1 0 0 0 1 1 1
"104" 104 0.165803108808 0 451 0 48 0 0 0 1 0 0 0 0 0 0 0 0 0 0 0 0
"105" 105 0.409282700422 0 85 44 34 24 53 1 0 11 2 28 5 4 50 31 34 3 65 5 21
"106" 106 0.217573221757 0 54 24 6 21 5 1 0 204 1 38 2 12 13 7 0 12 73 0 27
"107" 107 0.00507614213198 0 5 0 37 0 0 193 0 21 0 43 1 0 0 0 0 192 8 0 0
"108" 108 0.0 0 0 8 0 0 0 0 0 0 0 489 3 0 0 0 0 0 0 0 0
"109" 109 0.243523316062 0 32 17 21 32 104 12 0 11 0 42 0 0 98 42 15 1 56 0 17
"110" 110 0.0126582278481 0 0 1 0 6 483 0 0 0 1 4 0 0 0 0 0 0 0 2 3
"111" 111 0.0 0 0 1 0 2 0 0 0 154 0 47 0 0 0 0 0 296 0 0 0
"112" 112 0.476793248945 0 0 1 0 17 28 0 0 0 20 19 0 7 255 44 9 0 17 63 20
"113" 113 0.205020920502 0 0 0 0 0 0 0 0 0 499 1 0 0 0 0 0 0 0 0 0
"114" 114 0.0232558139535 0 0 9 0 0 0 0 0 15 0 472 4 0 0 0 0 0 0 0 0
"115" 115 0.203980099502 0 0 1 0 0 0 5 0 0 0 4 0 0 485 0 0 0 5 0 0
"116" 116 0.538461538462 0 2 19 1 93 64 0 0 7 0 196 48 1 6 11 0 0 35 1 16
"117" 117 0.255605381166 0 1 13 0 253 49 0 0 43 0 7 0 0 0 1 0 0 28 0 105
"118" 118 0.615384615385 0 0 0 0 0 0 0 0 0 0 0 500 0 0 0 0 0 0 0 0
"119" 119 0.0172413793103 0 0 1 0 0 0 0 0 44 0 10 1 0 15 0 0 429 0 0 0
"120" 120 0.0769230769231 0 0 0 0 0 0 0 0 0 0 0 500 0 0 0 0 0 0 0 0
"121" 121 0.0 0 0 0 0 0 0 0 0 0 0 0 0 0 0 0 0 500 0 0 0
"122" 122 0.0 0 0 0 0 0 0 492 0 0 0 0 0 0 0 0 0 8 0 0 0
"123" 123 0.00497512437811 0 0 0 0 0 0 0 0 0 0 0 0 0 499 0 0 0 0 0 1
"124" 124 0.0 500 0 0 0 0 0 0 0 0 0 0 0 0 0 0 0 0 0 0 0
"125" 125 0.010152284264 0 0 0 0 0 0 483 0 0 0 0 0 0 0 0 0 17 0 0 0
"126" 126 0.0961538461538 0 0 0 0 0 0 0 0 0 0 0 500 0 0 0 0 0 0 0 0
"127" 127 0.00446428571429 0 0 56 0 0 0 0 0 1 0 52 6 0 0 0 0 4 381 0 0
"128" 128 0.209302325581 0 1 214 1 3 6 0 0 223 0 5 7 0 5 28 1 0 3 1 2
"129" 129 0.18407960199 0 1 2 0 5 5 0 0 2 3 19 1 0 370 6 6 0 72 7 1
"130" 130 0.571428571429 0 115 22 24 57 70 8 0 29 0 41 19 1 18 15 1 7 66 3 4
"131" 131 0.285714285714 0 16 0 0 59 0 0 0 0 0 11 0 3 19 0 3 0 388 1 0
"132" 132 0.26582278481 0 0 0 0 0 0 0 0 0 126 0 0 23 0 0 47 0 0 303 1
"133" 133 0.679324894515 0 14 6 34 27 30 0 0 3 0 9 0 0 268 65 0 0 20 0 24
"134" 134 0.511627906977 0 81 30 157 7 16 0 0 0 3 112 20 3 6 5 45 0 6 6 3
"135" 135 0.5 0 4 0 48 1 8 0 0 0 0 0 423 5 0 5 0 0 1 5 0
"136" 136 0.438818565401 0 3 0 15 92 89 0 0 0 0 2 0 2 216 26 0 0 24 7 24
"137" 137 0.145348837209 0 0 137 0 15 20 2 0 76 0 41 60 0 57 15 0 17 35 0 25
"138" 138 0.353233830846 0 1 10 0 1 7 2 15 16 2 6 2 2 421 3 0 2 5 5 0
"139" 139 0.440414507772 0 27 8 21 24 88 118 0 13 2 34 3 2 21 14 3 47 52 9 14
"140" 140 0.0344827586207 0 2 20 0 50 22 3 0 4 1 80 8 1 0 249 0 11 33 0 16
"141" 141 0.0229885057471 0 0 9 0 0 0 384 0 37 0 27 0 0 0 0 0 43 0 0 0
"142" 142 0.348214285714 0 0 0 1 7 14 0 0 0 426 0 0 11 0 5 26 0 0 6 4
"143" 143 0.408759124088 0 28 8 49 48 105 15 0 6 0 36 5 3 70 49 0 7 46 2 23
"144" 144 0.0403587443946 0 0 0 0 459 0 0 0 0 0 4 0 0 0 0 0 0 35 0 2
"145" 145 0.0 0 0 0 0 0 0 0 0 0 0 0 0 0 500 0 0 0 0 0 0
"146" 146 0.205128205128 0 1 14 3 80 77 0 0 10 2 73 3 6 33 16 99 0 59 10 14
"147" 147 0.15503875969 0 0 16 1 4 16 0 0 0 10 332 4 5 0 0 71 0 6 29 6
"148" 148 0.0172413793103 0 0 0 0 0 0 0 0 4 0 4 0 0 0 0 0 492 0 0 0
"149" 149 0.119402985075 0 0 1 0 0 0 34 0 0 1 5 0 0 440 14 2 1 0 2 0
"150" 150 0.602678571429 0 55 8 12 38 132 0 0 24 6 57 4 4 65 11 0 0 39 25 20
"151" 151 0.321428571429 0 0 0 7 13 8 0 0 4 45 0 0 7 266 3 1 0 4 141 1
"152" 152 0.0574712643678 0 0 0 0 0 0 0 0 0 0 0 0 0 4 0 0 495 1 0 0
"153" 153 0.831223628692 0 46 69 26 51 18 0 0 192 1 9 3 1 27 8 0 2 39 2 6
"154" 154 0.538860103627 0 219 28 80 9 39 0 0 16 0 14 8 0 13 11 0 0 48 2 13
"155" 155 0.0425531914894 0 0 0 0 0 0 0 0 0 0 0 0 0 0 0 500 0 0 0 0
"156" 156 0.575581395349 0 24 59 24 23 38 1 0 133 6 10 9 5 58 13 3 4 50 12 28
"157" 157 0.523076923077 0 48 3 163 11 25 0 0 0 9 8 10 17 98 8 1 0 12 26 61
"158" 158 0.0172413793103 0 0 0 0 0 0 12 0 0 0 0 0 0 0 0 0 488 0 0 0
"159" 159 0.0 0 2 0 6 0 0 0 0 5 0 0 0 1 0 0 0 486 0 0 0
"160" 160 0.0 0 0 0 0 0 0 0 0 0 0 0 0 0 0 0 0 500 0 0 0
"161" 161 0.0 0 0 15 0 0 0 0 0 0 0 485 0 0 0 0 0 0 0 0 0
"162" 162 0.00760456273764 0 0 0 0 0 0 0 0 0 11 0 0 0 0 0 4 0 0 485 0
"163" 163 0.0669642857143 0 2 0 3 8 0 127 0 0 0 0 0 0 0 0 0 126 226 8 0
"164" 164 0.0062893081761 0 0 0 0 0 0 0 500 0 0 0 0 0 0 0 0 0 0 0 0
"165" 165 0.241379310345 0 0 2 1 64 16 3 0 1 8 128 4 5 25 68 43 40 59 23 10
"166" 166 0.031914893617 0 0 0 0 0 0 0 0 0 0 0 0 0 0 0 500 0 0 0 0
"167" 167 0.131782945736 0 0 6 0 0 0 0 0 0 0 492 2 0 0 0 0 0 0 0 0
"168" 168 0.46192893401 0 33 2 5 5 0 230 0 0 0 1 0 2 189 1 0 24 3 0 5
"169" 169 0.865384615385 0 0 0 0 0 0 0 0 0 0 0 500 0 0 0 0 0 0 0 0
"170" 170 0.302325581395 0 0 14 0 2 0 0 0 484 0 0 0 0 0 0 0 0 0 0 0
"171" 171 0.75 0 0 0 0 0 0 0 0 0 0 0 500 0 0 0 0 0 0 0 0
"172" 172 0.442786069652 0 1 0 5 72 29 0 0 0 9 1 0 5 337 1 0 0 4 20 16
"173" 173 0.627906976744 0 2 27 3 17 40 19 0 34 28 15 2 15 23 101 8 21 30 112 3
"174" 174 0.193798449612 0 1 120 0 0 0 0 0 54 0 324 1 0 0 0 0 0 0 0 0
"175" 175 0.296511627907 0 2 74 9 89 38 0 0 125 11 6 3 3 86 3 1 0 9 29 12
"176" 176 0.100628930818 0 0 0 0 0 0 0 497 0 0 3 0 0 0 0 0 0 0 0 0
"177" 177 0.517857142857 0 303 3 12 12 28 7 0 9 0 18 3 0 1 8 1 11 78 2 4
"178" 178 0.243523316062 0 265 3 11 18 15 0 0 11 21 44 2 7 1 0 2 11 39 5 45
"179" 179 0.0077519379845 0 0 10 0 0 0 0 0 0 0 490 0 0 0 0 0 0 0 0 0
"180" 180 0.192825112108 0 3 0 5 4 31 0 0 0 31 6 0 12 118 4 41 0 183 54 8
"181" 181 0.502590673575 0 15 6 37 43 95 23 0 18 2 54 2 3 38 77 4 22 41 9 11
"182" 182 0.0659898477157 0 0 2 0 4 0 385 0 24 0 3 0 1 1 0 0 62 1 0 17
"183" 183 0.0 0 0 0 1 0 0 0 0 0 0 0 0 499 0 0 0 0 0 0 0
"184" 184 0.271317829457 0 4 13 0 22 134 0 0 0 2 120 15 11 4 57 1 0 83 1 33
"185" 185 0.291390728477 0 14 22 17 22 14 0 0 1 0 343 20 0 0 7 8 0 26 0 6
"186" 186 0.00507614213198 0 0 0 0 0 0 493 0 0 0 0 0 0 6 0 0 1 0 0 0
"187" 187 0.0693430656934 0 0 0 0 0 0 0 0 0 0 0 0 0 0 500 0 0 0 0 0
"188" 188 0.675105485232 0 27 12 50 40 62 9 0 51 3 70 7 6 28 45 3 0 74 9 4
"189" 189 0.117154811715 0 0 0 0 0 0 0 0 0 438 0 0 0 0 0 1 0 0 61 0
"190" 190 0.0 0 0 0 0 0 0 0 0 0 0 0 0 0 500 0 0 0 0 0 0
"191" 191 0.232558139535 0 0 21 0 0 0 0 0 0 0 472 7 0 0 0 0 0 0 0 0
"192" 192 0.549668874172 0 29 44 63 56 86 0 0 52 1 17 5 0 42 18 0 1 68 3 15
"193" 193 0.46835443038 0 1 0 0 127 251 0 0 0 0 11 0 0 0 14 0 1 33 0 62
"194" 194 0.208955223881 0 0 0 1 0 0 0 0 0 0 0 0 0 499 0 0 0 0 0 0
"195" 195 0.278846153846 0 0 0 0 0 0 0 0 0 0 0 500 0 0 0 0 0 0 0 0
"196" 196 0.60621761658 0 21 140 13 20 76 2 0 92 3 23 13 3 0 17 9 7 55 3 3
"197" 197 0.535864978903 0 51 2 6 19 80 15 0 36 2 16 13 2 26 4 3 29 189 5 2
"198" 198 0.31007751938 0 3 4 35 10 118 69 0 48 0 24 2 1 5 109 0 61 3 0 8
"199" 199 0.0077519379845 0 0 6 0 0 0 0 0 0 0 484 10 0 0 0 0 0 0 0 0
"200" 200 0.225165562914 0 36 140 131 2 6 0 0 1 1 102 40 0 0 1 7 0 31 2 0
"201" 201 0.540178571429 0 11 8 42 24 154 0 0 25 0 9 3 1 113 39 0 0 46 3 22
"202" 202 0.0398009950249 0 0 0 0 0 0 0 0 11 0 2 0 0 487 0 0 0 0 0 0
"203" 203 0.105839416058 0 0 0 0 0 0 0 0 0 0 9 1 0 0 490 0 0 0 0 0
"204" 204 0.0 0 0 0 0 0 0 488 0 0 0 0 0 0 0 0 0 12 0 0 0
"205" 205 0.0 0 0 0 0 0 0 0 0 0 0 0 0 0 500 0 0 0 0 0 0
"206" 206 0.0342205323194 0 0 0 0 0 0 0 0 0 253 0 0 0 0 0 0 0 0 247 0
"207" 207 0.125 0 0 0 0 0 0 0 0 0 0 0 500 0 0 0 0 0 0 0 0
"208" 208 0.0865384615385 0 0 0 0 0 0 0 0 0 0 0 500 0 0 0 0 0 0 0 0
"209" 209 0.549668874172 0 146 14 113 19 9 8 0 3 1 81 23 1 19 3 0 15 23 0 22
"210" 210 0.046511627907 0 0 36 0 0 0 0 0 0 0 464 0 0 0 0 0 0 0 0 0
"211" 211 0.241025641026 0 78 6 367 1 4 0 0 24 0 2 1 0 0 5 0 0 3 0 9
"212" 212 0.201923076923 0 0 0 0 0 2 0 0 0 0 0 494 0 0 3 0 0 1 0 0
"213" 213 0.708609271523 0 101 175 58 11 26 0 0 42 0 14 6 2 18 9 1 0 25 0 12
"214" 214 0.2 0 14 11 349 26 7 0 0 0 0 46 1 7 0 1 0 0 11 0 27
"215" 215 0.0077519379845 0 0 4 0 0 0 0 0 0 0 496 0 0 0 0 0 0 0 0 0
"216" 216 0.379310344828 0 1 31 2 22 107 3 0 37 65 20 4 13 0 42 9 11 124 7 2
"217" 217 0.354651162791 0 13 17 97 107 131 0 0 6 0 17 6 1 45 30 1 0 14 0 15
"218" 218 0.0167364016736 0 0 0 0 0 0 0 0 0 500 0 0 0 0 0 0 0 0 0 0
"219" 219 0.345991561181 0 0 89 0 1 304 0 0 0 0 80 1 0 0 25 0 0 0 0 0
"220" 220 0.699481865285 0 253 6 57 23 21 4 0 41 0 1 12 7 17 8 12 7 18 6 7
"221" 221 0.160337552743 0 0 0 1 39 373 0 0 0 0 11 1 0 0 11 0 0 2 0 62
"222" 222 0.573643410853 0 80 158 39 12 60 0 0 16 0 36 36 1 17 3 1 1 26 1 13
"223" 223 0.145077720207 0 5 0 123 0 0 0 0 0 0 0 0 372 0 0 0 0 0 0 0
"224" 224 0.00574712643678 0 0 0 0 0 0 0 0 0 0 0 0 0 0 0 0 500 0 0 0
"225" 225 0.0414507772021 0 500 0 0 0 0 0 0 0 0 0 0 0 0 0 0 0 0 0 0
"226" 226 0.0 0 0 0 0 0 0 0 0 0 0 0 500 0 0 0 0 0 0 0 0
"227" 227 0.0 0 0 0 0 0 0 0 0 0 500 0 0 0 0 0 0 0 0 0 0
"228" 228 0.0398009950249 0 0 0 3 0 0 0 0 0 0 0 0 0 497 0 0 0 0 0 0
"229" 229 0.0114942528736 0 0 0 0 0 0 0 0 0 0 0 0 0 0 0 0 500 0 0 0
"230" 230 0.173076923077 0 0 2 2 0 0 0 0 0 0 1 359 0 6 0 0 0 130 0 0
"231" 231 0.5 0 104 9 21 2 17 1 0 14 0 16 10 0 2 6 2 7 286 1 2
"232" 232 0.0697674418605 0 0 9 0 0 0 0 0 0 0 472 18 0 0 0 0 0 0 1 0
"233" 233 0.0 0 0 118 0 0 0 0 0 0 0 382 0 0 0 0 0 0 0 0 0
"234" 234 0.243781094527 0 0 5 37 1 0 0 0 132 0 0 1 0 113 2 0 0 0 0 209
"235" 235 0.434599156118 0 0 1 1 46 119 0 0 0 0 5 0 1 52 266 0 0 5 0 4
"236" 236 0.48427672956 0 14 13 4 2 24 0 403 4 0 8 4 0 3 2 2 2 14 1 0
"237" 237 0.191964285714 0 21 6 10 28 4 0 0 0 0 7 7 0 2 1 0 6 408 0 0
"238" 238 0.0167364016736 0 0 0 0 0 0 0 0 0 497 0 0 0 0 0 0 0 0 3 0
"239" 239 0.149425287356 0 0 23 2 4 3 43 0 56 0 70 14 0 12 0 0 267 3 0 3
"240" 240 0.492227979275 0 42 5 38 51 75 3 0 3 2 25 4 1 64 101 0 3 71 0 12
"241" 241 0.0 0 0 0 0 0 0 492 0 0 0 0 0 0 0 0 0 8 0 0 0
"242" 242 0.00507614213198 0 0 0 0 0 0 498 0 0 0 0 0 0 0 0 0 2 0 0 0
"243" 243 0.235897435897 0 0 2 447 0 0 0 0 33 0 10 4 0 0 1 0 0 0 0 3
"244" 244 0.0927152317881 0 0 244 0 0 0 0 0 0 0 256 0 0 0 0 0 0 0 0 0
"245" 245 0.273722627737 0 4 8 3 24 101 84 0 5 1 6 0 8 91 21 0 86 42 12 4
"246" 246 0.907692307692 0 42 68 22 21 45 25 0 82 0 25 60 1 9 12 0 23 50 4 11
