"site" "RSA" "aa1" "aa2" "aa3" "aa4" "aa5" "aa6" "aa7" "aa8" "aa9" "aa10" "aa11" "aa12" "aa13" "aa14" "aa15" "aa16" "aa17" "aa18" "aa19" "aa20"
"0" 0 0.805031446541 0 0 7 4 33 71 9 219 35 1 12 25 0 15 1 0 42 16 0 10
"1" 1 0.041825095057 0 0 0 0 0 0 0 0 0 229 0 0 0 0 0 0 0 0 271 0
"2" 2 0.0 0 0 0 0 0 0 496 0 0 0 0 0 0 0 0 0 4 0 0 0
"3" 3 0.0 0 0 0 0 0 0 0 0 0 0 0 0 0 500 0 0 0 0 0 0
"4" 4 0.0 0 0 0 0 0 0 74 0 0 0 0 0 0 0 0 0 426 0 0 0
"5" 5 0.0 0 0 0 0 0 0 0 0 0 0 0 0 0 500 0 0 0 0 0 0
"6" 6 0.041825095057 0 0 0 0 0 0 0 0 0 5 0 0 0 0 0 0 0 0 495 0
"7" 7 0.167300380228 0 0 0 0 0 0 0 0 0 38 0 0 0 0 0 37 0 0 425 0
"8" 8 0.158940397351 0 0 81 0 0 0 0 0 18 0 401 0 0 0 0 0 0 0 0 0
"9" 9 0.226277372263 0 0 0 0 12 3 220 0 9 0 0 0 0 0 2 0 104 150 0 0
"10" 10 0.77990430622 0 0 0 12 2 20 0 0 6 95 0 0 11 0 0 11 0 0 343 0
"11" 11 0.365384615385 0 0 0 0 0 0 0 0 0 0 0 500 0 0 0 0 0 0 0 0
"12" 12 0.139534883721 0 0 54 1 0 0 0 0 2 0 437 6 0 0 0 0 0 0 0 0
"13" 13 0.00581395348837 0 0 0 0 0 0 0 0 7 0 5 0 0 0 0 0 488 0 0 0
"14" 14 0.193798449612 0 0 21 0 17 1 0 0 0 0 303 1 5 0 1 0 0 146 0 5
"15" 15 0.348214285714 0 2 0 1 13 1 0 0 1 0 0 0 0 0 0 0 0 481 0 1
"16" 16 0.0045871559633 0 0 0 0 2 0 0 0 0 0 0 0 0 0 0 0 0 0 0 498
"17" 17 0.0 0 0 0 0 0 0 0 0 0 0 500 0 0 0 0 0 0 0 0 0
"18" 18 0.423357664234 0 0 0 20 10 122 5 0 1 3 7 0 0 4 317 0 0 8 2 1
"19" 19 0.0313901345291 0 1 0 0 451 3 0 0 0 1 4 0 5 0 2 0 0 32 0 1
"20" 20 0.00507614213198 0 0 0 0 0 0 496 0 0 0 0 0 0 0 0 0 4 0 0 0
"21" 21 0.046511627907 0 0 0 0 0 0 0 0 0 0 500 0 0 0 0 0 0 0 0 0
"22" 22 0.408759124088 0 10 2 41 83 59 64 0 16 1 50 0 1 68 39 0 0 59 3 4
"23" 23 0.0 0 0 0 0 0 0 0 0 0 0 0 500 0 0 0 0 0 0 0 0
"24" 24 0.0 0 0 0 0 0 0 0 0 0 0 0 0 0 0 0 0 500 0 0 0
"25" 25 0.508928571429 0 2 1 7 31 192 27 0 1 6 18 1 3 122 22 0 10 52 3 2
"26" 26 0.448430493274 0 144 0 41 32 92 0 0 0 0 27 0 2 101 29 0 0 20 2 10
"27" 27 0.105769230769 0 0 0 0 0 0 0 0 0 0 0 500 0 0 0 0 0 0 0 0
"28" 28 0.644230769231 0 0 0 0 0 0 0 0 0 0 0 500 0 0 0 0 0 0 0 0
"29" 29 0.175732217573 0 0 0 0 1 2 0 0 0 492 0 0 5 0 0 0 0 0 0 0
"30" 30 0.232142857143 0 7 7 7 167 42 51 0 19 8 7 0 2 17 6 0 81 34 45 0
"31" 31 0.186046511628 0 0 0 0 0 0 0 0 0 0 500 0 0 0 0 0 0 0 0 0
"32" 32 0.295620437956 0 0 0 0 3 3 14 0 0 0 2 0 0 0 77 0 249 2 0 150
"33" 33 0.0459770114943 0 0 0 0 1 3 135 0 3 0 1 0 0 0 0 0 345 12 0 0
"34" 34 0.189781021898 0 0 0 0 0 0 0 0 0 0 0 0 0 0 500 0 0 0 0 0
"35" 35 0.093023255814 0 0 8 0 0 0 0 0 492 0 0 0 0 0 0 0 0 0 0 0
"36" 36 0.0229885057471 0 0 0 0 0 0 0 0 0 0 0 0 0 0 0 0 500 0 0 0
"37" 37 0.383647798742 0 0 1 0 0 0 0 498 0 0 0 0 0 0 1 0 0 0 0 0
"38" 38 0.596899224806 0 0 25 2 27 65 0 275 20 1 34 3 0 0 20 0 4 17 1 6
"39" 39 0.350574712644 0 0 0 0 47 2 0 0 30 0 1 0 0 1 0 0 419 0 0 0
"40" 40 0.649006622517 0 11 86 69 0 0 0 0 291 0 3 40 0 0 0 0 0 0 0 0
"41" 41 0.78488372093 0 249 24 52 14 29 0 0 45 0 4 2 0 14 13 0 2 49 0 3
"42" 42 0.9375 0 327 4 142 0 1 0 0 0 0 2 18 2 0 0 0 0 0 4 0
"43" 43 1.28846153846 0 0 0 0 0 0 0 0 0 0 0 500 0 0 0 0 0 0 0 0
"44" 44 0.124031007752 0 0 2 0 0 0 0 0 0 0 494 4 0 0 0 0 0 0 0 0
"45" 45 0.601990049751 0 61 12 27 65 83 0 0 0 0 108 25 0 61 1 0 0 48 1 8
"46" 46 0.513307984791 0 2 4 4 7 4 283 7 6 0 1 0 7 0 14 1 153 7 0 0
"47" 47 0.093023255814 0 0 79 0 0 0 0 0 0 0 421 0 0 0 0 0 0 0 0 0
"48" 48 0.377906976744 0 0 79 6 16 6 0 0 379 0 0 2 3 5 1 0 0 0 2 1
"49" 49 0.422885572139 0 0 5 0 3 0 0 0 1 0 0 0 0 154 337 0 0 0 0 0
"50" 50 0.504464285714 0 123 7 78 17 52 0 0 9 0 28 6 0 27 12 0 2 129 0 10
"51" 51 0.0673575129534 0 449 1 0 0 0 0 0 0 0 35 0 12 0 0 0 0 2 0 1
"52" 52 0.0 0 1 0 0 25 0 0 0 0 0 0 0 0 0 0 0 3 1 0 470
"53" 53 0.417721518987 0 0 1 0 7 222 0 0 0 0 20 0 6 213 14 0 0 13 0 4
"54" 54 0.425641025641 0 12 3 115 13 98 0 0 35 43 2 1 49 26 1 0 0 7 91 4
"55" 55 0.00632911392405 500 0 0 0 0 0 0 0 0 0 0 0 0 0 0 0 0 0 0 0
"56" 56 0.240310077519 0 0 23 0 10 5 0 0 0 0 376 5 0 0 1 0 0 10 0 70
"57" 57 0.0 0 0 0 0 0 0 0 0 0 0 0 500 0 0 0 0 0 0 0 0
"58" 58 0.00995024875622 0 0 0 0 1 0 0 0 0 0 0 0 0 474 0 0 0 25 0 0
"59" 59 0.0077519379845 0 0 8 0 0 0 0 0 0 0 492 0 0 0 0 0 0 0 0 0
"60" 60 0.0 0 0 0 0 0 0 0 0 0 0 0 0 0 500 0 0 0 0 0 0
"61" 61 0.0 0 0 0 0 0 0 0 0 0 0 0 500 0 0 0 0 0 0 0 0
"62" 62 0.0 0 0 500 0 0 0 0 0 0 0 0 0 0 0 0 0 0 0 0 0
"63" 63 0.11320754717 0 0 2 0 0 0 0 491 0 0 0 0 5 0 0 0 0 2 0 0
"64" 64 0.0813953488372 0 1 287 0 0 0 0 0 1 0 4 1 0 0 0 0 206 0 0 0
"65" 65 0.470802919708 0 89 3 42 77 129 0 0 0 0 10 0 1 7 39 0 66 2 0 35
"66" 66 0.778242677824 0 46 2 414 2 15 0 0 0 0 2 14 0 0 1 0 0 4 0 0
"67" 67 0.240384615385 0 0 0 0 0 0 0 0 0 0 0 500 0 0 0 0 0 0 0 0
"68" 68 0.487179487179 0 0 14 20 11 24 0 0 321 13 2 3 29 7 0 1 0 0 50 5
"69" 69 0.0825688073394 0 0 237 0 7 0 0 1 0 0 117 45 0 0 0 0 0 17 0 76
"70" 70 0.031007751938 0 0 80 0 0 0 0 0 3 0 415 2 0 0 0 0 0 0 0 0
"71" 71 0.556291390728 0 107 2 48 18 61 2 8 1 0 76 6 1 33 58 0 2 71 1 5
"72" 72 0.0691823899371 0 0 0 0 0 0 0 498 0 0 2 0 0 0 0 0 0 0 0 0
"73" 73 0.0 0 0 0 0 0 0 0 0 0 0 0 0 0 500 0 0 0 0 0 0
"74" 74 0.37552742616 0 0 0 7 18 390 9 0 1 0 14 1 0 30 22 0 4 3 0 1
"75" 75 0.631178707224 0 0 5 0 23 0 0 0 18 42 49 2 13 0 2 189 0 29 127 1
"76" 76 0.108786610879 0 0 0 0 0 0 0 0 0 395 0 0 2 0 0 0 0 0 103 0
"77" 77 0.0845771144279 0 0 0 0 0 0 0 0 0 0 0 0 0 497 0 0 0 0 0 3
"78" 78 0.523316062176 0 404 2 17 7 12 0 0 0 0 23 1 0 7 6 10 0 2 9 0
"79" 79 0.413461538462 0 18 25 31 121 82 0 0 159 0 5 9 0 10 10 0 0 27 0 3
"80" 80 0.0406976744186 0 0 1 3 1 0 0 0 493 0 0 2 0 0 0 0 0 0 0 0
"81" 81 0.529801324503 0 81 14 30 32 67 0 0 2 0 59 11 0 7 12 3 3 175 0 4
"82" 82 0.46357615894 0 10 0 0 4 75 0 0 13 4 7 1 1 4 4 2 5 349 21 0
"83" 83 0.0199004975124 0 0 0 0 0 0 0 0 0 0 0 0 0 500 0 0 0 0 0 0
"84" 84 0.159574468085 0 1 2 1 24 270 25 0 1 0 12 0 0 0 69 0 18 63 0 14
"85" 85 0.746268656716 0 13 38 19 17 224 0 0 2 0 39 0 1 62 25 0 0 49 1 10
"86" 86 0.56976744186 0 7 5 48 68 263 0 0 14 0 1 0 0 54 11 0 0 25 0 4
"87" 87 0.365384615385 0 0 0 1 0 0 0 0 0 0 0 499 0 0 0 0 0 0 0 0
"88" 88 0.145695364238 0 0 0 1 342 51 0 0 1 37 0 0 4 25 0 1 0 1 36 1
"89" 89 0.0149253731343 0 0 0 0 0 0 0 0 0 0 0 19 0 481 0 0 0 0 0 0
"90" 90 0.505747126437 0 2 14 3 14 61 2 0 9 0 6 0 3 0 3 0 365 16 0 2
"91" 91 0.375 0 0 0 0 0 0 0 0 0 0 0 500 0 0 0 0 0 0 0 0
"92" 92 0.194092827004 0 0 0 0 1 388 0 0 0 1 0 0 0 101 1 0 0 0 8 0
"93" 93 0.0188679245283 0 0 0 0 0 0 0 500 0 0 0 0 0 0 0 0 0 0 0 0
"94" 94 0.0 0 0 1 0 0 0 0 0 0 0 499 0 0 0 0 0 0 0 0 0
"95" 95 0.0 0 0 65 0 0 0 0 0 0 0 430 5 0 0 0 0 0 0 0 0
"96" 96 0.0 0 0 0 0 0 0 0 0 0 0 0 0 0 0 0 0 500 0 0 0
"97" 97 0.0 0 0 0 0 0 0 0 0 0 500 0 0 0 0 0 0 0 0 0 0
"98" 98 0.0 0 0 188 0 0 0 0 0 297 0 9 0 0 0 0 0 6 0 0 0
"99" 99 0.0529801324503 0 0 73 0 0 0 0 0 0 0 427 0 0 0 0 0 0 0 0 0
"100" 100 0.0523255813953 0 0 77 0 2 350 2 0 38 0 4 0 0 0 0 0 0 16 0 11
"101" 101 0.410852713178 0 228 34 203 0 0 0 0 0 1 29 1 0 0 2 2 0 0 0 0
"102" 102 0.317880794702 0 2 360 1 1 3 0 0 31 1 33 0 0 0 64 0 0 3 1 0
"103" 103 0.467661691542 0 2 10 1 12 104 0 0 50 0 0 2 0 287 8 0 0 15 0 9
"104" 104 0.502392344498 0 90 12 5 8 126 3 0 18 1 30 31 2 14 4 0 8 145 1 2
"105" 105 0.384615384615 0 0 0 0 0 0 0 0 0 0 0 500 0 0 0 0 0 0 0 0
"106" 106 0.269230769231 0 0 0 0 0 0 0 0 0 0 0 500 0 0 0 0 0 0 0 0
"107" 107 0.121076233184 0 1 139 0 2 0 4 0 1 0 247 11 0 1 3 0 17 70 0 4
"108" 108 0.473214285714 0 2 1 0 37 244 0 0 4 0 29 1 0 0 12 0 1 151 0 18
"109" 109 0.46511627907 0 69 1 13 23 30 7 0 16 0 17 0 0 7 4 0 16 294 0 3
"110" 110 0.0 0 0 0 0 0 0 0 0 290 0 210 0 0 0 0 0 0 0 0 0
"111" 111 0.0 0 0 0 0 482 0 0 0 0 0 1 0 0 12 0 0 0 0 0 5
"112" 112 0.407960199005 0 0 1 0 4 171 0 0 6 5 39 0 2 181 33 5 0 12 33 8
"113" 113 0.165562913907 0 15 3 468 0 2 0 0 0 0 6 0 1 0 3 0 0 1 1 0
"114" 114 0.0 0 0 0 0 0 0 0 0 0 0 1 0 0 40 0 0 0 0 0 459
"115" 115 0.0845771144279 0 0 0 0 0 0 0 0 0 0 0 0 0 499 1 0 0 0 0 0
"116" 116 0.482587064677 0 4 5 7 38 337 1 0 2 1 19 0 1 12 30 0 18 20 3 2
"117" 117 0.201257861635 0 87 24 17 15 43 19 1 9 0 28 2 96 39 44 1 54 10 0 11
"118" 118 0.0298507462687 0 0 0 0 0 0 0 0 0 0 0 0 0 500 0 0 0 0 0 0
"119" 119 0.507462686567 0 1 0 2 12 32 1 0 1 0 4 0 0 423 4 0 0 9 0 11
"120" 120 0.784688995215 0 14 0 19 29 104 0 0 1 0 42 0 2 1 18 0 0 268 0 2
"121" 121 0.114832535885 0 1 0 35 0 2 0 0 0 6 48 0 392 9 0 0 0 1 0 6
"122" 122 0.269230769231 0 0 0 0 0 0 0 0 0 0 0 500 0 0 0 0 0 0 0 0
"123" 123 0.0229357798165 0 0 0 0 0 2 0 0 0 0 1 0 0 0 1 0 0 0 0 496
"124" 124 0.398009950249 0 0 0 1 37 104 231 0 0 0 0 0 0 29 9 0 53 29 5 2
"125" 125 0.310344827586 0 0 0 0 0 0 402 0 73 0 0 0 0 0 0 0 25 0 0 0
"126" 126 0.10447761194 0 0 0 0 0 0 261 0 91 29 0 0 1 74 2 1 12 0 29 0
"127" 127 0.125 0 0 0 0 0 0 0 0 0 0 0 500 0 0 0 0 0 0 0 0
"128" 128 0.162436548223 0 0 0 0 0 0 421 0 0 0 0 0 0 79 0 0 0 0 0 0
"129" 129 0.899371069182 0 21 0 263 2 5 0 7 0 0 0 202 0 0 0 0 0 0 0 0
"130" 130 0.290697674419 0 0 402 0 0 0 0 0 0 0 92 6 0 0 0 0 0 0 0 0
"131" 131 0.459119496855 0 14 39 10 17 126 4 153 76 0 15 6 7 0 11 1 0 19 0 2
"132" 132 0.3536121673 0 0 0 10 0 2 0 0 0 132 1 0 3 1 0 1 0 0 350 0
"133" 133 0.0 0 0 0 0 0 0 0 0 0 0 0 500 0 0 0 0 0 0 0 0
"134" 134 0.0077519379845 0 0 1 0 0 0 0 0 0 0 499 0 0 0 0 0 0 0 0 0
"135" 135 0.132450331126 0 0 33 0 1 0 0 0 0 6 18 1 0 0 14 3 1 370 52 1
"136" 136 0.00478468899522 0 0 0 0 0 0 0 0 0 0 0 0 500 0 0 0 0 0 0 0
"137" 137 0.322175732218 0 0 0 0 0 0 0 0 1 152 0 0 0 4 0 0 0 0 343 0
"138" 138 0.015503875969 0 0 246 0 8 0 0 0 0 0 149 2 0 0 70 0 0 1 0 24
"139" 139 0.125 0 0 0 0 0 0 0 0 0 0 0 500 0 0 0 0 0 0 0 0
"140" 140 0.782945736434 0 15 40 10 16 27 0 292 3 0 32 7 0 12 2 0 0 40 0 4
"141" 141 0.450777202073 0 150 7 178 34 31 0 0 14 0 7 5 1 16 23 0 0 29 0 5
"142" 142 0.182692307692 0 0 0 0 0 0 0 0 0 0 0 500 0 0 0 0 0 0 0 0
"143" 143 0.299578059072 0 92 21 19 45 134 6 0 15 0 17 1 0 35 18 0 3 89 0 5
"144" 144 0.343065693431 0 0 0 0 4 0 2 0 0 0 0 0 0 0 494 0 0 0 0 0
"145" 145 0.549668874172 0 0 105 1 94 4 0 7 262 0 2 18 0 4 0 0 0 3 0 0
"146" 146 0.109452736318 0 0 0 0 0 0 0 0 0 0 0 0 0 500 0 0 0 0 0 0
"147" 147 0.284974093264 0 288 116 2 3 1 0 0 1 0 54 8 25 0 0 0 0 2 0 0
"148" 148 0.361607142857 0 201 21 51 21 37 2 14 15 0 43 6 0 16 5 1 0 58 0 9
"149" 149 0.612440191388 0 74 2 10 9 27 14 0 41 2 8 2 3 16 1 116 11 160 1 3
"150" 150 0.09375 0 0 0 0 0 0 0 0 0 0 0 0 0 0 0 0 0 500 0 0
"151" 151 0.203980099502 0 0 0 0 54 389 39 0 1 0 2 0 0 1 10 0 0 3 0 1
"152" 152 0.494186046512 0 16 2 28 4 36 1 0 26 1 29 2 1 3 3 318 0 24 5 1
"153" 153 0.189054726368 0 0 0 4 9 106 0 0 0 0 4 0 0 226 93 3 0 4 1 50
"154" 154 0.00632911392405 500 0 0 0 0 0 0 0 0 0 0 0 0 0 0 0 0 0 0 0
"155" 155 0.255474452555 0 0 0 1 204 5 1 0 0 0 2 0 0 0 267 0 5 13 0 2
"156" 156 0.341085271318 0 4 2 2 12 13 0 0 10 18 12 2 6 3 11 243 0 78 84 0
"157" 157 0.0199004975124 0 0 0 0 7 0 0 0 0 0 0 0 0 491 0 0 0 2 0 0
"158" 158 0.00961538461538 0 0 0 0 0 0 0 0 0 0 0 500 0 0 0 0 0 0 0 0
"159" 159 0.291139240506 0 0 0 0 48 217 0 0 0 0 22 0 1 0 132 0 0 77 0 3
"160" 160 0.343065693431 0 9 4 4 54 78 2 0 15 3 83 0 6 61 121 6 0 39 14 1
"161" 161 0.0 0 0 0 0 0 0 1 0 0 0 0 0 0 499 0 0 0 0 0 0
"162" 162 0.0 0 0 0 0 0 0 0 0 0 0 500 0 0 0 0 0 0 0 0 0
"163" 163 0.348214285714 0 10 0 1 11 36 5 0 1 0 7 0 0 192 58 0 2 175 1 1
"164" 164 0.18023255814 0 5 2 4 47 8 2 0 71 6 46 1 1 33 31 1 0 189 34 19
"165" 165 0.0852713178295 0 0 2 0 0 0 0 0 0 0 498 0 0 0 0 0 0 0 0 0
"166" 166 0.403846153846 0 0 1 0 2 0 0 0 1 0 3 492 0 0 0 0 0 1 0 0
"167" 167 0.776371308017 0 51 3 81 48 131 2 0 2 0 46 0 0 43 33 0 1 51 1 7
"168" 168 0.577114427861 0 2 6 5 12 0 164 0 1 0 5 9 0 285 2 0 4 2 3 0
