-373.755
-379.368
-382.054
-379.049
-379.909
-376.633
-373.792
-380.666
-379.665
-380.032
-376.512
-378.650
-380.132
-379.055
-381.302
-373.021
-377.420
-381.837
-381.043
-380.719
-378.284
-380.646
-383.803
-380.070
-379.056
-377.060
-383.129
-371.419
-379.291
-376.357
-378.309
-377.615
-373.237
-376.380
-375.887
-378.350
-374.587
-376.950
-380.593
-377.394
-375.644
-379.189
-379.578
-380.972
-374.141
-377.802
-388.763
-381.672
-369.863
-378.178
-376.130
-380.031
-380.302
-382.039
-379.710
-386.182
-374.790
-375.797
-378.433
-383.717
-378.088
-376.739
-376.836
-378.353
-378.636
-376.725
-377.827
-378.325
-380.062
-382.507
-378.049
-378.403
-378.179
-380.664
-378.054
-379.694
-380.216
-382.061
-376.701
-381.415
-383.289
-378.740
-376.451
-377.158
-381.237
-376.310
-377.945
-377.362
-374.076
-375.390
-377.761
-379.193
-375.196
-382.739
-375.244
-381.908
-380.661
-376.502
-377.512
-371.658
-378.764
-379.730
-376.368
-378.428
-381.522
-376.555
-375.586
-376.750
-376.791
-378.312
-380.175
-379.530
-379.865
-378.728
-373.145
-375.660
-378.474
-381.370
-377.798
-378.009
-375.030
-391.272
-378.850
-377.719
-377.005
-378.632
-376.265
-379.085
-375.579
-377.285
-377.231
-378.424
-378.311
-374.554
-376.492
-380.477
-379.492
-380.722
-372.850
-376.874
-378.777
-377.684
-391.387
-378.471
-378.323
-379.530
-380.079
-379.904
-376.499
-376.598
-380.288
-378.748
-377.054
-381.412
-383.825
-378.409
-381.668
-379.560
-378.546
-378.907
-373.184
-376.636
-374.287
-375.647
-377.967
-379.737
-381.133
-379.860
-379.385
-381.514
-382.661
-374.881
-380.732
-375.615
-373.776
-378.369
-381.012
-376.963
-375.667
-376.801
-374.016
-377.877
-381.033
-375.746
-384.136
-378.876
-373.550
-377.012
-378.091
-378.264
-381.381
-380.851
-390.410
-381.369
-379.361
-387.002
-377.808
-379.750
-385.313
-378.999
-376.768
-377.429
-376.880
-374.531
-390.796
-378.018
-377.908
-375.528
-378.423
-376.462
-380.077
-377.569
-378.025
-377.922
-373.276
-372.943
-381.284
-384.339
-379.624
-382.264
-379.702
-379.122
-377.277
-379.966
-376.270
-374.230
-377.539
-381.776
-379.814
-380.751
-375.319
-381.216
-376.983
-372.655
-379.080
-376.866
-380.251
-377.793
-379.586
-377.298
-380.583
-379.074
-379.255
-381.227
-376.307
-376.197
-382.915
-375.010
-379.357
-379.801
-376.578
-377.683
-378.255
-380.248
-379.883
-382.946
-385.657
-378.776
-381.875
-376.521
-382.498
-378.638
-379.653
-378.446
-375.295
-382.508
-373.372
-376.037
-378.807
-382.312
-376.972
-374.959
-378.858
-377.512
-373.537
-377.650
-378.728
-371.457
-376.261
-372.839
-383.666
-381.628
-379.651
-378.553
-377.906
-387.800
-378.181
-378.769
-377.216
-377.544
-380.977
-376.479
-378.524
-376.922
-384.027
-379.496
-376.219
-382.212
-381.034
-375.904
-376.983
-380.321
-380.504
-377.245
-380.147
-377.892
-383.871
-377.838
-374.180
-382.361
-377.067
-377.469
-377.735
-378.320
-377.737
-379.338
-376.431
-381.569
-379.210
-381.538
-379.482
-375.019
-379.213
-379.850
-376.132
-376.959
-376.863
-378.865
-379.893
-383.035
-379.142
-380.038
-381.292
-383.432
-379.881
-376.453
-379.984
-376.776
-378.174
-378.185
-375.673
-377.100
-377.299
-380.609
-380.417
-379.397
-380.045
-378.556
-374.137
-378.842
-375.216
-376.631
-377.119
-383.211
-373.590
-379.723
-379.146
-381.994
-377.623
-373.217
-378.094
-381.273
-378.139
-382.780
-380.479
-382.137
-382.257
-378.137
-376.177
-380.450
-377.267
-382.248
-375.596
-376.467
-377.947
-377.146
-377.420
-378.493
-379.481
-378.249
-378.685
-379.460
-376.395
-380.000
-377.583
-376.843
-378.432
-381.660
-372.980
-381.464
-376.229
-375.655
-378.506
-375.041
-380.968
-379.082
-375.908
-378.390
-377.209
-383.418
-375.022
-378.687
-371.913
-379.460
-374.798
-377.853
-381.537
-389.536
-379.013
-373.561
-376.835
-373.271
-374.064
-373.673
-380.737
-378.846
-379.282
-379.039
-379.511
-375.620
-377.199
-378.683
-381.754
-387.748
-378.558
-373.371
-382.630
-387.440
-375.580
-381.790
-377.465
-379.371
-380.774
-377.302
-381.796
-378.861
-378.556
-376.042
-379.462
-376.851
-376.298
-380.640
-380.708
-375.316
-376.751
-374.492
-375.150
-379.061
-380.609
-378.894
-372.944
-379.205
-381.335
-376.028
-373.153
-388.729
-374.376
-375.956
-379.569
-378.699
-376.774
-380.773
-379.293
-378.220
-381.425
-373.743
-381.343
-378.995
-378.430
-379.395
-375.177
-377.826
-381.925
-378.670
-373.379
-373.618
-376.848
-380.082
-378.358
-380.653
-380.849
-373.609
-380.995
-378.651
-378.466
-377.896
-380.631
-381.481
-379.565
-381.913
-380.306
-384.923
-378.870
-375.469
-379.617
-382.869
-376.550
-380.877
-380.374
-377.053
Average -378.608
