-367.814
-366.658
-367.115
-371.165
-366.964
-371.810
-368.453
-369.185
-369.941
-367.666
-373.204
-370.815
-367.342
-368.461
-368.524
-371.158
-370.109
-371.209
-367.825
-367.793
-363.851
-370.392
-369.449
-368.556
-366.569
-362.976
-363.200
-370.600
-367.214
-370.137
-369.507
-366.472
-364.329
-366.701
-374.728
-366.936
-370.608
-369.226
-366.895
-370.255
-367.974
-370.584
-371.962
-371.860
-372.226
-368.645
-368.636
-375.088
-370.399
-367.220
-375.085
-369.383
-368.837
-369.921
-371.938
-370.963
-369.881
-368.520
-371.765
-364.528
-366.935
-373.222
-367.225
-370.341
-369.265
-370.719
-367.474
-365.658
-369.948
-369.547
-365.077
-372.303
-368.730
-372.307
-369.699
-369.383
-370.862
-367.596
-370.036
-369.621
-369.229
-367.813
-369.189
-367.004
-366.420
-371.893
-370.050
-367.726
-366.587
-365.515
-364.709
-370.359
-372.935
-366.217
-372.326
-368.086
-364.848
-370.262
-371.756
-369.480
-366.750
-368.552
-368.951
-371.247
-368.396
-370.157
-372.921
-368.372
-372.855
-364.230
-370.681
-372.455
-363.801
-368.308
-367.161
-371.684
-369.492
-368.552
-367.716
-370.111
-369.214
-364.323
-373.086
-373.021
-374.946
-365.980
-371.256
-368.187
-371.467
-368.237
-367.561
-372.152
-370.834
-370.226
-369.742
-367.871
-371.220
-367.746
-369.015
-371.955
-370.810
-370.813
-367.628
-367.944
-368.183
-371.668
-369.323
-374.211
-370.146
-370.411
-368.994
-367.017
-369.447
-370.266
-365.862
-375.210
-366.959
-363.311
-369.922
-369.485
-368.984
-370.475
-366.905
-372.891
-373.542
-377.336
-368.061
-371.697
-371.325
-367.979
-366.664
-370.056
-367.272
-368.866
-368.994
-368.249
-361.998
-368.164
-370.269
-367.179
-367.439
-370.572
-371.264
-366.418
-371.352
-371.364
-368.479
-370.964
-366.078
-371.077
-373.586
-369.840
-361.796
-370.256
-364.663
-368.227
-370.794
-370.657
-367.011
-365.103
-368.584
-371.307
-367.400
-374.739
-372.157
-370.217
-372.307
-367.884
-371.998
-366.746
-370.981
-369.164
-368.975
-371.922
-371.072
-371.547
-377.145
-372.168
-365.935
-371.645
-371.319
-368.691
-372.785
-367.862
-371.464
-375.497
-374.070
-365.474
-367.627
-373.362
-373.240
-370.487
-364.724
-368.892
-362.069
-370.131
-366.769
-366.017
-362.338
-373.011
-364.648
-371.579
-368.465
-370.275
-365.716
-364.715
-366.833
-365.810
-372.080
-367.111
-367.623
-371.958
-372.490
-368.663
-371.084
-366.307
-372.486
-368.188
-372.474
-368.544
-367.124
-366.577
-371.843
-367.054
-366.731
-369.769
-366.069
-373.675
-365.016
-371.261
-369.012
-367.549
-372.666
-368.168
-368.976
-368.792
-367.040
-367.915
-371.967
-366.755
-364.927
-368.837
-374.442
-369.945
-372.487
-368.378
-371.041
-368.758
-367.573
-369.219
-367.318
-370.355
-371.400
-370.687
-366.884
-367.409
-370.277
-367.357
-373.335
-368.640
-368.954
-369.772
-369.185
-367.788
-367.843
-369.830
-372.242
-370.342
-370.807
-369.698
-367.020
-372.379
-369.855
-365.153
-369.306
-369.266
-370.055
-371.812
-367.595
-369.957
-369.128
-372.465
-371.199
-366.928
-366.533
-368.191
-367.563
-366.281
-370.618
-373.665
-364.210
-369.506
-368.079
-367.690
-367.080
-365.180
-372.179
-369.956
-370.522
-374.490
-370.765
-372.525
-368.909
-371.758
-368.032
-366.648
-367.913
-370.059
-372.146
-367.216
-366.098
-368.799
-363.025
-372.299
-373.128
-372.886
-369.406
-363.772
-363.084
-365.430
-373.608
-368.289
-366.718
-366.188
-368.030
-368.988
-365.701
-369.853
-369.686
-363.182
-370.680
-364.514
-373.031
-373.679
-364.808
-370.571
-369.732
-373.213
-373.691
-374.777
-365.592
-366.715
-368.027
-364.663
-371.597
-370.687
-370.880
-368.179
-368.639
-374.730
-366.685
-368.457
-370.428
-368.955
-366.146
-362.510
-365.624
-368.450
-369.578
-366.790
-366.831
-372.441
-372.042
-371.777
-371.032
-368.975
-368.429
-366.763
-370.178
-369.838
-373.043
-371.171
-370.483
-366.812
-368.606
-368.498
-363.018
-368.293
-365.838
-368.567
-367.689
-370.793
-370.771
-370.174
-368.317
-370.095
-365.758
-370.509
-367.620
-368.012
-372.177
-366.266
-370.410
-367.407
-372.222
-369.889
-374.012
-369.663
-374.554
-366.621
-371.764
-372.396
-366.952
-370.882
-371.574
-366.098
-369.124
-374.083
-370.659
-371.948
-368.752
-372.679
-362.011
-370.244
-364.726
-367.472
-363.475
-365.112
-372.910
-372.534
-366.104
-367.068
-370.121
-371.890
-366.060
-368.988
-369.543
-370.194
-365.715
-372.529
-370.903
-365.807
-369.030
-373.019
-363.036
-365.610
-366.478
-371.435
-371.408
-369.826
-370.209
-370.862
-371.533
-375.814
-372.396
-365.183
-366.656
-363.939
-366.689
-369.099
-370.584
-372.843
-364.323
-370.200
-368.398
-369.648
-370.573
-371.749
-370.724
-363.031
Average -369.188
