-417.372
-401.609
-402.579
-414.687
-400.922
-413.542
-412.989
-413.106
-416.324
-412.002
-406.842
-401.468
-404.972
-414.874
-401.549
-401.398
-412.217
-399.735
-403.073
-416.409
-399.790
-406.317
-406.499
-412.205
-410.500
-401.467
-414.939
-403.334
-412.604
-402.935
-413.073
-418.959
-411.279
-399.729
-405.915
-411.980
-402.543
-408.411
-404.823
-414.529
-401.972
-414.154
-408.064
-401.597
-413.226
-413.290
-405.679
-406.476
-407.377
-403.863
-414.626
-400.674
-411.769
-406.256
-408.021
-402.709
-414.630
-399.501
-408.078
-417.046
-409.751
-411.552
-412.424
-417.602
-400.327
-396.647
-405.447
-410.371
-409.697
-410.680
-415.003
-414.243
-412.424
-395.247
-406.341
-402.934
-406.547
-403.173
-414.462
-405.121
-414.143
-409.501
-416.204
-413.676
-417.144
-416.644
-400.691
-401.664
-405.272
-406.597
-417.713
-415.794
-410.628
-404.724
-408.674
-405.294
-402.064
-413.746
-412.986
-403.800
-416.926
-402.931
-397.826
-405.830
-402.567
-414.732
-409.897
-404.872
-409.191
-415.275
-403.853
-405.161
-414.396
-407.676
-403.716
-401.910
-404.636
-400.333
-400.052
-405.215
-410.290
-406.708
-402.850
-412.866
-405.812
-402.154
-398.329
-403.321
-399.824
-402.988
-404.226
-412.992
-417.533
-401.962
-405.438
-405.072
-404.017
-413.243
-406.024
-407.932
-403.435
-413.217
-409.352
-409.931
-399.309
-399.554
-405.179
-405.291
-403.504
-397.359
-413.826
-409.373
-418.130
-403.813
-413.110
-411.120
-399.496
-410.089
-409.599
-402.294
-411.973
-406.602
-410.608
-405.447
-410.596
-401.311
-406.176
-410.062
-404.287
-398.618
-404.423
-418.389
-415.406
-414.003
-407.654
-405.150
-401.266
-406.537
-404.827
-417.205
-411.359
-405.395
-413.614
-410.555
-402.726
-413.433
-404.154
-411.276
-407.543
-403.718
-408.452
-412.100
-401.886
-407.305
-413.734
-405.697
-415.594
-401.490
-403.508
-400.827
-404.975
-417.749
-406.829
-407.636
-404.273
-410.799
-413.492
-400.028
-401.723
-414.547
-396.303
-398.128
-409.441
-396.626
-411.660
-406.117
-414.415
-402.330
-402.110
-408.300
-416.508
-406.966
-415.763
-403.878
-415.442
-399.301
-414.764
-413.082
-413.245
-404.290
-403.544
-407.338
-404.002
-407.782
-403.916
-405.552
-415.914
-422.534
-408.023
-405.314
-405.746
-403.645
-412.089
-405.959
-412.974
-405.311
-402.980
-414.781
-398.649
-411.877
-406.531
-416.462
-407.925
-412.571
-406.774
-403.323
-411.079
-406.905
-397.364
-413.680
-399.915
-401.953
-410.482
-409.050
-411.388
-404.548
-415.154
-413.008
-405.071
-403.977
-403.823
-402.995
-414.906
-415.407
-401.859
-405.543
-414.892
-412.709
-409.079
-407.796
-404.382
-401.722
-403.693
-394.952
-414.547
-399.256
-414.338
-400.702
-414.198
-403.204
-404.664
-397.950
-409.635
-403.000
-418.896
-402.476
-413.977
-401.963
-409.854
-399.193
-413.708
-398.623
-413.109
-414.823
-398.644
-411.540
-406.644
-418.203
-407.361
-401.008
-403.874
-408.223
-411.805
-403.445
-408.755
-400.667
-413.542
-415.061
-403.258
-401.201
-391.981
-412.319
-414.986
-413.555
-396.654
-403.874
-413.189
-405.113
-400.858
-406.420
-408.869
-412.167
-402.879
-406.841
-411.287
-415.844
-408.453
-406.987
-406.352
-407.202
-417.619
-415.024
-412.699
-406.578
-408.148
-410.179
-408.544
-405.002
-413.088
-401.641
-412.890
-408.882
-399.801
-402.989
-400.129
-404.009
-401.309
-404.253
-401.392
-410.758
-401.537
-401.915
-415.167
-408.225
-406.340
-414.811
-414.973
-400.496
-397.965
-402.337
-415.749
-407.333
-397.887
-408.127
-406.173
-415.539
-412.790
-401.726
-415.757
-410.906
-404.416
-405.644
-407.446
-408.633
-416.636
-403.463
-402.604
-400.032
-402.356
-398.198
-415.042
-411.160
-413.110
-406.167
-402.416
-406.507
-411.393
-414.978
-414.418
-416.709
-415.807
-390.655
-416.650
-404.202
-409.549
-401.608
-414.488
-409.029
-399.797
-412.433
-404.233
-402.203
-413.475
-403.261
-412.969
-401.491
-416.275
-401.625
-405.899
-400.535
-415.373
-409.286
-415.001
-405.921
-410.991
-403.097
-417.287
-417.738
-406.388
-406.346
-405.136
-418.784
-410.427
-412.448
-403.465
-419.504
-402.942
-403.161
-414.078
-418.258
-403.403
-401.931
-402.363
-403.071
-398.157
-403.465
-413.244
-409.363
-406.498
-393.663
-409.071
-413.272
-415.080
-416.795
-401.391
-406.705
-411.313
-410.224
-404.791
-414.006
-419.948
-417.483
-405.121
-416.969
-405.335
-414.100
-407.996
-411.042
-404.507
-408.367
-404.166
-404.147
-403.854
-404.336
-412.666
-412.856
-402.145
-413.351
-405.688
-406.100
-411.956
-402.146
-402.591
-411.778
-413.196
-403.623
-402.035
-414.576
-406.399
-414.758
-411.093
-402.372
-407.413
-409.470
-401.768
-406.360
-406.026
-401.807
-413.966
-414.676
Average -407.769
