-545.981
-531.383
-547.663
-540.949
-525.768
-533.241
-531.954
-533.772
-551.062
-551.664
-552.861
-547.962
-546.180
-532.102
-542.006
-543.467
-536.940
-553.197
-540.678
-549.680
-549.183
-546.315
-529.722
-536.791
-534.525
-552.417
-550.066
-547.828
-527.691
-532.966
-551.392
-528.019
-531.442
-543.406
-550.340
-533.890
-549.176
-537.367
-528.746
-537.537
-533.147
-532.602
-548.018
-546.786
-534.834
-549.382
-547.265
-534.720
-548.511
-532.511
-542.915
-547.788
-549.956
-549.353
-549.593
-537.978
-531.677
-541.502
-535.649
-545.508
-545.917
-549.201
-534.842
-544.666
-547.113
-529.125
-548.413
-534.318
-542.354
-534.298
-534.212
-547.062
-536.337
-531.726
-532.603
-524.527
-543.981
-547.343
-534.182
-536.255
-529.087
-523.938
-545.072
-541.745
-528.796
-547.905
-546.972
-546.157
-547.096
-533.224
-541.858
-534.963
-547.215
-548.125
-536.324
-540.552
-536.726
-541.975
-544.653
-549.154
-550.334
-540.614
-552.213
-532.587
-549.359
-533.039
-548.603
-543.713
-546.241
-534.686
-528.537
-529.732
-546.502
-533.821
-535.793
-546.409
-536.709
-547.426
-525.894
-545.262
-547.114
-549.464
-531.571
-533.019
-532.251
-531.383
-545.405
-545.202
-530.201
-535.030
-549.627
-534.337
-548.394
-548.316
-549.452
-532.939
-544.628
-531.542
-550.685
-538.119
-534.844
-554.922
-549.126
-532.142
-535.515
-551.378
-548.717
-544.327
-534.382
-548.875
-538.083
-532.384
-533.161
-553.338
-544.478
-546.279
-533.924
-549.480
-544.211
-545.146
-525.636
-545.658
-538.414
-532.078
-529.466
-529.076
-545.709
-543.453
-546.065
-535.402
-550.727
-532.543
-548.829
-547.721
-530.817
-544.369
-533.336
-533.285
-543.426
-548.802
-532.162
-533.093
-546.937
-548.182
-531.525
-533.296
-532.247
-532.705
-531.374
-550.339
-530.231
-545.793
-531.506
-549.716
-548.699
-547.612
-541.625
-535.424
-546.732
-547.873
-547.745
-530.993
-550.464
-551.185
-547.708
-528.414
-546.895
-550.105
-546.994
-542.396
-532.594
-542.903
-547.016
-534.910
-550.349
-549.563
-529.947
-537.030
-535.099
-529.915
-531.072
-544.653
-545.677
-532.436
-553.589
-535.466
-546.613
-550.465
-534.471
-526.634
-549.719
-530.334
-532.223
-529.713
-529.673
-544.386
-532.245
-542.447
-530.972
-533.567
-527.176
-543.390
-550.703
-547.758
-532.683
-548.493
-542.787
-547.525
-529.624
-550.842
-538.223
-550.483
-546.934
-528.218
-533.459
-549.279
-538.679
-535.894
-545.879
-533.613
-535.827
-545.683
-534.641
-550.378
-532.704
-536.291
-546.634
-549.668
-529.674
-548.642
-547.402
-547.460
-532.980
-533.021
-533.779
-527.804
-547.275
-536.169
-547.472
-532.565
-552.227
-549.580
-532.711
-554.869
-532.290
-544.896
-552.053
-532.929
-545.711
-552.286
-532.209
-535.634
-545.370
-535.682
-547.958
-534.902
-549.605
-543.739
-545.044
-548.657
-532.032
-532.136
-530.798
-543.111
-531.730
-531.505
-532.774
-541.587
-549.868
-527.797
-536.144
-542.690
-546.556
-546.113
-527.861
-543.965
-529.756
-533.650
-544.731
-547.571
-548.763
-531.152
-549.719
-536.258
-542.612
-548.150
-530.361
-542.784
-535.878
-533.868
-532.398
-532.859
-547.147
-543.588
-526.460
-549.218
-543.544
-545.377
-529.279
-529.815
-546.313
-531.773
-531.210
-545.005
-548.012
-543.029
-549.469
-536.579
-543.609
-549.737
-548.109
-546.456
-547.711
-529.345
-543.198
-529.553
-524.684
-534.116
-533.072
-542.539
-535.549
-532.928
-531.031
-529.413
-532.710
-543.493
-533.915
-533.849
-531.421
-531.567
-541.905
-546.362
-530.432
-551.837
-548.597
-527.981
-532.256
-529.181
-531.955
-542.806
-529.076
-533.642
-544.339
-530.848
-547.902
-544.461
-535.336
-531.424
-553.264
-548.075
-531.544
-536.320
-528.499
-548.070
-534.982
-548.669
-548.395
-548.868
-544.041
-545.224
-532.175
-548.719
-545.713
-546.618
-533.387
-541.042
-534.436
-550.789
-531.528
-532.177
-529.077
-530.474
-536.330
-549.010
-550.576
-545.929
-538.074
-545.858
-532.608
-551.932
-544.115
-530.867
-530.406
-543.934
-530.623
-548.962
-527.046
-546.564
-550.824
-536.098
-548.495
-547.570
-542.788
-533.495
-553.448
-549.890
-534.553
-530.675
-544.265
-546.994
-535.974
-531.066
-535.379
-543.081
-536.111
-547.941
-538.660
-545.451
-543.951
-531.844
-544.385
-544.417
-547.682
-534.897
-528.524
-545.729
-547.917
-536.410
-547.543
-532.323
-528.057
-535.117
-535.440
-533.011
-547.085
-534.953
-529.334
-551.574
-546.746
-532.709
-547.328
-548.502
-548.327
-534.054
-531.993
-532.357
-546.242
-551.664
-531.619
-546.413
-541.645
-546.946
-529.348
-534.087
-532.585
-543.636
-535.365
-553.513
-536.291
-543.946
-527.986
-533.101
-535.309
-542.489
-546.789
-536.799
-533.926
-529.268
-546.063
-547.828
Average -540.117
