-564.516
-563.487
-562.615
-561.071
-565.064
-557.985
-559.263
-560.329
-560.759
-562.320
-557.792
-556.234
-558.975
-563.883
-559.982
-564.211
-565.358
-560.347
-561.847
-566.009
-562.863
-562.992
-559.740
-561.820
-565.872
-558.780
-557.920
-560.946
-560.857
-565.560
-562.450
-564.520
-560.061
-562.465
-564.050
-559.945
-557.648
-561.652
-561.906
-562.558
-557.954
-556.341
-562.695
-563.229
-559.456
-564.021
-560.572
-564.672
-563.938
-563.362
-567.510
-558.604
-561.595
-559.998
-565.122
-560.712
-565.214
-564.712
-561.457
-561.621
-562.053
-563.057
-562.092
-561.031
-562.152
-565.200
-563.999
-563.356
-561.393
-562.722
-560.771
-562.848
-559.310
-563.183
-562.687
-561.666
-564.440
-562.661
-562.054
-564.406
-559.784
-559.128
-561.356
-565.641
-566.778
-561.938
-563.886
-563.438
-563.094
-563.534
-559.207
-564.864
-563.957
-559.455
-560.638
-563.379
-558.516
-562.283
-564.488
-565.555
-560.174
-560.969
-557.009
-558.900
-563.482
-565.870
-564.372
-563.313
-561.584
-567.287
-555.231
-561.998
-557.957
-565.739
-562.386
-556.524
-561.047
-556.757
-562.668
-561.061
-563.693
-557.395
-557.258
-565.492
-561.141
-562.962
-566.429
-560.563
-563.365
-561.709
-560.094
-563.238
-564.297
-566.559
-562.478
-559.625
-562.588
-565.782
-566.857
-565.414
-559.348
-560.311
-565.368
-559.707
-560.188
-561.618
-560.862
-560.669
-567.788
-566.808
-557.966
-554.224
-556.266
-558.317
-562.367
-567.435
-558.050
-564.178
-562.340
-560.501
-563.764
-564.263
-560.158
-560.001
-567.862
-558.304
-559.526
-565.426
-563.181
-566.392
-559.903
-559.272
-562.159
-562.866
-558.917
-557.133
-564.993
-566.010
-557.587
-562.932
-561.547
-554.817
-565.193
-562.897
-561.649
-565.345
-558.554
-561.044
-565.367
-563.778
-562.704
-559.695
-561.850
-554.139
-563.079
-558.764
-565.796
-562.455
-565.482
-566.043
-559.894
-557.084
-558.763
-562.095
-554.224
-559.797
-564.433
-563.370
-562.435
-561.815
-562.629
-563.291
-563.489
-563.949
-558.772
-563.156
-562.009
-563.717
-566.625
-562.922
-566.790
-560.251
-561.202
-556.272
-561.654
-566.479
-562.473
-560.995
-562.101
-561.455
-563.271
-560.657
-561.054
-556.604
-557.426
-561.110
-563.625
-562.570
-559.280
-565.209
-566.311
-562.503
-563.469
-563.123
-564.699
-562.298
-560.642
-561.401
-564.405
-565.486
-565.177
-563.314
-566.200
-563.374
-563.157
-561.715
-564.727
-563.407
-557.150
-564.503
-561.943
-561.621
-565.093
-562.737
-560.173
-558.710
-559.815
-559.326
-561.024
-557.864
-562.691
-563.871
-563.511
-561.612
-562.775
-560.433
-562.983
-555.099
-566.103
-560.867
-560.397
-560.757
-565.337
-562.702
-563.282
-559.623
-559.246
-563.603
-561.521
-564.702
-560.754
-560.388
-561.224
-559.459
-560.261
-560.221
-563.139
-563.184
-562.773
-559.697
-559.258
-557.952
-565.802
-563.260
-564.210
-560.942
-563.894
-566.921
-560.520
-566.613
-563.346
-554.671
-561.365
-564.200
-561.581
-564.941
-563.581
-559.069
-563.517
-564.564
-565.846
-563.056
-563.154
-564.410
-565.218
-560.086
-558.220
-564.652
-563.654
-564.037
-555.197
-564.476
-558.558
-562.729
-555.968
-560.160
-554.662
-561.525
-569.038
-564.984
-564.452
-560.343
-561.623
-564.902
-556.387
-562.115
-561.556
-559.596
-563.802
-563.759
-564.000
-559.346
-559.567
-553.587
-559.787
-560.997
-566.831
-559.580
-557.125
-559.345
-563.557
-559.904
-560.214
-562.022
-559.688
-556.594
-567.246
-562.559
-566.256
-562.185
-561.162
-562.408
-561.831
-565.176
-563.064
-562.664
-562.391
-567.842
-562.692
-566.190
-562.180
-561.082
-565.246
-564.607
-564.958
-564.654
-562.988
-561.372
-564.367
-560.373
-561.182
-562.290
-562.811
-558.288
-565.104
-561.722
-563.805
-562.164
-557.286
-567.107
-557.224
-562.248
-564.727
-561.584
-566.523
-561.827
-562.044
-564.087
-562.352
-559.052
-563.718
-565.562
-568.788
-562.619
-559.672
-566.600
-559.729
-563.842
-563.745
-560.019
-561.650
-559.562
-559.073
-565.033
-559.904
-561.900
-562.201
-564.771
-563.062
-562.187
-562.072
-564.440
-561.387
-553.801
-558.595
-559.297
-563.000
-561.850
-563.081
-559.364
-566.185
-566.138
-560.873
-564.249
-565.341
-557.759
-556.411
-564.585
-561.971
-564.504
-557.223
-557.376
-565.740
-563.954
-564.242
-554.676
-567.387
-560.786
-561.540
-560.792
-560.523
-567.641
-566.388
-559.375
-560.559
-562.601
-566.387
-559.993
-561.738
-567.969
-561.680
-558.475
-560.982
-565.122
-559.043
-559.825
-558.192
-557.520
-563.084
-558.499
-559.881
-562.225
-565.187
-565.990
-562.291
-564.127
-563.398
-558.730
-558.267
-560.351
-562.071
-556.772
-564.052
-558.614
-557.261
-565.007
-561.871
-563.982
-559.408
-561.969
Average -561.998
