-416.016
-416.320
-418.933
-414.499
-420.159
-421.860
-422.031
-416.668
-422.401
-419.591
-426.947
-415.854
-417.302
-419.993
-420.663
-410.231
-420.640
-427.391
-418.968
-421.136
-421.037
-419.700
-415.586
-431.329
-419.150
-411.470
-417.165
-417.345
-414.441
-420.613
-424.869
-426.391
-421.150
-414.147
-416.244
-424.700
-415.637
-416.422
-426.492
-417.149
-421.515
-430.238
-427.689
-424.031
-419.455
-418.521
-418.613
-421.642
-424.262
-421.864
-417.314
-419.144
-418.036
-419.751
-416.084
-413.233
-420.782
-417.112
-422.795
-419.234
-420.071
-420.534
-419.415
-423.586
-417.253
-429.183
-426.218
-421.930
-419.421
-418.227
-425.779
-419.489
-414.740
-420.294
-421.973
-427.465
-414.317
-421.100
-416.783
-424.296
-423.077
-427.881
-404.674
-419.510
-416.596
-424.195
-418.145
-417.078
-419.230
-418.270
-419.743
-418.079
-421.315
-411.918
-416.902
-421.613
-429.281
-415.754
-422.204
-414.201
-420.254
-427.136
-420.445
-418.266
-419.963
-414.529
-420.638
-418.991
-417.903
-418.434
-418.635
-414.447
-417.468
-429.620
-419.230
-426.706
-425.326
-418.634
-416.337
-418.489
-417.343
-424.015
-422.046
-415.503
-418.609
-415.715
-420.333
-416.069
-419.102
-420.529
-427.558
-428.293
-421.462
-416.334
-415.956
-420.158
-422.920
-419.452
-422.288
-422.907
-417.075
-430.714
-418.404
-409.850
-416.978
-418.838
-423.215
-424.981
-422.959
-419.534
-426.904
-421.310
-425.511
-420.408
-416.286
-421.535
-418.377
-428.879
-418.914
-416.625
-419.212
-418.436
-415.394
-417.298
-418.245
-420.170
-417.812
-417.397
-423.359
-420.232
-420.799
-418.179
-416.027
-416.922
-420.556
-418.299
-423.959
-419.750
-414.143
-421.974
-416.426
-417.136
-420.608
-417.424
-423.459
-427.005
-419.754
-421.495
-420.778
-422.079
-426.467
-418.268
-417.288
-418.068
-426.282
-419.353
-418.727
-422.751
-422.076
-419.382
-412.406
-419.962
-420.869
-417.505
-422.939
-423.810
-415.614
-423.407
-417.470
-416.958
-420.664
-418.902
-417.168
-414.309
-416.495
-428.826
-423.295
-421.908
-423.290
-420.369
-417.457
-426.559
-413.081
-418.373
-416.379
-424.663
-423.536
-424.403
-423.297
-428.438
-425.886
-423.837
-422.852
-423.463
-428.042
-415.723
-426.027
-418.009
-420.935
-420.947
-418.455
-413.424
-421.963
-418.127
-416.948
-426.987
-420.204
-423.563
-418.130
-418.987
-419.636
-423.042
-415.687
-422.897
-413.452
-421.718
-423.016
-418.089
-420.533
-427.203
-422.765
-423.774
-424.979
-422.919
-420.888
-423.269
-415.680
-419.805
-419.033
-423.840
-417.567
-421.058
-428.944
-421.686
-419.705
-414.160
-420.662
-419.796
-415.062
-427.070
-425.088
-416.128
-421.106
-417.811
-417.959
-415.787
-417.555
-419.990
-424.244
-420.828
-422.856
-412.988
-416.816
-419.168
-420.797
-424.494
-424.695
-420.524
-416.171
-426.023
-419.921
-427.361
-425.581
-416.293
-430.038
-423.032
-415.299
-416.510
-418.082
-422.939
-417.743
-412.327
-417.468
-424.900
-417.718
-416.248
-421.705
-417.769
-416.181
-417.706
-429.458
-416.688
-414.915
-425.704
-418.936
-419.227
-416.716
-422.084
-413.358
-429.953
-415.643
-421.836
-412.095
-427.499
-425.115
-421.114
-428.053
-417.780
-421.848
-421.035
-426.956
-416.413
-423.038
-422.985
-416.167
-418.859
-423.834
-420.162
-422.258
-415.939
-423.351
-418.942
-413.168
-416.718
-422.797
-416.936
-416.832
-416.562
-419.316
-416.661
-417.418
-419.564
-415.896
-420.491
-424.404
-419.170
-418.221
-420.306
-420.677
-422.213
-419.232
-416.514
-416.103
-421.871
-420.764
-420.017
-427.309
-422.971
-415.182
-426.064
-417.027
-423.582
-413.445
-410.182
-414.785
-415.717
-418.490
-420.266
-426.028
-418.279
-419.905
-423.528
-416.321
-418.332
-420.914
-418.390
-419.411
-419.557
-420.555
-419.098
-417.508
-421.742
-415.854
-420.166
-417.782
-421.853
-417.387
-426.142
-419.255
-415.160
-430.628
-413.954
-417.484
-417.787
-414.987
-416.048
-421.961
-415.654
-430.177
-422.125
-417.173
-412.424
-420.420
-417.322
-424.633
-412.195
-417.263
-420.737
-415.932
-417.002
-424.619
-427.241
-416.111
-416.892
-421.717
-420.918
-420.123
-418.264
-417.997
-430.996
-421.684
-415.212
-425.076
-429.006
-417.118
-419.267
-415.608
-412.447
-420.398
-420.480
-417.233
-419.973
-424.851
-418.926
-421.607
-414.954
-415.556
-417.382
-418.687
-414.975
-425.938
-422.565
-419.025
-414.758
-420.567
-425.021
-417.771
-418.531
-423.528
-415.428
-412.248
-421.236
-413.460
-417.504
-428.073
-415.051
-422.778
-419.797
-422.637
-424.269
-416.723
-430.158
-419.507
-415.768
-418.864
-420.922
-418.910
-416.540
-417.036
-425.508
-420.880
-424.471
-426.662
-418.912
-423.191
-422.035
-424.069
-426.708
-424.995
-422.346
Average -420.105
