-405.459
-409.582
-405.384
-404.791
-406.057
-402.776
-404.724
-405.842
-405.552
-410.381
-406.179
-409.954
-402.627
-407.265
-404.646
-405.498
-400.736
-408.111
-405.409
-407.780
-401.468
-402.159
-405.276
-403.499
-405.912
-405.361
-408.211
-405.435
-409.701
-406.004
-402.765
-403.455
-405.133
-407.412
-405.048
-408.414
-406.964
-407.271
-403.834
-404.558
-401.638
-406.382
-407.170
-403.495
-403.792
-406.144
-406.061
-404.803
-402.030
-402.175
-406.981
-403.126
-404.095
-402.702
-407.449
-406.266
-405.027
-405.184
-404.344
-407.548
-402.404
-409.408
-404.392
-407.436
-406.864
-407.470
-402.435
-405.624
-406.022
-401.778
-404.907
-404.942
-406.551
-403.596
-407.813
-408.957
-405.087
-403.507
-406.575
-408.161
-407.132
-406.732
-404.773
-405.822
-408.122
-405.722
-401.519
-406.407
-405.598
-407.471
-403.532
-405.340
-404.451
-403.635
-404.883
-402.981
-408.010
-405.514
-405.915
-405.069
-406.118
-406.574
-405.082
-402.754
-408.543
-408.277
-406.247
-402.774
-408.655
-407.310
-402.294
-408.829
-406.890
-406.086
-408.324
-407.248
-408.306
-406.731
-406.204
-403.529
-403.297
-405.064
-406.758
-409.186
-407.964
-400.717
-404.318
-402.858
-405.097
-406.609
-407.031
-400.619
-408.406
-403.414
-405.387
-405.884
-404.267
-402.916
-408.977
-408.190
-406.249
-405.907
-406.998
-403.827
-406.407
-404.629
-404.664
-402.528
-404.402
-406.979
-407.223
-405.817
-408.107
-399.718
-406.021
-407.852
-407.992
-405.420
-408.103
-409.171
-403.981
-402.769
-404.941
-405.779
-408.182
-408.611
-406.744
-401.975
-404.583
-407.751
-403.651
-406.426
-402.711
-407.062
-410.277
-408.826
-404.838
-410.271
-402.850
-406.148
-406.186
-410.037
-407.525
-406.724
-404.054
-407.748
-406.159
-405.687
-406.361
-407.787
-404.159
-407.070
-405.340
-406.824
-403.746
-402.515
-403.739
-404.654
-408.264
-404.600
-402.090
-403.604
-405.859
-406.587
-401.244
-408.675
-403.105
-402.762
-405.698
-402.595
-406.372
-405.576
-404.421
-405.992
-407.881
-402.751
-408.742
-407.356
-403.836
-406.731
-405.452
-408.489
-407.299
-408.358
-408.362
-401.891
-408.093
-406.375
-407.132
-405.890
-407.759
-403.886
-410.278
-405.796
-409.063
-408.690
-408.285
-408.139
-399.470
-406.808
-406.622
-406.873
-407.426
-404.249
-401.745
-405.144
-403.543
-407.613
-406.510
-406.708
-407.861
-407.002
-403.441
-405.521
-405.221
-406.058
-403.679
-408.409
-405.085
-404.893
-406.246
-402.430
-405.478
-405.813
-403.103
-406.770
-406.057
-406.131
-403.568
-403.365
-406.142
-406.799
-402.464
-405.411
-407.153
-408.145
-402.246
-400.564
-404.408
-405.608
-403.896
-407.654
-404.823
-406.397
-407.132
-403.407
-409.477
-407.644
-407.102
-407.913
-406.767
-406.338
-406.369
-404.500
-409.537
-405.563
-407.639
-406.564
-406.150
-407.577
-402.894
-404.674
-409.479
-401.685
-405.506
-406.517
-407.000
-407.369
-404.746
-401.741
-405.394
-402.799
-404.835
-402.772
-406.180
-406.582
-410.814
-404.498
-408.536
-407.098
-409.463
-405.582
-405.447
-405.647
-408.610
-408.412
-405.061
-406.227
-404.619
-401.946
-407.843
-401.063
-402.244
-404.278
-403.530
-406.045
-405.462
-408.775
-407.741
-406.718
-404.526
-407.296
-404.932
-405.909
-407.396
-407.008
-406.703
-406.016
-406.272
-403.351
-403.997
-403.033
-406.823
-404.879
-402.368
-407.463
-404.444
-402.636
-407.616
-401.524
-404.645
-406.080
-407.164
-403.793
-401.653
-403.683
-404.138
-407.446
-404.743
-406.125
-406.088
-405.953
-404.597
-403.902
-407.225
-406.578
-405.153
-404.265
-407.496
-401.152
-404.829
-408.906
-400.858
-405.408
-402.504
-406.237
-403.453
-406.034
-404.187
-404.623
-404.063
-403.288
-404.487
-406.477
-408.443
-407.010
-411.160
-401.372
-405.353
-406.397
-403.892
-406.499
-403.504
-407.425
-403.657
-402.350
-414.376
-406.037
-408.852
-404.052
-404.749
-407.552
-406.669
-407.976
-405.483
-413.241
-406.732
-406.015
-409.209
-408.762
-404.751
-406.285
-405.263
-404.585
-405.442
-406.109
-402.804
-404.986
-403.849
-406.361
-401.037
-402.342
-403.880
-408.503
-406.513
-404.135
-402.466
-409.110
-406.480
-403.430
-404.852
-406.053
-408.718
-407.744
-405.654
-405.259
-408.947
-403.018
-407.802
-406.981
-404.495
-407.559
-404.619
-402.844
-403.521
-409.120
-405.665
-407.157
-407.366
-403.169
-406.432
-406.675
-408.000
-403.650
-404.748
-406.886
-406.537
-410.020
-405.914
-407.023
-405.801
-405.943
-405.879
-403.527
-404.413
-408.045
-403.883
-402.303
-407.546
-408.174
-406.690
-405.398
-406.460
-407.097
-403.873
-406.023
-410.506
-408.552
-403.543
-402.874
-404.945
-402.554
-403.105
-405.358
-407.194
-400.988
-405.809
-406.880
-408.574
-407.406
Average -405.689
