-516.502
-518.351
-516.565
-511.076
-515.318
-518.159
-515.367
-513.727
-515.255
-521.105
-515.237
-510.480
-520.156
-516.257
-519.137
-520.510
-518.265
-517.541
-513.426
-513.581
-516.158
-517.017
-516.501
-518.996
-514.671
-509.882
-510.409
-516.030
-517.380
-513.649
-510.387
-519.853
-513.394
-513.369
-517.958
-513.547
-517.993
-520.306
-518.850
-510.778
-519.925
-516.061
-517.159
-511.037
-516.668
-513.246
-517.904
-512.978
-519.168
-513.918
-515.394
-516.336
-514.568
-512.400
-512.794
-516.677
-521.292
-513.974
-519.817
-517.164
-514.803
-519.755
-516.694
-516.422
-516.180
-514.668
-514.743
-520.569
-517.292
-515.993
-515.461
-515.419
-513.472
-517.194
-514.890
-517.364
-513.290
-514.015
-514.300
-515.125
-519.315
-517.618
-515.628
-510.805
-510.370
-515.591
-516.087
-518.856
-519.813
-512.929
-517.919
-515.820
-518.142
-513.405
-512.366
-518.910
-518.253
-520.393
-513.478
-518.879
-519.088
-510.830
-516.885
-511.680
-520.748
-519.539
-517.189
-510.849
-522.171
-513.685
-517.212
-511.437
-513.678
-517.875
-521.494
-514.882
-510.409
-518.550
-509.316
-519.087
-518.397
-519.641
-516.240
-516.835
-518.602
-517.581
-518.783
-511.530
-513.875
-516.349
-516.060
-511.848
-515.496
-512.936
-519.318
-517.681
-514.681
-513.171
-513.751
-513.812
-515.596
-515.193
-513.659
-512.079
-509.089
-515.483
-518.469
-516.216
-520.636
-512.834
-516.061
-521.135
-519.017
-522.136
-517.842
-515.109
-514.945
-519.419
-511.963
-511.892
-516.558
-510.472
-508.053
-518.700
-511.229
-515.044
-516.518
-513.829
-514.612
-514.151
-516.479
-513.010
-515.118
-519.700
-516.644
-519.106
-520.087
-514.418
-507.976
-513.583
-519.303
-512.582
-519.040
-516.733
-517.719
-509.791
-516.910
-508.906
-516.088
-512.449
-507.688
-510.224
-518.245
-518.814
-515.595
-510.941
-517.468
-515.607
-516.909
-516.540
-520.936
-512.958
-508.534
-519.038
-519.552
-518.382
-516.183
-515.160
-510.236
-517.614
-518.703
-518.108
-519.200
-522.111
-515.193
-517.120
-518.847
-517.333
-513.135
-515.741
-514.126
-522.095
-515.896
-516.171
-515.049
-514.077
-519.241
-517.434
-517.380
-512.534
-517.735
-514.524
-516.851
-514.911
-514.881
-518.372
-516.740
-515.865
-514.007
-518.477
-515.406
-514.596
-516.637
-517.913
-519.391
-520.005
-513.731
-520.785
-510.802
-514.331
-506.734
-515.409
-517.738
-512.158
-517.106
-509.251
-517.092
-516.971
-517.916
-516.264
-513.059
-512.631
-514.964
-512.033
-516.612
-519.684
-517.435
-521.765
-517.778
-515.937
-520.414
-516.732
-520.006
-520.206
-514.386
-513.309
-516.707
-513.464
-517.153
-517.671
-515.048
-513.520
-522.145
-518.709
-517.303
-523.926
-514.811
-519.315
-515.600
-522.800
-513.461
-515.388
-513.452
-520.169
-517.200
-509.730
-510.875
-514.547
-519.398
-514.975
-515.831
-518.311
-514.429
-522.596
-518.527
-512.499
-513.020
-516.395
-515.935
-513.441
-509.068
-516.040
-512.188
-518.228
-515.503
-509.521
-513.593
-519.267
-519.073
-514.853
-509.353
-519.505
-514.382
-514.885
-516.492
-516.663
-513.071
-515.886
-517.582
-510.209
-515.515
-515.191
-510.612
-508.955
-520.908
-515.539
-522.246
-519.014
-521.972
-510.753
-520.715
-512.869
-514.476
-518.093
-514.755
-518.199
-511.257
-514.034
-516.475
-517.170
-513.548
-517.874
-512.385
-512.592
-519.263
-515.016
-514.967
-517.570
-513.693
-515.241
-515.204
-516.708
-516.324
-518.201
-519.890
-513.967
-506.931
-522.274
-515.910
-518.437
-522.095
-514.519
-510.529
-518.137
-518.800
-517.285
-518.319
-515.717
-515.176
-518.071
-514.371
-515.389
-514.346
-518.178
-514.944
-512.707
-515.592
-516.596
-513.831
-522.434
-516.588
-518.431
-518.494
-516.241
-514.565
-517.239
-513.425
-517.024
-521.555
-520.731
-512.229
-513.140
-519.787
-513.390
-515.668
-515.021
-514.790
-515.462
-512.769
-514.296
-516.030
-508.793
-517.485
-514.642
-513.298
-521.802
-514.186
-517.151
-519.805
-512.276
-512.878
-509.916
-511.172
-519.801
-512.692
-509.065
-517.804
-513.417
-510.303
-518.593
-515.565
-509.687
-513.038
-516.410
-515.693
-515.167
-511.807
-511.790
-520.115
-510.749
-514.799
-509.569
-521.794
-513.072
-513.121
-516.234
-516.131
-522.705
-519.568
-510.735
-515.507
-513.776
-512.853
-520.675
-506.511
-513.730
-515.104
-507.637
-513.172
-514.070
-517.656
-510.593
-513.765
-514.901
-521.183
-513.901
-519.985
-515.956
-513.186
-514.223
-514.811
-517.102
-516.090
-515.107
-512.406
-514.408
-518.502
-518.654
-513.314
-511.760
-514.078
-512.639
-515.337
-518.545
-518.263
-511.938
-515.624
-514.620
-514.742
-518.320
-516.013
-517.316
-518.841
-519.106
-515.117
-514.339
-516.104
-511.319
-512.801
-516.279
Average -515.707
