-317.298
-312.285
-318.131
-323.773
-309.769
-315.778
-315.997
-316.689
-314.140
-316.968
-321.881
-314.434
-313.439
-310.344
-312.501
-317.501
-315.729
-317.132
-318.094
-319.158
-311.585
-319.241
-322.148
-316.775
-313.213
-316.586
-314.757
-316.104
-311.340
-317.484
-311.569
-318.955
-313.413
-321.516
-319.211
-319.780
-316.832
-315.278
-314.145
-317.109
-312.399
-316.887
-317.913
-315.920
-319.324
-315.585
-316.829
-317.869
-316.568
-314.532
-313.033
-316.897
-313.570
-315.534
-315.764
-312.327
-312.138
-313.040
-310.452
-310.711
-314.552
-315.974
-316.645
-316.685
-318.064
-314.150
-315.647
-315.262
-319.956
-310.840
-318.976
-313.636
-316.553
-312.635
-312.868
-313.708
-320.989
-315.188
-320.508
-315.098
-316.118
-314.132
-309.091
-313.883
-316.600
-315.121
-311.517
-317.156
-315.875
-313.759
-314.545
-319.512
-309.800
-312.829
-316.576
-315.471
-314.004
-311.082
-313.183
-315.593
-314.558
-312.655
-311.836
-314.215
-316.026
-316.182
-315.362
-319.226
-316.834
-313.610
-320.353
-312.720
-311.584
-316.341
-314.301
-317.235
-316.816
-313.897
-318.411
-320.073
-314.485
-318.574
-312.797
-314.423
-315.323
-316.503
-313.705
-316.365
-311.166
-311.251
-315.260
-321.134
-314.234
-317.762
-314.357
-311.848
-315.368
-315.492
-314.200
-318.993
-316.128
-315.308
-313.446
-316.575
-313.488
-316.260
-309.188
-317.359
-314.082
-316.248
-316.547
-314.490
-315.191
-317.261
-314.261
-313.713
-316.061
-308.600
-315.145
-311.923
-316.738
-317.470
-314.985
-320.559
-316.285
-317.499
-313.230
-316.242
-316.934
-313.819
-316.856
-312.863
-312.177
-312.331
-319.259
-312.320
-316.308
-321.581
-312.714
-316.501
-310.005
-310.982
-311.178
-318.039
-311.399
-316.843
-317.987
-315.783
-321.425
-311.939
-315.583
-316.379
-316.403
-313.473
-315.312
-310.794
-312.107
-314.182
-312.943
-317.378
-313.419
-315.330
-309.353
-316.077
-317.081
-311.654
-315.094
-314.164
-313.677
-322.053
-315.182
-312.955
-316.699
-312.258
-311.054
-314.325
-318.516
-311.723
-316.028
-316.062
-318.087
-317.022
-315.288
-312.160
-309.213
-312.124
-315.780
-316.488
-313.530
-316.822
-315.786
-319.134
-313.535
-311.392
-314.123
-312.186
-315.077
-318.429
-313.513
-319.313
-317.127
-319.015
-315.107
-312.092
-312.023
-310.115
-318.407
-314.743
-316.586
-321.793
-315.516
-316.938
-311.088
-314.295
-311.693
-321.816
-312.268
-313.423
-312.600
-319.685
-317.472
-311.375
-314.155
-314.933
-314.987
-314.302
-316.692
-314.823
-315.017
-317.454
-316.237
-313.704
-316.252
-317.428
-304.466
-311.170
-324.257
-322.803
-314.732
-310.978
-320.215
-313.927
-315.104
-322.623
-314.907
-315.791
-314.691
-317.387
-318.586
-313.137
-313.178
-316.492
-314.855
-311.017
-314.877
-313.209
-319.076
-316.678
-316.365
-306.872
-317.048
-317.824
-321.255
-310.456
-315.646
-318.297
-312.048
-318.552
-313.794
-314.631
-318.708
-315.936
-317.081
-309.934
-316.081
-313.502
-320.269
-314.191
-317.589
-316.355
-305.334
-318.180
-311.502
-313.312
-320.451
-312.423
-316.000
-318.699
-319.074
-311.804
-316.858
-314.632
-313.148
-319.873
-317.619
-312.317
-316.727
-314.923
-316.874
-313.251
-321.012
-316.487
-322.006
-312.344
-316.865
-320.811
-320.403
-316.137
-316.434
-313.476
-311.621
-316.586
-316.679
-316.038
-314.312
-317.355
-316.618
-310.047
-313.876
-317.466
-316.782
-315.369
-309.691
-315.045
-312.755
-310.575
-321.000
-316.689
-313.062
-314.910
-315.692
-312.081
-317.081
-317.001
-317.440
-326.556
-316.665
-307.821
-314.477
-315.464
-322.855
-316.412
-311.173
-311.946
-314.960
-309.864
-314.235
-315.023
-316.565
-310.227
-311.814
-314.799
-319.151
-317.541
-309.723
-311.990
-314.317
-310.280
-314.870
-311.899
-312.967
-315.844
-314.893
-317.647
-313.210
-315.283
-311.638
-315.616
-311.401
-317.974
-314.641
-314.444
-318.096
-313.713
-318.624
-309.879
-318.639
-312.675
-308.394
-312.190
-317.801
-306.004
-317.078
-319.553
-315.693
-317.042
-313.276
-315.602
-315.489
-309.909
-312.405
-311.413
-320.528
-317.622
-316.163
-314.351
-316.392
-319.330
-314.194
-312.215
-317.703
-312.320
-318.101
-312.045
-309.542
-321.420
-316.753
-315.370
-312.325
-311.976
-309.733
-311.569
-316.576
-319.537
-320.888
-314.400
-316.488
-316.319
-316.607
-314.303
-314.005
-314.543
-316.351
-315.466
-315.682
-323.098
-315.159
-317.004
-315.810
-313.032
-315.659
-313.985
-313.698
-313.219
-314.840
-309.853
-312.584
-314.695
-316.874
-308.271
-317.223
-312.213
-315.385
-320.166
-314.609
-317.069
-321.479
-313.098
-317.275
-314.974
-314.977
-312.176
-315.223
-314.187
-316.234
-312.775
-313.839
-308.807
-314.794
-312.434
Average -315.188
