-585.669
-582.281
-584.704
-576.810
-576.263
-577.831
-578.502
-582.719
-575.639
-586.502
-583.705
-577.886
-578.493
-582.581
-578.275
-584.214
-583.700
-580.942
-572.893
-580.332
-580.692
-585.836
-583.447
-581.681
-577.911
-582.060
-583.023
-584.128
-583.654
-581.188
-587.294
-580.117
-574.636
-580.223
-585.692
-575.561
-580.928
-578.794
-582.661
-586.108
-576.399
-582.063
-580.813
-573.381
-573.930
-579.038
-587.429
-583.299
-581.929
-574.178
-579.081
-581.861
-587.149
-574.182
-585.482
-587.826
-580.178
-591.832
-580.861
-582.272
-584.077
-575.309
-572.388
-583.275
-577.753
-582.793
-574.273
-582.073
-579.525
-580.349
-584.372
-578.065
-581.683
-578.508
-579.744
-574.983
-585.400
-587.495
-584.585
-574.804
-588.578
-579.100
-587.089
-589.596
-581.222
-578.300
-583.183
-575.379
-579.301
-581.449
-584.584
-586.041
-581.829
-580.092
-582.073
-580.021
-576.780
-582.227
-580.844
-584.234
-582.331
-579.788
-581.346
-584.606
-578.346
-579.169
-579.817
-586.018
-580.262
-585.785
-579.614
-576.253
-582.969
-577.719
-583.751
-577.954
-574.796
-579.650
-582.822
-571.429
-579.236
-567.487
-578.035
-579.776
-577.762
-582.828
-585.142
-579.392
-582.762
-583.891
-585.144
-578.948
-584.174
-582.803
-583.369
-586.993
-578.941
-574.895
-577.189
-583.148
-583.691
-583.446
-575.247
-584.872
-584.437
-578.736
-583.775
-576.427
-588.466
-577.764
-580.771
-579.980
-582.795
-579.316
-581.317
-581.559
-582.505
-579.803
-578.408
-580.209
-578.793
-575.075
-588.859
-590.212
-571.619
-583.700
-582.773
-575.834
-579.065
-583.653
-580.436
-572.534
-578.506
-583.363
-575.996
-574.099
-577.619
-578.722
-574.862
-579.789
-584.988
-579.820
-574.742
-580.102
-583.977
-577.434
-579.078
-576.135
-579.599
-585.109
-583.912
-580.404
-578.801
-582.841
-582.433
-580.165
-576.960
-579.533
-583.660
-584.185
-573.137
-576.349
-582.934
-580.550
-575.972
-574.794
-574.561
-588.003
-584.152
-582.920
-582.212
-575.332
-582.225
-586.466
-583.412
-584.290
-588.113
-582.839
-579.970
-585.789
-585.544
-586.477
-576.283
-586.599
-586.393
-582.087
-579.148
-571.712
-573.409
-580.119
-575.422
-582.407
-581.920
-585.432
-581.953
-585.023
-583.204
-582.517
-584.060
-585.031
-582.543
-581.639
-574.277
-576.724
-578.742
-585.977
-585.166
-576.795
-582.938
-583.533
-582.241
-575.412
-576.486
-579.216
-580.918
-586.427
-584.213
-577.763
-578.209
-587.354
-584.149
-584.256
-575.569
-580.951
-582.767
-587.689
-580.236
-581.806
-588.495
-574.310
-581.986
-575.922
-581.497
-573.743
-583.461
-581.164
-585.056
-578.857
-579.157
-581.623
-581.004
-580.130
-581.273
-577.769
-574.282
-574.024
-577.449
-581.682
-579.471
-581.603
-587.119
-581.929
-576.014
-580.850
-575.684
-580.436
-576.721
-582.962
-578.412
-578.845
-573.780
-576.106
-585.631
-577.476
-577.555
-585.217
-583.389
-592.990
-579.950
-582.245
-580.499
-576.052
-579.788
-585.259
-583.318
-582.907
-583.342
-576.465
-575.329
-577.158
-584.466
-577.228
-579.545
-584.819
-577.109
-580.856
-579.611
-580.267
-569.802
-578.284
-583.001
-579.837
-579.653
-583.360
-583.780
-571.078
-579.095
-585.393
-579.775
-574.214
-583.379
-581.037
-582.822
-575.888
-583.945
-578.776
-578.272
-578.389
-585.200
-585.868
-583.890
-581.294
-579.926
-581.434
-582.247
-575.091
-580.407
-572.391
-579.578
-582.928
-581.958
-578.608
-573.455
-582.662
-581.158
-580.710
-588.256
-584.734
-575.063
-582.654
-582.308
-578.037
-580.011
-580.704
-583.804
-579.528
-579.214
-576.485
-582.273
-582.953
-590.217
-585.778
-578.169
-576.796
-582.334
-577.989
-581.004
-580.870
-578.988
-580.801
-573.903
-586.083
-587.477
-583.351
-578.030
-585.690
-593.776
-575.203
-578.020
-578.574
-581.714
-584.979
-575.448
-578.135
-579.280
-582.855
-584.738
-583.407
-589.496
-580.129
-579.431
-578.862
-583.152
-581.412
-575.717
-584.634
-577.887
-584.470
-590.678
-580.011
-584.081
-581.061
-573.497
-588.595
-575.388
-581.698
-583.961
-578.022
-577.258
-582.174
-583.198
-579.442
-582.555
-576.257
-581.198
-587.313
-577.607
-576.773
-573.168
-585.576
-579.932
-573.697
-583.381
-585.375
-580.140
-577.669
-585.374
-577.767
-578.906
-578.619
-583.956
-575.705
-578.361
-582.714
-581.848
-583.475
-586.210
-582.928
-579.044
-578.479
-592.158
-586.679
-579.039
-583.645
-587.497
-586.756
-577.046
-581.248
-584.334
-584.655
-577.914
-581.036
-580.041
-585.480
-583.980
-580.034
-580.063
-577.017
-580.477
-579.346
-578.588
-576.962
-585.157
-579.524
-581.345
-584.379
-582.344
-579.872
-581.590
-580.203
-584.570
-578.173
-577.654
-587.252
-585.551
-575.742
-596.647
-580.701
-575.400
-578.978
Average -580.882
