-514.285
-508.886
-510.092
-507.428
-505.877
-511.158
-514.130
-511.279
-513.405
-508.029
-509.620
-511.306
-505.206
-506.796
-510.829
-506.255
-516.336
-511.944
-513.552
-509.588
-509.857
-512.836
-512.899
-511.113
-515.489
-506.786
-509.289
-516.670
-508.198
-507.994
-511.106
-510.472
-508.444
-511.296
-511.348
-511.232
-504.908
-508.598
-509.408
-503.662
-512.265
-496.963
-511.414
-513.808
-512.761
-509.496
-513.129
-503.335
-509.490
-508.014
-511.869
-512.150
-507.603
-510.457
-516.796
-511.729
-502.038
-512.312
-512.914
-515.226
-513.413
-517.746
-511.502
-512.919
-509.148
-509.660
-510.018
-517.084
-512.380
-512.360
-513.568
-509.059
-508.943
-512.564
-509.588
-512.168
-504.843
-516.352
-507.417
-510.911
-510.590
-512.732
-508.685
-505.592
-508.801
-507.269
-511.498
-508.591
-516.236
-511.661
-507.911
-506.965
-513.590
-502.759
-509.598
-502.597
-512.986
-511.541
-506.443
-509.483
-512.224
-505.247
-510.133
-509.464
-514.645
-511.140
-513.156
-506.206
-510.831
-504.871
-507.590
-506.345
-506.132
-505.899
-512.887
-510.548
-507.574
-514.270
-514.827
-508.298
-507.870
-506.136
-511.597
-507.307
-505.531
-506.541
-503.883
-508.313
-516.546
-510.829
-504.394
-512.410
-510.617
-511.872
-509.867
-513.400
-509.044
-510.673
-509.885
-509.114
-507.065
-509.637
-508.652
-508.940
-511.690
-513.287
-514.231
-510.065
-514.828
-510.031
-504.707
-509.633
-515.832
-500.454
-509.681
-509.603
-509.440
-510.757
-507.874
-509.868
-514.047
-511.933
-507.243
-511.396
-512.209
-507.982
-509.925
-510.834
-510.229
-508.010
-508.553
-508.935
-506.745
-506.942
-506.627
-508.740
-510.824
-514.982
-515.629
-512.366
-506.317
-512.045
-514.104
-498.795
-506.238
-510.793
-510.825
-507.817
-506.865
-509.890
-513.002
-508.354
-510.892
-512.696
-503.117
-512.933
-510.627
-514.253
-512.317
-507.807
-507.625
-503.083
-511.359
-511.640
-511.593
-511.462
-506.567
-513.914
-506.074
-512.422
-512.195
-506.962
-507.997
-510.242
-505.564
-508.270
-510.621
-505.111
-514.051
-511.636
-511.452
-513.715
-510.122
-510.951
-508.626
-508.825
-515.723
-508.098
-510.204
-509.624
-509.553
-508.726
-509.360
-513.159
-505.814
-511.649
-509.892
-511.642
-515.747
-509.437
-514.196
-509.117
-507.877
-516.230
-508.933
-512.399
-511.256
-507.015
-511.342
-513.021
-509.277
-510.474
-507.953
-507.386
-512.874
-511.131
-511.535
-508.327
-508.877
-508.262
-511.870
-504.801
-508.908
-514.249
-512.554
-508.117
-510.197
-504.854
-508.079
-503.991
-511.157
-512.388
-511.759
-506.565
-510.034
-514.464
-512.110
-504.713
-509.033
-514.995
-511.041
-514.023
-514.297
-512.987
-512.422
-507.918
-509.112
-507.075
-512.227
-508.467
-504.327
-511.602
-512.114
-508.069
-514.635
-508.736
-509.833
-510.943
-513.694
-513.719
-510.577
-511.921
-508.239
-515.368
-509.084
-510.149
-513.216
-509.268
-510.314
-511.105
-510.537
-501.048
-506.339
-509.362
-509.384
-510.878
-512.018
-507.615
-507.743
-513.378
-509.383
-513.332
-508.504
-507.596
-512.371
-511.093
-512.712
-511.815
-508.704
-516.478
-508.488
-511.853
-508.357
-510.056
-505.904
-516.133
-507.767
-509.673
-506.860
-512.866
-510.447
-515.403
-512.158
-510.703
-507.635
-515.300
-507.707
-510.020
-508.089
-509.719
-514.428
-514.476
-511.764
-511.258
-514.358
-513.071
-511.514
-511.142
-512.568
-512.769
-509.550
-510.330
-508.313
-513.749
-506.192
-507.864
-510.947
-511.370
-507.603
-505.535
-505.590
-507.694
-504.410
-498.721
-510.234
-504.397
-508.185
-510.972
-509.326
-511.086
-515.472
-513.682
-516.804
-513.041
-510.723
-509.401
-504.903
-514.499
-508.569
-510.192
-508.826
-504.577
-513.386
-512.030
-508.154
-507.358
-508.098
-514.233
-512.055
-506.706
-513.498
-509.656
-509.507
-509.868
-513.781
-512.086
-511.817
-507.166
-516.502
-508.069
-509.118
-510.166
-514.046
-513.766
-512.772
-513.759
-511.021
-507.669
-509.768
-507.118
-508.235
-512.921
-513.204
-514.057
-513.992
-515.555
-511.443
-512.267
-509.207
-511.224
-513.777
-511.528
-507.697
-509.736
-514.064
-511.803
-511.100
-506.853
-509.718
-510.955
-510.509
-514.980
-508.470
-508.417
-508.344
-507.619
-507.116
-505.467
-505.796
-507.539
-510.169
-508.859
-512.015
-508.898
-504.751
-508.304
-501.523
-507.227
-513.894
-513.751
-515.930
-512.522
-508.493
-510.218
-509.602
-509.555
-513.857
-511.379
-508.407
-508.836
-507.887
-510.743
-514.525
-507.936
-508.258
-508.456
-508.900
-508.683
-509.610
-510.805
-509.632
-513.556
-513.859
-512.161
-511.121
-509.269
-510.356
-508.072
-510.926
-511.832
-513.255
-512.155
-513.508
-506.696
-508.574
-508.326
-506.278
-501.882
-512.675
-505.719
Average -510.125
