-366.962
-372.057
-360.389
-363.955
-365.357
-369.888
-371.482
-360.138
-364.277
-369.626
-366.965
-365.305
-365.497
-367.403
-368.110
-367.339
-367.051
-367.483
-370.574
-364.968
-371.934
-368.736
-362.524
-370.975
-361.710
-363.072
-365.409
-363.416
-367.867
-366.555
-365.437
-363.709
-371.062
-366.228
-365.457
-362.976
-372.626
-363.653
-367.138
-365.588
-362.153
-368.474
-360.620
-366.425
-368.901
-366.479
-367.275
-361.323
-367.851
-365.900
-364.409
-367.384
-366.425
-365.106
-367.336
-366.669
-362.960
-367.879
-360.217
-358.876
-361.597
-365.031
-365.395
-359.784
-366.489
-363.539
-361.781
-365.914
-369.375
-371.204
-364.442
-367.708
-368.496
-363.633
-363.178
-366.545
-364.103
-359.336
-362.285
-366.262
-365.871
-370.286
-370.493
-364.636
-368.238
-372.585
-368.009
-365.521
-361.364
-362.064
-361.351
-364.161
-362.906
-360.136
-362.194
-370.106
-362.937
-366.075
-369.762
-367.250
-366.504
-363.271
-362.212
-367.764
-367.305
-364.963
-365.485
-367.331
-368.136
-360.182
-367.234
-369.621
-366.564
-368.845
-355.875
-364.159
-366.575
-363.209
-358.767
-362.496
-362.847
-366.587
-362.691
-366.300
-367.978
-364.769
-366.705
-360.646
-365.521
-369.205
-368.736
-368.492
-362.453
-364.183
-366.708
-368.487
-369.516
-364.725
-368.508
-368.752
-370.268
-368.142
-361.558
-367.636
-360.135
-363.355
-371.923
-368.155
-365.560
-363.108
-365.950
-367.117
-366.026
-366.367
-365.694
-367.102
-368.215
-363.938
-369.164
-367.666
-363.407
-364.849
-364.928
-367.674
-362.234
-366.657
-368.430
-364.071
-365.917
-370.675
-361.247
-365.927
-364.126
-363.228
-363.360
-364.365
-367.996
-368.971
-365.011
-358.932
-365.045
-368.882
-355.295
-366.466
-371.580
-364.189
-366.473
-368.262
-371.727
-369.671
-365.347
-359.988
-363.501
-365.631
-368.803
-364.279
-364.635
-358.012
-365.933
-364.047
-369.268
-369.875
-368.757
-362.453
-365.657
-365.219
-362.396
-366.331
-363.652
-369.900
-367.146
-367.128
-364.768
-365.195
-366.949
-365.132
-368.752
-365.312
-365.604
-369.724
-364.193
-363.320
-363.195
-365.975
-366.865
-366.718
-366.068
-368.125
-366.319
-367.746
-363.864
-360.695
-363.763
-371.454
-369.839
-363.943
-366.817
-367.692
-367.338
-364.043
-364.932
-364.618
-366.423
-367.740
-363.595
-364.884
-366.048
-366.111
-367.472
-369.232
-360.737
-366.098
-368.839
-361.409
-369.042
-366.301
-360.491
-362.187
-366.619
-369.936
-368.908
-362.966
-363.119
-367.957
-368.935
-364.887
-366.384
-363.754
-363.292
-361.166
-365.910
-368.745
-364.095
-363.249
-364.469
-362.585
-365.535
-366.900
-368.611
-363.795
-366.488
-364.254
-362.087
-363.150
-368.854
-364.208
-365.270
-361.850
-364.479
-370.402
-363.599
-362.822
-364.290
-369.536
-366.422
-367.309
-362.927
-366.342
-369.550
-364.833
-362.185
-364.759
-367.907
-366.749
-365.448
-367.801
-367.267
-361.906
-366.708
-360.565
-361.346
-366.216
-368.130
-365.458
-368.394
-367.918
-366.206
-369.687
-365.409
-366.646
-370.303
-363.121
-366.058
-366.155
-365.906
-365.650
-366.377
-365.326
-359.828
-366.225
-365.623
-363.204
-368.223
-361.243
-364.220
-364.238
-365.037
-364.884
-374.510
-367.071
-365.417
-367.581
-362.114
-357.520
-369.730
-367.104
-365.109
-363.769
-367.621
-367.609
-365.087
-363.578
-367.509
-370.711
-367.008
-367.095
-367.008
-366.865
-363.830
-370.045
-366.425
-362.175
-361.423
-365.301
-362.113
-369.186
-362.573
-361.641
-364.538
-368.117
-368.170
-367.789
-365.154
-366.031
-368.256
-363.503
-365.900
-365.167
-364.260
-364.124
-365.617
-362.815
-367.792
-365.393
-366.928
-368.067
-363.449
-362.469
-366.666
-363.117
-365.515
-364.690
-366.152
-364.812
-361.364
-364.817
-369.835
-371.940
-366.426
-365.214
-368.735
-365.177
-364.860
-365.372
-366.108
-364.154
-363.684
-362.299
-365.963
-368.250
-366.046
-357.636
-359.681
-368.340
-370.727
-365.520
-368.721
-365.039
-365.302
-365.274
-366.179
-362.993
-363.581
-368.396
-365.688
-366.640
-368.218
-363.855
-363.168
-367.306
-363.490
-363.431
-362.850
-365.229
-361.811
-370.299
-361.190
-368.337
-364.024
-367.976
-367.460
-364.654
-366.720
-369.916
-364.568
-366.571
-369.232
-363.448
-366.017
-360.502
-362.285
-367.743
-370.092
-365.832
-365.784
-366.616
-364.526
-365.092
-361.305
-363.436
-368.291
-362.735
-365.259
-376.842
-362.375
-366.510
-365.083
-363.970
-366.226
-365.624
-368.344
-364.381
-364.292
-368.389
-366.589
-368.130
-364.978
-365.103
-362.321
-367.140
-366.248
-368.882
-364.353
-363.119
-366.893
-365.848
-365.186
-365.040
-369.093
-366.742
-365.097
-367.058
-360.090
-366.933
-362.127
-367.139
-363.643
-364.225
-368.153
-370.603
Average -365.672
