-463.597
-463.168
-458.505
-457.751
-469.484
-465.391
-458.643
-459.444
-465.709
-460.718
-462.026
-463.569
-463.444
-467.079
-457.276
-463.544
-460.936
-463.678
-460.359
-464.255
-465.133
-460.834
-459.394
-465.059
-458.644
-464.713
-458.724
-464.891
-461.090
-455.533
-455.244
-460.529
-465.396
-462.947
-461.589
-464.333
-461.824
-461.398
-461.846
-466.216
-465.212
-464.331
-460.677
-464.043
-465.477
-459.152
-462.911
-461.031
-461.806
-460.411
-458.958
-451.477
-458.511
-458.691
-463.846
-457.618
-458.349
-463.032
-460.149
-461.096
-462.303
-461.967
-461.784
-461.649
-457.859
-461.093
-462.935
-461.150
-458.671
-462.067
-454.776
-463.805
-462.918
-460.969
-462.822
-464.422
-458.969
-459.175
-461.476
-459.292
-457.662
-463.146
-464.989
-461.969
-464.623
-461.353
-463.577
-463.126
-463.161
-462.595
-461.156
-463.916
-457.946
-467.768
-463.122
-465.704
-458.169
-462.591
-457.726
-462.309
-459.043
-461.933
-461.600
-465.470
-457.403
-459.687
-462.223
-465.782
-464.063
-460.713
-457.391
-463.796
-465.404
-462.609
-461.589
-458.151
-458.142
-460.577
-460.371
-462.239
-459.692
-465.065
-461.241
-464.110
-463.528
-457.943
-462.988
-458.651
-459.472
-458.817
-462.523
-467.084
-461.725
-460.555
-463.769
-464.660
-461.043
-462.761
-464.969
-464.425
-461.958
-465.707
-461.556
-453.307
-463.414
-459.917
-465.446
-467.004
-463.846
-462.745
-461.031
-461.379
-458.924
-458.033
-463.720
-462.190
-464.180
-456.246
-458.832
-460.665
-460.514
-462.194
-462.014
-462.187
-462.933
-461.233
-467.671
-463.352
-459.049
-464.910
-464.053
-463.924
-463.994
-460.428
-461.775
-457.308
-461.026
-460.342
-465.938
-457.209
-462.100
-462.908
-463.332
-460.585
-463.328
-462.224
-463.364
-461.223
-463.415
-463.722
-463.474
-462.026
-463.691
-466.505
-462.537
-464.045
-460.415
-463.724
-461.481
-461.903
-457.558
-463.039
-463.322
-461.975
-462.931
-461.063
-464.678
-459.690
-463.358
-459.155
-462.191
-461.992
-461.971
-455.377
-468.310
-460.820
-463.441
-461.842
-461.461
-461.526
-462.528
-457.097
-460.991
-459.890
-462.990
-460.492
-465.041
-461.617
-464.011
-461.683
-464.059
-462.310
-459.057
-458.810
-464.764
-459.358
-465.045
-461.553
-465.381
-465.690
-464.860
-456.519
-462.715
-459.126
-463.616
-462.037
-459.466
-462.299
-462.383
-462.859
-461.558
-460.450
-462.709
-459.581
-468.039
-464.801
-461.133
-465.358
-462.628
-463.155
-464.364
-459.178
-456.403
-467.054
-464.183
-460.292
-461.511
-464.117
-465.553
-462.887
-464.083
-460.114
-463.087
-461.529
-460.462
-458.904
-462.931
-464.833
-466.968
-456.005
-463.016
-456.294
-461.497
-460.187
-464.385
-463.773
-466.384
-463.785
-463.096
-459.887
-464.311
-462.792
-461.390
-458.752
-464.772
-466.472
-464.571
-461.751
-463.379
-460.571
-464.982
-462.664
-463.990
-458.648
-458.417
-464.783
-465.008
-462.862
-464.936
-466.148
-463.026
-461.122
-464.638
-461.090
-463.950
-465.005
-462.650
-466.864
-458.764
-462.831
-463.672
-456.287
-465.395
-459.403
-458.529
-462.173
-455.272
-459.169
-467.448
-463.720
-461.729
-459.282
-459.056
-464.196
-460.737
-461.969
-458.162
-466.003
-460.728
-455.787
-465.656
-460.714
-464.208
-461.413
-460.855
-462.297
-457.504
-460.906
-456.329
-462.092
-464.322
-459.390
-461.468
-462.459
-458.179
-465.562
-462.032
-459.621
-462.944
-458.127
-463.463
-461.108
-463.532
-462.080
-460.665
-459.356
-461.310
-463.916
-465.942
-462.574
-462.115
-461.312
-463.418
-463.147
-461.921
-464.654
-463.195
-463.938
-463.346
-458.972
-463.323
-458.884
-463.024
-460.207
-466.704
-462.834
-460.797
-462.900
-460.145
-458.930
-461.799
-466.262
-458.923
-462.263
-464.345
-462.082
-462.079
-464.100
-460.257
-461.622
-460.515
-461.750
-460.155
-466.263
-463.773
-465.332
-461.924
-463.972
-462.879
-462.634
-462.084
-462.561
-462.937
-461.457
-461.940
-465.243
-461.036
-457.667
-464.314
-464.778
-461.542
-465.618
-458.940
-463.523
-462.080
-464.216
-464.785
-463.762
-461.353
-463.472
-455.161
-461.552
-466.308
-459.604
-460.375
-461.665
-464.334
-463.174
-462.307
-467.503
-461.104
-462.018
-459.822
-461.714
-461.744
-460.440
-458.693
-463.066
-463.043
-459.324
-462.105
-464.054
-466.172
-466.594
-462.469
-464.310
-463.945
-463.377
-465.165
-464.154
-465.594
-459.447
-458.013
-463.107
-462.266
-461.408
-460.792
-461.274
-463.800
-465.688
-464.059
-465.512
-460.659
-461.360
-458.258
-461.997
-465.186
-462.677
-462.654
-457.028
-461.822
-460.217
-461.077
-460.756
-461.662
-462.861
-462.808
-463.477
-465.638
-459.213
-460.424
-466.766
-461.206
-464.654
-461.021
-459.685
-459.889
-461.145
-462.457
-464.475
Average -462.052
