-484.969
-487.425
-489.098
-491.601
-486.760
-488.585
-487.387
-490.468
-487.135
-490.313
-489.424
-490.010
-489.598
-487.739
-484.830
-491.613
-483.820
-485.573
-489.023
-487.244
-491.047
-485.982
-487.895
-488.576
-486.025
-485.919
-490.068
-487.201
-486.532
-491.635
-489.235
-485.862
-489.181
-483.100
-491.675
-487.640
-486.697
-487.455
-485.375
-486.324
-487.238
-492.206
-484.785
-486.101
-486.827
-486.430
-485.792
-489.179
-487.843
-483.543
-488.612
-486.815
-488.021
-487.222
-482.231
-484.036
-487.427
-486.566
-492.085
-487.274
-489.191
-488.492
-485.533
-483.484
-486.718
-485.913
-486.530
-491.879
-483.401
-487.295
-488.988
-485.310
-490.627
-490.008
-490.505
-489.902
-485.238
-486.636
-489.913
-485.734
-488.059
-489.516
-493.285
-488.113
-485.720
-481.135
-487.306
-489.683
-491.178
-487.657
-490.367
-490.272
-485.678
-489.563
-489.280
-485.996
-488.016
-484.977
-491.601
-491.484
-486.040
-485.956
-489.326
-485.267
-487.612
-487.881
-488.806
-484.288
-489.893
-484.741
-485.956
-485.767
-485.392
-484.642
-486.148
-485.098
-488.848
-490.887
-490.804
-486.780
-490.314
-489.668
-484.197
-488.064
-487.179
-486.194
-489.679
-487.144
-488.983
-483.346
-487.249
-490.638
-489.815
-487.186
-488.060
-488.453
-487.468
-487.855
-486.790
-487.367
-484.652
-487.597
-491.293
-487.475
-492.543
-488.681
-487.867
-488.255
-491.100
-485.587
-483.085
-484.585
-485.525
-483.585
-489.388
-486.321
-491.861
-485.354
-485.116
-489.736
-484.795
-484.689
-488.446
-488.158
-484.412
-488.927
-483.072
-486.686
-491.586
-488.836
-488.492
-487.004
-483.419
-490.119
-490.637
-483.238
-488.055
-487.959
-481.708
-483.710
-488.567
-488.852
-490.505
-487.650
-488.387
-489.814
-486.827
-488.348
-487.852
-489.556
-493.519
-483.435
-488.074
-487.634
-487.524
-487.316
-488.917
-488.510
-491.923
-490.052
-483.656
-488.308
-491.192
-488.188
-488.285
-493.402
-487.250
-488.695
-485.531
-489.964
-484.459
-488.362
-491.436
-485.068
-488.124
-490.652
-487.021
-486.003
-489.334
-487.085
-489.227
-487.581
-491.128
-488.171
-490.791
-489.744
-488.699
-482.917
-483.666
-484.381
-487.137
-486.052
-489.627
-486.877
-486.319
-481.730
-483.478
-491.674
-489.546
-486.981
-485.615
-484.553
-488.925
-486.576
-486.857
-487.712
-484.214
-489.981
-486.878
-483.906
-488.532
-488.309
-486.619
-490.206
-486.740
-486.729
-487.124
-491.398
-491.523
-490.797
-488.670
-487.268
-488.310
-489.520
-486.117
-485.645
-490.874
-492.340
-488.154
-491.418
-487.177
-487.708
-485.579
-483.315
-486.868
-487.770
-492.499
-489.885
-486.660
-487.882
-487.139
-486.499
-484.828
-483.894
-488.788
-486.150
-487.103
-486.661
-485.469
-490.142
-483.645
-490.548
-488.595
-484.362
-482.521
-490.757
-485.483
-488.688
-488.200
-482.423
-490.364
-485.689
-488.603
-490.367
-487.252
-485.619
-488.628
-486.888
-490.672
-487.793
-484.731
-490.746
-484.471
-483.960
-487.930
-484.540
-487.893
-488.984
-486.726
-489.122
-490.192
-497.633
-484.345
-486.404
-482.618
-484.309
-482.916
-490.540
-488.861
-488.588
-490.353
-485.665
-489.083
-485.894
-485.644
-488.020
-485.903
-485.593
-487.193
-486.082
-490.629
-487.058
-484.116
-489.234
-486.719
-487.947
-487.437
-489.894
-486.835
-489.543
-487.417
-491.273
-490.616
-488.436
-491.095
-489.377
-488.569
-485.339
-486.569
-490.607
-488.155
-486.667
-488.440
-488.008
-490.922
-486.626
-490.758
-482.716
-487.583
-483.857
-490.430
-492.065
-485.574
-484.616
-483.236
-488.270
-489.910
-485.237
-489.817
-486.539
-488.266
-485.068
-487.735
-485.696
-486.177
-481.398
-489.949
-486.606
-483.576
-487.827
-499.714
-488.864
-485.908
-484.726
-489.637
-486.546
-487.176
-488.585
-489.954
-486.205
-487.707
-483.904
-496.337
-483.554
-482.235
-490.883
-487.775
-487.379
-489.179
-490.476
-484.636
-490.094
-487.532
-491.318
-487.206
-487.728
-482.726
-488.683
-488.790
-488.215
-486.292
-481.233
-487.048
-486.827
-487.659
-488.193
-487.915
-483.417
-487.703
-488.038
-485.072
-489.941
-486.236
-490.376
-486.073
-485.500
-488.134
-485.618
-488.753
-484.930
-488.121
-486.554
-483.257
-481.817
-484.950
-489.241
-486.171
-481.121
-487.181
-482.741
-492.328
-490.941
-486.908
-486.345
-488.951
-487.392
-488.811
-487.846
-490.463
-487.124
-490.231
-487.095
-486.554
-482.970
-492.117
-488.827
-491.303
-485.788
-484.903
-489.712
-490.407
-489.218
-481.674
-483.963
-486.428
-488.395
-487.409
-489.029
-491.384
-490.120
-485.489
-486.784
-487.603
-489.537
-487.652
-487.276
-487.061
-484.629
-484.579
-480.254
-485.645
-487.978
-489.046
-489.010
-486.914
-486.398
-483.886
-486.271
-491.095
-490.419
Average -487.549
