-347.483
-342.158
-335.893
-343.234
-347.054
-347.247
-338.874
-338.137
-338.318
-338.454
-352.117
-348.392
-344.672
-338.331
-343.262
-351.207
-341.299
-340.359
-345.294
-347.395
-346.392
-342.792
-349.360
-347.199
-348.945
-347.978
-346.735
-348.995
-346.949
-346.965
-341.398
-334.871
-339.949
-339.803
-335.799
-352.133
-348.603
-350.283
-347.810
-344.394
-336.892
-346.439
-349.713
-347.649
-355.373
-349.765
-339.096
-348.848
-352.246
-350.257
-351.250
-349.681
-351.479
-337.987
-342.839
-352.399
-348.414
-349.054
-345.200
-338.640
-341.464
-350.303
-339.175
-342.906
-349.099
-334.535
-340.796
-346.790
-347.681
-345.751
-336.847
-353.562
-341.993
-340.625
-349.954
-349.772
-348.554
-338.377
-346.455
-338.335
-349.203
-339.882
-336.254
-347.632
-346.723
-338.958
-347.243
-338.514
-347.358
-352.690
-348.490
-336.972
-351.906
-338.806
-353.343
-347.974
-346.716
-348.560
-337.686
-340.720
-335.307
-348.990
-339.074
-340.060
-336.612
-333.469
-339.061
-342.889
-353.142
-343.811
-346.078
-351.208
-341.403
-340.851
-340.934
-337.923
-345.719
-337.836
-350.347
-351.584
-348.985
-351.873
-349.865
-348.329
-338.409
-338.029
-350.823
-345.650
-343.341
-343.261
-353.172
-342.344
-350.790
-343.213
-347.295
-350.987
-340.587
-348.121
-340.197
-348.658
-342.441
-339.100
-342.312
-349.850
-353.353
-338.047
-349.733
-343.231
-336.246
-340.442
-354.542
-333.377
-339.919
-349.805
-347.433
-351.267
-339.814
-337.147
-346.953
-340.344
-344.917
-338.122
-342.186
-342.786
-349.994
-346.756
-336.102
-354.354
-336.183
-344.995
-348.947
-340.448
-346.756
-347.643
-347.839
-347.862
-339.280
-351.060
-346.937
-351.583
-339.403
-351.558
-346.546
-341.668
-338.214
-346.114
-347.530
-343.001
-351.291
-349.210
-348.902
-340.345
-352.373
-348.902
-348.449
-350.402
-346.781
-338.298
-349.754
-341.694
-349.697
-340.392
-346.156
-336.855
-351.247
-337.323
-339.299
-346.022
-348.615
-339.764
-341.722
-346.093
-344.662
-338.240
-343.083
-347.885
-338.554
-348.512
-349.809
-335.337
-349.356
-349.430
-347.977
-340.485
-344.795
-341.988
-344.701
-349.478
-345.358
-351.614
-344.621
-339.807
-349.989
-342.786
-340.500
-338.679
-351.445
-341.359
-346.685
-339.082
-349.258
-340.151
-342.179
-335.972
-341.519
-354.094
-347.604
-347.017
-342.364
-350.092
-351.888
-352.166
-346.261
-338.078
-345.842
-337.555
-350.573
-350.407
-338.887
-343.105
-341.341
-348.218
-345.770
-350.409
-340.162
-339.852
-350.460
-339.227
-342.357
-337.668
-339.343
-340.031
-345.694
-341.426
-350.848
-341.139
-341.721
-350.935
-342.379
-342.894
-350.718
-338.238
-339.419
-340.585
-351.092
-345.487
-338.928
-350.227
-340.821
-348.116
-347.392
-353.515
-338.260
-349.102
-347.390
-340.150
-353.756
-351.245
-344.438
-341.912
-347.153
-340.024
-342.409
-348.947
-340.563
-332.749
-349.235
-337.651
-351.443
-354.859
-345.437
-339.141
-342.215
-346.011
-342.213
-351.254
-347.403
-350.345
-335.509
-342.583
-335.854
-351.199
-336.294
-349.504
-346.760
-350.179
-337.566
-346.571
-352.231
-340.091
-339.452
-339.611
-342.796
-339.582
-351.851
-342.790
-346.407
-350.329
-344.082
-349.492
-346.239
-351.525
-339.744
-349.208
-346.113
-353.464
-346.796
-340.553
-348.414
-353.938
-347.527
-351.333
-352.132
-351.658
-341.602
-340.203
-353.279
-338.863
-352.336
-349.329
-349.162
-352.575
-340.485
-349.787
-346.925
-347.303
-345.922
-339.429
-332.526
-340.373
-339.601
-354.560
-344.926
-347.459
-350.269
-349.602
-354.767
-340.593
-342.523
-338.778
-348.499
-353.388
-338.984
-343.736
-338.721
-351.327
-348.022
-346.577
-347.826
-348.153
-349.883
-345.649
-340.659
-339.946
-337.612
-352.144
-338.504
-345.616
-351.669
-342.210
-332.757
-344.639
-348.358
-340.617
-339.423
-336.964
-342.735
-346.046
-348.658
-347.278
-346.206
-343.467
-349.350
-340.268
-344.285
-348.815
-346.942
-342.122
-350.861
-344.061
-345.761
-348.191
-349.880
-341.870
-349.401
-339.659
-342.027
-344.754
-349.420
-340.107
-337.664
-350.986
-338.907
-343.536
-341.279
-341.023
-339.628
-351.994
-349.943
-349.033
-351.827
-347.254
-348.701
-346.406
-347.305
-345.230
-352.585
-350.218
-336.885
-347.125
-339.281
-341.284
-347.766
-342.568
-347.581
-349.858
-343.181
-345.945
-340.550
-345.454
-350.179
-337.105
-340.587
-349.153
-338.878
-338.650
-340.142
-351.983
-345.879
-347.850
-345.473
-335.922
-348.593
-349.631
-344.274
-349.735
-348.637
-349.734
-346.247
-350.598
-342.929
-344.961
-348.179
-351.439
-345.111
-351.399
-348.020
-347.164
-350.821
-352.743
-347.904
-347.703
-349.449
-355.261
-346.966
-351.593
-344.273
-348.288
-342.749
-342.013
Average -345.102
