-271.775
-267.727
-273.629
-271.351
-271.839
-270.980
-272.120
-273.888
-271.791
-272.498
-273.169
-271.981
-271.634
-271.726
-273.961
-275.408
-280.241
-269.576
-269.854
-279.447
-278.256
-269.124
-271.083
-273.218
-267.645
-272.500
-270.497
-270.268
-272.034
-270.726
-274.045
-270.534
-274.214
-270.716
-268.849
-270.021
-270.528
-270.890
-270.974
-273.036
-273.928
-270.871
-272.834
-269.877
-269.307
-272.686
-273.761
-270.613
-272.094
-271.639
-272.574
-274.277
-272.240
-271.734
-269.101
-274.398
-269.222
-274.091
-273.094
-273.096
-272.335
-273.786
-271.224
-272.224
-272.415
-272.559
-273.466
-274.096
-275.369
-268.217
-270.706
-272.979
-273.930
-273.001
-271.540
-272.128
-273.306
-273.920
-271.754
-271.795
-270.949
-272.898
-271.763
-273.932
-273.217
-270.417
-272.658
-268.049
-271.842
-271.076
-274.208
-267.165
-268.729
-270.272
-272.306
-270.919
-271.103
-274.337
-271.852
-278.172
-270.268
-272.180
-271.758
-269.155
-272.009
-274.835
-272.382
-271.969
-275.383
-273.412
-272.307
-272.631
-271.402
-271.488
-270.612
-272.767
-272.730
-267.830
-271.562
-272.922
-271.990
-269.925
-272.135
-270.181
-273.579
-271.547
-267.865
-272.615
-270.426
-274.611
-266.449
-273.220
-272.681
-268.474
-272.054
-271.518
-270.837
-274.017
-271.821
-273.127
-270.575
-272.132
-270.496
-273.535
-272.696
-275.379
-268.952
-271.875
-271.007
-271.279
-270.342
-269.088
-271.785
-270.834
-270.879
-269.758
-274.734
-269.257
-273.246
-274.848
-273.607
-269.686
-274.771
-272.666
-270.958
-271.452
-271.524
-272.851
-271.684
-271.506
-271.376
-268.081
-272.789
-269.190
-268.854
-273.112
-271.935
-274.317
-278.770
-273.366
-270.865
-272.702
-271.533
-268.405
-272.812
-267.003
-270.956
-272.143
-271.918
-270.080
-272.386
-273.723
-270.147
-272.611
-272.369
-268.516
-270.778
-273.974
-270.835
-280.790
-271.551
-274.405
-273.521
-269.606
-269.441
-272.514
-269.518
-273.605
-271.879
-272.356
-271.209
-272.687
-272.903
-270.139
-273.616
-271.771
-270.197
-271.208
-271.623
-273.752
-272.920
-272.074
-265.958
-272.110
-271.363
-268.577
-271.968
-271.173
-268.182
-268.860
-272.660
-273.362
-272.772
-271.267
-273.935
-269.211
-270.433
-272.310
-269.339
-271.123
-271.394
-272.791
-272.436
-272.223
-268.702
-268.156
-274.725
-272.422
-272.211
-271.942
-273.520
-271.477
-271.657
-270.016
-273.757
-271.926
-268.501
-270.905
-267.538
-275.223
-270.535
-268.984
-271.967
-271.699
-272.926
-267.434
-269.851
-273.678
-276.410
-277.872
-262.454
-270.641
-279.033
-274.283
-273.271
-275.171
-270.124
-273.453
-271.771
-275.169
-272.657
-269.117
-267.646
-270.795
-269.913
-270.123
-269.573
-272.952
-269.998
-270.403
-269.872
-269.642
-269.420
-274.107
-278.215
-270.083
-272.407
-272.586
-270.067
-273.424
-267.880
-268.494
-267.445
-271.055
-273.072
-272.442
-274.680
-271.838
-267.497
-275.101
-273.560
-269.868
-268.595
-273.267
-271.337
-272.191
-271.137
-271.907
-269.070
-266.374
-266.390
-274.266
-270.962
-273.060
-271.402
-272.859
-269.011
-267.182
-270.383
-271.764
-270.968
-270.831
-270.632
-273.849
-267.952
-272.745
-271.204
-268.496
-270.135
-272.019
-273.456
-273.875
-271.524
-268.688
-268.168
-265.882
-274.412
-272.025
-269.598
-272.506
-271.394
-274.143
-268.863
-272.440
-271.127
-273.021
-276.196
-271.789
-272.363
-274.006
-271.092
-273.193
-269.899
-269.617
-270.294
-271.847
-270.621
-272.447
-271.786
-272.435
-268.797
-267.121
-272.293
-267.001
-271.127
-270.957
-272.560
-270.852
-271.851
-269.305
-271.221
-273.136
-273.596
-273.273
-273.653
-272.674
-273.742
-270.646
-273.317
-274.300
-272.444
-269.230
-272.306
-272.980
-271.923
-275.331
-272.200
-270.598
-272.365
-272.456
-271.650
-269.934
-272.800
-267.769
-270.110
-270.825
-275.904
-269.247
-267.689
-273.520
-265.667
-273.886
-274.043
-273.282
-269.324
-271.060
-269.919
-268.738
-269.835
-270.850
-271.695
-272.771
-268.868
-278.609
-271.325
-269.125
-270.754
-272.878
-277.449
-273.942
-274.277
-271.775
-271.760
-272.102
-272.139
-270.916
-272.691
-272.223
-271.806
-271.623
-272.446
-268.402
-274.618
-271.123
-271.788
-274.580
-272.935
-269.094
-272.538
-272.946
-272.051
-271.884
-272.000
-270.505
-273.151
-274.223
-270.477
-269.727
-275.924
-267.590
-271.732
-272.153
-271.103
-278.847
-270.160
-270.613
-272.677
-272.270
-275.421
-270.366
-269.798
-271.043
-278.098
-270.244
-270.231
-269.930
-271.655
-270.165
-269.634
-270.418
-269.770
-271.414
-272.592
-273.225
-270.133
-272.110
-274.620
-268.269
-269.751
-271.191
-270.871
-272.414
-279.043
-272.127
-272.867
-269.809
-268.760
-270.080
-272.172
-268.491
Average -271.705
