-561.796
-564.845
-561.731
-561.640
-561.900
-561.357
-564.363
-564.542
-558.640
-565.374
-566.817
-566.018
-565.329
-557.908
-561.796
-563.599
-562.405
-559.824
-561.328
-556.171
-562.594
-562.500
-565.409
-561.351
-557.354
-558.559
-563.259
-560.185
-565.112
-563.377
-564.777
-561.339
-561.373
-555.892
-561.485
-560.775
-560.732
-557.886
-562.900
-561.687
-564.936
-562.396
-557.368
-562.401
-561.702
-562.602
-565.869
-560.950
-557.325
-564.398
-561.410
-564.786
-561.766
-564.046
-554.038
-562.329
-560.955
-563.664
-561.815
-562.271
-559.329
-565.403
-559.424
-554.274
-568.436
-564.530
-564.649
-567.727
-566.702
-559.886
-558.589
-557.179
-558.929
-561.912
-564.158
-566.732
-562.833
-567.284
-560.428
-561.707
-559.641
-563.238
-562.397
-560.931
-557.975
-556.240
-559.516
-564.510
-563.313
-560.255
-563.900
-560.740
-563.238
-564.134
-565.445
-563.656
-560.890
-562.429
-565.362
-560.595
-567.125
-563.400
-561.390
-567.976
-562.701
-560.482
-560.660
-561.134
-561.074
-563.573
-563.031
-563.432
-555.792
-560.409
-562.909
-561.369
-564.641
-564.279
-561.642
-565.686
-565.362
-561.279
-560.510
-560.368
-563.350
-567.493
-557.219
-561.580
-559.520
-558.845
-563.060
-560.758
-561.604
-558.012
-562.315
-563.531
-565.149
-559.708
-562.345
-566.107
-564.561
-564.584
-561.440
-563.966
-563.710
-564.684
-549.941
-564.555
-556.555
-559.171
-558.382
-565.727
-562.571
-558.669
-557.432
-566.554
-561.485
-561.422
-565.291
-561.648
-564.496
-556.662
-556.548
-565.775
-563.233
-557.231
-564.275
-562.719
-560.548
-557.819
-563.564
-564.639
-562.706
-563.086
-565.428
-562.127
-560.154
-557.898
-561.828
-561.782
-561.664
-563.472
-563.321
-556.531
-563.520
-560.269
-561.418
-565.050
-558.136
-561.749
-559.865
-562.538
-561.108
-564.250
-565.113
-560.343
-559.873
-565.203
-565.833
-561.989
-562.990
-560.861
-565.942
-558.607
-557.805
-566.681
-555.981
-566.072
-561.385
-561.855
-568.064
-563.318
-561.554
-557.831
-561.539
-562.548
-563.954
-564.182
-563.168
-559.448
-565.234
-560.985
-562.130
-556.013
-564.202
-558.751
-564.066
-564.471
-558.903
-558.884
-564.401
-567.151
-556.566
-560.073
-563.637
-563.402
-562.474
-557.678
-559.639
-561.634
-558.800
-564.748
-561.583
-556.381
-562.166
-564.389
-564.544
-557.433
-556.121
-560.340
-563.793
-562.001
-561.654
-565.037
-567.793
-563.957
-564.681
-566.928
-564.868
-558.957
-563.011
-567.041
-555.765
-561.812
-563.176
-567.905
-559.277
-556.973
-558.971
-563.767
-561.389
-560.248
-563.479
-560.935
-559.406
-562.370
-566.783
-556.413
-558.971
-562.851
-554.756
-560.791
-560.572
-564.024
-564.565
-559.165
-562.931
-563.852
-562.240
-558.333
-563.876
-563.126
-561.026
-565.014
-560.565
-563.005
-561.462
-563.701
-560.905
-560.238
-561.234
-561.519
-560.088
-558.727
-559.018
-565.471
-556.160
-561.902
-565.387
-562.040
-559.408
-566.889
-556.768
-569.574
-565.263
-561.985
-565.341
-564.420
-560.078
-560.038
-559.435
-564.712
-560.028
-562.747
-560.260
-560.173
-565.262
-564.180
-562.803
-562.773
-562.271
-566.951
-565.183
-566.990
-560.590
-561.357
-564.960
-564.428
-560.280
-560.547
-557.259
-557.784
-563.689
-560.689
-562.148
-555.779
-562.336
-558.343
-562.758
-564.141
-557.479
-556.241
-563.203
-559.337
-559.511
-561.859
-567.626
-559.832
-563.708
-558.781
-556.669
-565.055
-563.747
-561.916
-555.579
-560.770
-561.978
-562.491
-557.575
-561.078
-558.815
-562.420
-563.702
-559.449
-561.501
-566.040
-558.373
-562.719
-561.280
-567.658
-562.265
-563.545
-559.537
-561.917
-563.175
-562.671
-566.897
-560.183
-561.479
-559.179
-563.563
-558.510
-561.762
-559.911
-562.243
-561.552
-561.505
-564.308
-561.497
-559.561
-563.552
-566.151
-561.814
-562.996
-563.809
-562.828
-565.961
-560.581
-559.221
-555.956
-562.528
-561.225
-563.887
-561.047
-565.728
-563.114
-563.184
-560.233
-560.510
-560.037
-557.796
-556.763
-557.793
-560.741
-558.929
-561.155
-556.924
-560.462
-563.021
-559.781
-562.049
-565.092
-563.560
-560.699
-558.922
-563.440
-565.554
-565.364
-561.519
-562.085
-560.800
-561.327
-561.805
-558.878
-564.990
-560.244
-564.700
-562.712
-562.228
-562.381
-562.665
-559.759
-562.764
-562.147
-563.035
-562.690
-559.514
-561.595
-557.889
-561.894
-565.164
-557.245
-559.593
-560.065
-566.165
-565.709
-557.828
-567.544
-562.494
-564.234
-563.875
-564.069
-560.285
-561.350
-561.321
-556.994
-559.634
-566.892
-557.327
-558.636
-567.338
-565.237
-558.021
-561.210
-560.917
-564.067
-558.544
-563.158
-561.289
-564.047
-561.060
-559.626
-560.018
-560.079
-565.513
-562.760
-565.055
-561.230
-558.320
-565.228
Average -561.873
