-252.584
-249.371
-252.315
-249.551
-249.718
-251.975
-250.236
-252.874
-249.121
-251.744
-251.301
-251.022
-251.173
-249.860
-248.237
-252.213
-250.862
-250.588
-249.355
-251.007
-251.869
-251.001
-251.478
-252.686
-247.795
-248.612
-252.578
-248.887
-251.186
-252.473
-251.228
-252.374
-247.525
-250.943
-249.886
-251.302
-248.331
-249.386
-250.139
-252.372
-249.388
-252.494
-248.248
-250.135
-250.131
-252.287
-249.307
-250.824
-248.005
-252.922
-248.257
-251.903
-249.551
-252.529
-249.274
-251.320
-250.686
-251.590
-251.606
-253.195
-249.492
-253.515
-246.364
-253.223
-251.469
-249.738
-250.934
-252.759
-250.914
-249.532
-253.380
-252.642
-249.778
-248.323
-247.509
-251.467
-249.446
-251.775
-250.420
-251.520
-251.107
-251.164
-250.068
-253.507
-249.819
-248.281
-253.297
-250.016
-251.195
-250.079
-251.290
-253.241
-250.410
-249.467
-250.605
-247.407
-251.039
-251.103
-248.886
-250.393
-252.346
-250.633
-252.919
-249.223
-248.543
-249.264
-247.524
-251.584
-247.563
-252.426
-252.254
-252.116
-253.435
-251.794
-246.052
-251.267
-254.462
-250.522
-252.549
-253.557
-249.290
-251.200
-252.690
-243.459
-249.674
-252.959
-249.469
-249.512
-250.416
-254.200
-248.882
-253.036
-249.543
-253.027
-250.865
-252.394
-253.485
-255.355
-249.035
-250.878
-249.260
-252.117
-249.369
-252.910
-252.771
-250.750
-252.489
-251.515
-251.522
-253.132
-252.335
-253.195
-251.946
-251.189
-248.256
-250.643
-248.544
-252.677
-249.210
-253.022
-248.725
-251.400
-250.411
-253.709
-250.075
-250.785
-252.525
-250.375
-249.923
-252.017
-250.941
-250.701
-254.818
-248.781
-249.904
-247.175
-252.049
-249.918
-248.783
-252.739
-251.566
-249.474
-251.771
-252.293
-249.821
-252.622
-251.242
-252.213
-250.441
-250.637
-251.362
-250.757
-251.295
-250.144
-251.549
-249.109
-251.467
-249.527
-251.488
-248.648
-249.958
-249.766
-251.129
-253.871
-251.212
-253.361
-253.096
-253.470
-248.977
-251.332
-250.707
-247.638
-250.063
-247.839
-252.080
-255.158
-253.551
-252.362
-251.912
-250.995
-248.896
-249.913
-251.515
-251.350
-251.864
-247.970
-255.529
-249.323
-252.550
-250.371
-249.807
-248.527
-250.182
-250.922
-250.176
-253.408
-249.146
-249.531
-251.898
-250.147
-252.315
-251.711
-250.395
-250.244
-252.189
-251.382
-250.232
-249.624
-252.527
-253.413
-251.466
-251.233
-251.728
-250.913
-250.123
-250.495
-249.762
-249.805
-250.741
-252.713
-252.305
-251.704
-252.176
-250.269
-251.213
-248.976
-253.676
-252.635
-251.807
-249.723
-249.421
-252.263
-253.190
-250.217
-251.502
-251.367
-253.046
-248.279
-247.967
-248.280
-252.714
-250.856
-250.275
-248.863
-251.100
-249.842
-247.911
-250.485
-249.458
-250.491
-250.602
-250.371
-251.857
-248.684
-250.369
-246.240
-253.871
-248.198
-249.069
-251.866
-253.139
-252.694
-251.390
-253.761
-250.162
-252.224
-252.837
-249.897
-251.053
-252.732
-248.990
-252.765
-250.521
-252.394
-249.579
-251.539
-249.474
-248.254
-250.691
-251.819
-249.767
-250.154
-251.326
-252.570
-251.329
-252.865
-248.623
-252.023
-250.425
-250.847
-248.864
-251.573
-252.384
-252.734
-251.513
-251.747
-252.860
-247.204
-252.820
-251.387
-249.770
-252.287
-251.838
-254.664
-251.950
-249.979
-249.095
-252.307
-250.735
-251.728
-249.686
-254.105
-252.622
-251.098
-249.884
-252.377
-250.138
-247.484
-252.243
-253.996
-251.359
-253.914
-251.576
-251.399
-252.063
-253.289
-251.216
-248.373
-250.532
-247.993
-248.294
-249.574
-247.151
-251.336
-250.409
-249.725
-249.655
-250.643
-249.530
-249.672
-251.826
-252.027
-251.294
-249.605
-252.555
-250.996
-253.297
-250.077
-251.928
-250.984
-248.787
-252.119
-249.549
-249.435
-251.613
-250.370
-248.530
-251.376
-253.082
-247.781
-250.010
-249.698
-249.168
-253.405
-252.692
-251.619
-253.563
-251.399
-250.305
-250.576
-251.405
-250.560
-251.005
-252.411
-250.795
-250.459
-250.791
-251.034
-246.941
-249.682
-250.087
-250.684
-252.102
-252.186
-250.721
-249.884
-252.809
-249.421
-251.506
-249.573
-253.209
-250.608
-249.235
-250.475
-251.665
-254.397
-250.596
-250.709
-252.651
-252.437
-251.998
-253.038
-252.022
-251.092
-251.077
-246.991
-250.291
-249.504
-249.513
-252.956
-250.276
-249.766
-251.154
-251.262
-254.199
-251.053
-249.926
-249.897
-253.451
-251.006
-251.235
-255.549
-249.942
-252.210
-251.299
-249.771
-253.350
-252.454
-249.513
-249.912
-253.237
-246.888
-250.670
-252.292
-251.858
-252.236
-253.098
-249.041
-250.871
-254.141
-246.229
-252.494
-252.437
-247.904
-251.579
-252.735
-248.381
-250.638
-252.870
-249.520
-251.475
-249.989
-248.285
-251.120
-253.079
-252.050
-249.414
-250.624
-246.115
-250.949
Average -250.913
