-422.297
-423.749
-422.345
-421.336
-418.283
-420.415
-418.956
-419.335
-420.322
-419.858
-422.216
-423.009
-423.074
-418.136
-425.365
-419.457
-418.277
-421.872
-418.777
-420.436
-421.172
-419.607
-422.379
-421.312
-419.143
-423.651
-422.738
-420.374
-420.239
-423.328
-422.212
-415.824
-419.471
-418.896
-420.003
-426.343
-423.281
-428.436
-420.770
-420.799
-424.225
-429.505
-418.543
-418.954
-422.221
-414.517
-424.787
-420.185
-419.534
-415.814
-418.925
-420.932
-417.983
-423.624
-421.965
-426.325
-420.307
-418.801
-421.295
-424.438
-420.635
-417.645
-421.557
-422.617
-419.188
-422.346
-413.844
-419.135
-421.029
-419.028
-417.923
-421.000
-418.407
-424.068
-422.316
-422.609
-423.076
-417.820
-421.621
-421.424
-417.789
-424.402
-423.393
-423.195
-418.689
-421.087
-423.494
-422.424
-418.401
-420.666
-423.908
-418.043
-421.172
-417.142
-422.083
-423.232
-422.603
-425.174
-423.642
-423.956
-421.634
-420.656
-425.546
-418.444
-421.963
-420.764
-426.377
-416.575
-421.607
-425.023
-415.906
-422.802
-421.472
-423.919
-428.374
-418.699
-418.656
-421.741
-419.951
-420.526
-418.878
-419.718
-416.931
-419.574
-420.248
-417.371
-424.210
-418.140
-423.240
-422.392
-420.501
-420.074
-419.795
-418.056
-420.905
-423.994
-418.064
-420.735
-419.662
-419.464
-423.555
-419.970
-421.579
-421.494
-416.528
-418.221
-417.570
-421.869
-419.391
-420.854
-421.893
-419.567
-418.564
-417.785
-419.992
-422.042
-421.390
-418.145
-418.008
-417.394
-422.035
-420.370
-423.700
-424.496
-409.881
-420.046
-421.392
-421.237
-419.832
-416.846
-421.284
-419.997
-422.406
-419.824
-422.722
-418.800
-416.893
-416.129
-421.088
-421.535
-423.279
-424.435
-416.368
-426.300
-422.003
-423.706
-420.334
-415.621
-414.785
-419.078
-418.309
-420.218
-418.632
-420.920
-422.764
-422.295
-419.218
-421.391
-420.110
-422.161
-422.999
-419.322
-415.452
-416.835
-423.772
-418.013
-421.130
-418.756
-418.668
-421.057
-417.356
-420.545
-418.275
-424.368
-425.659
-422.757
-424.495
-418.708
-418.247
-418.470
-420.723
-425.408
-420.651
-417.597
-424.778
-422.600
-420.748
-419.582
-419.941
-421.031
-420.840
-418.410
-417.214
-418.887
-422.172
-419.462
-418.264
-419.728
-421.013
-418.926
-423.116
-420.684
-421.480
-416.807
-425.688
-416.936
-420.917
-421.125
-424.873
-417.853
-413.238
-423.410
-424.937
-420.214
-423.757
-421.522
-419.539
-422.301
-417.600
-419.766
-419.676
-420.564
-419.151
-423.710
-424.411
-420.495
-417.913
-419.027
-421.907
-420.973
-421.805
-423.936
-421.472
-422.935
-417.734
-420.498
-422.578
-420.428
-420.069
-420.442
-421.683
-423.614
-420.317
-419.981
-417.353
-419.179
-422.107
-422.739
-425.246
-424.449
-418.165
-418.287
-420.268
-420.971
-422.245
-422.505
-416.010
-424.963
-419.611
-414.808
-420.792
-422.821
-419.843
-415.488
-420.556
-420.708
-423.058
-417.512
-420.475
-419.435
-416.698
-422.015
-423.748
-417.352
-419.035
-422.675
-420.086
-422.085
-419.710
-428.097
-417.708
-419.341
-424.194
-420.329
-420.344
-418.749
-420.418
-420.528
-423.760
-421.772
-425.508
-420.806
-420.630
-422.029
-418.107
-416.959
-420.186
-423.402
-417.374
-420.112
-418.777
-414.665
-426.637
-417.526
-422.947
-420.531
-421.701
-421.313
-421.984
-413.721
-424.616
-418.307
-423.412
-419.044
-418.386
-422.181
-422.050
-421.992
-420.614
-419.681
-419.488
-418.884
-422.638
-418.379
-421.757
-417.083
-418.364
-423.461
-422.261
-422.946
-418.073
-422.278
-419.210
-423.838
-422.291
-421.114
-425.545
-419.340
-421.258
-419.332
-416.355
-423.411
-416.353
-420.967
-420.905
-420.756
-416.950
-419.282
-417.446
-424.160
-417.290
-419.887
-417.866
-421.380
-421.929
-417.274
-420.141
-421.763
-417.355
-420.776
-426.666
-419.536
-418.632
-420.539
-416.168
-421.109
-421.332
-419.916
-420.484
-421.296
-417.652
-421.249
-422.502
-415.675
-419.249
-418.115
-418.035
-425.146
-415.322
-418.701
-418.578
-419.721
-418.192
-423.097
-423.193
-418.777
-419.017
-423.559
-416.638
-417.659
-421.227
-424.684
-418.700
-421.589
-417.570
-419.818
-422.653
-423.204
-419.682
-419.054
-411.514
-418.367
-419.492
-418.938
-418.504
-419.308
-423.014
-419.973
-421.238
-419.378
-416.590
-420.382
-421.111
-416.038
-418.355
-420.221
-421.480
-420.856
-419.133
-420.821
-421.978
-420.047
-420.317
-422.057
-421.994
-422.917
-421.130
-419.049
-420.831
-424.269
-418.412
-422.806
-416.293
-419.345
-418.321
-424.115
-425.003
-424.852
-419.171
-416.334
-418.839
-422.994
-420.104
-424.367
-418.593
-421.500
-423.164
-421.280
-420.520
-431.189
-420.858
-417.606
-420.205
-420.361
-420.543
-417.582
-416.138
-419.351
-419.727
-418.623
Average -420.563
