-311.559
-313.828
-320.826
-317.573
-313.737
-325.068
-318.684
-314.776
-311.701
-313.505
-315.916
-313.713
-314.500
-320.981
-313.112
-314.773
-318.665
-315.229
-318.936
-313.880
-320.351
-316.429
-316.103
-315.609
-310.477
-317.757
-313.818
-314.826
-314.804
-312.328
-312.116
-311.444
-322.242
-310.544
-313.807
-314.519
-314.649
-309.263
-318.331
-310.494
-313.755
-313.689
-324.296
-314.497
-315.426
-315.105
-313.063
-316.413
-311.782
-314.726
-311.176
-314.713
-316.595
-315.368
-312.298
-318.753
-321.312
-309.721
-314.111
-319.810
-313.468
-312.543
-314.520
-313.295
-313.827
-313.586
-317.523
-313.440
-318.341
-316.043
-314.706
-315.909
-316.558
-312.797
-315.700
-313.591
-325.206
-314.170
-316.649
-316.337
-313.518
-315.510
-316.487
-317.851
-313.633
-316.315
-313.767
-317.794
-313.340
-320.641
-313.758
-314.667
-315.657
-316.529
-317.024
-315.835
-315.861
-316.019
-314.988
-313.790
-316.370
-316.403
-315.192
-323.216
-316.086
-316.788
-314.485
-311.835
-319.581
-315.556
-313.693
-314.012
-319.672
-314.933
-312.415
-314.510
-315.506
-312.964
-316.904
-316.212
-311.027
-319.942
-313.511
-311.372
-312.237
-315.149
-315.951
-317.893
-315.753
-314.950
-310.694
-310.616
-314.021
-314.388
-315.745
-313.916
-317.471
-317.094
-312.079
-310.539
-309.975
-317.956
-314.721
-312.811
-316.705
-311.576
-313.379
-313.365
-314.492
-314.869
-315.280
-313.798
-315.457
-311.924
-311.108
-314.134
-313.564
-311.501
-314.641
-311.773
-322.593
-315.138
-314.440
-325.035
-313.166
-316.885
-324.383
-315.823
-313.727
-314.876
-316.323
-315.360
-314.756
-316.329
-316.572
-317.298
-314.622
-318.250
-321.557
-314.442
-311.953
-309.466
-313.931
-313.616
-317.541
-314.689
-313.433
-317.535
-313.204
-311.628
-314.094
-324.778
-311.529
-311.717
-316.988
-308.472
-311.733
-320.210
-314.942
-317.775
-311.335
-316.170
-316.426
-322.287
-310.886
-322.744
-315.979
-313.734
-317.087
-312.811
-316.095
-316.726
-314.181
-312.874
-313.270
-314.737
-315.675
-321.835
-313.467
-314.064
-316.315
-312.057
-308.722
-325.090
-314.225
-314.837
-309.965
-313.945
-314.495
-324.197
-312.446
-315.849
-315.366
-312.760
-313.079
-322.298
-316.230
-313.210
-312.812
-312.292
-313.426
-315.695
-313.910
-309.926
-312.550
-316.151
-313.459
-318.064
-315.281
-313.828
-324.267
-313.907
-309.860
-320.308
-313.926
-312.413
-313.992
-311.712
-313.746
-315.484
-317.452
-315.720
-315.555
-312.610
-324.252
-314.742
-319.626
-311.735
-316.314
-314.572
-309.272
-313.570
-321.589
-322.167
-315.648
-317.309
-321.572
-313.826
-310.594
-312.333
-313.827
-316.654
-316.859
-314.454
-312.758
-312.093
-314.241
-312.303
-314.002
-311.481
-314.225
-312.626
-313.875
-312.310
-315.523
-315.406
-311.994
-315.213
-319.010
-314.782
-313.834
-312.282
-311.995
-316.170
-310.357
-317.027
-315.076
-316.393
-315.181
-316.042
-314.026
-317.237
-316.037
-311.807
-316.484
-309.771
-311.977
-314.284
-317.782
-313.493
-314.579
-317.639
-320.465
-313.275
-315.850
-309.086
-313.248
-313.410
-316.934
-314.297
-316.171
-316.067
-322.458
-312.200
-314.748
-323.974
-313.418
-313.753
-312.882
-312.341
-313.288
-314.596
-319.061
-313.083
-314.760
-317.499
-315.936
-315.993
-313.398
-314.689
-317.134
-316.251
-311.385
-312.044
-316.264
-314.447
-316.186
-310.928
-309.630
-314.296
-314.009
-317.700
-316.472
-311.004
-312.921
-315.299
-320.947
-316.595
-315.750
-315.550
-311.530
-311.938
-312.114
-314.296
-321.150
-313.600
-307.510
-324.554
-317.248
-313.617
-313.519
-319.008
-310.296
-315.281
-312.315
-314.819
-315.042
-311.304
-315.581
-314.570
-315.520
-311.169
-318.950
-317.549
-316.731
-313.793
-315.506
-319.594
-310.380
-310.650
-314.835
-314.280
-309.781
-315.387
-311.696
-312.488
-323.722
-312.295
-312.521
-316.623
-311.583
-313.116
-313.124
-311.154
-312.688
-313.527
-313.227
-316.446
-318.182
-311.624
-315.641
-312.561
-315.053
-317.159
-314.202
-310.527
-313.435
-321.313
-310.646
-309.084
-308.051
-312.189
-315.703
-314.682
-314.562
-311.379
-317.396
-321.171
-315.404
-313.218
-315.000
-312.907
-314.431
-317.205
-311.753
-322.058
-312.838
-310.458
-315.613
-313.443
-320.522
-323.723
-315.324
-314.840
-313.488
-311.953
-313.343
-310.958
-317.759
-315.191
-316.300
-316.946
-318.312
-319.368
-316.335
-319.135
-314.059
-315.430
-313.434
-317.645
-321.906
-318.227
-310.447
-319.918
-314.931
-316.595
-314.760
-315.019
-313.865
-316.252
-316.026
-315.307
-316.839
-315.486
-314.446
-314.684
-320.696
-313.859
-314.168
-315.373
-314.020
-312.233
-316.976
-317.329
-308.868
-325.948
-315.380
-316.267
-316.131
-315.095
Average -315.081
