-470.127
-474.015
-472.007
-471.970
-469.535
-469.843
-471.619
-472.652
-474.821
-473.608
-469.670
-474.363
-471.711
-469.864
-472.504
-471.865
-476.388
-472.072
-473.847
-473.347
-473.948
-469.385
-471.234
-471.281
-474.696
-474.040
-474.716
-470.656
-465.954
-467.479
-471.283
-473.764
-471.675
-477.093
-472.724
-476.575
-472.212
-475.273
-476.401
-471.812
-471.877
-474.033
-474.905
-471.825
-473.254
-473.417
-473.248
-474.964
-468.443
-472.250
-469.366
-470.280
-472.306
-472.751
-471.706
-472.691
-469.300
-470.047
-472.091
-471.041
-471.045
-473.631
-476.211
-478.495
-472.822
-462.789
-473.974
-471.979
-474.992
-474.713
-471.528
-471.146
-470.784
-470.418
-470.622
-474.159
-472.427
-469.257
-473.229
-469.304
-474.110
-475.450
-470.471
-470.407
-472.210
-475.011
-471.826
-474.530
-472.380
-472.706
-472.912
-474.228
-471.468
-472.940
-470.868
-467.121
-472.985
-470.311
-473.190
-475.828
-474.738
-471.746
-470.916
-472.052
-474.433
-471.198
-471.386
-471.623
-474.475
-471.578
-475.945
-472.933
-472.155
-473.686
-474.636
-469.582
-471.662
-468.813
-466.925
-477.518
-470.790
-477.591
-473.418
-467.595
-474.565
-471.520
-471.819
-473.018
-468.970
-472.927
-469.169
-471.634
-474.171
-471.643
-475.138
-475.038
-469.988
-472.350
-471.454
-469.247
-471.060
-469.242
-475.645
-470.913
-473.610
-473.154
-469.087
-473.592
-470.994
-477.807
-470.276
-473.205
-472.114
-476.364
-470.449
-470.574
-471.863
-470.575
-467.104
-474.125
-468.671
-472.362
-472.296
-468.235
-473.302
-475.604
-472.289
-474.529
-474.359
-474.760
-473.963
-475.781
-474.140
-471.328
-472.338
-474.470
-472.984
-474.394
-476.492
-473.508
-475.083
-469.685
-475.179
-475.271
-474.520
-471.429
-472.997
-470.284
-468.407
-471.354
-467.733
-471.701
-473.200
-471.232
-474.611
-473.727
-471.686
-473.097
-472.090
-471.064
-474.218
-468.525
-472.679
-472.322
-476.756
-465.625
-465.406
-474.657
-475.794
-474.282
-470.700
-474.441
-473.315
-472.224
-467.708
-473.596
-472.219
-471.278
-469.389
-473.704
-472.963
-469.967
-473.935
-471.779
-476.007
-473.297
-469.447
-473.329
-475.920
-470.724
-464.476
-476.202
-472.067
-463.349
-470.931
-467.698
-471.680
-470.689
-473.615
-476.520
-469.489
-470.260
-470.137
-471.421
-469.688
-474.584
-474.834
-471.583
-474.164
-473.270
-474.190
-472.579
-467.880
-470.489
-474.320
-473.814
-472.696
-471.125
-472.912
-467.793
-472.578
-471.278
-476.170
-468.219
-471.400
-470.759
-473.377
-470.134
-473.990
-471.659
-474.565
-474.925
-473.580
-473.506
-472.049
-472.945
-469.779
-472.838
-472.174
-471.865
-476.930
-474.097
-468.114
-469.448
-467.415
-470.980
-471.034
-473.511
-472.566
-473.523
-473.364
-471.324
-476.534
-470.421
-473.763
-474.516
-469.556
-472.061
-474.009
-474.169
-470.950
-471.377
-472.468
-474.387
-472.333
-473.679
-469.321
-472.566
-470.273
-470.893
-469.192
-474.685
-470.633
-472.163
-474.837
-472.571
-474.957
-469.087
-469.492
-470.149
-470.418
-470.001
-473.104
-474.413
-469.798
-472.034
-472.661
-470.539
-470.983
-471.100
-470.644
-474.746
-473.414
-470.012
-475.153
-473.100
-471.301
-472.938
-473.660
-472.380
-476.458
-472.700
-474.147
-470.306
-472.698
-471.193
-471.744
-472.471
-475.838
-473.608
-471.631
-474.270
-473.362
-475.996
-472.122
-473.106
-465.814
-474.807
-467.990
-474.588
-472.974
-472.738
-474.069
-469.674
-472.675
-472.737
-473.855
-474.472
-471.840
-469.829
-471.613
-471.093
-471.156
-471.241
-473.131
-468.519
-468.234
-466.167
-475.959
-474.432
-473.758
-473.694
-473.883
-469.247
-472.149
-467.651
-469.060
-474.056
-465.737
-470.946
-467.071
-474.372
-473.675
-476.080
-471.980
-473.283
-472.857
-474.149
-474.021
-470.471
-474.955
-474.430
-475.680
-471.259
-474.803
-469.348
-469.981
-470.214
-475.961
-473.980
-471.371
-471.176
-475.756
-474.171
-475.481
-469.404
-472.475
-470.543
-473.808
-472.145
-470.537
-472.551
-475.218
-471.795
-469.330
-469.520
-474.824
-471.211
-472.268
-476.143
-467.788
-469.538
-473.239
-473.913
-473.576
-476.286
-473.706
-472.061
-471.202
-474.032
-471.068
-472.819
-471.017
-471.281
-473.544
-469.644
-469.575
-473.697
-469.286
-472.152
-471.580
-469.468
-469.986
-470.741
-470.694
-475.248
-474.906
-468.919
-474.017
-471.156
-474.022
-474.503
-473.932
-471.985
-472.335
-474.778
-468.796
-472.546
-469.429
-472.116
-474.692
-470.091
-473.186
-470.299
-470.411
-470.048
-470.762
-472.235
-472.135
-476.840
-476.725
-476.887
-470.142
-465.316
-472.810
-474.972
-471.953
-472.443
-472.665
-474.240
-471.814
-470.192
-476.132
-473.551
-475.132
-476.956
-474.939
-472.352
-474.202
-470.947
Average -472.268
