-305.646
-304.810
-301.320
-303.012
-304.042
-310.137
-305.126
-304.440
-304.176
-304.364
-307.261
-301.196
-301.058
-302.046
-304.980
-306.651
-301.934
-302.954
-304.098
-304.852
-299.410
-301.744
-301.295
-302.697
-305.004
-297.527
-305.517
-304.613
-304.714
-303.027
-307.047
-298.838
-304.391
-299.922
-303.776
-298.740
-303.188
-304.239
-301.242
-297.116
-305.151
-301.230
-298.732
-302.942
-298.602
-303.683
-302.227
-302.464
-304.061
-301.101
-301.827
-301.376
-302.247
-302.852
-303.661
-305.258
-300.466
-302.271
-302.730
-302.591
-303.022
-305.075
-303.861
-301.975
-304.193
-303.357
-302.278
-305.867
-304.186
-307.140
-300.353
-306.370
-300.696
-302.326
-302.045
-307.482
-301.952
-304.436
-308.378
-299.823
-301.411
-301.852
-301.094
-304.207
-301.027
-302.012
-302.634
-299.053
-305.055
-301.123
-304.120
-303.811
-301.488
-300.564
-302.449
-300.570
-302.357
-306.683
-302.698
-304.212
-301.146
-302.702
-300.543
-301.563
-300.891
-303.752
-302.363
-302.947
-301.873
-301.280
-300.962
-303.235
-302.411
-303.920
-301.023
-302.081
-306.261
-304.017
-302.039
-305.587
-302.982
-303.657
-302.359
-301.273
-303.265
-302.584
-296.762
-300.304
-301.299
-305.009
-300.653
-297.816
-300.742
-303.535
-302.537
-302.315
-302.442
-302.841
-303.317
-304.042
-303.079
-302.237
-303.851
-303.020
-304.915
-303.610
-304.518
-302.274
-303.778
-305.637
-307.590
-299.028
-300.838
-302.377
-302.811
-302.161
-305.501
-299.786
-309.153
-304.283
-307.220
-305.495
-304.475
-307.798
-302.996
-304.597
-299.579
-302.150
-300.901
-302.061
-302.818
-301.927
-302.212
-305.363
-302.500
-303.921
-306.732
-298.154
-300.176
-302.927
-301.457
-301.271
-296.446
-299.623
-303.817
-301.846
-300.688
-302.248
-303.166
-305.737
-301.425
-305.108
-301.659
-302.259
-301.496
-300.578
-300.206
-297.196
-300.846
-303.943
-304.247
-303.376
-301.004
-305.895
-299.138
-302.081
-304.588
-303.930
-303.300
-310.110
-300.768
-302.283
-300.645
-301.612
-306.094
-304.230
-302.052
-303.713
-305.342
-304.870
-302.106
-301.110
-301.713
-299.130
-302.365
-304.835
-300.189
-304.408
-305.351
-304.491
-299.351
-303.275
-306.184
-301.952
-299.526
-299.525
-304.340
-305.551
-299.450
-300.553
-298.332
-299.412
-298.478
-306.071
-302.132
-306.385
-303.902
-302.328
-302.466
-302.123
-305.637
-303.600
-306.935
-301.924
-298.669
-300.510
-302.581
-304.751
-303.909
-300.820
-304.574
-302.136
-301.167
-302.117
-302.194
-301.738
-303.924
-301.392
-303.112
-304.747
-301.515
-305.201
-301.640
-299.762
-305.653
-305.167
-304.299
-306.933
-302.934
-304.165
-303.989
-304.492
-306.660
-301.609
-303.830
-303.545
-305.728
-301.995
-304.045
-301.748
-303.350
-302.047
-304.067
-301.395
-302.989
-305.709
-303.867
-303.021
-299.696
-300.251
-299.624
-305.426
-300.824
-302.497
-302.265
-299.844
-298.529
-300.704
-302.706
-303.536
-303.851
-302.005
-305.155
-304.834
-302.269
-299.248
-305.264
-304.495
-298.225
-303.646
-304.353
-300.228
-300.058
-305.536
-302.695
-304.815
-302.947
-299.438
-301.940
-303.627
-302.463
-299.345
-304.348
-303.984
-305.604
-296.670
-306.948
-300.146
-303.733
-300.874
-302.821
-303.074
-302.977
-305.261
-298.400
-299.864
-305.027
-305.132
-305.066
-303.051
-302.909
-307.838
-301.018
-307.257
-301.904
-305.051
-303.043
-302.834
-299.166
-302.130
-305.160
-304.186
-297.779
-298.919
-303.257
-302.273
-298.843
-301.079
-304.132
-307.731
-302.703
-303.943
-300.039
-298.101
-301.661
-301.252
-302.953
-304.258
-296.369
-302.408
-300.338
-300.161
-304.467
-305.356
-299.217
-302.427
-301.445
-297.781
-302.174
-302.416
-305.784
-301.568
-304.048
-302.403
-301.338
-302.246
-303.710
-299.798
-305.744
-305.487
-302.325
-300.077
-301.406
-303.402
-303.381
-299.898
-302.605
-305.075
-302.631
-305.247
-301.133
-300.346
-308.063
-303.085
-309.278
-303.486
-302.585
-301.326
-296.679
-304.177
-305.289
-301.354
-300.577
-295.994
-306.451
-304.290
-300.309
-299.123
-301.049
-305.756
-302.808
-304.667
-302.431
-303.179
-310.438
-303.152
-303.234
-305.623
-304.185
-306.357
-302.523
-300.613
-304.770
-306.157
-303.153
-302.383
-304.125
-300.165
-300.624
-305.981
-300.675
-302.811
-304.220
-305.132
-304.083
-304.819
-299.070
-305.414
-303.456
-303.598
-304.944
-302.897
-301.783
-301.627
-305.196
-305.739
-305.312
-303.786
-301.896
-302.318
-309.173
-303.827
-304.848
-301.839
-307.418
-304.361
-304.511
-302.239
-300.542
-303.563
-301.122
-299.878
-305.547
-304.670
-301.551
-303.503
-302.334
-302.857
-303.428
-302.060
-301.238
-303.876
-301.118
-304.111
-302.447
-302.402
-304.087
-306.973
-299.149
-303.489
Average -302.82
