-520.517
-526.403
-530.441
-530.481
-527.170
-529.703
-523.708
-528.718
-527.701
-525.655
-522.522
-530.301
-527.097
-524.959
-528.205
-527.114
-530.626
-526.829
-526.318
-528.612
-522.813
-533.058
-526.737
-529.659
-529.551
-520.568
-533.262
-525.086
-530.089
-525.034
-518.589
-531.607
-528.401
-530.217
-527.899
-528.242
-531.328
-526.231
-529.356
-529.485
-525.209
-528.318
-528.979
-528.282
-524.776
-527.537
-523.945
-524.481
-534.135
-532.598
-531.530
-523.645
-525.765
-526.800
-531.120
-527.020
-524.944
-524.933
-523.202
-528.381
-528.840
-532.175
-527.489
-529.428
-522.679
-530.940
-526.360
-525.464
-524.143
-523.137
-529.071
-526.446
-531.740
-527.626
-518.843
-533.371
-525.601
-524.898
-530.477
-534.333
-530.915
-530.569
-527.340
-527.085
-526.202
-525.494
-533.899
-526.923
-522.701
-525.453
-527.324
-531.200
-527.554
-528.346
-526.978
-527.377
-524.894
-526.262
-525.569
-531.761
-528.010
-525.512
-526.216
-527.209
-529.417
-530.801
-529.518
-527.856
-529.915
-531.312
-526.215
-524.126
-544.124
-528.012
-528.852
-528.926
-526.005
-526.573
-532.326
-527.708
-523.489
-528.532
-527.843
-521.356
-525.672
-525.562
-530.546
-525.762
-526.863
-522.379
-524.038
-524.494
-522.274
-528.625
-528.104
-534.262
-530.519
-530.867
-525.148
-519.249
-528.476
-530.940
-525.322
-526.075
-527.858
-531.016
-525.440
-527.547
-526.817
-527.127
-528.799
-527.631
-520.308
-523.434
-530.752
-529.565
-522.174
-524.207
-526.864
-530.762
-528.586
-523.009
-523.894
-525.691
-526.117
-525.177
-530.831
-525.748
-527.484
-525.481
-525.101
-532.148
-533.403
-526.779
-526.696
-526.134
-524.079
-529.329
-528.698
-525.148
-529.509
-526.601
-527.636
-529.978
-529.063
-530.714
-525.184
-531.569
-525.031
-530.457
-527.961
-528.371
-527.200
-526.670
-529.564
-529.066
-523.238
-526.605
-528.180
-528.891
-529.907
-531.821
-530.039
-524.278
-524.551
-522.742
-527.007
-523.042
-528.090
-527.005
-527.710
-526.792
-521.048
-522.624
-530.515
-530.097
-528.326
-526.890
-528.397
-528.652
-531.325
-527.728
-531.806
-526.262
-529.342
-529.168
-525.776
-524.893
-533.170
-522.734
-533.534
-520.184
-530.551
-526.632
-525.119
-526.709
-533.297
-528.023
-531.335
-527.457
-527.829
-525.272
-525.322
-522.029
-529.137
-527.831
-527.415
-531.487
-521.686
-528.805
-526.787
-530.465
-528.592
-527.036
-525.402
-531.724
-528.101
-526.109
-528.811
-523.424
-527.096
-528.754
-523.792
-522.549
-529.191
-524.756
-528.507
-529.482
-528.198
-524.280
-530.237
-529.763
-527.880
-525.572
-530.867
-526.637
-530.902
-535.649
-524.992
-526.055
-527.284
-530.580
-531.883
-528.475
-519.311
-532.840
-528.513
-525.622
-526.999
-528.142
-528.673
-526.135
-527.851
-528.932
-526.865
-528.487
-522.670
-527.216
-524.638
-528.032
-528.727
-526.545
-526.066
-529.268
-528.543
-525.959
-532.979
-527.451
-529.095
-530.442
-531.862
-526.120
-526.519
-524.359
-530.715
-520.933
-531.957
-524.833
-529.042
-526.044
-520.784
-531.754
-525.128
-525.030
-529.911
-532.100
-530.550
-527.006
-531.538
-524.892
-525.702
-522.377
-528.832
-526.288
-530.704
-528.494
-524.818
-516.290
-526.427
-528.296
-530.751
-531.450
-521.778
-530.253
-527.723
-526.819
-526.117
-527.911
-530.704
-532.454
-520.333
-531.157
-526.830
-527.690
-525.938
-530.657
-524.961
-526.984
-524.642
-527.741
-525.425
-521.939
-528.752
-523.955
-526.506
-526.814
-527.059
-525.964
-523.555
-526.559
-526.585
-525.854
-524.110
-525.846
-527.729
-527.561
-532.102
-529.701
-529.268
-528.626
-525.807
-521.685
-523.075
-529.476
-523.584
-530.584
-522.692
-527.439
-525.817
-527.192
-528.805
-524.097
-527.108
-528.508
-525.713
-529.139
-528.104
-531.263
-529.847
-530.462
-525.373
-527.491
-531.995
-527.900
-528.819
-528.157
-525.534
-530.283
-528.643
-526.713
-523.831
-528.551
-528.265
-527.863
-520.742
-545.006
-532.018
-522.537
-526.594
-528.288
-524.354
-531.987
-525.331
-528.719
-523.976
-528.797
-527.492
-528.314
-531.095
-530.365
-531.511
-525.894
-527.376
-528.020
-527.358
-524.715
-524.844
-527.722
-527.846
-528.223
-527.222
-526.140
-531.447
-529.241
-526.480
-530.939
-529.144
-533.689
-528.288
-529.288
-528.042
-526.269
-522.101
-524.714
-526.348
-532.046
-527.382
-525.630
-530.186
-530.199
-528.540
-528.481
-528.650
-528.117
-526.355
-525.974
-524.835
-523.377
-527.322
-528.128
-530.153
-523.827
-527.173
-526.601
-542.541
-529.755
-530.351
-523.353
-526.670
-530.355
-523.880
-526.942
-523.778
-525.444
-527.406
-523.915
-530.023
-524.281
-524.170
-532.308
-532.584
-531.835
-525.174
-526.605
-530.505
-531.442
-530.112
-527.241
-529.518
-524.401
Average -527.537
