-187.499
-188.968
-187.630
-189.129
-189.633
-189.282
-187.414
-188.433
-185.985
-188.983
-188.814
-187.653
-184.240
-186.728
-186.582
-185.185
-188.633
-190.022
-188.716
-188.882
-189.927
-188.278
-187.204
-184.254
-185.431
-180.200
-186.823
-190.512
-188.371
-187.174
-188.370
-188.977
-186.490
-189.186
-186.580
-186.954
-188.138
-187.734
-189.255
-190.242
-188.797
-186.505
-188.601
-186.153
-188.729
-183.428
-187.824
-188.368
-182.511
-187.936
-182.290
-188.596
-182.247
-186.786
-185.598
-186.682
-183.592
-187.478
-182.584
-188.686
-189.923
-187.733
-188.497
-190.192
-184.529
-188.587
-189.851
-188.692
-188.261
-187.303
-186.685
-189.737
-187.768
-183.869
-188.230
-185.578
-187.374
-182.323
-189.435
-184.891
-186.444
-189.128
-188.754
-189.221
-188.874
-186.699
-186.146
-187.947
-188.086
-188.414
-187.091
-188.186
-188.293
-187.726
-188.033
-187.308
-188.237
-188.665
-188.219
-188.475
-188.517
-189.085
-187.127
-190.565
-188.095
-183.613
-188.423
-186.370
-189.307
-189.114
-187.959
-185.301
-188.695
-186.769
-189.431
-189.779
-189.703
-188.644
-188.652
-183.040
-188.443
-184.142
-188.062
-185.664
-188.915
-187.954
-189.284
-189.390
-186.913
-182.365
-189.246
-187.959
-186.459
-188.987
-188.924
-187.335
-187.521
-186.617
-180.727
-190.545
-187.794
-186.240
-184.775
-188.525
-187.348
-186.787
-188.995
-188.294
-183.677
-187.965
-186.828
-189.058
-184.808
-187.680
-189.491
-182.715
-183.040
-186.721
-190.397
-188.294
-187.654
-189.460
-188.225
-187.450
-188.643
-187.216
-189.154
-187.664
-189.867
-189.406
-188.779
-187.541
-182.244
-186.789
-185.980
-186.499
-187.064
-189.673
-189.478
-187.172
-188.599
-187.947
-185.291
-182.367
-187.890
-186.840
-190.051
-189.352
-187.752
-190.458
-188.750
-189.540
-187.708
-187.789
-184.753
-186.704
-188.261
-186.876
-188.369
-187.909
-189.823
-188.895
-188.711
-189.147
-186.975
-185.916
-188.160
-182.800
-187.820
-190.378
-187.928
-182.402
-185.472
-188.284
-185.951
-189.436
-186.824
-183.209
-188.007
-188.655
-188.490
-189.886
-188.228
-186.526
-188.134
-187.093
-190.008
-187.737
-189.173
-190.112
-187.349
-188.454
-184.519
-186.781
-188.353
-189.611
-187.856
-185.189
-188.506
-186.134
-189.394
-187.216
-185.411
-189.464
-181.517
-186.699
-187.295
-188.148
-183.140
-187.203
-188.274
-183.127
-189.045
-189.484
-188.329
-186.143
-184.912
-183.076
-189.171
-187.407
-179.516
-187.614
-186.893
-186.496
-184.624
-188.209
-189.049
-186.996
-187.537
-184.491
-187.195
-187.043
-188.634
-187.734
-188.370
-188.317
-187.293
-187.622
-187.686
-187.923
-187.537
-188.317
-188.866
-186.880
-187.793
-188.595
-189.469
-188.738
-189.057
-186.413
-187.760
-185.592
-188.950
-185.602
-188.547
-186.083
-187.165
-185.574
-189.010
-187.478
-187.968
-186.650
-187.292
-190.186
-186.648
-189.738
-186.732
-184.610
-190.287
-188.099
-187.805
-188.040
-186.492
-189.035
-188.079
-188.598
-187.822
-189.005
-181.777
-182.458
-189.030
-188.097
-189.167
-187.639
-185.124
-183.053
-188.788
-188.871
-188.466
-189.016
-187.972
-184.959
-188.834
-187.574
-186.383
-187.882
-187.334
-187.571
-189.404
-185.611
-187.198
-187.966
-188.103
-188.573
-189.729
-188.433
-189.189
-183.547
-188.224
-186.418
-190.002
-189.711
-187.899
-188.376
-189.038
-187.524
-186.650
-186.642
-188.649
-186.108
-185.899
-188.214
-190.469
-188.035
-187.917
-179.471
-189.399
-186.709
-185.973
-187.644
-189.368
-186.705
-189.850
-186.597
-183.042
-187.256
-190.300
-185.901
-182.447
-188.279
-188.839
-186.450
-189.418
-187.593
-187.077
-186.548
-189.250
-185.084
-189.397
-187.317
-187.878
-179.936
-187.963
-188.688
-182.435
-191.136
-188.005
-188.160
-186.625
-188.578
-189.566
-188.139
-188.063
-187.898
-187.754
-187.994
-190.441
-187.253
-183.359
-183.557
-186.037
-190.842
-185.963
-187.853
-188.414
-188.100
-185.130
-187.850
-178.208
-187.892
-187.690
-187.369
-186.996
-190.444
-188.045
-188.633
-189.337
-189.565
-184.002
-189.918
-189.005
-189.520
-186.929
-184.308
-188.259
-184.514
-180.196
-186.651
-187.016
-190.044
-189.194
-185.575
-186.556
-186.772
-185.796
-187.483
-189.473
-189.120
-183.466
-186.820
-189.010
-184.967
-187.794
-188.416
-185.673
-189.954
-179.929
-186.764
-189.637
-187.691
-190.375
-186.461
-185.029
-187.029
-187.371
-187.276
-187.838
-187.209
-185.812
-187.169
-186.216
-188.429
-188.024
-188.595
-186.335
-185.675
-186.271
-188.454
-189.296
-185.881
-186.477
-187.671
-186.321
-189.147
-187.234
-185.035
-186.740
-187.473
-189.250
-186.468
-186.150
-183.419
-188.869
-186.127
-188.066
-183.591
-188.866
-186.310
-189.411
-188.420
Average -187.36
