-362.999
-362.442
-360.037
-357.939
-360.606
-360.885
-357.932
-362.268
-356.437
-363.471
-359.361
-362.047
-358.669
-359.767
-362.393
-354.949
-357.544
-361.226
-359.274
-359.792
-362.531
-360.998
-358.576
-361.253
-360.217
-362.023
-361.380
-365.232
-359.274
-361.695
-360.531
-361.638
-360.175
-359.882
-360.352
-363.113
-356.717
-353.716
-358.132
-357.462
-360.523
-360.614
-359.505
-360.070
-357.668
-357.858
-356.269
-361.582
-357.345
-362.663
-363.538
-354.427
-366.496
-359.435
-354.705
-354.963
-357.195
-358.538
-355.668
-360.959
-359.479
-360.572
-358.942
-359.660
-357.959
-357.698
-359.350
-360.994
-357.651
-358.328
-360.920
-361.236
-360.048
-355.181
-361.062
-357.405
-358.289
-360.626
-363.968
-361.104
-359.685
-361.089
-353.590
-359.807
-361.679
-362.204
-359.708
-357.373
-359.633
-359.933
-357.520
-354.686
-360.714
-355.842
-352.625
-357.623
-352.908
-361.120
-360.319
-361.402
-357.439
-356.805
-356.720
-360.549
-360.811
-365.090
-354.529
-359.283
-362.401
-358.127
-362.426
-358.883
-360.553
-363.303
-357.972
-358.479
-362.879
-361.309
-361.589
-364.281
-358.576
-358.758
-362.425
-361.625
-354.723
-358.659
-362.727
-357.713
-361.967
-357.463
-360.309
-360.929
-360.858
-361.589
-364.146
-361.343
-357.991
-354.250
-359.358
-358.649
-360.879
-357.297
-359.150
-364.017
-356.492
-362.530
-358.497
-359.935
-358.789
-361.533
-360.839
-359.382
-359.460
-359.831
-358.384
-351.273
-361.143
-359.452
-356.803
-357.526
-361.560
-358.841
-361.496
-352.863
-361.747
-359.499
-357.672
-357.603
-360.490
-361.807
-354.449
-362.768
-355.854
-363.303
-357.267
-360.456
-360.229
-362.730
-358.760
-357.900
-360.434
-360.351
-358.452
-359.823
-363.950
-356.839
-358.967
-361.991
-361.145
-360.870
-357.945
-359.050
-360.990
-360.930
-362.893
-354.652
-361.427
-362.708
-360.748
-356.015
-359.893
-363.021
-360.755
-357.197
-361.140
-359.678
-357.949
-359.483
-359.359
-358.504
-361.905
-357.267
-360.569
-357.791
-361.143
-361.216
-362.931
-361.798
-358.177
-358.932
-358.205
-361.375
-358.424
-356.872
-361.335
-360.262
-362.550
-362.771
-359.660
-362.139
-360.366
-358.996
-365.280
-359.088
-361.982
-360.022
-352.043
-364.092
-360.283
-360.415
-360.981
-360.373
-360.614
-356.879
-360.939
-357.961
-361.018
-357.756
-361.031
-359.716
-357.233
-359.072
-360.323
-361.749
-358.128
-356.069
-359.261
-358.614
-359.321
-358.450
-362.353
-357.460
-358.997
-360.723
-361.752
-361.448
-356.462
-358.256
-356.543
-357.486
-358.793
-363.272
-360.895
-363.178
-356.276
-359.764
-355.824
-363.043
-359.876
-358.957
-358.758
-358.816
-363.300
-364.573
-362.911
-358.970
-360.703
-361.881
-358.969
-359.686
-358.241
-356.571
-358.516
-357.610
-359.166
-357.900
-356.121
-361.616
-360.277
-361.094
-353.520
-362.820
-360.292
-366.853
-358.891
-360.962
-361.833
-358.998
-363.104
-361.123
-363.984
-357.037
-360.361
-357.030
-361.849
-359.708
-360.794
-362.889
-359.709
-361.738
-355.946
-357.189
-360.474
-361.018
-359.510
-362.144
-357.231
-361.043
-358.498
-360.094
-357.268
-358.570
-359.332
-358.469
-362.792
-360.018
-362.230
-358.412
-361.844
-361.412
-363.027
-361.990
-357.803
-355.848
-354.573
-359.492
-360.156
-358.296
-354.894
-358.125
-360.568
-362.493
-359.401
-360.457
-357.970
-363.198
-360.091
-361.045
-362.659
-358.140
-362.068
-361.208
-358.499
-360.424
-357.611
-360.318
-363.237
-361.345
-357.439
-356.691
-363.168
-359.681
-360.170
-363.384
-359.870
-357.454
-367.465
-358.125
-355.970
-359.280
-357.463
-358.573
-359.780
-358.914
-359.189
-357.099
-356.787
-358.195
-359.991
-356.576
-360.432
-360.908
-356.513
-359.312
-359.413
-357.188
-361.774
-357.449
-361.086
-359.548
-357.417
-365.288
-355.717
-360.517
-356.272
-357.955
-364.145
-362.938
-360.796
-359.687
-362.447
-357.178
-358.247
-356.078
-359.944
-356.939
-363.587
-358.347
-360.675
-358.074
-357.567
-363.682
-363.498
-359.814
-359.470
-357.146
-360.069
-356.320
-362.860
-357.966
-362.958
-362.297
-366.542
-360.957
-360.608
-357.036
-360.330
-363.238
-358.669
-354.115
-360.329
-359.267
-355.504
-360.032
-357.756
-359.056
-356.006
-357.954
-358.632
-360.160
-355.531
-360.858
-359.386
-360.051
-362.450
-358.260
-362.196
-357.071
-361.089
-360.410
-356.773
-363.029
-358.511
-353.199
-356.798
-360.132
-356.947
-359.072
-363.493
-357.220
-356.610
-361.523
-358.897
-362.606
-360.015
-358.712
-359.431
-357.724
-360.950
-358.987
-362.414
-362.414
-359.357
-362.756
-364.674
-358.673
-358.931
-358.339
-358.773
-355.914
-361.186
-357.224
-359.663
-359.012
-359.827
-361.831
-359.866
-358.417
-358.922
-360.477
Average -359.652
