-542.888
-547.030
-537.776
-538.487
-552.584
-547.626
-553.343
-539.114
-536.997
-536.916
-536.856
-543.101
-552.333
-533.781
-540.087
-551.448
-534.329
-536.924
-537.102
-545.308
-532.510
-546.227
-540.766
-551.782
-547.059
-547.880
-552.172
-542.616
-538.301
-538.288
-540.700
-534.718
-549.528
-535.745
-539.440
-539.404
-541.114
-546.410
-539.933
-532.022
-546.405
-546.088
-539.637
-539.488
-541.314
-535.620
-535.909
-542.895
-547.904
-538.364
-547.540
-547.300
-553.208
-546.780
-545.869
-539.545
-542.478
-535.861
-542.645
-546.365
-538.843
-541.311
-537.846
-549.954
-538.896
-545.245
-546.246
-531.482
-537.374
-548.444
-532.410
-539.557
-532.020
-543.628
-539.919
-541.628
-543.594
-537.174
-536.001
-538.418
-536.900
-540.428
-534.230
-547.713
-546.344
-539.749
-536.959
-543.563
-531.483
-535.981
-537.231
-539.760
-540.391
-546.286
-537.031
-545.135
-549.866
-541.146
-557.169
-537.547
-541.613
-540.386
-547.526
-535.974
-548.021
-527.062
-544.920
-537.546
-540.492
-543.825
-537.072
-546.790
-537.248
-537.981
-549.416
-550.361
-536.768
-538.769
-542.095
-536.409
-541.096
-546.466
-537.445
-538.660
-538.210
-536.654
-540.332
-552.400
-538.599
-547.368
-542.528
-539.466
-533.602
-536.087
-537.744
-543.155
-537.884
-539.823
-536.277
-535.362
-553.240
-547.131
-538.064
-547.021
-528.071
-554.949
-537.443
-540.771
-550.389
-550.191
-536.266
-536.472
-536.460
-540.817
-539.318
-552.651
-541.392
-543.438
-533.762
-539.329
-549.762
-545.323
-542.659
-544.010
-554.114
-538.424
-545.989
-540.005
-542.971
-540.390
-536.199
-533.207
-543.539
-555.152
-542.688
-551.627
-532.204
-533.099
-546.388
-541.082
-550.146
-539.833
-548.133
-536.622
-548.954
-545.543
-535.837
-537.283
-535.643
-549.751
-547.163
-540.767
-536.673
-543.219
-537.682
-534.033
-542.420
-542.034
-542.747
-554.104
-540.124
-539.179
-542.893
-548.738
-533.212
-533.318
-545.768
-547.991
-541.981
-545.646
-544.770
-542.352
-533.483
-543.233
-548.553
-546.907
-551.123
-543.309
-542.525
-537.957
-544.238
-533.968
-537.268
-544.063
-542.620
-531.786
-548.018
-536.401
-538.097
-541.586
-535.427
-537.389
-539.939
-545.177
-552.458
-535.248
-536.689
-535.739
-539.362
-541.316
-539.056
-548.745
-537.199
-552.617
-544.858
-550.309
-534.369
-549.160
-543.453
-542.380
-544.830
-548.952
-543.102
-548.546
-543.380
-540.374
-545.301
-539.897
-536.641
-541.314
-537.501
-548.247
-537.272
-539.928
-538.844
-538.134
-538.221
-550.063
-535.447
-538.089
-550.941
-534.942
-539.365
-540.018
-544.573
-549.213
-537.916
-537.007
-537.625
-543.511
-540.185
-545.469
-541.953
-548.616
-538.049
-539.275
-543.051
-542.518
-542.652
-537.410
-544.511
-551.618
-533.289
-544.623
-538.652
-546.586
-539.173
-544.463
-536.927
-539.113
-542.012
-539.018
-537.522
-534.326
-537.281
-544.077
-546.078
-530.431
-540.066
-540.652
-536.878
-535.383
-552.597
-539.498
-544.043
-536.420
-545.586
-531.046
-543.450
-552.538
-547.610
-554.736
-546.278
-549.977
-537.236
-539.999
-550.474
-543.329
-540.544
-546.034
-532.646
-538.817
-548.874
-538.753
-532.835
-547.070
-545.467
-539.125
-545.155
-541.206
-539.997
-551.527
-544.653
-547.988
-547.071
-537.629
-544.384
-548.786
-533.299
-544.531
-542.329
-533.673
-535.458
-541.038
-542.120
-536.491
-535.854
-536.424
-542.235
-541.816
-542.057
-541.645
-547.125
-537.334
-534.706
-546.966
-534.503
-537.672
-530.677
-536.887
-541.564
-545.252
-535.927
-551.591
-539.594
-536.224
-542.522
-539.033
-552.432
-539.271
-541.919
-538.333
-535.427
-544.352
-548.108
-550.104
-536.065
-538.450
-543.922
-535.241
-539.191
-546.513
-548.421
-539.498
-545.657
-541.398
-541.733
-536.453
-550.462
-535.826
-546.629
-547.700
-539.244
-543.643
-539.590
-538.001
-528.378
-543.839
-544.910
-544.704
-551.207
-552.824
-541.531
-542.958
-537.679
-537.490
-541.513
-537.822
-537.039
-544.848
-536.662
-537.209
-542.418
-548.354
-544.277
-547.092
-535.226
-551.314
-547.274
-552.593
-534.564
-539.507
-548.945
-533.807
-534.033
-535.993
-535.593
-545.671
-546.006
-544.475
-538.963
-545.118
-535.916
-539.351
-543.509
-544.864
-537.680
-539.777
-535.672
-546.488
-546.999
-531.839
-543.248
-536.097
-539.779
-543.536
-540.328
-542.266
-536.402
-537.717
-535.124
-541.108
-534.778
-545.440
-549.879
-534.047
-549.730
-550.957
-529.573
-536.294
-546.261
-537.425
-542.624
-545.993
-539.709
-528.223
-556.720
-555.021
-544.919
-542.794
-538.116
-546.855
-537.668
-530.900
-540.806
-537.017
-537.557
-534.956
-550.202
-539.352
-543.923
-536.918
-543.825
-539.717
-540.660
-542.932
-543.375
-543.592
-550.861
-542.084
Average -541.657
