-321.014
-323.322
-324.774
-322.534
-319.293
-323.645
-321.494
-316.750
-317.697
-319.419
-319.014
-319.631
-320.758
-319.482
-317.975
-320.344
-321.589
-318.862
-320.312
-320.633
-321.347
-322.278
-323.440
-325.567
-319.158
-317.904
-319.778
-320.893
-319.753
-319.810
-320.825
-317.090
-319.495
-322.705
-325.447
-319.208
-319.832
-321.642
-322.146
-320.266
-322.259
-322.180
-318.074
-318.317
-321.586
-318.876
-326.197
-319.575
-322.341
-322.943
-325.851
-321.116
-317.755
-320.841
-319.943
-321.801
-317.941
-319.839
-319.350
-324.528
-319.438
-323.069
-318.622
-320.709
-319.495
-317.562
-316.262
-319.985
-318.738
-319.533
-322.708
-321.103
-320.361
-318.015
-318.467
-317.493
-321.194
-322.222
-320.762
-320.226
-318.914
-320.808
-318.349
-320.204
-321.030
-322.363
-322.325
-318.993
-320.020
-321.477
-320.095
-321.224
-319.518
-324.467
-318.023
-320.011
-323.053
-319.959
-317.293
-322.327
-319.069
-321.418
-319.664
-320.637
-318.022
-317.571
-320.958
-321.704
-323.456
-321.622
-317.725
-325.938
-324.355
-319.009
-325.156
-319.024
-319.600
-321.128
-317.106
-320.949
-318.842
-322.877
-320.052
-320.334
-321.274
-321.756
-321.468
-318.540
-319.134
-323.324
-321.720
-320.078
-319.666
-323.045
-319.616
-316.985
-319.707
-321.449
-320.769
-320.777
-318.812
-321.276
-321.313
-318.541
-318.565
-319.748
-320.089
-320.800
-322.713
-320.976
-318.497
-319.136
-321.760
-322.238
-320.147
-320.991
-318.881
-318.239
-319.561
-314.810
-321.054
-322.075
-319.632
-317.664
-317.112
-317.387
-319.801
-319.177
-319.604
-319.364
-322.738
-317.897
-318.858
-322.628
-323.232
-320.687
-321.277
-320.710
-322.177
-317.024
-319.809
-323.193
-323.120
-321.771
-324.866
-321.050
-320.791
-321.488
-318.684
-317.515
-320.398
-322.676
-320.009
-320.933
-319.315
-320.665
-320.787
-320.969
-321.650
-320.783
-321.230
-322.928
-319.630
-318.759
-320.387
-320.982
-319.299
-319.338
-319.103
-321.297
-319.602
-318.939
-318.499
-319.836
-321.074
-321.263
-319.335
-316.527
-320.105
-319.486
-319.988
-319.803
-322.584
-318.853
-320.282
-323.579
-322.176
-317.266
-321.523
-326.095
-318.732
-320.683
-319.524
-319.363
-322.373
-321.533
-322.272
-317.588
-321.251
-318.055
-323.107
-319.856
-321.701
-318.128
-314.386
-320.885
-318.917
-322.544
-318.036
-320.559
-325.397
-319.701
-317.539
-317.887
-318.033
-321.365
-321.996
-321.641
-322.943
-323.894
-322.685
-320.161
-322.256
-318.626
-323.032
-320.012
-322.707
-320.195
-322.987
-320.381
-320.940
-320.651
-323.236
-318.001
-321.628
-320.010
-322.597
-320.288
-324.741
-319.186
-318.849
-319.676
-319.725
-323.829
-321.489
-317.987
-316.786
-322.669
-322.975
-317.505
-319.995
-322.498
-319.618
-318.086
-321.148
-319.615
-320.676
-320.652
-320.640
-318.557
-322.905
-325.714
-323.269
-324.520
-322.258
-318.187
-320.300
-321.862
-318.273
-320.487
-323.068
-317.441
-317.667
-321.684
-319.594
-322.008
-317.512
-322.568
-316.457
-318.939
-321.260
-318.032
-320.745
-319.187
-320.790
-320.918
-318.751
-321.154
-318.741
-320.737
-320.223
-321.944
-320.850
-321.143
-321.810
-319.103
-321.861
-318.046
-319.381
-317.577
-320.851
-323.202
-320.357
-320.400
-322.487
-321.946
-317.658
-320.225
-320.567
-316.303
-318.657
-323.851
-324.008
-319.180
-316.169
-317.404
-319.925
-321.655
-325.223
-322.244
-319.615
-322.609
-317.386
-319.750
-319.250
-320.105
-320.711
-318.140
-320.858
-319.465
-318.280
-322.182
-317.856
-318.474
-323.719
-322.706
-318.758
-321.059
-320.391
-319.830
-319.342
-322.127
-320.907
-320.973
-319.473
-319.401
-321.249
-321.583
-321.393
-320.240
-322.959
-320.860
-319.798
-325.783
-319.630
-327.663
-323.377
-323.910
-316.217
-321.320
-321.150
-318.347
-318.788
-321.904
-319.682
-320.765
-321.252
-318.078
-320.962
-321.930
-323.371
-319.057
-319.437
-319.389
-319.819
-320.046
-316.430
-322.181
-322.967
-322.012
-321.291
-320.090
-317.705
-321.127
-319.613
-318.389
-325.826
-319.259
-320.571
-320.132
-320.044
-321.686
-320.259
-315.175
-319.888
-319.334
-319.600
-318.051
-319.819
-320.744
-320.531
-319.513
-316.533
-321.178
-320.311
-316.136
-319.194
-319.723
-320.187
-321.101
-317.783
-316.441
-319.707
-320.756
-317.830
-318.169
-318.996
-320.948
-322.298
-316.586
-319.585
-319.197
-320.530
-317.082
-319.736
-321.227
-317.908
-319.875
-322.966
-318.718
-319.043
-318.008
-317.798
-320.186
-318.307
-320.625
-318.141
-318.354
-317.856
-317.943
-322.974
-316.988
-318.201
-321.454
-320.315
-316.504
-319.483
-318.359
-318.443
-325.237
-321.473
-320.651
-319.322
-318.460
-320.972
-318.902
-324.764
-323.909
-323.098
-322.784
Average -320.378
