-542.615
-543.748
-546.267
-542.984
-549.182
-543.896
-555.598
-545.193
-544.291
-542.083
-542.074
-538.907
-545.290
-542.625
-536.539
-542.480
-550.726
-544.819
-538.220
-545.069
-541.559
-540.694
-543.696
-543.612
-544.557
-536.959
-546.771
-541.558
-539.291
-540.505
-545.154
-543.925
-548.704
-547.597
-543.893
-556.075
-543.114
-541.917
-544.265
-545.130
-541.090
-544.034
-541.742
-538.623
-557.219
-541.567
-539.071
-541.787
-540.603
-550.938
-539.675
-538.102
-540.208
-556.236
-544.998
-544.659
-559.358
-546.184
-541.908
-540.471
-553.148
-542.152
-537.170
-544.179
-544.415
-552.177
-536.664
-543.904
-543.263
-546.643
-541.432
-544.574
-542.350
-537.423
-558.630
-554.185
-555.353
-552.787
-544.345
-541.152
-556.112
-545.385
-544.174
-544.305
-544.938
-539.521
-548.203
-553.138
-548.553
-542.081
-545.631
-555.183
-543.182
-542.103
-546.088
-544.179
-538.424
-539.767
-544.158
-540.446
-549.285
-547.222
-536.034
-543.501
-541.877
-554.269
-544.380
-546.464
-541.121
-544.068
-542.990
-541.087
-540.947
-542.303
-546.476
-543.550
-545.023
-555.851
-553.721
-543.873
-545.298
-540.706
-544.797
-546.115
-556.012
-541.771
-557.041
-558.374
-544.722
-540.587
-547.838
-544.280
-552.930
-538.353
-543.772
-541.029
-540.400
-555.415
-542.892
-538.909
-549.435
-542.370
-542.329
-542.561
-542.832
-542.448
-541.541
-554.929
-539.598
-556.043
-552.465
-542.488
-554.003
-540.623
-541.473
-543.830
-540.907
-546.002
-550.883
-540.437
-536.329
-545.431
-544.965
-544.335
-544.383
-539.705
-547.624
-544.726
-539.278
-546.480
-543.217
-548.892
-557.554
-542.774
-541.919
-546.832
-540.297
-540.517
-539.713
-540.153
-538.674
-546.762
-546.635
-536.783
-541.672
-540.878
-543.938
-537.885
-538.000
-544.948
-553.997
-545.471
-542.810
-545.815
-539.748
-556.767
-543.046
-542.901
-557.933
-543.990
-556.469
-545.493
-542.546
-545.983
-542.551
-542.372
-539.860
-538.157
-555.348
-556.551
-540.698
-543.268
-540.559
-544.781
-543.994
-542.810
-545.587
-542.730
-552.309
-556.728
-538.828
-541.005
-539.583
-544.720
-555.963
-544.155
-549.854
-544.463
-542.427
-545.890
-542.664
-549.614
-543.300
-540.977
-550.500
-552.492
-543.405
-542.299
-558.299
-555.920
-542.922
-542.890
-544.454
-540.206
-546.700
-543.853
-556.742
-547.803
-546.594
-542.368
-557.192
-541.532
-540.138
-555.953
-543.809
-545.666
-542.196
-537.650
-545.042
-541.230
-556.564
-542.325
-539.105
-541.662
-539.836
-537.225
-554.016
-554.491
-540.845
-541.521
-545.025
-541.725
-546.437
-541.251
-543.878
-544.123
-551.617
-557.756
-546.261
-548.945
-541.979
-540.142
-540.584
-539.715
-542.985
-539.301
-541.283
-559.240
-541.384
-544.861
-547.235
-538.890
-556.812
-542.001
-546.201
-542.989
-544.098
-539.850
-540.873
-544.323
-541.079
-542.313
-544.610
-552.195
-542.519
-544.016
-537.270
-543.056
-544.022
-544.372
-539.231
-546.893
-543.737
-539.422
-544.483
-542.119
-540.882
-553.819
-542.436
-544.871
-543.723
-542.728
-549.955
-555.840
-541.469
-534.747
-544.566
-542.071
-542.111
-544.254
-544.936
-545.022
-543.205
-546.055
-543.594
-554.940
-539.672
-539.868
-553.884
-541.887
-545.011
-539.887
-540.001
-553.968
-539.973
-542.872
-546.242
-545.465
-554.263
-542.630
-544.991
-541.364
-541.974
-538.410
-544.243
-542.993
-544.886
-539.518
-543.627
-544.168
-541.087
-543.257
-536.827
-556.277
-544.706
-542.582
-541.488
-543.375
-547.574
-543.672
-545.164
-538.868
-541.632
-540.005
-555.121
-543.001
-544.250
-555.532
-543.444
-543.487
-558.111
-543.901
-546.727
-541.766
-542.277
-535.999
-540.648
-550.196
-542.608
-557.233
-536.355
-544.571
-556.370
-541.939
-554.994
-545.275
-541.928
-541.078
-540.438
-542.672
-544.990
-543.432
-541.430
-546.059
-546.837
-544.367
-547.160
-555.057
-541.535
-548.513
-545.561
-540.799
-543.166
-554.069
-552.885
-551.402
-543.200
-544.722
-552.454
-543.358
-542.409
-556.187
-556.303
-542.021
-538.836
-556.630
-556.139
-539.313
-544.340
-539.710
-542.879
-543.094
-541.825
-554.367
-548.195
-542.512
-541.398
-557.181
-543.239
-559.012
-544.120
-541.043
-545.227
-543.758
-539.969
-559.356
-554.880
-556.401
-542.881
-555.180
-538.468
-550.181
-542.885
-544.601
-541.566
-548.954
-547.693
-540.150
-539.870
-545.044
-544.089
-555.774
-543.456
-543.809
-559.014
-541.510
-556.653
-542.296
-537.930
-554.747
-541.441
-540.400
-539.968
-541.549
-536.269
-543.381
-544.293
-555.669
-545.570
-542.336
-550.341
-555.383
-540.511
-541.510
-533.538
-543.742
-542.428
-557.464
-545.902
-542.615
-546.841
-557.925
-558.088
-544.357
-539.908
-543.136
-544.950
-557.436
-545.488
-542.164
Average -545.182
