-586.918
-589.574
-588.465
-587.817
-583.137
-590.005
-585.052
-583.436
-592.702
-581.293
-577.344
-584.094
-591.782
-586.475
-589.662
-592.855
-590.818
-591.261
-589.395
-582.568
-585.637
-586.230
-586.463
-590.825
-586.939
-593.189
-586.563
-585.344
-592.977
-586.838
-588.449
-589.134
-588.628
-583.955
-584.369
-589.532
-585.302
-583.861
-586.189
-591.671
-588.091
-588.149
-588.774
-587.667
-582.109
-581.498
-586.311
-592.320
-584.877
-587.808
-587.172
-586.891
-583.632
-584.396
-581.211
-593.725
-588.570
-589.581
-590.420
-590.620
-587.823
-591.939
-591.754
-588.636
-589.889
-590.022
-594.322
-589.414
-589.422
-586.921
-585.087
-590.441
-588.043
-587.730
-585.522
-585.026
-588.336
-588.104
-588.533
-579.567
-592.365
-589.684
-589.320
-585.501
-587.784
-585.949
-593.128
-589.805
-586.762
-590.172
-589.252
-596.499
-585.374
-587.276
-591.721
-588.617
-585.940
-588.782
-589.231
-588.796
-585.810
-583.764
-587.752
-586.526
-591.586
-585.843
-594.009
-590.376
-588.414
-589.516
-588.347
-591.633
-588.817
-593.933
-588.958
-586.160
-590.530
-584.156
-586.053
-587.540
-587.863
-587.622
-590.910
-589.641
-587.482
-589.209
-591.430
-589.133
-594.070
-592.284
-589.922
-589.132
-592.835
-588.484
-595.334
-586.415
-589.572
-583.397
-590.063
-588.101
-591.025
-587.264
-590.243
-588.376
-590.944
-589.011
-588.959
-588.334
-589.634
-585.220
-586.741
-593.735
-587.779
-585.201
-588.880
-591.565
-589.020
-591.443
-590.456
-589.487
-587.755
-587.225
-591.089
-588.373
-590.293
-584.958
-588.685
-581.441
-591.127
-593.495
-590.806
-583.648
-592.828
-582.037
-592.255
-591.037
-587.809
-582.423
-581.791
-588.526
-581.359
-589.831
-588.197
-589.939
-589.536
-589.527
-596.225
-589.690
-581.682
-590.025
-583.425
-586.746
-591.229
-592.624
-585.568
-590.229
-587.248
-583.841
-590.361
-585.265
-585.086
-588.965
-589.806
-590.843
-587.864
-587.430
-588.463
-581.428
-587.382
-589.467
-585.001
-583.820
-593.063
-588.726
-593.441
-589.832
-593.821
-592.247
-588.477
-584.661
-589.659
-588.579
-588.193
-584.672
-587.337
-585.938
-592.314
-588.772
-589.322
-589.172
-585.673
-585.450
-586.006
-584.900
-590.095
-582.338
-593.029
-583.761
-589.689
-585.507
-587.326
-589.197
-591.998
-589.896
-589.961
-591.288
-587.725
-583.583
-586.447
-590.694
-586.354
-589.173
-586.407
-589.880
-586.586
-593.839
-580.453
-595.195
-583.915
-591.530
-586.725
-591.686
-583.822
-588.986
-587.444
-585.832
-585.044
-587.090
-584.717
-593.227
-586.445
-586.531
-588.663
-589.209
-589.238
-591.382
-589.321
-584.974
-580.944
-586.798
-586.639
-587.748
-589.034
-586.630
-590.496
-591.987
-582.366
-588.874
-587.044
-587.237
-585.666
-584.245
-586.348
-583.886
-584.848
-593.010
-591.785
-590.333
-590.282
-594.711
-592.207
-590.755
-592.887
-592.869
-590.060
-589.106
-590.117
-589.873
-590.474
-588.739
-585.158
-590.352
-588.056
-588.162
-580.917
-583.956
-589.769
-591.406
-581.437
-591.033
-587.503
-592.458
-590.952
-589.271
-588.115
-588.180
-584.094
-577.354
-582.958
-586.625
-590.298
-584.884
-588.432
-592.228
-591.570
-589.208
-589.129
-584.126
-587.699
-586.405
-589.401
-591.610
-588.978
-587.201
-584.781
-590.351
-589.484
-580.924
-587.466
-583.452
-587.776
-585.695
-589.251
-593.239
-583.076
-588.684
-588.896
-588.158
-585.841
-588.506
-591.012
-590.504
-585.899
-587.345
-591.389
-587.286
-588.161
-586.004
-586.091
-588.365
-588.276
-586.160
-586.414
-584.688
-586.637
-591.727
-591.865
-588.063
-584.116
-587.701
-590.896
-592.894
-590.258
-591.357
-585.143
-590.762
-585.314
-588.227
-585.767
-575.564
-591.764
-588.473
-591.885
-594.149
-586.317
-589.450
-586.157
-581.559
-586.011
-585.092
-589.338
-586.943
-576.495
-586.057
-587.310
-590.945
-589.526
-587.477
-591.246
-584.511
-587.519
-589.450
-588.648
-588.796
-584.683
-585.034
-587.049
-593.399
-587.280
-587.227
-588.947
-592.242
-589.444
-586.971
-588.286
-590.258
-588.443
-587.776
-587.422
-585.213
-584.721
-590.196
-591.388
-589.933
-587.039
-585.178
-590.539
-590.503
-585.180
-586.760
-590.765
-587.996
-591.855
-587.469
-594.538
-585.783
-586.807
-594.424
-585.821
-582.323
-586.732
-590.388
-591.793
-589.364
-591.141
-589.466
-588.445
-589.788
-586.717
-586.012
-586.226
-589.467
-591.421
-587.480
-588.925
-589.771
-588.087
-591.440
-587.760
-586.068
-586.691
-582.143
-587.827
-590.893
-584.568
-586.179
-587.761
-581.415
-589.647
-585.754
-585.747
-589.043
-586.264
-585.885
-586.462
-589.139
-590.203
-585.147
-589.314
-587.679
-591.953
-588.464
-583.390
-587.648
-591.178
-587.046
-589.029
-588.234
-578.172
-586.346
Average -588.087
