-407.534
-404.554
-407.929
-409.449
-407.111
-407.351
-401.199
-402.617
-406.640
-414.175
-405.124
-407.224
-406.573
-406.866
-408.884
-405.588
-405.571
-408.018
-408.684
-405.189
-408.566
-409.178
-405.827
-405.698
-405.330
-406.996
-409.576
-407.859
-408.912
-401.282
-406.090
-406.351
-412.310
-405.016
-403.282
-399.830
-404.538
-405.384
-407.324
-410.247
-404.973
-410.338
-405.179
-412.154
-409.253
-404.747
-408.132
-400.789
-407.630
-407.305
-408.343
-410.723
-397.759
-405.831
-406.921
-403.758
-407.850
-408.365
-411.914
-409.839
-410.646
-401.447
-411.078
-410.187
-411.132
-405.041
-405.930
-410.232
-401.458
-408.319
-409.256
-405.635
-405.722
-406.604
-407.780
-402.637
-410.865
-413.464
-411.561
-411.172
-404.034
-403.757
-403.629
-411.320
-408.310
-407.506
-405.980
-403.231
-410.327
-401.522
-405.101
-407.265
-407.173
-406.734
-405.956
-403.658
-408.827
-410.565
-407.497
-409.710
-410.107
-405.550
-414.728
-407.023
-411.974
-407.115
-409.491
-406.384
-410.595
-403.328
-405.318
-408.994
-405.847
-400.273
-403.576
-408.067
-404.205
-409.700
-408.405
-406.423
-405.889
-409.048
-410.689
-407.241
-402.860
-410.604
-412.351
-410.398
-410.552
-408.670
-402.826
-403.853
-406.099
-407.074
-411.180
-406.518
-411.415
-405.683
-406.622
-412.187
-410.367
-405.315
-410.906
-406.967
-405.060
-408.734
-408.814
-405.831
-411.306
-414.498
-397.561
-410.339
-401.707
-402.358
-398.006
-407.174
-406.525
-406.560
-407.705
-406.143
-405.796
-404.518
-409.638
-414.132
-407.973
-404.877
-409.380
-404.767
-408.746
-403.123
-411.259
-404.172
-413.681
-406.682
-407.374
-407.914
-409.572
-403.263
-402.913
-404.012
-403.715
-410.323
-406.626
-407.910
-411.641
-408.659
-407.199
-411.030
-405.827
-406.388
-409.363
-406.622
-404.888
-403.992
-407.428
-411.306
-405.599
-410.571
-404.201
-408.875
-406.695
-405.429
-408.294
-407.501
-402.809
-409.635
-409.690
-406.365
-406.934
-404.493
-415.358
-405.761
-407.501
-401.967
-408.103
-408.128
-405.582
-406.249
-413.349
-412.034
-407.252
-403.658
-405.798
-405.790
-406.783
-403.914
-410.878
-408.982
-410.199
-413.507
-408.264
-403.352
-412.031
-411.043
-408.449
-408.350
-406.620
-403.826
-402.877
-409.915
-408.939
-412.796
-406.086
-408.825
-405.103
-408.553
-408.986
-407.204
-404.347
-407.369
-410.837
-407.835
-408.533
-401.255
-408.580
-406.897
-408.823
-406.101
-407.703
-400.850
-407.283
-408.510
-414.484
-408.456
-401.996
-409.197
-407.698
-411.109
-413.485
-408.454
-404.496
-406.707
-412.098
-411.674
-403.422
-408.323
-407.172
-409.618
-399.957
-408.097
-402.944
-403.379
-409.269
-407.923
-407.160
-405.818
-400.058
-405.484
-405.730
-404.697
-410.734
-411.226
-404.245
-411.064
-407.670
-406.808
-403.716
-402.373
-406.680
-411.625
-410.784
-408.856
-408.250
-407.159
-409.546
-405.603
-405.235
-411.061
-409.824
-404.856
-404.770
-407.942
-406.774
-403.370
-404.138
-404.883
-404.954
-406.380
-408.617
-408.116
-404.765
-409.894
-409.525
-408.159
-409.334
-405.820
-410.964
-408.154
-407.146
-405.298
-412.661
-411.349
-405.292
-409.609
-408.413
-405.983
-409.807
-409.831
-407.044
-411.673
-409.467
-409.173
-406.531
-407.537
-406.519
-407.730
-412.374
-405.488
-406.635
-408.278
-407.634
-403.977
-402.869
-413.270
-405.790
-408.676
-401.946
-407.378
-411.396
-407.404
-408.902
-408.560
-406.591
-404.440
-405.648
-406.268
-404.812
-405.464
-413.048
-405.390
-409.842
-406.423
-407.947
-403.318
-408.010
-406.211
-409.996
-406.505
-409.565
-409.535
-411.386
-410.043
-406.442
-401.617
-405.165
-399.202
-407.175
-405.677
-405.732
-403.373
-404.348
-406.328
-405.672
-410.012
-405.035
-405.199
-402.736
-412.738
-405.174
-405.966
-405.931
-407.941
-407.427
-404.371
-409.550
-406.426
-405.347
-411.513
-404.882
-406.884
-406.320
-406.333
-410.694
-404.732
-411.009
-409.611
-404.405
-405.361
-404.975
-407.440
-405.097
-406.461
-407.940
-410.794
-404.875
-407.711
-406.677
-406.187
-408.726
-405.847
-404.666
-408.313
-409.517
-403.805
-403.277
-402.738
-408.955
-406.769
-408.405
-404.208
-412.901
-399.476
-401.011
-405.691
-407.871
-408.584
-407.634
-403.899
-403.901
-407.577
-402.956
-408.729
-405.553
-404.420
-408.127
-409.150
-406.391
-403.151
-406.211
-414.009
-404.539
-410.556
-406.024
-408.614
-407.313
-400.990
-405.622
-412.436
-410.205
-405.923
-405.887
-404.636
-408.921
-399.133
-402.468
-408.279
-405.797
-408.402
-407.525
-410.211
-398.144
-399.300
-407.360
-407.561
-404.622
-408.922
-412.072
-409.608
-405.065
-406.718
-405.613
-410.407
-405.602
-402.246
-409.851
-405.867
-407.453
-407.369
-409.278
-406.775
Average -407.133
