-431.331
-427.870
-428.444
-433.962
-426.131
-426.564
-429.223
-430.227
-426.081
-429.055
-425.619
-434.034
-431.254
-421.194
-426.070
-432.564
-425.392
-425.186
-428.743
-431.032
-424.663
-428.792
-428.940
-422.737
-437.986
-433.081
-423.004
-430.389
-431.305
-425.963
-428.741
-422.611
-425.625
-424.767
-433.853
-441.055
-433.939
-431.534
-425.335
-430.628
-430.126
-432.913
-427.532
-431.457
-427.805
-429.868
-430.380
-435.069
-437.342
-432.560
-430.520
-426.810
-428.317
-436.904
-426.496
-429.107
-427.702
-429.060
-432.728
-431.581
-430.388
-430.653
-428.378
-432.564
-434.884
-432.624
-427.223
-429.507
-424.897
-442.497
-426.276
-430.341
-430.501
-425.394
-424.273
-421.144
-433.513
-428.515
-433.899
-423.084
-429.647
-431.115
-427.263
-434.174
-433.426
-432.945
-433.260
-436.125
-425.211
-428.734
-434.884
-431.458
-425.830
-428.203
-427.674
-425.705
-432.009
-424.604
-428.439
-431.372
-430.168
-432.607
-424.716
-429.077
-438.135
-437.078
-419.864
-432.764
-425.115
-429.727
-431.878
-431.517
-428.234
-433.849
-434.455
-423.107
-434.417
-425.263
-427.609
-428.797
-428.892
-432.356
-428.001
-430.949
-426.913
-426.930
-433.664
-433.760
-426.775
-426.879
-432.692
-427.706
-427.933
-425.757
-430.868
-426.920
-425.571
-429.287
-425.339
-428.719
-432.594
-429.023
-433.404
-434.043
-415.981
-436.242
-433.003
-427.235
-423.225
-433.169
-429.877
-425.364
-426.908
-429.074
-427.760
-424.541
-431.542
-432.075
-429.825
-433.037
-427.656
-427.288
-425.542
-429.119
-428.441
-427.670
-422.619
-433.507
-431.391
-429.491
-422.137
-440.605
-430.767
-428.040
-421.567
-422.030
-425.109
-428.703
-427.750
-433.442
-423.405
-427.095
-428.175
-433.530
-428.239
-424.712
-422.999
-429.184
-429.056
-428.923
-432.092
-433.998
-428.003
-436.570
-431.937
-429.305
-420.486
-431.250
-427.861
-424.906
-430.427
-426.730
-432.287
-426.506
-429.058
-426.774
-427.181
-426.058
-422.846
-433.235
-430.051
-430.176
-427.409
-430.012
-431.638
-435.942
-426.404
-429.175
-427.351
-431.898
-429.175
-425.371
-424.612
-431.158
-426.236
-431.533
-424.129
-429.715
-430.533
-435.283
-430.677
-426.114
-424.754
-436.733
-436.371
-435.255
-426.283
-431.543
-431.941
-429.723
-430.812
-429.182
-428.630
-427.675
-443.214
-426.822
-431.179
-423.426
-424.144
-428.904
-427.290
-433.439
-423.259
-434.286
-424.673
-423.824
-436.389
-423.366
-426.630
-425.707
-435.882
-442.902
-430.173
-429.652
-418.742
-428.663
-423.298
-423.113
-435.106
-430.101
-430.767
-429.535
-429.354
-423.891
-430.810
-435.651
-433.246
-429.214
-429.768
-438.816
-429.514
-427.137
-431.536
-424.075
-424.396
-429.259
-431.091
-426.650
-427.943
-426.053
-434.836
-434.426
-423.140
-429.924
-424.973
-425.373
-431.782
-422.377
-429.273
-426.853
-429.655
-427.521
-427.098
-433.407
-426.878
-427.133
-432.271
-424.492
-425.498
-425.581
-429.587
-428.458
-436.412
-420.793
-431.078
-430.563
-427.962
-427.511
-423.630
-431.654
-424.423
-432.232
-425.173
-431.358
-426.195
-429.042
-426.909
-426.081
-422.829
-423.440
-431.273
-431.588
-424.140
-428.796
-432.521
-430.068
-431.801
-434.486
-431.444
-432.637
-423.555
-425.926
-422.545
-428.874
-434.212
-430.583
-429.963
-432.764
-430.506
-424.436
-431.368
-436.515
-436.697
-434.753
-432.853
-435.883
-434.983
-426.777
-423.564
-430.837
-420.779
-436.859
-434.058
-432.713
-431.767
-426.857
-429.064
-428.926
-432.413
-429.292
-428.153
-428.644
-427.084
-432.375
-429.033
-425.622
-428.335
-425.826
-428.376
-429.938
-425.910
-424.769
-432.152
-435.057
-423.531
-431.188
-430.534
-429.276
-424.493
-428.109
-425.718
-429.450
-425.216
-425.966
-429.693
-430.749
-425.006
-432.186
-429.111
-422.880
-428.075
-418.864
-434.014
-431.816
-433.583
-429.599
-433.131
-420.345
-426.916
-431.004
-433.484
-428.522
-432.166
-441.616
-432.627
-431.466
-430.411
-429.772
-436.698
-429.938
-425.484
-435.222
-424.092
-429.132
-428.674
-431.973
-426.175
-432.640
-423.284
-427.092
-427.795
-435.554
-421.136
-426.240
-427.283
-423.482
-429.554
-422.193
-431.381
-426.477
-423.674
-428.536
-426.178
-435.445
-431.272
-430.592
-427.232
-431.940
-431.411
-425.088
-431.045
-430.803
-428.057
-433.695
-432.641
-427.983
-433.875
-428.879
-426.822
-435.299
-423.091
-426.844
-430.148
-426.359
-424.804
-418.753
-431.864
-429.700
-429.612
-431.606
-428.204
-422.376
-422.522
-426.128
-432.738
-426.379
-429.442
-435.862
-434.783
-431.876
-429.274
-428.410
-431.832
-425.350
-422.824
-426.212
-419.657
-431.029
-432.992
-427.236
-424.337
-422.243
-425.284
-427.867
-430.404
-433.992
-425.781
-422.032
-426.665
-422.567
Average -429.092
