-419.845
-417.268
-420.347
-418.692
-418.516
-413.290
-419.163
-420.248
-415.344
-416.068
-418.659
-416.511
-421.542
-413.520
-416.515
-419.780
-417.446
-418.322
-419.799
-416.777
-418.398
-413.741
-417.552
-417.014
-419.786
-419.674
-415.983
-420.481
-416.579
-423.116
-417.868
-416.666
-418.705
-418.155
-418.793
-420.043
-419.143
-419.727
-414.215
-420.144
-416.248
-420.303
-416.139
-420.093
-417.699
-414.782
-411.587
-417.237
-418.023
-419.196
-417.407
-418.977
-415.724
-415.655
-414.068
-418.201
-416.332
-415.579
-418.005
-419.680
-414.258
-416.897
-417.896
-417.529
-415.572
-414.790
-418.676
-415.600
-417.572
-418.162
-420.215
-419.790
-414.084
-422.777
-420.542
-418.693
-416.305
-418.379
-419.470
-418.721
-418.627
-418.266
-419.213
-415.875
-414.382
-416.613
-418.637
-419.551
-419.397
-419.438
-416.156
-417.512
-412.314
-416.714
-416.692
-421.317
-418.762
-419.016
-412.889
-422.896
-415.427
-414.016
-422.381
-413.660
-420.794
-418.505
-417.801
-415.693
-416.440
-419.601
-416.431
-416.782
-412.724
-416.136
-421.062
-414.226
-420.059
-418.915
-415.676
-423.965
-420.767
-419.947
-413.958
-419.355
-418.770
-418.167
-417.633
-416.778
-414.802
-416.086
-419.545
-419.949
-418.917
-418.438
-417.645
-419.061
-417.964
-417.980
-417.177
-416.757
-420.105
-418.087
-420.230
-419.726
-415.075
-420.694
-416.479
-413.916
-418.460
-419.184
-419.654
-417.247
-417.653
-417.033
-418.009
-419.106
-415.700
-416.647
-422.193
-417.487
-420.914
-417.390
-420.487
-413.114
-417.888
-417.528
-416.540
-415.633
-420.188
-424.380
-420.777
-420.496
-414.087
-416.976
-418.067
-419.724
-414.712
-419.894
-422.526
-418.657
-416.639
-417.246
-416.710
-416.003
-415.814
-414.363
-419.454
-418.039
-416.501
-422.010
-422.265
-419.209
-419.672
-420.178
-421.205
-418.969
-421.999
-419.047
-419.299
-415.531
-418.420
-420.010
-419.765
-418.755
-421.883
-418.213
-421.546
-417.568
-419.077
-421.368
-419.060
-416.210
-415.970
-416.746
-421.205
-416.631
-419.705
-420.192
-422.241
-421.345
-420.999
-415.010
-419.421
-414.214
-419.620
-412.676
-418.391
-419.995
-416.884
-422.323
-417.391
-420.209
-420.512
-415.384
-421.309
-421.627
-418.893
-416.914
-417.397
-421.225
-423.096
-412.704
-424.524
-419.588
-421.124
-421.871
-416.711
-416.345
-421.136
-419.423
-421.281
-408.396
-422.405
-421.757
-414.948
-422.903
-419.857
-419.786
-415.287
-417.025
-422.805
-413.903
-418.212
-418.349
-421.893
-412.770
-420.161
-418.028
-414.702
-417.950
-419.567
-421.196
-420.196
-417.273
-417.791
-421.495
-414.488
-421.278
-417.259
-418.281
-419.531
-419.385
-425.352
-415.391
-419.573
-421.478
-422.409
-421.532
-412.220
-415.041
-418.476
-423.180
-418.741
-417.175
-416.226
-422.736
-417.491
-412.275
-419.094
-418.799
-415.383
-420.168
-420.696
-416.542
-420.755
-418.738
-416.254
-417.638
-417.771
-417.390
-413.620
-416.072
-418.192
-415.934
-416.129
-416.293
-416.639
-418.501
-415.292
-418.803
-416.373
-419.143
-418.755
-415.147
-417.600
-408.740
-416.656
-421.615
-416.747
-420.051
-417.002
-421.662
-417.831
-420.597
-419.843
-416.195
-420.159
-413.530
-410.908
-417.547
-421.172
-419.868
-419.595
-419.980
-417.659
-421.236
-419.261
-416.331
-417.637
-414.915
-421.022
-413.430
-414.931
-419.976
-417.337
-419.250
-421.185
-417.596
-416.407
-421.325
-421.083
-420.104
-418.671
-419.625
-415.684
-414.686
-415.824
-422.640
-416.026
-416.195
-417.374
-421.293
-422.079
-415.978
-422.901
-417.620
-407.106
-418.315
-415.772
-418.503
-417.415
-420.398
-422.912
-418.943
-413.161
-420.051
-419.204
-414.576
-421.021
-417.961
-415.754
-421.845
-418.130
-418.020
-419.594
-417.137
-413.901
-419.836
-421.037
-421.321
-416.407
-415.415
-415.431
-417.129
-417.379
-420.352
-415.978
-418.512
-417.372
-416.716
-419.442
-416.141
-417.422
-418.580
-421.908
-418.655
-423.414
-415.923
-416.379
-416.289
-414.722
-423.340
-414.479
-418.682
-418.490
-421.047
-414.710
-418.169
-418.366
-415.163
-415.175
-415.426
-418.926
-415.107
-412.172
-415.757
-414.592
-419.882
-411.279
-417.951
-423.029
-417.771
-420.448
-420.172
-418.782
-417.304
-421.909
-421.389
-419.072
-416.876
-417.612
-417.453
-415.992
-417.666
-417.816
-414.716
-416.522
-419.485
-410.909
-419.482
-419.821
-417.266
-417.352
-418.258
-420.747
-419.860
-418.872
-412.473
-417.042
-419.823
-416.985
-416.064
-417.557
-420.405
-414.639
-419.964
-420.008
-420.368
-421.125
-420.597
-416.093
-417.450
-415.238
-413.297
-420.568
-416.339
-419.895
-422.777
-416.584
-420.838
-422.241
-416.439
-419.702
-414.722
-417.509
-420.130
-417.457
-420.171
-417.751
-419.518
Average -418.094
