-327.439
-329.840
-325.878
-327.156
-331.321
-326.824
-329.150
-324.563
-325.862
-325.466
-327.962
-327.590
-323.198
-330.747
-324.453
-327.209
-327.194
-329.544
-329.450
-328.653
-327.525
-327.166
-327.255
-326.289
-329.328
-326.919
-325.939
-327.741
-325.883
-330.764
-327.289
-322.330
-328.893
-327.325
-328.498
-325.081
-328.829
-326.339
-327.610
-341.566
-327.635
-328.160
-326.039
-330.153
-326.895
-326.349
-330.119
-328.852
-331.760
-326.617
-324.986
-325.450
-324.575
-328.145
-328.880
-324.933
-324.890
-328.126
-333.447
-329.727
-331.224
-327.815
-331.710
-326.922
-334.215
-329.498
-327.483
-329.128
-326.733
-328.800
-323.789
-329.136
-324.761
-329.289
-328.439
-326.875
-323.404
-326.956
-325.945
-324.211
-326.315
-329.216
-325.111
-326.054
-327.956
-329.511
-328.970
-335.557
-323.626
-328.639
-327.381
-323.778
-328.461
-327.992
-327.716
-327.584
-327.181
-330.698
-323.696
-329.456
-323.556
-330.569
-329.126
-325.306
-328.112
-325.160
-322.281
-328.069
-324.005
-324.849
-327.712
-326.549
-328.960
-334.817
-329.921
-329.701
-326.425
-330.558
-325.998
-330.553
-326.766
-327.383
-326.499
-325.891
-326.484
-330.314
-328.467
-328.783
-327.492
-321.903
-325.022
-326.221
-325.682
-325.326
-324.951
-331.068
-326.421
-325.422
-324.129
-325.474
-328.484
-329.042
-326.846
-329.230
-331.237
-336.113
-333.290
-329.399
-327.142
-329.119
-323.210
-327.301
-327.206
-327.108
-331.461
-329.347
-330.739
-325.362
-329.761
-327.270
-326.637
-329.100
-328.880
-329.899
-327.566
-331.074
-328.957
-327.245
-325.968
-331.252
-330.284
-326.724
-328.159
-324.957
-323.632
-329.678
-328.169
-327.630
-328.093
-330.993
-330.162
-326.407
-323.202
-327.105
-321.726
-326.045
-325.097
-327.364
-324.578
-325.497
-339.928
-326.054
-330.809
-328.932
-325.281
-327.394
-326.948
-327.457
-329.833
-330.035
-321.593
-329.450
-330.607
-325.994
-327.154
-327.683
-325.859
-330.194
-325.909
-327.436
-326.754
-321.602
-327.630
-329.980
-330.766
-324.391
-329.903
-330.520
-326.180
-323.994
-330.182
-323.828
-325.473
-325.761
-327.510
-329.212
-324.620
-327.670
-327.411
-327.575
-328.649
-328.762
-329.851
-327.690
-326.850
-325.976
-327.447
-328.455
-325.944
-327.830
-327.306
-334.306
-320.861
-327.909
-331.018
-327.646
-329.152
-324.201
-339.611
-323.669
-325.970
-321.413
-331.197
-325.877
-321.884
-325.091
-324.765
-328.763
-325.092
-328.758
-325.375
-327.891
-328.261
-327.877
-329.644
-323.562
-328.209
-329.516
-326.073
-329.136
-328.429
-329.443
-327.629
-324.289
-327.460
-328.189
-326.316
-330.552
-327.236
-325.782
-325.249
-323.281
-325.054
-332.237
-328.708
-329.005
-325.688
-326.319
-327.197
-326.989
-331.053
-329.359
-330.057
-327.757
-330.114
-326.789
-330.998
-326.143
-328.063
-328.182
-326.617
-326.668
-329.607
-329.372
-327.556
-323.835
-327.559
-325.197
-324.964
-325.670
-328.248
-330.474
-327.733
-326.928
-328.000
-330.011
-327.660
-327.883
-328.900
-324.822
-326.660
-327.338
-331.194
-326.529
-325.397
-326.685
-326.582
-328.532
-327.047
-329.950
-327.138
-329.228
-328.964
-325.244
-325.902
-327.530
-326.871
-326.890
-325.220
-324.054
-323.240
-330.451
-329.606
-329.585
-327.838
-336.785
-326.877
-330.208
-325.452
-327.093
-331.480
-329.215
-328.804
-326.367
-334.454
-326.681
-329.490
-325.687
-329.438
-326.920
-326.735
-336.910
-326.948
-325.853
-326.233
-327.039
-326.037
-330.582
-326.500
-328.752
-326.757
-325.151
-326.515
-328.127
-329.029
-328.639
-330.670
-324.098
-326.532
-326.866
-331.983
-325.930
-324.642
-329.433
-329.228
-329.113
-328.343
-328.939
-332.356
-330.313
-327.654
-324.708
-332.508
-326.042
-325.318
-324.387
-326.789
-323.351
-327.165
-329.300
-326.390
-326.444
-328.380
-329.226
-331.112
-326.587
-329.157
-329.393
-325.608
-326.429
-325.774
-327.602
-328.465
-322.794
-330.285
-322.668
-327.584
-330.358
-326.528
-326.737
-327.352
-327.665
-333.612
-337.293
-328.165
-325.320
-324.575
-330.144
-324.884
-327.573
-327.353
-330.412
-329.306
-322.239
-328.029
-337.303
-327.969
-325.122
-329.734
-332.260
-326.751
-328.679
-331.541
-327.573
-325.402
-330.514
-325.928
-326.628
-326.033
-324.771
-327.761
-329.175
-325.654
-330.411
-329.607
-326.401
-334.577
-325.090
-328.861
-326.638
-329.702
-329.721
-327.782
-329.307
-330.601
-321.802
-327.636
-329.277
-323.971
-321.587
-329.409
-332.953
-326.503
-327.262
-324.646
-326.796
-327.165
-325.271
-325.059
-329.353
-327.613
-328.415
-327.200
-328.800
-327.737
-334.474
-329.196
-325.967
-331.509
-323.614
-325.010
-323.617
-326.302
-328.464
-327.581
-326.817
-328.375
-327.337
-325.061
-328.450
Average -327.702
