-250.667
-247.351
-248.487
-244.782
-249.036
-245.913
-249.065
-247.491
-248.371
-246.426
-243.729
-249.165
-251.956
-249.052
-243.938
-247.700
-246.159
-249.639
-246.859
-244.104
-249.035
-245.683
-248.290
-244.179
-248.904
-248.061
-249.408
-249.217
-247.512
-248.994
-248.348
-243.533
-245.339
-246.808
-247.630
-252.982
-247.420
-244.088
-248.540
-250.643
-241.280
-250.591
-247.947
-249.870
-250.979
-243.062
-249.810
-244.760
-250.328
-245.970
-250.655
-248.989
-248.841
-246.404
-250.544
-246.989
-247.840
-246.551
-248.443
-246.005
-248.177
-254.387
-245.015
-252.929
-241.682
-249.114
-250.198
-251.625
-248.777
-251.492
-250.641
-246.012
-246.583
-252.374
-248.314
-252.187
-245.016
-245.516
-250.838
-249.373
-246.329
-242.737
-247.736
-245.495
-248.367
-243.333
-247.163
-250.963
-243.100
-250.003
-247.689
-246.546
-251.647
-246.508
-247.382
-246.499
-248.332
-250.609
-244.988
-246.837
-247.038
-245.466
-245.228
-246.740
-248.554
-243.412
-248.986
-246.782
-247.824
-246.323
-248.710
-244.674
-247.061
-251.890
-249.833
-251.561
-247.077
-251.354
-249.595
-247.152
-247.419
-246.945
-243.011
-246.996
-246.271
-247.111
-246.042
-250.545
-245.674
-246.920
-252.906
-246.917
-244.811
-252.035
-246.936
-247.155
-244.618
-243.764
-246.335
-252.436
-245.191
-249.199
-246.969
-246.756
-246.411
-250.810
-245.335
-247.958
-252.437
-247.038
-250.828
-246.395
-247.427
-250.857
-245.709
-244.165
-245.554
-250.664
-247.407
-243.958
-245.794
-247.889
-241.663
-245.380
-248.090
-243.823
-251.589
-245.661
-250.524
-246.309
-250.297
-243.718
-244.601
-245.859
-247.647
-246.988
-248.390
-244.892
-249.665
-246.703
-248.127
-251.666
-242.240
-251.378
-247.833
-247.745
-244.574
-250.380
-248.751
-252.493
-248.332
-248.284
-249.233
-248.814
-248.486
-246.929
-246.009
-250.823
-243.652
-249.882
-243.495
-247.811
-244.236
-248.802
-245.411
-246.575
-246.068
-248.283
-244.185
-246.654
-252.218
-244.211
-248.736
-251.509
-246.654
-248.917
-252.978
-247.304
-244.892
-246.800
-248.122
-247.371
-249.844
-243.183
-247.261
-248.547
-252.448
-246.275
-247.247
-244.049
-248.135
-246.256
-250.694
-251.833
-247.838
-244.921
-248.898
-241.963
-247.793
-248.067
-246.023
-244.863
-250.551
-251.229
-251.471
-247.275
-246.359
-246.292
-254.307
-249.759
-251.239
-246.973
-246.091
-246.366
-251.661
-248.403
-252.119
-249.150
-246.226
-247.535
-246.118
-245.983
-246.813
-244.431
-251.298
-247.099
-243.388
-248.325
-245.793
-250.084
-247.625
-244.768
-252.679
-242.890
-246.899
-245.187
-243.725
-247.374
-249.348
-249.031
-250.971
-252.725
-250.305
-248.622
-250.606
-248.719
-244.199
-246.770
-248.707
-247.786
-251.976
-248.725
-248.828
-245.802
-249.834
-246.343
-246.695
-246.742
-250.052
-244.866
-246.743
-250.878
-247.809
-251.342
-247.040
-240.775
-247.189
-249.398
-252.934
-244.014
-244.867
-247.557
-250.342
-245.420
-248.182
-242.086
-247.916
-246.778
-247.105
-246.838
-247.915
-244.668
-249.887
-243.996
-244.709
-245.032
-246.971
-247.014
-248.682
-246.525
-249.252
-248.484
-248.880
-251.388
-245.999
-249.111
-245.795
-249.752
-252.307
-253.639
-245.650
-252.725
-248.936
-250.274
-253.153
-244.970
-251.073
-251.035
-248.996
-246.555
-248.592
-244.798
-246.296
-246.959
-250.904
-247.569
-250.114
-250.350
-245.527
-252.079
-244.321
-246.239
-247.082
-246.451
-245.809
-248.149
-247.183
-247.275
-248.075
-247.501
-247.416
-248.005
-246.221
-248.107
-247.276
-252.071
-250.323
-245.215
-245.326
-246.520
-249.200
-246.007
-250.418
-248.902
-250.172
-247.687
-248.566
-247.321
-253.588
-250.102
-246.517
-252.372
-246.299
-248.278
-243.743
-247.430
-244.111
-247.958
-251.072
-245.241
-252.562
-249.548
-245.150
-244.599
-248.725
-252.019
-248.189
-246.251
-241.343
-248.369
-246.916
-244.764
-249.614
-246.215
-245.203
-246.894
-247.365
-246.904
-246.384
-246.058
-251.765
-251.725
-246.927
-246.621
-246.684
-251.221
-250.096
-244.147
-249.416
-248.610
-249.717
-246.274
-246.262
-244.993
-248.783
-251.269
-248.374
-247.689
-256.055
-245.105
-248.736
-248.366
-247.055
-247.958
-250.228
-253.226
-248.619
-252.541
-246.327
-250.617
-246.627
-244.026
-244.689
-245.687
-246.826
-245.628
-244.284
-251.713
-244.799
-251.468
-250.444
-244.318
-244.251
-243.966
-252.105
-250.053
-251.339
-248.699
-249.165
-250.670
-245.821
-250.185
-252.272
-247.213
-242.636
-249.305
-245.667
-247.731
-246.051
-251.294
-250.239
-247.670
-247.167
-244.747
-246.142
-252.145
-250.114
-247.999
-247.608
-247.735
-246.934
-247.822
-245.629
-242.848
-246.172
-246.952
-245.663
-245.613
-250.551
-250.066
Average -247.784
