"site" "RSA" "aa1" "aa2" "aa3" "aa4" "aa5" "aa6" "aa7" "aa8" "aa9" "aa10" "aa11" "aa12" "aa13" "aa14" "aa15" "aa16" "aa17" "aa18" "aa19" "aa20"
"0" 0 0.459770114943 0 4 17 1 34 3 25 0 215 0 16 12 3 3 6 0 144 6 1 10
"1" 1 0.219730941704 0 2 10 3 14 130 0 0 17 0 63 3 2 1 215 0 0 2 0 38
"2" 2 0.0 0 0 0 0 0 0 0 0 0 0 494 6 0 0 0 0 0 0 0 0
"3" 3 0.218390804598 0 0 20 0 29 22 27 0 16 2 32 3 1 0 22 1 270 20 0 35
"4" 4 0.0 0 0 3 0 0 0 0 0 0 0 497 0 0 0 0 0 0 0 0 0
"5" 5 0.396551724138 0 9 15 12 6 30 109 0 28 50 2 2 2 7 12 5 110 34 61 6
"6" 6 0.0 0 0 0 1 0 0 0 0 0 0 3 0 0 496 0 0 0 0 0 0
"7" 7 0.590717299578 0 2 38 4 9 28 2 0 92 84 20 7 41 2 25 11 2 15 88 30
"8" 8 0.375 0 0 0 0 0 0 0 0 0 0 0 500 0 0 0 0 0 0 0 0
"9" 9 0.922279792746 0 152 10 99 34 24 10 0 62 3 8 9 12 16 5 6 19 17 7 7
"10" 10 0.503875968992 0 3 0 107 206 48 0 0 0 8 5 7 29 0 11 0 0 20 33 23
"11" 11 0.576923076923 0 0 0 0 0 0 0 0 0 0 0 500 0 0 0 0 0 0 0 0
"12" 12 0.0574712643678 0 0 1 0 0 0 0 0 15 0 5 0 0 0 0 0 479 0 0 0
"13" 13 0.397350993377 0 0 40 7 17 19 0 0 64 81 31 26 5 1 46 18 0 15 109 21
"14" 14 0.144230769231 0 0 0 0 0 0 0 0 0 0 0 500 0 0 0 0 0 0 0 0
"15" 15 0.35632183908 0 2 18 6 30 39 30 0 34 0 25 5 6 4 23 1 77 165 2 33
"16" 16 0.0 0 0 0 0 0 0 0 0 1 0 0 0 0 0 0 0 499 0 0 0
"17" 17 0.261603375527 0 4 8 14 47 73 12 0 3 20 13 2 19 7 121 28 22 44 31 32
"18" 18 0.00418410041841 0 0 0 0 0 0 0 0 0 488 0 0 0 0 0 0 0 0 12 0
"19" 19 0.446428571429 0 3 52 2 44 36 2 0 7 8 27 2 19 12 19 4 3 210 25 25
"20" 20 0.0 0 0 0 0 498 0 0 0 0 0 0 0 0 0 0 0 0 2 0 0
"21" 21 0.589147286822 0 68 8 30 35 47 35 0 60 5 28 40 4 24 14 1 31 52 9 9
"22" 22 0.35761589404 0 38 65 19 30 35 2 0 122 0 66 14 10 0 46 0 0 29 0 24
"23" 23 0.410714285714 0 0 12 0 25 300 0 0 0 0 34 6 2 0 26 0 0 85 0 10
"24" 24 0.695364238411 0 86 51 63 26 63 5 0 28 1 29 16 3 25 29 2 8 44 2 19
"25" 25 0.258928571429 0 44 93 23 72 29 0 0 32 8 82 9 6 6 1 1 0 61 11 22
"26" 26 0.308176100629 0 0 8 0 0 0 0 428 0 0 42 22 0 0 0 0 0 0 0 0
"27" 27 0.0 0 0 0 0 0 0 0 0 499 0 1 0 0 0 0 0 0 0 0 0
"28" 28 0.151162790698 0 2 9 4 40 57 6 0 22 3 5 1 2 73 176 13 11 55 7 14
"29" 29 0.0 0 0 0 0 0 0 58 0 6 0 0 0 0 0 0 0 436 0 0 0
"30" 30 0.298013245033 0 0 11 1 38 20 74 0 19 3 6 1 1 0 11 0 128 164 4 19
"31" 31 0.12927756654 0 0 0 0 0 0 0 0 0 330 0 0 0 0 0 6 0 0 164 0
"32" 32 0.446428571429 0 17 35 25 72 90 2 0 5 0 15 0 5 2 62 1 5 137 0 27
"33" 33 0.00507614213198 0 0 0 0 0 0 452 0 3 0 0 0 0 0 0 0 45 0 0 0
"34" 34 0.317829457364 0 4 47 3 37 31 9 0 42 4 82 38 5 1 67 10 21 67 7 25
"35" 35 0.413461538462 0 0 0 0 0 0 0 0 0 0 0 500 0 0 0 0 0 0 0 0
"36" 36 0.102564102564 0 0 0 0 0 0 0 0 0 0 0 3 1 495 0 0 0 0 0 1
"37" 37 0.377483443709 0 78 14 19 30 64 10 0 22 3 32 11 64 24 16 1 34 67 5 6
"38" 38 0.465408805031 0 0 1 0 0 0 0 493 0 0 5 0 0 0 1 0 0 0 0 0
"39" 39 0.594871794872 0 53 7 219 50 42 1 0 3 0 5 12 0 24 25 0 0 43 0 16
"40" 40 0.170542635659 0 71 85 43 0 0 0 0 0 0 247 32 0 0 21 0 0 0 0 1
"41" 41 0.330357142857 0 5 0 10 13 11 0 0 0 54 8 1 7 5 65 207 0 58 52 4
"42" 42 0.153284671533 0 0 0 0 0 63 0 0 0 8 0 0 427 0 0 0 0 0 0 2
"43" 43 0.0 0 0 0 0 0 0 0 0 0 0 0 500 0 0 0 0 0 0 0 0
"44" 44 0.0 0 0 0 0 0 0 0 0 0 492 1 0 2 3 0 0 0 0 0 2
"45" 45 0.0 0 0 12 0 20 0 0 0 8 0 28 5 423 0 2 0 1 0 0 1
"46" 46 0.0 0 0 0 0 0 0 489 0 0 0 0 0 0 0 0 0 11 0 0 0
"47" 47 0.0 500 0 0 0 0 0 0 0 0 0 0 0 0 0 0 0 0 0 0 0
"48" 48 0.321428571429 0 4 12 4 23 174 0 0 8 0 61 0 6 0 36 13 2 118 2 37
"49" 49 0.393305439331 0 5 0 19 26 56 0 0 0 89 9 3 23 119 14 7 0 3 119 8
"50" 50 0.298076923077 0 0 0 0 0 0 0 0 0 0 0 500 0 0 0 0 0 0 0 0
"51" 51 0.341968911917 0 446 1 39 1 3 0 0 1 0 1 0 0 1 3 2 0 1 0 1
"52" 52 0.53488372093 0 22 5 26 6 1 7 0 33 0 3 9 287 75 3 0 3 15 0 5
"53" 53 0.720930232558 0 3 102 21 4 8 0 0 35 0 7 2 0 3 300 0 0 12 0 3
"54" 54 0.54358974359 0 55 12 89 21 48 5 0 5 31 14 0 69 20 42 4 16 20 46 3
"55" 55 0.480769230769 0 8 47 1 1 2 0 0 0 0 0 440 0 1 0 0 0 0 0 0
"56" 56 0.0886075949367 500 0 0 0 0 0 0 0 0 0 0 0 0 0 0 0 0 0 0 0
"57" 57 0.563218390805 0 102 15 80 24 40 24 0 13 4 31 11 2 32 20 9 33 49 2 9
"58" 58 0.145695364238 0 0 296 0 0 0 0 0 0 0 180 24 0 0 0 0 0 0 0 0
"59" 59 0.0077519379845 0 0 155 3 0 0 0 0 266 0 71 4 0 1 0 0 0 0 0 0
"60" 60 0.153846153846 0 0 0 0 0 0 0 0 0 0 0 500 0 0 0 0 0 0 0 0
"61" 61 0.465408805031 0 27 47 13 3 2 1 289 39 0 3 60 0 5 5 0 1 3 1 1
"62" 62 0.0478468899522 0 3 28 45 1 0 43 28 10 26 28 24 127 1 0 0 38 2 96 0
"63" 63 0.0376569037657 0 0 0 0 0 0 0 0 0 497 1 0 2 0 0 0 0 0 0 0
"64" 64 0.230769230769 0 18 3 471 1 0 0 0 0 0 3 1 0 0 2 0 0 0 0 1
"65" 65 0.327044025157 0 1 0 0 0 0 0 499 0 0 0 0 0 0 0 0 0 0 0 0
"66" 66 0.523012552301 0 299 0 64 14 38 0 0 8 5 3 0 4 14 7 0 0 26 12 6
"67" 67 0.784810126582 0 36 10 235 26 66 0 0 0 6 9 43 14 9 13 0 0 20 6 7
"68" 68 0.37552742616 0 1 1 12 172 126 0 0 1 3 5 4 2 143 18 0 0 6 0 6
"69" 69 0.348837209302 0 13 22 23 15 43 0 0 29 2 14 3 4 97 198 0 1 16 14 6
"70" 70 0.0191387559809 0 0 0 0 2 3 0 0 0 0 1 0 491 0 0 2 0 0 1 0
"71" 71 0.00961538461538 0 0 0 0 0 0 0 0 0 0 0 500 0 0 0 0 0 0 0 0
"72" 72 0.062015503876 0 1 50 18 5 47 0 0 13 0 60 54 16 1 203 0 0 17 0 15
"73" 73 0.276729559748 0 0 46 0 23 12 0 342 0 0 23 0 3 0 6 6 0 36 0 3
"74" 74 0.78488372093 0 69 42 74 34 36 2 0 74 2 20 11 7 43 8 0 19 34 9 16
"75" 75 0.305699481865 0 375 60 4 3 0 0 0 0 2 37 1 6 0 0 1 0 10 0 1
"76" 76 0.763392857143 0 72 60 36 24 55 3 6 44 1 33 22 3 31 21 2 7 68 1 11
"77" 77 0.373563218391 0 4 2 2 13 3 85 0 42 1 4 0 1 2 8 1 104 207 2 19
"78" 78 0.0547445255474 0 0 0 0 0 0 0 0 1 0 0 0 0 0 499 0 0 0 0 0
"79" 79 0.0478468899522 0 1 17 132 15 1 0 0 27 0 168 19 114 0 1 0 0 0 0 5
"80" 80 0.0172413793103 0 1 6 1 0 0 3 0 25 0 62 2 1 0 0 0 398 0 0 1
"81" 81 0.0 0 0 0 0 0 0 0 0 0 0 0 500 0 0 0 0 0 0 0 0
"82" 82 0.0 0 354 55 0 0 0 0 0 0 0 89 2 0 0 0 0 0 0 0 0
"83" 83 0.045871559633 0 0 0 7 8 0 0 0 1 0 2 0 1 194 0 0 0 1 0 286
"84" 84 0.0288461538462 0 0 0 0 0 0 0 0 0 0 0 500 0 0 0 0 0 0 0 0
"85" 85 0.169230769231 0 1 0 499 0 0 0 0 0 0 0 0 0 0 0 0 0 0 0 0
"86" 86 0.0114942528736 0 0 0 0 0 0 28 0 24 0 7 2 0 0 0 0 439 0 0 0
"87" 87 0.649789029536 0 0 19 2 77 96 11 0 23 25 22 1 26 9 43 1 23 81 26 15
"88" 88 0.046511627907 0 0 26 0 0 0 0 0 473 0 0 0 1 0 0 0 0 0 0 0
"89" 89 0.300518134715 0 353 2 133 1 0 0 0 3 0 1 7 0 0 0 0 0 0 0 0
"90" 90 0.607142857143 0 6 149 8 51 41 1 1 8 0 41 19 7 6 10 2 3 139 1 7
"91" 91 0.676923076923 0 45 18 133 42 31 1 0 22 6 13 10 48 36 20 5 1 18 33 18
"92" 92 0.0 0 0 0 0 0 0 0 0 0 0 0 500 0 0 0 0 0 0 0 0
"93" 93 0.235632183908 0 0 13 1 23 36 103 0 36 2 29 13 1 0 34 8 115 55 2 29
"94" 94 0.0 0 0 59 0 0 0 0 0 0 0 408 33 0 0 0 0 0 0 0 0
"95" 95 0.637130801688 0 0 44 0 67 136 21 0 10 0 21 1 2 1 47 0 20 102 0 28
"96" 96 0.259615384615 0 0 0 0 0 0 0 0 0 0 0 500 0 0 0 0 0 0 0 0
"97" 97 0.456953642384 0 2 80 14 23 39 1 0 22 36 89 13 13 3 13 29 8 28 61 26
"98" 98 0.221757322176 0 0 1 0 0 0 0 0 5 487 0 0 4 0 0 0 0 0 0 3
"99" 99 0.594936708861 0 13 12 10 30 145 12 0 41 38 22 2 17 2 18 65 13 36 12 12
"100" 100 0.0621761658031 0 499 0 0 0 0 0 0 0 0 0 0 0 0 0 0 0 1 0 0
"101" 101 0.53642384106 0 9 196 8 12 9 6 107 3 0 62 20 9 9 5 2 2 36 1 4
"102" 102 0.298507462687 0 98 50 55 44 47 0 0 18 11 36 6 15 2 2 12 1 42 30 31
"103" 103 0.0 0 0 1 0 0 0 227 0 21 0 1 0 0 0 0 0 250 0 0 0
"104" 104 0.151898734177 0 1 96 44 64 90 0 0 9 0 15 1 102 0 31 0 0 7 0 40
"105" 105 0.044776119403 0 0 0 0 0 0 0 0 5 0 0 0 0 495 0 0 0 0 0 0
"106" 106 0.238578680203 0 0 2 2 4 8 351 0 5 0 3 0 0 14 2 0 73 20 0 16
"107" 107 0.317307692308 0 0 0 0 0 0 0 0 0 0 0 500 0 0 0 0 0 0 0 0
"108" 108 0.74213836478 0 44 47 15 16 12 2 2 16 1 8 12 1 7 4 0 4 307 0 2
"109" 109 0.122093023256 0 16 3 49 16 92 0 0 30 0 2 3 3 0 257 1 5 12 0 11
"110" 110 0.172185430464 0 0 369 0 0 11 0 0 14 0 92 2 0 0 12 0 0 0 0 0
"111" 111 0.0 0 0 1 0 0 0 1 0 86 0 4 0 0 0 0 0 408 0 0 0
"112" 112 0.252873563218 0 0 4 2 2 0 192 0 5 0 0 0 1 1 3 0 261 7 0 22
"113" 113 0.403846153846 0 0 0 0 0 0 0 0 0 0 0 500 0 0 0 0 0 0 0 0
"114" 114 0.20802919708 0 0 0 0 0 0 0 0 0 0 0 0 2 0 498 0 0 0 0 0
"115" 115 0.0264900662252 0 0 203 0 0 0 0 0 5 0 276 16 0 0 0 0 0 0 0 0
"116" 116 0.0 0 0 0 0 0 0 0 0 13 0 0 0 0 0 0 0 487 0 0 0
"117" 117 0.0 0 0 1 0 0 0 0 0 7 0 0 0 0 0 0 0 492 0 0 0
"118" 118 0.0 0 0 8 0 9 0 32 0 18 2 22 0 1 0 0 0 404 0 0 4
"119" 119 0.0239234449761 0 0 0 0 0 0 0 0 0 248 0 0 5 0 0 0 0 0 247 0
"120" 120 0.333333333333 0 1 18 15 0 26 0 0 0 0 400 34 0 0 4 0 0 0 0 2
"121" 121 0.163461538462 0 0 0 0 0 0 0 0 0 0 0 500 0 0 0 0 0 0 0 0
"122" 122 0.484304932735 0 0 9 0 68 111 4 0 43 0 26 2 0 0 89 0 1 130 0 17
"123" 123 0.0103626943005 0 496 1 0 0 0 0 0 0 0 1 0 0 0 0 0 0 0 0 2
"124" 124 0.238341968912 0 471 4 5 2 12 0 0 1 0 0 0 0 1 1 0 0 2 0 1
"125" 125 0.218905472637 0 8 0 49 10 5 0 0 0 0 5 356 31 25 1 0 0 9 0 1
"126" 126 0.144230769231 0 0 0 0 0 0 0 0 0 0 0 500 0 0 0 0 0 0 0 0
"127" 127 0.561181434599 0 23 79 53 65 34 0 0 115 2 14 8 9 30 12 1 0 37 1 17
"128" 128 0.240384615385 0 0 1 0 0 0 0 0 0 0 0 499 0 0 0 0 0 0 0 0
"129" 129 0.896373056995 0 95 17 109 41 3 5 0 47 5 12 34 7 48 6 0 5 34 20 12
"130" 130 0.412790697674 0 1 115 5 9 8 0 0 331 1 6 2 2 5 3 1 0 1 8 2
"131" 131 0.607142857143 0 50 66 68 34 29 3 0 73 1 28 17 8 35 14 8 7 37 1 21
"132" 132 0.316964285714 0 101 16 74 32 56 0 0 17 0 33 15 7 35 33 1 4 47 3 26
"133" 133 0.0 0 0 329 0 0 0 0 0 0 0 167 4 0 0 0 0 0 0 0 0
"134" 134 0.378109452736 0 5 22 21 69 47 0 0 38 11 19 3 7 108 6 76 0 46 21 1
"135" 135 0.455696202532 0 10 8 22 83 110 66 0 32 1 26 2 2 25 17 0 48 40 7 1
"136" 136 0.203488372093 0 8 41 11 12 1 1 0 221 51 0 0 13 13 4 1 5 31 81 6
"137" 137 0.0 0 0 0 0 0 0 0 0 0 0 0 500 0 0 0 0 0 0 0 0
"138" 138 0.379487179487 0 9 0 443 4 0 0 0 0 0 1 13 0 0 13 0 0 17 0 0
"139" 139 0.0 0 0 1 0 0 0 0 0 0 0 488 11 0 0 0 0 0 0 0 0
"140" 140 0.432692307692 0 0 0 0 0 0 0 0 0 0 0 500 0 0 0 0 0 0 0 0
"141" 141 0.591194968553 0 23 16 11 5 10 1 362 2 0 24 6 10 5 5 0 0 9 1 10
"142" 142 0.248175182482 0 0 0 0 0 0 0 0 0 0 0 0 0 0 500 0 0 0 0 0
"143" 143 0.138364779874 0 1 0 0 1 0 0 497 0 0 0 0 0 1 0 0 0 0 0 0
"144" 144 0.0 0 0 3 0 0 0 0 0 0 0 497 0 0 0 0 0 0 0 0 0
"145" 145 0.101265822785 500 0 0 0 0 0 0 0 0 0 0 0 0 0 0 0 0 0 0 0
"146" 146 0.0865384615385 0 0 0 0 0 0 0 0 0 0 0 500 0 0 0 0 0 0 0 0
"147" 147 0.362068965517 0 0 7 0 62 153 61 0 16 0 9 1 0 0 86 0 50 50 0 5
"148" 148 0.00507614213198 0 0 0 0 0 0 486 0 0 0 0 0 0 0 0 0 14 0 0 0
"149" 149 0.278846153846 0 4 5 19 16 72 28 0 53 0 3 7 3 134 11 0 53 74 4 14
"150" 150 0.592039800995 0 0 20 8 12 56 5 126 14 0 20 5 12 129 19 1 15 40 5 13
"151" 151 0.296511627907 0 0 7 0 0 0 0 0 483 0 4 4 0 0 0 0 2 0 0 0
"152" 152 0.917948717949 0 60 46 56 24 35 8 0 38 0 29 96 3 17 13 2 19 40 5 9
