"site" "RSA" "aa1" "aa2" "aa3" "aa4" "aa5" "aa6" "aa7" "aa8" "aa9" "aa10" "aa11" "aa12" "aa13" "aa14" "aa15" "aa16" "aa17" "aa18" "aa19" "aa20"
"0" 0 0.317880794702 0 0 3 0 0 0 0 0 0 0 0 0 0 0 0 0 0 0 0 0
"1" 1 0.00507614213198 0 0 0 0 0 0 2 1 0 0 0 0 0 0 0 0 2 0 0 0
"2" 2 0.0 0 0 1 0 0 0 0 0 0 0 2 2 0 0 0 0 0 0 0 0
"3" 3 0.10460251046 0 0 0 0 0 0 0 0 0 4 0 0 0 0 0 0 0 0 3 0
"4" 4 0.269035532995 0 0 0 0 0 0 4 1 0 0 1 0 0 1 0 0 2 0 0 0
"5" 5 0.709844559585 0 6 1 2 0 0 1 0 0 0 1 0 0 0 0 0 0 0 0 0
"6" 6 0.5 0 0 0 1 1 1 0 0 3 0 1 1 0 1 4 0 1 0 0 0
"7" 7 0.421524663677 0 0 2 0 5 0 1 2 1 0 1 0 0 0 1 0 0 3 0 0
"8" 8 0.0348258706468 0 0 0 0 1 0 0 1 1 1 2 0 0 9 0 0 1 0 0 1
"9" 9 0.403846153846 0 0 4 0 2 0 0 1 3 0 1 2 0 1 1 0 1 1 0 0
"10" 10 0.0174418604651 0 1 3 0 0 0 0 0 11 0 7 2 0 0 0 0 0 0 0 0
"11" 11 0.574358974359 0 1 4 7 1 0 0 1 0 1 4 4 0 0 0 0 0 1 1 13
"12" 12 0.459119496855 0 0 1 0 0 4 0 33 2 0 12 0 0 1 0 0 0 0 0 0
"13" 13 0.0232558139535 0 0 0 0 0 0 1 0 0 24 7 1 7 2 0 0 0 0 12 1
"14" 14 0.629464285714 0 2 7 0 18 16 0 0 20 0 1 0 1 1 0 0 3 45 0 0
"15" 15 0.28855721393 0 0 0 0 1 0 0 0 0 5 0 0 0 159 0 0 6 0 0 0
"16" 16 0.119496855346 0 4 0 0 1 3 2 153 2 0 3 1 0 1 0 0 0 1 0 0
"17" 17 0.704402515723 0 22 6 1 10 19 1 56 2 0 28 0 0 1 0 0 0 27 0 0
"18" 18 0.119402985075 0 0 0 0 0 0 1 0 0 0 0 0 0 172 0 0 0 0 0 2
"19" 19 0.522012578616 0 7 8 5 0 1 0 134 1 0 8 9 0 2 0 0 0 1 0 0
"20" 20 0.133079847909 0 0 0 0 0 0 0 0 0 6 0 0 0 0 0 0 0 0 170 0
"21" 21 0.355769230769 0 33 7 2 1 1 0 12 2 0 104 10 0 0 0 0 1 3 0 0
"22" 22 0.281368821293 0 0 1 4 0 2 0 7 7 14 5 0 4 0 0 0 4 0 130 0
"23" 23 0.559585492228 0 110 7 25 1 0 0 0 3 1 7 9 0 0 0 0 2 14 0 0
"24" 24 0.248062015504 0 5 2 0 0 1 0 0 0 0 166 0 1 0 0 0 2 2 0 0
"25" 25 0.0 0 0 0 1 0 0 0 0 0 0 0 0 0 179 0 0 0 0 0 1
"26" 26 0.352678571429 0 3 3 0 2 0 0 0 0 0 2 3 0 0 0 0 2 166 0 0
"27" 27 0.476793248945 0 0 0 0 1 8 0 167 1 0 0 1 0 0 2 0 1 0 0 0
"28" 28 0.0 0 0 8 8 0 0 0 0 7 10 17 0 81 0 0 0 9 0 41 0
"29" 29 0.0253807106599 0 0 0 0 0 0 149 0 0 20 0 0 0 3 0 0 8 0 0 1
"30" 30 0.0829015544041 1 170 6 3 0 0 0 0 0 0 0 1 0 0 0 0 0 0 0 0
"31" 31 0.0697674418605 0 0 4 0 5 27 0 0 17 0 112 1 0 0 2 0 2 11 0 0
"32" 32 0.495535714286 0 3 1 0 36 30 0 3 9 0 12 0 0 7 29 0 0 47 0 4
"33" 33 0.0116279069767 0 0 0 0 0 0 8 0 173 0 0 0 0 0 0 0 0 0 0 0
"34" 34 0.0045871559633 0 0 0 0 0 0 0 0 0 0 1 0 0 3 0 0 1 0 0 176
"35" 35 0.434599156118 0 1 1 9 14 12 0 0 12 0 1 2 8 0 13 0 0 106 1 1
"36" 36 0.407960199005 1 0 0 0 0 0 127 0 0 12 0 0 0 35 0 0 5 0 1 0
"37" 37 0.0191387559809 0 0 0 0 0 0 0 0 0 0 0 0 181 0 0 0 0 0 0 0
"38" 38 0.0334928229665 0 0 1 0 0 0 0 0 0 0 0 0 155 0 0 0 0 0 25 0
"39" 39 0.326424870466 0 52 35 2 6 1 0 0 51 0 1 31 0 1 0 0 0 1 0 0
"40" 40 0.599156118143 0 0 0 2 0 151 0 0 0 1 1 5 0 0 19 0 2 0 0 0
"41" 41 0.311004784689 0 0 0 0 0 0 0 0 0 0 0 0 181 0 0 0 0 0 0 0
"42" 42 0.0 0 0 0 0 1 0 0 0 0 0 0 0 178 0 0 0 0 0 2 0
"43" 43 0.124031007752 0 0 0 40 73 9 0 0 0 0 46 9 0 1 3 0 0 0 0 0
"44" 44 0.294573643411 0 0 2 0 0 1 0 0 79 0 75 24 0 0 0 0 0 0 0 0
"45" 45 0.102661596958 1 0 0 0 0 0 0 0 0 0 0 0 0 1 0 0 0 0 179 0
"46" 46 0.0229885057471 0 0 0 0 0 0 24 0 20 1 0 0 0 4 0 0 129 0 3 0
"47" 47 0.471794871795 0 22 8 65 3 10 0 0 60 0 10 0 0 0 2 0 0 1 0 0
"48" 48 0.369230769231 0 0 0 135 0 37 0 0 1 0 2 5 0 0 1 0 0 0 0 0
"49" 49 0.00497512437811 1 0 1 0 0 0 5 0 5 8 14 1 0 134 0 0 10 0 0 2
"50" 50 0.14358974359 0 0 0 175 1 1 0 0 0 0 0 0 0 2 0 0 2 0 0 0
"51" 51 0.441025641026 0 11 3 22 2 27 5 0 7 0 85 11 0 0 0 0 6 2 0 0
"52" 52 0.0232558139535 0 0 2 0 4 1 0 0 5 2 157 0 0 3 0 0 5 0 1 1
"53" 53 0.00995024875622 0 0 1 0 0 0 43 0 2 0 2 0 0 105 0 0 20 8 0 0
"54" 54 0.599156118143 0 7 6 1 3 26 0 0 1 0 40 0 0 0 2 0 0 95 0 0
"55" 55 0.603375527426 0 12 10 9 6 47 0 2 4 0 9 76 0 0 1 0 1 4 0 0
"56" 56 0.167464114833 2 3 1 7 1 6 1 0 5 4 10 1 40 9 0 0 2 2 29 0
"57" 57 0.471698113208 0 4 16 1 1 3 0 82 41 1 18 4 0 2 1 0 0 5 0 0
"58" 58 0.549107142857 0 41 3 7 12 5 0 7 1 0 16 7 3 0 1 1 1 73 1 0
"59" 59 0.114427860697 1 1 0 0 0 0 7 0 0 10 12 0 4 116 0 7 4 2 6 1
"60" 60 0.224215246637 0 8 6 2 29 12 2 1 1 1 50 9 4 6 4 0 1 42 2 0
"61" 61 0.815384615385 0 21 29 17 5 22 1 2 6 0 11 37 3 2 1 0 1 20 2 0
"62" 62 0.271523178808 0 0 5 3 19 72 0 0 4 2 5 7 3 29 5 4 4 5 1 5
"63" 63 0.0529801324503 3 25 91 7 0 0 0 26 20 0 2 4 0 0 1 0 0 1 0 0
"64" 64 0.00574712643678 0 1 0 0 0 0 61 6 2 0 14 0 0 53 0 0 43 0 0 1
"65" 65 0.0 2 13 6 5 0 0 1 1 9 2 6 3 2 5 1 0 6 119 0 0
"66" 66 0.325581395349 0 40 5 6 16 7 0 0 8 0 20 1 0 0 0 0 2 76 0 0
"67" 67 0.0298507462687 0 0 1 0 1 0 41 0 0 0 2 0 0 120 0 0 10 0 0 6
"68" 68 0.0149253731343 1 0 0 3 6 0 40 0 0 7 0 0 0 93 0 0 23 0 0 8
"69" 69 0.43795620438 0 1 28 1 13 26 5 0 18 0 55 8 1 2 20 0 1 2 0 0
"70" 70 0.419689119171 0 42 8 63 6 16 1 0 0 0 2 9 7 8 12 0 0 5 0 0
"71" 71 0.129353233831 1 0 0 0 1 0 32 1 1 4 4 0 0 102 0 1 23 0 0 1
"72" 72 0.682051282051 0 54 37 32 2 6 0 4 3 0 9 8 2 0 1 0 2 13 0 0
"73" 73 0.509933774834 0 4 43 7 16 18 3 0 10 0 33 4 2 7 7 0 0 12 0 7
"74" 74 0.0 0 0 0 1 1 0 19 1 0 3 4 2 5 56 0 0 61 0 7 0
"75" 75 0.220125786164 0 2 9 2 0 0 0 144 1 0 1 1 0 0 0 0 0 0 0 0
"76" 76 0.709821428571 0 7 6 0 7 4 1 3 3 0 24 1 0 0 0 0 4 71 0 0
"77" 77 0.549222797927 0 56 14 19 1 6 0 1 2 0 17 5 0 0 0 0 0 8 0 0
"78" 78 0.0152284263959 0 4 5 4 3 14 77 0 3 0 1 0 0 13 0 0 16 0 0 2
"79" 79 0.259124087591 0 0 0 13 30 13 0 0 0 1 4 1 1 1 85 0 0 0 0 1
"80" 80 0.517441860465 0 1 3 4 10 8 1 15 82 0 10 25 0 1 2 0 5 3 0 4
"81" 81 0.308139534884 0 0 5 0 0 3 2 11 14 2 124 8 0 0 1 0 8 1 0 1
"82" 82 0.0 1 0 0 0 0 0 23 0 1 0 1 0 0 16 0 0 137 0 1 1
"83" 83 0.332116788321 0 0 0 2 3 4 10 0 1 1 0 0 0 0 158 0 2 0 0 0
"84" 84 0.317948717949 0 0 0 167 3 0 0 0 0 10 0 1 0 0 0 0 0 0 0 0
"85" 85 0.0871794871795 0 0 2 165 3 0 0 0 0 0 0 0 11 0 0 0 0 0 0 0
"86" 86 0.00961538461538 0 0 0 0 0 0 1 0 0 0 25 147 0 3 0 0 5 0 0 0
"87" 87 0.00961538461538 0 0 0 0 0 0 0 0 0 0 0 181 0 0 0 0 0 0 0 0
"88" 88 0.0 0 0 0 0 2 0 0 0 0 0 0 179 0 0 0 0 0 0 0 0
"89" 89 0.00478468899522 0 1 0 1 0 0 0 0 0 13 1 0 149 0 0 0 2 0 14 0
"90" 90 0.0 0 2 3 0 0 0 8 0 0 12 59 0 2 21 0 14 17 0 43 0
"91" 91 0.0 2 0 0 179 0 0 0 0 0 0 0 0 0 0 0 0 0 0 0 0
"92" 92 0.0 0 0 0 0 0 0 0 0 0 0 0 0 181 0 0 0 0 0 0 0
"93" 93 0.0116279069767 0 2 97 8 0 6 5 0 42 0 14 0 0 1 4 0 0 2 0 0
"94" 94 0.00507614213198 0 0 0 0 3 0 22 0 0 35 1 0 1 100 0 1 2 1 0 15
"95" 95 0.00836820083682 0 0 0 0 0 0 0 0 0 173 0 0 0 0 0 1 0 0 7 0
"96" 96 0.0141843971631 0 0 0 0 0 0 0 0 0 2 0 0 0 0 0 179 0 0 0 0
"97" 97 0.152466367713 0 6 12 13 31 31 0 4 36 0 6 0 1 2 4 0 0 35 0 0
"98" 98 0.0 4 0 6 10 0 0 65 0 2 0 0 6 0 28 0 5 48 2 0 5
"99" 99 0.00917431192661 0 0 0 0 0 0 7 0 0 0 1 0 0 68 0 0 0 0 0 105
"100" 100 0.119205298013 0 0 79 1 0 28 1 0 17 0 31 22 0 0 1 0 1 0 0 0
"101" 101 0.308176100629 0 0 4 1 3 9 0 148 6 0 2 2 0 4 0 0 1 1 0 0
"102" 102 0.787564766839 0 21 6 77 9 15 0 7 2 0 6 22 1 0 0 0 3 8 0 0
"103" 103 0.153846153846 0 5 7 3 2 8 0 0 11 0 17 112 1 0 0 0 1 5 1 0
"104" 104 0.163461538462 0 1 6 3 3 5 0 3 12 0 7 130 0 0 1 0 1 8 0 1
"105" 105 0.548076923077 0 1 2 5 3 7 2 0 5 0 4 135 0 12 0 0 0 4 0 0
"106" 106 0.556053811659 0 0 4 3 20 24 0 2 12 0 27 6 2 6 2 0 2 66 1 3
"107" 107 0.11320754717 0 0 0 0 0 1 1 156 0 0 5 0 0 1 0 0 1 1 0 2
"108" 108 0.453488372093 0 7 38 4 9 14 3 0 65 0 6 8 2 1 0 0 8 3 0 0
"109" 109 0.423076923077 0 3 5 3 0 1 0 2 1 0 12 152 0 0 0 0 0 2 0 0
"110" 110 0.512953367876 0 34 4 4 3 17 1 2 1 0 41 1 0 1 3 0 0 69 0 0
"111" 111 0.0 0 0 0 0 0 0 22 0 0 2 0 0 0 133 0 0 23 0 0 0
"112" 112 0.108527131783 0 1 1 0 1 28 1 0 0 0 109 10 0 13 1 0 5 5 1 4
"113" 113 0.542600896861 0 33 7 3 15 21 1 0 11 0 50 0 2 0 3 0 1 33 0 0
"114" 114 0.196428571429 0 13 3 0 6 7 0 0 1 0 133 0 0 3 1 0 3 9 0 2
"115" 115 0.0 0 0 0 0 0 0 173 0 0 0 0 0 0 4 0 0 3 0 0 1
"116" 116 0.410256410256 0 52 1 51 7 17 4 0 9 0 3 0 1 2 3 0 7 24 0 0
"117" 117 0.704035874439 1 12 22 8 18 18 0 0 4 0 39 2 0 0 29 0 1 26 1 0
"118" 118 0.389534883721 1 42 21 5 12 12 0 0 40 0 29 0 1 0 1 0 1 14 2 0
"119" 119 0.117154811715 2 0 0 0 0 0 3 0 0 144 0 0 0 25 0 2 0 0 5 0
"120" 120 0.538461538462 0 1 3 1 1 1 0 0 0 0 0 172 0 0 0 0 0 1 0 1
"121" 121 0.238410596026 0 6 135 4 0 0 0 0 5 0 1 30 0 0 0 0 0 0 0 0
"122" 122 0.0627615062762 0 1 0 0 1 1 3 0 0 121 0 0 1 29 0 0 14 0 5 5
"123" 123 0.424107142857 0 86 3 3 3 2 1 1 1 0 17 2 0 0 0 0 1 61 0 0
"124" 124 0.316964285714 0 11 7 8 11 27 1 0 7 0 75 8 0 0 0 0 2 24 0 0
"125" 125 0.0 0 0 0 0 0 0 0 0 0 153 0 0 0 12 0 0 1 0 0 15
"126" 126 0.240506329114 0 0 0 0 25 142 2 0 0 0 0 0 1 0 11 0 0 0 0 0
"127" 127 0.556962025316 0 23 9 6 9 16 0 0 16 0 26 0 0 0 1 0 0 75 0 0
"128" 128 0.300448430493 0 10 1 1 34 35 1 0 8 0 44 2 0 1 4 0 2 38 0 0
"129" 129 0.0 0 0 0 0 0 0 2 0 0 162 0 0 0 14 0 1 1 0 0 1
"130" 130 0.14358974359 0 1 32 43 3 9 1 0 34 0 35 3 0 0 1 0 0 18 1 0
"131" 131 0.551569506726 0 10 3 12 26 54 0 1 12 0 49 0 0 1 0 0 0 13 0 0
"132" 132 0.15503875969 0 0 4 1 0 4 1 0 5 0 162 0 0 0 0 0 2 2 0 0
"133" 133 0.0 1 0 3 0 0 0 0 2 7 0 114 54 0 0 0 0 0 0 0 0
"134" 134 0.394230769231 0 0 3 1 1 8 11 0 30 1 66 14 0 26 0 0 16 1 0 3
"135" 135 0.626943005181 0 7 21 4 1 16 0 1 66 0 18 40 0 0 4 0 1 2 0 0
"136" 136 0.211678832117 1 0 0 0 22 0 7 1 6 0 0 0 1 6 125 0 12 0 0 0
"137" 137 0.832635983264 0 0 0 0 10 0 0 0 0 171 0 0 0 0 0 0 0 0 0 0
"138" 138 0.394230769231 0 0 0 0 0 0 0 0 0 0 0 181 0 0 0 0 0 0 0 0
"139" 139 0.258278145695 0 0 181 0 0 0 0 0 0 0 0 0 0 0 0 0 0 0 0 0
"140" 140 0.0 0 0 0 0 0 0 0 0 0 0 0 181 0 0 0 0 0 0 0 0
"141" 141 0.00354609929078 0 0 0 0 0 0 0 0 0 4 0 0 0 0 0 176 0 0 1 0
"142" 142 0.0 2 0 2 0 0 0 0 0 2 0 135 13 0 0 0 0 27 0 0 0
"143" 143 0.00354609929078 1 0 0 0 0 0 0 0 0 7 0 0 0 1 0 172 0 0 0 0
"144" 144 0.0 0 0 0 0 0 0 1 0 0 0 0 0 0 171 0 1 7 0 0 1
"145" 145 0.0 15 0 17 1 0 0 27 0 9 0 0 11 0 2 0 1 93 0 2 2
"146" 146 0.127737226277 1 0 4 0 0 10 3 0 2 3 4 0 0 23 13 2 100 0 8 1
"147" 147 0.0923076923077 1 31 4 33 7 15 0 0 36 0 1 8 7 1 2 2 0 1 1 0
"148" 148 0.62893081761 0 9 10 16 7 44 1 33 2 1 20 5 2 0 6 0 1 13 0 0
"149" 149 0.708520179372 0 54 10 34 17 6 0 0 1 1 9 22 0 0 1 0 1 22 1 1
"150" 150 0.355769230769 0 4 3 1 2 17 0 0 2 0 1 147 1 0 0 0 0 0 0 0
"151" 151 0.47533632287 0 3 11 5 17 103 0 1 7 0 2 0 4 0 11 0 0 13 0 0
"152" 152 0.044776119403 0 0 0 0 0 0 4 0 0 0 0 0 0 162 0 0 15 0 0 0
"153" 153 0.367713004484 2 1 11 0 24 18 4 0 3 2 38 2 7 2 3 0 11 52 1 0
"154" 154 0.172413793103 0 0 0 0 0 0 76 0 0 0 1 0 0 5 0 0 97 0 2 0
"155" 155 0.137931034483 15 2 6 0 0 3 7 0 57 0 10 5 2 4 0 0 37 21 4 8
"156" 156 0.238410596026 0 2 137 3 0 4 0 0 24 1 6 4 0 0 0 0 0 0 0 0
"157" 157 0.0232558139535 9 0 19 0 0 1 0 0 144 0 0 0 0 1 4 0 0 0 1 2
"158" 158 0.276729559748 0 0 6 0 0 0 1 92 0 2 68 9 0 3 0 0 0 0 0 0
"159" 159 0.405128205128 0 1 0 177 0 0 1 0 0 0 0 2 0 0 0 0 0 0 0 0
"160" 160 0.0179372197309 0 0 0 0 179 0 0 0 0 0 0 2 0 0 0 0 0 0 0 0
"161" 161 0.0932642487047 0 176 0 1 0 0 0 0 2 0 0 0 0 0 0 0 0 2 0 0
"162" 162 0.0102564102564 1 0 72 81 0 0 0 0 17 0 0 0 0 0 0 0 2 0 0 0
"163" 163 0.0 0 0 1 0 0 0 0 178 0 0 0 0 0 0 0 0 2 0 0 0
"164" 164 0.0152284263959 0 0 0 0 0 0 32 0 1 2 1 0 0 128 2 2 7 0 5 1
"165" 165 0.275229357798 1 0 17 2 3 0 2 0 21 1 2 0 1 4 0 0 1 0 0 126
"166" 166 0.5 4 46 7 2 13 6 0 9 13 0 4 5 6 2 1 0 1 56 3 1
"167" 167 0.451923076923 1 1 11 5 0 6 2 0 0 0 3 133 1 1 6 0 8 3 0 0
"168" 168 0.0529801324503 0 1 6 18 9 36 1 1 0 2 21 43 7 20 3 0 4 1 1 2
"169" 169 0.110266159696 0 0 0 0 8 9 15 1 85 6 5 0 1 2 6 0 10 6 26 0
"170" 170 0.0 0 0 0 0 0 0 1 172 0 0 3 0 0 0 0 0 5 0 0 0
"171" 171 0.0 0 0 0 0 0 0 117 0 0 1 0 0 0 41 0 0 22 0 0 0
"172" 172 0.0 0 0 0 0 0 0 11 0 0 9 0 0 0 142 0 0 3 0 0 16
"173" 173 0.00961538461538 2 0 0 0 0 0 0 0 2 0 18 154 0 1 0 0 3 1 0 0
"174" 174 0.0 5 0 1 26 0 0 21 0 1 1 1 0 0 110 0 0 10 0 0 5
"175" 175 0.0 0 180 0 0 0 0 0 0 0 0 0 0 0 0 0 0 0 1 0 0
"176" 176 0.0 1 0 0 0 0 0 0 0 0 0 0 0 0 3 0 0 177 0 0 0
"177" 177 0.191489361702 0 0 0 0 0 0 0 0 0 0 0 0 0 0 0 181 0 0 0 0
"178" 178 0.504464285714 0 0 0 0 0 0 0 0 0 0 0 0 0 0 0 0 0 181 0 0
"179" 179 0.186602870813 0 0 0 0 0 0 0 0 0 0 0 0 181 0 0 0 0 0 0 0
"180" 180 0.0232558139535 0 0 3 0 0 0 0 0 0 0 176 1 0 0 0 0 0 0 0 0
"181" 181 0.0190114068441 0 0 0 0 0 0 0 0 0 0 0 0 0 0 0 0 0 0 179 0
"182" 182 0.410646387833 0 0 0 0 0 0 0 0 0 0 0 0 0 0 0 0 0 0 179 0
"183" 183 0.477611940299 0 0 0 0 0 0 5 0 0 0 0 0 0 172 0 0 1 0 0 0
"184" 184 0.28102189781 0 2 8 41 12 89 0 0 3 0 0 0 7 0 16 0 0 0 0 0
"185" 185 0.0228136882129 0 0 0 0 0 0 0 0 0 6 0 0 2 0 0 0 0 0 170 0
"186" 186 0.304932735426 0 0 0 0 151 13 0 0 0 0 0 0 1 0 13 0 0 0 0 0
"187" 187 0.610256410256 0 0 1 172 1 0 0 0 0 1 0 0 0 0 0 0 0 0 3 0
"188" 188 0.295620437956 0 1 2 3 3 37 0 0 0 0 1 0 0 3 115 0 12 1 0 0
"189" 189 0.113138686131 0 0 0 0 0 0 0 0 0 0 0 0 0 0 178 0 0 0 0 0
"190" 190 0.584905660377 0 2 0 1 1 0 1 129 0 0 30 10 0 0 1 0 3 0 0 0
"191" 191 0.397321428571 0 113 2 5 3 0 0 0 1 0 7 0 0 0 0 0 0 47 0 0
"192" 192 0.00380228136882 0 0 0 0 0 0 0 0 0 3 0 0 0 0 0 1 0 0 174 0
"193" 193 0.00995024875622 0 0 0 0 0 0 99 0 1 0 0 0 0 44 0 0 31 0 0 3
"194" 194 0.425641025641 0 19 25 21 11 45 0 0 7 0 26 9 0 0 0 0 0 15 0 0
"195" 195 0.251282051282 0 0 4 17 3 0 0 0 3 0 142 3 0 0 0 0 0 6 0 0
"196" 196 0.0 0 0 0 0 0 0 11 0 0 99 0 0 0 1 0 66 1 0 0 0
"197" 197 0.0248226950355 0 0 0 0 1 0 0 0 0 39 0 0 0 0 0 121 1 0 15 1
"198" 198 0.379487179487 0 9 13 128 4 7 0 0 2 0 1 0 3 0 2 0 0 9 0 0
"199" 199 0.0 0 0 0 0 0 0 17 0 7 0 1 0 0 4 1 0 148 0 0 0
"200" 200 0.0 0 0 0 0 0 0 53 0 0 0 3 0 0 7 0 0 115 0 0 0
"201" 201 0.148717948718 0 28 1 147 0 0 0 0 0 0 0 0 1 0 1 0 0 0 0 0
"202" 202 0.0425531914894 0 0 0 0 0 0 0 0 0 1 0 0 0 0 0 177 0 0 0 0
"203" 203 0.450331125828 0 70 13 23 5 7 0 6 8 0 8 5 1 0 2 0 2 22 0 0
"204" 204 0.0982142857143 0 5 0 3 12 31 2 0 1 4 22 0 1 0 2 1 4 81 3 0
"205" 205 0.0 1 0 0 0 0 0 13 0 0 0 18 0 0 0 0 0 138 0 0 0
"206" 206 0.0923076923077 0 5 27 46 2 0 0 0 5 0 42 6 0 0 0 0 0 22 0 0
"207" 207 0.456204379562 0 7 3 4 10 34 0 0 5 0 13 0 0 0 43 0 0 33 0 0
"208" 208 0.0 0 0 0 9 1 5 0 0 0 1 0 0 1 16 104 0 0 0 0 0
"209" 209 0.046511627907 1 0 2 0 0 0 0 0 3 30 1 0 0 4 0 0 0 0 58 0
"210" 210 0.569506726457 0 5 9 2 23 7 0 0 1 0 23 0 1 3 1 0 2 19 0 1
"211" 211 0.410852713178 0 1 3 0 3 6 1 0 1 0 62 1 0 2 0 0 0 8 0 0
"212" 212 0.271523178808 1 0 8 0 0 0 0 0 0 0 68 0 0 0 0 0 0 0 0 0
