"site" "RSA" "aa1" "aa2" "aa3" "aa4" "aa5" "aa6" "aa7" "aa8" "aa9" "aa10" "aa11" "aa12" "aa13" "aa14" "aa15" "aa16" "aa17" "aa18" "aa19" "aa20"
"0" 0 0.230769230769 0 0 3 0 0 0 0 40 0 0 25 432 0 0 0 0 0 0 0 0
"1" 1 0.558974358974 0 181 49 54 66 24 1 0 4 0 27 12 0 6 2 1 0 70 0 3
"2" 2 0.43654822335 0 0 7 3 92 35 13 0 0 0 1 0 0 3 5 0 7 334 0 0
"3" 3 0.071129707113 0 0 0 0 0 0 0 0 0 197 0 0 0 0 0 0 0 0 303 0
"4" 4 0.0697674418605 0 0 0 0 47 281 0 0 0 0 1 0 0 0 167 0 0 4 0 0
"5" 5 0.507692307692 0 89 90 121 8 69 0 0 0 0 81 14 1 7 10 5 0 4 0 1
"6" 6 0.0945273631841 0 0 0 0 0 0 0 0 0 0 0 0 0 500 0 0 0 0 0 0
"7" 7 0.0 0 0 0 0 0 0 0 0 0 500 0 0 0 0 0 0 0 0 0 0
"8" 8 0.447257383966 0 253 6 124 22 17 0 0 0 0 46 0 0 0 18 0 0 10 1 3
"9" 9 0.528846153846 0 0 0 0 0 4 0 0 2 0 1 491 0 0 0 0 0 0 0 2
"10" 10 0.134328358209 0 0 0 0 0 0 0 0 0 0 0 0 0 500 0 0 0 0 0 0
"11" 11 0.317991631799 0 126 0 102 3 39 0 0 0 0 227 2 0 0 0 0 0 0 0 1
"12" 12 0.615384615385 0 7 0 194 100 30 0 0 2 5 3 2 74 17 1 0 0 51 9 5
"13" 13 0.573839662447 0 13 0 398 18 37 0 0 0 0 0 23 1 1 3 0 0 5 1 0
"14" 14 0.772151898734 0 2 11 13 72 194 0 0 58 0 2 0 0 41 101 0 0 3 0 3
"15" 15 0.352678571429 0 0 0 38 0 5 0 0 0 0 0 20 0 7 0 0 0 429 1 0
"16" 16 0.0596330275229 0 0 6 0 0 0 0 0 1 0 0 1 0 0 2 0 0 0 0 490
"17" 17 0.120437956204 0 0 0 0 0 0 1 0 0 0 0 0 0 0 486 0 1 0 0 12
"18" 18 0.0 0 0 0 0 0 0 500 0 0 0 0 0 0 0 0 0 0 0 0 0
"19" 19 0.0 0 0 0 0 0 0 0 0 0 0 0 0 0 500 0 0 0 0 0 0
"20" 20 0.0 0 0 0 0 0 0 125 0 0 0 0 0 0 0 0 0 21 0 0 354
"21" 21 0.0 0 0 0 0 0 0 88 0 108 0 0 0 0 0 0 0 304 0 0 0
"22" 22 0.0 0 0 0 0 0 0 0 0 0 0 0 500 0 0 0 0 0 0 0 0
"23" 23 0.0696517412935 0 0 0 0 0 0 0 302 0 0 0 1 0 194 0 0 0 0 0 3
"24" 24 0.424870466321 0 445 16 7 0 0 0 27 0 0 1 4 0 0 0 0 0 0 0 0
"25" 25 0.527131782946 0 4 0 264 1 10 0 0 0 0 0 220 0 0 1 0 0 0 0 0
"26" 26 0.015503875969 0 0 23 0 0 0 0 0 0 0 477 0 0 0 0 0 0 0 0 0
"27" 27 0.115384615385 0 0 0 0 0 0 0 0 0 0 0 500 0 0 0 0 0 0 0 0
"28" 28 0.0295358649789 0 0 1 0 0 8 1 0 0 0 21 0 0 0 0 0 0 0 0 469
"29" 29 0.348837209302 0 1 12 1 0 10 14 0 433 0 1 0 0 7 2 0 4 10 0 5
"30" 30 0.343023255814 0 27 0 3 22 83 9 0 33 0 19 0 0 2 267 0 6 25 0 4
"31" 31 0.010152284264 0 0 0 0 0 0 500 0 0 0 0 0 0 0 0 0 0 0 0 0
"32" 32 0.00995024875622 0 0 1 0 17 0 0 0 0 0 458 0 0 22 0 0 0 1 0 1
"33" 33 0.608365019011 0 1 2 1 107 29 141 0 2 0 17 0 0 19 21 0 1 146 7 6
"34" 34 0.345991561181 0 0 5 2 86 61 3 0 3 0 49 0 0 0 11 0 31 30 0 219
"35" 35 0.0199004975124 0 0 0 0 0 0 0 0 0 0 0 0 0 500 0 0 0 0 0 0
"36" 36 0.573839662447 0 20 0 52 28 1 0 0 0 0 0 82 5 0 0 0 0 310 2 0
"37" 37 0.0547263681592 0 0 0 0 0 0 0 0 0 0 0 0 0 500 0 0 0 0 0 0
"38" 38 0.394230769231 0 0 0 0 0 0 0 0 0 0 0 500 0 0 0 0 0 0 0 0
"39" 39 0.705357142857 0 26 23 14 59 102 10 25 82 1 4 1 0 8 22 0 38 82 2 1
"40" 40 0.248730964467 0 0 0 0 0 0 480 0 1 0 0 0 0 0 0 0 19 0 0 0
"41" 41 0.396551724138 0 1 3 3 22 8 81 0 7 113 1 0 4 15 2 0 157 9 71 3
"42" 42 0.453488372093 0 0 1 0 8 2 0 0 9 3 1 0 0 5 417 0 0 50 1 3
"43" 43 0.401162790698 0 0 5 0 2 11 16 0 420 0 2 0 0 0 1 0 20 3 0 20
"44" 44 0.502538071066 0 0 1 22 11 26 21 0 4 0 1 0 8 0 17 0 76 300 1 12
"45" 45 0.295597484277 0 1 0 0 0 0 2 487 0 0 0 0 0 8 1 0 0 0 0 1
"46" 46 0.279069767442 0 1 13 1 0 0 0 0 482 0 1 2 0 0 0 0 0 0 0 0
"47" 47 0.680203045685 0 25 65 10 48 120 11 1 61 1 18 3 4 23 5 0 9 92 3 1
"48" 48 0.471153846154 0 0 0 0 0 0 0 0 0 0 0 500 0 0 0 0 0 0 0 0
"49" 49 0.0209205020921 0 1 0 0 1 0 0 0 0 475 0 0 1 15 0 0 0 1 6 0
"50" 50 0.466666666667 0 3 1 2 3 4 134 0 99 10 3 0 0 7 4 0 185 20 25 0
"51" 51 0.0 0 0 0 0 0 0 16 0 0 0 0 0 0 0 0 0 484 0 0 0
"52" 52 0.133928571429 0 0 0 0 14 6 0 0 0 2 4 0 0 7 2 27 0 427 1 10
"53" 53 0.21511627907 0 0 1 1 0 0 218 0 2 0 0 0 0 5 3 0 234 24 0 12
"54" 54 0.0172413793103 0 0 0 0 0 0 8 0 0 0 0 0 0 0 0 0 492 0 0 0
"55" 55 0.540178571429 0 0 1 0 1 5 183 0 8 0 0 0 0 2 92 0 200 4 4 0
"56" 56 0.239543726236 0 0 0 0 0 0 0 0 0 196 0 0 4 0 0 0 0 0 300 0
"57" 57 0.409282700422 0 0 0 0 0 0 0 0 0 0 0 500 0 0 0 0 0 0 0 0
"58" 58 0.0769230769231 0 4 0 0 0 0 0 496 0 0 0 0 0 0 0 0 0 0 0 0
"59" 59 0.0 0 0 0 0 0 0 489 0 0 0 0 0 0 0 0 0 11 0 0 0
"60" 60 0.0198675496689 0 0 0 0 1 1 43 0 0 0 0 0 0 0 305 0 58 92 0 0
"61" 61 0.00418410041841 0 0 0 0 0 0 0 0 0 500 0 0 0 0 0 0 0 0 0 0
"62" 62 0.00581395348837 0 0 0 0 0 0 0 0 488 0 0 0 0 0 0 0 12 0 0 0
"63" 63 0.0 0 0 0 0 0 0 407 0 14 0 1 0 0 0 0 0 78 0 0 0
"64" 64 0.0106382978723 0 0 0 0 0 0 0 0 0 0 0 0 0 0 0 500 0 0 0 0
"65" 65 0.419689119171 0 4 16 54 3 1 3 0 150 3 50 1 16 0 2 12 178 0 7 0
"66" 66 0.051724137931 0 0 0 0 0 0 0 0 2 0 0 0 0 0 0 0 497 1 0 0
"67" 67 0.298076923077 0 0 0 0 0 0 0 0 0 0 0 500 0 0 0 0 0 0 0 0
"68" 68 0.634615384615 0 0 0 11 0 0 0 0 0 0 0 489 0 0 0 0 0 0 0 0
"69" 69 0.165919282511 0 14 16 0 29 19 0 0 16 308 5 0 2 3 4 0 0 33 50 1
"70" 70 0.373056994819 0 0 121 0 0 0 0 0 0 0 125 254 0 0 0 0 0 0 0 0
"71" 71 0.637130801688 0 1 11 0 0 8 0 0 397 0 0 79 0 1 0 0 2 0 0 1
"72" 72 0.558375634518 0 0 10 0 102 290 0 0 0 3 1 76 8 10 0 0 0 0 0 0
"73" 73 0.543795620438 0 10 313 19 3 0 14 0 0 0 3 2 0 14 18 0 0 10 0 94
"74" 74 0.220125786164 0 60 1 5 2 31 1 0 0 0 4 0 0 2 0 344 1 14 0 35
"75" 75 0.26368159204 0 0 0 1 213 6 1 0 1 0 0 0 1 272 3 0 0 2 0 0
"76" 76 0.0780141843972 0 4 0 2 26 3 0 0 0 1 2 0 1 0 22 389 0 45 2 3
"77" 77 0.448905109489 0 0 30 4 19 282 27 0 20 0 6 1 0 0 36 0 55 20 0 0
"78" 78 0.66985645933 0 4 35 40 17 209 0 0 48 0 7 1 2 86 16 0 0 18 5 12
"79" 79 0.167300380228 0 0 0 0 0 0 0 0 0 168 0 0 1 0 0 0 0 0 331 0
"80" 80 0.00836820083682 0 0 0 0 0 1 0 0 0 485 0 0 0 0 0 2 0 0 12 0
"81" 81 0.461883408072 0 0 0 1 230 250 0 0 2 0 5 1 0 2 6 0 3 0 0 0
"82" 82 0.189743589744 0 427 0 68 1 0 0 0 0 0 0 0 0 2 1 0 0 0 1 0
"83" 83 0.0232558139535 0 0 1 0 0 0 0 0 492 0 7 0 0 0 0 0 0 0 0 0
"84" 84 0.313901345291 0 0 0 0 73 345 1 0 56 2 0 1 1 0 15 0 0 0 4 2
"85" 85 0.0 0 0 0 0 0 0 0 0 0 0 0 500 0 0 0 0 0 0 0 0
"86" 86 0.0149253731343 0 0 0 0 0 0 0 0 0 0 0 0 0 500 0 0 0 0 0 0
"87" 87 0.010152284264 0 0 0 0 0 0 464 0 0 0 0 0 0 0 0 0 36 0 0 0
"88" 88 0.00418410041841 0 0 0 0 0 0 0 0 0 500 0 0 0 0 0 0 0 0 0 0
"89" 89 0.0 0 0 0 0 0 0 0 0 0 0 0 0 0 0 0 0 500 0 0 0
"90" 90 0.0402298850575 0 0 0 0 0 0 0 0 0 107 0 0 0 0 0 0 393 0 0 0
"91" 91 0.145077720207 0 412 0 88 0 0 0 0 0 0 0 0 0 0 0 0 0 0 0 0
"92" 92 0.0 0 0 23 0 0 0 0 0 0 0 476 1 0 0 0 0 0 0 0 0
"93" 93 0.230769230769 0 0 123 1 0 1 0 0 361 0 11 2 0 0 0 0 0 0 0 1
"94" 94 0.150259067358 0 500 0 0 0 0 0 0 0 0 0 0 0 0 0 0 0 0 0 0
"95" 95 0.379562043796 0 1 106 14 42 18 1 0 124 0 22 4 0 28 97 7 3 21 0 12
"96" 96 0.638392857143 0 126 5 23 17 115 8 0 32 0 33 7 1 25 5 0 22 75 0 6
"97" 97 0.288321167883 0 0 0 26 0 0 0 0 0 1 0 0 2 0 469 0 0 0 2 0
"98" 98 0.0459770114943 0 0 190 0 1 25 77 0 0 0 177 5 0 0 7 0 9 0 0 9
"99" 99 0.507692307692 0 172 18 35 19 44 1 0 8 0 32 2 0 23 12 1 2 120 1 10
"100" 100 0.272321428571 0 24 2 12 48 69 5 0 0 0 8 0 3 137 36 0 5 138 0 13
"101" 101 0.0232558139535 0 0 3 0 0 0 0 0 0 0 496 0 0 0 0 0 0 1 0 0
"102" 102 0.332116788321 0 0 0 0 13 224 0 0 1 0 20 0 0 0 209 0 0 18 0 15
"103" 103 0.419642857143 0 19 5 25 29 77 32 0 6 1 58 1 3 29 20 1 2 178 3 11
"104" 104 0.03125 0 1 0 0 153 0 0 0 0 0 5 0 0 0 0 0 0 340 0 1
"105" 105 0.0 0 0 0 0 0 0 0 0 0 0 0 0 0 500 0 0 0 0 0 0
"106" 106 0.238532110092 0 0 1 4 33 31 2 0 1 1 17 0 1 294 3 0 0 90 0 22
"107" 107 0.474452554745 0 22 2 63 20 76 2 0 1 0 74 2 1 47 138 0 0 50 0 2
"108" 108 0.0229357798165 0 2 12 18 88 0 0 0 0 0 92 0 0 99 1 0 0 85 0 103
"109" 109 0.0696517412935 0 0 0 0 0 0 0 0 0 0 0 0 0 499 0 0 0 0 0 1
"110" 110 0.581395348837 0 0 29 11 1 5 0 0 0 0 415 38 0 0 0 0 0 0 0 1
"111" 111 0.232142857143 0 0 37 0 399 10 0 0 0 0 28 0 0 0 0 0 0 23 0 3
"112" 112 0.678756476684 0 274 62 13 14 11 1 63 24 0 5 2 2 15 1 0 0 12 0 1
"113" 113 0.428571428571 0 4 0 12 6 20 0 0 0 0 0 1 0 393 2 0 0 2 3 57
"114" 114 0.00497512437811 0 0 0 0 0 0 0 0 0 0 0 0 0 500 0 0 0 0 0 0
"115" 115 0.448905109489 0 4 12 18 29 14 0 0 8 0 17 5 0 92 269 0 3 21 0 8
"116" 116 0.642487046632 0 106 18 87 25 26 0 0 96 1 1 7 0 11 5 1 2 109 1 4
"117" 117 0.0232558139535 0 0 0 0 0 0 0 0 0 0 500 0 0 0 0 0 0 0 0 0
"118" 118 0.0114942528736 0 0 0 0 0 0 8 0 0 0 0 0 0 0 0 0 492 0 0 0
"119" 119 0.00497512437811 0 0 0 0 0 0 0 0 0 0 0 0 0 500 0 0 0 0 0 0
"120" 120 0.0 0 0 0 0 0 0 0 0 0 0 0 0 0 500 0 0 0 0 0 0
"121" 121 0.0 0 0 0 0 0 0 0 0 0 0 0 0 0 0 0 0 500 0 0 0
"122" 122 0.00418410041841 0 0 0 0 0 0 0 0 0 500 0 0 0 0 0 0 0 0 0 0
"123" 123 0.0 0 0 0 0 0 0 0 0 0 0 499 1 0 0 0 0 0 0 0 0
"124" 124 0.025641025641 0 1 0 499 0 0 0 0 0 0 0 0 0 0 0 0 0 0 0 0
"125" 125 0.227848101266 0 0 0 166 0 251 0 0 0 0 0 17 66 0 0 0 0 0 0 0
"126" 126 0.22869955157 0 0 33 0 297 125 0 0 0 0 11 30 0 0 4 0 0 0 0 0
"127" 127 0.538860103627 0 84 252 15 7 7 0 0 18 0 20 5 1 0 61 0 1 15 0 14
"128" 128 0.298507462687 0 4 34 3 48 12 0 0 0 20 34 0 0 85 194 0 0 26 32 8
"129" 129 0.805031446541 0 72 55 37 24 40 0 186 7 0 33 7 0 7 3 0 1 26 0 2
"130" 130 0.476923076923 0 98 7 244 28 27 11 0 23 2 4 9 2 17 1 0 7 16 1 3
"131" 131 0.147286821705 0 0 0 0 0 0 0 0 0 0 500 0 0 0 0 0 0 0 0 0
"132" 132 0.0229357798165 0 110 0 9 21 3 0 0 1 0 128 0 6 95 7 4 0 22 0 94
"133" 133 0.415384615385 0 393 1 93 0 0 0 2 4 0 0 5 0 0 2 0 0 0 0 0
"134" 134 0.22480620155 0 21 36 0 0 2 0 1 0 0 406 25 0 0 0 9 0 0 0 0
"135" 135 0.527131782946 0 102 9 61 23 48 2 0 38 0 48 10 0 10 53 0 9 80 4 3
"136" 136 0.330357142857 0 16 2 59 51 121 0 0 0 0 19 1 0 74 33 0 0 99 0 25
"137" 137 0.0 0 0 0 0 0 0 293 0 5 0 2 0 0 0 0 0 200 0 0 0
"138" 138 0.0813953488372 0 0 1 0 6 90 1 0 18 0 58 1 0 0 31 0 0 116 0 178
"139" 139 0.668393782383 0 13 4 29 34 121 40 0 4 1 25 1 7 65 54 1 20 57 2 22
"140" 140 0.481012658228 0 27 7 44 88 16 1 0 1 7 124 0 0 89 10 7 2 43 24 10
"141" 141 0.0 0 0 0 0 0 0 0 0 0 0 0 0 0 500 0 0 0 0 0 0
"142" 142 0.125 0 0 0 0 0 0 0 0 0 0 0 500 0 0 0 0 0 0 0 0
"143" 143 0.0 0 0 0 0 0 0 0 0 0 0 0 0 0 500 0 0 0 0 0 0
"144" 144 0.626794258373 0 5 82 9 16 35 0 0 4 15 13 6 142 2 12 13 1 25 118 2
"145" 145 0.516556291391 0 42 56 89 45 29 0 0 101 0 6 2 2 74 10 0 0 28 5 11
"146" 146 0.124378109453 0 0 0 0 0 0 0 0 0 0 0 0 0 499 0 0 0 1 0 0
"147" 147 0.678832116788 0 8 42 27 161 50 0 0 19 9 20 2 8 65 7 0 2 30 46 4
"148" 148 0.918660287081 0 3 0 66 0 0 0 0 0 0 0 428 2 0 0 0 0 0 0 1
"149" 149 0.109489051095 0 0 1 1 5 11 235 0 0 2 2 0 24 4 2 0 63 0 9 141
"150" 150 0.348717948718 0 6 0 358 1 0 25 0 18 0 0 0 0 18 0 0 74 0 0 0
"151" 151 0.191489361702 0 0 0 0 0 0 0 0 0 0 0 0 0 0 0 500 0 0 0 0
"152" 152 0.307984790875 0 0 0 0 0 0 0 0 0 0 0 0 0 0 0 0 0 0 500 0
"153" 153 0.147208121827 0 0 0 0 0 0 500 0 0 0 0 0 0 0 0 0 0 0 0 0
"154" 154 0.116591928251 0 0 0 0 500 0 0 0 0 0 0 0 0 0 0 0 0 0 0 0
"155" 155 0.279069767442 0 0 14 1 3 5 0 0 0 0 347 59 0 28 14 0 0 29 0 0
"156" 156 0.0 0 0 0 0 0 0 0 0 500 0 0 0 0 0 0 0 0 0 0 0
"157" 157 0.0443037974684 500 0 0 0 0 0 0 0 0 0 0 0 0 0 0 0 0 0 0 0
"158" 158 0.0232558139535 0 0 488 0 0 0 0 0 0 0 12 0 0 0 0 0 0 0 0 0
"159" 159 0.540697674419 0 328 2 11 4 32 2 0 2 0 21 6 0 7 37 0 2 43 0 3
"160" 160 0.556291390728 0 76 50 50 36 43 0 0 135 0 6 1 2 39 6 0 0 50 2 4
"161" 161 0.221153846154 0 0 0 0 0 0 0 0 0 0 0 500 0 0 0 0 0 0 0 0
"162" 162 0.528497409326 0 224 24 29 51 49 28 0 18 0 9 0 1 11 9 0 29 15 0 3
"163" 163 0.0 0 0 0 0 0 0 0 0 0 0 0 500 0 0 0 0 0 0 0 0
"164" 164 0.00497512437811 0 0 0 0 0 0 0 0 0 0 0 0 0 500 0 0 0 0 0 0
"165" 165 0.319391634981 0 0 0 0 0 0 0 0 0 104 0 0 2 0 0 1 0 0 393 0
"166" 166 0.370535714286 0 59 1 48 37 45 0 0 3 0 20 2 1 54 8 5 2 198 5 12
"167" 167 0.0 0 0 0 0 0 0 0 0 0 0 0 500 0 0 0 0 0 0 0 0
"168" 168 0.0149253731343 0 0 0 0 0 0 0 0 0 30 0 0 0 470 0 0 0 0 0 0
"169" 169 0.331606217617 0 0 0 0 0 333 0 0 0 0 7 0 0 4 127 0 0 24 0 5
"170" 170 0.131205673759 0 0 0 0 0 0 0 0 0 0 0 0 0 0 0 500 0 0 0 0
"171" 171 0.0 0 0 0 0 0 0 0 0 0 0 0 0 0 500 0 0 0 0 0 0
"172" 172 0.0662251655629 0 0 93 0 0 0 0 0 1 0 406 0 0 0 0 0 0 0 0 0
"173" 173 0.353846153846 0 13 0 6 5 7 3 0 0 0 11 0 0 5 20 0 0 429 0 1
"174" 174 0.125560538117 0 0 0 0 239 6 0 0 0 0 3 0 0 0 0 0 0 251 0 1
"175" 175 0.044776119403 0 0 0 0 0 0 34 0 0 0 0 0 0 465 0 0 0 0 0 1
"176" 176 0.204379562044 0 1 16 1 24 167 0 0 0 1 181 8 2 28 17 0 0 41 4 9
"177" 177 0.651282051282 0 24 2 133 9 147 0 0 1 0 56 5 1 16 98 0 0 6 0 2
"178" 178 0.452914798206 0 0 33 1 260 5 0 0 0 0 1 163 2 23 0 0 0 11 0 1
"179" 179 1.03797468354 0 184 65 17 4 10 4 0 5 10 24 100 8 2 14 1 0 18 34 0
