"site" "RSA" "aa1" "aa2" "aa3" "aa4" "aa5" "aa6" "aa7" "aa8" "aa9" "aa10" "aa11" "aa12" "aa13" "aa14" "aa15" "aa16" "aa17" "aa18" "aa19" "aa20"
"0" 0 0.317880794702 0 1 185 7 0 0 0 98 68 0 105 36 0 0 0 0 0 0 0 0
"1" 1 0.00507614213198 0 4 1 5 1 1 180 0 33 3 0 0 4 9 0 0 245 0 14 0
"2" 2 0.0 0 0 25 1 0 0 0 0 0 0 56 417 0 0 0 0 0 1 0 0
"3" 3 0.10460251046 0 20 5 13 23 54 0 0 0 238 7 6 15 11 3 10 0 12 71 12
"4" 4 0.269035532995 0 32 13 49 0 0 219 1 33 0 61 26 0 13 3 0 46 2 0 2
"5" 5 0.709844559585 0 58 47 72 43 39 4 0 49 2 17 13 14 40 8 16 10 40 18 10
"6" 6 0.5 0 2 49 2 22 101 3 0 164 1 25 11 0 2 64 0 0 17 0 37
"7" 7 0.421524663677 0 10 115 13 15 43 0 0 115 2 44 77 13 0 12 2 3 21 5 10
"8" 8 0.0348258706468 0 3 25 2 51 1 17 0 3 0 22 5 1 321 0 0 28 17 1 3
"9" 9 0.403846153846 0 48 147 24 16 27 1 19 31 1 51 36 2 25 39 1 2 12 3 15
"10" 10 0.0174418604651 0 0 7 0 0 0 0 0 480 0 13 0 0 0 0 0 0 0 0 0
"11" 11 0.574358974359 0 69 38 223 19 50 0 0 0 0 67 4 7 0 6 3 0 4 3 7
"12" 12 0.459119496855 0 13 73 27 43 42 0 0 74 4 19 81 9 47 10 5 5 27 17 4
"13" 13 0.0232558139535 0 0 65 2 0 0 0 0 14 0 411 7 0 0 0 0 0 0 0 1
"14" 14 0.629464285714 0 3 21 10 30 71 11 0 51 37 14 2 30 39 26 15 27 37 65 11
"15" 15 0.28855721393 0 0 0 1 13 0 0 1 7 0 1 1 0 440 0 0 31 2 0 3
"16" 16 0.119496855346 0 11 60 3 9 4 2 129 15 25 39 6 4 6 2 26 20 24 102 13
"17" 17 0.704402515723 0 38 69 21 24 28 5 101 25 0 48 16 2 36 17 2 9 42 3 14
"18" 18 0.119402985075 0 0 0 1 0 0 0 0 0 0 0 0 0 499 0 0 0 0 0 0
"19" 19 0.522012578616 0 15 5 9 6 4 4 409 1 0 13 5 1 6 12 0 1 5 0 4
"20" 20 0.133079847909 0 0 10 1 0 0 0 0 9 0 2 0 18 0 0 0 0 0 460 0
"21" 21 0.355769230769 0 41 89 15 20 26 0 1 24 1 54 36 135 18 13 1 0 16 1 9
"22" 22 0.281368821293 0 0 3 7 1 3 1 0 6 213 8 1 23 1 1 0 0 6 223 3
"23" 23 0.559585492228 0 114 109 40 2 15 0 0 10 0 46 125 4 0 0 9 1 20 4 1
"24" 24 0.248062015504 0 36 11 0 3 5 0 0 0 0 415 28 0 0 0 0 0 2 0 0
"25" 25 0.0 0 0 0 1 0 0 0 0 2 0 0 0 0 492 0 3 1 0 0 1
"26" 26 0.352678571429 0 3 107 1 15 111 8 0 1 25 25 18 38 0 48 9 3 35 46 7
"27" 27 0.476793248945 0 57 28 72 33 80 0 0 20 3 35 3 1 49 39 2 26 29 8 15
"28" 28 0.0 0 0 0 0 0 0 0 0 0 0 500 0 0 0 0 0 0 0 0 0
"29" 29 0.0253807106599 0 0 1 0 5 0 354 0 8 0 0 0 0 2 0 0 90 1 0 39
"30" 30 0.0829015544041 0 29 29 7 3 14 1 0 2 0 76 34 288 3 4 0 0 8 0 2
"31" 31 0.0697674418605 0 0 33 0 18 42 0 4 0 0 278 43 0 0 1 0 0 58 0 23
"32" 32 0.495535714286 0 68 11 32 35 83 23 0 37 10 47 11 2 22 22 2 14 54 20 7
"33" 33 0.0116279069767 0 1 3 1 0 0 157 0 80 0 17 2 0 122 0 0 54 44 0 19
"34" 34 0.0045871559633 0 0 10 94 1 0 0 0 3 0 140 3 0 0 0 0 3 24 0 222
"35" 35 0.434599156118 0 1 3 1 33 111 114 0 8 32 14 0 8 17 35 8 1 40 51 23
"36" 36 0.407960199005 0 28 4 27 31 79 51 0 15 24 19 6 10 31 19 9 39 47 42 19
"37" 37 0.0191387559809 0 4 4 5 21 0 0 0 6 0 26 1 7 389 1 0 1 23 0 12
"38" 38 0.0334928229665 0 0 1 0 0 0 0 0 3 31 0 0 431 0 0 32 2 0 0 0
"39" 39 0.326424870466 0 104 8 38 27 23 5 0 7 1 28 6 0 66 9 4 16 129 4 25
"40" 40 0.599156118143 0 26 10 24 43 43 114 0 11 3 4 2 10 17 12 0 137 34 3 7
"41" 41 0.311004784689 0 12 6 11 10 3 53 0 13 1 12 4 16 19 11 7 270 35 6 11
"42" 42 0.0 0 0 1 0 0 0 0 0 1 1 6 0 489 0 0 1 0 0 0 1
"43" 43 0.124031007752 0 0 7 1 8 183 0 0 0 3 81 4 2 69 108 8 0 15 5 6
"44" 44 0.294573643411 0 4 37 16 35 76 0 0 35 4 129 15 1 20 23 20 0 66 4 15
"45" 45 0.102661596958 0 7 2 8 3 4 0 0 1 15 18 5 50 0 2 72 0 0 271 42
"46" 46 0.0229885057471 0 0 1 1 0 0 4 0 2 0 11 0 0 0 0 0 477 0 0 4
"47" 47 0.471794871795 0 83 8 21 57 40 32 0 12 1 44 3 1 80 32 1 8 48 2 27
"48" 48 0.369230769231 0 24 7 17 39 45 28 0 23 0 39 46 3 45 66 10 7 73 2 26
"49" 49 0.00497512437811 0 0 0 0 2 0 0 0 5 0 5 1 0 487 0 0 0 0 0 0
"50" 50 0.14358974359 0 0 0 498 0 0 0 0 0 0 0 0 0 0 1 0 1 0 0 0
"51" 51 0.441025641026 0 41 16 62 34 81 29 0 18 2 72 8 4 25 28 20 0 39 9 12
"52" 52 0.0232558139535 0 0 10 1 0 0 0 0 0 0 484 5 0 0 0 0 0 0 0 0
"53" 53 0.00995024875622 0 2 0 3 0 0 1 0 0 0 0 1 0 493 0 0 0 0 0 0
"54" 54 0.599156118143 0 66 12 101 26 104 6 0 5 5 38 6 4 42 30 7 0 23 10 15
"55" 55 0.603375527426 0 29 8 28 40 109 13 0 4 1 26 5 3 78 38 0 5 55 3 55
"56" 56 0.167464114833 0 5 5 6 32 23 0 0 2 94 15 0 88 1 92 0 11 1 120 5
"57" 57 0.471698113208 0 1 22 2 2 18 2 376 11 0 16 5 2 8 5 15 2 5 3 5
"58" 58 0.549107142857 0 116 26 31 12 59 5 0 35 4 50 12 3 9 6 5 25 75 15 12
"59" 59 0.114427860697 0 3 0 3 1 0 0 0 0 0 0 0 0 490 0 0 0 0 0 3
"60" 60 0.224215246637 0 0 40 0 201 89 0 0 127 0 13 3 0 0 14 0 0 11 0 2
"61" 61 0.815384615385 0 36 95 68 45 57 0 0 62 1 15 11 8 30 21 0 0 28 2 21
"62" 62 0.271523178808 0 1 18 8 72 35 0 0 73 50 6 10 14 95 24 5 0 8 78 3
"63" 63 0.0529801324503 0 1 379 4 1 9 0 0 46 2 29 5 5 0 0 0 0 0 18 1
"64" 64 0.00574712643678 0 0 0 0 0 0 15 0 27 0 20 1 0 0 0 0 436 0 0 1
"65" 65 0.0 0 1 0 0 0 0 0 0 0 0 0 0 0 0 0 0 0 499 0 0
"66" 66 0.325581395349 0 177 32 19 51 6 0 0 60 7 41 1 5 0 4 27 9 28 24 9
"67" 67 0.0298507462687 0 0 0 0 1 0 3 0 0 0 1 0 1 492 0 0 0 2 0 0
"68" 68 0.0149253731343 0 0 3 4 13 0 1 0 4 0 1 0 0 445 0 0 1 2 0 26
"69" 69 0.43795620438 0 9 32 62 58 52 0 0 19 4 151 22 5 8 35 12 0 12 5 14
"70" 70 0.419689119171 0 150 9 89 15 15 0 0 1 9 55 5 97 6 31 0 0 6 10 2
"71" 71 0.129353233831 0 0 11 0 5 2 5 43 14 0 6 2 0 398 1 0 2 7 1 3
"72" 72 0.682051282051 0 123 66 80 16 30 4 0 15 1 27 19 3 11 12 8 5 69 1 10
"73" 73 0.509933774834 0 41 217 17 18 25 0 0 30 2 62 23 0 25 8 2 0 25 1 4
"74" 74 0.0 0 0 0 0 0 0 2 0 1 0 0 0 0 0 0 0 497 0 0 0
"75" 75 0.220125786164 0 3 3 1 1 0 0 473 0 0 0 0 13 3 0 0 1 2 0 0
"76" 76 0.709821428571 0 29 27 14 33 104 4 1 26 1 57 22 3 25 21 3 15 103 4 8
"77" 77 0.549222797927 0 113 60 51 21 53 2 0 16 1 57 11 1 16 18 0 1 61 1 17
"78" 78 0.0152284263959 0 1 1 0 1 2 272 0 5 0 1 0 0 0 2 0 215 0 0 0
"79" 79 0.259124087591 0 0 1 0 13 178 0 0 0 0 25 1 0 5 257 0 0 8 0 12
"80" 80 0.517441860465 0 104 13 50 36 51 15 0 28 3 34 14 0 31 10 7 18 64 5 17
"81" 81 0.308139534884 0 33 8 16 10 31 139 0 34 0 25 2 1 35 15 1 75 33 1 41
"82" 82 0.0 0 0 0 0 0 0 13 0 4 0 6 0 0 0 0 0 477 0 0 0
"83" 83 0.332116788321 0 0 0 0 10 5 0 0 0 0 3 0 0 0 479 0 0 1 0 2
"84" 84 0.317948717949 0 18 4 13 61 55 38 0 25 6 17 3 4 71 31 7 53 52 10 32
"85" 85 0.0871794871795 0 7 47 5 0 0 0 0 15 3 385 1 25 0 0 1 0 0 10 1
"86" 86 0.00961538461538 0 0 1 0 0 0 0 0 0 0 0 499 0 0 0 0 0 0 0 0
"87" 87 0.00961538461538 0 0 0 0 0 0 0 0 0 0 0 500 0 0 0 0 0 0 0 0
"88" 88 0.0 0 0 0 0 0 0 0 0 0 0 1 495 0 0 0 0 0 4 0 0
"89" 89 0.00478468899522 0 7 5 12 3 2 0 0 4 2 20 2 328 1 0 0 95 0 3 16
"90" 90 0.0 0 1 3 0 2 0 1 0 0 0 9 1 0 480 0 0 3 0 0 0
"91" 91 0.0 0 2 3 417 0 0 0 0 0 0 73 5 0 0 0 0 0 0 0 0
"92" 92 0.0 0 4 1 6 9 1 0 0 0 219 2 1 107 0 3 0 0 19 124 4
"93" 93 0.0116279069767 0 5 29 1 0 0 21 0 259 0 150 6 0 2 0 0 23 1 2 1
"94" 94 0.00507614213198 0 0 0 1 0 0 457 0 1 0 0 0 0 0 0 0 38 0 0 3
"95" 95 0.00836820083682 0 0 0 0 0 0 0 0 0 313 1 0 1 0 0 3 0 0 182 0
"96" 96 0.0141843971631 0 0 0 1 0 0 0 0 0 0 2 0 0 0 0 496 0 0 0 1
"97" 97 0.152466367713 0 70 55 20 55 6 3 0 15 1 27 1 1 157 11 0 5 37 0 36
"98" 98 0.0 0 4 2 13 0 0 435 0 9 0 4 1 0 0 0 0 32 0 0 0
"99" 99 0.00917431192661 0 0 0 6 13 0 0 0 9 0 4 0 0 414 0 0 9 40 0 5
"100" 100 0.119205298013 0 7 258 7 0 2 0 0 0 0 168 5 4 0 47 0 0 0 0 2
"101" 101 0.308176100629 0 0 7 0 3 11 0 469 0 0 6 0 0 0 1 0 0 3 0 0
"102" 102 0.787564766839 0 51 13 93 36 24 7 0 67 17 3 10 27 27 16 30 5 23 39 12
"103" 103 0.153846153846 0 0 0 0 0 0 0 0 0 0 0 500 0 0 0 0 0 0 0 0
"104" 104 0.163461538462 0 0 0 0 0 0 0 0 0 0 0 500 0 0 0 0 0 0 0 0
"105" 105 0.548076923077 0 0 0 0 0 0 0 0 0 0 0 500 0 0 0 0 0 0 0 0
"106" 106 0.556053811659 0 17 56 20 23 57 5 8 149 0 11 7 13 3 25 3 11 46 3 43
"107" 107 0.11320754717 0 0 0 0 0 0 0 500 0 0 0 0 0 0 0 0 0 0 0 0
"108" 108 0.453488372093 0 1 11 10 38 55 55 0 85 30 11 8 16 28 8 2 82 7 38 15
"109" 109 0.423076923077 0 0 0 0 0 0 0 0 0 0 0 500 0 0 0 0 0 0 0 0
"110" 110 0.512953367876 0 117 2 10 236 8 1 0 27 0 4 3 0 39 12 0 12 23 0 6
"111" 111 0.0 0 0 14 0 0 0 455 0 5 0 8 1 0 0 0 0 16 1 0 0
"112" 112 0.108527131783 0 3 18 8 53 4 0 0 0 7 204 9 48 2 21 4 0 30 14 75
"113" 113 0.542600896861 0 39 12 51 38 74 18 0 19 2 53 13 5 38 27 5 21 53 5 27
"114" 114 0.196428571429 0 4 2 3 29 2 0 0 0 0 3 1 0 20 33 0 0 401 0 2
"115" 115 0.0 0 0 0 0 0 0 394 0 1 0 0 0 0 104 0 0 1 0 0 0
"116" 116 0.410256410256 0 25 12 65 35 99 42 0 37 3 58 4 8 0 46 9 2 34 4 17
"117" 117 0.704035874439 0 47 22 36 48 61 20 0 16 2 62 9 2 47 48 19 1 32 8 20
"118" 118 0.389534883721 0 2 1 0 50 0 92 0 18 0 1 0 4 0 22 0 263 43 0 4
"119" 119 0.117154811715 0 0 0 0 0 0 0 0 0 494 0 0 2 0 0 0 0 0 4 0
"120" 120 0.538461538462 0 0 0 0 0 0 0 0 0 0 0 500 0 0 0 0 0 0 0 0
"121" 121 0.238410596026 0 74 249 14 0 0 0 0 0 0 40 19 100 0 0 0 0 3 0 1
"122" 122 0.0627615062762 0 0 2 0 0 0 0 0 0 452 18 0 0 0 0 4 0 0 24 0
"123" 123 0.424107142857 0 135 17 61 28 50 10 0 15 1 61 19 0 19 18 4 7 48 2 5
"124" 124 0.316964285714 0 28 7 75 52 50 86 0 13 1 31 4 1 14 19 0 36 75 2 6
"125" 125 0.0 0 0 0 0 4 0 0 0 0 481 5 0 0 0 0 0 0 1 0 9
"126" 126 0.240506329114 0 0 2 0 24 327 3 0 0 9 32 0 0 2 68 3 0 15 0 15
"127" 127 0.556962025316 0 21 21 25 27 77 14 0 47 21 54 9 10 31 26 16 0 41 41 19
"128" 128 0.300448430493 0 19 11 38 86 46 1 0 6 2 32 3 1 139 18 1 1 54 5 37
"129" 129 0.0 0 0 0 0 0 0 0 0 0 499 0 0 1 0 0 0 0 0 0 0
"130" 130 0.14358974359 0 53 0 185 3 3 153 0 4 0 5 0 0 1 6 0 25 51 0 11
"131" 131 0.551569506726 0 4 21 0 47 105 0 0 37 9 80 18 9 28 41 5 0 54 20 22
"132" 132 0.15503875969 0 1 21 0 6 0 0 0 3 5 400 44 8 0 0 0 0 6 4 2
"133" 133 0.0 0 0 1 0 1 0 0 0 0 0 40 457 0 0 0 0 0 0 0 1
"134" 134 0.394230769231 0 20 19 42 40 36 52 0 21 2 70 5 9 16 16 2 73 57 5 15
"135" 135 0.626943005181 0 108 37 64 37 34 0 0 1 0 66 12 2 24 34 3 0 45 4 29
"136" 136 0.211678832117 0 21 2 94 156 0 0 0 1 0 59 8 0 0 151 0 0 6 0 2
"137" 137 0.832635983264 0 13 79 17 27 47 35 0 47 4 32 9 1 37 10 1 68 58 4 11
"138" 138 0.394230769231 0 0 0 0 0 0 0 0 0 0 0 500 0 0 0 0 0 0 0 0
"139" 139 0.258278145695 0 34 27 49 15 52 12 0 17 16 35 4 41 62 17 5 21 40 39 14
"140" 140 0.0 0 0 0 0 0 0 0 0 0 0 0 500 0 0 0 0 0 0 0 0
"141" 141 0.00354609929078 0 0 0 0 0 0 0 0 0 0 0 1 2 0 0 497 0 0 0 0
"142" 142 0.0 0 0 10 0 0 0 0 0 2 0 54 2 0 0 0 0 432 0 0 0
"143" 143 0.00354609929078 0 0 0 1 0 0 0 0 1 1 0 0 9 0 0 488 0 0 0 0
"144" 144 0.0 0 0 0 2 0 0 0 0 1 0 0 0 0 496 0 0 0 0 0 1
"145" 145 0.0 0 0 0 0 0 0 0 0 14 0 6 1 0 0 0 0 479 0 0 0
"146" 146 0.127737226277 0 3 3 6 4 16 0 0 15 0 5 0 0 1 438 0 1 0 0 8
"147" 147 0.0923076923077 0 234 59 109 0 0 5 0 49 0 13 30 0 0 0 0 0 0 0 1
"148" 148 0.62893081761 0 1 82 4 73 44 4 80 39 1 36 24 4 28 23 12 9 25 3 8
"149" 149 0.708520179372 0 84 54 104 47 40 0 0 26 3 35 15 5 23 7 1 3 37 7 9
"150" 150 0.355769230769 0 0 0 0 0 0 0 0 0 0 0 500 0 0 0 0 0 0 0 0
"151" 151 0.47533632287 0 8 14 34 86 66 1 0 21 21 8 9 13 57 51 3 0 23 50 35
"152" 152 0.044776119403 0 0 0 0 1 0 0 0 0 0 0 0 0 498 0 0 0 1 0 0
"153" 153 0.367713004484 0 2 49 0 64 66 1 0 1 5 48 1 10 24 131 0 2 45 19 32
"154" 154 0.172413793103 0 0 1 0 0 0 11 0 3 0 0 0 0 0 0 0 485 0 0 0
"155" 155 0.137931034483 0 0 2 0 0 5 7 0 74 0 3 0 1 1 17 0 345 23 1 21
"156" 156 0.238410596026 0 0 263 1 0 0 0 0 29 25 45 18 2 1 1 61 0 0 54 0
"157" 157 0.0232558139535 0 0 30 1 12 2 0 0 413 0 0 0 8 0 22 1 0 1 0 10
"158" 158 0.276729559748 0 3 18 2 7 7 0 346 6 0 37 18 1 14 7 0 0 16 7 11
"159" 159 0.405128205128 0 36 120 118 2 0 0 0 0 7 13 178 11 4 2 0 0 4 5 0
"160" 160 0.0179372197309 0 1 0 16 338 0 0 0 0 12 1 0 5 0 0 0 0 101 26 0
"161" 161 0.0932642487047 0 478 2 0 2 3 0 0 0 0 1 0 1 2 0 4 1 3 1 2
"162" 162 0.0102564102564 0 0 53 133 4 0 7 0 122 0 114 2 0 0 0 0 34 3 0 28
"163" 163 0.0 0 0 0 0 0 0 0 499 0 0 0 0 0 1 0 0 0 0 0 0
"164" 164 0.0152284263959 0 0 69 0 0 0 310 0 36 0 24 4 0 0 1 0 32 0 0 24
"165" 165 0.275229357798 0 6 25 19 25 0 14 0 32 0 22 2 1 303 2 0 3 14 0 32
"166" 166 0.5 0 22 4 68 32 20 14 0 41 22 6 4 34 21 7 119 5 24 48 9
"167" 167 0.451923076923 0 0 0 0 0 0 0 0 0 0 0 500 0 0 0 0 0 0 0 0
"168" 168 0.0529801324503 0 11 11 24 5 2 0 0 0 0 160 7 34 0 8 1 0 7 0 230
"169" 169 0.110266159696 0 0 0 0 0 5 7 0 0 119 0 0 0 0 0 0 4 0 365 0
"170" 170 0.0 0 0 0 0 0 0 0 500 0 0 0 0 0 0 0 0 0 0 0 0
"171" 171 0.0 0 0 0 0 0 0 443 0 1 0 1 0 0 7 0 0 47 1 0 0
"172" 172 0.0 0 0 3 0 1 0 0 0 6 0 4 0 0 28 0 0 0 1 0 457
"173" 173 0.00961538461538 0 0 0 0 0 0 0 0 0 0 0 500 0 0 0 0 0 0 0 0
"174" 174 0.0 0 6 50 19 0 0 0 0 9 0 332 1 0 1 0 0 52 1 0 29
"175" 175 0.0 0 367 1 87 22 9 1 0 0 1 3 1 1 0 4 0 1 0 0 2
"176" 176 0.0 0 32 8 241 2 0 0 0 158 0 24 14 1 0 0 0 9 1 0 10
"177" 177 0.191489361702 0 12 135 10 7 9 0 0 109 0 26 13 50 0 6 90 7 19 1 6
"178" 178 0.504464285714 0 35 70 19 15 45 1 94 22 1 41 3 9 0 55 4 3 58 11 14
"179" 179 0.186602870813 0 88 79 66 12 50 5 0 20 1 30 24 5 46 6 1 18 29 9 11
"180" 180 0.0232558139535 0 0 66 0 0 0 0 0 0 0 427 7 0 0 0 0 0 0 0 0
"181" 181 0.0190114068441 0 0 0 0 0 0 0 0 0 1 0 0 0 0 0 0 0 0 499 0
"182" 182 0.410646387833 0 4 14 1 16 123 0 0 5 24 45 7 11 1 47 50 0 91 47 14
"183" 183 0.477611940299 0 24 5 17 56 12 26 0 19 7 33 107 3 24 6 3 11 98 38 11
"184" 184 0.28102189781 0 9 2 0 74 98 3 0 20 1 14 3 2 24 199 0 2 40 2 7
"185" 185 0.0228136882129 0 0 0 0 0 0 0 0 0 40 0 0 0 0 0 0 0 0 460 0
"186" 186 0.304932735426 0 11 54 61 33 1 0 0 1 0 26 232 2 2 55 1 0 12 9 0
"187" 187 0.610256410256 0 90 44 65 32 34 4 53 45 1 19 14 6 22 8 9 4 38 3 9
"188" 188 0.295620437956 0 21 6 96 67 33 0 0 0 10 57 6 3 23 109 5 0 47 8 9
"189" 189 0.113138686131 0 0 0 0 0 0 0 0 0 0 1 0 0 14 485 0 0 0 0 0
"190" 190 0.584905660377 0 1 8 2 5 18 1 368 15 0 10 6 1 8 9 3 1 41 2 1
"191" 191 0.397321428571 0 87 4 20 56 74 3 0 16 0 39 26 3 27 21 4 27 77 0 16
"192" 192 0.00380228136882 0 0 0 0 0 0 0 0 0 297 3 0 3 0 0 0 0 0 197 0
"193" 193 0.00995024875622 0 6 1 8 0 0 0 0 0 0 47 4 0 359 0 0 0 0 0 75
"194" 194 0.425641025641 0 9 7 13 33 43 11 0 8 0 30 5 0 11 30 2 0 290 1 7
"195" 195 0.251282051282 0 31 45 137 45 12 0 0 13 1 9 0 5 0 2 0 0 195 1 4
"196" 196 0.0 0 0 0 0 0 0 0 0 0 0 3 0 0 0 0 497 0 0 0 0
"197" 197 0.0248226950355 0 0 0 0 0 0 0 0 0 0 0 0 0 0 0 500 0 0 0 0
"198" 198 0.379487179487 0 10 5 51 23 272 0 0 4 1 14 3 2 45 32 0 0 17 0 21
"199" 199 0.0 0 0 1 0 0 0 481 0 5 0 0 1 0 0 0 0 12 0 0 0
"200" 200 0.0 0 0 0 0 0 0 3 0 2 0 0 0 0 0 0 0 495 0 0 0
"201" 201 0.148717948718 0 339 2 150 0 4 0 0 0 0 0 0 2 0 0 0 0 0 0 3
"202" 202 0.0425531914894 0 0 0 0 0 0 0 0 0 0 0 0 0 0 0 500 0 0 0 0
"203" 203 0.450331125828 0 111 22 41 34 49 12 0 40 2 38 15 5 20 10 4 27 60 3 7
"204" 204 0.0982142857143 0 0 7 50 77 23 0 0 21 0 47 7 35 0 24 0 2 181 0 26
"205" 205 0.0 0 0 0 1 0 0 404 0 6 0 5 0 0 0 0 0 84 0 0 0
"206" 206 0.0923076923077 0 1 4 388 4 2 0 0 2 0 15 1 0 0 9 0 16 54 0 4
"207" 207 0.456204379562 0 24 10 40 36 183 15 0 6 3 46 8 2 19 52 1 2 44 2 7
"208" 208 0.0 0 0 0 0 0 0 0 0 0 0 0 0 0 2 488 0 0 0 2 8
"209" 209 0.046511627907 0 0 23 3 1 0 0 0 83 0 372 13 1 0 0 0 0 2 1 1
"210" 210 0.569506726457 0 31 12 20 54 81 10 0 9 1 30 3 6 47 126 1 12 32 0 25
"211" 211 0.410852713178 0 1 12 3 49 17 0 0 37 0 288 21 31 0 3 22 0 13 2 1
"212" 212 0.271523178808 0 0 320 0 0 0 0 0 0 0 163 17 0 0 0 0 0 0 0 0
