"site" "RSA" "aa1" "aa2" "aa3" "aa4" "aa5" "aa6" "aa7" "aa8" "aa9" "aa10" "aa11" "aa12" "aa13" "aa14" "aa15" "aa16" "aa17" "aa18" "aa19" "aa20"
"0" 0 0.283582089552 0 1 0 1 2 0 0 0 0 0 4 0 0 431 0 0 0 1 0 60
"1" 1 0.171532846715 0 0 0 0 0 0 0 0 0 0 0 0 0 0 500 0 0 0 0 0
"2" 2 0.0 0 0 0 0 0 0 0 0 2 0 0 0 0 0 0 0 498 0 0 0
"3" 3 0.0 0 0 0 0 0 0 0 0 0 0 0 0 0 500 0 0 0 0 0 0
"4" 4 0.0 0 0 0 0 0 0 0 0 0 0 0 0 0 0 0 0 500 0 0 0
"5" 5 0.100775193798 0 0 0 0 0 0 0 0 0 298 2 0 0 0 0 26 0 0 174 0
"6" 6 0.0287356321839 0 0 0 0 0 0 0 0 2 0 0 0 0 0 0 0 498 0 0 0
"7" 7 0.282700421941 0 0 20 1 54 354 0 0 0 1 15 0 0 3 1 0 0 46 0 5
"8" 8 0.244525547445 0 0 0 1 5 0 0 0 0 0 0 1 0 410 5 0 0 77 1 0
"9" 9 0.00574712643678 0 0 0 0 0 0 0 0 3 0 0 0 0 0 0 0 497 0 0 0
"10" 10 0.106598984772 0 0 1 0 0 0 451 0 1 0 0 0 0 0 0 0 46 0 0 1
"11" 11 0.124352331606 0 461 1 1 1 19 0 0 0 0 5 0 6 0 4 0 0 2 0 0
"12" 12 0.661596958175 0 2 124 1 13 43 28 0 1 4 100 14 10 20 6 67 15 33 19 0
"13" 13 0.573643410853 0 17 319 24 5 6 0 0 36 0 10 5 0 2 62 0 0 13 0 1
"14" 14 0.270114942529 0 0 1 1 69 2 68 0 1 0 0 0 0 1 10 0 346 0 1 0
"15" 15 0.814345991561 0 6 46 8 172 78 18 0 38 0 8 1 0 20 8 0 56 38 2 1
"16" 16 0.456852791878 0 0 118 0 18 4 12 0 222 1 20 14 3 0 56 0 17 6 0 9
"17" 17 0.580291970803 0 0 6 1 39 42 148 0 18 4 1 0 0 27 4 0 158 26 23 3
"18" 18 0.132183908046 0 0 0 0 0 0 0 0 2 0 0 0 0 0 0 0 497 0 1 0
"19" 19 0.286919831224 0 1 5 4 14 234 0 0 0 0 12 0 4 196 11 0 0 7 0 12
"20" 20 0.817610062893 0 12 7 4 5 7 0 446 2 0 4 3 0 0 1 2 0 4 1 2
"21" 21 0.502590673575 0 334 20 65 14 12 1 0 10 1 8 3 1 9 2 0 5 10 0 5
"22" 22 0.43795620438 0 0 0 56 4 378 0 0 0 4 0 5 34 0 15 0 0 1 3 0
"23" 23 0.424418604651 0 6 57 68 94 49 2 0 172 0 3 7 0 18 8 0 2 11 1 2
"24" 24 0.0480769230769 0 0 0 0 0 0 0 0 0 0 0 500 0 0 0 0 0 0 0 0
"25" 25 0.264367816092 0 0 1 0 4 3 21 0 123 0 0 0 0 0 0 0 307 26 0 15
"26" 26 0.16091954023 0 0 3 0 34 103 8 0 3 0 1 0 0 112 14 2 212 5 1 2
"27" 27 0.325581395349 0 0 0 0 6 14 0 0 75 0 0 0 0 0 376 1 0 27 1 0
"28" 28 0.730569948187 0 85 28 23 72 59 19 0 43 0 13 2 1 47 4 0 50 50 0 4
"29" 29 0.884615384615 0 0 0 1 0 0 0 0 0 0 0 499 0 0 0 0 0 0 0 0
"30" 30 0.166666666667 0 0 0 0 4 1 101 0 1 0 0 0 0 0 1 0 387 0 0 5
"31" 31 0.535864978903 0 7 10 2 92 139 17 23 79 0 4 2 1 28 10 0 37 47 0 2
"32" 32 0.191387559809 0 0 0 0 6 32 0 0 20 0 0 1 421 0 6 0 4 6 0 4
"33" 33 0.192052980132 0 4 459 5 0 0 0 0 24 0 0 8 0 0 0 0 0 0 0 0
"34" 34 0.0366972477064 0 0 1 0 0 0 0 0 3 0 2 1 0 0 0 0 29 0 0 464
"35" 35 0.00512820512821 0 31 0 469 0 0 0 0 0 0 0 0 0 0 0 0 0 0 0 0
"36" 36 0.182389937107 0 0 0 0 0 0 0 498 0 0 0 0 0 0 0 1 0 1 0 0
"37" 37 0.092050209205 0 0 1 15 1 0 0 0 1 185 0 0 1 0 0 0 0 0 296 0
"38" 38 0.0443037974684 500 0 0 0 0 0 0 0 0 0 0 0 0 0 0 0 0 0 0 0
"39" 39 0.303571428571 0 0 0 0 423 10 0 0 0 0 4 0 0 2 30 0 0 8 0 23
"40" 40 0.0304568527919 0 0 1 0 0 0 481 0 0 0 4 0 0 0 0 0 14 0 0 0
"41" 41 0.0 0 0 0 0 0 0 0 0 0 0 500 0 0 0 0 0 0 0 0 0
"42" 42 0.00574712643678 0 0 0 0 0 0 0 0 12 0 5 0 0 0 0 0 482 1 0 0
"43" 43 0.0178571428571 0 0 0 0 0 0 0 0 0 0 0 0 0 0 0 0 0 500 0 0
"44" 44 0.0267857142857 0 0 2 0 212 0 0 0 16 0 95 2 0 0 0 0 0 172 0 1
"45" 45 0.0 0 0 2 0 0 0 0 0 0 0 498 0 0 0 0 0 0 0 0 0
"46" 46 0.0172413793103 0 0 1 0 0 0 0 0 3 0 20 0 0 0 0 0 476 0 0 0
"47" 47 0.306569343066 0 0 1 6 117 12 10 0 0 0 25 2 0 15 269 2 0 39 0 2
"48" 48 0.00995024875622 0 0 0 0 3 0 0 0 0 0 2 0 0 272 0 0 0 2 0 221
"49" 49 0.206751054852 0 0 1 0 0 471 0 0 0 0 2 0 0 0 23 0 0 0 1 2
"50" 50 0.522321428571 0 0 0 0 1 0 0 0 0 0 0 0 0 0 0 0 0 499 0 0
"51" 51 0.493670886076 0 25 3 237 11 89 0 0 0 5 26 0 1 22 42 10 0 5 15 9
"52" 52 0.810126582278 0 12 0 285 6 28 0 0 0 1 0 152 6 1 6 0 0 1 2 0
"53" 53 0.358208955224 0 0 0 1 17 20 0 0 0 2 0 0 0 351 0 99 0 2 7 1
"54" 54 0.0402298850575 0 0 0 0 0 0 0 0 1 0 0 0 0 0 0 0 499 0 0 0
"55" 55 0.721518987342 0 469 1 0 0 7 0 0 2 0 5 0 1 2 1 0 3 9 0 0
"56" 56 0.205357142857 0 0 0 0 0 0 0 0 0 0 0 0 0 0 0 0 0 500 0 0
"57" 57 0.0 0 0 0 0 0 0 0 0 1 0 0 0 0 0 0 0 499 0 0 0
"58" 58 0.0 0 0 0 0 0 0 415 0 0 0 0 0 0 0 0 0 85 0 0 0
"59" 59 0.0077519379845 0 0 13 0 0 0 0 0 0 0 487 0 0 0 0 0 0 0 0 0
"60" 60 0.0114942528736 0 0 1 0 0 0 1 0 12 0 0 0 0 0 0 0 486 0 0 0
"61" 61 0.0198675496689 0 0 408 0 0 0 0 0 0 0 91 1 0 0 0 0 0 0 0 0
"62" 62 0.126582278481 500 0 0 0 0 0 0 0 0 0 0 0 0 0 0 0 0 0 0 0
"63" 63 0.0288461538462 0 0 0 0 0 0 0 0 0 0 0 500 0 0 0 0 0 0 0 0
"64" 64 0.138364779874 0 1 1 0 0 0 0 497 0 0 0 1 0 0 0 0 0 0 0 0
"65" 65 0.348837209302 0 89 62 39 11 67 1 0 11 11 28 2 1 11 7 74 5 36 37 8
"66" 66 0.412556053812 0 114 103 34 20 91 0 0 17 0 42 2 0 11 12 0 3 45 1 5
"67" 67 0.0253164556962 500 0 0 0 0 0 0 0 0 0 0 0 0 0 0 0 0 0 0 0
"68" 68 0.210762331839 0 0 3 0 468 6 0 0 2 0 0 0 0 0 7 0 0 0 0 14
"69" 69 0.53125 0 29 48 53 15 66 0 0 56 2 11 2 6 19 70 3 1 103 9 7
"70" 70 0.0406976744186 0 0 1 0 0 0 0 0 87 0 411 0 0 0 0 0 1 0 0 0
"71" 71 0.0 0 0 0 0 0 0 498 0 0 0 0 0 0 0 0 0 2 0 0 0
"72" 72 0.171532846715 0 0 1 5 2 123 0 0 16 69 23 0 0 11 24 2 0 74 111 39
"73" 73 0.372093023256 0 1 2 3 19 2 24 0 36 12 13 0 1 16 0 22 1 309 25 14
"74" 74 0.0 0 0 0 0 0 0 0 0 0 0 500 0 0 0 0 0 0 0 0 0
"75" 75 0.0 0 0 0 0 0 0 0 0 0 0 0 0 0 500 0 0 0 0 0 0
"76" 76 0.062015503876 0 0 0 0 0 0 0 0 0 0 499 1 0 0 0 0 0 0 0 0
"77" 77 0.0550458715596 0 0 0 0 0 0 0 0 0 0 1 0 2 4 0 0 0 0 0 493
"78" 78 0.144230769231 0 0 0 0 0 0 0 0 0 0 0 500 0 0 0 0 0 0 0 0
"79" 79 0.0077519379845 0 0 5 0 0 0 0 0 0 0 494 1 0 0 0 0 0 0 0 0
"80" 80 0.295336787565 0 497 0 0 0 0 0 0 0 0 0 0 3 0 0 0 0 0 0 0
"81" 81 0.211678832117 0 0 0 0 0 3 0 0 1 0 0 0 0 0 496 0 0 0 0 0
"82" 82 0.00961538461538 0 0 0 0 0 0 0 0 0 0 0 500 0 0 0 0 0 0 0 0
"83" 83 0.00507614213198 0 0 0 0 0 0 470 0 0 0 0 0 0 0 0 0 30 0 0 0
"84" 84 0.0 0 0 0 0 2 0 0 0 0 0 0 0 492 6 0 0 0 0 0 0
"85" 85 0.0 0 0 0 0 0 0 104 0 0 0 0 0 0 0 0 0 396 0 0 0
"86" 86 0.308035714286 0 4 0 2 4 2 0 0 0 102 1 0 30 14 8 1 2 2 324 4
"87" 87 0.0114942528736 0 0 0 0 0 0 0 0 0 0 0 0 0 0 0 0 500 0 0 0
"88" 88 0.389937106918 0 0 0 0 0 1 0 499 0 0 0 0 0 0 0 0 0 0 0 0
"89" 89 0.572327044025 0 0 2 0 4 7 0 474 1 0 1 0 0 2 1 0 3 4 1 0
"90" 90 0.511627906977 0 163 25 43 29 45 3 0 22 0 41 7 1 15 11 0 5 80 1 9
"91" 91 0.433035714286 0 49 0 8 89 44 0 0 0 6 15 0 6 0 3 188 0 71 11 10
"92" 92 0.162790697674 0 0 4 1 3 2 0 0 2 70 296 1 19 0 0 1 0 2 99 0
"93" 93 0.584821428571 0 18 68 64 26 204 0 0 2 0 38 2 0 33 16 0 0 19 1 9
"94" 94 0.576642335766 0 7 2 50 4 27 0 0 14 12 0 0 15 32 254 0 0 4 67 12
"95" 95 0.189054726368 0 0 0 0 0 0 0 0 0 0 0 0 0 500 0 0 0 0 0 0
"96" 96 0.163461538462 0 0 5 0 0 0 0 0 16 5 0 471 0 0 1 0 0 0 2 0
"97" 97 0.0754716981132 0 0 12 0 0 0 0 470 0 0 17 0 0 0 0 1 0 0 0 0
"98" 98 0.338308457711 0 7 0 2 12 135 71 0 21 2 10 0 18 10 3 19 35 134 13 8
"99" 99 0.0313901345291 0 0 0 2 460 0 0 0 0 0 5 0 0 0 0 0 13 20 0 0
"100" 100 0.172413793103 0 0 0 1 4 0 434 0 0 0 0 0 0 0 3 0 51 1 0 6
"101" 101 0.0 0 0 1 0 0 0 0 0 0 0 497 2 0 0 0 0 0 0 0 0
"102" 102 0.36496350365 0 0 0 1 15 61 0 0 0 2 17 0 0 136 97 91 0 2 9 69
"103" 103 0.0229885057471 0 0 0 0 0 0 1 0 0 0 6 0 0 0 0 0 493 0 0 0
"104" 104 0.00995024875622 0 0 0 0 0 0 1 0 0 0 0 0 0 499 0 0 0 0 0 0
"105" 105 0.031007751938 0 0 1 0 0 0 0 0 0 0 497 2 0 0 0 0 0 0 0 0
"106" 106 0.215189873418 0 0 4 0 76 163 0 0 0 0 86 1 0 0 99 0 0 56 0 15
"107" 107 0.0 0 0 0 0 0 0 13 0 0 0 0 0 0 487 0 0 0 0 0 0
"108" 108 0.0077519379845 0 0 5 0 0 0 0 0 0 0 494 1 0 0 0 0 0 0 0 0
"109" 109 0.59375 0 32 4 70 59 117 2 0 11 1 11 1 1 70 21 2 11 65 2 20
"110" 110 0.438818565401 0 0 0 0 5 487 0 0 1 0 2 1 0 3 1 0 0 0 0 0
"111" 111 0.0848214285714 0 0 0 1 2 0 0 0 0 0 0 0 0 0 0 0 0 497 0 0
"112" 112 0.645569620253 0 12 1 140 101 83 0 0 0 2 2 70 44 0 22 1 0 18 2 2
"113" 113 0.0344827586207 0 0 2 0 0 0 0 0 32 0 25 0 0 0 0 0 441 0 0 0
"114" 114 0.305699481865 0 452 0 0 0 2 0 0 0 1 0 0 33 0 0 0 0 0 1 11
"115" 115 0.00497512437811 0 0 0 0 0 0 21 0 1 0 0 0 0 475 0 0 3 0 0 0
"116" 116 0.0 0 0 0 0 0 0 1 0 1 0 0 0 0 0 0 0 498 0 0 0
"117" 117 0.00497512437811 0 0 0 0 0 0 0 0 0 0 0 0 0 500 0 0 0 0 0 0
"118" 118 0.0348258706468 0 1 22 0 7 0 0 0 15 0 36 1 0 386 0 0 25 1 0 6
"119" 119 0.125 0 0 0 0 0 0 0 0 0 0 0 500 0 0 0 0 0 0 0 0
"120" 120 0.206751054852 0 1 6 0 1 470 0 0 0 0 9 0 1 0 8 0 2 2 0 0
"121" 121 0.219730941704 0 0 4 0 225 145 0 0 0 0 10 1 0 5 77 0 0 21 1 11
"122" 122 0.100775193798 0 8 389 2 1 0 0 0 1 0 29 0 0 35 4 0 0 31 0 0
"123" 123 0.243654822335 0 0 8 0 1 0 425 0 9 0 7 0 0 0 0 0 41 2 0 7
"124" 124 0.39896373057 0 8 0 0 7 5 88 0 5 0 1 0 0 9 0 0 26 306 0 45
"125" 125 0.316062176166 0 380 7 23 8 6 0 0 15 3 8 0 4 14 15 0 0 8 8 1
"126" 126 0.497409326425 0 1 0 301 24 108 0 0 0 0 0 10 39 0 10 0 0 7 0 0
"127" 127 0.272151898734 500 0 0 0 0 0 0 0 0 0 0 0 0 0 0 0 0 0 0 0
"128" 128 0.194871794872 0 21 0 118 0 0 0 0 0 0 1 289 57 0 7 0 0 7 0 0
"129" 129 0.390134529148 0 1 0 2 139 129 0 0 0 0 0 0 4 0 219 1 0 5 0 0
"130" 130 0.197674418605 0 0 1 0 0 0 0 0 433 0 54 7 0 3 1 0 0 1 0 0
"131" 131 0.0288461538462 0 0 10 0 0 0 0 14 0 0 86 389 0 0 0 1 0 0 0 0
"132" 132 0.215246636771 0 64 3 21 51 70 12 0 15 4 67 7 3 30 15 11 16 42 58 11
"133" 133 0.275229357798 0 1 0 2 3 49 1 0 0 16 2 0 1 369 7 3 0 5 25 16
"134" 134 0.0 0 0 1 0 0 0 0 0 447 0 49 0 0 0 0 0 3 0 0 0
"135" 135 0.0 0 0 9 0 0 0 0 0 0 0 489 2 0 0 0 0 0 0 0 0
"136" 136 0.423076923077 0 20 20 13 53 115 0 0 62 0 90 0 2 39 5 1 0 52 9 19
"137" 137 0.330543933054 0 0 1 6 2 3 2 0 0 237 10 0 7 66 3 0 0 4 157 2
"138" 138 0.109452736318 0 0 0 0 0 0 0 0 0 0 0 0 0 500 0 0 0 0 0 0
"139" 139 0.772020725389 0 21 0 171 4 41 0 0 0 0 0 96 132 0 13 2 0 9 11 0
"140" 140 0.170212765957 0 0 0 0 0 0 0 0 0 0 0 0 0 0 0 500 0 0 0 0
"141" 141 0.301886792453 0 0 0 0 1 0 0 497 0 0 1 0 0 1 0 0 0 0 0 0
"142" 142 0.367713004484 0 0 20 1 12 24 210 0 17 7 63 2 0 0 3 2 17 22 16 84
"143" 143 0.0 0 0 0 0 0 0 0 0 0 0 0 500 0 0 0 0 0 0 0 0
"144" 144 0.0348837209302 0 1 326 4 1 0 0 0 83 0 47 13 1 16 0 0 0 4 0 4
"145" 145 0.192468619247 0 20 1 316 0 41 0 0 0 0 8 4 18 0 90 0 0 1 0 1
"146" 146 0.0 0 0 1 0 0 0 0 0 0 0 499 0 0 0 0 0 0 0 0 0
"147" 147 0.0860927152318 0 0 28 1 0 8 178 0 68 0 11 0 0 0 5 0 196 0 0 5
"148" 148 0.367713004484 0 0 25 0 34 43 0 0 2 17 8 0 22 38 68 2 0 110 68 63
"149" 149 0.0229885057471 0 0 0 0 0 0 74 0 0 0 0 0 0 0 0 0 426 0 0 0
"150" 150 0.226744186047 0 3 14 2 52 53 33 0 26 5 7 0 3 57 42 0 100 57 38 8
"151" 151 0.114427860697 0 0 0 0 0 1 0 0 1 0 1 0 0 381 0 0 116 0 0 0
"152" 152 0.433035714286 0 156 7 76 17 25 3 0 2 0 16 0 0 144 27 0 13 13 0 1
"153" 153 0.625 0 0 0 0 0 0 0 0 0 0 0 500 0 0 0 0 0 0 0 0
"154" 154 0.528497409326 0 104 17 182 48 42 2 0 33 0 11 10 3 17 1 0 1 18 4 7
"155" 155 0.244725738397 0 0 5 1 42 106 19 0 82 46 1 0 8 0 31 0 15 8 93 43
"156" 156 0.0 0 0 0 0 0 0 0 0 0 0 0 0 0 500 0 0 0 0 0 0
"157" 157 0.35864978903 0 7 0 21 10 133 76 0 5 0 3 0 0 12 68 0 74 88 0 3
"158" 158 0.0 0 0 0 0 0 0 0 0 0 0 0 0 0 0 0 0 500 0 0 0
"159" 159 0.290178571429 0 0 0 0 20 63 3 0 13 0 0 0 0 106 58 0 154 70 0 13
"160" 160 0.131386861314 0 0 0 0 3 0 0 0 0 0 0 0 0 0 497 0 0 0 0 0
"161" 161 0.254464285714 0 2 5 6 29 10 7 0 0 1 1 0 0 14 399 0 20 2 3 1
"162" 162 0.319796954315 0 0 0 0 0 0 444 0 5 0 0 0 0 0 5 0 45 0 0 1
"163" 163 0.943005181347 0 143 19 29 18 38 1 104 17 1 32 8 0 10 6 0 1 71 0 2
"164" 164 0.817307692308 0 65 5 225 39 21 1 0 33 2 5 12 14 24 4 9 0 18 15 8
"165" 165 0.326923076923 0 0 0 0 0 0 0 0 0 0 0 500 0 0 0 0 0 0 0 0
"166" 166 0.437810945274 0 6 13 9 12 50 7 0 73 15 8 2 5 160 8 0 23 37 69 3
"167" 167 0.321428571429 0 1 8 0 111 4 0 0 0 1 1 0 0 113 13 0 0 240 0 8
"168" 168 0.459302325581 0 6 8 4 8 20 70 0 100 0 0 0 0 11 9 0 151 89 0 24
"169" 169 0.28855721393 0 1 0 2 6 1 0 0 4 2 2 0 0 108 6 0 356 8 0 4
"170" 170 0.64598540146 0 0 0 2 11 4 111 0 16 42 0 0 3 41 13 0 144 10 100 3
"171" 171 0.0796019900498 0 0 0 0 0 0 0 0 0 0 0 0 0 500 0 0 0 0 0 0
"172" 172 0.582278481013 0 1 16 2 122 100 22 0 38 0 7 0 1 42 14 0 64 66 4 1
"173" 173 0.174129353234 0 0 0 0 0 0 0 0 0 0 0 0 0 499 0 0 0 0 0 1
"174" 174 0.276729559748 0 0 0 0 0 0 0 500 0 0 0 0 0 0 0 0 0 0 0 0
"175" 175 0.0 0 0 78 0 0 0 0 0 5 0 414 3 0 0 0 0 0 0 0 0
"176" 176 0.0 0 0 0 0 0 0 0 0 0 0 0 0 0 0 0 0 500 0 0 0
"177" 177 0.0 0 0 1 0 0 0 0 0 1 0 0 0 0 0 0 0 498 0 0 0
"178" 178 0.00581395348837 0 0 24 0 28 0 0 0 323 0 124 1 0 0 0 0 0 0 0 0
"179" 179 0.0 0 0 5 0 0 0 0 0 0 0 495 0 0 0 0 0 0 0 0 0
"180" 180 0.0777202072539 0 475 1 0 0 0 0 0 0 0 13 0 11 0 0 0 0 0 0 0
"181" 181 0.492537313433 0 5 56 8 6 11 0 0 3 0 39 5 0 41 4 0 0 318 0 4
"182" 182 0.664233576642 0 21 1 101 49 34 0 0 1 0 13 171 1 42 7 0 0 29 1 29
"183" 183 0.0597014925373 0 0 0 0 0 0 0 0 0 0 0 0 0 500 0 0 0 0 0 0
"184" 184 0.0871794871795 0 0 4 319 0 0 0 0 171 0 4 2 0 0 0 0 0 0 0 0
"185" 185 0.741071428571 0 33 8 28 91 27 102 0 27 1 1 0 2 32 2 0 118 23 1 4
"186" 186 0.201257861635 0 0 0 0 0 0 0 500 0 0 0 0 0 0 0 0 0 0 0 0
"187" 187 0.273722627737 0 0 0 0 0 0 0 0 0 0 0 0 0 0 500 0 0 0 0 0
"188" 188 0.817490494297 0 22 21 35 123 53 15 0 13 4 18 7 2 79 6 0 21 56 10 15
"189" 189 0.232558139535 0 0 9 0 0 0 0 25 0 0 464 1 0 0 0 0 1 0 0 0
"190" 190 0.424418604651 0 0 35 18 207 51 0 0 48 1 5 5 0 56 50 0 0 15 5 4
"191" 191 0.666666666667 0 76 6 7 7 33 7 33 65 1 16 7 2 21 5 0 14 195 2 3
"192" 192 0.440251572327 0 109 49 45 8 24 2 6 15 0 17 2 4 0 7 1 1 199 7 4
"193" 193 0.333333333333 0 10 1 15 167 16 0 0 0 0 16 0 1 51 46 42 0 124 0 11
"194" 194 0.375634517766 0 0 0 3 18 194 18 0 1 0 9 0 0 138 12 67 0 4 18 18
"195" 195 0.467889908257 0 4 0 11 18 351 27 0 0 0 11 1 1 14 28 0 7 23 1 3
"196" 196 0.556962025316 0 36 3 38 33 142 6 0 7 0 45 3 0 30 22 2 0 130 0 3
"197" 197 0.015503875969 0 0 0 0 0 0 0 0 0 0 500 0 0 0 0 0 0 0 0 0
"198" 198 0.518987341772 0 13 4 21 75 101 2 0 6 4 39 4 1 117 18 5 0 56 18 16
"199" 199 0.696202531646 0 24 0 65 40 186 2 0 1 0 28 2 1 58 36 3 7 37 0 10
"200" 200 0.274261603376 0 0 0 2 0 346 0 0 0 0 1 0 0 63 87 0 0 1 0 0
"201" 201 0.620253164557 0 10 26 26 186 46 1 0 61 0 11 6 2 68 5 2 3 29 9 9
"202" 202 0.0456852791878 0 0 0 0 0 0 498 0 0 0 0 0 0 0 0 0 2 0 0 0
"203" 203 0.379464285714 0 2 0 0 7 1 4 0 2 0 0 0 0 7 0 0 5 471 0 1
"204" 204 0.367816091954 0 0 4 0 2 13 42 0 2 0 0 0 0 0 14 0 414 6 0 3
"205" 205 0.0964467005076 0 0 0 0 1 0 340 0 18 0 1 0 0 0 122 0 18 0 0 0
"206" 206 0.464135021097 0 0 17 6 22 135 0 0 174 8 6 0 3 0 15 8 3 47 34 22
"207" 207 0.0817610062893 0 0 0 0 0 0 0 499 0 0 1 0 0 0 0 0 0 0 0 0
"208" 208 0.528846153846 0 75 101 59 14 52 2 0 25 0 53 6 0 34 16 7 1 45 0 10
"209" 209 0.580310880829 0 397 5 0 8 2 0 0 3 0 10 0 58 0 0 0 1 9 5 2
"210" 210 0.134328358209 0 0 0 0 0 0 0 0 0 0 0 0 0 500 0 0 0 0 0 0
"211" 211 0.653846153846 0 0 0 0 0 0 0 0 0 0 0 500 0 0 0 0 0 0 0 0
"212" 212 0.051724137931 0 0 0 0 0 0 0 0 0 0 0 0 0 0 0 0 500 0 0 0
"213" 213 0.549222797927 0 23 224 35 40 33 0 0 2 0 31 7 3 32 13 2 0 39 5 11
"214" 214 0.199004975124 0 0 1 0 0 0 0 0 21 0 0 0 0 478 0 0 0 0 0 0
"215" 215 0.453488372093 0 22 34 12 38 36 7 0 39 2 13 2 6 10 14 1 20 231 12 1
"216" 216 0.284768211921 0 0 366 0 0 0 0 0 0 0 132 2 0 0 0 0 0 0 0 0
"217" 217 0.818565400844 0 179 12 64 31 29 3 0 89 3 2 10 6 13 15 1 4 16 19 4
"218" 218 0.731343283582 0 13 18 22 111 11 8 0 0 6 6 3 4 115 5 2 11 25 11 129
"219" 219 0.708609271523 0 0 193 0 32 129 0 0 2 10 11 1 2 9 38 0 6 15 48 4
"220" 220 0.632183908046 0 2 2 2 67 116 76 0 96 0 4 0 0 9 1 1 112 4 0 8
"221" 221 0.781725888325 0 50 9 8 18 58 40 0 54 2 17 8 7 28 4 0 49 145 0 3
"222" 222 0.291390728477 0 0 59 0 19 233 0 0 0 3 38 2 8 0 89 0 0 15 2 32
"223" 223 0.235632183908 0 0 0 0 27 0 1 0 2 0 0 0 1 0 0 1 468 0 0 0
"224" 224 0.504464285714 0 0 4 0 5 5 6 0 89 0 1 1 0 0 0 0 23 366 0 0
"225" 225 0.580310880829 0 1 30 8 6 182 0 88 10 0 47 2 0 3 31 0 5 60 0 27
"226" 226 0.666666666667 0 10 16 1 1 0 0 463 1 0 1 4 0 2 0 0 0 1 0 0
"227" 227 0.823899371069 0 2 7 1 5 3 0 468 5 0 0 0 0 1 0 0 0 7 0 1
"228" 228 0.85201793722 0 0 30 3 272 22 1 0 94 6 1 2 6 26 7 2 1 18 7 2
"229" 229 0.875912408759 0 21 30 22 50 61 26 0 105 0 7 7 0 13 12 0 71 72 0 3
"230" 230 0.755813953488 0 17 57 10 55 60 9 4 110 1 17 0 6 14 6 2 28 88 11 5
"231" 231 0.744186046512 0 39 162 7 16 29 0 99 19 0 33 2 14 13 5 0 6 54 0 2
"232" 232 0.759615384615 0 0 29 0 0 0 0 0 1 0 0 470 0 0 0 0 0 0 0 0
"233" 233 0.701149425287 0 2 19 3 10 14 42 0 115 33 6 3 5 10 24 11 135 7 56 5
"234" 234 0.835443037975 0 6 16 15 51 29 64 0 119 0 3 0 0 26 18 0 95 54 2 2
"235" 235 0.258620689655 0 0 0 0 0 0 0 0 48 58 1 1 19 0 0 0 356 0 17 0
"236" 236 0.611607142857 0 167 35 105 11 56 3 0 30 0 11 3 0 17 6 0 8 41 2 5
"237" 237 0.383720930233 0 0 58 0 1 0 0 0 427 1 3 3 0 0 1 0 0 1 5 0
"238" 238 0.656976744186 0 134 19 20 36 35 18 0 82 3 34 12 0 13 5 0 23 56 2 8
"239" 239 0.696428571429 0 169 18 56 52 40 1 0 13 0 33 10 0 22 8 0 6 62 0 10
"240" 240 0.259067357513 0 102 0 1 70 4 0 0 25 0 21 0 164 0 8 0 4 95 0 6
"241" 241 0.398009950249 0 3 1 0 17 134 0 0 0 0 28 0 1 142 26 0 0 136 5 7
"242" 242 0.333333333333 0 14 1 32 32 133 52 0 14 1 43 0 1 58 30 1 38 31 2 17
"243" 243 0.317829457364 0 41 12 65 30 65 11 0 30 3 73 8 0 13 109 4 0 28 5 3
"244" 244 0.303797468354 0 2 2 0 125 14 6 0 4 0 55 12 1 8 51 2 13 181 0 24
"245" 245 0.298507462687 0 5 1 13 21 25 0 0 0 0 13 0 0 225 133 0 0 52 1 11
"246" 246 0.518987341772 0 0 18 0 28 181 5 0 0 0 119 7 10 0 37 1 1 72 2 19
"247" 247 0.651785714286 0 16 0 46 24 167 5 0 0 0 37 0 3 43 57 0 1 95 0 6
"248" 248 0.51269035533 0 64 0 113 66 20 0 0 6 34 3 1 5 68 13 0 0 32 35 40
"249" 249 0.5 0 0 0 1 0 0 0 0 0 0 0 499 0 0 0 0 0 0 0 0
"250" 250 0.660583941606 0 6 0 6 109 61 11 0 1 9 1 0 9 53 10 0 49 101 69 5
"251" 251 0.664974619289 0 3 8 4 90 70 17 0 4 0 26 61 0 16 40 0 129 13 0 19
