"site" "RSA" "aa1" "aa2" "aa3" "aa4" "aa5" "aa6" "aa7" "aa8" "aa9" "aa10" "aa11" "aa12" "aa13" "aa14" "aa15" "aa16" "aa17" "aa18" "aa19" "aa20"
"0" 0 0.230769230769 0 0 0 0 0 0 0 0 0 0 0 36 0 0 0 0 0 0 0 0
"1" 1 0.558974358974 0 0 1 8 4 1 3 0 1 0 1 4 0 10 0 0 2 0 0 1
"2" 2 0.43654822335 0 0 7 0 1 0 7 1 6 3 3 1 0 0 0 1 5 0 2 1
"3" 3 0.071129707113 0 0 0 0 0 0 8 0 1 15 2 0 0 5 0 0 6 0 1 4
"4" 4 0.0697674418605 0 0 29 0 1 0 0 0 2 0 5 4 0 1 1 0 0 0 1 0
"5" 5 0.507692307692 0 0 10 6 1 15 0 0 2 0 0 2 0 1 7 0 0 0 0 0
"6" 6 0.0945273631841 0 0 0 0 0 0 8 1 0 2 1 1 0 26 0 1 2 0 1 1
"7" 7 0.0 0 0 1 0 0 0 3 0 0 27 3 0 0 6 0 3 0 0 1 2
"8" 8 0.447257383966 0 2 15 2 1 9 0 0 2 0 3 4 0 0 5 0 0 3 0 1
"9" 9 0.528846153846 0 0 9 1 1 11 0 0 0 0 3 7 0 1 12 1 1 0 0 0
"10" 10 0.134328358209 0 0 0 0 0 0 1 0 0 7 0 0 0 32 0 2 4 0 1 1
"11" 11 0.317991631799 0 0 0 0 0 1 1 0 0 31 0 0 1 10 0 3 0 0 1 0
"12" 12 0.615384615385 0 0 8 0 0 0 0 3 1 0 2 31 0 0 0 1 0 2 0 0
"13" 13 0.573839662447 0 3 8 6 2 27 0 0 3 0 0 0 0 0 2 0 0 1 0 0
"14" 14 0.772151898734 0 1 1 0 6 31 0 0 1 0 1 0 0 0 5 0 0 0 1 5
"15" 15 0.352678571429 0 2 0 0 4 1 0 1 0 0 1 0 1 0 0 0 0 42 0 0
"16" 16 0.0596330275229 0 0 0 0 0 0 4 0 1 0 4 0 0 3 0 1 10 0 0 30
"17" 17 0.120437956204 0 0 0 0 0 2 0 0 0 0 1 1 0 0 49 0 0 0 0 0
"18" 18 0.0 0 0 0 0 0 0 41 0 0 0 0 0 0 5 0 0 7 0 0 0
"19" 19 0.0 0 0 0 0 0 0 0 1 0 0 0 0 0 45 0 0 6 0 0 1
"20" 20 0.0 0 0 0 0 0 0 7 0 2 0 0 0 0 1 0 0 3 0 0 40
"21" 21 0.0 0 0 0 0 0 0 1 0 0 0 0 0 0 25 0 0 26 0 0 0
"22" 22 0.0 0 0 0 0 0 0 0 0 0 0 0 52 0 0 0 0 0 0 0 0
"23" 23 0.0696517412935 0 0 0 0 0 0 0 0 0 0 0 0 0 52 0 0 0 0 0 0
"24" 24 0.424870466321 0 52 0 0 0 0 0 0 0 0 0 0 0 0 0 0 0 0 0 0
"25" 25 0.527131782946 1 1 3 6 0 1 0 0 0 0 32 6 0 0 0 0 1 1 0 0
"26" 26 0.015503875969 0 0 5 0 0 0 0 0 0 0 47 0 0 0 0 0 0 0 0 0
"27" 27 0.115384615385 0 0 0 0 0 0 0 0 0 0 0 52 0 0 0 0 0 0 0 0
"28" 28 0.0295358649789 0 0 0 0 0 52 0 0 0 0 0 0 0 0 0 0 0 0 0 0
"29" 29 0.348837209302 0 0 0 0 0 0 0 0 52 0 0 0 0 0 0 0 0 0 0 0
"30" 30 0.343023255814 0 0 1 0 0 0 0 0 50 0 1 0 0 0 0 0 0 0 0 0
"31" 31 0.010152284264 0 0 0 0 0 0 45 0 1 0 0 0 0 2 0 0 4 0 0 0
"32" 32 0.00995024875622 0 0 0 0 0 0 0 0 0 0 0 0 0 52 0 0 0 0 0 0
"33" 33 0.608365019011 0 0 0 0 0 0 0 0 0 3 0 0 0 0 0 0 0 0 48 0
"34" 34 0.345991561181 0 0 0 1 0 37 0 0 0 0 0 0 1 0 12 0 0 0 0 0
"35" 35 0.0199004975124 0 0 0 0 0 0 0 0 0 0 0 0 0 50 0 0 1 0 0 0
"36" 36 0.573839662447 0 0 0 0 9 40 0 0 0 0 0 0 1 0 0 0 0 0 0 1
"37" 37 0.0547263681592 0 0 1 0 3 0 4 0 0 0 0 0 0 37 0 0 5 0 0 2
"38" 38 0.394230769231 0 5 0 6 1 0 0 0 0 0 0 40 0 0 0 0 0 0 0 0
"39" 39 0.705357142857 0 3 0 0 6 2 0 0 0 0 0 0 0 0 0 0 0 41 0 0
"40" 40 0.248730964467 0 2 2 0 0 1 14 1 2 3 2 0 1 0 0 0 24 0 0 0
"41" 41 0.396551724138 0 0 0 0 0 1 4 0 0 0 0 0 0 1 0 0 43 0 0 3
"42" 42 0.453488372093 0 0 5 1 4 1 1 0 35 0 0 0 1 1 2 0 1 0 0 0
"43" 43 0.401162790698 0 0 3 0 0 0 0 1 48 0 0 0 0 0 0 0 0 0 0 0
"44" 44 0.502538071066 0 0 0 0 0 1 44 0 1 0 0 0 0 0 0 0 6 0 0 0
"45" 45 0.295597484277 0 0 0 0 0 0 0 51 0 0 0 0 0 0 1 0 0 0 0 0
"46" 46 0.279069767442 0 0 1 0 0 0 0 0 52 0 0 0 0 0 0 0 0 0 0 0
"47" 47 0.680203045685 0 0 0 0 0 0 44 0 0 0 0 0 0 1 0 0 8 0 0 0
"48" 48 0.471153846154 0 0 0 0 0 0 0 0 0 0 0 53 0 0 0 0 0 0 0 0
"49" 49 0.0209205020921 0 0 0 0 0 0 0 0 0 54 0 0 0 0 0 0 0 0 0 0
"50" 50 0.466666666667 0 0 0 54 0 0 0 0 0 0 0 0 0 0 0 0 0 0 0 0
"51" 51 0.0 0 0 0 0 0 0 0 0 0 0 0 0 0 1 0 0 53 0 0 0
"52" 52 0.133928571429 0 0 0 0 0 1 0 0 0 0 0 0 0 0 0 0 0 53 0 0
"53" 53 0.21511627907 0 0 4 0 2 2 1 0 42 0 1 0 0 0 0 0 1 1 0 0
"54" 54 0.0172413793103 0 0 0 0 0 0 3 0 0 1 0 0 0 2 0 0 48 0 0 0
"55" 55 0.540178571429 0 1 2 0 5 1 0 0 12 0 0 0 0 0 0 0 2 31 0 0
"56" 56 0.239543726236 0 0 0 0 0 0 0 0 0 0 0 0 1 1 0 0 0 0 52 0
"57" 57 0.409282700422 0 0 0 1 0 49 0 0 0 0 0 0 0 0 4 0 0 0 0 0
"58" 58 0.0769230769231 0 0 0 52 0 1 0 0 0 0 0 1 0 0 0 0 0 0 0 0
"59" 59 0.0 0 0 0 0 0 0 31 0 2 0 1 0 0 12 0 0 8 0 0 0
"60" 60 0.0198675496689 2 0 20 6 2 20 0 0 2 0 0 0 1 0 1 0 0 0 0 0
"61" 61 0.00418410041841 0 0 0 0 0 0 0 0 0 50 0 0 0 3 0 0 0 0 0 1
"62" 62 0.00581395348837 0 0 2 13 9 0 0 0 30 0 0 0 0 0 0 0 0 0 0 0
"63" 63 0.0 0 0 1 0 0 0 7 0 0 0 0 0 0 0 0 0 43 0 0 3
"64" 64 0.0106382978723 0 0 0 0 0 0 0 0 0 0 0 0 0 0 0 53 0 0 0 0
"65" 65 0.419689119171 0 53 0 0 0 0 0 0 0 0 0 0 0 0 0 0 0 0 0 0
"66" 66 0.051724137931 0 0 0 0 0 0 6 0 0 0 0 0 0 11 0 0 37 0 0 0
"67" 67 0.298076923077 0 0 0 0 0 0 0 0 0 0 0 54 0 0 0 0 0 0 0 0
"68" 68 0.634615384615 1 0 0 0 0 0 0 0 0 0 0 53 0 0 0 0 0 0 0 0
"69" 69 0.165919282511 0 1 0 0 49 2 0 0 0 0 0 0 0 0 2 0 0 0 0 0
"70" 70 0.373056994819 0 30 3 2 4 0 0 1 10 0 0 0 2 0 0 0 0 1 0 0
"71" 71 0.637130801688 0 0 12 0 0 35 1 0 0 0 0 0 0 0 3 0 2 0 0 0
"72" 72 0.558375634518 0 0 0 1 0 0 43 0 0 0 1 0 0 8 0 0 0 0 0 0
"73" 73 0.543795620438 0 0 0 0 0 0 0 0 0 0 0 0 0 0 53 1 0 0 0 0
"74" 74 0.220125786164 0 0 0 0 0 0 0 48 0 0 1 0 0 3 2 0 0 0 0 0
"75" 75 0.26368159204 0 0 0 0 0 0 0 0 0 0 0 0 0 43 0 0 0 0 11 0
"76" 76 0.0780141843972 0 0 0 0 0 0 0 0 0 0 0 0 0 0 0 54 0 0 0 0
"77" 77 0.448905109489 0 0 1 0 0 8 0 0 0 0 0 0 1 0 44 0 0 0 0 0
"78" 78 0.66985645933 11 0 0 0 0 0 0 0 0 0 0 0 37 1 0 0 0 0 5 0
"79" 79 0.167300380228 0 0 0 0 0 0 0 0 0 0 0 0 0 0 0 0 0 0 54 0
"80" 80 0.00836820083682 0 0 0 0 0 0 1 0 0 23 0 0 0 0 0 0 0 0 30 0
"81" 81 0.461883408072 0 1 11 1 23 0 0 5 6 1 3 0 0 2 0 0 0 0 1 0
"82" 82 0.189743589744 1 1 0 39 0 1 0 0 1 0 1 8 0 0 0 0 0 1 0 0
"83" 83 0.0232558139535 0 0 2 0 0 0 1 0 46 0 1 0 0 0 0 0 3 0 0 0
"84" 84 0.313901345291 0 10 2 2 31 3 1 0 1 0 1 0 1 0 0 0 0 1 0 0
"85" 85 0.0 0 0 0 0 0 0 0 0 0 0 21 32 0 0 0 0 0 0 0 0
"86" 86 0.0149253731343 0 0 0 0 0 0 13 0 0 0 0 0 0 31 0 0 9 0 0 0
"87" 87 0.010152284264 0 0 0 0 0 0 51 0 0 0 0 0 0 0 0 0 2 0 0 0
"88" 88 0.00418410041841 0 0 0 0 0 0 0 0 0 39 0 0 0 0 0 0 0 0 14 0
"89" 89 0.0 0 0 0 0 0 0 0 0 0 0 0 0 0 0 0 0 53 0 0 0
"90" 90 0.0402298850575 0 0 1 0 0 0 8 0 0 0 0 0 0 1 0 0 43 0 0 0
"91" 91 0.145077720207 0 53 0 0 0 0 0 0 0 0 0 0 0 0 0 0 0 0 0 0
"92" 92 0.0 2 0 49 0 0 0 0 0 0 0 2 0 0 0 0 0 0 0 0 0
"93" 93 0.230769230769 1 0 12 25 0 0 0 0 4 0 9 0 0 1 0 0 1 0 0 0
"94" 94 0.150259067358 0 50 0 1 0 0 0 0 0 0 1 0 1 0 0 0 0 0 0 0
"95" 95 0.379562043796 1 0 3 0 3 3 1 1 4 0 2 1 1 1 32 0 0 0 0 0
"96" 96 0.638392857143 0 13 3 3 0 0 0 0 0 0 1 1 1 0 0 0 0 31 0 0
"97" 97 0.288321167883 0 0 0 0 0 0 0 0 0 0 0 0 0 0 53 0 0 0 0 0
"98" 98 0.0459770114943 0 0 0 0 0 0 26 0 0 0 0 0 0 12 0 0 9 0 0 6
"99" 99 0.507692307692 0 9 5 7 2 0 1 4 0 0 2 10 0 1 1 0 1 10 0 0
"100" 100 0.272321428571 0 7 0 0 0 2 5 0 6 0 0 0 0 0 0 0 3 30 0 1
"101" 101 0.0232558139535 0 0 5 0 0 0 0 0 1 0 45 0 0 0 0 0 2 0 0 1
"102" 102 0.332116788321 1 0 2 0 0 12 0 0 1 0 5 1 1 0 29 0 0 0 2 0
"103" 103 0.419642857143 0 11 3 4 6 2 0 0 2 0 2 1 0 0 0 0 3 20 0 0
"104" 104 0.03125 0 0 0 0 0 0 0 0 0 0 0 0 0 0 0 0 1 53 0 0
"105" 105 0.0 0 0 0 0 0 0 1 1 0 3 0 0 0 49 0 0 0 0 0 0
"106" 106 0.238532110092 0 2 1 0 5 3 0 0 0 2 5 1 18 2 0 0 3 1 2 9
"107" 107 0.474452554745 0 1 4 4 1 11 1 0 4 0 6 0 0 0 20 0 0 0 1 1
"108" 108 0.0229357798165 0 0 0 0 0 0 14 0 0 0 0 0 0 11 0 0 2 0 1 26
"109" 109 0.0696517412935 0 0 0 0 0 0 9 0 0 1 0 0 0 40 0 0 1 0 0 3
"110" 110 0.581395348837 0 1 8 10 3 4 0 0 3 0 8 7 0 2 0 0 1 6 0 1
"111" 111 0.232142857143 0 15 0 0 0 0 0 0 0 0 0 0 0 0 0 0 1 38 0 0
"112" 112 0.678756476684 0 25 0 0 0 4 1 3 0 0 0 0 1 1 6 0 0 13 0 0
"113" 113 0.428571428571 0 3 0 0 2 0 0 0 0 0 1 0 0 1 0 0 0 46 1 0
"114" 114 0.00497512437811 0 0 0 0 0 0 0 0 0 0 0 0 0 42 0 0 0 0 0 12
"115" 115 0.448905109489 0 0 1 1 1 16 0 0 0 0 1 0 0 0 33 0 0 1 0 0
"116" 116 0.642487046632 0 33 1 7 0 4 0 0 0 0 0 4 0 0 1 0 1 3 0 0
"117" 117 0.0232558139535 5 0 5 0 0 0 0 0 1 0 39 0 0 0 0 0 4 0 0 0
"118" 118 0.0114942528736 1 0 1 0 0 3 7 2 1 0 6 0 0 11 0 0 21 0 1 0
"119" 119 0.00497512437811 0 0 0 0 0 0 4 0 0 1 0 0 0 44 0 0 5 0 0 0
"120" 120 0.0 0 0 0 0 0 0 0 0 1 0 0 0 0 51 0 0 2 0 0 0
"121" 121 0.0 0 0 0 0 0 0 8 0 0 0 0 0 0 1 0 0 45 0 0 0
"122" 122 0.00418410041841 0 0 0 0 0 0 0 0 0 40 0 0 0 8 0 1 0 0 4 1
"123" 123 0.0 0 0 0 0 0 0 0 0 0 0 53 1 0 0 0 0 0 0 0 0
"124" 124 0.025641025641 0 0 0 53 0 0 0 0 1 0 0 0 0 0 0 0 0 0 0 0
"125" 125 0.227848101266 0 0 0 0 0 54 0 0 0 0 0 0 0 0 0 0 0 0 0 0
"126" 126 0.22869955157 0 0 0 0 51 0 0 0 0 1 0 0 2 0 0 0 0 0 0 0
"127" 127 0.538860103627 0 53 0 0 0 0 0 0 0 0 0 1 0 0 0 0 0 0 0 0
"128" 128 0.298507462687 0 0 2 0 3 0 3 0 0 0 1 0 0 36 0 0 4 0 0 5
"129" 129 0.805031446541 0 0 1 0 1 4 0 38 1 0 3 0 0 0 0 0 0 4 0 0
"130" 130 0.476923076923 0 4 1 23 4 3 0 0 1 0 0 15 1 0 0 0 0 1 1 0
"131" 131 0.147286821705 1 0 1 0 1 0 0 0 0 0 50 0 0 0 0 0 1 0 0 0
"132" 132 0.0229357798165 0 0 0 0 1 2 1 0 1 0 1 0 0 12 0 0 3 0 0 33
"133" 133 0.415384615385 0 5 18 7 0 3 0 4 10 0 4 1 1 0 1 0 0 0 0 0
"134" 134 0.22480620155 2 2 0 0 0 0 3 14 4 0 12 0 0 1 0 0 14 1 0 1
"135" 135 0.527131782946 1 4 8 1 4 2 0 1 7 0 19 2 1 0 0 0 1 3 0 0
"136" 136 0.330357142857 0 6 0 1 6 1 0 0 2 0 3 0 0 0 0 0 1 34 0 0
"137" 137 0.0 0 0 0 0 0 0 28 0 0 0 0 0 0 9 0 0 16 0 0 1
"138" 138 0.0813953488372 1 0 10 0 1 1 1 0 28 0 6 1 2 0 1 0 1 0 0 1
"139" 139 0.668393782383 0 18 3 4 2 3 0 0 2 0 0 0 0 0 0 0 0 22 0 0
"140" 140 0.481012658228 0 0 2 1 0 29 0 0 0 1 10 2 0 2 5 0 2 0 0 0
"141" 141 0.0 0 0 0 0 0 0 2 0 0 0 0 0 0 52 0 0 0 0 0 0
"142" 142 0.125 1 0 5 2 6 3 0 0 0 0 1 28 0 0 1 0 0 6 0 1
"143" 143 0.0 0 0 0 0 0 0 0 0 0 0 0 0 0 54 0 0 0 0 0 0
"144" 144 0.626794258373 0 7 7 4 4 0 0 3 5 1 1 1 16 1 2 0 0 2 0 0
"145" 145 0.516556291391 0 3 16 2 2 11 0 0 5 1 6 2 1 0 0 0 0 5 0 0
"146" 146 0.124378109453 0 0 0 0 1 0 7 0 0 1 0 0 0 39 0 0 2 0 0 4
"147" 147 0.678832116788 3 0 2 0 1 19 0 0 0 0 0 3 2 0 22 0 1 1 0 0
"148" 148 0.918660287081 1 13 4 14 5 1 0 0 1 0 0 5 5 0 0 0 0 2 0 0
"149" 149 0.109489051095 0 0 0 1 1 2 0 1 0 0 0 0 1 0 48 0 0 0 0 0
"150" 150 0.348717948718 0 3 4 9 9 6 2 3 5 0 0 0 1 2 4 0 1 5 0 0
"151" 151 0.191489361702 0 0 0 0 0 0 0 0 0 2 0 0 0 0 0 50 0 0 2 0
"152" 152 0.307984790875 1 0 7 1 4 1 0 0 0 7 3 0 5 0 0 0 0 0 24 0
"153" 153 0.147208121827 2 0 0 0 0 0 32 0 0 0 0 0 0 1 1 0 17 0 0 1
"154" 154 0.116591928251 0 0 0 1 40 0 1 0 0 6 0 0 0 0 1 1 3 1 0 0
"155" 155 0.279069767442 0 0 6 0 0 6 0 11 3 0 16 8 0 0 1 0 1 1 0 1
"156" 156 0.0 8 0 11 0 0 0 0 0 32 0 3 0 0 0 0 0 0 0 0 0
"157" 157 0.0443037974684 35 3 13 1 0 0 2 0 0 0 0 0 0 0 0 0 0 0 0 0
"158" 158 0.0232558139535 0 0 0 0 0 0 0 0 0 0 53 1 0 0 0 0 0 0 0 0
"159" 159 0.540697674419 0 0 0 0 0 4 7 0 27 0 0 0 0 8 3 0 4 0 0 0
"160" 160 0.556291390728 0 3 17 2 5 11 0 0 10 0 1 0 0 1 0 0 0 3 0 0
"161" 161 0.221153846154 0 0 0 0 0 1 0 0 0 0 2 50 0 0 0 0 0 0 0 0
"162" 162 0.528497409326 0 19 3 3 5 2 1 0 6 0 2 0 1 0 1 0 0 9 0 1
"163" 163 0.0 0 0 0 0 0 0 0 0 0 0 0 53 0 0 0 0 0 0 0 0
"164" 164 0.00497512437811 0 0 0 0 0 0 3 0 0 0 0 0 0 49 0 0 1 0 0 0
"165" 165 0.319391634981 0 4 0 0 2 0 0 0 2 6 0 0 2 2 0 1 1 4 28 0
"166" 166 0.370535714286 0 6 0 0 3 0 0 0 0 0 0 1 0 0 0 0 0 42 0 0
"167" 167 0.0 0 0 0 0 0 0 0 0 0 0 4 48 0 0 0 0 0 0 0 0
"168" 168 0.0149253731343 0 0 0 0 0 0 0 0 0 4 0 0 0 42 0 0 0 0 0 6
"169" 169 0.331606217617 0 35 1 2 0 0 0 0 1 0 2 2 0 0 1 0 0 8 0 0
"170" 170 0.131205673759 0 0 0 0 0 0 0 0 0 0 0 0 0 0 0 52 0 0 0 0
"171" 171 0.0 0 0 0 0 0 0 1 0 0 0 0 0 0 51 0 0 0 0 0 0
"172" 172 0.0662251655629 2 0 28 0 0 0 0 0 2 0 10 0 0 1 0 0 7 0 0 1
"173" 173 0.353846153846 0 8 5 18 2 2 0 0 3 0 4 0 2 0 4 0 0 2 0 0
"174" 174 0.125560538117 1 0 1 8 13 1 0 0 9 0 5 0 0 0 1 0 1 5 2 1
"175" 175 0.044776119403 0 0 0 0 0 0 11 0 0 2 0 0 0 30 0 0 4 0 0 1
"176" 176 0.204379562044 0 0 5 1 4 16 0 0 1 0 4 1 0 0 7 0 0 0 0 0
"177" 177 0.651282051282 0 2 6 8 2 5 0 0 3 0 1 1 0 1 0 0 0 0 0 0
"178" 178 0.452914798206 0 0 1 0 4 12 0 0 0 0 1 0 1 0 7 0 0 1 0 0
"179" 179 1.03797468354 0 0 0 0 2 12 0 0 0 0 0 0 0 0 2 0 0 1 0 0
