"site" "RSA" "aa1" "aa2" "aa3" "aa4" "aa5" "aa6" "aa7" "aa8" "aa9" "aa10" "aa11" "aa12" "aa13" "aa14" "aa15" "aa16" "aa17" "aa18" "aa19" "aa20"
"0" 0 1.09271523179 0 2 173 6 7 2 0 9 253 0 4 28 0 1 1 0 0 12 0 2
"1" 1 0.846715328467 0 86 13 57 34 40 22 0 44 0 19 16 4 27 12 0 39 70 8 9
"2" 2 0.886075949367 0 18 33 8 66 57 43 0 50 1 12 4 5 37 11 2 77 65 5 6
"3" 3 0.270042194093 0 0 7 22 54 138 39 0 23 1 6 2 12 91 26 0 23 16 1 39
"4" 4 0.574358974359 0 60 2 90 14 11 0 243 1 0 19 18 2 14 6 0 4 16 0 0
"5" 5 0.177664974619 0 8 42 10 15 48 1 0 143 1 25 25 9 0 43 0 34 38 21 37
"6" 6 0.00995024875622 0 0 0 0 0 0 1 0 0 0 1 0 0 498 0 0 0 0 0 0
"7" 7 0.113924050633 0 0 0 1 15 386 24 0 4 3 0 0 0 0 46 0 18 0 0 3
"8" 8 0.0 0 0 0 0 0 0 1 0 4 0 0 0 0 0 0 0 495 0 0 0
"9" 9 0.0 0 0 0 0 0 0 350 0 1 0 0 0 0 0 0 0 149 0 0 0
"10" 10 0.00507614213198 0 0 0 0 0 0 98 0 0 0 0 0 0 5 0 0 125 0 0 272
"11" 11 0.0 0 0 0 0 0 0 0 0 0 0 0 0 0 500 0 0 0 0 0 0
"12" 12 0.0 0 0 0 0 0 0 0 0 0 0 0 500 0 0 0 0 0 0 0 0
"13" 13 0.145077720207 0 494 0 0 1 0 0 0 0 0 0 0 0 0 0 0 0 5 0 0
"14" 14 0.370860927152 0 2 45 2 50 33 0 16 12 19 24 1 39 42 1 3 2 55 7 147
"15" 15 0.471153846154 0 0 0 0 0 0 0 0 0 0 0 500 0 0 0 0 0 0 0 0
"16" 16 0.00574712643678 0 4 30 4 0 0 0 0 145 0 68 0 0 0 0 0 249 0 0 0
"17" 17 0.134615384615 0 0 0 0 0 0 0 0 0 0 0 500 0 0 0 0 0 0 0 0
"18" 18 0.0506329113924 0 0 19 2 0 13 285 0 10 0 32 7 0 4 0 0 69 2 0 57
"19" 19 0.127906976744 0 0 6 3 47 31 4 5 24 0 141 5 0 61 28 0 4 27 1 113
"20" 20 0.12582781457 0 0 2 0 0 0 0 0 0 1 478 19 0 0 0 0 0 0 0 0
"21" 21 0.0 0 0 1 0 0 0 1 0 0 0 0 0 0 498 0 0 0 0 0 0
"22" 22 0.045871559633 0 0 3 0 1 0 0 0 21 0 145 19 0 0 0 0 82 0 0 229
"23" 23 0.200956937799 0 30 4 7 13 4 0 0 3 82 29 2 20 0 0 28 0 55 164 59
"24" 24 0.171532846715 0 0 0 0 1 0 0 0 0 0 1 0 0 0 498 0 0 0 0 0
"25" 25 0.06463878327 0 0 0 0 0 0 0 0 0 394 0 0 0 0 0 54 0 0 52 0
"26" 26 0.109195402299 0 0 0 0 0 0 1 0 1 0 1 0 0 0 0 0 497 0 0 0
"27" 27 0.353846153846 0 15 6 42 11 22 0 0 11 65 0 1 76 54 5 1 0 27 160 4
"28" 28 0.575129533679 0 238 0 241 7 6 0 0 0 0 0 2 1 0 4 0 0 1 0 0
"29" 29 0.565400843882 0 1 4 0 54 166 1 0 3 0 13 1 0 127 81 0 1 20 0 28
"30" 30 0.266159695817 0 0 0 0 0 0 0 0 0 182 0 0 1 0 0 73 0 0 244 0
"31" 31 0.344370860927 0 10 2 30 44 100 0 0 0 14 15 0 5 200 9 3 0 23 27 18
"32" 32 0.52466367713 0 101 46 42 14 40 2 91 9 0 37 13 3 14 40 0 5 33 2 8
"33" 33 0.766816143498 0 3 70 2 156 68 5 0 23 10 4 0 3 39 20 25 8 35 24 5
"34" 34 0.269961977186 0 0 0 0 0 0 0 0 0 179 1 0 0 0 0 8 0 0 312 0
"35" 35 0.763713080169 0 22 24 12 18 16 0 333 9 0 15 5 1 30 2 0 0 5 1 7
"36" 36 0.395348837209 0 18 17 8 3 13 2 307 26 0 34 12 0 12 6 0 7 34 0 1
"37" 37 0.174418604651 0 0 0 0 213 0 63 17 47 0 6 1 1 9 0 0 133 10 0 0
"38" 38 0.527918781726 0 0 10 0 36 38 110 0 35 1 6 0 0 0 28 0 156 65 0 15
"39" 39 0.0769230769231 0 0 0 0 0 0 0 0 0 0 0 500 0 0 0 0 0 0 0 0
"40" 40 0.124031007752 0 0 25 0 0 0 0 0 0 0 471 3 0 0 0 0 1 0 0 0
"41" 41 0.569948186528 0 7 32 7 17 13 6 0 281 0 22 24 1 7 17 0 6 30 0 30
"42" 42 0.297071129707 0 0 1 0 0 0 0 0 0 229 0 0 7 0 0 0 0 0 263 0
"43" 43 0.258706467662 0 2 0 6 27 20 0 0 0 12 5 2 12 328 21 0 1 14 24 26
"44" 44 0.418604651163 0 32 2 3 27 32 25 0 150 0 3 1 0 0 43 0 50 125 0 7
"45" 45 0.240506329114 0 0 3 0 25 333 0 0 0 42 1 0 6 0 8 0 0 0 82 0
"46" 46 0.616071428571 0 2 18 0 43 68 5 1 94 0 21 0 5 1 26 0 21 165 0 30
"47" 47 0.132183908046 0 1 6 1 1 0 11 0 139 0 6 1 0 0 1 0 332 0 0 1
"48" 48 0.523255813953 0 0 0 0 1 0 143 0 93 1 1 0 0 1 0 3 247 0 5 5
"49" 49 0.051724137931 0 0 1 0 0 0 26 0 3 0 0 0 0 0 0 0 470 0 0 0
"50" 50 0.683937823834 0 103 2 281 46 25 0 0 0 0 13 14 0 2 2 0 0 4 0 8
"51" 51 0.567307692308 0 0 0 0 0 0 0 0 0 0 0 500 0 0 0 0 0 0 0 0
"52" 52 0.79274611399 0 95 92 89 7 24 2 0 24 4 26 18 23 3 22 6 16 19 23 7
"53" 53 0.518987341772 0 8 2 13 72 12 34 0 6 66 8 1 25 13 2 47 16 14 144 17
"54" 54 0.706896551724 0 4 15 9 11 28 39 0 41 28 4 0 7 12 56 5 106 49 79 7
"55" 55 0.100775193798 0 0 78 0 0 0 0 0 1 0 410 10 0 0 1 0 0 0 0 0
"56" 56 0.168604651163 0 0 0 0 9 10 201 0 31 0 0 0 0 0 10 0 221 17 0 1
"57" 57 0.0 0 0 1 0 1 0 20 0 9 0 8 0 0 0 0 0 142 0 0 319
"58" 58 0.152466367713 0 0 1 1 193 9 13 0 6 0 3 0 0 0 56 0 44 71 0 103
"59" 59 0.0 0 0 1 0 0 0 27 0 11 0 4 0 0 6 0 0 451 0 0 0
"60" 60 0.124113475177 0 0 0 0 0 0 2 0 0 0 0 0 0 0 0 496 1 0 1 0
"61" 61 0.0466321243523 0 24 97 1 0 0 9 0 13 0 211 4 0 8 0 0 129 0 0 4
"62" 62 0.0348837209302 0 0 3 0 0 0 0 0 497 0 0 0 0 0 0 0 0 0 0 0
"63" 63 0.0387596899225 0 0 7 0 0 0 0 0 0 0 493 0 0 0 0 0 0 0 0 0
"64" 64 0.144230769231 0 0 0 0 0 0 0 0 0 0 0 500 0 0 0 0 0 0 0 0
"65" 65 0.291479820628 0 15 19 10 26 29 26 0 5 0 12 3 0 130 71 0 12 129 0 13
"66" 66 0.732142857143 0 88 66 11 15 45 1 142 31 0 31 12 1 0 14 2 0 37 1 3
"67" 67 0.715328467153 0 128 60 75 16 68 1 0 5 0 27 10 0 17 44 0 8 29 1 11
"68" 68 0.142259414226 0 13 2 163 15 26 0 0 8 60 16 1 35 129 0 1 0 13 16 2
"69" 69 0.269058295964 0 0 1 1 363 99 0 0 6 0 15 2 0 0 5 0 0 1 0 7
"70" 70 0.58940397351 0 25 106 14 71 55 20 0 54 1 46 12 0 0 17 0 29 22 2 26
"71" 71 0.532338308458 0 9 0 21 13 388 0 0 5 0 1 1 2 37 5 0 6 4 0 8
"72" 72 0.432692307692 0 0 0 0 0 0 0 0 0 0 0 500 0 0 0 0 0 0 0 0
"73" 73 0.195402298851 0 9 36 19 15 0 1 0 121 2 12 1 5 0 5 1 251 13 5 4
"74" 74 0.410852713178 0 100 91 48 18 45 2 0 25 2 32 23 3 15 10 15 2 43 10 16
"75" 75 0.138075313808 0 0 0 0 0 0 0 0 0 466 0 0 17 0 0 0 0 1 16 0
"76" 76 0.0266159695817 0 0 0 0 0 0 0 0 0 0 1 0 0 0 0 0 0 0 499 0
"77" 77 0.485401459854 0 0 38 0 33 62 32 0 12 0 33 7 0 0 42 0 127 108 0 6
"78" 78 0.548076923077 0 0 0 0 0 0 0 0 0 0 0 500 0 0 0 0 0 0 0 0
"79" 79 0.062015503876 0 0 19 0 0 0 0 0 0 0 480 1 0 0 0 0 0 0 0 0
"80" 80 0.0880829015544 0 479 0 7 0 2 0 0 10 0 1 0 0 0 0 0 0 1 0 0
"81" 81 0.0 500 0 0 0 0 0 0 0 0 0 0 0 0 0 0 0 0 0 0 0
"82" 82 0.0 500 0 0 0 0 0 0 0 0 0 0 0 0 0 0 0 0 0 0 0
"83" 83 0.0 0 0 0 0 1 0 3 0 5 0 0 0 0 0 0 0 491 0 0 0
"84" 84 0.0 0 0 0 0 0 0 0 0 0 0 0 0 0 500 0 0 0 0 0 0
"85" 85 0.0 0 0 0 0 0 0 1 0 0 0 0 0 0 0 0 0 499 0 0 0
"86" 86 0.00380228136882 0 0 0 0 0 0 0 0 0 36 0 0 0 0 0 0 0 0 464 0
"87" 87 0.0466321243523 0 437 1 62 0 0 0 0 0 0 0 0 0 0 0 0 0 0 0 0
"88" 88 0.0172413793103 0 0 0 0 0 0 0 0 12 0 8 0 0 0 0 0 432 1 0 47
"89" 89 0.232558139535 0 0 57 0 0 0 0 0 435 0 4 3 0 0 1 0 0 0 0 0
"90" 90 0.369230769231 0 211 0 272 0 3 0 0 1 2 0 0 2 0 2 4 0 3 0 0
"91" 91 0.286821705426 0 10 31 4 41 21 20 174 17 0 30 4 3 20 26 1 8 29 0 61
"92" 92 0.364238410596 0 45 216 32 13 29 1 0 61 0 24 3 0 21 9 1 1 31 1 12
"93" 93 0.0132450331126 0 0 487 0 0 0 0 0 1 0 12 0 0 0 0 0 0 0 0 0
"94" 94 0.146443514644 0 0 0 0 0 0 0 0 0 483 0 0 0 0 0 7 0 0 10 0
"95" 95 0.589285714286 0 37 3 40 50 91 9 0 6 2 45 4 3 103 26 5 4 46 3 23
"96" 96 0.261538461538 0 0 2 491 1 1 0 0 0 0 2 0 0 0 0 0 0 2 0 1
"97" 97 0.0 0 0 2 0 0 0 265 0 1 0 14 0 0 0 0 0 218 0 0 0
"98" 98 0.396624472574 0 3 13 0 6 237 0 0 11 0 69 6 1 0 17 0 0 124 0 13
"99" 99 0.483443708609 0 39 48 75 28 103 1 0 15 0 38 10 3 51 37 1 4 27 1 19
"100" 100 0.0815602836879 0 0 0 0 0 0 0 0 0 0 0 0 5 0 2 492 0 0 1 0
"101" 101 0.226277372263 0 0 2 0 26 2 0 0 0 0 26 0 0 1 408 0 0 0 0 35
"102" 102 0.248704663212 0 213 3 14 26 22 13 0 3 0 12 1 0 53 93 1 5 32 1 8
"103" 103 0.28125 0 2 4 0 11 0 0 0 27 0 22 2 2 12 5 0 0 408 0 5
"104" 104 0.0 0 0 0 0 0 0 0 0 0 500 0 0 0 0 0 0 0 0 0 0
"105" 105 0.169154228856 0 0 0 1 0 0 6 0 0 0 2 0 0 489 0 0 0 2 0 0
"106" 106 0.580459770115 0 24 6 40 54 105 58 0 29 0 33 3 1 23 18 1 36 36 2 31
"107" 107 0.382775119617 0 17 6 30 12 9 0 0 0 73 2 1 30 0 3 5 0 5 294 13
"108" 108 0.015503875969 0 0 6 0 0 0 0 0 0 0 493 1 0 0 0 0 0 0 0 0
"109" 109 0.610256410256 0 29 2 210 30 72 0 0 0 0 2 48 57 1 18 0 0 17 13 1
"110" 110 0.155172413793 0 0 2 0 53 0 0 82 18 0 2 0 0 0 0 0 329 3 0 11
"111" 111 0.85641025641 0 41 136 39 38 29 1 9 90 0 15 15 2 22 23 2 5 25 0 8
"112" 112 0.304635761589 0 213 52 170 5 4 0 0 0 0 36 3 4 0 7 0 0 3 2 1
"113" 113 0.320754716981 0 0 0 0 0 0 0 500 0 0 0 0 0 0 0 0 0 0 0 0
"114" 114 0.727678571429 0 137 102 91 12 34 1 0 10 0 39 10 2 14 10 0 2 24 1 11
"115" 115 0.575581395349 0 17 35 29 158 75 0 0 55 3 23 22 6 10 14 0 1 32 8 12
"116" 116 0.0418410041841 0 0 0 0 0 0 0 0 0 500 0 0 0 0 0 0 0 0 0 0
"117" 117 0.119496855346 0 0 1 0 3 1 1 482 0 2 3 0 0 0 2 1 1 0 2 1
"118" 118 0.0585774058577 0 0 0 0 0 0 0 0 0 499 0 0 0 0 0 0 0 0 1 0
"119" 119 0.0 0 0 0 0 0 0 0 0 1 0 0 0 0 0 0 0 499 0 0 0
"120" 120 0.010152284264 0 0 0 0 0 0 37 0 3 0 0 0 0 0 0 0 111 0 0 349
"121" 121 0.00497512437811 0 0 0 0 0 0 213 0 1 0 0 0 0 230 0 0 49 0 0 7
"122" 122 0.0 0 0 0 0 0 0 0 0 0 0 0 500 0 0 0 0 0 0 0 0
"123" 123 0.0307692307692 0 2 34 419 0 0 0 0 0 0 42 3 0 0 0 0 0 0 0 0
"124" 124 0.278481012658 0 1 0 88 0 291 0 0 0 0 0 24 57 0 39 0 0 0 0 0
"125" 125 0.208121827411 0 4 35 0 6 2 260 0 1 3 48 21 0 0 5 33 68 1 2 11
"126" 126 0.300518134715 0 0 3 0 0 0 0 0 0 0 2 3 492 0 0 0 0 0 0 0
"127" 127 0.062015503876 0 1 14 1 45 22 0 0 0 0 236 11 0 6 14 0 0 119 0 31
"128" 128 0.535714285714 0 22 10 6 8 21 0 297 2 0 20 1 63 7 3 0 0 38 0 2
"129" 129 0.625 0 66 11 23 21 29 2 220 11 1 36 11 1 12 7 0 7 33 0 9
"130" 130 0.682119205298 0 72 91 51 31 44 2 0 39 2 21 5 2 21 33 21 5 50 4 6
"131" 131 0.396624472574 0 27 6 22 94 125 1 0 5 0 26 0 1 27 47 0 14 70 1 34
"132" 132 0.194092827004 0 0 0 0 3 1 445 0 0 0 0 0 0 2 0 0 49 0 0 0
"133" 133 0.53807106599 0 0 3 14 53 86 71 0 32 48 2 0 19 26 16 1 82 11 34 2
"134" 134 0.109195402299 0 0 0 0 0 0 0 0 1 0 0 0 0 0 0 0 499 0 0 0
"135" 135 0.370860927152 0 25 83 13 47 56 0 7 16 3 48 8 6 48 98 0 0 24 4 14
"136" 136 0.504464285714 0 14 8 2 20 88 6 2 71 3 34 5 2 14 14 2 5 197 6 7
"137" 137 0.248945147679 0 91 10 20 24 53 12 0 46 3 45 10 7 15 5 6 27 116 4 6
"138" 138 0.344370860927 0 50 11 16 146 30 0 0 0 0 68 7 0 34 6 2 0 112 0 18
"139" 139 0.0077519379845 0 0 1 0 0 0 0 0 0 0 497 2 0 0 0 0 0 0 0 0
"140" 140 0.412556053812 0 0 3 1 74 119 57 0 3 1 29 2 1 14 112 1 10 51 1 21
"141" 141 0.625 0 35 4 21 48 102 55 0 12 2 42 5 1 36 58 2 17 47 1 12
"142" 142 0.169154228856 0 0 0 0 1 1 0 0 0 0 0 0 0 487 0 0 0 0 0 11
"143" 143 0.031007751938 0 0 10 0 0 0 0 0 0 0 488 2 0 0 0 0 0 0 0 0
"144" 144 0.561181434599 0 24 14 40 53 109 42 0 19 2 53 6 4 29 38 2 5 41 6 13
"145" 145 0.569536423841 0 20 34 77 31 135 0 0 2 0 35 5 0 49 58 2 0 32 0 20
"146" 146 0.0945273631841 0 0 0 0 1 0 0 0 0 0 3 0 0 496 0 0 0 0 0 0
"147" 147 0.509615384615 0 0 0 0 0 0 0 0 0 0 0 500 0 0 0 0 0 0 0 0
"148" 148 0.616580310881 0 33 1 267 26 54 0 0 0 4 2 40 28 3 10 0 0 17 12 3
"149" 149 0.0862944162437 0 0 0 0 17 11 366 0 1 0 1 0 0 0 23 0 52 1 0 28
"150" 150 0.270440251572 0 0 0 0 0 0 0 499 0 0 1 0 0 0 0 0 0 0 0 0
"151" 151 0.129353233831 0 0 2 0 0 0 0 0 3 0 2 0 1 481 6 0 2 0 0 3
"152" 152 0.154811715481 0 0 0 0 0 1 0 0 0 388 0 0 1 0 0 19 0 0 91 0
"153" 153 0.169154228856 0 1 2 6 91 2 7 0 1 6 4 3 8 341 5 0 6 10 0 7
"154" 154 0.0 0 0 1 0 0 0 1 0 339 0 2 0 0 0 0 0 157 0 0 0
"155" 155 0.0 0 2 494 0 0 0 0 0 0 0 4 0 0 0 0 0 0 0 0 0
"156" 156 0.015503875969 0 0 25 0 0 0 0 73 0 0 397 5 0 0 0 0 0 0 0 0
"157" 157 0.362869198312 0 1 4 0 118 88 0 0 1 0 19 1 2 0 12 0 0 248 0 6
"158" 158 0.451282051282 0 17 1 55 123 106 0 0 0 0 3 1 6 3 17 0 0 140 0 28
"159" 159 0.418604651163 0 8 3 81 0 13 0 0 0 0 49 331 0 0 15 0 0 0 0 0
"160" 160 0.350253807107 0 1 0 0 37 10 303 0 6 1 0 0 0 37 3 1 85 8 1 7
"161" 161 0.297435897436 0 3 0 484 0 4 0 0 0 0 1 5 0 0 0 1 0 1 1 0
"162" 162 0.0114942528736 0 0 0 0 0 0 0 0 1 0 1 0 0 0 0 0 498 0 0 0
"163" 163 0.523316062176 0 69 24 23 73 39 20 0 39 2 58 14 1 22 14 9 20 65 1 7
"164" 164 0.325581395349 0 46 4 43 26 71 28 0 19 0 41 6 0 54 23 0 23 113 0 3
"165" 165 0.0 0 0 6 0 0 0 0 0 1 0 491 2 0 0 0 0 0 0 0 0
"166" 166 0.00418410041841 0 0 0 0 0 0 0 0 0 430 0 0 0 0 0 5 0 0 64 1
"167" 167 0.482142857143 0 47 16 62 29 61 5 0 33 10 57 4 14 9 105 13 0 33 1 1
"168" 168 0.191964285714 0 0 1 0 136 13 0 0 16 0 18 1 0 0 6 0 0 301 0 8
"169" 169 0.0 0 0 0 0 0 0 492 0 2 0 0 0 0 0 0 0 6 0 0 0
"170" 170 0.0387596899225 0 0 13 1 0 0 0 0 0 0 459 26 0 0 0 0 1 0 0 0
"171" 171 0.339416058394 0 3 48 2 4 40 0 0 29 1 262 16 1 10 60 12 0 8 3 1
"172" 172 0.0596026490066 0 52 5 13 270 4 0 0 0 0 52 5 0 0 5 0 0 94 0 0
"173" 173 0.0 0 0 0 0 0 0 0 0 0 0 499 1 0 0 0 0 0 0 0 0
"174" 174 0.129353233831 0 0 1 1 10 2 0 0 1 37 70 0 0 177 8 150 0 4 35 4
"175" 175 0.659192825112 0 19 8 23 16 32 21 0 20 2 32 4 6 25 195 50 0 33 3 11
"176" 176 0.282511210762 0 2 4 1 298 1 0 0 0 0 46 0 1 0 48 9 1 82 0 7
"177" 177 0.148717948718 0 0 11 87 3 8 0 0 0 0 181 5 197 0 4 1 0 1 1 1
"178" 178 0.591928251121 0 10 8 12 98 67 7 0 117 1 4 1 2 99 13 0 14 22 5 20
"179" 179 0.914728682171 0 29 74 23 34 23 0 0 50 3 54 86 6 13 41 4 0 51 4 5
