"site" "RSA" "aa1" "aa2" "aa3" "aa4" "aa5" "aa6" "aa7" "aa8" "aa9" "aa10" "aa11" "aa12" "aa13" "aa14" "aa15" "aa16" "aa17" "aa18" "aa19" "aa20"
"0" 0 1.09271523179 0 0 189 5 5 4 0 5 272 0 1 16 0 0 0 0 0 3 0 0
"1" 1 0.846715328467 0 97 14 64 28 53 13 0 31 0 12 5 0 37 13 0 39 79 4 11
"2" 2 0.886075949367 0 14 47 11 93 55 31 0 56 0 9 1 4 25 10 0 90 45 2 7
"3" 3 0.270042194093 0 0 4 11 52 172 23 0 24 0 13 0 3 101 25 0 20 15 0 37
"4" 4 0.574358974359 0 54 1 109 5 4 0 289 1 0 13 7 1 5 4 1 0 5 0 1
"5" 5 0.177664974619 0 6 37 7 15 61 1 0 147 3 16 14 2 0 45 0 34 60 16 36
"6" 6 0.00995024875622 0 0 0 0 0 0 0 0 0 0 0 0 0 500 0 0 0 0 0 0
"7" 7 0.113924050633 0 0 0 1 7 408 21 0 1 1 0 0 0 0 40 0 20 0 1 0
"8" 8 0.0 0 0 0 0 0 0 2 0 1 0 0 0 0 0 0 0 497 0 0 0
"9" 9 0.0 0 0 0 0 0 0 371 0 1 0 0 0 0 0 0 0 128 0 0 0
"10" 10 0.00507614213198 0 0 0 0 0 0 82 0 0 0 1 0 0 0 0 0 108 0 0 309
"11" 11 0.0 0 0 0 0 0 0 0 0 0 0 0 0 0 500 0 0 0 0 0 0
"12" 12 0.0 0 0 0 0 0 0 0 0 0 0 0 500 0 0 0 0 0 0 0 0
"13" 13 0.145077720207 0 496 0 1 0 0 0 0 0 0 0 0 0 0 0 0 0 3 0 0
"14" 14 0.370860927152 0 4 32 2 44 39 0 7 8 16 18 1 39 45 4 1 0 50 9 181
"15" 15 0.471153846154 0 0 0 0 0 0 0 0 0 0 0 500 0 0 0 0 0 0 0 0
"16" 16 0.00574712643678 0 1 20 1 0 0 0 0 135 0 42 1 0 0 0 0 300 0 0 0
"17" 17 0.134615384615 0 0 0 0 0 0 0 0 0 0 0 500 0 0 0 0 0 0 0 0
"18" 18 0.0506329113924 0 0 26 0 0 3 327 0 7 0 23 1 0 0 0 0 77 0 0 36
"19" 19 0.127906976744 0 0 4 0 42 14 0 0 17 0 131 4 0 78 19 0 7 14 0 170
"20" 20 0.12582781457 0 0 0 0 0 0 0 0 0 0 490 10 0 0 0 0 0 0 0 0
"21" 21 0.0 0 0 0 0 0 0 0 0 0 0 0 0 0 500 0 0 0 0 0 0
"22" 22 0.045871559633 0 0 2 0 0 0 0 0 5 0 72 5 0 0 0 0 57 0 0 359
"23" 23 0.200956937799 0 22 2 2 6 0 0 0 1 107 18 0 8 1 0 20 0 30 262 21
"24" 24 0.171532846715 0 0 0 0 0 0 0 0 0 0 1 0 0 0 499 0 0 0 0 0
"25" 25 0.06463878327 0 0 0 0 0 0 0 0 0 449 0 0 0 0 0 15 0 0 36 0
"26" 26 0.109195402299 0 0 0 0 0 0 1 0 0 0 0 0 0 0 0 0 499 0 0 0
"27" 27 0.353846153846 0 2 1 31 7 22 0 0 4 71 3 0 72 51 3 2 0 16 213 2
"28" 28 0.575129533679 0 245 1 245 3 3 0 0 0 0 0 0 0 0 1 0 0 1 1 0
"29" 29 0.565400843882 0 0 3 1 76 149 0 0 1 0 5 0 0 169 64 1 0 18 0 13
"30" 30 0.266159695817 0 0 0 0 0 0 0 0 0 155 0 0 0 0 0 76 0 0 269 0
"31" 31 0.344370860927 0 7 2 18 39 125 0 0 0 12 16 0 6 208 15 0 0 15 30 7
"32" 32 0.52466367713 0 128 27 34 21 34 4 87 6 0 41 6 0 8 43 0 5 50 1 5
"33" 33 0.766816143498 0 2 73 3 172 63 3 0 26 11 3 0 2 27 22 11 4 40 30 8
"34" 34 0.269961977186 0 0 0 0 0 0 0 0 0 191 0 0 0 0 0 0 0 0 309 0
"35" 35 0.763713080169 0 25 20 14 4 9 1 376 10 0 13 2 0 8 4 0 1 8 1 4
"36" 36 0.395348837209 0 21 14 2 2 14 2 371 13 0 25 3 0 3 2 0 4 24 0 0
"37" 37 0.174418604651 0 1 3 1 283 0 29 9 52 0 3 0 0 12 0 0 97 9 0 1
"38" 38 0.527918781726 0 0 9 0 25 27 111 0 28 0 2 0 1 0 26 0 190 56 0 25
"39" 39 0.0769230769231 0 0 0 0 0 0 0 0 0 0 0 500 0 0 0 0 0 0 0 0
"40" 40 0.124031007752 0 0 10 0 0 0 0 0 0 0 489 1 0 0 0 0 0 0 0 0
"41" 41 0.569948186528 0 5 31 2 15 4 5 0 355 0 16 21 0 0 7 0 2 14 0 23
"42" 42 0.297071129707 0 0 0 0 0 0 0 0 0 199 0 0 5 0 0 1 0 0 295 0
"43" 43 0.258706467662 0 0 0 2 9 14 0 0 0 8 2 2 1 419 11 0 0 4 10 18
"44" 44 0.418604651163 0 49 2 6 20 27 16 0 159 0 1 0 0 0 62 0 25 129 0 4
"45" 45 0.240506329114 0 0 1 0 8 425 0 0 0 14 0 0 5 0 2 0 0 0 43 2
"46" 46 0.616071428571 0 0 22 1 36 47 7 2 95 0 12 2 8 0 26 0 15 191 0 36
"47" 47 0.132183908046 0 0 0 0 0 0 8 0 75 0 2 0 0 0 0 0 415 0 0 0
"48" 48 0.523255813953 0 0 0 0 1 1 156 0 82 1 0 0 0 2 1 0 253 0 1 2
"49" 49 0.051724137931 0 0 0 0 0 0 14 0 0 0 0 0 0 0 0 0 486 0 0 0
"50" 50 0.683937823834 0 101 2 319 30 12 0 0 0 0 9 10 0 2 1 0 0 4 0 10
"51" 51 0.567307692308 0 0 0 0 0 0 0 0 0 0 0 500 0 0 0 0 0 0 0 0
"52" 52 0.79274611399 0 90 131 84 6 39 1 0 29 2 11 13 31 0 20 1 12 12 15 3
"53" 53 0.518987341772 0 5 2 20 79 14 21 0 1 76 3 4 15 1 0 51 6 4 170 28
"54" 54 0.706896551724 0 4 15 5 16 27 70 0 44 22 5 1 9 17 46 3 117 33 64 2
"55" 55 0.100775193798 0 0 60 0 0 0 0 0 0 0 429 10 0 0 1 0 0 0 0 0
"56" 56 0.168604651163 0 0 0 0 3 5 210 0 24 0 2 0 0 0 3 0 228 25 0 0
"57" 57 0.0 0 0 1 0 1 0 6 0 6 0 4 0 0 0 0 0 147 0 0 335
"58" 58 0.152466367713 0 0 0 0 240 5 5 0 4 0 2 0 0 0 58 0 37 60 0 89
"59" 59 0.0 0 0 2 0 0 0 9 0 2 0 0 0 0 2 0 0 485 0 0 0
"60" 60 0.124113475177 0 0 0 0 0 0 0 0 0 0 0 0 0 0 0 500 0 0 0 0
"61" 61 0.0466321243523 0 36 77 0 0 0 3 0 5 0 314 1 0 5 0 0 57 0 0 2
"62" 62 0.0348837209302 0 0 1 0 0 0 0 0 499 0 0 0 0 0 0 0 0 0 0 0
"63" 63 0.0387596899225 0 0 5 0 0 0 0 0 0 0 495 0 0 0 0 0 0 0 0 0
"64" 64 0.144230769231 0 0 0 0 0 0 0 0 0 0 0 500 0 0 0 0 0 0 0 0
"65" 65 0.291479820628 0 18 9 8 19 19 16 0 2 0 11 0 0 126 84 0 5 178 1 4
"66" 66 0.732142857143 0 105 69 9 11 37 1 155 18 0 28 8 2 0 13 1 1 37 1 4
"67" 67 0.715328467153 0 149 38 81 18 60 3 0 6 0 24 8 1 10 76 0 4 17 0 5
"68" 68 0.142259414226 0 13 0 169 6 15 0 0 8 89 6 0 37 139 3 0 0 11 3 1
"69" 69 0.269058295964 0 0 1 1 379 107 0 0 2 0 4 0 0 0 4 0 0 0 0 2
"70" 70 0.58940397351 0 21 105 14 95 52 15 0 62 1 35 11 1 0 17 2 19 28 0 22
"71" 71 0.532338308458 0 6 1 18 8 432 0 0 2 0 0 1 0 23 1 0 1 4 0 3
"72" 72 0.432692307692 0 0 0 0 0 0 0 0 0 0 0 500 0 0 0 0 0 0 0 0
"73" 73 0.195402298851 0 0 4 19 5 1 0 0 112 0 15 1 0 0 2 0 333 5 2 1
"74" 74 0.410852713178 0 144 83 65 16 40 2 0 13 0 31 16 2 21 4 11 1 37 6 8
"75" 75 0.138075313808 0 0 0 0 0 0 0 0 0 476 0 0 6 0 0 0 0 0 18 0
"76" 76 0.0266159695817 0 0 0 0 0 0 0 0 0 0 0 0 0 0 0 0 0 0 500 0
"77" 77 0.485401459854 0 0 31 0 31 72 27 0 6 0 24 1 0 0 41 0 123 132 0 12
"78" 78 0.548076923077 0 0 0 0 0 0 0 0 0 0 0 500 0 0 0 0 0 0 0 0
"79" 79 0.062015503876 0 0 10 0 0 0 0 0 0 0 490 0 0 0 0 0 0 0 0 0
"80" 80 0.0880829015544 0 493 0 1 0 3 0 0 1 0 2 0 0 0 0 0 0 0 0 0
"81" 81 0.0 500 0 0 0 0 0 0 0 0 0 0 0 0 0 0 0 0 0 0 0
"82" 82 0.0 500 0 0 0 0 0 0 0 0 0 0 0 0 0 0 0 0 0 0 0
"83" 83 0.0 0 0 0 0 0 0 0 0 4 0 0 0 0 0 0 0 496 0 0 0
"84" 84 0.0 0 0 0 0 0 0 0 0 0 0 0 0 0 500 0 0 0 0 0 0
"85" 85 0.0 0 0 0 0 0 0 1 0 0 0 0 0 0 0 0 0 499 0 0 0
"86" 86 0.00380228136882 0 0 0 0 0 0 0 0 0 16 0 0 0 0 0 0 0 0 484 0
"87" 87 0.0466321243523 0 462 0 38 0 0 0 0 0 0 0 0 0 0 0 0 0 0 0 0
"88" 88 0.0172413793103 0 0 0 0 0 0 0 0 6 0 7 0 0 0 0 0 434 0 0 53
"89" 89 0.232558139535 0 0 26 0 0 0 0 0 471 0 1 2 0 0 0 0 0 0 0 0
"90" 90 0.369230769231 0 212 1 285 0 1 0 0 0 0 0 0 0 0 0 1 0 0 0 0
"91" 91 0.286821705426 0 5 28 1 38 28 16 200 20 0 20 3 1 25 17 1 7 23 0 67
"92" 92 0.364238410596 0 54 241 51 5 20 0 0 64 0 14 5 0 13 9 0 1 15 0 8
"93" 93 0.0132450331126 0 0 494 0 0 0 0 0 0 0 6 0 0 0 0 0 0 0 0 0
"94" 94 0.146443514644 0 0 0 0 0 0 0 0 0 499 0 0 0 0 0 0 0 0 1 0
"95" 95 0.589285714286 0 41 5 49 35 102 6 0 4 2 30 2 1 125 19 2 2 40 5 30
"96" 96 0.261538461538 0 1 1 495 0 1 0 0 0 0 0 0 0 0 1 0 0 1 0 0
"97" 97 0.0 0 0 0 0 1 0 270 0 1 0 10 0 0 0 0 0 218 0 0 0
"98" 98 0.396624472574 0 2 5 0 9 312 0 0 6 0 41 4 1 0 10 0 0 107 0 3
"99" 99 0.483443708609 0 39 35 77 18 140 1 0 24 1 37 1 0 50 42 0 3 24 0 8
"100" 100 0.0815602836879 0 0 0 0 0 0 0 0 0 0 0 0 5 0 1 494 0 0 0 0
"101" 101 0.226277372263 0 0 0 0 14 2 0 0 0 0 15 0 0 0 457 0 0 0 0 12
"102" 102 0.248704663212 0 285 0 3 8 16 7 0 3 0 9 0 0 27 94 0 4 36 0 8
"103" 103 0.28125 0 2 2 0 2 0 0 0 21 0 11 1 0 2 3 0 0 456 0 0
"104" 104 0.0 0 0 0 0 0 0 0 0 0 500 0 0 0 0 0 0 0 0 0 0
"105" 105 0.169154228856 0 0 0 0 0 0 0 0 0 0 0 0 0 499 0 0 0 1 0 0
"106" 106 0.580459770115 0 19 2 16 47 134 78 0 34 0 31 2 0 28 6 0 33 41 2 27
"107" 107 0.382775119617 0 10 0 11 3 7 0 0 0 88 1 0 17 1 0 0 0 1 359 2
"108" 108 0.015503875969 0 0 0 0 0 0 0 0 0 0 499 1 0 0 0 0 0 0 0 0
"109" 109 0.610256410256 0 37 0 226 23 76 0 0 0 0 3 46 60 3 9 0 0 10 7 0
"110" 110 0.155172413793 0 0 1 0 45 0 0 65 20 0 0 0 0 0 0 0 359 2 0 8
"111" 111 0.85641025641 0 36 157 47 23 22 0 2 108 0 15 9 2 17 13 0 3 37 0 9
"112" 112 0.304635761589 0 198 52 197 0 1 0 0 0 2 28 2 4 1 4 0 0 7 0 4
"113" 113 0.320754716981 0 0 0 0 0 0 0 499 0 0 0 1 0 0 0 0 0 0 0 0
"114" 114 0.727678571429 0 158 73 96 14 40 0 0 12 0 37 3 0 14 10 0 1 30 0 12
"115" 115 0.575581395349 0 21 26 24 183 83 0 0 47 1 26 27 5 7 10 0 0 28 3 9
"116" 116 0.0418410041841 0 0 0 0 0 0 0 0 0 500 0 0 0 0 0 0 0 0 0 0
"117" 117 0.119496855346 0 0 0 0 1 0 0 497 0 1 0 0 0 0 0 1 0 0 0 0
"118" 118 0.0585774058577 0 0 0 0 0 0 0 0 0 500 0 0 0 0 0 0 0 0 0 0
"119" 119 0.0 0 0 0 0 0 0 0 0 1 0 0 0 0 0 0 0 499 0 0 0
"120" 120 0.010152284264 0 0 0 0 0 0 38 0 0 0 0 0 0 0 0 0 80 0 0 382
"121" 121 0.00497512437811 0 0 0 0 0 0 217 0 0 0 0 0 0 238 0 0 43 0 0 2
"122" 122 0.0 0 0 0 0 0 0 0 0 0 0 0 500 0 0 0 0 0 0 0 0
"123" 123 0.0307692307692 0 0 37 430 0 0 0 0 0 0 33 0 0 0 0 0 0 0 0 0
"124" 124 0.278481012658 0 0 0 79 0 359 0 0 0 0 0 7 30 0 25 0 0 0 0 0
"125" 125 0.208121827411 0 0 23 0 4 0 357 0 2 0 28 10 1 0 2 18 48 1 0 6
"126" 126 0.300518134715 0 0 3 0 0 0 0 0 0 0 1 1 495 0 0 0 0 0 0 0
"127" 127 0.062015503876 0 0 14 0 66 9 0 0 0 0 245 4 0 1 20 0 0 110 0 31
"128" 128 0.535714285714 0 17 4 5 3 11 0 309 1 0 19 0 74 0 4 0 1 51 1 0
"129" 129 0.625 0 50 12 19 13 33 3 251 17 0 42 4 0 12 7 0 3 27 1 6
"130" 130 0.682119205298 0 91 108 51 18 23 1 0 35 0 32 10 1 21 39 21 3 33 4 9
"131" 131 0.396624472574 0 26 2 18 88 157 0 0 0 0 22 0 0 28 37 1 6 98 1 16
"132" 132 0.194092827004 0 0 0 0 0 0 466 0 0 0 0 0 0 0 0 0 34 0 0 0
"133" 133 0.53807106599 0 0 0 14 58 86 86 0 31 45 2 1 18 14 15 1 89 4 33 3
"134" 134 0.109195402299 0 0 0 0 0 0 0 0 0 0 0 0 0 0 0 0 500 0 0 0
"135" 135 0.370860927152 0 15 88 13 50 58 0 2 26 1 41 5 1 41 122 0 0 25 3 9
"136" 136 0.504464285714 0 5 5 1 24 102 4 0 74 0 30 3 2 8 8 0 8 222 3 1
"137" 137 0.248945147679 0 106 9 16 15 51 11 0 46 0 31 11 0 26 9 9 23 132 1 4
"138" 138 0.344370860927 0 56 8 11 141 28 0 0 0 0 80 4 0 35 2 1 0 122 0 12
"139" 139 0.0077519379845 0 0 1 0 0 0 0 0 0 0 499 0 0 0 0 0 0 0 0 0
"140" 140 0.412556053812 0 1 3 0 63 127 65 0 0 0 22 1 0 8 121 1 6 63 0 19
"141" 141 0.625 0 23 4 24 43 128 47 0 11 0 26 1 0 40 54 0 16 75 2 6
"142" 142 0.169154228856 0 0 0 0 0 0 0 0 0 0 0 0 0 497 0 0 0 0 0 3
"143" 143 0.031007751938 0 0 6 0 0 0 0 0 0 0 491 3 0 0 0 0 0 0 0 0
"144" 144 0.561181434599 0 23 11 37 71 125 25 0 8 0 63 4 0 36 40 2 3 37 3 12
"145" 145 0.569536423841 0 22 35 81 32 164 0 0 0 1 26 6 1 50 42 0 0 24 0 16
"146" 146 0.0945273631841 0 0 0 0 0 0 0 0 0 0 0 0 0 500 0 0 0 0 0 0
"147" 147 0.509615384615 0 0 0 0 0 0 0 0 0 0 0 500 0 0 0 0 0 0 0 0
"148" 148 0.616580310881 0 31 0 315 20 53 0 0 0 2 5 24 26 2 6 0 0 9 6 1
"149" 149 0.0862944162437 0 0 0 0 12 4 414 0 2 0 0 0 0 0 8 0 42 3 0 15
"150" 150 0.270440251572 0 0 0 0 0 0 0 499 0 0 1 0 0 0 0 0 0 0 0 0
"151" 151 0.129353233831 0 0 0 0 0 0 0 0 0 0 0 0 0 497 0 0 2 0 0 1
"152" 152 0.154811715481 0 0 0 0 0 0 0 0 0 402 0 0 0 0 0 17 0 0 81 0
"153" 153 0.169154228856 0 0 0 3 78 0 4 0 0 2 1 1 4 398 1 0 3 2 0 3
"154" 154 0.0 0 0 0 0 0 0 0 0 339 0 0 0 0 0 0 0 161 0 0 0
"155" 155 0.0 0 1 499 0 0 0 0 0 0 0 0 0 0 0 0 0 0 0 0 0
"156" 156 0.015503875969 0 0 20 0 0 0 0 60 0 0 418 2 0 0 0 0 0 0 0 0
"157" 157 0.362869198312 0 0 2 0 116 75 0 0 0 0 15 0 1 0 3 0 0 286 0 2
"158" 158 0.451282051282 0 7 1 48 143 114 0 0 0 0 2 1 4 3 5 0 0 159 0 13
"159" 159 0.418604651163 0 2 2 64 0 7 0 0 0 1 29 391 0 0 4 0 0 0 0 0
"160" 160 0.350253807107 0 0 0 0 19 4 374 0 2 0 0 0 0 25 0 0 69 2 1 4
"161" 161 0.297435897436 0 2 0 494 0 2 0 0 0 0 0 2 0 0 0 0 0 0 0 0
"162" 162 0.0114942528736 0 0 0 0 0 0 0 0 0 0 0 0 0 0 0 0 500 0 0 0
"163" 163 0.523316062176 0 72 10 34 93 42 7 0 40 0 56 11 1 27 12 5 19 62 2 7
"164" 164 0.325581395349 0 48 3 43 22 89 27 0 21 0 32 6 0 46 10 0 23 125 0 5
"165" 165 0.0 0 0 1 0 0 0 0 0 0 0 499 0 0 0 0 0 0 0 0 0
"166" 166 0.00418410041841 0 0 0 0 0 0 0 0 0 465 0 0 0 0 0 3 0 0 32 0
"167" 167 0.482142857143 0 79 12 51 30 47 3 0 26 16 48 11 2 14 132 4 0 23 1 1
"168" 168 0.191964285714 0 1 0 0 107 13 0 0 6 0 7 0 0 0 0 0 1 363 0 2
"169" 169 0.0 0 0 0 0 0 0 500 0 0 0 0 0 0 0 0 0 0 0 0 0
"170" 170 0.0387596899225 0 0 5 1 0 0 0 0 0 0 482 12 0 0 0 0 0 0 0 0
"171" 171 0.339416058394 0 2 34 2 1 36 0 0 17 0 263 10 2 3 102 12 0 7 8 1
"172" 172 0.0596026490066 0 37 3 5 332 2 0 0 0 0 36 0 0 0 2 0 0 83 0 0
"173" 173 0.0 0 0 0 0 0 0 0 0 0 0 500 0 0 0 0 0 0 0 0 0
"174" 174 0.129353233831 0 0 0 0 9 0 0 0 3 38 23 0 1 222 0 172 0 2 30 0
"175" 175 0.659192825112 0 16 7 17 12 32 19 0 16 2 37 3 7 22 257 25 1 20 6 1
"176" 176 0.282511210762 0 0 1 0 334 1 0 0 0 0 33 1 2 0 48 4 0 74 1 1
"177" 177 0.148717948718 0 1 4 100 2 7 0 0 0 0 150 5 230 0 0 0 0 0 0 1
"178" 178 0.591928251121 0 9 12 7 114 57 4 0 91 1 3 1 0 137 18 0 12 10 1 23
"179" 179 0.914728682171 0 28 53 14 17 22 0 0 51 1 41 98 3 12 46 3 0 95 3 13
