"site" "RSA" "aa1" "aa2" "aa3" "aa4" "aa5" "aa6" "aa7" "aa8" "aa9" "aa10" "aa11" "aa12" "aa13" "aa14" "aa15" "aa16" "aa17" "aa18" "aa19" "aa20"
"0" 0 0.317880794702 0 0 499 0 0 0 0 1 0 0 0 0 0 0 0 0 0 0 0 0
"1" 1 0.00507614213198 0 0 0 0 0 0 354 0 0 0 0 0 0 1 0 0 145 0 0 0
"2" 2 0.0 0 0 360 0 0 0 0 0 0 0 67 73 0 0 0 0 0 0 0 0
"3" 3 0.10460251046 0 16 0 0 0 266 0 0 0 104 0 0 4 1 22 1 0 2 15 69
"4" 4 0.269035532995 0 6 0 34 1 22 318 0 0 0 111 1 0 4 0 0 2 1 0 0
"5" 5 0.709844559585 0 3 0 0 0 358 0 0 0 0 0 0 0 0 0 136 0 3 0 0
"6" 6 0.5 0 0 71 0 0 209 0 0 9 0 0 0 0 0 198 0 0 0 0 13
"7" 7 0.421524663677 0 0 21 0 0 39 0 0 12 0 0 3 0 0 0 0 0 425 0 0
"8" 8 0.0348258706468 0 0 161 0 252 0 1 0 0 0 4 0 0 72 0 0 0 10 0 0
"9" 9 0.403846153846 0 0 500 0 0 0 0 0 0 0 0 0 0 0 0 0 0 0 0 0
"10" 10 0.0174418604651 0 0 0 0 3 0 0 0 496 0 0 0 0 1 0 0 0 0 0 0
"11" 11 0.574358974359 129 0 0 0 0 371 0 0 0 0 0 0 0 0 0 0 0 0 0 0
"12" 12 0.459119496855 0 0 164 34 0 6 0 0 0 0 0 0 0 0 9 33 0 254 0 0
"13" 13 0.0232558139535 23 0 74 1 0 0 0 0 0 0 402 0 0 0 0 0 0 0 0 0
"14" 14 0.629464285714 0 0 0 0 0 164 0 0 0 0 0 0 0 0 36 0 0 0 300 0
"15" 15 0.28855721393 0 0 0 0 30 0 0 0 4 0 0 0 0 466 0 0 0 0 0 0
"16" 16 0.119496855346 0 1 216 0 0 17 0 12 0 0 0 2 0 0 31 7 0 84 93 37
"17" 17 0.704402515723 0 0 0 0 0 497 0 3 0 0 0 0 0 0 0 0 0 0 0 0
"18" 18 0.119402985075 0 1 15 29 1 0 0 0 0 0 0 1 5 407 0 0 0 0 0 41
"19" 19 0.522012578616 0 0 93 0 0 0 3 390 0 0 0 0 5 0 9 0 0 0 0 0
"20" 20 0.133079847909 1 0 267 0 0 0 0 0 51 0 0 0 177 3 0 0 0 1 0 0
"21" 21 0.355769230769 0 0 248 0 0 115 0 0 0 0 0 0 125 0 12 0 0 0 0 0
"22" 22 0.281368821293 0 1 0 2 0 2 0 0 3 32 9 0 1 37 0 0 0 28 385 0
"23" 23 0.559585492228 0 248 128 0 0 0 0 0 2 0 0 32 0 0 0 90 0 0 0 0
"24" 24 0.248062015504 0 5 259 0 0 0 0 0 0 0 212 24 0 0 0 0 0 0 0 0
"25" 25 0.0 0 1 0 26 0 0 0 0 16 0 0 0 25 305 117 9 1 0 0 0
"26" 26 0.352678571429 0 0 0 0 0 17 0 0 0 0 0 0 0 0 0 0 0 0 483 0
"27" 27 0.476793248945 0 8 0 0 0 360 0 0 0 0 0 0 0 0 123 0 0 9 0 0
"28" 28 0.0 0 0 0 0 0 0 0 0 0 0 500 0 0 0 0 0 0 0 0 0
"29" 29 0.0253807106599 0 0 58 0 0 0 332 0 1 0 0 0 0 1 0 0 1 107 0 0
"30" 30 0.0829015544041 0 1 309 0 0 0 0 0 0 0 0 4 185 0 0 0 0 1 0 0
"31" 31 0.0697674418605 0 0 7 0 1 123 0 0 0 0 362 2 0 0 0 0 0 5 0 0
"32" 32 0.495535714286 0 0 82 0 0 370 0 0 0 0 0 0 0 0 4 29 0 15 0 0
"33" 33 0.0116279069767 0 0 0 0 0 0 27 0 231 0 6 0 0 233 0 0 0 3 0 0
"34" 34 0.0045871559633 0 0 1 162 5 0 0 0 0 0 97 0 0 0 0 0 0 114 0 121
"35" 35 0.434599156118 0 0 2 0 0 382 14 0 0 0 0 0 0 0 67 0 0 1 9 25
"36" 36 0.407960199005 0 66 0 2 1 315 16 0 0 0 0 0 2 5 61 0 1 0 0 31
"37" 37 0.0191387559809 0 0 0 0 0 0 0 0 0 0 1 0 0 285 196 17 1 0 0 0
"38" 38 0.0334928229665 0 0 0 0 0 0 4 0 0 0 0 0 418 0 1 77 0 0 0 0
"39" 39 0.326424870466 0 6 1 0 0 4 0 0 0 0 0 0 0 103 372 0 1 3 1 9
"40" 40 0.599156118143 0 70 0 11 0 4 232 0 0 0 0 0 0 0 19 0 81 83 0 0
"41" 41 0.311004784689 0 18 1 0 22 0 162 0 0 0 0 0 2 34 0 0 111 149 0 1
"42" 42 0.0 0 0 40 0 1 77 0 0 17 0 31 0 261 2 0 54 0 17 0 0
"43" 43 0.124031007752 0 0 0 0 0 290 0 0 0 0 8 0 0 37 164 0 0 1 0 0
"44" 44 0.294573643411 0 1 0 1 2 291 0 0 0 0 11 0 0 0 0 0 0 194 0 0
"45" 45 0.102661596958 0 0 0 0 14 0 0 0 0 1 21 42 352 0 0 0 0 0 70 0
"46" 46 0.0229885057471 0 4 0 0 0 0 2 0 0 0 4 0 1 0 0 0 489 0 0 0
"47" 47 0.471794871795 0 81 0 0 0 53 0 0 0 0 0 0 0 110 95 0 0 136 0 25
"48" 48 0.369230769231 0 0 0 100 2 45 0 0 0 0 0 35 0 58 222 0 0 26 0 12
"49" 49 0.00497512437811 0 0 0 0 101 0 0 0 13 0 0 0 0 355 0 0 0 31 0 0
"50" 50 0.14358974359 0 0 0 500 0 0 0 0 0 0 0 0 0 0 0 0 0 0 0 0
"51" 51 0.441025641026 0 0 0 0 0 335 0 0 0 0 0 0 0 0 98 0 0 67 0 0
"52" 52 0.0232558139535 0 0 1 0 0 0 0 0 0 0 499 0 0 0 0 0 0 0 0 0
"53" 53 0.00995024875622 0 0 0 0 0 0 0 0 0 0 0 0 0 500 0 0 0 0 0 0
"54" 54 0.599156118143 0 0 0 0 0 439 0 0 0 0 0 0 0 0 0 0 0 61 0 0
"55" 55 0.603375527426 0 18 0 0 11 137 0 0 0 0 0 0 0 0 27 0 0 25 0 282
"56" 56 0.167464114833 0 0 0 0 0 0 0 0 0 70 0 0 4 2 0 0 0 6 418 0
"57" 57 0.471698113208 0 0 0 0 0 0 0 454 0 0 0 0 0 0 46 0 0 0 0 0
"58" 58 0.549107142857 0 0 1 0 0 472 0 0 0 0 0 0 0 0 27 0 0 0 0 0
"59" 59 0.114427860697 0 0 0 0 0 0 0 0 0 0 0 0 0 500 0 0 0 0 0 0
"60" 60 0.224215246637 0 0 0 0 185 264 0 0 2 0 0 0 0 0 28 0 0 0 0 21
"61" 61 0.815384615385 0 0 25 0 0 475 0 0 0 0 0 0 0 0 0 0 0 0 0 0
"62" 62 0.271523178808 0 0 0 3 26 3 0 0 21 0 0 0 0 54 10 0 0 0 383 0
"63" 63 0.0529801324503 0 0 497 0 0 0 0 0 0 0 0 0 0 0 3 0 0 0 0 0
"64" 64 0.00574712643678 0 0 1 0 0 0 3 0 202 0 7 0 0 0 0 0 287 0 0 0
"65" 65 0.0 0 0 0 0 0 0 0 0 0 0 0 0 0 0 0 0 0 500 0 0
"66" 66 0.325581395349 0 48 1 0 22 16 0 0 5 0 0 0 0 0 3 378 0 4 0 23
"67" 67 0.0298507462687 0 0 1 0 0 0 2 0 1 0 1 0 0 495 0 0 0 0 0 0
"68" 68 0.0149253731343 0 0 0 0 1 0 0 0 0 0 0 0 0 432 0 0 0 0 0 67
"69" 69 0.43795620438 0 0 0 0 0 128 0 0 0 0 76 0 0 0 0 296 0 0 0 0
"70" 70 0.419689119171 0 117 2 6 0 0 0 0 0 0 0 0 127 0 50 0 0 2 196 0
"71" 71 0.129353233831 0 0 0 0 0 0 0 16 0 0 0 0 0 484 0 0 0 0 0 0
"72" 72 0.682051282051 0 52 105 0 0 224 0 0 0 0 0 0 0 0 0 0 0 119 0 0
"73" 73 0.509933774834 0 12 112 0 0 12 0 0 0 0 11 0 0 0 18 0 0 1 0 334
"74" 74 0.0 1 0 0 0 0 0 5 0 0 0 0 0 0 0 0 0 494 0 0 0
"75" 75 0.220125786164 0 0 0 0 0 0 0 492 0 0 0 0 4 0 4 0 0 0 0 0
"76" 76 0.709821428571 0 0 0 0 0 51 0 0 0 0 0 0 0 0 1 0 0 448 0 0
"77" 77 0.549222797927 0 1 15 0 0 390 0 0 0 0 0 0 0 0 0 0 0 94 0 0
"78" 78 0.0152284263959 1 1 0 0 1 1 366 0 0 0 0 0 0 0 28 0 102 0 0 0
"79" 79 0.259124087591 0 0 0 0 0 52 0 0 0 0 0 0 0 0 448 0 0 0 0 0
"80" 80 0.517441860465 0 68 0 0 0 137 0 0 0 0 0 0 0 0 0 0 0 295 0 0
"81" 81 0.308139534884 0 0 2 1 0 4 30 0 0 0 0 0 0 0 10 0 1 65 0 387
"82" 82 0.0 0 0 0 0 0 0 141 0 0 0 3 0 0 0 0 0 351 0 0 5
"83" 83 0.332116788321 0 0 0 0 7 34 0 0 0 0 0 0 0 0 323 0 0 110 0 26
"84" 84 0.317948717949 0 0 27 0 21 193 1 0 0 0 0 0 0 11 1 0 0 229 0 17
"85" 85 0.0871794871795 0 166 13 1 0 0 0 0 0 0 282 0 34 0 0 2 0 0 2 0
"86" 86 0.00961538461538 0 0 0 0 0 0 0 0 0 0 0 500 0 0 0 0 0 0 0 0
"87" 87 0.00961538461538 0 0 0 0 0 0 0 0 0 0 0 500 0 0 0 0 0 0 0 0
"88" 88 0.0 0 0 0 0 4 0 0 0 1 0 9 458 4 0 0 0 0 24 0 0
"89" 89 0.00478468899522 0 0 14 11 0 0 0 0 1 4 3 0 224 4 0 0 239 0 0 0
"90" 90 0.0 0 0 0 0 0 0 3 0 0 0 0 2 0 495 0 0 0 0 0 0
"91" 91 0.0 0 1 14 13 1 0 0 0 0 2 76 30 2 159 27 0 0 82 0 93
"92" 92 0.0 0 22 13 1 117 0 0 0 2 39 12 2 4 0 0 0 0 43 18 227
"93" 93 0.0116279069767 0 5 346 34 1 0 0 0 86 0 27 0 0 0 0 0 0 1 0 0
"94" 94 0.00507614213198 1 0 0 0 0 0 467 0 0 0 0 0 0 30 0 0 0 2 0 0
"95" 95 0.00836820083682 0 0 0 0 21 0 0 0 0 258 0 0 3 17 0 30 0 0 170 1
"96" 96 0.0141843971631 0 134 0 24 1 0 4 0 3 1 36 0 1 8 0 247 0 40 0 1
"97" 97 0.152466367713 0 275 0 1 26 0 0 0 0 0 2 0 0 33 0 0 0 21 0 142
"98" 98 0.0 0 1 0 2 2 0 467 0 0 20 0 0 1 0 0 0 7 0 0 0
"99" 99 0.00917431192661 0 0 0 0 0 0 40 0 101 0 0 0 0 92 0 0 191 36 0 40
"100" 100 0.119205298013 0 0 120 0 0 0 0 0 0 0 0 0 0 0 380 0 0 0 0 0
"101" 101 0.308176100629 0 0 0 0 0 314 0 179 0 0 0 0 0 0 0 0 0 7 0 0
"102" 102 0.787564766839 0 0 0 227 0 5 0 0 0 0 0 0 0 0 0 0 0 0 268 0
"103" 103 0.153846153846 0 0 0 0 0 0 0 0 0 0 0 500 0 0 0 0 0 0 0 0
"104" 104 0.163461538462 0 0 0 0 0 0 0 0 0 0 0 500 0 0 0 0 0 0 0 0
"105" 105 0.548076923077 0 0 0 0 0 0 0 0 0 0 0 500 0 0 0 0 0 0 0 0
"106" 106 0.556053811659 0 3 1 0 0 157 0 0 34 0 0 0 0 0 287 4 0 0 11 3
"107" 107 0.11320754717 0 3 3 0 0 0 0 484 0 0 7 0 0 0 0 0 0 3 0 0
"108" 108 0.453488372093 0 0 0 0 0 467 0 0 0 0 0 0 0 0 33 0 0 0 0 0
"109" 109 0.423076923077 0 0 0 0 0 0 0 0 0 0 0 500 0 0 0 0 0 0 0 0
"110" 110 0.512953367876 0 397 0 0 0 0 0 0 1 0 0 0 0 14 0 0 0 87 0 1
"111" 111 0.0 0 0 7 0 0 0 472 0 0 1 0 0 1 17 0 0 0 0 1 1
"112" 112 0.108527131783 0 0 0 0 0 291 0 0 0 0 0 0 0 0 169 0 0 40 0 0
"113" 113 0.542600896861 0 1 0 0 0 207 0 0 0 0 0 0 0 0 59 0 0 233 0 0
"114" 114 0.196428571429 0 0 3 7 0 9 0 0 0 0 1 0 0 13 457 0 0 7 0 3
"115" 115 0.0 0 0 2 0 0 0 466 0 1 0 12 0 0 9 5 0 2 0 3 0
"116" 116 0.410256410256 0 0 0 0 0 240 0 0 0 0 0 0 0 0 229 0 0 31 0 0
"117" 117 0.704035874439 0 3 0 1 0 291 0 0 0 0 0 0 0 43 101 0 0 61 0 0
"118" 118 0.389534883721 0 0 0 0 0 0 483 0 0 0 0 0 0 0 0 0 1 16 0 0
"119" 119 0.117154811715 0 0 0 0 0 0 0 0 0 500 0 0 0 0 0 0 0 0 0 0
"120" 120 0.538461538462 0 0 0 0 0 0 0 0 0 0 0 500 0 0 0 0 0 0 0 0
"121" 121 0.238410596026 0 0 488 0 0 0 0 0 0 0 0 0 12 0 0 0 0 0 0 0
"122" 122 0.0627615062762 0 5 3 0 0 0 0 0 0 411 75 0 0 0 0 1 0 5 0 0
"123" 123 0.424107142857 0 241 1 0 0 8 0 0 0 0 0 0 0 0 0 0 0 250 0 0
"124" 124 0.316964285714 0 0 0 0 1 0 0 0 0 0 0 0 0 0 353 0 0 146 0 0
"125" 125 0.0 0 0 5 0 50 0 0 0 0 374 18 0 38 0 5 1 0 0 0 9
"126" 126 0.240506329114 0 5 0 0 0 10 0 0 0 40 7 0 0 0 404 34 0 0 0 0
"127" 127 0.556962025316 0 0 0 0 0 54 0 0 0 0 0 0 0 0 446 0 0 0 0 0
"128" 128 0.300448430493 0 252 0 8 31 0 0 0 0 0 0 0 0 6 0 0 0 93 0 110
"129" 129 0.0 0 1 0 0 0 0 0 0 0 499 0 0 0 0 0 0 0 0 0 0
"130" 130 0.14358974359 0 1 0 0 0 0 6 0 0 0 1 0 0 0 0 0 1 302 0 189
"131" 131 0.551569506726 0 0 0 0 0 223 0 0 0 0 19 0 0 10 195 0 0 53 0 0
"132" 132 0.15503875969 0 2 38 0 0 0 0 0 0 0 322 7 0 0 0 0 0 1 0 130
"133" 133 0.0 0 0 0 0 0 0 0 0 0 0 44 454 0 0 0 0 0 2 0 0
"134" 134 0.394230769231 0 1 0 0 6 324 18 0 0 0 0 0 0 0 0 0 0 6 0 145
"135" 135 0.626943005181 0 0 0 0 0 352 0 0 0 0 0 0 0 0 4 0 0 144 0 0
"136" 136 0.211678832117 0 0 0 90 405 0 0 0 0 0 4 0 0 0 0 0 0 0 0 1
"137" 137 0.832635983264 0 0 0 0 0 500 0 0 0 0 0 0 0 0 0 0 0 0 0 0
"138" 138 0.394230769231 0 0 0 0 0 0 0 0 0 0 0 500 0 0 0 0 0 0 0 0
"139" 139 0.258278145695 0 0 18 0 1 455 8 0 0 0 6 0 4 2 4 0 2 0 0 0
"140" 140 0.0 0 0 0 0 0 0 0 0 0 0 0 500 0 0 0 0 0 0 0 0
"141" 141 0.00354609929078 0 0 37 0 0 0 0 0 49 53 0 132 80 0 0 69 3 20 53 4
"142" 142 0.0 462 0 38 0 0 0 0 0 0 0 0 0 0 0 0 0 0 0 0 0
"143" 143 0.00354609929078 9 0 0 0 0 0 0 0 21 72 0 0 327 0 0 51 0 0 15 5
"144" 144 0.0 152 0 4 0 0 0 2 0 0 0 0 0 0 182 0 0 0 6 0 154
"145" 145 0.0 0 0 0 0 0 0 0 0 2 0 0 0 0 0 0 0 498 0 0 0
"146" 146 0.127737226277 0 0 0 30 0 277 0 0 193 0 0 0 0 0 0 0 0 0 0 0
"147" 147 0.0923076923077 0 500 0 0 0 0 0 0 0 0 0 0 0 0 0 0 0 0 0 0
"148" 148 0.62893081761 0 0 0 0 0 0 0 4 0 0 0 0 0 0 496 0 0 0 0 0
"149" 149 0.708520179372 0 0 0 0 0 500 0 0 0 0 0 0 0 0 0 0 0 0 0 0
"150" 150 0.355769230769 0 0 0 0 0 0 0 0 0 0 0 500 0 0 0 0 0 0 0 0
"151" 151 0.47533632287 0 0 0 0 1 483 0 0 0 0 0 0 0 0 16 0 0 0 0 0
"152" 152 0.044776119403 0 0 0 0 0 0 0 0 0 0 0 0 0 497 0 0 0 0 0 3
"153" 153 0.367713004484 0 0 0 0 0 255 0 0 0 0 0 0 0 0 245 0 0 0 0 0
"154" 154 0.172413793103 0 0 2 1 0 0 0 0 1 0 0 0 5 0 0 0 491 0 0 0
"155" 155 0.137931034483 0 0 0 0 0 0 0 0 245 0 0 0 0 0 0 0 0 255 0 0
"156" 156 0.238410596026 0 0 398 0 0 0 0 0 7 0 2 1 0 0 0 4 0 0 88 0
"157" 157 0.0232558139535 3 0 0 0 5 0 0 0 0 0 0 0 216 0 275 1 0 0 0 0
"158" 158 0.276729559748 0 0 0 0 0 401 0 80 0 0 0 0 0 0 19 0 0 0 0 0
"159" 159 0.405128205128 0 0 374 47 0 0 0 0 0 0 0 57 0 0 0 0 0 22 0 0
"160" 160 0.0179372197309 1 0 2 428 7 1 0 0 0 3 0 0 7 0 0 6 0 4 41 0
"161" 161 0.0932642487047 0 250 11 1 0 24 0 0 0 0 0 0 0 0 16 4 9 182 0 3
"162" 162 0.0102564102564 169 0 92 0 30 0 0 0 1 0 134 0 6 0 0 0 66 0 0 2
"163" 163 0.0 0 0 1 0 0 0 0 493 0 0 6 0 0 0 0 0 0 0 0 0
"164" 164 0.0152284263959 0 0 40 0 0 0 431 0 26 0 0 0 0 0 0 0 0 0 0 3
"165" 165 0.275229357798 3 1 10 0 0 117 1 0 28 0 4 0 0 273 0 0 7 25 0 31
"166" 166 0.5 0 1 0 20 0 33 0 0 270 0 0 1 92 0 0 4 0 1 78 0
"167" 167 0.451923076923 0 0 0 0 0 0 0 0 0 0 0 500 0 0 0 0 0 0 0 0
"168" 168 0.0529801324503 262 0 0 0 0 0 0 0 0 0 4 0 7 0 0 0 0 2 0 225
"169" 169 0.110266159696 0 0 0 0 0 13 107 0 0 286 0 0 0 0 0 0 0 0 94 0
"170" 170 0.0 1 1 1 1 0 0 0 493 1 0 2 0 0 0 0 0 0 0 0 0
"171" 171 0.0 0 0 0 0 0 0 291 0 0 0 0 0 0 79 0 0 129 1 0 0
"172" 172 0.0 0 0 1 2 1 0 0 0 16 0 132 0 0 0 7 0 0 0 0 341
"173" 173 0.00961538461538 0 0 0 0 0 0 0 0 0 0 0 500 0 0 0 0 0 0 0 0
"174" 174 0.0 0 0 2 0 1 0 0 0 0 0 0 0 0 0 0 0 497 0 0 0
"175" 175 0.0 0 467 0 18 0 0 10 0 0 0 0 0 0 0 1 0 4 0 0 0
"176" 176 0.0 0 0 0 2 0 0 0 0 491 0 2 1 0 0 0 0 0 0 0 4
"177" 177 0.191489361702 0 16 7 0 0 10 2 0 81 0 0 0 8 0 369 0 2 3 0 2
"178" 178 0.504464285714 0 0 0 0 0 474 0 0 0 0 0 0 0 0 0 0 0 26 0 0
"179" 179 0.186602870813 0 54 20 4 0 203 5 0 0 0 0 1 0 0 17 0 140 27 0 29
"180" 180 0.0232558139535 0 0 0 0 0 0 0 0 0 0 500 0 0 0 0 0 0 0 0 0
"181" 181 0.0190114068441 0 0 0 0 0 0 0 0 0 0 0 0 0 0 0 0 0 0 500 0
"182" 182 0.410646387833 0 0 0 0 0 84 0 0 0 0 0 0 0 0 27 389 0 0 0 0
"183" 183 0.477611940299 0 2 0 0 20 0 0 0 0 0 5 13 4 5 0 0 0 403 30 18
"184" 184 0.28102189781 0 0 3 0 0 4 0 0 493 0 0 0 0 0 0 0 0 0 0 0
"185" 185 0.0228136882129 0 0 0 0 0 0 0 0 0 0 0 0 0 0 0 0 0 0 500 0
"186" 186 0.304932735426 0 0 1 0 0 0 0 0 0 0 0 52 0 0 447 0 0 0 0 0
"187" 187 0.610256410256 0 0 3 0 0 429 0 52 5 0 0 0 0 0 0 1 0 10 0 0
"188" 188 0.295620437956 0 1 0 3 45 108 0 0 0 0 0 0 0 0 320 0 0 23 0 0
"189" 189 0.113138686131 0 1 0 0 0 0 0 0 0 0 4 1 0 494 0 0 0 0 0 0
"190" 190 0.584905660377 0 0 5 0 0 145 0 220 1 0 0 0 0 0 7 0 0 122 0 0
"191" 191 0.397321428571 0 2 0 0 11 176 0 0 0 0 0 1 0 1 0 0 0 267 0 42
"192" 192 0.00380228136882 0 0 0 0 0 0 0 0 0 399 0 0 0 0 0 0 0 0 101 0
"193" 193 0.00995024875622 0 0 1 1 0 0 0 0 0 0 43 0 0 454 0 0 0 0 1 0
"194" 194 0.425641025641 0 0 1 0 0 285 0 0 0 0 0 0 0 1 208 0 0 5 0 0
"195" 195 0.251282051282 0 83 0 170 0 0 0 0 0 0 0 0 14 0 0 0 0 233 0 0
"196" 196 0.0 0 0 0 0 0 0 0 0 0 0 0 0 0 0 0 500 0 0 0 0
"197" 197 0.0248226950355 0 0 2 0 0 0 0 0 1 0 0 0 0 0 3 493 0 0 0 1
"198" 198 0.379487179487 0 0 0 0 0 270 0 0 0 0 0 0 0 0 230 0 0 0 0 0
"199" 199 0.0 0 0 0 0 1 0 497 0 2 0 0 0 0 0 0 0 0 0 0 0
"200" 200 0.0 0 0 0 0 0 0 3 0 0 0 0 0 0 0 0 0 493 4 0 0
"201" 201 0.148717948718 0 500 0 0 0 0 0 0 0 0 0 0 0 0 0 0 0 0 0 0
"202" 202 0.0425531914894 0 0 0 0 0 0 0 0 0 0 0 0 11 0 0 489 0 0 0 0
"203" 203 0.450331125828 0 380 0 0 0 120 0 0 0 0 0 0 0 0 0 0 0 0 0 0
"204" 204 0.0982142857143 0 0 4 13 17 0 0 0 105 0 0 0 0 0 0 0 0 361 0 0
"205" 205 0.0 0 0 0 2 0 0 243 0 1 0 16 0 0 0 0 0 238 0 0 0
"206" 206 0.0923076923077 0 0 0 496 0 0 0 0 0 0 0 0 0 0 4 0 0 0 0 0
"207" 207 0.456204379562 0 0 0 1 0 345 0 0 0 0 0 0 0 0 154 0 0 0 0 0
"208" 208 0.0 0 10 0 14 35 1 101 0 1 18 17 0 60 234 0 0 0 1 1 7
"209" 209 0.046511627907 0 0 12 0 4 0 0 0 0 1 472 1 3 0 0 0 0 7 0 0
"210" 210 0.569506726457 0 0 0 0 0 100 0 0 0 0 0 0 0 0 399 0 0 1 0 0
"211" 211 0.410852713178 0 0 0 0 25 0 0 0 0 0 344 4 1 0 0 126 0 0 0 0
"212" 212 0.271523178808 0 0 223 0 0 0 0 0 0 0 277 0 0 0 0 0 0 0 0 0
