"site" "RSA" "aa1" "aa2" "aa3" "aa4" "aa5" "aa6" "aa7" "aa8" "aa9" "aa10" "aa11" "aa12" "aa13" "aa14" "aa15" "aa16" "aa17" "aa18" "aa19" "aa20"
"0" 0 0.645348837209 0 0 0 0 0 0 0 25 50 0 0 0 0 0 0 0 0 0 0 425
"1" 1 0.451923076923 0 0 0 0 0 0 0 0 0 0 0 500 0 0 0 0 0 0 0 0
"2" 2 0.788461538462 0 0 0 0 0 0 0 0 0 0 0 500 0 0 0 0 0 0 0 0
"3" 3 0.743119266055 0 0 450 0 0 50 0 0 0 0 0 0 0 0 0 0 0 0 0 0
"4" 4 0.519379844961 0 0 472 0 0 27 0 0 0 0 0 0 0 0 0 0 0 0 0 1
"5" 5 0.0993377483444 0 23 2 42 60 0 0 0 0 0 6 0 366 0 0 0 0 1 0 0
"6" 6 0.704641350211 0 0 19 0 0 322 0 159 0 0 0 0 0 0 0 0 0 0 0 0
"7" 7 0.187943262411 0 0 0 16 19 0 2 0 302 43 0 0 0 0 0 0 0 4 114 0
"8" 8 0.0829015544041 0 495 0 0 0 0 0 0 2 2 0 0 1 0 0 0 0 0 0 0
"9" 9 0.533632286996 0 255 0 0 9 6 0 0 0 0 0 0 0 0 0 0 0 230 0 0
"10" 10 0.362869198312 0 0 0 0 0 500 0 0 0 0 0 0 0 0 0 0 0 0 0 0
"11" 11 0.0 0 0 0 0 0 0 0 0 0 0 0 500 0 0 0 0 0 0 0 0
"12" 12 0.0137614678899 0 7 3 0 4 0 1 0 0 0 12 0 0 243 66 0 0 2 0 162
"13" 13 0.259067357513 0 6 0 0 3 123 0 0 0 0 0 0 0 2 142 0 0 223 0 1
"14" 14 0.0761421319797 0 0 0 0 13 0 419 0 0 0 0 0 0 0 0 0 1 22 0 45
"15" 15 0.0 0 0 0 0 0 0 0 0 0 0 500 0 0 0 0 0 0 0 0 0
"16" 16 0.174904942966 0 0 19 21 0 0 5 0 5 0 0 0 6 139 224 1 0 14 66 0
"17" 17 0.424107142857 0 1 0 0 5 241 0 0 0 0 0 0 0 0 185 0 0 68 0 0
"18" 18 0.0714285714286 0 7 0 1 5 0 0 0 0 0 2 0 0 0 0 0 0 485 0 0
"19" 19 0.0077519379845 0 0 0 0 0 0 0 0 0 0 500 0 0 0 0 0 0 0 0 0
"20" 20 0.243781094527 0 0 0 0 0 122 0 0 0 0 0 0 0 1 95 5 0 175 0 102
"21" 21 0.358208955224 0 0 0 4 0 443 0 0 0 0 4 0 0 6 32 0 0 7 0 4
"22" 22 0.0 0 0 0 0 0 0 0 0 0 0 500 0 0 0 0 0 0 0 0 0
"23" 23 0.212927756654 0 0 0 0 0 3 0 0 0 213 0 0 0 5 13 0 0 0 266 0
"24" 24 0.679324894515 0 24 0 0 0 264 0 0 0 0 0 0 0 15 167 0 0 30 0 0
"25" 25 0.464285714286 0 0 10 17 0 454 0 0 0 0 0 0 0 0 8 0 0 4 0 7
"26" 26 0.307692307692 0 0 0 0 0 0 0 0 0 0 0 500 0 0 0 0 0 0 0 0
"27" 27 0.0 0 0 500 0 0 0 0 0 0 0 0 0 0 0 0 0 0 0 0 0
"28" 28 0.0 0 24 0 0 0 2 0 0 1 37 0 0 5 0 0 0 3 0 428 0
"29" 29 0.0188679245283 0 0 0 0 0 0 0 500 0 0 0 0 0 0 0 0 0 0 0 0
"30" 30 0.0355329949239 0 0 0 0 387 0 14 0 0 0 0 0 0 0 0 0 0 99 0 0
"31" 31 0.0 0 0 0 0 0 0 0 0 0 0 0 500 0 0 0 0 0 0 0 0
"32" 32 0.0 0 0 0 0 0 0 0 0 0 0 0 500 0 0 0 0 0 0 0 0
"33" 33 0.0 0 0 0 0 0 0 0 0 500 0 0 0 0 0 0 0 0 0 0 0
"34" 34 0.0 0 0 0 0 0 0 5 0 0 0 0 0 0 490 0 0 5 0 0 0
"35" 35 0.0 0 0 0 0 0 0 500 0 0 0 0 0 0 0 0 0 0 0 0 0
"36" 36 0.174358974359 0 3 0 1 1 0 0 0 0 0 0 0 0 283 89 0 0 123 0 0
"37" 37 0.158974358974 0 0 261 152 60 10 3 0 6 0 0 0 0 8 0 0 0 0 0 0
"38" 38 0.666666666667 0 88 0 2 0 281 0 0 0 0 0 0 0 0 109 0 0 1 0 19
"39" 39 0.435233160622 0 373 0 0 0 0 0 0 0 0 0 0 0 0 127 0 0 0 0 0
"40" 40 0.0 0 0 0 0 0 0 0 0 0 0 0 500 0 0 0 0 0 0 0 0
"41" 41 0.35761589404 0 0 0 0 0 482 0 0 0 0 0 0 0 0 18 0 0 0 0 0
"42" 42 0.316091954023 0 0 0 0 0 0 81 0 0 0 0 0 0 0 0 0 419 0 0 0
"43" 43 0.238805970149 0 0 0 0 6 0 0 0 0 0 1 2 0 413 0 0 0 67 0 11
"44" 44 0.0769230769231 0 0 0 0 0 0 0 0 0 0 0 500 0 0 0 0 0 0 0 0
"45" 45 0.310218978102 0 0 63 0 4 0 0 0 0 0 396 0 1 0 35 0 0 1 0 0
"46" 46 0.00961538461538 0 0 0 0 0 0 0 0 0 0 0 500 0 0 0 0 0 0 0 0
"47" 47 0.0813397129187 1 0 0 1 0 0 0 0 0 4 8 0 449 0 0 0 0 0 37 0
"48" 48 0.0 7 1 0 487 0 0 0 0 0 0 5 0 0 0 0 0 0 0 0 0
"49" 49 0.174311926606 31 57 0 11 76 124 0 0 0 0 1 0 0 2 1 0 0 191 1 5
"50" 50 0.0948905109489 0 0 32 0 0 0 0 0 6 0 0 0 0 0 163 282 0 2 0 15
"51" 51 0.330543933054 0 0 0 180 0 9 0 0 0 0 26 0 282 0 0 1 0 0 0 2
"52" 52 0.255605381166 0 0 0 11 0 5 7 0 1 0 0 0 0 6 0 0 397 61 0 12
"53" 53 0.57805907173 0 0 0 0 0 491 0 0 0 0 0 0 1 0 7 0 0 1 0 0
"54" 54 0.682692307692 0 0 0 0 0 0 0 0 0 0 0 500 0 0 0 0 0 0 0 0
"55" 55 0.12582781457 0 0 500 0 0 0 0 0 0 0 0 0 0 0 0 0 0 0 0 0
"56" 56 0.565891472868 0 0 0 0 0 500 0 0 0 0 0 0 0 0 0 0 0 0 0 0
"57" 57 0.482558139535 0 0 0 0 0 24 0 0 17 0 0 0 0 0 422 0 0 37 0 0
"58" 58 0.119402985075 0 52 1 5 28 16 0 0 0 0 7 0 25 359 0 0 0 5 0 2
"59" 59 0.0717703349282 2 0 0 0 11 0 0 0 0 0 0 32 0 0 1 0 0 0 454 0
"60" 60 0.00961538461538 0 0 0 0 0 0 0 0 0 0 0 500 0 0 0 0 0 0 0 0
"61" 61 0.0357142857143 0 1 8 0 0 0 0 0 2 0 417 41 0 0 0 0 20 11 0 0
"62" 62 0.147208121827 1 0 6 0 0 0 33 0 0 0 135 1 7 0 0 1 294 5 17 0
"63" 63 0.0264900662252 0 36 310 1 0 0 0 0 0 0 123 0 0 0 0 0 0 30 0 0
"64" 64 0.0 0 0 7 0 0 0 0 0 372 0 121 0 0 0 0 0 0 0 0 0
"65" 65 0.0746268656716 0 0 0 0 0 0 18 0 1 3 0 1 0 476 0 0 0 0 0 1
"66" 66 0.598214285714 0 0 8 0 0 168 0 0 0 0 0 0 0 12 285 0 0 4 0 23
"67" 67 0.471794871795 0 0 0 500 0 0 0 0 0 0 0 0 0 0 0 0 0 0 0 0
"68" 68 0.113924050633 72 0 0 0 0 0 0 0 0 0 428 0 0 0 0 0 0 0 0 0
"69" 69 0.384615384615 0 0 0 0 0 0 0 0 0 0 0 500 0 0 0 0 0 0 0 0
"70" 70 0.930656934307 0 0 0 0 0 500 0 0 0 0 0 0 0 0 0 0 0 0 0 0
"71" 71 0.278606965174 0 0 0 6 0 0 0 0 0 0 0 0 0 413 81 0 0 0 0 0
"72" 72 0.65625 0 0 0 0 0 460 0 17 0 0 0 0 23 0 0 0 0 0 0 0
"73" 73 0.317307692308 0 0 0 0 0 0 0 500 0 0 0 0 0 0 0 0 0 0 0 0
"74" 74 0.64135021097 0 367 9 0 0 13 0 0 0 0 0 0 0 0 0 0 0 111 0 0
"75" 75 0.137931034483 0 0 0 0 8 0 0 0 0 3 4 0 0 0 6 0 471 2 0 6
"76" 76 0.0152091254753 0 0 0 0 0 0 0 0 0 499 0 0 0 0 0 0 0 0 1 0
"77" 77 0.451476793249 0 0 0 0 0 500 0 0 0 0 0 0 0 0 0 0 0 0 0 0
"78" 78 0.341968911917 0 61 0 4 0 0 0 0 0 0 0 0 1 0 434 0 0 0 0 0
"79" 79 0.0 0 0 0 0 0 0 0 0 500 0 0 0 0 0 0 0 0 0 0 0
"80" 80 0.0 7 0 1 0 0 0 251 0 221 0 6 0 0 0 0 0 14 0 0 0
"81" 81 0.0 11 0 0 0 11 0 0 0 0 0 0 0 1 477 0 0 0 0 0 0
"82" 82 0.0 0 0 0 0 0 0 0 0 0 286 0 0 0 0 0 0 0 0 214 0
"83" 83 0.0 0 0 7 0 0 0 0 0 493 0 0 0 0 0 0 0 0 0 0 0
"84" 84 0.0348837209302 0 0 0 0 0 0 0 0 500 0 0 0 0 0 0 0 0 0 0 0
"85" 85 0.0199004975124 8 0 8 1 2 0 0 0 2 0 0 0 0 402 0 0 2 49 0 26
"86" 86 0.0132450331126 0 0 358 0 0 0 0 0 0 0 141 0 0 0 0 0 0 0 0 1
"87" 87 0.0 0 0 0 0 0 0 0 493 0 0 7 0 0 0 0 0 0 0 0 0
"88" 88 0.113924050633 0 399 1 100 0 0 0 0 0 0 0 0 0 0 0 0 0 0 0 0
"89" 89 0.533678756477 0 1 0 0 0 1 0 0 0 0 0 0 0 15 436 0 0 46 0 1
"90" 90 0.366972477064 0 0 0 0 2 39 0 0 0 22 0 0 0 203 3 1 0 87 128 15
"91" 91 0.0 0 0 20 1 83 0 0 0 1 0 2 0 0 1 0 0 0 392 0 0
"92" 92 0.00581395348837 0 0 0 0 0 0 0 0 0 0 476 24 0 0 0 0 0 0 0 0
"93" 93 0.307692307692 0 1 0 0 0 118 0 0 0 0 0 0 0 1 17 4 0 359 0 0
"94" 94 0.116279069767 0 0 2 0 2 0 1 0 1 1 31 0 1 157 0 0 0 25 1 278
"95" 95 0.0 0 0 0 0 0 0 500 0 0 0 0 0 0 0 0 0 0 0 0 0
"96" 96 0.0964467005076 0 0 5 0 0 4 92 0 0 0 13 0 63 39 284 0 0 0 0 0
"97" 97 0.577981651376 0 0 0 0 0 100 0 0 0 0 0 0 0 0 20 0 0 0 4 376
"98" 98 0.296577946768 0 0 0 0 0 82 0 0 0 0 1 0 0 31 0 4 0 0 382 0
"99" 99 0.211538461538 0 0 0 0 0 0 0 0 0 0 0 500 0 0 0 0 0 0 0 0
"100" 100 0.0 0 0 0 0 0 0 497 0 0 0 0 0 0 0 0 0 3 0 0 0
"101" 101 0.251572327044 0 0 0 0 0 226 0 274 0 0 0 0 0 0 0 0 0 0 0 0
"102" 102 0.0401459854015 0 0 0 0 26 28 2 0 10 0 0 0 0 0 0 0 86 1 0 347
"103" 103 0.00632911392405 301 0 0 0 0 0 0 0 0 7 0 0 0 0 0 0 192 0 0 0
"104" 104 0.00574712643678 18 5 3 0 0 0 0 0 0 0 0 0 0 0 0 0 474 0 0 0
"105" 105 0.0 0 0 0 0 0 0 499 0 0 0 0 0 0 0 0 0 1 0 0 0
"106" 106 0.0 0 0 0 0 0 0 0 0 0 0 0 500 0 0 0 0 0 0 0 0
"107" 107 0.00446428571429 0 0 31 0 21 0 0 0 422 0 0 0 14 0 0 0 0 12 0 0
"108" 108 0.210256410256 6 145 0 349 0 0 0 0 0 0 0 0 0 0 0 0 0 0 0 0
"109" 109 0.5 0 77 0 0 0 15 0 0 0 1 0 0 0 0 399 0 0 8 0 0
"110" 110 0.174358974359 40 0 2 7 20 0 0 0 72 0 0 0 0 0 0 0 5 320 0 34
"111" 111 0.154811715481 0 0 0 0 0 0 0 0 0 0 0 0 0 0 4 0 0 0 496 0
"112" 112 0.481012658228 131 1 3 0 0 2 0 0 0 0 0 0 0 0 362 0 0 0 0 1
"113" 113 0.139072847682 0 0 500 0 0 0 0 0 0 0 0 0 0 0 0 0 0 0 0 0
"114" 114 0.746835443038 0 425 1 0 0 38 0 0 0 0 0 0 0 0 23 0 0 13 0 0
"115" 115 0.0 0 0 0 0 0 0 0 0 0 0 24 476 0 0 0 0 0 0 0 0
"116" 116 0.0580357142857 0 0 0 0 12 0 0 0 1 0 3 1 0 0 133 0 0 349 0 1
"117" 117 0.523206751055 0 350 0 0 0 148 0 0 0 0 0 0 0 0 0 0 0 2 0 0
"118" 118 0.410646387833 0 1 0 0 1 308 0 0 0 0 0 0 0 104 1 0 0 85 0 0
"119" 119 0.0 0 0 0 0 0 0 0 0 0 0 0 0 0 500 0 0 0 0 0 0
"120" 120 0.385650224215 0 0 0 0 0 0 0 0 0 0 0 0 0 0 497 0 0 0 0 3
"121" 121 0.593023255814 0 0 0 44 0 411 8 0 0 0 0 0 0 0 35 0 0 2 0 0
"122" 122 0.463503649635 0 2 2 0 8 408 0 0 0 0 0 0 0 0 76 3 0 1 0 0
"123" 123 0.673076923077 0 0 0 0 0 0 0 0 0 0 0 500 0 0 0 0 0 0 0 0
"124" 124 0.105263157895 0 0 0 0 0 39 0 0 0 221 0 0 240 0 0 0 0 0 0 0
"125" 125 0.205357142857 0 0 0 0 0 0 0 0 0 0 0 0 0 0 0 0 0 500 0 0
"126" 126 0.172413793103 0 0 0 0 0 0 0 0 0 0 0 0 0 0 0 0 500 0 0 0
"127" 127 0.241379310345 0 0 0 0 0 0 411 0 0 0 0 0 0 0 0 0 25 0 18 46
"128" 128 0.316091954023 0 0 0 0 0 0 1 0 0 0 0 0 0 0 0 0 499 0 0 0
"129" 129 0.385057471264 0 0 0 0 200 156 4 0 0 0 1 1 0 12 0 0 12 114 0 0
"130" 130 0.388601036269 0 1 0 0 0 345 0 0 0 0 0 0 0 0 154 0 0 0 0 0
"131" 131 0.0880829015544 0 465 0 7 0 19 0 0 0 0 0 0 0 1 8 0 0 0 0 0
"132" 132 0.401785714286 0 0 0 0 0 493 0 0 0 0 0 0 0 0 0 2 0 0 0 5
"133" 133 0.346715328467 0 1 0 0 0 381 0 0 0 0 0 0 0 0 64 0 0 53 0 1
"134" 134 0.0316455696203 0 31 5 1 0 0 0 0 0 0 463 0 0 0 0 0 0 0 0 0
"135" 135 0.139240506329 0 2 0 0 0 77 0 0 0 0 0 0 0 11 0 3 0 401 6 0
"136" 136 0.620253164557 0 21 0 1 0 103 0 0 0 0 0 0 0 5 0 0 0 370 0 0
"137" 137 0.0746268656716 0 0 0 0 0 0 0 0 6 0 1 0 0 479 0 0 0 1 0 13
"138" 138 0.0183486238532 0 0 21 8 0 0 425 0 0 0 37 0 0 0 0 0 0 9 0 0
"139" 139 0.379746835443 0 0 0 0 0 20 0 0 0 0 0 0 0 0 375 0 0 105 0 0
"140" 140 0.434977578475 0 0 0 0 0 185 0 0 0 0 0 0 0 1 275 0 0 39 0 0
"141" 141 0.0 0 0 0 0 0 0 0 0 0 236 0 0 0 0 0 264 0 0 0 0
"142" 142 0.152284263959 0 1 0 19 0 9 5 0 0 0 0 0 0 1 432 0 29 0 4 0
"143" 143 0.518134715026 0 16 0 0 0 104 0 0 0 0 0 0 0 0 105 0 0 275 0 0
"144" 144 0.424107142857 0 0 0 0 0 316 0 0 0 0 0 0 0 4 1 0 0 0 0 179
"145" 145 0.229927007299 0 0 0 0 0 0 0 0 0 2 0 0 17 0 141 172 0 0 168 0
"146" 146 0.352201257862 0 0 0 0 0 13 0 435 0 0 0 0 0 0 1 0 0 50 0 1
"147" 147 0.57399103139 0 432 0 0 0 68 0 0 0 0 0 0 0 0 0 0 0 0 0 0
"148" 148 0.217616580311 0 0 0 0 0 0 0 0 0 0 0 0 0 0 24 1 0 473 0 2
"149" 149 0.0390070921986 0 1 20 0 0 0 0 0 0 9 453 1 0 0 0 7 0 9 0 0
"150" 150 0.338912133891 0 1 0 0 1 1 0 0 0 0 0 0 0 0 481 14 0 1 1 0
"151" 151 0.433035714286 0 0 1 0 0 489 0 0 0 0 0 0 0 0 0 0 0 9 0 1
"152" 152 0.020725388601 0 64 3 12 8 0 0 0 1 1 93 0 0 0 0 0 295 19 4 0
"153" 153 0.218274111675 0 2 0 0 0 1 10 0 0 19 0 0 1 0 0 462 3 0 2 0
"154" 154 0.625 0 0 0 0 0 1 0 0 0 0 0 499 0 0 0 0 0 0 0 0
"155" 155 0.71875 0 107 0 0 0 376 14 0 0 0 0 0 0 1 1 0 0 1 0 0
