"site" "RSA" "aa1" "aa2" "aa3" "aa4" "aa5" "aa6" "aa7" "aa8" "aa9" "aa10" "aa11" "aa12" "aa13" "aa14" "aa15" "aa16" "aa17" "aa18" "aa19" "aa20"
"0" 0 0.802325581395 0 11 167 0 70 43 0 0 60 0 24 25 0 13 43 0 0 37 0 7
"1" 1 0.482587064677 0 69 4 42 32 24 0 0 3 1 42 58 0 119 7 0 0 86 0 13
"2" 2 0.233830845771 0 57 25 27 20 9 0 0 11 6 14 10 5 247 15 2 0 37 3 12
"3" 3 0.456953642384 0 84 344 4 6 2 0 0 13 0 5 6 0 4 0 0 0 30 0 2
"4" 4 0.483443708609 0 17 31 12 46 93 0 0 2 3 231 14 2 5 3 0 0 25 6 10
"5" 5 0.100418410042 0 0 0 0 0 0 0 0 0 441 0 0 0 0 0 31 0 0 28 0
"6" 6 0.134615384615 0 0 0 0 0 0 0 0 0 0 0 500 0 0 0 0 0 0 0 0
"7" 7 0.383720930233 0 5 313 9 17 24 0 1 66 0 10 28 1 6 12 0 0 4 1 3
"8" 8 0.339622641509 0 0 159 0 0 0 0 268 0 0 51 12 1 0 0 8 0 0 1 0
"9" 9 0.326359832636 0 162 20 182 8 4 1 0 39 0 26 2 21 0 5 0 3 25 0 2
"10" 10 0.446428571429 0 29 1 0 135 6 0 0 0 0 9 1 0 13 1 0 0 301 0 4
"11" 11 0.0729927007299 0 0 0 0 0 0 0 0 0 0 0 0 0 0 500 0 0 0 0 0
"12" 12 0.0 0 0 0 0 0 0 0 0 0 0 0 0 0 0 0 0 500 0 0 0
"13" 13 0.397321428571 0 16 1 27 37 83 16 0 1 1 19 0 20 187 9 1 8 46 1 27
"14" 14 0.389743589744 0 2 1 306 24 13 0 0 6 0 37 2 12 28 12 0 0 52 0 5
"15" 15 0.0 0 0 1 0 0 0 0 0 0 0 498 1 0 0 0 0 0 0 0 0
"16" 16 0.0149253731343 0 0 0 1 1 0 0 0 0 0 0 0 0 498 0 0 0 0 0 0
"17" 17 0.209302325581 0 13 6 39 110 105 21 0 8 1 41 3 1 41 46 0 0 54 5 6
"18" 18 0.0 0 0 0 0 0 0 0 0 0 0 498 1 0 0 0 0 0 0 0 1
"19" 19 0.0 0 0 0 0 0 0 0 0 0 0 0 0 0 499 0 0 0 0 0 1
"20" 20 0.478102189781 0 0 0 0 125 4 2 0 0 0 2 0 0 0 363 0 0 1 0 3
"21" 21 0.540178571429 0 27 4 46 52 62 0 0 1 0 14 1 0 42 23 0 0 212 0 16
"22" 22 0.173076923077 0 0 0 0 0 0 0 0 0 0 0 500 0 0 0 0 0 0 0 0
"23" 23 0.295620437956 0 2 0 10 74 30 0 0 0 12 8 1 2 74 193 30 0 1 55 8
"24" 24 0.0192307692308 0 0 0 0 0 0 0 0 0 0 0 500 0 0 0 0 0 0 0 0
"25" 25 0.0 0 0 0 0 0 0 0 0 0 0 0 0 0 0 0 0 500 0 0 0
"26" 26 0.0 0 0 0 0 0 0 0 0 0 0 1 0 0 0 0 0 0 0 0 499
"27" 27 0.00574712643678 0 0 0 0 0 0 16 0 0 0 0 0 0 1 0 0 483 0 0 0
"28" 28 0.0497512437811 0 1 2 1 3 0 29 0 1 0 6 0 7 155 5 1 269 17 0 3
"29" 29 0.512953367876 0 0 147 6 0 9 0 0 5 0 32 262 0 1 29 0 1 8 0 0
"30" 30 0.487179487179 0 42 50 61 11 18 0 0 5 58 68 6 24 0 2 0 1 15 135 4
"31" 31 0.294642857143 0 1 87 2 27 20 60 0 20 3 8 0 4 7 95 1 78 65 15 7
"32" 32 0.00961538461538 0 0 0 0 0 0 0 0 0 0 0 500 0 0 0 0 0 0 0 0
"33" 33 0.0155440414508 0 28 1 0 7 49 0 0 3 14 13 1 11 2 0 137 177 11 26 20
"34" 34 0.0 0 1 8 0 0 0 0 0 8 0 9 0 0 0 0 0 0 0 0 474
"35" 35 0.0 0 0 0 0 0 0 475 0 3 0 0 0 0 0 0 0 22 0 0 0
"36" 36 0.0167364016736 0 0 0 0 0 0 0 0 0 465 0 0 0 0 0 21 0 0 14 0
"37" 37 0.0 0 0 0 0 0 0 0 500 0 0 0 0 0 0 0 0 0 0 0 0
"38" 38 0.0 0 0 11 0 0 0 0 0 0 0 486 3 0 0 0 0 0 0 0 0
"39" 39 0.357142857143 0 8 4 3 144 3 0 0 20 4 7 0 0 54 10 21 0 205 4 13
"40" 40 0.261627906977 0 2 0 0 109 168 0 0 32 0 2 0 1 126 12 0 0 25 0 23
"41" 41 0.0 0 0 2 0 2 0 145 0 0 0 9 0 0 0 0 0 147 0 0 195
"42" 42 0.273255813953 0 0 68 1 185 5 0 0 226 1 1 3 0 5 3 0 0 2 0 0
"43" 43 0.281609195402 0 4 17 0 1 2 32 0 39 0 20 2 0 0 1 0 373 8 0 1
"44" 44 0.638392857143 0 116 14 50 38 47 8 0 16 0 46 8 1 18 13 2 10 107 0 6
"45" 45 0.161434977578 0 6 1 1 483 0 0 0 0 0 1 0 0 0 0 3 0 1 4 0
"46" 46 0.0045871559633 0 0 0 0 0 0 0 0 2 0 9 0 0 0 0 0 3 1 0 485
"47" 47 0.271317829457 0 0 4 4 62 146 4 0 2 0 117 4 0 23 65 3 0 51 2 13
"48" 48 0.0696517412935 0 4 0 2 8 18 33 0 28 0 10 2 0 264 0 104 5 17 2 3
"49" 49 0.00581395348837 0 3 25 0 80 0 0 0 127 0 109 1 0 0 0 0 0 2 0 153
"50" 50 0.263959390863 0 1 0 5 5 2 112 0 0 0 6 0 0 285 1 1 13 8 0 61
"51" 51 0.532846715328 0 64 3 27 33 51 48 0 31 0 17 1 0 29 30 0 68 87 1 10
"52" 52 0.22966507177 0 7 5 32 3 116 0 0 56 32 1 0 34 80 30 7 0 4 82 11
"53" 53 0.0769230769231 0 0 0 0 0 0 0 0 0 0 0 500 0 0 0 0 0 0 0 0
"54" 54 0.278145695364 0 2 446 0 3 9 0 0 0 0 29 1 0 1 3 0 0 4 0 2
"55" 55 0.163461538462 0 0 0 0 0 0 0 0 0 0 0 500 0 0 0 0 0 0 0 0
"56" 56 0.401015228426 0 1 2 11 12 357 22 0 3 4 6 1 2 12 4 0 20 22 13 8
"57" 57 0.0229885057471 0 0 1 0 0 0 12 0 2 0 2 0 0 0 0 0 483 0 0 0
"58" 58 0.0253164556962 500 0 0 0 0 0 0 0 0 0 0 0 0 0 0 0 0 0 0 0
"59" 59 0.00995024875622 0 0 0 0 0 0 0 0 0 0 0 0 0 500 0 0 0 0 0 0
"60" 60 0.0 500 0 0 0 0 0 0 0 0 0 0 0 0 0 0 0 0 0 0 0
"61" 61 0.010152284264 0 0 0 0 0 0 396 0 0 0 0 0 0 83 0 0 21 0 0 0
"62" 62 0.186046511628 0 0 56 0 0 0 0 0 443 0 0 0 0 0 0 0 0 0 0 1
"63" 63 0.303571428571 0 77 20 6 37 21 5 0 29 1 37 5 0 7 14 1 4 231 0 5
"64" 64 0.59067357513 0 146 19 43 53 50 3 0 20 1 50 16 1 14 15 1 7 51 1 9
"65" 65 0.14598540146 0 18 4 4 20 1 186 0 26 31 14 0 5 38 3 10 28 11 33 68
"66" 66 0.149635036496 0 0 2 0 1 4 0 0 1 0 125 1 0 0 358 0 2 0 0 6
"67" 67 0.476793248945 0 33 3 49 30 117 1 0 4 1 39 5 0 37 81 0 3 73 0 24
"68" 68 0.349775784753 0 7 6 12 280 1 0 0 26 0 32 1 0 8 7 2 0 8 1 109
"69" 69 0.00497512437811 0 0 0 2 0 0 0 0 0 0 0 0 0 497 0 0 0 0 0 1
"70" 70 0.569948186528 0 82 2 355 1 2 0 0 0 0 6 47 2 0 3 0 0 0 0 0
"71" 71 0.00497512437811 0 0 0 0 1 0 16 0 0 0 0 0 0 483 0 0 0 0 0 0
"72" 72 0.421383647799 0 10 8 4 4 7 0 452 1 0 6 3 0 2 1 0 0 2 0 0
"73" 73 0.229357798165 0 19 20 4 10 10 1 158 5 9 35 3 108 51 2 0 3 18 4 40
"74" 74 0.435779816514 0 0 0 0 1 328 0 0 0 0 87 1 0 49 25 1 0 2 4 2
"75" 75 0.655172413793 0 1 18 3 23 47 26 0 150 6 7 2 4 51 20 0 97 19 16 10
"76" 76 1.10714285714 0 249 6 120 24 14 1 0 2 1 24 18 1 18 4 1 1 11 0 5
"77" 77 0.471153846154 0 0 0 0 0 0 0 0 0 0 0 500 0 0 0 0 0 0 0 0
"78" 78 0.397489539749 0 1 4 1 14 11 9 0 28 0 1 0 0 29 4 0 35 357 0 6
"79" 79 0.0 0 0 23 0 3 0 0 0 411 0 0 16 0 47 0 0 0 0 0 0
"80" 80 0.224137931034 0 0 22 1 4 8 27 0 65 4 39 1 0 2 18 1 293 6 2 7
"81" 81 0.093023255814 0 1 102 1 1 3 0 8 351 0 23 3 1 1 3 0 0 0 0 2
"82" 82 0.0 0 0 0 0 0 0 492 0 0 0 0 0 0 0 0 0 8 0 0 0
"83" 83 0.09375 0 0 13 0 36 95 1 0 1 0 6 0 0 246 59 0 0 10 0 33
"84" 84 0.0232558139535 0 0 274 0 0 0 0 0 0 0 224 2 0 0 0 0 0 0 0 0
"85" 85 0.217054263566 0 0 45 0 0 161 0 0 0 0 220 2 0 0 69 0 0 0 0 3
"86" 86 0.732142857143 0 0 17 3 11 22 9 0 43 53 7 1 13 20 81 3 17 30 165 5
"87" 87 0.625 0 0 0 0 0 0 0 0 0 0 0 500 0 0 0 0 0 0 0 0
"88" 88 0.201149425287 0 0 0 0 0 0 5 0 51 0 3 0 0 0 0 0 441 0 0 0
"89" 89 0.691860465116 0 0 82 0 0 0 0 0 418 0 0 0 0 0 0 0 0 0 0 0
"90" 90 0.552325581395 0 56 174 45 32 42 0 0 62 0 18 9 0 24 8 1 1 21 0 7
"91" 91 0.0 0 0 0 0 0 0 0 0 0 0 0 500 0 0 0 0 0 0 0 0
"92" 92 0.316091954023 0 2 6 0 126 80 18 0 132 0 2 0 0 0 57 0 19 52 1 5
"93" 93 0.370860927152 0 16 339 2 3 5 0 49 22 0 12 4 27 8 2 0 0 7 2 2
"94" 94 0.147286821705 0 0 3 0 0 0 0 34 0 0 456 7 0 0 0 0 0 0 0 0
"95" 95 0.325581395349 0 20 13 3 59 151 24 0 20 0 61 8 5 5 21 0 19 81 2 8
"96" 96 0.0725388601036 0 500 0 0 0 0 0 0 0 0 0 0 0 0 0 0 0 0 0 0
"97" 97 0.0875912408759 0 0 0 5 17 9 3 0 0 0 2 1 0 361 100 0 0 0 0 2
"98" 98 0.00507614213198 0 0 0 0 0 0 2 0 2 0 10 0 0 13 22 0 445 4 0 2
"99" 99 0.255813953488 0 5 11 76 108 6 1 0 78 1 88 2 2 0 70 0 3 24 8 17
"100" 100 0.0 0 0 5 0 0 0 0 0 494 0 1 0 0 0 0 0 0 0 0 0
"101" 101 0.0114942528736 0 0 0 0 0 0 2 0 2 0 5 0 0 0 0 0 491 0 0 0
"102" 102 0.408759124088 0 6 1 12 55 10 18 0 2 2 16 1 1 284 28 0 13 25 0 26
"103" 103 0.201550387597 0 0 20 0 17 0 0 0 316 0 99 0 0 0 0 0 0 1 0 47
"104" 104 0.0077519379845 0 0 0 0 0 0 0 0 0 0 500 0 0 0 0 0 0 0 0 0
"105" 105 0.0507614213198 0 1 3 0 0 0 416 0 56 0 5 1 0 1 0 0 17 0 0 0
"106" 106 0.279069767442 0 0 187 1 5 30 0 0 0 0 245 3 1 1 10 0 0 9 0 8
"107" 107 0.715025906736 0 38 75 8 12 75 14 38 68 1 21 7 2 15 15 0 23 81 3 4
"108" 108 0.567307692308 0 0 0 0 0 0 0 0 0 0 0 500 0 0 0 0 0 0 0 0
"109" 109 0.031007751938 0 0 52 0 0 0 0 0 0 0 447 1 0 0 0 0 0 0 0 0
"110" 110 0.544303797468 0 1 11 9 244 61 0 0 33 2 1 3 9 58 19 0 4 22 6 17
"111" 111 0.314465408805 0 0 0 0 0 0 0 497 0 0 3 0 0 0 0 0 0 0 0 0
"112" 112 0.602649006623 0 105 104 87 14 52 8 0 42 0 10 8 0 11 12 0 20 18 2 7
"113" 113 0.326424870466 0 235 12 6 21 19 0 0 19 7 10 1 128 0 0 1 0 19 5 17
"114" 114 0.0149253731343 0 0 0 0 0 0 0 0 0 0 0 0 0 500 0 0 0 0 0 0
"115" 115 0.466666666667 0 4 0 2 20 58 0 0 3 0 4 4 0 321 12 0 0 68 0 4
"116" 116 0.306569343066 0 0 167 4 9 6 0 0 91 8 81 5 2 0 17 3 0 9 10 88
"117" 117 0.685534591195 0 10 53 3 4 2 0 155 18 0 0 168 0 9 0 0 0 75 2 1
"118" 118 0.115384615385 0 0 0 0 0 0 0 0 0 0 0 500 0 0 0 0 0 0 0 0
"119" 119 0.354066985646 0 1 0 2 4 4 0 0 2 88 0 0 24 0 1 1 0 2 370 1
"120" 120 0.0172413793103 0 0 0 0 0 0 5 0 0 0 0 0 0 1 0 0 494 0 0 0
"121" 121 0.192468619247 0 0 0 0 7 1 9 0 1 146 0 0 7 1 1 3 11 0 312 1
"122" 122 0.0062893081761 0 0 0 0 0 0 0 499 0 0 1 0 0 0 0 0 0 0 0 0
"123" 123 0.0597014925373 0 2 121 0 25 0 3 0 7 0 11 0 4 8 0 0 272 0 0 47
"124" 124 0.167883211679 0 17 37 8 5 5 17 0 84 0 199 4 0 0 35 0 12 69 0 8
"125" 125 0.0697674418605 0 0 29 0 0 0 0 0 10 0 397 59 0 0 0 0 4 0 0 1
"126" 126 0.385650224215 0 4 22 4 116 70 0 0 4 0 139 3 0 0 10 0 8 42 5 73
"127" 127 0.666666666667 0 28 57 6 8 33 5 207 20 0 27 6 6 27 17 0 13 35 0 5
"128" 128 0.413461538462 0 0 0 0 0 0 0 0 0 0 0 500 0 0 0 0 0 0 0 0
"129" 129 0.0480769230769 0 0 0 0 0 0 0 0 0 0 0 500 0 0 0 0 0 0 0 0
"130" 130 0.0344827586207 0 0 20 0 0 0 0 2 397 0 37 2 0 0 0 0 42 0 0 0
"131" 131 0.412935323383 0 1 34 8 9 3 0 0 39 0 5 2 0 369 8 0 0 5 0 17
"132" 132 0.46511627907 0 0 23 4 8 28 0 0 373 0 25 6 7 0 5 0 0 20 0 1
"133" 133 0.412408759124 0 1 4 5 34 24 0 0 1 1 2 0 30 5 383 0 0 2 1 7
"134" 134 0.394230769231 0 0 0 0 0 0 0 421 1 0 0 75 0 0 1 0 0 0 0 2
"135" 135 0.105769230769 0 1 0 0 0 0 0 0 0 0 0 499 0 0 0 0 0 0 0 0
"136" 136 0.0956937799043 0 1 89 1 0 0 19 28 39 218 21 4 7 0 0 13 37 1 22 0
"137" 137 0.0755813953488 0 2 12 0 0 0 0 0 147 0 270 12 0 0 0 0 56 1 0 0
"138" 138 0.0133928571429 0 2 0 0 0 0 0 0 0 0 1 0 0 0 0 0 0 497 0 0
"139" 139 0.0 0 0 0 0 0 0 0 0 1 0 498 1 0 0 0 0 0 0 0 0
"140" 140 0.0 0 1 6 0 0 0 0 0 381 0 109 3 0 0 0 0 0 0 0 0
"141" 141 0.0710659898477 0 0 0 0 0 0 302 0 6 0 22 2 0 52 0 0 115 0 0 1
"142" 142 0.0725388601036 0 494 0 0 0 0 0 0 0 0 2 0 0 0 0 0 3 1 0 0
"143" 143 0.00497512437811 0 0 0 0 0 0 0 0 0 0 0 0 0 500 0 0 0 0 0 0
"144" 144 0.0 0 1 1 6 13 0 0 0 0 0 152 0 0 0 0 0 0 1 0 326
"145" 145 0.436046511628 0 3 3 2 37 44 218 0 7 0 20 1 1 5 57 0 43 30 6 23
"146" 146 0.323383084577 0 1 0 10 6 0 0 0 0 0 3 0 1 146 109 183 0 1 0 40
"147" 147 0.0542635658915 0 0 3 0 0 0 0 0 0 0 497 0 0 0 0 0 0 0 0 0
"148" 148 0.644230769231 0 0 0 0 0 0 0 0 0 0 0 500 0 0 0 0 0 0 0 0
"149" 149 0.163179916318 0 0 0 1 0 1 0 0 0 454 0 0 8 0 0 1 0 0 33 2
"150" 150 0.253164556962 0 65 74 20 33 25 1 0 9 0 80 57 2 58 17 4 0 13 1 41
"151" 151 0.333333333333 0 0 0 0 5 1 0 455 1 0 7 1 0 0 4 0 0 25 0 1
"152" 152 0.0542635658915 0 0 42 1 0 0 0 0 36 0 415 1 0 0 0 0 5 0 0 0
"153" 153 0.0 0 0 8 0 0 0 0 0 0 0 72 420 0 0 0 0 0 0 0 0
"154" 154 0.00574712643678 0 0 2 0 0 0 3 0 0 0 0 0 0 0 0 0 495 0 0 0
"155" 155 0.0298507462687 0 0 62 0 17 1 1 0 46 0 73 3 0 0 24 0 0 40 0 233
"156" 156 0.0 500 0 0 0 0 0 0 0 0 0 0 0 0 0 0 0 0 0 0 0
"157" 157 0.183035714286 0 2 14 0 30 15 3 7 137 3 27 1 1 62 14 0 2 165 1 16
"158" 158 0.0398009950249 0 0 0 0 0 0 0 0 0 0 0 0 0 497 0 0 0 0 2 1
"159" 159 0.156976744186 0 0 1 0 93 12 86 0 8 0 2 0 0 0 42 0 206 6 0 44
"160" 160 0.179487179487 0 0 9 432 0 4 0 0 15 0 9 11 2 17 0 0 0 1 0 0
"161" 161 0.80310880829 0 155 60 22 10 31 2 133 13 0 9 6 0 15 1 7 1 28 1 6
"162" 162 0.611398963731 0 449 2 35 2 4 0 0 1 0 1 3 0 0 0 0 1 2 0 0
"163" 163 0.519230769231 0 0 0 0 0 0 0 0 0 0 0 500 0 0 0 0 0 0 0 0
"164" 164 0.267441860465 0 1 229 9 14 4 0 0 229 0 4 2 0 5 2 0 0 1 0 0
"165" 165 0.344036697248 0 19 132 8 1 26 33 38 45 2 36 5 0 71 5 3 51 19 3 3
"166" 166 0.0077519379845 0 0 3 0 0 0 0 0 0 0 495 2 0 0 0 0 0 0 0 0
"167" 167 0.452554744526 0 8 190 7 65 29 0 0 99 0 15 26 2 15 26 0 0 12 2 4
"168" 168 0.271317829457 0 0 3 0 4 18 0 1 2 24 107 104 1 185 15 0 0 7 1 28
"169" 169 0.477987421384 0 48 23 21 14 34 3 241 3 0 44 4 2 14 4 0 8 32 0 5
"170" 170 0.254464285714 0 44 0 0 198 1 0 0 0 1 2 0 2 0 0 1 0 249 1 1
"171" 171 0.0 500 0 0 0 0 0 0 0 0 0 0 0 0 0 0 0 0 0 0 0
"172" 172 0.0507614213198 0 0 0 0 1 0 305 0 5 0 12 0 0 0 3 0 174 0 0 0
"173" 173 0.526785714286 0 19 10 20 40 89 33 0 27 0 55 5 2 49 33 1 6 100 3 8
"174" 174 0.0753138075314 0 0 0 0 0 0 0 0 0 461 0 0 2 0 0 10 0 0 27 0
"175" 175 0.0 0 0 0 0 0 0 0 0 0 0 499 1 0 0 0 0 0 0 0 0
"176" 176 0.471794871795 0 13 2 22 31 122 14 0 1 20 22 3 3 54 20 58 2 95 12 6
"177" 177 0.548523206751 0 54 6 25 52 74 39 0 24 0 41 1 0 47 57 9 0 55 0 16
"178" 178 0.296650717703 0 0 0 23 132 81 0 0 0 38 1 1 61 0 9 0 0 31 98 25
"179" 179 0.569230769231 0 39 2 295 22 67 0 0 0 0 6 24 7 1 15 0 0 18 3 1
"180" 180 0.0366972477064 0 0 0 20 20 1 0 0 0 11 3 0 5 0 0 0 0 8 0 432
"181" 181 0.062015503876 0 0 0 0 0 0 0 0 0 0 477 23 0 0 0 0 0 0 0 0
"182" 182 0.00497512437811 0 0 1 0 0 2 0 0 2 106 2 0 30 335 0 0 9 0 8 5
"183" 183 0.00574712643678 0 0 2 0 0 0 0 0 13 0 4 0 0 0 0 0 481 0 0 0
"184" 184 0.116279069767 0 0 154 0 1 2 0 0 301 2 5 1 1 0 23 0 0 8 0 2
"185" 185 0.0253807106599 0 0 1 0 0 1 350 0 5 0 6 1 0 0 0 0 136 0 0 0
"186" 186 0.700892857143 0 77 10 30 19 61 8 1 22 0 40 14 1 13 9 5 8 177 1 4
"187" 187 0.0362694300518 0 500 0 0 0 0 0 0 0 0 0 0 0 0 0 0 0 0 0 0
"188" 188 0.00995024875622 0 0 0 0 0 0 476 0 0 0 1 0 0 13 0 0 10 0 0 0
"189" 189 0.183908045977 0 0 6 0 42 103 28 0 4 7 36 1 0 25 16 1 84 107 17 23
"190" 190 0.286821705426 0 30 7 28 26 139 8 0 4 0 27 1 0 62 98 3 6 37 1 23
"191" 191 0.0798479087452 0 0 0 0 0 0 0 0 0 181 0 0 0 0 0 69 0 0 250 0
"192" 192 0.251824817518 0 2 8 55 4 2 0 0 0 0 188 4 0 38 15 0 0 121 0 63
"193" 193 0.600896860987 0 1 5 3 49 62 56 0 4 0 16 1 0 162 99 2 2 24 0 14
"194" 194 0.503875968992 0 8 4 10 28 96 87 0 18 3 13 1 8 20 56 0 15 124 6 3
"195" 195 0.684210526316 0 0 3 3 6 6 4 0 0 163 1 0 13 0 0 2 14 2 280 3
