"site" "RSA" "aa1" "aa2" "aa3" "aa4" "aa5" "aa6" "aa7" "aa8" "aa9" "aa10" "aa11" "aa12" "aa13" "aa14" "aa15" "aa16" "aa17" "aa18" "aa19" "aa20"
"0" 0 0.317880794702 0 0 202 5 0 0 0 102 77 0 77 37 0 0 0 0 0 0 0 0
"1" 1 0.00507614213198 0 0 1 2 0 0 182 0 29 1 2 0 1 6 0 0 262 1 13 0
"2" 2 0.0 0 0 10 0 0 0 0 0 0 0 29 461 0 0 0 0 0 0 0 0
"3" 3 0.10460251046 0 12 1 5 19 59 0 0 0 263 7 2 16 5 1 6 0 4 96 4
"4" 4 0.269035532995 0 16 7 22 2 0 312 0 19 0 40 15 0 10 1 0 54 1 0 1
"5" 5 0.709844559585 0 47 43 93 38 28 6 0 61 8 6 13 10 45 11 13 12 49 5 12
"6" 6 0.5 0 0 36 2 7 123 2 0 190 0 20 6 1 0 79 0 2 12 0 20
"7" 7 0.421524663677 0 8 137 14 9 42 0 0 119 1 32 77 7 0 13 0 4 21 6 10
"8" 8 0.0348258706468 0 0 9 0 30 0 5 0 0 0 13 2 0 411 0 0 9 18 0 3
"9" 9 0.403846153846 0 51 162 13 14 30 2 20 33 2 43 25 1 21 43 1 4 18 3 14
"10" 10 0.0174418604651 0 0 0 0 0 0 0 0 491 0 9 0 0 0 0 0 0 0 0 0
"11" 11 0.574358974359 0 38 30 269 10 52 1 0 0 1 70 2 7 0 7 0 0 6 3 4
"12" 12 0.459119496855 0 14 113 19 31 40 1 0 79 2 18 73 3 60 11 1 5 22 6 2
"13" 13 0.0232558139535 0 0 34 1 0 0 0 0 9 0 455 0 0 0 0 0 0 0 0 1
"14" 14 0.629464285714 0 3 16 10 30 59 15 0 53 47 16 3 25 47 19 4 30 36 77 10
"15" 15 0.28855721393 0 0 0 0 5 0 0 0 2 0 0 0 0 470 0 0 21 0 0 2
"16" 16 0.119496855346 0 8 35 1 6 0 2 204 17 39 19 4 3 2 1 13 17 13 112 4
"17" 17 0.704402515723 0 45 75 28 18 28 4 138 11 0 43 22 1 30 9 1 3 37 2 5
"18" 18 0.119402985075 0 0 0 0 0 0 0 0 0 0 0 0 0 500 0 0 0 0 0 0
"19" 19 0.522012578616 0 5 4 4 0 2 0 449 2 0 8 2 0 3 18 0 0 3 0 0
"20" 20 0.133079847909 0 0 3 0 0 0 0 0 5 0 0 0 9 0 0 0 0 0 483 0
"21" 21 0.355769230769 0 31 98 11 27 24 0 2 17 1 34 41 154 31 8 1 0 16 0 4
"22" 22 0.281368821293 0 0 1 1 1 1 0 1 1 200 2 0 10 1 0 0 0 1 279 1
"23" 23 0.559585492228 0 104 120 33 0 9 0 0 8 0 36 160 3 0 2 7 1 16 1 0
"24" 24 0.248062015504 0 39 2 0 5 4 0 0 0 0 434 16 0 0 0 0 0 0 0 0
"25" 25 0.0 0 0 0 0 0 0 0 0 1 0 0 0 0 497 0 2 0 0 0 0
"26" 26 0.352678571429 0 2 118 2 16 108 21 0 0 28 24 10 42 0 40 5 0 19 56 9
"27" 27 0.476793248945 0 62 25 79 35 87 0 0 14 2 29 5 2 48 46 0 27 24 4 11
"28" 28 0.0 0 0 0 0 0 0 0 0 0 0 500 0 0 0 0 0 0 0 0 0
"29" 29 0.0253807106599 0 0 1 0 1 0 391 0 4 0 0 0 0 2 0 0 63 3 0 35
"30" 30 0.0829015544041 0 21 25 4 3 13 0 0 0 0 80 20 321 0 4 0 0 5 0 4
"31" 31 0.0697674418605 0 0 15 0 10 53 0 4 0 0 298 27 0 0 5 0 0 71 0 17
"32" 32 0.495535714286 0 81 14 35 43 61 18 0 28 10 23 6 5 22 16 3 17 91 21 6
"33" 33 0.0116279069767 0 0 2 1 0 0 215 0 85 0 13 3 0 117 0 0 18 31 0 15
"34" 34 0.0045871559633 0 0 5 104 3 0 0 0 2 0 128 1 0 0 0 0 0 20 0 237
"35" 35 0.434599156118 0 0 1 0 31 139 132 0 6 26 10 0 5 13 49 4 2 14 54 14
"36" 36 0.407960199005 0 23 4 18 27 125 51 0 14 21 27 0 4 23 19 6 42 51 31 14
"37" 37 0.0191387559809 0 7 4 1 17 0 0 0 9 0 34 1 17 385 0 0 0 16 0 9
"38" 38 0.0334928229665 0 0 0 0 0 0 0 0 1 35 2 0 454 0 0 7 1 0 0 0
"39" 39 0.326424870466 0 174 5 24 20 11 0 0 3 0 19 7 0 76 11 0 11 114 1 24
"40" 40 0.599156118143 0 20 5 19 28 33 121 0 5 0 5 3 2 32 7 0 168 41 3 8
"41" 41 0.311004784689 0 6 0 4 12 3 45 0 5 1 12 1 19 18 2 18 307 32 5 10
"42" 42 0.0 0 0 0 0 0 0 0 0 0 0 1 0 499 0 0 0 0 0 0 0
"43" 43 0.124031007752 0 0 6 2 4 199 0 0 0 3 66 2 2 79 106 8 0 14 6 3
"44" 44 0.294573643411 0 7 31 16 35 65 0 0 45 1 118 9 2 24 14 20 0 84 3 26
"45" 45 0.102661596958 0 1 0 2 0 4 0 0 0 15 9 1 39 0 1 88 0 0 313 27
"46" 46 0.0229885057471 0 0 0 0 0 0 1 0 2 0 3 0 0 0 0 0 491 0 0 3
"47" 47 0.471794871795 0 96 3 20 56 37 39 0 6 0 45 2 0 74 32 0 10 53 1 26
"48" 48 0.369230769231 0 30 7 27 42 46 32 0 14 1 24 32 2 57 74 7 6 62 1 36
"49" 49 0.00497512437811 0 0 0 0 3 0 0 0 1 0 1 0 0 495 0 0 0 0 0 0
"50" 50 0.14358974359 0 1 0 499 0 0 0 0 0 0 0 0 0 0 0 0 0 0 0 0
"51" 51 0.441025641026 0 60 13 61 20 90 15 0 26 1 72 4 6 35 23 22 1 39 6 6
"52" 52 0.0232558139535 0 0 5 0 0 0 0 0 0 0 493 2 0 0 0 0 0 0 0 0
"53" 53 0.00995024875622 0 0 0 0 0 0 0 0 0 0 0 0 0 500 0 0 0 0 0 0
"54" 54 0.599156118143 0 68 8 113 27 116 2 0 4 3 48 7 3 36 21 6 0 24 7 7
"55" 55 0.603375527426 0 28 7 36 46 116 13 0 4 0 21 2 4 81 52 1 6 62 4 17
"56" 56 0.167464114833 0 2 10 8 29 18 0 0 0 69 14 0 110 2 111 0 23 0 91 13
"57" 57 0.471698113208 0 0 27 1 2 10 0 425 6 0 7 0 1 6 3 9 0 0 0 3
"58" 58 0.549107142857 0 132 23 26 19 68 5 0 36 0 43 10 4 6 17 2 14 78 10 7
"59" 59 0.114427860697 0 0 0 1 0 0 0 0 0 0 0 0 0 499 0 0 0 0 0 0
"60" 60 0.224215246637 0 0 39 0 214 96 0 0 121 0 13 1 0 0 7 0 0 7 0 2
"61" 61 0.815384615385 0 28 107 76 39 38 0 0 97 1 21 11 1 23 18 0 0 23 2 15
"62" 62 0.271523178808 0 3 19 4 90 32 0 0 91 46 6 10 11 108 16 5 0 1 54 4
"63" 63 0.0529801324503 0 0 403 2 1 7 0 0 47 5 19 4 4 0 0 0 0 0 8 0
"64" 64 0.00574712643678 0 0 0 0 0 0 8 0 16 0 6 0 0 0 0 0 470 0 0 0
"65" 65 0.0 0 0 0 0 0 0 0 0 0 0 0 0 0 0 0 0 0 500 0 0
"66" 66 0.325581395349 0 217 25 18 44 4 1 0 77 6 40 2 3 0 0 19 8 18 13 5
"67" 67 0.0298507462687 0 0 0 1 0 0 0 0 0 0 2 0 1 496 0 0 0 0 0 0
"68" 68 0.0149253731343 0 0 1 4 2 0 1 0 0 0 1 0 0 477 0 0 0 0 0 14
"69" 69 0.43795620438 0 6 29 55 53 54 0 0 11 7 195 14 5 0 39 7 0 12 2 11
"70" 70 0.419689119171 0 193 14 104 7 6 0 0 0 6 33 4 78 5 24 0 0 6 18 2
"71" 71 0.129353233831 0 0 5 0 1 0 1 31 11 0 2 1 1 439 0 3 2 3 0 0
"72" 72 0.682051282051 0 170 74 71 5 30 1 0 9 0 33 16 1 11 9 8 1 52 0 9
"73" 73 0.509933774834 0 27 270 14 18 19 0 0 18 0 57 23 3 17 4 3 0 20 0 7
"74" 74 0.0 0 0 0 0 0 0 1 0 0 0 0 0 0 0 0 0 499 0 0 0
"75" 75 0.220125786164 0 0 0 0 0 2 0 484 0 1 1 0 10 0 0 0 0 2 0 0
"76" 76 0.709821428571 0 40 29 11 35 107 5 0 38 2 55 20 3 19 7 2 5 112 2 8
"77" 77 0.549222797927 0 102 70 48 22 56 0 0 24 0 40 14 0 19 17 0 1 70 1 16
"78" 78 0.0152284263959 0 1 0 0 0 1 337 0 7 0 0 0 0 0 0 0 154 0 0 0
"79" 79 0.259124087591 0 0 1 0 14 201 0 0 0 0 12 0 0 1 262 0 0 7 0 2
"80" 80 0.517441860465 0 125 12 51 30 45 10 0 24 4 34 9 2 23 14 7 17 72 2 19
"81" 81 0.308139534884 0 22 2 9 22 25 198 0 28 0 25 3 1 33 9 1 57 37 0 28
"82" 82 0.0 0 0 0 0 1 0 4 0 1 0 2 0 0 0 0 0 492 0 0 0
"83" 83 0.332116788321 0 0 0 0 4 2 0 0 3 0 0 0 0 2 487 0 0 1 0 1
"84" 84 0.317948717949 0 13 5 14 72 47 56 0 31 2 18 5 10 51 26 3 53 63 5 26
"85" 85 0.0871794871795 0 8 40 9 0 0 0 0 5 1 410 2 15 0 1 1 0 0 8 0
"86" 86 0.00961538461538 0 0 0 0 0 0 0 0 0 0 0 500 0 0 0 0 0 0 0 0
"87" 87 0.00961538461538 0 0 0 0 0 0 0 0 0 0 0 500 0 0 0 0 0 0 0 0
"88" 88 0.0 0 0 0 0 0 0 0 0 0 0 1 499 0 0 0 0 0 0 0 0
"89" 89 0.00478468899522 0 3 0 4 0 1 0 0 3 0 6 0 409 0 0 0 57 0 0 17
"90" 90 0.0 0 0 0 0 1 0 1 0 0 0 3 0 0 495 0 0 0 0 0 0
"91" 91 0.0 0 1 1 466 0 0 0 0 0 0 31 1 0 0 0 0 0 0 0 0
"92" 92 0.0 0 0 0 6 3 0 0 0 0 194 1 0 137 0 3 0 0 31 124 1
"93" 93 0.0116279069767 0 2 15 1 1 0 10 0 327 0 127 2 1 0 0 0 13 1 0 0
"94" 94 0.00507614213198 0 0 0 0 0 0 477 0 0 0 2 0 0 0 0 0 20 0 0 1
"95" 95 0.00836820083682 0 0 0 0 0 0 0 0 0 320 0 0 0 0 0 4 0 0 176 0
"96" 96 0.0141843971631 0 0 0 0 0 0 0 0 0 0 0 0 0 0 0 499 0 0 0 1
"97" 97 0.152466367713 0 76 40 18 38 1 9 0 18 0 18 1 0 216 12 2 5 18 0 28
"98" 98 0.0 0 1 3 8 0 0 463 0 6 0 3 0 0 0 0 0 16 0 0 0
"99" 99 0.00917431192661 0 0 0 3 6 0 0 0 5 0 1 0 0 449 0 0 7 22 0 7
"100" 100 0.119205298013 0 1 277 3 1 0 0 0 0 0 159 1 1 0 57 0 0 0 0 0
"101" 101 0.308176100629 0 1 2 0 0 7 0 487 0 0 1 0 0 0 1 0 0 1 0 0
"102" 102 0.787564766839 0 42 16 119 43 34 2 0 51 14 6 10 13 32 18 21 10 15 46 8
"103" 103 0.153846153846 0 0 0 0 0 0 0 0 0 0 0 500 0 0 0 0 0 0 0 0
"104" 104 0.163461538462 0 0 0 0 0 0 0 0 0 0 0 500 0 0 0 0 0 0 0 0
"105" 105 0.548076923077 0 0 0 0 0 0 0 0 0 0 0 500 0 0 0 0 0 0 0 0
"106" 106 0.556053811659 0 13 66 17 10 56 6 6 170 0 9 8 12 1 28 2 8 40 0 48
"107" 107 0.11320754717 0 0 0 0 0 0 0 500 0 0 0 0 0 0 0 0 0 0 0 0
"108" 108 0.453488372093 0 0 5 8 47 44 47 0 102 29 2 7 9 24 9 1 95 16 40 15
"109" 109 0.423076923077 0 0 1 0 0 0 0 0 0 0 0 499 0 0 0 0 0 0 0 0
"110" 110 0.512953367876 0 155 2 7 246 1 1 0 20 0 6 1 0 31 5 0 9 15 0 1
"111" 111 0.0 0 0 7 0 0 0 481 0 1 0 2 0 0 0 0 0 9 0 0 0
"112" 112 0.108527131783 0 3 19 3 48 1 0 0 0 11 213 5 27 4 25 2 0 31 14 94
"113" 113 0.542600896861 0 41 6 43 47 97 28 0 17 3 42 9 1 32 21 7 25 47 1 33
"114" 114 0.196428571429 0 0 0 0 30 2 0 0 0 0 3 0 0 6 16 0 0 440 1 2
"115" 115 0.0 0 0 0 0 0 0 403 0 0 0 0 0 0 96 0 0 1 0 0 0
"116" 116 0.410256410256 0 35 17 70 34 86 45 0 30 2 65 3 7 0 54 4 3 27 4 14
"117" 117 0.704035874439 0 62 13 55 48 84 15 0 21 0 43 3 1 46 29 27 1 39 2 11
"118" 118 0.389534883721 0 1 0 0 29 0 73 0 12 0 2 0 3 0 9 0 324 44 0 3
"119" 119 0.117154811715 0 0 0 0 0 0 0 0 0 499 0 0 0 0 0 0 0 0 1 0
"120" 120 0.538461538462 0 0 0 0 0 0 0 0 0 0 0 500 0 0 0 0 0 0 0 0
"121" 121 0.238410596026 0 51 288 6 0 1 0 0 0 0 38 17 99 0 0 0 0 0 0 0
"122" 122 0.0627615062762 0 0 1 0 0 0 0 0 0 474 10 0 0 0 0 3 0 0 12 0
"123" 123 0.424107142857 0 144 19 77 31 39 5 0 18 1 53 15 1 21 9 1 6 47 5 8
"124" 124 0.316964285714 0 39 3 74 48 50 71 0 13 0 22 2 3 4 12 0 25 120 2 12
"125" 125 0.0 0 0 0 0 1 0 0 0 0 495 2 0 0 0 0 0 0 0 0 2
"126" 126 0.240506329114 0 0 0 0 8 366 1 0 0 4 24 0 0 1 80 3 0 6 0 7
"127" 127 0.556962025316 0 16 19 22 26 91 7 0 44 31 50 7 9 22 23 8 0 52 57 16
"128" 128 0.300448430493 0 17 1 22 131 35 1 0 4 2 32 2 0 150 14 0 0 42 3 44
"129" 129 0.0 0 0 0 0 0 0 0 0 0 500 0 0 0 0 0 0 0 0 0 0
"130" 130 0.14358974359 0 39 1 199 2 5 165 0 0 0 3 0 0 0 2 0 22 48 0 14
"131" 131 0.551569506726 0 1 16 1 58 98 0 0 24 6 115 10 6 45 41 7 0 40 14 18
"132" 132 0.15503875969 0 0 27 1 2 0 0 0 0 0 440 23 3 0 0 0 0 2 1 1
"133" 133 0.0 0 0 0 0 0 0 0 0 0 0 24 474 0 0 0 0 0 1 0 1
"134" 134 0.394230769231 0 22 13 47 35 33 44 0 17 2 87 3 14 17 12 0 89 38 7 20
"135" 135 0.626943005181 0 127 37 49 30 52 0 0 0 0 66 13 2 27 19 5 0 44 4 25
"136" 136 0.211678832117 0 20 2 60 98 0 0 0 0 0 39 4 0 0 270 0 0 6 0 1
"137" 137 0.832635983264 0 7 69 21 44 42 30 0 42 6 19 9 3 28 13 2 66 78 10 11
"138" 138 0.394230769231 0 0 0 0 0 0 0 0 0 0 0 500 0 0 0 0 0 0 0 0
"139" 139 0.258278145695 0 25 22 56 10 50 11 0 16 30 36 4 31 65 13 1 12 22 89 7
"140" 140 0.0 0 0 0 0 0 0 0 0 0 0 0 500 0 0 0 0 0 0 0 0
"141" 141 0.00354609929078 0 0 0 0 0 0 0 0 0 0 1 0 1 0 0 498 0 0 0 0
"142" 142 0.0 0 0 4 0 0 0 0 0 0 0 40 0 0 0 0 0 456 0 0 0
"143" 143 0.00354609929078 0 0 0 0 0 0 0 0 0 3 0 0 4 0 0 493 0 0 0 0
"144" 144 0.0 0 0 0 0 0 0 0 0 0 0 0 0 0 500 0 0 0 0 0 0
"145" 145 0.0 0 0 0 0 0 0 0 0 5 0 3 0 0 0 0 0 492 0 0 0
"146" 146 0.127737226277 0 0 2 0 0 9 0 0 4 0 3 0 0 2 475 0 0 0 0 5
"147" 147 0.0923076923077 0 308 37 89 0 0 0 0 41 0 7 18 0 0 0 0 0 0 0 0
"148" 148 0.62893081761 0 0 82 3 98 44 2 87 52 0 38 16 5 14 13 11 12 15 0 8
"149" 149 0.708520179372 0 98 59 111 42 38 0 0 25 2 27 16 0 25 6 0 0 40 5 6
"150" 150 0.355769230769 0 0 0 0 0 0 0 0 0 0 0 500 0 0 0 0 0 0 0 0
"151" 151 0.47533632287 0 6 9 30 102 64 0 0 9 23 10 6 18 75 52 4 0 15 46 31
"152" 152 0.044776119403 0 0 0 0 0 0 0 0 0 0 0 0 0 500 0 0 0 0 0 0
"153" 153 0.367713004484 0 1 31 0 62 92 2 0 0 3 31 2 2 21 178 0 1 44 9 21
"154" 154 0.172413793103 0 0 0 0 0 0 5 0 3 0 1 0 0 0 0 0 491 0 0 0
"155" 155 0.137931034483 0 0 1 0 5 3 5 0 54 0 1 0 0 1 11 0 395 18 1 5
"156" 156 0.238410596026 0 0 354 0 0 0 0 0 13 9 26 8 0 0 0 30 0 0 60 0
"157" 157 0.0232558139535 0 0 24 0 4 2 0 0 449 0 0 0 2 0 16 0 0 1 0 2
"158" 158 0.276729559748 0 3 10 3 3 9 1 416 1 0 25 11 1 6 1 1 0 4 3 2
"159" 159 0.405128205128 0 20 139 138 0 1 0 0 0 2 7 170 4 4 4 0 0 4 7 0
"160" 160 0.0179372197309 0 0 0 8 372 0 0 0 0 8 0 0 1 0 0 0 0 94 17 0
"161" 161 0.0932642487047 0 487 1 1 0 1 0 0 0 1 3 0 0 2 1 0 0 1 0 2
"162" 162 0.0102564102564 0 0 65 115 1 0 1 0 158 0 132 2 0 0 0 0 20 0 0 6
"163" 163 0.0 0 0 0 0 0 0 0 500 0 0 0 0 0 0 0 0 0 0 0 0
"164" 164 0.0152284263959 0 0 51 0 1 0 350 0 21 0 8 4 0 1 0 0 41 0 0 23
"165" 165 0.275229357798 0 1 25 8 14 0 4 0 20 0 6 0 0 397 1 0 0 11 0 13
"166" 166 0.5 0 17 4 70 25 22 10 0 37 17 6 2 28 18 3 180 5 15 37 4
"167" 167 0.451923076923 0 0 0 0 0 0 0 0 0 0 0 500 0 0 0 0 0 0 0 0
"168" 168 0.0529801324503 0 5 10 15 1 0 0 0 0 0 154 0 29 0 3 1 0 3 0 279
"169" 169 0.110266159696 0 0 0 0 0 2 3 0 0 87 0 0 0 0 0 0 6 0 402 0
"170" 170 0.0 0 0 0 0 0 0 0 500 0 0 0 0 0 0 0 0 0 0 0 0
"171" 171 0.0 0 0 0 0 0 0 457 0 2 0 0 0 0 1 0 0 40 0 0 0
"172" 172 0.0 0 0 1 0 1 0 0 0 2 0 2 0 0 11 0 0 0 0 0 483
"173" 173 0.00961538461538 0 0 0 0 0 0 0 0 0 0 0 500 0 0 0 0 0 0 0 0
"174" 174 0.0 0 4 36 14 0 0 0 0 4 0 387 0 0 0 0 0 38 0 0 17
"175" 175 0.0 0 343 2 116 17 13 1 0 0 1 2 0 2 0 1 0 0 1 0 1
"176" 176 0.0 0 17 5 260 1 0 1 0 160 0 22 13 0 0 0 0 20 0 0 1
"177" 177 0.191489361702 0 9 124 5 6 7 0 0 103 0 16 11 44 1 2 163 0 6 0 3
"178" 178 0.504464285714 0 31 60 16 12 46 0 88 10 1 50 6 5 0 94 2 0 63 9 7
"179" 179 0.186602870813 0 102 91 37 16 47 2 0 28 1 14 16 15 46 11 3 19 18 12 22
"180" 180 0.0232558139535 0 0 43 0 0 0 0 0 0 0 448 8 0 0 0 0 0 1 0 0
"181" 181 0.0190114068441 0 0 0 0 0 0 0 0 0 1 0 0 0 0 0 0 0 0 499 0
"182" 182 0.410646387833 0 2 8 3 11 133 0 0 6 20 39 7 6 0 60 36 0 116 45 8
"183" 183 0.477611940299 0 9 5 13 62 11 23 0 8 12 28 155 5 18 7 0 5 94 40 5
"184" 184 0.28102189781 0 7 0 0 75 80 0 0 13 0 11 1 1 21 252 0 3 32 2 2
"185" 185 0.0228136882129 0 0 0 0 0 0 0 0 0 38 0 0 0 0 0 0 0 0 462 0
"186" 186 0.304932735426 0 8 60 53 33 1 0 0 0 1 25 267 0 0 37 0 0 7 8 0
"187" 187 0.610256410256 0 125 50 56 17 27 1 84 40 1 14 7 6 15 5 12 4 27 1 8
"188" 188 0.295620437956 0 24 2 76 70 35 0 0 0 7 47 3 6 22 154 1 0 38 5 10
"189" 189 0.113138686131 0 0 0 0 0 0 0 0 0 0 0 0 0 7 493 0 0 0 0 0
"190" 190 0.584905660377 0 2 4 0 2 8 1 429 4 0 10 2 0 1 3 3 0 27 1 3
"191" 191 0.397321428571 0 123 4 21 43 69 4 0 17 0 22 11 1 23 27 0 24 93 1 17
"192" 192 0.00380228136882 0 0 0 0 0 0 0 0 0 321 0 0 1 0 0 0 0 0 178 0
"193" 193 0.00995024875622 0 1 0 4 1 0 0 0 0 0 22 0 0 385 0 0 0 0 0 87
"194" 194 0.425641025641 0 6 5 6 18 50 5 0 7 0 20 1 1 8 25 1 0 340 2 5
"195" 195 0.251282051282 0 16 24 139 25 3 0 0 3 0 8 1 4 0 1 0 0 270 0 6
"196" 196 0.0 0 0 0 0 0 0 0 0 0 0 0 0 0 0 0 500 0 0 0 0
"197" 197 0.0248226950355 0 0 0 0 0 0 0 0 0 0 0 0 0 0 0 500 0 0 0 0
"198" 198 0.379487179487 0 10 2 50 12 333 0 0 0 0 15 2 0 37 17 0 0 13 3 6
"199" 199 0.0 0 0 0 0 0 0 492 0 0 0 0 0 0 0 0 0 8 0 0 0
"200" 200 0.0 0 0 0 0 0 0 0 0 1 0 0 0 0 0 0 0 499 0 0 0
"201" 201 0.148717948718 0 363 0 132 0 1 0 0 0 0 1 0 2 0 0 0 0 0 1 0
"202" 202 0.0425531914894 0 0 0 0 0 0 0 0 0 0 0 0 0 0 0 500 0 0 0 0
"203" 203 0.450331125828 0 142 19 45 26 43 16 0 34 0 49 15 3 12 15 0 25 49 1 6
"204" 204 0.0982142857143 0 3 4 47 61 23 1 0 19 0 27 0 22 0 16 0 8 251 0 18
"205" 205 0.0 0 0 0 2 0 0 447 0 1 0 3 0 0 0 0 0 47 0 0 0
"206" 206 0.0923076923077 0 3 0 404 1 2 0 0 1 0 7 0 0 0 8 0 13 58 0 3
"207" 207 0.456204379562 0 14 2 41 22 262 9 0 2 0 23 2 1 14 52 1 2 40 1 12
"208" 208 0.0 0 0 1 0 1 0 0 0 0 0 1 0 0 1 489 0 0 0 0 7
"209" 209 0.046511627907 0 1 15 1 0 0 0 0 75 0 402 6 0 0 0 0 0 0 0 0
"210" 210 0.569506726457 0 22 6 31 44 89 9 0 3 2 12 7 2 56 150 5 7 31 0 24
"211" 211 0.410852713178 0 0 20 1 32 2 0 0 32 0 342 18 32 0 2 17 0 2 0 0
"212" 212 0.271523178808 0 0 377 0 0 0 0 0 0 0 117 6 0 0 0 0 0 0 0 0
