"site" "RSA" "aa1" "aa2" "aa3" "aa4" "aa5" "aa6" "aa7" "aa8" "aa9" "aa10" "aa11" "aa12" "aa13" "aa14" "aa15" "aa16" "aa17" "aa18" "aa19" "aa20"
"0" 0 0.459770114943 0 0 7 1 31 8 17 0 255 0 10 4 2 1 3 2 136 5 1 17
"1" 1 0.219730941704 0 0 14 2 16 95 0 0 25 0 51 2 0 0 268 0 0 1 0 26
"2" 2 0.0 0 0 1 0 0 0 0 0 0 0 492 7 0 0 0 0 0 0 0 0
"3" 3 0.218390804598 0 0 14 0 21 12 20 0 11 0 19 0 0 0 12 0 343 22 0 26
"4" 4 0.0 0 0 4 0 0 0 0 0 0 0 496 0 0 0 0 0 0 0 0 0
"5" 5 0.396551724138 0 3 4 4 3 24 94 0 29 75 2 1 1 5 14 4 141 22 70 4
"6" 6 0.0 0 0 0 0 0 0 0 0 0 0 0 0 0 500 0 0 0 0 0 0
"7" 7 0.590717299578 0 1 34 6 8 13 1 0 95 87 13 6 55 1 21 11 2 15 108 23
"8" 8 0.375 0 0 0 0 0 0 0 0 0 0 0 500 0 0 0 0 0 0 0 0
"9" 9 0.922279792746 0 205 10 97 30 18 9 0 48 2 3 5 7 20 4 3 14 8 10 7
"10" 10 0.503875968992 0 1 1 97 235 61 0 0 0 5 7 2 20 0 5 2 0 21 25 18
"11" 11 0.576923076923 0 0 0 0 0 0 0 0 0 0 0 500 0 0 0 0 0 0 0 0
"12" 12 0.0574712643678 0 0 0 0 0 0 1 0 6 0 0 0 0 0 0 0 493 0 0 0
"13" 13 0.397350993377 0 0 33 6 10 16 0 0 77 81 25 16 9 2 53 8 0 17 136 11
"14" 14 0.144230769231 0 0 0 0 0 0 0 0 0 0 0 500 0 0 0 0 0 0 0 0
"15" 15 0.35632183908 0 1 17 2 25 37 37 0 21 1 27 1 4 4 8 0 101 200 0 14
"16" 16 0.0 0 0 0 0 0 0 0 0 0 0 0 0 0 0 0 0 500 0 0 0
"17" 17 0.261603375527 0 4 3 9 42 82 4 0 1 22 11 3 15 4 160 42 19 27 25 27
"18" 18 0.00418410041841 0 0 0 0 0 0 0 0 0 492 0 0 0 0 0 0 0 0 8 0
"19" 19 0.446428571429 0 0 48 2 29 21 0 0 4 13 17 1 19 6 32 6 1 253 25 23
"20" 20 0.0 0 0 0 0 500 0 0 0 0 0 0 0 0 0 0 0 0 0 0 0
"21" 21 0.589147286822 0 85 6 20 30 46 45 0 70 2 23 15 8 26 10 1 42 54 5 12
"22" 22 0.35761589404 0 50 78 11 19 33 0 0 129 0 67 16 4 0 42 0 1 32 0 18
"23" 23 0.410714285714 0 0 5 0 13 391 0 0 0 0 28 0 2 0 12 0 0 44 0 5
"24" 24 0.695364238411 0 86 59 57 28 39 4 0 32 0 20 12 2 33 33 0 7 70 2 16
"25" 25 0.258928571429 0 42 81 34 79 36 0 0 26 2 88 8 4 3 2 0 0 47 28 20
"26" 26 0.308176100629 0 0 3 0 0 0 0 461 0 0 26 10 0 0 0 0 0 0 0 0
"27" 27 0.0 0 0 0 0 0 0 0 0 500 0 0 0 0 0 0 0 0 0 0 0
"28" 28 0.151162790698 0 0 6 0 31 39 3 0 21 3 3 0 0 89 226 5 9 46 3 16
"29" 29 0.0 0 0 0 0 0 0 41 0 2 0 1 0 0 0 0 0 456 0 0 0
"30" 30 0.298013245033 0 0 3 1 47 12 59 0 7 0 5 1 2 1 17 0 147 179 3 16
"31" 31 0.12927756654 0 0 0 0 0 0 0 0 0 350 0 0 0 0 0 4 0 0 146 0
"32" 32 0.446428571429 0 24 32 20 73 97 2 0 3 0 4 0 1 1 72 0 0 146 0 25
"33" 33 0.00507614213198 0 0 0 0 0 0 469 0 0 0 0 0 0 0 0 0 31 0 0 0
"34" 34 0.317829457364 0 1 47 5 36 34 3 0 40 2 81 52 2 3 86 10 13 64 3 18
"35" 35 0.413461538462 0 0 0 0 0 0 0 0 0 0 0 500 0 0 0 0 0 0 0 0
"36" 36 0.102564102564 0 0 0 0 0 0 0 0 0 0 0 4 1 495 0 0 0 0 0 0
"37" 37 0.377483443709 0 80 16 24 30 57 10 0 15 1 28 8 91 24 12 0 23 67 3 11
"38" 38 0.465408805031 0 0 0 0 0 0 0 499 0 0 1 0 0 0 0 0 0 0 0 0
"39" 39 0.594871794872 0 52 2 238 63 44 0 0 0 0 6 9 0 17 18 0 0 41 0 10
"40" 40 0.170542635659 0 55 83 29 1 0 0 0 0 0 278 33 0 0 21 0 0 0 0 0
"41" 41 0.330357142857 0 5 0 5 5 7 0 0 0 38 7 0 2 1 70 220 0 92 48 0
"42" 42 0.153284671533 0 0 0 0 0 56 0 0 0 5 0 0 439 0 0 0 0 0 0 0
"43" 43 0.0 0 0 0 0 0 0 0 0 0 0 0 500 0 0 0 0 0 0 0 0
"44" 44 0.0 0 0 0 0 0 0 0 0 0 496 0 0 1 2 0 0 0 0 0 1
"45" 45 0.0 0 0 5 0 12 1 0 0 2 0 11 4 462 0 1 0 0 0 0 2
"46" 46 0.0 0 0 0 0 0 0 487 0 0 0 0 0 0 0 0 0 13 0 0 0
"47" 47 0.0 500 0 0 0 0 0 0 0 0 0 0 0 0 0 0 0 0 0 0 0
"48" 48 0.321428571429 0 2 8 1 23 199 0 0 4 0 54 0 3 0 29 2 1 145 1 28
"49" 49 0.393305439331 0 0 0 13 20 54 0 0 0 101 3 0 14 151 13 2 0 4 114 11
"50" 50 0.298076923077 0 0 0 0 0 0 0 0 0 0 0 500 0 0 0 0 0 0 0 0
"51" 51 0.341968911917 0 475 0 21 0 1 1 0 0 0 1 0 0 0 0 0 0 0 0 1
"52" 52 0.53488372093 0 11 8 19 3 1 1 0 26 0 2 8 336 66 0 0 0 14 0 5
"53" 53 0.720930232558 0 1 85 5 4 2 0 0 25 0 3 0 0 1 369 0 0 4 0 1
"54" 54 0.54358974359 0 59 9 99 11 37 3 0 1 31 16 1 71 20 67 2 10 20 41 2
"55" 55 0.480769230769 0 3 39 1 1 2 0 0 0 0 0 454 0 0 0 0 0 0 0 0
"56" 56 0.0886075949367 500 0 0 0 0 0 0 0 0 0 0 0 0 0 0 0 0 0 0 0
"57" 57 0.563218390805 0 108 8 81 30 48 20 0 20 2 32 7 2 29 18 2 47 36 5 5
"58" 58 0.145695364238 0 0 309 0 0 0 0 0 0 0 178 13 0 0 0 0 0 0 0 0
"59" 59 0.0077519379845 0 0 161 0 0 0 0 0 281 0 58 0 0 0 0 0 0 0 0 0
"60" 60 0.153846153846 0 0 0 0 0 0 0 0 0 0 0 500 0 0 0 0 0 0 0 0
"61" 61 0.465408805031 0 24 56 10 6 7 1 304 27 0 6 47 1 3 2 0 1 4 0 1
"62" 62 0.0478468899522 0 2 12 50 0 0 25 19 12 26 15 18 202 0 0 0 25 0 94 0
"63" 63 0.0376569037657 0 0 0 0 0 0 0 0 0 499 0 0 1 0 0 0 0 0 0 0
"64" 64 0.230769230769 0 10 1 488 0 0 0 0 0 0 1 0 0 0 0 0 0 0 0 0
"65" 65 0.327044025157 0 0 0 0 0 0 0 500 0 0 0 0 0 0 0 0 0 0 0 0
"66" 66 0.523012552301 0 374 0 56 4 37 0 0 1 2 1 0 4 3 2 0 0 11 5 0
"67" 67 0.784810126582 0 45 3 275 22 61 0 0 0 1 4 27 16 1 9 0 0 24 11 1
"68" 68 0.37552742616 0 0 0 6 180 134 0 0 1 1 2 0 2 157 7 0 0 3 0 7
"69" 69 0.348837209302 0 6 22 18 22 47 0 0 32 0 13 3 4 111 193 0 1 13 8 7
"70" 70 0.0191387559809 0 0 0 0 0 1 0 0 1 0 1 0 497 0 0 0 0 0 0 0
"71" 71 0.00961538461538 0 0 0 0 0 0 0 0 0 0 0 500 0 0 0 0 0 0 0 0
"72" 72 0.062015503876 0 0 30 21 8 52 0 0 11 0 61 32 8 2 255 0 0 10 0 10
"73" 73 0.276729559748 0 0 23 0 11 15 0 416 0 0 12 0 1 0 2 2 0 17 1 0
"74" 74 0.78488372093 0 67 38 84 34 41 4 0 71 0 21 16 2 43 12 1 17 33 5 11
"75" 75 0.305699481865 0 429 38 1 1 0 0 0 0 0 21 0 4 0 0 0 0 5 0 1
"76" 76 0.763392857143 0 89 59 48 37 53 3 2 33 0 33 16 1 25 15 2 14 58 0 12
"77" 77 0.373563218391 0 1 2 2 9 3 78 0 40 0 1 0 4 2 5 0 136 199 0 18
"78" 78 0.0547445255474 0 0 0 0 0 0 0 0 0 0 0 0 1 0 499 0 0 0 0 0
"79" 79 0.0478468899522 0 1 10 137 13 2 0 0 21 0 181 13 119 0 0 0 0 0 0 3
"80" 80 0.0172413793103 0 1 2 0 0 0 1 0 16 0 52 1 0 0 0 0 427 0 0 0
"81" 81 0.0 0 0 0 0 0 0 0 0 0 0 0 500 0 0 0 0 0 0 0 0
"82" 82 0.0 0 417 28 0 0 0 0 0 0 0 55 0 0 0 0 0 0 0 0 0
"83" 83 0.045871559633 0 0 0 2 3 0 0 0 0 0 0 1 1 176 0 0 0 2 0 315
"84" 84 0.0288461538462 0 0 0 0 0 0 0 0 0 0 0 500 0 0 0 0 0 0 0 0
"85" 85 0.169230769231 0 0 0 500 0 0 0 0 0 0 0 0 0 0 0 0 0 0 0 0
"86" 86 0.0114942528736 0 0 0 0 0 0 12 0 12 0 4 0 0 0 0 0 472 0 0 0
"87" 87 0.649789029536 0 0 17 1 99 100 14 0 17 16 14 4 22 8 34 1 28 85 30 10
"88" 88 0.046511627907 0 0 18 0 0 0 0 0 481 0 0 0 1 0 0 0 0 0 0 0
"89" 89 0.300518134715 0 350 2 131 1 0 0 0 5 0 0 11 0 0 0 0 0 0 0 0
"90" 90 0.607142857143 0 11 186 5 42 36 2 2 10 0 29 20 4 2 8 1 1 136 0 5
"91" 91 0.676923076923 0 43 18 149 45 34 0 0 18 15 10 11 44 31 19 2 0 13 36 12
"92" 92 0.0 0 0 0 0 0 0 0 0 0 0 0 500 0 0 0 0 0 0 0 0
"93" 93 0.235632183908 0 0 12 1 19 16 97 0 55 0 13 7 0 0 37 13 142 52 1 35
"94" 94 0.0 0 0 37 0 0 0 0 0 0 0 449 14 0 0 0 0 0 0 0 0
"95" 95 0.637130801688 0 0 27 0 67 150 18 0 8 1 21 1 0 0 44 0 19 117 0 27
"96" 96 0.259615384615 0 0 1 0 0 0 0 0 0 0 0 499 0 0 0 0 0 0 0 0
"97" 97 0.456953642384 0 1 99 12 22 39 1 0 13 32 96 12 5 7 16 19 6 28 61 31
"98" 98 0.221757322176 0 0 2 0 0 0 0 0 3 494 0 0 1 0 0 0 0 0 0 0
"99" 99 0.594936708861 0 14 8 15 23 171 6 0 33 38 11 1 14 1 15 76 15 45 3 11
"100" 100 0.0621761658031 0 499 0 1 0 0 0 0 0 0 0 0 0 0 0 0 0 0 0 0
"101" 101 0.53642384106 0 9 213 4 12 9 2 109 0 0 69 26 4 5 3 0 1 32 2 0
"102" 102 0.298507462687 0 116 29 58 40 47 0 0 17 9 26 2 14 0 2 8 0 59 29 44
"103" 103 0.0 0 0 0 0 0 0 269 0 18 0 0 0 0 0 0 0 213 0 0 0
"104" 104 0.151898734177 0 2 101 47 77 94 0 0 5 0 11 2 102 0 25 0 0 2 0 32
"105" 105 0.044776119403 0 0 0 0 0 0 0 0 1 0 0 0 0 499 0 0 0 0 0 0
"106" 106 0.238578680203 0 0 5 1 6 15 371 0 1 0 1 0 1 11 0 0 73 9 0 6
"107" 107 0.317307692308 0 0 0 0 0 0 0 0 0 0 0 500 0 0 0 0 0 0 0 0
"108" 108 0.74213836478 0 15 33 10 6 5 2 3 5 0 8 5 1 4 2 0 1 398 0 2
"109" 109 0.122093023256 0 9 2 25 3 66 2 0 16 0 0 0 1 0 362 0 1 9 0 4
"110" 110 0.172185430464 0 0 384 0 1 4 0 0 4 0 93 3 0 0 10 0 0 1 0 0
"111" 111 0.0 0 0 0 1 0 0 0 0 56 0 5 1 0 0 0 0 437 0 0 0
"112" 112 0.252873563218 0 0 0 0 1 0 196 0 3 0 2 0 2 1 0 0 277 3 0 15
"113" 113 0.403846153846 0 0 0 0 0 0 0 0 0 0 0 500 0 0 0 0 0 0 0 0
"114" 114 0.20802919708 0 0 0 0 0 0 0 0 2 0 0 0 0 0 498 0 0 0 0 0
"115" 115 0.0264900662252 0 0 201 0 0 0 0 0 1 0 292 6 0 0 0 0 0 0 0 0
"116" 116 0.0 0 0 0 0 0 0 0 0 7 0 0 0 0 0 0 0 493 0 0 0
"117" 117 0.0 0 0 0 0 0 0 0 0 4 0 0 0 0 0 0 0 496 0 0 0
"118" 118 0.0 0 0 1 0 6 0 49 0 12 3 19 0 1 0 0 0 409 0 0 0
"119" 119 0.0239234449761 0 0 0 0 0 0 0 0 0 220 0 0 3 0 0 0 0 0 277 0
"120" 120 0.333333333333 0 0 13 11 2 16 0 0 0 0 437 14 0 0 4 0 0 0 0 3
"121" 121 0.163461538462 0 0 0 0 0 0 0 0 0 0 0 500 0 0 0 0 0 0 0 0
"122" 122 0.484304932735 0 0 12 0 75 128 0 0 50 0 9 0 0 0 107 0 1 112 0 6
"123" 123 0.0103626943005 0 499 0 0 0 0 0 0 0 0 1 0 0 0 0 0 0 0 0 0
"124" 124 0.238341968912 0 491 0 3 0 1 0 0 1 0 0 0 0 0 1 0 0 2 0 1
"125" 125 0.218905472637 0 6 0 38 2 7 0 0 0 0 1 396 30 13 0 0 0 4 0 3
"126" 126 0.144230769231 0 0 0 0 0 0 0 0 0 0 0 500 0 0 0 0 0 0 0 0
"127" 127 0.561181434599 0 18 94 39 87 16 0 0 119 1 8 10 8 40 13 0 0 37 1 9
"128" 128 0.240384615385 0 0 0 0 0 0 0 0 0 0 0 500 0 0 0 0 0 0 0 0
"129" 129 0.896373056995 0 128 13 126 31 1 1 0 38 5 9 41 10 35 8 0 1 24 17 12
"130" 130 0.412790697674 0 2 115 3 8 3 0 0 352 0 3 1 0 2 6 0 0 2 2 1
"131" 131 0.607142857143 0 73 67 58 36 32 5 0 85 0 6 15 0 42 4 9 3 48 2 15
"132" 132 0.316964285714 0 103 30 72 23 72 1 0 7 1 38 17 1 18 46 3 4 36 1 27
"133" 133 0.0 0 0 355 0 0 0 0 0 0 0 145 0 0 0 0 0 0 0 0 0
"134" 134 0.378109452736 0 5 26 15 68 50 0 0 31 5 10 3 7 107 6 94 0 47 22 4
"135" 135 0.455696202532 0 10 9 21 83 115 50 0 30 1 17 5 2 36 13 2 66 35 4 1
"136" 136 0.203488372093 0 5 31 4 12 2 1 0 263 45 0 0 8 16 2 1 3 19 81 7
"137" 137 0.0 0 0 0 0 0 0 0 0 0 0 0 500 0 0 0 0 0 0 0 0
"138" 138 0.379487179487 0 4 1 470 0 1 0 0 0 0 1 14 0 0 5 0 0 4 0 0
"139" 139 0.0 0 0 0 0 0 0 0 0 0 0 496 4 0 0 0 0 0 0 0 0
"140" 140 0.432692307692 0 0 0 0 0 0 0 0 0 0 0 500 0 0 0 0 0 0 0 0
"141" 141 0.591194968553 0 19 16 4 4 12 0 408 0 0 19 4 5 3 2 0 0 3 0 1
"142" 142 0.248175182482 0 0 0 0 0 0 0 0 0 0 0 0 0 0 500 0 0 0 0 0
"143" 143 0.138364779874 0 0 0 0 0 0 0 499 0 0 0 1 0 0 0 0 0 0 0 0
"144" 144 0.0 0 0 2 0 0 0 0 0 0 0 498 0 0 0 0 0 0 0 0 0
"145" 145 0.101265822785 500 0 0 0 0 0 0 0 0 0 0 0 0 0 0 0 0 0 0 0
"146" 146 0.0865384615385 0 0 0 0 0 0 0 0 0 0 0 500 0 0 0 0 0 0 0 0
"147" 147 0.362068965517 0 1 2 0 59 211 58 0 10 0 6 0 0 0 77 0 40 31 0 5
"148" 148 0.00507614213198 0 0 0 0 0 0 496 0 0 0 0 0 0 0 0 0 4 0 0 0
"149" 149 0.278846153846 0 2 5 16 13 78 34 0 59 2 2 7 1 144 2 0 48 75 3 9
"150" 150 0.592039800995 0 3 17 3 12 47 3 118 14 0 26 5 1 167 22 1 12 28 4 17
"151" 151 0.296511627907 0 0 2 0 0 0 0 0 496 0 0 1 0 0 0 0 1 0 0 0
"152" 152 0.917948717949 0 66 48 68 17 34 3 0 44 3 30 96 3 16 7 2 14 41 3 5
