"site" "RSA" "aa1" "aa2" "aa3" "aa4" "aa5" "aa6" "aa7" "aa8" "aa9" "aa10" "aa11" "aa12" "aa13" "aa14" "aa15" "aa16" "aa17" "aa18" "aa19" "aa20"
"0" 0 0.275229357798 0 0 23 0 0 0 0 0 124 0 0 0 0 353 0 0 0 0 0 0
"1" 1 0.723214285714 0 0 0 0 0 0 0 0 0 0 0 0 0 0 0 0 0 500 0 0
"2" 2 0.317948717949 0 0 0 0 0 487 4 0 0 0 0 0 0 0 2 0 0 7 0 0
"3" 3 0.0836820083682 0 0 0 0 0 0 0 0 0 500 0 0 0 0 0 0 0 0 0 0
"4" 4 0.390134529148 0 0 0 0 102 362 19 0 0 0 0 0 0 14 0 0 0 3 0 0
"5" 5 0.316455696203 0 0 0 0 0 0 474 0 0 0 0 0 0 0 0 26 0 0 0 0
"6" 6 0.402298850575 0 0 0 0 0 3 496 0 0 0 0 0 0 0 1 0 0 0 0 0
"7" 7 0.482142857143 0 0 0 0 0 2 0 0 19 0 0 0 0 0 2 0 0 381 0 96
"8" 8 0.514767932489 0 0 0 0 0 8 130 0 0 0 0 0 0 0 8 0 334 20 0 0
"9" 9 0.395939086294 0 0 0 0 0 0 375 0 1 0 0 0 0 0 1 0 123 0 0 0
"10" 10 0.240384615385 0 0 0 0 0 0 0 0 0 0 0 500 0 0 0 0 0 0 0 0
"11" 11 0.683035714286 0 0 0 0 0 480 0 0 0 0 0 0 0 0 6 0 0 0 0 14
"12" 12 0.336538461538 0 0 0 0 0 0 0 0 0 0 0 500 0 0 0 0 0 0 0 0
"13" 13 1.06976744186 0 500 0 0 0 0 0 0 0 0 0 0 0 0 0 0 0 0 0 0
"14" 14 0.269230769231 0 0 0 0 0 0 0 0 0 0 0 500 0 0 0 0 0 0 0 0
"15" 15 0.14367816092 0 0 1 0 0 367 56 0 0 0 0 0 0 0 60 0 0 16 0 0
"16" 16 0.183908045977 0 2 0 0 0 8 472 0 0 0 0 0 0 0 11 0 0 7 0 0
"17" 17 0.171102661597 0 0 0 0 0 0 0 0 0 64 0 0 0 0 0 29 0 0 407 0
"18" 18 0.240506329114 2 0 2 0 0 94 0 0 0 0 0 0 0 0 399 0 0 3 0 0
"19" 19 0.0 0 0 2 0 0 0 0 0 0 0 498 0 0 0 0 0 0 0 0 0
"20" 20 0.357664233577 0 0 0 0 467 0 0 0 0 0 0 0 0 0 25 0 0 1 0 7
"21" 21 0.0923076923077 0 310 0 1 0 165 0 0 0 0 0 0 9 0 15 0 0 0 0 0
"22" 22 0.455696202532 0 0 0 0 0 399 0 0 0 0 0 0 0 0 101 0 0 0 0 0
"23" 23 0.696517412935 0 1 0 0 0 473 3 0 0 0 0 1 0 0 1 0 0 21 0 0
"24" 24 0.563953488372 0 148 0 0 0 18 0 0 319 0 0 0 0 0 0 0 0 15 0 0
"25" 25 0.432692307692 0 0 0 0 0 0 0 0 0 0 0 500 0 0 0 0 0 0 0 0
"26" 26 0.379464285714 0 0 4 0 2 11 14 0 0 0 0 0 0 371 86 0 3 1 0 8
"27" 27 0.350574712644 0 2 0 0 0 1 0 0 8 0 0 0 0 0 2 0 131 336 0 20
"28" 28 0.0 0 0 0 0 0 0 0 0 1 1 0 0 10 0 0 0 488 0 0 0
"29" 29 0.124031007752 2 0 361 0 0 0 13 0 0 0 0 0 0 1 3 0 0 2 0 118
"30" 30 0.0 0 0 0 0 0 0 0 0 0 0 0 0 0 498 0 0 0 2 0 0
"31" 31 0.177215189873 0 0 0 0 0 268 2 0 0 0 0 0 0 0 230 0 0 0 0 0
"32" 32 0.0759493670886 0 0 0 0 9 27 0 0 0 0 0 0 0 0 33 0 0 431 0 0
"33" 33 0.10152284264 0 0 0 0 11 0 439 0 0 0 1 0 0 0 0 0 49 0 0 0
"34" 34 0.489051094891 0 0 0 0 0 61 0 0 0 0 0 0 0 0 438 0 0 1 0 0
"35" 35 0.139303482587 0 0 0 0 0 21 0 0 0 0 0 0 0 479 0 0 0 0 0 0
"36" 36 0.378238341969 0 42 0 0 0 457 0 0 0 0 0 0 0 0 1 0 0 0 0 0
"37" 37 0.343023255814 0 0 2 0 0 0 0 0 34 0 0 0 4 0 0 3 457 0 0 0
"38" 38 0.723214285714 0 0 2 0 0 497 0 0 0 0 0 0 0 0 1 0 0 0 0 0
"39" 39 0.593023255814 0 1 0 0 0 0 0 0 457 0 0 42 0 0 0 0 0 0 0 0
"40" 40 0.709821428571 0 0 0 0 0 458 0 0 42 0 0 0 0 0 0 0 0 0 0 0
"41" 41 0.288461538462 0 0 0 0 0 0 0 0 0 0 0 500 0 0 0 0 0 0 0 0
"42" 42 0.362068965517 0 0 0 0 7 112 0 0 38 0 0 0 0 0 2 0 341 0 0 0
"43" 43 0.207547169811 0 0 0 0 0 0 0 500 0 0 0 0 0 0 0 0 0 0 0 0
"44" 44 0.569536423841 0 3 0 0 0 34 0 39 0 0 0 0 0 0 0 406 0 18 0 0
"45" 45 0.348837209302 0 8 0 0 0 1 0 0 0 0 0 19 0 0 464 0 0 8 0 0
"46" 46 0.0 0 1 10 0 0 0 0 0 0 0 489 0 0 0 0 0 0 0 0 0
"47" 47 0.482233502538 0 0 0 0 0 15 423 0 0 0 0 0 0 0 21 0 0 41 0 0
"48" 48 0.29197080292 0 0 0 0 0 30 0 0 0 0 0 0 0 0 20 0 0 0 0 450
"49" 49 0.0267857142857 0 0 0 1 0 0 0 0 0 0 22 0 210 0 0 0 0 267 0 0
"50" 50 0.121827411168 0 0 0 0 0 5 311 0 2 0 4 16 0 0 22 0 2 122 13 3
"51" 51 0.403973509934 0 19 0 0 0 432 0 0 0 0 0 0 0 1 2 0 0 28 0 18
"52" 52 0.0597014925373 0 0 0 0 0 0 0 0 0 0 0 0 0 500 0 0 0 0 0 0
"53" 53 0.0398009950249 0 0 0 0 0 0 0 0 0 92 408 0 0 0 0 0 0 0 0 0
"54" 54 0.632911392405 0 0 0 0 0 312 0 0 0 0 0 0 0 25 147 0 0 3 0 13
"55" 55 0.424107142857 0 0 0 0 0 443 0 0 0 0 0 0 0 0 54 0 0 3 0 0
"56" 56 0.0199004975124 0 0 0 0 0 0 0 0 0 0 0 0 0 500 0 0 0 0 0 0
"57" 57 0.594871794872 0 0 0 0 0 500 0 0 0 0 0 0 0 0 0 0 0 0 0 0
"58" 58 0.177033492823 0 0 0 0 0 0 0 0 0 0 1 0 499 0 0 0 0 0 0 0
"59" 59 0.566037735849 0 2 0 0 1 0 0 442 0 0 0 0 0 0 1 0 0 54 0 0
"60" 60 0.0564102564103 0 0 0 476 0 0 0 0 0 0 0 0 4 0 0 0 0 0 20 0
"61" 61 0.010152284264 0 0 1 0 0 0 476 0 0 0 0 0 0 23 0 0 0 0 0 0
"62" 62 0.0287356321839 10 0 3 0 176 0 0 0 4 0 77 0 0 14 0 0 3 213 0 0
"63" 63 0.430379746835 0 0 1 0 189 16 0 0 0 0 0 0 0 0 0 0 0 294 0 0
"64" 64 0.124378109453 1 0 0 0 0 0 0 0 0 0 0 0 0 499 0 0 0 0 0 0
"65" 65 0.268656716418 0 4 0 0 0 0 112 0 0 0 1 0 0 365 1 1 11 5 0 0
"66" 66 0.461139896373 0 53 0 0 0 0 0 0 0 0 447 0 0 0 0 0 0 0 0 0
"67" 67 0.155172413793 72 1 0 0 0 0 16 0 28 0 25 0 0 5 0 0 329 7 0 17
"68" 68 0.147208121827 0 0 0 0 0 0 333 0 0 0 0 0 0 124 0 0 43 0 0 0
"69" 69 0.66985645933 0 0 0 0 2 26 350 0 0 0 0 0 0 0 0 0 82 40 0 0
"70" 70 0.348837209302 0 0 25 0 0 0 0 0 475 0 0 0 0 0 0 0 0 0 0 0
"71" 71 0.723214285714 0 0 0 0 0 464 0 0 0 0 0 0 0 0 36 0 0 0 0 0
"72" 72 0.4 0 36 0 0 0 455 0 0 9 0 0 0 0 0 0 0 0 0 0 0
"73" 73 0.257383966245 0 0 1 0 0 431 0 0 0 16 27 0 17 0 0 0 0 1 1 6
"74" 74 0.0298507462687 1 0 0 0 2 0 28 0 0 14 0 0 0 406 38 0 2 0 8 1
"75" 75 0.0836501901141 0 0 0 0 0 0 0 0 0 46 0 0 2 0 0 25 0 0 427 0
"76" 76 0.0 203 0 0 103 2 0 0 0 0 50 6 0 22 111 0 0 0 1 0 2
"77" 77 0.0172413793103 0 0 0 0 0 0 0 0 0 0 0 0 0 0 0 0 500 0 0 0
"78" 78 0.0836820083682 0 0 0 0 0 0 0 0 0 131 0 0 210 0 0 0 0 0 158 1
"79" 79 0.174107142857 0 0 0 0 87 28 0 0 4 0 0 0 0 17 289 0 0 75 0 0
"80" 80 0.163179916318 0 0 0 0 0 0 0 0 0 481 0 0 18 1 0 0 0 0 0 0
"81" 81 0.0497512437811 2 0 0 0 0 0 0 0 0 334 0 0 1 3 0 0 0 1 83 76
"82" 82 0.377990430622 0 0 2 0 0 0 0 0 4 11 21 0 18 16 0 1 26 206 5 190
"83" 83 0.125560538117 0 7 22 0 2 36 0 0 0 0 0 0 0 0 0 0 0 203 0 230
"84" 84 0.217616580311 0 7 1 206 0 0 254 0 6 0 0 0 0 0 26 0 0 0 0 0
"85" 85 0.0 0 0 0 0 0 0 4 0 0 0 6 0 0 485 0 0 0 0 0 5
"86" 86 0.232067510549 0 0 0 0 0 7 0 0 0 0 0 0 0 2 7 11 0 470 3 0
"87" 87 0.485232067511 0 1 0 7 0 8 0 0 0 0 0 0 0 0 456 0 0 28 0 0
"88" 88 0.0334728033473 0 0 0 0 0 0 0 0 0 493 0 0 1 6 0 0 0 0 0 0
"89" 89 0.0321100917431 0 0 0 0 0 0 329 0 0 0 0 0 0 4 160 0 0 0 0 7
"90" 90 0.492227979275 0 0 0 0 0 360 0 0 0 0 0 0 0 0 122 0 0 3 0 15
"91" 91 0.612403100775 0 120 0 0 0 369 0 0 0 0 0 0 0 0 5 0 0 0 0 6
"92" 92 0.0927152317881 0 0 0 0 108 0 0 0 386 0 0 0 0 6 0 0 0 0 0 0
"93" 93 0.527131782946 0 0 76 0 0 424 0 0 0 0 0 0 0 0 0 0 0 0 0 0
"94" 94 0.880597014925 0 0 0 0 0 500 0 0 0 0 0 0 0 0 0 0 0 0 0 0
"95" 95 0.761627906977 0 0 0 0 0 0 0 0 0 0 0 0 0 0 500 0 0 0 0 0
"96" 96 0.173076923077 0 0 0 0 0 0 0 0 0 0 0 500 0 0 0 0 0 0 0 0
"97" 97 0.0710659898477 0 0 0 0 0 0 490 0 0 0 0 0 0 0 0 0 4 0 0 6
"98" 98 0.51572327044 0 0 0 0 0 1 0 442 0 0 0 0 0 0 57 0 0 0 0 0
"99" 99 0.283582089552 0 0 0 1 0 0 0 0 0 0 0 1 0 373 70 0 0 0 0 55
"100" 100 0.396226415094 0 53 0 0 0 178 0 0 0 0 0 0 0 0 264 0 0 4 0 1
"101" 101 0.0199004975124 0 0 0 0 12 0 2 0 0 106 7 0 6 0 0 366 0 1 0 0
"102" 102 0.0304568527919 0 0 0 0 0 0 500 0 0 0 0 0 0 0 0 0 0 0 0 0
"103" 103 0.0632911392405 0 0 0 0 67 375 0 0 1 0 2 0 0 0 0 0 0 55 0 0
"104" 104 0.0132450331126 0 0 500 0 0 0 0 0 0 0 0 0 0 0 0 0 0 0 0 0
"105" 105 0.0 0 0 131 0 0 0 21 0 227 1 18 1 0 1 0 0 99 0 0 1
"106" 106 0.0 0 96 2 0 0 0 3 0 206 0 1 0 0 192 0 0 0 0 0 0
"107" 107 0.209205020921 0 0 0 0 0 0 0 0 0 0 22 0 7 0 0 0 0 0 443 28
"108" 108 0.0582959641256 0 0 0 0 500 0 0 0 0 0 0 0 0 0 0 0 0 0 0 0
"109" 109 0.0 0 0 0 0 0 0 2 0 0 0 1 0 0 497 0 0 0 0 0 0
"110" 110 0.0 0 0 0 0 0 0 0 0 0 0 15 0 0 485 0 0 0 0 0 0
"111" 111 0.282511210762 0 0 7 0 1 23 0 0 0 0 149 0 0 0 1 0 0 6 0 313
"112" 112 0.0 0 0 0 0 0 0 0 0 0 0 0 500 0 0 0 0 0 0 0 0
"113" 113 0.0 0 0 2 0 3 0 0 0 9 0 90 0 0 396 0 0 0 0 0 0
"114" 114 0.116279069767 0 0 0 0 0 0 0 0 0 0 164 0 0 0 0 316 0 20 0 0
"115" 115 0.209205020921 0 0 0 0 0 0 0 0 0 494 0 0 0 0 0 0 0 0 6 0
"116" 116 0.0 0 0 0 0 0 0 0 0 0 0 81 0 0 0 0 0 0 0 0 419
"117" 117 0.124401913876 0 0 0 0 0 0 6 0 0 0 9 0 160 323 0 0 0 2 0 0
"118" 118 0.576158940397 0 0 0 0 0 381 0 0 0 0 0 0 0 0 24 0 0 95 0 0
"119" 119 0.320574162679 0 0 0 0 0 500 0 0 0 0 0 0 0 0 0 0 0 0 0 0
"120" 120 0.35401459854 0 0 0 54 0 0 0 0 0 0 0 0 0 0 445 0 0 0 0 1
"121" 121 0.0 0 0 0 0 0 0 0 0 0 0 0 0 0 0 0 0 500 0 0 0
"122" 122 0.0 1 0 0 0 2 0 120 0 0 0 0 0 0 377 0 0 0 0 0 0
"123" 123 0.0 0 0 0 0 0 0 0 0 0 0 0 0 500 0 0 0 0 0 0 0
"124" 124 0.0583941605839 0 0 0 261 0 0 0 0 0 0 0 165 0 73 1 0 0 0 0 0
"125" 125 0.0880829015544 0 382 0 82 0 0 0 0 0 0 36 0 0 0 0 0 0 0 0 0
"126" 126 0.0 0 0 0 0 0 0 190 0 0 0 3 0 0 301 0 0 0 0 0 6
"127" 127 0.172995780591 0 0 1 0 56 327 0 0 1 0 0 25 2 0 32 0 0 0 0 56
"128" 128 0.0 0 1 2 0 0 0 0 473 0 0 23 0 1 0 0 0 0 0 0 0
"129" 129 0.309417040359 0 0 0 0 0 165 0 0 0 1 0 0 0 0 3 2 0 327 0 2
"130" 130 0.0717948717949 1 1 0 472 0 0 0 0 5 0 0 0 21 0 0 0 0 0 0 0
"131" 131 0.0 0 0 0 0 0 0 420 0 0 0 0 0 0 80 0 0 0 0 0 0
"132" 132 0.199004975124 0 1 0 0 0 211 0 0 0 0 0 0 0 83 0 182 0 11 12 0
"133" 133 0.0 14 0 0 0 0 0 471 0 0 0 0 5 4 1 0 0 5 0 0 0
"134" 134 0.138461538462 0 497 2 1 0 0 0 0 0 0 0 0 0 0 0 0 0 0 0 0
"135" 135 0.383720930233 0 2 43 0 0 242 0 0 0 0 0 0 0 0 210 0 0 3 0 0
"136" 136 0.571428571429 0 0 0 465 0 33 0 0 2 0 0 0 0 0 0 0 0 0 0 0
"137" 137 0.0 0 0 0 0 0 0 0 0 0 0 0 500 0 0 0 0 0 0 0 0
"138" 138 0.0697674418605 6 0 0 36 0 2 0 0 2 0 0 0 1 0 440 0 0 13 0 0
"139" 139 0.0 52 0 0 0 0 0 0 0 0 0 415 0 0 0 0 0 18 0 5 10
"140" 140 0.10970464135 0 0 0 0 0 2 0 0 4 0 0 0 0 0 77 0 417 0 0 0
"141" 141 0.0 0 0 0 0 0 0 10 0 0 0 0 0 0 434 0 3 0 0 0 53
"142" 142 0.0697674418605 0 0 499 0 0 0 0 0 0 0 0 1 0 0 0 0 0 0 0 0
"143" 143 0.305699481865 0 441 0 47 0 0 0 0 0 0 0 0 0 0 0 0 0 12 0 0
"144" 144 0.00418410041841 0 0 0 0 0 0 0 0 0 411 0 0 0 7 0 81 0 0 1 0
"145" 145 0.105769230769 0 0 0 0 0 0 0 0 0 0 19 481 0 0 0 0 0 0 0 0
"146" 146 0.268656716418 0 54 0 8 0 136 0 0 0 0 0 0 0 285 0 8 0 6 3 0
"147" 147 0.0 0 0 493 0 0 0 0 0 0 0 7 0 0 0 0 0 0 0 0 0
"148" 148 0.197080291971 0 0 2 0 0 46 6 0 0 131 0 0 0 0 110 33 0 113 0 59
"149" 149 0.325581395349 0 0 7 0 0 436 0 0 0 0 0 0 0 0 3 0 0 54 0 0
"150" 150 0.125523012552 16 0 306 0 15 0 4 0 122 0 0 3 0 1 0 0 0 0 0 33
"151" 151 0.269230769231 0 0 0 0 0 0 0 0 493 0 0 0 0 0 7 0 0 0 0 0
"152" 152 0.804597701149 0 0 0 0 0 6 0 0 0 0 0 0 0 0 114 0 380 0 0 0
"153" 153 0.748427672956 0 0 0 0 0 0 0 500 0 0 0 0 0 0 0 0 0 0 0 0
"154" 154 0.16091954023 0 0 0 0 0 0 0 499 0 0 0 0 0 0 0 0 0 1 0 0
"155" 155 0.558394160584 0 0 0 0 0 481 0 0 19 0 0 0 0 0 0 0 0 0 0 0
"156" 156 0.523255813953 0 0 1 0 0 404 0 0 0 0 0 0 0 0 95 0 0 0 0 0
"157" 157 0.110266159696 9 17 3 0 11 121 0 0 0 0 0 0 0 0 0 0 0 18 321 0
"158" 158 0.832535885167 0 0 0 0 0 0 0 0 372 0 0 0 95 0 1 0 0 0 0 32
"159" 159 0.790178571429 0 99 0 135 196 70 0 0 0 0 0 0 0 0 0 0 0 0 0 0
"160" 160 0.0804597701149 0 0 0 0 0 7 471 0 1 0 0 0 0 0 5 0 0 0 16 0
"161" 161 0.0114942528736 0 0 0 11 0 0 21 0 3 0 0 0 0 0 0 0 465 0 0 0
"162" 162 0.273255813953 0 2 0 0 1 0 0 34 323 32 0 0 13 0 0 1 0 61 33 0
"163" 163 0.164179104478 0 0 0 0 0 0 0 0 0 0 0 0 0 500 0 0 0 0 0 0
"164" 164 0.351063829787 0 0 0 0 0 299 0 0 0 0 0 0 0 0 75 122 0 4 0 0
"165" 165 0.0152091254753 0 0 0 2 0 1 0 0 412 0 0 0 65 0 0 0 0 0 20 0
"166" 166 0.142335766423 0 0 0 0 7 125 0 0 1 0 0 0 0 0 235 0 0 0 0 132
"167" 167 0.0077519379845 0 0 1 0 0 0 0 3 0 0 4 0 492 0 0 0 0 0 0 0
"168" 168 0.0 0 1 0 6 0 1 10 8 54 0 420 0 0 0 0 0 0 0 0 0
"169" 169 0.0223214285714 0 0 0 0 5 0 0 0 0 0 494 0 0 0 0 0 0 0 0 1
"170" 170 0.0761421319797 0 0 23 0 0 0 43 0 0 0 0 0 0 22 0 0 0 0 0 412
"171" 171 0.0199004975124 0 0 7 0 0 0 5 0 0 0 128 0 0 360 0 0 0 0 0 0
"172" 172 0.0 0 1 0 8 4 6 0 0 0 0 2 0 0 478 1 0 0 0 0 0
"173" 173 0.259615384615 0 0 0 0 0 0 0 0 0 0 0 500 0 0 0 0 0 0 0 0
"174" 174 0.113924050633 0 0 500 0 0 0 0 0 0 0 0 0 0 0 0 0 0 0 0 0
"175" 175 0.455696202532 0 0 0 0 0 500 0 0 0 0 0 0 0 0 0 0 0 0 0 0
"176" 176 0.539923954373 0 0 0 0 0 216 0 0 0 3 0 0 0 0 0 0 0 0 281 0
"177" 177 0.0304182509506 0 0 1 0 0 0 0 0 4 481 0 0 2 0 10 0 0 0 0 2
"178" 178 0.23178807947 0 4 489 0 0 0 0 0 0 0 0 7 0 0 0 0 0 0 0 0
"179" 179 0.267441860465 0 0 24 0 0 0 0 0 2 21 65 0 100 0 75 0 0 37 176 0
"180" 180 0.0852713178295 0 0 5 0 0 0 0 0 0 0 494 0 1 0 0 0 0 0 0 0
"181" 181 0.0 0 0 0 0 0 0 0 0 2 0 21 0 0 0 0 0 472 5 0 0
"182" 182 0.0 0 500 0 0 0 0 0 0 0 0 0 0 0 0 0 0 0 0 0 0
"183" 183 0.010152284264 0 0 6 7 0 0 332 0 0 0 0 0 0 0 0 0 1 0 0 154
"184" 184 0.0 0 0 0 0 0 0 0 0 0 1 0 0 0 0 0 499 0 0 0 0
"185" 185 0.0 0 0 12 0 0 0 0 0 0 0 488 0 0 0 0 0 0 0 0 0
"186" 186 0.00497512437811 0 0 0 0 0 0 0 0 0 0 17 0 0 475 0 0 8 0 0 0
"187" 187 0.0 0 0 0 0 0 0 0 0 0 0 0 500 0 0 0 0 0 0 0 0
"188" 188 0.00632911392405 0 0 1 0 0 0 0 0 4 0 2 0 18 0 0 0 475 0 0 0
"189" 189 0.0 0 0 1 0 0 0 308 0 0 1 2 0 0 0 0 0 181 6 1 0
"190" 190 0.0 0 0 97 0 3 0 0 0 2 110 42 1 240 5 0 0 0 0 0 0
"191" 191 0.0 0 4 1 0 0 0 0 0 0 0 472 1 0 0 4 0 1 0 0 17
"192" 192 0.0178571428571 0 0 0 0 0 466 4 0 0 0 0 0 0 0 0 11 0 3 0 16
"193" 193 0.0 0 0 0 0 25 0 0 0 0 0 0 0 0 265 0 4 0 105 0 101
"194" 194 0.0689655172414 0 0 4 0 0 0 19 0 0 0 6 0 0 0 0 1 470 0 0 0
"195" 195 0.191860465116 0 0 0 7 0 0 0 0 474 0 0 0 0 0 0 0 0 0 0 19
"196" 196 0.299270072993 0 0 0 0 360 0 0 0 0 0 0 5 0 135 0 0 0 0 0 0
"197" 197 0.631386861314 0 0 8 0 0 16 0 0 400 0 0 0 0 0 76 0 0 0 0 0
"198" 198 0.15503875969 0 362 2 0 0 1 5 39 75 0 0 0 0 0 0 0 9 7 0 0
"199" 199 0.144278606965 0 0 4 0 1 0 0 0 0 1 52 18 0 419 5 0 0 0 0 0
"200" 200 0.00836820083682 0 0 0 0 0 0 0 0 10 476 5 0 4 0 0 0 5 0 0 0
"201" 201 0.245283018868 0 0 0 0 0 0 0 500 0 0 0 0 0 0 0 0 0 0 0 0
"202" 202 0.0384615384615 0 0 0 0 0 0 0 0 0 0 0 500 0 0 0 0 0 0 0 0
"203" 203 0.683937823834 0 0 0 0 0 144 0 0 0 0 0 0 0 0 356 0 0 0 0 0
"204" 204 0.337748344371 0 0 500 0 0 0 0 0 0 0 0 0 0 0 0 0 0 0 0 0
"205" 205 0.495535714286 0 0 0 0 0 101 0 0 0 0 0 0 0 0 1 0 0 381 0 17
"206" 206 0.324873096447 0 56 0 0 1 329 0 0 0 0 0 0 0 0 0 0 0 114 0 0
"207" 207 0.124352331606 0 354 0 3 1 0 0 0 0 0 0 0 8 0 0 0 0 120 0 14
"208" 208 0.0 0 0 0 0 361 0 0 0 0 0 4 0 135 0 0 0 0 0 0 0
"209" 209 0.0348258706468 0 0 0 0 0 0 0 0 0 0 10 0 0 427 63 0 0 0 0 0
"210" 210 0.200836820084 0 0 0 0 0 10 4 0 0 0 0 0 0 0 473 0 0 6 0 7
"211" 211 0.277372262774 0 0 0 0 1 0 0 0 0 0 0 0 0 0 0 0 0 37 0 462
"212" 212 0.0 0 5 7 0 0 0 488 0 0 0 0 0 0 0 0 0 0 0 0 0
"213" 213 0.00418410041841 0 1 0 0 0 0 0 0 0 368 4 0 1 0 0 0 0 0 126 0
"214" 214 0.383211678832 0 0 0 0 0 116 11 0 0 0 0 0 0 6 34 3 0 327 2 1
"215" 215 0.104651162791 0 1 0 0 41 0 1 0 0 6 1 6 0 15 0 0 132 288 9 0
"216" 216 0.0298507462687 0 0 0 1 0 0 0 0 0 0 0 0 0 499 0 0 0 0 0 0
"217" 217 0.0576923076923 0 0 0 0 0 0 0 0 0 0 0 500 0 0 0 0 0 0 0 0
"218" 218 0.156976744186 0 0 0 0 0 0 0 0 500 0 0 0 0 0 0 0 0 0 0 0
"219" 219 0.0377358490566 0 0 15 0 0 0 0 452 0 0 33 0 0 0 0 0 0 0 0 0
"220" 220 0.424870466321 0 500 0 0 0 0 0 0 0 0 0 0 0 0 0 0 0 0 0 0
"221" 221 0.34375 0 0 0 0 0 0 0 0 0 0 0 0 0 0 0 0 0 500 0 0
"222" 222 0.770114942529 0 0 0 0 0 500 0 0 0 0 0 0 0 0 0 0 0 0 0 0
"223" 223 0.350574712644 0 0 0 0 0 0 0 0 0 0 0 0 0 414 84 0 0 2 0 0
"224" 224 0.0390070921986 1 0 0 0 0 0 0 0 0 0 0 0 0 0 0 499 0 0 0 0
"225" 225 0.522012578616 0 0 0 0 0 1 0 499 0 0 0 0 0 0 0 0 0 0 0 0
"226" 226 0.317307692308 0 0 0 0 0 0 0 0 0 0 0 500 0 0 0 0 0 0 0 0
"227" 227 0.0 0 0 1 0 1 0 0 0 13 5 7 0 7 0 0 1 464 0 1 0
"228" 228 0.354651162791 0 0 498 0 0 2 0 0 0 0 0 0 0 0 0 0 0 0 0 0
"229" 229 0.675496688742 0 0 0 0 0 2 0 0 0 0 0 0 0 0 498 0 0 0 0 0
"230" 230 0.0871559633028 0 0 0 0 0 0 0 0 0 0 0 0 0 0 0 0 0 0 0 500
"231" 231 0.509433962264 0 0 0 0 0 0 0 500 0 0 0 0 0 0 0 0 0 0 0 0
"232" 232 0.466321243523 0 0 0 119 0 11 0 0 0 0 0 0 0 0 370 0 0 0 0 0
"233" 233 0.155893536122 2 0 0 0 0 0 0 0 0 0 0 0 0 0 0 2 0 0 496 0
"234" 234 0.426160337553 0 26 0 0 0 61 0 0 0 0 0 0 0 0 413 0 0 0 0 0
"235" 235 0.654088050314 0 0 0 0 0 1 0 499 0 0 0 0 0 0 0 0 0 0 0 0
"236" 236 0.668874172185 0 0 474 0 0 0 0 0 0 0 0 0 0 0 26 0 0 0 0 0
"237" 237 0.0376569037657 0 6 1 0 10 0 363 0 2 0 1 0 0 0 0 109 0 3 0 5
"238" 238 0.345911949686 0 0 14 12 0 20 0 0 0 0 0 0 0 0 3 0 0 0 0 451
"239" 239 0.763713080169 0 0 0 0 0 500 0 0 0 0 0 0 0 0 0 0 0 0 0 0
"240" 240 0.27304964539 0 0 0 0 14 0 0 0 0 458 0 0 0 0 0 4 0 0 15 9
"241" 241 0.713178294574 0 0 0 0 0 500 0 0 0 0 0 0 0 0 0 0 0 0 0 0
"242" 242 0.416058394161 0 0 0 0 0 248 0 0 252 0 0 0 0 0 0 0 0 0 0 0
"243" 243 0.367713004484 0 0 0 0 0 486 0 0 0 0 0 0 0 6 4 4 0 0 0 0
"244" 244 0.528497409326 0 0 499 0 0 0 0 0 0 0 0 0 0 0 0 0 0 1 0 0
"245" 245 0.0753138075314 0 2 0 0 0 0 0 0 0 350 0 0 9 133 0 6 0 0 0 0
"246" 246 0.291390728477 0 0 499 0 0 0 0 0 0 0 0 0 0 0 1 0 0 0 0 0
"247" 247 0.590717299578 0 0 0 0 0 500 0 0 0 0 0 0 0 0 0 0 0 0 0 0
"248" 248 0.0689655172414 0 0 0 0 0 0 340 0 0 5 0 0 4 38 2 0 110 0 1 0
"249" 249 0.00574712643678 0 0 6 0 0 0 14 0 2 0 3 0 0 0 0 0 475 0 0 0
"250" 250 0.509433962264 0 0 0 0 0 0 0 500 0 0 0 0 0 0 0 0 0 0 0 0
"251" 251 0.59748427673 0 0 1 0 0 0 2 0 0 0 0 0 0 0 497 0 0 0 0 0
"252" 252 0.0298507462687 0 0 9 0 1 0 0 0 0 0 385 14 0 91 0 0 0 0 0 0
"253" 253 0.316062176166 0 494 0 6 0 0 0 0 0 0 0 0 0 0 0 0 0 0 0 0
"254" 254 0.647321428571 0 0 0 0 0 166 0 0 0 0 0 0 0 0 285 0 0 49 0 0
"255" 255 0.238341968912 0 279 0 0 0 0 0 0 0 0 0 0 0 215 0 0 0 6 0 0
"256" 256 0.0 0 0 55 0 0 0 0 0 3 0 6 91 0 0 0 0 0 0 0 345
"257" 257 0.284671532847 0 0 0 0 498 0 0 0 0 0 0 0 0 0 2 0 0 0 0 0
"258" 258 0.304635761589 0 181 272 0 0 47 0 0 0 0 0 0 0 0 0 0 0 0 0 0
"259" 259 0.0 0 0 0 0 1 0 0 0 0 0 0 0 0 402 96 0 0 1 0 0
"260" 260 0.00497512437811 0 2 6 0 1 0 13 0 3 1 7 0 0 467 0 0 0 0 0 0
"261" 261 0.264900662252 0 50 0 0 0 113 0 0 0 0 0 0 0 0 138 0 0 199 0 0
"262" 262 0.318385650224 0 0 0 0 0 1 0 0 0 0 0 5 0 25 181 0 0 0 0 288
"263" 263 0.0 0 0 0 0 0 0 0 0 0 0 2 0 0 12 0 0 0 75 0 411
"264" 264 0.0248756218905 0 0 4 0 0 0 0 0 0 0 0 0 0 495 0 0 0 0 0 1
"265" 265 0.282296650718 0 0 0 0 0 0 0 0 0 0 0 0 500 0 0 0 0 0 0 0
"266" 266 0.0304182509506 0 0 1 0 0 0 0 0 0 493 0 0 0 0 0 0 0 6 0 0
"267" 267 0.0984455958549 0 491 0 0 0 0 0 0 0 0 0 0 2 0 6 0 0 1 0 0
"268" 268 0.194968553459 0 0 0 0 0 0 0 499 0 0 0 0 0 0 0 0 0 0 0 1
"269" 269 0.723076923077 0 0 0 0 0 494 0 0 0 0 0 0 0 0 0 0 0 6 0 0
"270" 270 0.616033755274 0 2 1 0 491 1 0 0 0 0 5 0 0 0 0 0 0 0 0 0
"271" 271 0.0510948905109 90 0 0 167 0 0 0 0 0 0 132 0 0 0 0 0 0 0 0 111
"272" 272 0.10152284264 0 0 110 0 0 0 0 0 0 0 385 0 0 0 0 0 0 0 0 5
"273" 273 0.364238410596 0 1 316 0 10 9 0 0 0 0 0 0 72 0 92 0 0 0 0 0
"274" 274 0.0077519379845 0 2 0 0 0 0 0 0 0 0 498 0 0 0 0 0 0 0 0 0
"275" 275 0.675105485232 0 0 0 0 0 422 0 0 0 0 0 0 0 17 0 0 0 35 0 26
"276" 276 0.348837209302 0 92 47 0 0 266 0 0 0 0 0 0 0 0 0 0 0 95 0 0
"277" 277 0.0 0 0 72 0 0 0 0 0 0 0 426 0 0 0 0 0 0 0 0 2
"278" 278 0.233830845771 0 0 0 0 0 0 0 0 0 0 0 0 0 500 0 0 0 0 0 0
"279" 279 0.697674418605 0 0 0 0 0 486 0 0 0 0 0 0 0 0 14 0 0 0 0 0
"280" 280 0.0813397129187 0 0 0 0 0 0 0 0 0 0 0 0 500 0 0 0 0 0 0 0
"281" 281 0.415094339623 0 0 2 0 0 493 0 0 0 0 0 0 0 0 5 0 0 0 0 0
"282" 282 0.0 0 96 1 0 0 0 0 0 0 118 284 0 0 0 0 0 0 1 0 0
"283" 283 0.0418410041841 0 0 0 0 0 0 0 0 0 495 0 0 3 0 0 0 0 0 2 0
"284" 284 0.677130044843 0 0 0 0 0 500 0 0 0 0 0 0 0 0 0 0 0 0 0 0
"285" 285 0.518134715026 0 61 0 0 0 439 0 0 0 0 0 0 0 0 0 0 0 0 0 0
"286" 286 0.229885057471 0 0 5 0 0 0 0 0 84 0 23 0 0 0 0 0 388 0 0 0
"287" 287 0.517441860465 0 0 0 0 0 497 0 0 3 0 0 0 0 0 0 0 0 0 0 0
"288" 288 0.489451476793 0 0 0 0 0 55 0 0 0 0 0 0 0 0 0 0 0 0 5 440
"289" 289 0.22641509434 0 0 0 0 1 0 0 232 0 0 0 2 0 0 0 0 0 265 0 0
"290" 290 0.563218390805 0 0 0 0 0 500 0 0 0 0 0 0 0 0 0 0 0 0 0 0
"291" 291 0.0377358490566 0 0 0 0 0 0 0 500 0 0 0 0 0 0 0 0 0 0 0 0
"292" 292 0.88995215311 0 0 0 0 52 448 0 0 0 0 0 0 0 0 0 0 0 0 0 0
"293" 293 0.497512437811 0 54 0 0 0 0 16 0 0 0 0 18 0 288 0 0 118 0 0 6
