"site" "RSA" "aa1" "aa2" "aa3" "aa4" "aa5" "aa6" "aa7" "aa8" "aa9" "aa10" "aa11" "aa12" "aa13" "aa14" "aa15" "aa16" "aa17" "aa18" "aa19" "aa20"
"0" 0 0.569037656904 0 7 33 5 39 21 15 47 59 2 21 53 10 89 2 0 7 51 31 8
"1" 1 0.343023255814 0 6 21 2 53 51 14 0 196 0 3 10 4 1 8 0 25 90 3 13
"2" 2 0.0 0 0 0 0 0 0 0 0 0 0 0 0 0 500 0 0 0 0 0 0
"3" 3 0.287179487179 0 2 8 4 15 22 91 0 53 30 2 25 6 5 11 2 118 16 88 2
"4" 4 0.526785714286 0 2 13 2 19 148 14 27 23 6 63 2 1 0 17 5 21 116 14 7
"5" 5 0.848101265823 0 96 50 56 31 100 2 0 12 0 25 9 0 23 24 0 8 51 0 13
"6" 6 0.282511210762 0 27 2 20 53 58 0 0 0 2 4 0 12 191 5 0 0 115 5 6
"7" 7 0.18407960199 0 0 0 0 0 0 0 0 0 0 0 0 0 498 0 0 0 0 0 2
"8" 8 0.226744186047 0 1 4 1 259 75 0 0 62 3 3 1 1 0 50 1 0 13 1 25
"9" 9 0.818652849741 0 138 9 52 25 53 26 0 52 1 21 13 1 10 13 3 42 40 0 1
"10" 10 0.357512953368 0 387 0 17 1 1 12 0 3 0 3 0 0 10 15 0 24 25 0 2
"11" 11 0.0 0 0 0 0 0 0 0 500 0 0 0 0 0 0 0 0 0 0 0 0
"12" 12 0.203045685279 0 17 0 22 6 3 9 0 2 0 10 0 0 2 356 0 5 6 0 62
"13" 13 0.424870466321 0 22 3 15 91 106 9 0 10 0 19 1 2 61 36 3 24 90 0 8
"14" 14 0.0149253731343 0 0 0 0 0 0 0 0 0 0 0 0 2 492 0 0 0 1 0 5
"15" 15 0.00836820083682 0 0 0 0 0 0 0 0 0 500 0 0 0 0 0 0 0 0 0 0
"16" 16 0.296511627907 0 1 18 1 19 95 0 0 11 4 96 0 3 59 35 3 0 147 3 5
"17" 17 0.409282700422 0 1 2 0 80 264 1 0 5 0 3 0 0 5 136 0 0 2 0 1
"18" 18 0.00354609929078 0 0 0 0 0 0 0 0 0 0 0 0 0 0 0 500 0 0 0 0
"19" 19 0.0543933054393 0 0 1 0 0 4 0 0 0 347 4 0 27 0 0 70 0 0 47 0
"20" 20 0.317948717949 0 31 7 20 37 37 12 0 5 1 23 2 0 68 131 4 5 99 4 14
"21" 21 0.28125 0 0 0 0 2 0 0 0 0 0 0 0 0 0 0 0 0 498 0 0
"22" 22 0.0 0 0 0 0 0 0 0 0 0 0 500 0 0 0 0 0 0 0 0 0
"23" 23 0.489451476793 0 6 4 8 95 74 3 0 5 0 25 3 1 2 62 0 36 22 0 154
"24" 24 0.678571428571 0 33 18 67 43 69 2 0 69 4 73 8 2 12 8 24 0 56 3 9
"25" 25 0.170984455959 0 453 2 5 3 0 0 0 8 0 2 0 0 0 0 0 0 26 0 1
"26" 26 0.723270440252 0 19 101 38 36 50 3 38 70 1 19 16 5 25 11 22 3 33 1 9
"27" 27 0.419708029197 0 2 6 6 3 11 0 0 1 0 1 1 0 4 460 0 0 4 0 1
"28" 28 0.107142857143 0 0 3 15 15 0 3 0 0 0 10 0 0 0 0 0 0 454 0 0
"29" 29 0.71511627907 0 15 84 40 62 63 1 0 104 1 8 10 4 29 12 0 5 48 5 9
"30" 30 0.432835820896 0 255 2 164 8 1 0 0 2 0 21 0 0 37 3 0 0 1 0 6
"31" 31 0.0566037735849 0 0 2 0 0 0 0 496 0 0 2 0 0 0 0 0 0 0 0 0
"32" 32 0.236607142857 0 36 9 52 35 134 0 0 17 0 39 3 6 1 145 1 2 13 0 7
"33" 33 0.232558139535 0 2 13 3 23 104 0 0 0 0 23 1 0 260 56 0 0 6 0 9
"34" 34 0.0152284263959 0 0 0 0 0 0 494 0 0 0 0 0 0 0 0 0 6 0 0 0
"35" 35 0.255813953488 0 0 0 1 1 7 8 0 2 1 2 0 0 439 9 2 9 9 7 3
"36" 36 0.0 0 0 0 0 0 0 2 0 0 366 0 0 0 0 0 11 0 0 121 0
"37" 37 0.218543046358 0 0 1 1 5 14 201 0 4 3 2 0 0 8 73 9 163 6 7 3
"38" 38 0.0331125827815 0 0 475 0 0 0 0 0 0 0 23 1 0 0 0 0 0 0 1 0
"39" 39 0.193798449612 0 0 4 0 5 11 0 0 0 1 79 0 0 2 4 368 0 0 0 26
"40" 40 0.290178571429 0 6 27 5 52 113 10 0 31 1 37 0 2 0 26 0 6 179 0 5
"41" 41 0.44776119403 0 1 6 3 7 120 0 0 0 29 37 37 22 47 74 1 0 23 73 20
"42" 42 0.698113207547 0 1 4 2 0 3 0 482 4 0 1 0 0 0 0 0 0 1 0 2
"43" 43 0.483443708609 0 36 5 9 92 107 13 0 7 0 68 1 1 12 27 0 13 67 1 41
"44" 44 0.471153846154 0 0 0 0 0 0 0 0 0 0 0 500 0 0 0 0 0 0 0 0
"45" 45 0.565693430657 0 5 9 0 40 50 3 0 19 1 5 0 0 38 182 0 0 135 2 11
"46" 46 0.614942528736 0 0 1 0 6 2 32 0 8 17 1 0 14 1 0 279 46 53 39 1
"47" 47 0.0860927152318 0 1 96 52 13 5 9 0 174 0 26 28 0 4 69 0 0 18 1 4
"48" 48 0.503311258278 0 2 87 11 41 53 0 0 2 18 88 8 7 0 21 42 0 19 18 83
"49" 49 0.186131386861 0 5 78 1 6 0 0 0 369 0 9 13 0 4 2 0 0 3 1 9
"50" 50 0.56345177665 0 4 2 1 0 2 16 0 6 6 0 0 2 9 1 426 9 0 15 1
"51" 51 0.134328358209 0 0 0 0 33 13 0 0 12 3 1 2 1 392 0 0 0 1 0 42
"52" 52 0.477611940299 0 2 7 11 8 42 0 0 4 5 8 0 7 379 3 3 0 7 6 8
"53" 53 0.0418410041841 0 0 0 0 0 0 0 0 0 500 0 0 0 0 0 0 0 0 0 0
"54" 54 0.400843881857 0 1 12 0 45 56 0 0 41 61 72 11 0 0 27 16 0 130 13 15
"55" 55 0.272321428571 0 6 54 2 8 131 0 0 58 0 44 21 68 0 61 0 0 26 0 21
"56" 56 0.233830845771 0 1 5 0 1 0 0 0 9 0 0 0 0 484 0 0 0 0 0 0
"57" 57 0.259067357513 0 224 15 207 0 0 0 0 37 0 0 17 0 0 0 0 0 0 0 0
"58" 58 0.760765550239 0 129 14 25 28 87 2 7 50 0 36 8 0 10 2 0 9 83 1 9
"59" 59 0.244525547445 0 37 27 25 18 66 0 0 94 10 2 0 7 81 57 4 5 15 41 11
"60" 60 0.0288461538462 0 0 0 0 0 0 0 0 0 0 0 500 0 0 0 0 0 0 0 0
"61" 61 0.0 0 0 0 0 0 0 0 0 0 492 0 0 0 0 0 0 0 0 8 0
"62" 62 0.00581395348837 0 0 19 0 10 5 0 0 5 0 416 4 0 14 5 0 2 20 0 0
"63" 63 0.00507614213198 0 0 0 0 0 0 449 0 0 0 0 0 0 0 0 0 51 0 0 0
"64" 64 0.136882129278 0 0 0 0 0 0 0 0 0 236 0 0 1 0 0 0 0 0 263 0
"65" 65 0.0728476821192 0 9 443 1 0 0 0 0 0 0 2 45 0 0 0 0 0 0 0 0
"66" 66 0.0410256410256 0 397 0 100 0 0 0 0 0 0 2 0 0 0 0 0 1 0 0 0
"67" 67 0.0602836879433 0 0 0 0 0 0 0 0 0 0 0 0 0 0 0 500 0 0 0 0
"68" 68 0.346153846154 0 0 0 0 0 0 0 0 0 0 0 500 0 0 0 0 0 0 0 0
"69" 69 0.18023255814 0 32 27 50 31 61 1 0 75 0 4 5 1 139 58 1 0 7 2 6
"70" 70 0.0 0 3 485 0 0 0 0 0 0 0 2 0 10 0 0 0 0 0 0 0
"71" 71 0.328467153285 0 55 3 14 25 26 5 136 13 0 30 10 0 14 7 1 5 151 0 5
"72" 72 0.0295358649789 0 4 115 4 10 13 17 0 126 0 54 3 84 5 10 0 19 7 0 29
"73" 73 0.0387596899225 0 0 0 0 0 0 0 0 0 0 478 22 0 0 0 0 0 0 0 0
"74" 74 0.516746411483 0 5 3 33 52 153 2 0 2 18 25 3 4 49 28 8 2 84 16 13
"75" 75 0.00518134715026 0 464 0 4 0 0 0 0 0 0 25 1 6 0 0 0 0 0 0 0
"76" 76 0.0355329949239 0 1 2 6 120 0 208 0 13 0 29 1 0 41 0 5 68 1 0 5
"77" 77 0.643410852713 0 2 24 11 35 78 0 0 17 1 101 6 0 16 157 0 0 36 7 9
"78" 78 0.313953488372 0 31 14 38 136 75 0 0 47 8 23 0 29 21 6 3 0 48 16 5
"79" 79 0.0666666666667 0 428 0 24 0 0 0 0 0 2 3 0 0 1 4 34 0 0 4 0
"80" 80 0.446540880503 0 0 0 1 0 4 0 475 0 0 1 0 0 0 5 12 0 0 2 0
"81" 81 0.379487179487 0 0 0 2 4 4 0 0 0 5 2 0 10 0 439 0 1 13 19 1
"82" 82 0.077519379845 0 0 4 0 0 0 0 0 0 0 492 4 0 0 0 0 0 0 0 0
"83" 83 0.170542635659 0 0 70 0 23 3 0 0 0 0 112 2 0 0 1 0 0 257 0 32
"84" 84 0.010152284264 0 0 0 0 0 0 493 0 0 0 1 0 0 0 0 0 5 0 0 1
"85" 85 0.212643678161 0 0 1 0 2 5 273 0 3 0 0 0 1 0 2 0 207 3 0 3
"86" 86 0.0 0 0 0 0 0 0 0 0 0 500 0 0 0 0 0 0 0 0 0 0
"87" 87 0.464435146444 0 1 5 5 15 19 2 0 3 80 0 0 42 34 138 2 1 30 121 2
"88" 88 0.00709219858156 0 0 0 0 0 0 0 0 0 0 0 0 0 0 0 500 0 0 0 0
"89" 89 0.611814345992 0 17 10 4 28 109 1 0 26 8 20 11 8 29 37 0 17 152 18 5
"90" 90 0.435233160622 0 55 73 63 45 29 0 0 15 21 47 4 17 0 2 13 2 27 44 43
"91" 91 0.0199004975124 0 5 0 2 4 0 0 0 0 0 0 0 0 485 0 0 0 0 0 4
"92" 92 0.322869955157 0 14 0 181 106 101 0 0 0 2 4 57 9 2 9 1 0 2 2 10
"93" 93 0.036496350365 0 0 0 0 0 0 0 0 0 0 0 0 0 0 500 0 0 0 0 0
"94" 94 0.22869955157 0 0 7 0 70 27 1 0 0 0 3 0 0 12 73 0 2 228 0 77
"95" 95 0.0 0 0 0 0 0 0 0 0 0 0 0 0 0 0 0 0 500 0 0 0
"96" 96 0.302919708029 0 0 0 1 2 6 78 0 0 1 1 0 0 0 380 0 31 0 0 0
"97" 97 0.0 0 0 0 0 0 0 0 0 0 0 0 0 0 0 0 0 500 0 0 0
"98" 98 0.28125 0 2 13 2 22 31 27 0 19 7 14 0 5 14 232 3 31 46 17 15
"99" 99 0.0480769230769 0 0 0 0 0 0 0 0 0 0 0 500 0 0 0 0 0 0 0 0
"100" 100 0.238578680203 0 3 6 6 37 57 91 0 34 1 4 2 2 6 15 1 110 113 2 10
"101" 101 0.0697674418605 0 0 9 0 0 0 0 0 146 0 337 4 0 0 0 0 3 0 0 1
"102" 102 0.25 0 1 27 0 27 13 7 0 86 10 15 2 13 1 72 0 5 200 8 13
"103" 103 0.564593301435 0 8 40 17 61 46 16 52 64 4 18 2 3 33 11 1 52 45 7 20
"104" 104 0.0574712643678 0 27 1 3 6 0 26 0 2 0 16 0 0 0 0 0 398 18 0 3
"105" 105 0.4 0 12 23 9 38 58 2 0 16 0 16 0 5 21 57 0 5 233 0 5
"106" 106 0.332116788321 0 9 1 7 5 7 1 9 3 0 7 3 0 0 437 0 1 8 0 2
"107" 107 0.459821428571 0 89 6 50 23 63 8 0 33 1 64 11 0 19 46 0 14 65 2 6
"108" 108 0.133720930233 0 21 3 18 65 86 20 0 3 0 18 1 1 30 55 0 29 141 0 9
"109" 109 0.00662251655629 0 0 334 0 0 0 0 0 0 0 164 2 0 0 0 0 0 0 0 0
"110" 110 0.34375 0 4 2 5 8 25 9 0 6 0 12 0 0 1 6 0 3 413 0 6
"111" 111 0.467153284672 0 2 14 2 9 132 0 0 30 23 39 2 17 32 28 1 0 74 72 23
"112" 112 0.266159695817 0 10 2 7 37 4 5 0 2 36 20 0 25 1 41 17 109 90 69 25
"113" 113 0.00418410041841 0 0 0 0 0 0 0 0 0 498 0 0 0 0 0 0 0 0 2 0
"114" 114 0.556962025316 0 12 1 34 36 162 9 0 8 38 35 1 5 20 13 34 1 20 51 20
"115" 115 0.622093023256 0 13 113 55 33 63 0 0 46 1 15 3 2 94 25 1 0 20 0 16
"116" 116 0.35401459854 0 0 0 1 13 2 0 0 0 0 2 0 0 465 6 0 0 4 0 7
"117" 117 0.534591194969 0 1 1 0 2 1 0 493 0 0 2 0 0 0 0 0 0 0 0 0
"118" 118 0.704379562044 0 4 0 3 2 64 2 55 14 0 2 2 0 14 334 0 4 0 0 0
"119" 119 0.605769230769 0 109 9 44 32 69 4 0 18 0 40 14 0 50 17 3 11 69 2 9
"120" 120 0.251655629139 0 4 0 0 49 17 5 0 33 2 53 1 0 0 4 0 231 79 2 20
"121" 121 0.0928270042194 0 0 0 0 345 28 0 0 0 0 3 0 0 0 3 0 0 0 0 121
"122" 122 0.10152284264 0 0 0 0 2 0 453 0 1 0 2 0 0 0 1 0 33 0 0 8
"123" 123 0.278846153846 0 17 11 47 12 44 1 0 5 13 65 2 6 81 18 122 0 24 29 3
"124" 124 0.093023255814 0 0 27 0 0 0 0 0 0 0 470 3 0 0 0 0 0 0 0 0
"125" 125 0.315602836879 0 0 0 0 0 0 0 0 0 0 0 0 1 0 0 499 0 0 0 0
"126" 126 0.031007751938 0 0 1 0 0 0 0 0 0 0 498 1 0 0 0 0 0 0 0 0
"127" 127 0.384105960265 0 10 2 9 7 10 176 0 7 29 1 0 6 36 17 0 102 16 69 3
"128" 128 0.627737226277 0 112 2 31 115 11 1 7 1 4 22 27 14 23 43 13 5 26 4 39
"129" 129 0.322869955157 0 7 45 12 210 21 6 0 63 2 35 4 0 0 2 1 39 29 5 19
"130" 130 0.529801324503 0 0 34 1 0 0 0 0 2 0 10 453 0 0 0 0 0 0 0 0
"131" 131 0.388601036269 0 35 47 4 8 3 0 0 4 0 224 147 0 0 11 0 0 1 0 16
"132" 132 0.810344827586 0 13 21 12 79 44 43 0 92 2 6 0 0 29 11 0 79 59 6 4
"133" 133 0.375634517766 0 0 3 1 0 1 7 0 35 4 1 0 398 1 0 0 43 0 0 6
"134" 134 0.759493670886 0 43 28 63 29 52 18 0 104 0 37 12 3 17 20 0 25 39 3 7
"135" 135 0.369230769231 0 50 232 8 0 1 0 0 0 0 114 94 1 0 0 0 0 0 0 0
"136" 136 0.569343065693 0 90 14 35 65 71 3 9 27 0 41 8 1 33 8 1 8 80 0 6
"137" 137 0.517857142857 0 82 10 32 35 47 10 0 23 3 63 11 0 14 12 0 15 138 1 4
"138" 138 0.214285714286 0 0 0 0 3 0 0 0 0 0 0 0 0 0 0 0 0 497 0 0
"139" 139 0.194029850746 0 8 2 24 35 151 54 0 4 0 21 2 1 123 26 0 21 19 0 9
"140" 140 0.357512953368 0 37 5 22 34 76 23 0 2 1 27 1 2 79 53 1 1 125 3 8
"141" 141 0.455357142857 0 47 4 40 59 78 10 0 18 0 42 4 1 39 110 3 1 40 1 3
"142" 142 0.213930348259 0 4 1 21 9 0 0 0 0 1 17 0 0 47 390 0 0 6 0 4
"143" 143 0.313953488372 0 8 6 8 26 162 56 0 13 3 26 0 3 32 45 10 1 80 6 15
"144" 144 0.641255605381 0 31 15 57 53 100 26 0 20 0 35 4 0 44 34 3 16 46 2 14
"145" 145 0.46835443038 0 20 25 22 57 102 0 0 32 10 73 2 8 39 19 9 0 56 17 9
"146" 146 0.184615384615 0 5 1 41 116 25 0 0 1 18 32 0 36 0 3 0 0 156 61 5
"147" 147 0.418604651163 0 0 15 1 41 90 0 0 33 5 90 7 4 67 17 40 0 42 32 16
"148" 148 0.3125 0 31 7 44 34 103 15 0 7 0 33 1 0 43 50 2 10 95 0 25
"149" 149 0.29197080292 0 0 3 1 48 46 0 0 51 0 17 2 12 13 275 3 0 23 0 6
"150" 150 0.117154811715 0 0 0 0 0 0 0 0 0 471 0 0 0 0 0 2 0 0 27 0
"151" 151 0.320675105485 0 3 16 0 27 189 0 0 0 6 30 10 7 54 53 1 0 73 12 19
"152" 152 0.528497409326 0 197 4 82 17 71 5 0 1 3 8 5 8 33 5 1 1 37 18 4
"153" 153 0.418604651163 0 0 292 0 0 3 0 0 0 0 189 0 0 0 3 0 0 0 0 13
"154" 154 0.424107142857 0 89 9 37 15 84 27 0 60 0 6 10 2 10 12 0 62 76 1 0
"155" 155 0.39896373057 0 5 4 9 5 12 125 0 66 11 0 0 2 23 5 1 196 12 16 8
"156" 156 0.0761421319797 0 0 0 0 0 0 26 0 0 0 0 0 0 0 0 0 474 0 0 0
"157" 157 0.503144654088 0 0 1 0 1 0 0 494 0 0 0 2 0 2 0 0 0 0 0 0
"158" 158 0.126582278481 500 0 0 0 0 0 0 0 0 0 0 0 0 0 0 0 0 0 0 0
"159" 159 0.0 0 0 0 0 0 0 0 500 0 0 0 0 0 0 0 0 0 0 0 0
"160" 160 0.746113989637 0 8 6 4 6 5 0 452 2 0 5 1 0 2 1 0 1 7 0 0
"161" 161 0.212927756654 0 24 26 20 46 0 0 0 7 0 26 2 0 0 0 306 1 42 0 0
"162" 162 0.0744680851064 0 0 1 0 0 0 0 0 0 1 0 0 0 0 0 494 1 0 3 0
"163" 163 0.0288461538462 0 0 0 0 0 0 0 0 0 0 0 500 0 0 0 0 0 0 0 0
"164" 164 0.0192307692308 0 0 0 0 0 0 0 0 0 0 0 500 0 0 0 0 0 0 0 0
"165" 165 0.0 0 0 1 0 9 0 0 0 0 0 4 0 0 423 0 2 0 3 0 58
"166" 166 0.0583941605839 0 0 8 0 92 80 4 0 8 0 132 1 0 0 140 0 8 21 0 6
"167" 167 0.0 0 0 0 0 0 0 486 0 0 0 0 0 0 0 0 0 14 0 0 0
"168" 168 0.0 0 10 0 10 0 1 132 0 3 0 0 0 0 0 3 3 337 0 1 0
"169" 169 0.0251572327044 0 0 0 0 0 0 0 497 0 0 3 0 0 0 0 0 0 0 0 0
"170" 170 0.208955223881 0 0 0 1 2 6 2 0 16 21 0 0 25 323 7 0 0 0 88 9
"171" 171 0.254464285714 0 0 34 0 23 24 0 0 6 0 23 0 0 1 19 0 9 313 0 48
"172" 172 0.0 0 0 0 0 0 0 482 0 0 0 0 0 0 0 0 0 17 0 0 1
"173" 173 0.0223214285714 0 0 0 0 0 0 0 0 0 0 0 0 0 0 0 0 0 500 0 0
"174" 174 0.0 0 0 0 0 0 0 0 0 0 500 0 0 0 0 0 0 0 0 0 0
"175" 175 0.124113475177 0 0 0 0 1 3 101 0 1 0 1 0 1 0 162 114 108 8 0 0
"176" 176 0.00448430493274 0 0 0 0 500 0 0 0 0 0 0 0 0 0 0 0 0 0 0 0
"177" 177 0.0480769230769 0 4 1 1 4 8 0 0 0 3 14 443 3 2 4 0 0 10 2 1
"178" 178 0.288321167883 0 20 50 5 3 9 3 0 7 0 21 0 16 17 325 0 10 11 0 3
"179" 179 0.761006289308 0 93 90 32 10 26 1 129 16 0 27 8 1 17 5 1 3 32 3 6
"180" 180 0.430463576159 0 109 184 29 14 14 0 0 13 0 26 5 0 13 5 0 0 83 0 5
"181" 181 0.748175182482 0 0 0 5 0 0 0 0 0 1 0 494 0 0 0 0 0 0 0 0
"182" 182 0.592039800995 0 79 1 96 89 52 1 0 5 3 14 3 38 32 31 0 4 29 8 15
"183" 183 0.200956937799 0 302 1 40 0 14 0 0 0 0 22 0 45 0 66 0 0 7 0 3
"184" 184 0.0518134715026 0 373 0 0 0 0 0 0 0 62 0 0 4 0 0 6 0 0 55 0
"185" 185 0.178832116788 0 0 0 0 0 0 0 0 0 0 0 0 0 0 500 0 0 0 0 0
"186" 186 0.0209205020921 0 0 0 0 0 0 0 0 0 287 0 0 0 0 0 86 0 0 127 0
"187" 187 0.0 0 0 6 0 2 21 46 0 3 0 3 0 0 0 1 0 389 1 0 28
"188" 188 0.0 0 0 0 0 0 0 0 0 0 15 0 0 0 0 0 0 0 0 485 0
"189" 189 0.372262773723 0 0 0 0 0 1 0 0 2 159 1 0 0 0 0 17 0 1 317 2
"190" 190 0.142335766423 0 0 0 0 0 0 0 0 0 0 0 0 0 0 500 0 0 0 0 0
"191" 191 0.721518987342 0 136 9 35 26 52 23 0 52 0 26 6 3 10 11 0 39 68 0 4
"192" 192 0.366279069767 0 4 36 18 41 64 4 0 90 19 17 21 21 41 34 0 4 34 44 8
"193" 193 0.290178571429 0 0 182 1 42 43 4 6 22 0 45 4 2 0 12 7 6 120 0 4
"194" 194 0.671794871795 0 76 17 155 23 34 6 0 51 2 11 11 19 26 7 11 10 20 13 8
"195" 195 0.295336787565 0 171 4 2 67 18 23 0 10 0 16 0 2 0 2 0 163 13 0 9
"196" 196 0.610062893082 0 8 4 3 0 2 0 473 0 0 5 1 0 2 0 0 0 2 0 0
"197" 197 0.173758865248 0 0 0 0 0 0 0 0 0 0 0 0 0 0 0 500 0 0 0 0
"198" 198 0.527426160338 0 0 0 1 5 16 1 0 0 114 2 0 6 6 3 3 0 3 339 1
"199" 199 0.367816091954 0 0 6 0 3 0 44 0 312 0 17 0 0 0 0 0 87 0 0 31
"200" 200 0.379310344828 0 0 59 0 10 72 42 0 179 0 17 0 4 4 41 0 39 12 1 20
"201" 201 0.379562043796 0 0 10 0 89 140 0 1 0 0 6 0 0 0 85 23 0 141 0 5
"202" 202 0.199004975124 0 0 0 0 3 1 0 0 0 0 0 0 0 489 0 0 0 0 0 7
"203" 203 0.581395348837 0 16 11 10 5 12 0 401 3 1 11 2 1 16 1 0 0 7 1 2
"204" 204 0.610062893082 0 0 13 0 0 0 0 479 0 0 6 2 0 0 0 0 0 0 0 0
