"site" "RSA" "aa1" "aa2" "aa3" "aa4" "aa5" "aa6" "aa7" "aa8" "aa9" "aa10" "aa11" "aa12" "aa13" "aa14" "aa15" "aa16" "aa17" "aa18" "aa19" "aa20"
"0" 0 0.529801324503 0 0 140 1 0 0 0 219 0 1 49 85 1 0 0 1 0 0 3 0
"1" 1 0.147208121827 0 1 0 0 2 0 145 0 2 0 0 0 0 2 0 0 348 0 0 0
"2" 2 0.290697674419 0 8 45 5 26 76 39 0 57 13 57 27 5 9 54 0 33 26 9 11
"3" 3 0.464135021097 0 10 22 10 41 89 14 0 22 18 26 5 18 4 42 0 38 92 24 25
"4" 4 0.0 0 0 67 0 0 0 0 0 432 0 0 0 0 0 0 0 1 0 0 0
"5" 5 0.428571428571 0 149 27 181 80 3 4 0 1 5 0 0 3 10 13 1 3 13 3 4
"6" 6 0.0199004975124 0 0 0 0 0 0 0 0 0 0 0 0 0 500 0 0 0 0 0 0
"7" 7 0.518134715026 0 440 1 22 1 21 0 0 0 0 2 11 0 0 2 0 0 0 0 0
"8" 8 0.653846153846 0 0 0 0 0 0 0 0 0 0 0 500 0 0 0 0 0 0 0 0
"9" 9 0.213197969543 0 0 0 0 0 0 497 0 0 0 0 0 0 0 0 0 3 0 0 0
"10" 10 0.0547263681592 0 0 0 0 0 0 0 0 0 0 0 0 0 500 0 0 0 0 0 0
"11" 11 0.452830188679 0 10 17 12 12 22 2 318 28 1 12 1 0 12 11 1 9 24 3 5
"12" 12 0.378109452736 0 1 1 0 2 2 0 0 2 0 0 0 0 491 0 0 0 0 0 1
"13" 13 0.465517241379 0 1 2 0 11 37 0 0 2 2 9 0 4 26 3 0 334 13 5 51
"14" 14 0.325581395349 0 3 126 3 43 44 0 0 0 11 112 5 31 3 12 5 0 43 48 11
"15" 15 0.321167883212 0 5 39 4 28 32 0 0 0 0 18 3 0 0 289 0 1 39 0 42
"16" 16 0.432692307692 0 0 124 0 0 0 0 0 10 0 1 360 0 2 0 0 0 2 1 0
"17" 17 0.413502109705 0 26 11 45 33 99 0 1 7 0 26 1 3 39 132 18 0 22 1 36
"18" 18 0.137931034483 0 0 17 4 0 0 0 0 114 0 3 0 0 0 0 0 362 0 0 0
"19" 19 0.167883211679 0 5 10 2 6 0 80 0 41 0 35 4 0 24 4 0 259 10 1 19
"20" 20 0.0 0 500 0 0 0 0 0 0 0 0 0 0 0 0 0 0 0 0 0 0
"21" 21 0.131979695431 0 0 0 0 5 2 193 0 11 0 0 0 0 119 2 0 156 2 0 10
"22" 22 0.0342205323194 0 0 0 0 0 0 0 0 0 15 0 0 0 0 0 0 0 0 485 0
"23" 23 0.330357142857 0 0 1 0 3 3 14 0 0 0 0 0 0 0 0 0 18 460 0 1
"24" 24 0.166666666667 0 0 0 1 0 0 1 0 0 0 0 0 0 0 0 0 498 0 0 0
"25" 25 0.424870466321 0 35 133 22 0 0 0 0 285 0 2 23 0 0 0 0 0 0 0 0
"26" 26 0.736434108527 0 106 52 43 27 64 3 5 7 0 75 16 1 22 15 0 4 48 0 12
"27" 27 0.336538461538 0 19 12 84 16 46 3 0 73 23 11 5 50 36 18 1 13 25 39 26
"28" 28 0.104651162791 0 0 2 0 3 8 151 0 35 8 3 0 1 8 9 0 237 1 32 2
"29" 29 0.144278606965 0 2 0 0 3 2 1 0 2 0 1 0 0 478 4 0 0 5 0 2
"30" 30 0.0 0 0 0 0 0 0 0 0 0 0 0 0 0 497 0 0 0 0 0 3
"31" 31 0.100418410042 0 0 4 5 12 0 186 0 5 35 7 0 0 92 8 3 103 15 21 4
"32" 32 0.0 0 0 0 0 0 0 4 0 2 0 0 0 0 0 0 0 494 0 0 0
"33" 33 0.131782945736 0 0 13 74 0 1 23 0 25 12 35 0 2 7 0 0 300 1 7 0
"34" 34 0.0 0 0 95 0 0 0 0 0 350 0 11 44 0 0 0 0 0 0 0 0
"35" 35 0.0 0 500 0 0 0 0 0 0 0 0 0 0 0 0 0 0 0 0 0 0
"36" 36 0.0802919708029 0 0 0 0 0 0 0 0 0 0 0 0 0 10 490 0 0 0 0 0
"37" 37 0.0 0 0 5 0 0 0 435 0 13 0 3 0 0 3 0 0 26 9 0 6
"38" 38 0.112582781457 0 2 18 0 0 0 0 0 0 262 5 2 13 0 0 41 0 3 153 1
"39" 39 0.0387596899225 0 6 75 1 1 0 0 0 1 0 414 1 1 0 0 0 0 0 0 0
"40" 40 0.250950570342 0 6 0 9 3 2 0 0 0 181 7 6 25 0 0 1 0 0 258 2
"41" 41 0.678756476684 0 163 3 182 2 11 0 0 0 0 5 119 3 3 1 0 0 4 4 0
"42" 42 0.103448275862 0 0 1 0 9 25 0 0 7 0 10 0 3 0 111 0 334 0 0 0
"43" 43 0.284263959391 0 5 34 11 20 3 11 0 282 0 42 14 0 2 13 0 17 15 1 30
"44" 44 0.0275229357798 0 0 6 0 32 0 0 0 20 4 12 3 3 1 1 0 0 0 0 418
"45" 45 0.517857142857 0 0 4 1 82 123 0 0 0 7 58 11 3 6 28 1 0 142 21 13
"46" 46 0.164102564103 0 0 2 475 1 1 0 0 12 0 1 8 0 0 0 0 0 0 0 0
"47" 47 0.0331125827815 0 0 45 0 0 0 0 0 215 0 79 85 0 0 0 0 76 0 0 0
"48" 48 0.0 0 0 0 0 0 0 449 0 0 0 0 0 0 0 0 0 51 0 0 0
"49" 49 0.194968553459 0 0 1 0 43 0 0 423 1 0 0 0 0 0 0 0 0 32 0 0
"50" 50 0.245535714286 0 393 0 34 1 1 0 0 0 2 1 25 38 0 1 1 0 2 0 1
"51" 51 0.0 0 0 0 0 0 499 0 0 0 1 0 0 0 0 0 0 0 0 0 0
"52" 52 0.00961538461538 0 0 0 0 0 0 0 0 0 0 0 500 0 0 0 0 0 0 0 0
"53" 53 0.0913705583756 0 0 1 0 23 152 185 0 3 0 8 0 0 0 25 0 74 20 1 8
"54" 54 0.00497512437811 0 0 0 0 0 0 0 0 0 0 0 0 0 498 0 0 0 0 0 2
"55" 55 0.044776119403 0 28 3 46 158 0 1 0 19 0 34 2 4 79 0 0 1 122 0 3
"56" 56 0.0523255813953 0 0 17 1 0 3 0 0 152 0 323 3 0 0 1 0 0 0 0 0
"57" 57 0.282700421941 0 4 2 22 43 97 0 0 2 3 11 0 22 112 114 6 0 35 2 25
"58" 58 0.00995024875622 0 0 0 0 0 0 0 0 0 0 0 0 0 488 0 0 0 0 0 12
"59" 59 0.0264900662252 0 0 171 0 0 0 0 0 78 0 248 3 0 0 0 0 0 0 0 0
"60" 60 0.348214285714 0 14 8 2 25 101 2 0 15 3 28 3 6 93 57 4 0 115 10 14
"61" 61 0.171548117155 0 0 0 0 0 0 0 0 0 499 0 0 0 0 0 0 0 0 1 0
"62" 62 0.0 0 0 0 0 0 0 0 0 0 0 0 0 0 0 0 500 0 0 0 0
"63" 63 0.0125523012552 0 1 0 5 5 0 2 0 0 186 3 0 1 85 8 0 1 3 193 7
"64" 64 0.683544303797 0 30 7 30 45 98 50 0 15 0 20 1 2 46 20 1 17 102 2 14
"65" 65 0.242677824268 0 0 0 0 0 0 0 0 0 403 0 0 1 0 0 5 0 0 91 0
"66" 66 0.0 0 0 0 5 0 0 0 0 0 0 0 0 0 492 0 0 0 0 0 3
"67" 67 0.397350993377 0 0 267 0 72 20 1 0 0 0 94 19 0 1 5 0 1 18 0 2
"68" 68 0.820512820513 0 57 22 111 76 49 1 0 46 3 9 23 8 27 14 1 4 33 8 8
"69" 69 0.222797927461 0 458 0 1 10 8 0 0 0 0 1 0 6 0 2 1 0 10 2 1
"70" 70 0.0747126436782 0 0 0 0 0 0 0 0 9 0 0 0 0 0 0 0 491 0 0 0
"71" 71 0.317518248175 0 30 29 6 141 27 6 0 54 1 18 4 5 19 56 3 39 44 10 8
"72" 72 0.179487179487 0 13 6 418 0 0 0 0 50 0 5 7 1 0 0 0 0 0 0 0
"73" 73 0.0287081339713 0 17 83 14 0 0 0 0 0 0 364 17 0 0 0 0 0 3 0 2
"74" 74 0.174129353234 0 0 8 0 17 7 5 0 4 24 4 0 4 334 8 3 7 1 64 10
"75" 75 0.14367816092 0 0 1 1 4 0 8 0 2 0 3 0 3 2 0 0 475 0 0 1
"76" 76 0.735751295337 0 68 22 26 151 62 27 2 16 8 6 1 1 14 8 1 35 26 15 11
"77" 77 0.335025380711 0 0 0 0 0 0 434 0 5 0 0 0 0 13 0 0 47 1 0 0
"78" 78 0.209302325581 0 36 57 8 45 55 0 3 18 2 97 56 16 28 7 0 0 47 1 24
"79" 79 0.811320754717 0 8 16 1 5 12 1 407 18 0 7 0 1 2 1 0 1 20 0 0
"80" 80 0.875 0 0 0 0 0 0 0 0 0 0 0 500 0 0 0 0 0 0 0 0
"81" 81 0.455696202532 0 0 3 4 37 151 0 0 21 28 4 3 14 16 15 1 0 1 189 13
"82" 82 0.412790697674 0 11 54 24 20 15 16 0 251 1 12 11 3 11 12 0 42 8 7 2
"83" 83 0.126903553299 0 5 5 3 37 0 359 3 11 1 9 2 1 12 1 0 31 4 5 11
"84" 84 0.0585774058577 0 0 0 0 0 0 0 0 1 491 1 0 0 6 1 0 0 0 0 0
"85" 85 0.533678756477 0 272 2 4 12 8 0 0 2 1 15 0 144 0 0 0 0 26 0 14
"86" 86 0.307984790875 0 0 0 0 1 0 0 0 0 65 0 0 2 0 0 0 0 1 431 0
"87" 87 0.0746268656716 0 0 0 0 0 0 0 0 0 0 0 0 0 500 0 0 0 0 0 0
"88" 88 0.314465408805 0 0 0 0 0 1 0 499 0 0 0 0 0 0 0 0 0 0 0 0
"89" 89 0.666666666667 0 99 56 29 16 49 2 40 11 0 46 25 4 11 8 36 3 48 10 7
"90" 90 0.409282700422 0 68 4 36 17 151 0 0 0 0 56 2 0 87 24 0 0 29 0 26
"91" 91 0.0 0 0 0 0 0 0 0 0 2 0 0 0 0 498 0 0 0 0 0 0
"92" 92 0.324503311258 0 0 263 0 24 126 0 0 17 0 33 8 0 1 23 0 0 3 0 2
"93" 93 0.370535714286 0 10 21 15 9 16 3 0 2 3 11 1 327 36 8 0 5 16 6 11
"94" 94 0.641509433962 0 220 15 17 4 37 1 63 14 0 32 5 1 9 9 3 6 55 3 6
"95" 95 0.57805907173 0 14 3 5 23 324 0 0 10 0 19 1 0 8 55 0 5 28 0 5
"96" 96 0.0570342205323 0 0 0 0 0 0 0 0 0 30 0 0 0 0 0 0 0 0 470 0
"97" 97 0.291139240506 0 0 2 0 19 172 0 0 8 0 31 0 0 1 249 0 0 7 0 11
"98" 98 0.540697674419 0 47 25 40 39 105 11 0 26 0 75 17 1 31 27 4 3 38 3 8
"99" 99 0.0986547085202 0 0 1 0 435 5 0 0 7 1 0 0 0 42 0 0 0 7 1 1
"100" 100 0.00497512437811 0 0 0 0 0 0 17 0 0 0 0 0 0 483 0 0 0 0 0 0
"101" 101 0.392857142857 0 6 50 4 64 97 1 0 1 0 65 2 8 3 7 0 2 183 1 6
"102" 102 0.455958549223 0 245 0 87 3 1 0 0 0 0 1 159 1 0 0 0 0 1 1 1
"103" 103 0.0255474452555 0 0 0 2 0 0 0 0 0 0 0 0 0 0 496 0 0 0 0 2
"104" 104 0.0860927152318 0 0 51 0 0 0 0 0 0 0 448 1 0 0 0 0 0 0 0 0
"105" 105 0.119402985075 0 0 11 4 10 0 13 0 2 0 2 1 2 410 0 0 4 4 0 37
"106" 106 0.044776119403 0 0 0 0 0 0 0 0 0 0 1 0 0 495 0 0 4 0 0 0
"107" 107 0.00574712643678 0 0 0 0 28 8 47 0 9 0 11 0 0 0 0 0 369 4 0 24
"108" 108 0.368421052632 0 1 3 30 11 69 0 0 10 73 12 10 3 86 19 34 1 14 87 37
"109" 109 0.299578059072 0 0 0 0 0 483 6 0 0 0 0 0 1 0 7 0 2 0 0 1
"110" 110 0.248803827751 0 0 1 0 14 17 0 0 23 84 1 0 208 0 2 0 14 1 134 1
"111" 111 0.438818565401 0 3 27 4 81 40 23 0 43 31 20 0 4 25 5 15 105 20 44 10
"112" 112 0.572139303483 0 7 7 6 39 126 21 0 54 0 5 0 5 75 12 1 38 95 0 9
"113" 113 0.010152284264 0 0 0 0 0 0 495 0 0 0 0 0 0 0 0 0 5 0 0 0
"114" 114 0.490566037736 0 39 0 8 2 2 0 430 1 1 7 1 1 0 4 0 1 2 0 1
"115" 115 0.00497512437811 0 0 1 0 0 0 7 0 0 0 0 0 0 475 0 0 17 0 0 0
"116" 116 0.169642857143 0 10 16 5 237 4 4 0 0 0 118 6 0 8 3 0 3 81 0 5
"117" 117 0.0 0 0 0 0 0 0 5 0 0 0 8 0 0 0 0 0 487 0 0 0
"118" 118 0.10152284264 0 0 1 0 2 4 303 0 7 0 4 0 0 1 15 0 162 1 0 0
"119" 119 0.0 0 0 0 0 0 0 233 0 0 0 0 0 0 0 0 0 267 0 0 0
"120" 120 0.0255474452555 0 0 0 0 0 1 1 0 0 2 0 0 0 1 472 13 1 0 0 9
"121" 121 0.0 0 0 0 0 0 0 0 0 0 0 0 500 0 0 0 0 0 0 0 0
"122" 122 0.00380228136882 0 0 0 0 0 0 0 0 0 300 0 0 2 0 0 0 0 0 198 0
"123" 123 0.0 0 0 0 0 0 0 495 0 0 0 4 0 0 0 0 0 1 0 0 0
"124" 124 0.0755813953488 0 0 9 0 0 0 0 0 482 0 0 9 0 0 0 0 0 0 0 0
"125" 125 0.201923076923 0 0 8 0 0 0 0 0 0 0 0 492 0 0 0 0 0 0 0 0
"126" 126 0.331125827815 0 70 43 19 4 4 1 24 6 0 5 7 6 8 82 0 1 218 1 1
"127" 127 0.0 0 0 2 0 0 0 0 0 0 0 482 16 0 0 0 0 0 0 0 0
"128" 128 0.13475177305 0 0 0 0 0 0 0 0 0 0 0 0 0 1 1 497 0 0 1 0
"129" 129 0.485232067511 0 27 7 20 50 116 62 0 15 0 30 4 1 43 35 3 25 52 1 9
"130" 130 0.183035714286 0 0 0 0 1 0 0 0 0 0 0 0 0 0 0 0 0 499 0 0
"131" 131 0.0836501901141 0 0 0 0 0 0 0 0 0 0 0 0 0 0 0 1 0 0 499 0
"132" 132 0.471264367816 0 10 9 22 69 31 2 0 6 1 51 6 0 76 20 1 100 28 1 67
"133" 133 0.729957805907 0 38 15 39 35 134 10 0 6 0 44 3 0 39 32 1 5 74 3 22
"134" 134 0.552325581395 0 20 15 23 36 44 0 0 176 33 19 2 28 15 23 0 13 4 49 0
"135" 135 0.269230769231 0 0 0 0 0 0 0 0 0 0 0 500 0 0 0 0 0 0 0 0
"136" 136 0.168604651163 0 0 28 0 5 51 0 0 405 0 1 1 0 0 5 0 0 1 0 3
"137" 137 0.0 0 0 6 0 0 0 2 0 2 0 3 0 0 0 0 0 486 0 0 1
"138" 138 0.0382775119617 0 0 0 0 0 0 0 0 0 0 2 5 493 0 0 0 0 0 0 0
"139" 139 0.519230769231 0 0 0 0 0 0 0 0 0 0 0 500 0 0 0 0 0 0 0 0
"140" 140 0.268656716418 0 2 7 7 17 2 62 0 7 2 6 2 7 182 0 0 92 31 6 68
"141" 141 0.835443037975 0 7 21 5 267 24 18 1 36 1 8 1 0 23 7 3 34 37 3 4
"142" 142 0.161434977578 0 0 0 0 444 0 0 0 0 0 3 0 0 10 0 0 0 5 0 38
"143" 143 0.396226415094 0 2 1 2 0 0 0 493 1 0 1 0 0 0 0 0 0 0 0 0
"144" 144 0.883408071749 0 25 51 35 24 61 1 83 25 0 32 22 2 76 10 3 2 40 2 6
"145" 145 0.423076923077 0 0 0 0 0 0 0 0 0 0 0 500 0 0 0 0 0 0 0 0
"146" 146 0.0597014925373 0 0 0 0 0 0 2 0 0 0 0 0 0 489 0 0 0 0 0 9
"147" 147 0.506329113924 0 1 4 19 195 110 0 0 8 3 7 2 4 97 9 1 0 5 20 15
"148" 148 0.223214285714 0 0 4 6 75 6 0 0 0 0 46 0 0 0 4 0 0 357 0 2
"149" 149 0.0 0 0 23 0 0 0 0 0 0 0 15 462 0 0 0 0 0 0 0 0
"150" 150 0.286995515695 0 0 3 0 223 73 0 0 0 1 6 0 6 6 29 0 0 134 0 19
"151" 151 0.325892857143 0 0 1 0 34 21 1 1 0 0 1 0 0 0 17 0 1 420 0 3
"152" 152 0.0209205020921 0 0 0 0 0 0 0 0 0 496 1 0 0 3 0 0 0 0 0 0
"153" 153 0.610062893082 0 3 1 0 1 1 0 485 1 0 1 0 0 0 0 0 0 7 0 0
"154" 154 0.625 0 3 32 5 14 30 10 0 63 4 25 1 4 12 202 0 13 39 24 19
"155" 155 0.0880503144654 0 0 0 0 0 0 0 490 0 0 9 0 0 0 0 0 0 1 0 0
"156" 156 0.187817258883 0 0 0 3 25 3 354 0 3 42 0 0 1 1 0 2 16 1 49 0
"157" 157 0.0627615062762 0 0 0 0 0 0 0 0 0 473 0 0 0 0 0 0 0 0 27 0
"158" 158 0.0 0 1 2 28 0 0 0 0 152 1 246 0 68 0 0 0 2 0 0 0
"159" 159 0.0 0 0 0 0 0 0 0 500 0 0 0 0 0 0 0 0 0 0 0 0
"160" 160 0.00662251655629 0 0 105 1 3 21 0 0 1 0 344 11 0 0 8 0 0 3 0 3
"161" 161 0.18023255814 0 5 26 0 27 33 37 0 51 2 15 0 1 106 7 0 113 50 10 17
"162" 162 0.400843881857 0 181 6 85 14 38 35 0 2 0 11 9 1 37 25 1 21 31 1 2
"163" 163 0.647668393782 0 5 6 2 3 14 89 0 95 5 1 0 1 42 15 17 119 63 22 1
"164" 164 0.629464285714 0 0 21 4 166 45 46 0 30 6 1 1 1 27 24 0 76 20 8 24
"165" 165 0.328205128205 0 106 25 93 10 2 0 3 13 0 162 10 45 0 6 1 1 10 0 13
"166" 166 0.10152284264 0 0 0 0 1 1 479 0 1 0 0 0 0 1 1 0 16 0 0 0
"167" 167 0.245033112583 0 0 439 0 0 0 0 0 0 0 56 5 0 0 0 0 0 0 0 0
"168" 168 0.232704402516 0 0 0 0 0 1 0 499 0 0 0 0 0 0 0 0 0 0 0 0
"169" 169 0.519379844961 0 116 12 51 34 36 17 0 42 1 47 8 2 20 18 2 26 52 2 14
"170" 170 0.363228699552 0 20 1 5 207 26 16 0 4 0 10 1 0 0 21 0 13 164 1 11
"171" 171 0.0 0 0 0 0 0 0 0 0 0 0 499 1 0 0 0 0 0 0 0 0
"172" 172 0.131782945736 0 1 4 1 24 69 0 0 0 17 297 8 0 0 53 6 0 3 14 3
"173" 173 0.589285714286 0 20 3 30 51 213 17 0 11 1 19 4 0 29 27 5 7 51 2 10
"174" 174 0.402985074627 0 4 2 7 40 32 160 0 29 1 23 3 2 69 39 0 7 50 4 28
"175" 175 0.132183908046 0 0 0 0 4 0 23 0 25 0 1 0 0 0 0 0 446 1 0 0
"176" 176 0.298076923077 0 0 0 0 0 0 0 0 0 0 0 500 0 0 0 0 0 0 0 0
"177" 177 0.651785714286 0 4 16 0 41 81 43 2 38 1 34 5 0 15 22 1 51 126 7 13
"178" 178 0.580310880829 0 61 9 14 23 29 21 0 45 0 24 7 1 14 14 1 23 210 0 4
"179" 179 0.149253731343 0 3 0 0 0 1 8 0 8 0 0 0 0 465 1 0 9 4 0 1
"180" 180 0.0264900662252 0 1 20 13 0 0 0 0 4 0 400 57 0 0 0 0 0 0 0 5
"181" 181 0.631386861314 0 53 13 18 39 57 24 0 34 1 37 7 0 27 53 5 0 121 1 10
"182" 182 0.273722627737 0 5 4 15 37 81 6 0 0 4 31 1 0 51 223 4 0 28 2 8
"183" 183 0.0 0 0 0 0 0 0 0 0 7 0 3 0 0 0 0 0 490 0 0 0
"184" 184 0.131782945736 0 0 9 0 0 0 0 0 0 0 464 27 0 0 0 0 0 0 0 0
"185" 185 0.522321428571 0 39 6 29 45 68 22 0 18 0 27 6 0 41 81 3 13 84 1 17
"186" 186 0.149253731343 0 0 0 0 0 0 1 0 2 0 1 0 0 495 0 0 0 0 0 1
"187" 187 0.0 0 0 2 0 0 0 0 0 0 0 494 4 0 0 0 0 0 0 0 0
"188" 188 0.206896551724 0 0 0 0 37 21 295 0 4 0 9 1 1 0 40 0 26 17 0 49
"189" 189 0.485232067511 0 7 25 7 9 82 0 0 56 21 27 5 8 29 7 2 0 40 120 55
"190" 190 0.00497512437811 0 0 0 0 0 0 0 0 0 0 0 0 0 500 0 0 0 0 0 0
"191" 191 0.0 0 0 0 0 0 0 0 0 0 361 0 0 0 0 0 0 0 0 139 0
"192" 192 0.192052980132 0 4 36 7 6 108 0 0 48 1 127 7 15 39 27 0 0 58 9 8
"193" 193 0.341772151899 0 0 0 1 1 462 15 0 4 0 0 0 0 11 0 0 5 1 0 0
"194" 194 0.0 500 0 0 0 0 0 0 0 0 0 0 0 0 0 0 0 0 0 0 0
"195" 195 0.0675105485232 0 0 2 0 0 381 0 0 0 0 26 2 0 0 1 0 0 0 0 88
"196" 196 0.481865284974 0 339 4 47 3 23 9 0 3 0 9 2 1 15 7 0 6 30 0 2
"197" 197 0.167300380228 0 0 0 0 0 0 0 0 0 55 0 0 0 0 0 0 0 1 444 0
"198" 198 0.0 0 0 18 0 0 0 0 0 0 0 481 1 0 0 0 0 0 0 0 0
"199" 199 0.430379746835 0 0 13 1 12 329 0 0 17 0 52 1 1 1 28 1 0 27 0 17
"200" 200 0.544642857143 0 33 12 70 49 123 4 0 6 1 46 2 4 47 37 2 0 54 0 10
"201" 201 0.299578059072 0 0 0 2 146 232 0 0 1 0 30 0 0 0 33 0 0 14 0 42
"202" 202 0.307692307692 0 0 0 0 0 0 0 0 0 0 0 500 0 0 0 0 0 0 0 0
"203" 203 0.00507614213198 0 0 0 0 0 0 494 0 0 0 0 0 0 0 0 0 6 0 0 0
"204" 204 0.0152284263959 0 0 0 0 0 0 457 0 3 0 0 0 0 0 0 0 40 0 0 0
"205" 205 0.0 0 0 0 0 0 0 463 0 1 0 0 0 0 0 0 0 36 0 0 0
"206" 206 0.0 0 0 8 0 1 0 0 0 0 0 485 5 0 1 0 0 0 0 0 0
"207" 207 0.0569948186528 0 214 13 2 0 0 0 0 0 90 11 2 3 0 0 25 0 0 139 1
"208" 208 0.0116279069767 0 0 50 0 0 0 0 0 141 0 307 0 0 0 0 0 2 0 0 0
"209" 209 0.316455696203 0 10 19 295 19 7 1 0 12 0 14 0 0 11 39 0 8 50 0 15
"210" 210 0.00418410041841 0 0 0 0 1 0 0 0 0 474 0 0 1 3 0 0 0 0 18 3
"211" 211 0.209821428571 0 0 11 0 39 10 72 0 63 11 5 0 5 35 11 67 127 18 10 16
"212" 212 0.00418410041841 0 0 0 0 0 0 0 0 0 499 0 0 0 0 0 0 0 0 1 0
"213" 213 0.0288461538462 0 0 0 0 0 0 0 0 0 0 0 500 0 0 0 0 0 0 0 0
"214" 214 0.0761421319797 0 0 0 0 15 4 394 0 0 0 2 0 0 0 34 0 11 10 0 30
"215" 215 0.0725388601036 0 455 0 34 1 2 0 0 1 0 0 0 0 0 0 0 0 7 0 0
"216" 216 0.549107142857 0 32 67 2 17 28 12 0 89 0 22 8 7 102 13 21 16 28 2 34
"217" 217 0.751054852321 0 28 202 67 12 35 0 0 51 0 22 5 1 15 34 0 0 16 4 8
"218" 218 0.412790697674 0 9 9 113 65 83 0 0 33 1 5 1 3 22 136 0 0 13 1 6
"219" 219 0.482051282051 0 77 1 131 72 45 0 0 0 3 7 50 61 0 17 11 0 15 4 6
"220" 220 0.330357142857 0 0 18 0 26 27 131 0 26 0 2 0 0 22 61 0 132 47 0 8
"221" 221 0.0659898477157 0 0 0 0 0 0 438 0 1 0 0 0 0 1 0 0 60 0 0 0
"222" 222 0.0 0 0 0 0 0 0 348 0 1 0 0 0 0 0 0 0 150 0 0 1
"223" 223 0.0 0 0 0 0 28 0 0 0 0 0 0 0 0 472 0 0 0 0 0 0
"224" 224 0.0804597701149 0 1 8 1 0 0 28 0 400 0 5 2 0 1 4 0 4 0 0 46
"225" 225 0.165803108808 0 0 75 0 0 0 0 0 0 0 0 425 0 0 0 0 0 0 0 0
"226" 226 0.205357142857 0 5 8 59 23 0 0 0 12 0 25 23 0 288 3 0 6 12 0 36
"227" 227 0.0 0 0 0 0 0 0 0 0 6 0 1 0 0 0 0 0 493 0 0 0
"228" 228 0.0 0 2 0 56 0 0 0 0 0 0 1 0 0 441 0 0 0 0 0 0
"229" 229 0.0 0 0 11 0 0 0 0 0 485 0 0 0 0 4 0 0 0 0 0 0
"230" 230 0.0314465408805 0 0 2 0 0 0 0 490 0 0 8 0 0 0 0 0 0 0 0 0
"231" 231 0.217616580311 0 499 1 0 0 0 0 0 0 0 0 0 0 0 0 0 0 0 0 0
"232" 232 0.0927152317881 0 0 220 1 4 3 0 0 251 1 4 0 0 0 0 0 0 13 0 3
"233" 233 0.0728476821192 0 0 8 0 0 0 0 0 0 0 487 5 0 0 0 0 0 0 0 0
"234" 234 0.35401459854 0 70 4 32 88 179 6 0 3 0 18 1 0 2 31 0 7 33 2 24
"235" 235 0.00836820083682 0 0 0 0 0 0 0 0 0 500 0 0 0 0 0 0 0 0 0 0
"236" 236 0.0248226950355 0 0 0 0 0 0 0 0 0 0 1 0 0 0 0 496 1 0 2 0
"237" 237 0.369230769231 0 217 6 100 7 67 57 4 5 1 2 0 2 8 5 1 6 11 0 1
"238" 238 0.240384615385 0 1 12 2 18 3 0 0 0 41 159 82 54 0 2 7 0 0 99 20
"239" 239 0.767441860465 0 97 84 53 33 54 5 1 12 0 51 5 2 25 13 0 5 51 0 9
"240" 240 0.503311258278 0 51 7 147 45 41 0 0 12 5 5 9 10 26 71 0 0 48 6 17
"241" 241 0.25855513308 0 0 1 0 0 0 0 0 1 275 1 0 5 1 0 2 0 0 214 0
"242" 242 0.523206751055 0 3 71 5 177 75 0 0 7 7 5 1 14 32 26 1 2 55 9 10
"243" 243 0.327586206897 0 0 3 0 13 5 234 5 46 0 2 0 0 0 9 0 165 17 0 1
"244" 244 0.480769230769 0 0 0 0 0 0 0 0 0 0 0 500 0 0 0 0 0 0 0 0
"245" 245 0.339285714286 0 4 37 1 48 16 0 0 216 0 8 77 0 0 36 0 0 15 0 42
"246" 246 0.496688741722 0 7 244 4 0 5 0 74 9 1 61 83 1 3 1 0 0 4 2 1
"247" 247 0.0941704035874 0 0 0 0 499 0 0 0 0 0 0 0 0 0 0 0 0 1 0 0
"248" 248 0.564766839378 0 61 12 34 13 77 1 122 8 1 59 7 6 3 32 4 3 51 0 6
"249" 249 0.185430463576 0 71 94 101 7 0 0 0 0 0 21 2 184 1 0 4 0 2 2 11
"250" 250 0.12927756654 0 0 0 0 0 0 0 0 0 316 0 0 5 0 0 0 0 0 179 0
"251" 251 0.0155440414508 0 7 38 2 0 0 0 0 326 0 121 0 0 0 0 0 6 0 0 0
"252" 252 0.10970464135 0 21 0 27 39 105 0 0 1 7 11 11 50 130 50 6 0 8 1 33
"253" 253 0.14798206278 0 0 1 0 463 1 0 0 0 2 4 0 1 0 0 6 0 14 8 0
"254" 254 0.301255230126 0 27 11 5 33 19 22 0 63 14 32 2 25 3 10 1 102 105 18 8
"255" 255 0.0 0 0 0 0 0 0 56 0 2 0 1 0 0 433 0 0 7 0 0 1
"256" 256 0.346715328467 0 2 4 21 85 65 20 0 0 0 28 0 34 21 50 64 1 43 0 62
"257" 257 0.435233160622 0 277 10 53 13 25 3 0 11 2 25 3 1 13 25 0 0 36 0 3
"258" 258 0.216312056738 0 0 0 0 0 0 0 0 0 5 0 0 0 0 0 492 0 0 3 0
"259" 259 0.00497512437811 0 0 0 1 0 0 0 0 0 0 0 0 0 499 0 0 0 0 0 0
"260" 260 0.325581395349 0 31 19 42 26 63 42 0 29 0 52 9 2 46 68 5 0 50 7 9
"261" 261 0.596899224806 0 43 24 72 53 62 5 0 29 1 118 4 4 26 17 6 0 32 1 3
"262" 262 0.415384615385 0 11 1 106 183 78 0 0 9 0 3 2 9 0 12 0 0 49 0 37
"263" 263 0.713080168776 0 42 8 241 24 94 0 0 0 1 8 26 9 5 15 0 0 18 8 1
"264" 264 0.233830845771 0 0 0 7 43 24 0 0 0 4 2 0 1 411 2 1 0 1 4 0
"265" 265 0.338461538462 0 0 2 0 1 34 0 0 0 0 441 5 0 4 9 0 0 1 2 1
"266" 266 0.355769230769 0 0 0 0 0 0 0 0 0 0 0 500 0 0 0 0 0 0 0 0
"267" 267 0.35632183908 0 0 7 3 75 50 40 0 8 0 12 0 1 19 9 0 256 6 0 14
"268" 268 0.574358974359 0 2 56 6 35 73 9 58 15 3 38 4 5 20 30 20 31 84 4 7
"269" 269 0.432692307692 0 0 0 0 0 0 0 0 0 0 0 500 0 0 0 0 0 0 0 0
"270" 270 0.0632183908046 0 0 0 0 0 0 41 0 3 0 0 0 0 0 0 0 456 0 0 0
"271" 271 0.637130801688 0 3 16 1 53 183 1 0 10 2 7 1 1 3 20 0 3 176 3 17
"272" 272 0.0137614678899 0 2 1 1 0 0 0 0 1 1 27 0 0 55 0 0 0 0 2 410
"273" 273 0.314465408805 0 4 0 1 1 1 0 466 0 0 1 0 20 3 0 0 0 2 0 1
"274" 274 0.533632286996 0 62 19 27 9 43 1 215 8 1 30 13 0 13 11 4 1 33 1 9
"275" 275 0.642487046632 0 141 8 39 36 37 10 0 30 0 64 9 0 18 7 0 21 70 0 10
"276" 276 0.0659898477157 0 0 0 0 9 0 132 0 4 0 2 0 0 0 0 0 348 4 0 1
"277" 277 0.0229885057471 0 0 0 0 2 0 20 0 2 0 5 0 0 0 0 0 471 0 0 0
"278" 278 0.424870466321 0 34 14 37 16 79 24 0 37 2 67 12 7 20 51 2 0 88 3 7
"279" 279 0.467153284672 0 23 9 40 40 87 31 0 25 0 23 8 0 31 70 0 33 64 1 15
"280" 280 0.0 0 5 25 2 4 0 24 0 88 0 320 2 0 0 0 0 29 0 1 0
"281" 281 0.244525547445 0 0 1 0 15 34 0 0 0 3 10 0 3 0 412 2 0 3 5 12
"282" 282 0.387596899225 0 22 5 45 43 79 50 0 23 2 55 1 1 40 51 7 1 62 5 8
"283" 283 0.274261603376 0 8 3 32 8 13 0 0 0 2 49 2 2 265 63 46 0 1 4 2
"284" 284 0.00760456273764 0 2 0 1 0 0 0 0 0 333 2 0 4 1 0 0 0 2 155 0
"285" 285 0.137055837563 0 0 0 0 2 0 364 0 0 0 5 0 0 0 6 0 101 22 0 0
"286" 286 0.450892857143 0 16 43 25 49 83 23 0 5 3 47 6 0 92 56 3 1 27 7 14
"287" 287 0.0077519379845 0 0 2 0 0 0 0 0 0 0 498 0 0 0 0 0 0 0 0 0
"288" 288 0.0836501901141 0 0 0 0 0 0 0 0 0 299 0 0 0 0 0 0 0 0 201 0
"289" 289 0.191964285714 0 0 0 0 0 6 35 0 0 0 1 0 1 0 4 0 8 435 0 10
"290" 290 0.186046511628 0 0 6 8 0 0 34 0 404 1 42 2 0 2 0 0 0 0 0 1
"291" 291 0.0 0 0 0 0 0 0 0 0 0 0 0 0 0 500 0 0 0 0 0 0
"292" 292 0.104651162791 0 0 8 0 0 0 0 0 484 0 3 0 0 0 0 0 5 0 0 0
"293" 293 0.576923076923 0 0 0 0 0 0 0 0 0 0 0 500 0 0 0 0 0 0 0 0
"294" 294 0.384105960265 0 5 40 24 63 28 42 0 12 4 18 1 6 66 17 2 58 83 17 14
"295" 295 0.544303797468 0 15 22 32 60 48 25 0 87 2 24 11 2 66 28 2 42 20 3 11
"296" 296 0.145390070922 0 1 4 0 7 0 0 0 0 64 4 0 1 1 0 379 0 1 38 0
"297" 297 0.721854304636 0 0 1 0 0 0 0 0 0 0 0 499 0 0 0 0 0 0 0 0
"298" 298 0.708133971292 0 40 72 24 29 51 0 0 4 2 42 117 2 26 20 1 0 57 3 10
