"site" "RSA" "aa1" "aa2" "aa3" "aa4" "aa5" "aa6" "aa7" "aa8" "aa9" "aa10" "aa11" "aa12" "aa13" "aa14" "aa15" "aa16" "aa17" "aa18" "aa19" "aa20"
"0" 0 0.766423357664 0 3 2 3 16 55 49 0 245 0 8 4 0 2 26 0 44 36 0 7
"1" 1 0.426395939086 0 0 0 0 0 0 435 0 1 0 0 0 0 0 0 0 64 0 0 0
"2" 2 0.197674418605 0 0 1 0 0 0 180 0 6 3 0 0 0 63 65 0 155 1 26 0
"3" 3 0.497512437811 0 0 0 0 0 3 120 0 2 0 0 0 0 198 38 0 137 2 0 0
"4" 4 0.155172413793 0 0 0 0 2 0 56 0 3 0 0 0 0 48 0 0 391 0 0 0
"5" 5 0.663212435233 0 318 3 26 3 3 44 0 0 7 0 0 4 19 1 0 60 9 3 0
"6" 6 0.387559808612 0 0 0 0 0 0 0 0 0 0 0 0 500 0 0 0 0 0 0 0
"7" 7 0.584905660377 0 1 1 0 0 1 0 495 0 0 0 0 0 0 0 0 0 2 0 0
"8" 8 0.422885572139 0 317 5 15 15 37 0 0 0 0 10 0 0 21 7 0 0 70 0 3
"9" 9 0.0172413793103 0 0 0 0 0 0 0 0 0 0 0 0 0 0 0 0 500 0 0 0
"10" 10 0.511210762332 0 3 1 5 26 201 36 0 2 0 16 0 8 21 6 119 12 24 0 20
"11" 11 0.516746411483 0 16 4 30 18 74 43 0 66 8 25 5 18 38 20 0 0 109 22 4
"12" 12 0.160337552743 0 1 1 15 21 263 0 0 0 31 12 0 4 59 3 1 0 0 84 5
"13" 13 0.0547263681592 0 0 0 0 0 0 0 0 1 0 2 0 0 497 0 0 0 0 0 0
"14" 14 0.449612403101 0 29 7 58 34 163 11 0 13 0 71 3 0 18 71 0 0 17 1 4
"15" 15 0.377990430622 0 1 0 11 21 123 0 0 0 3 4 0 4 235 27 29 0 5 21 16
"16" 16 0.0 0 0 0 0 0 0 0 0 0 0 0 0 0 500 0 0 0 0 0 0
"17" 17 0.251824817518 0 0 0 0 0 0 1 0 0 0 0 0 0 0 499 0 0 0 0 0
"18" 18 0.233160621762 0 498 0 1 0 0 0 0 0 0 0 0 0 1 0 0 0 0 0 0
"19" 19 0.801687763713 0 18 209 14 21 48 0 6 12 0 17 28 4 13 7 73 0 16 4 10
"20" 20 0.740875912409 0 0 2 2 0 0 0 0 1 0 0 0 0 0 495 0 0 0 0 0
"21" 21 0.116279069767 0 0 0 0 0 0 0 0 500 0 0 0 0 0 0 0 0 0 0 0
"22" 22 0.336538461538 0 3 1 2 0 0 0 480 1 0 0 13 0 0 0 0 0 0 0 0
"23" 23 0.339622641509 0 0 0 0 0 0 0 484 0 0 15 1 0 0 0 0 0 0 0 0
"24" 24 0.518987341772 0 11 4 2 1 321 2 0 10 1 4 0 0 5 6 0 1 128 4 0
"25" 25 0.455958549223 0 57 1 17 36 146 0 0 0 0 27 0 1 111 21 1 0 68 0 14
"26" 26 0.0209205020921 0 0 0 0 0 0 0 0 0 500 0 0 0 0 0 0 0 0 0 0
"27" 27 0.288321167883 0 0 0 0 77 253 0 0 0 0 12 0 0 40 62 0 0 52 0 4
"28" 28 0.303571428571 0 0 0 2 9 114 18 0 1 0 14 0 0 10 7 10 0 313 0 2
"29" 29 0.10447761194 0 0 0 1 0 0 0 0 0 26 0 0 2 388 0 0 0 0 83 0
"30" 30 0.0232558139535 0 0 5 0 0 0 0 0 1 0 469 2 0 0 0 0 0 0 0 23
"31" 31 0.178571428571 0 0 0 0 15 0 0 0 0 0 0 0 0 0 0 0 0 485 0 0
"32" 32 0.357142857143 0 4 0 1 21 22 0 0 0 0 2 0 1 20 3 0 0 424 0 2
"33" 33 0.0574712643678 0 0 0 0 0 0 0 0 0 0 0 0 0 2 0 0 498 0 0 0
"34" 34 0.232558139535 0 1 3 7 0 0 0 0 0 14 4 0 471 0 0 0 0 0 0 0
"35" 35 0.308457711443 0 0 0 213 6 36 0 0 0 0 0 0 1 20 224 0 0 0 0 0
"36" 36 0.31007751938 0 474 0 0 0 0 0 0 0 0 24 0 0 0 0 2 0 0 0 0
"37" 37 0.619771863118 0 326 4 9 3 39 0 0 13 0 18 6 0 7 3 0 0 68 1 3
"38" 38 0.316964285714 0 187 6 24 15 28 15 0 53 1 37 10 0 10 6 9 16 75 2 6
"39" 39 0.139534883721 0 0 5 0 0 0 0 0 0 0 448 47 0 0 0 0 0 0 0 0
"40" 40 0.591240875912 0 0 0 0 0 0 0 0 0 0 0 500 0 0 0 0 0 0 0 0
"41" 41 0.414507772021 0 130 7 80 4 67 0 0 13 0 23 121 6 7 4 0 0 24 2 12
"42" 42 0.273631840796 0 11 2 3 0 4 0 0 1 181 9 0 2 233 12 7 1 14 5 15
"43" 43 0.638392857143 0 51 11 8 5 10 0 352 1 0 19 2 2 19 1 0 0 19 0 0
"44" 44 0.437810945274 0 0 0 0 2 6 3 0 2 52 0 0 1 166 1 0 1 1 265 0
"45" 45 0.459821428571 0 0 4 0 55 35 1 0 215 0 4 0 0 0 42 0 1 112 0 31
"46" 46 0.598214285714 0 1 33 0 2 19 0 239 0 1 169 5 1 4 3 0 6 16 0 1
"47" 47 0.343023255814 0 0 3 0 0 0 0 0 497 0 0 0 0 0 0 0 0 0 0 0
"48" 48 0.43023255814 0 0 6 1 22 18 24 0 15 50 3 1 8 0 17 46 35 40 187 27
"49" 49 0.390804597701 0 0 0 0 2 18 204 0 29 0 0 0 0 3 0 0 236 3 0 5
"50" 50 0.8125 0 1 0 4 2 12 120 0 30 11 1 0 0 58 1 0 223 16 18 3
"51" 51 0.354651162791 0 0 52 0 0 1 0 0 437 0 0 0 0 8 1 0 0 1 0 0
"52" 52 0.849056603774 0 100 232 30 8 16 0 22 31 0 14 9 1 6 3 3 1 22 0 2
"53" 53 0.771573604061 0 150 10 55 5 103 15 0 35 0 7 0 0 5 5 0 56 54 0 0
"54" 54 0.364341085271 0 0 58 1 42 161 0 0 0 0 57 5 23 0 98 0 0 20 0 35
"55" 55 0.685534591195 0 0 0 0 0 0 0 500 0 0 0 0 0 0 0 0 0 0 0 0
"56" 56 0.22480620155 0 0 48 0 48 204 2 0 21 0 30 0 0 7 33 0 3 64 0 40
"57" 57 0.64598540146 0 6 7 7 45 196 15 0 50 1 3 0 0 4 12 1 69 82 0 2
"58" 58 0.270114942529 0 0 0 0 0 0 8 0 103 0 0 0 0 0 0 0 389 0 0 0
"59" 59 0.565400843882 0 0 0 1 1 16 7 0 1 23 7 0 0 2 2 357 1 8 71 3
"60" 60 0.362068965517 0 0 2 0 4 0 169 0 13 0 0 0 0 0 24 0 262 26 0 0
"61" 61 0.502487562189 0 0 4 3 6 2 29 54 80 9 2 0 1 178 8 0 65 30 19 10
"62" 62 0.198675496689 0 0 208 0 11 52 0 0 0 0 176 0 0 0 32 0 0 8 0 13
"63" 63 0.711538461538 0 0 0 0 0 0 0 0 0 0 0 500 0 0 0 0 0 0 0 0
"64" 64 0.396624472574 0 7 3 3 170 46 0 0 0 0 5 52 1 75 49 0 0 74 0 15
"65" 65 0.405063291139 0 69 17 15 11 23 0 40 0 3 147 1 0 0 0 2 0 170 2 0
"66" 66 0.114427860697 0 0 9 0 0 4 0 66 0 0 419 1 0 0 0 0 0 0 0 1
"67" 67 0.0 0 0 1 0 0 0 0 0 0 0 499 0 0 0 0 0 0 0 0 0
"68" 68 0.0149253731343 0 0 0 0 0 0 0 0 0 0 0 0 0 500 0 0 0 0 0 0
"69" 69 0.0 0 0 0 0 0 0 0 0 0 0 0 0 0 0 0 0 500 0 0 0
"70" 70 0.0 0 0 0 0 0 0 0 0 0 0 500 0 0 0 0 0 0 0 0 0
"71" 71 0.0152284263959 0 0 0 0 0 0 495 0 0 0 0 0 0 0 0 0 5 0 0 0
"72" 72 0.154228855721 0 0 0 0 0 0 0 0 0 0 0 0 0 499 0 0 0 1 0 0
"73" 73 0.335766423358 0 57 18 21 10 43 0 0 65 0 2 0 1 42 93 32 1 36 2 77
"74" 74 0.062015503876 0 0 15 0 0 0 0 0 0 0 479 6 0 0 0 0 0 0 0 0
"75" 75 0.0288461538462 0 0 0 0 0 0 0 0 0 0 0 500 0 0 0 0 0 0 0 0
"76" 76 0.228855721393 0 0 5 4 3 2 0 0 3 0 3 1 0 448 1 0 0 7 0 23
"77" 77 0.0459770114943 0 0 4 0 0 0 0 0 0 0 483 12 0 0 0 0 0 0 0 1
"78" 78 0.0287356321839 0 0 0 0 0 0 0 0 0 0 0 0 0 0 0 0 500 0 0 0
"79" 79 0.464285714286 0 51 35 20 4 37 0 0 2 1 31 1 3 5 19 105 0 175 4 7
"80" 80 0.0865384615385 0 0 0 0 0 0 0 0 0 0 0 500 0 0 0 0 0 0 0 0
"81" 81 0.0812182741117 0 0 0 2 1 0 342 0 9 0 2 0 0 49 0 0 87 0 0 8
"82" 82 0.169154228856 0 0 1 0 0 0 0 0 0 0 0 0 0 497 1 0 0 0 0 1
"83" 83 0.670886075949 0 0 3 3 1 491 0 0 0 0 1 0 0 0 1 0 0 0 0 0
"84" 84 0.582089552239 0 47 0 38 48 221 4 0 14 0 5 0 2 40 40 1 19 15 3 3
"85" 85 0.229885057471 0 27 0 7 0 0 0 0 0 150 0 0 29 0 4 0 0 1 282 0
"86" 86 0.578616352201 0 1 62 0 4 7 0 399 0 1 6 3 0 0 0 3 0 12 2 0
"87" 87 0.612440191388 0 48 13 97 17 21 2 0 46 0 0 0 1 20 3 178 1 18 33 2
"88" 88 0.077519379845 0 0 0 2 0 0 0 0 0 352 56 0 4 0 0 0 0 0 86 0
"89" 89 0.357664233577 0 5 5 0 388 50 0 0 2 0 7 1 2 0 1 2 1 4 20 12
"90" 90 0.287356321839 0 0 0 0 0 0 0 0 0 0 0 0 0 0 0 0 500 0 0 0
"91" 91 0.00961538461538 0 0 0 0 0 0 0 0 0 0 0 500 0 0 0 0 0 0 0 0
"92" 92 0.287081339713 0 0 0 3 23 302 0 0 0 8 4 0 19 0 36 32 0 13 21 39
"93" 93 0.0 0 0 0 0 0 0 499 0 0 0 0 0 0 0 0 0 1 0 0 0
"94" 94 0.0 0 0 0 0 0 0 0 0 0 0 0 500 0 0 0 0 0 0 0 0
"95" 95 0.0348258706468 0 0 0 0 0 0 38 0 0 0 0 0 0 462 0 0 0 0 0 0
"96" 96 0.509505703422 0 0 0 1 0 6 0 0 25 3 0 0 0 0 2 0 0 0 463 0
"97" 97 0.251824817518 0 2 1 1 3 0 43 0 7 1 1 0 0 261 50 0 114 2 0 14
"98" 98 0.274611398964 0 368 1 46 1 67 0 0 1 0 0 0 5 0 0 0 0 11 0 0
"99" 99 0.698113207547 0 0 1 2 1 1 0 492 0 0 1 0 0 0 0 0 0 2 0 0
"100" 100 0.763392857143 0 81 14 145 12 68 8 0 17 0 8 5 4 3 21 0 58 55 0 1
"101" 101 0.397350993377 0 80 38 44 15 44 0 0 18 0 10 0 0 39 161 0 0 41 0 10
"102" 102 0.199004975124 0 0 0 30 6 60 0 0 0 232 0 82 22 9 1 1 0 0 57 0
"103" 103 0.435897435897 0 1 2 5 188 34 2 0 10 0 1 0 0 209 7 0 8 21 0 12
"104" 104 0.207547169811 0 0 0 0 0 0 0 494 0 0 6 0 0 0 0 0 0 0 0 0
"105" 105 0.270114942529 0 0 0 0 4 0 26 0 1 0 0 0 0 0 2 0 464 2 0 1
"106" 106 0.394618834081 0 0 1 0 14 3 0 0 4 0 1 0 0 467 1 0 0 9 0 0
"107" 107 0.437262357414 0 0 0 0 0 0 0 0 0 54 0 0 1 0 0 2 0 0 443 0
"108" 108 0.422053231939 0 0 25 0 1 5 0 0 0 83 6 0 55 2 1 0 0 9 312 1
"109" 109 0.167512690355 0 0 0 0 0 0 494 0 0 0 0 0 0 0 0 0 1 3 0 2
"110" 110 0.523206751055 0 16 180 15 34 113 0 0 6 4 13 1 1 41 10 2 0 50 8 6
"111" 111 0.134328358209 0 0 0 0 0 0 1 0 0 0 0 0 0 499 0 0 0 0 0 0
"112" 112 0.0817610062893 0 0 0 0 0 0 0 500 0 0 0 0 0 0 0 0 0 0 0 0
"113" 113 0.559748427673 0 2 4 1 0 0 0 491 0 0 1 0 0 0 0 0 0 1 0 0
"114" 114 0.367875647668 0 64 1 389 7 13 0 0 0 0 0 3 10 2 6 0 0 2 3 0
"115" 115 0.0609137055838 0 0 4 0 0 0 426 0 0 0 12 1 0 0 0 0 57 0 0 0
"116" 116 0.441860465116 0 0 255 1 28 57 4 0 0 0 71 8 3 0 6 2 6 53 5 1
"117" 117 0.526785714286 0 81 7 200 18 61 0 0 5 4 7 1 19 59 5 0 0 16 9 8
"118" 118 0.109489051095 0 0 0 0 0 0 0 0 0 0 0 0 0 0 500 0 0 0 0 0
"119" 119 0.273722627737 0 0 1 10 113 5 30 0 24 28 1 0 0 15 100 4 159 0 0 10
"120" 120 0.0077519379845 0 0 0 0 0 0 0 0 1 0 0 0 0 0 0 0 499 0 0 0
"121" 121 0.092050209205 0 0 0 0 0 0 0 0 0 82 0 0 0 0 0 0 1 0 417 0
"122" 122 0.0 0 0 0 0 0 0 0 0 0 0 0 0 0 500 0 0 0 0 0 0
"123" 123 0.1592039801 0 0 0 0 0 0 471 0 0 0 0 0 0 0 0 0 29 0 0 0
"124" 124 0.186528497409 0 58 0 1 0 0 0 0 0 12 0 0 1 1 0 0 0 0 427 0
"125" 125 0.207547169811 0 0 0 0 0 0 0 500 0 0 0 0 0 0 0 0 0 0 0 0
"126" 126 0.0995024875622 0 1 0 1 0 0 2 0 1 0 1 0 0 494 0 0 0 0 0 0
"127" 127 0.147286821705 0 0 370 0 0 0 0 0 0 0 119 11 0 0 0 0 0 0 0 0
"128" 128 0.0872093023256 0 0 110 0 0 0 0 0 389 0 0 0 0 0 1 0 0 0 0 0
"129" 129 0.0192307692308 0 0 0 0 0 0 0 0 0 0 0 500 0 0 0 0 0 0 0 0
"130" 130 0.0192307692308 0 0 3 6 8 3 0 0 0 0 208 270 2 0 0 0 0 0 0 0
"131" 131 0.205298013245 0 0 82 0 1 1 0 15 0 0 336 5 3 0 57 0 0 0 0 0
"132" 132 0.031007751938 0 0 9 0 0 0 0 0 203 0 45 0 6 0 0 0 234 0 0 3
"133" 133 0.0397350993377 0 0 328 0 0 0 0 0 0 0 171 0 0 0 1 0 0 0 0 0
"134" 134 0.233830845771 0 0 0 0 3 5 0 0 0 0 1 0 0 485 0 0 1 5 0 0
"135" 135 0.0 0 0 0 0 0 0 0 0 0 0 500 0 0 0 0 0 0 0 0 0
"136" 136 0.0298507462687 0 0 0 0 0 0 0 0 0 0 1 0 0 499 0 0 0 0 0 0
"137" 137 0.298013245033 0 1 73 0 15 48 0 0 163 0 52 1 0 27 12 2 0 103 1 2
"138" 138 0.0497512437811 0 0 0 0 0 0 0 0 0 0 0 0 0 499 0 0 0 1 0 0
"139" 139 0.0 0 0 0 0 0 0 0 0 0 0 0 0 0 500 0 0 0 0 0 0
"140" 140 0.565400843882 0 3 5 0 27 88 0 0 7 8 96 1 5 25 38 10 1 113 25 48
"141" 141 0.59375 0 41 44 33 23 69 14 0 5 0 15 3 0 90 87 0 6 60 0 10
"142" 142 0.397810218978 0 6 3 198 89 35 0 0 17 0 1 2 4 49 56 0 0 17 0 23
"143" 143 0.288461538462 0 0 0 0 0 0 0 0 0 0 0 500 0 0 0 0 0 0 0 0
"144" 144 0.046511627907 0 0 0 0 0 0 0 0 0 0 497 3 0 0 0 0 0 0 0 0
"145" 145 0.581395348837 0 0 31 1 103 0 0 0 244 0 5 0 0 0 112 0 1 1 0 2
"146" 146 0.5 0 0 0 0 0 0 0 0 0 0 0 500 0 0 0 0 0 0 0 0
"147" 147 0.0804597701149 0 0 0 0 0 0 4 0 0 0 0 0 0 0 0 0 496 0 0 0
"148" 148 0.0548523206751 0 0 0 0 0 61 127 0 1 0 4 0 0 0 5 0 298 0 0 4
"149" 149 0.0398009950249 0 0 2 0 0 0 0 0 0 0 0 480 9 0 0 0 0 0 9 0
"150" 150 0.186046511628 0 0 0 0 0 0 0 0 0 0 84 416 0 0 0 0 0 0 0 0
"151" 151 0.0964467005076 0 0 0 0 0 0 468 0 0 0 0 0 0 0 0 0 32 0 0 0
"152" 152 0.0298507462687 0 0 0 0 0 0 4 0 0 2 0 0 0 494 0 0 0 0 0 0
"153" 153 0.0 0 0 0 0 0 0 0 0 0 0 500 0 0 0 0 0 0 0 0 0
"154" 154 0.0 0 0 0 0 0 0 0 0 0 0 500 0 0 0 0 0 0 0 0 0
"155" 155 0.295597484277 0 0 0 0 0 0 0 500 0 0 0 0 0 0 0 0 0 0 0 0
"156" 156 0.424107142857 0 43 1 3 27 0 112 0 52 1 22 1 1 0 31 0 185 18 1 2
"157" 157 0.0 0 0 0 0 0 0 0 0 0 0 0 500 0 0 0 0 0 0 0 0
"158" 158 0.109452736318 0 0 0 0 0 0 2 0 0 0 0 0 0 498 0 0 0 0 0 0
"159" 159 0.589285714286 0 35 9 59 48 185 4 0 7 0 42 1 0 38 15 0 0 16 1 40
"160" 160 0.313868613139 0 0 0 0 407 3 0 0 9 0 45 0 0 0 23 0 0 13 0 0
"161" 161 0.0203045685279 0 0 0 0 0 0 325 0 0 0 1 0 0 0 0 0 173 0 0 1
"162" 162 0.480620155039 0 26 7 86 39 32 3 0 18 0 142 2 0 107 0 0 0 34 1 3
"163" 163 0.68776371308 0 11 35 15 35 208 0 0 46 0 32 6 9 8 57 0 0 38 0 0
"164" 164 0.253886010363 0 465 1 3 8 1 0 0 1 0 2 1 1 0 3 0 0 11 2 1
"165" 165 0.0909090909091 0 0 0 1 0 0 0 0 0 0 0 0 499 0 0 0 0 0 0 0
"166" 166 0.528301886792 0 0 72 0 1 9 0 387 0 0 20 4 0 0 0 6 0 1 0 0
"167" 167 0.777202072539 0 26 45 25 8 12 0 0 20 34 7 2 3 4 2 5 0 218 88 1
"168" 168 0.0813953488372 0 0 0 0 0 0 0 0 330 0 41 0 0 0 0 0 129 0 0 0
"169" 169 0.129464285714 0 0 0 0 0 1 213 0 4 0 0 0 0 0 13 0 191 78 0 0
"170" 170 0.0344827586207 0 0 0 0 4 0 107 0 0 0 0 0 0 0 0 0 389 0 0 0
"171" 171 0.114942528736 0 0 0 0 0 0 26 0 3 0 0 0 0 0 0 0 471 0 0 0
"172" 172 0.0114942528736 0 0 0 0 0 0 0 0 0 0 0 0 0 0 0 0 500 0 0 0
"173" 173 0.139534883721 0 0 0 0 0 0 0 0 0 0 499 1 0 0 0 0 0 0 0 0
"174" 174 0.124031007752 0 16 172 0 4 2 0 0 0 0 224 0 35 0 0 0 0 47 0 0
"175" 175 0.38578680203 0 0 0 0 0 0 450 0 0 0 0 0 0 0 0 0 50 0 0 0
"176" 176 0.0984455958549 0 499 0 0 0 0 0 0 0 0 0 1 0 0 0 0 0 0 0 0
"177" 177 0.589285714286 0 49 7 10 37 91 58 0 21 0 22 3 1 35 7 1 29 124 3 2
"178" 178 0.496350364964 0 0 63 0 41 15 0 0 22 0 0 259 0 0 99 0 0 1 0 0
"179" 179 0.0796019900498 0 0 0 0 0 0 0 0 0 0 0 0 0 500 0 0 0 0 0 0
"180" 180 0.251282051282 0 469 0 31 0 0 0 0 0 0 0 0 0 0 0 0 0 0 0 0
"181" 181 0.689119170984 0 172 114 41 11 42 0 0 14 0 37 8 0 8 8 0 1 37 0 7
"182" 182 0.598086124402 0 67 5 292 21 38 0 0 9 1 2 2 10 11 3 0 0 34 1 4
"183" 183 0.00961538461538 0 0 0 0 0 0 0 0 0 0 0 500 0 0 0 0 0 0 0 0
"184" 184 0.304182509506 0 4 2 37 22 1 0 0 0 64 0 0 3 19 80 6 0 3 251 8
"185" 185 0.147208121827 0 0 0 0 0 0 491 0 0 0 0 0 0 0 0 0 9 0 0 0
"186" 186 0.195402298851 0 0 0 0 0 5 0 0 1 0 0 0 0 0 1 0 480 5 7 1
"187" 187 0.51572327044 0 12 7 18 1 13 0 408 3 0 4 0 0 8 4 0 0 16 0 6
"188" 188 0.0288461538462 0 0 0 0 0 0 0 0 0 0 0 500 0 0 0 0 0 0 0 0
"189" 189 0.134328358209 0 0 0 24 0 0 0 0 0 0 0 0 0 476 0 0 0 0 0 0
"190" 190 0.442307692308 0 0 0 0 0 0 0 0 0 0 0 500 0 0 0 0 0 0 0 0
"191" 191 0.259067357513 0 291 0 182 0 1 1 0 0 0 0 0 22 0 0 0 2 1 0 0
"192" 192 0.170542635659 0 0 9 1 0 0 0 0 0 0 489 1 0 0 0 0 0 0 0 0
"193" 193 0.0576923076923 0 0 0 0 0 0 0 0 0 0 6 494 0 0 0 0 0 0 0 0
"194" 194 0.145077720207 0 65 0 44 13 358 0 0 0 0 3 1 2 0 7 4 0 0 2 1
"195" 195 0.142335766423 0 0 0 0 0 0 0 0 0 0 0 0 0 0 500 0 0 0 0 0
"196" 196 0.00507614213198 0 0 0 0 0 0 500 0 0 0 0 0 0 0 0 0 0 0 0 0
"197" 197 0.357414448669 0 2 0 12 0 7 0 0 2 337 1 0 8 46 1 0 0 3 77 4
"198" 198 0.461538461538 0 0 0 0 0 0 0 0 0 0 0 500 0 0 0 0 0 0 0 0
"199" 199 0.290697674419 0 0 5 0 120 48 0 0 247 0 0 2 1 44 13 0 0 20 0 0
"200" 200 1.05485232068 0 163 57 23 13 37 7 0 22 0 10 56 1 4 3 0 3 98 0 3
