"site" "RSA" "aa1" "aa2" "aa3" "aa4" "aa5" "aa6" "aa7" "aa8" "aa9" "aa10" "aa11" "aa12" "aa13" "aa14" "aa15" "aa16" "aa17" "aa18" "aa19" "aa20"
"0" 0 0.671794871795 0 0 0 0 0 498 0 1 0 0 0 0 0 0 0 0 0 1 0 0
"1" 1 0.154228855721 1 0 0 223 0 0 163 0 11 0 0 0 0 32 0 0 70 0 0 0
"2" 2 0.223628691983 19 17 0 0 2 0 7 0 1 4 8 8 0 0 0 1 300 130 3 0
"3" 3 0.0 0 0 0 0 0 0 500 0 0 0 0 0 0 0 0 0 0 0 0 0
"4" 4 0.00418410041841 66 0 4 0 12 165 35 0 0 173 16 0 0 0 0 0 28 0 1 0
"5" 5 0.12582781457 0 0 496 0 0 0 4 0 0 0 0 0 0 0 0 0 0 0 0 0
"6" 6 0.0149253731343 0 0 2 0 0 0 0 0 18 0 0 1 0 479 0 0 0 0 0 0
"7" 7 0.435897435897 0 0 0 499 0 0 0 0 0 0 0 0 0 0 1 0 0 0 0 0
"8" 8 0.0529801324503 0 0 0 0 0 0 0 0 0 0 498 2 0 0 0 0 0 0 0 0
"9" 9 0.0358974358974 0 0 0 500 0 0 0 0 0 0 0 0 0 0 0 0 0 0 0 0
"10" 10 0.283018867925 0 0 0 0 0 0 0 500 0 0 0 0 0 0 0 0 0 0 0 0
"11" 11 0.473214285714 0 6 0 0 0 106 0 0 0 0 0 0 0 0 63 0 0 325 0 0
"12" 12 0.0 0 0 0 0 0 0 0 0 0 0 0 0 0 500 0 0 0 0 0 0
"13" 13 0.0 0 0 0 0 0 0 0 0 0 0 496 4 0 0 0 0 0 0 0 0
"14" 14 0.316455696203 0 0 2 0 0 22 0 0 0 0 6 0 0 111 307 0 0 52 0 0
"15" 15 0.272321428571 0 1 0 0 2 52 0 0 0 0 13 0 0 93 316 0 0 23 0 0
"16" 16 0.0 0 0 0 0 0 0 500 0 0 0 0 0 0 0 0 0 0 0 0 0
"17" 17 0.0 0 0 0 0 0 0 0 0 0 0 500 0 0 0 0 0 0 0 0 0
"18" 18 0.512953367876 0 61 0 0 2 27 0 0 0 0 0 0 0 111 53 0 0 246 0 0
"19" 19 0.431472081218 0 0 0 0 0 0 489 0 0 4 0 0 0 0 0 0 0 0 7 0
"20" 20 0.195402298851 0 0 0 0 0 0 0 0 0 0 9 0 0 0 0 0 491 0 0 0
"21" 21 0.538461538462 0 0 0 0 0 0 0 0 0 0 0 500 0 0 0 0 0 0 0 0
"22" 22 0.281609195402 0 0 0 0 0 0 0 0 0 0 0 0 0 0 0 0 500 0 0 0
"23" 23 0.739910313901 0 0 496 0 0 4 0 0 0 0 0 0 0 0 0 0 0 0 0 0
"24" 24 0.228855721393 0 0 0 0 0 0 20 4 1 0 0 0 0 475 0 0 0 0 0 0
"25" 25 0.144230769231 0 0 9 0 0 0 0 0 0 0 1 482 0 8 0 0 0 0 0 0
"26" 26 0.451476793249 0 0 0 0 0 499 0 0 0 0 0 0 0 0 0 0 0 0 0 1
"27" 27 0.208860759494 1 0 0 0 3 0 3 0 0 0 0 0 0 1 0 0 189 0 0 303
"28" 28 0.205298013245 0 55 2 0 0 220 0 0 0 0 6 0 0 0 200 0 0 8 0 9
"29" 29 0.17816091954 5 0 1 3 0 0 4 0 0 0 1 0 0 0 0 0 486 0 0 0
"30" 30 0.43023255814 0 0 0 0 0 0 0 0 498 0 0 2 0 0 0 0 0 0 0 0
"31" 31 0.375912408759 0 0 0 0 0 0 0 0 0 0 0 0 0 0 21 0 0 0 0 479
"32" 32 0.410041841004 0 0 0 0 0 114 0 0 386 0 0 0 0 0 0 0 0 0 0 0
"33" 33 0.900662251656 0 0 0 0 0 499 0 0 0 0 0 0 0 0 0 1 0 0 0 0
"34" 34 0.544041450777 0 0 0 0 0 0 0 0 0 0 0 499 0 1 0 0 0 0 0 0
"35" 35 0.394230769231 0 36 0 3 0 1 0 0 0 0 0 0 0 0 452 8 0 0 0 0
"36" 36 0.544642857143 0 0 5 0 1 192 0 0 0 1 0 0 0 34 136 6 0 72 1 52
"37" 37 0.114942528736 0 0 0 0 0 0 445 47 8 0 0 0 0 0 0 0 0 0 0 0
"38" 38 0.421524663677 0 0 0 0 0 461 0 0 0 0 0 0 0 0 39 0 0 0 0 0
"39" 39 0.0761421319797 0 0 0 0 1 0 487 0 7 0 0 0 0 0 0 0 5 0 0 0
"40" 40 0.405128205128 0 313 4 0 0 138 0 0 0 0 0 0 0 6 0 0 0 39 0 0
"41" 41 0.167512690355 0 251 0 54 0 0 100 0 0 0 0 0 0 82 0 0 12 0 0 1
"42" 42 0.473214285714 0 0 0 0 0 194 0 0 0 0 0 0 202 88 12 0 0 2 0 2
"43" 43 0.325892857143 0 0 6 0 256 0 0 0 157 0 0 0 0 0 0 0 0 81 0 0
"44" 44 0.622516556291 0 472 0 0 0 7 0 0 0 0 0 0 0 0 21 0 0 0 0 0
"45" 45 0.0152284263959 4 11 0 251 1 0 126 0 102 0 0 0 1 1 0 1 0 0 2 0
"46" 46 0.649635036496 0 0 61 0 0 411 0 0 0 0 0 0 0 0 0 0 0 28 0 0
"47" 47 0.317307692308 0 0 0 0 0 0 0 0 0 0 0 500 0 0 0 0 0 0 0 0
"48" 48 0.0189873417722 1 0 0 0 0 474 0 0 0 0 0 6 2 0 17 0 0 0 0 0
"49" 49 0.108808290155 0 13 1 64 0 0 313 0 1 0 0 0 11 0 0 0 0 0 93 4
"50" 50 0.0 157 0 23 0 0 0 8 0 9 0 0 0 0 0 0 0 303 0 0 0
"51" 51 0.0228136882129 0 0 0 0 0 0 0 0 0 398 0 0 0 0 0 0 24 0 78 0
"52" 52 0.0 0 0 0 0 0 0 484 0 0 0 0 0 0 0 0 0 16 0 0 0
"53" 53 0.0152284263959 0 0 0 0 0 0 500 0 0 0 0 0 0 0 0 0 0 0 0 0
"54" 54 0.00448430493274 333 0 0 0 3 0 0 0 20 0 17 0 0 0 0 0 127 0 0 0
"55" 55 0.00662251655629 0 0 0 0 0 0 0 0 0 0 500 0 0 0 0 0 0 0 0 0
"56" 56 0.0 0 0 0 0 0 0 288 0 209 0 2 0 0 1 0 0 0 0 0 0
"57" 57 0.0529801324503 295 0 0 0 0 0 0 0 0 0 0 1 204 0 0 0 0 0 0 0
"58" 58 0.730569948187 0 24 0 0 0 22 0 1 0 0 0 0 0 82 221 53 0 47 1 49
"59" 59 0.364779874214 0 1 0 0 0 236 243 0 0 0 0 0 0 0 0 0 7 13 0 0
"60" 60 0.195402298851 0 0 0 0 23 0 197 0 0 0 0 0 0 0 43 0 0 35 0 202
"61" 61 0.507692307692 0 329 0 0 0 131 0 0 0 0 0 0 0 0 0 0 0 32 0 8
"62" 62 0.352678571429 0 143 0 0 0 6 1 0 3 0 0 0 0 242 80 19 0 6 0 0
"63" 63 0.0909090909091 0 0 0 204 0 0 0 0 0 0 0 0 296 0 0 0 0 0 0 0
"64" 64 0.0812182741117 0 0 3 0 6 5 93 0 0 0 5 0 0 316 15 0 1 53 0 3
"65" 65 0.435779816514 0 0 0 0 0 291 1 0 0 0 0 0 0 65 19 0 0 106 0 18
"66" 66 0.00892857142857 0 0 0 0 0 0 0 0 0 0 0 0 0 0 0 0 0 499 1 0
"67" 67 0.0 0 0 0 0 0 0 0 0 0 0 3 0 0 469 3 0 0 0 0 25
"68" 68 0.109452736318 0 3 5 0 0 1 9 0 0 13 0 0 0 351 98 9 0 8 0 3
"69" 69 0.263959390863 0 0 0 0 1 5 142 0 0 0 12 0 0 34 0 0 0 239 2 65
"70" 70 0.0 0 0 3 0 0 0 0 0 11 0 479 0 0 5 0 0 0 0 0 2
"71" 71 0.0 0 0 0 0 0 0 386 0 0 0 0 0 0 0 0 0 114 0 0 0
"72" 72 0.284974093264 0 49 0 0 1 288 0 0 0 0 5 0 0 12 65 0 0 80 0 0
"73" 73 0.193798449612 0 0 0 0 77 0 0 0 84 0 204 0 0 2 0 0 0 133 0 0
"74" 74 0.0 0 165 0 1 80 0 0 0 0 12 7 0 0 202 0 0 0 28 5 0
"75" 75 0.400843881857 0 0 0 0 0 425 0 0 0 0 0 0 0 0 75 0 0 0 0 0
"76" 76 0.624087591241 0 0 0 0 1 248 0 0 0 0 0 0 0 27 218 0 0 6 0 0
"77" 77 0.31007751938 0 77 0 49 0 374 0 0 0 0 0 0 0 0 0 0 0 0 0 0
"78" 78 0.364238410596 0 0 0 484 0 0 0 0 0 0 0 0 0 0 16 0 0 0 0 0
"79" 79 0.139534883721 0 0 32 0 0 0 0 0 0 0 468 0 0 0 0 0 0 0 0 0
"80" 80 0.590717299578 0 0 0 0 0 483 0 0 0 0 0 0 0 0 7 0 0 8 0 2
"81" 81 0.145348837209 0 0 0 0 0 431 0 0 10 0 0 0 0 2 47 0 0 10 0 0
"82" 82 0.0304568527919 0 0 0 0 0 0 500 0 0 0 0 0 0 0 0 0 0 0 0 0
"83" 83 0.0153846153846 1 0 0 0 0 0 330 0 0 0 0 0 0 0 0 0 169 0 0 0
"84" 84 0.0 0 0 0 0 0 0 496 0 0 0 0 0 0 2 0 0 2 0 0 0
"85" 85 0.00574712643678 0 0 0 0 0 0 0 0 0 0 0 0 0 0 0 0 500 0 0 0
"86" 86 0.0 2 0 0 0 0 0 473 0 0 0 0 0 0 22 0 0 3 0 0 0
"87" 87 0.0062893081761 0 0 0 0 0 0 0 500 0 0 0 0 0 0 0 0 0 0 0 0
"88" 88 0.0380228136882 0 0 0 0 0 0 0 0 0 406 0 0 0 0 0 0 0 0 94 0
"89" 89 0.0190114068441 0 0 0 0 57 0 0 0 0 442 0 0 1 0 0 0 0 0 0 0
"90" 90 0.00961538461538 0 0 0 0 0 0 0 0 0 0 0 500 0 0 0 0 0 0 0 0
"91" 91 0.300380228137 0 8 3 47 25 0 0 0 0 8 0 0 2 0 10 4 0 25 368 0
"92" 92 0.0232558139535 0 0 6 0 125 0 0 0 0 0 342 1 22 0 0 0 0 4 0 0
"93" 93 0.372262773723 0 0 0 0 89 1 0 0 187 0 0 0 0 0 19 0 0 4 0 200
"94" 94 0.233183856502 0 24 0 34 1 14 0 0 0 0 0 0 0 0 66 0 0 8 1 352
"95" 95 0.160621761658 431 0 65 0 0 0 0 0 0 0 4 0 0 0 0 0 0 0 0 0
"96" 96 0.656934306569 0 0 0 0 0 0 0 0 0 0 0 492 0 0 8 0 0 0 0 0
"97" 97 0.607594936709 0 7 0 0 0 0 0 0 0 0 0 493 0 0 0 0 0 0 0 0
"98" 98 0.880794701987 0 0 0 0 0 7 0 0 493 0 0 0 0 0 0 0 0 0 0 0
"99" 99 0.839416058394 0 0 0 0 0 0 0 0 0 0 0 0 0 0 500 0 0 0 0 0
"100" 100 0.441964285714 0 0 0 0 0 0 0 0 156 0 0 0 0 0 0 0 0 0 0 344
"101" 101 0.534591194969 0 0 11 0 0 416 0 58 0 0 0 0 0 0 0 0 0 12 0 3
"102" 102 0.319796954315 0 0 0 0 0 0 500 0 0 0 0 0 0 0 0 0 0 0 0 0
"103" 103 0.156976744186 0 4 5 37 0 239 0 0 0 0 0 0 13 2 56 0 0 54 1 89
"104" 104 0.0 0 0 0 0 0 0 0 0 0 0 500 0 0 0 0 0 0 0 0 0
"105" 105 0.316455696203 0 0 0 0 0 428 0 0 0 0 1 0 0 0 0 0 0 71 0 0
"106" 106 0.492537313433 0 0 0 13 28 57 33 0 0 0 3 0 0 61 49 2 0 250 1 3
"107" 107 0.0167364016736 0 16 4 2 0 0 67 0 1 41 0 0 1 1 0 0 0 0 0 367
"108" 108 0.0 0 0 0 0 0 0 0 0 0 0 500 0 0 0 0 0 0 0 0 0
"109" 109 0.323076923077 0 0 0 0 0 0 0 0 0 0 0 0 0 0 72 0 0 0 0 428
"110" 110 0.338308457711 0 59 0 0 0 81 0 0 0 0 0 0 0 0 190 0 0 70 0 100
"111" 111 0.0 0 0 1 0 2 0 265 0 1 66 13 0 0 123 10 0 0 16 3 0
"112" 112 0.209821428571 0 0 0 0 0 0 0 0 0 0 0 0 0 0 0 0 0 92 0 408
"113" 113 0.668604651163 0 0 0 0 0 426 0 0 0 0 0 0 0 0 74 0 0 0 0 0
"114" 114 0.108527131783 0 0 1 0 0 0 0 0 0 0 499 0 0 0 0 0 0 0 0 0
"115" 115 0.182692307692 0 0 0 0 0 0 0 0 0 0 0 500 0 0 0 0 0 0 0 0
"116" 116 0.077519379845 0 0 0 0 0 0 0 0 0 0 499 0 0 0 0 0 1 0 0 0
"117" 117 0.296511627907 0 0 18 0 0 0 0 0 482 0 0 0 0 0 0 0 0 0 0 0
"118" 118 0.222627737226 5 0 2 0 0 1 0 0 0 0 308 0 0 0 0 0 0 0 0 184
"119" 119 0.0 1 0 0 0 0 0 3 0 0 106 0 0 1 0 0 0 389 0 0 0
"120" 120 0.00507614213198 0 0 0 0 0 0 479 0 0 0 0 0 0 21 0 0 0 0 0 0
"121" 121 0.0 6 0 0 0 0 0 0 0 102 0 192 0 0 0 0 0 0 0 0 200
"122" 122 0.00497512437811 3 0 0 0 0 0 0 0 0 0 0 0 10 486 0 0 1 0 0 0
"123" 123 0.0621761658031 2 497 0 0 0 0 0 0 1 0 0 0 0 0 0 0 0 0 0 0
"124" 124 0.0248756218905 0 0 1 0 0 0 0 0 0 0 199 0 0 300 0 0 0 0 0 0
"125" 125 0.311004784689 0 0 0 0 0 0 0 0 0 0 0 0 0 0 0 243 0 0 257 0
"126" 126 0.046511627907 0 0 387 0 0 0 69 0 0 0 0 0 44 0 0 0 0 0 0 0
"127" 127 0.465408805031 0 122 0 0 0 116 0 0 0 0 0 0 0 0 40 0 0 218 4 0
"128" 128 0.587443946188 0 0 45 0 0 162 0 0 0 0 0 0 0 0 4 0 0 3 0 286
"129" 129 0.0 0 0 0 0 0 0 500 0 0 0 0 0 0 0 0 0 0 0 0 0
"130" 130 0.322869955157 0 0 0 0 14 0 177 0 0 0 0 0 0 0 113 0 0 0 0 196
"131" 131 0.567307692308 0 0 0 7 0 313 0 0 0 0 1 0 0 43 4 0 0 78 0 54
"132" 132 0.196652719665 0 0 0 0 0 0 0 0 0 500 0 0 0 0 0 0 0 0 0 0
"133" 133 0.0418410041841 0 0 3 0 0 0 0 0 0 481 0 0 0 0 0 0 0 0 16 0
"134" 134 0.777202072539 0 0 0 0 0 500 0 0 0 0 0 0 0 0 0 0 0 0 0 0
"135" 135 0.162436548223 0 0 0 0 0 109 390 0 0 0 0 0 0 0 0 0 1 0 0 0
"136" 136 0.421383647799 0 0 0 0 0 2 0 496 0 0 0 0 0 0 2 0 0 0 0 0
"137" 137 0.116751269036 0 0 0 0 0 0 500 0 0 0 0 0 0 0 0 0 0 0 0 0
"138" 138 0.238341968912 1 0 6 1 13 32 27 0 7 13 0 0 0 31 0 159 156 2 52 0
"139" 139 0.157894736842 0 0 0 0 0 0 0 0 0 0 0 0 500 0 0 0 0 0 0 0
"140" 140 0.0 1 0 11 0 97 0 0 0 2 0 2 0 1 384 0 0 0 0 0 2
"141" 141 0.298165137615 0 11 0 0 18 5 14 0 0 0 0 0 0 389 1 2 0 56 3 1
"142" 142 0.0 0 0 3 0 0 0 0 0 0 0 12 485 0 0 0 0 0 0 0 0
"143" 143 0.0632183908046 0 0 9 0 0 0 9 0 35 0 2 0 0 0 0 0 445 0 0 0
"144" 144 0.314465408805 0 0 0 0 0 8 0 478 0 0 0 0 0 0 13 1 0 0 0 0
"145" 145 0.218274111675 0 0 0 0 8 0 24 0 1 0 0 0 0 457 0 0 2 5 0 3
"146" 146 0.00497512437811 0 0 0 0 0 0 0 0 0 0 6 0 6 488 0 0 0 0 0 0
"147" 147 0.0 0 0 0 0 0 0 0 0 0 0 16 484 0 0 0 0 0 0 0 0
"148" 148 0.584821428571 0 98 0 2 0 272 0 0 0 0 0 0 0 1 0 0 0 127 0 0
"149" 149 0.148288973384 0 0 0 0 0 0 0 0 0 323 0 1 0 0 0 0 0 0 176 0
"150" 150 0.00418410041841 0 0 0 0 0 0 0 0 0 475 0 0 0 0 0 25 0 0 0 0
"151" 151 0.392857142857 0 0 0 0 0 278 0 0 0 0 0 0 0 0 222 0 0 0 0 0
"152" 152 0.490384615385 0 0 0 0 0 400 0 0 0 0 0 0 0 0 100 0 0 0 0 0
"153" 153 0.35864978903 0 0 0 0 0 0 0 0 0 0 0 0 0 0 0 0 0 0 0 500
"154" 154 0.723076923077 0 500 0 0 0 0 0 0 0 0 0 0 0 0 0 0 0 0 0 0
"155" 155 0.179104477612 0 0 0 0 0 0 0 0 0 0 0 0 0 500 0 0 0 0 0 0
"156" 156 0.65625 0 0 0 0 0 500 0 0 0 0 0 0 0 0 0 0 0 0 0 0
"157" 157 0.414507772021 0 500 0 0 0 0 0 0 0 0 0 0 0 0 0 0 0 0 0 0
"158" 158 0.116751269036 437 0 0 0 0 0 63 0 0 0 0 0 0 0 0 0 0 0 0 0
"159" 159 0.00574712643678 0 0 1 0 0 0 499 0 0 0 0 0 0 0 0 0 0 0 0 0
"160" 160 0.0 0 0 0 0 0 0 500 0 0 0 0 0 0 0 0 0 0 0 0 0
"161" 161 0.00574712643678 0 0 0 0 0 0 34 0 69 0 0 0 0 0 0 0 397 0 0 0
"162" 162 0.00662251655629 0 0 0 0 0 0 0 0 0 0 499 1 0 0 0 0 0 0 0 0
"163" 163 0.0125786163522 0 0 0 0 0 0 0 500 0 0 0 0 0 0 0 0 0 0 0 0
"164" 164 0.290155440415 0 6 18 459 0 0 0 0 17 0 0 0 0 0 0 0 0 0 0 0
"165" 165 0.521531100478 0 3 140 0 0 2 0 0 0 0 0 0 2 0 14 319 0 1 0 19
"166" 166 0.576923076923 0 0 60 0 0 146 0 0 48 0 0 0 0 0 244 0 0 1 0 1
"167" 167 0.0 0 317 0 166 1 0 0 0 1 2 1 0 0 0 0 0 0 0 12 0
"168" 168 0.304597701149 0 5 0 0 0 44 350 0 0 0 1 1 0 0 66 0 1 1 0 31
"169" 169 0.575581395349 0 6 0 0 0 323 0 0 0 0 0 0 0 0 124 0 0 41 0 6
"170" 170 0.138686131387 0 0 0 0 1 0 0 0 0 0 52 0 0 0 0 0 0 437 0 10
"171" 171 0.0077519379845 0 0 0 0 0 0 0 0 0 0 500 0 0 0 0 0 0 0 0 0
"172" 172 0.554744525547 0 0 0 0 0 454 0 0 0 0 0 0 0 44 2 0 0 0 0 0
"173" 173 0.443037974684 0 0 3 2 0 444 0 0 0 0 0 0 0 39 2 1 0 4 0 5
"174" 174 0.0 0 0 0 0 0 0 0 0 0 0 0 0 0 500 0 0 0 0 0 0
"175" 175 0.031007751938 0 0 0 0 0 0 0 0 0 0 500 0 0 0 0 0 0 0 0 0
"176" 176 0.466321243523 0 0 0 0 0 500 0 0 0 0 0 0 0 0 0 0 0 0 0 0
"177" 177 0.273722627737 0 0 0 0 0 0 0 0 0 0 0 16 1 0 0 8 0 0 0 475
"178" 178 0.124378109453 0 0 0 0 0 0 0 0 0 0 0 0 0 500 0 0 0 0 0 0
"179" 179 0.742616033755 0 0 0 0 0 500 0 0 0 0 0 0 0 0 0 0 0 0 0 0
"180" 180 0.139534883721 0 0 0 0 0 0 0 0 0 0 63 0 0 0 437 0 0 0 0 0
"181" 181 0.440251572327 0 1 0 0 0 0 0 499 0 0 0 0 0 0 0 0 0 0 0 0
"182" 182 0.365482233503 0 0 0 0 0 0 0 0 500 0 0 0 0 0 0 0 0 0 0 0
"183" 183 0.0232558139535 0 0 24 0 0 0 0 0 0 0 442 34 0 0 0 0 0 0 0 0
"184" 184 0.197969543147 1 0 5 0 0 0 386 0 28 0 0 0 0 1 0 0 73 1 0 5
"185" 185 0.00507614213198 0 0 0 0 1 0 0 0 0 0 1 0 0 0 0 0 498 0 0 0
"186" 186 0.150259067358 0 458 0 0 7 2 0 0 0 0 0 0 0 2 6 0 0 8 0 17
"187" 187 0.544303797468 0 128 114 246 0 0 0 0 0 0 10 0 0 0 0 0 0 0 0 2
"188" 188 0.810218978102 13 0 1 0 0 0 0 0 0 0 0 0 34 0 451 0 0 1 0 0
"189" 189 0.371559633028 4 0 153 0 1 0 99 0 140 0 0 0 0 0 0 0 4 1 0 98
"190" 190 0.512820512821 0 0 127 0 0 0 0 0 46 303 0 0 0 0 0 5 0 4 15 0
"191" 191 0.197969543147 0 0 0 0 0 0 452 0 46 0 0 0 0 0 0 0 2 0 0 0
"192" 192 0.419540229885 0 4 0 0 0 37 1 0 0 0 0 0 0 0 127 0 289 0 0 42
"193" 193 0.423076923077 0 0 0 0 0 0 0 0 0 0 0 500 0 0 0 0 0 0 0 0
"194" 194 0.574358974359 0 478 0 0 0 0 0 0 0 0 0 0 0 0 0 0 0 22 0 0
"195" 195 0.0406091370558 0 0 0 0 0 0 500 0 0 0 0 0 0 0 0 0 0 0 0 0
"196" 196 0.647321428571 0 0 0 0 0 500 0 0 0 0 0 0 0 0 0 0 0 0 0 0
"197" 197 0.346153846154 0 0 0 0 0 0 0 0 0 0 0 500 0 0 0 0 0 0 0 0
"198" 198 0.130801687764 0 0 0 0 0 478 0 0 0 0 0 0 0 0 22 0 0 0 0 0
"199" 199 0.0 5 0 3 3 0 0 445 0 32 0 0 0 0 1 0 11 0 0 0 0
"200" 200 0.0 1 0 69 0 0 0 0 0 0 0 430 0 0 0 0 0 0 0 0 0
"201" 201 0.0 0 0 0 0 0 0 500 0 0 0 0 0 0 0 0 0 0 0 0 0
"202" 202 0.0 0 0 0 0 0 0 0 0 0 0 0 0 0 500 0 0 0 0 0 0
"203" 203 0.00507614213198 0 0 0 0 0 0 491 0 0 0 0 0 0 0 0 0 9 0 0 0
"204" 204 0.113989637306 2 1 1 1 0 0 0 0 484 0 9 2 0 0 0 0 0 0 0 0
"205" 205 0.020725388601 0 0 2 0 0 497 0 0 0 0 1 0 0 0 0 0 0 0 0 0
"206" 206 0.0609137055838 0 0 0 0 3 0 331 0 22 0 1 0 0 0 14 0 0 129 0 0
"207" 207 0.0253807106599 0 0 13 0 0 0 478 0 2 0 0 0 0 0 0 0 1 1 0 5
"208" 208 0.227979274611 0 77 15 0 0 371 0 0 0 0 0 0 0 0 36 0 0 1 0 0
"209" 209 0.31976744186 0 0 0 0 74 13 0 0 413 0 0 0 0 0 0 0 0 0 0 0
"210" 210 0.031007751938 0 0 0 0 0 0 0 0 0 0 480 20 0 0 0 0 0 0 0 0
"211" 211 0.134615384615 0 2 0 0 0 10 0 0 1 0 0 0 0 0 476 0 0 11 0 0
"212" 212 0.441860465116 0 476 0 0 0 1 0 0 16 0 0 0 0 0 7 0 0 0 0 0
"213" 213 0.0253807106599 0 0 0 0 0 0 478 0 0 0 0 0 0 0 0 0 1 13 0 8
"214" 214 0.0348837209302 0 0 0 0 0 0 0 0 500 0 0 0 0 0 0 0 0 0 0 0
"215" 215 0.547263681592 0 15 0 1 1 124 0 0 0 0 0 0 0 0 42 0 0 227 0 90
"216" 216 0.0 0 0 0 0 0 0 0 0 0 0 500 0 0 0 0 0 0 0 0 0
"217" 217 0.0 0 0 0 0 0 0 0 0 0 0 500 0 0 0 0 0 0 0 0 0
"218" 218 0.379487179487 0 0 0 0 0 245 0 0 0 0 0 0 0 0 251 0 0 4 0 0
"219" 219 0.15503875969 0 1 0 0 42 0 0 0 1 0 11 0 0 172 0 0 0 41 0 232
"220" 220 0.00497512437811 0 0 0 0 0 0 0 0 0 0 0 0 0 500 0 0 0 0 0 0
"221" 221 0.379310344828 0 0 0 0 0 0 0 0 0 0 0 0 0 0 0 0 0 0 0 500
"222" 222 0.723214285714 0 166 0 0 0 212 0 0 0 0 24 0 0 33 4 0 0 61 0 0
"223" 223 0.394871794872 0 41 1 46 6 406 0 0 0 0 0 0 0 0 0 0 0 0 0 0
"224" 224 0.326923076923 0 0 0 0 0 0 0 0 0 0 0 500 0 0 0 0 0 0 0 0
"225" 225 0.108527131783 0 0 0 0 0 0 0 0 0 0 500 0 0 0 0 0 0 0 0 0
"226" 226 0.409282700422 0 0 0 0 0 489 0 0 0 0 0 0 0 0 0 0 0 11 0 0
"227" 227 0.214285714286 0 0 3 0 32 0 0 0 1 0 3 0 0 0 3 0 0 5 0 453
"228" 228 0.0172413793103 0 0 0 0 0 0 0 0 0 0 0 0 0 0 0 0 500 0 0 0
"229" 229 0.0342205323194 0 0 0 0 0 0 0 0 0 93 0 0 0 0 0 0 0 0 407 0
"230" 230 0.0 0 0 13 0 0 0 0 0 0 0 487 0 0 0 0 0 0 0 0 0
"231" 231 0.0 22 0 0 0 0 0 0 0 12 0 466 0 0 0 0 0 0 0 0 0
"232" 232 0.00632911392405 498 1 0 0 0 0 0 0 0 0 1 0 0 0 0 0 0 0 0 0
"233" 233 0.0116279069767 0 0 11 0 0 0 6 0 480 0 3 0 0 0 0 0 0 0 0 0
"234" 234 0.0143540669856 0 0 0 0 0 0 0 0 0 0 0 0 500 0 0 0 0 0 0 0
"235" 235 0.0188679245283 0 0 0 0 0 0 0 500 0 0 0 0 0 0 0 0 0 0 0 0
"236" 236 0.218390804598 0 0 161 0 4 3 1 0 38 0 13 0 1 0 0 0 12 52 0 215
"237" 237 0.0547263681592 0 0 0 6 0 0 0 0 0 0 0 0 0 494 0 0 0 0 0 0
"238" 238 0.304635761589 0 4 63 0 265 2 0 0 62 0 0 0 0 0 75 0 0 29 0 0
"239" 239 0.519230769231 0 0 0 0 0 0 0 0 0 0 0 500 0 0 0 0 0 0 0 0
"240" 240 0.314465408805 0 151 0 202 0 10 0 0 0 0 0 0 0 0 1 0 0 134 0 2
"241" 241 0.0 0 0 6 0 0 0 0 0 0 0 494 0 0 0 0 0 0 0 0 0
"242" 242 0.0172413793103 0 0 0 0 0 0 0 0 0 0 0 0 0 0 0 0 500 0 0 0
"243" 243 0.388392857143 0 0 0 1 0 335 0 0 0 0 0 0 0 0 133 2 0 29 0 0
"244" 244 0.386861313869 0 0 0 0 0 3 0 0 0 0 0 0 0 0 496 0 0 0 0 1
"245" 245 0.0152284263959 0 0 0 0 0 0 268 0 0 0 0 0 0 0 0 0 1 0 0 231
"246" 246 0.169230769231 0 0 0 500 0 0 0 0 0 0 0 0 0 0 0 0 0 0 0 0
"247" 247 0.707692307692 0 0 0 0 0 362 0 0 0 0 0 0 0 0 18 0 0 120 0 0
"248" 248 0.0662251655629 0 0 500 0 0 0 0 0 0 0 0 0 0 0 0 0 0 0 0 0
"249" 249 0.273255813953 0 0 0 0 0 500 0 0 0 0 0 0 0 0 0 0 0 0 0 0
"250" 250 0.010152284264 0 0 0 0 0 0 269 0 231 0 0 0 0 0 0 0 0 0 0 0
"251" 251 0.476793248945 0 0 0 0 0 499 0 0 0 0 0 0 0 0 0 0 0 1 0 0
"252" 252 0.147321428571 0 0 0 0 0 0 0 0 0 0 0 0 0 0 0 0 0 176 0 324
"253" 253 0.0 0 0 0 0 0 0 0 0 0 1 0 0 0 499 0 0 0 0 0 0
"254" 254 0.0 12 0 0 0 0 0 0 0 0 0 0 0 0 0 0 0 487 0 0 1
"255" 255 0.00574712643678 1 0 0 0 0 0 0 0 235 0 0 0 0 0 0 0 264 0 0 0
"256" 256 0.00581395348837 0 0 6 0 0 0 0 0 494 0 0 0 0 0 0 0 0 0 0 0
"257" 257 0.107692307692 0 379 3 118 0 0 0 0 0 0 0 0 0 0 0 0 0 0 0 0
"258" 258 0.0 0 0 500 0 0 0 0 0 0 0 0 0 0 0 0 0 0 0 0 0
"259" 259 0.0558375634518 0 0 0 0 0 0 500 0 0 0 0 0 0 0 0 0 0 0 0 0
"260" 260 0.261603375527 0 0 0 0 0 352 0 0 0 0 0 0 0 2 92 0 0 0 54 0
"261" 261 0.199004975124 0 0 0 0 165 0 0 0 0 68 0 0 0 0 2 263 0 0 0 2
"262" 262 0.245283018868 0 57 0 0 85 0 0 74 0 0 0 0 0 0 0 0 0 284 0 0
"263" 263 0.732142857143 0 0 0 0 0 354 0 0 0 0 0 0 0 0 54 0 0 92 0 0
"264" 264 0.6875 0 21 118 53 0 0 0 0 308 0 0 0 0 0 0 0 0 0 0 0
"265" 265 0.270042194093 0 0 0 0 0 500 0 0 0 0 0 0 0 0 0 0 0 0 0 0
"266" 266 0.658227848101 0 0 0 0 1 496 0 0 0 0 0 0 3 0 0 0 0 0 0 0
"267" 267 0.0355329949239 0 0 0 0 0 0 500 0 0 0 0 0 0 0 0 0 0 0 0 0
"268" 268 0.575892857143 0 0 0 0 0 488 0 0 0 0 0 0 0 0 12 0 0 0 0 0
"269" 269 0.302919708029 0 0 0 488 0 0 0 0 0 0 0 0 12 0 0 0 0 0 0 0
"270" 270 0.255230125523 0 0 0 0 0 0 0 0 0 275 0 0 0 13 1 0 0 0 201 10
"271" 271 0.413502109705 0 0 0 0 0 0 0 0 26 0 0 0 0 0 471 0 0 0 3 0
"272" 272 0.291479820628 0 0 0 0 0 0 15 0 0 0 0 0 0 0 0 0 5 0 0 480
"273" 273 0.114427860697 3 0 0 0 0 0 0 0 0 0 0 0 0 497 0 0 0 0 0 0
"274" 274 0.278145695364 0 31 468 0 0 1 0 0 0 0 0 0 0 0 0 0 0 0 0 0
"275" 275 0.00574712643678 0 0 0 0 0 0 14 0 0 0 0 0 0 0 0 0 443 0 0 43
"276" 276 0.0 0 0 0 0 0 0 0 0 0 0 457 43 0 0 0 0 0 0 0 0
"277" 277 0.440251572327 0 0 0 0 0 435 0 43 0 0 0 0 0 0 3 19 0 0 0 0
"278" 278 0.179104477612 0 0 0 0 0 0 31 0 0 0 0 0 1 355 0 12 27 5 0 69
"279" 279 0.00497512437811 0 0 0 0 0 0 0 0 0 0 1 0 0 499 0 0 0 0 0 0
"280" 280 0.0 0 0 0 0 0 0 0 0 0 0 500 0 0 0 0 0 0 0 0 0
"281" 281 0.290178571429 0 0 0 0 39 67 0 0 0 0 294 0 0 62 0 5 0 26 0 7
"282" 282 0.0077519379845 0 4 0 13 0 0 0 0 0 0 386 3 2 0 0 0 0 0 0 92
"283" 283 0.0 0 0 0 0 0 0 500 0 0 0 0 0 0 0 0 0 0 0 0 0
"284" 284 0.223350253807 0 0 0 0 0 0 233 0 0 0 0 0 0 244 18 0 0 5 0 0
"285" 285 0.164233576642 1 42 1 28 0 0 0 0 0 0 297 0 4 104 0 2 0 3 18 0
"286" 286 0.0919540229885 0 0 0 0 1 0 17 0 4 0 7 0 1 223 0 0 190 14 11 32
"287" 287 0.22009569378 0 0 0 0 20 0 0 0 0 1 163 0 2 0 0 0 0 61 253 0
"288" 288 0.473214285714 0 7 0 114 0 64 0 0 0 0 0 0 0 196 0 0 0 116 3 0
"289" 289 0.798206278027 0 0 0 500 0 0 0 0 0 0 0 0 0 0 0 0 0 0 0 0
"290" 290 0.340807174888 0 0 0 0 0 370 0 0 0 0 0 0 0 5 123 0 0 2 0 0
"291" 291 0.437086092715 0 0 2 0 0 498 0 0 0 0 0 0 0 0 0 0 0 0 0 0
"292" 292 0.114942528736 3 1 9 2 0 0 0 0 233 0 1 0 0 14 0 71 157 0 0 9
"293" 293 0.516556291391 0 0 0 0 0 497 0 0 0 0 0 0 0 0 0 0 0 3 0 0
"294" 294 0.631178707224 0 0 0 0 0 500 0 0 0 0 0 0 0 0 0 0 0 0 0 0
"295" 295 0.199004975124 0 34 18 65 8 5 0 0 4 0 29 7 0 327 0 0 0 0 0 3
"296" 296 0.573221757322 0 0 0 0 0 9 0 0 0 478 0 0 6 7 0 0 0 0 0 0
