"site" "RSA" "aa1" "aa2" "aa3" "aa4" "aa5" "aa6" "aa7" "aa8" "aa9" "aa10" "aa11" "aa12" "aa13" "aa14" "aa15" "aa16" "aa17" "aa18" "aa19" "aa20"
"0" 0 0.816513761468 0 0 0 0 0 426 0 0 0 0 0 0 0 0 0 0 0 0 0 74
"1" 1 0.384105960265 0 9 0 3 0 190 0 0 0 0 0 0 0 0 8 0 0 1 0 289
"2" 2 0.312820512821 0 5 0 31 0 98 0 0 34 0 3 0 9 1 4 0 0 22 0 293
"3" 3 0.0 82 0 0 0 0 0 3 0 42 0 1 0 0 0 0 0 372 0 0 0
"4" 4 0.121338912134 0 0 0 0 0 0 0 0 0 228 0 0 0 0 0 1 0 0 271 0
"5" 5 0.0 0 0 0 2 1 0 10 0 0 0 0 0 4 341 0 0 0 141 1 0
"6" 6 0.238341968912 0 21 0 0 1 4 0 0 0 0 0 0 0 136 217 0 1 7 0 113
"7" 7 0.0152284263959 0 0 0 0 0 0 1 0 0 0 0 0 0 0 0 0 499 0 0 0
"8" 8 0.0988372093023 0 0 0 0 24 174 0 0 0 0 1 0 1 0 3 0 297 0 0 0
"9" 9 0.320675105485 116 11 0 0 0 107 0 0 0 0 0 0 0 0 5 0 0 6 0 255
"10" 10 0.589743589744 0 0 0 500 0 0 0 0 0 0 0 0 0 0 0 0 0 0 0 0
"11" 11 0.576923076923 0 0 0 0 0 0 0 0 0 0 0 500 0 0 0 0 0 0 0 0
"12" 12 0.434108527132 0 0 0 0 0 500 0 0 0 0 0 0 0 0 0 0 0 0 0 0
"13" 13 0.74213836478 0 24 0 0 0 0 0 279 0 0 0 0 0 0 4 0 0 193 0 0
"14" 14 0.278606965174 0 0 0 0 0 0 0 0 0 0 0 0 0 500 0 0 0 0 0 0
"15" 15 0.269230769231 0 0 0 0 0 0 0 0 0 0 0 500 0 0 0 0 0 0 0 0
"16" 16 0.290697674419 0 0 0 0 0 13 111 0 0 0 0 0 0 0 23 0 150 57 0 146
"17" 17 0.0 171 0 2 0 2 0 313 0 0 0 1 0 0 0 0 0 8 3 0 0
"18" 18 0.354430379747 0 0 0 0 0 333 21 0 0 0 0 0 0 0 52 0 68 9 14 3
"19" 19 0.0 6 0 0 0 0 0 0 0 72 175 232 0 0 0 0 0 11 0 4 0
"20" 20 0.354430379747 0 0 0 0 0 356 0 0 0 0 0 0 0 0 36 0 0 10 3 95
"21" 21 0.0696517412935 0 0 0 0 0 0 0 0 0 0 0 0 0 500 0 0 0 0 0 0
"22" 22 0.196652719665 0 4 0 0 0 22 0 0 0 8 0 0 0 0 25 0 0 0 6 435
"23" 23 0.0984455958549 0 0 0 0 0 0 0 0 0 500 0 0 0 0 0 0 0 0 0 0
"24" 24 0.875647668394 0 416 0 0 0 74 0 0 0 0 0 0 0 0 0 0 0 10 0 0
"25" 25 0.183908045977 0 57 0 4 3 63 357 0 13 0 0 0 0 0 0 0 0 2 1 0
"26" 26 0.0 0 0 0 2 0 0 0 0 0 0 0 0 326 0 0 0 172 0 0 0
"27" 27 0.396226415094 0 0 137 0 0 200 0 163 0 0 0 0 0 0 0 0 0 0 0 0
"28" 28 0.573839662447 0 0 0 0 0 498 0 0 0 0 0 0 0 0 1 0 0 1 0 0
"29" 29 0.0 0 0 14 0 0 0 0 0 482 0 0 4 0 0 0 0 0 0 0 0
"30" 30 0.0 0 0 0 0 0 0 0 0 0 0 500 0 0 0 0 0 0 0 0 0
"31" 31 0.279069767442 0 0 0 1 2 409 0 0 0 0 39 0 0 4 0 0 0 45 0 0
"32" 32 0.0 0 12 0 224 0 0 264 0 0 0 0 0 0 0 0 0 0 0 0 0
"33" 33 0.0 0 0 0 0 0 0 0 0 0 483 4 0 2 0 0 0 0 0 11 0
"34" 34 0.0912408759124 0 0 7 0 1 4 0 0 0 0 13 0 0 1 369 0 0 0 0 105
"35" 35 0.031007751938 0 129 19 0 2 8 18 0 0 0 53 0 0 35 15 1 0 214 0 6
"36" 36 0.00497512437811 0 0 0 1 0 0 0 0 0 0 0 0 0 499 0 0 0 0 0 0
"37" 37 0.0126582278481 0 0 0 0 0 0 0 0 0 0 500 0 0 0 0 0 0 0 0 0
"38" 38 0.302325581395 0 6 5 0 0 192 0 0 0 0 0 0 0 8 145 0 0 67 0 77
"39" 39 0.278846153846 0 0 0 0 0 0 0 0 0 0 0 500 0 0 0 0 0 0 0 0
"40" 40 0.589285714286 0 7 121 85 0 10 0 0 0 0 65 4 0 18 12 0 10 168 0 0
"41" 41 0.485232067511 0 0 0 0 0 478 0 0 0 0 0 0 0 0 0 0 0 0 0 22
"42" 42 0.701923076923 0 0 0 0 0 0 0 0 0 0 0 500 0 0 0 0 0 0 0 0
"43" 43 0.238493723849 0 0 0 0 0 0 0 0 0 500 0 0 0 0 0 0 0 0 0 0
"44" 44 0.105769230769 0 0 0 0 0 0 0 0 0 0 0 500 0 0 0 0 0 0 0 0
"45" 45 0.0 0 0 0 0 0 0 0 0 0 314 0 0 0 0 0 1 0 0 185 0
"46" 46 0.511627906977 0 0 0 0 0 477 15 0 0 0 0 0 0 0 0 0 0 8 0 0
"47" 47 0.336538461538 0 0 0 0 0 0 0 0 0 0 0 500 0 0 0 0 0 0 0 0
"48" 48 0.046357615894 0 0 500 0 0 0 0 0 0 0 0 0 0 0 0 0 0 0 0 0
"49" 49 0.191387559809 0 0 0 0 0 7 0 0 0 0 0 0 492 0 0 0 0 1 0 0
"50" 50 0.0 0 0 0 0 0 0 0 0 0 343 1 0 0 0 0 0 0 0 156 0
"51" 51 0.11961722488 0 0 0 0 0 0 0 0 0 490 0 0 1 0 0 4 0 0 5 0
"52" 52 0.361313868613 0 0 0 0 0 11 0 0 0 0 0 0 0 0 465 0 0 0 0 24
"53" 53 0.00574712643678 0 0 0 0 0 0 38 0 0 0 0 0 0 0 0 0 462 0 0 0
"54" 54 0.121827411168 0 0 0 0 0 1 23 0 0 0 0 0 0 0 0 0 11 465 0 0
"55" 55 0.301886792453 0 0 8 0 0 492 0 0 0 0 0 0 0 0 0 0 0 0 0 0
"56" 56 0.663212435233 0 0 0 487 0 0 0 0 0 0 0 13 0 0 0 0 0 0 0 0
"57" 57 0.192468619247 0 0 319 174 0 0 0 0 0 0 0 0 0 0 0 0 0 6 0 1
"58" 58 0.0137614678899 0 0 0 0 0 4 0 0 0 86 0 0 409 0 0 0 0 1 0 0
"59" 59 0.0 481 0 18 0 0 0 0 0 0 0 0 0 0 0 0 0 1 0 0 0
"60" 60 0.139013452915 1 0 2 0 1 0 1 0 0 0 4 0 0 0 0 0 0 279 0 212
"61" 61 0.0 0 0 0 0 0 0 0 0 0 0 0 500 0 0 0 0 0 0 0 0
"62" 62 0.0 0 0 0 0 0 0 0 0 0 0 0 500 0 0 0 0 0 0 0 0
"63" 63 0.0103626943005 0 500 0 0 0 0 0 0 0 0 0 0 0 0 0 0 0 0 0 0
"64" 64 0.188284518828 0 0 0 0 0 0 0 0 0 248 0 0 149 0 0 0 0 0 103 0
"65" 65 0.488372093023 0 0 0 0 0 0 0 0 492 0 0 0 0 0 8 0 0 0 0 0
"66" 66 0.364341085271 0 0 0 0 0 0 0 0 0 0 0 0 0 0 500 0 0 0 0 0
"67" 67 0.201923076923 0 0 0 0 0 0 0 0 0 0 0 499 0 0 1 0 0 0 0 0
"68" 68 0.502564102564 0 500 0 0 0 0 0 0 0 0 0 0 0 0 0 0 0 0 0 0
"69" 69 0.298076923077 0 0 0 0 0 0 0 0 0 0 0 500 0 0 0 0 0 0 0 0
"70" 70 0.651162790698 0 0 0 0 0 0 0 0 500 0 0 0 0 0 0 0 0 0 0 0
"71" 71 0.173076923077 0 0 0 0 0 0 0 0 0 0 0 500 0 0 0 0 0 0 0 0
"72" 72 0.182692307692 0 0 0 0 0 0 0 0 0 0 0 500 0 0 0 0 0 0 0 0
"73" 73 0.35864978903 0 0 0 1 0 389 0 0 0 0 103 0 0 0 0 0 0 7 0 0
"74" 74 0.0198675496689 0 0 500 0 0 0 0 0 0 0 0 0 0 0 0 0 0 0 0 0
"75" 75 0.203045685279 0 0 1 0 0 0 376 0 102 0 0 0 0 0 0 0 21 0 0 0
"76" 76 0.406844106464 0 1 0 0 0 1 0 0 359 136 0 0 0 0 0 0 0 0 3 0
"77" 77 0.355769230769 0 0 0 0 0 0 0 0 0 0 0 500 0 0 0 0 0 0 0 0
"78" 78 0.573643410853 0 0 0 0 0 498 0 0 0 0 0 0 0 0 2 0 0 0 0 0
"79" 79 0.514767932489 0 0 0 0 0 0 0 0 0 0 0 0 0 0 4 0 0 2 494 0
"80" 80 0.100418410042 0 0 0 0 0 0 0 0 366 0 0 0 0 0 12 0 0 0 0 122
"81" 81 0.449612403101 0 0 0 0 0 500 0 0 0 0 0 0 0 0 0 0 0 0 0 0
"82" 82 0.124352331606 0 386 114 0 0 0 0 0 0 0 0 0 0 0 0 0 0 0 0 0
"83" 83 0.236607142857 0 0 0 0 0 0 0 0 0 0 0 0 0 0 0 0 0 500 0 0
"84" 84 0.235897435897 0 0 327 149 0 0 0 0 0 0 0 1 0 0 0 0 0 0 0 23
"85" 85 0.334728033473 0 0 0 0 0 0 0 0 0 395 0 0 0 0 0 0 0 0 105 0
"86" 86 0.587443946188 0 0 0 0 0 368 0 0 93 0 0 0 0 1 4 0 0 23 0 11
"87" 87 0.218905472637 0 0 2 4 4 0 0 0 0 0 0 0 0 482 0 0 0 0 0 8
"88" 88 0.552742616034 0 0 0 0 0 0 0 0 3 0 0 4 0 0 493 0 0 0 0 0
"89" 89 0.0 0 0 0 0 0 0 0 0 0 0 0 0 500 0 0 0 0 0 0 0
"90" 90 0.420512820513 0 90 57 352 1 0 0 0 0 0 0 0 0 0 0 0 0 0 0 0
"91" 91 0.324894514768 0 0 53 0 0 14 0 0 1 0 0 0 0 0 0 0 0 272 0 160
"92" 92 0.37106918239 0 0 52 0 0 0 0 431 0 0 0 0 0 0 0 0 0 17 0 0
"93" 93 0.0192307692308 0 0 0 0 0 0 0 0 0 0 0 500 0 0 0 0 0 0 0 0
"94" 94 0.0199004975124 0 0 0 0 0 0 0 0 0 0 0 0 0 500 0 0 0 0 0 0
"95" 95 0.0 0 0 0 0 0 0 0 0 0 242 0 0 0 187 0 2 0 0 69 0
"96" 96 0.0 0 0 496 0 0 0 0 0 2 1 0 1 0 0 0 0 0 0 0 0
"97" 97 0.0 0 0 0 0 0 0 0 0 0 0 0 0 2 0 0 4 0 0 0 494
"98" 98 0.062015503876 0 2 415 0 0 0 0 0 0 0 76 1 0 0 0 1 0 4 1 0
"99" 99 0.225641025641 0 0 0 500 0 0 0 0 0 0 0 0 0 0 0 0 0 0 0 0
"100" 100 0.635658914729 0 57 231 0 0 212 0 0 0 0 0 0 0 0 0 0 0 0 0 0
"101" 101 0.240384615385 0 0 0 0 0 0 0 0 0 0 0 500 0 0 0 0 0 0 0 0
"102" 102 0.654088050314 0 0 0 0 0 24 0 476 0 0 0 0 0 0 0 0 0 0 0 0
"103" 103 0.476923076923 0 24 0 0 0 0 0 0 0 0 0 0 476 0 0 0 0 0 0 0
"104" 104 0.156976744186 0 0 0 4 0 4 0 0 490 0 0 0 2 0 0 0 0 0 0 0
"105" 105 0.0 0 0 0 383 0 0 7 0 0 0 0 0 110 0 0 0 0 0 0 0
"106" 106 0.0961538461538 0 0 500 0 0 0 0 0 0 0 0 0 0 0 0 0 0 0 0 0
"107" 107 0.00662251655629 0 0 265 0 0 0 0 0 0 0 235 0 0 0 0 0 0 0 0 0
"108" 108 0.103139013453 0 0 5 0 206 0 1 0 0 0 0 0 0 0 288 0 0 0 0 0
"109" 109 0.0 0 0 0 0 0 0 0 0 0 414 0 0 0 0 0 0 0 0 86 0
"110" 110 0.0209205020921 1 0 340 0 1 11 0 0 0 1 2 1 0 0 0 0 0 0 0 143
"111" 111 0.0 0 0 0 0 0 0 482 0 0 0 0 0 0 11 0 0 2 5 0 0
"112" 112 0.0 0 0 418 0 0 0 0 0 82 0 0 0 0 0 0 0 0 0 0 0
"113" 113 0.0988372093023 0 0 0 0 0 0 0 0 467 0 0 0 18 0 0 0 0 0 0 15
"114" 114 0.252873563218 0 0 0 0 0 0 0 0 489 0 0 0 0 0 11 0 0 0 0 0
"115" 115 0.390804597701 0 0 0 0 0 489 0 0 0 0 0 0 0 0 1 0 10 0 0 0
"116" 116 0.0 4 0 0 1 281 0 0 0 1 0 0 0 0 84 0 0 0 73 0 56
"117" 117 0.403973509934 0 1 436 0 0 4 0 0 0 0 0 0 0 0 11 48 0 0 0 0
"118" 118 0.535460992908 0 0 0 0 0 427 0 0 0 0 0 0 0 0 0 61 0 10 2 0
"119" 119 0.089552238806 0 11 0 0 1 57 0 0 0 0 0 0 0 91 335 0 0 5 0 0
"120" 120 0.238341968912 0 500 0 0 0 0 0 0 0 0 0 0 0 0 0 0 0 0 0 0
"121" 121 0.413461538462 0 0 0 0 0 0 0 0 0 0 0 500 0 0 0 0 0 0 0 0
"122" 122 0.540084388186 0 0 0 0 0 489 0 0 0 0 0 0 0 0 11 0 0 0 0 0
"123" 123 0.157894736842 0 0 0 0 0 1 0 0 0 0 0 0 499 0 0 0 0 0 0 0
"124" 124 0.0 0 0 0 0 0 0 0 0 0 0 0 0 0 0 0 0 500 0 0 0
"125" 125 0.0172413793103 0 0 0 0 0 0 0 0 0 0 0 0 0 0 0 0 500 0 0 0
"126" 126 0.0 0 0 0 0 0 0 0 0 0 500 0 0 0 0 0 0 0 0 0 0
"127" 127 0.0 0 0 0 0 0 0 0 0 0 0 0 500 0 0 0 0 0 0 0 0
"128" 128 0.205357142857 0 0 0 0 0 12 101 0 0 0 0 0 0 0 270 0 0 115 0 2
"129" 129 0.0862068965517 20 0 0 3 0 0 2 0 5 0 158 0 0 0 0 0 312 0 0 0
"130" 130 0.380710659898 0 0 0 0 0 106 70 0 9 0 0 0 0 0 0 0 40 270 0 5
"131" 131 0.481865284974 0 0 415 0 0 85 0 0 0 0 0 0 0 0 0 0 0 0 0 0
"132" 132 0.0288461538462 0 0 0 0 0 0 0 0 0 0 0 500 0 0 0 0 0 0 0 0
"133" 133 0.238532110092 0 6 0 0 0 18 268 0 0 0 0 0 0 5 201 0 0 2 0 0
"134" 134 0.625641025641 0 0 0 0 0 465 0 0 0 0 0 0 0 13 0 0 0 22 0 0
"135" 135 0.0287356321839 0 0 0 0 0 0 0 0 0 0 0 0 0 0 0 0 500 0 0 0
"136" 136 0.0 0 3 3 0 0 0 139 0 0 0 23 1 0 5 0 0 314 0 0 12
"137" 137 0.544303797468 0 8 0 0 0 453 0 0 0 0 0 0 0 0 39 0 0 0 0 0
"138" 138 0.255813953488 0 0 0 0 0 0 0 0 0 0 28 0 0 0 459 13 0 0 0 0
"139" 139 0.0 0 0 0 0 0 0 457 0 0 0 0 0 0 0 0 0 1 0 0 42
"140" 140 0.129464285714 0 0 0 0 0 0 0 0 0 0 0 0 0 0 8 0 0 149 0 343
"141" 141 0.488372093023 0 0 43 0 0 457 0 0 0 0 0 0 0 0 0 0 0 0 0 0
"142" 142 0.138392857143 0 1 0 15 211 133 0 0 0 0 32 0 0 0 0 0 0 106 0 2
"143" 143 0.0192307692308 0 0 0 0 0 0 0 0 0 0 0 500 0 0 0 0 0 0 0 0
"144" 144 0.165562913907 0 4 496 0 0 0 0 0 0 0 0 0 0 0 0 0 0 0 0 0
"145" 145 0.721153846154 0 0 0 0 0 500 0 0 0 0 0 0 0 0 0 0 0 0 0 0
"146" 146 0.562913907285 0 0 500 0 0 0 0 0 0 0 0 0 0 0 0 0 0 0 0 0
"147" 147 0.0192307692308 0 0 0 0 0 0 0 0 0 0 0 500 0 0 0 0 0 0 0 0
"148" 148 0.64135021097 0 0 0 0 0 500 0 0 0 0 0 0 0 0 0 0 0 0 0 0
"149" 149 0.188679245283 0 0 0 0 0 0 0 500 0 0 0 0 0 0 0 0 0 0 0 0
"150" 150 0.700729927007 0 0 0 0 0 500 0 0 0 0 0 0 0 0 0 0 0 0 0 0
"151" 151 0.0993377483444 0 15 320 12 0 0 0 0 0 0 117 2 34 0 0 0 0 0 0 0
"152" 152 0.368613138686 0 0 0 0 0 33 0 0 0 0 0 0 0 218 192 0 0 57 0 0
"153" 153 0.0 0 0 0 0 0 0 495 0 0 0 0 0 0 5 0 0 0 0 0 0
"154" 154 0.236607142857 0 0 0 0 1 0 123 0 0 0 0 0 0 0 57 0 0 32 0 287
"155" 155 0.0 0 0 2 1 0 0 485 0 0 0 10 1 0 0 0 0 1 0 0 0
"156" 156 0.356589147287 0 0 0 0 1 293 0 0 0 0 201 0 0 0 0 0 0 4 0 1
"157" 157 0.523206751055 0 0 0 0 113 134 0 0 0 0 0 0 0 0 17 0 0 236 0 0
"158" 158 0.107594936709 0 0 500 0 0 0 0 0 0 0 0 0 0 0 0 0 0 0 0 0
"159" 159 0.0769230769231 0 0 0 0 0 0 0 0 0 0 0 500 0 0 0 0 0 0 0 0
"160" 160 0.367816091954 0 17 174 0 0 4 0 0 213 0 0 0 0 0 81 0 0 11 0 0
"161" 161 0.645569620253 2 12 11 0 0 5 100 0 349 0 8 1 0 0 4 0 0 5 0 3
