"site" "RSA" "aa1" "aa2" "aa3" "aa4" "aa5" "aa6" "aa7" "aa8" "aa9" "aa10" "aa11" "aa12" "aa13" "aa14" "aa15" "aa16" "aa17" "aa18" "aa19" "aa20"
"0" 0 0.283582089552 0 0 0 0 0 0 0 0 0 0 0 0 0 438 0 0 0 0 0 62
"1" 1 0.171532846715 0 0 0 0 0 0 0 0 0 0 0 0 0 0 500 0 0 0 0 0
"2" 2 0.0 0 0 0 0 0 0 0 0 0 0 0 0 0 0 0 0 500 0 0 0
"3" 3 0.0 0 0 0 0 0 0 0 0 0 0 0 0 0 500 0 0 0 0 0 0
"4" 4 0.0 0 0 0 0 0 0 0 0 0 0 0 0 0 0 0 0 500 0 0 0
"5" 5 0.100775193798 0 0 0 0 0 0 0 0 0 336 2 0 0 0 0 25 0 0 137 0
"6" 6 0.0287356321839 0 0 0 0 0 0 0 0 0 0 0 0 0 0 0 0 500 0 0 0
"7" 7 0.282700421941 0 0 5 0 36 416 0 0 1 2 6 0 0 3 1 0 0 29 0 1
"8" 8 0.244525547445 0 0 0 0 3 0 0 0 0 0 1 0 0 429 2 0 0 64 0 1
"9" 9 0.00574712643678 0 0 1 0 0 0 0 0 1 0 0 0 0 0 0 0 498 0 0 0
"10" 10 0.106598984772 0 0 0 0 0 0 476 0 0 0 0 0 0 0 0 0 24 0 0 0
"11" 11 0.124352331606 0 470 0 1 0 18 0 0 0 0 2 0 4 0 1 0 0 4 0 0
"12" 12 0.661596958175 0 1 135 1 10 49 31 0 0 0 115 5 7 7 8 62 18 21 29 1
"13" 13 0.573643410853 0 11 337 36 5 4 0 0 35 0 8 2 0 0 48 0 0 10 0 4
"14" 14 0.270114942529 0 0 1 0 44 2 56 0 2 0 0 0 0 0 11 0 384 0 0 0
"15" 15 0.814345991561 0 4 25 3 211 72 22 0 32 0 5 1 0 16 7 0 55 44 1 2
"16" 16 0.456852791878 0 0 120 0 15 0 15 0 243 1 30 10 0 0 46 0 13 3 0 4
"17" 17 0.580291970803 0 0 2 3 39 42 159 0 21 3 1 0 3 14 3 1 167 21 19 2
"18" 18 0.132183908046 0 0 0 0 0 0 0 0 1 0 0 0 0 0 0 0 498 0 1 0
"19" 19 0.286919831224 0 1 6 2 10 286 0 0 2 0 2 0 5 170 7 0 0 2 0 7
"20" 20 0.817610062893 0 7 4 1 0 2 0 474 1 0 5 0 0 0 0 1 0 4 0 1
"21" 21 0.502590673575 0 398 11 44 7 8 0 0 8 0 2 1 0 8 0 1 5 7 0 0
"22" 22 0.43795620438 0 0 0 35 2 414 0 0 0 0 0 2 28 0 11 0 0 2 6 0
"23" 23 0.424418604651 0 0 74 72 79 52 0 0 185 0 1 2 0 12 8 0 1 8 0 6
"24" 24 0.0480769230769 0 0 0 0 0 0 0 0 0 0 0 500 0 0 0 0 0 0 0 0
"25" 25 0.264367816092 0 0 0 0 4 3 9 0 112 0 0 1 0 0 0 0 338 16 0 17
"26" 26 0.16091954023 0 0 1 0 24 90 6 0 0 2 0 0 0 109 9 1 253 2 0 3
"27" 27 0.325581395349 0 0 0 0 2 7 0 0 43 0 0 0 0 0 429 0 1 17 0 1
"28" 28 0.730569948187 0 101 33 28 67 72 23 0 38 0 16 2 0 27 0 0 44 48 0 1
"29" 29 0.884615384615 0 0 0 0 0 0 0 0 0 0 0 500 0 0 0 0 0 0 0 0
"30" 30 0.166666666667 0 0 0 0 2 0 98 0 0 0 0 0 0 0 0 0 399 0 0 1
"31" 31 0.535864978903 0 2 3 0 111 165 17 26 69 0 6 0 0 23 12 0 29 37 0 0
"32" 32 0.191387559809 0 0 0 0 3 19 0 0 14 0 0 0 451 0 4 0 0 5 0 4
"33" 33 0.192052980132 0 1 463 3 0 0 0 0 26 0 0 7 0 0 0 0 0 0 0 0
"34" 34 0.0366972477064 0 0 0 0 0 0 0 0 1 0 1 0 0 0 0 0 28 0 0 470
"35" 35 0.00512820512821 0 8 0 492 0 0 0 0 0 0 0 0 0 0 0 0 0 0 0 0
"36" 36 0.182389937107 0 0 0 0 0 0 0 500 0 0 0 0 0 0 0 0 0 0 0 0
"37" 37 0.092050209205 0 0 0 7 0 0 0 0 0 159 0 0 0 0 0 0 0 0 334 0
"38" 38 0.0443037974684 500 0 0 0 0 0 0 0 0 0 0 0 0 0 0 0 0 0 0 0
"39" 39 0.303571428571 0 0 0 0 455 8 0 0 0 0 4 0 0 2 14 0 0 1 0 16
"40" 40 0.0304568527919 0 0 0 0 0 0 489 0 0 0 2 0 0 0 0 0 9 0 0 0
"41" 41 0.0 0 0 0 0 0 0 0 0 0 0 500 0 0 0 0 0 0 0 0 0
"42" 42 0.00574712643678 0 0 0 0 0 0 0 0 13 0 5 0 0 0 0 0 482 0 0 0
"43" 43 0.0178571428571 0 0 0 0 0 0 0 0 0 0 0 0 0 0 0 0 0 500 0 0
"44" 44 0.0267857142857 0 0 1 0 239 0 0 0 10 0 81 0 0 0 0 0 0 169 0 0
"45" 45 0.0 0 0 0 0 0 0 0 0 0 0 500 0 0 0 0 0 0 0 0 0
"46" 46 0.0172413793103 0 0 0 0 0 0 0 0 3 0 15 0 0 0 0 0 482 0 0 0
"47" 47 0.306569343066 0 0 4 3 123 8 5 0 0 0 18 0 0 11 300 1 0 26 0 1
"48" 48 0.00995024875622 0 0 0 1 1 0 0 0 0 0 1 0 0 257 0 0 0 3 0 237
"49" 49 0.206751054852 0 0 0 0 0 487 0 0 0 0 1 0 0 0 11 1 0 0 0 0
"50" 50 0.522321428571 0 0 0 0 0 0 0 0 0 0 1 0 0 0 0 0 0 499 0 0
"51" 51 0.493670886076 0 10 2 282 8 102 0 0 0 7 14 0 1 18 27 9 0 2 5 13
"52" 52 0.810126582278 0 7 0 294 7 19 0 0 0 0 1 164 2 0 4 0 0 2 0 0
"53" 53 0.358208955224 0 0 0 1 17 15 0 0 0 1 0 0 0 348 1 112 0 3 2 0
"54" 54 0.0402298850575 0 0 0 0 0 0 0 0 0 0 0 0 0 0 0 0 500 0 0 0
"55" 55 0.721518987342 0 480 1 2 1 4 0 0 1 0 1 1 0 2 0 0 1 6 0 0
"56" 56 0.205357142857 0 0 0 0 0 0 0 0 0 0 0 0 0 0 0 0 0 500 0 0
"57" 57 0.0 0 0 0 0 0 0 0 0 0 0 0 0 0 0 0 0 500 0 0 0
"58" 58 0.0 0 0 0 0 0 0 440 0 0 0 0 0 0 0 0 0 60 0 0 0
"59" 59 0.0077519379845 0 0 12 0 0 0 0 0 0 0 488 0 0 0 0 0 0 0 0 0
"60" 60 0.0114942528736 0 0 0 0 0 0 0 0 6 0 0 0 0 0 0 0 494 0 0 0
"61" 61 0.0198675496689 0 0 430 0 0 0 0 0 0 0 70 0 0 0 0 0 0 0 0 0
"62" 62 0.126582278481 500 0 0 0 0 0 0 0 0 0 0 0 0 0 0 0 0 0 0 0
"63" 63 0.0288461538462 0 0 0 0 0 0 0 0 0 0 0 500 0 0 0 0 0 0 0 0
"64" 64 0.138364779874 0 0 1 0 0 0 0 499 0 0 0 0 0 0 0 0 0 0 0 0
"65" 65 0.348837209302 0 102 56 46 10 63 0 0 11 9 26 3 0 7 3 90 1 38 25 10
"66" 66 0.412556053812 0 111 88 46 10 123 0 0 21 0 35 4 0 17 5 0 1 29 0 10
"67" 67 0.0253164556962 500 0 0 0 0 0 0 0 0 0 0 0 0 0 0 0 0 0 0 0
"68" 68 0.210762331839 0 0 1 0 483 1 0 0 4 0 0 0 0 0 3 0 0 0 0 8
"69" 69 0.53125 0 32 43 61 24 56 0 0 77 0 7 1 6 17 63 6 0 96 6 5
"70" 70 0.0406976744186 0 0 0 0 0 0 0 0 75 0 425 0 0 0 0 0 0 0 0 0
"71" 71 0.0 0 0 0 0 0 0 500 0 0 0 0 0 0 0 0 0 0 0 0 0
"72" 72 0.171532846715 0 0 0 0 3 115 0 0 12 63 18 0 0 19 22 1 0 69 141 37
"73" 73 0.372093023256 0 0 2 3 7 0 13 0 22 14 10 0 0 10 1 25 0 377 14 2
"74" 74 0.0 0 0 0 0 0 0 0 0 0 0 500 0 0 0 0 0 0 0 0 0
"75" 75 0.0 0 0 0 0 0 0 0 0 0 0 0 0 0 500 0 0 0 0 0 0
"76" 76 0.062015503876 0 0 0 0 0 0 0 0 0 0 500 0 0 0 0 0 0 0 0 0
"77" 77 0.0550458715596 0 0 0 1 0 0 0 0 0 0 0 0 3 3 0 0 0 0 0 493
"78" 78 0.144230769231 0 0 0 0 0 0 0 0 0 0 0 500 0 0 0 0 0 0 0 0
"79" 79 0.0077519379845 0 0 1 0 0 0 0 0 0 0 499 0 0 0 0 0 0 0 0 0
"80" 80 0.295336787565 0 500 0 0 0 0 0 0 0 0 0 0 0 0 0 0 0 0 0 0
"81" 81 0.211678832117 0 0 0 0 0 0 0 0 1 0 0 0 0 0 499 0 0 0 0 0
"82" 82 0.00961538461538 0 0 0 0 0 0 0 0 0 0 0 500 0 0 0 0 0 0 0 0
"83" 83 0.00507614213198 0 0 0 0 0 0 481 0 1 0 0 0 0 0 0 0 18 0 0 0
"84" 84 0.0 0 0 0 0 0 0 0 0 0 0 0 0 499 1 0 0 0 0 0 0
"85" 85 0.0 0 0 0 0 0 0 97 0 0 0 0 0 0 0 0 0 403 0 0 0
"86" 86 0.308035714286 0 5 1 0 5 3 0 0 0 102 0 0 26 7 7 0 1 1 339 3
"87" 87 0.0114942528736 0 0 0 0 0 0 0 0 0 0 0 0 0 0 0 0 500 0 0 0
"88" 88 0.389937106918 0 0 0 0 0 0 0 500 0 0 0 0 0 0 0 0 0 0 0 0
"89" 89 0.572327044025 0 0 0 0 2 7 1 480 2 0 1 1 0 0 0 0 0 6 0 0
"90" 90 0.511627906977 0 218 13 57 20 42 1 0 11 0 24 3 0 14 9 1 5 81 0 1
"91" 91 0.433035714286 0 53 0 2 79 32 0 0 0 3 10 0 8 0 1 225 0 74 6 7
"92" 92 0.162790697674 0 1 4 1 1 0 0 0 1 73 300 0 15 0 1 5 0 0 97 1
"93" 93 0.584821428571 0 10 74 55 17 235 0 0 0 0 38 4 1 29 19 0 0 12 0 6
"94" 94 0.576642335766 0 5 0 37 3 7 0 0 9 5 0 1 18 22 319 1 0 7 60 6
"95" 95 0.189054726368 0 0 0 0 0 0 0 0 0 0 0 0 0 500 0 0 0 0 0 0
"96" 96 0.163461538462 0 0 3 0 0 0 0 0 10 3 0 484 0 0 0 0 0 0 0 0
"97" 97 0.0754716981132 0 0 5 0 0 0 0 483 0 0 12 0 0 0 0 0 0 0 0 0
"98" 98 0.338308457711 0 2 1 0 19 159 50 0 17 8 8 0 19 10 3 16 53 117 17 1
"99" 99 0.0313901345291 0 0 0 1 475 0 0 0 0 0 2 0 0 0 0 0 7 15 0 0
"100" 100 0.172413793103 0 0 0 0 4 0 447 0 0 0 1 0 0 0 0 0 45 0 0 3
"101" 101 0.0 0 0 0 0 0 0 0 0 0 0 500 0 0 0 0 0 0 0 0 0
"102" 102 0.36496350365 0 0 0 0 8 58 0 0 0 2 20 0 0 145 101 103 0 0 2 61
"103" 103 0.0229885057471 0 0 0 0 0 0 0 0 0 0 6 0 0 0 0 0 494 0 0 0
"104" 104 0.00995024875622 0 0 0 0 0 0 0 0 0 0 0 0 0 500 0 0 0 0 0 0
"105" 105 0.031007751938 0 0 0 0 0 0 0 0 0 0 500 0 0 0 0 0 0 0 0 0
"106" 106 0.215189873418 0 0 4 0 90 165 0 0 0 0 98 0 0 0 92 0 0 49 0 2
"107" 107 0.0 0 0 0 0 0 0 5 0 0 0 0 0 0 495 0 0 0 0 0 0
"108" 108 0.0077519379845 0 0 4 0 0 0 0 0 0 0 496 0 0 0 0 0 0 0 0 0
"109" 109 0.59375 0 39 8 92 48 139 1 0 6 3 16 0 1 56 19 3 9 41 1 18
"110" 110 0.438818565401 0 0 0 0 2 493 0 0 0 0 0 0 0 2 1 0 0 2 0 0
"111" 111 0.0848214285714 0 0 0 0 3 0 0 0 0 0 0 0 0 0 0 0 0 497 0 0
"112" 112 0.645569620253 0 15 0 153 92 78 0 0 0 2 1 72 35 0 27 1 0 17 6 1
"113" 113 0.0344827586207 0 0 0 0 0 0 0 0 25 0 18 0 0 0 0 0 457 0 0 0
"114" 114 0.305699481865 0 467 0 1 0 0 0 0 0 0 0 0 29 0 0 0 0 0 0 3
"115" 115 0.00497512437811 0 0 0 0 0 0 6 0 0 0 0 0 0 493 0 0 1 0 0 0
"116" 116 0.0 0 0 0 0 0 0 0 0 0 0 0 0 0 0 0 0 500 0 0 0
"117" 117 0.00497512437811 0 0 0 0 0 0 0 0 0 0 0 0 0 500 0 0 0 0 0 0
"118" 118 0.0348258706468 0 0 18 0 2 0 0 0 8 0 15 0 0 437 0 0 17 1 0 2
"119" 119 0.125 0 0 0 0 0 0 0 0 0 0 0 500 0 0 0 0 0 0 0 0
"120" 120 0.206751054852 0 1 3 0 0 487 0 0 0 0 3 0 1 0 4 0 0 1 0 0
"121" 121 0.219730941704 0 0 7 0 241 162 0 0 0 0 6 2 0 2 56 0 0 18 0 6
"122" 122 0.100775193798 0 1 426 3 1 0 0 0 0 0 26 0 0 27 6 0 0 10 0 0
"123" 123 0.243654822335 0 0 2 0 0 0 461 0 8 0 2 1 0 0 0 0 19 1 0 6
"124" 124 0.39896373057 0 1 0 0 3 3 71 0 0 0 0 0 0 3 0 0 13 372 0 34
"125" 125 0.316062176166 0 436 5 16 2 3 0 0 9 0 2 1 1 11 4 0 0 6 1 3
"126" 126 0.497409326425 0 0 1 320 22 106 0 0 0 0 1 4 39 0 3 0 0 4 0 0
"127" 127 0.272151898734 500 0 0 0 0 0 0 0 0 0 0 0 0 0 0 0 0 0 0 0
"128" 128 0.194871794872 0 20 0 112 0 0 0 0 0 0 0 289 67 0 4 0 0 8 0 0
"129" 129 0.390134529148 0 0 0 0 138 129 0 0 0 0 3 0 2 0 222 0 0 6 0 0
"130" 130 0.197674418605 0 0 2 0 0 0 0 0 441 0 53 3 0 1 0 0 0 0 0 0
"131" 131 0.0288461538462 0 0 2 0 0 0 0 12 0 0 45 439 0 0 0 2 0 0 0 0
"132" 132 0.215246636771 0 64 6 25 51 64 9 0 16 3 85 4 2 27 7 11 18 25 76 7
"133" 133 0.275229357798 0 0 0 3 4 31 0 0 0 12 1 0 2 406 1 3 0 0 22 15
"134" 134 0.0 0 0 0 0 0 0 0 0 461 0 39 0 0 0 0 0 0 0 0 0
"135" 135 0.0 0 0 2 0 0 0 0 0 0 0 496 2 0 0 0 0 0 0 0 0
"136" 136 0.423076923077 0 9 14 14 50 133 0 0 63 2 79 1 7 58 7 0 0 45 7 11
"137" 137 0.330543933054 0 0 0 1 2 0 0 0 0 248 2 0 4 57 1 0 0 2 182 1
"138" 138 0.109452736318 0 0 0 0 0 0 0 0 0 0 0 0 0 500 0 0 0 0 0 0
"139" 139 0.772020725389 0 15 1 181 3 40 0 0 0 0 1 92 145 0 15 0 0 4 3 0
"140" 140 0.170212765957 0 0 0 0 0 0 0 0 0 0 0 0 0 0 0 500 0 0 0 0
"141" 141 0.301886792453 0 0 0 0 1 0 0 498 0 0 0 0 0 0 0 0 0 1 0 0
"142" 142 0.367713004484 0 0 22 0 12 15 230 0 15 2 59 0 0 0 5 2 16 17 16 89
"143" 143 0.0 0 0 0 0 0 0 0 0 0 0 0 500 0 0 0 0 0 0 0 0
"144" 144 0.0348837209302 0 0 336 2 1 0 0 0 90 0 49 5 1 7 0 0 0 2 0 7
"145" 145 0.192468619247 0 9 0 322 1 44 0 0 0 0 0 3 21 0 99 0 0 0 0 1
"146" 146 0.0 0 0 0 0 0 0 0 0 0 0 500 0 0 0 0 0 0 0 0 0
"147" 147 0.0860927152318 0 0 20 0 0 6 158 0 63 0 4 0 0 0 9 0 238 0 0 2
"148" 148 0.367713004484 0 0 28 0 38 42 0 0 0 15 9 0 17 39 47 2 0 135 69 59
"149" 149 0.0229885057471 0 0 0 0 0 0 77 0 0 0 0 0 0 0 0 0 423 0 0 0
"150" 150 0.226744186047 0 3 15 1 41 67 33 0 26 8 2 1 1 63 44 0 122 48 16 9
"151" 151 0.114427860697 0 0 0 0 0 0 0 0 2 0 0 0 0 395 0 0 103 0 0 0
"152" 152 0.433035714286 0 142 9 67 12 19 1 0 4 0 8 0 0 197 23 0 7 11 0 0
"153" 153 0.625 0 0 0 0 0 0 0 0 0 0 0 500 0 0 0 0 0 0 0 0
"154" 154 0.528497409326 0 109 8 216 45 39 0 0 34 0 4 10 2 9 1 0 1 19 1 2
"155" 155 0.244725738397 0 0 3 0 34 124 33 0 64 38 0 0 3 0 28 0 9 5 94 65
"156" 156 0.0 0 0 0 0 0 0 0 0 0 0 0 0 0 499 0 0 0 0 0 1
"157" 157 0.35864978903 0 4 0 4 8 203 70 0 1 0 4 0 0 12 77 0 57 59 0 1
"158" 158 0.0 0 0 0 0 0 0 0 0 0 0 0 0 0 0 0 0 500 0 0 0
"159" 159 0.290178571429 0 1 0 1 19 50 0 0 11 0 0 0 0 93 69 0 179 64 0 13
"160" 160 0.131386861314 0 0 0 0 0 0 0 0 0 0 0 0 0 0 500 0 0 0 0 0
"161" 161 0.254464285714 0 3 1 1 28 5 1 0 0 0 2 0 0 14 427 2 10 3 2 1
"162" 162 0.319796954315 0 0 0 0 0 0 454 0 5 0 0 0 0 0 2 0 39 0 0 0
"163" 163 0.943005181347 0 155 19 31 19 30 0 96 7 0 41 7 1 5 1 0 2 86 0 0
"164" 164 0.817307692308 0 62 13 244 34 23 1 0 25 4 1 11 6 24 5 11 0 16 14 6
"165" 165 0.326923076923 0 0 0 0 0 0 0 0 0 0 0 500 0 0 0 0 0 0 0 0
"166" 166 0.437810945274 0 2 8 6 15 42 5 0 65 15 5 0 3 215 8 0 10 42 58 1
"167" 167 0.321428571429 0 0 4 0 127 3 0 0 0 0 1 0 0 83 5 0 0 274 0 3
"168" 168 0.459302325581 0 3 4 2 4 13 68 0 111 0 2 2 0 10 15 0 156 84 0 26
"169" 169 0.28855721393 0 0 0 1 5 1 0 0 2 0 0 0 0 79 7 0 398 4 0 3
"170" 170 0.64598540146 0 0 0 1 5 0 115 0 11 42 0 0 1 36 4 0 141 3 134 7
"171" 171 0.0796019900498 0 0 0 0 0 0 0 0 0 0 0 0 0 500 0 0 0 0 0 0
"172" 172 0.582278481013 0 1 16 0 95 104 25 0 42 1 6 0 0 45 6 0 89 65 2 3
"173" 173 0.174129353234 0 0 0 0 0 0 0 0 0 0 0 0 0 500 0 0 0 0 0 0
"174" 174 0.276729559748 0 0 0 0 0 0 0 500 0 0 0 0 0 0 0 0 0 0 0 0
"175" 175 0.0 0 0 61 0 0 0 0 0 2 0 437 0 0 0 0 0 0 0 0 0
"176" 176 0.0 0 0 0 0 0 0 0 0 0 0 0 0 0 0 0 0 500 0 0 0
"177" 177 0.0 0 0 0 0 0 0 0 0 0 0 0 0 0 0 0 0 500 0 0 0
"178" 178 0.00581395348837 0 1 15 0 25 0 0 0 389 0 67 3 0 0 0 0 0 0 0 0
"179" 179 0.0 0 0 1 0 0 0 0 0 0 0 497 2 0 0 0 0 0 0 0 0
"180" 180 0.0777202072539 0 486 1 0 0 0 0 0 0 0 8 0 5 0 0 0 0 0 0 0
"181" 181 0.492537313433 0 0 58 7 6 7 0 0 0 0 40 2 0 29 0 0 1 349 0 1
"182" 182 0.664233576642 0 15 0 114 57 22 0 0 1 0 9 192 0 38 6 0 0 24 0 22
"183" 183 0.0597014925373 0 0 0 0 0 0 0 0 0 0 0 0 0 500 0 0 0 0 0 0
"184" 184 0.0871794871795 0 0 0 355 0 0 0 0 145 0 0 0 0 0 0 0 0 0 0 0
"185" 185 0.741071428571 0 24 5 25 109 35 99 0 32 0 2 0 1 16 1 1 128 20 1 1
"186" 186 0.201257861635 0 0 0 0 0 0 0 500 0 0 0 0 0 0 0 0 0 0 0 0
"187" 187 0.273722627737 0 0 0 0 0 0 0 0 0 0 0 0 0 0 500 0 0 0 0 0
"188" 188 0.817490494297 0 20 30 43 157 53 6 0 12 2 12 5 2 80 3 0 13 37 14 11
"189" 189 0.232558139535 0 0 2 0 0 0 0 13 0 0 484 1 0 0 0 0 0 0 0 0
"190" 190 0.424418604651 0 3 34 5 234 52 0 0 59 1 4 5 0 56 36 1 0 8 1 1
"191" 191 0.666666666667 0 90 11 8 11 25 14 25 55 0 14 8 1 19 3 0 17 195 1 3
"192" 192 0.440251572327 0 98 42 45 11 22 0 2 14 0 12 2 3 3 2 0 2 236 2 4
"193" 193 0.333333333333 0 16 0 8 195 13 0 0 0 0 12 0 0 33 52 33 0 125 0 13
"194" 194 0.375634517766 0 0 0 5 11 228 13 0 0 2 2 1 0 106 9 98 1 4 13 7
"195" 195 0.467889908257 0 6 1 17 18 357 20 0 0 0 5 0 0 15 28 1 8 23 1 0
"196" 196 0.556962025316 0 36 3 29 43 171 14 0 6 0 58 0 1 28 10 0 0 99 0 2
"197" 197 0.015503875969 0 0 0 0 0 0 0 0 0 0 500 0 0 0 0 0 0 0 0 0
"198" 198 0.518987341772 0 13 1 17 65 90 2 0 3 2 43 0 1 166 24 2 1 58 5 7
"199" 199 0.696202531646 0 26 5 61 39 209 4 0 0 0 19 2 0 47 39 1 4 40 0 4
"200" 200 0.274261603376 0 0 0 0 0 373 0 0 0 2 1 0 0 63 60 0 0 0 1 0
"201" 201 0.620253164557 0 6 25 17 196 47 0 0 79 0 9 5 2 77 0 0 1 27 1 8
"202" 202 0.0456852791878 0 0 0 0 0 0 498 0 0 0 0 0 0 0 0 0 2 0 0 0
"203" 203 0.379464285714 0 1 0 0 4 3 2 0 1 0 0 0 0 3 0 0 3 482 0 1
"204" 204 0.367816091954 0 0 1 0 0 9 45 0 3 0 0 0 0 0 11 0 422 7 0 2
"205" 205 0.0964467005076 0 0 0 0 0 0 350 0 19 0 0 0 0 0 114 0 17 0 0 0
"206" 206 0.464135021097 0 0 16 3 15 139 0 0 208 7 2 0 0 2 8 10 2 31 32 25
"207" 207 0.0817610062893 0 0 0 0 0 0 0 500 0 0 0 0 0 0 0 0 0 0 0 0
"208" 208 0.528846153846 0 71 109 43 12 79 1 0 17 0 53 11 0 19 12 6 1 54 0 12
"209" 209 0.580310880829 0 412 5 4 8 0 0 0 2 1 5 0 51 0 0 0 1 6 1 4
"210" 210 0.134328358209 0 0 0 0 0 0 0 0 0 0 0 0 0 500 0 0 0 0 0 0
"211" 211 0.653846153846 0 0 0 0 0 0 0 0 0 0 0 500 0 0 0 0 0 0 0 0
"212" 212 0.051724137931 0 0 0 0 0 0 0 0 0 0 0 0 0 0 0 0 500 0 0 0
"213" 213 0.549222797927 0 24 257 28 36 41 0 0 1 0 33 4 0 36 7 3 0 13 3 14
"214" 214 0.199004975124 0 0 0 0 0 0 0 0 14 0 0 0 0 486 0 0 0 0 0 0
"215" 215 0.453488372093 0 22 26 4 22 31 2 0 38 2 11 0 5 6 6 1 21 296 6 1
"216" 216 0.284768211921 0 0 391 0 0 0 0 0 0 0 108 1 0 0 0 0 0 0 0 0
"217" 217 0.818565400844 0 195 12 71 33 30 1 0 78 8 2 9 8 11 7 0 1 14 16 4
"218" 218 0.731343283582 0 13 14 18 81 4 9 0 5 4 3 1 1 130 4 0 9 25 17 162
"219" 219 0.708609271523 0 0 233 1 26 133 0 0 1 12 8 0 1 9 22 0 0 9 43 2
"220" 220 0.632183908046 0 0 1 1 81 150 58 0 87 0 0 0 0 4 0 0 111 1 0 6
"221" 221 0.781725888325 0 43 8 11 18 70 42 0 44 0 12 8 6 18 2 0 61 155 1 1
"222" 222 0.291390728477 0 0 50 3 21 253 0 0 1 2 30 0 1 0 108 0 0 7 2 22
"223" 223 0.235632183908 0 0 0 0 15 1 0 0 0 0 1 0 0 0 0 0 483 0 0 0
"224" 224 0.504464285714 0 0 1 0 3 8 4 0 61 0 0 1 1 0 0 0 15 405 0 1
"225" 225 0.580310880829 0 1 31 8 6 204 1 98 4 0 35 2 1 2 27 0 0 58 0 22
"226" 226 0.666666666667 0 3 8 0 1 1 0 482 1 0 1 0 1 0 0 0 0 1 0 1
"227" 227 0.823899371069 0 0 5 0 2 4 0 484 1 0 2 0 0 0 0 0 0 2 0 0
"228" 228 0.85201793722 0 0 18 1 331 20 0 0 70 4 0 5 5 27 2 0 2 11 3 1
"229" 229 0.875912408759 0 17 32 17 51 54 26 0 127 0 4 1 0 15 8 0 63 79 3 3
"230" 230 0.755813953488 0 9 64 5 45 70 11 7 103 4 15 1 4 19 3 2 34 89 12 3
"231" 231 0.744186046512 0 32 153 6 25 32 1 101 13 0 54 7 2 12 7 0 3 48 1 3
"232" 232 0.759615384615 0 0 28 0 0 0 0 0 2 0 0 470 0 0 0 0 0 0 0 0
"233" 233 0.701149425287 0 5 8 5 17 9 40 0 123 22 4 1 9 14 26 15 139 9 53 1
"234" 234 0.835443037975 0 10 16 9 46 31 53 0 133 2 2 0 0 21 11 0 95 68 1 2
"235" 235 0.258620689655 0 0 1 0 0 0 0 0 38 48 0 0 14 0 0 0 383 0 16 0
"236" 236 0.611607142857 0 158 28 129 16 50 1 0 30 0 7 2 0 8 6 0 6 49 0 10
"237" 237 0.383720930233 0 0 46 0 2 0 0 0 444 0 1 0 0 1 3 0 0 1 2 0
"238" 238 0.656976744186 0 152 13 30 18 37 17 0 80 1 35 9 0 17 11 1 13 55 5 6
"239" 239 0.696428571429 0 183 11 37 56 37 0 0 13 0 32 9 0 19 6 1 3 81 0 12
"240" 240 0.259067357513 0 110 1 0 51 2 0 0 25 0 20 1 193 0 12 0 3 80 0 2
"241" 241 0.398009950249 0 3 1 0 11 142 0 0 1 0 31 0 0 169 17 0 0 113 1 11
"242" 242 0.333333333333 0 20 2 35 30 135 40 0 17 0 40 0 0 70 39 0 27 28 2 15
"243" 243 0.317829457364 0 47 8 71 31 54 16 0 16 1 88 8 1 9 113 5 0 28 3 1
"244" 244 0.303797468354 0 1 2 0 133 14 6 0 2 0 56 3 0 3 58 3 6 186 1 26
"245" 245 0.298507462687 0 12 0 5 20 20 0 0 0 0 10 0 0 280 107 1 0 27 2 16
"246" 246 0.518987341772 0 0 11 0 20 188 7 0 1 0 158 2 10 0 38 3 0 56 0 6
"247" 247 0.651785714286 0 7 1 36 25 184 3 0 0 0 31 0 2 38 62 2 0 103 0 6
"248" 248 0.51269035533 0 76 5 117 68 26 1 0 3 29 5 6 6 62 9 0 0 31 32 24
"249" 249 0.5 0 0 0 0 0 0 0 0 0 0 0 500 0 0 0 0 0 0 0 0
"250" 250 0.660583941606 0 13 0 3 132 60 16 0 2 7 1 0 4 41 8 0 47 89 75 2
"251" 251 0.664974619289 0 2 4 3 83 108 16 0 0 0 21 47 1 15 20 0 146 15 0 19
