"site" "RSA" "aa1" "aa2" "aa3" "aa4" "aa5" "aa6" "aa7" "aa8" "aa9" "aa10" "aa11" "aa12" "aa13" "aa14" "aa15" "aa16" "aa17" "aa18" "aa19" "aa20"
"0" 0 0.275229357798 0 2 128 0 4 3 5 179 30 2 57 40 1 8 3 13 14 8 1 2
"1" 1 0.723214285714 0 37 50 21 23 15 0 0 8 1 15 21 4 2 4 13 1 278 4 3
"2" 2 0.317948717949 0 132 33 78 23 62 0 0 14 0 43 9 2 29 33 1 1 33 1 6
"3" 3 0.0836820083682 0 0 0 0 0 0 0 0 0 461 0 0 0 0 0 0 0 0 39 0
"4" 4 0.390134529148 0 14 25 6 134 81 15 0 4 8 6 0 4 56 28 7 9 71 10 22
"5" 5 0.316455696203 0 3 5 7 12 36 106 4 31 1 4 0 4 50 11 146 58 7 0 15
"6" 6 0.402298850575 0 0 0 0 9 4 301 0 1 0 0 0 0 73 1 0 105 2 0 4
"7" 7 0.482142857143 0 2 8 1 28 15 0 0 174 0 7 5 0 0 16 0 0 198 0 46
"8" 8 0.514767932489 0 1 15 2 31 48 148 0 25 0 15 2 0 0 38 0 129 33 0 13
"9" 9 0.395939086294 0 0 8 2 1 2 277 0 52 0 3 1 0 0 14 0 131 1 0 8
"10" 10 0.240384615385 0 0 0 0 0 0 0 0 0 0 0 500 0 0 0 0 0 0 0 0
"11" 11 0.683035714286 0 0 23 0 105 131 30 0 4 0 19 0 2 0 44 0 23 92 0 27
"12" 12 0.336538461538 0 0 67 0 0 3 0 0 6 0 7 415 0 0 0 0 2 0 0 0
"13" 13 1.06976744186 0 231 10 72 43 17 0 0 9 3 26 43 3 8 5 0 0 22 1 7
"14" 14 0.269230769231 0 0 0 0 0 0 0 0 0 0 0 500 0 0 0 0 0 0 0 0
"15" 15 0.14367816092 0 0 6 0 13 85 58 24 17 0 47 1 1 1 36 0 132 60 7 12
"16" 16 0.183908045977 0 0 3 0 10 19 255 0 4 0 2 0 0 7 6 0 155 18 0 21
"17" 17 0.171102661597 0 0 0 0 0 0 0 0 0 117 0 0 1 1 0 48 0 0 333 0
"18" 18 0.240506329114 0 0 0 0 18 153 0 0 0 0 6 0 0 0 288 0 0 19 0 16
"19" 19 0.0 0 0 1 0 0 0 0 0 0 0 495 4 0 0 0 0 0 0 0 0
"20" 20 0.357664233577 0 0 1 0 205 26 25 0 1 0 3 0 0 0 193 0 12 14 0 20
"21" 21 0.0923076923077 0 330 4 84 12 4 0 0 0 0 2 0 13 0 1 0 0 30 0 20
"22" 22 0.455696202532 0 0 10 0 46 274 24 0 7 0 22 7 1 0 75 0 10 11 0 13
"23" 23 0.696517412935 0 42 20 37 23 92 33 0 29 0 28 25 5 27 26 0 60 43 1 9
"24" 24 0.563953488372 0 25 59 35 18 47 0 0 179 4 4 2 7 35 61 0 0 16 4 4
"25" 25 0.432692307692 0 0 0 1 0 0 0 0 0 0 0 499 0 0 0 0 0 0 0 0
"26" 26 0.379464285714 0 9 11 8 93 28 70 0 34 7 13 2 12 48 13 0 110 34 0 8
"27" 27 0.350574712644 0 22 1 0 9 5 61 0 29 0 0 0 1 0 0 0 165 205 0 2
"28" 28 0.0 0 0 0 0 0 0 0 0 3 0 0 0 0 0 0 0 497 0 0 0
"29" 29 0.124031007752 0 1 107 0 10 1 40 0 7 0 168 5 0 2 5 0 0 6 0 148
"30" 30 0.0 0 0 0 0 0 0 0 0 0 0 1 0 0 487 0 0 0 0 0 12
"31" 31 0.177215189873 0 1 0 0 1 496 0 0 0 0 0 0 0 0 0 1 1 0 0 0
"32" 32 0.0759493670886 0 0 2 3 140 134 0 0 0 1 6 0 0 1 29 0 0 169 2 13
"33" 33 0.10152284264 0 1 0 0 15 0 302 0 2 0 0 0 0 0 0 0 180 0 0 0
"34" 34 0.489051094891 0 16 43 22 46 51 21 4 52 6 23 5 2 40 23 6 38 80 16 6
"35" 35 0.139303482587 0 0 0 0 0 0 1 0 0 0 0 0 0 496 0 0 3 0 0 0
"36" 36 0.378238341969 0 279 4 38 25 16 0 0 4 13 25 1 9 22 11 2 0 20 13 18
"37" 37 0.343023255814 0 1 59 0 0 5 3 0 166 2 48 8 13 0 2 18 91 1 11 72
"38" 38 0.723214285714 0 72 67 61 23 29 2 0 109 3 17 9 4 36 13 2 6 36 2 9
"39" 39 0.593023255814 0 15 26 0 15 2 0 0 81 3 37 308 0 1 2 0 0 9 0 1
"40" 40 0.709821428571 0 42 58 94 58 45 2 0 95 2 6 11 6 24 13 1 3 27 4 9
"41" 41 0.288461538462 0 0 0 0 0 0 0 0 0 0 0 500 0 0 0 0 0 0 0 0
"42" 42 0.362068965517 0 0 0 0 14 2 214 0 27 0 1 0 0 0 0 0 230 7 0 5
"43" 43 0.207547169811 0 6 5 0 1 1 0 483 0 0 3 0 0 1 0 0 0 0 0 0
"44" 44 0.569536423841 0 48 92 37 12 40 5 79 17 0 20 11 2 18 8 33 6 52 3 17
"45" 45 0.348837209302 0 27 23 4 47 17 0 0 24 0 30 59 2 0 173 0 3 57 0 34
"46" 46 0.0 0 0 14 0 0 0 0 0 0 0 484 2 0 0 0 0 0 0 0 0
"47" 47 0.482233502538 0 1 6 10 40 110 174 0 6 3 11 1 1 57 13 0 36 24 4 3
"48" 48 0.29197080292 0 6 5 23 11 46 1 0 0 1 35 2 1 53 192 40 0 7 1 76
"49" 49 0.0267857142857 0 1 0 0 2 0 0 0 0 0 0 0 0 0 2 0 0 495 0 0
"50" 50 0.121827411168 0 0 1 0 0 0 478 0 0 0 3 0 0 0 0 0 13 4 0 1
"51" 51 0.403973509934 0 25 30 52 37 99 5 0 20 1 25 5 1 77 36 3 7 49 0 28
"52" 52 0.0597014925373 0 0 0 1 0 0 0 0 0 0 0 0 0 499 0 0 0 0 0 0
"53" 53 0.0398009950249 0 0 0 1 0 0 0 0 0 0 1 0 0 498 0 0 0 0 0 0
"54" 54 0.632911392405 0 14 15 49 35 43 52 0 12 1 32 3 2 156 43 0 2 28 2 11
"55" 55 0.424107142857 0 39 12 101 60 60 0 0 18 0 13 11 3 79 31 0 0 45 2 26
"56" 56 0.0199004975124 0 0 0 0 1 0 0 0 0 0 0 0 0 499 0 0 0 0 0 0
"57" 57 0.594871794872 0 64 30 46 41 32 83 0 17 0 5 2 9 27 5 2 104 27 2 4
"58" 58 0.177033492823 0 0 0 0 0 0 0 0 0 0 0 0 500 0 0 0 0 0 0 0
"59" 59 0.566037735849 0 81 16 17 5 17 1 254 5 1 29 11 1 4 22 0 6 26 0 4
"60" 60 0.0564102564103 0 60 3 328 2 0 0 0 0 0 49 12 26 0 1 0 0 0 1 18
"61" 61 0.010152284264 0 0 0 0 0 0 486 0 0 0 0 0 0 0 0 0 14 0 0 0
"62" 62 0.0287356321839 0 0 10 1 70 0 281 0 16 0 25 0 0 5 0 0 70 22 0 0
"63" 63 0.430379746835 0 3 11 2 238 50 22 0 16 4 2 1 3 50 9 2 36 30 11 10
"64" 64 0.124378109453 0 0 0 0 0 0 0 0 0 0 0 0 0 500 0 0 0 0 0 0
"65" 65 0.268656716418 0 2 0 6 16 11 123 0 1 0 2 0 0 275 6 0 31 9 0 18
"66" 66 0.461139896373 0 89 67 41 0 0 0 0 0 0 166 136 0 0 0 0 0 0 0 1
"67" 67 0.155172413793 0 0 0 0 0 0 1 0 1 0 0 0 0 0 0 0 498 0 0 0
"68" 68 0.147208121827 0 1 1 2 8 0 352 0 1 0 4 0 0 32 0 0 89 9 0 1
"69" 69 0.66985645933 0 0 15 0 11 18 120 0 27 26 2 0 8 0 10 15 190 45 8 5
"70" 70 0.348837209302 0 3 41 1 0 0 0 0 440 0 0 4 0 1 0 0 0 6 0 4
"71" 71 0.723214285714 0 73 7 13 30 78 14 5 67 0 35 7 5 25 27 0 36 71 1 6
"72" 72 0.4 0 26 16 20 16 64 7 0 187 10 8 2 29 13 7 0 36 28 27 4
"73" 73 0.257383966245 0 0 39 1 2 44 1 0 62 5 140 9 87 0 23 0 71 3 4 9
"74" 74 0.0298507462687 0 0 0 0 3 0 0 0 0 0 0 0 0 496 0 0 0 0 0 1
"75" 75 0.0836501901141 0 0 0 1 1 1 0 0 0 103 0 0 3 1 4 7 0 3 375 1
"76" 76 0.0 0 0 0 3 10 0 0 0 0 5 7 0 0 475 0 0 0 0 0 0
"77" 77 0.0172413793103 0 0 0 0 0 0 11 0 2 0 1 0 0 0 0 0 486 0 0 0
"78" 78 0.0836820083682 0 0 0 0 0 4 0 0 0 494 0 0 0 1 0 1 0 0 0 0
"79" 79 0.174107142857 0 0 8 0 9 23 8 0 8 0 7 1 2 5 14 1 22 387 0 5
"80" 80 0.163179916318 0 0 0 0 8 0 0 0 0 309 0 0 9 19 0 29 0 0 126 0
"81" 81 0.0497512437811 0 0 2 2 5 1 0 0 3 41 1 0 2 304 0 0 0 0 49 90
"82" 82 0.377990430622 0 0 19 1 60 23 1 0 10 1 61 2 15 12 28 4 23 206 6 28
"83" 83 0.125560538117 0 2 12 0 61 2 0 0 12 0 11 20 0 12 99 0 0 182 0 87
"84" 84 0.217616580311 0 156 57 144 2 1 24 0 68 0 21 8 0 0 9 0 8 0 0 2
"85" 85 0.0 0 0 0 0 2 0 0 0 0 0 0 0 0 498 0 0 0 0 0 0
"86" 86 0.232067510549 0 3 9 2 81 42 0 0 0 10 81 1 9 20 8 33 0 159 30 12
"87" 87 0.485232067511 0 28 30 10 39 75 9 0 64 0 52 7 1 21 96 2 6 50 1 9
"88" 88 0.0334728033473 0 0 0 0 1 0 0 0 0 497 0 0 0 0 0 0 0 0 2 0
"89" 89 0.0321100917431 0 1 0 1 1 0 412 0 4 0 4 8 0 33 3 0 33 0 0 0
"90" 90 0.492227979275 0 42 11 21 59 69 39 0 16 4 35 5 6 29 56 4 27 47 8 22
"91" 91 0.612403100775 0 72 4 18 26 119 5 0 4 0 39 5 1 42 130 1 1 25 1 7
"92" 92 0.0927152317881 0 1 59 0 72 0 0 0 226 0 67 3 0 0 3 0 0 0 0 69
"93" 93 0.527131782946 0 1 155 3 18 52 3 0 4 1 134 23 1 18 31 0 0 43 7 6
"94" 94 0.880597014925 0 56 26 105 61 39 0 0 56 3 13 12 11 37 12 0 7 34 10 18
"95" 95 0.761627906977 0 10 16 24 25 44 14 0 167 15 8 4 9 24 16 0 40 35 47 2
"96" 96 0.173076923077 0 0 0 0 0 0 0 0 0 0 0 500 0 0 0 0 0 0 0 0
"97" 97 0.0710659898477 0 0 0 0 0 0 439 0 0 0 0 0 0 0 0 0 61 0 0 0
"98" 98 0.51572327044 0 0 3 2 12 5 1 413 11 0 3 0 0 7 10 0 3 30 0 0
"99" 99 0.283582089552 0 13 6 24 4 9 60 9 20 0 27 10 1 229 9 0 40 18 0 21
"100" 100 0.396226415094 0 109 14 22 7 40 0 113 22 0 43 2 0 26 16 0 0 45 0 41
"101" 101 0.0199004975124 0 0 0 0 0 0 0 0 0 0 0 0 0 498 0 2 0 0 0 0
"102" 102 0.0304568527919 0 0 0 0 0 0 478 0 1 0 0 0 0 0 0 0 21 0 0 0
"103" 103 0.0632911392405 0 0 1 0 20 347 0 0 4 0 12 0 0 0 95 0 0 21 0 0
"104" 104 0.0132450331126 0 0 361 0 0 0 0 0 0 0 134 5 0 0 0 0 0 0 0 0
"105" 105 0.0 0 0 0 0 0 0 0 0 0 375 3 0 1 8 0 0 0 0 113 0
"106" 106 0.0 0 0 0 0 0 0 0 0 0 0 0 0 0 500 0 0 0 0 0 0
"107" 107 0.209205020921 0 0 1 0 1 7 0 0 0 311 5 1 7 1 3 7 0 0 152 4
"108" 108 0.0582959641256 0 0 1 1 496 1 0 0 0 0 0 0 0 1 0 0 0 0 0 0
"109" 109 0.0 0 0 0 0 0 0 0 0 0 0 0 0 0 498 0 0 0 0 0 2
"110" 110 0.0 0 0 0 0 0 0 0 0 0 0 0 0 0 500 0 0 0 0 0 0
"111" 111 0.282511210762 0 1 17 2 154 15 0 0 3 0 167 5 0 5 23 0 0 40 0 68
"112" 112 0.0 0 0 0 0 0 0 0 0 0 0 0 500 0 0 0 0 0 0 0 0
"113" 113 0.0 0 0 1 0 0 0 0 0 4 0 3 0 0 488 0 0 4 0 0 0
"114" 114 0.116279069767 0 3 7 5 27 3 0 0 1 5 283 5 5 2 3 130 0 7 6 8
"115" 115 0.209205020921 0 0 0 0 0 0 0 0 0 253 0 0 0 0 0 3 0 0 244 0
"116" 116 0.0 500 0 0 0 0 0 0 0 0 0 0 0 0 0 0 0 0 0 0 0
"117" 117 0.124401913876 0 0 0 1 4 0 112 0 4 0 12 0 64 299 0 1 3 0 0 0
"118" 118 0.576158940397 0 14 18 18 61 107 0 0 28 1 127 9 7 19 17 8 0 38 6 22
"119" 119 0.320574162679 0 6 2 112 94 58 0 0 33 5 0 1 96 14 11 2 0 29 12 25
"120" 120 0.35401459854 0 14 0 248 8 108 0 0 0 1 1 0 28 3 69 3 0 6 1 10
"121" 121 0.0 0 0 0 0 0 0 0 0 0 0 0 0 0 0 0 0 500 0 0 0
"122" 122 0.0 0 0 0 1 0 0 7 0 0 0 1 0 0 490 0 0 0 0 0 1
"123" 123 0.0 0 0 0 0 0 0 0 0 0 0 0 0 500 0 0 0 0 0 0 0
"124" 124 0.0583941605839 0 3 0 208 7 0 0 0 0 0 0 110 0 62 108 0 0 2 0 0
"125" 125 0.0880829015544 0 429 0 43 0 0 0 0 0 0 24 4 0 0 0 0 0 0 0 0
"126" 126 0.0 0 0 0 1 0 0 11 0 0 0 0 0 0 488 0 0 0 0 0 0
"127" 127 0.172995780591 0 1 2 2 29 437 0 0 0 0 2 0 0 0 6 0 0 5 0 16
"128" 128 0.0 0 0 0 0 0 0 0 500 0 0 0 0 0 0 0 0 0 0 0 0
"129" 129 0.309417040359 0 12 3 10 57 48 2 0 1 0 69 3 1 25 8 0 3 250 1 7
"130" 130 0.0717948717949 0 0 1 469 1 6 0 0 12 0 2 2 5 0 0 0 0 2 0 0
"131" 131 0.0 0 0 0 0 0 0 0 0 0 0 1 0 0 499 0 0 0 0 0 0
"132" 132 0.199004975124 0 0 0 1 4 4 0 0 0 60 2 0 1 55 56 143 1 1 131 41
"133" 133 0.0 0 0 0 0 0 0 466 0 6 0 0 0 0 0 0 0 28 0 0 0
"134" 134 0.138461538462 0 405 7 82 0 1 0 0 1 0 0 4 0 0 0 0 0 0 0 0
"135" 135 0.383720930233 0 9 85 10 86 24 5 0 78 0 29 7 2 3 103 0 10 43 0 6
"136" 136 0.571428571429 0 103 5 138 59 47 0 0 3 5 16 15 10 24 13 0 0 40 10 12
"137" 137 0.0 0 0 0 0 0 0 0 0 0 0 0 500 0 0 0 0 0 0 0 0
"138" 138 0.0697674418605 0 10 8 197 30 15 1 0 1 9 8 9 15 15 66 17 4 38 38 19
"139" 139 0.0 0 0 0 0 0 0 497 0 0 0 0 0 0 0 0 0 3 0 0 0
"140" 140 0.10970464135 0 0 0 0 13 364 0 0 5 0 1 0 0 3 12 0 100 0 0 2
"141" 141 0.0 0 1 2 6 6 0 4 0 0 0 18 0 18 433 0 0 5 4 0 3
"142" 142 0.0697674418605 0 7 175 0 0 0 0 0 0 0 81 237 0 0 0 0 0 0 0 0
"143" 143 0.305699481865 0 267 0 107 3 2 0 0 0 1 15 9 3 0 0 0 0 92 1 0
"144" 144 0.00418410041841 0 0 0 0 0 0 0 0 0 495 0 0 0 1 0 0 0 0 1 3
"145" 145 0.105769230769 0 1 42 0 0 0 0 0 0 0 12 444 0 0 0 0 0 1 0 0
"146" 146 0.268656716418 0 25 6 111 25 142 0 0 9 13 10 5 12 89 19 6 0 6 9 13
"147" 147 0.0 0 0 65 0 0 0 0 0 0 0 429 6 0 0 0 0 0 0 0 0
"148" 148 0.197080291971 0 1 51 0 59 17 68 0 33 7 18 3 27 23 11 1 37 97 18 29
"149" 149 0.325581395349 0 0 56 0 67 156 0 3 33 0 30 1 28 0 18 0 0 93 0 15
"150" 150 0.125523012552 0 0 9 0 2 0 7 0 4 466 1 4 0 0 0 0 0 0 0 7
"151" 151 0.269230769231 0 6 62 1 13 4 10 0 294 2 1 35 3 0 33 0 21 4 4 7
"152" 152 0.804597701149 0 1 5 4 13 33 98 0 39 6 5 0 4 27 4 2 195 37 22 5
"153" 153 0.748427672956 0 25 29 12 10 8 1 349 18 0 5 12 1 13 3 0 2 5 2 5
"154" 154 0.16091954023 0 0 13 0 8 0 0 356 41 0 19 2 0 0 0 0 46 14 1 0
"155" 155 0.558394160584 0 4 12 13 169 55 3 0 83 9 2 11 8 68 13 1 11 18 15 5
"156" 156 0.523255813953 0 2 7 9 40 53 0 58 158 1 10 2 46 0 67 0 0 39 1 7
"157" 157 0.110266159696 0 7 4 13 37 50 18 0 5 22 2 0 4 17 7 1 18 4 288 3
"158" 158 0.832535885167 0 0 8 6 6 29 17 0 165 0 5 1 110 19 4 0 75 18 0 37
"159" 159 0.790178571429 0 207 2 127 89 11 0 0 2 0 13 21 0 3 8 0 0 14 0 3
"160" 160 0.0804597701149 0 2 1 9 3 17 165 0 28 0 3 0 5 12 1 8 232 8 1 5
"161" 161 0.0114942528736 0 0 3 0 1 0 5 0 64 0 9 0 0 0 0 0 383 0 0 35
"162" 162 0.273255813953 0 0 30 0 2 0 0 20 395 0 0 0 45 0 0 0 0 8 0 0
"163" 163 0.164179104478 0 1 0 0 0 0 1 0 3 0 3 0 0 479 6 0 3 2 0 2
"164" 164 0.351063829787 0 5 0 5 18 42 2 0 1 0 7 0 23 0 19 351 1 16 0 10
"165" 165 0.0152091254753 0 0 0 0 0 0 0 0 0 0 0 0 0 0 0 0 0 0 499 1
"166" 166 0.142335766423 0 0 0 0 0 0 0 0 0 0 0 0 0 0 500 0 0 0 0 0
"167" 167 0.0077519379845 0 0 6 0 0 0 0 9 0 0 484 1 0 0 0 0 0 0 0 0
"168" 168 0.0 0 0 0 0 0 0 0 500 0 0 0 0 0 0 0 0 0 0 0 0
"169" 169 0.0223214285714 0 0 0 0 0 0 0 0 0 0 0 0 0 0 0 0 0 500 0 0
"170" 170 0.0761421319797 0 1 0 2 30 0 245 0 0 0 1 0 0 67 0 0 14 7 0 133
"171" 171 0.0199004975124 0 0 0 0 0 0 0 0 0 0 3 0 0 497 0 0 0 0 0 0
"172" 172 0.0 0 0 0 2 1 0 0 0 0 0 0 0 0 497 0 0 0 0 0 0
"173" 173 0.259615384615 0 0 0 0 0 0 0 0 0 0 0 500 0 0 0 0 0 0 0 0
"174" 174 0.113924050633 500 0 0 0 0 0 0 0 0 0 0 0 0 0 0 0 0 0 0 0
"175" 175 0.455696202532 0 91 21 31 37 68 8 0 48 2 28 9 3 20 19 4 20 64 1 26
"176" 176 0.539923954373 0 1 11 8 33 125 8 0 30 1 17 2 79 6 32 0 28 20 75 24
"177" 177 0.0304182509506 0 0 2 0 0 0 0 0 0 228 1 1 4 0 2 8 0 0 254 0
"178" 178 0.23178807947 0 3 328 8 0 0 0 0 0 0 0 159 2 0 0 0 0 0 0 0
"179" 179 0.267441860465 0 4 84 1 13 4 2 8 27 66 96 15 40 1 6 1 3 24 102 3
"180" 180 0.0852713178295 0 0 82 0 0 0 0 0 0 0 398 19 0 0 0 0 0 1 0 0
"181" 181 0.0 0 0 3 0 0 0 0 0 25 0 23 2 0 0 0 0 446 0 0 1
"182" 182 0.0 0 500 0 0 0 0 0 0 0 0 0 0 0 0 0 0 0 0 0 0
"183" 183 0.010152284264 0 0 1 0 0 0 247 0 5 0 4 0 0 0 0 0 221 0 0 22
"184" 184 0.0 0 0 0 0 0 0 0 0 0 0 0 0 0 0 0 500 0 0 0 0
"185" 185 0.0 0 0 135 0 0 0 0 0 0 0 363 2 0 0 0 0 0 0 0 0
"186" 186 0.00497512437811 0 0 0 0 0 0 0 0 0 0 0 0 0 499 0 0 0 0 0 1
"187" 187 0.0 0 0 0 0 0 0 0 0 0 0 0 500 0 0 0 0 0 0 0 0
"188" 188 0.00632911392405 500 0 0 0 0 0 0 0 0 0 0 0 0 0 0 0 0 0 0 0
"189" 189 0.0 0 0 0 0 0 0 487 0 0 0 0 0 0 0 0 0 13 0 0 0
"190" 190 0.0 0 0 0 0 0 0 0 0 0 493 1 0 0 0 0 0 0 0 0 6
"191" 191 0.0 0 0 0 0 0 0 0 0 0 0 498 2 0 0 0 0 0 0 0 0
"192" 192 0.0178571428571 0 2 4 4 12 61 210 0 74 1 59 3 18 1 0 8 1 10 1 31
"193" 193 0.0 0 0 0 0 0 0 0 0 0 0 2 0 0 9 0 0 0 1 0 488
"194" 194 0.0689655172414 0 0 0 0 0 0 1 0 2 0 3 0 0 0 0 0 494 0 0 0
"195" 195 0.191860465116 0 1 14 81 0 0 0 0 334 0 6 1 0 0 0 0 0 5 0 58
"196" 196 0.299270072993 0 0 3 30 20 0 0 0 1 0 9 224 0 2 127 0 0 10 0 74
"197" 197 0.631386861314 0 3 34 5 27 48 12 0 66 4 26 4 26 15 128 1 37 24 19 21
"198" 198 0.15503875969 0 30 6 1 1 3 9 388 46 0 8 0 0 0 0 0 8 0 0 0
"199" 199 0.144278606965 0 0 0 0 0 0 0 0 0 0 0 0 0 496 0 0 0 3 0 1
"200" 200 0.00836820083682 0 0 0 0 0 0 0 0 0 500 0 0 0 0 0 0 0 0 0 0
"201" 201 0.245283018868 0 1 0 0 0 0 0 497 0 0 1 0 0 0 1 0 0 0 0 0
"202" 202 0.0384615384615 0 0 0 0 0 0 0 0 0 0 0 500 0 0 0 0 0 0 0 0
"203" 203 0.683937823834 0 88 13 68 89 42 0 0 17 1 24 15 3 32 54 0 2 34 4 14
"204" 204 0.337748344371 0 36 410 14 0 0 0 0 0 0 12 28 0 0 0 0 0 0 0 0
"205" 205 0.495535714286 0 3 1 0 3 0 0 0 2 0 1 0 0 0 1 0 0 486 0 3
"206" 206 0.324873096447 0 135 8 41 25 23 17 0 32 3 20 12 3 25 9 3 16 116 4 8
"207" 207 0.124352331606 0 280 2 5 59 6 0 0 5 0 34 2 13 0 11 1 20 49 3 10
"208" 208 0.0 0 0 6 0 381 0 0 0 2 0 100 2 3 0 0 0 0 4 0 2
"209" 209 0.0348258706468 0 0 0 0 0 0 0 0 0 0 0 0 0 497 0 0 0 0 0 3
"210" 210 0.200836820084 0 15 6 35 38 120 3 0 5 25 20 0 4 29 48 12 2 34 78 26
"211" 211 0.277372262774 0 13 5 26 26 5 0 0 0 11 24 0 4 50 237 3 0 55 7 34
"212" 212 0.0 0 0 0 0 2 0 485 0 0 0 0 0 0 0 0 0 12 1 0 0
"213" 213 0.00418410041841 0 0 0 0 1 0 0 0 0 347 2 0 2 0 0 5 0 0 140 3
"214" 214 0.383211678832 0 1 2 0 69 222 53 0 5 1 10 0 1 10 71 1 1 25 3 25
"215" 215 0.104651162791 0 16 4 30 65 5 133 0 29 9 12 1 4 10 7 0 121 25 29 0
"216" 216 0.0298507462687 0 0 0 3 0 0 0 0 0 0 0 0 0 493 0 0 0 0 0 4
"217" 217 0.0576923076923 0 0 0 0 0 0 0 0 0 0 0 500 0 0 0 0 0 0 0 0
"218" 218 0.156976744186 0 0 5 0 0 0 0 0 457 18 2 0 7 0 0 11 0 0 0 0
"219" 219 0.0377358490566 0 0 0 0 0 0 0 500 0 0 0 0 0 0 0 0 0 0 0 0
"220" 220 0.424870466321 0 304 4 156 1 0 3 0 16 0 2 7 1 0 1 0 2 1 0 2
"221" 221 0.34375 0 1 0 2 0 0 0 0 0 0 0 0 0 1 0 0 0 496 0 0
"222" 222 0.770114942529 0 100 34 49 20 50 19 0 40 0 32 20 6 18 17 1 31 58 2 3
"223" 223 0.350574712644 0 37 24 28 19 13 21 0 47 0 14 9 1 21 30 0 53 174 1 8
"224" 224 0.0390070921986 0 0 0 0 0 0 0 0 0 0 0 0 0 0 0 500 0 0 0 0
"225" 225 0.522012578616 0 0 2 0 0 1 0 490 3 0 1 0 0 0 0 0 0 3 0 0
"226" 226 0.317307692308 0 0 0 0 0 0 0 0 0 0 0 500 0 0 0 0 0 0 0 0
"227" 227 0.0 0 1 4 1 0 0 0 0 35 0 27 4 0 0 0 0 428 0 0 0
"228" 228 0.354651162791 0 0 168 5 20 47 0 0 201 1 11 1 2 1 9 0 0 23 0 11
"229" 229 0.675496688742 0 15 41 81 34 37 0 0 162 9 2 12 27 24 10 0 0 19 19 8
"230" 230 0.0871559633028 0 0 0 0 24 5 0 0 0 0 2 0 0 0 0 0 0 1 0 468
"231" 231 0.509433962264 0 3 1 5 8 7 0 430 2 0 8 2 0 2 24 0 1 4 0 3
"232" 232 0.466321243523 0 12 0 89 22 97 0 0 0 0 3 2 6 37 200 0 0 19 1 12
"233" 233 0.155893536122 0 0 0 0 0 0 0 0 0 3 0 0 0 0 0 0 0 0 497 0
"234" 234 0.426160337553 0 51 19 21 38 139 0 0 0 6 15 2 35 54 78 1 1 21 8 11
"235" 235 0.654088050314 0 0 4 0 1 4 0 485 1 0 0 0 0 0 0 3 0 2 0 0
"236" 236 0.668874172185 0 85 77 80 14 56 0 0 40 1 29 24 0 15 25 0 1 35 2 16
"237" 237 0.0376569037657 0 11 7 19 4 0 101 0 19 287 25 1 0 9 0 8 2 7 0 0
"238" 238 0.345911949686 0 2 1 2 2 7 1 458 1 0 6 1 12 1 1 0 3 0 0 2
"239" 239 0.763713080169 0 71 18 51 45 30 55 0 19 6 9 2 3 16 6 50 73 28 11 7
"240" 240 0.27304964539 0 0 0 2 7 4 0 0 0 40 0 0 7 0 0 378 0 1 58 3
"241" 241 0.713178294574 0 50 51 42 30 43 3 59 20 1 41 12 5 71 17 0 5 32 2 16
"242" 242 0.416058394161 0 0 15 0 15 90 0 41 111 0 25 1 0 0 183 0 0 14 0 5
"243" 243 0.367713004484 0 3 4 21 132 112 0 0 2 1 8 2 1 157 22 6 0 8 0 21
"244" 244 0.528497409326 0 31 310 7 9 20 0 24 1 0 32 6 1 24 19 1 0 9 1 5
"245" 245 0.0753138075314 0 0 0 5 3 0 0 4 1 244 0 0 2 223 0 4 0 0 12 2
"246" 246 0.291390728477 0 20 268 28 27 27 0 0 50 0 19 12 2 0 16 0 0 25 1 5
"247" 247 0.590717299578 0 79 23 56 55 57 1 0 89 2 7 6 4 52 18 1 1 37 0 12
"248" 248 0.0689655172414 0 0 0 2 0 0 172 0 4 0 3 0 0 27 0 0 291 0 0 1
"249" 249 0.00574712643678 0 0 4 0 0 0 0 0 44 0 115 0 0 0 0 0 337 0 0 0
"250" 250 0.509433962264 0 0 13 1 3 18 0 371 39 1 11 6 2 6 5 1 0 19 1 3
"251" 251 0.59748427673 0 72 8 95 21 23 1 89 2 0 65 15 1 33 26 0 2 25 1 21
"252" 252 0.0298507462687 0 0 0 0 0 0 0 0 0 0 1 0 0 498 0 0 1 0 0 0
"253" 253 0.316062176166 0 406 4 79 0 0 0 0 3 0 0 6 0 2 0 0 0 0 0 0
"254" 254 0.647321428571 0 45 14 7 24 72 18 0 61 1 30 9 4 20 10 0 15 153 6 11
"255" 255 0.238341968912 0 35 3 36 42 118 0 0 0 1 46 3 1 161 23 5 0 19 4 3
"256" 256 0.0 0 0 0 0 0 0 0 0 0 0 0 500 0 0 0 0 0 0 0 0
"257" 257 0.284671532847 0 0 0 5 470 2 0 0 0 0 2 1 0 0 6 0 0 3 0 11
"258" 258 0.304635761589 0 31 102 13 69 51 0 0 0 0 42 2 0 23 72 0 0 83 0 12
"259" 259 0.0 0 0 0 0 0 0 0 0 0 0 0 0 0 500 0 0 0 0 0 0
"260" 260 0.00497512437811 0 0 0 0 0 0 0 0 0 0 0 0 0 500 0 0 0 0 0 0
"261" 261 0.264900662252 0 20 24 3 32 97 1 0 0 8 89 7 7 23 23 2 0 132 13 19
"262" 262 0.318385650224 0 23 12 35 36 60 0 0 2 3 38 1 4 156 27 5 0 18 8 72
"263" 263 0.0 0 0 2 0 4 0 0 0 0 0 0 0 0 1 0 0 0 2 0 491
"264" 264 0.0248756218905 0 0 0 0 0 0 0 0 0 0 0 0 0 500 0 0 0 0 0 0
"265" 265 0.282296650718 0 0 0 3 0 0 0 0 0 0 1 0 492 0 1 0 0 0 0 3
"266" 266 0.0304182509506 0 0 0 0 0 0 0 0 0 499 0 0 0 0 0 0 0 0 1 0
"267" 267 0.0984455958549 0 351 0 123 1 2 0 0 1 0 2 0 0 1 13 0 0 6 0 0
"268" 268 0.194968553459 0 0 0 0 0 0 0 497 0 0 2 1 0 0 0 0 0 0 0 0
"269" 269 0.723076923077 0 58 18 139 29 63 2 0 3 0 27 14 1 27 32 0 1 59 2 25
"270" 270 0.616033755274 0 40 3 62 226 49 0 0 0 0 28 1 1 24 17 1 0 39 1 8
"271" 271 0.0510948905109 0 0 0 0 0 0 0 0 0 0 0 0 0 0 500 0 0 0 0 0
"272" 272 0.10152284264 0 0 8 0 0 0 433 0 8 0 14 1 0 0 0 0 36 0 0 0
"273" 273 0.364238410596 0 6 93 5 19 25 0 0 34 0 27 5 169 12 91 0 0 6 0 8
"274" 274 0.0077519379845 0 0 2 0 0 0 0 0 0 0 495 3 0 0 0 0 0 0 0 0
"275" 275 0.675105485232 0 5 15 7 36 66 36 0 20 19 33 19 10 44 18 21 34 67 23 27
"276" 276 0.348837209302 0 99 2 15 118 16 0 0 0 0 26 2 0 25 6 0 0 187 0 4
"277" 277 0.0 0 0 0 0 0 0 0 0 0 0 499 1 0 0 0 0 0 0 0 0
"278" 278 0.233830845771 0 0 0 0 0 0 4 0 0 0 1 0 0 493 1 0 0 0 0 1
"279" 279 0.697674418605 0 20 39 70 67 88 0 0 17 0 20 4 3 74 22 5 0 40 4 27
"280" 280 0.0813397129187 0 0 0 0 0 0 0 0 0 0 0 0 500 0 0 0 0 0 0 0
"281" 281 0.415094339623 0 77 33 29 21 57 4 138 7 0 65 8 0 15 9 0 4 26 0 7
"282" 282 0.0 0 0 0 0 0 0 0 0 0 318 0 0 4 0 0 0 0 0 178 0
"283" 283 0.0418410041841 0 0 0 0 0 0 0 0 0 500 0 0 0 0 0 0 0 0 0 0
"284" 284 0.677130044843 0 52 54 45 53 43 4 0 7 2 96 25 0 43 21 0 3 38 1 13
"285" 285 0.518134715026 0 353 3 53 5 6 2 0 14 8 1 7 7 14 0 3 1 5 17 1
"286" 286 0.229885057471 0 0 19 0 0 0 0 0 70 0 62 0 0 0 0 0 348 0 0 1
"287" 287 0.517441860465 0 4 166 7 28 24 0 0 105 0 2 142 0 1 12 0 0 5 0 4
"288" 288 0.489451476793 0 3 4 55 18 24 1 0 11 81 16 0 144 0 6 0 7 12 101 17
"289" 289 0.22641509434 0 2 0 0 1 0 0 489 0 0 3 1 0 0 2 0 0 2 0 0
"290" 290 0.563218390805 0 3 10 3 36 81 54 0 44 8 12 1 4 33 33 0 111 51 10 6
"291" 291 0.0377358490566 0 0 0 0 0 0 0 499 0 0 0 1 0 0 0 0 0 0 0 0
"292" 292 0.88995215311 0 10 45 12 166 24 47 17 36 0 14 9 7 34 19 0 42 6 5 7
"293" 293 0.497512437811 0 40 11 6 4 3 38 0 3 1 6 12 1 353 0 0 12 4 1 5
