"site" "RSA" "aa1" "aa2" "aa3" "aa4" "aa5" "aa6" "aa7" "aa8" "aa9" "aa10" "aa11" "aa12" "aa13" "aa14" "aa15" "aa16" "aa17" "aa18" "aa19" "aa20"
"0" 0 1.05960264901 0 31 89 34 10 16 0 105 112 0 8 61 0 7 3 0 0 20 0 4
"1" 1 0.732142857143 0 100 236 25 2 15 0 0 41 0 14 34 11 2 2 0 1 16 1 0
"2" 2 0.0722433460076 0 0 0 0 0 0 0 0 0 223 0 0 0 0 0 0 0 0 277 0
"3" 3 0.357512953368 0 369 0 1 3 3 0 0 0 0 0 0 121 0 0 0 0 2 0 1
"4" 4 0.06463878327 0 0 0 0 0 0 0 0 0 121 0 0 0 0 0 0 0 0 379 0
"5" 5 0.273631840796 0 0 1 4 3 31 0 0 0 16 3 0 17 252 155 5 0 10 1 2
"6" 6 0.00418410041841 0 0 0 0 0 0 0 0 0 500 0 0 0 0 0 0 0 0 0 0
"7" 7 0.160337552743 0 0 0 9 4 364 61 0 1 1 0 0 1 0 15 0 35 0 3 6
"8" 8 0.0 0 0 0 0 0 0 485 0 0 0 0 0 0 1 0 0 14 0 0 0
"9" 9 0.0 0 0 0 0 0 0 0 0 0 0 0 0 0 500 0 0 0 0 0 0
"10" 10 0.0 0 0 0 0 0 0 0 0 0 0 0 0 0 499 0 0 0 0 0 1
"11" 11 0.0 0 0 1 0 0 0 171 0 109 0 2 0 0 0 0 0 217 0 0 0
"12" 12 0.0 0 0 0 0 0 0 0 0 0 0 0 500 0 0 0 0 0 0 0 0
"13" 13 0.14358974359 0 376 15 0 1 0 0 17 0 0 64 6 1 0 6 0 0 9 0 5
"14" 14 0.377483443709 0 0 46 0 9 22 0 132 0 6 27 2 22 4 2 0 0 222 5 1
"15" 15 0.538461538462 0 0 0 0 0 0 0 0 0 0 0 500 0 0 0 0 0 0 0 0
"16" 16 0.0114942528736 0 3 12 0 0 0 0 0 62 0 60 0 0 0 0 0 363 0 0 0
"17" 17 0.153846153846 0 0 0 0 0 0 0 0 0 0 0 500 0 0 0 0 0 0 0 0
"18" 18 0.0253164556962 0 0 0 0 1 273 0 0 1 0 19 0 0 0 0 0 0 0 0 206
"19" 19 0.192052980132 0 83 146 8 8 0 0 0 1 0 83 8 3 0 0 0 0 144 0 16
"20" 20 0.0886075949367 500 0 0 0 0 0 0 0 0 0 0 0 0 0 0 0 0 0 0 0
"21" 21 0.0199004975124 0 0 0 0 0 0 0 0 0 0 1 0 0 499 0 0 0 0 0 0
"22" 22 0.0 0 0 0 0 0 0 0 0 0 0 0 0 0 500 0 0 0 0 0 0
"23" 23 0.109452736318 0 4 0 6 5 2 2 0 2 0 6 0 1 455 1 0 0 8 0 8
"24" 24 0.153284671533 0 0 0 0 0 0 0 0 0 0 0 0 0 0 500 0 0 0 0 0
"25" 25 0.0167364016736 0 0 0 0 0 0 0 0 0 500 0 0 0 0 0 0 0 0 0 0
"26" 26 0.185430463576 0 0 49 1 0 0 0 0 162 0 277 1 3 0 6 1 0 0 0 0
"27" 27 0.40414507772 0 12 3 9 14 4 0 0 13 0 2 0 367 38 1 0 0 36 0 1
"28" 28 0.59585492228 0 197 0 297 0 0 0 0 0 0 0 6 0 0 0 0 0 0 0 0
"29" 29 0.377906976744 0 0 0 1 34 77 186 0 35 0 0 1 0 47 18 0 87 10 0 4
"30" 30 0.281368821293 0 0 0 0 0 0 0 0 0 17 0 0 0 0 0 8 0 0 475 0
"31" 31 0.470930232558 0 0 1 0 4 0 28 0 32 35 1 0 3 1 0 0 319 0 76 0
"32" 32 0.589743589744 0 7 13 9 95 66 28 14 69 2 8 2 0 18 7 1 106 50 3 2
"33" 33 0.787564766839 0 75 1 367 11 27 0 0 0 0 1 5 0 0 6 0 0 6 0 1
"34" 34 0.220532319392 0 3 1 0 4 0 0 0 0 247 1 0 1 0 0 0 0 4 237 2
"35" 35 0.802030456853 0 0 42 8 9 21 101 0 78 2 4 1 0 12 63 0 128 24 1 6
"36" 36 0.377483443709 0 0 445 0 2 0 0 0 20 0 27 0 0 1 4 0 0 0 1 0
"37" 37 0.802325581395 0 154 17 33 34 41 9 0 73 0 37 8 3 10 10 0 12 52 1 6
"38" 38 0.675126903553 0 5 12 7 22 34 75 0 86 2 1 0 1 21 20 0 164 40 8 2
"39" 39 0.451923076923 0 0 0 0 0 0 0 0 0 0 0 500 0 0 0 0 0 0 0 0
"40" 40 0.0919540229885 0 0 0 0 8 0 76 0 92 0 3 0 0 0 0 0 317 2 0 2
"41" 41 0.523316062176 0 64 42 32 19 12 0 0 252 0 6 23 0 1 5 0 0 44 0 0
"42" 42 0.292887029289 0 0 0 0 0 0 0 0 0 184 0 0 4 0 0 0 0 0 312 0
"43" 43 0.270042194093 0 0 0 0 47 417 0 0 0 0 2 0 2 0 20 0 0 3 0 9
"44" 44 0.446700507614 0 0 0 0 13 0 90 0 0 0 0 0 0 0 2 0 164 230 0 1
"45" 45 0.227848101266 0 0 0 0 5 480 0 0 0 0 0 0 1 0 6 0 0 0 0 8
"46" 46 0.424418604651 0 0 0 0 0 2 321 0 22 0 0 0 0 0 0 0 155 0 0 0
"47" 47 0.0689655172414 0 0 0 0 0 0 40 0 4 0 0 0 0 0 0 0 455 0 0 1
"48" 48 0.53125 0 2 2 4 6 24 82 0 118 0 1 0 0 0 2 16 134 105 1 3
"49" 49 0.0199004975124 0 0 0 0 3 0 2 0 0 0 0 0 0 214 0 0 281 0 0 0
"50" 50 0.549222797927 0 65 1 178 8 142 0 0 0 0 0 2 4 0 3 0 0 92 4 1
"51" 51 0.692307692308 0 0 0 2 0 0 0 0 0 0 0 498 0 0 0 0 0 0 0 0
"52" 52 0.303797468354 0 0 0 0 5 17 0 0 6 125 3 0 6 0 1 0 0 0 337 0
"53" 53 0.174418604651 0 4 2 76 28 80 1 0 1 6 34 0 3 186 19 1 0 7 21 31
"54" 54 0.0 0 0 0 0 0 0 0 0 1 0 0 0 0 0 0 0 499 0 0 0
"55" 55 0.244725738397 0 0 1 0 61 211 0 0 0 0 0 0 0 2 122 0 0 55 0 48
"56" 56 0.0 0 0 0 0 0 0 0 0 0 0 0 0 0 499 0 0 0 0 0 1
"57" 57 0.22869955157 0 0 0 2 246 1 50 0 4 0 0 0 0 0 10 0 73 107 0 7
"58" 58 0.00507614213198 0 0 0 0 0 0 475 0 0 0 0 0 0 0 0 0 25 0 0 0
"59" 59 0.195035460993 0 0 0 0 0 0 0 0 0 30 0 0 0 0 0 418 0 0 52 0
"60" 60 0.0259067357513 0 149 67 1 0 0 0 0 0 0 193 9 81 0 0 0 0 0 0 0
"61" 61 0.0116279069767 0 0 20 0 0 0 0 0 477 0 1 0 1 0 0 0 1 0 0 0
"62" 62 0.519379844961 0 0 1 0 0 0 0 0 0 0 20 479 0 0 0 0 0 0 0 0
"63" 63 0.403846153846 0 0 0 0 0 0 0 0 0 0 0 500 0 0 0 0 0 0 0 0
"64" 64 0.255605381166 0 7 1 13 165 48 0 0 0 0 14 0 0 126 1 1 0 94 0 30
"65" 65 0.0625 0 0 0 0 3 0 0 0 2 0 2 0 0 0 0 0 6 487 0 0
"66" 66 0.642335766423 0 4 4 1 19 112 21 0 47 0 23 0 1 9 214 0 4 34 0 7
"67" 67 0.602510460251 0 23 2 93 24 32 0 0 2 29 1 1 51 35 13 6 0 7 177 4
"68" 68 0.481751824818 0 28 1 204 100 73 0 0 0 0 1 9 6 0 32 0 0 42 1 3
"69" 69 0.5 0 14 9 12 103 36 0 0 44 0 9 2 0 209 28 0 0 23 0 11
"70" 70 0.106598984772 0 0 0 0 0 0 348 0 4 0 1 0 0 23 0 0 124 0 0 0
"71" 71 0.377906976744 0 91 10 13 19 53 8 33 54 0 8 0 9 7 104 0 15 76 0 0
"72" 72 0.324503311258 0 0 90 0 0 5 0 326 0 0 70 2 0 0 0 3 0 3 1 0
"73" 73 0.456953642384 0 103 74 31 15 41 0 0 13 1 25 14 0 10 78 0 1 84 1 9
"74" 74 0.06463878327 0 0 0 0 0 0 0 0 0 0 0 0 0 0 0 0 0 0 500 0
"75" 75 0.0114068441065 0 0 0 0 0 0 0 0 0 289 0 0 1 0 0 0 0 0 210 0
"76" 76 0.613138686131 0 4 27 3 33 120 58 0 12 0 7 0 2 33 31 6 124 28 2 10
"77" 77 0.528846153846 0 0 0 0 0 0 0 0 0 0 0 500 0 0 0 0 0 0 0 0
"78" 78 0.0331125827815 0 0 143 0 0 0 0 0 0 0 356 1 0 0 0 0 0 0 0 0
"79" 79 0.239234449761 0 31 0 0 0 0 0 0 0 0 0 0 450 0 19 0 0 0 0 0
"80" 80 0.0 0 0 0 0 0 0 0 0 0 0 0 500 0 0 0 0 0 0 0 0
"81" 81 0.0 0 0 0 0 0 0 494 0 0 0 0 0 0 0 0 0 6 0 0 0
"82" 82 0.0152284263959 0 0 0 0 0 0 497 0 0 0 0 0 0 0 0 0 3 0 0 0
"83" 83 0.0 0 0 0 0 0 0 492 0 0 0 0 0 0 1 0 0 7 0 0 0
"84" 84 0.00574712643678 0 0 0 0 0 0 1 0 0 0 0 0 0 0 0 0 499 0 0 0
"85" 85 0.0 0 0 0 0 0 0 0 0 0 477 0 0 0 0 0 0 0 0 23 0
"86" 86 0.0621761658031 0 491 0 9 0 0 0 0 0 0 0 0 0 0 0 0 0 0 0 0
"87" 87 0.00574712643678 0 0 19 0 0 0 0 0 19 0 28 0 0 0 0 0 434 0 0 0
"88" 88 0.209302325581 0 0 15 0 0 0 0 0 484 0 1 0 0 0 0 0 0 0 0 0
"89" 89 0.378238341969 0 317 1 177 0 3 0 0 0 0 1 0 0 0 0 0 0 0 0 1
"90" 90 0.381165919283 0 0 10 0 60 28 4 264 4 1 49 2 0 20 1 3 6 46 1 1
"91" 91 0.477678571429 0 100 50 81 64 37 1 0 9 0 26 6 1 10 9 1 2 91 2 10
"92" 92 0.0132450331126 0 0 487 0 0 0 0 0 0 3 7 0 0 0 0 0 0 0 3 0
"93" 93 0.0627615062762 0 0 0 0 0 0 0 0 0 490 0 0 0 0 0 9 0 0 1 0
"94" 94 0.394871794872 0 12 2 62 21 204 8 0 1 2 35 1 1 62 43 3 0 35 4 4
"95" 95 0.00961538461538 0 40 348 17 8 11 0 0 0 1 52 5 0 5 0 0 0 4 2 7
"96" 96 0.0 0 0 1 0 0 0 1 0 0 0 4 0 0 0 0 0 494 0 0 0
"97" 97 0.565400843882 0 0 6 0 38 137 22 0 12 0 27 2 0 3 30 0 18 199 0 6
"98" 98 0.155963302752 0 158 6 49 36 38 1 0 5 6 28 3 2 26 36 0 8 83 2 13
"99" 99 0.0141843971631 0 0 0 0 0 0 0 0 0 0 0 0 0 0 0 500 0 0 0 0
"100" 100 0.0796019900498 0 0 0 0 0 0 60 0 0 1 0 0 0 439 0 0 0 0 0 0
"101" 101 0.506726457399 0 4 3 15 38 228 16 0 4 0 36 2 0 50 29 36 3 25 0 11
"102" 102 0.200892857143 0 1 7 0 81 3 0 0 1 64 53 0 6 0 1 6 0 61 201 15
"103" 103 0.0203045685279 0 0 0 0 0 0 496 0 0 0 0 0 0 0 0 0 4 0 0 0
"104" 104 0.709844559585 0 29 6 63 42 124 9 0 5 0 78 3 0 52 25 0 1 47 0 16
"105" 105 0.653284671533 0 4 0 11 113 27 13 0 55 0 27 0 0 12 12 140 0 82 2 2
"106" 106 0.285171102662 0 0 0 0 0 0 0 0 0 95 0 0 0 0 0 4 0 0 401 0
"107" 107 0.116279069767 0 0 1 0 0 0 0 0 0 0 496 3 0 0 0 0 0 0 0 0
"108" 108 0.459302325581 0 31 65 3 0 8 0 326 8 0 23 1 1 5 20 0 1 2 0 6
"109" 109 0.788079470199 0 29 200 16 24 19 0 74 27 0 12 9 3 22 1 1 2 51 0 10
"110" 110 0.523255813953 0 251 44 87 13 25 4 0 33 0 5 7 1 6 5 1 0 11 1 6
"111" 111 0.109195402299 0 0 13 0 0 0 0 0 6 0 129 1 0 0 0 0 351 0 0 0
"112" 112 0.129353233831 0 0 18 0 126 0 2 0 0 0 161 1 0 0 0 0 183 1 0 8
"113" 113 0.198312236287 0 0 0 5 9 8 1 0 0 0 5 0 0 10 383 0 0 1 0 78
"114" 114 0.0 0 0 0 0 0 0 0 0 0 0 0 0 0 500 0 0 0 0 0 0
"115" 115 0.0 0 0 0 0 0 0 0 0 0 0 0 0 0 500 0 0 0 0 0 0
"116" 116 0.00574712643678 0 0 0 0 0 0 4 0 0 0 0 0 0 0 0 0 496 0 0 0
"117" 117 0.0 0 0 0 0 0 0 0 0 0 0 0 500 0 0 0 0 0 0 0 0
"118" 118 0.025641025641 0 0 1 499 0 0 0 0 0 0 0 0 0 0 0 0 0 0 0 0
"119" 119 0.244725738397 0 0 0 63 1 396 0 0 0 0 0 19 18 0 2 0 0 0 1 0
"120" 120 0.0759493670886 500 0 0 0 0 0 0 0 0 0 0 0 0 0 0 0 0 0 0 0
"121" 121 0.20725388601 0 52 107 0 1 1 1 0 1 0 35 44 230 0 0 18 3 6 0 1
"122" 122 0.363184079602 0 6 0 16 28 10 0 0 0 0 9 0 4 297 91 0 0 17 4 18
"123" 123 0.632911392405 0 1 5 12 11 24 3 0 2 0 4 2 1 10 2 0 4 410 2 7
"124" 124 0.875647668394 0 137 116 70 14 39 0 0 21 0 31 5 0 13 11 0 1 35 0 7
"125" 125 0.637130801688 0 102 1 77 36 86 0 0 0 1 1 0 3 149 13 0 0 7 16 8
"126" 126 0.255474452555 0 0 0 0 0 0 0 0 0 0 0 0 0 0 500 0 0 0 0 0
"127" 127 0.431034482759 0 1 1 70 120 148 0 0 25 4 3 1 5 26 31 0 50 5 9 1
"128" 128 0.0172413793103 0 0 0 0 0 0 0 0 1 0 0 0 0 0 0 0 499 0 0 0
"129" 129 0.526785714286 0 19 11 9 30 91 2 0 3 0 13 0 0 12 68 0 7 231 0 4
"130" 130 0.372623574144 0 0 2 0 4 56 0 0 17 72 15 3 5 0 10 31 0 131 153 1
"131" 131 0.549222797927 0 109 3 55 24 36 0 0 5 0 42 2 0 20 69 0 5 119 1 10
"132" 132 0.48275862069 0 31 6 8 88 102 9 0 8 0 21 1 2 13 16 1 45 39 0 110
"133" 133 0.0 0 0 0 0 0 0 0 0 0 0 500 0 0 0 0 0 0 0 0 0
"134" 134 0.303797468354 0 0 0 0 0 292 0 0 0 6 11 0 3 54 81 7 0 27 16 3
"135" 135 0.584821428571 0 23 7 25 87 128 6 0 5 0 53 1 1 47 29 1 0 62 0 25
"136" 136 0.213389121339 0 0 0 0 0 0 0 0 0 443 0 0 0 0 0 0 0 0 57 0
"137" 137 0.0 0 0 0 0 0 0 0 0 0 0 499 1 0 0 0 0 0 0 0 0
"138" 138 0.492227979275 0 285 2 5 24 18 29 0 3 0 14 0 1 55 33 1 1 23 1 5
"139" 139 0.635658914729 0 84 44 131 11 111 0 0 0 1 84 3 0 9 10 2 0 6 2 2
"140" 140 0.246153846154 0 0 1 124 127 220 0 0 0 0 0 0 12 0 6 0 0 7 0 3
"141" 141 0.789029535865 0 60 0 324 12 33 0 0 0 0 4 47 6 2 2 0 0 8 0 2
"142" 142 0.0321100917431 0 0 0 0 0 0 0 0 0 0 1 0 0 0 0 0 0 0 0 499
"143" 143 0.327044025157 0 20 2 1 1 4 0 449 2 0 3 3 0 1 0 0 0 13 0 1
"144" 144 0.0627615062762 0 0 0 0 0 0 0 0 0 48 0 0 0 0 0 0 0 0 452 0
"145" 145 0.174129353234 0 0 0 0 0 1 38 0 14 0 2 0 0 264 48 1 69 0 0 63
"146" 146 0.116071428571 0 0 0 0 0 0 0 0 0 0 0 0 0 0 0 0 0 500 0 0
"147" 147 0.0 0 0 4 0 0 0 0 0 495 0 0 0 0 0 0 0 1 0 0 0
"148" 148 0.0 0 55 411 4 0 0 0 0 0 0 30 0 0 0 0 0 0 0 0 0
"149" 149 0.015503875969 0 0 17 0 0 0 0 1 0 0 482 0 0 0 0 0 0 0 0 0
"150" 150 0.333333333333 0 0 5 1 11 143 0 0 26 22 71 3 62 9 16 4 0 73 52 2
"151" 151 0.347150259067 0 59 30 47 6 25 13 0 95 29 7 6 47 27 1 1 9 16 80 2
"152" 152 0.41059602649 0 0 1 0 0 0 0 0 0 0 0 499 0 0 0 0 0 0 0 0
"153" 153 0.308139534884 0 4 9 2 46 152 14 0 66 0 16 0 1 7 35 1 36 107 1 3
"154" 154 0.307692307692 0 1 0 497 0 0 0 0 0 0 0 1 1 0 0 0 0 0 0 0
"155" 155 0.0172413793103 0 0 0 0 0 0 1 0 0 0 0 0 0 0 0 0 499 0 0 0
"156" 156 0.397321428571 0 7 3 0 5 5 2 0 5 1 20 2 3 0 2 0 3 438 0 4
"157" 157 0.430051813472 0 35 2 162 24 83 10 0 4 1 32 1 2 7 39 0 5 81 3 9
"158" 158 0.031007751938 0 0 4 0 0 0 0 0 0 0 495 1 0 0 0 0 0 0 0 0
"159" 159 0.0125523012552 0 0 0 0 0 0 0 0 0 496 0 0 0 0 0 0 0 0 4 0
"160" 160 0.26368159204 0 1 1 14 6 124 10 0 3 0 10 1 4 270 47 0 2 2 0 5
"161" 161 0.261627906977 0 4 3 1 180 20 2 0 90 0 19 1 2 2 22 0 0 146 0 8
"162" 162 0.0 0 0 0 0 0 0 0 0 0 0 0 0 0 0 0 0 0 0 0 500
"163" 163 0.0 0 0 0 0 0 0 0 0 0 0 500 0 0 0 0 0 0 0 0 0
"164" 164 0.317518248175 0 0 2 0 14 134 15 0 0 0 62 1 1 12 114 0 5 129 3 8
"165" 165 0.134529147982 0 138 8 23 131 6 1 0 6 0 57 4 0 31 4 0 2 54 0 35
"166" 166 0.0 0 0 0 0 0 0 500 0 0 0 0 0 0 0 0 0 0 0 0 0
"167" 167 0.177215189873 0 0 0 1 12 115 0 0 0 0 13 0 126 28 15 0 0 3 1 186
"168" 168 0.651785714286 0 131 12 30 16 125 0 0 15 0 6 0 1 34 47 0 0 75 0 8
"169" 169 0.490066225166 0 0 122 49 20 11 0 0 25 0 104 135 2 1 15 1 0 15 0 0
"170" 170 0.160550458716 0 0 3 0 0 0 0 0 0 0 21 1 0 469 0 0 0 2 0 4
"171" 171 0.417218543046 0 17 27 3 2 6 0 135 1 0 38 0 223 5 34 0 0 8 0 1
"172" 172 0.547085201794 0 83 11 17 4 41 3 10 35 0 26 6 0 8 12 0 5 232 3 4
"173" 173 0.690582959641 0 49 2 3 12 44 9 0 12 1 14 1 2 5 2 0 10 333 0 1
"174" 174 0.323076923077 0 55 0 14 34 16 0 0 0 0 33 0 2 30 195 0 0 103 0 18
"175" 175 0.0845771144279 0 0 0 0 0 0 0 0 0 0 3 0 0 496 0 0 0 1 0 0
"176" 176 0.364102564103 0 58 7 99 9 38 0 0 2 0 65 1 0 16 175 0 0 25 0 5
"177" 177 0.441964285714 0 7 12 38 7 59 0 0 0 2 19 3 0 40 283 6 0 19 0 5
"178" 178 0.0523255813953 0 98 7 230 0 3 0 0 86 0 49 1 0 0 26 0 0 0 0 0
"179" 179 0.0523255813953 0 0 20 0 40 181 0 0 213 0 2 0 2 0 20 0 0 11 0 11
"180" 180 0.27802690583 0 0 3 0 188 22 3 0 0 0 13 0 0 0 2 0 0 267 0 2
"181" 181 0.654008438819 0 136 85 66 15 66 0 0 8 0 45 7 0 18 12 0 0 37 1 4
"182" 182 0.443037974684 0 0 1 27 150 84 0 0 2 41 1 3 18 0 2 0 0 14 137 20
"183" 183 0.504464285714 0 1 12 1 29 9 0 0 7 0 27 3 0 21 5 0 1 378 3 3
"184" 184 0.694300518135 0 465 1 30 0 0 2 0 1 0 0 0 0 1 0 0 0 0 0 0
"185" 185 0.459915611814 0 8 8 153 34 123 0 0 24 0 11 11 22 58 12 0 0 20 1 15
"186" 186 0.586538461538 0 0 0 0 0 0 0 0 0 0 0 500 0 0 0 0 0 0 0 0
"187" 187 0.692307692308 0 8 24 22 155 63 1 0 65 0 7 2 0 108 4 0 2 34 1 4
"188" 188 0.701149425287 0 3 12 3 34 34 54 0 111 6 3 0 1 30 11 1 112 59 26 0
"189" 189 0.579487179487 0 446 0 53 0 0 0 0 0 0 0 0 0 0 0 0 0 1 0 0
"190" 190 0.786069651741 0 53 147 45 27 63 0 1 35 0 19 11 1 32 13 1 2 37 1 12
"191" 191 0.835443037975 0 25 67 90 22 12 0 0 242 1 1 5 3 10 6 0 0 5 8 3
"192" 192 0.423076923077 0 0 0 0 0 0 0 0 0 0 0 500 0 0 0 0 0 0 0 0
"193" 193 1.05381165919 0 36 42 61 17 22 6 0 44 1 19 149 0 16 7 0 14 55 5 6
