"site" "RSA" "aa1" "aa2" "aa3" "aa4" "aa5" "aa6" "aa7" "aa8" "aa9" "aa10" "aa11" "aa12" "aa13" "aa14" "aa15" "aa16" "aa17" "aa18" "aa19" "aa20"
"0" 0 0.740384615385 0 0 0 0 0 0 0 0 0 0 0 500 0 0 0 0 0 0 0 0
"1" 1 0.424870466321 0 331 0 169 0 0 0 0 0 0 0 0 0 0 0 0 0 0 0 0
"2" 2 0.124031007752 0 0 22 0 0 0 0 353 0 0 124 0 0 0 0 1 0 0 0 0
"3" 3 0.441964285714 0 136 17 24 2 8 1 0 8 0 10 1 0 1 10 0 3 278 0 1
"4" 4 0.209302325581 0 20 0 31 167 118 2 0 6 0 69 0 0 0 27 0 1 57 0 2
"5" 5 0.0 0 0 0 0 0 0 0 0 0 0 0 500 0 0 0 0 0 0 0 0
"6" 6 0.341772151899 0 0 0 0 0 99 0 0 0 0 8 0 0 0 340 0 0 53 0 0
"7" 7 0.573839662447 0 11 4 27 53 161 3 0 3 0 62 2 0 43 12 1 6 106 0 6
"8" 8 0.0964467005076 0 0 0 0 0 0 499 0 0 0 0 0 0 1 0 0 0 0 0 0
"9" 9 0.0543933054393 0 0 0 0 0 0 0 0 0 265 0 0 0 0 0 235 0 0 0 0
"10" 10 0.574712643678 0 17 1 7 10 53 29 0 0 0 7 0 0 29 19 0 14 306 0 8
"11" 11 0.659192825112 0 19 5 9 174 113 6 0 19 0 20 0 0 21 44 0 0 60 0 10
"12" 12 0.240506329114 0 0 0 0 3 6 0 0 5 82 0 0 5 144 0 0 0 0 255 0
"13" 13 0.139240506329 500 0 0 0 0 0 0 0 0 0 0 0 0 0 0 0 0 0 0 0
"14" 14 0.217054263566 0 0 11 0 6 239 0 0 0 0 204 0 0 12 19 0 0 5 0 4
"15" 15 0.677130044843 0 76 103 82 16 90 0 0 13 0 44 2 0 8 9 0 0 50 1 6
"16" 16 0.215189873418 500 0 0 0 0 0 0 0 0 0 0 0 0 0 0 0 0 0 0 0
"17" 17 0.124401913876 0 0 0 2 0 0 0 0 0 0 0 0 498 0 0 0 0 0 0 0
"18" 18 0.0639534883721 0 0 3 2 16 0 0 0 216 20 0 0 0 0 6 0 0 0 237 0
"19" 19 0.0344827586207 0 0 0 0 0 0 0 0 36 0 0 0 0 0 0 0 464 0 0 0
"20" 20 0.4375 0 19 144 19 8 40 0 0 65 0 25 3 0 95 2 0 0 74 2 4
"21" 21 0.590717299578 0 0 0 0 19 444 0 0 0 0 1 0 0 0 22 0 0 12 1 1
"22" 22 0.740384615385 0 0 0 0 0 0 0 0 0 0 0 500 0 0 0 0 0 0 0 0
"23" 23 0.115384615385 0 1 38 0 0 0 0 0 0 0 48 413 0 0 0 0 0 0 0 0
"24" 24 0.662447257384 0 16 24 1 0 3 0 394 1 0 14 0 0 6 1 0 0 40 0 0
"25" 25 0.33971291866 0 0 0 0 0 0 0 0 0 0 0 0 500 0 0 0 0 0 0 0
"26" 26 0.481012658228 0 0 2 0 0 81 0 0 0 0 0 415 1 0 1 0 0 0 0 0
"27" 27 0.633720930233 0 175 4 76 46 15 7 0 25 0 92 3 2 0 0 0 36 17 0 2
"28" 28 0.0673076923077 0 0 0 0 0 0 0 0 0 0 0 500 0 0 0 0 0 0 0 0
"29" 29 0.0817610062893 0 0 0 0 0 0 0 500 0 0 0 0 0 0 0 0 0 0 0 0
"30" 30 0.0820512820513 0 0 6 158 0 0 0 0 218 0 118 0 0 0 0 0 0 0 0 0
"31" 31 0.109452736318 0 0 0 0 0 0 0 0 0 0 0 0 0 500 0 0 0 0 0 0
"32" 32 0.294326241135 0 0 0 0 0 0 0 0 0 27 0 0 0 0 0 323 0 0 150 0
"33" 33 0.25 0 0 0 0 0 0 0 0 0 0 0 500 0 0 0 0 0 0 0 0
"34" 34 0.0497512437811 0 0 0 0 0 0 0 0 0 0 0 0 0 500 0 0 0 0 0 0
"35" 35 0.188284518828 0 0 0 0 0 0 0 0 0 500 0 0 0 0 0 0 0 0 0 0
"36" 36 0.586538461538 0 0 0 0 0 0 0 0 0 0 0 500 0 0 0 0 0 0 0 0
"37" 37 0.153284671533 0 0 95 0 0 0 0 0 70 0 62 0 0 0 0 0 0 0 0 273
"38" 38 0.438818565401 0 4 101 0 3 89 0 271 21 0 3 1 1 0 3 0 0 2 0 1
"39" 39 0.0116279069767 0 0 374 0 0 0 0 0 119 0 7 0 0 0 0 0 0 0 0 0
"40" 40 0.125 0 0 0 0 0 0 0 0 0 0 0 500 0 0 0 0 0 0 0 0
"41" 41 0.470852017937 0 0 5 6 245 22 0 0 143 0 0 0 0 1 78 0 0 0 0 0
"42" 42 0.046511627907 0 0 8 0 0 0 0 0 1 0 490 1 0 0 0 0 0 0 0 0
"43" 43 0.666666666667 0 0 1 0 0 0 0 496 0 0 0 0 0 0 0 0 0 3 0 0
"44" 44 0.721153846154 0 0 0 0 0 0 0 0 0 0 0 500 0 0 0 0 0 0 0 0
"45" 45 0.150627615063 0 0 0 0 0 0 0 0 0 32 0 0 0 0 0 0 0 0 468 0
"46" 46 0.622516556291 0 370 5 59 14 14 3 0 5 0 0 0 0 1 0 0 17 12 0 0
"47" 47 0.110266159696 0 0 0 0 0 0 0 0 0 0 1 0 0 0 0 0 0 0 499 0
"48" 48 0.174418604651 0 0 442 0 0 0 0 0 23 0 0 0 35 0 0 0 0 0 0 0
"49" 49 0.544041450777 0 225 20 55 9 50 0 0 5 0 52 3 0 11 0 0 1 66 0 3
"50" 50 0.22480620155 0 0 19 0 0 0 0 0 0 0 480 1 0 0 0 0 0 0 0 0
"51" 51 0.102564102564 0 30 0 289 1 0 0 0 0 0 175 0 0 0 0 0 0 5 0 0
"52" 52 0.371308016878 0 0 0 0 6 480 1 0 0 0 2 0 0 0 5 0 0 1 0 5
"53" 53 0.635897435897 0 10 2 165 112 117 0 0 13 0 1 0 0 70 3 0 0 4 0 3
"54" 54 0.333333333333 0 0 0 0 12 483 0 0 0 0 2 0 0 0 1 0 0 1 0 1
"55" 55 0.365384615385 0 0 0 0 0 0 0 0 0 0 0 500 0 0 0 0 0 0 0 0
"56" 56 0.224137931034 0 0 6 0 13 1 0 0 99 0 0 0 0 0 0 0 378 3 0 0
"57" 57 0.446700507614 0 0 0 0 4 0 174 0 33 0 0 0 0 6 3 0 263 2 11 4
"58" 58 0.0390070921986 0 0 0 0 0 0 0 0 0 0 0 0 0 0 0 500 0 0 0 0
"59" 59 0.291390728477 0 22 1 227 0 1 0 0 232 0 0 0 0 0 13 0 0 1 0 3
"60" 60 0.410714285714 0 0 0 0 1 167 0 0 23 0 5 0 1 0 24 0 0 279 0 0
"61" 61 0.665178571429 0 133 4 16 16 76 8 0 27 1 41 6 1 11 1 0 21 131 5 2
"62" 62 0.093023255814 0 0 33 29 3 14 0 0 223 0 164 0 1 0 1 0 0 1 0 31
"63" 63 0.0298507462687 0 0 0 0 0 0 0 0 0 0 0 0 0 500 0 0 0 0 0 0
"64" 64 0.155963302752 0 182 1 3 0 7 1 0 1 0 36 0 1 120 124 0 0 20 1 3
"65" 65 0.508928571429 0 249 0 23 14 80 0 0 0 0 7 0 2 21 4 0 0 93 0 7
"66" 66 0.0608365019011 0 0 0 0 0 0 0 0 0 282 0 0 1 0 0 0 0 0 217 0
"67" 67 0.0746268656716 0 0 0 0 0 0 0 0 0 2 0 0 0 490 0 8 0 0 0 0
"68" 68 0.34375 0 0 3 0 0 40 0 0 1 0 110 0 5 0 334 0 0 5 2 0
"69" 69 0.287179487179 0 39 1 460 0 0 0 0 0 0 0 0 0 0 0 0 0 0 0 0
"70" 70 0.0 0 0 0 0 0 0 0 500 0 0 0 0 0 0 0 0 0 0 0 0
"71" 71 0.632911392405 0 1 265 7 12 71 0 1 101 0 21 1 7 1 6 0 0 6 0 0
"72" 72 0.666666666667 0 0 1 0 80 88 0 0 1 0 94 5 1 5 6 0 0 216 0 3
"73" 73 0.06463878327 0 0 0 0 0 0 0 0 0 425 0 0 1 0 0 0 0 0 74 0
"74" 74 0.010152284264 0 0 0 0 0 0 494 0 0 0 0 0 0 0 0 0 6 0 0 0
"75" 75 0.591194968553 0 0 0 0 0 0 0 500 0 0 0 0 0 0 0 0 0 0 0 0
"76" 76 0.596153846154 0 0 0 0 0 0 0 0 0 0 0 500 0 0 0 0 0 0 0 0
"77" 77 0.0813953488372 0 0 258 0 0 0 0 0 242 0 0 0 0 0 0 0 0 0 0 0
"78" 78 0.46835443038 0 30 22 122 99 52 1 0 121 0 3 12 0 23 2 0 0 13 0 0
"79" 79 0.220183486239 0 492 0 0 0 0 5 0 0 0 0 0 0 0 0 0 1 0 2 0
"80" 80 0.756345177665 0 387 3 62 7 10 10 0 1 0 0 0 1 3 1 0 13 2 0 0
"81" 81 0.259414225941 0 0 0 0 0 0 0 0 0 403 0 0 96 0 0 0 0 0 0 1
"82" 82 0.666666666667 0 167 126 35 16 39 0 21 3 0 41 4 0 5 4 0 0 39 0 0
"83" 83 0.163461538462 0 0 0 0 0 0 0 0 0 0 0 500 0 0 0 0 0 0 0 0
"84" 84 0.010152284264 0 0 0 0 0 0 498 0 0 0 0 0 0 2 0 0 0 0 0 0
"85" 85 0.700421940928 0 139 6 10 12 60 13 0 66 0 32 10 0 6 3 0 23 118 1 1
"86" 86 0.556962025316 0 8 481 3 1 0 0 0 0 0 2 0 0 0 0 0 0 4 1 0
"87" 87 0.552742616034 0 25 5 5 2 42 3 0 17 2 38 9 0 4 3 0 4 340 0 1
"88" 88 0.403973509934 0 173 1 21 126 40 4 0 18 0 44 13 0 2 3 0 8 46 0 1
"89" 89 0.183035714286 0 5 0 0 12 68 0 0 0 0 6 0 0 0 1 0 0 30 0 378
"90" 90 0.113138686131 0 0 0 0 0 0 0 0 0 0 0 0 0 0 316 0 0 0 0 184
"91" 91 0.352678571429 0 0 0 0 1 0 0 0 0 0 0 0 0 1 146 0 0 352 0 0
"92" 92 0.165803108808 0 417 0 79 0 0 0 0 0 0 1 0 3 0 0 0 0 0 0 0
"93" 93 0.00497512437811 0 0 0 0 0 0 0 0 0 0 0 0 0 500 0 0 0 0 0 0
"94" 94 0.0203045685279 0 0 0 0 0 0 500 0 0 0 0 0 0 0 0 0 0 0 0 0
"95" 95 0.278481012658 0 0 0 0 7 0 0 0 0 0 353 0 0 0 0 0 0 140 0 0
"96" 96 0.110266159696 0 0 0 0 0 0 0 0 0 7 0 0 0 0 0 1 0 0 492 0
"97" 97 0.044776119403 0 0 0 0 0 0 0 0 0 0 0 0 0 500 0 0 0 0 0 0
"98" 98 0.354430379747 0 0 1 0 1 202 0 0 0 3 14 0 4 53 146 1 0 44 27 4
"99" 99 0.448430493274 0 29 7 10 8 142 5 0 14 0 28 0 2 44 1 2 75 63 9 61
"100" 100 0.131782945736 0 0 1 0 0 0 0 0 0 0 499 0 0 0 0 0 0 0 0 0
"101" 101 0.0 0 0 0 0 0 0 0 0 498 0 2 0 0 0 0 0 0 0 0 0
"102" 102 0.46357615894 0 0 303 0 5 0 0 0 186 0 0 0 0 4 2 0 0 0 0 0
"103" 103 0.801324503311 0 22 133 14 6 27 0 0 1 0 29 214 0 5 8 0 0 38 0 3
