"site" "RSA" "aa1" "aa2" "aa3" "aa4" "aa5" "aa6" "aa7" "aa8" "aa9" "aa10" "aa11" "aa12" "aa13" "aa14" "aa15" "aa16" "aa17" "aa18" "aa19" "aa20"
"0" 0 0.671794871795 0 4 15 5 21 246 27 34 39 0 21 7 0 0 40 0 32 8 0 1
"1" 1 0.154228855721 0 0 0 3 0 0 2 0 2 0 0 0 0 492 0 0 1 0 0 0
"2" 2 0.223628691983 0 0 0 0 0 499 0 0 0 0 0 0 0 0 0 0 0 0 0 1
"3" 3 0.0 0 0 0 0 0 0 497 0 0 0 0 0 0 0 0 0 3 0 0 0
"4" 4 0.00418410041841 0 0 0 0 0 0 0 0 0 500 0 0 0 0 0 0 0 0 0 0
"5" 5 0.12582781457 0 0 78 0 0 2 0 0 3 0 415 1 0 0 0 0 1 0 0 0
"6" 6 0.0149253731343 0 0 0 0 0 0 0 0 0 0 0 0 0 500 0 0 0 0 0 0
"7" 7 0.435897435897 0 0 0 500 0 0 0 0 0 0 0 0 0 0 0 0 0 0 0 0
"8" 8 0.0529801324503 0 0 500 0 0 0 0 0 0 0 0 0 0 0 0 0 0 0 0 0
"9" 9 0.0358974358974 0 27 0 473 0 0 0 0 0 0 0 0 0 0 0 0 0 0 0 0
"10" 10 0.283018867925 0 0 23 0 76 7 0 285 22 0 3 0 0 0 79 2 0 1 0 2
"11" 11 0.473214285714 0 153 55 52 33 50 7 0 30 0 13 6 2 27 10 0 7 47 2 6
"12" 12 0.0 0 0 0 0 0 0 0 0 0 0 0 0 0 500 0 0 0 0 0 0
"13" 13 0.0 0 0 0 0 0 0 0 0 0 0 499 1 0 0 0 0 0 0 0 0
"14" 14 0.316455696203 0 1 0 0 2 440 0 0 0 0 14 0 0 22 12 0 0 7 1 1
"15" 15 0.272321428571 0 2 8 9 9 15 11 0 54 0 38 2 0 13 3 3 1 328 0 4
"16" 16 0.0 0 0 0 0 0 0 499 0 0 0 0 0 0 0 0 0 1 0 0 0
"17" 17 0.0 0 0 1 0 0 0 0 0 0 0 498 1 0 0 0 0 0 0 0 0
"18" 18 0.512953367876 0 435 0 1 14 9 1 0 0 0 3 0 0 21 2 0 1 7 1 5
"19" 19 0.431472081218 0 3 0 7 9 3 431 0 4 3 2 0 1 3 2 0 4 4 21 3
"20" 20 0.195402298851 0 0 0 0 0 0 0 0 0 0 0 0 0 0 0 0 500 0 0 0
"21" 21 0.538461538462 0 0 0 0 0 0 0 0 0 0 0 500 0 0 0 0 0 0 0 0
"22" 22 0.281609195402 0 0 0 0 1 0 0 0 1 0 0 0 0 0 0 0 498 0 0 0
"23" 23 0.739910313901 0 42 85 51 72 37 1 0 8 3 29 3 0 84 10 1 6 62 2 4
"24" 24 0.228855721393 0 0 0 0 0 0 1 18 0 0 0 0 0 480 0 0 0 0 0 1
"25" 25 0.144230769231 0 0 0 0 0 0 0 0 0 0 0 500 0 0 0 0 0 0 0 0
"26" 26 0.451476793249 0 18 2 56 82 169 0 0 1 0 44 0 5 38 49 0 1 5 0 30
"27" 27 0.208860759494 500 0 0 0 0 0 0 0 0 0 0 0 0 0 0 0 0 0 0 0
"28" 28 0.205298013245 0 85 15 27 38 61 13 0 5 2 49 3 3 92 13 1 8 57 3 25
"29" 29 0.17816091954 0 0 0 1 0 0 0 0 2 0 1 0 0 0 0 0 496 0 0 0
"30" 30 0.43023255814 0 0 13 0 1 1 0 0 398 0 0 80 0 0 0 0 0 7 0 0
"31" 31 0.375912408759 0 0 1 0 0 1 0 0 0 0 0 1 0 0 497 0 0 0 0 0
"32" 32 0.410041841004 0 3 55 0 9 134 0 0 277 2 1 5 0 0 4 0 0 7 0 3
"33" 33 0.900662251656 0 157 142 28 10 41 0 1 20 0 40 19 0 12 2 2 0 20 0 6
"34" 34 0.544041450777 0 11 0 3 0 2 0 0 2 0 0 449 0 13 0 0 0 20 0 0
"35" 35 0.394230769231 0 252 12 146 0 11 0 0 0 2 1 28 0 0 1 33 0 4 10 0
"36" 36 0.544642857143 0 10 23 12 123 64 5 0 15 10 15 3 1 23 10 18 31 103 22 12
"37" 37 0.114942528736 0 0 0 0 0 0 104 178 9 0 0 0 0 0 0 0 209 0 0 0
"38" 38 0.421524663677 0 11 3 36 37 224 0 0 0 20 2 0 11 21 44 11 0 17 55 8
"39" 39 0.0761421319797 0 0 0 0 0 0 403 0 0 0 0 0 0 0 0 0 97 0 0 0
"40" 40 0.405128205128 0 167 37 106 17 34 0 0 6 0 13 0 6 11 27 2 4 57 3 10
"41" 41 0.167512690355 0 1 0 1 0 0 477 0 0 0 0 0 0 10 0 0 11 0 0 0
"42" 42 0.473214285714 0 4 0 47 20 43 0 0 0 2 6 37 82 131 61 0 0 7 10 50
"43" 43 0.325892857143 0 0 0 0 0 0 0 0 1 0 0 0 0 0 0 0 0 499 0 0
"44" 44 0.622516556291 0 231 1 54 14 44 19 0 19 0 0 1 0 1 18 0 73 23 0 2
"45" 45 0.0152284263959 0 0 2 1 0 0 137 0 93 0 0 0 0 0 0 0 267 0 0 0
"46" 46 0.649635036496 0 24 70 16 10 91 43 0 44 1 25 15 4 0 14 0 43 93 4 3
"47" 47 0.317307692308 0 0 0 0 0 0 0 0 0 0 0 500 0 0 0 0 0 0 0 0
"48" 48 0.0189873417722 500 0 0 0 0 0 0 0 0 0 0 0 0 0 0 0 0 0 0 0
"49" 49 0.108808290155 0 23 1 15 0 0 149 0 0 8 5 0 209 1 0 9 32 0 40 8
"50" 50 0.0 500 0 0 0 0 0 0 0 0 0 0 0 0 0 0 0 0 0 0 0
"51" 51 0.0228136882129 0 0 0 0 0 0 0 0 0 157 0 0 0 0 0 0 0 0 343 0
"52" 52 0.0 0 0 0 0 0 0 467 0 0 0 0 0 0 0 0 0 33 0 0 0
"53" 53 0.0152284263959 0 0 0 0 0 0 471 0 0 0 0 0 0 0 0 0 29 0 0 0
"54" 54 0.00448430493274 0 0 0 0 499 0 0 0 0 0 1 0 0 0 0 0 0 0 0 0
"55" 55 0.00662251655629 0 0 249 0 0 0 0 0 0 0 251 0 0 0 0 0 0 0 0 0
"56" 56 0.0 0 0 1 8 0 0 0 0 481 0 8 0 0 0 0 0 0 0 0 2
"57" 57 0.0529801324503 0 7 200 4 0 0 0 0 54 0 14 91 130 0 0 0 0 0 0 0
"58" 58 0.730569948187 0 28 22 15 10 44 6 75 7 4 20 3 2 69 13 40 28 94 9 11
"59" 59 0.364779874214 0 6 6 10 22 48 107 0 74 0 2 0 0 5 3 0 176 37 2 2
"60" 60 0.195402298851 0 0 0 0 4 0 396 0 2 0 0 0 0 0 1 0 78 14 0 5
"61" 61 0.507692307692 0 467 0 18 0 4 0 0 1 0 1 0 0 2 0 0 0 7 0 0
"62" 62 0.352678571429 0 0 0 1 4 0 0 0 0 0 1 0 0 0 0 0 1 493 0 0
"63" 63 0.0909090909091 0 0 0 196 1 0 0 0 0 89 10 0 101 0 0 0 0 0 97 6
"64" 64 0.0812182741117 0 0 0 0 0 0 483 0 0 0 4 0 0 1 0 0 10 0 0 2
"65" 65 0.435779816514 0 2 1 14 7 290 3 0 2 0 16 0 0 100 30 2 1 10 1 21
"66" 66 0.00892857142857 0 0 0 0 0 0 0 0 0 0 0 0 0 0 0 0 0 500 0 0
"67" 67 0.0 0 0 0 0 0 0 0 0 0 0 0 0 0 500 0 0 0 0 0 0
"68" 68 0.109452736318 0 0 0 0 0 0 0 0 0 2 1 0 0 493 2 1 0 1 0 0
"69" 69 0.263959390863 0 12 2 28 22 32 25 0 7 21 17 0 18 84 13 1 4 126 65 23
"70" 70 0.0 0 0 1 0 23 0 0 0 50 0 131 0 4 0 0 0 0 0 0 291
"71" 71 0.0 0 0 0 0 0 0 0 0 0 0 1 0 0 0 0 0 499 0 0 0
"72" 72 0.284974093264 0 39 1 0 14 306 10 0 3 0 33 0 0 8 30 0 0 52 0 4
"73" 73 0.193798449612 0 0 2 0 4 2 0 0 4 0 483 1 0 0 0 0 0 4 0 0
"74" 74 0.0 0 0 0 0 0 0 0 0 0 0 0 0 0 500 0 0 0 0 0 0
"75" 75 0.400843881857 0 0 11 0 18 176 0 0 1 2 86 2 2 56 93 1 0 16 14 22
"76" 76 0.624087591241 0 32 13 68 25 148 1 0 2 0 24 3 1 39 76 0 1 49 2 16
"77" 77 0.31007751938 0 6 9 10 183 72 0 0 0 0 53 8 0 0 31 0 0 62 1 65
"78" 78 0.364238410596 0 12 1 287 2 34 0 0 0 0 0 101 28 3 22 0 0 10 0 0
"79" 79 0.139534883721 0 0 0 0 0 0 0 0 0 0 500 0 0 0 0 0 0 0 0 0
"80" 80 0.590717299578 0 1 5 0 53 170 0 0 0 0 57 1 2 31 16 0 0 149 2 13
"81" 81 0.145348837209 0 0 6 1 46 131 0 0 206 9 6 0 1 0 31 1 0 28 22 12
"82" 82 0.0304568527919 0 0 0 0 0 0 499 0 0 0 0 0 0 0 0 0 1 0 0 0
"83" 83 0.0153846153846 0 0 0 1 0 0 144 0 1 1 0 0 0 0 0 2 351 0 0 0
"84" 84 0.0 0 0 0 0 0 0 478 0 0 0 0 0 0 0 0 0 22 0 0 0
"85" 85 0.00574712643678 0 0 0 0 0 0 0 0 0 0 0 0 0 0 0 0 500 0 0 0
"86" 86 0.0 0 0 0 0 0 0 239 0 0 0 0 0 0 260 0 0 1 0 0 0
"87" 87 0.0062893081761 0 0 0 0 0 0 0 500 0 0 0 0 0 0 0 0 0 0 0 0
"88" 88 0.0380228136882 0 0 0 0 0 0 0 0 0 100 0 0 0 0 0 0 0 0 400 0
"89" 89 0.0190114068441 0 0 0 0 477 0 0 0 0 20 0 0 2 0 0 0 0 0 1 0
"90" 90 0.00961538461538 0 0 0 0 0 0 0 0 0 0 0 500 0 0 0 0 0 0 0 0
"91" 91 0.300380228137 0 0 0 3 1 1 0 0 0 1 0 0 2 0 1 2 0 0 489 0
"92" 92 0.0232558139535 0 0 111 0 1 0 0 0 0 0 378 10 0 0 0 0 0 0 0 0
"93" 93 0.372262773723 0 2 5 3 24 15 2 0 151 0 0 0 0 8 252 1 6 14 0 17
"94" 94 0.233183856502 0 112 1 108 49 26 13 0 1 3 5 0 14 55 20 0 6 35 39 13
"95" 95 0.160621761658 0 105 136 7 0 0 0 0 0 0 248 4 0 0 0 0 0 0 0 0
"96" 96 0.656934306569 0 0 33 4 1 1 0 0 3 0 0 449 0 0 9 0 0 0 0 0
"97" 97 0.607594936709 0 16 175 6 1 15 0 0 14 0 7 248 1 1 11 0 0 3 1 1
"98" 98 0.880794701987 0 66 56 14 22 29 1 0 267 0 3 2 2 12 7 0 1 17 1 0
"99" 99 0.839416058394 0 78 9 107 17 30 1 0 16 23 19 0 75 10 36 0 1 18 59 1
"100" 100 0.441964285714 0 0 29 0 36 2 0 0 391 0 7 1 1 0 4 0 0 9 0 20
"101" 101 0.534591194969 0 62 75 37 35 41 3 40 42 0 39 12 0 69 6 0 6 21 3 9
"102" 102 0.319796954315 0 0 0 0 0 0 406 0 3 0 0 0 0 0 2 0 89 0 0 0
"103" 103 0.156976744186 0 12 2 25 23 166 0 0 6 7 5 0 4 129 64 14 0 12 14 17
"104" 104 0.0 0 0 0 0 0 0 0 0 0 0 500 0 0 0 0 0 0 0 0 0
"105" 105 0.316455696203 0 0 2 0 18 398 0 0 0 0 9 0 0 0 18 0 0 54 0 1
"106" 106 0.492537313433 0 1 0 14 33 137 92 0 7 2 19 1 0 79 11 5 4 85 1 9
"107" 107 0.0167364016736 0 0 0 0 0 0 0 0 1 493 0 0 1 0 0 0 2 0 0 3
"108" 108 0.0 0 0 0 0 0 0 0 0 0 0 500 0 0 0 0 0 0 0 0 0
"109" 109 0.323076923077 0 6 1 8 51 19 30 0 4 1 14 1 0 161 69 0 4 96 0 35
"110" 110 0.338308457711 0 54 0 8 29 16 0 0 0 1 16 0 0 250 69 21 0 8 0 28
"111" 111 0.0 0 0 0 0 0 0 0 0 0 0 0 0 0 500 0 0 0 0 0 0
"112" 112 0.209821428571 0 0 0 0 1 0 46 0 0 0 1 0 0 0 0 0 0 395 0 57
"113" 113 0.668604651163 0 2 44 20 36 84 0 0 93 1 129 13 1 15 14 6 0 26 4 12
"114" 114 0.108527131783 0 0 1 0 0 0 0 0 0 0 499 0 0 0 0 0 0 0 0 0
"115" 115 0.182692307692 0 0 0 0 0 0 0 0 0 0 0 500 0 0 0 0 0 0 0 0
"116" 116 0.077519379845 0 0 0 0 0 0 0 0 0 0 500 0 0 0 0 0 0 0 0 0
"117" 117 0.296511627907 0 1 14 0 2 5 0 0 389 24 7 0 11 0 0 2 0 12 31 2
"118" 118 0.222627737226 0 0 17 0 24 3 0 0 0 0 121 3 0 0 4 0 0 4 0 324
"119" 119 0.0 0 0 0 0 0 0 0 0 0 0 0 0 0 0 0 0 500 0 0 0
"120" 120 0.00507614213198 0 0 0 0 0 0 485 0 0 0 0 0 0 14 0 0 1 0 0 0
"121" 121 0.0 0 0 6 0 0 0 0 0 0 0 494 0 0 0 0 0 0 0 0 0
"122" 122 0.00497512437811 0 0 0 0 0 0 0 0 0 0 0 0 0 500 0 0 0 0 0 0
"123" 123 0.0621761658031 0 500 0 0 0 0 0 0 0 0 0 0 0 0 0 0 0 0 0 0
"124" 124 0.0248756218905 0 0 0 0 0 0 0 0 0 0 0 0 0 500 0 0 0 0 0 0
"125" 125 0.311004784689 0 0 1 0 8 0 0 0 0 51 20 0 1 0 11 293 0 2 113 0
"126" 126 0.046511627907 0 0 15 12 3 11 41 0 264 1 35 9 53 2 10 0 43 0 1 0
"127" 127 0.465408805031 0 195 48 19 9 28 2 78 3 0 24 13 5 5 6 0 5 45 9 6
"128" 128 0.587443946188 0 76 38 111 38 56 1 0 3 0 43 5 1 44 8 1 15 16 2 42
"129" 129 0.0 0 0 0 0 0 0 496 0 0 0 0 0 0 0 0 0 4 0 0 0
"130" 130 0.322869955157 0 0 2 0 274 3 0 0 0 0 81 3 0 0 93 0 0 22 0 22
"131" 131 0.567307692308 0 22 1 124 54 80 0 0 0 1 16 2 50 57 11 1 0 44 16 21
"132" 132 0.196652719665 0 0 0 0 0 0 0 0 0 494 0 0 0 0 0 0 0 0 6 0
"133" 133 0.0418410041841 0 0 0 0 0 0 0 0 0 498 0 0 0 0 0 0 0 0 2 0
"134" 134 0.777202072539 0 29 28 185 60 26 2 0 85 2 3 16 16 14 4 0 0 11 13 6
"135" 135 0.162436548223 0 0 0 0 0 0 493 0 0 0 0 0 0 0 0 0 7 0 0 0
"136" 136 0.421383647799 0 0 0 0 0 0 0 499 0 0 0 0 0 0 0 0 0 1 0 0
"137" 137 0.116751269036 0 0 0 0 0 0 499 0 0 0 0 0 0 0 0 0 1 0 0 0
"138" 138 0.238341968912 0 0 1 1 20 4 16 0 5 40 1 0 1 0 0 182 102 0 126 1
"139" 139 0.157894736842 0 0 0 0 0 0 0 0 0 0 0 0 499 0 0 0 1 0 0 0
"140" 140 0.0 0 0 0 0 0 0 0 0 0 0 0 0 0 490 0 0 0 0 0 10
"141" 141 0.298165137615 0 0 6 4 6 29 45 0 12 0 4 0 2 228 3 35 27 96 1 2
"142" 142 0.0 0 0 0 0 0 0 0 0 0 0 0 500 0 0 0 0 0 0 0 0
"143" 143 0.0632183908046 0 2 0 0 0 0 4 0 11 0 0 0 0 0 0 0 483 0 0 0
"144" 144 0.314465408805 0 0 0 0 0 2 0 495 0 0 0 1 0 0 2 0 0 0 0 0
"145" 145 0.218274111675 0 0 1 1 3 5 165 0 4 0 2 0 0 305 0 0 13 1 0 0
"146" 146 0.00497512437811 0 0 0 0 0 0 0 0 0 0 0 0 0 495 0 0 0 0 0 5
"147" 147 0.0 0 0 0 0 0 0 0 0 0 0 0 500 0 0 0 0 0 0 0 0
"148" 148 0.584821428571 0 17 17 16 19 125 0 0 50 0 66 1 3 23 4 4 0 148 1 6
"149" 149 0.148288973384 0 0 0 0 0 0 0 0 0 9 0 0 0 0 0 0 0 0 491 0
"150" 150 0.00418410041841 0 0 0 0 0 0 0 0 0 493 0 0 0 0 0 0 0 0 7 0
"151" 151 0.392857142857 0 0 12 2 11 163 0 0 9 4 61 0 6 57 37 0 0 66 27 45
"152" 152 0.490384615385 0 13 2 71 38 147 0 0 0 0 35 4 0 51 56 0 0 73 0 10
"153" 153 0.35864978903 0 0 0 0 68 8 0 0 0 0 24 0 0 0 2 0 0 6 0 392
"154" 154 0.723076923077 0 27 1 270 123 35 0 0 0 1 3 18 9 1 6 0 0 6 0 0
"155" 155 0.179104477612 0 0 0 0 0 0 0 0 0 0 0 0 0 500 0 0 0 0 0 0
"156" 156 0.65625 0 8 30 19 205 36 0 0 102 3 5 2 0 51 2 1 1 21 9 5
"157" 157 0.414507772021 0 355 0 39 0 0 0 0 0 0 0 104 0 1 0 0 0 0 0 1
"158" 158 0.116751269036 0 0 2 0 0 0 316 0 171 0 5 0 0 0 0 0 6 0 0 0
"159" 159 0.00574712643678 0 0 0 0 0 0 302 0 0 0 0 0 0 0 0 0 198 0 0 0
"160" 160 0.0 0 0 0 0 0 0 487 0 0 0 0 0 0 0 0 0 13 0 0 0
"161" 161 0.00574712643678 0 0 0 0 0 0 9 0 0 0 0 0 0 0 0 0 491 0 0 0
"162" 162 0.00662251655629 0 0 0 0 0 0 0 0 0 0 500 0 0 0 0 0 0 0 0 0
"163" 163 0.0125786163522 0 0 0 0 0 0 0 500 0 0 0 0 0 0 0 0 0 0 0 0
"164" 164 0.290155440415 0 161 15 240 0 0 0 0 55 0 0 0 29 0 0 0 0 0 0 0
"165" 165 0.521531100478 0 8 145 34 14 8 1 0 43 0 14 15 72 80 2 17 6 26 0 15
"166" 166 0.576923076923 0 32 115 38 21 12 0 0 209 0 2 29 1 7 13 0 1 15 0 5
"167" 167 0.0 0 58 7 184 0 0 0 0 25 17 195 1 3 0 0 0 0 0 9 1
"168" 168 0.304597701149 0 1 0 1 12 11 293 0 3 0 6 0 0 14 16 0 46 88 0 9
"169" 169 0.575581395349 0 90 7 30 42 57 9 25 38 0 43 3 2 18 43 3 18 65 2 5
"170" 170 0.138686131387 0 23 0 5 9 0 0 0 2 1 123 0 4 74 58 69 1 99 3 29
"171" 171 0.0077519379845 0 0 1 0 0 0 0 0 0 0 499 0 0 0 0 0 0 0 0 0
"172" 172 0.554744525547 0 4 1 12 53 177 14 0 4 1 11 1 0 103 61 2 1 36 2 17
"173" 173 0.443037974684 0 15 3 10 40 119 0 0 0 7 19 2 2 138 12 81 0 37 4 11
"174" 174 0.0 0 0 0 0 0 0 0 0 0 0 0 0 0 500 0 0 0 0 0 0
"175" 175 0.031007751938 0 0 0 0 0 0 0 0 0 0 495 5 0 0 0 0 0 0 0 0
"176" 176 0.466321243523 0 39 4 62 43 173 4 0 2 0 44 3 0 47 22 6 0 38 0 13
"177" 177 0.273722627737 0 0 2 0 282 0 0 0 0 0 12 0 0 0 6 0 0 87 0 111
"178" 178 0.124378109453 0 0 0 0 0 0 0 0 1 0 0 0 0 499 0 0 0 0 0 0
"179" 179 0.742616033755 0 25 0 256 38 80 0 0 0 0 0 84 0 0 15 0 0 2 0 0
"180" 180 0.139534883721 0 0 6 0 0 1 0 0 0 0 488 1 0 0 3 0 0 0 0 1
"181" 181 0.440251572327 0 2 3 0 1 0 0 493 0 0 0 1 0 0 0 0 0 0 0 0
"182" 182 0.365482233503 0 0 0 0 0 0 49 0 379 0 1 0 0 0 0 1 69 0 1 0
"183" 183 0.0232558139535 0 0 1 0 0 0 0 0 0 0 488 11 0 0 0 0 0 0 0 0
"184" 184 0.197969543147 0 0 1 0 2 25 263 0 35 0 2 1 0 0 80 1 64 1 1 24
"185" 185 0.00507614213198 0 0 0 0 0 0 433 0 0 0 0 0 0 0 0 0 67 0 0 0
"186" 186 0.150259067358 0 496 0 0 0 0 0 0 0 0 2 0 0 0 0 0 1 1 0 0
"187" 187 0.544303797468 0 106 23 149 5 12 0 0 0 0 98 4 0 2 33 0 0 1 0 67
"188" 188 0.810218978102 0 0 0 0 0 1 0 0 0 1 0 0 2 0 496 0 0 0 0 0
"189" 189 0.371559633028 0 0 19 0 32 0 32 0 80 0 18 0 0 0 17 0 67 11 0 224
"190" 190 0.512820512821 0 0 21 0 2 2 1 0 101 214 11 0 8 0 2 67 0 0 70 1
"191" 191 0.197969543147 0 0 6 0 0 0 21 0 62 0 5 0 0 0 0 0 406 0 0 0
"192" 192 0.419540229885 0 81 5 5 3 11 16 0 0 0 1 2 1 7 2 0 360 3 0 3
"193" 193 0.423076923077 0 0 0 0 0 0 0 0 0 0 0 500 0 0 0 0 0 0 0 0
"194" 194 0.574358974359 0 434 0 25 0 5 5 0 10 0 0 0 0 4 0 0 12 5 0 0
"195" 195 0.0406091370558 0 0 0 0 0 0 496 0 0 0 0 0 0 0 0 0 4 0 0 0
"196" 196 0.647321428571 0 7 48 1 10 15 0 0 20 0 8 0 0 11 352 0 0 27 1 0
"197" 197 0.346153846154 0 0 0 0 0 0 0 0 0 0 0 500 0 0 0 0 0 0 0 0
"198" 198 0.130801687764 0 0 0 2 89 230 0 0 0 24 0 0 1 41 7 0 0 0 104 2
"199" 199 0.0 0 0 1 3 0 3 10 0 87 0 1 0 0 0 1 47 342 3 0 2
"200" 200 0.0 0 0 0 0 0 0 0 0 0 0 499 1 0 0 0 0 0 0 0 0
"201" 201 0.0 0 0 0 0 0 0 498 0 0 0 0 0 0 0 0 0 2 0 0 0
"202" 202 0.0 0 0 0 0 0 0 0 0 0 0 0 0 0 500 0 0 0 0 0 0
"203" 203 0.00507614213198 0 0 0 0 0 0 493 0 0 0 0 0 0 0 0 0 7 0 0 0
"204" 204 0.113989637306 0 97 14 42 0 0 0 0 301 0 26 20 0 0 0 0 0 0 0 0
"205" 205 0.020725388601 0 8 18 18 0 183 0 0 0 1 155 34 0 79 2 1 0 0 1 0
"206" 206 0.0609137055838 0 0 0 0 0 0 493 0 2 0 0 0 0 0 0 0 3 2 0 0
"207" 207 0.0253807106599 0 0 0 0 0 0 483 0 0 0 0 0 0 0 0 0 17 0 0 0
"208" 208 0.227979274611 0 249 6 0 7 151 0 0 6 0 22 6 0 1 25 0 0 26 0 1
"209" 209 0.31976744186 0 15 96 3 26 15 0 0 316 2 2 0 3 10 3 0 0 5 1 3
"210" 210 0.031007751938 0 0 0 0 0 0 0 0 0 0 336 164 0 0 0 0 0 0 0 0
"211" 211 0.134615384615 0 87 3 0 27 42 2 0 10 0 6 33 0 2 3 0 0 285 0 0
"212" 212 0.441860465116 0 142 13 22 17 33 25 16 97 0 53 9 1 1 5 0 46 20 0 0
"213" 213 0.0253807106599 0 0 0 0 0 0 97 0 7 0 1 0 0 0 0 0 381 1 0 13
"214" 214 0.0348837209302 0 0 5 0 0 0 0 0 494 0 1 0 0 0 0 0 0 0 0 0
"215" 215 0.547263681592 0 28 8 54 23 224 3 0 4 0 20 0 1 34 42 0 1 49 1 8
"216" 216 0.0 0 0 0 0 0 0 0 0 0 0 500 0 0 0 0 0 0 0 0 0
"217" 217 0.0 0 0 1 0 0 0 0 0 0 0 498 1 0 0 0 0 0 0 0 0
"218" 218 0.379487179487 0 23 13 23 17 224 8 0 26 0 106 2 2 14 20 1 0 20 0 1
"219" 219 0.15503875969 0 3 2 0 139 4 3 0 33 0 35 0 5 11 2 0 3 236 0 24
"220" 220 0.00497512437811 0 0 0 0 0 0 0 0 0 0 0 0 0 500 0 0 0 0 0 0
"221" 221 0.379310344828 0 1 1 0 7 8 47 0 8 11 22 0 3 11 6 70 103 2 46 154
"222" 222 0.723214285714 0 118 1 35 21 109 0 0 0 1 38 1 0 101 25 19 0 17 5 9
"223" 223 0.394871794872 0 112 0 60 150 31 0 0 0 0 2 2 1 0 111 0 0 23 0 8
"224" 224 0.326923076923 0 0 0 0 0 0 0 0 0 0 0 500 0 0 0 0 0 0 0 0
"225" 225 0.108527131783 0 0 8 0 0 0 0 0 0 0 492 0 0 0 0 0 0 0 0 0
"226" 226 0.409282700422 0 10 2 1 37 141 0 0 0 2 19 0 4 116 44 0 0 110 7 7
"227" 227 0.214285714286 0 0 11 0 49 11 0 0 5 0 17 3 0 0 40 0 0 158 0 206
"228" 228 0.0172413793103 0 0 0 0 0 0 5 0 0 0 0 0 0 0 0 0 495 0 0 0
"229" 229 0.0342205323194 0 0 0 0 0 0 0 0 0 158 0 0 0 0 0 0 0 0 342 0
"230" 230 0.0 0 0 21 0 0 0 0 0 0 0 479 0 0 0 0 0 0 0 0 0
"231" 231 0.0 500 0 0 0 0 0 0 0 0 0 0 0 0 0 0 0 0 0 0 0
"232" 232 0.00632911392405 500 0 0 0 0 0 0 0 0 0 0 0 0 0 0 0 0 0 0 0
"233" 233 0.0116279069767 0 0 45 0 0 0 0 0 446 0 9 0 0 0 0 0 0 0 0 0
"234" 234 0.0143540669856 0 0 0 0 0 0 0 0 0 0 0 0 500 0 0 0 0 0 0 0
"235" 235 0.0188679245283 0 0 0 0 0 0 0 495 0 0 5 0 0 0 0 0 0 0 0 0
"236" 236 0.218390804598 0 0 1 0 3 0 0 0 1 0 43 0 0 0 0 0 408 11 0 33
"237" 237 0.0547263681592 0 0 0 3 0 0 0 0 0 0 0 0 0 497 0 0 0 0 0 0
"238" 238 0.304635761589 0 11 378 0 18 4 0 0 33 0 27 17 0 3 5 0 2 1 0 1
"239" 239 0.519230769231 0 0 7 0 0 0 0 0 0 0 0 493 0 0 0 0 0 0 0 0
"240" 240 0.314465408805 0 82 28 90 51 28 0 80 21 1 20 10 2 16 6 0 1 54 0 10
"241" 241 0.0 0 0 2 0 0 0 0 0 0 0 497 1 0 0 0 0 0 0 0 0
"242" 242 0.0172413793103 0 0 0 0 0 0 0 0 0 0 1 0 0 0 0 0 499 0 0 0
"243" 243 0.388392857143 0 53 6 36 27 42 17 0 18 1 31 3 0 19 60 0 22 158 3 4
"244" 244 0.386861313869 0 3 2 27 5 157 0 0 0 0 30 0 1 131 88 3 0 0 4 49
"245" 245 0.0152284263959 0 0 0 0 0 0 484 0 0 0 1 0 0 0 0 0 11 0 0 4
"246" 246 0.169230769231 0 0 0 500 0 0 0 0 0 0 0 0 0 0 0 0 0 0 0 0
"247" 247 0.707692307692 0 26 16 56 37 66 0 0 1 0 16 0 0 68 121 1 0 72 0 20
"248" 248 0.0662251655629 0 0 500 0 0 0 0 0 0 0 0 0 0 0 0 0 0 0 0 0
"249" 249 0.273255813953 0 13 1 35 54 43 0 0 9 67 2 16 16 0 3 14 8 5 193 21
"250" 250 0.010152284264 0 0 0 0 0 0 461 0 31 0 0 0 0 1 0 0 7 0 0 0
"251" 251 0.476793248945 0 0 0 0 268 130 2 0 0 0 8 0 0 1 5 0 3 49 0 34
"252" 252 0.147321428571 0 0 2 1 62 0 0 0 0 0 1 0 0 0 0 0 0 427 0 7
"253" 253 0.0 0 0 0 0 0 0 0 0 0 0 0 0 0 500 0 0 0 0 0 0
"254" 254 0.0 0 0 0 0 0 0 0 0 0 0 0 0 0 0 0 0 500 0 0 0
"255" 255 0.00574712643678 0 0 0 0 0 0 0 0 39 0 0 0 0 0 0 0 461 0 0 0
"256" 256 0.00581395348837 0 0 15 0 0 0 0 0 485 0 0 0 0 0 0 0 0 0 0 0
"257" 257 0.107692307692 0 77 0 418 0 0 0 0 0 0 2 0 0 1 0 0 0 0 0 2
"258" 258 0.0 0 0 457 0 0 0 0 0 0 0 42 1 0 0 0 0 0 0 0 0
"259" 259 0.0558375634518 0 0 0 0 0 0 500 0 0 0 0 0 0 0 0 0 0 0 0 0
"260" 260 0.261603375527 0 0 10 0 12 66 0 0 0 7 12 0 13 33 31 1 0 1 314 0
"261" 261 0.199004975124 0 0 12 1 109 59 4 0 21 43 6 1 33 68 27 49 3 55 2 7
"262" 262 0.245283018868 0 40 2 19 52 4 2 188 42 0 1 0 1 1 0 8 3 133 0 4
"263" 263 0.732142857143 0 52 20 13 19 15 1 0 11 0 6 5 2 11 22 0 0 320 0 3
"264" 264 0.6875 0 78 105 85 38 25 2 0 86 0 23 4 3 18 5 0 0 19 1 8
"265" 265 0.270042194093 0 0 0 18 19 293 0 0 0 9 7 0 4 78 35 1 0 1 27 8
"266" 266 0.658227848101 0 4 8 16 36 45 36 0 40 24 10 3 41 36 11 45 87 32 17 9
"267" 267 0.0355329949239 0 0 0 0 0 0 498 0 0 0 0 0 0 0 0 0 2 0 0 0
"268" 268 0.575892857143 0 60 9 43 37 64 39 0 41 2 31 15 0 17 8 0 63 62 4 5
"269" 269 0.302919708029 0 0 0 420 2 26 0 0 0 4 7 0 9 0 10 1 0 0 21 0
"270" 270 0.255230125523 0 0 0 0 0 0 0 0 0 467 0 0 4 17 0 0 0 0 12 0
"271" 271 0.413502109705 0 0 18 0 226 132 0 0 73 0 8 0 0 0 15 0 5 5 0 18
"272" 272 0.291479820628 0 0 2 0 318 0 4 0 6 0 6 0 0 0 1 0 10 24 0 129
"273" 273 0.114427860697 0 0 0 0 0 0 0 0 0 0 0 0 0 497 0 0 0 0 0 3
"274" 274 0.278145695364 0 6 470 0 0 0 0 0 18 0 0 0 0 0 0 4 0 1 0 1
"275" 275 0.00574712643678 0 0 1 0 0 0 0 0 12 0 0 0 0 0 0 0 484 0 0 3
"276" 276 0.0 0 0 0 0 0 0 0 0 0 0 48 452 0 0 0 0 0 0 0 0
"277" 277 0.440251572327 0 2 3 0 3 4 1 454 3 0 7 0 0 11 0 1 0 7 2 2
"278" 278 0.179104477612 0 0 0 0 3 1 170 0 2 0 1 0 0 310 0 1 9 0 0 3
"279" 279 0.00497512437811 0 0 0 0 0 0 0 0 0 0 0 0 0 500 0 0 0 0 0 0
"280" 280 0.0 0 0 0 0 0 0 0 0 0 0 500 0 0 0 0 0 0 0 0 0
"281" 281 0.290178571429 0 1 8 4 12 5 0 0 9 0 37 0 0 4 1 0 0 418 0 1
"282" 282 0.0077519379845 0 0 1 0 0 0 0 0 0 0 499 0 0 0 0 0 0 0 0 0
"283" 283 0.0 0 0 0 0 0 0 497 0 0 0 0 0 0 0 0 0 3 0 0 0
"284" 284 0.223350253807 0 0 0 0 4 8 280 0 1 0 3 0 0 189 5 0 5 0 0 5
"285" 285 0.164233576642 0 2 2 1 1 5 0 0 0 1 51 1 8 1 413 0 0 0 2 12
"286" 286 0.0919540229885 0 1 1 0 12 0 0 0 11 4 14 0 1 23 0 5 404 11 11 2
"287" 287 0.22009569378 0 0 0 0 0 0 0 0 0 63 7 0 345 0 0 0 0 1 84 0
"288" 288 0.473214285714 0 16 0 114 25 135 0 0 0 4 4 0 3 136 10 0 0 17 13 23
"289" 289 0.798206278027 0 29 3 256 133 19 0 0 0 1 0 15 10 0 13 0 0 20 1 0
"290" 290 0.340807174888 0 0 0 0 432 38 0 0 0 0 0 0 0 26 0 0 0 3 0 1
"291" 291 0.437086092715 0 44 319 9 1 26 0 0 0 0 54 11 0 11 11 0 0 6 0 8
"292" 292 0.114942528736 0 0 8 4 0 0 0 0 157 0 4 1 0 0 0 2 323 1 0 0
"293" 293 0.516556291391 0 70 177 41 8 54 1 0 23 0 25 13 0 24 5 2 3 40 0 14
"294" 294 0.631178707224 0 4 1 1 82 11 0 0 0 0 328 12 0 13 2 0 0 38 1 7
"295" 295 0.199004975124 0 0 0 2 1 0 0 0 2 0 0 1 0 494 0 0 0 0 0 0
"296" 296 0.573221757322 0 0 0 0 0 0 0 0 1 494 0 2 2 0 0 0 0 0 1 0
