"site" "RSA" "aa1" "aa2" "aa3" "aa4" "aa5" "aa6" "aa7" "aa8" "aa9" "aa10" "aa11" "aa12" "aa13" "aa14" "aa15" "aa16" "aa17" "aa18" "aa19" "aa20"
"0" 0 0.261627906977 0 18 8 0 1 0 105 24 218 0 9 4 2 0 0 2 108 1 0 0
"1" 1 0.623574144487 0 29 23 21 44 61 29 0 69 6 26 8 4 16 7 1 63 48 44 1
"2" 2 0.360465116279 0 1 113 3 4 4 0 0 365 0 0 1 0 5 1 0 0 1 2 0
"3" 3 0.279069767442 0 0 1 0 0 0 321 0 89 0 0 0 0 0 0 1 86 0 2 0
"4" 4 0.0875912408759 0 0 0 0 0 0 0 0 0 0 0 0 0 0 500 0 0 0 0 0
"5" 5 0.107623318386 0 2 1 3 11 9 255 0 19 6 0 0 3 9 4 1 165 4 5 3
"6" 6 0.0659898477157 0 0 0 0 2 0 454 0 2 0 0 0 0 3 0 3 32 0 4 0
"7" 7 0.0 0 0 0 0 0 0 0 0 0 0 0 500 0 0 0 0 0 0 0 0
"8" 8 0.062015503876 0 0 68 0 2 4 0 0 1 0 399 13 0 0 13 0 0 0 0 0
"9" 9 0.282700421941 0 0 12 0 66 79 2 0 16 0 43 6 0 1 46 4 10 208 1 6
"10" 10 0.0820512820513 0 3 0 479 0 0 0 0 0 0 0 16 2 0 0 0 0 0 0 0
"11" 11 0.21511627907 0 3 92 0 0 0 0 0 401 0 1 2 0 0 0 0 0 1 0 0
"12" 12 0.55223880597 0 7 90 29 22 17 1 0 80 0 25 8 1 143 31 0 6 23 0 17
"13" 13 0.379464285714 0 95 34 95 43 42 3 0 59 5 15 19 8 28 8 1 5 29 1 10
"14" 14 0.0152091254753 0 0 0 0 0 0 0 0 1 74 1 0 2 0 0 1 0 0 421 0
"15" 15 0.210970464135 0 0 0 4 64 226 0 0 0 0 7 0 4 59 40 0 0 15 0 81
"16" 16 0.0114942528736 0 0 0 0 0 0 0 0 1 1 1 0 0 0 0 0 496 0 0 1
"17" 17 0.0342205323194 0 0 0 0 0 0 0 0 0 298 0 0 0 0 0 0 0 0 202 0
"18" 18 0.00507614213198 0 0 0 0 0 0 467 0 1 0 0 0 0 0 0 0 32 0 0 0
"19" 19 0.111607142857 0 0 0 0 0 0 0 0 0 0 0 0 0 0 0 0 0 500 0 0
"20" 20 0.367088607595 0 165 4 29 43 107 0 0 1 0 3 5 10 27 5 2 0 42 1 56
"21" 21 0.580310880829 0 55 6 305 18 28 0 0 0 2 2 63 4 2 8 0 0 7 0 0
"22" 22 0.336538461538 0 0 0 0 0 0 0 0 0 0 0 500 0 0 0 0 0 0 0 0
"23" 23 0.354430379747 0 4 16 51 18 33 21 0 4 39 15 2 18 35 18 27 47 31 99 22
"24" 24 0.0 0 0 0 0 0 0 0 500 0 0 0 0 0 0 0 0 0 0 0 0
"25" 25 0.0459770114943 0 0 6 0 0 1 115 0 11 0 4 2 0 0 1 0 359 1 0 0
"26" 26 0.0 0 0 499 0 0 0 0 0 0 0 1 0 0 0 0 0 0 0 0 0
"27" 27 0.0077519379845 0 0 164 1 0 0 0 0 6 0 326 3 0 0 0 0 0 0 0 0
"28" 28 0.0 0 0 0 1 0 0 0 0 1 0 0 0 493 0 0 2 0 1 0 2
"29" 29 0.0 0 0 0 0 0 0 0 0 0 0 0 0 500 0 0 0 0 0 0 0
"30" 30 0.0310880829016 0 500 0 0 0 0 0 0 0 0 0 0 0 0 0 0 0 0 0 0
"31" 31 0.0 0 0 0 0 0 0 475 0 0 0 0 0 0 2 0 0 23 0 0 0
"32" 32 0.327044025157 0 0 24 0 0 0 0 473 0 0 2 0 0 0 0 0 0 0 0 1
"33" 33 0.00497512437811 0 0 0 0 0 0 0 0 0 0 0 0 0 500 0 0 0 0 0 0
"34" 34 0.269961977186 0 0 0 0 0 0 0 0 0 208 0 0 0 0 0 10 0 0 282 0
"35" 35 0.395348837209 0 7 8 4 2 5 0 0 0 13 372 35 14 0 8 6 0 0 25 1
"36" 36 0.243523316062 0 450 0 50 0 0 0 0 0 0 0 0 0 0 0 0 0 0 0 0
"37" 37 0.607594936709 0 0 5 0 29 209 0 143 6 0 23 2 0 0 20 1 1 55 0 6
"38" 38 0.607142857143 0 101 17 75 27 61 5 0 32 1 53 18 3 18 15 0 16 47 4 7
"39" 39 0.553846153846 0 4 1 368 16 23 0 0 0 0 3 2 5 8 60 0 0 6 0 4
"40" 40 0.210256410256 0 13 3 166 18 65 0 0 0 31 2 10 52 2 18 24 0 1 85 10
"41" 41 0.131979695431 0 2 0 1 21 19 179 0 1 0 6 0 4 128 3 13 114 5 0 4
"42" 42 0.00418410041841 0 0 0 0 0 0 0 0 0 461 0 0 0 0 0 0 0 0 39 0
"43" 43 0.0358974358974 0 0 1 219 7 79 0 0 0 1 21 0 0 36 13 6 0 1 1 115
"44" 44 0.0 0 0 0 0 0 0 0 0 0 0 3 0 0 189 0 0 1 0 0 307
"45" 45 0.0 0 0 0 0 0 0 0 0 1 0 0 0 0 0 0 0 499 0 0 0
"46" 46 0.0 0 0 0 0 0 0 63 0 1 0 0 0 7 0 0 0 429 0 0 0
"47" 47 0.0535714285714 0 0 0 0 9 0 0 0 0 0 1 0 0 1 0 0 0 489 0 0
"48" 48 0.0 0 0 0 0 0 0 483 0 0 0 0 0 0 0 0 0 17 0 0 0
"49" 49 0.0943396226415 0 0 0 0 0 0 0 498 0 0 2 0 0 0 0 0 0 0 0 0
"50" 50 0.105839416058 0 0 3 0 23 181 0 0 0 0 26 1 0 0 251 0 0 10 0 5
"51" 51 0.446808510638 0 6 2 50 0 2 0 0 0 2 3 424 11 0 0 0 0 0 0 0
"52" 52 0.28488372093 0 5 3 0 250 52 0 0 77 0 0 1 0 0 97 0 0 11 0 4
"53" 53 0.0820512820513 0 6 15 303 20 0 0 0 123 9 10 0 5 0 0 0 3 2 2 2
"54" 54 0.062015503876 0 0 83 0 0 0 0 0 36 0 367 14 0 0 0 0 0 0 0 0
"55" 55 0.0675105485232 0 287 6 74 25 2 0 0 1 11 10 15 10 2 0 1 0 3 53 0
"56" 56 0.0248756218905 0 0 0 1 0 8 0 0 0 9 2 0 1 474 0 0 0 0 1 4
"57" 57 0.183035714286 0 2 32 2 26 30 0 0 155 1 53 14 130 1 12 0 0 29 4 9
"58" 58 0.0152284263959 0 0 8 0 0 0 425 0 5 0 2 0 0 0 0 0 60 0 0 0
"59" 59 0.110465116279 0 394 3 92 2 0 0 0 0 0 2 1 4 0 0 0 0 2 0 0
"60" 60 0.189781021898 0 0 6 7 6 0 0 0 5 0 1 1 2 469 0 0 1 2 0 0
"61" 61 0.433035714286 0 3 82 5 9 14 0 0 360 0 3 10 0 0 3 0 0 9 1 1
"62" 62 0.334821428571 0 1 101 1 28 9 0 0 29 0 205 13 1 0 3 0 1 78 1 29
"63" 63 0.267441860465 0 0 11 0 5 0 0 1 447 0 4 0 0 0 0 0 1 1 0 30
"64" 64 0.0 0 0 0 8 1 0 0 0 0 0 0 0 0 490 0 0 0 0 0 1
"65" 65 0.0 0 1 3 488 0 0 0 0 0 0 6 2 0 0 0 0 0 0 0 0
"66" 66 0.0 0 0 0 0 0 0 0 500 0 0 0 0 0 0 0 0 0 0 0 0
"67" 67 0.0 0 0 0 0 0 0 474 0 0 0 0 0 0 0 0 0 26 0 0 0
"68" 68 0.157360406091 0 0 7 0 11 2 138 0 6 0 7 1 0 0 253 0 53 12 0 10
"69" 69 0.0358744394619 0 0 7 1 318 0 112 25 3 0 12 1 0 0 0 0 9 11 0 1
"70" 70 0.20725388601 0 4 57 43 32 2 0 0 2 0 198 127 0 3 6 0 0 12 0 14
"71" 71 0.348837209302 0 4 17 12 16 7 81 0 153 0 6 1 19 0 15 1 141 21 0 6
"72" 72 0.409282700422 0 38 32 14 38 37 150 0 13 0 2 2 5 32 8 0 85 30 8 6
"73" 73 0.776371308017 0 67 4 299 11 79 0 0 0 0 3 12 0 2 11 0 0 11 1 0
"74" 74 0.5 0 0 0 0 0 0 0 0 0 0 0 500 0 0 0 0 0 0 0 0
"75" 75 0.451476793249 0 14 46 54 56 44 13 0 21 20 19 2 6 36 7 2 43 67 38 12
"76" 76 0.18407960199 0 0 2 9 5 1 1 56 4 0 29 1 1 389 1 0 0 1 0 0
"77" 77 0.124087591241 0 3 7 3 59 202 0 0 1 0 4 0 36 38 30 0 0 77 5 35
"78" 78 0.112970711297 0 0 0 0 0 0 0 0 0 496 0 0 0 0 0 0 0 0 4 0
"79" 79 0.0 0 0 0 0 1 0 166 0 9 0 0 0 0 0 0 2 318 0 3 1
"80" 80 0.167883211679 0 2 0 1 2 0 0 0 0 104 1 0 11 0 0 0 0 0 376 3
"81" 81 0.0358974358974 0 55 2 419 0 0 0 0 0 2 17 0 0 0 2 1 0 0 0 2
"82" 82 0.0569620253165 500 0 0 0 0 0 0 0 0 0 0 0 0 0 0 0 0 0 0 0
"83" 83 0.359832635983 0 3 8 0 1 17 0 0 0 121 24 0 31 0 3 24 0 1 266 1
"84" 84 0.465408805031 0 1 3 3 0 0 0 489 2 0 0 0 0 0 1 0 0 1 0 0
"85" 85 0.0765550239234 0 0 0 0 0 0 0 0 0 499 0 0 1 0 0 0 0 0 0 0
"86" 86 0.454545454545 0 9 8 9 1 15 38 0 19 99 2 0 20 27 3 2 48 6 187 7
"87" 87 0.0 0 0 0 0 0 0 0 0 0 0 0 500 0 0 0 0 0 0 0 0
"88" 88 0.0 0 0 4 0 0 0 0 0 0 293 0 0 0 0 0 1 0 0 202 0
"89" 89 0.106598984772 0 0 0 0 33 0 412 0 16 0 0 0 0 0 2 0 6 24 0 7
"90" 90 0.00956937799043 0 0 0 0 0 0 0 0 3 13 3 0 481 0 0 0 0 0 0 0
"91" 91 0.0 0 0 0 499 0 0 0 0 0 0 0 0 0 0 0 0 1 0 0 0
"92" 92 0.0342205323194 0 0 0 0 4 0 0 0 0 331 0 0 3 0 0 0 0 0 162 0
"93" 93 0.0 0 0 0 0 0 0 0 0 0 0 0 500 0 0 0 0 0 0 0 0
"94" 94 0.0077519379845 0 0 9 3 0 0 0 0 0 8 473 2 3 0 1 0 0 0 0 1
"95" 95 0.0 0 0 0 0 0 0 0 0 0 415 0 0 0 3 0 0 0 0 82 0
"96" 96 0.0062893081761 0 0 0 0 0 0 0 500 0 0 0 0 0 0 0 0 0 0 0 0
"97" 97 0.103139013453 0 0 0 0 496 0 0 0 0 0 0 0 0 0 1 0 0 3 0 0
"98" 98 0.0 0 0 0 0 0 0 0 0 500 0 0 0 0 0 0 0 0 0 0 0
"99" 99 0.00354609929078 0 0 0 0 0 0 0 0 0 0 0 0 0 0 0 500 0 0 0 0
"100" 100 0.0 0 0 0 351 21 0 0 0 0 0 15 0 1 102 0 0 0 9 0 1
"101" 101 0.134715025907 0 172 2 203 16 49 0 0 0 0 15 0 0 0 3 0 0 39 0 1
"102" 102 0.0880503144654 0 4 1 0 0 0 0 494 0 0 0 1 0 0 0 0 0 0 0 0
"103" 103 0.261538461538 0 8 7 171 138 13 0 0 35 0 11 5 1 2 8 0 1 19 0 81
"104" 104 0.419540229885 0 1 20 1 111 55 11 0 77 6 3 0 0 12 27 0 60 77 24 15
"105" 105 0.456953642384 0 7 4 5 49 33 80 0 43 1 10 1 0 1 30 0 152 49 8 27
"106" 106 0.0143540669856 0 368 0 5 1 0 23 0 0 29 2 0 1 0 0 3 32 0 36 0
"107" 107 0.641509433962 0 31 111 29 14 27 1 125 34 1 28 14 3 27 9 10 1 23 1 11
"108" 108 0.174107142857 0 249 5 50 15 26 0 0 0 1 35 4 2 39 23 2 0 26 5 18
"109" 109 0.0872093023256 0 1 4 0 4 0 0 0 440 0 0 1 0 0 0 0 50 0 0 0
"110" 110 0.691983122363 0 20 2 213 41 49 0 0 0 2 3 32 87 5 15 2 0 9 17 3
"111" 111 0.100775193798 0 0 370 0 0 0 0 0 2 0 126 1 0 0 1 0 0 0 0 0
"112" 112 0.33908045977 0 0 127 17 7 0 12 33 142 0 87 7 5 0 0 0 43 11 0 9
"113" 113 0.00961538461538 0 0 0 0 0 0 0 0 0 0 0 500 0 0 0 0 0 0 0 0
"114" 114 0.0984455958549 0 275 36 102 0 0 0 0 0 0 80 7 0 0 0 0 0 0 0 0
"115" 115 0.0666666666667 0 29 0 139 0 0 0 0 0 0 1 331 0 0 0 0 0 0 0 0
"116" 116 0.155440414508 0 0 1 25 29 41 0 0 11 34 2 2 23 79 76 10 35 32 75 25
"117" 117 0.0188679245283 0 0 1 0 0 0 0 499 0 0 0 0 0 0 0 0 0 0 0 0
"118" 118 0.0 0 0 3 0 0 0 393 0 61 0 6 0 0 2 0 0 8 0 0 27
"119" 119 0.0466321243523 0 29 2 8 3 388 0 0 0 20 3 0 22 0 0 1 0 0 21 3
"120" 120 0.0 0 0 0 0 0 0 0 0 1 0 1 0 0 0 0 0 498 0 0 0
"121" 121 0.0 0 0 0 1 0 0 0 0 0 0 0 0 0 499 0 0 0 0 0 0
"122" 122 0.00446428571429 0 45 1 10 0 0 0 0 0 0 0 0 0 0 0 0 2 442 0 0
"123" 123 0.0609137055838 0 0 0 0 0 0 498 0 0 0 0 0 0 0 0 0 2 0 0 0
"124" 124 0.0192307692308 0 0 0 0 0 0 0 0 0 0 0 500 0 0 0 0 0 0 0 0
"125" 125 0.566964285714 0 16 147 32 11 10 1 0 191 0 6 11 4 17 3 2 1 33 3 12
"126" 126 0.546511627907 0 13 24 13 147 45 13 0 39 3 14 3 0 16 79 3 37 48 1 2
"127" 127 0.406091370558 0 6 10 2 69 16 108 0 59 3 5 2 0 1 11 0 168 32 0 8
"128" 128 0.0697674418605 0 0 6 0 0 0 0 0 0 0 52 442 0 0 0 0 0 0 0 0
"129" 129 0.479087452471 0 0 2 0 0 3 1 0 5 185 0 1 2 1 2 0 2 1 295 0
"130" 130 0.0813953488372 0 0 1 0 0 0 0 0 497 0 2 0 0 0 0 0 0 0 0 0
"131" 131 0.0192307692308 0 0 0 0 0 0 0 0 0 0 0 500 0 0 0 0 0 0 0 0
"132" 132 0.14798206278 0 0 1 0 165 1 0 0 0 0 6 0 0 2 3 0 0 315 0 7
"133" 133 0.126436781609 0 0 0 0 0 0 0 0 0 0 0 0 0 0 0 0 500 0 0 0
"134" 134 0.042194092827 0 0 15 0 8 451 2 0 3 0 11 1 0 0 3 0 1 5 0 0
"135" 135 0.304932735426 0 17 3 30 16 81 52 0 36 2 33 5 3 20 34 1 93 69 1 4
"136" 136 0.0 0 0 0 0 0 0 0 0 13 0 0 0 0 0 0 0 487 0 0 0
"137" 137 0.130801687764 0 0 7 0 8 10 56 0 10 8 4 1 0 9 28 0 31 279 10 39
"138" 138 0.015503875969 0 0 30 0 0 0 0 0 3 0 465 1 0 0 0 0 1 0 0 0
"139" 139 0.0 0 0 0 0 0 0 0 0 0 0 0 0 0 500 0 0 0 0 0 0
"140" 140 0.0 0 0 0 0 0 0 0 0 0 0 0 500 0 0 0 0 0 0 0 0
"141" 141 0.0 0 0 0 0 0 0 495 0 1 0 0 0 0 0 0 0 4 0 0 0
"142" 142 0.0137614678899 0 0 0 0 3 0 0 0 0 0 4 1 0 0 0 0 0 0 0 492
"143" 143 0.0 0 0 0 0 0 0 0 405 0 0 90 3 0 2 0 0 0 0 0 0
"144" 144 0.0 0 0 0 0 0 0 0 0 0 5 0 0 0 493 0 0 0 0 2 0
"145" 145 0.119402985075 0 1 4 28 272 14 0 0 0 0 7 3 1 67 6 0 0 21 0 76
"146" 146 0.0362694300518 0 385 3 36 3 0 0 0 2 1 2 1 4 18 16 2 0 17 3 7
"147" 147 0.424107142857 0 29 4 60 78 3 0 0 0 0 1 14 1 10 10 1 0 258 0 31
"148" 148 0.509615384615 0 0 0 0 0 0 0 0 0 0 0 500 0 0 0 0 0 0 0 0
"149" 149 0.330357142857 0 0 1 16 15 50 0 0 3 54 6 0 8 103 12 40 0 15 153 24
"150" 150 0.0 0 0 44 0 0 0 0 0 255 0 191 10 0 0 0 0 0 0 0 0
"151" 151 0.0414507772021 0 61 9 109 29 9 0 0 3 0 272 0 1 0 0 0 0 0 0 7
"152" 152 0.0 0 0 0 0 0 0 0 2 0 3 0 0 0 0 0 495 0 0 0 0
"153" 153 0.0 0 0 0 0 170 4 0 0 0 0 0 0 0 319 0 0 0 0 0 7
"154" 154 0.0 0 0 0 0 0 0 2 0 2 0 1 0 0 0 0 0 495 0 0 0
"155" 155 0.010152284264 0 0 0 0 0 0 416 0 0 0 0 0 0 0 0 0 84 0 0 0
"156" 156 0.0 0 0 29 0 0 0 0 0 0 0 457 14 0 0 0 0 0 0 0 0
"157" 157 0.0 0 0 0 0 0 0 495 0 1 0 0 0 0 0 0 0 4 0 0 0
"158" 158 0.113989637306 0 479 0 14 0 0 0 0 1 0 0 0 5 0 0 0 0 0 1 0
"159" 159 0.289340101523 0 5 67 1 6 18 38 0 62 3 119 13 1 16 55 0 28 15 4 49
"160" 160 0.651282051282 0 12 149 36 12 15 0 0 240 0 5 7 2 6 0 0 0 12 3 1
"161" 161 0.0673575129534 0 500 0 0 0 0 0 0 0 0 0 0 0 0 0 0 0 0 0 0
"162" 162 0.584905660377 0 67 30 22 20 39 3 186 21 0 37 16 1 12 10 0 7 25 2 2
"163" 163 0.199004975124 0 16 123 60 15 26 0 0 97 2 6 1 6 46 8 0 0 8 14 72
"164" 164 0.046511627907 0 0 4 0 0 0 0 0 0 0 488 8 0 0 0 0 0 0 0 0
"165" 165 0.62893081761 0 31 10 11 10 14 0 373 1 1 17 11 0 3 4 0 5 6 0 3
"166" 166 0.523206751055 0 12 3 43 53 69 0 0 7 11 12 0 9 169 26 9 0 32 27 18
"167" 167 0.0 0 4 0 21 0 0 0 0 0 0 42 0 0 433 0 0 0 0 0 0
"168" 168 0.435897435897 0 0 36 28 41 42 0 0 281 0 1 0 0 5 65 0 0 1 0 0
"169" 169 0.222797927461 0 389 6 96 2 1 0 0 2 0 1 0 0 0 3 0 0 0 0 0
"170" 170 0.0710659898477 0 0 4 0 0 0 466 0 0 0 19 0 1 0 0 0 10 0 0 0
"171" 171 0.482142857143 0 111 12 58 36 64 14 0 20 0 37 8 1 33 9 1 14 72 3 7
"172" 172 0.113989637306 0 405 0 0 0 0 0 0 0 0 1 0 92 0 0 0 0 0 2 0
"173" 173 0.0 0 0 0 0 0 0 0 0 2 0 1 0 0 0 0 0 497 0 0 0
"174" 174 0.370535714286 0 0 0 0 0 3 0 0 0 0 3 0 0 2 0 0 0 492 0 0
"175" 175 0.527426160338 0 0 5 0 25 287 0 0 29 0 24 2 3 64 35 0 0 23 0 3
"176" 176 0.357414448669 0 1 0 1 2 2 0 0 3 164 1 0 38 0 1 14 0 0 269 4
"177" 177 0.163179916318 0 0 0 1 0 0 0 0 0 324 0 0 15 0 9 29 0 0 122 0
"178" 178 0.622641509434 0 0 7 1 2 9 0 448 6 0 2 0 2 1 0 6 3 12 1 0
"179" 179 0.278846153846 0 0 0 0 0 0 0 0 0 0 0 500 0 0 0 0 0 0 0 0
"180" 180 0.169154228856 0 0 1 0 2 0 0 0 0 0 4 2 0 481 2 0 0 2 0 6
"181" 181 0.0995024875622 0 0 5 1 0 0 3 0 3 0 1 0 0 485 0 0 2 0 0 0
"182" 182 0.740875912409 0 63 6 15 20 83 2 0 18 4 31 9 14 29 7 0 31 140 10 18
"183" 183 0.178294573643 0 29 5 63 39 201 0 0 0 1 63 1 5 0 39 9 0 26 9 10
"184" 184 0.0116279069767 0 0 11 0 0 0 5 0 469 1 10 4 0 0 0 0 0 0 0 0
"185" 185 0.148717948718 0 2 2 0 10 195 2 0 4 40 18 0 1 6 72 7 1 34 100 6
"186" 186 0.299107142857 0 8 2 14 34 75 1 0 6 0 20 1 0 22 13 8 0 271 0 25
"187" 187 0.00709219858156 0 0 0 0 0 0 0 0 0 4 0 0 0 0 0 495 0 0 1 0
"188" 188 0.0 0 0 0 0 0 0 0 0 0 486 0 0 3 0 0 10 0 0 1 0
"189" 189 0.270072992701 0 2 6 5 71 61 41 0 4 0 63 1 0 0 24 0 57 156 0 9
"190" 190 0.167512690355 0 12 4 20 8 79 27 0 36 10 1 1 16 17 224 7 3 2 28 5
"191" 191 0.0190114068441 0 0 16 0 1 0 0 0 0 3 23 0 2 0 0 1 1 0 451 2
"192" 192 0.0548523206751 0 23 0 6 36 366 0 0 5 0 4 0 0 8 13 0 17 20 0 2
"193" 193 0.395939086294 0 5 3 12 67 21 73 0 3 0 18 10 1 140 16 4 23 69 2 33
"194" 194 0.213836477987 0 0 0 0 0 0 0 499 0 0 1 0 0 0 0 0 0 0 0 0
"195" 195 0.336787564767 0 29 3 57 25 31 0 0 6 0 10 3 27 254 5 0 0 35 0 15
"196" 196 0.730769230769 0 0 0 0 0 0 0 0 0 0 0 500 0 0 0 0 0 0 0 0
"197" 197 0.320675105485 0 0 0 4 68 94 0 0 0 0 1 0 1 297 22 0 0 5 1 7
"198" 198 0.610062893082 0 34 17 13 6 7 0 373 4 0 15 5 0 11 3 0 2 6 0 4
"199" 199 0.415178571429 0 1 14 2 83 42 12 157 42 1 17 4 0 3 30 0 18 51 1 22
"200" 200 0.0461538461538 0 1 1 483 0 0 0 0 0 0 6 7 0 2 0 0 0 0 0 0
"201" 201 0.578475336323 0 3 15 12 43 67 0 0 135 26 11 7 7 37 14 6 0 29 78 10
"202" 202 0.100418410042 0 0 0 0 0 0 0 0 0 500 0 0 0 0 0 0 0 0 0 0
"203" 203 0.139534883721 0 0 42 0 0 0 0 0 0 0 364 94 0 0 0 0 0 0 0 0
"204" 204 0.276150627615 0 31 3 114 7 21 0 0 0 89 7 98 100 5 9 0 0 0 14 2
"205" 205 0.82119205298 0 67 6 250 2 28 0 0 0 1 3 118 6 1 8 0 0 0 3 7
"206" 206 0.0769230769231 0 0 0 0 0 0 0 0 0 0 0 500 0 0 0 0 0 0 0 0
"207" 207 0.459821428571 0 1 9 1 132 86 0 0 68 13 9 0 12 31 26 0 0 69 42 1
"208" 208 0.162790697674 0 0 7 0 1 0 1 0 9 1 469 2 0 0 0 0 10 0 0 0
"209" 209 0.172995780591 0 4 0 5 24 26 0 0 0 28 14 3 10 277 15 10 0 19 35 30
"210" 210 0.323076923077 0 229 9 226 0 0 0 27 1 0 0 5 0 0 3 0 0 0 0 0
"211" 211 0.253164556962 0 0 4 0 17 415 0 0 5 0 28 1 0 0 18 0 0 5 0 7
"212" 212 0.713080168776 0 63 14 36 25 74 4 0 38 2 49 11 3 19 17 1 22 105 7 10
"213" 213 0.220532319392 0 17 5 8 42 95 2 0 3 4 23 1 15 0 10 13 16 183 12 51
"214" 214 0.0 0 0 8 0 0 0 0 0 0 0 484 8 0 0 0 0 0 0 0 0
"215" 215 0.213930348259 0 13 1 7 3 1 17 0 0 0 8 0 1 418 3 0 5 10 0 13
"216" 216 0.512953367876 0 14 7 16 29 75 36 0 11 3 21 0 1 39 191 0 6 45 0 6
"217" 217 0.0 0 1 0 1 13 0 120 0 4 0 7 0 0 1 6 0 338 2 0 7
"218" 218 0.0 0 0 0 0 0 0 498 0 1 0 0 0 0 0 0 0 1 0 0 0
"219" 219 0.476793248945 0 15 13 27 31 74 19 0 27 0 62 7 4 31 17 6 0 154 3 10
"220" 220 0.205357142857 0 23 9 20 34 38 26 0 8 2 36 4 4 25 23 162 2 63 2 19
"221" 221 0.0 0 0 25 2 0 0 0 0 90 0 368 6 3 0 6 0 0 0 0 0
"222" 222 0.124401913876 0 0 0 1 0 0 0 0 0 42 17 0 347 0 0 10 0 0 81 2
"223" 223 0.295336787565 0 42 8 34 38 94 19 0 6 3 31 1 2 44 101 1 7 47 8 14
"224" 224 0.112582781457 0 34 9 18 71 3 0 0 9 40 166 2 21 0 0 4 0 30 72 21
"225" 225 0.0460992907801 0 0 0 0 0 0 0 0 0 0 0 0 0 0 0 500 0 0 0 0
"226" 226 0.396624472574 0 0 3 0 176 51 41 0 5 9 42 2 0 23 49 2 54 14 10 19
"227" 227 0.42600896861 0 13 4 13 64 51 27 0 7 0 19 1 0 33 167 0 36 31 0 34
"228" 228 0.00497512437811 0 0 0 0 0 0 0 0 0 0 0 0 0 500 0 0 0 0 0 0
"229" 229 0.0355329949239 0 0 1 0 10 0 476 0 0 0 1 0 0 0 0 0 12 0 0 0
"230" 230 0.302325581395 0 0 53 9 0 0 0 0 0 0 416 19 0 0 1 0 0 1 0 1
"231" 231 0.519230769231 0 0 0 0 0 0 0 0 0 0 0 500 0 0 0 0 0 0 0 0
"232" 232 0.603375527426 0 22 2 66 127 112 0 0 0 1 7 0 3 101 19 0 0 22 4 14
"233" 233 0.152317880795 0 0 147 0 0 0 0 0 1 0 351 1 0 0 0 0 0 0 0 0
"234" 234 0.695364238411 0 141 39 18 15 10 2 204 16 0 20 11 0 3 2 0 1 15 0 3
"235" 235 0.347150259067 0 355 12 108 0 6 0 0 0 1 1 0 1 2 2 0 0 9 2 1
"236" 236 0.311258278146 0 26 75 11 15 9 1 151 120 0 26 4 28 0 7 0 6 19 0 2
"237" 237 0.350210970464 0 23 9 99 8 6 0 0 0 0 11 287 0 0 1 0 0 4 0 52
"238" 238 0.567307692308 0 0 0 0 0 0 0 0 0 0 0 500 0 0 0 0 0 0 0 0
"239" 239 0.0609137055838 0 0 1 0 0 0 474 0 2 0 0 0 0 0 0 0 23 0 0 0
"240" 240 0.186528497409 0 495 0 5 0 0 0 0 0 0 0 0 0 0 0 0 0 0 0 0
"241" 241 0.0845771144279 0 0 0 1 0 0 0 0 0 0 0 0 0 499 0 0 0 0 0 0
"242" 242 0.162790697674 0 0 6 0 0 0 0 0 492 0 2 0 0 0 0 0 0 0 0 0
"243" 243 0.0 0 0 8 478 0 0 0 0 12 0 2 0 0 0 0 0 0 0 0 0
"244" 244 0.0747126436782 0 0 11 0 0 0 3 0 392 0 0 2 0 0 0 0 92 0 0 0
"245" 245 0.354651162791 0 0 31 1 226 79 0 0 104 0 2 2 0 0 5 0 0 25 0 25
"246" 246 0.18407960199 0 24 0 25 13 2 4 0 0 33 6 0 243 123 2 0 0 2 18 5
"247" 247 0.534591194969 0 0 3 0 0 0 0 491 0 0 0 0 0 0 0 4 0 0 2 0
"248" 248 0.860103626943 0 13 18 24 12 9 2 0 25 3 0 3 0 3 2 363 1 7 13 2
"249" 249 0.116279069767 0 0 44 0 0 0 0 0 440 0 15 0 0 0 0 0 0 0 0 1
"250" 250 0.641509433962 0 65 9 25 23 37 4 226 3 1 43 4 2 18 15 0 4 10 0 11
"251" 251 0.296511627907 0 5 1 10 8 9 0 0 2 97 0 0 27 0 0 0 0 1 337 3
"252" 252 0.304182509506 0 0 0 0 0 0 0 0 0 14 0 0 0 0 0 3 0 0 483 0
"253" 253 0.35761589404 0 201 10 132 9 37 4 0 3 5 2 0 11 15 6 33 1 20 11 0
"254" 254 0.649789029536 0 2 53 1 18 76 3 0 0 1 156 19 4 39 34 0 2 84 5 3
"255" 255 0.449612403101 0 79 57 121 24 40 0 0 50 1 31 9 3 18 24 1 1 29 2 10
"256" 256 0.124031007752 0 0 0 0 1 0 0 0 0 0 497 2 0 0 0 0 0 0 0 0
"257" 257 0.0331125827815 0 0 296 0 0 0 0 0 0 0 197 7 0 0 0 0 0 0 0 0
"258" 258 0.533678756477 0 50 31 66 27 114 0 0 12 3 49 5 4 49 20 0 1 37 4 28
"259" 259 0.635658914729 0 24 65 175 8 67 0 0 0 3 71 14 2 9 5 8 0 27 12 10
"260" 260 0.10152284264 0 0 0 0 0 0 313 0 1 0 0 0 0 0 0 0 185 0 0 1
"261" 261 0.459119496855 0 2 0 1 0 1 0 488 0 0 5 0 0 2 0 0 0 1 0 0
"262" 262 0.622641509434 0 9 20 4 1 3 0 433 3 0 4 9 1 7 0 0 1 2 1 2
"263" 263 0.503875968992 0 0 1 0 4 32 2 439 1 0 0 0 0 0 5 0 0 14 0 2
"264" 264 0.331125827815 0 143 19 185 9 17 0 0 0 0 65 1 5 2 2 0 0 37 7 8
"265" 265 0.621890547264 0 5 24 7 71 181 0 0 19 0 14 3 6 2 37 0 0 118 1 12
"266" 266 0.447257383966 0 0 0 3 164 103 0 0 0 0 4 20 0 114 42 0 0 39 0 11
"267" 267 0.658914728682 0 77 38 16 11 29 0 187 10 1 48 10 9 31 4 2 0 19 2 6
"268" 268 0.435233160622 0 25 102 0 1 6 4 279 2 0 52 5 0 0 1 0 13 10 0 0
"269" 269 0.178294573643 0 3 77 5 25 40 0 0 2 1 254 10 40 1 14 0 0 10 6 12
"270" 270 0.779874213836 0 45 82 13 19 23 0 155 34 0 40 27 1 29 9 0 2 11 6 4
"271" 271 0.355329949239 0 1 1 1 0 0 227 0 21 0 1 0 0 0 1 0 241 3 0 3
"272" 272 0.585492227979 0 3 5 3 5 1 1 470 0 0 1 2 2 0 2 0 0 4 0 1
"273" 273 0.675105485232 0 69 111 38 22 43 2 0 23 1 51 15 3 16 12 9 2 70 3 10
"274" 274 0.364238410596 0 78 105 40 16 115 11 0 18 0 31 13 0 11 4 0 9 40 1 8
"275" 275 0.0761421319797 0 0 0 1 1 0 24 0 4 0 5 0 0 0 0 0 465 0 0 0
"276" 276 0.554404145078 0 18 149 33 18 70 0 0 91 3 21 4 6 34 16 2 0 19 1 15
"277" 277 0.497890295359 0 0 9 1 102 205 0 0 65 0 3 0 11 1 63 0 1 27 0 12
"278" 278 0.421985815603 0 2 0 3 0 0 24 0 4 1 0 0 0 436 1 0 28 1 0 0
"279" 279 0.18410041841 0 0 0 0 0 0 0 0 0 251 0 0 3 0 0 4 0 2 240 0
"280" 280 0.861924686192 0 2 5 3 4 11 2 0 7 332 8 18 7 2 0 1 7 17 73 1
