"site" "RSA" "aa1" "aa2" "aa3" "aa4" "aa5" "aa6" "aa7" "aa8" "aa9" "aa10" "aa11" "aa12" "aa13" "aa14" "aa15" "aa16" "aa17" "aa18" "aa19" "aa20"
"0" 0 0.459770114943 0 0 0 0 0 0 15 0 0 0 1 0 0 16 0 0 45 0 0 24
"1" 1 0.219730941704 0 0 3 2 9 96 0 0 1 0 0 0 1 0 13 0 0 4 1 0
"2" 2 0.0 0 0 0 0 0 0 0 0 0 0 131 7 0 0 0 0 0 0 0 0
"3" 3 0.218390804598 0 0 1 0 1 0 34 0 0 0 0 0 0 1 0 0 102 0 0 0
"4" 4 0.0 69 0 2 0 0 0 0 0 3 0 56 0 0 0 0 0 9 0 0 0
"5" 5 0.396551724138 4 0 0 0 0 0 10 0 1 3 0 1 1 4 0 0 112 0 2 1
"6" 6 0.0 0 0 0 0 0 0 17 1 0 2 0 0 0 106 0 0 7 0 0 9
"7" 7 0.590717299578 0 2 20 14 8 40 2 1 9 0 6 4 0 1 28 0 4 4 0 0
"8" 8 0.375 0 1 15 0 1 0 0 3 1 0 0 121 0 0 1 0 0 0 0 0
"9" 9 0.922279792746 0 60 16 8 0 2 0 7 11 0 5 2 0 0 0 0 0 8 0 0
"10" 10 0.503875968992 0 12 30 4 1 0 0 3 5 0 15 19 0 0 0 0 2 30 0 0
"11" 11 0.576923076923 0 6 4 15 2 13 2 11 7 0 8 30 1 1 0 0 5 8 1 0
"12" 12 0.0574712643678 0 0 0 0 0 0 6 1 4 0 7 0 0 0 0 0 131 1 0 0
"13" 13 0.397350993377 2 2 38 7 10 42 1 0 26 1 1 1 7 0 6 0 0 4 3 0
"14" 14 0.144230769231 0 0 0 0 0 0 0 0 0 0 0 154 0 0 0 0 0 0 0 0
"15" 15 0.35632183908 1 0 4 9 5 5 16 0 76 1 1 0 1 0 1 0 34 0 0 0
"16" 16 0.0 0 0 0 0 0 0 62 0 0 0 1 0 0 13 0 0 78 1 0 0
"17" 17 0.261603375527 1 3 3 8 7 13 6 0 28 17 1 1 21 4 11 4 3 2 21 1
"18" 18 0.00418410041841 0 0 0 0 0 0 4 0 0 140 0 0 0 12 0 0 0 0 0 1
"19" 19 0.446428571429 0 4 23 3 7 12 8 0 34 1 1 0 0 3 1 0 13 46 1 0
"20" 20 0.0 0 1 1 0 144 0 0 0 1 0 0 0 1 0 1 0 0 7 0 0
"21" 21 0.589147286822 0 21 8 13 11 5 2 6 6 0 14 3 0 0 0 0 3 60 1 0
"22" 22 0.35761589404 1 18 35 9 2 10 1 2 8 0 15 40 3 0 2 0 5 3 0 0
"23" 23 0.410714285714 5 28 17 8 2 4 2 19 3 0 9 7 1 1 2 0 4 44 0 0
"24" 24 0.695364238411 0 12 26 17 2 11 0 1 10 1 7 54 2 0 2 0 0 2 0 0
"25" 25 0.258928571429 1 14 28 2 5 6 0 0 2 1 19 18 7 1 1 0 0 13 0 3
"26" 26 0.308176100629 2 1 3 3 1 5 1 96 3 2 12 1 0 8 1 0 3 3 2 0
"27" 27 0.0 7 0 0 0 0 0 2 0 54 0 2 0 0 10 0 0 82 0 0 1
"28" 28 0.151162790698 2 0 6 1 3 39 5 0 56 1 0 1 14 2 6 0 10 7 3 2
"29" 29 0.0 0 0 0 0 0 1 60 0 0 1 0 0 0 11 0 0 84 0 0 1
"30" 30 0.298013245033 0 3 41 13 2 9 1 0 59 1 1 1 4 1 5 2 4 8 2 1
"31" 31 0.12927756654 0 0 0 0 0 0 3 0 0 0 6 114 0 2 0 10 12 0 10 0
"32" 32 0.446428571429 0 14 25 12 6 14 1 0 11 3 0 1 1 0 7 0 6 47 10 0
"33" 33 0.00507614213198 0 0 0 0 0 0 87 0 0 5 0 0 0 28 0 0 37 0 0 1
"34" 34 0.317829457364 1 0 42 5 1 26 4 1 50 0 5 0 2 6 2 0 2 7 2 2
"35" 35 0.413461538462 0 1 0 17 0 1 0 0 0 0 0 140 0 0 0 0 0 0 0 0
"36" 36 0.102564102564 1 0 1 13 0 0 1 0 0 1 0 0 3 136 0 0 1 0 0 2
"37" 37 0.377483443709 0 20 14 3 5 28 1 16 48 0 17 1 0 0 1 0 0 5 0 0
"38" 38 0.465408805031 0 0 0 0 0 1 0 17 0 0 14 0 1 0 0 0 0 0 0 0
"39" 39 0.594871794872 0 11 1 26 5 17 0 67 0 0 8 2 0 0 8 0 0 14 0 0
"40" 40 0.170542635659 0 1 3 0 0 1 0 0 3 1 21 129 0 0 1 0 0 0 0 0
"41" 41 0.330357142857 0 6 0 7 5 49 0 4 0 2 0 0 1 66 3 0 1 16 0 0
"42" 42 0.153284671533 0 0 0 0 1 0 0 0 0 0 0 0 133 0 25 0 0 0 1 0
"43" 43 0.0 0 0 0 0 0 0 0 0 0 0 1 159 0 0 0 0 0 0 0 0
"44" 44 0.0 0 0 0 0 0 0 2 0 0 149 0 0 0 4 0 0 1 0 0 3
"45" 45 0.0 0 0 0 0 0 0 0 0 0 0 0 0 160 0 0 0 0 0 0 0
"46" 46 0.0 0 0 0 1 0 0 61 0 0 0 0 0 0 3 0 0 95 0 0 0
"47" 47 0.0 2 0 0 0 0 0 0 0 1 0 0 0 157 0 0 0 0 0 0 0
"48" 48 0.321428571429 0 1 4 0 31 0 0 1 4 0 25 1 0 0 0 0 5 88 0 0
"49" 49 0.393305439331 0 0 1 0 0 11 0 0 1 100 4 0 0 16 3 1 0 0 22 1
"50" 50 0.298076923077 1 0 0 0 0 0 0 0 0 0 0 159 0 0 0 0 0 0 0 0
"51" 51 0.341968911917 0 157 0 2 0 0 1 0 0 0 0 0 0 0 0 0 0 0 0 0
"52" 52 0.53488372093 0 0 4 63 1 1 3 0 51 1 5 0 1 19 1 0 5 0 3 2
"53" 53 0.720930232558 0 0 28 0 0 0 1 0 127 0 2 2 0 0 0 0 0 0 0 0
"54" 54 0.54358974359 0 8 1 135 8 2 0 0 0 0 1 4 0 0 0 0 0 0 0 1
"55" 55 0.480769230769 0 0 0 1 0 1 0 0 0 0 1 157 0 0 0 0 0 0 0 0
"56" 56 0.0886075949367 160 0 0 0 0 0 0 0 0 0 0 0 0 0 0 0 0 0 0 0
"57" 57 0.563218390805 0 0 0 4 1 1 19 0 79 0 6 2 0 11 0 0 13 0 0 24
"58" 58 0.145695364238 0 0 155 0 0 0 0 0 3 0 2 0 0 0 0 0 0 0 0 0
"59" 59 0.0077519379845 0 0 4 0 0 0 0 0 36 0 118 0 0 1 0 0 0 0 0 1
"60" 60 0.153846153846 3 0 0 0 0 0 0 0 0 0 3 153 0 0 0 0 0 0 0 0
"61" 61 0.465408805031 0 1 12 0 0 0 0 83 1 0 38 9 0 2 0 0 0 14 0 0
"62" 62 0.0478468899522 0 0 0 0 0 0 0 0 0 0 0 0 160 0 0 0 0 0 0 0
"63" 63 0.0376569037657 0 0 0 0 0 0 0 0 0 136 0 0 0 1 0 0 0 0 23 0
"64" 64 0.230769230769 0 0 0 160 0 0 0 0 0 0 0 0 0 0 0 0 0 0 0 0
"65" 65 0.327044025157 0 0 0 0 0 0 0 160 0 0 0 0 0 0 0 0 0 0 0 0
"66" 66 0.523012552301 2 7 3 4 4 5 0 1 13 47 10 0 30 13 0 1 1 10 9 0
"67" 67 0.784810126582 0 1 12 30 6 39 0 0 1 0 1 60 5 1 2 0 0 2 0 0
"68" 68 0.37552742616 2 0 1 3 12 107 0 0 4 0 1 0 0 7 6 0 9 1 0 7
"69" 69 0.348837209302 0 24 5 23 5 9 1 1 44 1 3 1 3 1 1 0 3 32 0 3
"70" 70 0.0191387559809 0 0 0 0 0 0 0 0 0 0 0 0 160 0 0 0 0 0 0 0
"71" 71 0.00961538461538 0 0 1 0 0 0 0 0 0 0 4 155 0 0 0 0 0 0 0 0
"72" 72 0.062015503876 0 4 7 1 0 0 0 1 0 0 87 58 1 0 1 0 0 0 0 0
"73" 73 0.276729559748 0 0 0 0 1 1 0 149 0 0 0 0 0 2 6 0 1 0 0 0
"74" 74 0.78488372093 5 20 14 18 5 6 0 0 33 2 2 6 1 5 1 0 1 41 0 0
"75" 75 0.305699481865 1 122 12 1 0 0 0 0 0 0 19 0 3 0 0 0 0 2 0 0
"76" 76 0.763392857143 0 14 17 3 8 5 3 6 10 0 25 1 0 1 1 0 4 62 0 0
"77" 77 0.373563218391 0 8 2 34 0 1 19 0 10 0 1 0 1 1 0 0 40 42 0 1
"78" 78 0.0547445255474 0 0 0 0 0 3 0 0 0 0 0 0 1 0 156 0 0 0 0 0
"79" 79 0.0478468899522 0 0 0 0 0 0 0 0 0 0 0 0 160 0 0 0 0 0 0 0
"80" 80 0.0172413793103 0 0 0 0 0 0 6 0 0 1 33 0 0 9 1 0 108 0 2 0
"81" 81 0.0 0 0 0 0 0 0 0 0 0 0 0 160 0 0 0 0 0 0 0 0
"82" 82 0.0 0 160 0 0 0 0 0 0 0 0 0 0 0 0 0 0 0 0 0 0
"83" 83 0.045871559633 0 0 0 0 0 0 0 0 0 0 0 0 0 152 0 0 0 0 0 8
"84" 84 0.0288461538462 0 0 0 0 0 0 0 0 0 0 0 158 0 0 1 0 0 0 0 0
"85" 85 0.169230769231 0 0 0 159 0 0 0 0 0 0 0 0 0 0 0 0 0 0 0 0
"86" 86 0.0114942528736 0 0 0 0 0 0 76 0 0 2 0 0 0 5 0 0 75 0 1 0
"87" 87 0.649789029536 0 2 2 4 7 16 11 1 32 0 2 0 2 5 3 0 29 39 2 2
"88" 88 0.046511627907 0 0 17 0 0 0 0 0 26 1 104 0 0 0 0 0 11 0 0 0
"89" 89 0.300518134715 0 47 5 25 0 5 1 4 4 0 4 54 0 0 0 0 0 3 0 0
"90" 90 0.607142857143 3 16 21 2 3 16 0 1 2 1 45 17 1 0 1 0 1 27 1 0
"91" 91 0.676923076923 3 61 15 40 12 0 0 0 5 0 2 7 1 0 1 0 0 11 1 0
"92" 92 0.0 1 0 8 1 0 2 0 0 0 0 7 135 1 0 2 0 1 0 0 0
"93" 93 0.235632183908 0 3 1 13 0 8 9 2 14 0 2 0 0 12 3 0 85 3 1 1
"94" 94 0.0 1 0 7 0 0 0 3 0 25 0 110 1 0 0 0 0 11 0 1 0
"95" 95 0.637130801688 1 11 9 11 8 50 3 3 11 0 5 0 10 2 3 0 6 23 1 1
"96" 96 0.259615384615 2 0 0 0 0 0 45 0 5 19 2 21 0 5 1 0 53 1 4 0
"97" 97 0.456953642384 4 25 41 31 3 8 0 0 20 1 3 1 3 3 0 0 3 8 2 2
"98" 98 0.221757322176 0 0 0 0 0 6 92 0 1 20 2 1 0 12 0 0 8 0 5 12
"99" 99 0.594936708861 1 1 28 3 11 20 7 0 48 0 1 0 0 1 2 0 17 14 4 1
"100" 100 0.0621761658031 0 153 4 0 0 0 0 0 0 0 2 0 0 0 0 0 0 0 0 0
"101" 101 0.53642384106 4 4 43 23 4 43 1 5 5 1 5 1 6 4 7 1 0 0 2 0
"102" 102 0.298507462687 0 1 1 1 45 2 14 0 0 5 1 1 8 28 0 0 30 1 4 17
"103" 103 0.0 0 0 0 0 0 0 116 0 0 0 1 0 0 13 0 0 21 0 0 9
"104" 104 0.151898734177 0 1 74 0 10 26 0 25 20 0 1 0 1 0 1 0 0 1 0 0
"105" 105 0.044776119403 0 0 0 0 0 0 2 0 0 0 0 0 0 157 0 0 1 0 0 0
"106" 106 0.238578680203 6 1 34 6 1 4 16 1 37 19 1 1 3 5 4 0 4 3 14 0
"107" 107 0.317307692308 0 0 0 0 0 0 0 0 0 0 0 160 0 0 0 0 0 0 0 0
"108" 108 0.74213836478 0 5 5 1 9 8 1 80 2 1 13 0 0 0 0 0 3 29 1 2
"109" 109 0.122093023256 4 4 1 43 6 1 2 0 5 3 0 0 49 15 6 0 0 2 18 1
"110" 110 0.172185430464 1 1 132 13 0 0 0 0 9 0 0 3 0 1 0 0 0 0 0 0
"111" 111 0.0 1 0 0 0 0 0 115 0 0 0 1 0 0 1 0 0 42 0 0 0
"112" 112 0.252873563218 0 0 0 0 0 0 98 0 1 0 1 0 0 29 0 0 30 0 0 1
"113" 113 0.403846153846 0 0 0 0 0 0 0 0 0 0 0 160 0 0 0 0 0 0 0 0
"114" 114 0.20802919708 0 0 0 0 0 0 0 0 0 0 0 0 1 0 159 0 0 0 0 0
"115" 115 0.0264900662252 2 0 51 0 0 0 0 0 60 0 43 3 0 0 0 0 0 0 0 1
"116" 116 0.0 0 0 0 0 0 0 22 0 0 4 3 0 0 44 0 0 61 0 0 26
"117" 117 0.0 0 0 0 0 0 0 2 0 0 0 0 0 0 0 0 0 157 0 0 1
"118" 118 0.0 0 0 0 0 0 0 31 0 0 1 0 0 0 5 0 0 123 0 0 0
"119" 119 0.0239234449761 0 0 0 0 0 0 0 0 0 0 0 0 160 0 0 0 0 0 0 0
"120" 120 0.333333333333 0 4 5 0 1 0 1 0 8 0 99 3 0 0 0 0 4 35 0 0
"121" 121 0.163461538462 0 70 2 8 5 22 0 0 0 0 1 39 0 7 1 0 0 0 0 5
"122" 122 0.484304932735 1 0 1 0 17 4 4 38 25 0 7 0 0 0 13 0 7 41 0 2
"123" 123 0.0103626943005 0 160 0 0 0 0 0 0 0 0 0 0 0 0 0 0 0 0 0 0
"124" 124 0.238341968912 0 160 0 0 0 0 0 0 0 0 0 0 0 0 0 0 0 0 0 0
"125" 125 0.218905472637 1 0 0 0 0 0 0 0 0 3 0 0 0 152 0 0 0 0 3 1
"126" 126 0.144230769231 0 0 0 0 0 0 0 0 0 0 0 159 0 0 0 0 0 0 0 0
"127" 127 0.561181434599 0 1 0 0 6 93 1 0 0 0 3 0 0 19 34 0 3 0 0 0
"128" 128 0.240384615385 0 1 2 0 0 0 0 0 14 0 0 142 0 0 0 0 0 0 0 0
"129" 129 0.896373056995 1 19 1 8 0 7 1 0 7 0 1 111 0 0 1 0 1 2 0 0
"130" 130 0.412790697674 0 6 7 40 1 5 0 0 3 5 2 1 84 0 4 0 1 1 0 0
"131" 131 0.607142857143 0 14 3 4 4 5 0 17 3 0 9 0 0 1 0 0 1 98 1 0
"132" 132 0.316964285714 0 21 0 1 4 0 0 0 0 2 0 0 0 69 0 0 1 60 0 1
"133" 133 0.0 0 0 160 0 0 0 0 0 0 0 0 0 0 0 0 0 0 0 0 0
"134" 134 0.378109452736 0 0 3 0 1 87 0 1 3 0 3 0 0 59 2 0 0 1 0 0
"135" 135 0.455696202532 0 0 17 0 0 61 10 0 64 0 2 0 0 2 1 0 2 1 0 0
"136" 136 0.203488372093 0 0 0 0 0 0 0 0 159 0 0 0 0 0 0 0 1 0 0 0
"137" 137 0.0 0 1 0 0 0 0 0 0 0 0 0 158 0 0 0 0 1 0 0 0
"138" 138 0.379487179487 0 0 1 149 0 0 0 0 0 0 1 0 9 0 0 0 0 0 0 0
"139" 139 0.0 0 0 21 0 0 0 0 0 0 0 138 0 0 0 1 0 0 0 0 0
"140" 140 0.432692307692 0 0 0 0 0 0 0 0 0 0 0 159 0 0 0 0 0 0 0 0
"141" 141 0.591194968553 0 2 16 0 0 3 0 16 1 0 53 67 0 0 1 0 0 0 0 0
"142" 142 0.248175182482 0 0 0 0 0 0 0 0 0 0 0 0 0 0 159 0 0 0 0 0
"143" 143 0.138364779874 0 0 3 2 1 1 19 12 0 0 4 0 0 78 0 2 37 0 0 0
"144" 144 0.0 1 0 3 0 0 0 0 0 2 0 129 21 0 1 1 0 1 0 0 0
"145" 145 0.101265822785 158 0 0 0 0 0 0 0 0 0 1 0 0 0 0 0 0 0 0 0
"146" 146 0.0865384615385 2 0 2 0 0 0 0 0 0 0 2 152 0 0 0 0 0 0 0 0
"147" 147 0.362068965517 0 0 0 0 0 0 36 0 2 0 0 0 0 0 0 0 119 1 0 0
"148" 148 0.00507614213198 0 0 0 0 0 0 138 0 0 0 0 0 0 2 0 0 18 0 0 0
"149" 149 0.278846153846 0 0 0 0 0 1 0 0 0 0 9 143 0 0 0 0 1 0 0 0
"150" 150 0.592039800995 0 0 0 0 0 0 79 0 0 3 0 0 0 45 0 1 17 0 4 1
"151" 151 0.296511627907 2 0 18 1 0 0 0 0 32 0 9 0 0 1 0 0 3 0 0 0
"152" 152 0.917948717949 0 3 2 9 4 0 0 0 0 0 0 0 1 0 0 0 0 0 0 0
