"site" "RSA" "aa1" "aa2" "aa3" "aa4" "aa5" "aa6" "aa7" "aa8" "aa9" "aa10" "aa11" "aa12" "aa13" "aa14" "aa15" "aa16" "aa17" "aa18" "aa19" "aa20"
"0" 0 0.773255813953 0 1 23 3 148 30 6 2 164 0 4 7 1 14 53 0 18 23 0 3
"1" 1 0.313432835821 0 0 0 2 0 0 0 0 0 0 0 0 1 494 0 0 0 0 1 2
"2" 2 0.15611814346 0 0 0 0 0 192 29 0 0 127 0 0 1 6 2 0 18 0 125 0
"3" 3 0.0 0 0 0 0 0 0 473 0 1 0 0 0 0 5 0 0 21 0 0 0
"4" 4 0.0 0 0 0 0 0 0 0 0 0 0 500 0 0 0 0 0 0 0 0 0
"5" 5 0.0 0 0 0 0 0 0 0 500 0 0 0 0 0 0 0 0 0 0 0 0
"6" 6 0.046357615894 0 116 62 71 2 1 9 0 2 0 206 0 0 18 2 0 5 6 0 0
"7" 7 0.0 0 0 25 0 0 0 461 0 0 0 9 0 0 0 0 0 5 0 0 0
"8" 8 0.149253731343 0 0 176 2 21 1 1 0 0 3 81 5 3 53 9 11 0 115 17 2
"9" 9 0.31007751938 0 0 8 0 0 0 0 0 0 0 484 7 1 0 0 0 0 0 0 0
"10" 10 0.108527131783 0 0 214 0 0 0 0 0 0 0 237 49 0 0 0 0 0 0 0 0
"11" 11 0.383419689119 0 495 0 4 0 0 0 0 0 0 0 0 0 0 0 0 0 1 0 0
"12" 12 0.422053231939 0 3 105 9 32 130 1 0 49 0 40 5 4 1 13 7 9 42 1 49
"13" 13 0.635658914729 0 26 303 67 16 17 0 0 40 0 7 4 1 7 2 0 0 2 0 8
"14" 14 0.420512820513 0 1 0 205 12 2 0 0 0 0 10 0 7 0 263 0 0 0 0 0
"15" 15 0.1589958159 0 2 0 1 0 0 0 1 0 465 0 0 1 0 0 3 0 0 27 0
"16" 16 0.341085271318 0 0 49 0 1 3 0 26 1 0 404 10 0 0 0 0 0 5 0 1
"17" 17 0.370860927152 0 74 2 25 109 31 9 0 10 0 32 9 3 21 10 0 17 140 3 5
"18" 18 0.0580357142857 0 0 0 0 107 0 3 0 1 0 12 0 0 0 4 0 16 339 0 18
"19" 19 0.0 0 0 0 0 0 0 0 0 0 0 0 0 0 500 0 0 0 0 0 0
"20" 20 0.364341085271 0 1 14 23 35 71 15 0 26 8 122 12 4 17 20 95 0 16 16 5
"21" 21 0.215328467153 0 6 0 10 0 36 0 0 0 0 1 0 0 2 230 0 0 212 0 3
"22" 22 0.0 0 0 0 0 0 0 499 0 1 0 0 0 0 0 0 0 0 0 0 0
"23" 23 0.3125 0 0 9 0 23 5 1 0 0 0 21 0 0 4 35 0 0 324 0 78
"24" 24 0.620535714286 0 9 26 29 34 302 0 0 0 6 10 4 1 36 11 5 0 15 3 9
"25" 25 0.0988372093023 0 0 161 0 0 0 0 0 336 0 0 3 0 0 0 0 0 0 0 0
"26" 26 0.373056994819 0 67 22 156 31 19 1 0 55 0 1 25 15 25 5 1 2 62 3 10
"27" 27 0.0232558139535 0 0 7 0 0 0 0 0 0 0 493 0 0 0 0 0 0 0 0 0
"28" 28 0.272321428571 0 147 12 30 91 52 3 0 36 7 9 0 9 25 11 1 5 26 20 16
"29" 29 0.0456273764259 0 0 1 0 20 38 0 0 0 12 6 2 7 37 0 0 0 28 188 161
"30" 30 0.0 0 0 0 0 0 0 0 0 1 0 0 0 0 0 0 0 499 0 0 0
"31" 31 0.0 0 0 12 5 3 0 0 0 0 42 72 0 345 0 0 6 0 0 15 0
"32" 32 0.0 0 0 0 0 0 0 494 0 0 0 0 0 0 0 0 0 6 0 0 0
"33" 33 0.0310880829016 0 200 7 19 22 2 2 0 2 22 69 2 3 17 36 4 23 67 2 1
"34" 34 0.0406091370558 0 0 0 0 0 0 466 0 0 0 0 0 0 0 0 0 34 0 0 0
"35" 35 0.0366972477064 0 0 0 1 29 3 0 0 0 0 165 7 2 0 12 0 0 1 1 279
"36" 36 0.165803108808 0 500 0 0 0 0 0 0 0 0 0 0 0 0 0 0 0 0 0 0
"37" 37 0.211538461538 0 0 0 0 0 0 0 0 0 0 0 500 0 0 0 0 0 0 0 0
"38" 38 0.650224215247 0 4 5 29 159 151 2 0 2 4 12 2 16 11 9 1 7 14 71 1
"39" 39 0.171548117155 0 0 0 0 0 0 0 0 0 415 0 0 20 0 0 0 0 0 65 0
"40" 40 0.0459770114943 0 0 1 0 0 0 0 0 4 0 0 0 0 0 0 0 495 0 0 0
"41" 41 0.635220125786 0 92 148 25 21 39 1 68 17 0 25 16 1 10 4 4 1 25 1 2
"42" 42 0.45641025641 0 1 33 95 111 30 0 0 101 24 3 1 0 0 0 3 0 5 86 7
"43" 43 0.664974619289 0 0 2 1 3 11 163 0 16 5 1 0 1 0 3 1 242 19 27 5
"44" 44 0.198675496689 0 0 493 0 0 0 0 0 7 0 0 0 0 0 0 0 0 0 0 0
"45" 45 0.0962343096234 0 0 0 0 0 0 0 0 0 500 0 0 0 0 0 0 0 0 0 0
"46" 46 0.307692307692 0 19 73 3 0 0 0 0 109 0 0 296 0 0 0 0 0 0 0 0
"47" 47 0.131782945736 0 0 6 0 0 0 0 0 0 0 353 1 0 0 0 135 0 0 5 0
"48" 48 0.740932642487 0 110 37 37 69 41 1 0 11 1 73 7 0 29 15 2 6 53 1 7
"49" 49 0.252873563218 0 1 3 1 23 2 11 0 118 0 39 1 7 0 0 0 260 4 0 30
"50" 50 0.0 0 0 0 0 0 0 0 0 1 0 0 0 0 0 0 0 499 0 0 0
"51" 51 0.294573643411 0 0 2 0 19 212 0 0 0 1 142 2 21 1 33 9 0 33 6 19
"52" 52 0.483443708609 0 29 19 90 28 158 1 0 1 0 22 2 3 25 40 1 2 55 0 24
"53" 53 0.0137614678899 0 0 0 0 0 0 0 0 0 0 0 0 0 0 0 0 0 0 0 500
"54" 54 0.189781021898 0 0 0 0 0 0 0 0 0 0 0 0 0 0 500 0 0 0 0 0
"55" 55 0.675105485232 0 75 50 67 26 51 86 1 15 0 17 9 0 18 18 0 34 21 1 11
"56" 56 0.377990430622 0 1 0 33 16 7 0 0 0 74 4 0 56 0 1 1 0 1 305 1
"57" 57 0.0596026490066 0 0 449 0 0 0 0 0 2 0 49 0 0 0 0 0 0 0 0 0
"58" 58 0.759493670886 0 63 22 180 41 24 1 0 79 0 4 18 13 25 6 0 0 16 3 5
"59" 59 0.144278606965 0 0 0 0 0 25 0 0 0 0 4 1 0 444 22 0 0 0 0 4
"60" 60 0.224137931034 0 0 0 4 2 1 194 0 13 9 0 0 3 1 1 0 256 2 11 3
"61" 61 0.0 0 0 0 0 0 0 0 0 0 498 0 0 0 2 0 0 0 0 0 0
"62" 62 0.0 0 360 1 59 0 0 1 0 0 0 2 0 36 2 0 1 0 1 0 37
"63" 63 0.0 500 0 0 0 0 0 0 0 0 0 0 0 0 0 0 0 0 0 0 0
"64" 64 0.0 0 1 0 1 0 0 5 0 0 2 1 0 481 2 0 0 4 2 1 0
"65" 65 0.0 0 0 0 1 0 0 2 0 0 0 0 0 0 497 0 0 0 0 0 0
"66" 66 0.0137614678899 0 0 1 20 7 0 0 0 3 2 128 1 0 5 0 0 0 168 0 165
"67" 67 0.0114942528736 0 0 0 0 0 0 0 0 4 0 1 0 0 0 0 0 495 0 0 0
"68" 68 0.241379310345 0 2 9 1 77 13 2 0 41 0 19 0 2 36 173 1 58 53 0 13
"69" 69 0.414507772021 0 112 0 293 5 11 0 0 0 2 1 3 17 0 12 0 0 41 1 2
"70" 70 0.0062893081761 0 0 0 0 0 0 0 500 0 0 0 0 0 0 0 0 0 0 0 0
"71" 71 0.200892857143 0 0 78 0 28 7 16 0 0 8 77 3 19 0 30 57 4 92 81 0
"72" 72 0.481751824818 0 24 202 41 41 41 0 0 45 0 31 2 0 16 41 0 0 11 0 5
"73" 73 0.304182509506 0 3 2 20 174 6 0 0 6 27 1 0 32 18 5 4 0 19 160 23
"74" 74 0.0114942528736 0 0 0 0 0 0 4 0 0 0 12 0 0 0 0 0 484 0 0 0
"75" 75 0.464285714286 0 73 6 37 27 50 6 0 17 0 32 3 0 21 16 1 17 183 1 10
"76" 76 0.325581395349 0 69 8 204 24 28 0 0 0 3 80 1 8 6 2 1 0 21 5 40
"77" 77 0.00836820083682 0 0 0 0 0 0 0 0 0 500 0 0 0 0 0 0 0 0 0 0
"78" 78 0.22480620155 0 0 15 1 2 0 0 0 0 0 448 3 0 0 3 5 0 0 2 21
"79" 79 0.681614349776 0 28 4 61 30 133 0 0 0 0 14 3 0 50 130 0 0 40 0 7
"80" 80 0.0697674418605 0 0 3 0 0 0 0 0 0 0 497 0 0 0 0 0 0 0 0 0
"81" 81 0.182692307692 0 0 0 0 0 0 0 0 0 0 0 500 0 0 0 0 0 0 0 0
"82" 82 0.0542635658915 0 0 4 0 0 0 0 0 0 0 495 1 0 0 0 0 0 0 0 0
"83" 83 0.305699481865 0 500 0 0 0 0 0 0 0 0 0 0 0 0 0 0 0 0 0 0
"84" 84 0.0152284263959 0 0 0 0 0 1 417 0 3 1 0 0 0 0 0 2 73 0 3 0
"85" 85 0.0 0 0 0 0 0 0 1 0 0 0 0 0 0 0 0 0 0 0 0 499
"86" 86 0.0 0 0 1 0 0 0 10 0 477 0 2 0 0 0 0 0 10 0 0 0
"87" 87 0.010152284264 0 0 0 0 0 0 423 0 0 0 0 0 0 0 0 0 77 0 0 0
"88" 88 0.0 0 0 1 1 0 0 0 0 0 11 5 0 477 0 0 0 0 0 2 3
"89" 89 0.127906976744 0 0 36 0 0 0 0 0 425 0 19 0 0 0 0 0 20 0 0 0
"90" 90 0.272321428571 0 0 0 0 0 0 0 0 0 0 1 0 0 0 0 0 0 499 0 0
"91" 91 0.0529801324503 0 0 40 0 0 0 0 0 0 0 459 1 0 0 0 0 0 0 0 0
"92" 92 0.104651162791 0 0 12 0 0 0 0 0 487 0 1 0 0 0 0 0 0 0 0 0
"93" 93 0.850364963504 0 89 48 113 49 38 0 0 48 0 15 18 0 38 3 0 1 35 2 3
"94" 94 0.636363636364 0 25 0 87 21 12 0 0 0 18 14 0 111 1 148 0 1 28 30 4
"95" 95 0.147208121827 0 0 0 0 0 0 493 0 0 0 4 0 0 0 0 0 3 0 0 0
"96" 96 0.406698564593 0 1 1 0 10 56 61 0 36 3 12 7 5 64 9 2 31 175 17 10
"97" 97 0.317307692308 0 118 1 62 45 44 1 0 1 1 22 42 0 51 18 1 4 78 1 10
"98" 98 0.0232558139535 0 0 10 0 0 0 0 0 68 0 421 0 0 0 0 0 1 0 0 0
"99" 99 0.0 0 0 0 0 0 0 0 0 0 0 0 0 0 500 0 0 0 0 0 0
"100" 100 0.488789237668 0 4 2 7 53 159 6 0 0 0 9 0 0 129 104 0 0 19 0 8
"101" 101 0.430379746835 0 27 10 16 74 110 0 0 9 3 54 5 2 140 7 0 0 22 5 16
"102" 102 0.0 0 0 0 0 0 0 500 0 0 0 0 0 0 0 0 0 0 0 0 0
"103" 103 0.371308016878 0 1 0 89 14 93 12 0 1 0 19 0 0 157 45 0 12 0 0 57
"104" 104 0.705426356589 0 65 6 96 22 103 0 0 1 3 56 4 1 8 12 100 0 8 14 1
"105" 105 0.271317829457 0 0 12 0 5 4 0 0 0 0 450 26 0 0 0 0 0 3 0 0
"106" 106 0.673076923077 0 0 0 0 0 0 0 0 0 0 0 500 0 0 0 0 0 0 0 0
"107" 107 0.0733944954128 0 0 0 0 0 0 0 0 0 0 1 0 0 1 0 0 0 0 0 498
"108" 108 0.472573839662 0 10 4 28 10 93 0 0 0 5 36 2 10 246 32 1 0 13 3 7
"109" 109 0.0 0 0 0 0 0 0 0 0 0 0 500 0 0 0 0 0 0 0 0 0
"110" 110 0.0 0 0 0 0 0 0 0 0 0 0 0 500 0 0 0 0 0 0 0 0
"111" 111 0.0 0 0 0 0 0 0 0 0 0 0 0 0 0 0 0 0 500 0 0 0
"112" 112 0.0 0 0 1 0 0 0 0 0 3 0 27 0 0 0 0 0 468 0 0 1
"113" 113 0.0 0 0 0 0 0 0 490 0 0 0 0 0 0 0 0 0 10 0 0 0
"114" 114 0.153846153846 0 6 37 17 67 47 0 0 148 0 20 1 0 1 17 12 0 27 0 100
"115" 115 0.150943396226 0 0 0 0 0 0 0 500 0 0 0 0 0 0 0 0 0 0 0 0
"116" 116 0.692307692308 0 229 45 39 12 17 1 0 10 0 19 10 0 18 6 0 2 89 2 1
"117" 117 0.151162790698 0 0 27 0 2 0 0 0 424 0 47 0 0 0 0 0 0 0 0 0
"118" 118 0.465408805031 0 11 25 3 0 3 0 436 6 0 7 0 5 0 1 0 0 3 0 0
"119" 119 0.093023255814 0 0 49 0 5 0 0 53 0 0 360 6 0 0 0 17 0 8 2 0
"120" 120 0.470930232558 0 198 9 36 11 63 1 0 10 0 41 7 0 31 11 8 13 39 1 21
"121" 121 0.248062015504 0 12 3 9 71 14 0 0 0 0 349 5 1 0 4 0 1 13 4 14
"122" 122 0.0 0 0 0 0 0 0 0 0 0 0 0 0 0 500 0 0 0 0 0 0
"123" 123 0.388392857143 0 0 1 0 2 70 0 0 0 2 10 1 0 216 7 12 1 157 17 4
"124" 124 0.534591194969 0 4 3 6 2 2 1 462 3 0 3 2 0 6 1 0 1 4 0 0
"125" 125 0.00995024875622 0 0 0 0 0 0 0 0 1 0 0 0 0 496 0 0 0 0 3 0
"126" 126 0.00995024875622 0 0 0 0 0 0 0 0 0 0 0 0 0 500 0 0 0 0 0 0
"127" 127 0.616580310881 0 75 52 45 24 97 0 0 24 16 41 4 0 1 5 2 3 89 21 1
"128" 128 0.0796019900498 0 16 3 43 22 19 185 0 12 9 1 2 16 20 3 3 28 78 35 5
"129" 129 0.0574712643678 0 0 0 0 0 0 0 0 0 0 0 0 0 0 0 0 500 0 0 0
"130" 130 0.284974093264 0 265 0 1 3 7 0 0 0 0 1 0 217 0 0 0 0 4 0 2
"131" 131 0.00896860986547 0 0 0 0 379 1 68 0 0 0 1 0 0 4 0 0 4 9 0 34
"132" 132 0.0 0 0 0 0 0 0 0 0 1 0 0 0 0 0 0 0 499 0 0 0
"133" 133 0.0 0 0 0 0 2 0 0 0 2 0 0 0 0 460 0 0 18 2 0 16
"134" 134 0.0 0 0 0 0 0 0 398 0 1 1 0 0 0 0 0 0 100 0 0 0
"135" 135 0.0183486238532 0 0 0 0 0 0 0 0 0 0 3 0 0 0 0 1 0 0 0 496
"136" 136 0.0 0 0 1 0 0 0 0 0 498 0 1 0 0 0 0 0 0 0 0 0
"137" 137 0.0459770114943 0 0 3 0 3 1 381 0 3 0 1 0 0 0 0 0 87 0 0 21
"138" 138 0.441025641026 0 2 1 5 14 22 14 0 17 25 1 0 71 0 121 60 53 39 50 5
"139" 139 0.138364779874 0 0 0 0 0 0 0 500 0 0 0 0 0 0 0 0 0 0 0 0
"140" 140 0.0480769230769 0 0 0 0 0 0 0 0 0 0 0 500 0 0 0 0 0 0 0 0
"141" 141 0.464435146444 0 0 35 4 9 31 0 0 150 47 18 13 59 0 24 11 0 8 68 23
"142" 142 0.519230769231 0 20 43 17 52 1 0 1 124 0 0 86 0 22 0 0 3 131 0 0
"143" 143 0.586538461538 0 0 0 0 0 0 0 0 0 0 0 500 0 0 0 0 0 0 0 0
"144" 144 0.210762331839 0 0 0 0 387 4 0 0 0 0 0 0 0 81 1 0 0 2 0 25
"145" 145 0.651162790698 0 38 115 32 21 39 4 48 30 2 25 6 2 43 9 0 15 62 5 4
"146" 146 0.167364016736 0 0 0 0 0 0 0 0 0 499 0 0 1 0 0 0 0 0 0 0
"147" 147 0.187817258883 0 97 0 34 0 0 99 0 2 0 0 0 0 12 241 0 15 0 0 0
"148" 148 0.427672955975 0 0 2 0 0 0 0 490 0 0 0 0 0 0 0 0 0 8 0 0
"149" 149 0.513392857143 0 48 10 36 31 28 0 0 4 0 26 5 0 9 25 0 2 273 0 3
"150" 150 0.0253164556962 500 0 0 0 0 0 0 0 0 0 0 0 0 0 0 0 0 0 0 0
"151" 151 0.119402985075 0 0 0 0 0 0 0 0 1 0 0 0 0 499 0 0 0 0 0 0
"152" 152 0.611607142857 0 36 58 47 27 144 6 0 16 0 28 5 1 35 24 0 8 45 1 19
"153" 153 0.0970464135021 0 6 0 25 111 2 20 0 0 23 24 0 11 4 3 10 3 0 73 185
"154" 154 0.0 0 0 0 0 0 0 0 0 0 0 1 0 0 0 0 0 499 0 0 0
"155" 155 0.356589147287 0 2 81 0 20 56 2 0 57 0 118 1 1 32 75 20 0 20 6 9
"156" 156 0.296511627907 0 2 3 6 88 2 7 0 256 0 58 0 1 7 15 2 0 38 1 14
"157" 157 0.0 0 0 1 0 0 0 24 0 5 0 2 1 0 0 0 0 467 0 0 0
"158" 158 0.147286821705 0 34 10 12 1 6 0 0 2 4 351 1 15 0 0 14 0 25 12 13
"159" 159 0.510548523207 0 32 11 19 75 68 12 0 30 4 60 5 2 46 46 1 0 67 4 18
"160" 160 0.13829787234 0 0 0 0 0 2 0 0 0 0 2 0 0 22 8 465 0 0 0 1
"161" 161 0.222627737226 0 0 0 0 1 26 0 0 0 0 0 0 0 0 448 0 0 0 0 25
"162" 162 0.683937823834 0 86 15 44 31 74 37 0 15 2 52 4 4 18 7 0 45 43 4 19
"163" 163 0.46875 0 85 2 38 39 52 1 0 1 0 28 1 0 94 42 3 1 95 0 18
"164" 164 0.337552742616 0 5 0 22 11 199 0 0 0 41 1 0 4 159 0 0 0 1 24 33
"165" 165 0.692307692308 0 4 0 58 1 6 0 0 0 0 0 427 1 0 1 0 0 1 1 0
"166" 166 0.228855721393 0 0 0 0 25 1 0 0 0 0 0 0 0 474 0 0 0 0 0 0
"167" 167 0.761589403974 0 197 39 99 3 5 0 0 3 3 30 42 38 0 36 0 1 0 4 0
"168" 168 0.0334728033473 0 0 0 0 0 0 0 0 0 500 0 0 0 0 0 0 0 0 0 0
"169" 169 0.176165803109 0 228 2 73 7 3 0 0 1 1 10 0 94 39 12 14 0 5 4 7
"170" 170 0.0 0 0 0 0 0 0 459 0 2 0 0 0 0 0 0 0 39 0 0 0
"171" 171 0.0 0 0 4 0 2 1 0 0 0 0 489 2 0 0 0 0 0 2 0 0
"172" 172 0.0 0 0 0 0 0 0 0 0 9 0 0 0 0 0 0 0 491 0 0 0
"173" 173 0.0829015544041 0 91 39 87 6 1 0 0 0 1 18 0 210 0 0 0 0 36 1 10
"174" 174 0.0673076923077 0 0 0 0 0 0 0 0 0 0 0 500 0 0 0 0 0 0 0 0
"175" 175 0.259615384615 0 0 0 0 0 0 0 0 0 0 0 500 0 0 0 0 0 0 0 0
"176" 176 0.0344827586207 0 0 0 0 0 0 240 0 0 0 0 0 0 0 0 0 260 0 0 0
"177" 177 0.20725388601 0 363 0 135 0 0 0 0 0 0 0 1 0 0 0 0 0 1 0 0
"178" 178 0.312820512821 0 3 204 1 11 135 1 0 11 0 66 2 17 0 23 0 0 25 0 1
"179" 179 0.704641350211 0 10 113 14 7 10 0 0 324 0 0 0 1 11 2 0 0 5 3 0
"180" 180 0.139534883721 0 0 16 6 1 1 0 0 388 14 0 0 1 0 0 4 0 0 68 1
"181" 181 0.0 0 0 0 0 0 0 497 0 0 0 1 0 0 0 0 0 2 0 0 0
"182" 182 0.310218978102 0 0 1 0 0 4 0 0 0 0 1 0 0 10 476 0 0 8 0 0
"183" 183 0.325581395349 0 15 3 16 54 104 0 0 0 0 62 4 0 91 13 11 1 47 2 77
"184" 184 0.0 500 0 0 0 0 0 0 0 0 0 0 0 0 0 0 0 0 0 0 0
"185" 185 0.365019011407 0 0 0 0 1 4 0 0 0 34 3 0 4 337 0 0 0 0 117 0
"186" 186 0.575892857143 0 5 1 3 1 3 0 0 0 0 2 0 0 9 6 0 0 468 0 2
"187" 187 0.15503875969 0 0 2 0 0 0 0 0 0 0 497 1 0 0 0 0 0 0 0 0
"188" 188 0.201923076923 0 0 0 0 0 0 0 0 0 0 0 500 0 0 0 0 0 0 0 0
"189" 189 0.015503875969 0 0 5 0 0 0 0 0 0 0 495 0 0 0 0 0 0 0 0 0
"190" 190 0.102564102564 0 96 2 356 1 0 5 0 5 0 0 0 7 0 1 0 18 9 0 0
"191" 191 0.0 0 0 0 0 0 0 0 0 6 0 1 0 0 0 0 0 493 0 0 0
"192" 192 0.0 0 0 0 0 0 0 0 0 0 500 0 0 0 0 0 0 0 0 0 0
"193" 193 0.0 0 0 1 0 1 0 11 0 1 0 9 0 6 3 0 0 464 0 0 4
"194" 194 0.015503875969 0 0 9 0 0 0 0 0 0 0 491 0 0 0 0 0 0 0 0 0
"195" 195 0.163461538462 0 0 0 0 0 0 0 0 0 0 0 500 0 0 0 0 0 0 0 0
"196" 196 0.390728476821 0 28 5 0 2 3 1 432 1 0 7 0 0 1 0 9 1 4 3 3
"197" 197 0.0760456273764 0 0 0 0 1 0 0 0 3 211 1 0 12 0 0 16 0 1 255 0
"198" 198 0.0 0 0 0 0 0 0 1 0 0 0 0 0 0 499 0 0 0 0 0 0
"199" 199 0.100418410042 0 0 0 0 0 0 0 0 0 500 0 0 0 0 0 0 0 0 0 0
"200" 200 0.666666666667 0 1 247 23 8 124 0 0 0 0 52 16 0 0 23 0 2 2 0 2
"201" 201 0.139534883721 0 1 35 23 165 42 0 0 0 6 52 4 1 0 5 0 0 117 13 36
"202" 202 0.774834437086 0 71 106 51 25 60 0 0 82 0 7 13 0 22 16 0 0 43 0 4
"203" 203 0.40932642487 0 332 0 162 1 0 0 0 0 0 0 0 0 0 2 0 0 3 0 0
"204" 204 0.0149253731343 0 0 0 0 1 0 4 0 0 0 0 0 4 491 0 0 0 0 0 0
"205" 205 0.298850574713 0 0 2 0 10 144 1 0 12 0 12 0 0 0 12 0 143 163 0 1
"206" 206 0.377483443709 0 3 40 1 92 85 0 0 59 5 68 17 3 23 24 8 0 58 11 3
"207" 207 0.139013452915 0 0 0 0 15 0 0 0 0 0 480 1 0 0 0 0 0 2 0 2
"208" 208 0.0 0 0 0 0 0 0 1 0 1 0 12 0 0 0 0 0 486 0 0 0
"209" 209 0.399103139013 0 5 1 34 34 73 6 0 0 0 21 1 4 89 130 0 0 91 2 9
"210" 210 0.244186046512 0 9 170 20 13 60 3 0 22 0 13 0 0 51 23 5 2 97 1 11
"211" 211 0.0 0 0 0 0 0 0 0 0 0 0 0 0 0 500 0 0 0 0 0 0
"212" 212 0.175182481752 0 14 0 15 34 5 21 0 0 0 13 0 0 233 37 0 17 44 0 67
"213" 213 0.56976744186 0 49 17 63 40 76 14 0 35 1 81 7 0 10 58 10 0 32 2 5
"214" 214 0.201550387597 0 0 8 0 0 0 0 0 0 0 487 5 0 0 0 0 0 0 0 0
"215" 215 0.0348258706468 0 0 0 0 0 0 1 0 0 0 0 0 0 499 0 0 0 0 0 0
"216" 216 0.851282051282 0 69 21 23 4 21 0 0 2 1 147 184 0 0 6 0 0 3 1 18
