"site" "RSA" "aa1" "aa2" "aa3" "aa4" "aa5" "aa6" "aa7" "aa8" "aa9" "aa10" "aa11" "aa12" "aa13" "aa14" "aa15" "aa16" "aa17" "aa18" "aa19" "aa20"
"0" 0 0.740384615385 0 0 0 0 0 0 0 0 0 0 0 500 0 0 0 0 0 0 0 0
"1" 1 0.424870466321 0 478 0 22 0 0 0 0 0 0 0 0 0 0 0 0 0 0 0 0
"2" 2 0.124031007752 0 0 163 0 0 0 0 42 0 0 263 0 0 0 0 32 0 0 0 0
"3" 3 0.441964285714 0 29 0 0 0 199 0 0 0 0 0 0 0 0 4 0 0 268 0 0
"4" 4 0.209302325581 0 33 0 2 84 330 0 0 9 0 1 0 0 0 40 0 0 1 0 0
"5" 5 0.0 0 0 0 0 0 0 0 0 0 0 0 500 0 0 0 0 0 0 0 0
"6" 6 0.341772151899 0 0 0 0 0 130 0 0 0 0 0 0 0 0 297 0 0 53 0 20
"7" 7 0.573839662447 0 0 0 0 0 249 0 0 0 0 0 0 0 0 16 0 0 231 4 0
"8" 8 0.0964467005076 0 0 0 0 0 0 500 0 0 0 0 0 0 0 0 0 0 0 0 0
"9" 9 0.0543933054393 0 0 0 0 0 0 0 0 0 71 0 0 2 0 0 427 0 0 0 0
"10" 10 0.574712643678 0 0 0 0 0 91 12 0 0 0 0 0 0 0 234 0 0 148 0 15
"11" 11 0.659192825112 0 0 1 0 0 453 0 0 0 0 0 0 0 0 46 0 0 0 0 0
"12" 12 0.240506329114 0 0 0 0 1 9 0 0 0 52 0 0 0 176 0 0 0 0 262 0
"13" 13 0.139240506329 3 1 0 0 1 2 0 0 0 4 0 0 0 0 12 10 0 3 0 464
"14" 14 0.217054263566 0 0 1 0 0 478 0 0 0 0 19 0 0 0 0 0 0 2 0 0
"15" 15 0.677130044843 0 0 0 0 0 500 0 0 0 0 0 0 0 0 0 0 0 0 0 0
"16" 16 0.215189873418 5 0 107 0 5 0 3 0 313 3 0 0 0 0 0 0 13 0 0 51
"17" 17 0.124401913876 3 0 3 4 0 4 0 0 0 1 21 0 462 0 1 0 0 1 0 0
"18" 18 0.0639534883721 0 15 21 3 62 27 0 0 353 0 0 0 0 0 0 0 0 6 5 8
"19" 19 0.0344827586207 7 0 0 1 0 0 0 0 0 0 1 0 0 0 0 0 489 0 2 0
"20" 20 0.4375 0 0 1 0 0 476 0 0 0 0 0 2 0 0 21 0 0 0 0 0
"21" 21 0.590717299578 0 0 0 0 0 500 0 0 0 0 0 0 0 0 0 0 0 0 0 0
"22" 22 0.740384615385 0 0 0 0 0 0 0 0 0 0 0 500 0 0 0 0 0 0 0 0
"23" 23 0.115384615385 0 0 323 0 0 1 0 0 0 0 95 80 0 0 0 0 0 0 0 1
"24" 24 0.662447257384 0 0 55 0 0 0 0 57 0 0 0 0 0 0 0 0 0 388 0 0
"25" 25 0.33971291866 0 0 0 0 0 0 0 0 0 0 0 0 500 0 0 0 0 0 0 0
"26" 26 0.481012658228 0 0 0 0 0 470 0 0 0 0 0 30 0 0 0 0 0 0 0 0
"27" 27 0.633720930233 0 0 0 0 0 186 0 0 0 0 0 0 0 0 0 0 0 8 0 306
"28" 28 0.0673076923077 14 1 0 5 1 0 0 0 1 0 1 476 0 0 1 0 0 0 0 0
"29" 29 0.0817610062893 0 0 7 0 0 0 0 462 0 0 31 0 0 0 0 0 0 0 0 0
"30" 30 0.0820512820513 60 0 0 4 0 0 0 0 113 0 323 0 0 0 0 0 0 0 0 0
"31" 31 0.109452736318 0 0 0 6 6 6 0 0 0 0 0 0 0 480 0 0 0 2 0 0
"32" 32 0.294326241135 0 0 0 0 0 0 0 0 0 0 0 0 0 0 0 147 0 0 353 0
"33" 33 0.25 0 0 0 0 0 0 0 0 0 0 0 500 0 0 0 0 0 0 0 0
"34" 34 0.0497512437811 0 0 0 0 0 0 0 0 0 0 0 0 0 481 0 0 0 19 0 0
"35" 35 0.188284518828 0 0 0 0 0 0 0 0 0 500 0 0 0 0 0 0 0 0 0 0
"36" 36 0.586538461538 0 0 0 0 0 0 0 0 0 0 0 500 0 0 0 0 0 0 0 0
"37" 37 0.153284671533 0 0 0 0 0 0 0 0 0 0 0 0 0 0 0 0 0 0 0 500
"38" 38 0.438818565401 0 8 0 0 0 318 0 139 0 0 0 0 29 0 0 0 0 0 6 0
"39" 39 0.0116279069767 0 0 474 0 0 0 0 0 0 0 2 0 0 0 0 1 0 0 0 23
"40" 40 0.125 0 0 0 0 0 0 0 0 0 0 0 500 0 0 0 0 0 0 0 0
"41" 41 0.470852017937 0 0 0 0 0 0 0 0 0 0 0 0 0 0 500 0 0 0 0 0
"42" 42 0.046511627907 264 0 0 0 2 0 13 0 3 0 6 0 0 0 0 0 210 2 0 0
"43" 43 0.666666666667 0 0 0 0 0 0 0 500 0 0 0 0 0 0 0 0 0 0 0 0
"44" 44 0.721153846154 0 0 0 0 0 0 0 0 0 0 0 500 0 0 0 0 0 0 0 0
"45" 45 0.150627615063 0 0 0 0 0 0 0 0 0 4 0 0 7 0 0 0 0 0 489 0
"46" 46 0.622516556291 0 1 0 0 0 499 0 0 0 0 0 0 0 0 0 0 0 0 0 0
"47" 47 0.110266159696 0 0 72 0 0 0 0 0 0 4 417 0 7 0 0 0 0 0 0 0
"48" 48 0.174418604651 0 0 456 0 0 0 0 0 43 0 0 0 1 0 0 0 0 0 0 0
"49" 49 0.544041450777 0 0 0 0 0 479 0 0 0 0 0 0 0 0 0 0 0 21 0 0
"50" 50 0.22480620155 0 0 0 0 0 0 0 0 0 0 500 0 0 0 0 0 0 0 0 0
"51" 51 0.102564102564 0 0 0 0 50 0 3 0 0 0 0 0 0 0 0 0 0 447 0 0
"52" 52 0.371308016878 0 0 0 0 0 493 0 0 0 0 0 0 0 0 7 0 0 0 0 0
"53" 53 0.635897435897 0 0 0 0 0 497 0 0 0 0 0 0 0 0 3 0 0 0 0 0
"54" 54 0.333333333333 0 0 0 0 335 0 0 0 92 0 1 0 24 46 0 1 0 0 1 0
"55" 55 0.365384615385 0 0 0 0 0 0 0 0 0 0 0 500 0 0 0 0 0 0 0 0
"56" 56 0.224137931034 0 17 71 0 0 162 0 0 47 0 0 4 0 0 0 0 198 1 0 0
"57" 57 0.446700507614 0 0 0 0 0 0 457 0 0 0 0 0 0 0 43 0 0 0 0 0
"58" 58 0.0390070921986 18 0 4 0 0 2 0 0 0 3 0 0 0 2 0 470 0 0 0 1
"59" 59 0.291390728477 0 7 0 354 0 0 0 0 139 0 0 0 0 0 0 0 0 0 0 0
"60" 60 0.410714285714 0 0 0 0 0 19 0 0 0 0 0 0 0 0 479 0 0 2 0 0
"61" 61 0.665178571429 0 476 0 0 0 12 0 0 0 0 0 0 0 0 12 0 0 0 0 0
"62" 62 0.093023255814 0 0 0 6 15 258 0 0 143 0 0 0 0 0 0 0 5 73 0 0
"63" 63 0.0298507462687 0 0 0 10 0 0 0 0 0 0 7 1 0 480 0 0 0 0 0 2
"64" 64 0.155963302752 0 0 0 0 0 154 0 0 0 0 0 0 0 321 2 0 0 3 0 20
"65" 65 0.508928571429 0 0 147 0 0 344 0 0 0 0 0 0 0 0 0 0 0 9 0 0
"66" 66 0.0608365019011 0 0 0 0 0 0 0 0 0 331 0 0 5 0 19 0 0 0 145 0
"67" 67 0.0746268656716 0 18 14 0 0 0 2 0 0 1 0 0 0 464 0 0 0 1 0 0
"68" 68 0.34375 0 0 0 0 0 500 0 0 0 0 0 0 0 0 0 0 0 0 0 0
"69" 69 0.287179487179 0 0 0 500 0 0 0 0 0 0 0 0 0 0 0 0 0 0 0 0
"70" 70 0.0 0 0 0 0 0 0 0 500 0 0 0 0 0 0 0 0 0 0 0 0
"71" 71 0.632911392405 0 0 0 0 0 500 0 0 0 0 0 0 0 0 0 0 0 0 0 0
"72" 72 0.666666666667 0 0 0 0 0 500 0 0 0 0 0 0 0 0 0 0 0 0 0 0
"73" 73 0.06463878327 0 0 0 0 5 0 0 0 0 239 1 0 14 0 0 0 0 141 100 0
"74" 74 0.010152284264 131 0 0 0 0 0 340 0 18 0 0 0 0 0 0 0 11 0 0 0
"75" 75 0.591194968553 0 0 0 0 0 0 0 500 0 0 0 0 0 0 0 0 0 0 0 0
"76" 76 0.596153846154 0 0 0 0 0 0 0 0 0 0 0 500 0 0 0 0 0 0 0 0
"77" 77 0.0813953488372 0 0 500 0 0 0 0 0 0 0 0 0 0 0 0 0 0 0 0 0
"78" 78 0.46835443038 0 0 26 0 1 456 0 0 0 0 0 17 0 0 0 0 0 0 0 0
"79" 79 0.220183486239 0 169 3 34 281 0 3 0 2 0 0 0 0 0 0 0 0 3 5 0
"80" 80 0.756345177665 0 492 0 0 0 0 0 0 0 0 0 0 1 0 7 0 0 0 0 0
"81" 81 0.259414225941 0 0 0 0 0 0 0 0 0 464 0 0 32 0 0 1 0 0 2 1
"82" 82 0.666666666667 0 0 0 0 0 500 0 0 0 0 0 0 0 0 0 0 0 0 0 0
"83" 83 0.163461538462 0 0 0 0 0 0 0 0 0 0 0 500 0 0 0 0 0 0 0 0
"84" 84 0.010152284264 1 0 0 0 0 0 495 0 2 0 0 0 0 0 0 0 2 0 0 0
"85" 85 0.700421940928 0 0 0 0 0 498 0 0 0 0 0 0 0 0 2 0 0 0 0 0
"86" 86 0.556962025316 0 0 497 0 0 0 0 0 0 0 0 0 0 0 0 0 0 3 0 0
"87" 87 0.552742616034 0 0 0 0 0 37 0 0 0 0 0 0 0 0 344 0 0 119 0 0
"88" 88 0.403973509934 0 216 0 0 0 221 0 0 0 0 0 0 3 0 7 0 0 53 0 0
"89" 89 0.183035714286 0 0 0 0 0 0 0 0 0 0 1 0 0 0 0 0 0 8 0 491
"90" 90 0.113138686131 0 0 14 0 0 0 143 0 0 0 343 0 0 0 0 0 0 0 0 0
"91" 91 0.352678571429 0 0 0 0 0 0 0 0 0 0 0 0 0 0 0 0 0 500 0 0
"92" 92 0.165803108808 0 460 0 36 0 0 0 0 0 0 0 0 0 0 0 0 0 4 0 0
"93" 93 0.00497512437811 0 0 0 0 0 0 0 0 0 0 1 0 0 485 0 14 0 0 0 0
"94" 94 0.0203045685279 0 0 0 0 0 0 499 0 0 0 0 0 0 1 0 0 0 0 0 0
"95" 95 0.278481012658 0 0 2 0 0 0 0 0 0 0 42 0 0 0 0 0 0 456 0 0
"96" 96 0.110266159696 0 0 0 0 0 0 0 0 0 496 1 0 0 0 0 2 0 0 1 0
"97" 97 0.044776119403 0 0 0 0 0 0 0 0 0 0 2 0 0 482 0 2 0 0 0 14
"98" 98 0.354430379747 0 0 0 0 0 44 0 0 0 0 0 0 0 0 456 0 0 0 0 0
"99" 99 0.448430493274 0 2 0 0 0 2 0 0 0 0 0 0 0 0 21 0 0 142 0 333
"100" 100 0.131782945736 0 1 0 0 1 0 0 0 0 0 496 2 0 0 0 0 0 0 0 0
"101" 101 0.0 0 0 0 0 0 0 0 0 500 0 0 0 0 0 0 0 0 0 0 0
"102" 102 0.46357615894 0 0 500 0 0 0 0 0 0 0 0 0 0 0 0 0 0 0 0 0
"103" 103 0.801324503311 0 0 0 0 0 500 0 0 0 0 0 0 0 0 0 0 0 0 0 0
