-285.244
-291.323
-292.569
-284.185
-291.936
-288.732
-284.993
-292.651
-293.781
-289.493
-281.542
-292.038
-289.607
-282.166
-282.836
-292.896
-284.726
-283.150
-287.138
-289.719
-288.346
-282.577
-291.543
-284.613
-286.466
-284.701
-279.726
-285.957
-286.721
-286.774
-286.041
-280.420
-292.929
-292.847
-279.950
-291.911
-292.586
-289.974
-284.274
-292.197
-283.495
-288.563
-290.660
-295.407
-282.671
-291.113
-290.258
-283.271
-283.468
-281.363
-285.224
-293.006
-291.219
-291.488
-288.252
-291.128
-293.335
-289.399
-284.915
-281.421
-285.075
-290.353
-283.916
-285.157
-294.234
-287.074
-287.591
-291.291
-282.122
-284.860
-290.118
-282.883
-287.040
-285.992
-290.741
-291.814
-288.505
-283.695
-294.404
-282.215
-290.091
-283.162
-276.686
-285.345
-283.347
-286.714
-289.673
-285.179
-284.206
-283.827
-290.689
-284.851
-285.537
-290.484
-290.505
-282.739
-283.111
-282.547
-282.648
-286.597
-282.023
-282.741
-291.749
-281.128
-283.479
-289.882
-292.153
-286.725
-287.466
-289.626
-285.681
-284.540
-296.352
-283.501
-288.585
-283.269
-285.288
-283.683
-280.090
-284.142
-290.769
-285.623
-282.348
-290.148
-291.495
-282.444
-291.212
-288.058
-280.664
-289.358
-291.849
-294.085
-284.541
-278.428
-282.044
-288.137
-288.987
-284.762
-285.725
-280.008
-282.656
-283.979
-284.228
-289.631
-293.299
-283.809
-291.693
-291.822
-280.772
-286.490
-286.206
-281.298
-283.819
-283.700
-290.996
-292.598
-289.864
-291.410
-291.175
-285.114
-294.541
-289.764
-287.182
-292.507
-285.149
-290.808
-293.145
-285.525
-283.966
-292.135
-293.279
-288.451
-280.381
-284.928
-285.777
-281.780
-288.390
-284.902
-284.544
-285.248
-289.827
-284.621
-290.732
-291.803
-291.459
-287.238
-285.534
-285.512
-282.726
-286.943
-290.933
-292.024
-289.911
-283.057
-280.986
-290.776
-284.153
-281.509
-291.100
-291.157
-282.880
-283.513
-283.179
-281.307
-290.569
-282.834
-292.684
-282.419
-291.388
-291.969
-282.675
-283.401
-292.190
-291.315
-293.515
-283.973
-285.262
-284.980
-285.705
-292.819
-293.332
-289.529
-290.309
-292.774
-290.227
-290.827
-291.527
-281.620
-280.769
-280.748
-287.658
-287.451
-289.700
-284.840
-291.007
-285.111
-285.982
-285.713
-285.646
-294.328
-283.034
-289.171
-280.588
-287.215
-290.277
-290.262
-280.574
-288.403
-288.489
-291.688
-289.462
-284.446
-294.214
-284.762
-290.703
-281.484
-281.156
-283.870
-284.195
-291.907
-285.044
-284.338
-285.400
-284.103
-281.881
-285.263
-293.246
-284.186
-285.382
-285.392
-294.553
-293.068
-293.858
-294.357
-290.998
-291.584
-290.327
-282.335
-277.632
-285.134
-284.991
-284.066
-283.121
-292.083
-292.616
-286.790
-291.372
-283.920
-282.492
-282.453
-289.784
-295.437
-283.512
-282.222
-285.351
-282.481
-286.072
-281.879
-292.396
-291.003
-293.414
-286.417
-282.329
-287.430
-283.207
-290.732
-292.185
-284.387
-286.213
-292.933
-284.492
-291.162
-288.868
-288.248
-290.213
-291.777
-284.892
-293.858
-286.576
-289.643
-283.577
-292.551
-284.080
-281.869
-285.881
-284.003
-284.528
-281.926
-290.988
-293.623
-285.555
-293.462
-290.139
-291.941
-286.275
-291.181
-285.954
-283.088
-284.411
-291.488
-289.553
-292.566
-288.127
-292.425
-281.655
-290.810
-281.926
-292.002
-283.200
-290.333
-291.689
-291.870
-280.361
-283.908
-291.931
-283.508
-290.114
-283.306
-288.835
-286.071
-294.628
-290.849
-294.069
-282.769
-282.938
-293.221
-293.361
-286.282
-285.034
-283.345
-285.186
-289.824
-281.440
-287.150
-283.257
-292.831
-289.480
-291.677
-291.077
-290.529
-294.201
-280.907
-284.483
-283.083
-284.443
-290.340
-285.961
-292.287
-282.646
-281.870
-284.077
-292.624
-283.406
-283.856
-292.961
-286.964
-285.166
-288.934
-290.353
-291.615
-284.592
-281.938
-289.978
-281.801
-291.886
-292.066
-285.305
-291.196
-290.568
-284.825
-286.812
-289.885
-282.943
-290.179
-285.892
-284.615
-284.365
-282.752
-291.775
-291.805
-286.876
-283.151
-290.564
-286.346
-282.992
-288.827
-293.692
-281.620
-286.011
-291.975
-281.009
-292.199
-291.156
-285.856
-280.100
-280.937
-285.110
-285.622
-291.305
-285.244
-290.683
-286.891
-279.937
-285.405
-293.276
-284.938
-282.085
-284.527
-285.015
-289.616
-284.956
-282.348
-292.087
-284.816
-286.357
-283.635
-282.063
-284.000
-292.676
-294.184
-286.626
-283.425
-291.661
-280.847
-294.104
-290.260
-289.160
-289.728
-293.584
-284.627
-292.497
-290.261
-289.931
-283.246
-283.375
-286.264
-284.311
-292.218
-283.296
-287.125
-291.441
-287.918
-284.030
-286.293
-290.813
-291.935
-294.153
-287.546
-292.146
-282.097
-291.251
-288.472
-285.291
-287.074
-286.937
-286.049
-287.589
-284.802
-284.125
-290.228
max -276.686
