-475.846
-479.817
-478.500
-480.743
-482.089
-474.715
-477.085
-479.496
-480.082
-474.331
-477.405
-477.731
-474.175
-477.920
-480.501
-480.686
-480.465
-479.821
-479.588
-477.987
-482.319
-478.445
-478.082
-480.363
-479.679
-476.316
-474.967
-473.509
-474.331
-476.171
-480.201
-479.904
-478.876
-475.743
-481.358
-477.942
-475.871
-474.469
-479.438
-476.923
-476.885
-479.716
-480.211
-472.683
-476.542
-475.550
-478.886
-476.349
-477.464
-475.374
-475.499
-478.464
-481.172
-478.679
-476.752
-474.866
-480.408
-473.809
-469.711
-480.299
-479.511
-478.453
-473.610
-481.956
-474.918
-477.795
-478.839
-477.937
-475.989
-474.623
-479.617
-475.057
-476.669
-481.182
-478.607
-479.905
-480.202
-476.902
-477.196
-475.211
-475.138
-477.805
-472.804
-479.063
-481.610
-474.272
-481.230
-479.486
-477.412
-477.070
-472.925
-482.571
-480.701
-478.488
-475.930
-477.397
-479.465
-481.274
-474.294
-478.789
-473.987
-481.866
-471.719
-478.074
-475.099
-478.633
-476.514
-475.782
-476.369
-475.479
-478.424
-478.945
-477.522
-477.696
-476.803
-476.079
-477.045
-474.707
-478.284
-476.492
-482.087
-476.230
-480.220
-478.939
-479.397
-476.631
-475.840
-474.421
-474.507
-474.494
-480.818
-477.743
-482.771
-479.801
-474.980
-479.431
-478.103
-477.459
-475.439
-479.618
-476.252
-477.046
-480.229
-474.533
-475.836
-481.311
-478.662
-478.423
-475.410
-476.552
-481.805
-482.021
-480.280
-480.024
-476.540
-479.946
-476.254
-479.437
-481.880
-482.674
-479.595
-482.264
-479.491
-477.766
-478.963
-479.303
-474.979
-480.105
-480.695
-478.335
-481.262
-475.390
-481.912
-476.438
-476.574
-482.015
-477.344
-473.767
-477.922
-479.257
-473.830
-479.776
-474.087
-479.404
-480.442
-478.454
-476.326
-477.320
-477.994
-477.556
-483.454
-475.681
-477.730
-480.373
-476.239
-476.820
-476.467
-479.860
-475.624
-476.193
-480.447
-470.642
-473.563
-480.454
-477.832
-479.999
-479.669
-477.862
-479.799
-479.987
-477.355
-473.533
-479.411
-477.704
-471.831
-477.171
-475.612
-478.217
-479.119
-478.014
-476.713
-478.421
-482.116
-478.427
-472.160
-477.617
-475.647
-479.158
-480.567
-477.300
-475.845
-479.287
-477.329
-473.529
-474.629
-479.076
-477.716
-476.662
-479.034
-476.086
-478.338
-480.364
-477.282
-475.264
-479.852
-476.336
-477.453
-475.493
-479.386
-482.448
-479.223
-478.760
-480.555
-478.568
-477.266
-475.736
-481.247
-475.073
-475.578
-475.845
-476.446
-480.553
-482.069
-476.187
-472.982
-477.663
-479.802
-472.361
-480.667
-480.554
-476.257
-477.684
-477.886
-475.482
-476.779
-478.446
-476.116
-480.999
-477.750
-478.451
-478.717
-480.269
-476.240
-484.612
-481.798
-477.099
-474.680
-483.118
-480.883
-481.105
-474.370
-475.026
-481.569
-479.099
-476.959
-473.736
-477.752
-475.364
-479.164
-475.398
-480.969
-475.685
-479.871
-475.912
-477.676
-478.211
-478.724
-475.537
-482.720
-482.680
-475.434
-478.783
-477.643
-475.901
-476.495
-479.179
-474.994
-482.235
-480.983
-479.740
-483.549
-478.752
-480.680
-478.366
-475.494
-478.211
-476.385
-478.443
-480.011
-476.719
-477.384
-478.980
-476.038
-481.433
-477.791
-476.871
-476.315
-478.122
-480.529
-474.016
-475.925
-479.167
-477.725
-469.877
-480.495
-476.345
-479.165
-478.072
-476.939
-478.257
-478.021
-478.534
-475.465
-479.699
-475.373
-477.472
-479.670
-475.498
-480.544
-474.348
-473.816
-478.569
-472.496
-474.207
-473.314
-476.668
-474.940
-477.106
-478.798
-478.858
-474.663
-474.369
-482.585
-480.246
-475.690
-478.278
-474.153
-477.943
-476.271
-479.106
-476.822
-476.433
-477.737
-475.686
-473.824
-478.051
-477.437
-477.198
-475.806
-482.010
-482.930
-471.568
-476.735
-478.468
-481.389
-474.177
-472.606
-479.650
-479.239
-480.401
-475.801
-481.498
-479.128
-478.725
-478.580
-479.791
-481.049
-476.336
-476.565
-477.305
-478.284
-474.246
-481.419
-481.707
-480.664
-475.126
-474.258
-477.193
-481.252
-478.439
-475.753
-479.457
-477.078
-482.155
-479.096
-477.681
-475.585
-478.141
-474.720
-479.072
-478.972
-477.683
-481.174
-476.444
-481.721
-481.353
-479.659
-479.244
-474.340
-478.344
-480.760
-475.188
-478.524
-475.909
-483.707
-478.562
-482.389
-483.532
-478.748
-476.748
-478.388
-479.335
-472.277
-480.472
-477.208
-477.751
-476.930
-481.255
-480.386
-477.854
-474.175
-478.709
-478.314
-478.898
-477.656
-479.944
-479.080
-479.707
-479.866
-481.090
-474.524
-474.242
-482.068
-477.983
-482.118
-479.580
-480.583
-477.788
-478.449
-480.682
-477.235
-478.607
-479.950
-481.497
-478.719
-475.716
-476.843
-479.285
-479.147
-477.211
-479.440
-476.506
-477.218
-480.233
-477.893
-473.394
-477.245
-472.343
-479.095
-477.739
max -469.711
