-303.441
-303.394
-302.795
-303.365
-302.250
-300.188
-302.458
-301.663
-302.004
-305.524
-301.721
-301.704
-300.232
-303.821
-302.591
-303.532
-300.582
-301.852
-303.978
-302.066
-302.908
-304.973
-302.445
-299.822
-302.893
-297.761
-304.509
-302.703
-302.637
-304.103
-301.017
-302.112
-302.682
-299.671
-304.698
-301.898
-302.329
-303.349
-297.536
-304.770
-300.209
-303.425
-301.505
-301.466
-303.908
-302.155
-300.753
-302.545
-296.017
-302.781
-306.037
-304.742
-303.235
-299.328
-305.698
-300.388
-299.692
-301.512
-303.091
-303.405
-303.720
-304.077
-301.967
-299.166
-303.329
-302.571
-301.851
-305.213
-303.494
-302.153
-301.682
-302.097
-304.874
-301.201
-300.206
-304.507
-300.789
-302.417
-302.201
-298.929
-302.906
-302.443
-302.742
-300.340
-299.165
-304.489
-304.371
-302.280
-300.807
-303.120
-298.220
-301.927
-301.240
-301.164
-301.699
-299.612
-304.727
-299.692
-301.220
-303.787
-300.759
-300.986
-302.773
-304.043
-305.059
-304.551
-302.282
-303.192
-301.654
-301.983
-303.654
-302.336
-299.933
-302.556
-304.670
-303.515
-302.357
-304.369
-301.190
-300.428
-299.974
-302.748
-308.723
-302.849
-301.112
-298.132
-300.388
-299.169
-301.679
-303.996
-302.863
-299.161
-298.369
-303.400
-302.012
-302.375
-301.068
-301.949
-295.530
-302.796
-305.578
-303.955
-298.689
-305.151
-302.097
-302.443
-301.914
-302.765
-303.879
-300.617
-298.742
-302.845
-298.887
-301.435
-300.008
-303.548
-303.005
-300.763
-298.160
-301.611
-300.793
-301.483
-302.621
-303.816
-302.980
-302.154
-302.933
-301.531
-301.751
-304.238
-301.195
-300.480
-302.423
-299.497
-302.869
-298.357
-302.592
-302.343
-297.122
-303.527
-302.112
-304.305
-304.164
-302.028
-298.026
-303.377
-298.417
-304.345
-302.770
-301.145
-292.271
-303.405
-305.676
-304.808
-300.779
-303.464
-299.150
-301.480
-302.745
-303.867
-303.638
-303.726
-304.079
-303.890
-303.419
-302.999
-304.905
-302.535
-304.165
-299.746
-303.825
-302.408
-303.452
-306.133
-305.336
-300.902
-302.260
-302.137
-300.827
-302.232
-303.219
-302.313
-302.360
-303.918
-303.721
-296.565
-303.937
-301.486
-300.270
-302.920
-301.777
-303.215
-300.793
-302.343
-303.366
-302.572
-303.158
-303.145
-301.090
-304.198
-299.606
-304.039
-301.804
-303.491
-303.106
-300.765
-305.774
-303.754
-305.012
-305.490
-300.532
-300.984
-300.471
-305.731
-302.077
-300.607
-302.206
-300.987
-304.281
-303.076
-301.176
-300.265
-300.778
-305.611
-304.253
-300.749
-298.781
-300.078
-303.630
-303.234
-303.172
-300.465
-302.374
-304.976
-303.550
-302.968
-302.182
-301.481
-301.185
-303.800
-302.095
-301.241
-300.895
-302.154
-299.410
-301.788
-300.563
-305.152
-303.181
-302.968
-304.286
-303.495
-298.622
-303.425
-303.063
-300.724
-305.114
-301.226
-298.839
-302.761
-299.061
-299.552
-301.901
-299.431
-306.086
-300.079
-302.448
-300.924
-304.711
-301.159
-302.757
-301.179
-302.219
-301.611
-301.844
-300.992
-299.876
-301.688
-302.703
-302.891
-300.279
-303.150
-301.945
-303.896
-306.457
-302.028
-301.266
-300.572
-303.122
-298.782
-302.298
-301.412
-300.059
-299.434
-299.657
-300.946
-304.465
-304.081
-300.238
-303.355
-305.285
-304.657
-302.928
-303.992
-301.482
-303.587
-303.126
-300.600
-300.781
-301.787
-305.049
-305.224
-302.833
-303.011
-304.436
-305.597
-302.037
-304.505
-300.983
-302.728
-301.749
-301.392
-302.229
-300.700
-300.447
-300.252
-304.280
-303.312
-306.897
-303.755
-298.113
-300.649
-303.522
-300.518
-305.471
-302.952
-301.041
-302.927
-301.339
-298.591
-304.452
-305.101
-302.542
-303.486
-299.057
-302.833
-302.435
-300.430
-302.843
-305.889
-297.855
-302.449
-303.950
-305.881
-303.698
-302.608
-302.254
-301.275
-302.130
-302.148
-308.284
-299.381
-301.025
-298.436
-298.197
-302.320
-300.663
-301.230
-302.652
-301.225
-301.428
-304.433
-301.077
-299.879
-298.129
-299.918
-301.029
-302.756
-301.100
-304.032
-305.248
-299.375
-301.420
-300.590
-306.984
-301.553
-304.179
-302.727
-303.377
-300.995
-303.455
-305.977
-302.379
-302.680
-302.613
-303.517
-300.952
-299.911
-302.078
-304.928
-303.289
-301.326
-304.445
-305.258
-298.835
-303.713
-302.820
-301.460
-297.493
-301.137
-299.289
-303.060
-300.351
-301.922
-304.293
-303.049
-304.137
-296.511
-303.042
-300.092
-301.806
-300.203
-302.163
-302.646
-302.765
-301.759
-304.085
-302.547
-304.842
-305.037
-304.146
-302.029
-304.190
-300.724
-299.619
-304.307
-298.893
-301.839
-303.213
-303.590
-301.582
-303.157
-302.761
-300.915
-302.620
-299.735
-302.158
-303.837
-303.497
-303.437
-303.918
-305.441
-301.111
-304.476
-298.909
-298.476
-302.962
-301.208
-304.804
-304.106
max -292.271
