-343.858
-341.986
-343.231
-339.939
-345.001
-344.716
-342.536
-345.337
-345.509
-344.991
-336.372
-342.717
-346.633
-339.733
-346.332
-346.383
-346.180
-340.357
-346.969
-345.082
-343.052
-348.409
-342.256
-348.454
-344.127
-344.535
-341.644
-341.180
-349.386
-342.259
-343.793
-345.923
-343.104
-346.299
-341.602
-343.487
-342.343
-348.873
-341.253
-344.531
-344.246
-343.274
-345.218
-347.378
-344.626
-343.539
-345.225
-344.950
-341.882
-343.784
-341.056
-343.548
-347.048
-348.416
-347.051
-335.060
-341.315
-345.357
-339.847
-336.222
-341.623
-341.827
-344.616
-349.037
-339.101
-347.634
-344.551
-347.542
-340.179
-341.385
-343.817
-342.239
-342.016
-337.211
-340.139
-343.528
-349.213
-344.590
-347.957
-349.612
-342.356
-343.518
-341.971
-339.407
-346.332
-345.651
-346.241
-332.787
-345.789
-343.598
-341.517
-349.000
-346.020
-341.876
-345.241
-337.658
-342.623
-346.078
-344.554
-350.971
-348.384
-346.730
-347.366
-344.629
-337.813
-344.102
-346.749
-348.020
-338.150
-341.010
-343.420
-343.356
-351.054
-343.024
-339.781
-342.730
-336.006
-344.624
-346.597
-342.067
-348.075
-339.794
-343.944
-343.557
-343.550
-341.905
-341.471
-345.055
-346.054
-339.989
-344.959
-343.281
-347.675
-349.045
-343.741
-344.737
-345.328
-341.930
-344.863
-344.435
-348.926
-342.532
-342.081
-342.372
-335.989
-350.067
-341.791
-347.610
-341.377
-344.146
-340.494
-340.619
-339.535
-344.649
-345.374
-343.857
-344.023
-343.949
-343.173
-345.361
-343.619
-342.606
-345.503
-344.421
-346.583
-344.772
-343.781
-346.688
-344.450
-347.380
-342.816
-348.438
-345.970
-344.061
-345.187
-346.612
-343.390
-345.337
-342.894
-346.828
-341.407
-348.413
-342.269
-347.347
-351.250
-347.929
-348.080
-345.299
-348.503
-344.852
-347.359
-338.477
-343.627
-348.593
-340.085
-344.384
-342.075
-346.139
-345.227
-349.761
-344.078
-343.681
-347.160
-346.472
-345.034
-342.094
-345.327
-344.667
-343.256
-343.121
-349.714
-342.573
-347.719
-341.770
-342.521
-343.299
-345.113
-347.218
-342.573
-343.052
-352.428
-344.430
-341.578
-341.860
-345.668
-344.560
-344.815
-343.472
-342.555
-348.208
-344.815
-345.581
-342.240
-339.461
-340.677
-341.696
-341.738
-340.438
-343.686
-339.435
-343.319
-341.593
-339.406
-341.932
-346.469
-345.889
-343.326
-342.680
-343.659
-341.485
-342.231
-340.975
-345.442
-344.545
-341.976
-341.272
-350.966
-344.869
-345.041
-339.668
-348.949
-344.366
-349.524
-338.310
-345.252
-340.520
-339.432
-343.475
-341.169
-341.912
-341.850
-344.568
-345.986
-345.360
-349.109
-342.907
-345.235
-344.121
-347.502
-341.437
-342.118
-348.502
-344.272
-345.096
-342.446
-345.163
-347.229
-350.090
-341.001
-348.631
-342.453
-344.724
-342.098
-342.797
-346.318
-344.017
-343.549
-348.956
-343.489
-345.510
-342.550
-345.574
-339.334
-344.298
-343.819
-341.090
-346.613
-349.485
-344.386
-343.005
-344.044
-339.124
-344.389
-345.806
-344.212
-343.657
-345.976
-342.025
-342.925
-346.432
-347.598
-343.945
-338.976
-338.471
-344.225
-338.830
-344.972
-340.145
-347.720
-341.041
-340.064
-344.686
-346.137
-350.062
-344.403
-344.013
-348.350
-344.905
-343.928
-346.621
-348.141
-345.857
-345.919
-343.059
-342.014
-341.488
-345.123
-346.753
-347.319
-342.918
-342.574
-344.889
-344.839
-345.186
-344.540
-345.736
-348.583
-344.395
-344.013
-341.270
-347.522
-342.651
-342.117
-341.588
-349.279
-343.706
-346.019
-348.608
-342.818
-341.889
-337.047
-346.630
-344.980
-347.643
-346.816
-343.115
-346.832
-349.275
-341.271
-347.980
-343.072
-344.267
-342.579
-342.904
-350.917
-344.906
-344.878
-344.059
-341.717
-339.769
-348.267
-343.423
-344.066
-346.237
-345.769
-339.213
-340.668
-344.936
-345.015
-345.408
-347.912
-345.080
-344.459
-340.970
-341.942
-343.093
-344.900
-339.250
-340.650
-342.477
-341.325
-348.138
-347.496
-343.300
-341.510
-344.134
-342.435
-341.123
-342.196
-348.207
-345.148
-341.830
-344.285
-345.574
-342.423
-343.529
-347.317
-339.965
-342.925
-349.149
-341.579
-340.800
-340.063
-341.154
-336.612
-340.006
-348.829
-346.701
-346.847
-348.276
-342.583
-344.621
-339.009
-346.342
-343.070
-344.583
-335.855
-344.229
-336.673
-346.134
-336.863
-340.973
-342.222
-340.871
-340.921
-341.440
-342.550
-345.768
-340.352
-343.846
-345.246
-337.641
-346.197
-334.480
-345.058
-346.556
-346.692
-343.999
-343.199
-345.854
-347.620
-345.124
-342.328
-340.998
-340.257
-339.923
-344.840
-341.486
-343.338
-344.079
-341.024
-343.803
-344.637
-349.072
-340.283
-345.917
-346.378
-347.007
-348.639
-335.797
-344.828
-345.196
-349.747
-347.946
-343.874
-348.512
-340.544
-341.313
-338.140
-348.507
max -332.787
