"site" "RSA" "aa1" "aa2" "aa3" "aa4" "aa5" "aa6" "aa7" "aa8" "aa9" "aa10" "aa11" "aa12" "aa13" "aa14" "aa15" "aa16" "aa17" "aa18" "aa19" "aa20"
"0" 0 0.773255813953 0 0 21 0 0 0 0 0 9 0 0 0 0 0 0 0 0 0 0 0
"1" 1 0.313432835821 0 0 0 0 0 1 56 1 3 3 0 0 0 15 0 0 24 0 1 12
"2" 2 0.15611814346 0 0 0 2 6 90 5 0 0 0 2 0 0 4 17 0 6 3 0 0
"3" 3 0.0 0 0 0 0 0 0 136 0 0 1 0 0 0 41 0 0 22 0 0 0
"4" 4 0.0 1 0 31 0 0 0 0 0 0 0 160 0 0 1 0 0 2 0 4 1
"5" 5 0.0 0 0 0 0 0 0 0 198 0 0 2 0 0 0 0 0 0 0 0 0
"6" 6 0.046357615894 0 0 200 0 0 0 0 0 0 0 0 0 0 0 0 0 0 0 0 0
"7" 7 0.0 0 0 0 0 0 0 165 0 0 0 0 0 0 23 0 0 11 0 0 1
"8" 8 0.149253731343 0 0 0 0 0 0 0 0 0 0 0 0 0 200 0 0 0 0 0 0
"9" 9 0.31007751938 0 0 144 2 0 0 0 0 2 0 52 0 0 0 0 0 0 0 0 0
"10" 10 0.108527131783 4 0 14 0 0 0 1 0 0 0 177 1 0 1 0 0 2 0 0 0
"11" 11 0.383419689119 0 187 0 13 0 0 0 0 0 0 0 0 0 0 0 0 0 0 0 0
"12" 12 0.422053231939 0 0 0 0 0 0 0 1 0 183 0 0 0 2 0 0 0 0 12 2
"13" 13 0.635658914729 2 0 47 1 0 2 0 0 8 0 108 19 0 8 0 1 2 0 0 2
"14" 14 0.420512820513 2 6 0 70 5 32 2 0 2 0 5 0 9 0 64 0 1 2 0 0
"15" 15 0.1589958159 0 0 0 0 0 0 2 0 0 16 0 0 0 179 0 0 0 0 0 3
"16" 16 0.341085271318 0 0 0 1 21 11 1 0 1 0 28 110 0 4 3 0 0 18 0 2
"17" 17 0.370860927152 0 22 9 6 16 8 0 1 1 0 23 4 1 1 25 0 0 83 0 0
"18" 18 0.0580357142857 0 46 4 1 15 0 0 0 1 0 2 2 1 0 0 0 3 125 0 0
"19" 19 0.0 3 0 1 0 0 0 80 0 4 0 3 0 0 18 0 0 90 0 0 1
"20" 20 0.364341085271 0 6 3 1 19 52 2 0 4 1 21 1 1 4 54 0 0 30 0 1
"21" 21 0.215328467153 0 15 5 4 2 24 2 0 8 0 75 1 1 8 18 0 2 16 0 19
"22" 22 0.0 1 0 0 0 0 0 54 0 1 0 21 0 0 27 0 0 96 0 0 0
"23" 23 0.3125 2 41 1 16 1 3 6 0 5 0 9 0 1 2 1 0 5 101 0 1
"24" 24 0.620535714286 0 11 8 10 21 27 0 0 5 0 50 1 1 1 16 0 0 43 0 0
"25" 25 0.0988372093023 2 1 19 3 8 0 0 1 6 0 125 26 0 2 1 0 0 1 4 0
"26" 26 0.373056994819 0 4 3 1 5 4 0 0 0 0 1 171 0 0 2 0 0 8 0 0
"27" 27 0.0232558139535 11 0 1 0 0 0 3 0 1 0 170 1 0 0 0 0 13 0 0 0
"28" 28 0.272321428571 0 151 0 0 5 6 0 3 2 0 0 1 4 0 3 0 1 24 0 0
"29" 29 0.0456273764259 1 0 0 0 0 0 3 0 1 3 4 6 0 10 0 98 7 0 59 8
"30" 30 0.0 0 0 0 0 0 0 94 0 0 11 5 0 1 49 0 0 39 0 0 1
"31" 31 0.0 0 0 0 0 0 0 0 0 0 0 0 0 200 0 0 0 0 0 0 0
"32" 32 0.0 3 0 0 0 0 0 86 0 0 17 0 0 0 31 0 1 61 0 1 0
"33" 33 0.0310880829016 0 200 0 0 0 0 0 0 0 0 0 0 0 0 0 0 0 0 0 0
"34" 34 0.0406091370558 0 0 0 0 0 0 30 1 0 0 0 0 0 0 0 0 169 0 0 0
"35" 35 0.0366972477064 0 0 0 0 0 0 0 0 0 0 0 0 0 0 0 0 0 0 0 200
"36" 36 0.165803108808 0 200 0 0 0 0 0 0 0 0 0 0 0 0 0 0 0 0 0 0
"37" 37 0.211538461538 0 0 1 3 0 0 0 0 0 0 0 196 0 0 0 0 0 0 0 0
"38" 38 0.650224215247 2 3 8 8 17 2 0 0 2 0 4 0 109 2 17 0 15 0 0 11
"39" 39 0.171548117155 0 0 0 0 0 0 0 0 0 194 0 0 0 0 0 0 0 0 6 0
"40" 40 0.0459770114943 0 0 0 0 0 0 0 0 1 0 0 0 0 0 0 0 199 0 0 0
"41" 41 0.635220125786 0 3 0 0 0 0 0 194 0 0 1 1 0 0 0 0 0 1 0 0
"42" 42 0.45641025641 0 0 14 181 2 0 0 2 0 0 1 0 0 0 0 0 0 0 0 0
"43" 43 0.664974619289 0 0 0 0 0 0 153 0 0 0 0 0 0 45 0 0 0 0 0 2
"44" 44 0.198675496689 0 0 80 0 0 0 0 0 120 0 0 0 0 0 0 0 0 0 0 0
"45" 45 0.0962343096234 0 0 0 0 0 0 69 0 0 99 0 0 0 12 0 0 1 0 13 6
"46" 46 0.307692307692 0 0 0 0 0 0 0 0 0 0 1 199 0 0 0 0 0 0 0 0
"47" 47 0.131782945736 0 1 3 1 1 0 9 119 0 6 21 0 1 10 0 0 5 0 0 23
"48" 48 0.740932642487 0 22 5 8 11 0 3 83 1 2 10 10 0 34 0 0 4 0 0 7
"49" 49 0.252873563218 0 0 0 0 0 0 44 0 6 1 4 0 0 6 0 3 132 0 0 4
"50" 50 0.0 10 0 0 0 0 0 40 0 1 0 1 0 0 26 0 0 116 0 0 6
"51" 51 0.294573643411 0 12 12 1 12 84 0 0 1 0 35 2 0 0 9 0 0 32 0 0
"52" 52 0.483443708609 3 5 48 0 4 3 0 0 0 0 131 3 1 0 0 0 1 0 1 0
"53" 53 0.0137614678899 1 0 0 0 0 0 80 0 0 4 5 0 0 76 0 0 25 0 0 9
"54" 54 0.189781021898 0 0 4 4 4 20 0 0 1 0 3 1 1 0 162 0 0 0 0 0
"55" 55 0.675105485232 0 4 9 6 7 50 0 91 0 0 7 6 1 0 15 0 1 3 0 0
"56" 56 0.377990430622 7 2 2 3 4 9 8 0 3 1 14 3 62 13 10 2 38 6 13 0
"57" 57 0.0596026490066 1 0 43 2 0 0 5 0 118 0 20 0 0 0 0 0 11 0 0 0
"58" 58 0.759493670886 0 47 19 15 10 57 0 0 24 0 4 4 2 0 11 0 0 6 0 1
"59" 59 0.144278606965 0 0 0 0 2 54 4 0 10 1 13 2 0 87 6 0 4 0 0 17
"60" 60 0.224137931034 2 0 1 0 1 3 12 84 14 14 1 1 1 4 1 0 57 0 2 2
"61" 61 0.0 1 0 0 0 0 0 17 0 0 90 0 0 0 75 0 0 3 0 0 14
"62" 62 0.0 0 199 0 0 0 0 0 0 0 0 0 0 0 0 0 0 0 1 0 0
"63" 63 0.0 21 0 0 0 0 0 0 0 7 0 13 0 0 0 0 0 159 0 0 0
"64" 64 0.0 0 0 0 0 0 0 0 0 0 0 0 0 200 0 0 0 0 0 0 0
"65" 65 0.0 0 0 0 0 0 0 1 0 0 0 0 0 0 194 0 0 0 0 0 5
"66" 66 0.0137614678899 0 0 0 0 0 0 0 0 0 0 0 0 0 0 0 0 0 0 0 200
"67" 67 0.0114942528736 0 0 0 0 0 0 160 0 0 0 1 0 0 2 0 0 35 0 0 2
"68" 68 0.241379310345 0 8 26 4 4 2 4 0 8 0 29 0 1 2 1 0 35 73 0 2
"69" 69 0.414507772021 0 24 2 46 15 8 0 51 0 0 5 0 7 0 5 0 0 35 1 0
"70" 70 0.0062893081761 8 0 0 0 0 0 0 147 0 0 14 0 0 0 0 0 31 0 0 0
"71" 71 0.200892857143 0 96 5 0 3 0 3 0 3 0 3 9 1 0 1 0 1 75 0 0
"72" 72 0.481751824818 0 4 4 14 15 25 0 39 3 0 9 2 4 10 66 0 1 3 0 1
"73" 73 0.304182509506 0 0 1 0 3 0 4 0 1 16 0 0 8 6 3 2 0 0 155 1
"74" 74 0.0114942528736 0 0 0 0 0 0 111 0 0 0 3 0 0 43 0 0 43 0 0 0
"75" 75 0.464285714286 0 29 2 4 11 8 0 29 0 0 20 6 1 2 3 0 1 84 0 0
"76" 76 0.325581395349 0 55 8 1 9 3 0 3 14 2 73 1 0 2 2 1 2 22 0 2
"77" 77 0.00836820083682 0 0 0 0 0 0 1 0 1 187 0 0 0 1 0 0 1 0 8 1
"78" 78 0.22480620155 0 0 2 0 1 6 17 0 1 0 141 0 0 0 4 0 28 0 0 0
"79" 79 0.681614349776 1 26 5 5 17 83 0 0 1 0 15 1 0 0 10 0 0 36 0 0
"80" 80 0.0697674418605 5 0 4 1 0 1 1 0 0 0 171 0 4 11 0 0 2 0 0 0
"81" 81 0.182692307692 0 0 0 0 0 0 0 0 0 0 0 200 0 0 0 0 0 0 0 0
"82" 82 0.0542635658915 15 0 15 0 0 0 0 0 0 0 169 1 0 0 0 0 0 0 0 0
"83" 83 0.305699481865 0 178 4 5 1 0 0 0 2 0 2 0 5 0 0 0 0 2 0 1
"84" 84 0.0152284263959 1 0 6 4 2 0 96 0 4 1 2 3 8 27 5 6 13 0 9 13
"85" 85 0.0 0 0 0 0 0 0 148 0 0 0 0 0 0 32 0 0 15 0 0 5
"86" 86 0.0 1 0 40 1 0 0 0 0 141 0 1 8 1 1 0 0 4 0 0 2
"87" 87 0.010152284264 0 0 0 0 0 0 19 0 0 9 11 0 0 1 0 0 160 0 0 0
"88" 88 0.0 0 0 1 0 4 0 0 0 0 0 0 0 195 0 0 0 0 0 0 0
"89" 89 0.127906976744 3 0 2 0 10 0 6 15 2 4 67 0 0 10 0 1 52 1 27 0
"90" 90 0.272321428571 0 0 0 0 0 0 0 0 0 0 0 0 0 0 0 0 0 200 0 0
"91" 91 0.0529801324503 2 0 24 1 0 0 0 0 9 0 161 0 0 0 0 0 3 0 0 0
"92" 92 0.104651162791 68 7 12 0 0 0 0 1 60 0 6 40 1 0 0 0 3 2 0 0
"93" 93 0.850364963504 0 3 1 5 5 14 9 84 26 0 6 0 4 2 19 0 14 5 3 0
"94" 94 0.636363636364 0 4 0 2 0 0 0 0 0 0 1 0 193 0 0 0 0 0 0 0
"95" 95 0.147208121827 1 0 1 0 0 0 50 5 2 2 1 0 0 133 0 0 5 0 0 0
"96" 96 0.406698564593 0 33 0 5 1 0 0 0 0 0 3 1 148 0 2 0 0 3 4 0
"97" 97 0.317307692308 0 0 0 0 0 0 0 0 0 0 5 10 1 0 183 0 1 0 0 0
"98" 98 0.0232558139535 1 0 29 3 0 0 2 0 109 0 30 1 0 7 0 0 18 0 0 0
"99" 99 0.0 0 0 0 0 0 0 62 0 0 0 1 0 0 109 0 0 27 0 0 1
"100" 100 0.488789237668 0 4 8 13 134 3 0 0 4 0 5 6 10 0 4 1 0 7 1 0
"101" 101 0.430379746835 0 0 4 2 36 17 3 0 13 3 37 0 8 42 7 0 1 4 9 14
"102" 102 0.0 0 0 0 0 0 0 187 0 2 0 0 0 0 3 0 0 7 0 0 1
"103" 103 0.371308016878 0 0 0 0 3 112 0 0 0 0 1 0 11 0 72 0 0 1 0 0
"104" 104 0.705426356589 0 28 44 17 6 4 0 0 0 0 47 12 1 0 1 0 0 40 0 0
"105" 105 0.271317829457 6 0 6 3 7 12 1 0 5 8 44 1 14 75 4 0 4 5 5 0
"106" 106 0.673076923077 0 3 0 4 0 1 0 1 0 0 0 189 0 0 1 0 0 1 0 0
"107" 107 0.0733944954128 26 0 0 0 0 51 13 0 0 0 30 0 0 10 0 0 48 0 0 22
"108" 108 0.472573839662 0 0 3 0 7 154 0 1 3 0 0 0 1 4 25 0 0 0 0 2
"109" 109 0.0 1 0 1 0 0 1 1 16 1 0 166 0 0 0 0 0 13 0 0 0
"110" 110 0.0 0 0 5 0 0 0 0 0 0 0 10 177 0 0 0 0 1 7 0 0
"111" 111 0.0 0 0 0 0 0 0 19 0 0 0 7 0 0 13 0 0 161 0 0 0
"112" 112 0.0 0 0 34 0 0 0 0 0 10 0 88 0 0 0 0 0 68 0 0 0
"113" 113 0.0 0 0 0 0 0 0 54 0 0 3 0 0 0 137 0 0 6 0 0 0
"114" 114 0.153846153846 6 0 1 189 0 2 0 0 0 0 0 0 0 0 1 0 1 0 0 0
"115" 115 0.150943396226 0 0 0 0 0 0 2 197 0 0 0 0 0 1 0 0 0 0 0 0
"116" 116 0.692307692308 0 2 19 0 1 0 1 0 4 0 76 68 28 0 0 0 0 1 0 0
"117" 117 0.151162790698 0 0 5 0 0 0 0 0 195 0 0 0 0 0 0 0 0 0 0 0
"118" 118 0.465408805031 0 1 20 2 0 1 0 170 0 0 0 3 1 2 0 0 0 0 0 0
"119" 119 0.093023255814 0 0 0 0 0 0 16 5 1 0 25 0 0 67 0 1 71 14 0 0
"120" 120 0.470930232558 3 15 80 12 4 2 1 0 7 0 15 6 7 0 1 0 6 35 4 2
"121" 121 0.248062015504 5 4 18 2 1 0 1 0 16 0 51 1 3 22 0 1 46 1 3 25
"122" 122 0.0 0 0 0 0 0 0 86 0 0 1 3 0 0 86 0 0 24 0 0 0
"123" 123 0.388392857143 0 26 9 1 6 27 3 0 4 0 7 1 0 3 8 1 0 102 1 1
"124" 124 0.534591194969 5 22 6 15 0 0 0 28 1 3 3 0 40 0 0 6 2 20 49 0
"125" 125 0.00995024875622 3 0 0 0 0 0 43 0 1 1 0 0 0 36 0 0 115 0 1 0
"126" 126 0.00995024875622 0 0 0 0 0 0 37 0 0 1 2 0 0 149 0 1 0 0 0 10
"127" 127 0.616580310881 0 73 6 7 10 5 0 31 1 0 8 14 9 0 0 0 0 35 1 0
"128" 128 0.0796019900498 1 67 4 1 7 10 11 0 2 1 2 0 0 33 7 0 2 28 4 20
"129" 129 0.0574712643678 11 0 0 0 0 0 30 0 2 1 10 0 0 49 0 0 97 0 0 0
"130" 130 0.284974093264 0 193 0 0 0 0 0 0 0 0 0 1 0 0 0 0 0 4 2 0
"131" 131 0.00896860986547 0 0 0 0 20 0 5 0 0 1 0 0 0 103 0 0 4 0 8 59
"132" 132 0.0 0 0 0 0 0 0 35 0 0 2 1 0 0 4 0 0 158 0 0 0
"133" 133 0.0 16 0 0 1 0 0 1 0 0 0 0 0 0 177 0 0 1 0 0 4
"134" 134 0.0 1 0 0 0 2 0 59 0 0 4 0 0 0 47 0 0 84 0 0 3
"135" 135 0.0183486238532 0 0 0 0 0 0 0 0 0 0 0 0 0 0 0 0 0 0 0 200
"136" 136 0.0 0 0 95 0 0 0 0 0 105 0 0 0 0 0 0 0 0 0 0 0
"137" 137 0.0459770114943 0 0 0 0 0 0 3 0 0 0 0 0 0 0 0 0 197 0 0 0
"138" 138 0.441025641026 0 2 0 192 1 0 0 0 0 0 0 0 2 0 0 0 0 3 0 0
"139" 139 0.138364779874 0 0 0 0 0 0 0 200 0 0 0 0 0 0 0 0 0 0 0 0
"140" 140 0.0480769230769 0 0 0 0 0 0 0 0 0 0 0 200 0 0 0 0 0 0 0 0
"141" 141 0.464435146444 0 0 0 0 0 0 0 0 0 195 0 0 0 0 0 0 0 0 5 0
"142" 142 0.519230769231 0 0 0 0 0 0 0 0 0 0 0 200 0 0 0 0 0 0 0 0
"143" 143 0.586538461538 0 0 0 0 0 0 0 0 0 0 1 199 0 0 0 0 0 0 0 0
"144" 144 0.210762331839 0 0 0 0 200 0 0 0 0 0 0 0 0 0 0 0 0 0 0 0
"145" 145 0.651162790698 0 2 67 1 7 84 0 1 5 0 24 1 2 0 3 0 0 3 0 0
"146" 146 0.167364016736 0 0 0 0 0 0 0 0 0 173 0 0 0 7 0 0 0 0 20 0
"147" 147 0.187817258883 0 1 0 0 0 0 171 0 1 0 0 0 0 21 0 0 2 2 0 2
"148" 148 0.427672955975 0 12 6 4 4 4 0 94 5 0 5 3 13 1 2 0 0 41 2 0
"149" 149 0.513392857143 2 6 59 16 8 1 2 5 7 0 30 13 5 0 2 0 0 27 17 0
"150" 150 0.0253164556962 15 0 22 1 28 0 1 0 46 0 15 2 0 1 0 0 39 1 0 29
"151" 151 0.119402985075 1 3 4 0 0 1 14 0 14 1 6 1 0 95 1 0 38 1 16 4
"152" 152 0.611607142857 0 35 8 11 7 19 0 33 5 0 15 5 1 1 13 0 1 46 0 0
"153" 153 0.0970464135021 0 0 1 2 1 187 0 0 2 0 0 0 0 0 7 0 0 0 0 0
"154" 154 0.0 0 0 1 0 0 0 128 0 3 0 0 0 0 10 0 0 57 0 0 1
"155" 155 0.356589147287 0 1 12 1 8 28 0 0 7 0 35 0 2 0 80 1 2 23 0 0
"156" 156 0.296511627907 0 13 3 6 30 11 2 0 14 1 25 3 0 1 37 0 2 46 2 4
"157" 157 0.0 1 0 0 0 0 0 19 0 2 2 12 0 0 131 0 0 33 0 0 0
"158" 158 0.147286821705 0 5 8 5 0 59 0 0 0 0 20 0 9 0 90 0 3 1 0 0
"159" 159 0.510548523207 0 6 13 10 23 41 0 0 3 0 49 4 3 0 17 0 0 30 0 0
"160" 160 0.13829787234 0 0 0 0 0 2 21 0 5 0 1 0 1 49 10 11 1 0 8 90
"161" 161 0.222627737226 8 0 4 0 0 16 80 0 4 1 18 0 0 22 29 0 15 0 0 1
"162" 162 0.683937823834 1 58 4 13 14 13 1 0 13 0 4 2 1 5 6 0 1 29 0 2
"163" 163 0.46875 0 11 11 0 16 10 0 0 3 2 28 1 2 1 14 0 0 66 0 1
"164" 164 0.337552742616 1 1 12 8 13 28 2 0 10 2 12 25 9 9 43 0 3 7 6 5
"165" 165 0.692307692308 1 22 2 35 4 5 0 1 1 0 1 113 4 0 2 0 0 4 0 0
"166" 166 0.228855721393 2 0 9 1 1 8 2 11 2 2 10 1 0 84 48 1 6 0 8 1
"167" 167 0.761589403974 1 50 27 18 7 10 0 34 10 0 12 4 5 0 6 0 1 13 0 1
"168" 168 0.0334728033473 7 0 1 0 0 0 63 7 23 30 12 0 0 18 0 0 28 0 8 2
"169" 169 0.176165803109 0 56 0 2 3 2 8 1 2 0 4 1 15 25 18 10 6 42 1 3
"170" 170 0.0 0 0 0 0 0 0 160 0 0 0 0 0 0 38 0 0 2 0 0 0
"171" 171 0.0 0 0 3 0 29 0 0 0 1 0 3 2 0 0 0 0 0 161 0 1
"172" 172 0.0 0 0 0 0 0 0 41 0 1 0 0 0 0 2 0 0 156 0 0 0
"173" 173 0.0829015544041 0 200 0 0 0 0 0 0 0 0 0 0 0 0 0 0 0 0 0 0
"174" 174 0.0673076923077 0 0 0 0 0 0 0 0 0 0 0 200 0 0 0 0 0 0 0 0
"175" 175 0.259615384615 0 0 0 0 0 0 0 0 0 0 0 200 0 0 0 0 0 0 0 0
"176" 176 0.0344827586207 0 0 0 0 0 0 90 0 0 0 0 0 0 3 0 0 105 0 0 2
"177" 177 0.20725388601 0 28 9 76 1 18 0 0 50 0 4 7 3 0 0 0 2 0 2 0
"178" 178 0.312820512821 0 21 7 9 2 6 3 53 6 2 35 2 1 18 6 0 10 19 0 0
"179" 179 0.704641350211 0 33 14 6 16 29 0 0 9 1 17 1 3 1 2 0 4 64 0 0
"180" 180 0.139534883721 0 0 1 74 0 0 0 0 123 0 0 0 0 0 0 0 2 0 0 0
"181" 181 0.0 0 0 3 1 0 0 54 0 3 0 107 3 0 5 0 0 23 0 0 1
"182" 182 0.310218978102 0 1 7 3 7 48 2 40 2 0 30 18 3 0 17 3 6 9 4 0
"183" 183 0.325581395349 0 14 9 0 23 18 4 3 3 0 25 1 3 39 17 1 8 31 1 0
"184" 184 0.0 47 0 0 0 0 0 21 0 1 0 28 0 0 24 0 0 77 0 0 2
"185" 185 0.365019011407 1 0 4 0 0 13 32 0 9 0 45 0 0 9 5 1 66 0 9 6
"186" 186 0.575892857143 0 31 4 9 16 17 0 0 2 0 34 3 2 2 9 0 0 71 0 0
"187" 187 0.15503875969 9 1 5 3 1 1 0 0 0 0 178 0 1 0 0 0 1 0 0 0
"188" 188 0.201923076923 0 0 0 0 0 0 0 0 0 0 0 200 0 0 0 0 0 0 0 0
"189" 189 0.015503875969 3 0 0 0 0 0 0 0 3 0 185 3 0 0 0 0 6 0 0 0
"190" 190 0.102564102564 0 80 4 81 1 0 0 0 27 0 1 1 0 0 2 0 0 3 0 0
"191" 191 0.0 1 0 3 0 0 0 23 0 7 1 22 0 0 5 0 2 129 0 0 7
"192" 192 0.0 2 0 0 0 0 0 25 0 0 44 8 0 0 115 0 0 4 0 0 2
"193" 193 0.0 0 0 0 0 0 0 3 0 0 0 0 0 0 0 0 0 197 0 0 0
"194" 194 0.015503875969 1 0 6 0 0 0 0 0 7 0 183 0 0 0 0 0 2 0 0 1
"195" 195 0.163461538462 0 0 0 0 0 0 0 0 0 0 0 200 0 0 0 0 0 0 0 0
"196" 196 0.390728476821 0 0 177 6 0 0 0 0 16 0 1 0 0 0 0 0 0 0 0 0
"197" 197 0.0760456273764 0 0 6 0 0 0 0 0 3 8 136 5 1 0 0 0 1 0 40 0
"198" 198 0.0 0 0 1 0 0 0 43 0 8 11 1 0 0 8 0 0 128 0 0 0
"199" 199 0.100418410042 0 0 0 0 0 0 0 0 0 171 0 0 0 0 0 0 0 0 29 0
"200" 200 0.666666666667 0 4 6 33 3 81 0 0 1 0 5 44 1 0 14 0 0 3 0 0
"201" 201 0.139534883721 2 3 30 6 15 14 0 1 8 0 39 39 4 0 1 0 0 8 0 0
"202" 202 0.774834437086 0 22 12 6 5 8 0 27 8 0 10 46 0 0 3 0 3 31 0 0
"203" 203 0.40932642487 1 108 13 23 2 2 0 7 4 0 1 2 0 1 0 0 1 6 0 0
"204" 204 0.0149253731343 0 0 0 0 2 2 23 34 1 0 3 1 0 8 19 1 21 0 52 2
"205" 205 0.298850574713 1 5 7 2 5 20 5 6 12 0 54 11 0 0 6 0 10 18 2 1
"206" 206 0.377483443709 0 6 12 2 16 26 1 0 7 1 46 8 1 2 6 0 2 30 0 0
"207" 207 0.139013452915 1 1 2 41 8 2 4 2 29 1 52 2 0 0 9 0 6 2 0 3
"208" 208 0.0 0 0 0 0 1 0 112 0 3 0 4 0 0 7 0 0 35 0 0 3
"209" 209 0.399103139013 0 9 7 8 20 29 0 1 8 0 41 0 1 1 21 0 0 17 1 0
"210" 210 0.244186046512 0 8 12 8 9 12 3 0 12 0 42 9 0 10 11 0 5 21 0 2
"211" 211 0.0 0 0 0 0 0 0 34 0 0 8 1 0 0 113 0 0 1 0 0 7
"212" 212 0.175182481752 0 1 0 1 2 53 0 0 0 1 1 1 0 5 93 0 0 1 0 1
"213" 213 0.56976744186 0 9 9 13 6 12 0 1 14 0 17 5 0 0 1 0 3 24 1 0
"214" 214 0.201550387597 0 0 15 1 4 1 3 0 0 0 62 2 0 7 0 0 4 3 0 2
"215" 215 0.0348258706468 0 1 0 0 0 0 4 0 2 1 6 1 0 26 0 0 13 0 0 3
"216" 216 0.851282051282 0 3 1 17 2 3 0 0 1 0 0 0 1 0 0 0 0 0 0 0
