"site" "RSA" "aa1" "aa2" "aa3" "aa4" "aa5" "aa6" "aa7" "aa8" "aa9" "aa10" "aa11" "aa12" "aa13" "aa14" "aa15" "aa16" "aa17" "aa18" "aa19" "aa20"
"0" 0 0.816513761468 0 11 35 5 34 173 12 4 79 0 16 40 0 0 40 2 9 25 0 15
"1" 1 0.384105960265 0 138 37 38 11 37 0 0 8 1 70 28 1 33 14 3 1 50 1 29
"2" 2 0.312820512821 0 13 152 25 6 36 0 0 151 0 29 25 2 2 25 3 0 5 0 26
"3" 3 0.0 0 0 0 0 0 0 0 0 50 0 1 1 0 0 0 0 448 0 0 0
"4" 4 0.121338912134 0 0 0 0 0 0 0 0 0 210 0 0 1 0 0 8 0 0 281 0
"5" 5 0.0 0 1 0 0 13 0 0 0 0 427 9 0 2 3 0 0 0 41 0 4
"6" 6 0.238341968912 0 136 5 36 20 46 1 0 3 17 14 2 14 107 38 4 17 14 10 16
"7" 7 0.0152284263959 0 0 0 0 0 0 438 0 0 0 0 0 0 0 0 0 62 0 0 0
"8" 8 0.0988372093023 0 0 1 2 58 114 1 0 23 6 6 1 16 0 14 0 210 30 4 14
"9" 9 0.320675105485 0 9 13 19 54 172 1 0 28 2 15 0 10 13 72 1 2 29 2 58
"10" 10 0.589743589744 0 154 1 316 5 5 0 0 0 0 0 2 0 1 13 0 0 2 0 1
"11" 11 0.576923076923 0 0 0 0 0 0 0 0 0 0 0 500 0 0 0 0 0 0 0 0
"12" 12 0.434108527132 0 13 28 60 58 47 19 0 24 11 22 5 12 36 24 5 48 44 31 13
"13" 13 0.74213836478 0 11 7 4 8 30 6 268 42 0 6 0 2 34 4 0 26 49 0 3
"14" 14 0.278606965174 0 0 0 0 14 1 0 0 3 0 18 4 0 456 0 0 0 3 0 1
"15" 15 0.269230769231 0 0 0 0 0 0 0 0 0 0 0 500 0 0 0 0 0 0 0 0
"16" 16 0.290697674419 0 1 1 1 26 22 123 0 33 3 7 0 0 1 24 0 164 37 2 55
"17" 17 0.0 0 0 0 0 0 0 467 0 0 0 0 0 0 0 0 0 33 0 0 0
"18" 18 0.354430379747 0 1 1 6 42 187 24 0 3 30 8 5 4 0 45 0 41 34 36 33
"19" 19 0.0 0 0 0 0 0 0 0 0 0 489 10 1 0 0 0 0 0 0 0 0
"20" 20 0.354430379747 0 1 18 0 49 45 4 0 1 33 17 3 12 43 24 3 5 160 58 24
"21" 21 0.0696517412935 0 0 0 0 0 0 0 0 0 0 0 0 0 500 0 0 0 0 0 0
"22" 22 0.196652719665 0 13 1 13 32 12 1 0 0 137 24 2 56 6 4 20 0 13 133 33
"23" 23 0.0984455958549 0 448 1 0 0 0 0 0 0 49 0 0 1 0 0 0 1 0 0 0
"24" 24 0.875647668394 0 201 43 51 18 43 0 0 23 0 25 10 1 16 12 1 1 45 0 10
"25" 25 0.183908045977 0 21 1 4 14 38 84 0 25 12 9 4 18 0 7 2 168 14 79 0
"26" 26 0.0 0 1 1 63 0 0 0 0 27 0 69 0 195 0 0 0 144 0 0 0
"27" 27 0.396226415094 0 1 99 2 4 21 6 241 0 0 53 39 2 0 8 5 3 11 3 2
"28" 28 0.573839662447 0 53 14 64 34 59 13 0 50 2 23 21 10 29 28 0 32 43 3 22
"29" 29 0.0 0 0 33 0 0 0 0 0 428 0 29 7 0 0 0 0 3 0 0 0
"30" 30 0.0 0 0 13 0 0 0 0 0 0 0 479 8 0 0 0 0 0 0 0 0
"31" 31 0.279069767442 0 6 41 15 26 66 0 0 47 0 134 16 1 18 40 1 0 80 1 8
"32" 32 0.0 0 94 5 224 0 0 22 0 87 0 36 0 0 0 0 0 31 0 0 1
"33" 33 0.0 0 0 0 0 0 0 0 0 0 471 0 0 0 0 0 0 0 0 29 0
"34" 34 0.0912408759124 0 0 0 1 2 7 0 0 0 1 10 2 0 1 458 0 0 6 0 12
"35" 35 0.031007751938 0 37 20 16 33 46 3 0 10 3 83 9 7 77 43 11 4 63 12 23
"36" 36 0.00497512437811 0 0 0 1 0 0 0 0 0 0 0 0 0 499 0 0 0 0 0 0
"37" 37 0.0126582278481 500 0 0 0 0 0 0 0 0 0 0 0 0 0 0 0 0 0 0 0
"38" 38 0.302325581395 0 36 21 27 25 29 4 0 27 0 49 2 1 82 107 0 8 35 0 47
"39" 39 0.278846153846 0 0 0 0 0 0 0 0 0 0 0 500 0 0 0 0 0 0 0 0
"40" 40 0.589285714286 0 130 75 36 15 38 8 0 14 0 53 17 1 23 18 1 26 29 2 14
"41" 41 0.485232067511 0 3 4 1 128 157 0 0 21 2 18 5 4 0 12 3 0 46 0 96
"42" 42 0.701923076923 0 0 0 0 0 0 0 0 0 0 0 500 0 0 0 0 0 0 0 0
"43" 43 0.238493723849 0 0 0 1 0 0 0 0 0 454 1 0 5 0 2 3 0 0 34 0
"44" 44 0.105769230769 0 0 0 0 0 0 0 0 0 0 0 500 0 0 0 0 0 0 0 0
"45" 45 0.0 0 0 0 0 0 0 0 0 0 91 0 0 0 1 0 0 0 0 408 0
"46" 46 0.511627906977 0 0 29 4 62 189 0 0 5 0 28 1 6 1 23 0 2 124 0 26
"47" 47 0.336538461538 0 0 0 0 0 0 0 0 0 0 0 500 0 0 0 0 0 0 0 0
"48" 48 0.046357615894 0 0 358 0 0 0 0 0 1 0 98 43 0 0 0 0 0 0 0 0
"49" 49 0.191387559809 0 5 26 13 6 18 2 0 18 0 8 5 307 5 41 0 7 2 0 37
"50" 50 0.0 0 0 0 0 0 0 0 0 0 392 1 0 1 0 0 0 0 0 104 2
"51" 51 0.11961722488 0 0 2 0 0 0 0 0 0 362 2 0 67 0 0 19 0 0 48 0
"52" 52 0.361313868613 0 6 21 15 56 73 1 0 5 0 10 0 0 2 118 0 1 125 1 66
"53" 53 0.00574712643678 0 0 1 0 0 0 18 0 2 0 0 0 0 0 0 0 479 0 0 0
"54" 54 0.121827411168 0 1 1 2 9 15 213 0 3 0 1 0 0 0 47 0 136 69 0 3
"55" 55 0.301886792453 0 0 1 0 0 1 0 494 0 0 2 0 0 0 0 0 0 2 0 0
"56" 56 0.663212435233 0 40 2 164 5 21 0 0 0 3 2 228 8 7 6 1 0 3 6 4
"57" 57 0.192468619247 0 0 79 40 9 4 1 0 0 72 93 8 24 7 11 2 1 32 73 44
"58" 58 0.0137614678899 0 0 13 1 0 0 0 0 0 194 119 12 103 0 0 15 0 1 42 0
"59" 59 0.0 0 0 0 1 0 0 1 0 0 0 20 0 0 476 0 0 2 0 0 0
"60" 60 0.139013452915 0 0 16 1 78 24 5 0 39 0 26 0 0 0 72 0 3 113 0 123
"61" 61 0.0 0 0 0 0 0 0 0 0 0 0 0 500 0 0 0 0 0 0 0 0
"62" 62 0.0 0 0 0 0 0 0 0 0 0 0 0 500 0 0 0 0 0 0 0 0
"63" 63 0.0103626943005 0 500 0 0 0 0 0 0 0 0 0 0 0 0 0 0 0 0 0 0
"64" 64 0.188284518828 0 1 4 2 0 0 0 0 0 237 1 4 70 0 0 95 0 0 86 0
"65" 65 0.488372093023 0 20 90 3 12 11 1 0 180 0 3 1 1 137 19 0 4 14 0 4
"66" 66 0.364341085271 0 3 4 27 39 119 0 0 4 0 23 5 38 0 226 0 0 10 0 2
"67" 67 0.201923076923 0 2 0 15 1 1 0 0 0 7 0 450 8 1 0 0 0 1 14 0
"68" 68 0.502564102564 0 321 1 172 0 3 0 0 0 0 0 0 0 0 1 0 0 2 0 0
"69" 69 0.298076923077 0 0 0 0 0 0 0 0 0 0 0 500 0 0 0 0 0 0 0 0
"70" 70 0.651162790698 0 12 102 33 21 14 0 0 207 1 1 3 3 7 68 0 0 16 1 11
"71" 71 0.173076923077 0 0 0 0 0 0 0 0 0 0 0 500 0 0 0 0 0 0 0 0
"72" 72 0.182692307692 0 0 0 0 0 0 0 0 0 0 0 500 0 0 0 0 0 0 0 0
"73" 73 0.35864978903 0 0 65 1 29 115 0 0 14 0 152 7 1 0 75 0 0 9 0 32
"74" 74 0.0198675496689 0 0 492 0 0 0 0 0 0 0 4 4 0 0 0 0 0 0 0 0
"75" 75 0.203045685279 0 0 21 3 0 0 160 0 244 0 6 0 0 0 0 0 66 0 0 0
"76" 76 0.406844106464 0 9 38 22 16 8 0 0 163 59 4 2 26 45 4 0 0 6 91 7
"77" 77 0.355769230769 0 0 0 0 0 0 0 0 0 0 0 500 0 0 0 0 0 0 0 0
"78" 78 0.573643410853 0 68 16 26 31 60 17 71 41 0 32 9 3 21 10 2 23 63 3 4
"79" 79 0.514767932489 0 1 30 3 8 18 1 0 0 116 11 1 18 3 31 8 4 4 238 5
"80" 80 0.100418410042 0 0 8 0 2 0 1 0 19 457 3 0 0 0 2 0 0 0 0 8
"81" 81 0.449612403101 0 18 69 8 27 83 3 0 78 1 52 22 4 0 28 1 9 59 4 34
"82" 82 0.124352331606 0 342 61 11 2 0 0 0 1 0 77 1 0 0 2 0 1 0 0 2
"83" 83 0.236607142857 0 0 1 0 2 3 0 0 2 3 0 0 1 0 0 0 6 482 0 0
"84" 84 0.235897435897 0 16 42 231 1 4 0 0 11 0 98 79 0 0 2 0 0 0 0 16
"85" 85 0.334728033473 0 0 1 3 0 0 0 0 3 369 0 0 21 0 0 0 0 0 102 1
"86" 86 0.587443946188 0 47 17 49 62 58 33 0 15 1 50 3 5 35 39 5 24 27 7 23
"87" 87 0.218905472637 0 4 2 10 20 3 4 0 0 0 4 0 0 414 9 2 1 5 0 22
"88" 88 0.552742616034 0 2 30 18 27 97 0 0 47 0 11 76 5 0 171 0 1 9 0 6
"89" 89 0.0 0 0 0 0 0 0 0 0 0 0 0 0 500 0 0 0 0 0 0 0
"90" 90 0.420512820513 0 143 49 126 11 29 3 0 5 0 35 55 11 7 8 0 5 6 1 6
"91" 91 0.324894514768 0 1 23 0 51 74 2 0 34 0 51 9 0 1 129 0 0 69 0 56
"92" 92 0.37106918239 0 1 35 0 0 4 0 397 0 0 37 11 0 0 2 0 0 11 1 1
"93" 93 0.0192307692308 0 0 0 0 0 0 0 0 0 0 0 500 0 0 0 0 0 0 0 0
"94" 94 0.0199004975124 0 0 2 0 2 0 2 0 0 1 0 0 1 485 2 0 0 0 0 5
"95" 95 0.0 0 0 0 0 0 0 0 0 0 5 1 0 0 488 0 0 1 0 5 0
"96" 96 0.0 0 0 420 0 0 0 0 0 1 1 74 1 0 0 0 2 0 0 1 0
"97" 97 0.0 0 0 20 0 1 0 0 0 0 4 11 2 6 26 0 2 1 0 0 427
"98" 98 0.062015503876 0 1 131 1 1 3 0 0 0 3 280 27 12 1 5 7 0 0 13 15
"99" 99 0.225641025641 0 0 1 497 0 0 0 0 0 0 2 0 0 0 0 0 0 0 0 0
"100" 100 0.635658914729 0 25 16 141 34 38 0 0 28 0 27 10 47 69 16 0 0 20 0 29
"101" 101 0.240384615385 0 0 0 0 0 0 0 0 0 0 0 500 0 0 0 0 0 0 0 0
"102" 102 0.654088050314 0 11 23 4 12 20 0 335 15 2 27 3 1 7 6 0 2 27 2 3
"103" 103 0.476923076923 0 75 1 182 0 0 0 0 0 0 0 6 232 0 1 0 0 3 0 0
"104" 104 0.156976744186 0 0 20 41 84 23 0 0 148 0 6 0 10 0 148 0 0 4 0 16
"105" 105 0.0 0 6 1 359 1 0 6 0 0 1 18 0 47 60 0 0 1 0 0 0
"106" 106 0.0961538461538 0 0 315 0 0 0 0 0 0 0 8 177 0 0 0 0 0 0 0 0
"107" 107 0.00662251655629 0 0 243 0 0 0 0 0 0 0 245 12 0 0 0 0 0 0 0 0
"108" 108 0.103139013453 0 1 15 11 379 5 4 0 2 0 25 2 0 0 3 0 2 3 0 48
"109" 109 0.0 0 0 0 0 0 0 0 0 0 484 0 0 4 0 0 0 0 0 12 0
"110" 110 0.0209205020921 0 0 2 0 7 0 0 0 0 474 2 4 0 1 0 0 0 4 0 6
"111" 111 0.0 0 0 0 0 0 0 491 0 0 0 0 0 0 0 0 0 9 0 0 0
"112" 112 0.0 0 0 148 0 0 0 0 0 343 0 8 1 0 0 0 0 0 0 0 0
"113" 113 0.0988372093023 0 0 24 0 0 0 0 0 470 1 3 1 0 0 0 0 1 0 0 0
"114" 114 0.252873563218 0 5 14 0 6 7 0 0 227 0 8 7 0 0 119 0 102 4 0 1
"115" 115 0.390804597701 0 0 5 4 26 75 116 1 33 0 7 1 0 0 16 0 187 22 0 7
"116" 116 0.0 0 0 3 41 49 0 0 0 9 0 24 2 0 331 18 1 0 5 0 17
"117" 117 0.403973509934 0 16 154 18 27 55 0 0 17 4 27 21 13 40 10 39 5 46 4 4
"118" 118 0.535460992908 0 65 79 37 32 46 13 0 34 1 18 22 15 13 12 10 13 71 7 12
"119" 119 0.089552238806 0 11 0 23 31 33 0 0 0 9 6 0 6 331 14 0 0 5 25 6
"120" 120 0.238341968912 0 474 0 22 0 0 3 0 0 0 0 0 0 0 0 0 1 0 0 0
"121" 121 0.413461538462 0 0 0 0 0 0 0 0 0 0 0 500 0 0 0 0 0 0 0 0
"122" 122 0.540084388186 0 4 2 33 44 76 2 0 5 58 8 0 43 51 34 3 8 15 107 7
"123" 123 0.157894736842 0 0 0 3 0 0 0 0 0 0 0 0 497 0 0 0 0 0 0 0
"124" 124 0.0 0 0 1 0 0 0 0 0 6 0 2 0 0 0 0 0 491 0 0 0
"125" 125 0.0172413793103 0 0 0 0 0 0 0 0 4 0 7 0 0 0 0 0 489 0 0 0
"126" 126 0.0 0 0 0 1 0 0 0 0 0 499 0 0 0 0 0 0 0 0 0 0
"127" 127 0.0 0 0 0 0 0 0 0 0 0 0 0 500 0 0 0 0 0 0 0 0
"128" 128 0.205357142857 0 0 11 0 33 25 64 0 12 0 5 1 3 0 162 0 62 111 0 11
"129" 129 0.0862068965517 0 0 0 0 0 0 0 0 11 0 5 0 0 0 0 0 484 0 0 0
"130" 130 0.380710659898 0 0 8 1 28 49 182 0 77 0 12 2 0 0 7 0 105 25 0 4
"131" 131 0.481865284974 0 128 58 29 18 19 0 0 2 2 103 45 15 0 7 0 0 58 6 10
"132" 132 0.0288461538462 0 0 0 0 0 0 0 0 0 0 0 500 0 0 0 0 0 0 0 0
"133" 133 0.238532110092 0 3 97 1 6 8 130 0 4 19 58 11 6 37 7 5 13 21 4 70
"134" 134 0.625641025641 0 98 40 66 38 55 4 0 15 0 48 17 1 33 11 1 10 47 1 15
"135" 135 0.0287356321839 0 1 0 0 0 0 0 0 27 0 8 0 0 0 0 0 464 0 0 0
"136" 136 0.0 0 0 0 0 0 0 5 0 3 0 3 1 0 0 0 0 488 0 0 0
"137" 137 0.544303797468 0 9 5 28 46 103 12 0 3 14 41 5 33 51 39 10 8 36 23 34
"138" 138 0.255813953488 0 25 41 73 3 3 0 0 4 6 177 7 3 1 2 136 0 3 15 1
"139" 139 0.0 0 0 0 0 0 0 494 0 0 0 0 0 0 0 0 0 6 0 0 0
"140" 140 0.129464285714 0 0 0 0 3 0 0 0 0 0 3 1 0 0 0 0 0 485 0 8
"141" 141 0.488372093023 0 30 47 73 33 104 1 0 1 0 55 15 3 49 39 4 0 28 1 17
"142" 142 0.138392857143 0 9 17 48 128 5 0 0 9 4 36 6 3 26 0 1 0 194 10 4
"143" 143 0.0192307692308 0 0 0 0 0 0 0 0 0 0 0 500 0 0 0 0 0 0 0 0
"144" 144 0.165562913907 0 15 452 4 0 0 0 0 0 0 15 6 8 0 0 0 0 0 0 0
"145" 145 0.721153846154 0 98 43 48 27 37 10 71 19 0 47 17 0 20 13 3 7 27 4 9
"146" 146 0.562913907285 0 67 131 66 24 30 0 0 54 1 24 12 2 32 10 0 1 34 1 11
"147" 147 0.0192307692308 0 0 0 0 0 0 0 0 0 0 0 500 0 0 0 0 0 0 0 0
"148" 148 0.64135021097 0 21 38 13 67 75 41 0 25 8 20 5 9 19 12 2 66 44 31 4
"149" 149 0.188679245283 0 0 156 2 1 0 0 310 7 0 19 2 0 0 0 0 3 0 0 0
"150" 150 0.700729927007 0 5 10 71 131 126 0 0 21 0 10 7 1 58 23 3 0 19 0 15
"151" 151 0.0993377483444 0 5 309 12 0 0 0 0 3 0 102 37 27 0 2 0 0 0 2 1
"152" 152 0.368613138686 0 42 8 39 13 23 15 0 11 1 6 3 6 25 240 1 32 31 3 1
"153" 153 0.0 0 0 0 0 1 0 360 0 2 2 0 0 0 0 0 2 133 0 0 0
"154" 154 0.236607142857 0 0 1 0 103 25 22 0 5 1 6 0 0 0 41 0 32 230 1 33
"155" 155 0.0 0 1 0 2 0 0 476 0 0 0 0 1 0 0 0 0 18 0 0 2
"156" 156 0.356589147287 0 6 32 0 29 48 0 0 1 5 255 23 8 8 35 2 0 29 8 11
"157" 157 0.523206751055 0 6 44 3 99 37 1 0 2 3 64 10 6 2 152 1 0 45 6 19
"158" 158 0.107594936709 500 0 0 0 0 0 0 0 0 0 0 0 0 0 0 0 0 0 0 0
"159" 159 0.0769230769231 0 0 0 0 0 0 0 0 0 0 0 500 0 0 0 0 0 0 0 0
"160" 160 0.367816091954 0 6 102 1 5 6 6 0 176 1 108 25 0 0 21 0 18 16 0 9
"161" 161 0.645569620253 500 0 0 0 0 0 0 0 0 0 0 0 0 0 0 0 0 0 0 0
