"site" "RSA" "aa1" "aa2" "aa3" "aa4" "aa5" "aa6" "aa7" "aa8" "aa9" "aa10" "aa11" "aa12" "aa13" "aa14" "aa15" "aa16" "aa17" "aa18" "aa19" "aa20"
"0" 0 0.842767295597 0 0 11 0 38 140 21 0 103 5 4 8 2 4 60 0 51 48 0 5
"1" 1 0.122093023256 0 0 13 6 29 0 1 0 184 0 32 0 0 0 2 0 20 7 0 206
"2" 2 0.360465116279 0 1 30 0 1 5 0 0 459 0 0 0 0 0 1 0 0 1 0 2
"3" 3 0.147208121827 0 1 6 0 4 0 127 0 20 0 49 1 0 83 0 0 201 4 0 4
"4" 4 0.556291390728 0 116 85 52 24 39 2 0 18 0 32 6 1 10 8 1 3 97 0 6
"5" 5 0.223880597015 0 65 6 11 51 5 2 0 106 1 52 6 1 123 5 0 8 47 0 11
"6" 6 0.00995024875622 0 0 0 0 0 0 0 0 1 0 1 0 0 497 0 0 0 1 0 0
"7" 7 0.322869955157 0 0 1 2 118 169 31 0 11 2 38 4 4 32 30 1 2 32 9 14
"8" 8 0.409282700422 0 24 10 58 36 108 17 0 7 1 65 1 0 15 30 0 0 119 4 5
"9" 9 0.197718631179 0 0 1 29 0 49 0 0 0 48 22 0 24 1 10 2 0 0 271 43
"10" 10 0.101265822785 0 0 0 0 0 489 0 0 0 0 3 0 0 0 8 0 0 0 0 0
"11" 11 0.632286995516 0 10 5 46 46 171 17 0 1 0 28 0 3 60 46 10 2 39 2 14
"12" 12 0.34375 0 36 3 67 78 101 0 0 0 0 10 2 1 93 68 0 0 16 0 25
"13" 13 0.742616033755 0 33 0 345 10 39 0 0 0 0 1 18 33 2 9 0 0 3 7 0
"14" 14 0.286919831224 0 21 3 10 27 18 278 0 3 3 4 0 11 46 6 1 54 10 3 2
"15" 15 0.266423357664 0 0 13 5 62 10 1 0 28 0 38 1 5 1 266 6 5 36 0 23
"16" 16 0.0627615062762 0 0 0 0 0 0 0 0 0 470 0 0 0 0 0 0 0 0 30 0
"17" 17 0.100775193798 0 0 1 0 0 0 0 0 0 2 495 1 0 0 0 0 0 0 1 0
"18" 18 0.0174418604651 0 0 18 0 0 0 0 0 450 0 31 1 0 0 0 0 0 0 0 0
"19" 19 0.00507614213198 0 0 0 0 0 0 483 0 1 0 0 0 0 0 0 0 2 0 0 14
"20" 20 0.0174418604651 0 0 117 0 0 0 0 0 376 0 6 0 0 0 0 0 0 1 0 0
"21" 21 0.0 0 0 48 0 0 0 0 0 0 0 450 2 0 0 0 0 0 0 0 0
"22" 22 0.0114068441065 0 0 0 0 0 0 0 0 0 341 0 0 0 0 0 2 0 0 157 0
"23" 23 0.274611398964 0 105 2 249 2 0 0 0 137 0 0 1 0 0 1 0 0 0 0 3
"24" 24 0.441064638783 0 0 2 0 21 28 222 0 9 13 5 0 0 0 13 2 70 61 41 13
"25" 25 0.53642384106 0 99 6 29 14 49 9 0 39 24 42 9 5 10 10 1 22 85 39 8
"26" 26 0.188284518828 0 17 22 12 27 0 0 0 4 0 1 0 0 361 6 12 0 31 2 5
"27" 27 0.0 0 0 2 0 0 0 0 0 0 0 498 0 0 0 0 0 0 0 0 0
"28" 28 0.337552742616 0 0 19 0 14 314 0 0 26 0 53 2 0 9 54 0 0 6 0 3
"29" 29 0.0547263681592 0 0 1 0 30 2 12 0 60 0 15 0 0 359 6 0 0 0 0 15
"30" 30 0.0 0 0 0 0 0 0 0 0 0 493 0 0 0 0 0 0 0 0 7 0
"31" 31 0.217054263566 0 0 16 0 4 1 0 0 0 8 254 6 2 0 107 15 0 4 37 46
"32" 32 0.461139896373 0 381 1 6 16 6 2 0 0 0 15 0 0 15 3 0 0 50 0 5
"33" 33 0.196428571429 0 1 1 8 83 0 0 0 1 0 11 1 0 0 0 0 0 370 0 24
"34" 34 0.317307692308 0 0 0 0 0 0 0 0 0 0 0 500 0 0 0 0 0 0 0 0
"35" 35 0.0149253731343 0 1 0 1 4 0 0 0 0 0 0 0 0 494 0 0 0 0 0 0
"36" 36 0.287179487179 0 2 6 115 21 126 0 0 35 0 5 22 9 80 2 4 0 23 0 50
"37" 37 0.0574712643678 0 0 0 0 0 0 1 0 1 0 0 0 0 0 0 0 498 0 0 0
"38" 38 0.0045871559633 0 0 0 10 1 0 0 0 21 0 18 0 3 0 0 0 1 1 0 445
"39" 39 0.0646766169154 0 0 0 0 0 0 16 0 1 56 0 0 1 14 0 0 408 0 3 1
"40" 40 0.0 0 0 0 0 0 0 0 0 0 0 0 0 0 0 0 0 500 0 0 0
"41" 41 0.00961538461538 0 1 452 0 0 0 0 0 16 0 14 16 0 0 0 0 1 0 0 0
"42" 42 0.0259067357513 0 317 9 0 0 0 0 0 78 0 63 3 0 0 0 0 30 0 0 0
"43" 43 0.158940397351 0 14 180 89 4 0 8 0 30 6 40 2 22 5 5 22 46 5 0 22
"44" 44 0.0 0 0 66 3 0 0 6 0 1 0 267 1 0 145 0 0 9 1 0 1
"45" 45 0.0 0 0 0 0 0 0 0 0 0 0 0 500 0 0 0 0 0 0 0 0
"46" 46 0.325688073394 0 0 1 0 14 17 88 0 47 0 2 0 5 0 142 0 99 15 0 70
"47" 47 0.273255813953 0 2 2 60 39 18 0 0 14 73 4 1 57 0 0 1 0 7 221 1
"48" 48 0.367816091954 0 1 0 0 1 0 3 0 5 3 0 1 1 0 0 0 477 0 8 0
"49" 49 0.27802690583 0 10 0 23 93 15 0 0 0 4 9 1 16 210 5 2 0 91 4 17
"50" 50 0.596153846154 0 0 0 0 0 0 0 0 0 0 0 500 0 0 0 0 0 0 0 0
"51" 51 0.401913875598 0 0 6 5 193 55 0 0 38 17 7 9 37 1 2 1 0 22 90 17
"52" 52 0.725388601036 0 81 46 130 34 26 1 45 50 1 12 13 0 15 10 0 5 18 2 11
"53" 53 0.105960264901 0 19 378 64 0 2 0 0 1 0 8 28 0 0 0 0 0 0 0 0
"54" 54 0.0232558139535 0 11 25 38 4 0 0 0 166 0 12 1 0 0 0 0 223 20 0 0
"55" 55 0.174129353234 0 15 19 23 48 57 53 0 10 1 84 22 18 1 8 0 43 85 0 13
"56" 56 0.37106918239 0 3 2 0 7 1 0 444 0 1 13 4 0 0 0 1 0 2 13 9
"57" 57 0.0229885057471 0 0 0 0 0 0 0 0 5 0 1 0 0 0 0 0 491 0 0 3
"58" 58 0.372093023256 0 0 176 0 73 6 0 0 235 0 0 0 0 4 3 0 0 2 0 1
"59" 59 0.120689655172 0 0 2 0 0 0 0 0 59 0 12 2 0 0 0 1 422 2 0 0
"60" 60 0.53488372093 0 120 13 62 38 49 4 0 20 0 49 10 0 30 8 8 6 75 1 7
"61" 61 0.238341968912 0 361 3 0 4 0 0 0 60 0 20 1 20 0 0 1 20 3 0 7
"62" 62 0.0 0 0 0 3 3 0 282 0 2 0 8 1 2 0 0 0 199 0 0 0
"63" 63 0.131782945736 0 0 2 0 0 1 0 0 0 0 496 0 0 0 1 0 0 0 0 0
"64" 64 0.631178707224 0 5 3 6 5 16 5 0 7 3 6 2 0 8 394 0 0 35 2 3
"65" 65 0.11004784689 0 1 0 2 1 0 0 0 0 4 0 0 414 0 0 72 0 0 1 5
"66" 66 0.0 0 0 1 0 0 0 0 0 379 0 120 0 0 0 0 0 0 0 0 0
"67" 67 0.162790697674 0 0 53 0 6 74 0 0 75 0 70 3 0 26 27 1 0 161 1 3
"68" 68 0.139534883721 0 16 6 25 22 22 0 0 0 3 101 4 0 202 30 50 0 6 8 5
"69" 69 0.0 0 0 0 0 0 0 0 0 0 0 2 0 0 0 0 0 498 0 0 0
"70" 70 0.171532846715 0 0 0 0 0 0 0 0 0 0 0 0 0 0 500 0 0 0 0 0
"71" 71 0.620437956204 0 36 4 14 33 45 53 0 4 0 16 0 0 70 169 1 4 38 1 12
"72" 72 0.0384615384615 0 0 0 0 0 0 0 0 0 0 0 500 0 0 0 0 0 0 0 0
"73" 73 0.0077519379845 0 0 0 0 0 0 0 0 0 0 499 1 0 0 0 0 0 0 0 0
"74" 74 0.51572327044 0 0 1 0 0 0 0 499 0 0 0 0 0 0 0 0 0 0 0 0
"75" 75 0.538461538462 0 91 6 147 41 31 1 0 20 7 2 18 24 10 5 5 5 57 29 1
"76" 76 0.0316455696203 500 0 0 0 0 0 0 0 0 0 0 0 0 0 0 0 0 0 0 0
"77" 77 0.0298507462687 0 0 0 0 0 0 0 0 0 26 0 0 2 452 0 19 0 0 1 0
"78" 78 0.0 0 0 0 0 0 0 0 0 0 0 0 0 0 500 0 0 0 0 0 0
"79" 79 0.0348258706468 0 0 0 0 1 0 328 0 1 0 1 1 0 11 0 0 151 1 0 5
"80" 80 0.0 0 0 87 0 0 0 0 0 13 0 399 0 0 0 0 0 1 0 0 0
"81" 81 0.020725388601 0 491 1 0 0 0 0 0 0 0 5 0 0 0 0 0 0 3 0 0
"82" 82 0.0 0 0 0 0 0 0 0 0 0 0 0 0 0 500 0 0 0 0 0 0
"83" 83 0.0062893081761 0 0 0 0 0 0 0 500 0 0 0 0 0 0 0 0 0 0 0 0
"84" 84 0.380753138075 0 0 10 2 11 227 0 0 16 15 47 0 31 7 37 17 0 4 76 0
"85" 85 0.545871559633 0 73 4 189 0 3 0 0 0 2 2 206 0 6 12 0 0 1 1 1
"86" 86 0.031007751938 0 0 0 0 0 0 0 0 0 0 499 1 0 0 0 0 0 0 0 0
"87" 87 0.041825095057 0 0 0 0 0 0 0 0 0 1 0 0 0 0 0 0 0 0 499 0
"88" 88 0.341085271318 0 14 14 7 108 68 0 0 7 0 84 15 0 15 8 0 3 156 0 1
"89" 89 0.267441860465 0 0 14 0 15 34 0 0 87 53 5 0 4 24 79 0 0 20 157 8
"90" 90 0.0943396226415 0 0 1 0 0 0 0 497 0 0 2 0 0 0 0 0 0 0 0 0
"91" 91 0.544642857143 0 170 14 37 28 34 7 0 32 4 44 7 0 12 13 2 12 78 2 4
"92" 92 0.408071748879 0 48 3 11 33 172 0 0 0 2 35 0 0 135 12 3 0 37 2 7
"93" 93 0.0 0 0 4 0 0 0 0 0 0 0 496 0 0 0 0 0 0 0 0 0
"94" 94 0.192468619247 0 10 13 22 15 47 7 0 31 17 43 7 13 41 72 20 1 98 36 7
"95" 95 0.540178571429 0 38 3 40 36 62 50 0 29 0 32 2 2 17 18 2 56 99 2 12
"96" 96 0.174358974359 0 0 0 484 0 0 0 0 1 0 7 0 8 0 0 0 0 0 0 0
"97" 97 0.0 0 0 0 0 0 0 0 0 0 0 500 0 0 0 0 0 0 0 0 0
"98" 98 0.162790697674 0 2 40 1 14 154 0 0 15 0 167 4 0 14 69 0 0 15 0 5
"99" 99 0.267441860465 0 1 4 13 26 37 190 0 73 0 35 4 1 21 32 1 0 38 0 24
"100" 100 0.0 0 0 5 1 1 0 0 0 41 0 8 0 0 0 0 0 444 0 0 0
"101" 101 0.197247706422 0 1 1 0 4 13 6 0 1 1 9 0 0 0 0 0 5 0 6 453
"102" 102 0.689781021898 0 150 22 50 14 71 0 0 1 0 28 2 0 46 18 0 0 85 0 13
"103" 103 0.217054263566 0 0 0 0 0 0 0 0 0 0 497 3 0 0 0 0 0 0 0 0
"104" 104 0.134615384615 0 0 0 0 0 0 0 0 0 0 0 500 0 0 0 0 0 0 0 0
"105" 105 0.0387596899225 0 0 5 0 0 0 0 0 0 0 494 1 0 0 0 0 0 0 0 0
"106" 106 0.302564102564 0 498 0 2 0 0 0 0 0 0 0 0 0 0 0 0 0 0 0 0
"107" 107 0.0137614678899 0 0 3 0 0 0 0 0 0 0 111 0 0 0 0 0 0 0 0 386
"108" 108 0.0 0 0 0 0 0 0 4 0 7 0 0 0 0 0 0 0 489 0 0 0
"109" 109 0.0295358649789 0 0 0 1 48 281 0 0 0 0 0 0 0 0 167 0 0 0 0 3
"110" 110 0.010152284264 0 0 0 0 0 0 415 0 5 0 0 0 0 0 0 0 80 0 0 0
"111" 111 0.0357142857143 0 0 0 0 335 0 1 0 0 0 0 0 0 0 0 0 0 164 0 0
"112" 112 0.115384615385 0 0 0 0 0 0 0 0 0 0 0 500 0 0 0 0 0 0 0 0
"113" 113 0.0769230769231 0 0 0 0 0 0 0 0 0 0 0 500 0 0 0 0 0 0 0 0
"114" 114 0.495535714286 0 0 143 0 11 42 2 0 44 0 176 25 12 0 8 1 3 29 3 1
"115" 115 0.556737588652 0 2 1 1 1 2 0 0 0 0 2 1 0 0 1 280 1 208 0 0
"116" 116 0.00497512437811 0 0 0 0 0 0 0 0 0 0 0 0 0 500 0 0 0 0 0 0
"117" 117 0.195402298851 0 9 16 0 4 7 2 0 0 0 208 10 0 0 51 0 50 17 1 125
"118" 118 0.513392857143 0 28 2 12 15 91 19 13 70 0 8 9 0 41 4 0 21 166 0 1
"119" 119 0.0348837209302 0 0 0 0 1 0 491 0 3 0 1 0 0 0 0 0 4 0 0 0
"120" 120 0.00574712643678 0 0 0 0 0 0 2 0 6 0 1 0 0 0 0 0 491 0 0 0
"121" 121 0.421524663677 0 0 1 0 64 269 20 0 3 0 31 0 0 1 22 0 0 64 0 25
"122" 122 0.178899082569 0 11 0 5 25 29 19 0 2 1 8 0 3 10 39 0 5 333 5 5
"123" 123 0.0 0 0 0 0 0 0 0 0 0 0 0 0 0 499 0 0 0 0 0 1
"124" 124 0.261627906977 0 6 26 7 38 7 0 0 27 9 178 8 11 14 9 8 0 63 31 58
"125" 125 0.633928571429 0 4 8 19 13 341 5 0 6 2 36 3 0 9 14 9 0 27 2 2
"126" 126 0.419708029197 0 44 1 99 65 13 0 0 3 6 6 3 14 7 189 0 0 15 30 5
"127" 127 0.643410852713 0 11 0 200 3 22 0 0 0 2 0 257 1 0 2 0 0 2 0 0
"128" 128 0.0804597701149 0 0 0 0 0 0 466 0 0 8 0 0 0 0 0 0 23 0 3 0
"129" 129 0.182389937107 0 0 0 0 0 0 0 498 0 0 1 0 0 1 0 0 0 0 0 0
"130" 130 0.0 0 0 0 0 0 0 0 0 2 0 0 0 0 0 0 0 498 0 0 0
"131" 131 0.0 500 0 0 0 0 0 0 0 0 0 0 0 0 0 0 0 0 0 0 0
"132" 132 0.0192307692308 0 0 0 0 0 0 0 0 0 0 0 500 0 0 0 0 0 0 0 0
"133" 133 0.0239234449761 0 0 0 2 0 0 0 0 0 0 1 0 497 0 0 0 0 0 0 0
"134" 134 0.0199004975124 0 0 0 0 0 0 0 0 0 0 0 0 0 500 0 0 0 0 0 0
"135" 135 0.0673076923077 0 0 0 0 0 0 0 0 0 0 0 500 0 0 0 0 0 0 0 0
"136" 136 0.0348258706468 0 1 0 4 4 0 0 0 0 0 0 0 0 491 0 0 0 0 0 0
"137" 137 0.0697674418605 0 0 1 160 1 0 0 0 39 0 48 1 0 0 158 0 0 31 0 61
"138" 138 0.100628930818 0 0 2 0 0 1 0 496 0 0 1 0 0 0 0 0 0 0 0 0
"139" 139 0.0627802690583 0 0 1 0 499 0 0 0 0 0 0 0 0 0 0 0 0 0 0 0
"140" 140 0.291390728477 0 221 2 72 46 18 0 0 5 3 5 1 51 10 30 0 0 24 6 6
"141" 141 0.0804597701149 0 2 58 3 10 209 12 0 14 0 62 5 12 0 24 0 34 50 0 5
"142" 142 0.610256410256 0 171 45 43 10 29 1 0 17 0 15 14 5 22 59 0 1 60 3 5
"143" 143 0.705583756345 0 55 5 43 33 110 25 0 13 1 25 2 2 12 25 0 38 100 4 7
"144" 144 0.225941422594 0 6 3 14 9 0 1 0 3 338 5 0 11 49 0 0 0 7 36 18
"145" 145 0.538461538462 0 0 0 0 0 0 0 0 0 0 0 500 0 0 0 0 0 0 0 0
"146" 146 0.153846153846 0 0 0 0 0 0 0 0 0 0 0 500 0 0 0 0 0 0 0 0
"147" 147 0.399239543726 0 0 3 25 2 10 1 0 0 16 3 0 12 283 0 0 0 127 12 6
"148" 148 0.464135021097 0 3 3 8 42 64 1 0 27 62 1 3 23 79 5 3 2 4 166 4
"149" 149 0.183908045977 0 0 2 0 0 0 1 3 94 0 5 0 0 0 0 0 395 0 0 0
"150" 150 0.224215246637 0 0 0 0 496 1 0 0 0 0 0 0 0 0 1 0 0 0 0 2
"151" 151 0.0865384615385 0 0 0 0 0 0 0 0 0 0 0 500 0 0 0 0 0 0 0 0
"152" 152 0.492700729927 0 0 18 2 11 8 16 0 2 0 2 1 2 0 411 0 26 0 0 1
"153" 153 0.471153846154 0 0 0 0 0 0 0 0 0 0 0 500 0 0 0 0 0 0 0 0
"154" 154 0.611398963731 0 170 19 39 26 45 6 0 30 0 39 6 0 18 30 0 9 57 1 5
"155" 155 0.75 0 114 12 9 16 68 25 0 54 1 10 14 3 26 10 0 18 105 10 5
"156" 156 0.317829457364 0 15 2 324 42 37 0 0 0 1 33 0 0 0 10 0 0 21 0 15
"157" 157 0.0288461538462 0 0 19 0 1 6 0 0 0 0 451 20 0 0 3 0 0 0 0 0
"158" 158 0.414507772021 0 116 10 57 28 86 2 0 8 0 27 7 0 65 38 1 0 40 0 15
"159" 159 0.42600896861 0 0 4 2 156 48 3 0 21 0 13 1 1 7 21 1 0 50 0 172
"160" 160 0.109452736318 0 0 0 1 2 0 9 0 0 52 0 0 0 393 0 0 0 3 40 0
"161" 161 0.144278606965 0 0 0 0 1 7 0 0 2 5 7 0 0 458 15 0 0 1 4 0
"162" 162 0.364238410596 0 12 29 52 92 74 0 0 48 1 103 12 3 8 15 9 0 33 4 5
"163" 163 0.0880829015544 0 157 1 29 6 0 0 0 0 43 5 0 13 0 0 109 0 2 134 1
"164" 164 0.0077519379845 0 0 0 0 0 0 0 0 0 0 499 1 0 0 0 0 0 0 0 0
"165" 165 0.348258706468 0 0 4 1 21 7 8 0 1 0 15 0 0 299 15 0 17 31 0 81
"166" 166 0.116279069767 0 86 19 20 27 5 0 0 61 1 231 11 4 6 4 0 0 13 5 7
"167" 167 0.0149253731343 0 0 0 2 0 0 1 0 0 0 0 0 0 497 0 0 0 0 0 0
"168" 168 0.191964285714 0 0 0 0 3 0 0 0 0 0 0 0 0 0 0 0 0 493 0 4
"169" 169 0.674418604651 0 20 19 45 34 163 4 0 1 0 53 5 0 61 31 5 1 32 2 24
"170" 170 0.046511627907 0 0 2 0 0 0 0 0 0 0 497 1 0 0 0 0 0 0 0 0
"171" 171 0.259615384615 0 0 0 0 0 0 0 0 0 0 0 500 0 0 0 0 0 0 0 0
"172" 172 0.031007751938 0 0 24 0 0 0 0 0 0 0 475 1 0 0 0 0 0 0 0 0
"173" 173 0.313901345291 0 1 0 6 304 11 0 0 1 9 2 0 18 75 41 1 0 11 18 2
"174" 174 0.0 0 0 0 0 0 0 0 0 0 0 1 0 0 498 0 0 0 0 0 1
"175" 175 0.0149253731343 0 0 0 0 0 0 0 0 0 0 0 0 0 500 0 0 0 0 0 0
"176" 176 0.0229885057471 0 1 0 0 0 0 1 0 22 0 1 0 102 0 0 0 357 0 0 16
"177" 177 0.0 0 0 0 0 0 0 0 0 0 0 0 0 0 500 0 0 0 0 0 0
"178" 178 0.120535714286 0 0 3 1 243 0 0 0 19 0 1 0 0 0 0 0 3 224 0 6
"179" 179 0.0316455696203 500 0 0 0 0 0 0 0 0 0 0 0 0 0 0 0 0 0 0 0
"180" 180 0.0 0 0 0 0 0 0 0 0 0 0 0 0 0 0 0 0 500 0 0 0
"181" 181 0.0566037735849 0 0 0 0 0 0 0 500 0 0 0 0 0 0 0 0 0 0 0 0
"182" 182 0.0919540229885 0 0 4 0 18 31 18 0 18 0 18 1 0 0 67 0 250 67 0 8
"183" 183 0.441964285714 0 111 9 29 31 37 12 0 41 0 40 8 0 19 59 0 21 78 1 4
"184" 184 0.0497512437811 0 0 0 0 0 0 0 0 0 0 0 0 0 499 0 0 1 0 0 0
"185" 185 0.0 0 0 2 0 0 0 0 0 0 0 498 0 0 0 0 0 0 0 0 0
"186" 186 0.430379746835 0 1 4 2 14 129 2 0 1 0 55 0 4 93 54 22 0 102 13 4
"187" 187 0.357664233577 0 25 6 17 38 137 1 0 1 1 52 1 0 51 128 20 0 16 1 5
"188" 188 0.0 0 0 0 0 0 0 498 0 0 0 0 0 0 0 0 0 2 0 0 0
"189" 189 0.0639534883721 0 0 1 0 44 0 0 0 25 0 224 4 0 0 202 0 0 0 0 0
"190" 190 0.607142857143 0 31 0 23 23 46 6 0 1 0 8 3 0 72 72 0 5 202 0 8
"191" 191 0.364341085271 0 1 27 2 64 32 0 0 8 0 254 15 0 3 18 0 0 37 0 39
"192" 192 0.0298507462687 0 0 0 0 0 0 0 0 0 0 0 0 0 500 0 0 0 0 0 0
"193" 193 0.496124031008 0 14 252 18 10 16 0 0 161 0 4 5 0 5 3 0 0 6 1 5
"194" 194 0.0812182741117 0 0 0 0 1 4 477 0 0 0 2 0 0 0 2 0 13 0 0 1
"195" 195 0.0 0 0 0 0 0 0 0 500 0 0 0 0 0 0 0 0 0 0 0 0
"196" 196 0.0 0 0 0 0 0 0 0 0 0 0 0 0 0 0 0 0 500 0 0 0
"197" 197 0.0152284263959 0 0 0 0 0 0 457 0 0 0 0 0 0 0 0 0 43 0 0 0
"198" 198 0.0 0 0 0 0 0 0 0 0 0 0 1 499 0 0 0 0 0 0 0 0
"199" 199 0.0710659898477 0 0 11 1 11 18 12 0 10 0 3 0 17 0 1 1 1 12 0 402
"200" 200 0.0288461538462 0 0 0 0 0 0 0 0 0 0 0 500 0 0 0 0 0 0 0 0
"201" 201 0.0 0 0 1 0 0 0 0 0 0 0 494 5 0 0 0 0 0 0 0 0
"202" 202 0.0 0 0 0 0 0 0 0 0 0 0 0 500 0 0 0 0 0 0 0 0
"203" 203 0.282051282051 0 10 1 488 0 0 0 0 0 0 1 0 0 0 0 0 0 0 0 0
"204" 204 0.235632183908 0 21 7 2 105 49 0 0 5 1 10 4 0 0 6 0 282 7 0 1
"205" 205 0.0116279069767 0 0 9 0 0 0 0 0 486 0 2 3 0 0 0 0 0 0 0 0
"206" 206 0.0880829015544 0 499 0 0 0 0 0 0 0 0 0 0 1 0 0 0 0 0 0 0
"207" 207 0.0 0 0 0 0 0 0 0 0 0 0 0 500 0 0 0 0 0 0 0 0
"208" 208 0.0134529147982 0 0 4 0 484 0 0 0 3 0 3 0 0 0 0 0 6 0 0 0
"209" 209 0.0659898477157 0 0 0 0 2 0 0 0 0 94 3 0 6 251 1 5 0 107 0 31
"210" 210 0.00497512437811 0 0 0 0 2 0 0 0 1 0 0 0 0 125 0 0 5 0 0 367
"211" 211 0.120689655172 0 87 4 9 0 0 80 0 11 1 1 0 0 0 0 0 307 0 0 0
"212" 212 0.0 0 0 50 0 0 0 0 0 0 0 425 0 0 0 0 0 18 6 0 1
"213" 213 0.129186602871 0 0 1 2 0 0 0 0 0 277 7 0 7 0 1 39 0 0 166 0
"214" 214 0.0880829015544 0 126 0 87 114 0 1 0 25 4 37 1 12 3 1 30 1 55 3 0
"215" 215 0.0077519379845 0 0 3 0 1 0 0 0 8 0 486 0 1 0 0 0 0 1 0 0
"216" 216 0.0418410041841 0 0 0 0 0 0 0 0 0 466 0 0 2 31 0 0 0 0 0 1
"217" 217 0.307692307692 0 0 0 0 0 0 0 0 0 0 0 500 0 0 0 0 0 0 0 0
"218" 218 0.446700507614 0 3 0 0 3 5 2 0 0 1 1 0 0 37 36 401 0 8 1 2
"219" 219 0.313953488372 0 0 86 7 5 6 0 0 43 55 93 2 18 3 7 1 0 4 170 0
"220" 220 0.625 0 2 111 4 68 13 0 60 183 0 7 23 0 10 5 0 1 7 0 6
"221" 221 0.673076923077 0 0 0 0 0 0 0 0 0 0 0 500 0 0 0 0 0 0 0 0
"222" 222 0.928229665072 0 7 17 14 58 37 102 0 62 0 2 0 0 11 10 2 135 31 6 6
"223" 223 0.253807106599 0 1 55 3 4 0 106 111 67 0 21 1 5 3 74 0 36 2 5 6
"224" 224 0.295597484277 0 0 0 1 0 1 0 496 0 0 1 0 0 0 0 0 0 0 0 1
"225" 225 0.476793248945 0 8 0 0 5 263 8 182 5 0 2 1 0 4 15 0 4 1 0 2
"226" 226 0.108786610879 0 0 0 0 19 0 0 0 0 71 0 0 5 0 0 261 0 24 120 0
"227" 227 0.0387596899225 0 0 3 0 0 0 0 0 0 0 494 3 0 0 0 0 0 0 0 0
"228" 228 0.143459915612 0 0 0 0 0 498 0 0 0 0 0 0 0 0 0 0 0 2 0 0
"229" 229 0.25641025641 0 462 0 22 0 0 6 0 1 0 0 0 0 0 1 0 7 1 0 0
"230" 230 0.00418410041841 0 0 0 0 0 0 0 0 0 500 0 0 0 0 0 0 0 0 0 0
"231" 231 0.218905472637 0 0 0 0 2 9 0 0 0 83 5 1 24 150 52 3 0 0 170 1
"232" 232 0.612403100775 0 3 252 3 41 14 0 0 57 0 86 22 0 2 6 0 1 13 0 0
"233" 233 0.651785714286 0 54 15 95 95 27 0 0 36 0 19 10 2 69 14 0 0 55 2 7
"234" 234 0.174418604651 0 0 4 0 3 0 0 0 490 0 0 0 0 0 0 0 0 0 0 3
"235" 235 0.663461538462 0 0 0 0 0 0 0 0 0 0 0 500 0 0 0 0 0 0 0 0
"236" 236 0.419689119171 0 18 29 50 22 18 26 0 170 0 6 2 0 2 57 0 18 67 4 11
"237" 237 0.269035532995 0 1 0 0 8 3 235 0 15 0 1 0 0 21 4 0 154 40 15 3
"238" 238 0.412408759124 0 5 2 0 12 61 2 78 1 0 13 3 0 0 302 0 2 18 0 1
"239" 239 0.116279069767 0 31 8 9 14 59 0 0 0 0 276 5 0 14 27 0 0 54 0 3
"240" 240 0.0 0 0 0 0 0 0 0 0 0 0 499 1 0 0 0 0 0 0 0 0
"241" 241 0.00574712643678 0 0 0 0 0 0 1 0 6 0 1 0 0 0 0 0 492 0 0 0
"242" 242 0.441605839416 0 0 1 18 59 40 2 0 1 1 16 1 1 63 281 4 3 2 1 6
"243" 243 0.22869955157 0 0 1 0 475 2 0 0 1 0 15 0 0 0 5 0 0 0 0 1
"244" 244 0.0114068441065 0 0 0 0 0 0 0 0 0 295 3 0 1 0 0 0 0 0 186 15
"245" 245 0.229357798165 0 0 0 1 4 5 5 0 2 1 3 0 0 2 22 0 47 0 0 408
"246" 246 0.46511627907 0 7 12 11 8 66 1 0 44 5 43 4 4 31 56 9 0 186 12 1
"247" 247 0.142857142857 0 0 0 0 0 0 0 0 0 0 0 0 0 0 0 0 0 500 0 0
"248" 248 0.00574712643678 0 0 0 0 0 0 0 0 2 0 4 0 0 0 0 0 494 0 0 0
"249" 249 0.504464285714 0 0 2 1 80 153 24 0 3 0 63 2 2 3 37 0 8 82 0 40
"250" 250 0.483443708609 0 3 11 16 29 188 0 0 4 0 10 1 0 69 16 0 0 136 0 17
"251" 251 0.0961538461538 0 0 0 0 0 0 0 0 0 0 0 500 0 0 0 0 0 0 0 0
"252" 252 0.505747126437 0 39 2 29 27 119 64 0 12 0 28 1 0 77 27 0 43 19 2 11
"253" 253 0.0114068441065 0 0 0 0 0 0 0 0 0 376 0 0 0 0 0 0 0 0 124 0
"254" 254 0.0188679245283 0 0 0 0 0 0 0 500 0 0 0 0 0 0 0 0 0 0 0 0
"255" 255 0.182692307692 0 0 194 0 0 0 0 0 0 0 0 306 0 0 0 0 0 0 0 0
"256" 256 0.584821428571 0 169 11 35 31 39 2 3 18 1 42 13 1 24 12 2 11 84 0 2
"257" 257 0.669642857143 0 50 72 42 48 28 3 0 12 0 10 5 0 3 3 0 1 218 1 4
"258" 258 0.0717703349282 0 0 0 1 0 3 0 0 0 0 0 0 496 0 0 0 0 0 0 0
"259" 259 0.0331125827815 0 0 169 1 0 0 0 0 0 0 262 68 0 0 0 0 0 0 0 0
"260" 260 0.112970711297 0 0 0 0 0 4 0 0 0 469 0 0 9 0 0 2 0 1 15 0
"261" 261 0.535885167464 0 7 14 11 3 14 3 0 3 62 15 58 34 20 4 63 3 57 128 1
