"site" "RSA" "aa1" "aa2" "aa3" "aa4" "aa5" "aa6" "aa7" "aa8" "aa9" "aa10" "aa11" "aa12" "aa13" "aa14" "aa15" "aa16" "aa17" "aa18" "aa19" "aa20"
"0" 0 0.275229357798 0 0 0 0 0 0 1 0 0 0 0 0 0 9 0 0 0 0 0 33
"1" 1 0.723214285714 0 10 1 1 5 0 0 0 0 0 1 0 1 1 1 0 0 22 0 1
"2" 2 0.317948717949 0 5 4 18 1 10 0 0 1 0 2 0 1 0 7 0 0 0 0 1
"3" 3 0.0836820083682 0 0 0 0 0 0 0 0 0 12 0 0 0 0 0 0 0 0 39 0
"4" 4 0.390134529148 0 3 2 0 25 1 1 0 2 0 0 0 3 2 1 0 2 9 0 0
"5" 5 0.316455696203 0 0 0 0 4 39 0 0 0 0 0 1 0 0 7 0 0 0 0 0
"6" 6 0.402298850575 0 0 0 0 1 0 15 0 1 0 0 0 0 23 0 0 9 0 0 2
"7" 7 0.482142857143 0 1 0 0 0 0 0 0 1 0 0 0 0 2 0 0 0 47 0 0
"8" 8 0.514767932489 0 0 0 0 0 50 0 0 0 0 0 0 0 0 1 0 0 0 0 0
"9" 9 0.395939086294 0 0 0 0 0 0 30 0 0 0 1 0 0 12 0 0 8 0 0 0
"10" 10 0.240384615385 0 0 0 0 0 0 0 0 0 0 0 52 0 0 0 0 0 0 0 0
"11" 11 0.683035714286 0 0 0 0 0 0 0 0 0 0 0 0 0 0 0 0 0 52 0 0
"12" 12 0.336538461538 0 0 0 0 0 0 0 0 0 0 0 52 0 0 0 0 0 0 0 0
"13" 13 1.06976744186 0 0 0 0 0 0 0 0 50 0 1 0 0 1 0 0 0 0 0 0
"14" 14 0.269230769231 0 0 0 0 0 0 0 0 0 0 7 47 0 0 0 0 0 0 0 0
"15" 15 0.14367816092 0 0 0 1 0 2 1 0 11 0 0 0 1 1 0 0 35 2 0 0
"16" 16 0.183908045977 0 0 0 0 0 0 0 0 0 0 0 0 0 0 0 0 54 0 0 0
"17" 17 0.171102661597 0 0 0 0 0 0 0 0 0 13 0 0 0 0 0 0 0 0 41 0
"18" 18 0.240506329114 0 0 0 0 0 53 0 0 0 0 0 0 0 0 2 0 0 0 0 0
"19" 19 0.0 1 0 0 0 0 0 0 0 0 0 35 19 0 0 0 0 0 0 0 0
"20" 20 0.357664233577 0 0 0 0 4 17 4 0 0 0 0 0 0 2 27 0 0 0 0 1
"21" 21 0.0923076923077 1 19 2 25 0 0 0 0 0 0 0 0 4 0 0 0 0 4 0 0
"22" 22 0.455696202532 1 0 2 4 0 18 5 0 6 0 0 1 0 5 12 0 0 0 0 1
"23" 23 0.696517412935 0 2 2 3 7 8 1 0 0 0 2 0 1 10 4 0 3 6 1 0
"24" 24 0.563953488372 0 2 8 2 2 0 0 1 36 0 0 1 2 0 0 0 0 0 1 0
"25" 25 0.432692307692 0 4 1 10 2 2 0 0 0 0 0 31 1 0 1 0 0 1 0 2
"26" 26 0.379464285714 0 1 1 2 7 2 0 0 1 0 1 0 1 1 8 0 0 30 0 0
"27" 27 0.350574712644 0 1 0 0 0 0 27 0 5 0 0 0 0 9 0 0 8 0 0 5
"28" 28 0.0 1 0 0 0 0 0 3 0 0 1 0 0 0 1 0 0 49 0 0 0
"29" 29 0.124031007752 0 0 0 0 0 0 0 0 0 0 55 0 0 0 0 0 0 0 0 0
"30" 30 0.0 0 0 0 0 0 0 2 0 0 0 0 0 0 44 0 0 1 0 0 8
"31" 31 0.177215189873 0 0 0 0 0 55 0 0 0 0 0 0 0 0 0 0 0 0 0 0
"32" 32 0.0759493670886 0 1 0 0 0 35 0 0 0 0 0 0 0 0 13 0 1 5 0 0
"33" 33 0.10152284264 0 0 0 0 0 0 47 0 1 0 0 0 0 0 0 0 7 0 0 0
"34" 34 0.489051094891 0 0 0 0 1 3 0 0 0 0 1 0 3 0 47 0 0 0 0 0
"35" 35 0.139303482587 0 0 0 0 0 0 1 0 0 0 0 0 0 51 0 0 2 0 0 1
"36" 36 0.378238341969 0 20 0 0 0 0 0 0 0 0 0 0 0 0 0 0 0 35 0 0
"37" 37 0.343023255814 1 5 9 5 4 1 0 1 7 0 9 0 3 1 0 0 2 4 0 2
"38" 38 0.723214285714 0 10 0 0 0 0 0 0 0 0 0 0 0 0 0 0 0 42 0 0
"39" 39 0.593023255814 0 33 1 0 0 0 0 0 3 0 0 0 0 0 0 0 0 9 0 1
"40" 40 0.709821428571 0 2 0 0 0 0 0 0 0 0 0 0 0 0 0 0 0 52 0 0
"41" 41 0.288461538462 0 0 0 0 0 0 0 0 0 0 0 54 0 0 0 0 0 0 0 0
"42" 42 0.362068965517 1 0 0 0 0 0 14 0 6 0 1 0 0 0 0 0 32 0 0 0
"43" 43 0.207547169811 0 0 0 0 0 0 0 54 0 0 0 0 0 0 0 0 0 0 0 0
"44" 44 0.569536423841 1 0 49 0 0 0 0 1 0 0 2 1 0 0 0 0 0 0 0 0
"45" 45 0.348837209302 0 0 6 0 0 0 0 0 48 0 0 0 0 0 0 0 0 0 0 0
"46" 46 0.0 0 0 2 0 0 0 0 0 1 0 51 0 0 0 0 0 0 0 0 0
"47" 47 0.482233502538 0 0 0 0 0 0 39 0 0 0 0 0 0 12 0 0 1 0 0 2
"48" 48 0.29197080292 0 0 0 0 0 0 0 0 0 0 0 0 0 0 54 0 0 0 0 0
"49" 49 0.0267857142857 0 0 0 0 0 0 0 0 0 0 0 0 0 0 0 0 0 54 0 0
"50" 50 0.121827411168 0 0 0 0 0 0 50 0 0 0 0 0 0 0 0 0 4 0 0 0
"51" 51 0.403973509934 6 0 47 0 0 0 0 0 1 0 0 0 0 0 0 0 0 0 0 0
"52" 52 0.0597014925373 0 0 0 0 0 0 7 0 0 0 0 0 0 46 0 0 1 0 0 0
"53" 53 0.0398009950249 0 0 0 0 0 0 0 0 0 0 0 0 0 48 0 0 0 0 0 6
"54" 54 0.632911392405 0 0 0 0 0 49 0 0 0 0 0 0 0 1 4 0 0 0 0 0
"55" 55 0.424107142857 0 1 0 0 0 0 0 0 0 0 0 0 0 0 0 0 0 52 0 1
"56" 56 0.0199004975124 0 0 0 0 0 0 1 0 0 0 0 0 0 45 0 0 2 0 0 6
"57" 57 0.594871794872 0 2 3 8 8 16 0 2 2 0 0 0 7 0 5 0 1 0 0 0
"58" 58 0.177033492823 0 5 0 2 0 1 0 0 0 0 0 0 44 0 1 0 0 1 0 0
"59" 59 0.566037735849 0 4 3 1 0 5 0 28 0 0 2 1 0 0 2 0 0 8 0 0
"60" 60 0.0564102564103 0 0 0 53 0 0 0 0 0 1 0 0 0 0 0 0 0 0 0 0
"61" 61 0.010152284264 1 0 0 0 0 0 44 0 0 0 0 0 0 0 0 0 9 0 0 0
"62" 62 0.0287356321839 0 0 0 0 0 0 2 0 0 0 0 0 0 3 0 0 47 0 0 2
"63" 63 0.430379746835 2 3 10 4 2 8 0 0 1 0 2 3 0 0 16 1 0 2 0 0
"64" 64 0.124378109453 0 0 0 0 0 0 0 0 0 0 0 0 0 54 0 0 0 0 0 1
"65" 65 0.268656716418 1 0 2 2 5 4 4 0 0 1 0 0 7 14 4 0 0 2 7 2
"66" 66 0.461139896373 0 40 1 6 0 0 0 0 0 0 1 0 0 0 0 0 0 7 0 0
"67" 67 0.155172413793 2 0 0 0 0 0 12 0 0 0 0 0 0 1 0 0 40 0 0 0
"68" 68 0.147208121827 0 0 0 0 0 0 20 0 0 0 0 0 0 17 0 0 16 1 0 1
"69" 69 0.66985645933 0 0 0 2 3 0 0 0 0 0 0 0 36 1 0 0 0 0 4 9
"70" 70 0.348837209302 1 1 13 3 8 0 0 0 10 0 6 1 1 1 1 0 2 7 0 0
"71" 71 0.723214285714 0 15 1 1 2 1 0 0 0 0 0 0 0 0 0 0 0 35 0 0
"72" 72 0.4 0 0 7 16 1 11 0 0 2 0 2 4 5 0 5 0 1 1 0 0
"73" 73 0.257383966245 2 0 0 1 0 38 0 0 2 0 0 1 0 0 11 0 0 0 0 0
"74" 74 0.0298507462687 0 0 0 0 0 0 0 0 0 0 0 0 0 53 0 0 1 0 0 1
"75" 75 0.0836501901141 0 0 0 0 0 0 2 0 11 0 0 0 1 0 0 0 0 0 36 5
"76" 76 0.0 0 0 0 0 0 0 1 0 0 0 0 0 0 54 0 0 0 0 0 0
"77" 77 0.0172413793103 0 0 0 0 0 0 8 0 0 0 0 0 0 0 0 0 47 0 0 0
"78" 78 0.0836820083682 0 0 0 0 0 0 0 0 0 53 0 0 0 0 0 0 0 0 0 2
"79" 79 0.174107142857 0 1 0 0 0 0 0 0 0 0 0 0 0 0 0 0 0 54 0 0
"80" 80 0.163179916318 0 0 0 0 0 0 0 0 0 32 0 0 3 0 0 0 0 0 20 0
"81" 81 0.0497512437811 6 0 0 0 0 0 0 0 0 0 1 0 0 37 0 0 3 0 0 8
"82" 82 0.377990430622 0 30 4 0 0 0 0 1 6 0 0 0 4 1 0 0 0 8 1 0
"83" 83 0.125560538117 1 0 0 2 15 8 0 0 1 0 0 1 1 9 1 0 1 0 1 14
"84" 84 0.217616580311 0 55 0 0 0 0 0 0 0 0 0 0 0 0 0 0 0 0 0 0
"85" 85 0.0 0 0 0 0 0 0 0 0 0 1 0 0 0 53 0 0 0 0 0 1
"86" 86 0.232067510549 0 0 0 0 0 55 0 0 0 0 0 0 0 0 0 0 0 0 0 0
"87" 87 0.485232067511 0 0 0 0 1 47 0 0 0 0 0 0 0 0 7 0 0 0 0 0
"88" 88 0.0334728033473 0 0 0 0 0 0 1 0 0 11 1 0 4 2 0 1 1 0 34 0
"89" 89 0.0321100917431 0 0 0 0 0 0 4 0 0 6 0 0 0 13 0 0 0 0 0 32
"90" 90 0.492227979275 0 48 0 0 0 0 0 0 0 0 0 0 0 0 0 0 0 7 0 0
"91" 91 0.612403100775 0 0 11 2 0 0 0 1 14 0 9 1 0 0 1 0 1 1 0 0
"92" 92 0.0927152317881 4 1 7 3 1 0 1 1 1 0 0 2 0 5 1 0 3 0 3 0
"93" 93 0.527131782946 0 1 11 2 2 0 0 16 1 0 4 6 0 2 0 0 0 1 0 0
"94" 94 0.880597014925 6 1 1 3 1 7 0 0 1 0 0 2 1 6 1 0 1 4 1 0
"95" 95 0.761627906977 0 4 2 6 3 7 1 0 6 1 2 7 0 2 4 0 3 2 0 0
"96" 96 0.173076923077 0 1 5 1 3 6 0 1 5 0 1 20 3 1 0 0 3 2 0 1
"97" 97 0.0710659898477 0 2 1 2 4 1 4 5 2 0 3 11 1 5 0 0 0 3 2 3
"98" 98 0.51572327044 0 6 0 0 0 3 7 5 0 0 0 0 0 25 0 0 2 0 0 6
"99" 99 0.283582089552 1 14 3 2 1 3 0 4 2 0 3 3 0 6 2 0 0 7 0 2
"100" 100 0.396226415094 0 4 2 1 0 4 0 21 1 0 4 0 2 7 2 0 0 2 0 3
"101" 101 0.0199004975124 0 0 0 1 6 0 6 0 6 0 1 0 0 20 0 0 9 0 0 6
"102" 102 0.0304568527919 1 0 0 0 1 0 20 0 1 0 2 0 0 1 0 0 28 0 0 1
"103" 103 0.0632911392405 0 0 0 0 3 50 0 0 0 0 0 0 0 0 1 0 0 1 0 0
"104" 104 0.0132450331126 0 1 36 2 0 9 1 0 1 0 0 1 1 2 0 0 0 0 0 1
"105" 105 0.0 0 0 0 0 0 0 0 0 0 30 0 0 0 1 0 0 0 0 23 1
"106" 106 0.0 0 0 2 0 0 0 1 0 10 1 0 0 0 24 0 0 3 0 0 14
"107" 107 0.209205020921 1 0 1 1 1 1 0 0 0 12 2 0 5 3 0 0 0 0 27 1
"108" 108 0.0582959641256 0 1 0 0 54 0 0 0 0 0 0 0 0 0 0 0 0 0 0 0
"109" 109 0.0 1 0 0 0 0 0 18 0 0 0 0 0 0 35 0 0 0 0 0 1
"110" 110 0.0 6 0 0 0 0 0 5 0 3 0 0 0 0 37 0 0 3 0 0 1
"111" 111 0.282511210762 0 1 1 5 11 11 0 0 0 0 4 0 0 3 14 0 1 3 0 1
"112" 112 0.0 0 0 0 0 0 0 0 0 0 0 5 50 0 0 0 0 0 0 0 0
"113" 113 0.0 0 0 0 0 0 0 22 0 1 0 1 0 0 21 0 0 10 0 0 0
"114" 114 0.116279069767 2 2 5 4 0 1 0 0 1 0 23 1 0 8 4 0 1 0 3 0
"115" 115 0.209205020921 0 0 0 0 0 0 0 0 0 33 0 0 4 0 0 0 1 0 17 0
"116" 116 0.0 53 0 1 0 0 0 1 0 0 0 0 0 0 0 0 0 0 0 0 0
"117" 117 0.124401913876 0 0 0 0 0 0 0 0 0 0 0 0 55 0 0 0 0 0 0 0
"118" 118 0.576158940397 3 1 22 0 6 4 0 0 0 0 6 3 0 0 2 0 1 7 0 0
"119" 119 0.320574162679 0 0 0 7 2 1 0 0 0 0 0 0 25 0 20 0 0 0 0 0
"120" 120 0.35401459854 0 0 0 5 0 1 0 0 0 0 0 3 1 0 45 0 0 0 0 0
"121" 121 0.0 1 0 0 0 0 0 26 0 0 0 0 0 0 0 0 0 28 0 0 0
"122" 122 0.0 0 0 0 0 0 0 7 0 0 1 0 0 0 42 0 0 2 0 0 3
"123" 123 0.0 0 0 0 0 0 0 0 0 0 0 0 0 55 0 0 0 0 0 0 0
"124" 124 0.0583941605839 0 0 0 0 0 0 0 0 0 0 0 0 0 0 55 0 0 0 0 0
"125" 125 0.0880829015544 0 55 0 0 0 0 0 0 0 0 0 0 0 0 0 0 0 0 0 0
"126" 126 0.0 0 0 0 0 0 0 0 0 0 0 0 0 0 54 0 0 0 0 0 1
"127" 127 0.172995780591 0 0 0 0 0 55 0 0 0 0 0 0 0 0 0 0 0 0 0 0
"128" 128 0.0 0 0 0 0 0 0 0 55 0 0 0 0 0 0 0 0 0 0 0 0
"129" 129 0.309417040359 0 0 0 0 55 0 0 0 0 0 0 0 0 0 0 0 0 0 0 0
"130" 130 0.0717948717949 0 0 0 55 0 0 0 0 0 0 0 0 0 0 0 0 0 0 0 0
"131" 131 0.0 0 0 0 0 0 0 4 0 0 0 0 0 0 51 0 0 0 0 0 0
"132" 132 0.199004975124 0 0 0 0 0 0 0 0 0 0 0 0 0 55 0 0 0 0 0 0
"133" 133 0.0 0 0 0 0 0 0 48 0 0 0 0 0 0 1 0 0 6 0 0 0
"134" 134 0.138461538462 0 22 2 29 1 0 0 0 1 0 0 0 0 0 0 0 0 0 0 0
"135" 135 0.383720930233 0 1 6 3 2 16 0 0 6 0 2 1 1 0 13 0 1 3 0 0
"136" 136 0.571428571429 0 7 5 7 1 12 0 0 2 0 0 0 1 2 4 0 0 14 0 0
"137" 137 0.0 0 2 1 3 0 0 0 0 0 0 0 47 1 0 0 0 0 0 0 1
"138" 138 0.0697674418605 3 2 3 10 2 0 4 0 2 0 12 0 0 4 1 0 2 10 0 0
"139" 139 0.0 1 0 0 0 0 0 21 0 0 0 0 0 0 32 0 0 1 0 0 0
"140" 140 0.10970464135 0 0 0 0 1 54 0 0 0 0 0 0 0 0 0 0 0 0 0 0
"141" 141 0.0 0 0 0 0 0 0 9 0 0 0 0 0 0 43 0 0 3 0 0 0
"142" 142 0.0697674418605 0 0 0 0 0 0 0 0 0 0 50 5 0 0 0 0 0 0 0 0
"143" 143 0.305699481865 0 55 0 0 0 0 0 0 0 0 0 0 0 0 0 0 0 0 0 0
"144" 144 0.00418410041841 0 0 0 0 0 0 0 0 0 53 0 0 0 2 0 0 0 0 0 0
"145" 145 0.105769230769 0 0 0 0 0 0 0 0 0 0 0 55 0 0 0 0 0 0 0 0
"146" 146 0.268656716418 0 0 0 0 0 0 0 0 0 0 0 0 0 55 0 0 0 0 0 0
"147" 147 0.0 0 0 0 0 0 0 0 0 0 0 48 7 0 0 0 0 0 0 0 0
"148" 148 0.197080291971 0 0 0 0 0 0 0 0 0 0 0 0 0 0 55 0 0 0 0 0
"149" 149 0.325581395349 0 0 5 0 0 0 0 0 1 0 49 0 0 0 0 0 0 0 0 0
"150" 150 0.125523012552 0 0 0 0 0 1 2 0 0 51 0 0 0 0 0 0 1 0 0 0
"151" 151 0.269230769231 2 0 3 1 0 0 0 0 1 0 1 46 0 0 1 0 0 0 0 0
"152" 152 0.804597701149 0 0 0 0 0 0 36 2 0 0 0 0 0 2 0 0 15 0 0 0
"153" 153 0.748427672956 0 0 0 0 0 0 0 55 0 0 0 0 0 0 0 0 0 0 0 0
"154" 154 0.16091954023 0 0 0 0 0 0 11 0 1 0 0 0 0 11 0 0 31 0 0 1
"155" 155 0.558394160584 0 0 0 6 0 6 0 0 0 0 0 0 0 0 43 0 0 0 0 0
"156" 156 0.523255813953 6 0 5 3 1 1 0 2 22 0 5 0 0 0 1 0 9 0 0 0
"157" 157 0.110266159696 0 0 0 0 0 0 0 0 0 11 0 0 0 4 0 0 0 0 40 0
"158" 158 0.832535885167 0 0 6 7 0 0 0 0 0 0 0 0 42 0 0 0 0 0 0 0
"159" 159 0.790178571429 0 0 0 0 0 0 0 0 0 0 0 0 0 0 0 0 0 55 0 0
"160" 160 0.0804597701149 0 0 0 0 0 0 8 0 0 0 0 0 0 0 0 0 45 0 0 0
"161" 161 0.0114942528736 0 0 0 0 0 0 2 0 0 0 0 0 0 0 0 0 49 2 0 0
"162" 162 0.273255813953 0 0 0 0 0 0 0 0 53 0 0 0 0 0 0 0 0 0 0 0
"163" 163 0.164179104478 0 0 0 0 0 0 0 0 0 0 0 0 0 53 0 0 0 0 0 0
"164" 164 0.351063829787 0 0 0 0 0 0 0 0 0 0 0 0 0 0 0 53 0 0 0 0
"165" 165 0.0152091254753 0 0 0 0 0 0 0 0 0 0 0 0 0 0 0 0 0 0 53 0
"166" 166 0.142335766423 0 0 0 0 0 0 0 0 0 0 0 0 0 0 53 0 0 0 0 0
"167" 167 0.0077519379845 1 0 3 0 0 0 0 12 0 0 37 0 0 0 0 0 0 0 0 0
"168" 168 0.0 0 0 0 0 0 0 0 53 0 0 0 0 0 0 0 0 0 0 0 0
"169" 169 0.0223214285714 0 17 0 0 0 0 0 0 0 0 0 0 0 0 0 0 0 36 0 0
"170" 170 0.0761421319797 0 0 0 0 0 0 22 0 0 0 0 0 0 0 0 0 31 0 0 0
"171" 171 0.0199004975124 0 0 0 0 0 0 0 0 0 0 0 0 0 53 0 0 0 0 0 0
"172" 172 0.0 0 0 0 0 0 0 0 0 0 4 0 0 0 42 0 0 0 0 0 7
"173" 173 0.259615384615 0 0 1 1 0 0 0 0 0 0 0 51 0 0 0 0 0 0 0 0
"174" 174 0.113924050633 3 0 26 0 3 0 0 0 1 0 11 8 0 0 0 0 1 0 0 0
"175" 175 0.455696202532 0 0 0 2 3 20 0 3 5 0 1 0 1 1 17 0 0 0 0 0
"176" 176 0.539923954373 0 0 4 1 7 6 0 0 3 1 1 0 8 6 10 0 2 1 3 0
"177" 177 0.0304182509506 0 0 0 0 0 0 0 0 0 0 0 0 0 0 0 0 0 0 53 0
"178" 178 0.23178807947 0 0 43 3 0 0 0 0 3 0 3 1 0 0 0 0 0 0 0 0
"179" 179 0.267441860465 8 0 0 0 0 0 0 2 38 0 0 0 0 3 0 0 1 0 0 1
"180" 180 0.0852713178295 0 0 14 0 1 0 0 19 1 0 6 12 0 0 0 0 0 0 0 0
"181" 181 0.0 0 0 0 0 0 0 24 0 0 0 0 0 0 1 0 0 27 0 0 1
"182" 182 0.0 0 53 0 0 0 0 0 0 0 0 0 0 0 0 0 0 0 0 0 0
"183" 183 0.010152284264 0 0 0 0 0 0 29 0 2 0 0 0 0 0 0 0 7 0 0 15
"184" 184 0.0 0 0 0 0 0 0 0 0 0 0 0 0 0 0 0 53 0 0 0 0
"185" 185 0.0 0 0 50 0 0 0 0 0 0 0 2 1 0 0 0 0 0 0 0 0
"186" 186 0.00497512437811 1 0 0 0 0 0 21 0 2 0 8 0 0 4 0 0 17 0 0 0
"187" 187 0.0 0 0 0 0 0 0 0 0 0 0 3 50 0 0 0 0 0 0 0 0
"188" 188 0.00632911392405 45 0 0 0 0 0 0 0 4 0 4 0 0 0 0 0 0 0 0 0
"189" 189 0.0 0 0 0 0 0 0 53 0 0 0 0 0 0 0 0 0 0 0 0 0
"190" 190 0.0 0 0 0 0 0 0 1 0 0 40 1 0 0 5 0 1 2 0 0 3
"191" 191 0.0 0 0 1 0 0 0 0 0 1 0 45 1 1 0 0 0 3 0 1 0
"192" 192 0.0178571428571 0 0 0 0 0 0 0 0 0 0 0 0 0 0 0 0 0 53 0 0
"193" 193 0.0 0 0 0 0 0 0 2 0 0 0 0 0 0 5 0 0 0 0 0 46
"194" 194 0.0689655172414 6 0 3 0 0 0 8 0 1 1 15 0 0 2 0 1 16 0 2 0
"195" 195 0.191860465116 0 0 2 18 2 0 0 0 23 0 1 0 0 1 2 0 0 2 0 4
"196" 196 0.299270072993 0 0 0 0 3 17 0 0 0 0 4 15 0 0 16 0 0 0 0 0
"197" 197 0.631386861314 0 0 1 0 2 18 1 0 2 0 0 1 1 0 27 0 2 0 0 0
"198" 198 0.15503875969 0 0 1 0 0 0 0 46 0 0 6 1 0 0 0 0 1 0 0 0
"199" 199 0.144278606965 0 0 0 0 0 0 2 0 0 0 0 0 0 53 0 0 0 0 0 0
"200" 200 0.00836820083682 0 0 0 0 0 0 0 0 0 55 0 0 0 0 0 0 0 0 0 0
"201" 201 0.245283018868 1 0 3 0 8 0 1 36 0 0 1 0 3 0 1 0 0 0 0 1
"202" 202 0.0384615384615 0 0 0 0 0 0 0 0 0 0 1 54 0 0 0 0 0 0 0 0
"203" 203 0.683937823834 0 38 6 3 0 0 1 0 5 0 0 0 0 0 0 0 2 0 0 0
"204" 204 0.337748344371 2 7 39 2 0 0 0 0 5 0 0 0 0 0 0 0 0 0 0 0
"205" 205 0.495535714286 0 2 0 6 0 0 0 0 1 0 0 0 0 0 0 0 6 40 0 0
"206" 206 0.324873096447 0 5 0 0 1 0 37 0 1 0 0 0 0 2 0 0 0 9 0 0
"207" 207 0.124352331606 0 52 0 0 1 0 0 0 0 0 0 0 0 0 0 0 0 2 0 0
"208" 208 0.0 0 0 0 0 41 0 0 0 0 0 0 0 0 0 0 0 0 14 0 0
"209" 209 0.0348258706468 0 0 0 0 0 0 16 0 0 0 0 0 0 39 0 0 0 0 0 0
"210" 210 0.200836820084 0 0 0 0 1 5 0 1 0 35 0 0 2 6 1 0 1 0 1 2
"211" 211 0.277372262774 0 0 1 0 0 25 0 0 1 1 0 0 1 0 26 0 0 0 0 0
"212" 212 0.0 0 0 0 0 0 0 54 0 0 0 0 0 0 0 0 0 0 0 0 1
"213" 213 0.00418410041841 0 0 0 0 0 0 0 0 0 55 0 0 0 0 0 0 0 0 0 0
"214" 214 0.383211678832 0 0 2 0 4 8 0 0 0 0 0 0 0 0 40 0 0 1 0 0
"215" 215 0.104651162791 0 0 1 0 2 0 18 0 9 0 0 0 0 9 0 0 13 0 2 1
"216" 216 0.0298507462687 0 0 0 0 0 0 1 1 0 0 0 0 2 43 0 0 0 0 0 8
"217" 217 0.0576923076923 0 0 1 0 0 1 0 1 2 0 0 47 0 0 3 0 0 0 0 0
"218" 218 0.156976744186 0 0 1 0 0 0 0 1 52 0 0 0 0 1 0 0 0 0 0 0
"219" 219 0.0377358490566 0 0 0 0 0 0 0 55 0 0 0 0 0 0 0 0 0 0 0 0
"220" 220 0.424870466321 2 11 4 14 0 0 0 0 23 0 0 0 0 0 1 0 0 0 0 0
"221" 221 0.34375 0 5 1 1 0 0 0 2 0 0 0 0 0 1 0 0 2 43 0 0
"222" 222 0.770114942529 0 15 2 0 5 1 1 0 6 0 2 0 0 1 2 0 4 16 0 0
"223" 223 0.350574712644 0 1 8 1 1 0 12 0 16 0 1 0 0 2 0 0 12 1 0 0
"224" 224 0.0390070921986 0 0 0 0 0 0 0 0 0 0 0 0 0 0 0 55 0 0 0 0
"225" 225 0.522012578616 0 0 1 0 0 0 0 52 0 0 0 0 1 0 0 0 0 1 0 0
"226" 226 0.317307692308 0 1 2 2 3 0 0 0 0 0 2 44 0 0 0 0 0 1 0 0
"227" 227 0.0 0 0 0 0 0 0 5 0 0 0 1 0 0 2 0 0 45 0 0 2
"228" 228 0.354651162791 0 0 15 0 3 1 0 0 30 0 1 0 0 1 1 0 2 1 0 0
"229" 229 0.675496688742 0 3 11 1 10 8 0 0 1 0 5 2 1 2 2 0 0 8 1 0
"230" 230 0.0871559633028 1 0 0 1 0 0 0 0 0 4 0 0 0 42 0 0 0 0 2 5
"231" 231 0.509433962264 0 0 2 0 3 1 0 46 0 0 0 0 0 0 2 0 0 1 0 0
"232" 232 0.466321243523 0 37 1 1 0 1 0 0 0 0 1 0 0 3 0 0 0 10 1 0
"233" 233 0.155893536122 0 0 0 0 0 0 0 0 0 16 0 0 1 0 0 6 0 0 32 0
"234" 234 0.426160337553 0 1 3 2 1 44 0 0 0 0 0 0 1 0 1 0 2 0 0 0
"235" 235 0.654088050314 0 0 9 1 4 0 0 26 3 0 6 1 0 0 0 0 1 3 0 1
"236" 236 0.668874172185 0 4 15 3 0 0 1 0 23 0 3 0 0 1 0 0 0 0 0 0
"237" 237 0.0376569037657 0 0 0 0 0 0 0 0 0 49 0 0 0 0 0 1 0 0 5 0
"238" 238 0.345911949686 1 0 0 1 3 0 1 49 0 0 0 0 0 0 0 0 0 0 0 0
"239" 239 0.763713080169 1 0 2 4 7 17 3 1 2 1 1 0 0 1 5 0 5 0 1 2
"240" 240 0.27304964539 0 0 0 0 1 0 0 0 1 6 0 0 0 0 0 34 0 0 11 0
"241" 241 0.713178294574 0 0 7 1 1 7 1 7 6 1 8 1 3 0 3 0 2 4 2 0
"242" 242 0.416058394161 0 1 4 1 2 7 1 9 8 0 5 2 0 0 11 0 0 4 0 0
"243" 243 0.367713004484 0 4 1 8 15 10 1 1 3 0 2 0 1 1 1 0 3 1 1 2
"244" 244 0.528497409326 0 18 9 5 2 0 1 9 2 1 1 2 1 0 1 0 0 2 0 1
"245" 245 0.0753138075314 0 0 1 0 0 0 3 2 0 7 0 0 0 30 0 7 0 1 2 1
"246" 246 0.291390728477 0 1 13 3 4 3 0 0 4 0 10 2 1 0 4 1 3 6 0 0
"247" 247 0.590717299578 0 3 11 2 6 12 0 3 6 0 3 0 0 0 5 0 1 1 1 1
"248" 248 0.0689655172414 0 0 3 0 5 0 12 0 1 3 1 0 1 8 0 0 18 0 1 2
"249" 249 0.00574712643678 4 0 0 0 0 0 3 0 1 6 1 0 0 9 0 0 28 0 0 3
"250" 250 0.509433962264 0 2 2 1 0 12 0 32 2 0 3 0 0 0 0 0 0 1 0 0
"251" 251 0.59748427673 0 0 3 17 1 5 0 6 6 0 1 7 0 1 7 0 0 1 0 0
"252" 252 0.0298507462687 1 0 0 0 0 0 4 0 1 5 1 1 0 35 0 0 0 0 0 7
"253" 253 0.316062176166 3 28 6 4 0 0 0 0 1 0 0 1 0 0 0 0 0 12 0 0
"254" 254 0.647321428571 0 6 10 2 1 3 0 12 0 0 4 1 2 1 1 0 0 11 0 0
"255" 255 0.238341968912 0 14 4 2 2 3 1 0 5 0 7 1 0 5 2 0 1 6 0 1
"256" 256 0.0 0 0 0 1 0 0 0 0 0 0 7 46 0 0 0 0 0 0 0 0
"257" 257 0.284671532847 1 0 0 0 1 1 14 0 0 1 2 0 1 17 8 0 5 0 1 1
"258" 258 0.304635761589 0 43 3 0 0 2 0 0 0 0 1 0 0 0 0 0 0 5 0 0
"259" 259 0.0 0 0 0 0 0 0 1 0 0 0 0 0 0 52 0 0 0 0 0 1
"260" 260 0.00497512437811 0 0 0 0 0 0 5 0 0 0 0 0 0 46 0 0 2 0 0 1
"261" 261 0.264900662252 1 2 10 0 15 3 0 0 3 0 2 0 0 0 7 0 0 9 0 1
"262" 262 0.318385650224 1 1 2 2 8 18 0 0 1 0 3 1 1 1 10 0 0 2 1 1
"263" 263 0.0 1 0 0 0 0 0 1 0 4 1 0 0 1 13 0 0 0 0 0 32
"264" 264 0.0248756218905 0 0 0 0 0 0 4 0 0 1 0 0 0 48 0 0 0 0 0 0
"265" 265 0.282296650718 1 0 1 0 11 1 10 0 1 0 5 0 5 0 4 0 10 3 0 1
"266" 266 0.0304182509506 4 0 1 0 0 0 0 0 0 2 1 0 0 12 0 0 0 0 30 3
"267" 267 0.0984455958549 0 36 1 6 2 1 0 0 1 0 0 0 0 0 4 0 0 2 0 0
"268" 268 0.194968553459 0 0 1 0 0 0 0 51 0 0 0 1 0 0 0 0 0 0 0 0
"269" 269 0.723076923077 0 1 5 8 0 2 1 0 1 0 21 0 0 0 1 0 7 6 0 0
"270" 270 0.616033755274 1 3 1 3 6 22 0 0 1 1 0 0 5 3 4 0 0 1 1 1
"271" 271 0.0510948905109 0 0 0 0 0 0 0 0 0 0 0 0 0 0 53 0 0 0 0 0
"272" 272 0.10152284264 0 0 0 0 0 0 46 0 2 0 0 0 0 3 0 0 2 0 0 0
"273" 273 0.364238410596 0 0 41 1 0 0 0 0 10 0 0 0 0 0 0 0 0 0 1 0
"274" 274 0.0077519379845 1 0 1 0 0 0 0 0 0 0 46 2 0 0 0 0 2 0 0 0
"275" 275 0.675105485232 0 2 2 0 2 31 0 0 0 0 2 0 2 0 6 0 0 5 0 0
"276" 276 0.348837209302 0 13 1 3 4 3 0 0 1 0 9 0 1 0 7 0 0 10 0 0
"277" 277 0.0 1 0 2 0 0 0 1 0 1 0 46 0 0 1 0 0 0 0 0 0
"278" 278 0.233830845771 3 0 0 0 0 0 0 0 1 0 1 0 0 38 0 0 1 0 0 8
"279" 279 0.697674418605 0 5 2 4 12 13 1 0 0 0 5 0 0 3 2 0 1 3 0 1
"280" 280 0.0813397129187 0 0 0 1 1 0 0 0 0 0 0 0 50 0 0 0 0 0 0 0
"281" 281 0.415094339623 0 1 2 1 0 2 0 32 1 0 8 0 1 1 2 0 0 1 0 0
"282" 282 0.0 0 0 0 0 0 0 0 0 0 4 0 0 0 0 0 7 0 0 41 0
"283" 283 0.0418410041841 0 0 0 0 0 0 0 0 0 49 0 0 0 3 0 0 0 0 0 0
"284" 284 0.677130044843 0 16 2 5 6 6 0 0 3 1 4 1 1 0 2 0 1 1 0 0
"285" 285 0.518134715026 0 37 1 1 0 0 0 0 2 0 0 1 0 0 0 0 0 3 0 0
"286" 286 0.229885057471 0 0 2 0 0 0 5 0 0 1 0 0 0 22 0 0 6 0 0 0
"287" 287 0.517441860465 1 9 3 6 0 0 0 1 4 0 0 1 2 0 0 0 1 1 0 0
"288" 288 0.489451476793 0 0 1 0 0 13 0 2 0 0 0 0 0 1 4 0 0 1 0 0
"289" 289 0.22641509434 0 0 2 0 1 0 0 7 0 0 1 0 0 0 1 0 0 0 0 0
"290" 290 0.563218390805 0 0 0 0 0 0 4 0 0 0 0 0 0 1 0 0 4 0 0 0
"291" 291 0.0377358490566 0 0 0 0 0 1 0 5 0 0 0 0 1 0 0 0 0 0 0 0
"292" 292 0.88995215311 0 0 0 1 0 1 0 0 0 0 0 0 3 0 0 0 0 0 0 0
"293" 293 0.497512437811 0 0 0 0 0 0 0 0 0 0 0 0 0 4 0 0 0 0 0 1
