"site" "RSA" "aa1" "aa2" "aa3" "aa4" "aa5" "aa6" "aa7" "aa8" "aa9" "aa10" "aa11" "aa12" "aa13" "aa14" "aa15" "aa16" "aa17" "aa18" "aa19" "aa20"
"0" 0 0.704641350211 0 2 3 5 198 110 9 0 71 0 16 20 0 1 23 0 31 10 0 1
"1" 1 0.0288461538462 0 0 0 0 0 0 0 0 0 0 0 500 0 0 0 0 0 0 0 0
"2" 2 0.105769230769 0 10 12 1 3 3 0 0 7 0 3 371 1 7 0 0 1 80 0 1
"3" 3 0.00574712643678 0 0 0 0 0 0 0 0 0 0 0 0 0 0 0 0 500 0 0 0
"4" 4 0.0203045685279 0 4 2 0 1 2 280 0 3 1 4 0 0 0 0 1 197 0 5 0
"5" 5 0.0 0 0 3 0 1 0 67 0 3 0 10 0 0 2 0 0 187 3 0 224
"6" 6 0.139896373057 0 5 3 1 29 28 2 0 2 2 29 0 0 1 6 98 52 208 0 34
"7" 7 0.0 0 0 0 0 0 0 0 0 0 0 0 0 0 0 0 0 500 0 0 0
"8" 8 0.333333333333 0 5 10 0 35 93 6 0 314 0 2 0 12 0 11 0 4 6 0 2
"9" 9 0.287179487179 0 49 4 279 1 1 0 0 161 0 0 1 0 0 1 0 0 2 0 1
"10" 10 0.201550387597 0 1 36 0 0 4 0 0 0 0 406 41 6 0 3 1 0 1 0 1
"11" 11 0.629464285714 0 84 5 29 61 62 29 0 45 1 47 7 1 40 9 1 36 39 1 3
"12" 12 0.143497757848 0 0 0 0 128 11 0 0 0 2 0 0 1 0 2 172 0 178 6 0
"13" 13 0.0 0 0 0 0 0 0 0 0 0 0 499 1 0 0 0 0 0 0 0 0
"14" 14 0.476793248945 0 0 2 0 41 316 23 0 1 0 12 0 0 5 40 0 11 23 0 26
"15" 15 0.152284263959 0 1 0 0 4 1 426 0 10 0 1 0 0 28 1 14 10 1 0 3
"16" 16 0.0 0 0 0 0 0 0 0 0 0 0 497 3 0 0 0 0 0 0 0 0
"17" 17 0.276785714286 0 0 0 0 2 0 0 0 0 0 0 0 0 0 1 0 0 494 0 3
"18" 18 0.410852713178 0 24 8 43 38 165 0 0 0 1 79 6 3 52 33 1 0 19 1 27
"19" 19 0.0387596899225 0 0 64 0 0 0 0 0 0 0 434 2 0 0 0 0 0 0 0 0
"20" 20 0.384615384615 0 0 0 0 0 0 0 0 0 0 0 500 0 0 0 0 0 0 0 0
"21" 21 0.0387596899225 0 0 15 0 0 0 0 0 0 0 483 2 0 0 0 0 0 0 0 0
"22" 22 0.413793103448 0 5 39 1 52 32 1 0 74 0 32 122 0 0 0 0 122 12 0 8
"23" 23 0.031007751938 0 0 3 0 0 0 0 0 0 0 453 42 0 0 1 0 0 0 0 1
"24" 24 0.0 0 0 0 0 0 0 0 0 0 0 0 0 0 0 0 0 500 0 0 0
"25" 25 0.0 0 0 1 3 4 0 70 0 7 0 0 0 2 14 0 0 387 0 0 12
"26" 26 0.015503875969 0 0 30 0 0 0 0 0 0 0 468 2 0 0 0 0 0 0 0 0
"27" 27 0.149253731343 0 2 21 8 8 17 4 0 14 0 19 2 4 282 28 0 56 16 0 19
"28" 28 0.647321428571 0 49 16 7 33 6 0 0 1 3 26 51 6 2 13 2 0 269 10 6
"29" 29 1.29807692308 0 1 0 0 0 77 0 0 2 0 0 416 1 0 0 0 0 2 0 1
"30" 30 0.653846153846 0 155 0 4 0 1 1 0 2 0 0 327 3 6 0 0 0 1 0 0
"31" 31 0.396551724138 0 104 13 22 16 8 56 1 31 1 0 0 1 6 5 1 80 149 1 5
"32" 32 0.302325581395 0 2 10 57 113 68 52 0 5 5 10 0 4 15 105 0 36 4 1 13
"33" 33 0.536496350365 0 6 240 6 1 3 0 0 115 0 10 77 9 0 27 0 0 3 0 3
"34" 34 0.224770642202 0 0 12 0 0 0 0 0 0 0 132 5 0 0 1 0 2 0 0 348
"35" 35 0.093023255814 0 0 0 0 0 0 0 488 0 0 11 1 0 0 0 0 0 0 0 0
"36" 36 0.378238341969 0 24 20 49 28 173 0 8 3 0 25 0 21 3 63 0 0 81 0 2
"37" 37 0.295597484277 0 0 1 0 1 0 0 497 0 0 1 0 0 0 0 0 0 0 0 0
"38" 38 0.540697674419 0 53 12 19 19 34 6 0 16 1 29 32 3 15 28 0 13 209 7 4
"39" 39 0.14367816092 0 7 3 1 4 3 11 0 73 1 33 2 7 0 44 1 299 0 10 1
"40" 40 0.0 0 0 0 0 0 0 490 0 0 0 0 0 0 1 0 0 9 0 0 0
"41" 41 0.415178571429 0 11 7 39 50 93 9 0 7 0 39 4 0 136 42 0 2 36 0 25
"42" 42 0.375 0 0 1 0 4 0 0 0 7 0 1 0 0 11 3 0 0 473 0 0
"43" 43 0.0 0 0 0 0 0 0 0 0 2 0 3 0 0 0 0 0 495 0 0 0
"44" 44 0.197247706422 0 0 1 1 13 63 108 0 3 0 41 0 0 8 6 1 10 9 1 235
"45" 45 0.723076923077 0 46 37 93 38 99 0 0 7 0 20 8 1 64 20 1 0 46 1 19
"46" 46 0.077519379845 0 0 20 0 0 0 0 0 0 0 477 3 0 0 0 0 0 0 0 0
"47" 47 0.0862068965517 0 0 0 0 0 0 0 0 1 0 0 0 0 0 0 0 499 0 0 0
"48" 48 0.788079470199 0 15 152 12 4 4 0 0 302 0 0 3 0 4 0 0 0 4 0 0
"49" 49 0.172588832487 0 0 0 0 3 4 479 0 0 0 1 0 0 0 0 0 13 0 0 0
"50" 50 0.364779874214 0 1 0 0 0 0 0 497 0 0 0 0 0 0 1 0 0 1 0 0
"51" 51 0.0172413793103 0 0 0 0 0 0 2 0 2 0 0 0 0 0 0 0 496 0 0 0
"52" 52 0.0275229357798 0 1 4 3 19 9 0 0 0 59 28 24 7 166 7 23 0 5 81 64
"53" 53 0.0077519379845 0 0 12 0 0 0 0 0 2 0 482 1 0 0 0 0 3 0 0 0
"54" 54 0.147679324895 0 0 23 0 22 174 24 0 109 0 21 14 0 0 1 0 13 15 0 84
"55" 55 0.0 0 0 0 0 0 0 29 0 6 0 1 0 0 0 0 0 464 0 0 0
"56" 56 0.142335766423 0 0 0 0 0 0 0 0 1 0 2 0 0 0 497 0 0 0 0 0
"57" 57 0.0913705583756 0 2 4 2 9 14 190 0 4 13 0 0 114 0 6 0 88 27 27 0
"58" 58 0.153846153846 0 0 0 0 0 0 0 0 0 0 0 500 0 0 0 0 0 0 0 0
"59" 59 0.234449760766 0 75 2 304 0 0 0 0 0 0 114 1 4 0 0 0 0 0 0 0
"60" 60 0.399239543726 0 4 2 4 4 21 12 0 22 0 7 2 52 2 0 1 19 47 296 5
"61" 61 0.505747126437 0 104 7 59 46 59 14 0 36 1 29 11 0 27 13 5 30 52 1 6
"62" 62 0.0401785714286 0 0 0 0 0 0 0 0 0 0 0 0 0 0 0 0 0 500 0 0
"63" 63 0.0 0 0 0 0 0 0 0 0 0 0 500 0 0 0 0 0 0 0 0 0
"64" 64 0.244525547445 0 0 0 0 2 11 0 0 0 0 1 0 0 4 478 0 2 2 0 0
"65" 65 0.310344827586 0 20 1 12 14 23 254 0 16 0 13 2 0 22 7 0 50 44 1 21
"66" 66 0.0 0 0 0 0 0 0 0 0 0 2 8 0 0 489 0 0 0 0 0 1
"67" 67 0.169642857143 0 0 0 0 2 0 0 0 0 0 0 0 0 0 0 0 0 498 0 0
"68" 68 0.68992248062 0 26 11 57 53 142 3 0 8 0 61 9 0 44 40 2 2 26 2 14
"69" 69 0.218905472637 0 1 0 3 9 1 20 0 1 0 4 0 0 438 0 0 0 20 1 2
"70" 70 0.403846153846 0 0 0 0 0 0 0 0 0 0 0 500 0 0 0 0 0 0 0 0
"71" 71 0.0459770114943 0 0 3 0 0 0 0 0 83 0 17 1 0 0 0 0 396 0 0 0
"72" 72 0.388601036269 0 213 0 5 1 0 0 0 1 2 0 0 265 0 0 2 0 0 9 2
"73" 73 0.178707224335 0 1 12 1 4 0 7 0 0 0 27 431 0 0 1 0 1 0 0 15
"74" 74 0.0 0 0 0 0 0 0 488 0 0 0 0 0 0 0 0 0 12 0 0 0
"75" 75 0.0103626943005 0 492 0 0 0 0 7 0 0 0 0 0 0 0 0 0 1 0 0 0
"76" 76 0.0133928571429 0 0 0 0 0 0 0 0 0 0 0 0 0 0 0 0 0 500 0 0
"77" 77 0.0 0 0 473 1 0 0 0 0 1 0 25 0 0 0 0 0 0 0 0 0
"78" 78 0.214285714286 0 0 0 0 0 0 0 0 0 0 0 0 0 0 0 0 0 500 0 0
"79" 79 0.385057471264 0 9 56 0 56 0 0 0 290 0 6 1 0 0 2 0 1 6 0 73
"80" 80 0.0995024875622 0 67 4 9 80 12 0 0 41 10 130 1 4 121 3 0 0 1 2 15
"81" 81 0.302325581395 0 5 8 1 27 74 0 0 164 16 14 0 29 11 0 8 0 7 84 52
"82" 82 0.314465408805 0 0 1 0 0 3 0 495 0 0 1 0 0 0 0 0 0 0 0 0
"83" 83 0.418604651163 0 1 10 5 44 9 0 0 14 15 174 4 19 0 17 13 0 132 43 0
"84" 84 0.274611398964 0 351 2 142 0 0 0 0 0 0 0 0 0 0 4 0 0 0 1 0
"85" 85 0.785714285714 0 2 83 3 31 120 6 77 78 0 13 14 0 0 12 0 12 40 0 9
"86" 86 0.678571428571 0 19 60 21 15 16 0 0 332 3 1 0 0 10 4 0 0 15 2 2
"87" 87 0.556485355649 0 0 27 6 243 35 36 0 23 2 3 1 2 13 13 1 71 12 8 4
"88" 88 0.248803827751 0 1 6 35 6 5 0 3 5 3 27 349 1 0 21 25 0 5 8 0
"89" 89 0.0253807106599 0 0 0 0 0 0 463 0 1 0 0 0 0 0 0 0 36 0 0 0
"90" 90 0.284974093264 0 364 0 56 6 12 0 34 0 0 8 2 1 4 0 0 5 5 0 3
"91" 91 0.0210970464135 0 0 0 7 0 482 0 0 0 0 11 0 0 0 0 0 0 0 0 0
"92" 92 0.587591240876 0 1 58 107 16 10 1 0 11 0 15 6 0 67 192 0 1 6 0 9
"93" 93 0.457399103139 0 16 27 97 124 64 0 0 43 0 23 5 0 41 30 0 0 23 0 7
"94" 94 0.0753138075314 0 0 0 0 0 0 0 0 0 481 0 0 0 0 0 0 0 0 19 0
"95" 95 0.761627906977 0 66 121 54 21 34 6 0 91 0 14 11 3 19 11 2 7 39 0 1
"96" 96 0.0689655172414 0 0 11 3 0 0 19 0 68 0 54 0 0 0 0 0 345 0 0 0
"97" 97 0.251572327044 0 0 7 2 0 11 0 452 2 2 5 2 1 0 2 5 3 4 1 1
"98" 98 0.00418410041841 0 0 0 0 0 0 0 0 0 500 0 0 0 0 0 0 0 0 0 0
"99" 99 0.0 0 0 5 0 15 0 4 0 367 2 13 1 0 0 20 14 31 7 1 20
"100" 100 0.0126582278481 500 0 0 0 0 0 0 0 0 0 0 0 0 0 0 0 0 0 0 0
"101" 101 0.0384615384615 0 0 0 0 0 0 0 0 0 0 0 500 0 0 0 0 0 0 0 0
"102" 102 0.00632911392405 500 0 0 0 0 0 0 0 0 0 0 0 0 0 0 0 0 0 0 0
"103" 103 0.441605839416 0 0 167 1 3 8 0 0 152 0 7 0 0 0 148 0 2 12 0 0
"104" 104 0.269430051813 0 153 3 333 2 1 0 0 3 0 1 2 0 0 0 0 0 0 0 2
"105" 105 0.0 0 0 0 0 0 0 0 0 0 0 0 0 0 500 0 0 0 0 0 0
"106" 106 0.0 0 0 0 0 0 0 0 0 0 0 0 500 0 0 0 0 0 0 0 0
"107" 107 0.0401785714286 0 1 10 1 4 5 4 0 4 0 2 0 0 1 2 0 1 464 0 1
"108" 108 0.0 0 0 2 0 0 0 0 0 0 0 496 2 0 0 0 0 0 0 0 0
"109" 109 0.0 0 0 5 0 0 0 0 0 1 0 491 3 0 0 0 0 0 0 0 0
"110" 110 0.332116788321 0 1 0 6 78 4 5 0 1 0 4 0 0 10 380 0 1 5 0 5
"111" 111 0.0620437956204 0 2 2 38 9 5 0 0 0 1 82 0 3 0 343 3 0 3 4 5
"112" 112 0.142131979695 0 0 0 0 0 0 499 0 0 0 0 0 0 0 0 0 1 0 0 0
"113" 113 0.387596899225 0 4 72 0 52 10 0 0 2 0 308 20 2 0 3 0 0 22 3 2
"114" 114 0.178571428571 0 9 1 9 41 0 0 0 0 0 5 1 0 6 0 5 0 417 0 6
"115" 115 0.192307692308 0 0 0 0 0 0 0 0 0 0 0 500 0 0 0 0 0 0 0 0
"116" 116 0.046511627907 0 0 50 0 0 0 0 0 0 0 447 3 0 0 0 0 0 0 0 0
"117" 117 0.370860927152 0 16 8 15 176 43 0 0 36 25 4 2 14 1 2 2 0 6 139 11
"118" 118 0.0366972477064 0 0 57 0 75 1 0 0 0 0 110 21 5 0 4 0 0 164 0 63
"119" 119 0.0 0 0 0 0 0 0 0 0 0 0 0 0 0 500 0 0 0 0 0 0
"120" 120 0.0474452554745 0 0 0 0 0 0 0 0 0 0 0 0 0 0 500 0 0 0 0 0
"121" 121 0.00581395348837 0 0 21 0 0 0 0 0 475 0 4 0 0 0 0 0 0 0 0 0
"122" 122 0.160337552743 0 0 125 0 78 214 0 0 0 0 27 2 0 0 9 0 0 17 0 28
"123" 123 0.115384615385 0 0 0 0 0 0 0 0 0 0 0 500 0 0 0 0 0 0 0 0
"124" 124 0.375 0 77 52 133 52 8 0 0 3 3 104 26 2 6 5 0 0 4 0 25
"125" 125 0.459119496855 0 0 1 0 0 0 0 453 0 0 0 0 0 0 0 46 0 0 0 0
"126" 126 0.836538461538 0 0 0 0 0 0 0 0 0 0 0 500 0 0 0 0 0 0 0 0
"127" 127 0.406976744186 0 9 81 16 53 34 0 0 272 1 5 1 1 5 5 0 1 8 6 2
"128" 128 0.442307692308 0 1 0 6 1 1 0 0 0 1 0 486 0 0 0 0 0 0 4 0
"129" 129 0.389743589744 0 360 2 91 4 0 22 0 0 0 0 0 0 0 3 0 15 2 0 1
"130" 130 0.126903553299 0 2 24 4 2 1 47 233 141 0 29 2 4 0 0 0 10 1 0 0
"131" 131 0.362068965517 0 15 171 17 14 34 0 0 171 0 30 7 2 5 5 0 2 23 4 0
"132" 132 0.21875 0 13 2 4 24 8 0 0 0 1 4 1 2 4 22 0 0 401 7 7
"133" 133 0.0 0 0 32 0 0 0 0 0 4 0 461 3 0 0 0 0 0 0 0 0
"134" 134 0.172413793103 0 17 4 5 64 38 42 0 1 65 83 3 0 6 48 8 27 35 30 24
"135" 135 0.503649635036 0 1 5 1 10 81 0 0 10 0 22 2 2 11 328 0 0 27 0 0
"136" 136 0.0574162679426 0 1 0 0 0 0 0 0 0 0 0 0 499 0 0 0 0 0 0 0
"137" 137 0.0 0 0 0 0 3 0 5 0 0 0 4 0 0 467 0 0 8 2 0 11
"138" 138 0.547445255474 0 3 6 4 39 63 81 0 5 0 63 10 0 36 36 9 20 96 2 27
"139" 139 0.438818565401 0 1 12 3 81 11 0 0 166 0 73 2 0 1 12 0 0 126 0 12
"140" 140 0.00574712643678 0 0 0 0 0 0 0 0 21 0 5 0 0 0 0 0 474 0 0 0
"141" 141 0.102564102564 0 1 1 111 71 6 10 0 15 1 27 3 1 3 8 6 66 30 4 136
"142" 142 0.403100775194 0 39 25 28 42 59 16 0 67 3 78 11 2 16 49 13 0 36 11 5
"143" 143 0.112107623318 0 54 0 5 56 21 0 0 0 2 11 0 0 222 60 1 0 52 10 6
"144" 144 0.0609137055838 0 0 0 0 0 0 493 0 0 0 0 0 0 0 0 0 7 0 0 0
"145" 145 0.532846715328 0 31 11 44 51 120 25 0 21 1 48 4 1 36 24 5 11 52 2 13
"146" 146 0.455696202532 0 24 6 11 31 82 107 0 10 1 31 0 0 34 16 4 38 75 3 27
"147" 147 0.0 0 0 0 0 0 0 48 0 20 0 8 0 0 0 0 0 424 0 0 0
"148" 148 0.281609195402 0 2 2 0 5 13 0 0 8 0 74 1 8 0 8 0 359 7 0 13
"149" 149 0.748717948718 0 47 14 170 41 47 0 0 47 4 7 15 15 38 12 0 0 20 8 15
"150" 150 0.0871559633028 0 0 64 0 3 2 0 0 4 0 237 6 0 6 4 0 0 0 0 174
"151" 151 0.384105960265 0 41 9 18 29 76 10 7 41 0 24 1 18 23 16 0 22 164 1 0
"152" 152 0.446428571429 0 6 8 2 10 60 8 64 53 9 34 4 8 6 9 23 14 153 22 7
"153" 153 0.704663212435 0 82 105 46 20 39 1 0 29 0 27 13 2 16 63 0 0 40 3 14
"154" 154 0.477678571429 0 31 9 42 86 124 0 0 23 0 13 0 1 75 39 1 0 41 0 15
"155" 155 0.0 0 0 0 0 0 0 14 0 2 0 0 0 0 481 0 0 3 0 0 0
"156" 156 0.48275862069 0 73 13 18 47 45 26 0 36 1 37 15 1 28 11 0 44 91 7 7
"157" 157 0.53488372093 0 59 9 65 52 60 23 0 8 0 46 6 0 47 41 1 11 57 4 11
"158" 158 0.116071428571 0 3 2 2 29 17 189 0 6 0 41 1 0 52 0 0 46 71 1 40
"159" 159 0.0387596899225 0 0 1 0 0 0 0 0 0 0 494 5 0 0 0 0 0 0 0 0
"160" 160 0.776371308017 0 30 6 37 43 144 22 0 7 0 47 1 3 50 36 4 9 42 2 17
"161" 161 0.717488789238 0 44 8 89 51 93 20 0 16 1 61 4 1 38 32 2 0 32 0 8
"162" 162 0.129353233831 0 0 0 0 10 0 0 0 0 9 1 0 0 450 0 0 0 24 2 4
"163" 163 0.365384615385 0 0 0 0 0 0 0 0 0 0 0 500 0 0 0 0 0 0 0 0
"164" 164 0.100775193798 0 0 17 0 0 0 0 0 0 0 473 10 0 0 0 0 0 0 0 0
"165" 165 0.276729559748 0 104 8 66 23 13 9 136 21 0 10 0 0 32 18 0 30 29 0 1
"166" 166 0.206896551724 0 1 120 1 4 10 0 96 3 1 96 9 7 0 3 3 128 13 5 0
"167" 167 0.549107142857 0 81 30 51 29 48 1 0 13 0 25 4 2 12 16 0 4 169 3 12
"168" 168 0.0804597701149 0 1 0 2 0 0 18 0 3 0 4 0 0 0 0 0 472 0 0 0
"169" 169 0.0 0 0 0 0 0 0 0 0 0 1 0 0 0 499 0 0 0 0 0 0
"170" 170 0.328467153285 0 0 6 1 20 274 25 0 13 5 33 1 1 16 86 5 0 9 1 4
"171" 171 0.299107142857 0 5 1 7 1 21 11 0 13 0 4 0 0 10 4 0 1 421 0 1
"172" 172 0.0 0 0 0 0 0 0 499 0 0 0 0 0 0 0 0 0 1 0 0 0
"173" 173 0.20253164557 0 0 2 0 3 377 0 0 0 0 30 0 1 0 56 0 0 0 0 31
"174" 174 0.605839416058 0 5 3 6 7 22 5 0 5 0 15 2 1 3 414 2 0 4 3 3
"175" 175 0.358208955224 0 1 4 40 9 4 0 0 1 3 18 1 0 218 168 0 0 3 1 29
"176" 176 0.375 0 0 0 0 0 0 0 0 0 0 0 500 0 0 0 0 0 0 0 0
"177" 177 0.357664233577 0 0 0 0 0 0 0 0 0 0 0 0 0 0 500 0 0 0 0 0
"178" 178 0.0199004975124 0 0 0 0 0 0 0 0 0 0 0 0 0 500 0 0 0 0 0 0
"179" 179 0.295597484277 0 0 0 0 0 0 0 500 0 0 0 0 0 0 0 0 0 0 0 0
"180" 180 0.126436781609 0 0 0 0 0 0 0 0 0 0 0 0 0 0 0 0 500 0 0 0
"181" 181 0.35632183908 0 20 23 20 6 3 0 320 4 0 29 10 2 14 3 0 0 46 0 0
"182" 182 0.0153846153846 0 0 3 3 0 0 0 0 0 0 1 0 3 490 0 0 0 0 0 0
"183" 183 0.071129707113 0 4 1 7 28 165 3 0 3 134 5 0 13 22 16 14 11 12 0 62
"184" 184 0.0 0 0 44 0 0 0 10 0 0 0 436 9 0 0 0 0 1 0 0 0
"185" 185 0.0697674418605 0 0 98 0 0 0 0 0 0 0 385 2 13 0 0 0 0 0 0 2
"186" 186 0.105769230769 0 0 0 0 0 0 0 0 0 0 0 500 0 0 0 0 0 0 0 0
"187" 187 0.125 0 0 0 0 0 0 0 0 0 0 0 500 0 0 0 0 0 0 0 0
"188" 188 0.0804597701149 0 0 1 0 0 0 174 0 6 0 0 0 1 0 0 0 318 0 0 0
"189" 189 0.273255813953 0 0 133 0 16 86 0 0 145 1 9 1 1 1 25 0 0 76 6 0
"190" 190 0.331395348837 0 4 76 3 27 33 0 0 121 24 3 3 3 53 17 19 0 18 61 35
"191" 191 0.0377358490566 0 0 0 0 0 0 0 500 0 0 0 0 0 0 0 0 0 0 0 0
"192" 192 0.37984496124 0 2 47 1 25 109 0 0 11 3 121 6 3 39 46 7 1 69 5 5
"193" 193 0.150259067358 0 427 0 0 0 0 0 0 0 0 0 0 73 0 0 0 0 0 0 0
"194" 194 0.0 0 0 1 0 0 0 0 0 0 0 497 2 0 0 0 0 0 0 0 0
"195" 195 0.0542635658915 0 0 0 0 0 0 0 0 0 0 499 1 0 0 0 0 0 0 0 0
"196" 196 0.318407960199 0 44 2 20 22 66 113 0 17 1 39 3 3 67 50 1 11 36 0 5
"197" 197 0.0 0 2 19 0 5 0 0 0 0 0 381 15 0 0 0 0 0 0 0 78
"198" 198 0.0183486238532 0 0 0 0 0 0 1 0 0 0 2 0 0 0 0 0 0 0 0 497
"199" 199 0.526315789474 0 0 1 1 202 23 10 0 4 2 37 0 4 2 183 1 2 13 0 15
"200" 200 0.044776119403 0 3 0 31 10 9 0 0 0 15 3 1 7 357 2 0 0 12 35 15
"201" 201 0.336538461538 0 0 0 0 0 0 0 0 0 0 0 500 0 0 0 0 0 0 0 0
"202" 202 0.0 0 0 292 0 0 0 0 0 0 0 208 0 0 0 0 0 0 0 0 0
"203" 203 0.0880829015544 0 500 0 0 0 0 0 0 0 0 0 0 0 0 0 0 0 0 0 0
"204" 204 0.0 0 0 0 0 0 0 0 0 0 0 0 500 0 0 0 0 0 0 0 0
"205" 205 0.0 0 0 0 0 0 0 1 0 3 0 1 0 0 0 0 0 495 0 0 0
"206" 206 0.0585774058577 0 0 0 0 0 0 9 0 0 412 2 0 1 2 4 6 58 6 0 0
"207" 207 0.0344827586207 0 0 1 0 0 0 4 0 17 0 0 1 0 0 0 0 477 0 0 0
"208" 208 0.269230769231 0 10 253 0 0 0 0 1 65 0 0 170 0 0 0 0 0 1 0 0
"209" 209 0.298013245033 0 5 84 6 3 3 7 105 229 1 21 1 4 0 1 2 16 12 0 0
"210" 210 0.307692307692 0 27 60 22 8 9 4 0 8 0 10 1 277 5 2 13 5 35 7 7
"211" 211 0.0253807106599 0 0 1 0 0 0 15 0 50 0 10 0 0 0 0 0 424 0 0 0
"212" 212 0.146443514644 0 0 0 0 0 0 0 0 0 499 0 0 1 0 0 0 0 0 0 0
"213" 213 0.679324894515 0 18 49 59 60 72 0 0 136 0 6 4 1 46 13 0 0 27 2 7
"214" 214 0.172185430464 0 1 109 3 15 23 0 0 261 4 51 10 9 0 1 0 0 2 8 3
"215" 215 0.821428571429 0 100 30 80 39 45 3 1 11 1 32 16 0 22 36 0 5 69 0 10
"216" 216 0.415384615385 0 150 1 291 4 4 1 0 0 10 2 0 2 3 3 2 0 1 22 4
"217" 217 0.176100628931 0 0 0 0 0 0 0 499 0 0 1 0 0 0 0 0 0 0 0 0
"218" 218 0.290178571429 0 0 1 1 2 1 1 0 0 0 0 0 2 0 2 2 0 485 2 1
"219" 219 0.438818565401 0 10 22 6 21 335 0 0 2 0 40 9 0 14 24 0 0 14 0 3
"220" 220 0.148288973384 0 0 1 0 1 53 0 0 0 64 20 0 116 16 17 0 0 0 207 5
"221" 221 0.0 0 0 7 0 0 0 0 0 0 0 465 27 0 0 0 0 0 0 0 1
"222" 222 0.481751824818 0 0 0 0 1 16 0 0 0 0 1 0 0 0 476 0 1 4 0 1
"223" 223 0.0542635658915 0 0 14 2 0 0 0 0 0 0 481 3 0 0 0 0 0 0 0 0
"224" 224 0.00507614213198 0 0 0 0 0 0 302 0 0 1 0 0 1 149 0 0 44 1 0 2
"225" 225 0.0977011494253 0 0 0 0 2 3 0 0 1 15 10 0 0 0 0 3 432 1 30 3
"226" 226 0.433035714286 0 18 1 21 20 125 0 0 0 2 16 0 1 137 29 1 0 45 16 68
"227" 227 0.0 0 0 2 0 0 0 0 0 0 0 497 1 0 0 0 0 0 0 0 0
"228" 228 0.0 0 0 3 0 0 0 0 0 412 0 85 0 0 0 0 0 0 0 0 0
"229" 229 0.354651162791 0 4 11 8 28 195 59 0 28 0 29 2 0 36 17 1 10 51 2 19
"230" 230 0.282296650718 0 4 2 43 26 29 0 0 0 76 4 3 211 1 15 0 0 5 78 3
"231" 231 0.19391634981 0 0 0 0 3 0 0 0 0 81 2 0 57 0 0 25 0 0 332 0
"232" 232 0.553571428571 0 21 16 37 10 44 3 0 93 1 5 6 3 156 18 22 7 38 6 14
"233" 233 0.388601036269 0 280 0 212 3 0 0 0 0 0 1 0 0 0 0 1 0 3 0 0
"234" 234 0.543726235741 0 46 44 29 104 29 1 0 20 0 27 7 0 37 10 4 2 114 2 24
"235" 235 0.714285714286 0 93 12 20 18 74 14 0 42 1 23 13 9 14 11 1 23 125 3 4
"236" 236 0.223880597015 0 2 1 0 7 34 0 0 14 0 10 4 0 375 16 0 1 35 0 1
"237" 237 0.0609137055838 0 0 0 0 0 0 473 0 4 0 10 0 0 0 0 0 13 0 0 0
"238" 238 0.410852713178 0 70 13 48 25 83 34 0 27 2 55 9 5 15 27 3 1 65 10 8
"239" 239 0.583732057416 0 18 6 30 53 148 31 0 6 2 22 3 1 66 26 2 10 67 0 9
"240" 240 0.164179104478 0 0 0 1 1 0 0 0 0 0 0 0 0 494 0 2 0 1 0 1
"241" 241 0.403973509934 0 0 369 0 3 10 0 0 0 0 115 1 0 0 1 0 0 0 0 1
"242" 242 0.607594936709 0 5 48 36 54 118 47 0 15 0 12 1 0 62 22 1 33 34 3 9
"243" 243 0.596153846154 0 3 0 7 0 0 0 0 0 0 0 490 0 0 0 0 0 0 0 0
"244" 244 0.691542288557 0 17 0 13 9 0 0 0 0 7 19 12 21 267 0 5 0 102 26 2
