"site" "RSA" "aa1" "aa2" "aa3" "aa4" "aa5" "aa6" "aa7" "aa8" "aa9" "aa10" "aa11" "aa12" "aa13" "aa14" "aa15" "aa16" "aa17" "aa18" "aa19" "aa20"
"0" 0 0.720207253886 0 3 30 4 1 2 0 291 163 0 0 6 0 0 0 0 0 0 0 0
"1" 1 0.600896860987 0 55 143 2 0 48 0 0 0 0 86 0 0 1 111 0 0 54 0 0
"2" 2 0.627906976744 0 377 5 12 4 21 0 0 1 0 5 0 0 22 0 0 0 52 0 1
"3" 3 0.562189054726 0 333 1 5 0 14 0 0 2 0 7 0 0 2 0 0 1 135 0 0
"4" 4 0.291390728477 0 7 0 0 14 2 0 0 0 0 59 0 0 0 0 0 0 418 0 0
"5" 5 0.389121338912 0 0 0 0 0 0 0 0 0 14 0 0 0 0 0 486 0 0 0 0
"6" 6 0.393034825871 0 0 0 0 0 21 1 0 1 0 1 0 0 474 0 0 0 2 0 0
"7" 7 0.548523206751 0 1 0 1 4 341 2 0 0 0 2 0 0 2 91 0 0 52 0 4
"8" 8 0.569948186528 0 84 0 21 50 325 0 0 0 0 5 0 0 4 0 0 0 11 0 0
"9" 9 0.175732217573 0 0 0 0 0 0 0 0 0 500 0 0 0 0 0 0 0 0 0 0
"10" 10 0.407960199005 0 0 0 0 0 0 0 0 0 0 0 0 0 497 2 0 0 1 0 0
"11" 11 0.410852713178 0 4 0 2 3 44 0 0 0 0 5 0 0 106 11 0 0 325 0 0
"12" 12 0.240384615385 0 37 0 52 45 13 0 0 1 0 35 299 0 0 2 0 0 16 0 0
"13" 13 0.00961538461538 0 0 0 0 0 0 0 0 0 0 1 498 0 0 1 0 0 0 0 0
"14" 14 0.373563218391 0 1 0 0 0 337 132 0 0 0 4 0 0 3 3 0 3 17 0 0
"15" 15 0.124031007752 0 0 0 0 0 2 0 0 0 0 492 0 0 0 0 2 0 0 0 4
"16" 16 0.15503875969 0 0 0 0 1 0 0 0 0 9 398 0 1 0 0 0 0 32 58 1
"17" 17 0.170542635659 0 0 0 0 0 0 0 0 0 0 500 0 0 0 0 0 0 0 0 0
"18" 18 0.340101522843 0 0 0 0 1 6 489 0 0 0 1 0 0 1 0 0 2 0 0 0
"19" 19 0.0596026490066 0 0 0 0 0 0 0 0 0 0 500 0 0 0 0 0 0 0 0 0
"20" 20 0.236286919831 0 3 0 0 0 12 0 0 0 0 6 0 0 48 376 0 0 0 0 55
"21" 21 0.267441860465 0 1 6 0 0 138 0 0 205 0 18 0 0 0 10 2 0 120 0 0
"22" 22 0.395348837209 0 0 0 1 26 0 0 0 0 1 429 0 1 0 0 0 0 0 42 0
"23" 23 0.0862068965517 0 0 0 0 3 0 0 0 0 0 0 0 0 0 0 0 497 0 0 0
"24" 24 0.0 0 0 2 0 0 0 0 0 0 0 497 1 0 0 0 0 0 0 0 0
"25" 25 0.169811320755 0 0 0 0 0 0 0 500 0 0 0 0 0 0 0 0 0 0 0 0
"26" 26 0.182741116751 0 5 0 2 0 0 477 0 0 0 0 0 0 3 0 0 10 3 0 0
"27" 27 0.116071428571 0 0 0 0 0 0 0 0 0 0 0 0 0 0 0 0 0 500 0 0
"28" 28 0.014598540146 0 0 0 0 0 0 0 0 0 0 0 0 0 0 500 0 0 0 0 0
"29" 29 0.0114942528736 0 0 0 0 0 0 1 0 0 0 0 0 0 0 0 0 499 0 0 0
"30" 30 0.0168776371308 0 0 0 0 0 17 0 0 0 0 430 0 0 0 0 0 0 0 0 53
"31" 31 0.0 0 0 0 0 0 0 470 0 0 0 0 0 0 15 0 0 0 15 0 0
"32" 32 0.00995024875622 0 0 0 0 0 0 0 0 0 0 0 0 0 500 0 0 0 0 0 0
"33" 33 0.089552238806 0 0 0 0 0 0 0 0 0 0 0 0 0 500 0 0 0 0 0 0
"34" 34 0.0 0 0 0 12 457 0 0 0 0 0 16 0 0 5 0 0 0 10 0 0
"35" 35 0.00574712643678 0 0 0 0 0 0 0 0 379 0 0 0 0 0 0 0 121 0 0 0
"36" 36 0.0493273542601 0 0 0 0 500 0 0 0 0 0 0 0 0 0 0 0 0 0 0 0
"37" 37 0.267942583732 0 8 0 0 169 0 0 0 0 0 2 0 0 0 0 0 0 321 0 0
"38" 38 0.0077519379845 0 0 0 0 0 0 0 0 0 0 500 0 0 0 0 0 0 0 0 0
"39" 39 0.0794701986755 0 0 500 0 0 0 0 0 0 0 0 0 0 0 0 0 0 0 0 0
"40" 40 0.548523206751 0 8 30 0 357 0 0 0 67 0 3 0 0 1 0 0 0 0 0 34
"41" 41 0.291479820628 0 0 0 0 409 0 0 0 0 0 0 0 0 91 0 0 0 0 0 0
"42" 42 0.0862944162437 0 0 0 0 0 0 499 0 0 0 0 0 0 0 0 0 1 0 0 0
"43" 43 0.311258278146 0 5 0 2 2 9 0 0 0 0 8 0 193 175 60 0 0 46 0 0
"44" 44 0.53488372093 0 146 0 0 3 18 0 303 0 0 24 0 0 0 0 0 0 6 0 0
"45" 45 0.714285714286 0 105 203 17 1 162 0 0 5 0 3 0 0 0 1 0 0 3 0 0
"46" 46 0.53164556962 0 65 0 16 61 172 0 0 1 0 0 0 0 185 0 0 0 0 0 0
"47" 47 0.219730941704 0 0 0 0 0 0 0 0 0 0 0 0 0 0 500 0 0 0 0 0
"48" 48 0.0380228136882 0 0 0 0 0 0 0 0 0 0 0 0 0 0 0 0 0 0 500 0
"49" 49 0.738396624473 0 1 0 21 4 5 0 0 0 0 1 0 0 0 464 0 0 4 0 0
"50" 50 0.192307692308 0 0 0 0 0 0 0 0 0 0 0 500 0 0 0 0 0 0 0 0
"51" 51 0.238578680203 0 0 0 0 0 0 402 0 0 36 0 0 0 0 0 0 1 61 0 0
"52" 52 0.675126903553 0 308 0 3 2 23 0 0 5 0 6 0 0 54 22 0 0 77 0 0
"53" 53 0.20725388601 0 500 0 0 0 0 0 0 0 0 0 0 0 0 0 0 0 0 0 0
"54" 54 0.00632911392405 500 0 0 0 0 0 0 0 0 0 0 0 0 0 0 0 0 0 0 0
"55" 55 0.293103448276 0 0 0 0 5 71 381 0 0 0 0 0 0 0 1 0 38 0 0 4
"56" 56 0.528735632184 0 22 0 6 5 323 1 0 1 0 1 0 1 57 54 0 0 28 0 1
"57" 57 0.167883211679 0 0 0 0 0 0 0 0 0 0 0 0 0 0 500 0 0 0 0 0
"58" 58 0.010152284264 0 0 0 0 0 0 500 0 0 0 0 0 0 0 0 0 0 0 0 0
"59" 59 0.232704402516 0 0 0 0 0 0 0 500 0 0 0 0 0 0 0 0 0 0 0 0
"60" 60 0.755274261603 0 25 1 337 17 109 0 0 1 0 2 0 0 2 0 0 1 3 0 2
"61" 61 0.160714285714 0 0 0 0 0 0 0 0 0 0 0 0 0 0 0 0 0 500 0 0
"62" 62 0.0762331838565 0 0 0 0 6 0 0 0 0 0 0 0 0 0 0 0 0 494 0 0
"63" 63 0.298076923077 0 0 0 0 0 0 0 0 0 0 0 500 0 0 0 0 0 0 0 0
"64" 64 0.55230125523 0 0 0 0 0 0 0 46 1 2 2 0 0 0 0 0 0 3 446 0
"65" 65 0.701492537313 0 51 60 20 4 2 0 0 6 0 3 1 0 4 0 3 0 346 0 0
"66" 66 0.0397350993377 0 0 8 0 0 0 0 0 0 0 492 0 0 0 0 0 0 0 0 0
"67" 67 0.0794979079498 0 0 0 0 0 0 0 0 0 500 0 0 0 0 0 0 0 0 0 0
"68" 68 0.269503546099 0 0 0 0 0 8 0 0 0 1 0 0 0 0 0 491 0 0 0 0
"69" 69 0.0839416058394 0 0 0 0 0 0 0 0 0 0 0 0 0 0 500 0 0 0 0 0
"70" 70 0.0865384615385 0 0 0 0 0 0 0 0 0 0 0 500 0 0 0 0 0 0 0 0
"71" 71 0.0769230769231 0 0 294 205 0 0 0 0 0 0 1 0 0 0 0 0 0 0 0 0
"72" 72 0.457711442786 0 65 0 0 0 183 0 0 2 0 1 0 0 244 0 0 0 5 0 0
"73" 73 0.0232558139535 0 0 0 0 0 0 0 0 0 0 500 0 0 0 0 0 0 0 0 0
"74" 74 0.0564102564103 0 0 0 500 0 0 0 0 0 0 0 0 0 0 0 0 0 0 0 0
"75" 75 0.212643678161 0 0 2 0 4 122 2 0 134 0 1 0 0 0 58 0 166 11 0 0
"76" 76 0.309644670051 0 1 0 0 8 16 47 0 1 0 0 0 0 252 3 0 163 5 3 1
"77" 77 0.251824817518 0 0 0 0 0 325 0 0 0 0 40 0 0 15 120 0 0 0 0 0
"78" 78 0.140684410646 0 0 0 0 0 0 0 0 0 184 0 0 0 0 0 0 0 0 316 0
"79" 79 0.305439330544 0 0 0 0 0 1 0 0 0 498 0 0 0 1 0 0 0 0 0 0
"80" 80 0.270440251572 0 1 0 0 0 0 0 498 0 0 0 0 0 1 0 0 0 0 0 0
"81" 81 0.093023255814 0 0 0 0 0 17 0 0 0 13 101 0 6 15 0 0 0 133 211 4
"82" 82 0.331838565022 0 0 0 0 171 49 0 0 0 0 0 0 0 0 0 0 0 228 16 36
"83" 83 0.410852713178 0 0 0 0 1 25 0 0 2 0 4 0 1 250 0 64 0 153 0 0
"84" 84 0.134328358209 0 0 0 0 0 0 0 0 0 0 0 0 0 500 0 0 0 0 0 0
"85" 85 0.138461538462 0 0 0 250 0 8 0 0 0 0 169 0 0 15 12 0 0 29 0 17
"86" 86 0.648535564854 0 0 0 0 0 0 0 0 0 0 0 0 0 0 0 486 0 0 14 0
"87" 87 0.46511627907 0 0 0 0 0 129 0 0 0 0 0 0 0 279 26 0 0 3 0 63
"88" 88 0.309623430962 0 0 0 0 0 0 0 0 0 280 0 0 0 0 0 0 0 0 220 0
"89" 89 0.383966244726 0 0 0 0 0 50 0 0 0 0 17 0 0 0 3 0 0 427 3 0
"90" 90 0.492227979275 0 483 3 5 0 1 0 2 0 0 1 0 0 1 0 1 0 3 0 0
"91" 91 0.523206751055 0 1 0 9 10 455 0 0 3 0 3 0 0 1 3 0 8 6 0 1
"92" 92 0.186311787072 0 0 0 0 0 0 0 0 0 0 0 0 0 0 0 0 0 0 500 0
"93" 93 0.337552742616 0 0 0 0 1 468 0 0 0 0 0 0 0 1 25 0 2 3 0 0
"94" 94 0.466367713004 0 7 0 14 14 443 2 0 1 0 7 0 0 6 0 0 0 5 0 1
"95" 95 0.578680203046 0 0 0 0 0 14 479 0 0 0 1 0 0 6 0 0 0 0 0 0
"96" 96 0.284518828452 0 0 0 0 0 0 0 0 0 15 0 0 0 0 0 0 0 0 485 0
"97" 97 0.109452736318 0 0 0 0 0 0 0 0 0 0 0 0 0 500 0 0 0 0 0 0
"98" 98 0.480769230769 0 0 0 0 0 0 0 0 0 0 0 500 0 0 0 0 0 0 0 0
"99" 99 0.846153846154 0 0 0 0 0 0 0 0 0 0 0 500 0 0 0 0 0 0 0 0
"100" 100 0.126436781609 0 0 0 0 0 0 0 0 0 0 0 0 0 0 0 0 500 0 0 0
"101" 101 0.383419689119 0 500 0 0 0 0 0 0 0 0 0 0 0 0 0 0 0 0 0 0
"102" 102 0.481751824818 0 0 0 0 0 83 0 0 0 0 0 0 0 0 414 0 0 3 0 0
"103" 103 0.602870813397 0 29 16 8 1 5 0 0 42 0 0 0 394 3 1 0 0 1 0 0
"104" 104 0.696202531646 0 0 0 492 0 0 0 0 0 0 0 0 0 0 8 0 0 0 0 0
"105" 105 0.37668161435 0 0 0 0 93 0 0 0 0 0 0 0 0 0 407 0 0 0 0 0
"106" 106 0.36820083682 0 0 0 0 0 1 0 0 0 396 0 0 0 0 0 0 0 1 102 0
"107" 107 0.663120567376 0 0 1 0 0 0 0 0 1 0 1 0 0 2 0 494 0 1 0 0
"108" 108 0.408759124088 0 410 0 0 1 0 1 0 0 0 0 0 0 84 0 0 2 2 0 0
"109" 109 0.269961977186 0 0 0 0 0 0 0 0 0 0 0 0 0 0 0 499 0 0 1 0
"110" 110 0.171548117155 0 0 0 0 0 0 0 0 0 499 0 0 0 1 0 0 0 0 0 0
"111" 111 0.418604651163 0 3 0 47 24 370 0 0 8 0 36 0 0 1 6 0 0 4 1 0
"112" 112 0.0192307692308 0 0 0 0 0 0 0 0 0 0 0 500 0 0 0 0 0 0 0 0
"113" 113 0.0923076923077 0 369 0 0 14 0 0 0 0 0 54 0 2 39 7 2 0 10 2 1
"114" 114 0.139303482587 0 0 0 0 0 0 0 0 0 0 0 0 0 500 0 0 0 0 0 0
"115" 115 0.279069767442 0 24 0 0 1 287 0 0 0 0 0 0 0 181 4 1 0 1 0 1
"116" 116 0.0132450331126 0 0 0 0 0 0 0 0 0 0 500 0 0 0 0 0 0 0 0 0
"117" 117 0.105769230769 0 14 1 0 1 3 0 0 0 0 49 427 0 0 0 0 0 3 2 0
"118" 118 0.0673076923077 0 0 0 0 0 0 0 0 0 0 0 500 0 0 0 0 0 0 0 0
"119" 119 0.162790697674 0 0 0 0 0 0 0 0 0 0 500 0 0 0 0 0 0 0 0 0
"120" 120 0.062015503876 0 0 0 0 0 0 0 0 0 0 500 0 0 0 0 0 0 0 0 0
"121" 121 0.163461538462 0 0 0 0 0 0 0 0 1 0 3 494 0 0 0 0 0 2 0 0
"122" 122 0.170542635659 0 0 0 0 0 0 0 0 0 0 500 0 0 0 0 0 0 0 0 0
"123" 123 0.116279069767 0 0 0 0 0 0 0 0 500 0 0 0 0 0 0 0 0 0 0 0
"124" 124 0.0529801324503 0 0 0 0 0 0 68 0 3 0 404 0 0 0 0 0 25 0 0 0
"125" 125 0.0696517412935 0 0 0 0 0 0 0 0 0 0 0 0 0 500 0 0 0 0 0 0
"126" 126 0.411392405063 500 0 0 0 0 0 0 0 0 0 0 0 0 0 0 0 0 0 0 0
"127" 127 0.55230125523 0 0 0 0 4 4 0 0 0 2 0 0 0 0 0 0 0 0 490 0
"128" 128 0.0172413793103 0 0 0 0 0 0 0 0 17 0 0 0 0 0 0 0 483 0 0 0
"129" 129 0.0 0 0 0 0 0 0 0 0 0 489 0 0 0 0 0 0 0 0 11 0
"130" 130 0.100628930818 0 0 0 0 0 0 0 500 0 0 0 0 0 0 0 0 0 0 0 0
"131" 131 0.129353233831 0 0 0 0 0 0 0 0 0 0 0 0 0 500 0 0 0 0 0 0
"132" 132 0.0621761658031 0 500 0 0 0 0 0 0 0 0 0 0 0 0 0 0 0 0 0 0
"133" 133 0.0 0 0 0 0 0 0 0 0 0 500 0 0 0 0 0 0 0 0 0 0
"134" 134 0.0 0 0 0 0 0 0 0 0 0 0 500 0 0 0 0 0 0 0 0 0
"135" 135 0.0109489051095 0 0 0 0 0 0 0 0 0 0 0 0 0 0 500 0 0 0 0 0
"136" 136 0.0 0 0 7 0 0 0 0 0 463 0 20 0 0 0 0 0 10 0 0 0
"137" 137 0.043795620438 0 0 0 0 0 0 0 0 0 0 0 0 0 0 500 0 0 0 0 0
"138" 138 0.0248756218905 0 0 0 0 0 0 0 0 0 0 0 0 0 500 0 0 0 0 0 0
"139" 139 0.0 0 0 0 0 0 0 0 0 0 0 500 0 0 0 0 0 0 0 0 0
"140" 140 0.015503875969 0 0 1 0 0 0 0 0 0 0 499 0 0 0 0 0 0 0 0 0
"141" 141 0.0 0 500 0 0 0 0 0 0 0 0 0 0 0 0 0 0 0 0 0 0
"142" 142 0.103448275862 0 0 0 0 0 0 0 0 4 0 0 0 0 0 0 0 496 0 0 0
"143" 143 0.0384615384615 0 0 0 0 0 0 0 0 0 0 0 500 0 0 0 0 0 0 0 0
"144" 144 0.518987341772 0 0 0 0 0 2 0 0 0 0 0 0 0 0 498 0 0 0 0 0
"145" 145 0.211538461538 0 0 0 6 16 1 0 0 304 0 0 146 0 0 23 0 0 2 0 2
"146" 146 0.658914728682 0 469 0 0 0 12 0 15 1 0 1 0 0 0 0 0 0 2 0 0
"147" 147 0.736434108527 0 325 109 22 1 10 0 0 0 0 4 0 0 2 0 0 0 26 0 1
"148" 148 0.434977578475 0 0 0 0 0 0 0 0 0 0 0 0 0 0 0 0 0 500 0 0
"149" 149 0.222627737226 0 0 0 0 0 465 0 0 0 0 8 0 0 0 27 0 0 0 0 0
"150" 150 0.151785714286 0 0 0 0 0 0 0 0 0 0 0 0 0 0 0 0 0 500 0 0
"151" 151 0.00836820083682 0 0 0 0 0 0 0 0 0 497 0 0 0 0 0 0 0 0 3 0
"152" 152 0.5 0 0 0 5 3 269 0 0 2 5 0 0 150 3 1 0 0 3 58 1
"153" 153 0.211538461538 0 0 0 0 0 0 0 0 0 0 0 500 0 0 0 0 0 0 0 0
"154" 154 0.124378109453 0 0 0 0 0 0 0 0 0 0 0 0 0 500 0 0 0 0 0 0
"155" 155 0.451923076923 0 286 2 6 1 5 0 0 1 0 5 0 0 1 0 0 0 193 0 0
"156" 156 0.292307692308 0 0 0 0 0 0 0 0 0 20 0 0 167 0 0 0 26 2 285 0
"157" 157 0.0 500 0 0 0 0 0 0 0 0 0 0 0 0 0 0 0 0 0 0 0
"158" 158 0.223350253807 0 0 0 0 0 0 500 0 0 0 0 0 0 0 0 0 0 0 0 0
"159" 159 0.406976744186 0 2 0 0 8 230 5 0 3 0 2 0 0 10 2 0 0 238 0 0
"160" 160 0.409282700422 0 0 0 0 24 298 0 0 0 1 1 0 0 0 0 94 0 1 81 0
"161" 161 0.0203045685279 0 0 0 0 0 0 278 0 0 0 0 0 0 0 0 0 222 0 0 0
"162" 162 0.44769874477 0 0 0 0 0 19 0 0 0 7 0 0 1 12 0 0 0 0 461 0
"163" 163 0.763713080169 0 4 0 3 6 144 0 0 0 0 4 0 0 103 230 0 0 6 0 0
"164" 164 0.370860927152 0 21 0 1 39 136 0 0 0 0 0 0 0 272 1 0 0 29 0 1
"165" 165 0.238341968912 0 500 0 0 0 0 0 0 0 0 0 0 0 0 0 0 0 0 0 0
"166" 166 0.230769230769 0 0 0 0 0 0 0 0 0 0 0 500 0 0 0 0 0 0 0 0
"167" 167 0.52736318408 0 3 0 4 0 12 0 0 0 0 2 0 0 473 0 0 0 6 0 0
"168" 168 0.270072992701 0 474 3 10 0 2 0 0 0 0 8 0 0 1 0 0 0 2 0 0
"169" 169 0.0192307692308 0 0 0 0 0 0 0 0 0 0 0 500 0 0 0 0 0 0 0 0
"170" 170 0.044776119403 0 0 0 0 0 0 0 0 0 0 0 0 0 500 0 0 0 0 0 0
"171" 171 0.235741444867 0 0 0 0 0 0 0 0 0 0 0 0 0 0 0 0 0 0 500 0
"172" 172 0.2466367713 0 0 0 0 496 0 0 0 0 0 0 0 0 0 0 0 0 0 0 4
"173" 173 0.0673076923077 0 0 0 0 0 0 0 0 0 0 0 500 0 0 0 0 0 0 0 0
"174" 174 0.171548117155 0 0 0 0 0 0 0 0 0 499 0 0 0 0 0 0 0 0 1 0
"175" 175 0.589743589744 0 415 1 23 5 18 0 0 3 0 4 0 0 5 1 1 1 23 0 0
"176" 176 0.0 0 0 0 0 0 0 398 0 0 0 0 0 0 0 0 0 100 2 0 0
"177" 177 0.0662251655629 0 0 0 0 0 0 0 0 0 0 500 0 0 0 0 0 0 0 0 0
"178" 178 0.155172413793 0 0 0 0 0 0 0 0 0 0 0 0 0 0 0 0 500 0 0 0
"179" 179 0.394618834081 0 0 0 1 0 26 437 0 1 0 2 0 0 31 0 0 2 0 0 0
"180" 180 0.0961538461538 0 0 10 0 56 0 0 0 0 0 403 0 0 0 0 0 0 0 0 31
"181" 181 0.248730964467 0 0 0 0 3 0 494 0 0 0 3 0 0 0 0 0 0 0 0 0
"182" 182 0.319796954315 0 0 0 0 0 0 496 0 0 0 0 0 0 0 0 0 4 0 0 0
"183" 183 0.299492385787 0 0 0 0 2 0 0 0 0 0 1 0 0 0 30 0 411 56 0 0
"184" 184 0.326996197719 0 0 0 0 0 0 0 0 0 52 0 0 0 0 0 371 0 4 73 0
"185" 185 0.200729927007 0 0 13 0 32 0 0 0 2 0 11 0 0 57 379 0 0 5 0 1
"186" 186 0.201550387597 0 0 0 0 0 0 0 0 0 0 500 0 0 0 0 0 0 0 0 0
"187" 187 0.124031007752 0 0 0 0 0 0 0 0 0 0 500 0 0 0 0 0 0 0 0 0
"188" 188 0.235741444867 0 0 0 0 0 0 0 0 0 16 0 0 0 0 0 0 0 0 484 0
"189" 189 0.326359832636 0 32 0 55 1 1 0 0 0 1 1 0 25 24 2 184 1 1 9 163
"190" 190 0.240384615385 0 0 1 0 0 279 0 0 26 0 9 0 0 3 0 5 0 29 13 135
"191" 191 0.287356321839 0 0 0 0 3 2 1 0 1 5 0 0 0 0 2 0 211 108 162 5
"192" 192 0.266159695817 0 0 0 0 0 23 0 0 0 7 0 0 0 228 55 8 0 2 176 1
"193" 193 0.305699481865 0 0 0 24 6 4 0 0 1 0 10 0 0 308 0 0 0 60 87 0
"194" 194 0.610465116279 0 0 2 1 3 286 0 0 10 1 34 0 1 19 0 0 0 106 26 11
"195" 195 0.193798449612 0 0 0 0 100 2 0 0 0 1 19 0 0 0 0 0 3 4 0 371
"196" 196 0.53164556962 0 1 0 0 8 346 0 0 3 0 45 0 0 40 0 0 0 52 2 3
"197" 197 0.605769230769 0 2 1 1 0 464 0 0 4 0 1 0 0 6 0 0 0 21 0 0
"198" 198 0.733944954128 0 2 0 0 0 0 188 0 0 0 0 0 0 3 0 0 307 0 0 0
"199" 199 0.81592039801 0 0 0 0 0 0 0 0 0 0 0 500 0 0 0 0 0 0 0 0
"200" 200 0.276729559748 0 11 0 6 0 0 0 455 0 0 2 0 0 14 12 0 0 0 0 0
"201" 201 0.621761658031 0 132 316 3 4 1 0 0 7 0 3 2 0 0 0 0 0 32 0 0
"202" 202 0.723270440252 0 0 14 0 40 37 0 0 15 0 3 0 0 0 2 0 0 386 3 0
"203" 203 0.329113924051 0 0 0 0 0 468 0 0 0 0 0 0 0 32 0 0 0 0 0 0
"204" 204 0.733333333333 0 1 4 336 1 155 0 0 0 0 0 0 0 0 2 0 0 0 1 0
"205" 205 0.350574712644 0 0 0 102 0 7 0 0 181 9 11 0 3 1 0 0 0 0 186 0
"206" 206 0.631578947368 0 0 128 0 273 12 0 0 59 0 0 0 0 2 26 0 0 0 0 0
"207" 207 0.756345177665 0 286 0 1 0 89 0 0 3 0 1 0 0 0 0 0 0 120 0 0
"208" 208 0.568527918782 0 144 0 2 1 229 1 0 8 0 5 1 0 6 1 3 1 98 0 0
"209" 209 0.270114942529 0 91 0 0 113 1 0 0 11 0 48 0 0 0 0 0 209 27 0 0
"210" 210 0.350993377483 0 0 7 7 0 6 0 0 0 0 174 0 0 299 3 0 0 2 0 2
"211" 211 0.265957446809 0 0 0 0 0 0 0 0 0 0 0 0 0 0 0 500 0 0 0 0
"212" 212 0.408256880734 0 0 0 0 3 133 0 0 0 0 0 0 0 271 90 0 0 0 0 3
"213" 213 0.238578680203 0 1 0 0 0 0 495 0 0 0 0 0 0 0 0 0 0 4 0 0
"214" 214 0.170542635659 0 4 0 17 6 430 1 0 2 0 18 0 0 13 1 0 0 7 0 1
"215" 215 0.0896860986547 0 0 0 0 498 0 0 0 0 0 1 0 0 0 0 0 0 1 0 0
"216" 216 0.488372093023 0 2 2 1 2 326 0 0 16 1 43 0 0 13 6 1 0 82 5 0
"217" 217 0.0114942528736 0 0 0 0 0 0 103 0 0 0 0 0 0 0 0 0 397 0 0 0
"218" 218 0.226744186047 0 0 0 0 1 76 119 0 3 0 218 1 0 10 52 10 2 3 0 5
"219" 219 0.193798449612 0 0 0 0 0 0 0 0 0 0 500 0 0 0 0 0 0 0 0 0
"220" 220 0.310344827586 0 0 0 0 2 96 210 0 0 0 0 0 0 142 26 11 5 0 0 8
"221" 221 0.0 0 0 0 0 0 0 0 0 0 0 500 0 0 0 0 0 0 0 0 0
"222" 222 0.115384615385 0 0 147 0 1 0 1 0 23 0 203 58 0 11 26 2 1 27 0 0
"223" 223 0.323383084577 0 0 0 0 0 3 1 0 0 0 0 0 0 495 1 0 0 0 0 0
"224" 224 0.442528735632 0 2 0 0 76 1 0 0 1 0 11 0 0 0 1 0 118 285 0 5
"225" 225 0.0927152317881 0 0 1 0 0 0 0 0 0 0 499 0 0 0 0 0 0 0 0 0
"226" 226 0.0114068441065 0 0 0 0 0 0 0 0 0 0 0 0 0 0 0 0 0 0 500 0
"227" 227 0.119496855346 0 0 0 0 0 0 0 500 0 0 0 0 0 0 0 0 0 0 0 0
"228" 228 0.171548117155 0 0 0 0 0 0 0 0 0 19 0 0 0 0 0 0 0 0 481 0
"229" 229 0.165803108808 0 455 0 0 0 0 0 0 0 0 0 0 0 2 0 0 0 43 0 0
"230" 230 0.0 0 0 0 0 0 0 0 0 491 0 8 0 0 0 0 0 0 0 0 1
"231" 231 0.0 0 0 0 0 0 0 0 0 0 0 0 0 0 0 0 0 500 0 0 0
"232" 232 0.0802919708029 0 0 0 0 0 0 0 0 0 0 0 0 0 0 500 0 0 0 0 0
"233" 233 0.0948905109489 0 0 0 10 0 0 0 0 0 2 5 0 8 1 455 16 0 0 2 1
"234" 234 0.0 0 0 0 0 0 0 0 0 0 0 0 0 0 0 500 0 0 0 0 0
"235" 235 0.0275229357798 0 0 0 0 0 0 0 0 0 0 0 0 0 130 0 0 0 0 0 370
"236" 236 0.0 0 0 0 0 4 0 0 0 0 0 0 0 0 0 0 0 0 0 0 496
"237" 237 0.0137614678899 0 0 0 0 0 0 0 0 0 0 1 0 0 0 0 0 0 0 0 499
"238" 238 0.0179372197309 0 0 0 0 500 0 0 0 0 0 0 0 0 0 0 0 0 0 0 0
"239" 239 0.0 0 0 10 0 0 0 0 0 0 0 490 0 0 0 0 0 0 0 0 0
"240" 240 0.346153846154 0 0 0 0 0 0 0 0 0 0 0 500 0 0 0 0 0 0 0 0
"241" 241 0.109489051095 0 0 0 0 0 0 0 0 0 0 0 0 0 495 5 0 0 0 0 0
"242" 242 0.430379746835 0 0 0 0 0 500 0 0 0 0 0 0 0 0 0 0 0 0 0 0
"243" 243 0.567307692308 0 0 0 0 0 0 0 0 0 0 0 500 0 0 0 0 0 0 0 0
"244" 244 0.852713178295 0 40 412 14 0 1 0 1 8 0 0 1 0 1 0 3 0 19 0 0
"245" 245 0.367875647668 0 1 0 5 404 26 0 0 0 0 1 0 0 18 1 0 0 42 0 2
"246" 246 0.370558375635 0 0 0 0 0 0 490 0 0 0 0 0 0 0 0 0 10 0 0 0
"247" 247 0.211009174312 0 0 0 0 106 1 0 0 0 0 0 0 0 6 3 0 0 381 0 3
"248" 248 0.0228136882129 0 0 0 0 0 0 0 0 0 0 0 0 0 0 0 0 0 0 500 0
"249" 249 0.709302325581 0 1 6 25 9 11 0 0 340 0 0 0 0 103 0 0 0 4 0 1
"250" 250 0.221153846154 0 0 0 0 0 0 0 0 0 0 0 500 0 0 0 0 0 0 0 0
"251" 251 0.21511627907 0 0 0 0 0 0 0 0 76 0 55 1 0 0 0 0 368 0 0 0
"252" 252 0.568965517241 0 438 0 8 8 12 0 0 5 0 4 0 0 0 1 0 3 21 0 0
"253" 253 0.165803108808 0 288 0 0 1 0 0 0 1 6 55 0 35 0 0 0 66 0 48 0
"254" 254 0.0 500 0 0 0 0 0 0 0 0 0 0 0 0 0 0 0 0 0 0 0
"255" 255 0.251773049645 0 0 0 0 0 0 0 0 0 0 0 0 0 0 0 500 0 0 0 0
"256" 256 0.529197080292 0 0 0 1 1 4 0 0 0 0 0 0 0 0 1 0 0 493 0 0
"257" 257 0.320675105485 0 1 0 8 222 1 7 0 0 0 96 0 0 0 112 0 0 16 37 0
"258" 258 0.0 0 0 0 0 0 0 500 0 0 0 0 0 0 0 0 0 0 0 0 0
"259" 259 0.294573643411 0 0 0 0 0 488 0 0 0 0 8 0 0 0 0 0 0 4 0 0
"260" 260 0.654008438819 0 0 0 0 1 499 0 0 0 0 0 0 0 0 0 0 0 0 0 0
"261" 261 0.60103626943 0 3 0 0 1 379 0 0 0 0 0 0 0 0 2 0 0 115 0 0
"262" 262 0.178571428571 0 0 0 0 0 0 0 0 0 0 0 0 0 0 0 0 0 500 0 0
"263" 263 0.201923076923 0 0 0 0 0 0 0 0 0 0 0 500 0 0 0 0 0 0 0 0
"264" 264 0.635220125786 0 0 0 0 0 0 0 500 0 0 0 0 0 0 0 0 0 0 0 0
"265" 265 0.341772151899 0 455 14 14 0 8 0 0 1 0 4 0 0 0 0 0 0 3 0 1
"266" 266 0.031007751938 0 0 0 0 0 0 0 0 0 0 500 0 0 0 0 0 0 0 0 0
"267" 267 0.0753138075314 0 0 0 0 0 0 0 0 0 500 0 0 0 0 0 0 0 0 0 0
"268" 268 0.393305439331 0 0 0 0 0 0 0 0 0 9 0 0 0 0 0 0 0 0 491 0
"269" 269 0.291139240506 0 0 0 0 0 500 0 0 0 0 0 0 0 0 0 0 0 0 0 0
"270" 270 0.0961538461538 0 0 0 0 0 0 0 0 0 0 0 500 0 0 0 0 0 0 0 0
"271" 271 0.0387596899225 0 0 0 0 0 0 0 0 0 0 500 0 0 0 0 0 0 0 0 0
"272" 272 0.570921985816 0 347 0 7 19 78 0 0 12 0 7 1 0 1 10 0 9 9 0 0
"273" 273 0.00662251655629 0 0 2 0 0 0 0 0 0 0 498 0 0 0 0 0 0 0 0 0
"274" 274 0.117948717949 0 407 0 25 20 0 0 0 0 0 33 0 0 0 0 1 0 6 8 0
"275" 275 0.0919540229885 0 0 0 0 0 0 1 0 0 0 0 0 0 0 13 0 485 1 0 0
"276" 276 0.308457711443 0 3 0 2 10 68 1 0 0 0 10 0 0 385 3 3 0 15 0 0
"277" 277 0.29197080292 0 0 0 0 0 20 0 0 0 0 37 0 0 0 430 0 0 6 0 7
"278" 278 0.125 0 5 0 0 11 0 120 0 0 0 129 11 0 7 12 0 25 127 1 52
"279" 279 0.366972477064 0 0 0 0 192 5 0 0 0 0 2 0 0 0 9 0 10 17 0 265
"280" 280 0.240384615385 0 1 1 2 7 4 0 0 0 0 100 347 0 9 1 0 0 27 0 1
"281" 281 0.105769230769 0 0 0 0 0 10 0 0 0 0 91 0 0 0 64 0 0 335 0 0
"282" 282 0.15503875969 0 4 2 0 2 0 0 0 0 0 487 0 0 0 0 0 0 5 0 0
"283" 283 0.481171548117 0 0 0 0 8 397 0 0 0 3 7 0 0 8 14 33 0 12 18 0
"284" 284 0.14367816092 0 0 0 0 183 115 0 0 1 0 2 0 0 0 15 0 173 8 0 3
"285" 285 0.313432835821 0 0 0 0 0 2 0 0 0 0 0 0 0 486 0 0 0 12 0 0
"286" 286 0.367816091954 0 259 0 0 0 95 0 0 0 0 2 0 0 0 9 0 2 133 0 0
"287" 287 0.517412935323 0 9 1 1 36 290 0 0 2 1 13 0 0 2 4 1 0 136 3 1
"288" 288 0.32319391635 0 1 0 1 0 0 55 0 0 1 0 0 0 1 0 103 0 1 337 0
"289" 289 0.626943005181 0 4 1 39 17 345 0 0 0 0 4 0 0 7 64 1 0 18 0 0
"290" 290 0.71875 0 0 0 175 3 123 0 0 0 0 0 0 6 3 2 0 0 181 7 0
"291" 291 0.659898477157 0 3 295 2 5 104 0 0 0 1 8 14 0 10 2 0 0 54 2 0
