"site" "RSA" "aa1" "aa2" "aa3" "aa4" "aa5" "aa6" "aa7" "aa8" "aa9" "aa10" "aa11" "aa12" "aa13" "aa14" "aa15" "aa16" "aa17" "aa18" "aa19" "aa20"
"0" 0 0.883408071749 0 20 65 7 78 25 13 39 89 0 15 76 0 9 5 0 10 43 0 6
"1" 1 0.759615384615 0 0 0 0 0 0 0 0 0 0 0 500 0 0 0 0 0 0 0 0
"2" 2 0.336538461538 0 0 0 0 0 0 0 0 0 0 0 500 0 0 0 0 0 0 0 0
"3" 3 0.114427860697 0 0 0 0 0 0 8 0 0 0 0 0 0 490 0 0 2 0 0 0
"4" 4 0.276785714286 0 3 5 1 12 51 78 0 42 1 15 1 0 2 26 0 81 179 0 3
"5" 5 0.678571428571 0 88 7 44 34 78 24 0 15 0 51 6 0 34 12 0 27 68 3 9
"6" 6 0.193798449612 0 6 1 17 47 189 1 0 0 0 21 0 0 127 75 2 1 9 0 4
"7" 7 0.0 0 0 0 0 0 0 5 0 0 0 0 0 0 494 0 0 1 0 0 0
"8" 8 0.383211678832 0 1 1 1 74 167 107 0 4 0 14 1 0 12 51 0 8 50 0 9
"9" 9 0.387596899225 0 26 6 40 43 139 24 0 13 0 50 3 1 56 32 2 9 43 5 8
"10" 10 0.177304964539 0 0 0 0 0 0 0 0 0 0 1 0 0 3 0 496 0 0 0 0
"11" 11 0.0696517412935 0 1 0 0 48 0 9 0 5 4 13 0 0 374 7 23 0 1 1 14
"12" 12 0.609489051095 0 22 14 48 31 135 1 0 3 0 34 5 0 84 64 0 1 30 2 26
"13" 13 0.723214285714 0 1 14 4 20 116 0 0 33 10 78 13 7 31 17 1 0 63 37 55
"14" 14 0.481865284974 0 14 1 6 22 21 36 0 6 15 11 2 10 121 3 15 9 103 83 22
"15" 15 0.194029850746 0 58 18 21 7 7 0 0 2 0 270 4 0 34 24 0 0 1 0 54
"16" 16 0.586538461538 0 0 0 0 0 0 0 0 0 0 0 500 0 0 0 0 0 0 0 0
"17" 17 0.816143497758 0 92 108 41 28 29 0 39 38 0 14 14 0 14 30 1 4 40 1 7
"18" 18 0.240384615385 0 0 0 0 0 0 0 0 0 0 0 500 0 0 0 0 0 0 0 0
"19" 19 0.217616580311 0 462 0 37 0 1 0 0 0 0 0 0 0 0 0 0 0 0 0 0
"20" 20 0.482587064677 0 71 23 66 40 79 2 0 10 2 44 21 1 29 18 4 9 58 6 17
"21" 21 0.610465116279 0 92 14 24 11 50 13 0 39 25 36 12 6 23 7 7 8 92 36 5
"22" 22 0.0728476821192 0 0 226 0 0 0 0 0 0 0 272 2 0 0 0 0 0 0 0 0
"23" 23 0.427860696517 0 17 2 58 45 100 13 0 5 6 41 0 2 94 71 1 0 26 10 9
"24" 24 0.726368159204 0 46 11 39 68 84 13 0 42 1 42 2 1 14 45 8 0 76 5 3
"25" 25 0.655172413793 0 9 12 26 25 38 7 0 70 34 0 3 62 47 2 1 14 15 133 2
"26" 26 0.0862068965517 0 0 0 0 0 0 106 0 0 0 0 0 0 0 0 0 394 0 0 0
"27" 27 0.427672955975 0 3 0 0 0 0 0 485 0 0 1 0 8 0 0 0 0 2 0 1
"28" 28 0.647321428571 0 108 9 15 12 46 0 103 11 0 50 10 1 3 9 0 2 121 0 0
"29" 29 0.751295336788 0 69 18 203 17 29 3 0 47 2 2 18 16 33 6 1 3 12 13 8
"30" 30 0.283582089552 0 2 0 2 22 9 0 0 0 0 0 0 0 457 1 0 0 2 0 5
"31" 31 0.526785714286 0 0 1 4 2 8 91 0 1 13 3 0 0 84 2 0 26 184 81 0
"32" 32 0.0769230769231 0 0 22 0 0 0 0 0 0 0 11 467 0 0 0 0 0 0 0 0
"33" 33 0.258928571429 0 0 6 0 19 6 89 0 0 0 4 0 0 8 67 0 24 249 0 28
"34" 34 0.0 0 0 87 0 0 0 0 0 0 0 407 6 0 0 0 0 0 0 0 0
"35" 35 0.0574712643678 0 0 1 0 1 2 99 0 27 1 3 0 0 0 5 0 360 0 1 0
"36" 36 0.00507614213198 0 0 0 0 0 0 466 0 0 0 0 0 0 0 0 0 34 0 0 0
"37" 37 0.169154228856 0 0 1 3 15 111 7 0 10 0 3 2 0 258 27 3 7 32 2 19
"38" 38 0.0 0 0 5 0 0 0 0 0 0 0 495 0 0 0 0 0 0 0 0 0
"39" 39 0.37552742616 0 9 4 57 105 13 0 0 0 0 46 38 0 7 9 0 0 64 0 148
"40" 40 0.25 0 1 1 0 11 5 0 0 30 0 2 0 0 0 4 0 0 427 0 19
"41" 41 0.394230769231 0 0 28 0 1 0 0 324 0 0 40 95 0 0 10 0 0 0 0 2
"42" 42 0.0 0 0 0 0 0 0 0 0 0 0 0 500 0 0 0 0 0 0 0 0
"43" 43 0.0 0 0 0 0 0 0 4 0 0 0 0 0 0 0 0 0 496 0 0 0
"44" 44 0.0 0 1 6 2 0 0 1 0 4 0 62 4 0 319 0 0 101 0 0 0
"45" 45 0.0 0 0 49 0 0 0 0 0 0 0 451 0 0 0 0 0 0 0 0 0
"46" 46 0.0 0 0 0 0 0 0 0 0 0 0 0 500 0 0 0 0 0 0 0 0
"47" 47 0.0547263681592 0 0 1 0 0 0 0 0 0 0 1 0 0 498 0 0 0 0 0 0
"48" 48 0.301418439716 0 0 1 0 0 0 0 0 0 0 0 0 0 0 0 499 0 0 0 0
"49" 49 0.00574712643678 0 0 0 0 0 0 0 0 1 0 0 0 0 0 0 0 499 0 0 0
"50" 50 0.0 0 0 1 0 0 0 0 0 0 0 499 0 0 0 0 0 0 0 0 0
"51" 51 0.410714285714 0 0 2 0 25 156 0 0 0 1 37 1 3 2 18 0 0 229 1 25
"52" 52 0.375912408759 0 7 0 12 16 16 2 0 0 1 15 1 3 354 3 38 0 10 3 19
"53" 53 0.00574712643678 0 0 0 0 0 0 0 0 1 0 0 0 0 0 0 0 499 0 0 0
"54" 54 0.0 0 0 0 0 0 0 0 0 0 408 0 0 0 0 0 0 0 0 92 0
"55" 55 0.279069767442 0 3 0 2 11 25 12 0 8 15 14 1 0 119 208 16 3 19 40 4
"56" 56 0.164179104478 0 0 0 2 5 4 42 0 0 0 2 0 1 420 0 1 0 22 0 1
"57" 57 0.217054263566 0 0 0 0 0 0 0 0 0 0 497 3 0 0 0 0 0 0 0 0
"58" 58 0.108808290155 0 500 0 0 0 0 0 0 0 0 0 0 0 0 0 0 0 0 0 0
"59" 59 0.691823899371 0 0 7 0 1 7 0 458 4 0 4 1 1 2 2 7 0 1 4 1
"60" 60 0.594890510949 0 0 0 0 0 0 0 0 0 0 0 0 0 0 500 0 0 0 0 0
"61" 61 0.104651162791 0 0 3 0 0 0 0 0 490 0 7 0 0 0 0 0 0 0 0 0
"62" 62 0.240310077519 0 0 13 3 14 14 55 0 25 5 3 0 2 16 144 3 126 40 26 11
"63" 63 0.0794979079498 0 0 0 0 0 0 0 0 0 490 0 0 0 0 0 0 0 0 10 0
"64" 64 0.354651162791 0 2 1 2 226 17 67 0 11 5 3 0 12 29 9 1 82 15 5 13
"65" 65 0.40251572327 0 0 0 0 1 0 0 498 0 0 1 0 0 0 0 0 0 0 0 0
"66" 66 0.422885572139 0 2 0 16 29 24 0 0 2 0 1 1 16 394 2 0 0 6 0 7
"67" 67 0.155172413793 0 0 0 0 0 0 1 0 4 0 1 0 0 0 0 0 494 0 0 0
"68" 68 0.519379844961 0 33 31 62 108 59 0 1 0 1 38 17 8 56 14 2 2 43 6 19
"69" 69 0.263392857143 0 0 0 0 0 0 0 0 0 0 0 0 0 0 0 0 0 500 0 0
"70" 70 0.115384615385 0 0 0 0 0 0 0 0 0 0 0 500 0 0 0 0 0 0 0 0
"71" 71 0.240310077519 0 1 3 0 121 19 0 0 0 0 17 1 0 5 2 0 0 329 0 2
"72" 72 0.434306569343 0 0 8 0 11 49 0 0 6 1 9 0 46 0 27 5 0 324 6 8
"73" 73 0.0747126436782 0 0 0 0 0 0 0 0 13 0 1 0 0 0 0 0 486 0 0 0
"74" 74 0.488372093023 0 8 17 20 137 61 10 0 79 2 7 8 3 60 7 1 33 26 15 6
"75" 75 0.660714285714 0 0 11 0 55 233 0 92 0 0 34 0 0 0 22 0 0 53 0 0
"76" 76 0.490384615385 0 0 0 0 0 0 0 0 0 0 0 500 0 0 0 0 0 0 0 0
"77" 77 0.25 0 0 3 0 319 15 0 0 118 0 14 0 0 0 10 0 0 7 0 14
"78" 78 0.325892857143 0 2 2 1 13 12 4 1 0 0 5 0 0 2 3 0 6 445 0 4
"79" 79 0.0 0 0 0 0 0 0 61 0 0 0 0 0 0 1 0 0 438 0 0 0
"80" 80 0.0 0 0 3 0 0 0 0 0 0 0 495 2 0 0 0 0 0 0 0 0
"81" 81 0.262773722628 0 0 14 0 2 3 1 0 6 0 3 0 0 0 456 0 9 6 0 0
"82" 82 0.0 0 0 0 0 0 0 35 0 0 0 0 0 0 0 0 0 465 0 0 0
"83" 83 0.368613138686 0 0 9 0 26 31 25 0 19 1 10 1 1 0 281 1 32 49 5 9
"84" 84 0.0480769230769 0 0 0 0 0 0 0 0 0 0 0 500 0 0 0 0 0 0 0 0
"85" 85 0.100628930818 0 0 0 0 0 0 0 500 0 0 0 0 0 0 0 0 0 0 0 0
"86" 86 0.044776119403 0 0 0 0 0 2 0 0 2 0 12 0 0 379 0 1 97 6 0 1
"87" 87 0.233576642336 0 0 0 0 128 0 130 1 0 0 0 0 1 0 228 0 12 0 0 0
"88" 88 0.0480769230769 0 0 0 0 0 0 0 0 0 0 0 500 0 0 0 0 0 0 0 0
"89" 89 0.0 0 0 0 0 0 0 498 0 0 0 0 0 0 0 0 0 2 0 0 0
"90" 90 0.223880597015 0 1 0 6 5 46 12 0 3 0 6 1 1 352 16 0 4 28 0 19
"91" 91 0.100775193798 0 0 76 0 15 110 0 0 66 0 190 1 0 0 25 0 0 8 0 9
"92" 92 0.0 0 0 0 0 0 0 0 0 0 0 0 500 0 0 0 0 0 0 0 0
"93" 93 0.214285714286 0 0 69 0 13 151 0 0 4 0 46 10 0 0 113 0 0 62 0 32
"94" 94 0.361313868613 0 88 3 19 22 132 29 4 35 2 23 1 0 21 16 22 33 34 2 14
"95" 95 0.0646766169154 0 0 0 0 0 0 1 0 0 0 0 0 0 496 0 0 3 0 0 0
"96" 96 0.0 0 0 0 0 0 0 0 0 0 0 500 0 0 0 0 0 0 0 0 0
"97" 97 0.00995024875622 0 0 0 4 0 0 2 0 0 0 0 0 0 217 1 0 3 0 0 273
"98" 98 0.430769230769 0 27 21 24 23 34 4 0 47 3 73 7 8 9 12 2 0 180 9 17
"99" 99 0.044776119403 0 0 0 0 0 0 2 0 0 0 0 0 0 495 0 0 0 3 0 0
"100" 100 0.00497512437811 0 0 0 0 0 0 0 0 0 0 0 0 0 500 0 0 0 0 0 0
"101" 101 0.107623318386 0 0 2 0 23 20 0 0 1 0 9 0 0 0 397 0 0 16 0 32
"102" 102 0.178832116788 0 0 1 0 2 0 0 0 2 0 0 0 2 1 491 0 0 1 0 0
"103" 103 0.00995024875622 0 0 0 0 0 0 0 0 0 0 0 0 0 498 0 0 0 0 0 2
"104" 104 0.0 0 0 350 0 0 0 0 0 0 0 149 1 0 0 0 0 0 0 0 0
"105" 105 0.0288461538462 0 0 0 0 0 0 0 0 0 0 0 500 0 0 0 0 0 0 0 0
"106" 106 0.0 0 0 0 0 0 0 497 0 0 0 0 0 0 0 0 0 3 0 0 0
"107" 107 0.0 0 0 0 0 0 0 0 0 0 0 500 0 0 0 0 0 0 0 0 0
"108" 108 0.168604651163 0 1 24 0 0 1 0 0 455 3 3 1 0 0 1 3 0 0 4 4
"109" 109 0.213930348259 0 0 0 0 2 1 0 0 4 1 0 0 0 449 2 0 10 30 0 1
"110" 110 0.0 0 0 4 0 0 0 0 0 245 0 251 0 0 0 0 0 0 0 0 0
"111" 111 0.167883211679 0 0 0 0 0 0 0 0 0 0 0 0 0 0 500 0 0 0 0 0
"112" 112 0.22480620155 0 16 4 27 51 193 0 0 0 0 34 0 1 99 41 9 0 15 3 7
"113" 113 0.0380228136882 0 0 0 0 0 0 0 0 0 420 0 0 0 0 0 0 0 0 80 0
"114" 114 0.252873563218 0 0 8 3 6 10 25 0 5 7 88 1 5 3 4 19 276 5 19 16
"115" 115 0.473214285714 0 48 1 23 13 30 3 0 0 0 8 1 0 50 256 0 3 61 0 3
"116" 116 0.178294573643 0 0 11 0 12 16 0 0 0 0 453 3 0 0 1 0 0 4 0 0
"117" 117 0.0298507462687 0 0 8 46 3 0 0 0 342 0 16 3 0 69 0 0 13 0 0 0
"118" 118 0.596899224806 0 6 97 7 25 123 0 0 0 1 48 3 7 31 45 0 0 83 17 7
"119" 119 0.846153846154 0 0 0 0 0 0 0 0 0 0 0 500 0 0 0 0 0 0 0 0
"120" 120 0.255813953488 0 0 9 3 99 0 0 0 175 108 1 0 2 1 1 3 0 1 97 0
"121" 121 0.616033755274 0 76 46 69 24 23 1 0 137 0 7 16 3 30 31 0 8 24 0 5
"122" 122 0.093023255814 0 0 4 0 0 0 0 0 0 0 495 1 0 0 0 0 0 0 0 0
"123" 123 0.260089686099 0 1 0 2 424 15 0 0 0 11 1 1 4 4 4 7 0 1 24 1
"124" 124 0.0203045685279 0 0 0 0 0 0 420 0 0 0 0 0 0 0 0 0 80 0 0 0
"125" 125 0.0646766169154 0 0 0 0 1 0 0 0 0 0 0 0 0 498 0 0 0 1 0 0
"126" 126 0.00518134715026 0 391 2 71 0 0 0 0 2 0 2 31 0 0 0 0 1 0 0 0
"127" 127 0.139534883721 0 0 102 0 0 0 0 0 290 0 1 107 0 0 0 0 0 0 0 0
"128" 128 0.332116788321 0 118 11 114 17 26 0 0 31 0 4 10 6 9 108 0 1 5 1 39
"129" 129 0.535864978903 0 31 10 122 114 56 1 0 3 4 28 6 32 7 22 2 7 17 10 28
"130" 130 0.122093023256 0 0 5 6 0 1 0 0 342 2 1 3 1 0 0 0 138 0 0 1
"131" 131 0.28488372093 0 0 10 0 16 3 0 0 379 0 1 0 10 0 71 0 0 6 0 4
"132" 132 0.761006289308 0 3 6 0 3 6 1 447 9 0 1 1 0 2 0 0 2 19 0 0
"133" 133 0.682692307692 0 0 0 0 0 0 0 0 0 0 0 500 0 0 0 0 0 0 0 0
"134" 134 0.1592039801 0 0 2 12 10 49 0 0 0 103 0 0 19 2 83 0 0 7 176 37
"135" 135 0.204379562044 0 0 34 0 23 2 0 0 107 0 67 2 1 0 4 0 0 255 0 5
"136" 136 0.410852713178 0 282 12 22 18 5 8 0 19 1 19 12 1 19 2 2 9 58 1 10
"137" 137 0.0497512437811 0 0 0 0 0 0 0 0 0 0 0 0 0 500 0 0 0 0 0 0
"138" 138 0.0 0 0 0 0 0 0 0 0 0 0 0 0 0 0 0 0 0 500 0 0
"139" 139 0.042194092827 0 11 10 11 15 38 3 0 0 0 33 6 3 10 290 48 3 2 0 17
"140" 140 0.163498098859 0 0 0 0 0 1 0 0 0 0 0 0 0 0 0 0 0 1 498 0
"141" 141 0.0 0 0 0 0 0 0 0 0 0 0 500 0 0 0 0 0 0 0 0 0
"142" 142 0.0 0 0 0 0 0 0 22 0 5 0 24 0 0 0 0 0 448 1 0 0
"143" 143 0.459854014599 0 20 6 28 61 144 7 0 0 0 48 7 29 5 24 1 9 79 0 32
"144" 144 0.132183908046 0 0 0 0 0 0 2 0 4 0 12 0 0 0 0 0 481 0 0 1
"145" 145 0.0 0 0 0 0 0 0 0 0 0 0 0 500 0 0 0 0 0 0 0 0
"146" 146 0.394230769231 0 0 0 0 0 0 0 0 0 0 0 500 0 0 0 0 0 0 0 0
"147" 147 0.0288461538462 0 0 1 0 0 0 0 0 0 0 13 486 0 0 0 0 0 0 0 0
"148" 148 0.496350364964 0 2 0 4 16 13 0 0 0 6 0 0 4 42 367 1 0 8 36 1
"149" 149 0.261538461538 0 3 385 11 17 2 0 0 12 0 23 2 0 10 14 0 0 19 0 2
"150" 150 0.200956937799 0 2 5 0 0 0 0 0 1 0 1 489 2 0 0 0 0 0 0 0
"151" 151 0.0985401459854 0 0 3 0 3 1 0 325 0 0 55 112 0 0 0 0 0 1 0 0
"152" 152 0.3536121673 0 11 10 31 28 70 3 0 18 0 39 18 1 4 214 0 9 33 1 10
"153" 153 0.0288461538462 0 20 207 0 0 0 0 0 0 0 0 273 0 0 0 0 0 0 0 0
"154" 154 0.572139303483 0 81 66 54 22 28 0 89 41 0 17 21 6 25 4 3 3 29 3 8
"155" 155 0.627615062762 0 57 48 65 23 25 2 0 128 7 10 9 5 19 25 22 14 32 6 3
"156" 156 0.316062176166 0 496 0 0 1 0 0 0 0 0 0 0 0 0 2 0 0 1 0 0
"157" 157 0.173076923077 0 0 9 0 19 0 1 0 5 0 3 388 4 2 0 0 4 61 0 4
"158" 158 0.177664974619 0 0 0 0 1 0 236 0 2 0 0 0 0 0 0 0 258 0 0 3
"159" 159 0.0796019900498 0 1 1 0 19 3 145 0 7 2 1 0 0 61 10 0 134 109 2 5
"160" 160 0.0995024875622 0 0 0 0 1 0 0 0 0 0 0 0 0 499 0 0 0 0 0 0
"161" 161 0.282700421941 0 1 68 1 1 1 0 0 411 0 0 1 0 0 14 0 0 2 0 0
"162" 162 0.308035714286 0 12 0 5 8 20 0 0 14 0 5 2 0 7 3 0 2 417 1 4
"163" 163 0.630769230769 0 114 40 74 34 66 3 0 9 0 50 11 0 21 21 2 5 30 0 20
"164" 164 0.435406698565 0 7 0 0 1 0 0 0 0 0 0 0 487 0 0 0 0 2 1 2
"165" 165 0.0747126436782 0 0 0 34 1 0 53 0 1 0 21 1 0 0 0 0 389 0 0 0
"166" 166 0.63503649635 0 10 1 8 9 17 12 0 1 0 6 1 0 26 391 0 3 11 0 4
"167" 167 0.627906976744 0 14 46 19 58 68 0 0 59 0 127 8 3 17 11 13 0 41 3 13
"168" 168 0.093023255814 0 0 5 0 0 0 0 0 0 0 493 2 0 0 0 0 0 0 0 0
"169" 169 0.673076923077 0 0 0 0 0 0 0 0 0 0 0 500 0 0 0 0 0 0 0 0
"170" 170 0.182692307692 0 0 0 0 0 0 0 0 0 0 0 500 0 0 0 0 0 0 0 0
"171" 171 0.00574712643678 0 0 0 0 0 0 2 0 6 0 5 0 0 0 0 0 487 0 0 0
"172" 172 0.0384615384615 0 0 20 0 1 2 0 0 0 0 458 12 0 0 1 2 0 3 1 0
"173" 173 0.34375 0 3 0 4 8 13 1 0 4 1 3 0 1 13 5 0 3 440 1 0
"174" 174 0.031007751938 0 0 1 0 0 0 0 0 0 0 499 0 0 0 0 0 0 0 0 0
"175" 175 0.0 0 0 0 0 0 0 0 0 0 0 0 0 0 0 0 0 500 0 0 0
"176" 176 0.481751824818 0 5 3 27 10 190 20 0 5 1 36 1 2 37 155 0 1 3 0 4
"177" 177 0.386861313869 0 4 1 4 105 7 2 0 2 0 3 0 0 15 330 0 0 15 4 8
"178" 178 0.124031007752 0 0 5 0 0 0 0 0 0 0 489 6 0 0 0 0 0 0 0 0
"179" 179 0.409282700422 0 0 66 1 4 308 8 0 0 0 69 4 0 4 22 0 10 2 0 2
"180" 180 0.627906976744 0 24 51 130 28 25 0 0 0 4 182 8 2 1 9 27 0 5 1 3
"181" 181 0.722627737226 0 5 31 117 6 24 0 0 26 18 1 5 92 2 126 0 0 9 29 9
"182" 182 0.22480620155 0 0 22 0 0 0 0 0 0 0 472 6 0 0 0 0 0 0 0 0
"183" 183 0.314465408805 0 3 2 0 0 1 0 485 1 0 0 0 2 2 1 0 0 3 0 0
"184" 184 0.885167464115 0 41 177 31 28 25 1 5 20 0 19 19 2 12 6 14 5 90 2 3
"185" 185 0.631178707224 0 60 17 109 37 36 8 0 38 6 5 15 9 23 12 18 14 18 68 7
"186" 186 0.199004975124 0 0 0 0 2 0 0 0 0 0 0 0 0 498 0 0 0 0 0 0
"187" 187 0.569620253165 0 18 2 25 15 62 0 0 2 3 8 10 2 315 14 0 1 14 8 1
"188" 188 0.0172413793103 0 0 0 0 0 0 1 0 3 0 0 0 0 0 0 0 496 0 0 0
"189" 189 0.0223214285714 0 0 29 0 63 12 0 0 6 0 309 8 0 2 0 0 0 64 0 7
"190" 190 0.0 0 0 0 0 0 0 0 0 0 0 0 0 0 0 0 0 500 0 0 0
"191" 191 0.0892857142857 0 0 4 0 86 74 15 0 6 3 7 4 1 14 91 3 19 127 6 40
"192" 192 0.0 0 0 0 0 0 0 0 0 2 0 0 0 0 0 0 0 498 0 0 0
"193" 193 0.434306569343 0 1 133 0 7 7 0 0 343 1 0 3 1 0 3 0 0 0 1 0
"194" 194 0.192052980132 0 12 431 2 0 0 0 0 0 0 6 1 46 0 2 0 0 0 0 0
"195" 195 0.164179104478 0 0 1 0 0 0 0 0 3 0 0 0 0 495 0 0 0 0 0 1
"196" 196 0.584821428571 0 144 7 45 45 49 9 0 19 2 43 11 3 24 15 2 17 56 1 8
"197" 197 0.138392857143 0 4 0 0 49 1 0 0 0 0 0 0 0 0 0 0 0 446 0 0
"198" 198 0.0 0 0 0 0 0 0 0 0 0 0 0 0 0 500 0 0 0 0 0 0
"199" 199 0.361607142857 0 14 8 42 69 155 8 0 4 0 42 1 0 87 27 3 0 25 0 15
"200" 200 0.375 0 20 0 16 93 131 0 0 0 2 32 0 1 95 17 37 0 44 2 10
"201" 201 0.0 0 0 0 0 0 0 0 0 0 0 500 0 0 0 0 0 0 0 0 0
"202" 202 0.139303482587 0 0 0 0 1 0 4 0 0 0 0 0 0 487 0 0 0 0 0 8
"203" 203 0.705357142857 0 127 12 71 41 61 9 0 25 1 42 1 1 15 21 23 0 43 4 3
"204" 204 0.124031007752 0 0 0 0 0 0 0 0 0 0 494 6 0 0 0 0 0 0 0 0
"205" 205 0.269230769231 0 0 0 0 0 0 0 0 0 0 0 500 0 0 0 0 0 0 0 0
"206" 206 0.0387596899225 0 0 0 0 0 0 0 0 0 0 500 0 0 0 0 0 0 0 0 0
"207" 207 0.269430051813 0 368 1 5 8 11 0 0 0 1 1 0 99 0 0 0 0 4 0 2
"208" 208 0.164179104478 0 0 1 1 25 15 99 0 2 3 3 0 3 190 28 0 76 24 5 25
"209" 209 0.0 0 0 0 0 0 0 493 0 0 0 0 0 0 0 0 0 7 0 0 0
"210" 210 0.0149253731343 0 0 3 0 9 1 219 0 20 3 9 1 4 3 43 11 88 67 1 18
"211" 211 0.00995024875622 0 0 0 0 0 0 0 0 0 0 0 0 0 500 0 0 0 0 0 0
"212" 212 0.145077720207 0 64 25 61 13 28 35 0 4 3 12 4 1 32 6 14 163 16 5 14
"213" 213 0.389743589744 0 36 11 173 29 155 0 0 0 0 3 38 6 0 22 0 0 24 0 3
"214" 214 0.092050209205 0 0 0 0 0 0 0 0 0 500 0 0 0 0 0 0 0 0 0 0
"215" 215 0.522012578616 0 7 3 1 2 3 1 479 0 0 1 0 0 0 1 0 1 1 0 0
"216" 216 0.273631840796 0 8 22 2 1 11 4 6 9 0 30 16 1 317 5 9 10 44 1 4
"217" 217 0.589285714286 0 119 10 31 20 38 23 0 53 1 44 17 2 21 8 0 22 83 2 6
"218" 218 0.170542635659 0 83 1 28 36 69 0 0 0 0 65 0 1 4 9 2 0 46 1 155
"219" 219 0.0497512437811 0 0 9 0 8 5 0 0 0 0 140 0 3 238 4 0 0 32 0 61
"220" 220 0.510948905109 0 1 5 1 38 131 82 0 5 2 64 2 2 29 74 18 4 19 12 11
"221" 221 0.227678571429 0 2 0 2 7 20 14 0 1 0 1 0 0 15 7 0 0 428 1 2
"222" 222 0.0 0 0 0 0 0 0 0 0 0 0 498 2 0 0 0 0 0 0 0 0
"223" 223 0.183908045977 0 0 0 0 1 0 1 0 0 0 5 0 0 0 0 0 493 0 0 0
"224" 224 0.598540145985 0 5 3 4 5 27 12 0 3 0 10 0 0 12 409 3 0 6 0 1
"225" 225 0.321167883212 0 3 0 3 190 9 106 0 2 0 8 1 1 111 41 0 5 10 2 8
"226" 226 0.00574712643678 0 1 0 1 0 0 0 0 7 0 0 0 0 0 0 0 491 0 0 0
"227" 227 0.557692307692 0 15 2 112 0 1 0 0 0 0 0 370 0 0 0 0 0 0 0 0
"228" 228 0.653846153846 0 0 0 0 0 0 0 0 0 0 0 500 0 0 0 0 0 0 0 0
"229" 229 0.580291970803 0 9 10 33 72 129 2 0 23 0 78 2 1 59 19 0 0 39 0 24
"230" 230 0.132183908046 0 0 0 1 0 2 0 0 0 132 0 0 9 0 23 7 58 0 268 0
"231" 231 0.295597484277 0 10 0 0 0 0 0 477 0 0 10 0 0 0 2 0 0 1 0 0
"232" 232 0.0199004975124 0 0 0 0 0 0 0 0 0 0 0 0 0 499 0 0 0 0 0 1
"233" 233 0.03125 0 0 0 0 3 2 170 0 8 2 0 0 3 0 0 0 299 13 0 0
"234" 234 0.0077519379845 0 0 39 0 6 0 0 0 1 56 311 3 1 0 0 0 0 0 64 19
"235" 235 0.152317880795 0 33 127 12 8 7 10 0 133 0 111 14 5 1 4 0 2 25 1 7
"236" 236 0.163461538462 0 0 0 0 0 0 0 0 0 0 0 500 0 0 0 0 0 0 0 0
"237" 237 0.605128205128 0 49 1 265 7 14 0 0 0 0 2 123 24 4 4 0 0 7 0 0
"238" 238 0.133027522936 0 0 7 1 208 0 77 0 6 0 35 1 0 0 6 0 118 14 0 27
"239" 239 0.348837209302 0 2 53 0 2 11 0 0 416 1 0 1 0 0 7 0 0 1 5 1
"240" 240 0.373134328358 0 0 0 3 1 0 0 0 0 0 1 0 1 480 3 0 0 7 0 4
"241" 241 0.71875 0 169 7 37 39 48 9 0 31 0 31 8 1 17 8 0 15 72 2 6
"242" 242 0.507299270073 0 39 0 85 51 35 31 0 2 0 41 5 17 7 104 14 14 36 2 17
"243" 243 0.0 0 0 13 0 0 0 0 0 0 0 445 42 0 0 0 0 0 0 0 0
"244" 244 0.413502109705 0 0 2 0 17 250 0 0 12 5 72 1 3 2 98 1 0 26 3 8
"245" 245 0.170542635659 0 24 20 43 21 14 2 0 9 7 184 4 4 50 12 78 0 20 6 2
"246" 246 0.0077519379845 0 22 5 4 5 0 0 0 0 4 425 1 2 1 0 7 0 0 22 2
"247" 247 0.0387596899225 0 0 1 0 0 0 0 0 0 0 493 6 0 0 0 0 0 0 0 0
"248" 248 0.589285714286 0 54 12 14 25 74 4 0 1 0 95 5 2 60 47 1 1 83 0 22
"249" 249 0.162790697674 0 3 0 47 1 0 0 0 0 1 437 4 2 0 0 0 0 0 5 0
"250" 250 0.221153846154 0 0 0 0 0 0 0 0 0 0 0 500 0 0 0 0 0 0 0 0
"251" 251 0.00574712643678 0 0 1 0 0 0 0 0 33 0 7 0 0 0 0 0 459 0 0 0
"252" 252 0.19170984456 0 142 0 2 2 3 0 0 0 1 1 0 344 0 0 0 0 1 2 2
"253" 253 0.285171102662 0 0 0 0 0 0 0 0 0 98 0 0 5 0 0 0 0 0 397 0
"254" 254 0.0 0 0 0 0 0 0 0 0 1 0 0 0 0 0 0 0 499 0 0 0
"255" 255 0.0198675496689 0 0 12 0 51 2 0 0 17 0 293 2 0 0 38 0 0 23 0 62
"256" 256 0.0 0 0 0 0 0 0 0 0 2 0 0 0 0 0 0 0 498 0 0 0
"257" 257 0.134615384615 0 46 120 12 12 17 0 90 2 1 120 15 2 3 8 2 2 45 2 1
"258" 258 0.147286821705 0 210 5 45 12 52 0 0 0 0 78 3 1 40 14 4 0 28 2 6
"259" 259 0.0 0 0 0 0 0 0 0 0 0 0 1 0 0 499 0 0 0 0 0 0
"260" 260 0.0290697674419 0 0 1 0 0 0 0 0 498 0 1 0 0 0 0 0 0 0 0 0
"261" 261 0.641148325359 0 1 7 1 29 161 0 0 0 1 98 17 0 26 44 0 0 107 3 5
"262" 262 0.523178807947 0 46 6 52 18 11 0 0 4 3 47 18 14 2 274 0 0 5 0 0
"263" 263 0.0697674418605 0 0 11 0 0 0 0 0 0 0 487 2 0 0 0 0 0 0 0 0
"264" 264 0.527426160338 0 9 28 14 10 47 4 78 21 2 13 2 10 14 161 0 24 55 2 6
"265" 265 0.387596899225 0 5 19 1 1 1 0 263 1 0 195 7 0 0 2 0 0 5 0 0
"266" 266 0.00497512437811 0 0 0 0 0 0 0 0 0 0 0 0 0 500 0 0 0 0 0 0
"267" 267 0.414507772021 0 168 16 177 12 42 0 0 2 0 16 3 9 6 33 7 0 6 1 2
"268" 268 0.0199004975124 0 0 0 0 0 0 2 0 0 0 0 0 0 498 0 0 0 0 0 0
"269" 269 0.17880794702 0 6 122 1 4 7 8 0 162 0 65 78 1 0 30 0 8 6 0 2
"270" 270 0.0746268656716 0 1 7 1 119 0 25 0 4 0 10 0 0 230 0 0 0 94 0 9
"271" 271 0.557213930348 0 3 5 2 37 21 101 0 10 15 3 0 10 19 5 1 164 70 30 4
"272" 272 0.258620689655 0 0 3 0 0 0 15 0 11 1 0 0 1 91 0 0 376 2 0 0
"273" 273 0.350574712644 0 7 9 6 15 20 159 0 6 0 4 0 1 20 37 0 157 46 3 10
"274" 274 0.824817518248 0 2 58 3 114 49 1 85 36 0 19 4 1 18 23 0 7 70 7 3
"275" 275 1.0 0 0 19 0 0 0 0 451 1 0 7 21 0 0 0 0 0 0 1 0
