"site" "RSA" "aa1" "aa2" "aa3" "aa4" "aa5" "aa6" "aa7" "aa8" "aa9" "aa10" "aa11" "aa12" "aa13" "aa14" "aa15" "aa16" "aa17" "aa18" "aa19" "aa20"
"0" 0 0.645348837209 0 24 26 14 29 3 2 276 51 0 8 7 0 0 3 0 36 13 0 8
"1" 1 0.451923076923 0 0 0 0 0 0 0 0 0 0 0 500 0 0 0 0 0 0 0 0
"2" 2 0.788461538462 0 0 0 0 0 0 0 0 0 0 0 500 0 0 0 0 0 0 0 0
"3" 3 0.743119266055 0 69 172 14 19 32 1 0 19 1 34 11 21 19 10 0 6 67 2 3
"4" 4 0.519379844961 0 16 240 7 4 87 0 3 11 0 48 7 0 32 26 1 0 11 1 6
"5" 5 0.0993377483444 0 3 141 0 0 0 0 0 0 0 299 4 53 0 0 0 0 0 0 0
"6" 6 0.704641350211 0 27 47 9 42 13 1 255 4 0 5 1 0 0 1 0 4 90 0 1
"7" 7 0.187943262411 0 0 2 12 20 0 2 0 28 173 0 0 1 0 0 19 0 0 243 0
"8" 8 0.0829015544041 0 500 0 0 0 0 0 0 0 0 0 0 0 0 0 0 0 0 0 0
"9" 9 0.533632286996 0 175 7 40 95 56 1 0 17 1 22 10 0 9 8 0 5 52 0 2
"10" 10 0.362869198312 0 0 0 1 1 411 5 0 2 0 0 0 0 66 2 0 7 1 0 4
"11" 11 0.0 0 0 0 0 0 0 0 0 0 0 0 500 0 0 0 0 0 0 0 0
"12" 12 0.0137614678899 0 0 0 0 4 0 4 0 0 0 12 1 0 456 0 0 8 4 0 11
"13" 13 0.259067357513 0 281 0 22 26 0 0 0 0 0 0 0 0 0 0 0 0 171 0 0
"14" 14 0.0761421319797 0 0 0 1 0 0 494 0 0 0 3 0 0 1 0 0 1 0 0 0
"15" 15 0.0 0 0 0 0 0 0 0 0 0 0 500 0 0 0 0 0 0 0 0 0
"16" 16 0.174904942966 0 0 0 0 0 0 0 0 0 195 0 0 0 2 0 0 0 0 302 1
"17" 17 0.424107142857 0 0 0 0 134 0 0 0 0 0 0 0 0 2 0 0 0 364 0 0
"18" 18 0.0714285714286 0 0 0 0 0 0 0 0 0 0 0 0 0 0 0 0 0 500 0 0
"19" 19 0.0077519379845 0 0 0 0 0 0 0 0 0 0 500 0 0 0 0 0 0 0 0 0
"20" 20 0.243781094527 0 0 0 0 6 3 1 0 0 0 0 0 0 487 2 0 0 1 0 0
"21" 21 0.358208955224 0 1 2 35 2 86 0 0 0 1 67 1 0 26 268 0 0 3 3 5
"22" 22 0.0 0 0 0 0 0 0 0 0 0 0 491 9 0 0 0 0 0 0 0 0
"23" 23 0.212927756654 0 0 3 0 7 0 0 0 0 193 17 0 1 0 0 3 0 4 268 4
"24" 24 0.679324894515 0 38 14 97 26 187 1 0 1 0 15 1 0 41 20 10 0 14 7 28
"25" 25 0.464285714286 0 17 10 87 5 13 0 0 0 0 33 9 0 0 0 0 0 308 18 0
"26" 26 0.307692307692 0 0 0 0 0 0 0 0 0 0 0 500 0 0 0 0 0 0 0 0
"27" 27 0.0 0 0 354 0 0 0 0 0 0 0 12 134 0 0 0 0 0 0 0 0
"28" 28 0.0 0 0 0 0 0 0 0 0 2 0 0 0 0 0 0 0 498 0 0 0
"29" 29 0.0188679245283 0 0 0 0 0 0 0 500 0 0 0 0 0 0 0 0 0 0 0 0
"30" 30 0.0355329949239 0 0 0 0 1 0 407 0 1 0 0 0 0 0 1 0 14 75 0 1
"31" 31 0.0 0 0 0 0 0 0 0 0 0 0 0 500 0 0 0 0 0 0 0 0
"32" 32 0.0 0 0 0 0 0 0 0 0 0 0 0 500 0 0 0 0 0 0 0 0
"33" 33 0.0 500 0 0 0 0 0 0 0 0 0 0 0 0 0 0 0 0 0 0 0
"34" 34 0.0 0 0 0 0 0 0 0 0 0 0 0 0 0 500 0 0 0 0 0 0
"35" 35 0.0 0 0 0 0 0 0 473 0 0 0 0 0 0 0 0 0 27 0 0 0
"36" 36 0.174358974359 0 8 0 5 3 7 0 0 0 0 1 0 0 409 63 0 0 4 0 0
"37" 37 0.158974358974 0 239 0 259 0 0 0 0 0 0 1 0 0 0 0 0 0 1 0 0
"38" 38 0.666666666667 0 78 1 2 17 45 97 0 6 1 3 0 1 9 161 0 20 53 2 4
"39" 39 0.435233160622 0 224 9 219 0 1 7 0 7 1 0 1 6 1 5 0 9 1 8 1
"40" 40 0.0 0 0 0 0 0 0 0 0 0 0 0 500 0 0 0 0 0 0 0 0
"41" 41 0.35761589404 0 5 72 0 23 61 3 0 8 17 31 1 18 4 16 1 3 86 144 7
"42" 42 0.316091954023 0 0 0 0 0 0 2 0 8 0 0 0 0 0 0 0 490 0 0 0
"43" 43 0.238805970149 0 0 0 0 0 0 0 0 0 0 0 0 0 500 0 0 0 0 0 0
"44" 44 0.0769230769231 0 0 0 0 0 0 0 0 0 0 0 500 0 0 0 0 0 0 0 0
"45" 45 0.310218978102 0 0 0 0 0 0 0 0 0 0 0 0 0 0 500 0 0 0 0 0
"46" 46 0.00961538461538 0 0 0 0 0 0 0 0 0 0 0 500 0 0 0 0 0 0 0 0
"47" 47 0.0813397129187 0 0 0 7 0 0 0 0 0 20 2 0 267 0 156 0 0 0 48 0
"48" 48 0.0 0 2 0 494 0 0 0 0 0 0 4 0 0 0 0 0 0 0 0 0
"49" 49 0.174311926606 0 13 0 74 21 37 0 0 0 174 1 1 12 70 1 2 0 22 48 24
"50" 50 0.0948905109489 0 0 0 0 0 0 1 0 6 0 0 0 0 0 489 4 0 0 0 0
"51" 51 0.330543933054 0 75 0 17 17 50 0 0 1 37 4 0 278 0 0 2 0 14 0 5
"52" 52 0.255605381166 0 10 2 4 70 90 16 0 3 0 14 0 0 0 3 0 236 52 0 0
"53" 53 0.57805907173 0 2 4 22 25 106 0 0 193 1 0 0 2 94 33 4 0 10 0 4
"54" 54 0.682692307692 0 0 0 4 0 0 0 0 0 0 0 496 0 0 0 0 0 0 0 0
"55" 55 0.12582781457 0 0 500 0 0 0 0 0 0 0 0 0 0 0 0 0 0 0 0 0
"56" 56 0.565891472868 0 177 1 80 0 4 0 0 4 0 1 1 5 1 0 0 0 225 0 1
"57" 57 0.482558139535 0 16 3 27 23 28 3 0 209 7 2 2 13 8 17 4 10 15 112 1
"58" 58 0.119402985075 0 2 1 11 40 4 0 0 0 2 76 0 11 328 0 0 0 11 1 13
"59" 59 0.0717703349282 0 7 1 0 20 0 0 0 0 35 12 64 52 1 0 22 0 8 278 0
"60" 60 0.00961538461538 0 0 0 0 0 0 0 0 0 0 0 500 0 0 0 0 0 0 0 0
"61" 61 0.0357142857143 0 6 4 0 0 0 0 0 0 0 250 5 0 0 0 0 0 235 0 0
"62" 62 0.147208121827 0 0 1 6 8 32 7 0 1 0 74 0 4 0 15 0 344 6 2 0
"63" 63 0.0264900662252 0 7 12 1 0 0 0 0 0 0 472 8 0 0 0 0 0 0 0 0
"64" 64 0.0 0 0 1 0 0 0 0 0 270 0 229 0 0 0 0 0 0 0 0 0
"65" 65 0.0746268656716 0 0 0 0 0 0 0 0 0 0 0 0 0 500 0 0 0 0 0 0
"66" 66 0.598214285714 0 47 13 10 67 24 13 0 23 1 117 2 0 41 12 0 0 77 2 51
"67" 67 0.471794871795 0 1 3 491 1 0 0 0 0 0 1 0 0 0 0 0 0 2 0 1
"68" 68 0.113924050633 500 0 0 0 0 0 0 0 0 0 0 0 0 0 0 0 0 0 0 0
"69" 69 0.384615384615 0 0 0 0 0 0 0 0 0 0 0 500 0 0 0 0 0 0 0 0
"70" 70 0.930656934307 0 14 33 14 107 51 38 1 71 0 2 1 0 24 7 0 87 49 0 1
"71" 71 0.278606965174 0 0 0 0 1 0 0 0 0 0 0 0 0 499 0 0 0 0 0 0
"72" 72 0.65625 0 17 3 11 6 22 0 37 1 0 14 0 363 8 2 0 0 14 0 2
"73" 73 0.317307692308 0 3 2 1 1 7 0 471 2 0 2 0 1 7 0 0 1 2 0 0
"74" 74 0.64135021097 0 257 118 32 9 2 0 0 0 0 16 0 0 0 0 0 0 66 0 0
"75" 75 0.137931034483 0 7 0 0 4 0 38 0 5 0 11 0 0 0 0 0 408 8 0 19
"76" 76 0.0152091254753 0 0 0 0 0 0 0 0 0 181 0 0 0 0 0 0 0 0 319 0
"77" 77 0.451476793249 0 0 21 7 4 429 0 0 1 0 10 1 0 16 4 0 0 3 0 4
"78" 78 0.341968911917 0 46 1 66 6 12 0 0 4 10 10 0 25 2 117 0 1 157 30 13
"79" 79 0.0 0 0 0 0 0 0 0 0 500 0 0 0 0 0 0 0 0 0 0 0
"80" 80 0.0 0 0 0 0 0 0 0 0 500 0 0 0 0 0 0 0 0 0 0 0
"81" 81 0.0 0 0 0 0 0 0 0 0 0 0 0 0 0 500 0 0 0 0 0 0
"82" 82 0.0 0 0 0 0 0 0 0 0 0 87 0 0 0 0 0 0 0 0 413 0
"83" 83 0.0 0 0 1 0 0 0 0 0 499 0 0 0 0 0 0 0 0 0 0 0
"84" 84 0.0348837209302 0 0 20 0 0 0 0 0 480 0 0 0 0 0 0 0 0 0 0 0
"85" 85 0.0199004975124 0 0 0 0 4 0 0 0 2 0 0 0 0 445 27 0 6 0 0 16
"86" 86 0.0132450331126 0 0 412 0 0 0 0 0 0 0 88 0 0 0 0 0 0 0 0 0
"87" 87 0.0 0 0 0 0 0 0 0 500 0 0 0 0 0 0 0 0 0 0 0 0
"88" 88 0.113924050633 500 0 0 0 0 0 0 0 0 0 0 0 0 0 0 0 0 0 0 0
"89" 89 0.533678756477 0 105 8 37 28 32 2 5 2 0 23 1 0 57 101 10 1 85 0 3
"90" 90 0.366972477064 0 89 2 10 34 18 14 0 23 28 31 3 5 75 34 13 24 46 44 7
"91" 91 0.0 500 0 0 0 0 0 0 0 0 0 0 0 0 0 0 0 0 0 0 0
"92" 92 0.00581395348837 0 0 0 0 0 0 0 0 2 0 490 2 0 0 0 0 0 0 0 6
"93" 93 0.307692307692 0 14 4 64 17 83 3 0 8 2 47 1 0 18 15 205 0 15 3 1
"94" 94 0.116279069767 0 0 2 1 53 13 0 0 0 1 72 0 0 73 6 123 0 49 14 93
"95" 95 0.0 0 0 0 0 0 0 498 0 0 0 0 0 0 0 0 0 2 0 0 0
"96" 96 0.0964467005076 0 0 3 1 4 8 130 0 2 1 14 0 28 2 278 0 21 4 2 2
"97" 97 0.577981651376 0 8 3 1 6 61 0 0 15 77 24 0 6 4 15 2 0 19 216 43
"98" 98 0.296577946768 0 0 0 6 1 0 0 0 0 94 1 0 3 4 0 133 0 4 254 0
"99" 99 0.211538461538 0 0 0 0 0 0 0 0 0 0 0 500 0 0 0 0 0 0 0 0
"100" 100 0.0 0 0 0 0 0 0 499 0 0 0 0 0 0 0 0 0 1 0 0 0
"101" 101 0.251572327044 0 0 0 0 0 0 0 500 0 0 0 0 0 0 0 0 0 0 0 0
"102" 102 0.0401459854015 0 0 0 0 0 0 0 0 0 0 0 0 0 0 500 0 0 0 0 0
"103" 103 0.00632911392405 500 0 0 0 0 0 0 0 0 0 0 0 0 0 0 0 0 0 0 0
"104" 104 0.00574712643678 0 0 0 0 0 0 0 0 0 0 0 0 0 0 0 0 500 0 0 0
"105" 105 0.0 0 0 0 0 0 0 492 0 0 0 0 0 0 0 0 0 8 0 0 0
"106" 106 0.0 0 0 0 0 0 0 0 0 0 0 0 500 0 0 0 0 0 0 0 0
"107" 107 0.00446428571429 0 0 1 0 6 0 0 0 101 0 3 0 365 0 0 0 0 24 0 0
"108" 108 0.210256410256 0 1 0 499 0 0 0 0 0 0 0 0 0 0 0 0 0 0 0 0
"109" 109 0.5 0 144 10 14 45 54 6 0 24 0 5 1 3 46 85 0 26 22 4 11
"110" 110 0.174358974359 0 1 5 91 71 0 0 0 277 0 5 0 0 0 0 0 0 6 0 44
"111" 111 0.154811715481 0 0 0 0 0 0 0 0 0 76 0 0 1 0 0 12 0 0 411 0
"112" 112 0.481012658228 0 0 68 0 3 2 0 0 0 0 3 0 0 0 423 0 0 0 0 1
"113" 113 0.139072847682 0 0 500 0 0 0 0 0 0 0 0 0 0 0 0 0 0 0 0 0
"114" 114 0.746835443038 0 196 71 51 8 28 0 0 21 0 11 4 0 11 61 0 0 34 0 4
"115" 115 0.0 0 0 0 0 0 0 0 0 0 0 2 498 0 0 0 0 0 0 0 0
"116" 116 0.0580357142857 0 0 0 0 0 0 0 0 0 0 1 0 0 0 0 0 0 499 0 0
"117" 117 0.523206751055 0 412 11 6 2 19 0 0 1 0 6 2 0 3 3 0 0 34 0 1
"118" 118 0.410646387833 0 33 1 18 31 72 4 0 6 0 42 2 0 6 39 82 0 156 1 7
"119" 119 0.0 0 0 0 0 0 0 0 0 0 0 0 0 0 500 0 0 0 0 0 0
"120" 120 0.385650224215 0 0 1 7 97 109 55 0 1 0 38 3 0 0 50 0 43 28 0 68
"121" 121 0.593023255814 0 8 1 53 27 270 4 0 4 1 38 0 0 5 48 3 2 34 1 1
"122" 122 0.463503649635 0 18 0 36 211 17 0 0 0 0 9 1 0 60 20 13 0 54 0 61
"123" 123 0.673076923077 0 0 0 0 0 0 0 0 0 0 0 500 0 0 0 0 0 0 0 0
"124" 124 0.105263157895 0 0 0 0 0 0 0 0 0 21 1 0 474 0 2 0 1 0 1 0
"125" 125 0.205357142857 0 0 0 0 0 0 0 0 0 0 0 0 0 0 0 0 0 500 0 0
"126" 126 0.172413793103 0 0 0 0 0 0 0 0 0 0 0 0 0 0 0 0 500 0 0 0
"127" 127 0.241379310345 0 0 3 0 6 0 19 0 7 3 1 0 1 37 17 0 376 5 14 11
"128" 128 0.316091954023 0 0 0 0 0 0 0 0 1 0 0 0 0 0 0 0 499 0 0 0
"129" 129 0.385057471264 0 5 0 0 127 36 3 0 4 0 28 0 0 6 24 0 4 257 0 6
"130" 130 0.388601036269 0 76 0 91 4 37 0 0 0 0 0 143 87 0 30 0 0 9 23 0
"131" 131 0.0880829015544 0 500 0 0 0 0 0 0 0 0 0 0 0 0 0 0 0 0 0 0
"132" 132 0.401785714286 0 126 77 36 13 38 0 10 5 2 36 5 2 32 5 29 0 50 7 27
"133" 133 0.346715328467 0 0 0 0 0 0 0 0 0 0 0 0 0 0 500 0 0 0 0 0
"134" 134 0.0316455696203 500 0 0 0 0 0 0 0 0 0 0 0 0 0 0 0 0 0 0 0
"135" 135 0.139240506329 0 1 0 0 1 123 0 0 0 55 25 0 27 14 102 17 0 36 93 6
"136" 136 0.620253164557 0 40 8 58 37 161 4 0 11 2 32 2 2 73 12 3 1 39 4 11
"137" 137 0.0746268656716 0 0 0 0 0 0 0 0 0 0 0 0 0 500 0 0 0 0 0 0
"138" 138 0.0183486238532 0 0 1 1 366 0 91 0 1 0 23 1 0 0 0 0 8 1 0 7
"139" 139 0.379746835443 0 0 5 0 2 405 0 0 1 0 40 1 0 18 6 4 0 17 1 0
"140" 140 0.434977578475 0 7 13 26 91 76 0 0 66 0 75 0 1 27 9 6 0 102 1 0
"141" 141 0.0 0 0 0 0 0 0 0 0 0 486 0 0 0 0 0 10 0 0 4 0
"142" 142 0.152284263959 0 0 0 2 0 2 484 0 0 0 0 0 1 0 2 0 8 1 0 0
"143" 143 0.518134715026 0 402 0 5 12 23 2 0 3 0 9 2 0 26 9 0 1 5 0 1
"144" 144 0.424107142857 0 104 10 45 51 108 0 0 2 0 15 0 0 81 28 0 0 46 1 9
"145" 145 0.229927007299 0 0 0 0 0 0 0 0 0 0 0 0 6 0 487 2 0 0 5 0
"146" 146 0.352201257862 0 0 2 0 7 18 1 422 6 1 6 0 0 9 0 0 10 18 0 0
"147" 147 0.57399103139 0 259 9 74 13 18 0 0 5 0 10 3 0 5 2 0 1 100 0 1
"148" 148 0.217616580311 0 487 0 0 0 5 0 0 0 0 0 0 1 0 3 2 0 2 0 0
"149" 149 0.0390070921986 0 0 0 0 0 0 0 0 0 33 0 0 0 0 0 452 0 0 15 0
"150" 150 0.338912133891 0 0 0 5 2 72 0 0 0 5 9 0 1 0 375 10 0 0 20 1
"151" 151 0.433035714286 0 5 3 19 19 162 6 0 11 0 34 0 0 6 50 0 1 183 0 1
"152" 152 0.020725388601 0 452 0 36 0 0 0 0 0 0 9 0 3 0 0 0 0 0 0 0
"153" 153 0.218274111675 0 0 0 0 0 0 483 0 0 0 0 0 0 0 0 0 17 0 0 0
"154" 154 0.625 0 2 0 42 0 5 0 0 0 0 0 448 2 0 0 0 0 1 0 0
"155" 155 0.71875 0 192 63 52 16 70 0 0 0 0 49 3 2 0 3 0 0 34 0 16
