"site" "RSA" "aa1" "aa2" "aa3" "aa4" "aa5" "aa6" "aa7" "aa8" "aa9" "aa10" "aa11" "aa12" "aa13" "aa14" "aa15" "aa16" "aa17" "aa18" "aa19" "aa20"
"0" 0 0.5 0 0 0 0 0 0 0 0 0 0 0 19 0 0 0 0 0 0 0 0
"1" 1 0.630769230769 0 0 0 1 2 0 2 0 1 0 1 7 0 6 0 0 1 0 0 0
"2" 2 0.649746192893 0 0 2 0 2 0 2 0 4 3 1 2 0 1 0 2 2 0 2 0
"3" 3 0.092050209205 0 0 0 0 0 0 4 0 0 10 1 0 0 6 0 0 2 0 1 2
"4" 4 0.0397350993377 0 0 21 0 0 0 0 0 2 1 1 3 0 0 0 0 0 0 0 1
"5" 5 0.456953642384 0 0 13 1 0 8 0 0 1 0 1 0 0 0 4 0 0 0 1 0
"6" 6 0.0733944954128 0 0 1 0 0 0 5 1 0 1 1 0 0 13 0 2 1 0 1 5
"7" 7 0.0167364016736 0 0 1 1 1 0 0 0 0 16 0 0 0 5 0 5 0 0 1 1
"8" 8 0.378238341969 0 0 17 3 0 4 0 0 3 1 2 3 0 0 1 0 0 0 0 0
"9" 9 0.430379746835 0 0 4 1 0 8 1 0 1 1 1 2 0 3 13 0 0 0 0 0
"10" 10 0.0298507462687 0 0 0 0 0 0 4 0 0 3 0 0 0 25 0 0 1 1 1 0
"11" 11 0.63475177305 0 0 1 0 0 0 1 0 0 20 0 3 0 2 1 6 3 0 0 1
"12" 12 0.615384615385 0 0 1 1 0 0 0 0 0 0 0 2 0 0 0 0 0 0 0 0
"13" 13 0.172185430464 0 0 7 0 0 2 0 3 0 0 2 20 0 0 1 0 1 3 0 0
"14" 14 0.805128205128 0 4 3 7 1 18 1 1 1 0 1 1 0 0 1 0 0 0 0 0
"15" 15 0.227848101266 0 0 1 1 2 25 0 0 1 0 0 0 0 1 3 0 0 2 0 3
"16" 16 0.504464285714 0 1 0 0 4 1 0 2 0 0 0 0 0 0 0 0 0 33 0 0
"17" 17 0.0348258706468 0 0 1 0 1 0 3 0 2 0 4 0 0 1 1 1 10 0 0 17
"18" 18 0.138686131387 0 0 0 0 0 0 0 0 0 0 0 0 0 0 41 0 0 0 0 0
"19" 19 0.010152284264 0 0 0 0 0 0 34 0 0 0 1 0 0 3 0 0 3 0 0 0
"20" 20 0.00497512437811 0 0 0 0 0 0 0 1 0 0 0 0 0 36 0 0 3 0 0 0
"21" 21 0.0152284263959 0 0 1 0 0 0 9 0 1 0 1 0 0 2 0 0 3 0 0 25
"22" 22 0.0 0 0 0 0 0 0 4 0 0 0 0 0 0 23 0 0 16 0 0 0
"23" 23 0.0 0 0 0 0 0 0 0 0 0 0 0 43 0 0 0 0 0 0 0 0
"24" 24 0.0696517412935 0 0 0 0 0 0 0 0 0 0 0 0 0 43 0 0 0 0 0 0
"25" 25 0.424870466321 0 43 0 0 0 0 0 0 0 0 0 0 0 0 0 0 0 0 0 0
"26" 26 0.413461538462 0 0 3 9 0 0 0 0 0 0 23 8 0 0 0 0 0 0 0 0
"27" 27 0.0077519379845 0 0 2 0 0 0 0 0 0 0 41 0 0 0 0 0 0 0 0 0
"28" 28 0.134615384615 0 0 0 0 0 0 0 0 0 0 0 43 0 0 0 0 0 0 0 0
"29" 29 0.0210970464135 0 0 0 0 0 43 0 0 0 0 0 0 0 0 0 0 0 0 0 0
"30" 30 0.372093023256 0 0 0 0 0 0 0 0 42 0 0 0 0 0 0 0 0 0 0 0
"31" 31 0.389534883721 0 0 2 0 0 0 0 1 40 0 0 0 0 0 0 0 0 0 0 0
"32" 32 0.010152284264 1 0 0 0 0 0 33 0 0 0 0 0 0 5 0 0 4 0 0 0
"33" 33 0.0 0 0 0 0 0 0 0 0 0 0 0 0 0 43 0 0 0 0 0 0
"34" 34 0.456273764259 0 0 0 1 0 2 0 0 0 3 0 0 0 0 0 0 0 0 37 0
"35" 35 0.335766423358 0 0 0 0 2 29 0 0 0 0 0 0 0 0 12 0 0 0 0 0
"36" 36 0.0149253731343 0 0 0 0 0 0 0 0 0 0 0 0 0 43 0 0 0 0 0 0
"37" 37 0.636771300448 0 0 0 0 10 29 0 0 0 0 2 0 1 0 0 0 0 0 0 1
"38" 38 0.0812182741117 1 0 2 0 3 0 5 0 0 0 0 0 0 27 0 0 4 0 0 1
"39" 39 0.5 0 2 1 5 0 0 0 0 0 0 0 33 0 0 0 0 0 2 0 0
"40" 40 0.285714285714 0 3 0 0 4 1 0 0 0 0 0 0 0 0 0 0 0 35 0 0
"41" 41 0.281609195402 0 1 2 0 0 0 8 0 3 3 0 0 1 0 0 0 25 0 0 0
"42" 42 0.494252873563 0 0 0 0 0 0 4 0 2 0 0 0 0 0 0 0 35 0 0 2
"43" 43 0.517441860465 0 1 5 0 5 1 0 0 28 0 0 0 0 0 1 0 1 1 0 0
"44" 44 0.360465116279 0 0 0 0 0 0 0 2 39 0 0 0 0 0 0 0 2 0 0 0
"45" 45 0.261603375527 0 0 0 0 0 0 36 0 2 0 1 0 0 1 0 0 2 0 0 1
"46" 46 0.471698113208 0 0 0 0 0 0 0 41 1 0 0 0 0 0 1 0 0 0 0 0
"47" 47 0.31976744186 0 0 1 0 0 0 0 0 42 0 0 0 0 0 0 0 0 0 0 0
"48" 48 0.761421319797 0 0 0 0 0 0 34 0 0 0 3 0 0 1 0 0 5 0 0 0
"49" 49 0.625 0 0 0 0 0 0 0 0 0 0 0 42 0 0 0 0 0 0 0 0
"50" 50 0.0376569037657 0 0 0 0 0 0 0 0 0 43 0 0 0 0 0 0 0 0 0 0
"51" 51 0.533333333333 0 0 0 43 0 0 0 0 0 0 0 0 0 0 0 0 0 0 0 0
"52" 52 0.0 0 0 0 0 0 0 2 0 0 0 0 0 0 1 0 0 40 0 0 0
"53" 53 0.107142857143 0 0 0 0 0 2 0 0 0 0 0 0 0 0 0 0 0 41 0 0
"54" 54 0.110465116279 0 0 7 0 1 0 0 0 35 0 0 0 0 0 0 0 0 0 0 0
"55" 55 0.0149253731343 0 0 0 0 0 0 3 0 0 1 0 0 0 2 0 0 37 0 0 0
"56" 56 0.298013245033 0 3 2 1 2 0 0 0 12 0 0 0 0 0 1 0 1 21 0 0
"57" 57 0.133079847909 0 0 1 0 0 0 0 0 0 2 1 0 1 1 0 0 0 0 37 0
"58" 58 0.240506329114 0 2 0 3 0 33 0 1 0 0 0 0 0 0 3 0 0 1 0 0
"59" 59 0.123076923077 0 0 2 35 0 2 0 0 1 0 0 3 0 0 0 0 0 0 0 0
"60" 60 0.0149253731343 0 0 0 0 0 0 19 0 0 3 1 0 0 14 0 0 6 0 0 0
"61" 61 0.223628691983 3 0 14 6 0 16 0 0 0 0 0 0 2 0 1 0 0 1 0 0
"62" 62 0.0298507462687 0 0 0 0 0 0 0 0 0 37 0 0 0 5 0 0 0 0 0 1
"63" 63 0.0 0 0 0 11 9 1 0 0 22 0 0 0 0 0 0 0 0 0 0 0
"64" 64 0.0287356321839 0 0 0 0 0 0 4 0 0 0 0 0 0 0 0 0 37 0 0 2
"65" 65 0.0141843971631 0 0 0 0 0 0 0 0 0 0 0 0 0 0 0 43 0 0 0 0
"66" 66 0.40932642487 0 43 0 0 0 0 0 0 0 0 0 0 0 0 0 0 0 0 0 0
"67" 67 0.0248756218905 0 0 0 0 0 0 4 0 0 0 0 0 0 13 0 0 26 0 0 0
"68" 68 0.951923076923 0 0 0 0 0 0 0 0 0 0 0 42 0 0 1 0 0 0 0 0
"69" 69 0.390862944162 0 0 0 0 0 0 36 0 0 0 0 0 0 6 0 0 1 0 0 0
"70" 70 0.328467153285 0 0 0 0 0 0 0 0 0 0 0 0 0 0 43 0 0 0 0 0
"71" 71 0.698113207547 0 0 1 0 0 0 0 38 0 0 2 0 0 0 2 0 0 0 0 0
"72" 72 0.110266159696 0 0 0 0 0 0 0 0 0 0 0 0 0 28 0 0 0 0 15 0
"73" 73 0.031914893617 0 0 0 0 0 0 0 0 0 0 0 0 0 0 0 43 0 0 0 0
"74" 74 0.120437956204 0 0 0 0 0 7 0 0 0 0 0 0 0 0 36 0 0 0 0 0
"75" 75 0.588607594937 13 0 0 2 0 0 0 0 0 0 0 0 27 0 0 0 0 0 1 0
"76" 76 0.110266159696 0 0 0 0 0 0 0 0 0 0 0 0 0 0 0 0 0 0 43 0
"77" 77 0.00760456273764 0 0 0 0 0 0 0 0 0 15 0 0 0 0 0 0 0 0 28 0
"78" 78 0.550387596899 0 0 5 0 13 1 0 3 5 1 7 0 1 2 1 0 1 2 1 0
"79" 79 0.305699481865 0 0 1 34 0 1 0 0 0 0 0 7 0 0 0 0 0 0 0 0
"80" 80 0.0813953488372 1 0 0 0 0 0 0 0 42 0 0 0 0 0 0 0 0 0 0 0
"81" 81 0.147286821705 0 7 1 4 19 2 1 0 1 0 3 0 3 0 0 0 0 1 0 0
"82" 82 0.0 0 0 0 0 0 0 0 0 0 0 20 21 0 0 0 0 2 0 0 0
"83" 83 0.0747126436782 0 0 0 0 0 0 12 0 0 0 0 0 0 21 0 0 10 0 0 0
"84" 84 0.0203045685279 0 0 0 0 0 0 39 0 0 0 0 0 0 1 0 0 3 0 0 0
"85" 85 0.00418410041841 0 0 0 0 0 0 0 0 0 29 0 0 0 0 0 0 0 0 14 0
"86" 86 0.00574712643678 0 0 0 0 0 0 0 0 0 0 0 0 0 0 0 0 43 0 0 0
"87" 87 0.0287356321839 0 0 0 0 0 0 12 0 0 0 0 0 0 0 0 0 31 0 0 0
"88" 88 0.124352331606 0 43 0 0 0 0 0 0 0 0 0 0 0 0 0 0 0 0 0 0
"89" 89 0.0 2 0 39 0 0 0 0 0 0 0 1 0 0 0 0 0 0 0 1 0
"90" 90 0.273255813953 2 0 12 17 1 0 0 0 6 0 5 0 0 0 0 0 0 0 0 0
"91" 91 0.160621761658 0 41 0 1 0 0 0 0 0 0 1 0 0 0 0 0 0 0 0 0
"92" 92 0.274261603376 0 0 4 0 1 3 4 3 5 1 0 1 1 0 20 0 0 0 0 0
"93" 93 0.725388601036 0 13 2 2 3 2 0 0 1 0 2 1 1 0 0 0 0 16 0 0
"94" 94 0.313868613139 0 0 0 0 0 0 0 0 0 0 0 0 0 0 43 0 0 0 0 0
"95" 95 0.0137614678899 0 0 0 0 0 0 18 0 0 2 0 0 0 12 0 0 6 0 0 5
"96" 96 0.443708609272 0 7 5 5 2 1 1 0 3 0 2 9 0 0 0 0 1 7 0 0
"97" 97 0.43023255814 0 6 1 0 0 1 5 0 5 0 0 0 0 0 0 0 2 22 0 1
"98" 98 0.0387596899225 1 0 6 0 0 0 0 0 2 0 34 0 0 0 0 0 0 0 0 0
"99" 99 0.119205298013 1 0 2 0 1 8 0 0 0 0 6 2 2 0 19 0 0 1 1 0
"100" 100 0.544303797468 0 10 3 2 6 2 0 0 2 0 1 1 1 0 0 0 1 13 1 0
"101" 101 0.0803571428571 0 0 0 0 0 0 0 0 0 0 0 0 0 0 0 0 2 41 0 0
"102" 102 0.0248756218905 0 0 0 0 0 0 1 0 0 2 0 0 0 39 0 0 0 0 0 1
"103" 103 0.315789473684 0 1 0 2 5 1 0 0 0 2 6 0 17 3 1 0 2 1 0 2
"104" 104 0.338308457711 0 0 4 4 0 9 1 0 4 0 4 1 1 1 10 0 0 2 0 2
"105" 105 0.0229357798165 0 0 0 0 0 0 10 0 0 0 0 0 0 6 0 0 1 0 0 26
"106" 106 0.1592039801 0 0 0 0 0 0 4 0 0 1 0 0 0 34 0 0 0 0 0 4
"107" 107 0.354260089686 0 0 7 10 6 2 0 0 1 0 2 4 0 1 1 0 0 8 0 1
"108" 108 0.303571428571 0 8 0 0 0 0 0 0 0 0 1 0 0 0 0 0 0 34 0 0
"109" 109 0.388392857143 0 21 0 1 2 3 1 0 0 0 0 0 1 0 4 0 0 10 0 0
"110" 110 0.455357142857 0 2 0 0 2 1 0 0 0 0 0 0 0 0 2 0 0 35 1 0
"111" 111 0.00995024875622 0 0 0 0 0 0 0 0 0 0 0 0 0 35 0 0 0 0 0 8
"112" 112 0.242152466368 0 0 0 0 4 12 0 0 0 0 1 0 0 0 25 0 0 1 0 0
"113" 113 0.632124352332 0 24 1 7 2 2 0 0 0 0 0 6 0 0 0 0 0 1 0 0
"114" 114 0.031007751938 2 0 3 0 0 0 1 0 0 0 29 0 0 0 0 0 8 0 0 0
"115" 115 0.031007751938 0 0 0 0 0 1 5 6 2 1 7 0 0 6 0 0 15 0 0 0
"116" 116 0.044776119403 0 0 0 0 0 0 2 0 0 0 0 0 0 34 0 1 6 0 0 0
"117" 117 0.0 0 0 0 0 0 0 0 0 0 0 3 0 0 38 0 0 2 0 0 0
"118" 118 0.0 0 0 0 0 0 0 10 0 0 0 0 0 0 1 0 0 32 0 0 0
"119" 119 0.0 0 0 0 0 0 0 0 0 0 30 0 0 0 7 0 0 1 0 3 2
"120" 120 0.0 0 0 0 0 0 0 0 0 0 0 43 0 0 0 0 0 0 0 0 0
"121" 121 0.0307692307692 0 0 0 43 0 0 0 0 0 0 0 0 0 0 0 0 0 0 0 0
"122" 122 0.257383966245 0 0 0 0 0 43 0 0 0 0 0 0 0 0 0 0 0 0 0 0
"123" 123 0.233183856502 0 0 0 0 41 0 0 0 0 0 0 0 2 0 0 0 0 0 0 0
"124" 124 0.40414507772 0 43 0 0 0 0 0 0 0 0 0 0 0 0 0 0 0 0 0 0
"125" 125 0.439461883408 0 0 1 0 3 0 3 0 0 0 0 0 0 30 0 0 3 0 0 3
"126" 126 0.723270440252 0 1 2 0 1 0 0 32 0 0 3 0 0 0 0 0 0 4 0 0
"127" 127 0.663461538462 0 2 2 15 3 2 0 0 1 0 0 15 1 0 0 0 0 2 0 0
"128" 128 0.178294573643 1 0 1 0 0 0 0 0 0 0 41 0 0 0 0 0 0 0 0 0
"129" 129 0.154228855721 0 0 0 0 0 3 1 0 0 0 1 0 0 13 0 0 4 0 0 21
"130" 130 0.278145695364 0 3 22 1 0 4 0 2 6 0 3 2 0 0 0 0 0 0 0 0
"131" 131 0.186046511628 1 1 2 0 0 0 3 9 1 0 13 0 0 1 0 0 8 3 0 0
"132" 132 0.602649006623 0 3 11 1 2 0 0 0 5 0 14 5 2 0 0 0 0 0 0 0
"133" 133 0.455357142857 0 5 0 0 4 1 1 0 1 0 2 0 0 0 0 0 0 29 0 0
"134" 134 0.0 0 0 0 0 0 0 19 0 0 0 0 0 0 7 0 0 16 0 0 1
"135" 135 0.119205298013 0 0 12 0 1 0 0 0 19 0 8 1 0 0 0 0 1 0 1 0
"136" 136 0.248945147679 0 11 0 4 0 4 0 0 1 0 2 0 0 0 0 0 0 21 0 0
"137" 137 0.401785714286 1 1 1 1 0 20 0 0 0 0 11 1 0 0 5 0 1 1 0 0
"138" 138 0.0 0 0 0 0 0 0 0 0 0 0 0 0 0 43 0 0 0 0 0 0
"139" 139 0.435897435897 1 1 0 3 5 3 0 0 0 0 1 20 2 1 4 0 0 1 0 1
"140" 140 0.00995024875622 0 0 0 0 0 0 0 0 0 0 0 0 0 43 0 0 0 0 0 0
"141" 141 0.632183908046 0 2 6 5 6 0 0 2 2 0 2 2 10 0 2 0 3 1 0 0
"142" 142 0.334821428571 0 1 14 0 3 9 0 0 4 0 4 1 0 0 2 0 0 5 0 0
"143" 143 0.179104477612 0 0 0 0 0 0 10 0 0 1 0 0 0 28 0 0 2 1 0 0
"144" 144 0.35864978903 3 0 0 0 1 16 1 0 2 0 0 1 1 0 16 0 0 2 0 0
"145" 145 0.533678756477 0 17 1 11 3 1 0 0 1 0 0 5 2 1 1 0 0 0 0 0
"146" 146 0.226277372263 0 0 0 2 1 2 0 0 0 0 0 0 1 0 37 0 0 0 0 0
"147" 147 0.437086092715 0 2 6 4 7 3 0 5 9 0 0 0 1 2 1 0 1 2 0 0
"148" 148 0.276595744681 0 0 0 0 0 0 1 0 0 0 0 0 0 0 0 41 0 0 0 0
"149" 149 0.165562913907 0 0 8 2 4 0 0 0 1 8 3 0 1 0 1 0 0 1 14 0
"150" 150 0.172588832487 2 0 0 0 0 0 30 0 0 0 1 0 0 0 0 0 10 0 0 0
"151" 151 0.166666666667 0 0 0 0 26 1 1 0 0 7 0 0 1 0 1 0 3 0 0 3
"152" 152 0.333333333333 0 0 7 0 0 6 0 8 2 0 15 4 0 0 1 0 0 0 0 0
"153" 153 0.0132450331126 11 0 6 0 0 0 0 0 21 0 5 0 0 0 0 0 0 0 0 0
"154" 154 0.0264900662252 25 3 13 0 0 0 1 0 1 0 0 0 0 0 0 0 0 0 0 0
"155" 155 0.0 0 0 0 0 0 0 0 0 0 0 43 0 0 0 0 0 0 0 0 0
"156" 156 0.609137055838 0 0 2 0 0 1 7 0 21 0 1 0 1 4 1 0 5 0 0 0
"157" 157 0.206751054852 0 4 8 2 7 9 0 0 11 0 1 0 0 0 0 0 0 1 0 0
"158" 158 0.115384615385 0 0 0 1 0 0 0 0 0 0 1 41 0 0 0 0 0 0 0 0
"159" 159 0.5 0 9 6 1 3 1 1 0 6 0 2 0 1 0 1 0 0 12 0 0
"160" 160 0.0769230769231 0 0 0 0 0 0 0 0 0 0 0 43 0 0 0 0 0 0 0 0
"161" 161 0.0 0 0 0 0 0 0 2 0 0 0 0 0 0 39 0 0 2 0 0 0
"162" 162 0.296511627907 1 5 2 2 0 2 0 0 3 2 0 0 0 3 0 1 1 4 17 0
"163" 163 0.535714285714 0 2 0 0 2 0 0 1 0 0 1 0 0 0 1 0 0 36 0 0
"164" 164 0.0 0 0 1 0 0 0 0 0 0 0 4 38 0 0 0 0 0 0 0 0
"165" 165 0.0199004975124 0 0 0 0 0 0 0 0 0 3 0 0 0 30 0 0 0 0 0 10
"166" 166 0.362694300518 0 31 0 0 1 1 0 0 0 0 2 1 0 1 0 0 0 5 0 1
"167" 167 0.269503546099 1 0 0 0 0 0 0 0 0 0 0 0 1 0 0 41 0 0 0 0
"168" 168 0.00497512437811 0 0 0 0 0 0 0 0 0 0 0 0 0 39 0 0 3 0 0 0
"169" 169 0.0152284263959 2 0 11 0 0 0 0 0 4 0 6 2 0 1 0 0 5 0 0 0
"170" 170 0.367875647668 0 8 0 11 1 2 0 0 0 0 1 1 1 0 4 0 0 2 0 0
"171" 171 0.149425287356 0 0 2 8 4 0 0 0 5 0 3 0 0 0 1 0 2 2 1 1
"172" 172 0.0152284263959 0 0 0 0 0 0 14 0 0 0 0 0 0 13 0 0 1 0 0 1
"173" 173 0.383966244726 0 0 4 0 5 14 0 0 0 0 1 0 0 0 1 0 0 1 0 0
"174" 174 0.558035714286 0 0 3 0 5 9 0 0 0 0 0 0 1 0 0 0 0 2 0 0
"175" 175 0.495535714286 0 0 0 0 1 5 0 0 0 0 0 0 1 0 2 0 0 3 0 0
"176" 176 0.345291479821 0 0 0 2 1 3 0 0 0 0 0 0 0 0 0 0 1 0 0 0
"177" 177 0.855721393035 0 0 0 0 0 0 1 0 0 0 0 0 0 1 0 0 0 0 0 0
