"site" "RSA" "aa1" "aa2" "aa3" "aa4" "aa5" "aa6" "aa7" "aa8" "aa9" "aa10" "aa11" "aa12" "aa13" "aa14" "aa15" "aa16" "aa17" "aa18" "aa19" "aa20"
"0" 0 0.79274611399 0 0 0 0 0 153 0 0 0 0 0 0 0 0 347 0 0 0 0 0
"1" 1 0.593908629442 0 181 0 0 2 98 0 0 0 0 0 0 0 0 0 0 0 219 0 0
"2" 2 0.611398963731 0 403 0 0 1 1 0 0 0 0 0 0 0 0 0 0 0 95 0 0
"3" 3 0.43023255814 0 279 0 0 0 0 0 0 0 0 0 0 0 0 0 0 0 221 0 0
"4" 4 0.512437810945 0 8 0 0 1 365 0 0 0 0 0 0 0 0 56 0 0 70 0 0
"5" 5 0.548223350254 0 0 0 0 0 206 0 0 0 0 0 0 0 0 224 0 0 52 0 18
"6" 6 0.403973509934 0 0 0 0 0 350 0 0 0 0 0 0 0 0 132 0 0 18 0 0
"7" 7 0.410256410256 0 0 0 0 0 371 0 0 0 0 0 0 0 0 115 0 0 14 0 0
"8" 8 0.502564102564 0 1 0 0 0 383 0 0 0 0 0 0 0 0 111 0 0 5 0 0
"9" 9 0.410852713178 0 2 0 0 0 358 0 0 0 0 0 0 0 0 56 0 0 74 0 10
"10" 10 0.567164179104 0 0 0 0 0 401 0 0 0 0 0 0 0 16 28 0 0 44 0 11
"11" 11 0.418439716312 0 9 0 0 1 96 0 0 0 0 0 0 0 16 11 0 0 367 0 0
"12" 12 0.271523178808 0 0 0 0 0 264 0 0 0 0 0 0 0 0 66 0 0 37 0 133
"13" 13 0.497890295359 0 1 0 0 0 391 0 0 0 0 0 0 0 0 51 0 0 57 0 0
"14" 14 0.422018348624 0 0 0 0 0 375 0 0 0 0 0 0 0 0 44 0 0 20 0 61
"15" 15 0.10447761194 0 0 7 0 0 25 1 0 0 0 0 0 0 84 329 1 0 15 0 38
"16" 16 0.436781609195 0 0 0 0 0 391 12 0 0 0 0 0 0 10 49 34 0 3 0 1
"17" 17 0.549107142857 0 5 0 0 0 458 0 0 0 0 0 0 0 0 12 0 0 15 0 10
"18" 18 0.709821428571 0 12 0 0 0 457 0 0 0 0 0 0 0 0 17 0 0 13 0 1
"19" 19 0.450777202073 0 20 0 0 0 462 0 0 0 0 0 0 0 5 0 0 0 13 0 0
"20" 20 0.465408805031 0 0 0 0 0 0 0 500 0 0 0 0 0 0 0 0 0 0 0 0
"21" 21 0.125 0 471 0 20 0 0 0 0 0 0 0 0 0 5 2 0 0 2 0 0
"22" 22 0.26359832636 0 0 0 0 0 7 0 0 0 469 0 0 1 3 0 2 0 10 8 0
"23" 23 0.301255230126 0 0 0 0 0 0 0 0 0 493 0 0 1 0 0 4 0 2 0 0
"24" 24 0.526785714286 0 0 0 2 0 0 0 0 0 0 0 0 0 4 491 0 0 3 0 0
"25" 25 0.464135021097 0 24 0 0 0 25 0 0 0 0 0 0 0 0 38 238 0 175 0 0
"26" 26 0.402985074627 0 0 0 0 5 3 0 0 0 6 0 0 0 480 0 0 0 0 0 6
"27" 27 0.627906976744 0 0 0 0 0 500 0 0 0 0 0 0 0 0 0 0 0 0 0 0
"28" 28 0.497757847534 0 0 0 0 0 474 0 0 0 0 0 0 0 0 26 0 0 0 0 0
"29" 29 0.736434108527 0 0 0 0 0 0 0 0 0 0 91 0 0 0 0 0 0 0 409 0
"30" 30 0.618834080717 0 11 1 0 153 51 0 0 9 254 0 0 0 0 14 0 0 0 2 5
"31" 31 0.561181434599 0 0 0 0 0 316 0 117 0 0 0 0 0 0 67 0 0 0 0 0
"32" 32 0.132075471698 0 0 0 0 0 0 0 500 0 0 0 0 0 0 0 0 0 0 0 0
"33" 33 0.441605839416 0 1 0 0 10 314 0 0 0 0 0 0 0 0 172 0 0 3 0 0
"34" 34 0.175732217573 0 0 0 0 0 3 0 0 0 14 0 0 0 0 0 0 1 0 482 0
"35" 35 0.0 0 0 42 0 0 0 0 0 0 44 0 0 0 413 0 0 0 0 1 0
"36" 36 0.0141843971631 3 2 0 0 0 0 483 0 4 0 0 0 0 6 0 0 0 0 1 1
"37" 37 0.0 0 0 0 0 0 0 500 0 0 0 0 0 0 0 0 0 0 0 0 0
"38" 38 0.00961538461538 0 0 27 0 0 0 0 0 472 0 0 1 0 0 0 0 0 0 0 0
"39" 39 0.0189873417722 0 2 498 0 0 0 0 0 0 0 0 0 0 0 0 0 0 0 0 0
"40" 40 0.430463576159 0 0 342 0 0 70 11 0 0 0 58 0 0 14 0 0 5 0 0 0
"41" 41 0.40414507772 0 152 36 187 2 28 0 0 0 0 72 0 0 1 0 0 0 3 0 19
"42" 42 0.23178807947 0 0 0 30 0 378 0 0 0 0 0 0 0 0 40 0 0 0 0 52
"43" 43 0.551094890511 0 1 26 0 1 1 0 0 0 0 45 2 0 11 0 0 2 7 0 404
"44" 44 0.166666666667 0 0 0 0 0 0 0 0 0 0 0 0 0 0 256 0 244 0 0 0
"45" 45 0.364779874214 0 0 0 0 0 0 0 497 0 0 0 0 0 0 0 0 0 3 0 0
"46" 46 0.0 0 0 3 0 0 0 0 261 1 0 227 7 0 0 0 1 0 0 0 0
"47" 47 0.294642857143 0 0 41 3 0 0 0 0 373 0 0 0 0 0 83 0 0 0 0 0
"48" 48 0.748175182482 0 0 0 0 0 500 0 0 0 0 0 0 0 0 0 0 0 0 0 0
"49" 49 0.1592039801 0 0 0 1 0 0 430 0 0 0 3 0 0 66 0 0 0 0 0 0
"50" 50 0.28488372093 0 0 0 0 0 0 0 0 16 482 0 0 0 2 0 0 0 0 0 0
"51" 51 0.538461538462 0 0 0 0 0 0 0 0 0 0 0 500 0 0 0 0 0 0 0 0
"52" 52 0.124378109453 0 3 0 0 0 0 0 0 0 74 0 0 0 373 0 4 0 2 39 5
"53" 53 0.459821428571 0 2 14 0 1 421 0 0 0 0 0 0 0 0 43 0 0 16 0 3
"54" 54 0.534591194969 0 0 0 0 0 83 0 413 0 0 0 0 0 0 0 0 0 4 0 0
"55" 55 0.384615384615 0 0 0 0 0 0 0 0 0 0 0 500 0 0 0 0 0 0 0 0
"56" 56 0.290178571429 0 37 0 0 312 13 0 0 0 0 0 0 0 0 2 0 0 100 6 30
"57" 57 0.089552238806 37 0 0 0 0 0 277 0 0 0 0 1 0 122 0 0 1 21 0 41
"58" 58 0.255230125523 11 0 44 0 0 0 0 0 0 3 0 0 0 167 0 0 0 63 211 1
"59" 59 0.333333333333 0 0 0 0 0 3 220 0 0 0 0 0 0 0 0 0 1 40 0 236
"60" 60 0.0765550239234 2 0 294 0 0 0 0 0 4 0 1 0 129 50 0 2 18 0 0 0
"61" 61 0.251824817518 6 0 0 0 22 0 0 0 0 0 472 0 0 0 0 0 0 0 0 0
"62" 62 0.0769230769231 0 0 0 500 0 0 0 0 0 0 0 0 0 0 0 0 0 0 0 0
"63" 63 0.293103448276 30 215 93 11 1 0 4 0 0 5 14 0 0 39 0 15 1 1 0 71
"64" 64 0.0 0 0 0 0 0 0 0 0 0 0 0 500 0 0 0 0 0 0 0 0
"65" 65 0.0102564102564 0 0 0 0 0 0 0 0 0 0 487 10 3 0 0 0 0 0 0 0
"66" 66 0.0 2 0 1 47 7 0 42 0 0 0 2 0 1 356 0 0 0 0 0 42
"67" 67 0.0114942528736 0 0 0 0 0 0 0 0 0 0 0 0 0 0 0 0 500 0 0 0
"68" 68 0.0659898477157 0 0 0 0 0 0 91 0 4 0 0 0 66 0 270 3 63 0 2 1
"69" 69 0.622009569378 0 0 0 0 0 119 0 0 0 0 0 0 0 0 381 0 0 0 0 0
"70" 70 0.720930232558 0 376 0 0 0 116 0 0 0 0 0 0 4 0 0 0 0 1 3 0
"71" 71 0.150259067358 0 493 0 7 0 0 0 0 0 0 0 0 0 0 0 0 0 0 0 0
"72" 72 0.616915422886 0 0 0 0 0 500 0 0 0 0 0 0 0 0 0 0 0 0 0 0
"73" 73 0.517948717949 0 1 0 0 0 227 0 0 0 0 0 0 0 0 0 0 0 272 0 0
"74" 74 0.0 14 0 4 0 0 0 0 0 137 0 44 0 0 0 0 0 11 284 0 6
"75" 75 0.169154228856 0 0 0 0 0 0 0 0 0 0 0 0 0 498 0 0 0 0 0 2
"76" 76 0.403973509934 0 0 0 0 0 131 0 0 0 0 1 0 0 0 272 0 0 96 0 0
"77" 77 0.149425287356 0 61 3 0 1 0 3 0 9 0 9 2 0 0 294 0 3 3 0 112
"78" 78 0.0 0 0 0 0 0 0 445 0 0 0 0 0 0 37 0 0 0 0 0 18
"79" 79 0.345291479821 0 0 1 0 0 192 0 0 0 0 4 0 0 86 119 3 0 95 0 0
"80" 80 0.41825095057 0 0 0 0 1 115 115 0 0 0 0 0 0 4 123 0 0 30 112 0
"81" 81 0.0 0 42 0 0 0 0 0 0 0 0 458 0 0 0 0 0 0 0 0 0
"82" 82 0.0 0 0 0 0 0 0 11 0 112 0 7 0 0 0 0 0 370 0 0 0
"83" 83 0.295336787565 0 4 0 0 2 189 0 0 0 0 0 0 3 0 0 0 100 155 0 47
"84" 84 0.373563218391 0 0 0 0 0 378 121 0 0 0 0 0 0 0 1 0 0 0 0 0
"85" 85 0.0995024875622 0 1 0 13 1 213 0 0 0 0 1 0 3 240 0 0 0 0 28 0
"86" 86 0.513392857143 0 87 0 53 0 156 0 0 0 0 0 3 133 0 2 0 0 66 0 0
"87" 87 0.0 0 0 0 0 0 0 0 0 0 0 0 0 0 0 0 0 500 0 0 0
"88" 88 0.379464285714 0 122 0 0 0 135 0 0 3 0 0 0 0 0 88 0 0 50 0 102
"89" 89 0.200956937799 1 0 0 0 0 2 0 0 0 0 0 0 254 0 0 0 19 0 224 0
"90" 90 0.0 0 0 0 0 0 0 483 0 0 0 0 0 0 0 0 0 17 0 0 0
"91" 91 0.0355329949239 0 0 0 0 0 2 492 0 1 0 0 0 0 0 0 0 4 1 0 0
"92" 92 0.00507614213198 0 0 0 0 0 0 500 0 0 0 0 0 0 0 0 0 0 0 0 0
"93" 93 0.0253164556962 0 0 0 0 0 0 424 0 0 0 0 0 0 0 0 0 69 1 0 6
"94" 94 0.0 0 0 9 0 1 0 0 0 9 0 0 481 0 0 0 0 0 0 0 0
"95" 95 0.0478468899522 0 0 2 1 0 0 0 0 35 0 23 0 230 0 32 177 0 0 0 0
"96" 96 0.106463878327 0 0 3 0 0 1 0 0 0 122 2 0 0 0 60 0 24 0 288 0
"97" 97 0.557692307692 0 0 0 0 0 0 0 0 0 0 0 500 0 0 0 0 0 0 0 0
"98" 98 0.0189873417722 2 430 1 3 0 0 0 0 0 0 0 0 0 0 0 0 0 64 0 0
"99" 99 0.384615384615 0 7 2 0 6 118 0 0 0 0 0 0 3 0 0 0 0 361 0 3
"100" 100 0.0576923076923 0 0 0 0 0 0 0 0 0 0 322 178 0 0 0 0 0 0 0 0
"101" 101 0.0287356321839 0 0 30 0 0 0 0 0 156 0 97 0 0 0 0 0 217 0 0 0
"102" 102 0.363228699552 0 0 1 0 6 49 1 0 0 0 0 0 0 1 370 0 0 17 0 55
"103" 103 0.100775193798 0 14 35 0 4 18 0 0 4 0 89 4 0 52 198 38 0 5 39 0
"104" 104 0.0697674418605 0 0 0 0 0 0 0 0 0 0 500 0 0 0 0 0 0 0 0 0
"105" 105 0.229885057471 0 0 3 0 0 0 2 0 1 0 4 0 1 7 0 20 195 14 0 253
"106" 106 0.486607142857 0 6 0 49 0 178 0 0 0 4 0 0 14 0 33 0 0 133 82 1
"107" 107 0.476923076923 424 0 0 4 0 7 0 0 1 0 0 0 0 0 7 0 0 27 0 30
"108" 108 0.283018867925 0 0 1 4 0 93 0 179 0 0 0 1 53 0 11 0 0 158 0 0
"109" 109 0.857142857143 0 494 0 0 0 0 0 6 0 0 0 0 0 0 0 0 0 0 0 0
"110" 110 0.477611940299 0 1 0 0 59 39 22 0 37 0 0 0 6 38 2 0 45 40 1 210
"111" 111 0.442307692308 0 0 0 0 0 0 0 0 0 0 0 500 0 0 0 0 0 0 0 0
"112" 112 0.756218905473 0 0 0 0 0 290 0 0 0 0 0 0 0 0 210 0 0 0 0 0
"113" 113 0.269035532995 0 54 2 0 1 219 13 0 0 0 1 0 0 6 84 1 0 73 0 46
"114" 114 0.148717948718 0 2 39 35 22 1 0 0 324 0 0 0 0 4 0 0 0 1 0 72
"115" 115 0.523076923077 0 98 0 0 0 81 0 0 0 0 0 0 0 0 0 0 0 321 0 0
"116" 116 0.234042553191 0 128 0 0 0 29 1 0 0 0 0 0 91 73 0 150 0 28 0 0
"117" 117 0.0199004975124 0 0 0 0 0 0 0 0 0 17 0 0 0 185 1 125 0 0 172 0
"118" 118 0.393034825871 0 3 0 1 0 393 0 0 0 0 0 0 0 0 99 0 0 4 0 0
"119" 119 0.358851674641 0 4 49 0 8 0 4 0 0 72 10 1 310 24 0 6 0 12 0 0
"120" 120 0.0 0 0 0 0 0 0 498 0 2 0 0 0 0 0 0 0 0 0 0 0
"121" 121 0.375912408759 0 16 0 0 435 5 14 0 0 0 0 0 0 0 2 18 1 9 0 0
"122" 122 0.528497409326 0 0 0 0 0 462 0 0 0 0 0 0 0 0 20 1 0 17 0 0
"123" 123 0.0609137055838 0 0 0 0 0 0 498 0 0 0 0 0 0 0 0 0 2 0 0 0
"124" 124 0.205673758865 0 0 14 0 0 0 4 0 0 12 1 0 0 2 24 28 0 4 194 217
"125" 125 0.456066945607 0 0 0 0 5 457 0 0 0 0 0 0 0 16 17 0 0 5 0 0
"126" 126 0.497890295359 0 0 0 0 0 498 0 0 0 0 0 0 0 1 1 0 0 0 0 0
"127" 127 0.0622009569378 0 0 0 0 0 0 0 0 0 238 0 0 217 0 0 7 0 0 38 0
"128" 128 0.423841059603 0 0 0 0 0 471 0 0 0 0 0 0 0 0 21 8 0 0 0 0
"129" 129 0.615894039735 0 8 0 0 0 418 0 0 0 0 0 0 0 0 7 0 0 67 0 0
"130" 130 0.0398009950249 0 358 128 1 0 0 0 0 0 0 7 0 0 6 0 0 0 0 0 0
"131" 131 0.0199004975124 0 0 0 0 0 0 0 0 0 0 0 0 0 499 0 0 0 0 0 1
"132" 132 0.413461538462 0 0 0 0 0 454 0 0 0 0 0 0 0 0 34 0 0 4 8 0
"133" 133 0.59375 0 0 0 3 0 50 0 0 0 0 0 0 0 0 445 0 0 2 0 0
"134" 134 0.178899082569 0 0 420 0 2 0 0 0 0 0 11 0 0 0 0 0 0 0 0 67
"135" 135 0.433962264151 0 17 199 0 0 30 0 63 0 0 60 0 2 0 12 0 0 117 0 0
"136" 136 0.614349775785 0 0 0 0 0 325 0 0 0 0 0 0 0 0 5 0 0 170 0 0
"137" 137 0.607142857143 0 29 55 0 0 282 0 0 0 0 0 0 0 0 134 0 0 0 0 0
"138" 138 0.430656934307 0 4 0 0 0 0 0 0 0 0 0 0 0 0 487 0 0 9 0 0
"139" 139 0.20802919708 0 0 0 0 0 0 0 0 0 0 0 0 0 0 500 0 0 0 0 0
"140" 140 0.228855721393 0 33 0 0 0 65 35 0 0 0 2 0 0 332 13 0 1 13 6 0
"141" 141 0.212435233161 0 1 1 0 0 374 0 0 45 0 14 0 0 0 1 0 0 57 0 7
"142" 142 0.0988372093023 0 0 39 0 0 0 0 0 1 0 29 0 0 2 0 0 0 0 0 429
"143" 143 0.0 0 0 0 0 0 0 0 0 2 0 2 0 0 496 0 0 0 0 0 0
"144" 144 0.0253164556962 0 29 0 1 0 0 0 0 82 0 382 0 0 0 0 0 2 4 0 0
"145" 145 0.0892857142857 0 1 0 0 0 26 176 0 0 0 1 0 0 1 83 0 0 207 0 5
"146" 146 0.0 0 0 0 0 0 0 1 0 0 366 5 0 0 0 0 0 0 0 128 0
"147" 147 0.00512820512821 0 0 3 0 1 0 126 0 0 0 4 0 0 25 0 0 0 0 0 341
"148" 148 0.0 0 0 104 1 0 0 135 0 13 0 17 0 0 0 0 0 230 0 0 0
"149" 149 0.0137614678899 0 0 0 1 0 0 496 0 1 0 0 0 0 2 0 0 0 0 0 0
"150" 150 0.0535714285714 0 0 0 0 19 0 0 0 0 0 0 0 0 0 0 0 0 480 0 1
"151" 151 0.0179372197309 0 1 0 174 317 0 0 0 0 1 5 0 0 0 0 0 0 0 2 0
"152" 152 0.0172413793103 0 0 0 1 0 0 0 0 0 0 123 2 0 0 0 0 374 0 0 0
"153" 153 0.19391634981 0 0 3 0 0 0 0 0 0 0 10 0 0 0 85 29 0 0 373 0
"154" 154 0.133333333333 0 0 421 19 0 1 0 0 0 0 0 0 0 0 50 1 0 8 0 0
"155" 155 0.0 0 0 0 0 0 0 0 0 0 0 36 1 0 463 0 0 0 0 0 0
"156" 156 0.0 0 0 56 0 0 0 0 0 0 0 2 430 0 0 0 0 0 0 0 12
"157" 157 0.334928229665 1 0 11 34 0 3 0 0 0 32 0 0 5 3 21 4 0 1 0 385
"158" 158 0.105960264901 0 0 500 0 0 0 0 0 0 0 0 0 0 0 0 0 0 0 0 0
"159" 159 0.686046511628 0 11 0 0 0 473 0 0 0 0 0 0 0 0 0 0 0 16 0 0
"160" 160 0.0964467005076 0 0 0 0 0 0 496 0 0 0 4 0 0 0 0 0 0 0 0 0
"161" 161 0.0 0 0 0 0 0 0 0 0 0 0 1 0 0 0 0 0 0 1 0 498
"162" 162 0.233183856502 0 0 0 0 6 0 0 0 0 0 0 0 0 0 36 0 0 0 0 458
"163" 163 0.350993377483 0 0 1 0 2 364 0 0 0 0 0 0 0 0 1 0 0 28 0 104
"164" 164 0.0 0 0 8 0 0 0 0 0 0 0 492 0 0 0 0 0 0 0 0 0
"165" 165 0.0567375886525 0 0 0 0 0 0 12 0 0 0 0 0 0 0 0 488 0 0 0 0
"166" 166 0.662447257384 0 335 0 0 0 0 0 0 0 0 163 0 0 0 0 0 0 2 0 0
"167" 167 0.463503649635 0 0 0 0 0 391 0 0 0 0 0 0 0 56 53 0 0 0 0 0
"168" 168 0.423076923077 0 0 0 0 0 0 0 0 0 0 0 500 0 0 0 0 0 0 0 0
"169" 169 0.170403587444 0 0 0 0 456 14 0 0 0 7 0 0 0 10 3 0 0 10 0 0
"170" 170 0.725738396624 0 305 0 0 0 191 0 0 0 0 0 0 0 0 0 0 0 4 0 0
"171" 171 0.0114942528736 7 0 0 0 0 0 119 0 0 0 0 0 0 0 0 0 374 0 0 0
"172" 172 0.151162790698 0 0 4 0 0 65 15 0 37 0 0 0 0 0 5 0 196 59 0 119
"173" 173 0.0 426 0 1 1 0 0 1 0 0 0 35 0 0 0 0 0 35 0 0 1
"174" 174 0.124401913876 0 0 8 0 0 6 0 0 0 1 0 0 268 0 130 0 0 12 0 75
"175" 175 0.0 2 0 104 0 0 0 0 0 0 0 20 374 0 0 0 0 0 0 0 0
"176" 176 0.184397163121 80 0 18 0 1 47 0 0 0 0 0 0 2 11 11 0 0 0 0 330
"177" 177 0.0 0 0 4 0 0 0 362 0 0 0 0 0 0 0 1 35 81 0 12 5
"178" 178 0.0380228136882 0 0 0 0 0 0 0 0 0 0 0 0 0 0 0 0 0 0 500 0
"179" 179 0.125 24 4 0 0 50 1 1 0 0 0 181 0 16 0 57 0 0 166 0 0
"180" 180 0.38578680203 0 0 138 0 0 1 0 324 8 0 0 7 0 1 0 21 0 0 0 0
"181" 181 0.870813397129 0 65 34 2 0 25 0 0 160 0 0 0 0 0 214 0 0 0 0 0
"182" 182 0.59585492228 0 493 4 0 0 3 0 0 0 0 0 0 0 0 0 0 0 0 0 0
"183" 183 0.25 0 0 0 0 0 0 0 0 0 0 0 500 0 0 0 0 0 0 0 0
"184" 184 0.597014925373 0 0 0 0 165 330 5 0 0 0 0 0 0 0 0 0 0 0 0 0
"185" 185 0.238805970149 74 2 43 0 0 0 0 335 1 0 19 2 0 3 17 0 3 1 0 0
"186" 186 0.441605839416 0 0 0 0 0 8 13 0 0 346 0 0 0 0 0 0 0 46 87 0
"187" 187 0.430051813472 0 132 0 8 0 326 0 0 0 0 0 0 0 33 0 0 0 1 0 0
"188" 188 0.109452736318 0 0 36 0 0 0 0 0 1 0 11 0 0 447 0 0 0 5 0 0
"189" 189 0.414507772021 0 465 0 33 0 1 0 0 0 0 0 0 0 0 1 0 0 0 0 0
"190" 190 0.0229885057471 220 0 0 1 0 0 0 0 0 0 20 0 0 0 0 0 259 0 0 0
"191" 191 0.197674418605 0 9 200 6 3 0 0 0 64 0 4 0 0 0 2 0 53 159 0 0
"192" 192 0.0 0 0 492 0 0 0 0 0 0 0 8 0 0 0 0 0 0 0 0 0
"193" 193 0.43023255814 47 0 0 0 0 190 0 0 62 0 0 0 0 53 147 0 0 1 0 0
"194" 194 0.266666666667 0 475 0 7 0 0 0 0 18 0 0 0 0 0 0 0 0 0 0 0
"195" 195 0.321167883212 0 1 17 0 0 3 0 0 1 0 2 0 0 134 335 0 0 0 0 7
"196" 196 0.486607142857 0 0 0 0 0 100 0 0 0 0 0 0 0 0 1 0 0 399 0 0
"197" 197 0.191860465116 0 0 478 0 0 2 0 0 19 0 0 0 0 0 0 0 0 1 0 0
"198" 198 0.0199004975124 0 0 56 0 0 0 0 0 0 0 14 0 0 404 15 0 0 0 0 11
"199" 199 0.25 0 31 0 0 0 179 0 0 0 0 0 0 0 0 87 0 0 203 0 0
"200" 200 0.367713004484 0 0 0 0 0 311 3 0 0 0 0 0 0 10 117 0 0 56 0 3
"201" 201 0.175182481752 0 0 0 0 1 498 0 0 0 0 1 0 0 0 0 0 0 0 0 0
"202" 202 0.102661596958 0 0 0 0 0 0 0 0 5 1 25 0 0 1 12 1 5 1 448 1
"203" 203 0.521897810219 0 0 0 0 0 141 0 0 0 0 0 0 0 0 175 0 0 1 0 183
"204" 204 0.354066985646 0 133 0 0 0 283 0 0 0 0 0 0 0 14 1 0 0 50 0 19
"205" 205 0.0769230769231 0 0 0 0 0 0 0 0 0 0 135 365 0 0 0 0 0 0 0 0
"206" 206 0.0761421319797 0 0 4 0 0 0 17 0 0 0 6 1 0 20 0 0 451 1 0 0
"207" 207 0.311258278146 0 0 0 0 9 243 0 0 0 0 80 0 0 6 68 0 0 94 0 0
"208" 208 0.394871794872 0 0 0 17 0 355 0 0 0 0 0 0 0 4 109 0 0 3 0 12
"209" 209 0.149253731343 0 1 0 0 1 0 0 0 1 0 0 0 2 1 0 0 0 51 0 443
"210" 210 0.493670886076 0 0 0 0 0 127 0 0 0 0 0 0 0 0 366 0 0 7 0 0
"211" 211 0.716417910448 0 101 0 0 0 135 1 0 0 0 0 0 0 132 79 0 0 49 0 3
"212" 212 0.835443037975 0 0 0 0 0 487 0 0 0 0 0 0 0 0 13 0 0 0 0 0
