"site" "RSA" "aa1" "aa2" "aa3" "aa4" "aa5" "aa6" "aa7" "aa8" "aa9" "aa10" "aa11" "aa12" "aa13" "aa14" "aa15" "aa16" "aa17" "aa18" "aa19" "aa20"
"0" 0 0.283582089552 0 0 0 0 0 0 0 0 0 0 2 0 0 441 0 0 0 0 0 57
"1" 1 0.171532846715 0 0 0 0 0 0 1 0 0 0 0 0 0 0 499 0 0 0 0 0
"2" 2 0.0 0 0 0 0 0 0 0 0 0 0 0 0 0 0 0 0 500 0 0 0
"3" 3 0.0 0 0 0 0 0 0 0 0 0 0 0 0 0 500 0 0 0 0 0 0
"4" 4 0.0 0 0 0 0 0 0 0 0 0 0 0 0 0 0 0 0 500 0 0 0
"5" 5 0.100775193798 0 0 0 0 0 0 0 0 0 318 0 0 0 0 0 28 0 0 154 0
"6" 6 0.0287356321839 0 0 0 0 0 0 0 0 0 0 0 0 0 0 0 0 500 0 0 0
"7" 7 0.282700421941 0 0 3 0 37 422 0 0 0 0 5 0 0 1 0 0 0 31 0 1
"8" 8 0.244525547445 0 0 0 0 2 0 0 0 0 0 0 1 0 430 4 0 0 63 0 0
"9" 9 0.00574712643678 0 0 0 0 0 0 0 0 1 0 0 0 0 0 0 0 499 0 0 0
"10" 10 0.106598984772 0 0 0 0 0 0 478 0 0 0 1 0 0 0 0 0 21 0 0 0
"11" 11 0.124352331606 0 482 0 1 0 13 0 0 0 0 0 0 0 0 3 0 0 1 0 0
"12" 12 0.661596958175 0 0 137 0 13 40 24 0 0 2 121 9 13 9 4 68 19 23 18 0
"13" 13 0.573643410853 0 13 343 24 2 8 0 0 32 0 5 2 0 1 61 0 0 9 0 0
"14" 14 0.270114942529 0 0 0 0 55 0 65 0 1 0 0 0 0 0 6 0 372 1 0 0
"15" 15 0.814345991561 0 7 34 5 184 82 25 0 44 0 4 3 0 14 4 0 55 36 0 3
"16" 16 0.456852791878 0 0 121 0 9 2 7 0 257 1 24 5 2 0 52 0 9 2 0 9
"17" 17 0.580291970803 0 1 1 0 41 34 166 0 14 4 0 0 1 16 5 2 170 21 21 3
"18" 18 0.132183908046 0 0 0 0 0 0 0 0 1 0 0 0 0 0 0 0 499 0 0 0
"19" 19 0.286919831224 0 0 4 3 8 263 0 0 0 0 3 0 2 197 12 0 0 6 0 2
"20" 20 0.817610062893 0 5 4 2 1 0 0 482 0 0 2 1 0 0 0 0 0 2 0 1
"21" 21 0.502590673575 0 387 15 50 6 7 0 0 8 0 8 0 0 6 2 0 3 8 0 0
"22" 22 0.43795620438 0 0 0 46 5 406 0 0 0 1 0 3 24 0 13 0 0 1 1 0
"23" 23 0.424418604651 0 3 79 68 83 39 1 0 183 1 2 1 0 19 5 0 3 9 0 4
"24" 24 0.0480769230769 0 0 0 0 0 0 0 0 0 0 0 500 0 0 0 0 0 0 0 0
"25" 25 0.264367816092 0 0 0 0 2 3 11 0 125 0 0 0 0 0 0 0 335 9 0 15
"26" 26 0.16091954023 0 0 0 0 23 97 5 0 1 0 1 0 0 121 8 0 242 2 0 0
"27" 27 0.325581395349 0 0 0 0 2 7 0 0 41 0 0 0 0 0 429 0 0 21 0 0
"28" 28 0.730569948187 0 112 30 18 82 73 21 0 38 0 10 2 1 17 4 0 51 39 0 2
"29" 29 0.884615384615 0 0 0 0 0 0 0 0 0 0 0 500 0 0 0 0 0 0 0 0
"30" 30 0.166666666667 0 0 0 0 1 0 116 0 0 0 0 0 0 0 0 0 383 0 0 0
"31" 31 0.535864978903 0 3 2 3 101 160 9 25 79 0 6 0 0 38 8 0 35 30 0 1
"32" 32 0.191387559809 0 0 0 1 3 25 0 0 10 0 1 0 454 0 1 0 1 3 0 1
"33" 33 0.192052980132 0 2 475 2 0 0 0 0 14 0 0 7 0 0 0 0 0 0 0 0
"34" 34 0.0366972477064 0 0 0 0 0 0 1 0 2 0 0 0 0 0 0 0 28 0 0 469
"35" 35 0.00512820512821 0 16 0 484 0 0 0 0 0 0 0 0 0 0 0 0 0 0 0 0
"36" 36 0.182389937107 0 0 0 0 0 0 0 500 0 0 0 0 0 0 0 0 0 0 0 0
"37" 37 0.092050209205 0 0 0 4 0 0 0 0 0 195 0 0 0 0 0 0 0 0 301 0
"38" 38 0.0443037974684 500 0 0 0 0 0 0 0 0 0 0 0 0 0 0 0 0 0 0 0
"39" 39 0.303571428571 0 0 0 0 461 5 0 0 0 0 2 0 0 1 13 0 0 5 0 13
"40" 40 0.0304568527919 0 0 0 0 0 0 491 0 0 0 3 0 0 0 0 0 6 0 0 0
"41" 41 0.0 0 0 0 0 0 0 0 0 0 0 500 0 0 0 0 0 0 0 0 0
"42" 42 0.00574712643678 0 0 0 0 0 0 0 0 15 0 1 0 0 0 0 0 484 0 0 0
"43" 43 0.0178571428571 0 0 0 0 0 0 0 0 0 0 0 0 0 0 0 0 0 500 0 0
"44" 44 0.0267857142857 0 0 0 0 219 0 0 0 16 0 89 0 0 0 0 0 0 175 0 1
"45" 45 0.0 0 0 0 0 0 0 0 0 0 0 500 0 0 0 0 0 0 0 0 0
"46" 46 0.0172413793103 0 0 0 0 0 0 0 0 2 0 20 0 0 0 0 0 478 0 0 0
"47" 47 0.306569343066 0 0 0 4 116 9 4 0 0 0 18 1 0 13 313 0 0 20 0 2
"48" 48 0.00995024875622 0 0 0 1 3 0 0 0 0 0 0 0 0 266 0 0 0 2 0 228
"49" 49 0.206751054852 0 0 0 0 0 481 0 0 0 0 1 0 1 0 15 0 0 0 1 1
"50" 50 0.522321428571 0 0 0 0 0 0 0 0 0 0 0 0 0 0 0 0 0 500 0 0
"51" 51 0.493670886076 0 15 2 274 6 100 0 0 0 5 6 1 3 23 34 8 0 4 10 9
"52" 52 0.810126582278 0 6 0 341 3 16 0 0 0 1 0 125 1 0 4 0 0 2 0 1
"53" 53 0.358208955224 0 0 0 2 21 22 0 0 0 2 0 0 0 339 0 105 0 1 8 0
"54" 54 0.0402298850575 0 0 0 0 0 0 0 0 0 0 0 0 0 0 0 0 500 0 0 0
"55" 55 0.721518987342 0 479 2 2 0 2 0 0 2 0 1 0 1 2 1 0 0 8 0 0
"56" 56 0.205357142857 0 0 0 0 1 0 0 0 0 0 0 0 0 0 0 0 0 499 0 0
"57" 57 0.0 0 0 0 0 0 0 0 0 0 0 0 0 0 0 0 0 500 0 0 0
"58" 58 0.0 0 0 0 0 0 0 452 0 0 0 0 0 0 0 0 0 48 0 0 0
"59" 59 0.0077519379845 0 0 12 0 0 0 0 0 0 0 488 0 0 0 0 0 0 0 0 0
"60" 60 0.0114942528736 0 0 1 0 0 0 0 0 8 0 2 0 0 0 0 0 489 0 0 0
"61" 61 0.0198675496689 0 0 423 0 0 0 0 0 0 0 77 0 0 0 0 0 0 0 0 0
"62" 62 0.126582278481 500 0 0 0 0 0 0 0 0 0 0 0 0 0 0 0 0 0 0 0
"63" 63 0.0288461538462 0 0 0 0 0 0 0 0 0 0 0 500 0 0 0 0 0 0 0 0
"64" 64 0.138364779874 0 0 0 0 0 0 0 500 0 0 0 0 0 0 0 0 0 0 0 0
"65" 65 0.348837209302 0 101 65 33 7 59 1 0 10 8 17 6 0 14 3 94 1 40 35 6
"66" 66 0.412556053812 0 112 84 49 29 111 0 0 16 0 27 5 0 16 10 0 0 38 0 3
"67" 67 0.0253164556962 500 0 0 0 0 0 0 0 0 0 0 0 0 0 0 0 0 0 0 0
"68" 68 0.210762331839 0 0 3 0 481 1 0 0 2 0 1 0 0 0 4 0 0 0 0 8
"69" 69 0.53125 0 30 39 56 20 67 1 0 61 3 6 1 11 11 72 4 0 103 4 11
"70" 70 0.0406976744186 0 0 1 0 0 0 0 0 59 0 439 0 0 0 0 0 1 0 0 0
"71" 71 0.0 0 0 0 0 0 0 500 0 0 0 0 0 0 0 0 0 0 0 0 0
"72" 72 0.171532846715 0 1 0 1 7 130 0 0 14 67 26 0 0 13 17 0 0 70 125 29
"73" 73 0.372093023256 0 3 1 2 7 2 11 0 20 8 15 2 1 13 2 24 0 368 14 7
"74" 74 0.0 0 0 0 0 0 0 0 0 0 0 500 0 0 0 0 0 0 0 0 0
"75" 75 0.0 0 0 0 0 0 0 0 0 0 0 0 0 0 500 0 0 0 0 0 0
"76" 76 0.062015503876 0 0 0 0 0 0 0 0 0 0 499 1 0 0 0 0 0 0 0 0
"77" 77 0.0550458715596 0 0 0 1 0 0 0 0 0 0 0 0 0 4 0 0 0 0 0 495
"78" 78 0.144230769231 0 0 0 0 0 0 0 0 0 0 0 500 0 0 0 0 0 0 0 0
"79" 79 0.0077519379845 0 0 0 0 0 0 0 0 0 0 500 0 0 0 0 0 0 0 0 0
"80" 80 0.295336787565 0 499 0 0 0 0 0 0 0 0 0 0 1 0 0 0 0 0 0 0
"81" 81 0.211678832117 0 0 0 0 0 2 0 0 1 0 0 0 0 0 497 0 0 0 0 0
"82" 82 0.00961538461538 0 0 0 0 0 0 0 0 0 0 0 500 0 0 0 0 0 0 0 0
"83" 83 0.00507614213198 0 0 0 0 0 0 477 0 0 0 0 0 0 0 0 0 23 0 0 0
"84" 84 0.0 0 0 0 0 1 0 0 0 0 0 0 0 496 3 0 0 0 0 0 0
"85" 85 0.0 0 0 0 0 0 0 97 0 1 0 0 0 0 0 0 0 402 0 0 0
"86" 86 0.308035714286 0 4 0 0 2 2 0 0 0 97 0 0 19 12 8 0 0 2 351 3
"87" 87 0.0114942528736 0 0 0 0 0 0 0 0 0 0 0 0 0 0 0 0 500 0 0 0
"88" 88 0.389937106918 0 0 0 0 0 0 0 500 0 0 0 0 0 0 0 0 0 0 0 0
"89" 89 0.572327044025 0 0 3 0 1 4 0 481 0 0 3 1 0 0 1 0 1 5 0 0
"90" 90 0.511627906977 0 196 5 48 24 35 1 0 17 0 34 3 0 14 7 4 3 101 2 6
"91" 91 0.433035714286 0 50 0 4 90 32 0 0 0 3 10 0 8 1 3 224 0 62 8 5
"92" 92 0.162790697674 0 0 4 2 1 0 0 0 0 69 301 0 18 0 1 2 0 0 102 0
"93" 93 0.584821428571 0 13 79 60 19 216 1 0 0 0 48 2 0 34 11 0 0 14 0 3
"94" 94 0.576642335766 0 8 1 21 2 23 0 0 4 7 0 0 10 24 350 2 0 3 42 3
"95" 95 0.189054726368 0 0 0 0 0 0 0 0 0 0 0 0 0 500 0 0 0 0 0 0
"96" 96 0.163461538462 0 0 1 0 0 0 0 0 11 0 0 487 0 0 0 0 0 0 1 0
"97" 97 0.0754716981132 0 0 8 0 0 0 0 486 0 0 6 0 0 0 0 0 0 0 0 0
"98" 98 0.338308457711 0 4 3 2 12 162 61 0 15 2 9 0 20 9 4 13 34 134 13 3
"99" 99 0.0313901345291 0 0 0 2 469 0 0 0 0 0 3 0 0 0 0 0 11 15 0 0
"100" 100 0.172413793103 0 0 0 0 2 0 458 0 1 0 0 0 0 0 2 0 35 1 0 1
"101" 101 0.0 0 0 0 0 0 0 0 0 0 0 500 0 0 0 0 0 0 0 0 0
"102" 102 0.36496350365 0 0 1 0 4 66 0 0 0 1 10 0 0 136 106 109 0 0 5 62
"103" 103 0.0229885057471 0 0 0 0 0 0 0 0 0 0 1 0 0 0 0 0 499 0 0 0
"104" 104 0.00995024875622 0 0 0 0 0 0 1 0 0 0 0 0 0 499 0 0 0 0 0 0
"105" 105 0.031007751938 0 0 1 0 0 0 0 0 0 0 499 0 0 0 0 0 0 0 0 0
"106" 106 0.215189873418 0 0 3 1 93 159 0 0 0 0 104 0 0 0 90 0 0 40 0 10
"107" 107 0.0 0 0 0 0 0 0 6 0 0 0 0 0 0 494 0 0 0 0 0 0
"108" 108 0.0077519379845 0 0 2 0 0 0 0 0 0 0 498 0 0 0 0 0 0 0 0 0
"109" 109 0.59375 0 40 2 104 50 148 3 0 4 1 12 1 0 46 7 6 3 62 1 10
"110" 110 0.438818565401 0 0 0 0 4 492 0 0 0 0 0 0 0 1 0 0 0 3 0 0
"111" 111 0.0848214285714 0 0 0 0 0 0 0 0 0 0 0 0 0 0 0 0 0 500 0 0
"112" 112 0.645569620253 0 14 0 162 94 77 0 0 0 1 2 57 33 0 32 0 0 24 2 2
"113" 113 0.0344827586207 0 0 2 0 0 0 0 0 31 0 13 0 0 0 0 0 454 0 0 0
"114" 114 0.305699481865 0 468 0 0 0 2 0 0 0 0 0 0 25 0 0 0 0 0 0 5
"115" 115 0.00497512437811 0 0 0 0 0 0 5 0 0 0 0 0 0 493 0 0 2 0 0 0
"116" 116 0.0 0 0 0 0 0 0 0 0 0 0 0 0 0 0 0 0 500 0 0 0
"117" 117 0.00497512437811 0 0 0 0 0 0 0 0 0 0 0 0 0 498 0 0 0 0 0 2
"118" 118 0.0348258706468 0 0 20 0 1 0 0 0 7 0 18 1 0 422 0 0 29 0 0 2
"119" 119 0.125 0 0 0 0 0 0 0 0 0 0 0 500 0 0 0 0 0 0 0 0
"120" 120 0.206751054852 0 0 4 0 0 485 0 0 0 0 2 0 0 0 7 0 0 2 0 0
"121" 121 0.219730941704 0 0 2 0 226 153 0 0 0 0 10 1 0 3 80 0 0 20 0 5
"122" 122 0.100775193798 0 4 437 0 0 0 0 0 0 0 25 0 0 24 1 0 0 9 0 0
"123" 123 0.243654822335 0 0 6 0 0 0 442 0 7 0 2 0 0 0 1 0 30 0 0 12
"124" 124 0.39896373057 0 0 0 0 9 5 74 0 2 0 1 0 0 2 0 0 9 369 1 28
"125" 125 0.316062176166 0 439 3 14 5 5 0 0 10 0 3 0 0 13 1 0 0 5 2 0
"126" 126 0.497409326425 0 2 0 298 20 110 0 0 0 0 1 5 48 0 9 2 0 5 0 0
"127" 127 0.272151898734 500 0 0 0 0 0 0 0 0 0 0 0 0 0 0 0 0 0 0 0
"128" 128 0.194871794872 0 14 0 99 0 0 0 0 0 0 0 279 92 0 5 0 0 11 0 0
"129" 129 0.390134529148 0 0 0 3 132 102 0 0 0 0 3 0 3 0 254 0 0 3 0 0
"130" 130 0.197674418605 0 0 3 0 0 0 0 0 449 0 43 3 0 2 0 0 0 0 0 0
"131" 131 0.0288461538462 0 0 3 0 0 0 0 11 0 0 44 442 0 0 0 0 0 0 0 0
"132" 132 0.215246636771 0 73 3 17 41 72 9 0 13 4 70 6 4 29 16 7 13 44 72 7
"133" 133 0.275229357798 0 1 0 5 2 49 0 0 0 16 1 0 0 386 3 0 0 3 23 11
"134" 134 0.0 0 0 0 0 0 0 0 0 462 0 37 0 0 0 0 0 1 0 0 0
"135" 135 0.0 0 0 2 0 0 0 0 0 0 0 498 0 0 0 0 0 0 0 0 0
"136" 136 0.423076923077 0 16 11 4 40 144 0 0 66 1 96 0 2 47 5 0 0 44 9 15
"137" 137 0.330543933054 0 2 0 5 1 2 0 0 0 251 5 0 5 68 1 0 0 3 157 0
"138" 138 0.109452736318 0 0 0 0 0 0 0 0 0 0 0 0 0 500 0 0 0 0 0 0
"139" 139 0.772020725389 0 16 2 182 7 25 0 0 0 0 0 98 148 0 14 1 0 4 3 0
"140" 140 0.170212765957 0 0 0 0 0 0 0 0 0 0 0 0 0 0 0 500 0 0 0 0
"141" 141 0.301886792453 0 0 0 0 0 0 0 498 0 0 0 0 0 2 0 0 0 0 0 0
"142" 142 0.367713004484 0 0 14 0 14 23 213 0 8 5 57 2 0 0 5 3 19 25 14 98
"143" 143 0.0 0 0 0 0 0 0 0 0 0 0 0 500 0 0 0 0 0 0 0 0
"144" 144 0.0348837209302 0 1 345 2 0 0 0 0 79 0 41 10 1 8 0 0 0 4 0 9
"145" 145 0.192468619247 0 15 0 317 0 23 0 0 0 0 3 4 16 0 122 0 0 0 0 0
"146" 146 0.0 0 0 1 0 0 0 0 0 0 0 499 0 0 0 0 0 0 0 0 0
"147" 147 0.0860927152318 0 0 25 0 0 15 159 0 66 0 4 0 0 0 6 0 223 0 0 2
"148" 148 0.367713004484 0 0 26 0 35 44 0 0 1 13 7 0 12 39 48 0 0 128 80 67
"149" 149 0.0229885057471 0 0 0 0 0 0 65 0 0 0 0 0 0 0 0 0 435 0 0 0
"150" 150 0.226744186047 0 6 10 1 33 38 41 0 31 1 1 0 1 66 38 1 131 71 15 15
"151" 151 0.114427860697 0 0 0 0 0 0 0 0 0 0 0 0 0 390 0 0 110 0 0 0
"152" 152 0.433035714286 0 178 4 54 10 11 0 0 4 0 9 0 0 175 28 0 15 12 0 0
"153" 153 0.625 0 0 0 0 0 0 0 0 0 0 0 500 0 0 0 0 0 0 0 0
"154" 154 0.528497409326 0 104 15 207 41 40 0 0 36 0 6 9 2 13 1 0 1 17 2 6
"155" 155 0.244725738397 0 0 2 0 40 99 32 0 71 38 0 1 1 0 31 0 2 5 96 82
"156" 156 0.0 0 0 0 0 0 0 0 0 0 0 0 0 0 499 0 0 0 0 0 1
"157" 157 0.35864978903 0 3 2 11 11 193 81 0 0 0 2 0 0 11 76 0 47 59 1 3
"158" 158 0.0 0 0 0 0 0 0 0 0 0 0 0 0 0 0 0 0 500 0 0 0
"159" 159 0.290178571429 0 0 0 1 17 54 0 0 11 0 0 0 0 98 66 0 186 48 0 19
"160" 160 0.131386861314 0 0 0 0 0 0 0 0 0 0 0 0 0 0 500 0 0 0 0 0
"161" 161 0.254464285714 0 0 0 1 23 4 1 0 1 0 0 0 1 19 428 1 16 2 2 1
"162" 162 0.319796954315 0 0 0 0 1 0 460 0 0 0 0 0 0 0 2 0 37 0 0 0
"163" 163 0.943005181347 0 148 19 22 14 35 1 100 14 1 36 5 0 5 3 0 1 95 0 1
"164" 164 0.817307692308 0 53 10 247 35 23 1 0 25 6 4 5 5 34 5 11 0 20 8 8
"165" 165 0.326923076923 0 0 0 0 0 0 0 0 0 0 0 500 0 0 0 0 0 0 0 0
"166" 166 0.437810945274 0 7 6 10 17 32 4 0 64 14 1 0 3 214 8 0 11 53 54 2
"167" 167 0.321428571429 0 0 5 0 122 7 0 0 0 0 0 0 0 89 9 0 0 263 0 5
"168" 168 0.459302325581 0 6 8 3 8 11 61 0 116 0 2 1 1 9 10 0 155 85 0 24
"169" 169 0.28855721393 0 0 0 0 3 1 0 0 1 0 0 0 0 97 6 0 388 3 0 1
"170" 170 0.64598540146 0 0 2 2 10 1 98 0 15 39 0 0 0 32 12 0 141 9 134 5
"171" 171 0.0796019900498 0 0 0 0 0 0 0 0 0 0 0 0 0 500 0 0 0 0 0 0
"172" 172 0.582278481013 0 0 11 3 111 102 31 0 36 0 5 0 0 36 9 0 89 64 1 2
"173" 173 0.174129353234 0 0 0 0 0 0 0 0 0 0 0 0 0 500 0 0 0 0 0 0
"174" 174 0.276729559748 0 0 0 0 0 0 0 500 0 0 0 0 0 0 0 0 0 0 0 0
"175" 175 0.0 0 0 71 0 0 0 0 0 0 0 429 0 0 0 0 0 0 0 0 0
"176" 176 0.0 0 0 0 0 0 0 0 0 0 0 0 0 0 0 0 0 500 0 0 0
"177" 177 0.0 0 0 0 0 0 0 0 0 0 0 0 0 0 0 0 0 500 0 0 0
"178" 178 0.00581395348837 0 1 13 1 28 0 0 0 376 0 81 0 0 0 0 0 0 0 0 0
"179" 179 0.0 0 0 1 0 0 0 0 0 0 0 499 0 0 0 0 0 0 0 0 0
"180" 180 0.0777202072539 0 490 0 0 0 0 0 0 0 0 5 0 5 0 0 0 0 0 0 0
"181" 181 0.492537313433 0 2 57 1 4 7 0 0 0 0 32 1 0 17 2 0 0 372 1 4
"182" 182 0.664233576642 0 16 1 104 65 19 0 0 0 0 12 193 1 26 5 0 0 28 0 30
"183" 183 0.0597014925373 0 0 0 0 0 0 0 0 0 0 0 0 0 500 0 0 0 0 0 0
"184" 184 0.0871794871795 0 0 2 353 0 0 0 0 140 0 5 0 0 0 0 0 0 0 0 0
"185" 185 0.741071428571 0 24 3 21 118 24 102 0 23 0 1 0 1 27 0 1 125 24 4 2
"186" 186 0.201257861635 0 0 0 0 0 0 0 500 0 0 0 0 0 0 0 0 0 0 0 0
"187" 187 0.273722627737 0 0 0 0 0 0 0 0 0 0 0 0 0 0 500 0 0 0 0 0
"188" 188 0.817490494297 0 13 35 42 141 58 6 0 17 1 11 3 0 89 3 0 11 41 14 15
"189" 189 0.232558139535 0 0 0 0 0 0 0 19 0 0 481 0 0 0 0 0 0 0 0 0
"190" 190 0.424418604651 0 3 37 11 222 65 0 0 44 1 2 3 1 55 38 0 0 11 3 4
"191" 191 0.666666666667 0 71 2 16 5 18 11 24 56 1 20 11 3 17 1 0 21 217 4 2
"192" 192 0.440251572327 0 102 32 50 6 14 1 4 14 1 8 4 2 5 4 0 2 241 7 3
"193" 193 0.333333333333 0 12 1 14 201 7 0 0 0 0 7 0 1 31 40 46 0 132 0 8
"194" 194 0.375634517766 0 0 0 2 13 211 39 0 0 0 6 0 0 94 8 93 1 6 14 13
"195" 195 0.467889908257 0 8 0 6 15 387 19 0 2 0 5 0 0 17 17 1 7 16 0 0
"196" 196 0.556962025316 0 32 3 30 40 183 8 0 6 0 47 2 0 24 23 1 0 96 0 5
"197" 197 0.015503875969 0 0 0 0 0 0 0 0 0 0 500 0 0 0 0 0 0 0 0 0
"198" 198 0.518987341772 0 7 2 19 68 94 1 0 1 2 37 1 0 151 26 0 1 62 20 8
"199" 199 0.696202531646 0 23 3 75 46 193 0 0 0 1 23 0 0 47 44 0 2 36 0 7
"200" 200 0.274261603376 0 0 0 1 1 391 0 0 0 0 1 0 0 53 52 0 0 0 1 0
"201" 201 0.620253164557 0 8 29 25 203 45 1 0 74 0 14 12 0 53 7 0 1 17 7 4
"202" 202 0.0456852791878 0 0 0 0 0 0 496 0 0 0 0 0 0 0 0 0 4 0 0 0
"203" 203 0.379464285714 0 0 0 0 5 0 1 0 1 0 0 0 0 2 1 0 4 486 0 0
"204" 204 0.367816091954 0 0 0 0 2 12 46 0 1 0 0 0 0 0 10 0 426 3 0 0
"205" 205 0.0964467005076 0 0 0 0 0 1 353 0 20 0 0 0 0 0 112 0 13 0 0 1
"206" 206 0.464135021097 0 0 9 3 15 158 0 0 209 6 1 1 1 1 12 6 3 31 28 16
"207" 207 0.0817610062893 0 0 0 0 0 0 0 500 0 0 0 0 0 0 0 0 0 0 0 0
"208" 208 0.528846153846 0 79 133 43 15 57 1 0 18 0 50 4 0 26 10 1 1 48 2 12
"209" 209 0.580310880829 0 409 4 2 4 2 0 0 0 0 11 0 54 0 0 0 1 7 3 3
"210" 210 0.134328358209 0 0 0 0 0 0 0 0 0 0 0 0 0 500 0 0 0 0 0 0
"211" 211 0.653846153846 0 0 0 0 0 0 0 0 0 0 0 500 0 0 0 0 0 0 0 0
"212" 212 0.051724137931 0 0 0 0 0 0 0 0 0 0 0 0 0 0 0 0 500 0 0 0
"213" 213 0.549222797927 0 23 252 24 40 36 0 0 1 2 34 5 1 34 7 0 0 31 5 5
"214" 214 0.199004975124 0 0 0 0 0 0 0 0 15 0 0 0 0 485 0 0 0 0 0 0
"215" 215 0.453488372093 0 15 28 6 23 34 5 0 32 1 17 1 5 4 8 0 15 297 8 1
"216" 216 0.284768211921 0 0 382 0 0 0 0 0 0 0 116 2 0 0 0 0 0 0 0 0
"217" 217 0.818565400844 0 203 8 79 38 23 0 0 84 0 0 4 7 9 7 1 3 15 15 4
"218" 218 0.731343283582 0 15 19 14 76 8 13 0 4 7 5 1 2 124 3 3 9 27 14 156
"219" 219 0.708609271523 0 0 229 4 24 136 0 0 0 7 6 0 1 7 27 0 3 11 36 9
"220" 220 0.632183908046 0 3 0 3 70 163 58 0 80 0 1 0 0 5 0 1 113 0 0 3
"221" 221 0.781725888325 0 43 6 5 13 61 49 0 40 0 15 7 6 23 1 0 68 159 4 0
"222" 222 0.291390728477 0 0 54 3 25 252 0 0 0 1 27 0 2 0 112 0 0 9 1 14
"223" 223 0.235632183908 0 0 0 0 21 1 1 0 2 0 0 0 0 0 0 0 473 2 0 0
"224" 224 0.504464285714 0 0 2 0 3 4 2 0 68 0 1 1 0 0 2 0 26 388 0 3
"225" 225 0.580310880829 0 3 16 6 10 202 0 115 6 0 39 5 0 1 31 0 2 51 0 13
"226" 226 0.666666666667 0 3 4 1 1 0 0 484 4 0 1 0 0 2 0 0 0 0 0 0
"227" 227 0.823899371069 0 0 4 1 4 1 0 479 2 0 1 0 0 0 0 0 1 7 0 0
"228" 228 0.85201793722 0 0 23 4 296 30 1 0 89 4 1 1 4 21 3 1 2 14 3 3
"229" 229 0.875912408759 0 15 47 11 60 55 24 0 103 0 9 3 0 12 11 0 71 76 1 2
"230" 230 0.755813953488 0 18 52 3 57 69 6 6 112 2 13 0 5 6 6 0 41 95 9 0
"231" 231 0.744186046512 0 31 172 6 16 38 1 106 14 0 23 7 5 11 3 0 5 59 0 3
"232" 232 0.759615384615 0 1 22 0 0 0 0 0 0 0 0 477 0 0 0 0 0 0 0 0
"233" 233 0.701149425287 0 5 14 8 21 14 50 0 114 28 6 0 5 6 20 7 119 15 67 1
"234" 234 0.835443037975 0 8 20 6 52 36 65 0 113 0 4 0 0 27 6 0 101 59 2 1
"235" 235 0.258620689655 0 0 1 0 0 0 0 0 36 39 1 0 7 0 0 0 405 0 11 0
"236" 236 0.611607142857 0 144 31 125 5 64 2 0 47 0 9 1 0 13 7 0 6 45 0 1
"237" 237 0.383720930233 0 0 66 0 3 0 0 0 428 0 1 1 0 0 0 0 0 0 1 0
"238" 238 0.656976744186 0 165 11 35 21 33 13 0 74 0 37 6 1 19 8 1 18 53 2 3
"239" 239 0.696428571429 0 173 10 56 66 47 1 0 10 0 25 5 0 29 11 0 1 58 0 8
"240" 240 0.259067357513 0 101 1 0 60 2 0 0 19 0 9 0 203 0 9 0 1 90 0 5
"241" 241 0.398009950249 0 0 0 0 11 149 0 0 0 0 14 0 0 185 20 0 0 108 2 11
"242" 242 0.333333333333 0 16 2 41 24 155 49 0 5 0 36 1 1 63 25 0 31 36 1 14
"243" 243 0.317829457364 0 60 15 69 23 54 13 0 30 0 78 6 1 8 104 7 0 28 4 0
"244" 244 0.303797468354 0 1 1 0 147 17 3 0 7 0 43 3 2 2 57 2 6 190 0 19
"245" 245 0.298507462687 0 9 0 2 19 16 0 0 0 0 8 0 0 286 109 1 0 35 0 15
"246" 246 0.518987341772 0 0 12 0 19 165 6 0 0 0 147 7 6 0 43 0 0 77 1 17
"247" 247 0.651785714286 0 10 3 45 18 199 0 0 0 0 24 0 4 40 53 1 1 98 1 3
"248" 248 0.51269035533 0 79 2 121 54 21 1 0 4 42 2 2 3 61 10 0 0 31 39 28
"249" 249 0.5 0 0 0 0 0 0 0 0 0 0 0 500 0 0 0 0 0 0 0 0
"250" 250 0.660583941606 0 10 0 4 118 65 14 0 0 18 2 0 4 49 6 1 64 85 58 2
"251" 251 0.664974619289 0 2 4 4 101 82 19 0 0 0 18 49 0 18 27 0 153 5 0 18
