"site" "RSA" "aa1" "aa2" "aa3" "aa4" "aa5" "aa6" "aa7" "aa8" "aa9" "aa10" "aa11" "aa12" "aa13" "aa14" "aa15" "aa16" "aa17" "aa18" "aa19" "aa20"
"0" 0 0.0275229357798 0 0 0 0 0 0 0 0 1 0 0 0 0 0 0 0 0 0 0 499
"1" 1 0.0615384615385 0 0 0 500 0 0 0 0 0 0 0 0 0 0 0 0 0 0 0 0
"2" 2 0.0 0 0 0 0 0 0 0 0 0 0 0 0 0 500 0 0 0 0 0 0
"3" 3 0.00574712643678 0 0 0 0 0 0 207 0 0 0 0 0 0 0 0 0 293 0 0 0
"4" 4 0.00995024875622 0 0 0 0 0 0 0 0 0 0 0 0 0 500 0 0 0 0 0 0
"5" 5 0.0550458715596 0 0 0 0 0 0 78 0 0 0 0 0 0 1 0 0 4 0 0 417
"6" 6 0.115384615385 0 0 0 0 0 0 0 0 0 0 0 500 0 0 0 0 0 0 0 0
"7" 7 0.134328358209 0 0 0 0 0 0 0 109 0 0 0 0 0 390 1 0 0 0 0 0
"8" 8 0.0251572327044 0 0 0 0 0 0 0 500 0 0 0 0 0 0 0 0 0 0 0 0
"9" 9 0.201923076923 0 0 0 0 0 0 0 0 0 0 0 500 0 0 0 0 0 0 0 0
"10" 10 0.0232558139535 0 0 11 0 0 0 0 0 0 0 489 0 0 0 0 0 0 0 0 0
"11" 11 0.144230769231 0 0 0 0 0 0 0 0 0 0 0 500 0 0 0 0 0 0 0 0
"12" 12 0.0970464135021 0 0 4 0 10 1 0 0 4 0 0 0 0 0 453 0 0 0 0 28
"13" 13 0.336538461538 0 4 4 67 12 1 14 0 41 0 43 2 0 4 241 0 49 17 0 1
"14" 14 0.133720930233 0 0 0 1 145 7 87 0 18 0 51 1 0 108 0 1 40 8 2 31
"15" 15 0.0358744394619 0 0 0 0 5 0 432 0 0 0 0 0 0 15 0 0 34 0 0 14
"16" 16 0.0 0 0 0 0 0 0 0 0 0 0 0 500 0 0 0 0 0 0 0 0
"17" 17 0.245535714286 0 0 0 0 0 0 0 0 0 0 0 0 0 0 0 0 0 500 0 0
"18" 18 0.171532846715 0 0 0 1 2 20 0 0 0 14 3 0 143 255 26 0 0 0 30 6
"19" 19 0.0 0 0 0 0 0 0 500 0 0 0 0 0 0 0 0 0 0 0 0 0
"20" 20 0.224137931034 0 0 0 0 2 23 0 0 1 0 54 0 4 0 5 1 393 8 6 3
"21" 21 0.71875 0 5 2 0 0 2 1 0 2 0 6 0 0 1 2 0 0 479 0 0
"22" 22 0.378238341969 0 499 0 0 0 0 0 0 0 0 0 0 0 0 0 0 0 0 0 1
"23" 23 0.300380228137 0 0 0 0 0 1 0 0 3 0 0 0 1 1 0 0 0 0 494 0
"24" 24 0.538461538462 0 0 0 0 0 0 0 0 0 0 0 500 0 0 0 0 0 0 0 0
"25" 25 0.0609137055838 0 0 0 0 9 0 486 0 0 0 0 0 0 0 0 0 4 0 0 1
"26" 26 0.106918238994 0 0 0 0 0 0 0 500 0 0 0 0 0 0 0 0 0 0 0 0
"27" 27 0.277511961722 0 1 1 1 3 2 0 0 0 0 0 0 446 17 0 9 15 0 0 5
"28" 28 0.010152284264 0 0 0 0 0 0 496 0 0 0 0 0 0 0 0 0 4 0 0 0
"29" 29 0.0596026490066 0 14 155 50 16 5 27 0 1 0 6 0 0 0 34 0 149 42 0 1
"30" 30 0.0290697674419 0 0 27 0 0 0 3 308 151 0 1 0 0 0 0 1 9 0 0 0
"31" 31 0.182692307692 0 50 1 3 21 2 0 0 4 0 8 4 0 0 35 0 5 367 0 0
"32" 32 0.435233160622 0 269 2 4 55 32 0 0 0 0 69 0 0 1 18 6 1 38 0 5
"33" 33 0.224770642202 0 0 0 1 1 0 144 0 1 0 3 0 0 109 0 0 1 6 0 234
"34" 34 0.0460251046025 0 1 0 0 0 0 0 0 0 398 2 0 0 7 0 10 0 0 81 1
"35" 35 0.200729927007 0 19 3 38 84 40 12 0 6 0 32 0 1 102 59 2 1 84 3 14
"36" 36 0.325581395349 0 72 6 47 60 56 15 0 22 0 73 4 1 16 21 7 0 92 3 5
"37" 37 0.0542635658915 0 3 2 3 0 0 0 0 0 15 453 0 0 0 0 0 0 0 24 0
"38" 38 0.183486238532 0 0 0 0 2 10 365 0 0 0 12 1 0 0 17 1 18 30 0 44
"39" 39 0.742616033755 0 43 5 59 36 172 20 0 9 1 41 0 2 47 29 1 0 32 0 3
"40" 40 0.633928571429 0 16 4 63 68 138 0 0 0 0 14 0 0 96 14 0 0 69 1 17
"41" 41 0.647321428571 0 123 1 199 13 47 0 0 0 1 1 18 75 1 5 0 0 9 7 0
"42" 42 0.267441860465 0 0 62 2 27 18 0 0 316 0 0 1 0 62 3 0 0 7 0 2
"43" 43 0.710691823899 0 5 2 3 0 0 0 481 0 0 0 0 0 0 0 0 0 9 0 0
"44" 44 0.233830845771 0 17 2 1 0 15 3 0 8 0 4 0 0 429 4 1 7 4 0 5
"45" 45 0.0 0 0 0 0 0 0 0 0 0 0 0 500 0 0 0 0 0 0 0 0
"46" 46 0.477611940299 0 1 0 21 63 157 13 0 0 0 1 0 0 105 124 0 2 10 0 3
"47" 47 0.473214285714 0 15 3 40 34 171 9 0 19 6 34 1 1 41 41 0 2 19 4 60
"48" 48 0.0 0 0 0 0 0 0 0 0 0 0 500 0 0 0 0 0 0 0 0 0
"49" 49 0.383966244726 0 0 0 0 1 429 0 0 0 0 26 1 0 7 21 3 0 6 3 3
"50" 50 0.430463576159 0 6 3 9 3 88 33 0 18 35 19 2 9 19 6 0 17 59 173 1
"51" 51 0.292775665399 0 0 0 0 0 4 0 0 0 1 0 0 0 0 0 0 0 0 494 1
"52" 52 0.111675126904 0 13 1 29 3 1 346 0 3 0 16 0 1 40 4 1 6 8 0 28
"53" 53 0.316062176166 0 432 7 2 7 10 0 0 6 0 10 0 1 2 1 0 2 15 0 5
"54" 54 0.518987341772 0 2 1 60 47 79 0 0 3 0 8 0 0 229 35 0 0 25 0 11
"55" 55 0.0673076923077 0 0 0 0 0 0 0 0 0 0 0 500 0 0 0 0 0 0 0 0
"56" 56 0.348214285714 0 0 0 0 124 60 0 0 0 0 1 0 0 288 5 0 0 17 1 4
"57" 57 0.223880597015 0 44 55 16 15 0 1 73 2 0 29 2 0 74 8 9 1 168 0 3
"58" 58 0.0574712643678 0 0 0 0 0 0 0 0 0 0 0 0 0 0 0 0 500 0 0 0
"59" 59 0.327044025157 0 0 0 0 0 0 0 500 0 0 0 0 0 0 0 0 0 0 0 0
"60" 60 0.290155440415 0 355 1 2 0 0 0 5 0 0 3 1 0 0 1 0 0 132 0 0
"61" 61 0.776785714286 0 118 12 16 9 65 0 60 42 0 42 7 0 2 3 0 4 116 4 0
"62" 62 0.206896551724 0 3 16 1 5 1 322 0 4 0 3 0 1 83 0 0 44 12 1 4
"63" 63 0.0290697674419 0 0 1 0 1 2 12 0 149 0 34 0 0 1 33 0 4 215 0 48
"64" 64 0.182741116751 0 0 0 0 0 0 482 0 0 0 3 0 0 0 0 0 15 0 0 0
"65" 65 0.403846153846 0 0 21 1 21 103 0 0 87 1 63 4 4 23 25 0 0 126 1 20
"66" 66 0.126903553299 0 0 1 1 1 2 473 0 6 0 2 0 0 3 0 0 3 6 0 2
"67" 67 0.0 0 0 0 0 0 0 265 0 1 0 0 0 0 0 0 0 234 0 0 0
"68" 68 0.481012658228 0 0 0 0 7 350 0 0 0 0 21 0 0 0 44 0 0 77 0 1
"69" 69 0.59375 0 19 3 19 31 112 89 0 6 0 28 1 0 29 64 7 8 78 0 6
"70" 70 0.204379562044 0 0 0 0 0 0 0 0 0 0 1 0 0 0 498 0 0 1 0 0
"71" 71 0.0199004975124 0 0 0 0 0 0 0 0 0 0 0 0 0 500 0 0 0 0 0 0
"72" 72 0.346153846154 0 0 226 3 2 0 0 0 0 0 158 47 0 0 61 0 0 1 0 2
"73" 73 0.459915611814 0 39 22 0 254 62 0 0 13 0 40 4 11 0 0 0 0 39 0 16
"74" 74 0.751295336788 0 134 112 42 29 41 1 11 7 0 44 8 0 12 7 3 0 41 3 5
"75" 75 0.367875647668 0 498 1 1 0 0 0 0 0 0 0 0 0 0 0 0 0 0 0 0
"76" 76 0.00632911392405 500 0 0 0 0 0 0 0 0 0 0 0 0 0 0 0 0 0 0 0
"77" 77 0.53125 0 0 26 0 10 177 0 0 88 0 50 6 4 13 10 0 0 106 0 10
"78" 78 0.594890510949 0 2 1 6 0 2 0 0 6 0 0 0 1 3 474 0 1 0 3 1
"79" 79 0.00961538461538 0 0 0 0 0 0 0 0 0 0 0 500 0 0 0 0 0 0 0 0
"80" 80 0.00418410041841 0 0 0 0 0 0 0 0 0 500 0 0 0 0 0 0 0 0 0 0
"81" 81 0.0 0 0 0 0 0 0 0 0 0 0 0 0 0 499 0 0 1 0 0 0
"82" 82 0.0 0 0 0 0 0 0 0 0 0 0 0 0 0 500 0 0 0 0 0 0
"83" 83 0.0518134715026 0 448 0 34 1 0 0 0 0 0 0 0 0 14 0 0 0 3 0 0
"84" 84 0.0288461538462 0 0 0 0 0 0 0 0 0 0 0 500 0 0 0 0 0 0 0 0
"85" 85 0.0 0 0 0 0 0 0 0 0 0 498 0 0 0 0 0 0 0 0 2 0
"86" 86 0.0251572327044 0 0 0 0 0 0 0 500 0 0 0 0 0 0 0 0 0 0 0 0
"87" 87 0.204379562044 0 3 10 27 1 1 2 0 7 0 1 1 28 1 371 35 1 1 0 10
"88" 88 0.0523255813953 0 6 143 1 2 113 0 0 22 0 14 0 2 0 192 0 0 2 1 2
"89" 89 0.235632183908 0 0 2 0 1 0 0 0 24 0 3 0 0 0 1 0 455 14 0 0
"90" 90 0.333333333333 0 77 17 70 28 64 6 0 45 8 67 11 2 8 62 0 13 14 6 2
"91" 91 0.0179372197309 0 0 0 0 458 0 0 0 0 0 0 0 0 0 1 0 0 41 0 0
"92" 92 0.0 0 0 0 0 0 0 0 0 0 0 500 0 0 0 0 0 0 0 0 0
"93" 93 0.495535714286 0 0 1 0 68 256 55 0 2 0 9 0 0 1 31 0 8 36 0 33
"94" 94 0.131782945736 0 3 5 3 2 0 1 0 0 0 482 0 0 0 0 0 0 4 0 0
"95" 95 0.0 0 0 0 0 0 0 0 0 0 0 0 0 0 500 0 0 0 0 0 0
"96" 96 0.245535714286 0 77 1 0 3 13 0 0 3 0 10 0 0 5 1 1 0 383 3 0
"97" 97 0.602678571429 0 17 2 44 64 141 36 0 12 0 46 2 0 45 25 1 15 45 1 4
"98" 98 0.0710659898477 0 0 0 0 0 0 500 0 0 0 0 0 0 0 0 0 0 0 0 0
"99" 99 0.0149253731343 0 0 0 0 0 0 0 0 0 0 0 0 0 500 0 0 0 0 0 0
"100" 100 0.696428571429 0 0 21 6 34 46 0 0 36 0 68 2 1 4 2 0 0 278 0 2
"101" 101 0.700892857143 0 21 3 15 49 23 16 0 10 0 30 0 0 9 14 0 0 303 0 7
"102" 102 0.311787072243 0 0 0 0 2 0 0 0 0 10 3 0 0 458 0 0 0 0 25 2
"103" 103 0.538461538462 0 0 0 0 0 0 0 0 0 0 0 500 0 0 0 0 0 0 0 0
"104" 104 0.130801687764 0 0 0 21 34 26 0 0 0 2 7 0 10 67 305 21 0 1 2 4
"105" 105 0.553459119497 0 6 3 1 1 7 0 149 4 8 11 2 0 32 253 10 0 6 3 4
"106" 106 0.0507614213198 0 0 0 0 0 0 389 0 4 0 0 0 0 2 0 0 105 0 0 0
"107" 107 0.300518134715 0 463 0 1 0 2 0 0 0 0 0 0 34 0 0 0 0 0 0 0
"108" 108 0.311787072243 0 0 0 0 0 0 0 0 0 57 0 0 2 0 3 42 0 0 396 0
"109" 109 0.0 0 0 0 0 0 0 4 0 0 0 0 0 0 0 0 0 496 0 0 0
"110" 110 0.00507614213198 0 0 0 0 0 0 497 0 0 0 0 0 0 0 0 0 3 0 0 0
"111" 111 0.0615384615385 0 1 1 0 0 0 0 0 0 192 1 0 51 0 0 15 0 0 239 0
"112" 112 0.010152284264 0 0 0 0 0 0 331 0 0 0 0 0 0 152 0 0 17 0 0 0
"113" 113 0.517857142857 0 19 7 41 90 153 0 0 0 0 7 0 4 31 61 0 0 83 2 2
"114" 114 0.0459770114943 0 0 0 0 0 0 0 0 0 0 1 0 0 0 0 0 499 0 0 0
"115" 115 0.383419689119 0 25 99 1 2 3 0 273 2 0 18 2 1 4 63 0 0 6 0 1
"116" 116 0.443037974684 0 5 40 2 1 1 0 399 3 0 23 1 0 0 4 3 0 18 0 0
"117" 117 0.611398963731 0 112 174 42 8 70 5 0 22 0 10 6 0 11 2 0 12 21 0 5
"118" 118 0.298850574713 0 10 4 19 53 236 0 0 12 0 0 0 20 20 21 0 39 47 16 3
"119" 119 0.0 0 0 0 0 0 0 0 0 0 0 0 0 0 500 0 0 0 0 0 0
"120" 120 0.247706422018 0 2 3 0 13 4 41 0 16 13 13 1 2 175 22 0 35 58 0 102
"121" 121 0.397321428571 0 43 4 10 20 51 36 0 19 0 19 1 1 17 114 0 16 134 0 15
"122" 122 0.197080291971 0 0 0 0 0 0 0 0 0 0 0 0 0 0 500 0 0 0 0 0
"123" 123 0.00497512437811 0 0 0 6 0 0 0 0 0 0 1 0 0 493 0 0 0 0 0 0
"124" 124 0.255813953488 0 0 192 1 15 4 0 0 109 0 49 6 0 0 59 0 0 49 0 16
"125" 125 0.0384615384615 0 0 0 0 0 0 0 0 0 0 0 500 0 0 0 0 0 0 0 0
"126" 126 0.13503649635 0 0 0 0 1 1 0 0 0 0 1 0 0 0 491 0 0 2 0 4
"127" 127 0.204379562044 0 0 0 0 0 0 0 0 0 0 0 0 0 0 491 5 0 0 2 2
"128" 128 0.0355329949239 0 0 0 0 2 4 377 0 0 0 0 0 0 0 0 0 116 0 0 1
"129" 129 0.00632911392405 500 0 0 0 0 0 0 0 0 0 0 0 0 0 0 0 0 0 0 0
"130" 130 0.483443708609 0 0 307 0 5 4 9 0 0 0 69 2 0 0 9 0 9 86 0 0
"131" 131 0.551724137931 0 20 4 6 31 27 33 0 62 3 6 0 3 0 2 0 261 31 2 9
"132" 132 0.411392405063 500 0 0 0 0 0 0 0 0 0 0 0 0 0 0 0 0 0 0 0
"133" 133 0.394230769231 0 0 0 0 0 0 0 0 0 0 0 500 0 0 0 0 0 0 0 0
"134" 134 0.0581395348837 0 0 406 0 0 0 0 0 78 0 14 2 0 0 0 0 0 0 0 0
"135" 135 0.186046511628 0 0 1 0 0 0 131 0 164 0 8 1 0 3 0 0 49 142 0 1
"136" 136 0.0570342205323 0 0 0 0 0 0 0 0 0 16 0 0 0 0 0 0 0 0 484 0
"137" 137 0.0622009569378 0 0 0 0 0 0 0 0 0 0 0 0 500 0 0 0 0 0 0 0
"138" 138 0.467661691542 0 91 24 13 30 47 0 0 2 0 55 5 2 7 9 0 10 198 0 7
"139" 139 0.540229885057 0 43 1 23 30 38 43 0 7 0 1 0 1 18 76 0 84 134 1 0
"140" 140 0.523012552301 0 10 0 11 8 1 0 0 0 5 3 0 68 71 0 1 0 304 18 0
"141" 141 0.292307692308 0 23 1 160 0 9 0 0 0 5 0 0 2 0 0 1 0 0 299 0
"142" 142 0.433962264151 0 0 0 0 0 0 0 499 0 0 1 0 0 0 0 0 0 0 0 0
"143" 143 0.100628930818 0 0 0 0 0 0 0 500 0 0 0 0 0 0 0 0 0 0 0 0
"144" 144 0.708860759494 0 17 278 35 22 40 1 0 32 0 24 4 1 6 8 0 3 26 0 3
"145" 145 0.447674418605 0 0 1 0 4 14 123 0 27 1 1 0 0 11 7 0 276 23 11 1
"146" 146 0.710691823899 0 0 0 0 0 0 0 500 0 0 0 0 0 0 0 0 0 0 0 0
"147" 147 0.394230769231 0 0 0 0 0 0 0 0 0 0 0 500 0 0 0 0 0 0 0 0
"148" 148 0.319796954315 0 0 0 0 4 12 19 0 0 84 0 0 2 5 63 0 31 1 278 1
"149" 149 0.0253164556962 500 0 0 0 0 0 0 0 0 0 0 0 0 0 0 0 0 0 0 0
"150" 150 0.352331606218 0 470 3 12 0 0 6 0 7 0 0 0 0 0 0 0 1 1 0 0
"151" 151 0.561181434599 0 1 0 0 1 498 0 0 0 0 0 0 0 0 0 0 0 0 0 0
"152" 152 0.352331606218 0 12 2 10 67 92 0 0 89 29 1 1 23 0 2 0 0 8 161 3
"153" 153 0.432692307692 0 0 0 0 0 0 0 0 0 0 0 500 0 0 0 0 0 0 0 0
"154" 154 0.0769230769231 0 0 0 0 0 0 0 0 0 0 0 500 0 0 0 0 0 0 0 0
"155" 155 0.674107142857 0 0 14 1 265 29 0 15 16 0 10 1 0 14 79 0 15 38 0 3
"156" 156 0.129353233831 0 0 0 0 0 0 0 0 0 0 0 0 0 500 0 0 0 0 0 0
"157" 157 0.365019011407 0 0 0 0 0 0 0 0 0 100 0 0 0 0 0 0 0 0 400 0
"158" 158 0.385650224215 0 0 2 0 360 3 6 0 7 0 1 0 0 44 38 0 4 19 0 16
"159" 159 0.120437956204 0 33 56 0 4 0 0 1 0 0 23 0 177 0 163 0 0 43 0 0
"160" 160 0.627906976744 0 65 55 20 8 35 0 0 0 0 59 5 0 8 4 162 0 76 0 3
"161" 161 0.0569948186528 0 243 13 49 17 9 0 0 23 0 14 4 14 2 26 0 0 84 0 2
"162" 162 0.0 0 491 0 4 0 0 0 0 0 4 1 0 0 0 0 0 0 0 0 0
"163" 163 0.287179487179 0 10 8 36 115 109 8 0 5 2 8 1 4 80 69 0 21 15 2 7
"164" 164 0.665178571429 0 7 5 2 1 92 2 0 23 0 2 3 0 4 6 2 2 345 4 0
"165" 165 0.705357142857 0 54 8 5 6 76 10 0 44 0 20 2 1 4 8 0 11 246 0 5
"166" 166 0.0581395348837 0 9 0 5 124 24 49 0 6 0 2 0 2 99 154 0 6 15 0 5
"167" 167 0.0 0 0 0 0 0 0 497 0 0 0 0 0 0 0 0 0 3 0 0 0
"168" 168 0.443708609272 0 16 3 19 12 145 7 0 4 0 43 1 0 25 192 2 0 27 0 4
"169" 169 0.31223628692 0 4 0 6 37 195 29 0 3 0 13 0 0 21 20 2 7 152 3 8
"170" 170 0.0766423357664 0 58 3 58 13 21 0 0 0 0 61 1 0 220 39 0 0 12 0 14
"171" 171 0.0796019900498 0 0 0 0 0 0 5 0 0 0 0 0 0 495 0 0 0 0 0 0
"172" 172 0.459821428571 0 2 1 1 4 24 8 0 1 1 6 0 1 2 0 0 0 445 2 2
"173" 173 0.0919540229885 0 32 3 8 11 16 68 0 16 8 28 2 2 34 196 0 13 12 33 18
"174" 174 0.0666666666667 0 62 2 23 70 1 23 0 27 2 31 1 19 0 0 1 49 71 4 114
"175" 175 0.334862385321 0 2 6 3 17 91 4 0 15 4 120 3 0 137 17 13 0 38 25 5
"176" 176 0.594936708861 0 5 6 11 1 446 2 0 2 0 4 1 0 7 5 0 0 10 0 0
"177" 177 0.174887892377 0 7 1 98 177 34 0 0 31 0 3 1 3 94 3 36 0 6 3 3
"178" 178 0.186046511628 0 0 0 0 0 1 0 0 244 0 30 0 0 72 0 0 0 0 0 153
"179" 179 0.470852017937 0 37 0 31 32 69 71 0 15 1 6 0 1 40 10 10 79 89 6 3
"180" 180 0.301886792453 0 0 0 0 0 0 0 500 0 0 0 0 0 0 0 0 0 0 0 0
"181" 181 0.0348258706468 0 0 0 0 0 0 0 0 0 0 0 0 0 500 0 0 0 0 0 0
"182" 182 0.109452736318 0 0 0 0 1 0 2 0 0 0 0 0 0 496 0 0 0 0 0 1
"183" 183 0.455958549223 0 44 2 27 58 118 27 0 5 0 24 1 0 32 40 0 19 84 0 19
"184" 184 0.125523012552 0 0 0 0 0 0 0 0 0 378 0 0 0 0 0 1 0 0 121 0
"185" 185 0.00380228136882 0 0 0 0 0 0 0 0 0 225 0 0 0 0 0 200 0 0 75 0
"186" 186 0.503311258278 0 1 13 1 38 147 0 0 20 0 211 8 1 13 8 5 0 26 0 8
"187" 187 0.651785714286 0 28 4 59 47 152 5 0 4 0 38 0 0 37 74 0 1 32 0 19
"188" 188 0.329113924051 0 0 0 1 31 417 0 0 0 0 8 0 0 0 2 0 0 8 0 33
"189" 189 0.615384615385 0 0 0 0 0 0 0 0 0 0 0 500 0 0 0 0 0 0 0 0
"190" 190 0.15969581749 0 1 1 125 0 1 0 0 0 0 0 0 5 0 87 0 2 0 278 0
"191" 191 0.179104477612 0 0 0 0 0 0 0 0 0 0 0 0 0 500 0 0 0 0 0 0
"192" 192 0.077519379845 0 0 13 0 4 0 0 0 3 0 475 2 0 3 0 0 0 0 0 0
"193" 193 0.487179487179 0 0 0 0 0 1 103 0 16 0 1 0 0 0 0 0 310 67 0 2
"194" 194 0.0402298850575 0 0 0 0 0 0 2 0 0 0 0 0 0 0 0 0 498 0 0 0
"195" 195 0.405128205128 0 259 0 169 7 22 3 0 0 0 0 0 1 29 0 0 5 5 0 0
"196" 196 0.0288461538462 0 0 0 0 0 0 0 0 0 0 1 499 0 0 0 0 0 0 0 0
"197" 197 0.408071748879 0 220 32 35 3 0 0 0 70 0 5 5 0 0 0 0 0 126 0 4
"198" 198 0.29197080292 0 0 0 0 0 0 0 0 0 0 0 0 0 0 500 0 0 0 0 0
"199" 199 0.616580310881 0 9 12 0 0 3 0 8 0 0 6 0 452 0 4 0 0 5 1 0
"200" 200 0.243654822335 0 18 4 4 3 0 228 0 16 0 31 5 0 129 1 7 14 37 0 3
"201" 201 0.488789237668 0 70 41 53 29 39 0 0 88 0 8 5 0 74 3 35 0 33 0 22
"202" 202 0.414507772021 0 24 1 9 141 40 9 0 2 0 8 0 0 48 15 1 12 187 0 3
"203" 203 0.0229885057471 0 0 0 0 0 0 0 0 0 0 1 0 0 0 0 0 499 0 0 0
"204" 204 0.0456273764259 0 0 0 0 0 0 0 0 0 0 0 0 0 0 0 0 0 0 500 0
"205" 205 0.333333333333 0 2 33 2 18 88 0 0 55 5 158 9 5 23 5 1 0 83 10 3
"206" 206 0.295336787565 0 500 0 0 0 0 0 0 0 0 0 0 0 0 0 0 0 0 0 0
"207" 207 0.00574712643678 0 0 0 0 0 0 0 0 0 0 0 0 0 0 0 0 500 0 0 0
"208" 208 0.37552742616 0 0 5 0 5 92 0 0 0 1 242 0 0 137 3 2 0 3 10 0
"209" 209 0.683937823834 0 7 112 87 6 204 0 0 0 0 30 5 0 29 14 0 0 2 0 4
"210" 210 0.203980099502 0 1 1 1 5 0 0 0 1 1 3 0 0 487 0 0 0 0 0 0
"211" 211 0.00497512437811 0 0 0 0 0 0 0 0 0 0 0 0 0 500 0 0 0 0 0 0
"212" 212 0.576923076923 0 33 167 18 6 31 1 0 6 12 71 18 0 53 12 0 3 38 19 12
"213" 213 0.807692307692 0 0 0 0 0 0 0 0 0 0 0 500 0 0 0 0 0 0 0 0
"214" 214 0.10447761194 0 0 0 0 0 0 0 0 0 0 0 0 0 500 0 0 0 0 0 0
"215" 215 0.881856540084 0 28 2 42 113 16 1 0 0 2 15 169 2 15 18 0 3 68 4 2
