"site" "RSA" "aa1" "aa2" "aa3" "aa4" "aa5" "aa6" "aa7" "aa8" "aa9" "aa10" "aa11" "aa12" "aa13" "aa14" "aa15" "aa16" "aa17" "aa18" "aa19" "aa20"
"0" 0 1.05960264901 0 0 10 6 0 0 0 21 5 0 8 0 0 0 0 0 0 0 0 0
"1" 1 0.732142857143 0 36 0 0 7 1 0 2 0 0 2 0 4 0 0 0 0 63 0 0
"2" 2 0.0722433460076 1 0 0 0 0 2 0 0 0 9 0 0 4 0 0 0 0 0 138 0
"3" 3 0.357512953368 0 156 0 0 0 1 0 0 0 0 0 0 3 0 0 0 0 2 0 0
"4" 4 0.06463878327 1 0 4 0 0 0 0 0 1 16 3 0 31 13 0 1 1 0 88 3
"5" 5 0.273631840796 0 0 0 0 1 0 4 0 2 2 0 0 0 150 0 0 2 0 0 2
"6" 6 0.00418410041841 0 0 0 0 0 0 17 0 0 134 0 0 0 3 0 0 1 0 5 3
"7" 7 0.160337552743 0 0 0 0 0 163 0 0 0 0 0 0 0 0 1 0 0 0 0 0
"8" 8 0.0 0 0 0 1 0 0 28 0 1 1 0 0 0 123 0 0 12 0 0 0
"9" 9 0.0 0 0 0 0 0 0 6 0 0 0 0 0 0 135 0 0 25 0 0 0
"10" 10 0.0 0 0 0 0 0 0 36 0 0 1 0 0 0 121 0 0 6 0 0 2
"11" 11 0.0 0 0 0 0 0 0 152 0 0 0 0 0 0 3 0 0 11 0 0 0
"12" 12 0.0 0 0 0 0 0 0 0 0 0 0 0 166 0 0 0 0 0 0 0 0
"13" 13 0.14358974359 0 142 0 19 0 0 0 0 1 0 0 0 0 0 0 0 0 4 0 0
"14" 14 0.377483443709 0 0 160 0 0 0 1 0 0 0 4 0 0 0 1 0 0 0 0 0
"15" 15 0.538461538462 0 0 9 1 0 0 0 0 0 0 7 149 0 0 0 0 0 0 0 0
"16" 16 0.0114942528736 0 0 0 0 0 0 0 0 2 0 1 0 0 0 0 0 162 0 0 1
"17" 17 0.153846153846 0 0 0 0 0 0 0 0 0 0 0 165 0 0 1 0 0 0 0 0
"18" 18 0.0253164556962 0 0 0 0 0 166 0 0 0 0 0 0 0 0 0 0 0 0 0 0
"19" 19 0.192052980132 0 0 128 0 0 0 0 0 38 0 0 0 0 0 0 0 0 0 0 0
"20" 20 0.0886075949367 112 0 41 10 1 0 0 0 0 0 2 0 0 0 0 0 0 0 0 0
"21" 21 0.0199004975124 2 0 0 0 0 0 19 0 0 3 0 0 0 124 0 0 10 0 0 9
"22" 22 0.0 0 0 0 0 0 0 6 0 0 0 0 0 0 159 0 0 2 0 0 0
"23" 23 0.109452736318 1 0 8 0 1 0 8 0 0 21 1 0 0 107 3 0 8 0 1 8
"24" 24 0.153284671533 1 0 0 0 2 0 0 0 0 0 0 0 0 0 163 0 0 0 0 1
"25" 25 0.0167364016736 0 0 0 0 0 0 1 0 0 152 0 0 0 1 0 0 0 0 13 0
"26" 26 0.185430463576 8 0 51 0 0 0 0 0 18 0 80 1 0 0 1 0 8 0 0 0
"27" 27 0.40414507772 0 117 1 1 1 1 1 0 0 0 0 0 0 0 9 0 0 37 0 0
"28" 28 0.59585492228 0 111 1 40 5 2 0 0 0 0 0 7 0 0 0 0 0 2 0 0
"29" 29 0.377906976744 0 0 40 4 9 5 4 0 57 0 23 0 1 5 3 0 3 10 1 3
"30" 30 0.281368821293 0 0 0 0 0 0 0 0 1 119 0 0 1 0 0 4 0 0 43 0
"31" 31 0.470930232558 2 3 39 38 1 0 5 1 68 0 2 0 1 1 1 0 3 2 0 1
"32" 32 0.589743589744 0 29 13 11 3 0 4 24 16 0 1 18 0 7 0 0 1 40 1 0
"33" 33 0.787564766839 1 6 85 21 1 1 0 0 35 0 3 1 2 0 1 0 0 10 0 1
"34" 34 0.220532319392 0 0 10 0 2 0 1 0 0 57 0 0 8 0 0 0 0 0 90 0
"35" 35 0.802030456853 0 0 1 0 3 10 127 0 0 0 0 2 0 11 0 0 7 0 5 2
"36" 36 0.377483443709 1 0 98 6 0 0 0 3 52 0 6 0 0 1 0 0 1 0 0 0
"37" 37 0.802325581395 0 0 0 0 0 0 0 0 167 0 0 0 0 0 0 0 1 0 0 0
"38" 38 0.675126903553 0 0 0 0 0 0 160 0 0 0 1 0 0 1 0 0 5 0 0 1
"39" 39 0.451923076923 0 0 0 0 0 0 0 0 0 0 0 168 0 0 0 0 0 0 0 0
"40" 40 0.0919540229885 0 0 0 0 0 0 54 0 0 0 1 0 0 0 0 0 112 0 0 1
"41" 41 0.523316062176 0 158 0 0 0 0 0 0 0 0 0 0 0 0 0 0 0 10 0 0
"42" 42 0.292887029289 0 0 0 0 0 0 0 0 0 167 0 0 0 0 0 0 0 0 1 0
"43" 43 0.270042194093 1 0 0 0 1 139 0 0 1 0 9 0 0 0 15 0 0 0 0 1
"44" 44 0.446700507614 0 0 2 1 0 0 122 0 11 15 0 0 0 1 0 0 13 0 0 2
"45" 45 0.227848101266 3 0 0 0 0 57 0 0 0 0 0 0 0 0 107 0 0 0 0 0
"46" 46 0.424418604651 0 0 7 5 0 3 1 0 145 0 2 0 1 0 1 0 1 1 0 0
"47" 47 0.0689655172414 0 0 0 0 0 0 79 0 3 7 0 0 0 24 0 0 51 0 0 3
"48" 48 0.53125 0 23 2 10 7 12 1 2 3 2 1 0 1 0 3 0 4 92 4 0
"49" 49 0.0199004975124 1 0 1 0 5 0 47 0 0 0 0 0 0 76 3 0 27 0 0 7
"50" 50 0.549222797927 0 97 0 17 9 4 0 0 0 0 1 10 1 0 2 0 0 25 1 0
"51" 51 0.692307692308 0 9 1 11 1 4 0 0 0 0 0 137 0 0 2 0 0 2 0 0
"52" 52 0.303797468354 0 0 1 3 6 132 1 0 1 0 1 0 1 1 5 0 1 14 0 0
"53" 53 0.174418604651 0 1 2 7 3 47 10 0 44 0 4 2 0 1 35 0 9 0 0 2
"54" 54 0.0 0 0 0 0 0 0 87 0 0 0 1 0 0 5 0 0 74 0 0 0
"55" 55 0.244725738397 0 0 0 0 0 164 0 0 0 0 0 0 0 0 1 0 0 0 0 2
"56" 56 0.0 0 0 0 0 0 0 2 0 1 1 10 0 0 151 0 0 0 0 0 2
"57" 57 0.22869955157 0 0 0 1 164 0 0 0 1 0 1 0 0 0 0 0 0 0 0 0
"58" 58 0.00507614213198 0 0 0 0 0 0 156 0 0 0 0 0 0 2 0 0 9 0 0 0
"59" 59 0.195035460993 0 0 0 0 0 0 0 0 0 0 0 0 0 0 0 168 0 0 0 0
"60" 60 0.0259067357513 0 168 0 0 0 0 0 0 0 0 0 0 0 0 0 0 0 0 0 0
"61" 61 0.0116279069767 0 0 2 0 0 0 0 0 166 0 0 0 0 0 0 0 0 0 0 0
"62" 62 0.519379844961 0 0 0 0 0 0 0 0 0 0 167 0 0 0 0 0 0 0 0 1
"63" 63 0.403846153846 0 0 0 0 0 0 0 0 0 0 0 168 0 0 0 0 0 0 0 0
"64" 64 0.255605381166 0 1 0 0 166 0 0 0 0 0 0 0 0 0 0 0 0 1 0 0
"65" 65 0.0625 0 8 0 0 0 0 0 0 0 0 0 0 0 0 0 0 0 160 0 0
"66" 66 0.642335766423 0 0 0 0 0 1 0 0 0 0 0 1 0 0 166 0 0 0 0 0
"67" 67 0.602510460251 0 0 0 0 0 0 0 0 0 155 0 0 0 0 0 0 0 0 13 0
"68" 68 0.481751824818 0 0 0 0 3 12 0 0 0 0 0 0 13 0 140 0 0 0 0 0
"69" 69 0.5 0 0 5 2 1 0 0 0 147 0 12 0 0 0 0 0 1 0 0 0
"70" 70 0.106598984772 0 0 0 1 0 0 158 0 0 0 0 0 1 6 0 0 2 0 0 0
"71" 71 0.377906976744 0 0 0 2 0 0 0 0 161 0 0 0 0 2 0 0 3 0 0 0
"72" 72 0.324503311258 4 0 90 7 4 3 0 4 52 0 4 0 0 0 0 0 0 0 0 0
"73" 73 0.456953642384 0 0 75 4 1 0 1 0 22 0 65 0 0 0 0 0 0 0 0 0
"74" 74 0.06463878327 0 0 0 0 1 0 0 0 0 1 0 0 0 0 0 0 0 0 166 0
"75" 75 0.0114068441065 0 0 0 0 0 0 0 0 0 2 0 0 0 0 0 0 0 0 166 0
"76" 76 0.613138686131 0 0 0 0 0 11 0 0 0 0 0 0 4 0 153 0 0 0 0 0
"77" 77 0.528846153846 0 0 4 4 0 0 0 0 0 0 0 159 0 0 1 0 0 0 0 0
"78" 78 0.0331125827815 2 0 8 0 0 0 0 0 17 0 139 1 0 0 0 0 1 0 0 0
"79" 79 0.239234449761 0 14 0 6 11 0 0 0 0 0 0 1 75 0 0 0 10 0 0 50
"80" 80 0.0 0 0 0 0 0 0 0 0 0 0 7 161 0 0 0 0 0 0 0 0
"81" 81 0.0 0 0 0 0 0 0 127 0 0 2 12 0 0 2 0 0 25 0 0 0
"82" 82 0.0152284263959 1 0 0 0 0 0 90 0 0 1 2 0 0 27 0 0 20 0 0 27
"83" 83 0.0 1 0 0 0 0 0 39 0 1 0 0 0 0 82 0 0 38 0 0 7
"84" 84 0.00574712643678 0 0 0 0 0 0 6 0 4 0 1 0 0 1 0 0 154 0 0 2
"85" 85 0.0 0 0 0 0 0 0 0 0 0 6 0 0 0 0 0 0 0 0 162 0
"86" 86 0.0621761658031 0 164 2 0 0 0 0 0 0 0 0 1 0 0 0 0 0 1 0 0
"87" 87 0.00574712643678 5 0 0 0 0 0 59 0 9 0 0 0 0 1 0 0 94 0 0 0
"88" 88 0.209302325581 2 1 6 2 1 0 1 0 154 0 1 0 0 0 0 0 0 0 0 0
"89" 89 0.378238341969 3 79 22 39 5 8 0 0 0 0 1 0 0 1 4 0 1 5 0 0
"90" 90 0.381165919283 0 1 4 1 26 11 3 4 3 0 8 11 5 6 29 0 1 44 0 11
"91" 91 0.477678571429 0 24 10 2 12 34 2 0 2 0 4 1 1 5 13 0 4 54 0 0
"92" 92 0.0132450331126 0 0 144 0 0 0 0 0 24 0 0 0 0 0 0 0 0 0 0 0
"93" 93 0.0627615062762 0 0 0 0 0 0 0 0 0 162 0 0 0 1 0 0 0 0 5 0
"94" 94 0.394871794872 0 31 3 48 4 4 1 0 5 0 11 3 0 3 7 0 8 40 0 0
"95" 95 0.00961538461538 1 8 8 128 2 2 0 0 0 0 2 2 14 0 0 0 0 1 0 0
"96" 96 0.0 0 0 0 0 0 0 64 0 0 0 1 0 0 11 0 0 92 0 0 0
"97" 97 0.565400843882 0 8 7 6 14 77 0 3 3 0 7 1 2 0 25 0 2 12 0 1
"98" 98 0.155963302752 0 7 5 31 34 16 1 0 20 5 0 4 2 1 27 0 1 6 3 5
"99" 99 0.0141843971631 0 0 0 0 0 0 0 0 0 0 0 0 0 0 0 168 0 0 0 0
"100" 100 0.0796019900498 0 0 1 0 0 0 31 0 0 7 1 0 2 97 0 0 4 0 2 23
"101" 101 0.506726457399 1 2 18 13 30 25 3 0 5 0 7 3 14 0 31 0 2 10 1 3
"102" 102 0.200892857143 0 9 5 38 6 1 0 0 4 0 0 0 0 0 1 0 0 104 0 0
"103" 103 0.0203045685279 0 0 0 0 0 0 118 0 1 0 1 0 0 13 0 0 35 0 0 0
"104" 104 0.709844559585 1 61 4 11 6 8 0 0 2 1 2 1 1 0 11 0 0 58 1 0
"105" 105 0.653284671533 0 9 11 4 32 20 0 0 6 0 1 3 2 0 48 0 0 30 0 2
"106" 106 0.285171102662 0 0 0 30 1 0 1 0 1 9 0 0 52 5 0 0 0 1 67 1
"107" 107 0.116279069767 18 0 6 0 0 0 1 1 7 0 133 2 0 0 0 0 0 0 0 0
"108" 108 0.459302325581 13 23 56 23 3 1 0 4 15 0 8 3 1 0 2 2 1 11 0 2
"109" 109 0.788079470199 0 28 18 6 2 13 1 7 0 0 17 2 2 0 1 0 11 59 0 0
"110" 110 0.523255813953 0 30 16 61 3 2 0 0 4 0 0 26 3 0 0 0 1 7 0 0
"111" 111 0.109195402299 0 0 2 0 0 0 16 0 8 0 9 0 0 0 0 0 133 0 0 0
"112" 112 0.129353233831 19 1 11 49 13 2 5 1 3 1 1 0 3 4 0 0 21 30 0 2
"113" 113 0.198312236287 1 0 0 0 1 102 11 0 3 0 0 0 0 10 32 0 6 0 0 2
"114" 114 0.0 0 0 0 0 0 0 39 0 0 3 0 0 0 74 0 0 11 0 1 40
"115" 115 0.0 0 0 0 0 0 0 23 0 0 0 0 0 0 141 0 0 2 0 0 2
"116" 116 0.00574712643678 0 0 0 0 0 0 31 0 0 0 1 0 0 28 0 0 108 0 0 0
"117" 117 0.0 0 0 0 0 0 0 0 0 0 0 3 165 0 0 0 0 0 0 0 0
"118" 118 0.025641025641 0 0 1 165 0 0 0 0 1 0 0 0 0 0 0 0 0 0 0 0
"119" 119 0.244725738397 0 0 0 0 0 167 0 0 0 0 0 0 0 0 0 0 0 0 0 0
"120" 120 0.0759493670886 86 2 27 17 0 1 6 0 5 0 14 0 0 2 0 0 5 0 0 0
"121" 121 0.20725388601 0 161 2 0 0 0 0 0 0 0 0 0 0 0 0 0 0 4 0 0
"122" 122 0.363184079602 8 12 0 0 1 2 5 0 1 1 4 1 0 81 2 6 5 5 0 32
"123" 123 0.632911392405 0 11 8 8 2 6 3 14 28 0 12 1 2 6 6 0 15 37 1 1
"124" 124 0.875647668394 0 54 25 10 2 2 0 1 7 0 14 1 9 0 0 0 0 39 0 0
"125" 125 0.637130801688 1 8 11 8 13 75 0 0 4 1 1 0 0 10 21 0 0 9 0 0
"126" 126 0.255474452555 0 0 1 1 0 48 0 0 0 0 0 0 0 0 114 0 1 0 0 1
"127" 127 0.431034482759 1 1 2 2 28 5 3 0 2 0 39 0 1 3 2 0 66 8 0 3
"128" 128 0.0172413793103 0 0 0 0 0 0 9 0 0 0 1 0 0 0 0 0 156 0 0 0
"129" 129 0.526785714286 0 30 52 1 6 3 3 11 27 0 2 3 1 10 2 0 0 15 0 0
"130" 130 0.372623574144 0 0 8 1 6 19 3 3 57 12 6 0 0 2 8 0 3 10 26 2
"131" 131 0.549222797927 0 18 13 6 14 2 0 0 9 1 14 1 1 0 0 0 3 84 0 0
"132" 132 0.48275862069 0 23 3 0 27 13 2 0 20 0 4 0 0 1 22 0 8 39 1 4
"133" 133 0.0 0 0 1 0 1 0 1 0 0 0 82 78 0 0 0 0 4 0 0 0
"134" 134 0.303797468354 0 3 3 1 45 54 1 0 1 3 1 0 0 3 15 0 0 33 0 4
"135" 135 0.584821428571 0 4 9 5 19 21 0 0 3 1 38 2 3 1 15 0 0 46 0 0
"136" 136 0.213389121339 1 0 0 0 0 6 7 0 0 66 0 0 0 68 0 2 1 0 15 1
"137" 137 0.0 2 0 10 0 0 0 0 0 1 0 153 1 0 0 0 0 0 0 0 0
"138" 138 0.492227979275 0 64 5 11 9 17 5 0 1 0 5 3 2 1 16 0 2 25 0 1
"139" 139 0.635658914729 2 7 32 1 29 9 2 0 4 0 5 2 4 4 7 0 1 58 0 0
"140" 140 0.246153846154 2 1 0 7 5 3 9 0 0 10 0 0 21 51 5 0 3 7 27 16
"141" 141 0.789029535865 0 11 4 23 7 12 1 0 0 0 2 96 3 1 3 0 0 4 0 0
"142" 142 0.0321100917431 0 0 0 0 0 0 110 0 3 2 1 0 0 14 0 0 18 0 0 19
"143" 143 0.327044025157 1 7 15 1 11 29 1 57 2 2 5 2 0 5 19 0 1 5 2 2
"144" 144 0.0627615062762 0 0 0 0 0 0 1 0 1 139 1 0 1 16 0 0 1 0 6 1
"145" 145 0.174129353234 0 0 1 0 0 1 37 0 0 36 1 0 0 56 1 0 3 0 9 22
"146" 146 0.116071428571 0 1 0 0 0 0 0 0 0 0 0 0 0 0 0 0 0 166 0 0
"147" 147 0.0 3 0 4 0 0 0 2 0 141 0 12 0 0 0 0 0 5 0 0 0
"148" 148 0.0 0 0 167 0 0 0 0 0 0 0 0 0 0 0 0 0 0 0 0 0
"149" 149 0.015503875969 0 0 3 0 0 0 0 0 0 0 164 0 0 0 0 0 0 0 0 0
"150" 150 0.333333333333 0 0 1 0 0 146 0 0 0 1 0 0 0 16 0 0 0 0 0 2
"151" 151 0.347150259067 0 36 26 30 5 1 1 0 32 0 10 2 0 2 0 0 1 19 1 0
"152" 152 0.41059602649 0 7 54 50 0 1 0 0 0 0 40 11 0 0 2 0 0 0 0 0
"153" 153 0.308139534884 0 9 13 5 3 6 39 0 47 1 4 0 5 14 3 0 7 6 2 1
"154" 154 0.307692307692 1 0 2 144 4 1 0 0 1 0 1 6 5 0 0 0 0 0 0 0
"155" 155 0.0172413793103 0 0 0 0 0 0 29 0 0 0 0 0 0 0 0 0 136 0 0 0
"156" 156 0.397321428571 0 23 2 5 5 3 0 0 5 0 0 0 2 0 2 0 0 117 1 0
"157" 157 0.430051813472 0 19 3 6 40 15 0 2 5 1 5 0 0 4 2 0 0 62 1 0
"158" 158 0.031007751938 7 0 7 0 0 0 5 0 1 0 109 1 0 4 1 0 12 0 0 18
"159" 159 0.0125523012552 0 0 0 0 0 0 1 0 0 163 0 0 0 0 0 0 0 0 1 0
"160" 160 0.26368159204 2 1 7 7 5 4 20 0 13 13 0 0 4 38 4 0 6 8 9 20
"161" 161 0.261627906977 4 4 26 5 8 4 3 0 55 0 15 3 3 4 5 0 4 14 1 3
"162" 162 0.0 0 0 0 0 0 1 39 0 0 1 1 0 0 57 0 0 10 0 0 53
"163" 163 0.0 2 0 8 1 0 0 0 0 25 0 112 0 0 10 0 0 4 0 0 0
"164" 164 0.317518248175 1 1 16 4 7 26 1 0 17 0 13 7 2 2 48 1 1 13 0 0
"165" 165 0.134529147982 0 37 5 7 19 6 2 1 1 0 13 2 0 12 8 0 1 41 0 5
"166" 166 0.0 1 1 0 0 0 0 102 0 0 1 0 0 0 19 0 0 31 0 0 4
"167" 167 0.177215189873 1 0 1 0 5 74 6 0 1 1 0 2 2 18 4 0 0 1 8 5
"168" 168 0.651785714286 0 12 8 17 12 23 0 0 5 1 14 0 2 1 10 0 1 20 0 1
"169" 169 0.490066225166 0 1 9 4 5 39 6 0 4 1 3 0 2 2 43 0 3 1 0 0
"170" 170 0.160550458716 0 0 2 0 5 6 14 0 7 1 3 3 0 17 1 0 23 2 0 37
"171" 171 0.417218543046 0 3 8 7 12 28 1 5 1 1 13 13 1 2 13 0 2 8 0 0
"172" 172 0.547085201794 0 2 22 11 9 15 2 8 8 1 9 1 4 3 5 0 3 6 1 0
"173" 173 0.690582959641 0 2 8 10 26 19 0 3 7 0 4 4 1 3 5 0 1 9 1 1
"174" 174 0.323076923077 0 3 7 6 8 9 2 15 7 0 10 2 0 15 3 0 3 8 0 2
"175" 175 0.0845771144279 0 7 10 14 8 2 2 4 11 0 13 3 0 4 2 0 2 14 0 1
"176" 176 0.364102564103 0 6 13 12 8 3 0 6 7 0 11 8 1 2 4 0 1 10 0 2
"177" 177 0.441964285714 0 0 10 15 4 11 0 12 12 0 6 10 0 1 1 0 3 8 0 0
"178" 178 0.0523255813953 0 3 12 7 3 7 3 10 10 0 9 7 2 1 5 0 4 5 0 0
"179" 179 0.0523255813953 0 6 12 5 5 11 3 4 7 0 7 8 0 4 7 0 1 3 0 0
"180" 180 0.27802690583 0 5 1 5 11 9 1 12 1 0 9 11 1 2 3 0 6 6 0 0
"181" 181 0.654008438819 0 8 8 7 4 12 1 3 5 0 7 4 2 1 4 0 3 3 0 0
"182" 182 0.443037974684 0 8 7 5 8 8 3 5 6 0 3 3 4 4 1 0 2 1 0 0
"183" 183 0.504464285714 0 3 5 9 6 10 1 0 3 0 6 5 1 2 2 0 6 4 0 0
"184" 184 0.694300518135 1 5 6 8 9 3 3 1 1 0 1 11 3 2 2 0 4 0 0 0
"185" 185 0.459915611814 0 0 5 9 0 12 5 2 2 0 2 6 2 0 1 0 3 2 1 5
"186" 186 0.586538461538 0 3 6 5 1 6 5 2 2 1 0 4 1 4 3 0 5 0 0 1
"187" 187 0.692307692308 0 2 5 11 1 3 0 0 3 0 2 9 0 1 1 0 5 1 0 0
"188" 188 0.701149425287 0 1 1 2 8 2 4 0 2 0 0 5 1 5 1 0 8 0 0 0
"189" 189 0.579487179487 0 0 0 8 2 4 0 1 1 0 0 3 0 2 0 0 2 0 0 0
"190" 190 0.786069651741 0 0 1 0 0 1 0 0 0 0 1 2 0 8 1 0 3 2 0 0
"191" 191 0.835443037975 0 0 2 2 3 5 0 0 0 0 0 0 0 1 3 0 0 0 0 0
"192" 192 0.423076923077 0 1 0 0 2 2 0 0 0 0 0 6 1 1 0 0 0 0 0 0
"193" 193 1.05381165919 0 0 0 0 6 2 0 0 0 0 0 1 0 0 0 0 0 0 0 0
