"site" "RSA" "aa1" "aa2" "aa3" "aa4" "aa5" "aa6" "aa7" "aa8" "aa9" "aa10" "aa11" "aa12" "aa13" "aa14" "aa15" "aa16" "aa17" "aa18" "aa19" "aa20"
"0" 0 1.05128205128 0 0 0 1 0 0 0 0 0 0 0 5 0 0 0 0 0 0 0 0
"1" 1 0.651162790698 0 0 1 0 0 0 0 0 0 0 31 0 0 0 0 0 0 0 0 0
"2" 2 0.483443708609 0 0 29 0 0 0 0 0 0 0 3 0 0 0 0 0 0 0 0 0
"3" 3 0.53164556962 0 0 1 1 2 6 0 0 4 0 9 0 2 5 0 0 0 2 0 0
"4" 4 0.209302325581 0 0 0 0 0 0 0 0 30 0 0 0 1 0 0 0 1 0 0 0
"5" 5 0.403041825095 0 0 0 0 0 0 1 0 0 7 0 0 0 0 0 0 1 0 23 0
"6" 6 0.616352201258 0 0 0 0 0 0 0 32 0 0 0 0 0 0 0 0 0 0 0 0
"7" 7 0.37984496124 0 0 0 0 9 3 0 0 0 0 2 0 0 0 0 0 3 0 0 15
"8" 8 0.0077519379845 25 0 0 0 0 0 0 0 0 0 7 0 0 0 0 0 0 0 0 0
"9" 9 0.5 0 0 25 0 0 0 0 0 0 0 0 7 0 0 0 0 0 0 0 0
"10" 10 0.472868217054 0 0 3 1 0 0 0 0 2 0 27 0 0 0 0 0 0 0 0 0
"11" 11 0.0995024875622 0 0 0 0 0 0 6 0 0 0 0 0 0 26 0 0 1 0 0 0
"12" 12 0.670886075949 0 0 0 0 0 4 0 0 0 0 0 0 0 0 29 0 0 0 0 0
"13" 13 0.637130801688 0 0 0 0 0 32 0 0 0 0 0 0 0 0 0 0 0 0 0 1
"14" 14 0.365384615385 0 0 0 29 0 0 0 0 0 0 0 4 0 0 0 0 0 0 0 0
"15" 15 0.230769230769 0 0 1 0 0 0 0 0 0 0 0 29 0 0 0 0 0 3 0 0
"16" 16 0.266159695817 0 0 0 1 0 0 0 0 0 12 0 0 15 0 0 0 0 0 5 0
"17" 17 0.0 0 0 0 0 0 0 3 0 0 0 0 0 0 1 0 0 29 0 0 0
"18" 18 0.183544303797 1 0 0 0 0 0 0 0 0 0 0 0 0 2 0 0 17 0 0 13
"19" 19 0.010152284264 0 0 0 0 0 0 24 0 0 0 0 0 0 9 0 0 0 0 0 0
"20" 20 0.676923076923 0 0 1 0 0 31 0 0 0 0 0 0 0 0 1 0 0 0 0 0
"21" 21 0.701923076923 0 0 3 5 1 0 0 0 0 0 3 20 0 0 0 0 0 1 0 0
"22" 22 0.277372262774 0 0 0 0 0 1 0 0 0 0 0 0 4 0 28 0 0 0 0 0
"23" 23 0.0817610062893 0 0 0 0 0 0 0 32 0 0 1 0 0 0 0 0 0 0 0 0
"24" 24 0.0 33 0 0 0 0 0 0 0 0 0 0 0 0 0 0 0 0 0 0 0
"25" 25 0.379746835443 0 0 0 0 0 32 0 0 0 0 0 0 0 0 1 0 0 0 0 0
"26" 26 0.0114942528736 0 0 0 0 0 0 25 0 0 0 0 0 0 0 0 0 8 0 0 0
"27" 27 0.304568527919 0 0 0 0 0 0 1 0 0 0 0 0 0 0 0 0 32 0 0 0
"28" 28 0.383419689119 0 15 0 0 0 0 0 0 0 0 0 0 0 0 0 0 0 18 0 0
"29" 29 0.318407960199 0 0 0 0 0 0 0 0 0 0 0 0 0 0 0 0 4 0 3 26
"30" 30 0.476821192053 0 0 31 0 0 0 0 0 2 0 0 0 0 0 0 0 0 0 0 0
"31" 31 0.459770114943 0 0 0 0 0 0 0 0 33 0 0 0 0 0 0 0 0 0 0 0
"32" 32 0.350993377483 0 0 33 0 0 0 0 0 0 0 0 0 0 0 0 0 0 0 0 0
"33" 33 0.818565400844 0 0 0 0 0 33 0 0 0 0 0 0 0 0 0 0 0 0 0 0
"34" 34 0.558139534884 0 0 0 0 0 0 0 0 33 0 0 0 0 0 0 0 0 0 0 0
"35" 35 0.5 0 0 0 0 0 0 0 0 0 0 0 33 0 0 0 0 0 0 0 0
"36" 36 0.864978902954 0 0 0 0 0 33 0 0 0 0 0 0 0 0 0 0 0 0 0 0
"37" 37 0.789473684211 0 0 0 0 0 0 0 0 0 0 0 0 33 0 0 0 0 0 0 0
"38" 38 0.548076923077 0 0 0 0 0 0 0 0 0 0 0 33 0 0 0 0 0 0 0 0
"39" 39 0.473684210526 0 0 0 0 0 0 0 0 0 0 0 0 33 0 0 0 0 0 0 0
"40" 40 0.116279069767 0 0 0 0 0 0 0 0 0 0 33 0 0 0 0 0 0 0 0 0
"41" 41 0.413502109705 0 0 0 0 0 33 0 0 0 0 0 0 0 0 0 0 0 0 0 0
"42" 42 0.0229885057471 4 0 0 0 0 0 0 0 0 0 3 0 0 0 0 0 26 0 0 0
"43" 43 0.278145695364 0 0 0 4 0 0 0 0 0 0 0 0 29 0 0 0 0 0 0 0
"44" 44 0.010152284264 0 0 0 0 0 0 5 0 0 4 0 0 0 21 0 0 0 0 0 3
"45" 45 0.0977011494253 0 0 0 0 0 0 1 0 2 0 0 0 0 0 0 0 30 0 0 0
"46" 46 0.0 0 0 0 0 0 0 0 0 0 0 21 12 0 0 0 0 0 0 0 0
"47" 47 0.255813953488 0 0 0 0 0 0 23 0 1 0 0 0 0 9 0 0 0 0 0 0
"48" 48 0.020725388601 0 33 0 0 0 0 0 0 0 0 0 0 0 0 0 0 0 0 0 0
"49" 49 0.137055837563 0 0 0 0 0 0 32 0 0 0 0 0 0 1 0 0 0 0 0 0
"50" 50 0.0460251046025 0 0 0 0 0 0 0 0 0 33 0 0 0 0 0 0 0 0 0 0
"51" 51 0.406976744186 1 0 2 3 0 0 0 0 27 0 0 0 0 0 0 0 0 0 0 0
"52" 52 0.509615384615 0 0 4 4 4 0 0 0 0 0 1 20 0 0 0 0 0 0 0 0
"53" 53 0.507692307692 0 0 0 0 0 31 0 0 0 0 0 0 0 0 2 0 0 0 0 0
"54" 54 0.569343065693 0 0 0 0 0 33 0 0 0 0 0 0 0 0 0 0 0 0 0 0
"55" 55 0.174129353234 0 0 0 0 0 0 0 0 0 0 0 0 1 14 0 0 0 0 16 2
"56" 56 0.535714285714 0 0 0 0 0 0 0 0 0 0 0 0 0 0 0 0 0 33 0 0
"57" 57 0.248704663212 0 30 0 0 0 0 0 0 0 0 0 0 0 0 0 0 0 3 0 0
"58" 58 0.439461883408 0 0 0 0 0 0 17 0 0 0 0 0 0 11 0 0 2 0 0 3
"59" 59 0.0542635658915 20 0 9 0 0 0 0 0 1 0 0 0 0 0 0 0 3 0 0 0
"60" 60 0.433962264151 0 0 0 0 0 0 0 33 0 0 0 0 0 0 0 0 0 0 0 0
"61" 61 0.198675496689 0 0 30 0 0 0 0 0 3 0 0 0 0 0 0 0 0 0 0 0
"62" 62 0.511627906977 0 0 7 0 0 0 0 0 26 0 0 0 0 0 0 0 0 0 0 0
"63" 63 0.44976076555 0 0 0 0 0 0 0 0 0 0 0 0 33 0 0 0 0 0 0 0
"64" 64 0.487179487179 0 0 0 33 0 0 0 0 0 0 0 0 0 0 0 0 0 0 0 0
"65" 65 0.051724137931 3 0 0 0 0 0 1 0 0 0 0 0 0 0 0 0 1 0 0 28
"66" 66 0.339285714286 0 27 1 2 0 0 0 0 0 0 0 0 0 0 0 0 0 3 0 0
"67" 67 0.0977011494253 0 0 0 0 0 0 0 0 0 0 0 0 0 0 0 0 33 0 0 0
"68" 68 0.0566037735849 0 0 0 0 0 0 0 33 0 0 0 0 0 0 0 0 0 0 0 0
"69" 69 0.481171548117 0 0 1 14 0 0 0 0 0 1 0 0 7 0 0 0 10 0 0 0
"70" 70 0.201149425287 0 0 0 0 0 0 3 0 1 0 0 0 0 0 0 0 29 0 0 0
"71" 71 0.586497890295 0 0 4 4 0 20 0 0 3 0 0 0 0 0 2 0 0 0 0 0
"72" 72 0.482558139535 0 0 0 0 0 0 0 0 0 0 0 0 0 0 33 0 0 0 0 0
"73" 73 0.426778242678 0 2 1 2 2 7 1 0 9 0 1 0 0 1 2 0 1 4 0 0
"74" 74 0.337209302326 0 14 0 0 0 0 0 0 0 0 0 0 0 0 0 0 0 19 0 0
"75" 75 0.0798479087452 0 0 0 0 0 0 1 0 0 7 0 0 0 4 0 0 0 0 21 0
"76" 76 0.218543046358 0 0 1 0 27 0 1 0 2 0 0 0 1 1 0 0 0 0 0 0
"77" 77 0.0574712643678 0 0 0 0 0 0 0 0 0 2 0 0 0 29 0 0 2 0 0 0
"78" 78 0.502487562189 0 0 1 0 0 0 11 0 2 0 0 0 0 12 0 0 5 0 0 2
"79" 79 0.336787564767 0 21 3 4 0 0 1 0 0 0 2 1 0 0 0 0 0 0 1 0
"80" 80 0.111675126904 0 0 0 0 0 0 28 0 0 0 0 0 0 0 0 0 5 0 0 0
"81" 81 0.488789237668 0 1 9 1 0 0 0 0 9 0 0 0 0 0 0 0 0 3 0 0
"82" 82 0.572327044025 0 23 0 0 2 0 0 0 0 0 0 0 0 0 0 0 0 5 0 0
"83" 83 0.174358974359 0 29 0 0 0 0 0 0 0 0 0 0 0 0 0 0 0 3 0 0
"84" 84 0.816964285714 0 0 0 0 0 0 0 0 0 0 0 0 0 0 0 0 0 0 0 0
"85" 85 0.367875647668 0 0 0 0 0 0 0 0 0 0 0 0 0 0 0 0 0 0 0 0
"86" 86 0.754716981132 0 0 0 0 0 0 0 0 0 0 0 0 0 0 0 0 0 0 0 0
"87" 87 0.735099337748 0 0 0 0 0 0 0 0 0 0 0 0 0 0 0 0 0 0 0 0
"88" 88 0.437810945274 0 0 0 0 0 0 0 0 0 0 0 0 0 0 0 0 0 0 0 0
"89" 89 0.465408805031 0 0 0 0 0 0 0 0 0 0 0 0 0 0 0 0 0 0 0 0
"90" 90 0.350993377483 0 3 3 0 0 0 0 0 0 0 0 26 0 0 0 0 0 0 0 0
"91" 91 0.354066985646 0 0 0 0 0 0 1 0 0 20 0 0 0 0 0 0 0 0 11 0
"92" 92 0.0597014925373 2 0 0 0 0 0 0 0 0 0 0 0 0 20 0 0 8 0 0 2
"93" 93 0.12582781457 1 0 20 4 0 0 0 0 5 0 0 0 1 0 0 0 1 0 0 0
"94" 94 0.0149253731343 0 0 0 0 0 0 0 0 0 0 0 0 0 31 0 0 0 0 0 1
"95" 95 0.305699481865 0 8 4 7 0 2 0 1 8 0 0 0 0 1 0 0 0 0 0 1
"96" 96 0.818652849741 0 16 3 1 1 0 0 1 1 0 1 0 0 0 0 0 0 7 0 1
"97" 97 0.727678571429 0 10 8 5 0 1 0 0 2 0 3 3 0 0 0 0 0 1 0 0
"98" 98 0.663461538462 3 0 0 0 0 0 0 0 0 0 0 30 0 0 0 0 0 0 0 0
"99" 99 0.584821428571 0 11 3 3 0 0 0 0 5 0 1 4 0 0 0 0 0 6 0 0
"100" 100 0.496688741722 2 0 1 0 1 0 1 1 18 0 0 0 0 6 0 0 1 1 0 1
"101" 101 0.153284671533 0 0 0 0 0 22 0 0 0 0 0 0 0 0 11 0 0 0 0 0
"102" 102 0.459821428571 0 23 1 0 0 0 0 0 1 0 0 0 0 0 1 0 0 7 0 0
"103" 103 0.544041450777 0 33 0 0 0 0 0 0 0 0 0 0 0 0 0 0 0 0 0 0
"104" 104 0.0746268656716 0 0 0 0 0 0 2 0 0 0 0 0 0 18 0 0 12 0 0 1
"105" 105 0.367875647668 0 0 1 0 2 20 0 1 0 1 0 0 0 0 8 0 0 0 0 0
"106" 106 0.169811320755 0 0 0 0 0 1 2 1 0 0 1 0 0 15 0 0 11 0 0 2
"107" 107 0.641509433962 0 0 1 0 0 0 0 31 1 0 0 0 0 0 0 0 0 0 0 0
"108" 108 0.455958549223 0 15 0 0 0 2 0 0 1 0 0 0 0 0 0 0 0 15 0 0
"109" 109 0.581395348837 0 4 3 1 0 0 0 0 2 0 1 21 0 0 0 0 0 1 0 0
"110" 110 0.527131782946 0 8 1 0 0 0 0 0 1 0 3 3 0 0 0 0 0 17 0 0
"111" 111 0.124378109453 0 0 0 0 0 0 7 0 0 1 0 0 0 16 0 0 9 0 0 0
"112" 112 0.325581395349 0 0 1 0 0 0 0 0 1 0 4 25 0 2 0 0 0 0 0 0
"113" 113 0.406976744186 0 7 0 2 6 9 0 0 2 0 4 0 0 0 0 0 0 3 0 0
"114" 114 0.42600896861 0 3 3 0 12 4 1 0 0 0 0 0 0 0 4 0 0 6 0 0
"115" 115 0.0304568527919 0 0 0 0 0 0 26 0 0 0 0 0 0 5 0 0 1 0 0 1
"116" 116 0.451476793249 0 1 0 2 6 8 0 0 1 0 0 0 0 0 8 0 0 4 0 2
"117" 117 0.495535714286 0 4 2 4 1 5 0 0 6 0 6 0 0 0 0 0 0 4 0 0
"118" 118 0.188340807175 0 3 0 0 0 5 0 0 0 0 6 4 1 7 1 0 0 3 0 2
"119" 119 0.234309623431 0 0 0 0 0 0 1 0 0 20 1 0 0 1 0 1 1 1 6 0
"120" 120 0.523316062176 0 11 1 0 1 2 0 0 0 0 6 0 0 0 0 0 0 11 0 0
"121" 121 0.476821192053 0 1 4 3 0 1 1 0 0 0 7 0 0 0 0 0 0 12 0 0
"122" 122 0.644230769231 0 4 1 2 0 0 0 0 0 0 0 22 0 0 0 0 0 3 0 0
"123" 123 0.485232067511 0 1 0 1 0 19 0 0 1 0 0 1 0 0 2 0 0 7 0 0
"124" 124 0.455357142857 0 15 6 0 0 0 0 1 0 0 0 1 0 0 0 0 0 9 0 0
"125" 125 0.00574712643678 0 0 0 0 0 1 3 0 2 4 0 0 0 12 0 0 8 0 0 2
"126" 126 0.169154228856 0 0 0 6 0 0 6 0 0 1 1 0 0 14 0 0 0 0 1 3
"127" 127 0.0 6 0 0 0 0 0 1 0 0 0 0 0 0 2 0 0 23 0 0 0
"128" 128 0.0747126436782 0 0 3 1 2 0 3 0 19 0 0 1 0 1 0 0 2 0 0 0
"129" 129 0.0 0 0 0 0 0 0 4 0 0 0 0 0 0 0 0 0 28 0 0 0
"130" 130 0.0689655172414 0 0 0 0 1 0 3 0 0 0 0 0 0 16 0 0 7 0 0 5
"131" 131 0.225165562914 0 0 19 0 0 1 0 0 6 0 3 0 0 0 0 0 0 0 0 0
"132" 132 0.147286821705 0 0 2 0 0 1 0 0 0 0 28 1 0 0 0 0 0 0 0 0
"133" 133 0.730769230769 0 1 0 1 0 0 0 0 0 0 0 29 0 0 0 0 0 1 0 0
"134" 134 0.343023255814 0 0 0 0 4 0 0 0 1 0 0 0 0 0 0 0 0 27 0 0
"135" 135 0.339285714286 0 0 0 0 2 0 0 0 0 0 0 0 0 0 0 0 0 30 0 0
"136" 136 0.134529147982 6 0 1 0 4 3 0 0 1 0 9 0 0 1 0 0 2 0 0 5
"137" 137 0.0114942528736 1 0 0 0 0 0 10 0 0 0 10 0 0 0 0 0 9 0 0 0
"138" 138 0.28855721393 2 1 0 1 0 0 15 0 0 0 0 0 0 5 0 0 3 0 0 1
"139" 139 0.47533632287 0 2 5 0 1 0 0 0 1 0 12 6 0 0 0 0 0 1 0 0
"140" 140 0.197674418605 3 0 0 0 0 1 4 0 3 1 2 0 1 2 0 2 4 0 4 0
"141" 141 0.379746835443 0 0 0 0 0 24 0 0 0 0 0 0 0 0 2 0 0 1 0 0
"142" 142 0.282051282051 0 2 0 4 0 0 0 0 0 0 1 0 0 0 0 0 0 9 0 0
"143" 143 0.410852713178 0 0 0 0 0 0 0 0 0 0 10 0 0 0 0 0 1 0 0 0
"144" 144 1.23255813953 0 0 1 0 0 0 0 0 0 0 1 1 0 0 0 0 0 0 0 0
