"site" "RSA" "aa1" "aa2" "aa3" "aa4" "aa5" "aa6" "aa7" "aa8" "aa9" "aa10" "aa11" "aa12" "aa13" "aa14" "aa15" "aa16" "aa17" "aa18" "aa19" "aa20"
"0" 0 0.0275229357798 1 0 0 0 6 0 0 0 25 0 9 176 0 283 0 0 0 0 0 0
"1" 1 0.0615384615385 0 0 0 500 0 0 0 0 0 0 0 0 0 0 0 0 0 0 0 0
"2" 2 0.0 0 0 0 0 0 0 33 0 0 155 0 0 0 310 0 0 0 0 2 0
"3" 3 0.00574712643678 0 0 0 0 0 0 500 0 0 0 0 0 0 0 0 0 0 0 0 0
"4" 4 0.00995024875622 15 0 1 0 9 0 61 0 0 89 1 0 0 320 0 4 0 0 0 0
"5" 5 0.0550458715596 0 0 0 0 0 0 22 0 473 0 0 0 0 5 0 0 0 0 0 0
"6" 6 0.115384615385 0 0 0 0 0 0 0 0 0 0 0 500 0 0 0 0 0 0 0 0
"7" 7 0.134328358209 0 0 0 0 0 0 0 8 0 0 0 0 0 492 0 0 0 0 0 0
"8" 8 0.0251572327044 0 0 1 0 0 1 0 486 0 0 0 0 0 1 0 0 0 11 0 0
"9" 9 0.201923076923 0 0 0 0 0 0 0 0 0 0 0 500 0 0 0 0 0 0 0 0
"10" 10 0.0232558139535 0 0 0 0 0 0 0 0 0 0 500 0 0 0 0 0 0 0 0 0
"11" 11 0.144230769231 0 0 0 0 0 0 0 0 0 0 0 500 0 0 0 0 0 0 0 0
"12" 12 0.0970464135021 7 0 1 45 177 0 2 0 0 0 92 61 0 0 0 0 0 115 0 0
"13" 13 0.336538461538 0 223 29 2 0 2 1 0 35 0 2 0 0 0 182 0 10 4 0 10
"14" 14 0.133720930233 0 0 1 0 1 0 33 0 0 0 3 0 0 233 19 0 0 5 0 205
"15" 15 0.0358744394619 0 0 0 0 10 0 468 0 0 0 19 0 0 1 0 0 0 1 0 1
"16" 16 0.0 0 0 0 0 0 0 0 0 1 0 176 323 0 0 0 0 0 0 0 0
"17" 17 0.245535714286 0 8 1 0 0 19 0 0 5 0 2 0 0 10 1 2 0 446 5 1
"18" 18 0.171532846715 0 28 0 11 0 0 6 0 0 1 0 0 1 330 0 1 0 87 2 33
"19" 19 0.0 0 0 25 0 0 0 233 0 33 1 25 0 0 45 0 0 3 2 0 133
"20" 20 0.224137931034 0 0 0 0 0 71 0 0 0 0 0 0 2 0 427 0 0 0 0 0
"21" 21 0.71875 0 1 0 0 20 88 0 0 0 0 0 0 0 0 355 0 0 14 0 22
"22" 22 0.378238341969 0 17 0 0 2 58 0 0 79 0 0 0 0 0 0 1 1 36 0 306
"23" 23 0.300380228137 0 0 0 0 0 90 0 0 1 234 0 0 0 20 0 0 0 0 155 0
"24" 24 0.538461538462 0 0 0 0 0 0 0 0 0 0 0 500 0 0 0 0 0 0 0 0
"25" 25 0.0609137055838 0 0 0 0 102 0 220 0 0 0 0 0 0 150 0 26 2 0 0 0
"26" 26 0.106918238994 0 0 0 0 0 0 0 500 0 0 0 0 0 0 0 0 0 0 0 0
"27" 27 0.277511961722 0 0 0 0 19 2 108 0 1 0 0 0 294 31 0 0 41 0 0 4
"28" 28 0.010152284264 0 0 0 0 0 0 500 0 0 0 0 0 0 0 0 0 0 0 0 0
"29" 29 0.0596026490066 0 1 27 2 0 0 33 0 0 0 0 0 0 0 209 0 8 198 0 22
"30" 30 0.0290697674419 0 0 0 0 0 0 105 166 216 0 0 0 0 0 0 13 0 0 0 0
"31" 31 0.182692307692 0 1 0 0 5 65 0 0 0 0 1 3 0 5 29 0 0 337 0 54
"32" 32 0.435233160622 0 11 0 0 2 328 0 0 0 0 21 0 0 0 0 0 0 133 0 5
"33" 33 0.224770642202 0 0 0 0 2 0 0 0 0 0 0 0 0 1 0 0 0 11 1 485
"34" 34 0.0460251046025 0 0 15 0 14 0 0 0 8 148 11 1 0 29 43 33 0 40 24 134
"35" 35 0.200729927007 0 0 0 0 3 11 5 0 0 0 0 0 0 6 165 0 0 309 0 1
"36" 36 0.325581395349 0 2 0 0 0 260 0 0 0 0 0 0 0 57 133 0 0 48 0 0
"37" 37 0.0542635658915 0 184 2 18 0 0 0 0 0 71 189 0 1 0 0 0 0 0 35 0
"38" 38 0.183486238532 0 0 0 0 1 6 147 0 0 0 0 0 0 0 264 1 2 20 0 59
"39" 39 0.742616033755 0 0 0 0 0 143 0 0 0 0 0 0 0 0 357 0 0 0 0 0
"40" 40 0.633928571429 0 3 0 0 0 173 0 0 0 0 0 0 0 21 288 0 0 13 0 2
"41" 41 0.647321428571 0 134 0 0 0 361 0 0 0 0 0 0 5 0 0 0 0 0 0 0
"42" 42 0.267441860465 0 0 4 0 0 27 0 0 469 0 0 0 0 0 0 0 0 0 0 0
"43" 43 0.710691823899 0 0 0 0 0 1 0 491 0 0 0 0 0 0 0 0 0 8 0 0
"44" 44 0.233830845771 0 94 175 0 3 27 8 0 4 0 6 0 1 82 0 0 28 72 0 0
"45" 45 0.0 0 0 0 0 0 0 0 0 0 0 0 500 0 0 0 0 0 0 0 0
"46" 46 0.477611940299 0 0 0 0 0 118 0 0 0 0 0 0 0 0 142 0 0 240 0 0
"47" 47 0.473214285714 0 0 0 0 0 460 2 0 0 1 0 0 0 1 30 0 0 6 0 0
"48" 48 0.0 0 3 2 0 0 0 1 0 0 0 476 18 0 0 0 0 0 0 0 0
"49" 49 0.383966244726 0 0 0 0 0 204 0 0 0 0 3 0 0 0 262 1 0 29 0 1
"50" 50 0.430463576159 0 0 0 0 0 500 0 0 0 0 0 0 0 0 0 0 0 0 0 0
"51" 51 0.292775665399 0 0 0 0 0 0 0 0 0 0 0 0 0 0 0 0 0 0 500 0
"52" 52 0.111675126904 0 1 0 20 0 0 67 0 0 0 0 0 0 0 1 0 0 2 0 409
"53" 53 0.316062176166 0 6 0 0 0 87 0 0 0 0 1 0 0 0 5 0 0 300 0 101
"54" 54 0.518987341772 0 0 39 0 0 450 0 0 0 0 0 0 0 0 0 0 0 0 0 11
"55" 55 0.0673076923077 0 0 0 0 0 0 0 0 0 0 0 500 0 0 0 0 0 0 0 0
"56" 56 0.348214285714 0 0 0 0 0 461 0 0 0 0 0 0 0 0 39 0 0 0 0 0
"57" 57 0.223880597015 0 32 26 0 1 5 0 1 0 0 0 0 1 19 32 313 0 36 1 33
"58" 58 0.0574712643678 0 0 3 0 0 0 0 5 6 0 0 0 0 0 21 0 465 0 0 0
"59" 59 0.327044025157 0 0 0 0 0 1 0 499 0 0 0 0 0 0 0 0 0 0 0 0
"60" 60 0.290155440415 0 42 23 0 0 0 199 7 13 0 5 0 0 0 92 0 0 119 0 0
"61" 61 0.776785714286 0 47 0 0 0 378 0 0 0 0 0 0 0 0 75 0 0 0 0 0
"62" 62 0.206896551724 0 71 4 0 1 0 258 0 0 4 0 0 2 33 0 1 0 123 2 1
"63" 63 0.0290697674419 0 1 1 0 18 0 28 0 24 0 9 0 0 70 25 0 1 319 0 4
"64" 64 0.182741116751 0 0 156 0 0 0 48 0 201 0 24 0 0 0 0 0 69 2 0 0
"65" 65 0.403846153846 0 1 0 0 0 19 0 0 0 0 0 0 0 0 92 0 0 364 0 24
"66" 66 0.126903553299 0 1 3 4 2 2 182 0 0 0 1 0 1 5 0 22 5 18 0 254
"67" 67 0.0 0 0 0 0 0 0 0 0 0 0 0 0 0 0 0 0 500 0 0 0
"68" 68 0.481012658228 0 0 0 0 0 99 0 0 0 0 1 0 0 0 352 0 0 13 0 35
"69" 69 0.59375 0 0 0 0 8 106 9 0 0 0 0 0 0 4 323 0 0 49 0 1
"70" 70 0.204379562044 0 2 0 2 56 0 4 0 1 0 0 0 0 0 0 0 0 435 0 0
"71" 71 0.0199004975124 0 0 0 0 0 0 0 0 0 0 0 0 0 500 0 0 0 0 0 0
"72" 72 0.346153846154 0 0 349 0 0 13 0 0 0 0 0 0 0 0 135 0 0 3 0 0
"73" 73 0.459915611814 0 0 0 0 0 479 0 0 0 0 0 0 9 2 4 0 0 0 0 6
"74" 74 0.751295336788 0 0 0 0 0 500 0 0 0 0 0 0 0 0 0 0 0 0 0 0
"75" 75 0.367875647668 0 0 9 0 0 491 0 0 0 0 0 0 0 0 0 0 0 0 0 0
"76" 76 0.00632911392405 0 0 0 0 0 0 0 0 500 0 0 0 0 0 0 0 0 0 0 0
"77" 77 0.53125 0 0 0 0 0 457 0 0 0 0 0 0 0 0 43 0 0 0 0 0
"78" 78 0.594890510949 0 43 0 0 0 0 0 0 0 0 0 0 0 0 457 0 0 0 0 0
"79" 79 0.00961538461538 0 0 0 0 0 0 0 0 0 0 0 500 0 0 0 0 0 0 0 0
"80" 80 0.00418410041841 0 1 0 0 0 0 0 0 0 499 0 0 0 0 0 0 0 0 0 0
"81" 81 0.0 52 0 2 0 0 0 174 0 0 0 8 0 0 238 0 0 15 2 0 9
"82" 82 0.0 0 0 0 0 0 0 0 0 0 0 0 0 0 500 0 0 0 0 0 0
"83" 83 0.0518134715026 49 4 1 290 0 0 3 0 2 0 0 0 0 0 0 0 122 29 0 0
"84" 84 0.0288461538462 0 0 0 0 0 0 0 0 0 0 0 500 0 0 0 0 0 0 0 0
"85" 85 0.0 0 0 0 0 0 0 0 0 0 188 0 0 0 0 0 0 0 0 312 0
"86" 86 0.0251572327044 0 0 0 0 0 0 0 500 0 0 0 0 0 0 0 0 0 0 0 0
"87" 87 0.204379562044 7 30 18 1 0 0 0 0 18 0 0 0 39 11 0 323 0 0 0 53
"88" 88 0.0523255813953 0 137 270 0 0 28 0 0 1 0 0 0 0 0 2 0 0 1 0 61
"89" 89 0.235632183908 0 0 0 0 0 0 0 0 0 0 0 0 0 0 4 0 489 7 0 0
"90" 90 0.333333333333 0 1 33 0 0 345 0 0 0 0 0 0 0 0 82 1 0 38 0 0
"91" 91 0.0179372197309 0 1 0 1 396 26 0 0 0 0 0 0 0 0 0 0 0 76 0 0
"92" 92 0.0 0 0 0 0 0 0 0 0 0 0 500 0 0 0 0 0 0 0 0 0
"93" 93 0.495535714286 0 0 0 0 0 437 0 0 0 0 0 0 0 0 18 0 0 45 0 0
"94" 94 0.131782945736 0 5 47 0 1 22 57 0 0 0 48 0 0 0 26 0 0 111 0 183
"95" 95 0.0 0 0 0 0 0 0 0 0 0 0 0 0 0 500 0 0 0 0 0 0
"96" 96 0.245535714286 0 65 0 1 0 255 0 0 0 0 0 0 0 0 45 1 0 132 1 0
"97" 97 0.602678571429 0 0 0 0 0 383 0 0 0 0 0 0 0 0 111 0 0 4 0 2
"98" 98 0.0710659898477 0 0 0 0 0 0 500 0 0 0 0 0 0 0 0 0 0 0 0 0
"99" 99 0.0149253731343 0 0 0 0 0 0 0 0 0 0 0 0 0 499 1 0 0 0 0 0
"100" 100 0.696428571429 0 0 0 0 0 237 0 0 0 0 0 0 0 0 0 0 0 263 0 0
"101" 101 0.700892857143 0 0 0 0 0 301 0 0 0 0 0 0 0 0 11 0 0 161 0 27
"102" 102 0.311787072243 0 0 1 0 0 0 0 0 0 0 0 0 0 499 0 0 0 0 0 0
"103" 103 0.538461538462 0 0 0 0 0 0 0 0 0 0 0 500 0 0 0 0 0 0 0 0
"104" 104 0.130801687764 0 0 0 0 0 0 0 0 0 0 0 0 0 0 499 0 0 0 0 1
"105" 105 0.553459119497 0 0 0 0 0 0 0 0 0 2 0 0 0 0 263 34 0 0 0 201
"106" 106 0.0507614213198 0 0 0 0 0 0 499 0 0 0 0 0 0 0 0 0 1 0 0 0
"107" 107 0.300518134715 0 500 0 0 0 0 0 0 0 0 0 0 0 0 0 0 0 0 0 0
"108" 108 0.311787072243 0 0 0 0 0 0 0 0 0 0 5 0 0 0 421 1 1 0 72 0
"109" 109 0.0 0 0 0 0 0 0 0 0 0 0 0 0 0 0 0 0 500 0 0 0
"110" 110 0.00507614213198 0 0 0 0 0 3 461 0 0 0 0 0 0 35 0 0 1 0 0 0
"111" 111 0.0615384615385 1 9 0 4 0 3 0 0 0 55 0 0 0 18 8 347 0 34 18 3
"112" 112 0.010152284264 0 0 0 0 0 0 13 0 0 1 0 0 0 485 0 0 1 0 0 0
"113" 113 0.517857142857 2 6 2 3 0 79 5 0 0 0 0 0 0 0 395 0 2 6 0 0
"114" 114 0.0459770114943 329 0 150 0 0 0 0 0 0 0 0 0 0 0 0 0 16 0 0 5
"115" 115 0.383419689119 0 61 331 0 0 1 0 0 0 0 0 0 0 0 22 0 0 7 0 78
"116" 116 0.443037974684 0 0 0 0 0 0 0 392 0 0 0 0 0 1 1 0 0 106 0 0
"117" 117 0.611398963731 0 22 331 6 0 78 0 0 0 0 1 0 0 0 62 0 0 0 0 0
"118" 118 0.298850574713 0 4 0 0 25 412 0 0 0 0 0 0 0 0 30 0 1 28 0 0
"119" 119 0.0 0 0 0 0 0 0 0 0 5 0 0 0 0 495 0 0 0 0 0 0
"120" 120 0.247706422018 0 0 0 0 0 7 1 0 0 0 0 0 0 396 79 0 0 17 0 0
"121" 121 0.397321428571 0 0 5 0 0 334 0 0 0 0 0 0 8 1 47 0 0 98 0 7
"122" 122 0.197080291971 0 0 0 1 0 0 0 0 0 0 0 0 0 0 495 0 0 0 0 4
"123" 123 0.00497512437811 0 0 0 77 0 0 0 0 0 0 0 0 0 27 0 0 0 22 0 374
"124" 124 0.255813953488 0 0 3 0 0 0 0 0 66 0 0 0 0 0 374 0 0 57 0 0
"125" 125 0.0384615384615 0 0 0 0 6 248 0 0 0 0 0 216 0 22 5 3 0 0 0 0
"126" 126 0.13503649635 8 0 7 0 0 0 0 0 0 0 0 0 0 0 183 0 0 0 0 302
"127" 127 0.204379562044 0 0 0 0 2 0 0 0 0 0 0 0 10 0 0 480 0 8 0 0
"128" 128 0.0355329949239 0 0 1 0 2 18 256 0 25 0 0 0 0 0 56 0 136 6 0 0
"129" 129 0.00632911392405 89 176 235 0 0 0 0 0 0 0 0 0 0 0 0 0 0 0 0 0
"130" 130 0.483443708609 0 0 188 0 0 71 0 0 0 0 0 0 0 0 0 0 0 241 0 0
"131" 131 0.551724137931 0 8 0 0 0 227 0 0 1 0 0 20 0 0 0 0 242 2 0 0
"132" 132 0.411392405063 37 0 89 132 1 1 121 0 114 0 0 0 0 0 0 0 4 1 0 0
"133" 133 0.394230769231 0 0 0 0 0 0 0 0 0 0 0 500 0 0 0 0 0 0 0 0
"134" 134 0.0581395348837 0 0 295 0 43 123 0 0 0 0 0 0 0 0 13 0 0 26 0 0
"135" 135 0.186046511628 115 69 183 1 1 1 7 0 77 0 0 0 0 19 8 0 0 16 3 0
"136" 136 0.0570342205323 0 0 0 0 0 0 0 0 0 2 0 0 0 0 1 2 0 0 495 0
"137" 137 0.0622009569378 3 68 0 15 6 0 181 0 0 6 0 0 216 0 0 0 0 4 1 0
"138" 138 0.467661691542 0 1 0 0 0 244 0 0 0 0 0 0 0 0 17 0 0 238 0 0
"139" 139 0.540229885057 0 130 0 0 0 29 135 0 80 0 0 0 0 0 7 0 18 92 9 0
"140" 140 0.523012552301 0 5 0 0 0 9 0 0 0 0 0 0 0 0 0 0 0 486 0 0
"141" 141 0.292307692308 0 0 0 12 0 0 0 0 0 0 0 0 0 0 0 0 0 0 488 0
"142" 142 0.433962264151 0 0 0 0 0 0 0 500 0 0 0 0 0 0 0 0 0 0 0 0
"143" 143 0.100628930818 0 0 0 0 0 0 0 500 0 0 0 0 0 0 0 0 0 0 0 0
"144" 144 0.708860759494 0 0 500 0 0 0 0 0 0 0 0 0 0 0 0 0 0 0 0 0
"145" 145 0.447674418605 0 0 0 0 0 0 0 0 0 0 0 0 0 0 0 0 500 0 0 0
"146" 146 0.710691823899 0 0 0 0 0 0 0 491 0 0 0 0 0 0 9 0 0 0 0 0
"147" 147 0.394230769231 0 0 0 0 0 0 0 0 0 0 0 500 0 0 0 0 0 0 0 0
"148" 148 0.319796954315 0 0 0 0 0 4 0 0 0 0 0 0 0 0 0 0 0 0 496 0
"149" 149 0.0253164556962 0 390 105 3 0 0 0 0 0 0 0 0 0 0 0 0 0 2 0 0
"150" 150 0.352331606218 0 500 0 0 0 0 0 0 0 0 0 0 0 0 0 0 0 0 0 0
"151" 151 0.561181434599 0 172 0 25 0 35 0 0 0 0 0 0 0 0 78 0 0 190 0 0
"152" 152 0.352331606218 0 1 25 0 0 382 0 0 83 0 0 0 0 0 0 0 0 0 9 0
"153" 153 0.432692307692 0 0 0 0 0 0 0 0 0 0 0 500 0 0 0 0 0 0 0 0
"154" 154 0.0769230769231 0 0 9 0 0 0 0 0 0 0 11 480 0 0 0 0 0 0 0 0
"155" 155 0.674107142857 0 0 0 0 0 248 0 0 0 0 0 0 0 0 241 0 0 11 0 0
"156" 156 0.129353233831 0 0 0 0 0 0 0 0 0 0 0 0 0 500 0 0 0 0 0 0
"157" 157 0.365019011407 0 0 0 0 0 0 0 0 0 134 0 0 0 0 0 0 0 0 366 0
"158" 158 0.385650224215 0 0 0 0 0 1 487 0 0 0 0 0 0 0 2 0 10 0 0 0
"159" 159 0.120437956204 0 3 3 0 0 1 0 64 0 0 1 0 298 0 0 0 0 130 0 0
"160" 160 0.627906976744 0 1 23 0 0 238 0 1 0 0 0 0 0 0 51 6 0 180 0 0
"161" 161 0.0569948186528 0 95 181 92 1 68 0 0 9 1 0 0 0 1 38 3 0 0 2 9
"162" 162 0.0 20 0 0 14 0 74 0 0 3 272 63 0 43 10 0 0 0 0 1 0
"163" 163 0.287179487179 0 0 0 0 0 352 0 0 0 0 0 0 0 0 148 0 0 0 0 0
"164" 164 0.665178571429 0 2 0 0 0 309 0 0 0 0 0 0 0 0 103 0 0 81 0 5
"165" 165 0.705357142857 0 85 0 0 0 49 0 0 0 0 0 0 0 0 340 0 0 15 0 11
"166" 166 0.0581395348837 0 50 0 0 9 45 23 0 0 0 0 0 0 13 1 0 0 359 0 0
"167" 167 0.0 0 0 0 0 0 0 500 0 0 0 0 0 0 0 0 0 0 0 0 0
"168" 168 0.443708609272 0 0 0 0 0 408 0 0 0 0 0 0 0 27 18 0 0 30 17 0
"169" 169 0.31223628692 0 0 0 0 0 61 0 0 0 0 0 0 0 0 394 0 0 44 0 1
"170" 170 0.0766423357664 0 8 0 0 0 0 0 0 0 0 1 0 0 0 0 0 0 5 0 486
"171" 171 0.0796019900498 0 0 0 0 0 0 0 0 0 0 0 0 0 500 0 0 0 0 0 0
"172" 172 0.459821428571 0 0 0 0 3 129 0 0 0 0 0 0 0 0 326 0 0 16 0 26
"173" 173 0.0919540229885 0 399 0 0 0 0 3 0 0 0 0 0 0 0 84 1 0 11 0 2
"174" 174 0.0666666666667 0 0 0 0 2 29 10 0 28 0 13 0 0 8 0 3 7 3 0 397
"175" 175 0.334862385321 0 2 0 0 0 126 0 0 0 0 1 0 0 314 0 0 0 57 0 0
"176" 176 0.594936708861 0 0 0 0 0 359 0 0 0 0 0 0 0 0 141 0 0 0 0 0
"177" 177 0.174887892377 0 0 0 0 0 459 0 0 0 0 2 0 0 1 32 6 0 0 0 0
"178" 178 0.186046511628 0 5 1 0 21 0 0 0 1 0 0 0 0 409 59 0 0 4 0 0
"179" 179 0.470852017937 0 2 0 0 0 413 0 0 0 0 0 0 0 2 27 0 0 56 0 0
"180" 180 0.301886792453 0 0 0 0 0 0 0 499 0 0 0 0 0 0 1 0 0 0 0 0
"181" 181 0.0348258706468 0 0 0 0 0 0 0 0 0 0 0 0 0 500 0 0 0 0 0 0
"182" 182 0.109452736318 0 4 3 0 4 3 15 0 0 0 14 0 0 389 59 0 0 3 0 6
"183" 183 0.455958549223 0 6 0 0 0 75 0 0 0 0 0 0 0 0 36 0 0 364 0 19
"184" 184 0.125523012552 0 0 0 0 0 0 0 0 0 425 0 0 4 0 0 0 0 0 71 0
"185" 185 0.00380228136882 0 0 0 0 0 0 0 0 0 2 0 0 0 0 0 498 0 0 0 0
"186" 186 0.503311258278 0 0 0 0 0 151 0 0 0 0 0 0 0 0 349 0 0 0 0 0
"187" 187 0.651785714286 0 0 0 0 0 259 0 0 0 0 0 0 0 0 207 0 0 1 0 33
"188" 188 0.329113924051 0 0 0 2 0 195 0 0 0 0 0 0 0 0 0 0 0 226 0 77
"189" 189 0.615384615385 0 0 0 0 0 0 0 0 0 0 0 500 0 0 0 0 0 0 0 0
"190" 190 0.15969581749 0 0 0 29 0 0 0 0 0 0 0 0 0 0 471 0 0 0 0 0
"191" 191 0.179104477612 0 0 0 0 0 0 0 0 0 0 0 0 0 500 0 0 0 0 0 0
"192" 192 0.077519379845 408 0 16 0 6 0 0 0 6 0 35 0 0 17 0 0 6 0 5 1
"193" 193 0.487179487179 0 0 0 0 0 9 18 0 0 0 0 0 0 0 8 0 61 398 0 6
"194" 194 0.0402298850575 0 0 0 0 0 0 38 0 0 0 0 0 0 0 0 0 462 0 0 0
"195" 195 0.405128205128 0 497 0 0 0 2 0 0 0 0 0 0 0 0 1 0 0 0 0 0
"196" 196 0.0288461538462 0 0 0 0 0 0 0 0 0 0 479 21 0 0 0 0 0 0 0 0
"197" 197 0.408071748879 0 374 0 0 0 0 0 0 49 0 0 0 0 0 0 0 0 77 0 0
"198" 198 0.29197080292 0 0 0 0 0 0 0 0 107 0 0 0 0 0 391 0 0 0 0 2
"199" 199 0.616580310881 0 0 0 0 0 2 0 0 0 0 0 0 291 0 207 0 0 0 0 0
"200" 200 0.243654822335 0 1 2 0 0 2 31 0 0 0 1 0 0 370 14 14 0 4 0 61
"201" 201 0.488789237668 0 0 0 0 0 327 0 0 1 0 0 0 0 0 0 2 0 1 0 169
"202" 202 0.414507772021 0 24 0 0 0 192 0 0 0 0 0 0 0 0 0 0 0 284 0 0
"203" 203 0.0229885057471 0 0 0 0 0 0 0 0 0 0 107 0 0 0 0 0 393 0 0 0
"204" 204 0.0456273764259 0 0 11 0 1 0 0 0 3 335 35 0 5 0 0 14 0 0 96 0
"205" 205 0.333333333333 0 0 0 0 0 195 0 0 0 0 150 0 2 0 101 0 0 51 0 1
"206" 206 0.295336787565 0 0 0 0 0 0 0 0 0 0 0 0 0 0 0 0 0 172 0 328
"207" 207 0.00574712643678 0 0 3 1 0 0 14 0 0 4 39 0 0 0 0 0 414 0 25 0
"208" 208 0.37552742616 0 6 6 1 0 208 0 0 0 4 15 0 0 235 18 1 0 0 0 6
"209" 209 0.683937823834 0 0 257 0 0 189 0 0 0 0 0 0 0 0 54 0 0 0 0 0
"210" 210 0.203980099502 0 3 10 0 419 3 0 0 0 0 8 1 0 40 0 0 1 13 1 1
"211" 211 0.00497512437811 2 3 0 1 0 0 0 0 156 13 0 0 0 214 0 0 0 0 0 111
"212" 212 0.576923076923 0 0 469 0 0 30 0 0 0 0 0 0 0 0 0 0 0 0 0 1
"213" 213 0.807692307692 0 0 0 0 0 0 0 0 0 0 0 500 0 0 0 0 0 0 0 0
"214" 214 0.10447761194 0 2 0 436 0 1 0 0 2 0 0 0 0 59 0 0 0 0 0 0
"215" 215 0.881856540084 0 0 0 0 0 478 0 0 0 0 0 0 0 0 0 0 0 22 0 0
