"site" "RSA" "aa1" "aa2" "aa3" "aa4" "aa5" "aa6" "aa7" "aa8" "aa9" "aa10" "aa11" "aa12" "aa13" "aa14" "aa15" "aa16" "aa17" "aa18" "aa19" "aa20"
"0" 0 0.790697674419 0 0 4 0 0 0 0 0 1 0 7 0 0 0 0 0 0 0 0 0
"1" 1 0.34375 0 0 0 8 2 2 0 0 0 0 0 0 0 0 0 0 0 4 0 0
"2" 2 0.601990049751 0 0 1 0 0 1 1 0 3 0 1 0 0 3 3 0 4 1 0 22
"3" 3 0.267857142857 0 2 0 0 0 0 0 0 0 0 0 0 0 0 0 0 0 72 0 0
"4" 4 0.20802919708 0 0 0 1 10 7 0 1 0 1 0 0 0 0 53 0 1 2 0 0
"5" 5 0.0 0 0 5 0 0 0 0 0 71 0 0 0 0 0 0 0 0 0 0 0
"6" 6 0.0 0 0 0 0 0 0 0 0 0 63 0 0 0 5 0 0 0 0 8 0
"7" 7 0.0 0 0 0 1 0 0 50 0 0 0 0 0 0 15 0 0 10 0 0 0
"8" 8 0.031007751938 1 0 0 0 0 0 1 0 0 0 32 0 0 0 0 0 1 0 0 41
"9" 9 0.0 0 0 0 0 0 0 36 0 0 0 0 0 0 3 0 0 39 0 0 0
"10" 10 0.101265822785 0 0 0 0 0 78 0 0 0 0 0 0 0 0 0 0 0 0 0 0
"11" 11 0.0251572327044 0 0 0 0 0 0 0 76 1 0 0 0 0 0 0 0 1 0 0 0
"12" 12 0.0777202072539 0 77 1 0 0 0 0 0 0 0 0 0 0 0 0 0 0 0 0 0
"13" 13 0.0 0 0 1 0 0 0 0 0 0 0 5 73 0 0 0 0 0 0 0 0
"14" 14 0.14367816092 0 0 0 0 0 0 1 0 1 0 0 0 0 0 0 0 76 0 1 1
"15" 15 0.614349775785 0 0 2 1 68 1 0 0 0 0 1 1 3 0 0 0 1 2 0 0
"16" 16 0.470802919708 1 0 0 0 0 0 0 0 0 0 0 0 0 0 79 0 0 0 0 0
"17" 17 0.538461538462 1 0 1 3 3 2 0 0 0 0 2 59 0 0 9 0 0 0 0 0
"18" 18 0.0995024875622 0 0 0 0 0 0 5 0 0 2 0 0 0 70 0 0 1 0 1 1
"19" 19 0.294416243655 1 0 0 0 0 0 30 0 1 0 0 0 0 0 0 0 45 0 0 3
"20" 20 0.629139072848 0 0 5 0 0 0 0 0 0 0 3 72 0 0 0 0 0 0 0 0
"21" 21 0.303571428571 0 12 0 3 1 13 0 3 2 0 1 0 0 0 2 0 1 42 0 0
"22" 22 0.0 0 0 0 0 0 0 65 0 0 0 0 0 0 0 0 0 14 0 0 1
"23" 23 0.157360406091 0 0 0 0 0 0 60 0 0 1 0 0 0 7 0 0 12 0 0 0
"24" 24 0.238410596026 2 2 22 0 6 20 0 0 1 0 8 8 4 0 5 0 0 2 0 0
"25" 25 0.0656934306569 1 0 0 0 0 0 0 0 0 0 0 0 0 0 79 0 0 0 0 0
"26" 26 0.0 0 0 0 0 0 0 2 0 0 75 0 0 0 2 0 0 0 0 1 0
"27" 27 0.607142857143 0 0 0 0 0 1 0 0 0 0 0 0 0 0 0 0 0 79 0 0
"28" 28 0.667883211679 0 3 2 4 15 18 0 0 8 0 6 1 0 1 18 0 1 3 0 0
"29" 29 0.409282700422 0 0 0 1 0 47 0 0 0 0 0 0 0 0 32 0 0 0 0 0
"30" 30 0.182692307692 0 0 0 0 0 0 0 0 0 0 0 80 0 0 0 0 0 0 0 0
"31" 31 0.0669456066946 1 0 0 0 0 0 1 0 0 55 0 0 0 6 0 0 0 0 17 0
"32" 32 0.0928270042194 1 0 0 0 6 55 1 0 9 1 0 0 1 0 4 0 2 0 0 0
"33" 33 0.293532338308 0 0 0 0 0 0 3 0 0 0 0 0 0 71 0 0 1 0 0 5
"34" 34 0.0114942528736 0 0 0 1 0 3 5 0 3 0 3 0 0 0 2 0 63 0 0 0
"35" 35 0.0288461538462 0 0 1 0 0 0 0 0 0 0 41 36 0 0 1 0 0 1 0 0
"36" 36 0.41116751269 0 0 0 0 0 0 8 0 0 0 9 4 0 30 0 0 1 0 0 28
"37" 37 0.215189873418 0 0 0 0 0 79 0 0 0 0 0 0 0 0 0 0 0 1 0 0
"38" 38 0.540229885057 0 0 1 0 4 0 4 0 1 18 0 0 0 27 0 0 4 0 0 21
"39" 39 0.223880597015 0 0 0 0 0 1 9 0 6 4 1 0 1 22 0 0 11 0 0 25
"40" 40 0.573604060914 0 0 5 3 29 8 3 1 7 0 2 0 5 0 3 4 9 1 0 0
"41" 41 0.0314465408805 2 0 0 0 0 1 6 24 0 0 31 0 0 1 0 0 15 0 0 0
"42" 42 0.482558139535 0 6 43 0 0 0 0 10 14 0 0 4 0 0 0 0 0 3 0 0
"43" 43 0.286919831224 0 2 1 0 7 20 0 2 1 0 0 0 0 1 11 0 2 32 0 1
"44" 44 0.596412556054 0 17 7 1 8 5 0 0 0 0 4 1 0 0 1 0 0 36 0 0
"45" 45 0.154811715481 0 0 0 0 0 0 4 0 0 5 0 0 13 52 0 0 4 0 0 2
"46" 46 0.0 0 0 0 0 0 0 0 0 0 1 36 0 0 41 0 0 1 0 0 1
"47" 47 0.304932735426 0 2 3 2 7 16 0 0 0 0 5 1 0 1 6 0 0 37 0 0
"48" 48 0.439461883408 0 1 0 2 20 22 2 0 5 0 4 0 0 0 2 0 3 19 0 0
"49" 49 0.0717703349282 0 0 0 0 0 0 0 0 0 0 0 0 80 0 0 0 0 0 0 0
"50" 50 0.0684410646388 0 0 0 0 0 0 0 0 0 0 0 0 1 0 0 0 0 0 79 0
"51" 51 0.382775119617 2 2 5 0 2 7 8 0 0 0 25 11 4 1 2 0 1 10 0 0
"52" 52 0.59585492228 0 41 2 0 2 0 0 0 0 0 2 0 0 0 0 0 7 26 0 0
"53" 53 0.228855721393 0 0 0 0 0 0 0 0 0 0 0 0 29 51 0 0 0 0 0 0
"54" 54 0.582278481013 0 0 15 1 6 37 1 0 0 0 9 0 0 0 6 0 2 3 0 0
"55" 55 0.705357142857 0 18 5 0 0 7 0 0 3 0 6 16 0 0 3 0 0 21 0 1
"56" 56 0.507299270073 0 0 0 0 2 49 0 0 0 0 0 0 0 3 25 0 0 0 0 1
"57" 57 0.823899371069 0 1 5 0 0 4 0 69 0 0 1 0 0 0 0 0 0 0 0 0
"58" 58 0.355648535565 0 0 0 0 0 0 0 0 0 80 0 0 0 0 0 0 0 0 0 0
"59" 59 0.10460251046 0 0 0 0 0 0 0 0 0 64 0 0 0 0 0 0 0 0 16 0
"60" 60 0.482051282051 0 5 5 8 0 3 0 28 1 0 7 16 1 0 2 0 0 4 0 0
"61" 61 0.413461538462 0 7 11 4 0 5 0 5 2 0 2 31 0 0 2 0 0 11 0 0
"62" 62 0.238805970149 0 0 0 0 0 0 0 0 1 0 0 0 0 77 0 0 0 0 0 2
"63" 63 0.0 6 0 0 0 0 0 16 0 3 0 0 0 0 3 1 0 51 0 0 0
"64" 64 0.40414507772 0 14 10 3 5 24 0 0 2 0 5 2 0 0 2 0 0 12 1 0
"65" 65 0.138075313808 0 0 0 0 0 0 0 0 0 35 0 0 2 0 0 0 0 0 43 0
"66" 66 0.0248756218905 0 0 0 0 0 0 31 0 1 2 0 0 0 7 0 0 0 0 0 39
"67" 67 0.165562913907 1 0 25 4 5 0 2 0 28 0 3 2 1 2 2 0 2 0 0 3
"68" 68 0.523178807947 0 0 72 0 2 1 0 0 1 0 1 0 0 1 0 0 0 0 0 2
"69" 69 0.0769230769231 0 0 5 0 0 0 0 0 1 0 1 73 0 0 0 0 0 0 0 0
"70" 70 0.220125786164 0 0 0 0 0 0 0 79 0 0 1 0 0 0 0 0 0 0 0 0
"71" 71 0.0 0 0 0 0 0 0 10 0 1 0 0 0 0 3 0 0 66 0 0 0
"72" 72 0.0761421319797 6 0 0 0 0 0 4 0 0 11 1 0 0 4 0 0 53 0 0 1
"73" 73 0.0 7 0 1 0 0 0 1 7 0 0 63 0 0 0 0 0 1 0 0 0
"74" 74 0.0 0 0 0 0 0 0 2 0 3 0 0 0 0 1 0 0 0 0 0 74
"75" 75 0.0 1 0 0 0 0 0 6 0 0 0 3 0 0 0 1 0 68 1 0 0
"76" 76 0.0106382978723 0 0 0 0 0 0 1 0 0 3 0 0 0 5 0 70 1 0 0 0
"77" 77 0.03125 0 0 0 0 7 0 0 0 0 0 0 0 0 0 0 0 0 73 0 0
"78" 78 0.0 0 0 0 0 0 0 0 0 0 0 0 80 0 0 0 0 0 0 0 0
"79" 79 0.491071428571 0 4 0 2 3 24 0 2 0 1 2 0 3 17 2 0 2 16 1 1
"80" 80 0.25 0 24 1 26 1 1 0 0 0 0 1 20 0 0 0 0 0 6 0 0
"81" 81 0.0 0 0 0 0 0 0 5 0 0 0 14 0 0 0 0 0 61 0 0 0
"82" 82 0.0456852791878 1 0 0 0 0 0 18 0 1 0 0 0 0 0 0 0 60 0 0 0
"83" 83 0.494186046512 1 1 5 2 1 36 0 0 4 0 17 0 1 3 6 0 0 3 0 0
"84" 84 0.326996197719 0 0 9 1 12 0 5 0 35 0 3 0 0 5 1 0 3 2 3 1
"85" 85 0.00961538461538 1 0 9 0 0 0 1 0 1 0 21 43 0 0 0 0 4 0 0 0
"86" 86 0.474452554745 0 0 0 0 0 0 0 0 0 0 0 0 0 1 79 0 0 0 0 0
"87" 87 0.569620253165 0 3 2 3 8 21 1 0 6 1 7 0 0 2 3 0 17 3 0 3
"88" 88 0.114427860697 0 0 0 0 0 0 12 0 1 0 0 0 0 17 0 0 1 0 0 49
"89" 89 0.0203045685279 0 0 0 0 0 0 27 0 0 0 0 0 0 37 0 0 6 0 0 10
"90" 90 0.163461538462 0 0 0 0 0 0 0 0 0 0 0 80 0 0 0 0 0 0 0 0
"91" 91 0.31007751938 0 1 2 1 1 9 0 0 1 0 42 0 2 0 0 0 1 20 0 0
"92" 92 0.540697674419 0 0 0 0 0 0 0 0 80 0 0 0 0 0 0 0 0 0 0 0
"93" 93 0.176165803109 0 18 0 49 2 8 0 0 0 0 0 0 0 0 2 0 0 0 0 1
"94" 94 0.0440251572327 0 0 3 0 0 0 0 76 0 0 0 0 0 0 0 0 1 0 0 0
"95" 95 0.668161434978 0 0 2 0 3 3 1 0 3 2 27 0 1 32 0 0 2 2 0 2
"96" 96 0.691983122363 0 24 3 7 4 10 0 0 1 0 14 1 1 0 0 0 0 15 0 0
"97" 97 0.0993377483444 0 0 52 0 0 0 0 0 0 0 28 0 0 0 0 0 0 0 0 0
"98" 98 0.457364341085 1 1 3 3 5 14 0 0 1 0 28 0 0 8 0 0 0 15 0 1
"99" 99 0.748427672956 0 0 0 0 0 0 0 77 0 0 1 0 0 0 0 0 1 0 0 1
"100" 100 0.461538461538 0 0 0 0 0 0 0 0 0 0 0 80 0 0 0 0 0 0 0 0
"101" 101 0.110465116279 0 0 7 0 0 0 0 0 73 0 0 0 0 0 0 0 0 0 0 0
"102" 102 0.0 0 0 0 0 0 0 75 0 0 0 0 0 0 3 0 0 2 0 0 0
"103" 103 0.0839416058394 0 0 0 0 0 0 0 0 0 0 0 0 0 0 80 0 0 0 0 0
"104" 104 0.240384615385 0 0 0 0 0 0 0 0 0 2 2 76 0 0 0 0 0 0 0 0
"105" 105 0.367875647668 0 76 1 0 1 0 0 0 2 0 0 0 0 0 0 0 0 0 0 0
"106" 106 0.139303482587 0 0 1 0 0 0 0 0 0 46 0 0 0 14 0 0 0 0 19 0
"107" 107 0.093023255814 27 0 13 0 0 0 0 0 0 0 21 19 0 0 0 0 0 0 0 0
"108" 108 0.568965517241 1 0 1 1 1 0 42 0 1 0 1 0 0 8 0 0 20 0 0 4
"109" 109 0.413793103448 0 28 4 4 16 0 0 0 7 1 0 0 8 0 0 0 3 9 0 0
"110" 110 0.379310344828 0 0 0 0 0 0 18 0 9 0 0 0 0 7 0 0 40 0 0 6
"111" 111 0.451923076923 0 1 14 0 0 0 0 1 0 0 1 63 0 0 0 0 0 0 0 0
"112" 112 0.448905109489 0 0 0 0 1 5 0 0 0 0 0 0 2 0 68 0 0 1 1 2
"113" 113 0.0512820512821 0 0 0 80 0 0 0 0 0 0 0 0 0 0 0 0 0 0 0 0
"114" 114 0.0 0 0 0 0 0 0 43 0 0 0 1 0 0 6 0 0 29 0 0 1
"115" 115 0.0 16 0 0 0 0 0 49 0 1 0 0 0 0 0 0 0 14 0 0 0
"116" 116 0.157894736842 0 0 0 0 0 0 0 0 0 0 0 0 80 0 0 0 0 0 0 0
"117" 117 0.134615384615 0 0 0 0 0 0 0 0 0 0 8 72 0 0 0 0 0 0 0 0
"118" 118 0.0 0 0 80 0 0 0 0 0 0 0 0 0 0 0 0 0 0 0 0 0
"119" 119 0.502590673575 0 79 0 0 0 0 0 0 0 0 1 0 0 0 0 0 0 0 0 0
"120" 120 0.105769230769 0 0 58 1 0 0 0 0 1 0 11 8 1 0 0 0 0 0 0 0
"121" 121 0.553459119497 1 0 0 1 0 0 2 17 1 1 1 0 0 10 1 0 42 3 0 0
"122" 122 0.575892857143 0 9 0 0 0 3 0 4 0 0 5 0 0 0 0 0 0 59 0 0
"123" 123 0.174418604651 0 1 54 6 0 0 0 0 11 0 2 4 0 0 0 0 1 1 0 0
"124" 124 0.015503875969 0 0 1 0 0 0 0 0 0 0 75 4 0 0 0 0 0 0 0 0
"125" 125 0.573839662447 0 2 1 14 15 17 0 1 2 0 7 0 0 1 2 0 0 18 0 0
"126" 126 0.507772020725 1 3 0 1 2 26 0 1 1 2 4 0 2 0 36 0 0 1 0 0
"127" 127 0.09375 0 0 0 0 0 0 0 0 0 0 0 0 0 0 0 0 0 80 0 0
"128" 128 0.0964467005076 0 0 0 0 0 0 72 0 0 0 1 0 0 4 0 0 3 0 0 0
"129" 129 0.713080168776 0 1 16 7 3 3 0 0 1 0 32 10 1 0 1 0 0 3 1 0
"130" 130 0.243781094527 0 0 0 1 0 0 5 0 0 0 0 0 2 70 0 0 0 0 0 1
"131" 131 0.0354609929078 0 0 0 0 0 0 0 0 0 9 0 0 0 0 1 66 0 0 2 0
"132" 132 0.0418410041841 0 0 0 0 0 0 1 0 0 77 0 0 0 0 0 0 0 0 0 0
"133" 133 0.518987341772 0 2 9 6 6 30 0 3 5 0 1 4 2 0 3 0 0 3 0 0
"134" 134 0.685534591195 0 10 4 1 3 5 0 25 1 0 2 2 0 0 2 0 0 21 0 0
"135" 135 0.629464285714 1 9 13 1 4 4 0 0 0 0 3 6 1 0 1 0 1 32 0 0
"136" 136 0.290178571429 0 1 0 2 0 0 0 1 0 0 2 2 0 0 0 0 0 64 0 0
"137" 137 0.169154228856 0 0 0 0 0 0 11 1 2 1 0 0 0 54 0 0 5 0 0 0
"138" 138 0.390804597701 8 0 2 5 1 0 7 1 2 0 10 0 1 7 0 0 28 0 1 1
"139" 139 0.741721854305 1 19 15 11 6 1 0 3 3 0 3 1 0 0 1 0 0 8 0 1
"140" 140 0.430962343096 0 0 0 0 0 0 0 0 0 4 0 0 0 0 0 36 0 0 34 0
"141" 141 0.651162790698 0 2 7 2 4 11 0 0 18 0 4 1 0 0 4 0 1 15 0 1
"142" 142 0.145695364238 2 1 23 2 2 8 0 15 1 0 0 1 0 5 9 0 0 0 0 0
"143" 143 0.692307692308 14 1 12 3 1 0 2 2 11 0 16 1 1 3 0 0 2 0 0 0
"144" 144 0.390728476821 2 5 12 5 4 0 6 0 6 1 6 1 1 9 0 0 7 1 0 3
"145" 145 0.147321428571 0 11 3 6 10 7 1 0 2 2 5 0 8 2 0 0 0 11 0 0
"146" 146 0.599156118143 0 6 17 2 5 5 0 13 5 0 8 4 0 0 1 0 0 2 0 0
"147" 147 0.794326241135 1 0 2 3 1 0 0 0 0 1 0 0 1 0 0 59 0 0 0 0
"148" 148 0.335025380711 0 0 0 0 0 0 28 0 0 0 0 0 0 17 0 0 19 0 0 1
"149" 149 0.406844106464 0 0 0 0 0 0 0 0 0 3 0 0 1 0 0 0 0 0 54 0
