"site" "RSA" "aa1" "aa2" "aa3" "aa4" "aa5" "aa6" "aa7" "aa8" "aa9" "aa10" "aa11" "aa12" "aa13" "aa14" "aa15" "aa16" "aa17" "aa18" "aa19" "aa20"
"0" 0 0.736040609137 0 18 35 36 20 3 18 5 109 6 41 74 4 6 2 0 64 26 22 11
"1" 1 0.157232704403 0 0 0 0 0 0 0 499 0 0 1 0 0 0 0 0 0 0 0 0
"2" 2 0.527131782946 0 40 41 10 22 23 5 179 19 4 28 12 6 18 7 1 11 66 3 5
"3" 3 0.154811715481 0 0 0 0 0 0 0 0 0 498 0 0 1 0 0 0 0 0 1 0
"4" 4 0.488038277512 0 10 5 36 66 52 62 0 7 7 15 1 11 78 25 0 73 24 13 15
"5" 5 0.553459119497 0 0 1 0 0 0 0 495 0 0 2 0 0 0 0 0 0 2 0 0
"6" 6 0.644230769231 0 0 0 0 0 0 0 0 0 0 0 500 0 0 0 0 0 0 0 0
"7" 7 0.482142857143 0 1 9 6 42 54 0 0 0 44 31 2 19 4 148 0 1 15 117 7
"8" 8 0.174129353234 0 0 0 0 0 0 0 0 0 1 0 0 0 499 0 0 0 0 0 0
"9" 9 0.0512820512821 0 10 3 57 84 0 0 0 4 0 25 1 0 0 47 0 2 8 0 259
"10" 10 0.373563218391 0 0 0 0 1 5 64 0 11 0 1 0 0 0 3 0 415 0 0 0
"11" 11 0.0570342205323 0 0 0 0 0 0 0 0 0 98 0 0 1 2 0 0 0 0 399 0
"12" 12 0.35761589404 0 4 18 1 21 59 3 0 312 1 4 1 4 0 5 2 16 40 2 7
"13" 13 0.325581395349 0 8 14 18 58 30 12 0 6 2 6 1 4 11 73 3 19 204 17 14
"14" 14 0.213836477987 0 0 2 0 0 0 0 495 0 0 3 0 0 0 0 0 0 0 0 0
"15" 15 0.384615384615 0 112 16 70 19 68 2 0 4 0 30 5 2 21 26 1 9 92 1 22
"16" 16 0.321243523316 0 11 1 5 230 99 0 0 0 1 10 0 1 0 11 16 0 107 0 8
"17" 17 0.0 0 0 0 0 0 0 0 0 1 0 2 0 0 0 0 0 497 0 0 0
"18" 18 0.0697674418605 0 5 85 3 12 28 0 0 117 1 111 5 9 11 38 12 0 39 3 21
"19" 19 0.326424870466 0 61 21 46 33 89 4 0 7 1 130 7 1 61 12 0 0 16 6 5
"20" 20 0.00574712643678 0 0 0 0 0 0 0 0 0 0 3 0 0 0 0 0 497 0 0 0
"21" 21 0.0132450331126 0 0 368 0 0 0 0 0 1 0 130 1 0 0 0 0 0 0 0 0
"22" 22 0.459854014599 0 11 25 9 45 83 1 0 45 6 56 19 7 43 34 7 0 88 12 9
"23" 23 0.302325581395 0 42 29 17 34 45 10 0 19 9 108 15 13 41 6 3 14 47 16 32
"24" 24 0.0845771144279 0 2 0 3 10 0 0 0 0 0 3 0 0 467 0 0 0 12 0 3
"25" 25 0.350364963504 0 0 45 1 6 62 0 0 0 0 81 9 0 4 289 1 0 0 0 2
"26" 26 0.73631840796 0 53 79 60 42 38 1 0 0 0 43 8 0 64 71 1 1 21 2 16
"27" 27 0.563953488372 0 23 30 92 72 79 0 0 37 0 24 9 5 52 28 1 0 21 2 25
"28" 28 0.480769230769 0 0 0 0 0 0 0 0 0 0 0 500 0 0 0 0 0 0 0 0
"29" 29 0.215328467153 0 0 0 0 0 0 0 0 0 0 0 0 0 0 500 0 0 0 0 0
"30" 30 0.284671532847 0 6 5 2 0 12 0 442 0 0 7 1 1 9 1 1 0 9 1 3
"31" 31 0.00574712643678 0 0 0 0 0 0 19 0 5 0 1 0 0 0 0 0 475 0 0 0
"32" 32 0.0 0 15 17 48 30 0 0 0 59 0 281 21 0 0 0 0 0 0 0 29
"33" 33 0.0 0 0 0 0 0 0 0 0 0 0 0 0 0 500 0 0 0 0 0 0
"34" 34 0.0 0 0 0 0 0 0 28 0 0 0 2 0 0 0 0 0 470 0 0 0
"35" 35 0.157232704403 0 0 1 0 0 0 9 478 1 1 2 0 0 1 0 1 5 0 1 0
"36" 36 0.0872093023256 0 0 44 0 0 0 0 0 451 0 5 0 0 0 0 0 0 0 0 0
"37" 37 0.587155963303 0 30 22 20 64 15 19 0 116 0 7 6 12 0 59 0 24 83 2 21
"38" 38 0.0192307692308 0 0 0 0 0 0 0 0 0 0 0 500 0 0 0 0 0 0 0 0
"39" 39 0.341085271318 0 41 1 235 18 55 0 0 0 2 7 44 37 1 26 0 0 17 6 10
"40" 40 0.0149253731343 0 0 0 1 0 0 22 0 3 0 0 0 16 456 0 0 2 0 0 0
"41" 41 0.11961722488 0 5 4 45 0 1 0 0 56 4 0 2 381 0 1 0 0 0 1 0
"42" 42 0.379464285714 0 33 1 1 11 2 0 1 0 0 3 1 0 1 1 0 0 445 0 0
"43" 43 0.115384615385 0 17 9 12 1 2 0 0 7 0 30 384 0 27 2 0 0 2 0 7
"44" 44 0.143540669856 0 27 8 7 5 0 0 0 13 59 46 0 85 0 0 111 1 15 113 10
"45" 45 0.0149253731343 0 0 0 152 2 3 0 0 0 0 20 0 1 313 0 0 0 0 0 9
"46" 46 0.15503875969 0 2 21 0 51 7 0 0 0 0 277 7 1 0 3 0 0 126 0 5
"47" 47 0.089552238806 0 2 8 9 58 5 0 0 0 0 275 1 0 0 0 0 0 25 0 117
"48" 48 0.0114942528736 0 0 0 1 0 0 7 0 1 0 3 0 0 0 0 0 488 0 0 0
"49" 49 0.317518248175 0 0 0 0 1 0 0 0 0 0 0 0 0 0 498 0 0 1 0 0
"50" 50 0.0852713178295 0 0 31 0 5 5 0 0 0 0 378 8 0 0 0 0 0 50 0 23
"51" 51 0.0 0 0 2 0 0 0 0 0 0 0 496 2 0 0 0 0 0 0 0 0
"52" 52 0.333333333333 0 2 63 5 35 54 0 0 3 1 164 14 1 6 17 0 15 4 1 115
"53" 53 0.649635036496 0 24 198 59 15 112 0 0 1 0 22 4 2 16 24 6 0 9 3 5
"54" 54 0.051724137931 0 7 2 22 52 5 89 0 14 0 4 0 2 133 7 0 149 12 0 2
"55" 55 0.610062893082 0 7 21 3 6 18 1 366 18 0 1 3 2 7 4 0 7 35 1 0
"56" 56 0.461538461538 0 0 0 5 0 1 0 0 0 0 0 493 0 0 0 0 0 0 0 1
"57" 57 0.0331125827815 0 0 136 0 0 0 0 0 0 0 341 23 0 0 0 0 0 0 0 0
"58" 58 0.0 0 0 0 0 0 0 0 0 0 0 3 0 0 4 0 0 493 0 0 0
"59" 59 0.0 0 0 0 0 0 0 3 0 11 0 0 0 0 0 0 0 486 0 0 0
"60" 60 0.0 0 0 0 0 0 0 0 0 1 0 0 0 0 0 0 0 499 0 0 0
"61" 61 0.0 0 0 0 0 0 0 0 0 0 0 0 0 0 0 0 0 500 0 0 0
"62" 62 0.00662251655629 0 0 49 0 0 0 0 0 8 0 440 3 0 0 0 0 0 0 0 0
"63" 63 0.152284263959 0 2 2 2 0 0 435 0 0 0 2 0 0 3 1 0 47 1 0 5
"64" 64 0.071129707113 0 0 0 0 0 0 0 0 0 473 0 0 1 0 0 0 0 0 26 0
"65" 65 0.551724137931 0 8 11 4 13 22 154 0 18 5 2 0 3 41 9 1 162 30 14 3
"66" 66 0.205128205128 0 0 33 4 0 0 0 332 38 0 58 11 3 0 0 9 12 0 0 0
"67" 67 0.358490566038 0 4 12 0 2 1 0 453 2 0 6 4 0 0 2 10 0 1 0 3
"68" 68 0.646788990826 0 38 19 29 8 52 0 167 10 0 45 12 1 61 13 2 1 24 1 17
"69" 69 0.22869955157 0 2 58 0 10 4 0 243 15 0 34 109 4 9 3 0 1 4 0 4
"70" 70 0.857740585774 0 19 25 7 9 23 0 315 36 0 8 4 1 2 6 0 7 37 1 0
"71" 71 0.730769230769 0 0 0 0 0 0 0 0 0 0 0 500 0 0 0 0 0 0 0 0
"72" 72 0.503875968992 0 12 1 0 30 60 0 0 1 0 80 123 124 52 10 0 0 6 0 1
"73" 73 1.18238993711 0 10 20 4 14 15 2 350 26 0 12 3 4 1 3 1 6 26 1 2
"74" 74 0.60621761658 0 49 30 380 0 0 0 0 26 0 3 6 0 0 6 0 0 0 0 0
"75" 75 0.497409326425 0 129 8 123 21 23 6 0 25 3 15 2 45 28 20 0 7 29 10 6
"76" 76 0.0362694300518 0 499 0 0 0 0 0 0 0 0 1 0 0 0 0 0 0 0 0 0
"77" 77 0.318407960199 0 18 17 9 6 0 1 0 3 12 26 4 3 373 2 6 1 8 3 8
"78" 78 0.472868217054 0 73 2 93 48 61 7 0 8 0 38 6 1 26 22 2 28 63 3 19
"79" 79 0.215246636771 0 1 2 22 244 17 6 0 1 5 16 1 0 137 21 0 2 6 14 5
"80" 80 0.00497512437811 0 0 0 2 0 0 0 0 0 0 2 0 0 493 0 0 0 1 0 2
"81" 81 0.63503649635 0 5 7 4 103 82 0 0 0 2 88 2 15 65 47 7 0 34 25 14
"82" 82 0.674418604651 0 59 33 93 59 63 3 0 4 2 84 5 3 20 31 13 0 13 8 7
"83" 83 0.183035714286 0 0 0 1 1 1 0 0 0 0 1 0 0 0 0 0 0 495 0 1
"84" 84 0.278846153846 0 0 0 2 0 0 0 0 0 0 0 498 0 0 0 0 0 0 0 0
"85" 85 0.00574712643678 0 0 0 0 0 0 0 0 2 0 0 0 0 0 0 0 498 0 0 0
"86" 86 0.0357142857143 0 0 0 0 0 0 0 0 0 0 0 0 0 0 0 0 0 500 0 0
"87" 87 0.0 0 0 0 0 0 0 461 0 0 0 0 0 0 0 0 0 39 0 0 0
"88" 88 0.0 0 0 55 2 8 0 0 0 0 0 406 10 0 0 0 0 0 11 0 8
"89" 89 0.0 0 0 0 0 0 0 0 0 0 500 0 0 0 0 0 0 0 0 0 0
"90" 90 0.197674418605 0 23 5 54 54 17 56 0 25 8 23 0 2 12 36 5 120 41 6 13
"91" 91 0.062893081761 0 0 0 0 0 0 0 500 0 0 0 0 0 0 0 0 0 0 0 0
"92" 92 0.482558139535 0 5 224 3 15 9 0 0 199 1 4 12 0 4 14 0 0 8 1 1
"93" 93 0.389534883721 0 13 11 6 11 17 45 10 110 11 58 7 0 2 9 6 123 45 8 8
"94" 94 0.542635658915 0 76 27 38 33 51 9 0 17 9 46 10 4 29 21 16 20 46 22 26
"95" 95 0.240310077519 0 227 21 13 3 1 0 0 3 0 91 1 131 0 1 0 0 6 1 1
"96" 96 0.0045871559633 0 0 0 0 0 0 34 0 1 0 2 0 0 0 0 0 35 1 0 427
"97" 97 0.117870722433 0 0 0 1 0 0 0 0 0 259 0 0 2 0 0 0 0 0 238 0
"98" 98 0.591194968553 0 1 35 0 20 34 1 334 12 0 14 5 0 0 13 0 1 27 1 2
"99" 99 0.533678756477 0 49 10 94 61 32 3 0 43 16 3 6 28 29 7 1 20 23 62 13
"100" 100 0.384615384615 0 0 0 0 0 0 0 0 0 0 0 500 0 0 0 0 0 0 0 0
"101" 101 0.492537313433 0 9 4 5 32 5 42 0 1 0 3 0 7 37 0 7 24 12 0 312
"102" 102 0.63503649635 0 0 34 0 2 22 3 0 373 2 1 41 0 1 10 0 3 0 0 8
"103" 103 0.738372093023 0 8 32 24 115 46 35 0 60 4 7 1 1 21 9 3 68 56 4 6
"104" 104 0.412790697674 0 2 20 11 9 11 37 0 206 18 7 7 6 8 17 1 53 5 30 52
"105" 105 0.0632183908046 0 1 1 0 13 0 73 0 5 2 0 0 0 0 0 0 403 1 0 1
"106" 106 0.775784753363 0 41 12 29 173 17 46 0 17 10 4 1 3 24 4 1 69 19 23 7
"107" 107 0.150943396226 0 0 0 0 0 0 0 491 0 0 3 6 0 0 0 0 0 0 0 0
"108" 108 0.269230769231 0 58 38 38 0 0 0 239 14 0 3 91 0 6 4 0 4 4 0 1
"109" 109 0.710691823899 0 96 75 31 14 52 2 56 10 0 43 14 1 8 7 15 11 38 10 17
"110" 110 0.0497512437811 0 1 0 2 2 7 9 0 1 1 5 0 0 460 0 2 7 1 0 2
"111" 111 0.0697674418605 0 0 51 0 0 0 0 0 0 0 434 15 0 0 0 0 0 0 0 0
"112" 112 0.511627906977 0 12 46 57 27 78 0 0 136 5 20 1 27 3 15 0 0 34 29 10
"113" 113 0.325892857143 0 4 7 2 117 13 0 0 10 0 0 0 0 13 0 3 0 328 2 1
"114" 114 0.0597014925373 0 4 1 76 0 0 0 0 0 1 12 208 1 197 0 0 0 0 0 0
"115" 115 0.107142857143 0 5 0 4 1 0 0 0 0 0 1 0 0 2 1 0 0 486 0 0
"116" 116 0.00961538461538 0 0 0 0 0 0 0 0 0 0 0 500 0 0 0 0 0 0 0 0
"117" 117 0.471153846154 0 13 11 11 12 61 19 0 18 2 16 171 2 15 83 0 3 49 4 10
"118" 118 0.459119496855 0 77 37 60 19 15 1 146 27 2 25 3 4 33 4 3 1 26 3 14
"119" 119 0.445255474453 0 0 1 71 15 14 0 0 3 20 18 1 136 21 116 12 1 8 38 25
"120" 120 0.59748427673 0 0 53 0 4 14 0 386 0 1 19 5 3 0 3 7 0 4 0 1
"121" 121 0.273255813953 0 72 9 124 47 23 1 0 43 2 6 3 9 38 13 66 3 12 14 15
"122" 122 0.363636363636 0 0 2 0 7 48 0 0 1 88 6 3 26 40 13 9 0 69 155 33
"123" 123 0.0251046025105 0 0 0 0 0 0 0 0 0 444 0 0 3 0 0 6 0 0 47 0
"124" 124 0.116279069767 0 0 51 5 0 1 0 0 0 0 419 21 0 0 1 0 0 0 0 2
"125" 125 0.0384615384615 0 21 12 14 45 1 2 0 1 0 96 24 2 112 15 0 4 21 0 130
"126" 126 0.114942528736 0 21 1 8 30 0 129 0 8 1 21 0 4 4 9 2 233 8 1 20
"127" 127 0.0248756218905 0 5 2 25 1 0 0 0 5 0 92 2 0 361 0 0 0 0 0 7
"128" 128 0.046511627907 0 2 19 0 0 0 0 0 475 0 4 0 0 0 0 0 0 0 0 0
"129" 129 0.0804597701149 0 0 6 0 0 0 15 0 68 0 23 0 0 0 0 1 386 1 0 0
"130" 130 0.0344827586207 0 2 4 1 0 0 36 0 50 1 15 0 0 0 0 0 391 0 0 0
"131" 131 0.194029850746 0 0 3 1 1 38 0 0 0 53 14 0 10 273 6 16 0 1 69 15
"132" 132 0.274261603376 0 4 3 13 46 56 19 0 2 14 28 1 3 220 19 1 1 10 7 53
"133" 133 0.0199004975124 0 3 0 5 0 1 0 0 0 3 7 1 4 473 0 0 0 0 0 3
"134" 134 0.0398009950249 0 0 0 0 0 0 23 0 0 0 1 0 0 476 0 0 0 0 0 0
"135" 135 0.443946188341 0 18 5 26 87 49 29 0 9 0 25 2 3 91 25 0 20 72 3 36
"136" 136 0.10152284264 0 0 0 0 0 0 475 0 2 0 0 0 0 0 0 0 19 0 4 0
"137" 137 0.0 0 0 0 0 0 0 0 0 3 0 0 0 0 0 0 0 497 0 0 0
"138" 138 0.379562043796 0 13 0 149 21 182 0 0 0 0 7 41 0 3 62 0 0 14 0 8
"139" 139 0.0377358490566 0 0 0 0 0 0 0 500 0 0 0 0 0 0 0 0 0 0 0 0
"140" 140 0.238341968912 0 385 2 0 0 3 1 0 6 0 1 0 84 0 0 0 0 17 0 1
"141" 141 0.324817518248 0 1 5 1 88 112 2 0 7 13 30 0 59 5 31 2 7 37 64 36
"142" 142 0.0 0 0 0 0 0 0 20 0 1 0 2 0 0 0 0 0 477 0 0 0
"143" 143 0.0209205020921 0 0 0 0 0 0 0 0 0 441 0 0 0 0 0 0 0 0 59 0
"144" 144 0.0376569037657 0 0 0 0 0 0 0 0 0 486 0 0 4 0 0 0 1 0 9 0
"145" 145 0.144230769231 0 1 159 7 2 0 0 114 9 0 36 3 0 83 6 0 1 2 0 77
"146" 146 0.223214285714 0 1 1 0 132 4 0 0 2 0 0 0 0 0 1 0 0 354 0 5
"147" 147 0.135021097046 0 0 69 1 12 30 1 0 19 2 76 22 6 200 27 4 0 23 4 4
"148" 148 0.248704663212 0 50 2 20 30 31 0 0 2 19 14 1 26 19 66 10 0 162 35 13
"149" 149 0.0988593155894 0 0 0 0 0 0 0 0 0 4 0 0 0 0 0 0 0 0 496 0
"150" 150 0.0224215246637 0 0 1 0 451 0 0 0 5 0 0 0 0 3 0 1 2 37 0 0
"151" 151 0.170403587444 0 1 1 0 20 24 0 0 1 0 19 24 1 82 173 1 0 113 0 40
"152" 152 0.0199004975124 0 0 0 1 1 0 0 0 4 14 20 3 1 362 0 9 55 17 13 0
"153" 153 0.0862068965517 0 0 1 0 5 0 136 0 4 0 7 0 0 0 0 0 334 2 0 11
"154" 154 0.0 0 0 0 1 0 0 4 0 0 0 0 0 0 494 0 0 1 0 0 0
"155" 155 0.0 0 1 0 1 0 0 434 0 3 0 8 0 0 0 0 0 52 0 0 1
"156" 156 0.430656934307 0 1 1 0 37 253 49 0 4 0 38 2 0 9 26 26 9 11 1 33
"157" 157 0.273542600897 0 15 4 20 19 35 22 0 1 25 23 0 16 77 23 99 4 59 28 30
"158" 158 0.0248756218905 0 0 0 0 0 0 0 0 0 0 0 0 0 499 0 0 0 0 0 1
"159" 159 0.103448275862 0 0 2 0 0 0 0 0 2 0 20 0 0 0 0 0 475 0 0 1
"160" 160 0.503875968992 0 32 14 30 41 68 41 0 45 6 39 7 8 31 51 3 0 49 14 21
"161" 161 0.564766839378 0 30 13 24 72 24 26 0 12 11 40 2 8 50 89 1 6 51 17 24
"162" 162 0.422594142259 0 7 1 40 38 25 0 0 0 30 3 0 17 242 5 2 0 16 60 14
"163" 163 0.74358974359 0 40 4 221 67 60 0 0 0 5 6 38 11 1 22 0 0 18 2 5
"164" 164 0.139303482587 0 0 0 0 2 0 2 0 0 0 2 0 0 487 2 0 0 0 0 5
"165" 165 0.839378238342 0 157 5 73 37 42 4 87 3 3 18 6 5 18 3 0 3 20 11 5
"166" 166 0.114942528736 0 0 1 0 0 0 0 0 3 0 1 0 0 0 0 0 495 0 0 0
"167" 167 0.356589147287 0 9 11 16 53 40 50 0 39 9 18 11 4 32 13 2 103 68 13 9
"168" 168 0.103448275862 0 0 0 0 0 0 1 0 1 0 0 0 0 0 0 0 498 0 0 0
"169" 169 0.247126436782 0 0 0 0 31 0 51 0 3 2 2 0 0 0 1 1 405 1 2 1
"170" 170 0.201923076923 0 2 4 1 0 0 1 0 0 0 55 430 0 2 3 0 0 1 0 1
"171" 171 0.0689655172414 0 0 0 0 0 0 1 0 0 0 0 0 0 0 0 0 499 0 0 0
"172" 172 0.559748427673 0 0 6 0 0 2 0 487 0 0 0 0 0 0 0 0 1 4 0 0
"173" 173 0.156976744186 0 1 50 0 5 0 0 0 253 0 171 15 0 1 0 0 3 1 0 0
"174" 174 0.235632183908 0 2 24 1 86 12 50 0 13 31 30 1 15 0 4 0 169 8 33 21
"175" 175 0.273722627737 0 0 0 0 0 1 0 0 0 0 0 0 0 0 499 0 0 0 0 0
"176" 176 0.339285714286 0 8 82 13 12 20 0 0 38 10 36 57 18 34 17 5 0 12 128 10
"177" 177 0.875968992248 0 81 69 37 14 32 0 136 9 0 41 10 0 10 8 7 0 39 1 6
"178" 178 0.357512953368 0 160 21 101 32 27 3 0 20 3 14 21 3 16 11 1 10 40 9 8
"179" 179 0.144230769231 0 0 0 0 0 0 0 0 0 0 0 500 0 0 0 0 0 0 0 0
"180" 180 0.044776119403 0 0 2 0 16 0 163 0 4 0 0 0 0 232 3 0 73 1 0 6
"181" 181 0.0387596899225 0 0 70 0 3 0 0 97 7 0 291 16 3 0 2 0 8 1 1 1
"182" 182 0.128440366972 0 14 45 4 10 66 18 0 10 0 69 0 3 42 19 0 56 20 0 124
"183" 183 0.105960264901 0 99 12 23 0 2 3 0 13 0 20 7 245 0 15 0 2 22 0 37
"184" 184 0.245033112583 0 2 113 2 18 48 32 7 12 6 89 24 10 1 4 16 5 94 14 3
"185" 185 0.299270072993 0 43 238 25 14 13 1 0 14 0 32 10 2 19 39 0 0 30 0 20
"186" 186 0.123076923077 0 3 106 176 0 0 0 0 188 0 25 0 0 0 0 0 0 2 0 0
"187" 187 0.551094890511 0 27 104 33 22 120 1 0 42 0 18 13 0 21 25 0 0 67 1 6
"188" 188 0.673003802281 0 26 3 102 42 71 0 0 0 2 15 82 13 44 21 2 0 18 25 34
"189" 189 0.089552238806 0 0 0 0 0 0 0 0 0 0 0 0 0 500 0 0 0 0 0 0
"190" 190 0.39378238342 0 83 63 91 43 28 13 0 84 2 8 13 4 24 7 0 11 10 14 2
"191" 191 0.716981132075 0 31 10 9 15 19 8 304 21 1 20 2 0 7 3 0 7 38 2 3
"192" 192 0.565891472868 0 109 12 53 48 49 13 0 22 0 43 15 2 10 22 1 17 71 0 13
"193" 193 0.219730941704 0 4 1 2 92 5 0 0 0 39 13 0 3 0 6 165 0 88 73 9
"194" 194 0.262773722628 0 0 0 0 238 41 25 0 3 10 17 0 1 5 117 6 8 7 7 15
"195" 195 0.46511627907 0 33 18 35 33 105 39 0 32 1 47 12 3 21 37 6 12 43 7 16
"196" 196 0.263565891473 0 7 22 6 20 2 0 0 0 14 361 2 0 0 0 17 0 19 25 5
"197" 197 0.0 0 0 36 0 0 0 0 0 0 0 462 2 0 0 0 0 0 0 0 0
"198" 198 0.252873563218 0 5 144 11 29 8 1 0 105 1 40 7 1 1 79 11 0 53 0 4
"199" 199 0.0542635658915 0 0 16 0 0 1 0 0 0 0 422 61 0 0 0 0 0 0 0 0
"200" 200 0.0199004975124 0 0 1 2 0 0 0 0 0 0 1 0 0 496 0 0 0 0 0 0
"201" 201 0.0198675496689 0 1 116 1 0 0 0 0 196 0 154 15 9 0 0 6 0 1 1 0
"202" 202 0.333333333333 0 32 2 19 62 89 21 0 6 1 27 0 3 79 92 3 5 46 3 10
"203" 203 0.0077519379845 0 0 0 0 0 0 0 0 0 0 496 4 0 0 0 0 0 0 0 0
"204" 204 0.0 0 0 0 1 0 0 0 0 0 0 0 0 0 499 0 0 0 0 0 0
"205" 205 0.337209302326 0 25 6 46 41 46 22 0 38 5 53 5 3 70 31 17 0 77 7 8
"206" 206 0.286821705426 0 66 15 44 33 9 1 0 0 1 238 7 3 4 4 1 1 44 0 29
"207" 207 0.0 0 0 0 0 0 0 0 0 0 0 495 5 0 0 0 0 0 0 0 0
"208" 208 0.232558139535 0 0 5 36 18 87 0 0 3 1 156 8 20 21 90 4 0 21 9 21
"209" 209 0.66985645933 0 44 8 67 53 61 15 0 14 2 28 8 11 36 39 2 22 61 10 19
"210" 210 0.201550387597 0 3 4 0 7 2 0 0 0 0 439 17 0 0 7 0 0 3 1 17
"211" 211 0.0077519379845 0 0 116 0 0 0 0 0 0 0 370 14 0 0 0 0 0 0 0 0
"212" 212 0.691860465116 0 10 106 16 33 72 3 0 79 0 31 4 0 5 91 0 1 39 1 9
"213" 213 0.596899224806 0 25 6 130 77 65 0 0 1 10 18 21 20 47 18 1 0 31 17 13
"214" 214 0.201923076923 0 0 0 0 0 0 0 0 0 0 0 500 0 0 0 0 0 0 0 0
"215" 215 0.263565891473 0 2 65 0 0 0 0 4 0 0 396 27 0 0 5 0 0 1 0 0
"216" 216 0.547085201794 0 73 24 40 89 61 10 0 15 0 36 10 0 31 15 4 9 66 2 15
"217" 217 0.263565891473 0 0 28 6 40 14 0 0 0 0 281 3 2 0 15 1 0 62 0 48
"218" 218 0.0077519379845 0 0 0 0 0 0 0 0 0 0 498 2 0 0 0 0 0 0 0 0
"219" 219 0.199004975124 0 2 1 11 7 8 30 0 0 0 5 1 0 341 14 52 11 9 3 5
"220" 220 0.466321243523 0 90 13 46 42 70 18 0 17 1 37 5 2 36 58 8 2 42 4 9
"221" 221 0.209302325581 0 1 0 0 1 0 0 0 0 0 443 50 0 0 0 0 0 2 0 3
"222" 222 0.0 0 0 3 0 0 0 0 0 0 0 491 6 0 0 0 0 0 0 0 0
"223" 223 0.350364963504 0 3 7 0 81 129 0 0 4 1 111 7 0 25 40 3 0 66 1 22
"224" 224 0.449612403101 0 25 26 31 27 71 7 0 48 0 61 14 13 15 10 14 0 131 3 4
"225" 225 0.235632183908 0 4 1 2 62 4 31 0 23 1 16 0 0 0 71 1 213 54 0 17
"226" 226 0.00995024875622 0 0 0 0 1 0 1 0 0 0 0 0 0 498 0 0 0 0 0 0
"227" 227 0.59585492228 0 171 26 31 31 39 2 0 1 0 31 3 0 44 60 0 0 47 0 14
"228" 228 0.604651162791 0 31 59 152 7 29 0 0 0 1 49 18 1 21 92 8 0 20 2 10
"229" 229 0.131782945736 0 0 17 5 10 7 0 0 0 0 428 2 22 0 7 0 1 1 0 0
"230" 230 0.830188679245 0 15 22 6 10 15 0 378 3 0 18 5 0 3 4 1 3 12 2 3
"231" 231 0.509615384615 0 46 1 58 46 28 0 0 0 5 9 122 8 83 19 1 0 34 10 30
"232" 232 0.0804597701149 0 0 2 0 0 0 0 0 13 0 0 0 0 0 0 0 485 0 0 0
"233" 233 0.286821705426 0 135 19 36 48 22 60 0 11 10 7 3 4 25 5 1 46 18 14 36
"234" 234 0.201149425287 0 0 0 0 0 0 3 0 10 0 4 0 0 0 0 0 479 0 0 4
"235" 235 0.336787564767 0 218 3 3 12 3 40 0 3 0 2 1 25 8 14 0 133 20 0 15
"236" 236 0.0988593155894 0 0 0 0 0 0 0 0 0 2 0 0 0 0 0 0 0 0 498 0
"237" 237 0.089552238806 0 0 0 1 0 0 0 0 0 0 0 0 0 499 0 0 0 0 0 0
"238" 238 0.294642857143 0 1 4 0 19 3 3 0 3 0 0 0 0 2 11 0 9 444 0 1
"239" 239 0.134328358209 0 0 0 0 0 0 2 0 0 1 0 0 0 495 0 0 0 1 0 1
"240" 240 0.0985401459854 0 0 1 2 0 2 0 0 0 1 2 1 9 15 464 1 0 0 1 1
"241" 241 0.243523316062 0 457 4 36 0 0 0 0 0 0 0 3 0 0 0 0 0 0 0 0
"242" 242 0.492385786802 0 25 31 11 20 44 1 0 36 0 12 10 0 230 15 1 7 16 0 41
"243" 243 0.365384615385 0 25 77 85 24 13 0 0 128 4 4 12 9 24 24 28 0 13 11 19
"244" 244 0.0199004975124 0 1 0 1 0 0 0 0 0 0 0 7 0 491 0 0 0 0 0 0
"245" 245 0.230769230769 0 0 1 0 0 0 0 0 0 0 0 499 0 0 0 0 0 0 0 0
"246" 246 0.723270440252 0 15 16 7 80 27 4 258 26 1 13 2 0 4 5 0 7 23 10 2
"247" 247 0.178899082569 0 0 2 0 24 0 0 5 0 2 5 0 38 0 0 0 0 0 0 424
"248" 248 0.37106918239 0 0 12 0 2 0 0 470 5 0 3 6 2 0 0 0 0 0 0 0
"249" 249 0.786069651741 0 121 24 37 55 50 8 6 41 0 42 11 2 17 27 0 8 44 0 7
"250" 250 0.6 0 2 57 21 40 86 0 0 9 6 19 1 110 0 46 2 3 51 33 14
"251" 251 0.230769230769 0 0 0 0 0 0 0 0 0 0 0 500 0 0 0 0 0 0 0 0
"252" 252 0.344370860927 0 75 36 45 25 67 5 0 14 5 38 2 3 10 23 3 12 107 13 17
"253" 253 0.00961538461538 0 0 0 0 0 0 0 0 0 0 0 500 0 0 0 0 0 0 0 0
"254" 254 0.0839416058394 0 0 0 0 0 0 0 0 0 0 0 0 0 0 480 0 19 0 0 1
"255" 255 0.00497512437811 0 0 0 0 0 0 0 0 0 0 2 0 0 497 0 0 0 0 0 1
"256" 256 0.0348258706468 0 0 6 11 29 0 12 0 56 0 21 2 0 72 0 0 18 14 0 259
"257" 257 0.00574712643678 0 0 0 0 0 0 0 0 15 0 1 0 0 0 0 0 484 0 0 0
"258" 258 0.0 0 0 49 2 6 1 0 0 11 0 412 16 0 0 0 0 0 2 0 1
"259" 259 0.0 0 0 1 0 0 0 0 0 0 0 493 6 0 0 0 0 0 0 0 0
"260" 260 0.416058394161 0 0 3 1 26 15 116 0 15 0 6 0 0 22 125 0 139 7 0 25
"261" 261 0.00497512437811 0 0 0 0 0 0 0 0 1 2 0 0 5 492 0 0 0 0 0 0
"262" 262 0.490384615385 0 0 0 0 0 0 0 0 0 0 0 500 0 0 0 0 0 0 0 0
"263" 263 0.848837209302 0 118 26 127 43 25 5 0 49 1 12 15 8 17 7 2 7 25 3 10
"264" 264 0.0581395348837 0 0 1 0 1 0 27 0 75 0 2 0 0 0 0 0 394 0 0 0
"265" 265 0.171532846715 0 0 1 0 2 1 22 0 1 0 0 0 0 0 447 0 21 3 0 2
"266" 266 0.0248756218905 0 0 0 0 1 0 0 0 0 0 0 0 0 494 0 0 0 0 0 5
"267" 267 0.124378109453 0 0 89 5 20 3 3 0 59 69 48 14 20 12 16 7 1 8 48 78
"268" 268 0.0362694300518 0 499 0 0 0 0 0 0 0 0 1 0 0 0 0 0 0 0 0 0
"269" 269 0.0153846153846 0 1 1 495 0 0 0 0 0 0 3 0 0 0 0 0 0 0 0 0
"270" 270 0.157360406091 0 0 13 0 2 0 311 0 121 0 10 0 2 0 0 0 34 3 0 4
"271" 271 0.333333333333 0 6 36 3 34 82 1 0 52 1 28 7 84 2 28 1 4 120 2 9
"272" 272 0.010152284264 0 0 2 0 0 0 137 0 1 0 0 0 0 0 0 0 360 0 0 0
"273" 273 0.392857142857 0 0 4 0 28 36 50 0 82 0 3 3 4 1 121 0 121 37 1 9
"274" 274 0.0558375634518 0 0 2 0 0 0 391 0 1 0 1 0 0 2 0 0 103 0 0 0
"275" 275 0.519230769231 0 0 0 0 0 0 0 0 0 0 0 500 0 0 0 0 0 0 0 0
"276" 276 0.761627906977 0 41 43 23 36 73 0 0 6 1 55 57 10 38 20 0 1 86 6 4
