"site" "RSA" "aa1" "aa2" "aa3" "aa4" "aa5" "aa6" "aa7" "aa8" "aa9" "aa10" "aa11" "aa12" "aa13" "aa14" "aa15" "aa16" "aa17" "aa18" "aa19" "aa20"
"0" 0 0.821705426357 0 0 0 0 0 0 0 0 1 0 7 0 0 0 0 0 0 0 0 0
"1" 1 0.789743589744 0 3 3 3 0 0 0 1 0 0 0 0 0 0 0 0 0 1 0 0
"2" 2 0.197674418605 0 0 2 2 0 3 0 1 19 0 0 1 0 0 0 0 0 0 0 0
"3" 3 0.0384615384615 0 0 3 2 0 0 0 0 3 0 7 9 7 0 3 0 0 0 10 0
"4" 4 0.211920529801 0 0 4 2 8 117 0 0 35 0 2 0 0 0 1 0 0 2 0 0
"5" 5 0.0 0 0 0 0 0 0 34 0 0 0 0 0 0 146 0 0 12 0 0 1
"6" 6 0.0114942528736 1 0 0 0 0 0 33 0 1 2 2 0 0 0 0 0 153 0 1 0
"7" 7 0.0298507462687 0 0 0 0 0 0 2 0 0 13 0 0 0 161 0 0 0 0 0 18
"8" 8 0.0 5 0 3 0 0 0 53 0 1 0 1 0 0 84 0 0 42 0 0 5
"9" 9 0.211678832117 0 0 0 0 0 0 0 0 0 0 0 0 0 0 194 0 0 0 0 0
"10" 10 0.0574162679426 0 0 0 0 0 0 0 0 0 0 0 0 194 0 0 0 0 0 0 0
"11" 11 0.0192307692308 0 0 0 0 0 0 0 1 0 0 0 193 0 0 0 0 0 0 0 0
"12" 12 0.321428571429 0 0 0 4 58 1 0 0 1 1 0 0 2 3 0 0 0 124 0 0
"13" 13 0.0 0 0 188 0 0 0 0 0 0 0 0 5 0 0 0 1 0 0 0 0
"14" 14 0.388601036269 1 8 1 1 24 2 7 0 28 0 18 0 1 8 1 0 21 73 0 0
"15" 15 0.13829787234 0 0 0 0 0 0 0 0 0 0 0 0 0 0 0 192 0 0 2 0
"16" 16 0.34358974359 0 0 0 194 0 0 0 0 0 0 0 0 0 0 0 0 0 0 0 0
"17" 17 0.441860465116 0 2 2 4 19 55 1 0 1 0 28 0 0 53 16 0 3 9 0 1
"18" 18 0.532338308458 0 6 5 0 7 35 0 0 3 0 5 0 0 21 0 0 0 110 1 1
"19" 19 0.307692307692 0 1 0 192 0 0 0 0 0 0 0 1 0 0 0 0 0 0 0 0
"20" 20 0.174129353234 0 0 0 0 9 14 2 0 0 0 0 0 0 65 104 0 0 0 0 0
"21" 21 0.00836820083682 0 0 0 0 0 0 0 0 0 194 0 0 0 0 0 0 0 0 0 0
"22" 22 0.0697674418605 24 0 2 2 0 0 0 0 166 0 0 0 0 0 0 0 0 0 0 0
"23" 23 0.00961538461538 0 0 5 0 0 0 0 0 0 0 0 189 0 0 0 0 0 0 0 0
"24" 24 0.00709219858156 1 0 0 0 0 0 0 0 0 0 0 0 0 0 0 193 0 0 0 0
"25" 25 0.114942528736 0 0 1 0 5 5 2 0 61 8 11 0 13 1 4 7 56 2 16 2
"26" 26 0.186528497409 0 190 0 3 0 0 0 0 0 0 0 0 0 0 0 0 0 1 0 0
"27" 27 0.0804597701149 3 0 1 0 5 0 12 0 2 0 24 1 0 0 0 0 146 0 0 0
"28" 28 0.163461538462 0 116 3 9 4 16 0 14 3 0 2 10 2 0 3 0 1 11 0 0
"29" 29 0.109452736318 0 0 0 0 0 0 0 0 0 0 0 0 0 191 0 0 3 0 0 0
"30" 30 0.104651162791 0 1 111 5 0 0 0 0 74 0 3 0 0 0 0 0 0 0 0 0
"31" 31 0.683937823834 0 39 4 0 2 4 0 30 2 0 8 1 0 1 0 0 1 102 0 0
"32" 32 0.502109704641 0 4 1 9 41 97 1 0 13 0 3 0 0 6 5 0 1 13 0 0
"33" 33 0.0 0 0 0 0 0 0 0 0 0 0 0 194 0 0 0 0 0 0 0 0
"34" 34 0.349775784753 0 0 0 1 7 14 27 0 2 1 7 0 9 13 37 0 47 27 2 0
"35" 35 0.418604651163 1 4 10 11 22 15 7 0 9 0 45 3 0 1 7 0 6 54 0 0
"36" 36 0.142857142857 0 1 0 0 19 0 0 0 0 0 0 0 0 0 0 0 0 175 0 0
"37" 37 0.0077519379845 0 0 2 0 0 0 0 0 1 0 188 3 0 0 0 0 1 0 0 0
"38" 38 0.310344827586 5 0 4 4 14 47 12 0 12 2 13 1 7 11 39 1 13 6 3 1
"39" 39 0.35401459854 1 3 11 17 14 18 1 0 10 1 35 1 6 4 40 1 0 31 0 1
"40" 40 0.0 5 0 11 0 0 0 0 0 0 0 145 34 0 0 0 0 0 0 0 0
"41" 41 0.0 0 0 0 0 0 0 0 0 0 0 14 181 0 0 0 0 0 0 0 0
"42" 42 0.339285714286 0 6 2 2 25 54 6 0 6 1 3 0 3 3 32 0 3 49 0 0
"43" 43 0.0547263681592 0 0 0 1 4 12 12 0 7 1 27 0 0 110 4 0 8 1 3 5
"44" 44 0.0152284263959 0 0 0 0 0 0 32 0 0 0 1 0 0 145 0 0 2 0 0 15
"45" 45 0.248062015504 1 0 0 1 5 122 1 0 1 0 25 1 3 5 24 0 3 1 1 1
"46" 46 0.526785714286 0 30 2 3 14 28 0 0 1 0 24 1 0 0 4 0 0 87 0 0
"47" 47 0.435406698565 0 2 10 21 5 18 0 0 0 1 59 6 13 2 3 0 1 51 1 1
"48" 48 0.683937823834 0 7 0 17 3 7 0 0 1 0 2 154 2 0 0 0 0 2 0 0
"49" 49 0.0646766169154 0 0 0 0 0 2 24 0 0 66 1 0 0 35 1 0 15 1 45 5
"50" 50 0.248756218905 0 12 17 2 12 24 4 0 30 3 6 0 3 21 6 0 17 35 2 1
"51" 51 0.0125786163522 0 0 0 0 0 0 6 41 0 145 2 0 0 1 0 0 0 0 0 0
"52" 52 0.316062176166 0 170 1 3 4 1 0 0 7 0 1 2 1 0 1 0 1 3 0 0
"53" 53 0.0287356321839 5 0 0 0 8 11 43 0 5 8 5 0 2 25 2 1 68 4 4 4
"54" 54 0.0248756218905 21 0 1 0 1 0 0 0 1 0 120 2 0 18 0 0 30 0 0 1
"55" 55 0.0304182509506 2 0 0 0 0 0 1 0 0 51 0 0 36 0 0 1 0 0 104 0
"56" 56 0.0 2 0 4 0 0 0 0 0 187 0 0 0 0 0 0 0 2 0 0 0
"57" 57 0.0 0 0 195 0 0 0 0 0 0 0 0 0 0 0 0 0 0 0 0 0
"58" 58 0.169154228856 0 0 0 0 0 2 5 0 2 3 0 0 0 43 1 0 115 1 17 6
"59" 59 0.0 0 0 0 0 13 0 0 0 0 0 0 0 0 182 0 0 0 0 0 0
"60" 60 0.467153284672 0 1 11 1 5 112 1 0 36 0 0 0 0 1 25 0 1 1 0 0
"61" 61 0.0182481751825 0 0 0 0 0 0 0 0 0 0 0 0 0 0 195 0 0 0 0 0
"62" 62 0.0 0 0 7 0 0 0 0 0 0 0 188 0 0 0 0 0 0 0 0 0
"63" 63 0.213197969543 0 0 0 7 11 2 156 0 1 0 0 0 0 3 0 0 13 0 0 2
"64" 64 0.279069767442 0 9 2 9 12 53 1 0 6 0 0 1 19 1 67 2 3 4 2 4
"65" 65 0.00581395348837 0 0 1 0 0 0 0 0 194 0 0 0 0 0 0 0 0 0 0 0
"66" 66 0.0 7 0 3 0 1 0 0 0 11 1 36 3 0 127 0 0 0 0 2 4
"67" 67 0.459330143541 2 4 0 72 10 2 1 0 0 0 2 0 14 0 1 78 0 3 5 1
"68" 68 0.1592039801 7 2 7 12 0 0 67 0 10 6 4 3 16 46 0 0 2 1 12 0
"69" 69 0.0077519379845 3 0 1 0 0 0 42 0 6 0 65 1 0 8 0 0 69 0 0 0
"70" 70 0.0348258706468 0 0 0 0 7 0 0 0 0 0 3 0 0 179 0 0 0 2 0 4
"71" 71 0.440414507772 0 86 1 4 5 14 0 0 3 0 4 2 5 1 3 0 1 63 2 1
"72" 72 0.271523178808 0 2 11 1 10 10 0 0 10 0 28 12 1 0 9 0 6 93 1 1
"73" 73 0.062015503876 4 0 19 0 0 0 9 0 7 0 35 2 0 42 0 0 5 0 0 72
"74" 74 0.632124352332 0 138 0 12 1 4 0 0 0 0 1 33 1 0 0 0 0 5 0 0
"75" 75 0.186131386861 3 1 2 2 71 1 1 0 1 0 2 0 5 56 46 1 0 2 0 1
"76" 76 0.34328358209 3 13 10 2 6 5 3 1 10 0 6 1 17 48 0 0 8 13 1 48
"77" 77 0.631205673759 0 8 1 3 0 2 0 0 0 6 0 3 8 0 0 146 0 1 17 0
"78" 78 0.0355329949239 2 0 0 0 0 0 108 0 4 0 2 0 0 55 0 0 24 0 0 0
"79" 79 0.408805031447 0 5 3 1 2 0 0 182 1 0 1 0 0 0 0 0 0 0 0 0
"80" 80 0.270114942529 0 0 0 0 3 0 22 0 5 0 0 0 1 3 0 0 149 12 0 0
"81" 81 0.514598540146 2 3 4 3 14 15 19 0 15 6 2 1 24 1 13 0 21 38 14 0
"82" 82 0.416058394161 1 0 5 7 0 110 1 0 3 0 0 1 11 1 53 0 0 2 0 0
"83" 83 0.0860927152318 2 35 90 8 1 0 0 0 41 0 3 0 10 0 1 0 0 4 0 0
"84" 84 0.156028368794 0 0 0 0 0 0 0 0 0 0 0 0 0 0 0 190 0 0 5 0
"85" 85 0.266423357664 0 0 0 0 4 14 0 0 0 0 0 0 3 1 170 0 0 2 0 1
"86" 86 0.00497512437811 0 0 0 0 0 0 0 0 0 1 0 0 0 194 0 0 0 0 0 0
"87" 87 0.0 0 0 0 195 0 0 0 0 0 0 0 0 0 0 0 0 0 0 0 0
"88" 88 0.0982142857143 0 0 0 0 0 0 0 0 0 0 0 0 0 0 0 0 0 195 0 0
"89" 89 0.0182481751825 0 0 0 0 0 12 0 0 0 0 0 0 0 0 183 0 0 0 0 0
"90" 90 0.00956937799043 0 0 1 1 0 0 0 0 0 0 0 1 187 0 0 0 0 0 0 5
"91" 91 0.06463878327 0 0 0 0 0 0 0 0 0 0 0 0 0 0 0 0 0 0 195 0
"92" 92 0.0 0 0 0 0 0 0 0 0 0 0 0 195 0 0 0 0 0 0 0 0
"93" 93 0.302325581395 0 6 7 2 2 2 0 0 2 0 126 42 0 0 0 0 2 1 0 3
"94" 94 0.0298507462687 0 0 0 0 0 0 0 0 0 0 0 0 0 195 0 0 0 0 0 0
"95" 95 0.00896860986547 0 0 1 0 143 0 5 0 41 0 3 0 0 0 0 0 0 2 0 0
"96" 96 0.144230769231 0 0 0 0 0 0 0 0 0 0 0 195 0 0 0 0 0 0 0 0
"97" 97 0.313432835821 0 0 0 0 1 19 0 0 0 0 0 0 0 171 1 0 0 0 0 3
"98" 98 0.227979274611 0 38 0 156 0 0 0 0 0 0 0 0 0 0 0 0 0 1 0 0
"99" 99 0.160337552743 0 0 0 0 0 190 0 0 0 0 0 0 0 0 5 0 0 0 0 0
"100" 100 0.434108527132 0 10 27 1 10 17 2 0 9 0 111 1 0 1 3 0 0 3 0 0
"101" 101 0.678571428571 0 12 0 0 17 4 0 0 0 0 8 0 0 0 0 0 1 153 0 0
"102" 102 0.046511627907 0 0 1 0 0 0 7 0 158 0 10 0 0 1 0 0 6 0 0 12
"103" 103 0.42194092827 0 0 3 0 0 11 2 0 4 0 134 0 0 14 17 0 10 0 0 0
"104" 104 0.682170542636 0 13 3 2 14 27 1 0 1 0 58 0 0 5 3 0 5 63 0 0
"105" 105 0.693430656934 0 0 0 4 15 131 1 0 1 0 3 0 0 2 12 0 0 26 0 0
"106" 106 0.38783269962 0 0 0 0 0 0 0 0 0 34 0 0 48 0 0 3 1 0 109 0
"107" 107 0.269230769231 0 0 0 0 0 0 0 0 0 0 0 195 0 0 0 0 0 0 0 0
"108" 108 0.625 0 53 1 1 2 9 1 4 0 0 10 1 0 0 0 0 1 109 1 2
"109" 109 0.6875 0 37 0 0 5 3 0 0 1 0 8 0 0 0 0 0 0 141 0 0
"110" 110 0.345291479821 0 0 0 0 183 10 0 0 1 0 0 0 0 1 0 0 0 0 0 0
"111" 111 0.108786610879 0 0 0 0 0 0 1 0 0 31 0 0 0 0 0 0 162 0 1 0
"112" 112 0.426605504587 0 0 0 4 19 48 0 0 3 4 3 0 36 48 5 0 0 0 0 25
"113" 113 0.31007751938 0 0 3 0 9 4 100 0 7 0 8 0 0 36 0 0 23 4 0 1
"114" 114 0.0709219858156 0 0 0 0 0 0 0 0 0 0 0 0 0 0 0 193 0 0 2 0
"115" 115 0.153284671533 0 0 0 0 0 0 0 0 0 0 0 0 0 0 195 0 0 0 0 0
"116" 116 0.120437956204 0 0 0 0 0 0 0 0 0 0 0 0 0 0 195 0 0 0 0 0
"117" 117 0.23178807947 0 0 177 1 0 0 0 0 0 1 6 10 0 0 0 0 0 0 0 0
"118" 118 0.106463878327 1 0 0 0 0 0 0 0 2 60 0 0 0 2 0 0 5 0 125 0
"119" 119 0.538860103627 0 168 1 8 0 1 0 0 1 0 13 2 0 0 0 0 0 1 0 0
"120" 120 0.529069767442 0 0 0 0 0 0 54 0 67 0 0 0 0 2 0 0 70 0 0 2
"121" 121 0.276729559748 1 0 3 0 2 3 1 124 10 0 20 0 0 10 18 0 1 2 0 0
"122" 122 0.0125786163522 0 0 0 0 0 0 0 195 0 0 0 0 0 0 0 0 0 0 0 0
"123" 123 0.345911949686 0 2 0 3 0 1 0 179 1 0 2 0 2 1 0 0 0 1 0 3
"124" 124 0.534591194969 0 6 5 3 5 3 0 82 1 1 53 0 1 9 2 0 6 18 0 0
"125" 125 0.0456852791878 2 0 0 0 1 0 36 0 0 0 1 0 0 112 0 0 7 2 1 32
"126" 126 0.65625 1 38 11 3 3 3 0 7 21 0 22 5 1 0 0 0 0 77 0 0
"127" 127 0.518248175182 0 19 2 3 3 37 6 24 3 0 19 2 2 4 12 1 8 45 2 0
"128" 128 0.615384615385 0 80 32 16 1 3 0 1 13 0 5 30 0 0 0 0 0 11 0 0
"129" 129 0.198675496689 0 108 40 4 5 0 0 1 0 0 2 4 28 0 0 0 0 1 0 0
"130" 130 0.744394618834 0 5 0 3 8 18 0 63 2 1 11 0 1 3 6 0 0 72 0 0
"131" 131 0.255230125523 0 2 1 3 1 1 0 0 2 33 1 3 7 0 93 5 0 5 38 0
"132" 132 0.0993377483444 4 12 42 12 1 0 1 1 1 14 9 1 31 6 0 8 1 0 50 0
"133" 133 0.0582959641256 0 6 5 6 34 2 2 98 1 2 15 0 1 6 0 0 0 11 4 1
"134" 134 0.181347150259 3 9 16 8 1 9 5 0 6 8 23 47 8 8 23 0 4 8 5 1
"135" 135 0.62015503876 2 7 8 44 2 23 7 0 10 21 12 17 23 2 4 1 2 2 3 2
"136" 136 0.284974093264 0 167 3 2 7 0 0 0 0 1 0 0 3 1 0 0 0 9 0 0
"137" 137 0.704402515723 0 1 2 1 0 3 6 99 1 0 15 0 1 2 42 0 7 10 2 0
"138" 138 0.419708029197 0 0 1 0 3 12 1 1 0 0 0 0 0 1 167 1 3 0 0 3
"139" 139 0.00760456273764 0 0 0 0 0 0 0 0 0 1 1 0 0 0 0 0 0 0 191 0
"140" 140 0.472868217054 4 2 5 5 10 37 0 0 2 0 100 4 2 1 15 0 2 3 0 0
"141" 141 0.870466321244 0 55 19 25 1 13 0 2 6 0 1 42 11 2 1 0 0 11 0 1
"142" 142 0.284263959391 2 1 1 1 2 2 36 8 1 3 2 2 0 89 2 0 33 3 0 3
"143" 143 0.586538461538 3 40 22 4 6 14 0 47 7 0 16 12 4 2 3 0 0 12 0 0
"144" 144 0.0384615384615 3 17 11 3 9 30 6 25 3 0 22 7 3 1 9 0 4 35 0 0
"145" 145 0.153846153846 0 6 2 0 0 0 0 1 1 0 5 3 0 4 0 0 6 5 0 3
"146" 146 0.245283018868 0 0 0 0 1 0 0 189 0 0 0 0 0 0 0 0 0 3 0 0
"147" 147 0.174129353234 1 5 11 3 1 26 0 0 9 5 16 4 2 56 31 1 8 3 6 5
"148" 148 0.145348837209 7 0 19 2 0 0 0 1 119 5 19 18 2 0 0 0 0 0 2 0
"149" 149 0.0223214285714 0 0 1 0 0 0 0 0 0 0 0 0 0 0 0 0 0 193 0 0
"150" 150 0.0126582278481 69 1 107 14 0 0 0 0 0 0 3 0 0 0 0 0 0 0 0 0
"151" 151 0.0199004975124 0 0 0 0 0 0 0 0 0 0 0 0 0 194 0 0 0 0 0 0
"152" 152 0.147286821705 1 0 1 0 4 148 1 0 0 0 22 0 2 1 3 0 0 12 0 0
"153" 153 0.336787564767 0 121 1 2 3 3 1 0 12 0 2 0 0 35 0 0 8 5 0 2
"154" 154 0.0 5 0 0 2 0 0 0 0 151 0 0 0 0 0 0 0 37 0 0 0
"155" 155 0.183908045977 0 0 0 0 2 0 61 0 0 1 2 0 0 44 0 0 73 9 2 1
"156" 156 0.550387596899 0 26 1 7 1 10 1 0 0 1 61 2 0 1 3 0 11 70 0 0
"157" 157 0.0547445255474 0 0 0 0 0 0 0 0 0 0 0 0 0 0 195 0 0 0 0 0
"158" 158 0.0167364016736 0 0 1 0 0 0 8 0 18 33 12 0 0 16 0 0 96 0 0 11
"159" 159 0.238805970149 0 0 1 0 0 3 29 0 3 0 2 0 0 114 0 1 21 3 0 18
"160" 160 0.352201257862 0 0 2 0 1 1 0 186 0 1 2 0 0 0 0 0 0 2 0 0
"161" 161 0.121673003802 4 1 0 0 0 0 4 0 0 36 2 0 1 13 0 1 1 1 131 0
"162" 162 0.00836820083682 0 0 0 0 0 0 0 0 0 18 0 0 0 0 0 171 0 0 6 0
"163" 163 0.348837209302 0 8 3 53 11 12 0 0 13 7 2 2 20 1 4 0 0 50 8 1
"164" 164 0.694300518135 4 69 25 7 6 6 0 0 2 1 4 10 1 0 0 0 1 59 0 0
"165" 165 0.316091954023 0 14 17 1 10 10 5 0 38 1 17 1 8 1 7 0 37 26 1 1
"166" 166 0.0 0 0 0 0 0 0 182 0 0 0 1 0 0 6 0 0 5 0 0 1
"167" 167 0.103448275862 1 0 8 0 2 11 6 0 3 8 84 0 0 15 2 0 48 3 1 3
"168" 168 0.375 0 1 0 0 4 13 0 165 1 0 6 3 1 0 0 0 0 1 0 0
"169" 169 0.139896373057 0 43 9 8 36 3 0 0 9 0 35 1 5 1 15 0 5 23 1 1
"170" 170 0.0 0 0 0 0 0 0 85 0 0 0 0 0 0 86 0 0 14 0 0 10
"171" 171 0.405109489051 1 0 6 2 7 84 5 0 3 1 12 0 1 29 34 0 3 2 0 5
"172" 172 0.494252873563 0 18 38 3 7 9 0 0 9 0 80 1 0 0 2 0 4 23 1 0
"173" 173 0.278846153846 3 3 1 7 0 2 0 0 0 0 4 168 3 1 1 0 0 2 0 0
"174" 174 0.345991561181 0 9 2 5 14 120 0 0 2 0 0 1 2 0 21 0 0 17 0 1
"175" 175 0.133720930233 2 8 7 20 10 31 0 1 54 0 0 0 0 0 56 0 1 5 0 0
"176" 176 0.0 0 0 0 0 0 0 35 1 2 0 1 0 0 16 0 0 139 0 0 1
"177" 177 0.00497512437811 0 0 0 0 0 0 53 0 0 2 1 0 0 127 0 0 7 0 0 5
"178" 178 0.0 0 0 0 0 0 0 127 0 0 0 0 0 0 2 0 0 66 0 0 0
"179" 179 0.0 1 0 31 0 0 0 0 0 14 0 106 2 0 0 0 0 41 0 0 0
"180" 180 0.0077519379845 0 0 1 0 0 0 0 0 0 0 194 0 0 0 0 0 0 0 0 0
"181" 181 0.0 0 0 0 0 0 0 0 0 0 0 0 0 195 0 0 0 0 0 0 0
"182" 182 0.0288461538462 0 0 0 0 0 0 0 0 0 0 0 195 0 0 0 0 0 0 0 0
"183" 183 0.0615384615385 0 0 0 195 0 0 0 0 0 0 0 0 0 0 0 0 0 0 0 0
"184" 184 0.00662251655629 0 0 185 0 0 0 0 0 10 0 0 0 0 0 0 0 0 0 0 0
"185" 185 0.0248756218905 2 0 2 0 0 0 25 0 1 0 0 0 0 164 0 0 0 0 0 1
"186" 186 0.014598540146 0 0 0 0 0 0 0 0 0 0 0 0 0 0 195 0 0 0 0 0
"187" 187 0.0077519379845 0 0 6 0 0 0 0 0 0 0 151 38 0 0 0 0 0 0 0 0
"188" 188 0.0 0 0 0 0 0 0 39 0 0 0 0 0 0 148 0 0 4 0 0 4
"189" 189 0.0172413793103 0 0 2 0 0 0 38 0 1 0 3 0 0 7 0 0 138 0 3 3
"190" 190 0.118143459916 0 0 0 0 4 182 0 0 1 0 0 0 0 0 0 0 0 0 2 6
"191" 191 0.296650717703 0 0 1 0 1 0 1 0 0 4 0 1 95 6 0 0 1 1 82 2
"192" 192 0.0547263681592 0 0 0 0 0 0 12 0 0 3 0 0 0 179 0 0 1 0 0 0
"193" 193 0.0414507772021 0 121 8 5 1 11 1 0 0 6 0 2 0 1 0 0 0 37 1 1
"194" 194 0.636771300448 4 14 1 69 16 12 0 0 0 0 4 58 7 1 2 0 0 7 0 0
"195" 195 0.0871559633028 0 0 0 0 0 0 111 0 1 0 0 0 0 35 1 0 20 1 0 26
"196" 196 0.390728476821 0 7 151 3 0 0 0 17 10 0 3 4 0 0 0 0 0 0 0 0
"197" 197 0.326424870466 0 131 3 6 0 2 0 11 0 0 2 1 0 0 1 0 0 38 0 0
"198" 198 0.766839378238 0 49 10 3 10 11 0 1 7 0 19 2 0 0 0 0 0 83 0 0
"199" 199 0.441964285714 0 94 1 2 9 5 0 0 3 0 23 5 0 0 0 0 4 49 0 0
"200" 200 0.0 0 0 0 0 0 0 178 0 0 0 0 0 0 2 0 0 14 0 0 1
"201" 201 0.275862068966 1 0 6 0 0 0 9 4 20 1 32 0 0 26 0 0 55 1 0 40
"202" 202 0.509615384615 0 11 12 21 6 23 0 0 0 0 6 74 1 1 1 0 0 39 0 0
"203" 203 0.203980099502 1 0 0 0 0 0 7 0 1 4 0 0 0 150 0 0 26 0 5 1
"204" 204 0.292307692308 0 5 4 146 0 0 0 0 4 0 0 0 0 0 0 0 0 36 0 0
"205" 205 0.0507614213198 0 0 0 0 0 0 148 0 1 0 0 0 0 38 0 0 5 0 0 3
"206" 206 0.0062893081761 0 0 1 0 0 6 0 182 0 0 5 0 0 0 0 0 1 0 0 0
"207" 207 0.273255813953 0 0 0 12 0 0 0 0 182 0 0 0 0 0 0 0 1 0 0 0
"208" 208 0.0480769230769 0 0 3 0 0 0 0 0 0 1 20 171 0 0 0 0 0 0 0 0
"209" 209 0.0812182741117 3 1 1 6 18 3 85 1 7 3 6 0 0 4 4 0 43 2 1 7
"210" 210 0.0 0 0 0 0 0 0 0 195 0 0 0 0 0 0 0 0 0 0 0 0
"211" 211 0.0248756218905 1 0 0 0 0 0 15 0 0 15 0 0 0 142 2 0 6 0 9 4
"212" 212 0.197080291971 0 0 2 0 0 0 11 0 0 3 1 0 1 12 8 0 149 1 2 4
"213" 213 0.00380228136882 0 0 0 0 0 0 5 0 0 15 0 0 0 8 0 0 1 0 165 0
"214" 214 0.227979274611 0 20 1 1 1 5 1 0 4 0 1 0 0 0 3 0 1 155 0 1
"215" 215 0.0646766169154 0 0 0 0 0 0 5 0 0 37 0 0 0 151 0 0 1 0 0 0
"216" 216 0.217616580311 0 166 2 10 1 1 0 0 4 0 0 1 0 0 0 0 0 3 0 0
"217" 217 0.543046357616 0 63 10 7 3 7 0 4 0 0 23 2 0 0 0 0 1 67 0 0
"218" 218 0.372093023256 2 50 9 78 4 6 0 0 6 0 12 4 2 0 1 0 0 9 1 0
"219" 219 0.0963302752294 0 0 0 1 0 1 5 0 0 23 0 3 0 127 0 1 0 0 0 21
"220" 220 0.558394160584 0 0 2 9 7 99 0 0 11 0 5 1 6 1 24 0 3 4 0 2
"221" 221 0.163522012579 0 0 1 0 1 0 2 134 1 0 7 0 0 8 0 0 17 0 0 1
"222" 222 0.567164179104 2 0 2 0 1 6 60 0 12 0 2 1 0 33 4 0 42 1 0 2
"223" 223 0.344827586207 0 3 9 5 1 18 0 0 6 0 4 5 0 0 0 0 15 5 0 0
"224" 224 0.518248175182 0 1 9 6 2 35 0 26 5 1 8 5 1 1 28 0 1 1 2 0
"225" 225 0.278846153846 0 8 15 6 2 10 1 0 0 0 1 24 19 3 14 0 0 2 9 8
"226" 226 0.125 0 2 2 1 7 9 0 0 1 0 6 25 1 1 3 0 0 4 61 1
"227" 227 0.273255813953 0 1 1 0 0 0 0 0 11 25 0 2 0 17 5 0 1 7 51 0
"228" 228 0.167300380228 0 12 1 0 1 0 2 0 0 0 1 0 0 70 0 0 0 0 30 0
"229" 229 0.0547263681592 0 7 0 3 1 0 2 3 0 1 6 44 0 32 0 0 0 3 0 0
"230" 230 0.295336787565 0 93 3 4 3 0 0 1 0 0 1 0 0 0 3 0 1 2 0 0
"231" 231 0.547169811321 0 2 2 0 14 3 0 58 0 0 8 0 0 0 3 0 0 18 0 0
"232" 232 0.325892857143 0 14 1 0 0 2 1 0 0 0 16 1 0 0 0 0 0 67 0 0
"233" 233 0.271317829457 0 2 1 0 4 6 3 0 18 0 17 0 0 0 1 0 0 24 0 1
"234" 234 0.0387596899225 0 0 0 0 0 1 23 0 0 0 12 0 0 13 1 0 27 2 0 0
"235" 235 0.542635658915 0 0 0 1 4 31 0 1 0 0 20 1 0 0 10 0 0 8 0 0
"236" 236 0.480620155039 0 0 1 0 2 35 1 0 0 0 27 1 0 0 4 0 0 3 0 1
"237" 237 0.125 0 0 1 1 1 8 1 0 0 0 46 2 0 8 3 0 1 1 0 2
"238" 238 0.240310077519 0 1 2 0 3 1 19 0 2 0 10 0 0 1 0 0 3 2 0 30
"239" 239 0.558139534884 0 6 2 3 6 3 0 0 0 0 13 1 0 1 2 0 2 33 0 0
"240" 240 0.635658914729 0 2 10 0 1 2 0 0 1 0 46 1 0 0 0 0 5 1 0 1
"241" 241 0.298850574713 0 0 0 0 0 0 0 0 1 0 5 0 0 0 0 0 61 0 0 0
"242" 242 0.899224806202 0 0 0 0 0 0 0 0 0 0 55 0 0 0 0 0 1 0 0 0
