"site" "RSA" "aa1" "aa2" "aa3" "aa4" "aa5" "aa6" "aa7" "aa8" "aa9" "aa10" "aa11" "aa12" "aa13" "aa14" "aa15" "aa16" "aa17" "aa18" "aa19" "aa20"
"0" 0 0.0275229357798 0 0 0 0 0 0 0 0 0 0 0 0 0 0 0 0 1 0 0 37
"1" 1 0.0615384615385 0 0 0 27 2 2 1 0 0 0 0 0 1 0 5 0 0 0 0 0
"2" 2 0.0 0 0 0 0 0 0 13 0 0 0 0 0 0 22 0 0 3 0 0 0
"3" 3 0.00574712643678 0 0 0 0 0 0 17 0 0 0 0 0 0 8 0 0 11 0 0 2
"4" 4 0.00995024875622 0 0 0 0 0 0 4 0 0 4 0 0 0 30 0 0 0 0 0 0
"5" 5 0.0550458715596 0 0 0 0 0 0 2 0 0 1 0 0 0 12 0 0 0 0 0 24
"6" 6 0.115384615385 0 0 0 0 0 0 0 0 0 0 0 39 0 0 0 0 0 0 0 0
"7" 7 0.134328358209 0 0 0 0 0 0 0 21 0 0 0 0 0 18 0 0 0 0 0 0
"8" 8 0.0251572327044 0 0 0 0 0 0 0 39 0 0 0 0 0 0 0 0 0 0 0 0
"9" 9 0.201923076923 0 0 1 0 0 0 0 0 0 0 0 38 0 0 0 0 0 0 0 0
"10" 10 0.0232558139535 0 0 1 0 0 0 0 0 0 0 38 0 0 0 0 0 0 0 0 0
"11" 11 0.144230769231 0 0 0 0 0 0 0 0 0 0 0 39 0 0 0 0 0 0 0 0
"12" 12 0.0970464135021 0 0 0 0 0 39 0 0 0 0 0 0 0 0 0 0 0 0 0 0
"13" 13 0.336538461538 0 0 0 0 0 0 0 0 0 0 0 39 0 0 0 0 0 0 0 0
"14" 14 0.133720930233 0 0 0 0 0 0 0 0 39 0 0 0 0 0 0 0 0 0 0 0
"15" 15 0.0358744394619 0 0 0 0 39 0 0 0 0 0 0 0 0 0 0 0 0 0 0 0
"16" 16 0.0 0 0 0 0 0 0 0 0 0 0 37 2 0 0 0 0 0 0 0 0
"17" 17 0.245535714286 0 1 3 1 0 8 0 0 0 0 9 0 0 1 1 0 1 14 0 0
"18" 18 0.171532846715 0 0 1 1 1 18 0 0 1 1 1 1 0 5 7 0 0 2 0 0
"19" 19 0.0 0 0 0 0 0 0 25 0 0 0 0 0 0 12 0 0 1 0 0 1
"20" 20 0.224137931034 0 0 4 2 2 1 7 0 1 0 2 0 0 0 0 0 20 0 0 0
"21" 21 0.71875 0 5 1 1 2 7 0 0 0 0 2 2 0 0 1 0 0 18 0 0
"22" 22 0.378238341969 0 3 0 0 1 13 0 0 3 0 1 0 0 0 4 0 0 14 0 0
"23" 23 0.300380228137 0 0 0 0 0 0 0 0 0 11 0 0 0 4 0 0 0 0 24 0
"24" 24 0.538461538462 0 2 2 5 3 1 0 2 0 0 4 14 4 0 1 0 0 1 0 0
"25" 25 0.0609137055838 0 0 0 0 0 0 27 0 0 0 0 0 0 4 0 0 8 0 0 0
"26" 26 0.106918238994 0 0 0 0 0 0 0 32 2 0 3 0 0 0 0 0 1 0 1 0
"27" 27 0.277511961722 0 0 0 0 7 0 0 0 0 0 0 0 32 0 0 0 0 0 0 0
"28" 28 0.010152284264 0 0 0 0 0 0 37 0 0 0 0 0 0 0 0 0 2 0 0 0
"29" 29 0.0596026490066 0 0 37 0 0 0 0 0 0 0 2 0 0 0 0 0 0 0 0 0
"30" 30 0.0290697674419 0 0 0 0 0 0 0 0 39 0 0 0 0 0 0 0 0 0 0 0
"31" 31 0.182692307692 0 0 0 0 0 0 0 0 0 0 0 39 0 0 0 0 0 0 0 0
"32" 32 0.435233160622 0 38 0 0 0 0 0 0 0 0 0 0 0 0 0 0 0 1 0 0
"33" 33 0.224770642202 0 0 0 0 0 0 13 0 0 0 2 0 0 1 0 0 0 0 0 23
"34" 34 0.0460251046025 0 0 0 0 0 0 0 0 0 31 0 0 0 8 0 0 0 0 0 0
"35" 35 0.200729927007 0 0 0 0 0 0 0 0 0 0 0 0 0 0 39 0 0 0 0 0
"36" 36 0.325581395349 0 1 1 0 3 5 0 0 0 0 21 0 0 3 0 0 0 4 1 0
"37" 37 0.0542635658915 0 0 0 5 0 0 0 0 0 0 34 0 0 0 0 0 0 0 0 0
"38" 38 0.183486238532 0 0 0 0 0 0 16 0 0 0 0 0 0 5 0 0 8 0 0 10
"39" 39 0.742616033755 0 0 4 1 0 25 0 0 0 0 7 0 0 0 2 0 0 0 0 0
"40" 40 0.633928571429 0 3 3 8 5 2 0 0 0 0 1 1 0 0 1 0 0 15 0 0
"41" 41 0.647321428571 0 0 0 2 4 3 0 0 0 0 0 18 0 0 2 0 0 8 0 2
"42" 42 0.267441860465 0 0 3 0 0 0 0 0 36 0 0 0 0 0 0 0 0 0 0 0
"43" 43 0.710691823899 0 1 0 0 0 4 0 15 0 0 3 1 0 0 0 0 0 15 0 0
"44" 44 0.233830845771 0 0 0 0 0 0 0 0 0 1 0 0 0 27 0 0 1 0 1 9
"45" 45 0.0 0 0 0 0 0 0 0 0 0 0 0 39 0 0 0 0 0 0 0 0
"46" 46 0.477611940299 0 0 0 1 3 9 2 0 1 0 0 1 0 13 3 0 6 0 0 0
"47" 47 0.473214285714 0 0 0 0 4 14 2 0 0 0 0 0 0 4 0 0 0 15 0 0
"48" 48 0.0 0 0 0 0 0 0 0 0 0 0 37 0 0 0 0 0 2 0 0 0
"49" 49 0.383966244726 0 0 1 0 1 36 0 0 0 0 0 0 0 0 0 0 0 1 0 0
"50" 50 0.430463576159 0 0 16 0 0 4 0 0 2 0 1 4 0 0 0 0 1 9 2 0
"51" 51 0.292775665399 0 0 0 0 0 0 0 0 0 13 0 0 0 0 0 0 0 0 26 0
"52" 52 0.111675126904 0 0 0 0 0 0 10 0 0 0 0 0 0 4 0 0 2 0 0 23
"53" 53 0.316062176166 0 33 1 1 2 1 0 0 0 0 0 0 0 0 0 0 0 1 0 0
"54" 54 0.518987341772 0 0 5 1 7 19 0 0 0 2 4 1 0 0 0 0 0 0 0 0
"55" 55 0.0673076923077 0 0 0 0 0 0 0 0 0 0 0 39 0 0 0 0 0 0 0 0
"56" 56 0.348214285714 0 3 0 0 4 1 0 0 0 0 6 0 2 5 2 0 0 16 0 0
"57" 57 0.223880597015 0 0 0 0 0 0 0 0 0 0 0 0 0 39 0 0 0 0 0 0
"58" 58 0.0574712643678 0 0 0 0 0 0 0 0 0 0 0 0 0 0 0 0 39 0 0 0
"59" 59 0.327044025157 0 0 1 0 0 0 0 38 0 0 0 0 0 0 0 0 0 0 0 0
"60" 60 0.290155440415 0 39 0 0 0 0 0 0 0 0 0 0 0 0 0 0 0 0 0 0
"61" 61 0.776785714286 0 3 4 0 1 0 0 0 0 0 0 0 0 0 0 0 0 31 0 0
"62" 62 0.206896551724 0 0 0 0 0 0 4 0 2 0 0 0 0 2 0 0 29 0 2 0
"63" 63 0.0290697674419 0 0 0 0 0 0 0 0 28 0 0 0 0 1 0 0 10 0 0 0
"64" 64 0.182741116751 0 0 0 10 0 0 17 0 1 0 0 0 0 0 0 0 11 0 0 0
"65" 65 0.403846153846 0 0 0 1 2 1 0 0 0 0 3 29 0 0 1 0 0 2 0 0
"66" 66 0.126903553299 0 0 0 0 0 0 31 0 0 0 0 0 0 3 0 0 2 0 0 3
"67" 67 0.0 0 0 0 0 0 0 2 0 0 0 0 0 0 0 0 0 37 0 0 0
"68" 68 0.481012658228 0 0 0 0 3 18 0 0 0 0 0 0 0 0 12 0 0 6 0 0
"69" 69 0.59375 0 6 0 0 0 0 0 0 0 0 0 0 0 0 0 0 0 33 0 0
"70" 70 0.204379562044 0 0 0 0 0 0 0 0 0 1 0 0 0 0 37 0 0 0 1 0
"71" 71 0.0199004975124 0 0 0 0 0 0 3 0 0 0 0 0 0 36 0 0 0 0 0 0
"72" 72 0.346153846154 0 0 8 1 7 3 0 0 3 0 9 2 0 2 0 0 1 3 0 0
"73" 73 0.459915611814 0 0 1 0 12 14 0 0 0 0 0 0 0 2 0 0 0 9 0 1
"74" 74 0.751295336788 0 12 3 2 0 0 0 12 0 0 5 0 0 0 0 0 0 5 0 0
"75" 75 0.367875647668 0 37 1 0 0 0 0 0 0 0 0 0 0 0 0 0 0 1 0 0
"76" 76 0.00632911392405 26 0 0 0 0 0 2 0 5 2 4 0 0 0 0 0 0 0 0 0
"77" 77 0.53125 0 3 2 4 2 5 0 1 0 0 5 0 1 1 1 0 0 14 0 0
"78" 78 0.594890510949 0 0 5 11 1 14 0 0 1 0 0 0 0 0 4 0 1 2 0 0
"79" 79 0.00961538461538 0 0 0 0 0 0 0 0 0 0 0 39 0 0 0 0 0 0 0 0
"80" 80 0.00418410041841 0 0 0 0 0 0 0 0 0 37 0 0 0 0 0 0 0 0 2 0
"81" 81 0.0 0 0 0 0 0 0 9 0 0 0 0 0 0 27 0 0 1 0 0 2
"82" 82 0.0 0 0 0 0 0 0 0 0 0 0 0 0 0 39 0 0 0 0 0 0
"83" 83 0.0518134715026 0 39 0 0 0 0 0 0 0 0 0 0 0 0 0 0 0 0 0 0
"84" 84 0.0288461538462 0 0 0 0 0 0 0 0 0 0 0 39 0 0 0 0 0 0 0 0
"85" 85 0.0 0 0 0 0 0 0 0 0 0 33 0 0 0 0 0 0 0 0 6 0
"86" 86 0.0251572327044 0 0 0 0 0 0 0 39 0 0 0 0 0 0 0 0 0 0 0 0
"87" 87 0.204379562044 0 0 0 0 0 0 0 0 0 0 0 0 0 0 39 0 0 0 0 0
"88" 88 0.0523255813953 0 0 0 5 0 0 0 0 34 0 0 0 0 0 0 0 0 0 0 0
"89" 89 0.235632183908 0 0 0 0 0 0 8 0 2 0 0 0 0 8 0 0 20 0 0 1
"90" 90 0.333333333333 0 3 1 2 1 0 2 5 2 0 13 1 0 0 1 0 2 5 1 0
"91" 91 0.0179372197309 0 0 0 0 39 0 0 0 0 0 0 0 0 0 0 0 0 0 0 0
"92" 92 0.0 0 0 0 0 0 0 0 0 0 0 39 0 0 0 0 0 0 0 0 0
"93" 93 0.495535714286 0 7 0 0 3 2 0 0 1 0 0 0 3 0 4 0 1 18 0 0
"94" 94 0.131782945736 0 0 0 0 0 0 0 0 1 0 33 0 0 0 0 0 1 4 0 0
"95" 95 0.0 0 0 0 0 0 0 0 0 0 0 0 0 0 39 0 0 0 0 0 0
"96" 96 0.245535714286 0 21 2 1 1 2 0 0 2 0 1 0 0 0 0 0 0 9 0 0
"97" 97 0.602678571429 0 4 6 2 3 6 0 0 1 0 2 1 1 0 1 0 1 10 0 1
"98" 98 0.0710659898477 0 0 1 0 0 0 13 0 5 2 1 0 0 4 0 1 4 0 0 8
"99" 99 0.0149253731343 0 0 0 1 0 0 0 0 0 0 2 1 0 35 0 0 0 0 0 0
"100" 100 0.696428571429 1 3 8 1 0 8 1 0 3 0 5 2 0 0 0 0 2 5 0 0
"101" 101 0.700892857143 1 8 4 1 0 2 0 0 1 0 3 1 0 0 0 0 0 18 0 0
"102" 102 0.311787072243 0 0 0 1 1 0 0 0 0 2 1 0 0 24 2 0 0 0 2 5
"103" 103 0.538461538462 0 4 1 8 0 2 0 0 1 0 1 21 0 0 0 0 0 0 0 0
"104" 104 0.130801687764 0 0 0 2 1 18 4 0 0 2 0 0 1 2 6 0 1 1 0 1
"105" 105 0.553459119497 0 1 7 2 4 12 0 5 1 0 1 0 0 0 3 0 0 3 0 0
"106" 106 0.0507614213198 0 0 0 0 0 0 20 0 0 0 0 0 0 18 0 0 1 0 0 0
"107" 107 0.300518134715 0 30 0 2 0 0 0 0 2 0 0 0 0 0 0 0 0 5 0 0
"108" 108 0.311787072243 1 0 1 0 0 2 0 0 0 0 10 6 7 1 1 0 3 0 6 1
"109" 109 0.0 0 0 0 0 0 0 0 0 1 0 3 0 0 0 0 0 35 0 0 0
"110" 110 0.00507614213198 0 0 0 0 0 0 23 0 0 0 0 0 0 6 0 0 9 0 0 1
"111" 111 0.0615384615385 1 3 5 23 0 0 0 0 0 0 0 0 1 1 0 0 0 0 5 0
"112" 112 0.010152284264 0 0 0 0 0 0 31 0 0 1 0 0 0 4 0 0 2 0 0 1
"113" 113 0.517857142857 0 11 2 0 4 2 0 0 2 0 1 0 3 0 0 0 2 12 0 0
"114" 114 0.0459770114943 0 0 0 0 0 0 1 0 0 0 0 0 0 0 0 0 38 0 0 0
"115" 115 0.383419689119 0 17 1 3 1 1 0 11 0 0 0 0 0 0 0 0 0 4 1 0
"116" 116 0.443037974684 0 1 2 2 1 9 0 6 2 0 2 0 1 1 7 0 0 5 0 0
"117" 117 0.611398963731 0 10 2 0 2 1 0 0 0 0 2 3 0 0 0 0 0 19 0 0
"118" 118 0.298850574713 1 0 3 0 0 4 5 0 1 0 3 0 0 5 2 0 6 9 0 0
"119" 119 0.0 0 0 0 0 0 0 2 0 0 0 0 0 0 36 0 0 1 0 0 0
"120" 120 0.247706422018 0 0 0 0 0 1 9 0 1 1 0 0 0 9 0 0 10 0 0 8
"121" 121 0.397321428571 0 3 1 1 2 4 0 2 0 0 3 1 0 0 1 0 1 19 0 1
"122" 122 0.197080291971 0 0 0 0 0 0 0 0 0 0 0 0 0 0 39 0 0 0 0 0
"123" 123 0.00497512437811 0 0 0 0 0 0 5 0 0 0 2 0 0 29 0 0 1 0 0 2
"124" 124 0.255813953488 0 0 10 0 0 0 0 0 23 0 3 0 0 0 0 0 3 0 0 0
"125" 125 0.0384615384615 0 0 0 0 0 0 0 0 0 0 0 38 0 0 0 0 0 0 1 0
"126" 126 0.13503649635 0 0 0 0 0 0 0 0 0 0 0 0 0 0 39 0 0 0 0 0
"127" 127 0.204379562044 0 0 0 0 0 0 4 0 0 3 0 0 0 0 30 1 0 0 1 0
"128" 128 0.0355329949239 0 0 1 0 0 0 25 0 7 0 0 0 0 0 0 0 4 0 0 2
"129" 129 0.00632911392405 37 0 0 1 0 0 0 0 0 0 0 0 1 0 0 0 0 0 0 0
"130" 130 0.483443708609 0 0 2 0 1 11 0 4 0 0 0 0 0 0 18 0 1 2 0 0
"131" 131 0.551724137931 0 1 9 5 1 2 0 0 5 0 3 1 1 1 0 0 4 5 0 0
"132" 132 0.411392405063 37 0 0 0 0 0 0 0 2 0 0 0 0 0 0 0 0 0 0 0
"133" 133 0.394230769231 0 0 0 0 0 1 0 0 0 0 0 38 0 0 0 0 0 0 0 0
"134" 134 0.0581395348837 0 0 2 0 0 3 0 0 5 0 25 0 0 0 2 0 0 2 0 0
"135" 135 0.186046511628 0 0 6 0 0 0 0 0 24 0 3 4 0 0 0 0 2 0 0 0
"136" 136 0.0570342205323 0 0 0 0 0 0 0 0 0 6 0 0 0 0 0 0 0 0 33 0
"137" 137 0.0622009569378 0 0 0 1 0 0 0 0 0 0 0 0 38 0 0 0 0 0 0 0
"138" 138 0.467661691542 0 0 0 0 0 7 7 0 0 0 0 0 0 9 0 0 16 0 0 0
"139" 139 0.540229885057 0 0 1 1 1 5 3 0 0 0 0 0 1 6 1 0 16 2 0 2
"140" 140 0.523012552301 0 0 0 1 0 0 0 0 1 29 0 0 0 0 0 0 0 0 8 0
"141" 141 0.292307692308 0 4 1 29 2 1 0 0 0 0 1 0 0 0 0 0 0 1 0 0
"142" 142 0.433962264151 0 0 0 0 0 2 0 37 0 0 0 0 0 0 0 0 0 0 0 0
"143" 143 0.100628930818 0 0 1 0 0 0 0 34 2 0 0 0 0 0 0 0 0 0 0 0
"144" 144 0.708860759494 0 0 0 0 2 23 0 0 2 0 6 0 0 1 2 0 1 0 0 0
"145" 145 0.447674418605 0 0 1 1 3 4 1 0 5 0 0 0 1 1 0 0 15 5 0 0
"146" 146 0.710691823899 0 5 3 0 1 1 0 3 0 0 5 1 0 0 1 0 0 17 0 0
"147" 147 0.394230769231 0 3 1 2 0 0 0 0 0 0 1 30 0 0 0 0 0 0 0 0
"148" 148 0.319796954315 0 0 0 0 1 6 10 2 5 0 0 0 0 1 2 0 11 1 0 0
"149" 149 0.0253164556962 37 0 0 0 0 0 0 0 0 0 1 0 0 0 0 0 1 0 0 0
"150" 150 0.352331606218 0 38 0 1 0 0 0 0 0 0 0 0 0 0 0 0 0 0 0 0
"151" 151 0.561181434599 0 0 1 0 1 15 2 0 0 0 4 0 0 2 6 0 3 3 2 0
"152" 152 0.352331606218 30 7 0 1 0 1 0 0 0 0 0 0 0 0 0 0 0 0 0 0
"153" 153 0.432692307692 0 0 1 1 0 1 0 0 0 0 0 32 0 1 0 0 0 3 0 0
"154" 154 0.0769230769231 0 1 4 1 1 0 0 0 0 0 0 29 2 0 0 0 0 1 0 0
"155" 155 0.674107142857 0 6 0 0 2 3 0 1 0 0 1 0 0 0 0 0 0 26 0 0
"156" 156 0.129353233831 0 0 0 0 0 0 1 0 0 5 0 0 0 31 0 0 0 0 2 0
"157" 157 0.365019011407 0 0 0 0 0 0 5 0 0 2 0 0 0 0 0 0 2 0 29 1
"158" 158 0.385650224215 0 0 0 0 38 0 0 0 1 0 0 0 0 0 0 0 0 0 0 0
"159" 159 0.120437956204 0 0 0 0 0 0 0 0 0 0 0 0 0 0 39 0 0 0 0 0
"160" 160 0.627906976744 0 12 5 1 1 1 0 3 0 0 9 0 0 0 0 0 0 7 0 0
"161" 161 0.0569948186528 0 39 0 0 0 0 0 0 0 0 0 0 0 0 0 0 0 0 0 0
"162" 162 0.0 0 37 0 0 0 0 0 0 0 0 0 0 0 0 0 0 0 2 0 0
"163" 163 0.287179487179 0 0 2 11 4 12 0 0 7 0 0 0 0 0 3 0 0 0 0 0
"164" 164 0.665178571429 0 0 0 0 0 0 0 10 0 0 2 1 0 1 0 0 0 25 0 0
"165" 165 0.705357142857 0 2 1 0 2 1 0 0 0 0 2 0 0 0 0 0 0 30 0 1
"166" 166 0.0581395348837 0 0 1 0 0 2 0 0 30 0 6 0 0 0 0 0 0 0 0 0
"167" 167 0.0 0 0 0 0 0 0 2 0 0 0 1 0 0 0 0 0 33 0 0 3
"168" 168 0.443708609272 0 0 3 1 1 12 1 0 3 0 3 4 0 1 7 0 2 1 0 0
"169" 169 0.31223628692 0 1 1 14 0 9 0 0 4 0 0 0 0 0 6 0 2 2 0 0
"170" 170 0.0766423357664 0 0 0 0 0 0 0 0 0 0 0 0 0 0 39 0 0 0 0 0
"171" 171 0.0796019900498 0 0 0 0 0 0 4 0 0 0 0 0 0 33 0 0 0 0 1 1
"172" 172 0.459821428571 0 17 2 0 0 1 0 0 0 0 5 0 1 0 2 0 0 11 0 0
"173" 173 0.0919540229885 0 0 0 0 2 0 1 0 2 0 0 0 0 0 0 0 32 2 0 0
"174" 174 0.0666666666667 0 0 0 16 0 0 0 0 0 2 0 0 0 0 0 0 0 0 21 0
"175" 175 0.334862385321 0 1 1 2 0 3 11 0 2 0 0 0 0 5 0 1 0 7 0 4
"176" 176 0.594936708861 0 3 2 3 3 13 0 0 0 0 5 0 0 0 0 0 0 10 0 0
"177" 177 0.174887892377 0 0 1 2 26 3 0 0 0 0 0 0 1 1 0 0 0 3 0 2
"178" 178 0.186046511628 0 0 2 2 0 0 0 0 30 0 1 3 0 0 0 0 0 0 0 1
"179" 179 0.470852017937 0 0 1 0 9 5 0 0 3 0 6 0 1 1 4 0 0 9 0 0
"180" 180 0.301886792453 0 1 0 0 0 0 0 38 0 0 0 0 0 0 0 0 0 0 0 0
"181" 181 0.0348258706468 0 0 0 0 0 0 4 0 0 0 0 0 0 35 0 0 0 0 0 0
"182" 182 0.109452736318 0 0 0 0 0 1 19 0 0 0 0 0 0 13 0 0 6 0 0 0
"183" 183 0.455958549223 0 20 2 3 1 0 0 0 1 0 5 0 0 0 0 0 0 7 0 0
"184" 184 0.125523012552 0 0 0 0 0 0 0 0 0 12 0 0 3 0 0 0 0 0 24 0
"185" 185 0.00380228136882 0 0 0 0 0 0 0 0 0 0 0 0 0 0 0 0 0 0 39 0
"186" 186 0.503311258278 0 0 4 1 6 5 0 0 5 0 1 0 0 1 7 0 0 9 0 0
"187" 187 0.651785714286 0 3 1 4 3 7 0 0 1 0 2 2 0 1 0 0 0 13 0 2
"188" 188 0.329113924051 0 0 0 1 8 18 0 0 0 0 3 0 0 1 6 0 0 2 0 0
"189" 189 0.615384615385 0 0 2 2 0 0 0 0 0 0 0 34 0 0 1 0 0 0 0 0
"190" 190 0.15969581749 0 0 0 1 2 2 4 0 0 0 0 0 0 15 0 0 7 1 7 0
"191" 191 0.179104477612 0 0 0 0 0 0 2 0 0 0 0 0 0 31 0 0 3 0 1 2
"192" 192 0.077519379845 0 0 2 1 0 7 0 0 4 2 3 0 3 1 9 0 4 0 3 0
"193" 193 0.487179487179 0 4 2 12 1 4 0 0 8 0 0 0 0 0 3 0 0 5 0 0
"194" 194 0.0402298850575 0 0 0 0 0 0 24 0 0 0 0 0 0 1 0 0 14 0 0 0
"195" 195 0.405128205128 0 17 0 13 1 0 0 0 0 0 1 0 0 0 0 0 0 7 0 0
"196" 196 0.0288461538462 0 0 1 0 0 0 0 0 0 0 1 37 0 0 0 0 0 0 0 0
"197" 197 0.408071748879 0 6 5 6 8 0 0 0 3 0 2 0 0 1 0 0 3 4 0 1
"198" 198 0.29197080292 0 1 0 0 17 6 0 0 0 0 1 5 0 1 7 0 0 1 0 0
"199" 199 0.616580310881 0 17 8 0 0 1 0 4 0 0 1 2 0 0 0 0 0 6 0 0
"200" 200 0.243654822335 0 0 1 0 0 0 32 1 0 0 0 0 0 0 0 0 1 0 0 4
"201" 201 0.488789237668 0 13 2 6 2 3 0 1 1 0 0 2 1 0 0 0 0 8 0 0
"202" 202 0.414507772021 0 11 0 0 4 7 0 0 2 0 4 1 0 1 0 0 3 6 0 0
"203" 203 0.0229885057471 0 0 0 0 0 0 3 0 0 0 0 0 0 0 0 0 36 0 0 0
"204" 204 0.0456273764259 0 0 0 0 3 0 1 0 3 22 0 0 1 1 1 1 0 0 6 0
"205" 205 0.333333333333 0 0 4 2 4 2 2 0 1 0 15 1 0 1 3 0 0 4 0 0
"206" 206 0.295336787565 0 21 0 2 1 2 0 0 1 0 2 1 0 0 3 0 0 5 0 0
"207" 207 0.00574712643678 0 0 0 0 0 0 27 0 0 0 1 0 0 1 0 0 8 0 0 1
"208" 208 0.37552742616 1 4 1 0 3 10 0 0 2 1 1 1 0 1 0 0 7 4 0 0
"209" 209 0.683937823834 0 2 7 1 1 7 0 0 1 0 10 0 0 0 2 0 0 5 0 0
"210" 210 0.203980099502 1 0 3 1 0 1 11 0 0 0 7 0 0 7 0 0 4 0 0 1
"211" 211 0.00497512437811 0 0 0 0 0 0 6 0 0 0 0 0 0 29 0 0 1 0 0 0
"212" 212 0.576923076923 0 1 2 0 4 0 0 0 1 0 4 11 0 1 3 0 0 2 0 1
"213" 213 0.807692307692 0 0 5 4 1 2 0 1 0 0 3 9 0 0 0 0 0 0 0 0
"214" 214 0.10447761194 0 0 0 0 0 0 2 0 1 1 1 0 0 10 0 0 1 0 0 0
"215" 215 0.881856540084 0 0 0 0 0 10 0 0 0 0 0 0 0 0 0 0 0 0 0 0
