"site" "RSA" "aa1" "aa2" "aa3" "aa4" "aa5" "aa6" "aa7" "aa8" "aa9" "aa10" "aa11" "aa12" "aa13" "aa14" "aa15" "aa16" "aa17" "aa18" "aa19" "aa20"
"0" 0 0.790697674419 0 0 4 0 0 0 0 0 1 0 7 0 0 0 0 0 0 0 0 0
"1" 1 0.34375 0 1 0 10 2 1 0 1 0 0 0 0 0 0 0 0 0 1 0 0
"2" 2 0.601990049751 1 0 1 1 0 2 1 0 4 0 0 0 0 1 3 0 5 0 0 26
"3" 3 0.267857142857 0 1 0 0 0 0 0 0 0 0 0 0 0 0 0 0 0 74 0 0
"4" 4 0.20802919708 0 0 0 0 10 6 0 0 0 1 0 0 0 0 54 0 2 2 0 0
"5" 5 0.0 0 0 6 0 0 0 0 0 69 0 0 0 0 0 0 0 0 0 0 0
"6" 6 0.0 0 0 0 0 0 0 0 0 0 61 0 0 0 5 0 0 0 0 9 0
"7" 7 0.0 0 0 0 0 0 0 42 0 0 0 0 0 0 19 0 0 13 0 0 1
"8" 8 0.031007751938 0 0 0 0 0 0 1 0 0 0 29 0 0 1 0 0 1 0 0 43
"9" 9 0.0 0 0 0 0 0 0 37 0 0 0 0 0 0 0 0 0 43 0 0 0
"10" 10 0.101265822785 0 0 0 0 0 80 0 0 0 0 0 0 0 0 0 0 0 0 0 0
"11" 11 0.0251572327044 0 0 1 0 0 0 0 78 0 0 0 0 0 0 0 0 1 0 0 0
"12" 12 0.0777202072539 0 78 1 1 0 0 0 0 0 0 0 0 0 0 0 0 0 0 0 0
"13" 13 0.0 0 0 1 0 0 0 0 0 0 0 2 77 0 0 0 0 0 0 0 0
"14" 14 0.14367816092 0 0 0 0 0 0 1 0 1 1 0 0 0 0 0 0 78 0 0 0
"15" 15 0.614349775785 0 0 4 2 69 1 0 0 0 0 1 0 2 1 0 0 0 1 0 0
"16" 16 0.470802919708 0 0 0 0 0 0 0 0 0 0 0 0 0 0 81 0 0 0 0 0
"17" 17 0.538461538462 1 0 0 7 4 2 0 0 0 0 1 57 0 0 8 0 0 1 0 0
"18" 18 0.0995024875622 0 0 0 0 0 2 3 0 0 0 0 0 1 74 0 0 1 0 0 0
"19" 19 0.294416243655 0 0 0 0 0 0 24 0 0 0 1 0 0 0 0 0 56 0 0 0
"20" 20 0.629139072848 0 0 2 0 0 0 0 0 0 0 1 78 0 0 0 0 0 0 0 0
"21" 21 0.303571428571 0 12 1 2 2 9 0 4 3 0 0 0 0 0 1 0 0 47 0 0
"22" 22 0.0 0 0 0 0 0 0 69 0 0 0 0 0 0 0 0 0 12 0 0 0
"23" 23 0.157360406091 0 0 0 0 0 0 58 0 0 0 0 0 0 6 0 0 14 0 0 3
"24" 24 0.238410596026 2 1 27 0 14 17 0 0 3 0 7 3 1 0 4 0 0 1 0 1
"25" 25 0.0656934306569 0 0 0 0 0 1 0 0 0 0 0 0 0 0 80 0 0 0 0 0
"26" 26 0.0 0 0 0 0 0 0 2 0 0 73 0 0 0 5 0 0 0 0 1 0
"27" 27 0.607142857143 0 0 0 0 0 0 0 0 0 0 0 0 0 0 0 0 0 81 0 0
"28" 28 0.667883211679 0 2 3 8 13 20 0 0 5 0 4 0 2 1 17 0 0 6 0 0
"29" 29 0.409282700422 0 0 0 1 0 50 0 0 0 0 0 0 0 0 30 0 0 0 0 0
"30" 30 0.182692307692 0 0 0 0 0 0 0 0 0 0 0 81 0 0 0 0 0 0 0 0
"31" 31 0.0669456066946 0 0 0 0 0 0 0 0 0 54 0 0 0 8 0 0 0 0 18 1
"32" 32 0.0928270042194 0 0 0 0 7 55 1 0 10 1 1 0 0 0 3 0 2 0 1 0
"33" 33 0.293532338308 0 0 0 0 0 0 5 0 0 0 0 0 0 71 0 0 0 0 0 5
"34" 34 0.0114942528736 1 0 0 1 0 6 6 0 4 0 6 0 0 0 0 0 57 0 0 0
"35" 35 0.0288461538462 0 0 1 0 0 0 0 0 0 0 38 41 0 0 1 0 0 0 0 0
"36" 36 0.41116751269 2 0 0 0 0 0 6 0 0 0 9 4 0 36 0 0 1 0 0 23
"37" 37 0.215189873418 0 0 0 0 0 80 0 0 0 0 0 0 0 0 0 0 0 1 0 0
"38" 38 0.540229885057 0 0 1 0 4 0 2 0 2 16 0 0 0 29 0 0 0 0 0 27
"39" 39 0.223880597015 0 0 0 0 0 1 5 0 4 4 0 0 0 20 0 0 15 0 2 30
"40" 40 0.573604060914 0 0 5 4 33 5 2 0 11 0 1 0 5 0 3 5 7 0 0 0
"41" 41 0.0314465408805 3 0 0 0 0 1 10 24 1 0 22 0 0 0 0 0 20 0 0 0
"42" 42 0.482558139535 0 4 48 0 0 0 0 7 15 0 1 3 0 0 0 0 0 3 0 0
"43" 43 0.286919831224 0 2 1 1 6 19 0 3 1 0 2 0 0 1 17 0 2 26 0 0
"44" 44 0.596412556054 0 15 5 1 5 1 0 0 0 0 6 1 0 0 1 0 0 46 0 0
"45" 45 0.154811715481 0 0 0 0 2 1 2 0 0 3 0 1 10 54 0 0 5 0 0 3
"46" 46 0.0 0 0 0 0 0 0 0 0 0 1 44 0 0 33 0 0 2 0 0 1
"47" 47 0.304932735426 0 2 3 0 6 12 0 0 0 0 5 2 1 1 6 0 0 43 0 0
"48" 48 0.439461883408 0 0 0 4 16 26 1 0 6 0 4 1 1 0 1 0 2 19 0 0
"49" 49 0.0717703349282 0 0 0 0 0 0 0 0 0 0 0 0 81 0 0 0 0 0 0 0
"50" 50 0.0684410646388 0 0 0 0 0 0 0 0 0 0 0 0 1 0 0 0 0 0 80 0
"51" 51 0.382775119617 1 1 4 0 4 8 5 0 1 0 29 13 1 0 1 0 2 11 0 0
"52" 52 0.59585492228 0 35 1 0 3 0 1 0 0 0 1 0 1 0 0 0 8 31 0 0
"53" 53 0.228855721393 0 0 0 0 0 0 0 0 0 0 0 0 34 47 0 0 0 0 0 0
"54" 54 0.582278481013 0 0 13 2 2 34 0 0 0 0 13 1 0 0 10 0 4 2 0 0
"55" 55 0.705357142857 0 19 10 1 1 4 0 0 3 0 4 16 0 0 2 0 0 20 0 1
"56" 56 0.507299270073 0 0 0 0 0 50 0 0 0 0 0 1 0 3 26 0 0 0 0 1
"57" 57 0.823899371069 0 0 4 0 0 2 0 72 0 0 1 2 0 0 0 0 0 0 0 0
"58" 58 0.355648535565 0 0 0 0 0 0 0 0 0 81 0 0 0 0 0 0 0 0 0 0
"59" 59 0.10460251046 1 0 0 0 0 0 0 0 0 61 0 0 0 0 0 0 0 0 19 0
"60" 60 0.482051282051 0 4 5 7 0 1 0 28 1 0 10 19 1 0 1 0 0 4 0 0
"61" 61 0.413461538462 0 4 11 3 0 2 0 3 2 0 4 40 0 0 1 0 0 11 0 0
"62" 62 0.238805970149 0 0 0 0 0 0 0 0 0 0 0 0 0 80 0 0 0 0 0 1
"63" 63 0.0 6 0 0 0 0 1 16 0 1 0 0 0 0 3 0 0 53 0 0 1
"64" 64 0.40414507772 0 16 9 4 4 27 0 0 0 0 5 2 0 0 0 0 0 13 1 0
"65" 65 0.138075313808 0 0 0 0 0 0 0 0 0 35 0 1 1 0 0 0 0 0 44 0
"66" 66 0.0248756218905 0 0 0 0 0 0 39 0 1 3 1 0 0 2 0 0 0 0 0 35
"67" 67 0.165562913907 1 0 18 1 4 0 4 0 39 0 2 3 3 2 1 0 3 0 0 0
"68" 68 0.523178807947 0 0 73 0 1 1 0 0 0 0 1 1 0 2 0 0 0 0 0 2
"69" 69 0.0769230769231 0 0 5 0 0 0 0 0 1 0 3 71 0 0 0 0 1 0 0 0
"70" 70 0.220125786164 0 0 1 0 0 0 0 79 0 0 1 0 0 0 0 0 0 0 0 0
"71" 71 0.0 0 0 0 0 0 0 11 0 0 1 0 0 0 2 0 0 67 0 0 0
"72" 72 0.0761421319797 5 0 0 0 0 0 3 0 0 12 0 0 0 1 0 0 59 0 0 1
"73" 73 0.0 7 0 0 0 0 0 1 7 0 0 64 0 0 0 0 0 2 0 0 0
"74" 74 0.0 0 0 0 0 0 0 2 0 2 0 0 0 0 0 0 0 1 0 0 76
"75" 75 0.0 2 0 0 0 0 0 8 0 0 0 4 0 0 0 0 0 66 1 0 0
"76" 76 0.0106382978723 0 0 0 0 0 0 2 0 0 2 1 1 0 3 0 70 2 0 0 0
"77" 77 0.03125 0 0 0 0 9 0 0 0 0 0 0 0 0 0 0 0 0 72 0 0
"78" 78 0.0 0 0 0 0 0 0 0 0 0 0 0 81 0 0 0 0 0 0 0 0
"79" 79 0.491071428571 0 3 0 1 3 25 0 3 2 1 3 0 2 15 4 0 2 16 1 0
"80" 80 0.25 0 19 1 34 2 1 0 0 0 0 1 20 0 0 0 0 0 3 0 0
"81" 81 0.0 0 0 0 0 0 0 8 0 0 0 13 0 0 0 0 0 59 0 0 1
"82" 82 0.0456852791878 0 0 0 0 0 0 21 0 1 0 1 0 0 0 0 0 58 0 0 0
"83" 83 0.494186046512 1 0 6 3 1 29 0 0 1 0 25 1 0 3 8 0 0 3 0 0
"84" 84 0.326996197719 0 0 13 3 11 0 3 0 29 0 10 2 0 1 1 0 5 1 0 2
"85" 85 0.00961538461538 0 0 6 0 0 0 2 0 3 0 28 36 0 0 0 2 4 0 0 0
"86" 86 0.474452554745 0 0 0 0 0 0 0 0 0 0 0 0 0 0 81 0 0 0 0 0
"87" 87 0.569620253165 0 4 3 4 6 24 1 0 9 2 5 0 1 3 4 0 11 2 1 1
"88" 88 0.114427860697 0 0 0 0 0 0 20 0 1 0 0 0 0 18 0 0 0 0 0 42
"89" 89 0.0203045685279 0 0 0 0 0 0 29 0 0 0 0 0 0 28 0 0 7 0 0 17
"90" 90 0.163461538462 0 0 0 0 0 0 0 0 0 0 0 81 0 0 0 0 0 0 0 0
"91" 91 0.31007751938 0 2 2 0 1 9 0 0 2 0 44 0 1 0 0 0 2 18 0 0
"92" 92 0.540697674419 0 0 0 0 0 0 0 0 81 0 0 0 0 0 0 0 0 0 0 0
"93" 93 0.176165803109 0 14 0 58 1 5 0 0 0 0 0 0 0 0 3 0 0 0 0 0
"94" 94 0.0440251572327 0 0 2 0 0 0 0 79 0 0 0 0 0 0 0 0 0 0 0 0
"95" 95 0.668161434978 0 1 3 0 2 4 0 0 3 0 26 0 0 36 0 1 1 2 0 2
"96" 96 0.691983122363 0 27 3 7 4 7 0 0 2 0 9 1 0 2 0 0 1 18 0 0
"97" 97 0.0993377483444 0 0 42 0 0 0 0 0 0 0 39 0 0 0 0 0 0 0 0 0
"98" 98 0.457364341085 1 2 1 7 6 11 0 1 2 0 27 0 0 3 0 0 0 20 0 0
"99" 99 0.748427672956 0 0 0 0 0 0 0 74 1 0 5 0 0 1 0 0 0 0 0 0
"100" 100 0.461538461538 0 0 1 0 0 0 0 0 0 0 0 80 0 0 0 0 0 0 0 0
"101" 101 0.110465116279 0 0 8 0 0 0 0 0 73 0 0 0 0 0 0 0 0 0 0 0
"102" 102 0.0 0 0 0 0 0 0 75 0 0 0 0 0 0 3 0 0 3 0 0 0
"103" 103 0.0839416058394 0 0 0 0 0 0 0 0 0 0 0 0 0 0 81 0 0 0 0 0
"104" 104 0.240384615385 0 0 0 0 0 0 0 0 0 2 3 76 0 0 0 0 0 0 0 0
"105" 105 0.367875647668 0 78 0 0 1 0 0 0 2 0 0 0 0 0 0 0 0 0 0 0
"106" 106 0.139303482587 0 0 0 0 0 0 0 0 0 46 0 0 0 16 0 0 0 0 19 0
"107" 107 0.093023255814 24 0 8 0 0 0 0 0 0 0 24 25 0 0 0 0 0 0 0 0
"108" 108 0.568965517241 1 0 1 0 1 0 38 0 2 0 1 0 0 10 0 0 23 0 0 3
"109" 109 0.413793103448 0 26 7 4 15 0 0 0 8 2 0 0 6 0 0 0 1 11 0 0
"110" 110 0.379310344828 0 0 0 0 0 0 15 0 7 0 2 0 0 6 0 0 46 0 0 4
"111" 111 0.451923076923 0 0 11 0 0 0 0 0 0 0 1 67 0 0 0 0 0 0 0 1
"112" 112 0.448905109489 0 0 0 1 2 6 0 0 0 0 0 0 1 0 67 0 0 0 1 3
"113" 113 0.0512820512821 0 0 0 80 0 0 0 0 1 0 0 0 0 0 0 0 0 0 0 0
"114" 114 0.0 0 0 0 0 0 0 37 0 0 0 1 0 0 10 0 0 32 0 0 1
"115" 115 0.0 12 0 0 0 0 0 52 0 0 0 0 0 0 0 0 0 16 0 0 0
"116" 116 0.157894736842 0 0 0 0 0 0 0 0 0 0 0 0 80 0 0 0 0 0 0 0
"117" 117 0.134615384615 0 0 0 0 0 0 0 0 0 0 8 72 0 0 0 0 0 0 0 0
"118" 118 0.0 0 0 80 0 0 0 0 0 0 0 0 0 0 0 0 0 0 0 0 0
"119" 119 0.502590673575 0 79 0 0 0 0 0 0 0 0 1 0 0 0 0 0 0 0 0 0
"120" 120 0.105769230769 0 0 59 1 0 0 0 0 1 0 12 6 1 0 0 0 0 0 0 0
"121" 121 0.553459119497 1 0 1 1 0 0 3 21 0 1 2 0 1 11 0 0 36 1 0 1
"122" 122 0.575892857143 0 9 0 0 2 1 0 3 0 0 4 2 0 0 0 0 0 59 0 0
"123" 123 0.174418604651 0 1 51 8 0 0 0 0 14 0 2 3 0 0 0 0 0 1 0 0
"124" 124 0.015503875969 0 0 1 0 0 0 0 0 0 0 72 7 0 0 0 0 0 0 0 0
"125" 125 0.573839662447 0 0 0 10 14 20 1 0 2 0 6 0 0 1 3 0 0 23 0 0
"126" 126 0.507772020725 1 1 1 0 2 24 0 0 1 2 2 0 2 0 41 0 0 2 1 0
"127" 127 0.09375 0 0 0 0 0 0 0 0 0 0 0 0 0 0 0 0 0 80 0 0
"128" 128 0.0964467005076 0 0 0 0 0 0 71 0 1 0 1 0 0 3 0 0 4 0 0 0
"129" 129 0.713080168776 0 3 11 11 3 4 0 0 1 0 30 11 1 0 1 0 0 3 0 0
"130" 130 0.243781094527 0 0 0 0 0 0 6 0 0 2 1 0 1 68 0 0 0 0 0 1
"131" 131 0.0354609929078 0 0 0 0 0 0 0 0 0 14 0 0 0 0 0 64 0 0 0 0
"132" 132 0.0418410041841 0 0 0 0 0 0 0 0 0 78 0 0 0 0 0 0 0 0 0 0
"133" 133 0.518987341772 0 3 13 2 4 26 0 5 4 0 2 7 2 0 3 0 0 2 0 0
"134" 134 0.685534591195 0 9 4 1 3 3 0 17 2 0 2 2 0 1 3 0 1 24 0 0
"135" 135 0.629464285714 0 14 6 3 3 5 0 0 0 0 4 10 0 0 0 0 1 27 0 0
"136" 136 0.290178571429 0 1 1 0 0 0 0 0 0 0 2 0 0 0 0 0 0 63 0 0
"137" 137 0.169154228856 0 0 0 0 0 0 11 1 2 0 1 0 0 47 0 0 8 0 0 1
"138" 138 0.390804597701 5 0 4 5 3 0 7 1 2 0 13 0 0 3 0 0 26 1 0 2
"139" 139 0.741721854305 1 17 14 14 4 1 0 5 1 0 2 2 0 0 1 0 1 8 0 0
"140" 140 0.430962343096 0 0 0 0 0 0 0 0 0 0 0 1 0 0 0 40 0 0 30 0
"141" 141 0.651162790698 0 3 8 2 5 11 1 0 17 0 2 2 0 0 2 0 1 14 0 1
"142" 142 0.145695364238 2 2 15 1 5 10 0 19 0 0 3 0 1 5 6 0 0 0 0 0
"143" 143 0.692307692308 10 3 10 3 3 0 2 1 9 0 15 3 3 2 0 1 3 1 1 0
"144" 144 0.390728476821 2 6 7 5 7 0 11 0 6 0 8 0 1 9 0 0 6 0 0 2
"145" 145 0.147321428571 0 11 2 8 5 4 1 0 3 1 8 2 8 0 1 1 0 12 1 1
"146" 146 0.599156118143 1 8 17 4 2 3 0 13 3 1 8 1 1 0 3 0 1 3 0 0
"147" 147 0.794326241135 1 1 2 0 2 0 0 0 0 1 0 0 1 0 0 58 0 0 2 1
"148" 148 0.335025380711 0 0 0 0 0 0 28 0 2 0 0 0 0 16 0 0 19 0 0 1
"149" 149 0.406844106464 0 0 0 0 0 0 0 0 0 4 0 0 1 0 0 0 0 0 52 0
