"site" "RSA" "aa1" "aa2" "aa3" "aa4" "aa5" "aa6" "aa7" "aa8" "aa9" "aa10" "aa11" "aa12" "aa13" "aa14" "aa15" "aa16" "aa17" "aa18" "aa19" "aa20"
"0" 0 0.736040609137 0 0 0 0 0 0 2 0 0 0 0 0 0 0 0 0 0 0 0 1
"1" 1 0.157232704403 0 0 0 0 0 0 0 5 1 0 0 0 0 0 0 0 0 0 0 0
"2" 2 0.527131782946 0 0 0 0 0 2 0 0 0 0 3 2 0 0 0 0 0 0 0 0
"3" 3 0.154811715481 0 0 0 0 0 0 0 0 0 8 0 0 0 0 0 0 0 0 3 0
"4" 4 0.488038277512 0 0 0 0 0 1 0 0 3 0 2 0 2 0 2 0 1 0 0 0
"5" 5 0.553459119497 0 0 0 0 0 1 0 5 0 0 3 0 0 0 2 0 0 0 0 0
"6" 6 0.644230769231 0 0 0 0 0 0 0 0 0 0 0 12 0 0 0 0 0 0 0 0
"7" 7 0.482142857143 0 0 0 0 4 0 0 0 0 0 1 0 0 0 0 0 0 7 0 0
"8" 8 0.174129353234 0 0 0 0 0 0 0 0 1 0 2 0 0 9 0 0 0 0 0 0
"9" 9 0.0512820512821 0 0 0 5 0 0 0 0 6 0 0 0 0 0 0 0 0 1 0 0
"10" 10 0.373563218391 0 0 0 0 0 0 0 0 0 0 0 0 0 2 0 0 10 0 0 0
"11" 11 0.0570342205323 0 0 0 0 0 0 0 0 0 1 0 0 5 0 0 0 0 0 5 1
"12" 12 0.35761589404 0 0 2 0 0 1 0 0 3 0 0 0 5 0 1 0 0 0 0 0
"13" 13 0.325581395349 0 3 0 0 0 0 0 0 2 0 3 0 1 0 2 0 0 1 0 0
"14" 14 0.213836477987 0 0 0 0 0 0 3 9 0 0 0 0 0 0 0 0 0 0 0 0
"15" 15 0.384615384615 0 2 1 0 0 0 0 1 1 0 2 4 0 0 1 0 0 2 0 0
"16" 16 0.321243523316 0 6 0 0 0 1 0 0 1 0 0 1 0 1 0 0 2 3 0 0
"17" 17 0.0 0 0 0 0 0 0 4 0 0 1 0 0 1 5 0 0 5 0 0 1
"18" 18 0.0697674418605 0 0 2 0 0 0 0 0 3 0 7 2 0 0 2 0 0 0 1 0
"19" 19 0.326424870466 0 7 1 1 3 1 0 0 0 0 5 0 0 0 1 0 1 2 0 0
"20" 20 0.00574712643678 0 0 0 0 0 0 0 0 0 0 4 0 1 3 0 0 13 2 0 0
"21" 21 0.0132450331126 0 0 7 0 0 0 0 0 7 0 2 0 0 2 2 0 4 2 0 0
"22" 22 0.459854014599 0 1 0 1 1 3 0 0 0 0 4 0 1 2 23 0 0 0 0 0
"23" 23 0.302325581395 0 1 2 0 1 1 1 0 0 0 34 2 0 0 4 0 0 3 0 0
"24" 24 0.0845771144279 1 0 0 0 1 0 0 0 0 1 12 0 0 25 0 28 1 0 1 2
"25" 25 0.350364963504 0 0 2 0 1 9 0 0 0 0 2 0 3 1 61 0 0 0 0 0
"26" 26 0.73631840796 0 1 10 1 4 8 1 3 1 0 20 2 1 5 21 0 0 1 0 0
"27" 27 0.563953488372 0 4 5 2 7 3 0 1 8 0 18 6 1 2 8 0 2 14 0 0
"28" 28 0.480769230769 0 1 2 3 2 4 0 1 2 0 4 68 2 1 2 0 0 0 0 0
"29" 29 0.215328467153 0 1 1 2 5 16 0 0 2 0 11 9 0 7 27 0 0 16 0 0
"30" 30 0.284671532847 0 1 18 1 4 4 3 9 23 0 0 1 0 0 36 0 1 1 0 0
"31" 31 0.00574712643678 0 0 0 0 1 1 42 0 0 0 1 0 0 6 3 0 57 0 0 0
"32" 32 0.0 1 0 2 0 0 0 2 0 1 0 56 41 0 0 0 0 9 0 0 2
"33" 33 0.0 0 0 0 0 0 0 0 0 0 33 0 0 0 74 0 0 15 0 0 0
"34" 34 0.0 0 0 0 0 0 0 2 0 2 0 0 0 0 1 0 0 117 0 0 1
"35" 35 0.157232704403 0 0 0 0 0 0 0 112 1 0 0 0 0 0 0 0 0 0 0 10
"36" 36 0.0872093023256 0 0 0 0 0 0 0 0 123 0 0 0 0 0 0 0 0 0 0 0
"37" 37 0.587155963303 0 0 0 0 0 0 0 0 0 0 0 0 0 1 0 0 0 0 0 123
"38" 38 0.0192307692308 0 0 0 0 0 0 0 0 0 0 0 124 0 0 0 0 0 0 0 0
"39" 39 0.341085271318 0 0 2 26 0 0 0 0 0 4 72 1 1 0 0 0 0 0 18 0
"40" 40 0.0149253731343 0 0 0 0 0 0 0 0 0 1 0 0 0 123 0 0 0 0 0 0
"41" 41 0.11961722488 0 0 0 0 0 0 0 0 0 0 0 0 124 0 0 0 0 0 0 0
"42" 42 0.379464285714 0 17 7 1 6 2 0 0 2 0 19 2 1 0 4 0 1 62 0 0
"43" 43 0.115384615385 0 0 0 0 0 0 0 0 0 0 0 124 0 0 0 0 0 0 0 0
"44" 44 0.143540669856 0 0 0 0 0 0 0 0 0 0 0 0 124 0 0 0 0 0 0 0
"45" 45 0.0149253731343 0 0 0 0 0 0 4 0 0 0 24 0 1 76 4 0 6 1 0 8
"46" 46 0.15503875969 0 0 50 2 3 1 0 0 19 0 33 0 0 0 3 0 0 12 0 1
"47" 47 0.089552238806 0 0 0 0 0 0 2 0 0 0 0 0 1 121 0 0 0 0 0 0
"48" 48 0.0114942528736 0 0 0 0 0 0 16 0 0 1 9 0 0 6 0 0 84 0 0 7
"49" 49 0.317518248175 0 5 1 2 2 10 1 0 1 0 5 0 1 0 76 0 1 17 0 0
"50" 50 0.0852713178295 0 0 0 0 12 9 2 0 3 0 36 0 4 10 27 0 1 18 1 1
"51" 51 0.0 1 1 3 0 0 0 0 0 0 0 114 3 0 1 0 0 1 0 0 0
"52" 52 0.333333333333 0 0 0 0 4 34 0 0 0 0 6 3 0 4 67 0 2 1 0 0
"53" 53 0.649635036496 0 3 3 2 13 10 0 2 7 0 26 5 1 3 28 0 1 19 0 0
"54" 54 0.051724137931 0 4 3 1 7 2 4 0 3 0 11 2 11 15 29 0 8 23 1 0
"55" 55 0.610062893082 18 4 3 13 1 0 0 9 4 0 49 15 1 0 1 0 2 1 0 0
"56" 56 0.461538461538 1 71 6 3 4 1 1 3 1 1 2 13 1 0 7 0 0 7 0 0
"57" 57 0.0331125827815 0 1 3 0 1 0 0 1 0 0 9 3 0 0 0 0 0 1 0 0
"58" 58 0.0 0 0 3 5 6 9 9 2 5 6 1 0 12 6 26 0 29 2 2 1
"59" 59 0.0 1 0 0 0 0 0 1 0 10 0 4 0 0 5 0 0 103 0 0 0
"60" 60 0.0 0 0 0 0 0 0 20 0 1 0 7 0 0 5 0 0 91 0 0 0
"61" 61 0.0 0 0 0 0 0 0 1 0 5 0 33 1 0 4 0 0 78 0 0 2
"62" 62 0.00662251655629 0 0 100 0 0 0 0 0 24 0 0 0 0 0 0 0 0 0 0 0
"63" 63 0.152284263959 0 0 0 0 0 0 106 0 0 0 0 0 0 4 0 0 14 0 0 0
"64" 64 0.071129707113 0 0 0 0 0 0 0 0 0 122 0 0 0 0 0 0 0 0 2 0
"65" 65 0.551724137931 0 0 0 0 0 0 2 0 0 0 0 0 0 2 0 0 120 0 0 0
"66" 66 0.205128205128 0 0 0 124 0 0 0 0 0 0 0 0 0 0 0 0 0 0 0 0
"67" 67 0.358490566038 0 0 0 0 0 0 0 117 0 0 0 0 0 0 7 0 0 0 0 0
"68" 68 0.646788990826 0 0 0 0 0 4 0 0 41 0 4 0 0 57 8 0 0 0 0 10
"69" 69 0.22869955157 0 0 0 0 124 0 0 0 0 0 0 0 0 0 0 0 0 0 0 0
"70" 70 0.857740585774 0 0 0 0 0 0 0 0 0 124 0 0 0 0 0 0 0 0 0 0
"71" 71 0.730769230769 0 5 0 6 0 0 0 0 0 0 21 88 0 2 0 0 0 2 0 0
"72" 72 0.503875968992 0 6 0 4 5 3 2 62 4 0 26 0 0 0 5 0 1 6 0 0
"73" 73 1.18238993711 2 1 5 36 3 1 1 13 7 0 6 36 10 1 1 0 0 1 0 0
"74" 74 0.60621761658 0 12 2 1 0 0 0 0 0 0 3 1 1 0 0 0 0 103 0 0
"75" 75 0.497409326425 0 109 1 0 1 0 0 0 0 0 2 0 0 0 2 0 0 3 0 0
"76" 76 0.0362694300518 0 120 0 0 0 0 0 0 0 2 0 0 0 2 0 0 0 0 0 0
"77" 77 0.318407960199 13 1 7 0 3 0 5 0 0 1 24 0 0 44 4 0 15 1 1 5
"78" 78 0.472868217054 0 6 2 1 3 3 0 0 0 0 75 2 2 0 7 0 0 22 2 0
"79" 79 0.215246636771 0 0 0 0 7 33 4 0 2 0 11 2 1 37 9 0 7 1 3 8
"80" 80 0.00497512437811 14 2 0 0 0 0 0 3 0 1 7 1 0 93 0 0 0 1 2 1
"81" 81 0.63503649635 0 3 4 2 2 4 0 0 9 1 39 3 1 3 22 0 0 28 0 0
"82" 82 0.674418604651 0 8 10 1 2 3 0 4 7 0 52 10 0 0 9 0 0 18 0 0
"83" 83 0.183035714286 1 2 0 1 1 0 0 0 2 1 49 2 4 7 3 0 11 40 1 0
"84" 84 0.278846153846 0 4 0 2 1 5 0 0 0 0 2 108 0 0 2 0 0 0 1 0
"85" 85 0.00574712643678 16 0 0 0 0 0 3 0 2 0 24 1 1 2 1 0 75 0 0 0
"86" 86 0.0357142857143 0 87 0 4 0 0 0 1 2 1 10 1 8 0 0 0 0 11 0 0
"87" 87 0.0 2 0 0 0 0 0 15 0 0 3 23 1 0 49 0 1 26 0 4 1
"88" 88 0.0 0 0 0 0 0 0 13 0 0 0 12 0 0 31 0 0 68 0 0 1
"89" 89 0.0 0 0 0 0 0 0 0 0 0 98 0 0 0 2 0 17 0 0 8 0
"90" 90 0.197674418605 2 0 0 4 0 0 1 0 13 1 82 0 5 6 1 0 9 0 0 1
"91" 91 0.062893081761 0 0 0 0 0 0 0 125 0 0 0 0 0 0 0 0 0 0 0 0
"92" 92 0.482558139535 0 24 28 8 1 1 2 3 29 0 11 7 0 0 4 0 0 5 1 1
"93" 93 0.389534883721 0 3 0 0 0 0 1 12 4 0 32 2 0 2 2 0 53 11 0 0
"94" 94 0.542635658915 0 22 8 2 7 9 0 3 4 0 32 3 0 0 4 0 0 28 0 0
"95" 95 0.240310077519 0 20 0 0 6 0 3 0 10 0 16 3 0 1 0 0 6 60 0 0
"96" 96 0.0045871559633 0 0 0 0 0 0 9 0 0 0 0 0 0 12 0 0 19 0 0 85
"97" 97 0.117870722433 0 0 1 0 0 0 0 0 1 2 0 1 3 0 0 0 0 0 117 0
"98" 98 0.591194968553 0 3 0 0 0 1 0 113 0 0 3 3 0 0 1 0 0 1 0 0
"99" 99 0.533678756477 0 21 4 11 4 4 0 19 6 0 16 8 5 1 10 0 1 14 1 0
"100" 100 0.384615384615 0 6 1 0 2 0 1 13 0 0 4 94 0 0 1 0 0 3 0 0
"101" 101 0.492537313433 0 4 1 0 10 0 1 18 4 40 3 0 2 14 3 0 3 3 8 11
"102" 102 0.63503649635 2 3 14 0 22 0 2 4 5 0 25 4 2 5 22 1 3 7 0 2
"103" 103 0.738372093023 1 1 5 1 0 1 3 0 83 2 1 0 0 1 1 0 18 1 5 0
"104" 104 0.412790697674 0 0 10 9 1 4 0 0 34 5 3 3 2 2 27 7 10 1 7 0
"105" 105 0.0632183908046 0 0 0 0 0 0 34 0 4 1 1 0 0 6 0 0 79 0 0 0
"106" 106 0.775784753363 0 14 26 4 14 1 0 1 11 0 6 1 13 1 4 0 6 19 1 1
"107" 107 0.150943396226 0 1 2 1 0 0 3 34 4 0 14 1 0 3 0 0 51 6 1 0
"108" 108 0.269230769231 0 2 15 0 1 0 0 26 3 0 9 58 0 0 1 0 0 10 0 0
"109" 109 0.710691823899 0 2 5 2 3 4 1 40 1 1 9 36 3 0 6 0 0 12 0 0
"110" 110 0.0497512437811 0 0 0 0 0 0 14 2 0 1 14 0 0 63 0 0 25 0 0 6
"111" 111 0.0697674418605 0 0 37 0 5 0 2 0 22 0 19 34 0 5 0 0 1 0 0 0
"112" 112 0.511627906977 0 16 6 6 7 2 0 0 6 1 23 6 0 2 7 0 2 41 0 0
"113" 113 0.325892857143 1 2 1 0 2 3 11 15 4 0 0 25 4 6 10 0 17 22 0 1
"114" 114 0.0597014925373 0 0 0 0 0 0 0 0 0 3 1 0 0 114 0 5 0 0 0 2
"115" 115 0.107142857143 45 5 0 0 0 0 0 0 0 0 0 0 0 0 0 0 0 75 0 0
"116" 116 0.00961538461538 0 8 0 0 0 0 0 0 2 0 1 114 0 0 0 0 0 0 0 0
"117" 117 0.471153846154 0 3 4 0 2 10 1 3 1 0 74 4 3 1 9 0 4 6 0 0
"118" 118 0.459119496855 0 3 43 2 1 0 0 3 5 25 18 0 10 4 0 0 10 0 1 0
"119" 119 0.445255474453 0 0 0 0 0 0 0 0 0 0 0 0 0 0 125 0 0 0 0 0
"120" 120 0.59748427673 0 0 0 0 0 0 0 124 0 0 0 0 0 0 0 0 0 1 0 0
"121" 121 0.273255813953 0 1 0 0 2 0 1 0 17 0 0 95 7 1 0 0 0 1 0 0
"122" 122 0.363636363636 0 0 0 0 0 0 0 0 0 16 0 0 109 0 0 0 0 0 0 0
"123" 123 0.0251046025105 0 0 0 0 0 0 0 0 0 124 0 0 0 0 0 0 0 0 1 0
"124" 124 0.116279069767 0 36 2 1 6 2 1 0 10 0 28 8 2 1 24 0 1 3 0 0
"125" 125 0.0384615384615 0 0 0 0 0 0 0 0 0 0 0 125 0 0 0 0 0 0 0 0
"126" 126 0.114942528736 0 0 0 0 0 0 0 0 0 0 3 0 0 0 0 0 106 0 0 16
"127" 127 0.0248756218905 7 0 4 0 0 0 0 0 11 0 71 1 0 31 0 0 0 0 0 0
"128" 128 0.046511627907 0 0 0 0 1 0 2 0 118 0 0 0 0 2 0 0 2 0 0 0
"129" 129 0.0804597701149 0 0 0 0 0 0 10 0 0 0 0 0 0 3 0 0 112 0 0 0
"130" 130 0.0344827586207 1 0 0 0 0 0 0 0 0 0 0 0 0 0 0 0 124 0 0 0
"131" 131 0.194029850746 10 0 12 7 0 0 2 0 26 0 37 9 0 14 0 0 3 0 0 5
"132" 132 0.274261603376 0 0 0 0 1 115 1 0 3 0 0 0 0 2 3 0 0 0 0 0
"133" 133 0.0199004975124 0 0 0 0 0 0 0 0 0 0 0 0 0 121 0 0 1 0 0 3
"134" 134 0.0398009950249 0 0 0 0 0 0 1 0 0 77 0 0 0 44 0 1 2 0 0 0
"135" 135 0.443946188341 0 0 2 62 14 0 3 0 5 0 4 7 17 11 0 0 0 0 0 0
"136" 136 0.10152284264 1 0 0 0 26 0 44 0 1 0 7 0 0 33 2 0 1 0 1 9
"137" 137 0.0 8 0 2 0 0 0 6 0 17 0 11 2 0 0 0 0 79 0 0 0
"138" 138 0.379562043796 0 1 0 1 40 5 0 2 2 2 10 5 2 9 42 0 0 3 0 1
"139" 139 0.0377358490566 3 0 1 0 0 0 0 106 0 0 12 3 0 0 0 0 0 0 0 0
"140" 140 0.238341968912 0 94 1 4 5 1 0 0 2 0 2 4 6 0 1 0 0 5 0 0
"141" 141 0.324817518248 1 1 2 0 1 3 7 0 2 2 5 0 2 14 33 0 45 1 4 2
"142" 142 0.0 0 0 2 0 0 0 0 0 0 0 120 0 0 0 0 0 3 0 0 0
"143" 143 0.0209205020921 8 0 0 0 0 0 8 0 1 26 1 0 0 23 0 0 24 0 33 1
"144" 144 0.0376569037657 0 0 0 0 0 0 0 0 0 122 0 0 0 0 0 0 0 0 3 0
"145" 145 0.144230769231 0 0 0 0 0 0 0 0 0 0 0 125 0 0 0 0 0 0 0 0
"146" 146 0.223214285714 0 0 2 0 31 10 0 0 0 0 0 0 0 1 13 1 0 67 0 0
"147" 147 0.135021097046 0 0 0 0 0 125 0 0 0 0 0 0 0 0 0 0 0 0 0 0
"148" 148 0.248704663212 0 125 0 0 0 0 0 0 0 0 0 0 0 0 0 0 0 0 0 0
"149" 149 0.0988593155894 0 0 0 0 0 0 0 0 0 22 31 0 0 1 0 11 0 0 60 0
"150" 150 0.0224215246637 0 0 0 0 125 0 0 0 0 0 0 0 0 0 0 0 0 0 0 0
"151" 151 0.170403587444 0 0 0 0 125 0 0 0 0 0 0 0 0 0 0 0 0 0 0 0
"152" 152 0.0199004975124 0 0 0 0 0 0 0 0 2 2 3 0 0 106 0 0 10 0 2 0
"153" 153 0.0862068965517 3 0 1 0 14 6 0 0 4 1 48 0 4 15 9 0 14 0 0 6
"154" 154 0.0 3 0 0 0 0 0 16 0 1 0 0 0 0 35 0 0 70 0 0 0
"155" 155 0.0 0 0 0 0 0 0 87 0 0 0 0 0 0 8 0 0 29 0 0 1
"156" 156 0.430656934307 0 0 0 0 13 11 0 0 7 0 1 1 0 0 86 0 1 5 0 0
"157" 157 0.273542600897 0 0 1 0 28 9 0 0 3 0 6 5 1 1 70 0 1 0 0 0
"158" 158 0.0248756218905 0 0 0 0 0 0 1 0 0 5 0 0 0 29 0 0 6 0 0 84
"159" 159 0.103448275862 0 0 1 1 0 0 0 0 7 1 25 0 0 0 1 0 89 0 0 0
"160" 160 0.503875968992 0 5 7 3 7 2 1 0 9 0 31 2 1 3 43 0 0 11 0 0
"161" 161 0.564766839378 0 116 0 0 4 0 0 0 0 0 1 1 0 0 0 0 0 3 0 0
"162" 162 0.422594142259 0 0 0 0 0 0 0 0 0 11 0 0 0 110 0 0 0 0 0 4
"163" 163 0.74358974359 2 41 4 49 1 1 0 0 0 3 16 3 2 2 0 0 0 1 0 0
"164" 164 0.139303482587 0 0 0 0 3 0 22 0 1 24 0 0 1 52 0 1 4 0 2 15
"165" 165 0.839378238342 0 23 2 3 2 0 0 66 6 0 4 13 0 0 3 0 0 3 0 0
"166" 166 0.114942528736 0 0 1 0 1 0 24 1 9 0 1 0 0 9 0 0 79 0 0 0
"167" 167 0.356589147287 0 5 3 2 12 7 0 0 7 0 9 0 0 0 21 0 0 59 0 0
"168" 168 0.103448275862 0 0 0 0 0 0 86 0 0 0 0 0 0 2 0 0 37 0 0 0
"169" 169 0.247126436782 0 0 0 0 3 0 23 0 1 2 2 0 5 4 8 0 68 8 0 1
"170" 170 0.201923076923 0 1 3 0 0 0 1 18 2 0 15 78 0 0 0 0 5 1 0 1
"171" 171 0.0689655172414 13 0 2 0 0 0 3 0 0 0 16 5 1 6 0 0 68 4 0 7
"172" 172 0.559748427673 0 8 1 0 1 0 0 100 0 0 3 0 0 0 2 0 0 10 0 0
"173" 173 0.156976744186 1 0 0 0 0 0 39 0 84 0 0 0 0 0 0 0 1 0 0 0
"174" 174 0.235632183908 0 0 0 0 5 0 8 0 0 1 7 4 0 4 1 0 91 0 0 4
"175" 175 0.273722627737 0 0 0 0 0 0 0 0 0 0 0 0 0 0 125 0 0 0 0 0
"176" 176 0.339285714286 0 7 4 0 0 0 0 0 0 0 28 0 0 0 0 0 0 86 0 0
"177" 177 0.875968992248 0 16 3 2 0 7 1 29 4 0 31 2 1 0 6 0 1 22 0 0
"178" 178 0.357512953368 0 115 5 0 1 0 0 0 0 0 0 2 0 0 0 0 0 2 0 0
"179" 179 0.144230769231 0 1 0 0 0 0 0 0 0 0 0 124 0 0 0 0 0 0 0 0
"180" 180 0.044776119403 0 0 0 0 0 0 0 0 0 0 0 0 0 124 0 0 1 0 0 0
"181" 181 0.0387596899225 0 0 0 0 0 0 0 0 0 0 125 0 0 0 0 0 0 0 0 0
"182" 182 0.128440366972 4 0 0 0 1 3 0 0 1 0 1 0 0 65 3 0 0 2 3 42
"183" 183 0.105960264901 0 0 125 0 0 0 0 0 0 0 0 0 0 0 0 0 0 0 0 0
"184" 184 0.245033112583 0 0 125 0 0 0 0 0 0 0 0 0 0 0 0 0 0 0 0 0
"185" 185 0.299270072993 0 0 0 0 0 0 0 0 0 0 0 0 0 0 125 0 0 0 0 0
"186" 186 0.123076923077 0 0 0 125 0 0 0 0 0 0 0 0 0 0 0 0 0 0 0 0
"187" 187 0.551094890511 0 1 3 2 12 1 0 0 5 1 16 16 0 2 36 0 28 2 0 0
"188" 188 0.673003802281 0 0 0 0 1 2 0 0 0 5 0 0 0 2 7 0 0 0 108 0
"189" 189 0.089552238806 0 0 0 0 0 0 0 0 0 0 0 0 0 123 0 0 0 0 0 2
"190" 190 0.39378238342 0 19 62 6 0 1 0 2 28 0 3 3 0 0 0 0 0 1 0 0
"191" 191 0.716981132075 0 11 3 1 1 0 1 44 5 1 31 2 0 0 1 0 3 21 0 0
"192" 192 0.565891472868 0 14 4 0 5 2 0 3 2 1 29 2 0 0 2 0 3 58 0 0
"193" 193 0.219730941704 0 7 0 0 45 0 0 0 2 0 2 5 4 0 0 0 0 60 0 0
"194" 194 0.262773722628 0 0 0 0 2 2 0 0 0 0 1 0 1 1 118 0 0 0 0 0
"195" 195 0.46511627907 0 3 3 1 14 9 1 3 7 0 38 2 2 0 17 0 5 20 0 0
"196" 196 0.263565891473 0 0 6 2 17 3 10 0 8 0 34 0 2 9 14 0 14 6 0 0
"197" 197 0.0 0 0 1 0 0 0 0 0 0 0 124 0 0 0 0 0 0 0 0 0
"198" 198 0.252873563218 0 0 4 0 0 0 2 44 11 0 11 5 0 35 4 0 7 0 0 0
"199" 199 0.0542635658915 5 0 5 0 5 2 9 0 12 0 40 5 1 5 9 1 21 3 0 0
"200" 200 0.0199004975124 0 0 0 0 0 0 12 0 0 1 0 0 0 106 0 0 5 0 0 1
"201" 201 0.0198675496689 1 0 43 5 3 2 1 17 0 3 6 0 13 0 0 0 1 0 29 0
"202" 202 0.333333333333 0 0 1 0 13 8 0 0 3 0 27 3 0 1 66 0 1 1 0 0
"203" 203 0.0077519379845 0 0 8 0 1 0 3 0 17 0 77 2 1 1 0 0 9 5 0 0
"204" 204 0.0 0 0 0 0 0 0 3 0 0 1 0 0 0 104 1 0 1 0 0 14
"205" 205 0.337209302326 3 5 7 5 10 15 1 0 12 7 15 2 2 10 22 1 3 2 0 1
"206" 206 0.286821705426 0 11 4 0 7 3 0 0 6 0 50 4 0 4 9 1 2 20 1 0
"207" 207 0.0 3 1 2 0 0 1 9 0 5 0 47 22 0 12 0 0 17 0 0 5
"208" 208 0.232558139535 0 1 1 0 9 4 6 0 2 0 60 4 1 2 16 0 3 10 1 3
"209" 209 0.66985645933 0 12 4 1 4 4 1 0 2 3 26 6 9 3 14 0 0 29 4 1
"210" 210 0.201550387597 1 2 4 1 10 4 0 0 0 0 52 4 2 11 24 1 7 0 0 1
"211" 211 0.0077519379845 3 1 3 0 2 1 22 0 2 8 29 4 0 29 0 1 11 0 6 2
"212" 212 0.691860465116 0 1 11 2 3 3 0 0 6 1 30 10 3 7 26 0 1 18 0 0
"213" 213 0.596899224806 1 6 8 7 7 0 0 3 2 0 43 17 2 4 8 0 1 10 2 0
"214" 214 0.201923076923 0 0 0 1 0 1 0 0 0 0 5 110 1 0 2 0 0 1 0 0
"215" 215 0.263565891473 0 3 2 0 8 2 1 6 5 0 30 11 2 0 7 0 8 24 2 2
"216" 216 0.547085201794 0 19 5 2 11 5 0 10 4 0 18 3 0 0 16 0 2 15 0 0
"217" 217 0.263565891473 0 8 7 4 2 1 0 4 4 1 49 7 1 6 5 0 9 11 0 0
"218" 218 0.0077519379845 0 5 4 1 0 1 9 2 8 1 36 2 1 16 3 0 26 2 0 0
"219" 219 0.199004975124 3 2 2 0 1 1 8 0 2 1 4 1 0 58 9 0 9 15 0 2
"220" 220 0.466321243523 2 15 6 1 9 8 1 2 4 0 40 4 0 0 13 0 1 11 0 0
"221" 221 0.209302325581 0 7 8 4 9 3 2 0 5 0 47 5 1 5 3 1 3 12 0 2
"222" 222 0.0 1 0 1 1 0 2 0 0 1 0 81 9 1 7 2 0 8 1 0 4
"223" 223 0.350364963504 1 0 3 2 6 5 2 0 5 0 17 2 1 7 56 2 3 7 0 3
"224" 224 0.449612403101 0 8 8 2 11 4 0 1 2 0 44 4 2 2 15 0 1 16 0 3
"225" 225 0.235632183908 0 2 2 1 6 1 9 0 9 4 18 3 0 7 8 0 34 7 0 6
"226" 226 0.00995024875622 0 0 0 0 0 0 23 0 0 1 1 0 0 78 3 0 9 0 0 1
"227" 227 0.59585492228 0 19 8 0 4 5 2 0 12 0 22 2 1 15 5 0 1 20 0 2
"228" 228 0.604651162791 0 6 11 1 8 1 0 0 6 0 55 5 1 1 6 0 1 15 0 0
"229" 229 0.131782945736 0 1 3 1 9 2 1 0 7 0 55 2 5 4 1 0 9 23 0 0
"230" 230 0.830188679245 0 3 2 1 1 0 0 48 0 0 2 61 0 0 1 0 0 2 0 0
"231" 231 0.509615384615 1 1 1 0 1 0 2 4 1 46 7 20 0 15 1 4 3 9 1 2
"232" 232 0.0804597701149 0 7 1 0 1 1 7 1 1 1 17 8 0 7 1 3 26 3 0 0
"233" 233 0.286821705426 0 11 10 1 7 11 3 6 4 0 13 0 1 3 29 0 9 14 0 0
"234" 234 0.201149425287 0 0 0 0 0 0 20 20 2 0 2 0 0 30 0 0 50 0 0 0
"235" 235 0.336787564767 0 105 0 0 5 0 1 1 0 0 0 0 0 0 0 0 0 13 0 0
"236" 236 0.0988593155894 0 1 0 0 0 0 0 0 0 0 1 0 3 0 0 0 4 2 114 0
"237" 237 0.089552238806 1 0 0 0 0 0 9 0 1 9 12 0 0 64 0 0 29 0 0 0
"238" 238 0.294642857143 0 9 7 0 3 0 1 0 7 1 23 1 0 0 1 0 7 64 0 0
"239" 239 0.134328358209 2 0 0 0 0 0 26 1 0 2 9 0 0 49 0 0 33 0 0 0
"240" 240 0.0985401459854 2 0 2 1 2 1 1 1 3 0 6 0 3 1 73 0 23 0 1 0
"241" 241 0.243523316062 0 64 5 7 4 0 0 4 3 0 1 4 11 0 9 0 0 4 0 0
"242" 242 0.492385786802 2 3 2 1 2 0 4 10 9 0 51 4 0 8 1 0 3 3 2 0
"243" 243 0.365384615385 0 30 12 4 1 3 1 0 32 0 7 10 2 3 1 0 0 9 0 3
"244" 244 0.0199004975124 1 2 1 0 0 0 0 1 5 5 0 0 1 91 0 0 4 1 0 1
"245" 245 0.230769230769 0 6 2 1 13 1 1 1 7 1 27 23 0 13 5 0 1 17 0 0
"246" 246 0.723270440252 0 6 4 0 3 1 1 71 1 0 5 2 1 4 3 0 2 15 0 2
"247" 247 0.178899082569 0 1 1 0 3 0 7 13 8 2 20 4 0 23 0 1 23 8 0 5
"248" 248 0.37106918239 1 6 9 0 5 1 1 37 13 0 10 5 4 5 8 0 4 8 1 1
"249" 249 0.786069651741 0 12 4 3 5 0 4 3 1 4 12 6 2 20 5 0 15 15 0 0
"250" 250 0.6 0 17 6 5 1 2 1 5 7 0 7 4 2 2 14 0 2 8 0 0
"251" 251 0.230769230769 0 5 1 1 0 4 0 0 1 1 5 49 0 0 12 0 0 6 0 0
"252" 252 0.344370860927 0 23 6 4 4 6 2 28 2 0 6 8 1 2 3 0 2 18 0 2
"253" 253 0.00961538461538 1 10 4 1 4 1 1 3 2 1 50 29 1 2 5 0 0 5 0 0
"254" 254 0.0839416058394 1 2 2 2 3 6 3 5 4 1 6 5 1 21 20 0 5 2 0 0
"255" 255 0.00497512437811 1 0 0 0 0 0 26 2 1 0 7 1 0 63 1 0 18 0 0 3
"256" 256 0.0348258706468 0 0 0 0 0 0 7 0 0 6 16 0 0 82 0 0 11 0 0 0
"257" 257 0.00574712643678 3 0 0 0 0 0 13 0 1 0 25 2 0 12 0 0 61 0 0 3
"258" 258 0.0 0 0 0 0 0 0 0 0 1 1 122 0 0 0 0 0 0 0 1 0
"259" 259 0.0 0 0 0 0 0 0 1 0 0 0 103 3 0 1 0 0 17 0 0 0
"260" 260 0.416058394161 0 0 2 0 3 22 1 0 3 6 0 1 3 0 55 19 1 0 9 0
"261" 261 0.00497512437811 1 0 0 0 0 0 20 0 0 7 0 0 0 59 0 0 38 0 0 0
"262" 262 0.490384615385 0 5 0 0 0 0 0 2 0 2 1 115 0 0 0 0 0 0 0 0
"263" 263 0.848837209302 0 3 16 3 7 16 0 5 31 0 8 19 0 0 7 0 1 9 0 0
"264" 264 0.0581395348837 0 0 1 0 0 0 1 0 92 0 13 0 0 0 1 0 17 0 0 0
"265" 265 0.171532846715 1 0 0 0 0 2 0 0 0 0 0 0 0 0 122 0 0 0 0 0
"266" 266 0.0248756218905 0 0 0 0 0 0 0 0 0 0 0 0 0 125 0 0 0 0 0 0
"267" 267 0.124378109453 0 0 0 0 0 0 111 0 0 0 0 0 0 14 0 0 0 0 0 0
"268" 268 0.0362694300518 0 125 0 0 0 0 0 0 0 0 0 0 0 0 0 0 0 0 0 0
"269" 269 0.0153846153846 0 0 0 123 0 0 0 0 2 0 0 0 0 0 0 0 0 0 0 0
"270" 270 0.157360406091 4 0 0 0 2 1 29 0 3 1 2 0 0 22 4 1 27 2 0 16
"271" 271 0.333333333333 0 1 5 0 1 1 5 16 2 2 25 8 0 7 4 0 8 17 0 2
"272" 272 0.010152284264 1 0 0 0 0 0 16 0 0 4 0 0 0 28 0 0 56 0 0 0
"273" 273 0.392857142857 0 8 4 0 4 1 2 3 9 0 1 1 4 2 1 0 2 14 0 1
"274" 274 0.0558375634518 0 0 0 0 0 0 12 1 0 3 0 0 0 25 0 2 8 0 0 0
"275" 275 0.519230769231 0 0 1 3 0 2 0 2 0 0 0 21 0 0 0 0 0 1 0 0
"276" 276 0.761627906977 1 0 1 0 0 0 0 0 7 0 0 0 0 0 0 0 1 0 0 0
