"site" "RSA" "aa1" "aa2" "aa3" "aa4" "aa5" "aa6" "aa7" "aa8" "aa9" "aa10" "aa11" "aa12" "aa13" "aa14" "aa15" "aa16" "aa17" "aa18" "aa19" "aa20"
"0" 0 0.704641350211 0 0 0 0 0 308 0 0 2 0 0 0 0 0 184 0 0 6 0 0
"1" 1 0.0288461538462 0 0 0 0 0 0 0 0 0 0 0 500 0 0 0 0 0 0 0 0
"2" 2 0.105769230769 0 0 2 0 0 0 0 0 0 0 0 446 0 0 1 0 0 50 1 0
"3" 3 0.00574712643678 0 0 0 0 0 0 0 0 0 0 0 0 0 8 0 0 492 0 0 0
"4" 4 0.0203045685279 16 8 22 0 2 5 21 0 43 0 129 107 0 0 0 0 13 4 0 130
"5" 5 0.0 0 0 0 0 0 0 457 0 0 0 0 0 0 0 0 0 43 0 0 0
"6" 6 0.139896373057 3 163 0 4 15 67 0 0 2 0 9 1 0 0 6 0 23 157 0 50
"7" 7 0.0 0 0 0 0 0 0 0 0 3 0 0 0 0 0 0 0 497 0 0 0
"8" 8 0.333333333333 0 0 1 0 0 52 0 0 446 0 0 0 1 0 0 0 0 0 0 0
"9" 9 0.287179487179 0 0 0 53 0 0 0 0 447 0 0 0 0 0 0 0 0 0 0 0
"10" 10 0.201550387597 0 0 8 0 0 0 0 0 0 0 483 9 0 0 0 0 0 0 0 0
"11" 11 0.629464285714 0 0 0 0 0 489 0 0 0 0 0 0 0 1 0 0 0 10 0 0
"12" 12 0.143497757848 0 0 0 0 1 3 0 0 0 0 0 0 0 0 0 52 0 444 0 0
"13" 13 0.0 0 0 3 0 0 0 0 0 0 0 497 0 0 0 0 0 0 0 0 0
"14" 14 0.476793248945 0 0 0 0 0 492 0 0 0 0 0 0 0 0 8 0 0 0 0 0
"15" 15 0.152284263959 0 0 0 0 1 11 470 0 0 0 0 0 0 14 3 1 0 0 0 0
"16" 16 0.0 0 0 0 0 0 0 0 0 0 0 500 0 0 0 0 0 0 0 0 0
"17" 17 0.276785714286 0 0 0 0 0 0 0 0 0 0 0 0 0 0 7 0 0 493 0 0
"18" 18 0.410852713178 0 1 0 0 0 491 0 0 0 0 0 0 0 0 8 0 0 0 0 0
"19" 19 0.0387596899225 0 0 25 0 0 0 0 0 0 0 474 1 0 0 0 0 0 0 0 0
"20" 20 0.384615384615 0 0 0 0 0 0 0 0 0 0 0 500 0 0 0 0 0 0 0 0
"21" 21 0.0387596899225 0 0 0 0 0 0 0 0 0 0 500 0 0 0 0 0 0 0 0 0
"22" 22 0.413793103448 0 0 2 0 0 446 0 0 0 0 0 51 0 0 0 0 0 0 1 0
"23" 23 0.031007751938 0 0 64 0 1 0 0 0 0 0 194 3 0 0 1 0 0 207 0 30
"24" 24 0.0 0 0 0 0 0 0 0 0 0 0 0 0 0 0 0 0 500 0 0 0
"25" 25 0.0 0 1 0 0 0 0 188 0 0 10 0 0 4 0 101 0 162 26 6 2
"26" 26 0.015503875969 0 0 13 0 0 0 0 0 0 0 487 0 0 0 0 0 0 0 0 0
"27" 27 0.149253731343 6 2 8 19 59 118 7 0 48 0 0 0 0 116 10 0 84 23 0 0
"28" 28 0.647321428571 0 112 1 0 0 0 0 0 0 0 0 0 0 2 149 0 0 236 0 0
"29" 29 1.29807692308 0 0 0 0 0 315 0 0 0 0 0 185 0 0 0 0 0 0 0 0
"30" 30 0.653846153846 0 499 0 0 0 0 0 0 0 0 0 1 0 0 0 0 0 0 0 0
"31" 31 0.396551724138 0 47 2 0 0 1 89 0 0 0 0 0 0 0 0 0 121 240 0 0
"32" 32 0.302325581395 0 0 0 0 1 0 0 0 0 0 0 0 0 0 499 0 0 0 0 0
"33" 33 0.536496350365 0 0 0 0 0 0 0 0 216 0 0 0 0 0 284 0 0 0 0 0
"34" 34 0.224770642202 216 0 1 0 8 0 0 0 0 0 230 5 40 0 0 0 0 0 0 0
"35" 35 0.093023255814 0 0 0 0 0 0 0 500 0 0 0 0 0 0 0 0 0 0 0 0
"36" 36 0.378238341969 0 0 0 0 0 95 0 0 0 0 0 0 79 0 179 0 0 147 0 0
"37" 37 0.295597484277 0 0 1 0 0 4 0 483 0 4 2 0 0 0 1 1 0 1 3 0
"38" 38 0.540697674419 0 3 0 0 0 256 0 0 0 0 0 0 0 0 146 0 0 95 0 0
"39" 39 0.14367816092 0 1 0 0 0 0 0 0 112 0 2 0 0 0 0 0 385 0 0 0
"40" 40 0.0 0 13 0 0 0 0 445 0 0 0 0 0 0 38 0 0 3 1 0 0
"41" 41 0.415178571429 0 0 0 0 0 358 0 0 0 1 0 0 0 4 110 0 0 23 0 4
"42" 42 0.375 0 0 0 0 0 0 0 0 0 0 0 0 0 0 0 0 0 500 0 0
"43" 43 0.0 0 0 3 0 0 0 0 0 0 0 0 0 0 0 0 0 497 0 0 0
"44" 44 0.197247706422 0 0 0 0 0 1 36 0 0 0 0 0 0 0 2 0 0 0 0 461
"45" 45 0.723076923077 0 0 0 0 0 470 0 0 0 0 0 0 0 0 24 0 0 0 6 0
"46" 46 0.077519379845 0 0 9 0 0 0 0 0 0 0 491 0 0 0 0 0 0 0 0 0
"47" 47 0.0862068965517 0 0 0 0 0 0 0 0 0 0 0 0 0 0 0 0 500 0 0 0
"48" 48 0.788079470199 0 0 0 0 0 0 0 0 500 0 0 0 0 0 0 0 0 0 0 0
"49" 49 0.172588832487 0 0 0 0 0 0 500 0 0 0 0 0 0 0 0 0 0 0 0 0
"50" 50 0.364779874214 0 0 0 0 0 0 0 500 0 0 0 0 0 0 0 0 0 0 0 0
"51" 51 0.0172413793103 0 0 0 0 0 0 0 0 0 0 0 0 0 0 0 0 500 0 0 0
"52" 52 0.0275229357798 316 1 1 2 101 5 0 0 0 0 31 2 0 0 5 12 0 18 3 3
"53" 53 0.0077519379845 0 0 9 0 0 0 0 0 77 0 410 0 0 0 0 0 4 0 0 0
"54" 54 0.147679324895 23 0 3 0 0 75 0 0 61 0 0 0 0 0 6 0 0 179 0 153
"55" 55 0.0 0 0 0 0 0 0 1 0 301 0 0 0 0 0 0 0 198 0 0 0
"56" 56 0.142335766423 0 0 1 0 0 0 0 0 0 0 0 0 0 0 499 0 0 0 0 0
"57" 57 0.0913705583756 0 0 0 0 0 41 322 0 0 0 0 0 0 0 106 0 27 4 0 0
"58" 58 0.153846153846 0 0 0 0 0 0 0 0 0 0 0 500 0 0 0 0 0 0 0 0
"59" 59 0.234449760766 0 157 0 83 0 0 0 0 0 0 260 0 0 0 0 0 0 0 0 0
"60" 60 0.399239543726 0 0 0 0 0 349 0 0 0 0 0 0 85 0 10 0 0 56 0 0
"61" 61 0.505747126437 0 0 0 0 0 423 0 0 0 0 0 0 0 0 0 0 0 77 0 0
"62" 62 0.0401785714286 0 0 3 0 0 0 0 0 0 0 18 0 0 0 0 0 0 479 0 0
"63" 63 0.0 0 0 0 0 0 0 0 0 0 0 500 0 0 0 0 0 0 0 0 0
"64" 64 0.244525547445 0 4 0 0 0 409 0 0 0 0 0 0 22 31 10 15 0 9 0 0
"65" 65 0.310344827586 0 1 0 0 5 255 161 0 0 0 0 0 0 0 45 0 0 33 0 0
"66" 66 0.0 0 0 0 0 0 0 0 0 0 3 78 0 0 419 0 0 0 0 0 0
"67" 67 0.169642857143 0 0 0 0 0 0 0 0 0 0 0 0 15 0 26 0 0 459 0 0
"68" 68 0.68992248062 0 0 0 0 0 459 0 0 0 0 0 0 0 0 41 0 0 0 0 0
"69" 69 0.218905472637 0 0 0 0 5 0 9 0 0 0 1 0 0 375 0 10 0 99 1 0
"70" 70 0.403846153846 0 0 0 0 0 0 0 0 0 0 0 500 0 0 0 0 0 0 0 0
"71" 71 0.0459770114943 0 0 0 0 0 0 0 0 45 0 0 0 0 0 0 0 455 0 0 0
"72" 72 0.388601036269 0 0 0 0 0 0 0 0 0 0 0 0 500 0 0 0 0 0 0 0
"73" 73 0.178707224335 116 51 114 3 1 0 0 0 0 0 179 28 0 0 0 0 0 6 0 2
"74" 74 0.0 0 0 0 0 0 0 500 0 0 0 0 0 0 0 0 0 0 0 0 0
"75" 75 0.0103626943005 40 221 0 0 0 1 199 0 0 0 0 0 2 0 28 1 5 0 0 3
"76" 76 0.0133928571429 0 0 0 0 0 0 0 0 0 0 0 0 0 0 0 0 0 500 0 0
"77" 77 0.0 0 0 500 0 0 0 0 0 0 0 0 0 0 0 0 0 0 0 0 0
"78" 78 0.214285714286 0 15 144 7 0 16 0 106 0 0 1 0 0 0 2 0 0 188 0 21
"79" 79 0.385057471264 0 16 7 0 8 0 0 0 0 0 0 0 0 0 0 0 0 0 0 469
"80" 80 0.0995024875622 1 40 0 22 42 94 0 0 0 0 0 0 0 301 0 0 0 0 0 0
"81" 81 0.302325581395 0 0 0 0 1 10 0 0 172 0 0 0 0 0 0 0 0 2 89 226
"82" 82 0.314465408805 0 0 0 0 0 0 0 495 0 0 0 0 0 0 0 0 0 5 0 0
"83" 83 0.418604651163 0 0 0 0 0 0 0 0 1 0 363 0 0 0 0 0 0 136 0 0
"84" 84 0.274611398964 0 364 0 0 0 0 0 0 0 0 0 0 0 0 136 0 0 0 0 0
"85" 85 0.785714285714 0 0 5 0 0 495 0 0 0 0 0 0 0 0 0 0 0 0 0 0
"86" 86 0.678571428571 0 0 0 0 0 0 0 0 364 0 0 0 0 0 136 0 0 0 0 0
"87" 87 0.556485355649 0 0 0 0 386 1 0 0 0 0 0 0 1 0 109 0 0 3 0 0
"88" 88 0.248803827751 0 104 43 8 41 60 0 0 196 0 0 1 0 0 10 2 0 1 25 9
"89" 89 0.0253807106599 0 0 0 0 0 0 499 0 0 0 0 0 0 0 0 0 1 0 0 0
"90" 90 0.284974093264 0 374 0 0 0 5 0 0 0 0 0 0 0 0 119 0 0 2 0 0
"91" 91 0.0210970464135 1 0 0 1 9 0 0 0 0 0 0 0 1 0 0 488 0 0 0 0
"92" 92 0.587591240876 0 0 0 0 0 0 0 0 0 0 0 0 0 0 500 0 0 0 0 0
"93" 93 0.457399103139 0 0 0 0 0 495 0 0 0 0 0 0 0 0 0 0 0 5 0 0
"94" 94 0.0753138075314 0 0 0 0 0 0 0 0 0 500 0 0 0 0 0 0 0 0 0 0
"95" 95 0.761627906977 0 0 0 0 0 263 0 0 237 0 0 0 0 0 0 0 0 0 0 0
"96" 96 0.0689655172414 11 0 0 0 0 0 0 0 306 0 40 0 0 0 0 0 143 0 0 0
"97" 97 0.251572327044 0 0 67 0 0 78 0 355 0 0 0 0 0 0 0 0 0 0 0 0
"98" 98 0.00418410041841 0 0 1 0 0 0 0 0 0 11 488 0 0 0 0 0 0 0 0 0
"99" 99 0.0 11 0 19 0 34 0 0 0 254 0 1 0 0 0 0 0 0 111 0 70
"100" 100 0.0126582278481 96 0 44 3 0 0 0 0 13 0 0 1 0 0 1 0 0 0 0 342
"101" 101 0.0384615384615 1 0 242 0 54 0 0 0 131 0 0 2 6 0 1 3 0 56 4 0
"102" 102 0.00632911392405 25 0 284 2 0 0 0 0 3 11 169 2 2 0 0 0 0 0 2 0
"103" 103 0.441605839416 8 0 18 2 1 27 0 0 26 0 0 0 0 0 273 0 0 145 0 0
"104" 104 0.269430051813 0 29 0 324 0 0 0 0 1 0 0 0 0 0 146 0 0 0 0 0
"105" 105 0.0 0 0 0 0 0 0 0 0 0 0 0 0 0 500 0 0 0 0 0 0
"106" 106 0.0 0 0 0 0 0 0 0 0 0 0 0 500 0 0 0 0 0 0 0 0
"107" 107 0.0401785714286 0 0 0 0 1 126 0 0 0 0 0 0 0 0 0 0 0 346 0 27
"108" 108 0.0 0 0 269 0 0 0 0 0 16 0 208 0 1 4 0 0 0 2 0 0
"109" 109 0.0 0 0 0 0 0 0 0 0 0 0 490 8 0 0 0 0 2 0 0 0
"110" 110 0.332116788321 0 0 0 0 0 0 0 0 0 0 0 0 0 0 500 0 0 0 0 0
"111" 111 0.0620437956204 0 0 0 64 45 0 0 0 0 0 380 0 4 0 0 3 0 3 0 1
"112" 112 0.142131979695 0 0 0 0 0 0 499 0 0 0 1 0 0 0 0 0 0 0 0 0
"113" 113 0.387596899225 0 0 0 0 0 317 0 0 0 0 183 0 0 0 0 0 0 0 0 0
"114" 114 0.178571428571 0 1 7 0 0 8 0 0 0 0 0 0 0 0 0 27 0 2 0 455
"115" 115 0.192307692308 0 0 0 0 0 0 0 0 0 0 0 500 0 0 0 0 0 0 0 0
"116" 116 0.046511627907 0 0 64 0 0 0 0 0 0 0 436 0 0 0 0 0 0 0 0 0
"117" 117 0.370860927152 0 35 0 0 0 387 0 0 0 0 0 0 0 0 0 0 0 0 78 0
"118" 118 0.0366972477064 0 0 24 0 14 5 0 0 0 0 15 0 13 0 324 0 0 13 0 92
"119" 119 0.0 8 0 0 0 0 0 0 0 7 0 1 4 1 474 0 0 0 5 0 0
"120" 120 0.0474452554745 66 0 25 4 5 6 0 0 9 0 15 0 0 0 222 0 0 127 0 21
"121" 121 0.00581395348837 0 0 297 0 0 0 0 0 203 0 0 0 0 0 0 0 0 0 0 0
"122" 122 0.160337552743 0 0 172 1 1 108 0 0 0 1 0 0 0 16 135 4 0 52 10 0
"123" 123 0.115384615385 0 0 0 0 0 0 0 0 0 0 0 500 0 0 0 0 0 0 0 0
"124" 124 0.375 428 4 1 1 1 22 0 0 0 0 0 1 0 0 42 0 0 0 0 0
"125" 125 0.459119496855 0 0 0 0 0 0 0 498 0 0 0 0 0 0 0 0 0 2 0 0
"126" 126 0.836538461538 0 0 0 0 0 0 0 0 0 0 0 500 0 0 0 0 0 0 0 0
"127" 127 0.406976744186 0 1 26 0 0 10 0 0 463 0 0 0 0 0 0 0 0 0 0 0
"128" 128 0.442307692308 0 0 0 0 0 0 0 0 0 0 0 500 0 0 0 0 0 0 0 0
"129" 129 0.389743589744 0 496 0 0 0 0 1 0 0 0 0 0 0 0 3 0 0 0 0 0
"130" 130 0.126903553299 0 0 17 0 0 0 65 382 36 0 0 0 0 0 0 0 0 0 0 0
"131" 131 0.362068965517 0 3 496 0 0 1 0 0 0 0 0 0 0 0 0 0 0 0 0 0
"132" 132 0.21875 0 51 0 0 41 1 0 0 0 0 2 0 2 0 0 0 0 45 0 358
"133" 133 0.0 0 0 0 0 0 0 0 0 0 0 500 0 0 0 0 0 0 0 0 0
"134" 134 0.172413793103 0 7 10 0 25 82 9 0 0 81 0 0 0 66 174 0 5 12 0 29
"135" 135 0.503649635036 0 0 0 0 0 425 0 0 0 0 18 0 0 0 54 0 0 0 0 3
"136" 136 0.0574162679426 0 102 0 0 0 0 0 0 0 0 0 0 398 0 0 0 0 0 0 0
"137" 137 0.0 0 0 0 0 90 0 0 0 128 0 90 0 0 12 0 0 157 23 0 0
"138" 138 0.547445255474 0 0 0 0 0 51 95 0 0 0 3 0 0 9 15 0 0 266 0 61
"139" 139 0.438818565401 0 0 0 0 20 0 0 0 396 0 7 0 0 0 0 0 0 77 0 0
"140" 140 0.00574712643678 2 0 0 0 0 0 306 0 4 0 7 3 1 0 4 0 167 6 0 0
"141" 141 0.102564102564 0 12 0 22 2 0 0 0 0 0 1 0 0 7 0 0 0 2 0 454
"142" 142 0.403100775194 0 1 0 0 0 372 0 0 0 0 0 0 0 0 125 0 0 0 0 2
"143" 143 0.112107623318 0 14 0 0 105 145 0 0 0 0 0 0 0 208 4 1 0 23 0 0
"144" 144 0.0609137055838 0 0 0 0 0 0 495 0 0 0 0 0 0 0 0 0 5 0 0 0
"145" 145 0.532846715328 0 0 0 0 0 422 0 0 0 0 0 0 0 0 1 0 0 77 0 0
"146" 146 0.455696202532 0 0 0 0 0 309 149 0 0 0 0 0 0 5 4 0 0 22 2 9
"147" 147 0.0 0 0 0 0 0 0 317 0 57 0 1 0 0 0 0 0 125 0 0 0
"148" 148 0.281609195402 0 0 0 0 0 0 0 0 0 0 0 0 0 0 77 0 0 0 0 423
"149" 149 0.748717948718 0 0 2 0 0 423 0 0 0 0 0 0 0 0 75 0 0 0 0 0
"150" 150 0.0871559633028 0 0 1 0 0 0 0 0 0 0 303 0 0 42 0 0 0 0 0 154
"151" 151 0.384105960265 0 43 0 0 0 207 0 5 1 0 0 0 34 0 12 0 0 198 0 0
"152" 152 0.446428571429 0 0 24 0 0 167 0 19 74 0 0 0 0 0 216 0 0 0 0 0
"153" 153 0.704663212435 0 199 38 0 0 7 0 0 0 0 0 0 0 0 236 0 0 20 0 0
"154" 154 0.477678571429 0 0 0 0 2 460 0 0 0 0 0 0 0 0 0 0 0 38 0 0
"155" 155 0.0 0 0 0 0 0 0 38 0 0 0 0 0 0 462 0 0 0 0 0 0
"156" 156 0.48275862069 0 2 0 0 0 434 0 0 3 0 0 0 0 0 46 0 0 15 0 0
"157" 157 0.53488372093 0 1 0 0 0 281 0 0 0 0 0 0 0 0 7 0 0 211 0 0
"158" 158 0.116071428571 0 1 3 0 4 15 44 0 0 0 57 0 0 58 0 1 0 132 0 185
"159" 159 0.0387596899225 0 0 0 0 0 0 0 0 0 0 498 2 0 0 0 0 0 0 0 0
"160" 160 0.776371308017 0 0 0 0 0 372 0 0 0 0 0 0 0 0 128 0 0 0 0 0
"161" 161 0.717488789238 0 0 0 0 2 261 0 0 0 0 1 0 0 9 217 0 0 3 0 7
"162" 162 0.129353233831 0 0 0 0 2 1 0 0 0 0 0 0 1 348 0 0 0 148 0 0
"163" 163 0.365384615385 0 0 0 0 0 0 0 0 0 0 0 500 0 0 0 0 0 0 0 0
"164" 164 0.100775193798 8 0 2 0 0 0 0 0 0 0 489 1 0 0 0 0 0 0 0 0
"165" 165 0.276729559748 0 9 0 0 0 60 0 0 0 0 0 0 0 59 55 0 0 317 0 0
"166" 166 0.206896551724 0 0 152 0 0 0 0 103 0 0 1 0 0 0 0 227 2 15 0 0
"167" 167 0.549107142857 0 19 0 0 0 348 0 0 0 0 0 0 0 0 7 0 0 125 0 1
"168" 168 0.0804597701149 0 0 0 0 0 0 0 0 0 0 0 2 0 0 0 0 498 0 0 0
"169" 169 0.0 0 0 0 0 0 0 0 0 0 1 0 0 0 499 0 0 0 0 0 0
"170" 170 0.328467153285 0 0 0 0 0 125 0 0 0 0 0 0 0 0 52 0 0 323 0 0
"171" 171 0.299107142857 0 9 0 0 0 216 17 0 0 0 0 0 0 137 2 0 0 119 0 0
"172" 172 0.0 0 0 0 0 0 0 500 0 0 0 0 0 0 0 0 0 0 0 0 0
"173" 173 0.20253164557 0 0 0 0 0 121 0 0 0 0 0 0 0 0 379 0 0 0 0 0
"174" 174 0.605839416058 0 0 0 0 0 326 0 0 0 0 0 0 0 0 151 0 0 2 0 21
"175" 175 0.358208955224 0 0 0 0 0 194 0 0 0 0 24 0 0 207 0 0 0 0 0 75
"176" 176 0.375 0 0 0 0 0 0 0 0 0 0 0 500 0 0 0 0 0 0 0 0
"177" 177 0.357664233577 0 2 0 0 0 0 0 0 0 0 0 0 421 0 71 0 0 6 0 0
"178" 178 0.0199004975124 0 0 96 0 0 0 0 0 0 0 0 0 0 404 0 0 0 0 0 0
"179" 179 0.295597484277 0 0 0 0 0 0 0 500 0 0 0 0 0 0 0 0 0 0 0 0
"180" 180 0.126436781609 0 0 0 0 0 0 0 0 0 0 0 0 0 0 0 0 499 0 1 0
"181" 181 0.35632183908 1 0 0 0 0 0 0 47 0 0 21 0 0 18 0 0 0 413 0 0
"182" 182 0.0153846153846 9 0 17 0 0 0 71 0 11 142 0 0 1 245 0 2 0 0 0 2
"183" 183 0.071129707113 0 0 14 0 0 2 2 0 0 0 0 0 1 14 4 431 0 3 0 29
"184" 184 0.0 0 0 208 0 0 0 0 0 53 0 223 16 0 0 0 0 0 0 0 0
"185" 185 0.0697674418605 0 0 48 0 0 0 0 0 0 0 406 0 0 0 0 0 0 43 0 3
"186" 186 0.105769230769 0 0 0 0 0 0 0 0 0 0 0 500 0 0 0 0 0 0 0 0
"187" 187 0.125 0 0 0 0 0 0 0 0 0 0 0 500 0 0 0 0 0 0 0 0
"188" 188 0.0804597701149 4 0 0 0 0 0 405 0 1 0 0 0 0 0 0 0 90 0 0 0
"189" 189 0.273255813953 0 1 191 0 0 0 0 0 224 0 0 0 0 0 0 0 0 84 0 0
"190" 190 0.331395348837 0 0 102 0 4 275 0 0 77 0 0 0 0 0 0 0 0 0 0 42
"191" 191 0.0377358490566 0 0 0 0 0 0 0 500 0 0 0 0 0 0 0 0 0 0 0 0
"192" 192 0.37984496124 0 0 45 0 1 426 0 0 0 0 1 0 0 18 0 0 0 9 0 0
"193" 193 0.150259067358 0 156 0 0 0 0 0 0 0 0 0 0 344 0 0 0 0 0 0 0
"194" 194 0.0 0 0 0 0 0 0 0 0 0 0 500 0 0 0 0 0 0 0 0 0
"195" 195 0.0542635658915 0 0 0 0 0 0 0 0 0 0 500 0 0 0 0 0 0 0 0 0
"196" 196 0.318407960199 0 59 2 0 20 56 118 0 0 0 0 0 0 12 9 0 0 53 0 171
"197" 197 0.0 0 0 206 0 0 0 0 0 0 2 287 0 1 2 0 0 0 0 0 2
"198" 198 0.0183486238532 0 0 0 0 0 0 0 0 0 0 0 0 0 0 0 0 0 0 0 500
"199" 199 0.526315789474 0 0 0 0 39 1 0 0 0 0 0 0 0 0 460 0 0 0 0 0
"200" 200 0.044776119403 0 18 0 6 5 260 0 0 0 3 3 0 1 177 0 0 0 11 3 13
"201" 201 0.336538461538 0 0 0 0 0 0 0 0 0 0 0 500 0 0 0 0 0 0 0 0
"202" 202 0.0 0 0 2 0 0 0 0 0 0 0 498 0 0 0 0 0 0 0 0 0
"203" 203 0.0880829015544 0 306 0 0 0 11 0 0 0 0 0 0 183 0 0 0 0 0 0 0
"204" 204 0.0 0 0 0 0 0 0 0 0 0 0 0 500 0 0 0 0 0 0 0 0
"205" 205 0.0 0 0 0 0 0 0 0 0 0 0 0 0 0 0 0 0 500 0 0 0
"206" 206 0.0585774058577 0 0 2 0 0 0 55 0 0 38 0 0 79 0 164 39 72 19 30 2
"207" 207 0.0344827586207 0 0 0 0 0 0 7 0 340 0 8 0 0 0 0 0 141 0 0 4
"208" 208 0.269230769231 0 0 496 0 0 0 0 0 0 0 0 4 0 0 0 0 0 0 0 0
"209" 209 0.298013245033 0 0 69 1 1 0 0 4 420 0 0 0 4 0 0 0 0 1 0 0
"210" 210 0.307692307692 0 0 62 22 0 186 0 0 0 0 0 0 135 0 1 0 0 64 0 30
"211" 211 0.0253807106599 0 0 0 0 0 0 352 0 0 0 18 0 0 1 0 0 129 0 0 0
"212" 212 0.146443514644 0 0 0 0 0 0 0 0 0 500 0 0 0 0 0 0 0 0 0 0
"213" 213 0.679324894515 0 0 0 2 0 466 0 0 0 0 0 0 0 0 32 0 0 0 0 0
"214" 214 0.172185430464 0 0 87 0 0 325 0 0 78 1 0 5 0 0 0 0 0 0 4 0
"215" 215 0.821428571429 0 0 0 0 0 500 0 0 0 0 0 0 0 0 0 0 0 0 0 0
"216" 216 0.415384615385 0 304 0 42 0 0 0 0 0 0 0 0 0 0 154 0 0 0 0 0
"217" 217 0.176100628931 0 0 0 0 0 0 0 500 0 0 0 0 0 0 0 0 0 0 0 0
"218" 218 0.290178571429 0 0 0 0 0 34 0 0 0 0 0 0 0 1 186 4 0 267 0 8
"219" 219 0.438818565401 0 154 0 0 0 346 0 0 0 0 0 0 0 0 0 0 0 0 0 0
"220" 220 0.148288973384 0 0 0 0 0 74 0 0 0 14 1 0 33 18 0 0 0 0 360 0
"221" 221 0.0 0 0 25 0 0 0 0 0 0 0 457 0 0 18 0 0 0 0 0 0
"222" 222 0.481751824818 0 0 0 0 0 460 0 0 0 0 0 0 0 5 1 0 0 33 0 1
"223" 223 0.0542635658915 0 0 0 0 0 0 0 0 0 0 500 0 0 0 0 0 0 0 0 0
"224" 224 0.00507614213198 0 0 0 0 0 0 475 0 0 0 4 0 0 13 0 0 0 0 0 8
"225" 225 0.0977011494253 0 0 0 0 0 0 0 0 0 0 0 0 0 0 0 0 500 0 0 0
"226" 226 0.433035714286 0 0 0 0 0 23 0 0 0 0 0 0 1 1 12 0 0 4 0 459
"227" 227 0.0 0 0 0 0 0 0 0 0 0 0 500 0 0 0 0 0 0 0 0 0
"228" 228 0.0 0 0 0 0 0 0 0 0 500 0 0 0 0 0 0 0 0 0 0 0
"229" 229 0.354651162791 0 0 0 0 0 350 0 0 0 0 0 0 0 0 3 0 0 0 0 147
"230" 230 0.282296650718 0 2 0 5 0 140 0 0 0 0 0 0 309 0 7 0 0 0 37 0
"231" 231 0.19391634981 0 0 0 0 0 0 0 0 0 0 0 0 0 0 0 0 0 0 500 0
"232" 232 0.553571428571 0 0 0 0 0 361 0 0 0 0 0 0 0 2 100 37 0 0 0 0
"233" 233 0.388601036269 0 486 0 14 0 0 0 0 0 0 0 0 0 0 0 0 0 0 0 0
"234" 234 0.543726235741 0 1 0 0 60 6 0 0 0 0 0 0 0 0 0 0 0 396 0 37
"235" 235 0.714285714286 0 0 0 0 0 374 0 0 0 0 0 0 0 0 16 0 0 110 0 0
"236" 236 0.223880597015 0 4 0 0 11 4 0 0 0 0 0 0 0 469 0 0 0 12 0 0
"237" 237 0.0609137055838 0 0 0 0 0 0 497 0 0 0 3 0 0 0 0 0 0 0 0 0
"238" 238 0.410852713178 0 53 0 0 0 48 0 0 0 0 0 0 0 1 395 0 0 3 0 0
"239" 239 0.583732057416 0 0 0 0 0 208 0 0 0 0 0 0 0 0 117 0 0 12 0 163
"240" 240 0.164179104478 0 2 0 0 0 0 0 0 0 0 0 0 0 488 0 0 0 10 0 0
"241" 241 0.403973509934 0 0 500 0 0 0 0 0 0 0 0 0 0 0 0 0 0 0 0 0
"242" 242 0.607594936709 0 0 0 0 0 497 0 0 0 0 0 0 0 0 3 0 0 0 0 0
"243" 243 0.596153846154 0 0 0 0 0 0 0 0 0 0 0 500 0 0 0 0 0 0 0 0
"244" 244 0.691542288557 0 0 0 0 0 0 0 0 0 0 1 0 0 256 0 0 0 243 0 0
