"site" "RSA" "aa1" "aa2" "aa3" "aa4" "aa5" "aa6" "aa7" "aa8" "aa9" "aa10" "aa11" "aa12" "aa13" "aa14" "aa15" "aa16" "aa17" "aa18" "aa19" "aa20"
"0" 0 0.279816513761 0 0 2 0 0 0 0 1 245 0 2 0 0 0 0 0 0 0 0 250
"1" 1 0.42194092827 0 0 13 0 14 30 1 0 152 4 5 4 19 0 20 139 1 79 11 8
"2" 2 0.385057471264 0 0 1 0 0 51 174 0 132 0 6 0 0 0 19 0 115 1 0 1
"3" 3 0.511494252874 0 1 2 1 4 16 165 0 5 0 6 2 10 0 5 0 227 45 0 11
"4" 4 0.476793248945 0 1 3 0 34 97 0 0 0 7 19 2 7 15 168 0 0 119 15 13
"5" 5 0.383928571429 0 18 109 14 3 3 0 0 0 0 43 0 0 0 6 0 0 302 0 2
"6" 6 0.317991631799 0 1 16 5 10 35 5 0 153 27 15 1 20 6 78 1 18 8 90 11
"7" 7 0.675496688742 0 6 23 4 43 128 46 4 52 0 12 1 2 0 15 7 110 43 0 4
"8" 8 0.258620689655 0 0 2 0 7 6 3 0 2 0 1 0 0 21 0 0 454 0 0 4
"9" 9 0.481012658228 500 0 0 0 0 0 0 0 0 0 0 0 0 0 0 0 0 0 0 0
"10" 10 0.423076923077 0 1 0 33 6 3 0 0 0 0 0 452 0 2 0 0 0 2 0 1
"11" 11 0.0288461538462 0 0 0 0 0 0 0 0 0 0 0 500 0 0 0 0 0 0 0 0
"12" 12 0.35401459854 0 1 7 0 14 64 0 0 18 0 40 2 10 0 298 1 1 14 2 28
"13" 13 0.0646766169154 0 0 1 0 15 1 0 0 0 1 2 0 1 420 4 1 0 27 0 27
"14" 14 0.0304568527919 0 0 0 0 0 0 396 0 6 0 0 0 0 0 0 0 95 1 0 2
"15" 15 0.177215189873 0 3 1 0 11 122 8 0 21 1 2 0 9 82 49 4 155 17 2 13
"16" 16 0.00497512437811 0 0 0 0 0 0 0 0 0 0 0 0 0 500 0 0 0 0 0 0
"17" 17 0.0728476821192 0 0 11 0 63 11 70 0 5 1 109 36 0 9 117 0 13 25 1 29
"18" 18 0.0239234449761 0 0 2 0 0 0 0 0 21 0 2 2 472 0 0 0 0 0 0 1
"19" 19 0.635897435897 0 11 4 8 2 9 17 0 8 72 1 0 6 109 1 14 21 14 202 1
"20" 20 0.0529801324503 0 0 500 0 0 0 0 0 0 0 0 0 0 0 0 0 0 0 0 0
"21" 21 0.569230769231 0 22 123 48 27 32 0 0 135 0 18 9 2 21 4 0 1 40 4 14
"22" 22 0.0993377483444 0 0 222 0 12 0 0 0 0 0 256 5 0 0 0 0 0 5 0 0
"23" 23 0.0 0 0 6 0 0 0 0 0 493 0 1 0 0 0 0 0 0 0 0 0
"24" 24 0.510548523207 0 2 0 371 10 10 0 0 0 1 0 95 2 2 2 0 0 0 5 0
"25" 25 0.0639534883721 0 0 27 0 7 0 0 0 459 0 7 0 0 0 0 0 0 0 0 0
"26" 26 0.377483443709 0 8 0 7 5 13 51 0 29 103 5 0 6 2 2 7 77 23 157 5
"27" 27 0.00917431192661 0 0 1 0 0 0 0 0 1 0 0 0 0 0 0 0 0 0 0 498
"28" 28 0.405128205128 0 3 5 7 12 67 38 0 2 10 1 0 1 55 25 191 3 54 17 9
"29" 29 0.0 0 0 0 0 0 0 1 0 0 0 0 0 0 0 0 0 499 0 0 0
"30" 30 0.0205128205128 0 8 3 333 0 0 22 0 1 2 81 4 12 0 4 0 20 0 0 10
"31" 31 0.0 0 0 0 0 0 0 492 0 0 0 0 0 0 0 0 0 8 0 0 0
"32" 32 0.0 0 0 0 0 0 0 0 0 0 21 0 0 0 0 0 0 0 0 479 0
"33" 33 0.00497512437811 0 0 0 0 0 0 0 0 0 0 0 0 0 499 0 0 0 0 0 1
"34" 34 0.0 0 0 0 0 0 0 0 500 0 0 0 0 0 0 0 0 0 0 0 0
"35" 35 0.451476793249 0 2 120 5 30 188 1 0 0 0 45 58 0 0 32 0 1 16 0 2
"36" 36 0.33971291866 0 7 28 1 79 66 1 0 9 6 89 3 15 8 9 24 6 57 15 77
"37" 37 0.190114068441 0 3 169 4 0 0 0 0 24 0 77 5 28 0 0 0 0 0 190 0
"38" 38 0.311787072243 0 10 2 35 0 1 0 0 0 54 0 131 2 1 2 0 0 1 260 1
"39" 39 0.302325581395 0 0 7 0 0 0 0 0 0 0 47 446 0 0 0 0 0 0 0 0
"40" 40 0.596412556054 0 1 45 2 3 0 0 0 238 0 2 203 1 0 4 0 1 0 0 0
"41" 41 0.730569948187 0 40 2 3 119 132 0 0 164 0 0 2 0 0 1 0 0 37 0 0
"42" 42 0.502092050209 0 18 0 35 3 1 0 0 0 0 0 11 0 0 28 0 0 104 0 300
"43" 43 0.899371069182 0 68 120 36 13 16 2 143 29 0 10 2 3 5 7 0 4 38 2 2
"44" 44 0.649635036496 0 121 32 28 46 36 8 0 88 1 8 6 0 18 14 0 19 71 0 4
"45" 45 0.138461538462 0 0 1 0 0 1 0 0 0 1 0 411 5 9 72 0 0 0 0 0
"46" 46 0.53164556962 0 126 78 85 0 4 0 0 0 0 93 108 0 0 6 0 0 0 0 0
"47" 47 0.21897810219 0 42 21 52 91 85 7 0 36 1 22 14 15 33 40 3 4 21 4 9
"48" 48 0.0710659898477 0 0 0 0 0 0 456 0 3 0 0 0 0 7 0 0 34 0 0 0
"49" 49 0.0062893081761 0 0 0 0 0 0 0 500 0 0 0 0 0 0 0 0 0 0 0 0
"50" 50 0.0 0 0 0 0 0 0 1 0 498 0 1 0 0 0 0 0 0 0 0 0
"51" 51 0.0 0 0 0 0 0 0 0 0 0 0 0 0 0 14 0 0 481 5 0 0
"52" 52 0.0 0 0 0 0 0 0 0 0 0 489 0 0 0 0 0 0 0 0 11 0
"53" 53 0.0 0 0 0 0 0 0 0 0 0 310 0 0 36 0 0 0 0 0 154 0
"54" 54 0.0 0 0 0 0 0 0 0 0 0 1 0 0 0 499 0 0 0 0 0 0
"55" 55 0.0 0 2 58 15 0 0 0 0 8 0 201 36 0 155 0 0 24 1 0 0
"56" 56 0.0288461538462 0 0 28 0 0 0 0 14 148 0 0 310 0 0 0 0 0 0 0 0
"57" 57 0.089552238806 0 0 0 0 0 0 16 41 0 0 0 0 0 438 0 0 5 0 0 0
"58" 58 0.470930232558 0 0 0 0 0 0 0 0 0 0 0 499 0 0 1 0 0 0 0 0
"59" 59 0.0822784810127 500 0 0 0 0 0 0 0 0 0 0 0 0 0 0 0 0 0 0 0
"60" 60 0.273255813953 0 6 13 18 22 40 11 0 97 2 6 7 3 9 35 2 159 58 4 8
"61" 61 0.0062893081761 0 0 0 0 0 0 0 499 0 0 1 0 0 0 0 0 0 0 0 0
"62" 62 0.222797927461 0 303 25 29 8 17 0 0 12 0 13 4 1 9 30 0 2 45 0 2
"63" 63 0.215384615385 0 135 3 35 20 4 0 0 2 1 50 8 147 0 0 0 0 68 3 24
"64" 64 0.0 0 0 2 0 0 0 0 0 0 0 497 1 0 0 0 0 0 0 0 0
"65" 65 0.0596026490066 0 0 247 0 0 0 0 0 2 0 248 3 0 0 0 0 0 0 0 0
"66" 66 0.611607142857 0 24 26 69 58 83 1 0 63 1 12 2 2 59 48 3 8 30 2 9
"67" 67 0.396624472574 0 3 1 19 53 171 0 0 0 0 1 0 12 191 17 0 0 9 14 9
"68" 68 0.0 0 0 4 0 0 0 0 0 0 0 495 1 0 0 0 0 0 0 0 0
"69" 69 0.493723849372 0 12 3 196 21 63 0 0 0 9 3 81 21 3 55 0 0 4 27 2
"70" 70 0.0 0 0 0 0 0 0 0 0 0 0 0 0 0 0 0 500 0 0 0 0
"71" 71 0.0717488789238 0 0 8 0 420 0 0 0 3 0 62 0 0 0 0 0 0 7 0 0
"72" 72 0.564853556485 0 24 60 21 54 69 4 0 26 4 28 3 3 35 29 2 10 110 13 5
"73" 73 0.0582959641256 0 0 6 1 258 0 0 0 71 0 9 0 0 0 0 0 0 55 0 100
"74" 74 0.0 0 0 4 0 0 0 0 0 0 0 495 1 0 0 0 0 0 0 0 0
"75" 75 0.0621761658031 0 500 0 0 0 0 0 0 0 0 0 0 0 0 0 0 0 0 0 0
"76" 76 0.535864978903 0 0 2 3 19 311 2 0 34 0 9 1 3 48 44 0 0 21 0 3
"77" 77 0.125475285171 0 0 0 0 0 0 0 0 0 265 0 0 2 0 0 2 0 0 231 0
"78" 78 0.0384615384615 0 0 0 0 0 0 0 0 0 0 0 500 0 0 0 0 0 0 0 0
"79" 79 0.0 0 0 0 0 0 0 0 0 0 500 0 0 0 0 0 0 0 0 0 0
"80" 80 0.0 0 0 5 0 0 0 0 0 0 0 490 5 0 0 0 0 0 0 0 0
"81" 81 0.0 0 0 0 0 0 0 477 0 0 0 0 0 0 0 0 0 23 0 0 0
"82" 82 0.0 0 0 0 0 0 0 0 0 0 0 0 0 0 0 0 0 500 0 0 0
"83" 83 0.0 0 0 0 0 0 0 0 0 0 500 0 0 0 0 0 0 0 0 0 0
"84" 84 0.0 0 0 0 0 0 0 0 500 0 0 0 0 0 0 0 0 0 0 0 0
"85" 85 0.020725388601 0 27 9 1 0 0 0 0 0 0 83 8 372 0 0 0 0 0 0 0
"86" 86 0.0 0 0 34 0 0 0 0 0 457 0 9 0 0 0 0 0 0 0 0 0
"87" 87 0.0 0 0 488 0 0 0 0 0 0 0 11 1 0 0 0 0 0 0 0 0
"88" 88 0.0 0 0 0 0 0 0 0 500 0 0 0 0 0 0 0 0 0 0 0 0
"89" 89 0.259124087591 0 0 0 8 112 0 0 0 0 0 18 327 0 2 0 1 2 29 1 0
"90" 90 0.240384615385 0 0 0 0 0 0 0 0 0 0 0 500 0 0 0 0 0 0 0 0
"91" 91 0.891191709845 0 59 89 48 19 18 2 134 38 0 12 4 0 9 1 1 2 59 1 4
"92" 92 0.522321428571 0 49 29 129 38 32 13 0 74 7 5 6 16 27 13 0 16 18 15 13
"93" 93 0.0459770114943 0 0 0 0 0 0 0 0 0 0 0 0 0 0 0 0 500 0 0 0
"94" 94 0.209302325581 0 0 66 0 4 1 0 0 0 0 416 7 0 0 0 0 0 2 1 3
"95" 95 0.384615384615 0 10 149 120 12 35 0 0 2 7 13 14 17 3 31 0 0 10 30 47
"96" 96 0.0518134715026 0 499 0 1 0 0 0 0 0 0 0 0 0 0 0 0 0 0 0 0
"97" 97 0.685534591195 0 17 8 3 5 9 0 434 1 0 6 5 0 1 0 0 1 9 0 1
"98" 98 0.71875 0 24 112 94 25 20 0 0 176 0 2 5 12 8 4 0 0 10 6 2
"99" 99 0.625 0 0 0 0 0 0 0 0 0 0 0 500 0 0 0 0 0 0 0 0
"100" 100 0.238410596026 0 13 383 1 6 1 0 0 0 0 65 26 0 0 3 0 0 2 0 0
"101" 101 0.521276595745 0 30 48 38 41 19 2 2 54 0 10 11 2 19 2 194 2 17 2 7
"102" 102 0.129533678756 0 490 1 9 0 0 0 0 0 0 0 0 0 0 0 0 0 0 0 0
"103" 103 0.0251046025105 0 0 0 0 0 0 0 0 0 498 0 0 1 0 0 0 0 0 1 0
"104" 104 0.0 0 0 0 0 0 0 0 0 0 0 0 500 0 0 0 0 0 0 0 0
"105" 105 0.188340807175 0 20 28 10 362 1 4 0 1 0 58 7 0 0 1 0 2 6 0 0
"106" 106 0.0 0 0 0 0 0 0 0 0 0 0 0 500 0 0 0 0 0 0 0 0
"107" 107 0.0 0 0 0 0 0 0 0 0 0 0 500 0 0 0 0 0 0 0 0 0
"108" 108 0.00961538461538 0 0 0 0 0 0 0 0 0 0 0 500 0 0 0 0 0 0 0 0
"109" 109 0.00418410041841 0 0 0 0 0 0 0 0 0 18 0 0 0 0 0 0 0 0 482 0
"110" 110 0.0114068441065 0 0 0 0 0 0 0 0 0 37 0 0 0 0 0 0 0 0 463 0
"111" 111 0.00995024875622 0 0 0 0 0 0 0 0 0 0 0 0 0 500 0 0 0 0 0 0
"112" 112 0.128205128205 0 58 2 422 0 5 0 0 0 0 4 0 0 0 3 0 5 0 0 1
"113" 113 0.0232558139535 0 0 5 0 0 0 0 0 0 0 495 0 0 0 0 0 0 0 0 0
"114" 114 0.529069767442 0 5 4 16 87 40 0 0 131 39 1 4 20 28 1 4 0 52 65 3
"115" 115 0.32735426009 0 2 9 335 34 3 5 0 0 0 2 0 4 0 37 0 32 11 0 26
"116" 116 0.6875 0 90 2 12 12 85 3 0 23 7 11 8 0 40 8 1 8 180 5 5
"117" 117 0.490566037736 0 16 0 10 5 16 0 434 0 0 7 1 0 5 1 0 0 3 0 2
"118" 118 0.0950570342205 0 0 0 0 0 0 0 0 0 3 0 0 5 0 0 0 0 0 492 0
"119" 119 0.15503875969 0 0 3 0 19 203 0 0 0 0 150 0 0 0 115 0 0 3 0 7
"120" 120 0.533632286996 0 54 30 103 18 60 0 0 12 0 40 11 0 38 105 0 0 17 2 10
"121" 121 0.0430622009569 0 0 0 0 0 0 0 0 0 0 0 0 487 0 0 0 0 0 13 0
"122" 122 0.00380228136882 0 0 0 0 0 0 0 0 0 0 0 0 0 0 0 0 0 0 500 0
"123" 123 0.206278026906 0 0 0 52 442 2 0 0 0 0 1 0 0 3 0 0 0 0 0 0
"124" 124 0.0 0 1 0 0 0 0 0 0 0 0 0 0 0 0 0 0 0 0 0 499
"125" 125 0.125475285171 0 0 0 0 0 0 0 0 0 305 0 0 3 0 0 76 0 0 116 0
"126" 126 0.295336787565 0 136 15 74 1 76 1 0 21 22 91 2 0 1 5 0 0 13 34 8
"127" 127 0.0 0 0 0 0 0 0 0 0 0 16 0 0 0 0 0 0 0 0 484 0
"128" 128 0.0 0 0 0 0 0 0 253 0 2 0 7 0 0 0 0 0 238 0 0 0
"129" 129 0.0430622009569 0 2 0 17 0 0 0 0 6 0 0 0 475 0 0 0 0 0 0 0
"130" 130 0.447257383966 0 0 0 9 0 111 1 0 6 2 1 0 233 3 88 0 5 40 1 0
"131" 131 0.138392857143 0 0 0 0 0 0 0 0 0 0 0 0 0 0 0 0 0 500 0 0
"132" 132 0.0 0 0 0 0 0 0 0 0 0 0 0 0 0 500 0 0 0 0 0 0
"133" 133 0.0 0 0 0 0 0 0 0 500 0 0 0 0 0 0 0 0 0 0 0 0
"134" 134 0.547085201794 0 5 22 37 35 176 2 0 29 2 20 1 8 22 81 2 5 36 5 12
"135" 135 0.209302325581 0 0 7 0 20 3 0 0 6 0 115 0 0 0 54 0 0 275 0 20
"136" 136 0.0 0 0 0 0 0 0 0 0 0 0 0 0 0 500 0 0 0 0 0 0
"137" 137 0.274611398964 0 1 9 2 3 23 0 0 0 27 201 1 81 1 3 48 0 1 92 7
"138" 138 0.602649006623 0 18 28 94 44 73 11 0 33 0 90 5 1 23 12 10 0 48 9 1
"139" 139 0.363636363636 0 0 0 0 0 2 0 0 0 56 1 0 359 0 0 4 0 1 77 0
"140" 140 0.167364016736 0 0 0 0 0 0 0 0 0 409 0 0 2 0 0 87 0 0 2 0
"141" 141 0.512820512821 0 4 6 201 37 0 0 0 203 0 13 10 0 0 0 0 0 26 0 0
"142" 142 0.392405063291 0 0 37 118 47 76 0 0 0 0 26 137 2 2 7 1 0 1 46 0
"143" 143 0.0248756218905 0 0 0 0 0 0 1 0 0 0 0 0 0 499 0 0 0 0 0 0
"144" 144 0.0673575129534 0 500 0 0 0 0 0 0 0 0 0 0 0 0 0 0 0 0 0 0
"145" 145 0.0 0 0 0 0 0 0 0 0 0 500 0 0 0 0 0 0 0 0 0 0
"146" 146 0.318407960199 0 1 8 2 9 3 1 0 63 0 2 1 0 380 7 0 12 8 0 3
"147" 147 0.518134715026 0 19 47 137 89 21 9 0 7 0 6 101 29 0 7 0 10 16 2 0
"148" 148 0.112820512821 0 1 1 488 0 0 0 0 0 0 4 0 0 2 1 1 1 0 0 1
"149" 149 0.0 0 0 0 0 0 0 346 0 1 0 0 0 0 0 6 0 147 0 0 0
"150" 150 0.0 0 0 13 0 0 0 0 0 0 0 486 1 0 0 0 0 0 0 0 0
"151" 151 0.0 0 0 0 0 0 0 462 0 0 0 0 0 0 0 0 0 38 0 0 0
"152" 152 0.0 0 0 90 0 0 0 0 0 5 0 387 2 0 0 0 0 16 0 0 0
"153" 153 0.0 0 0 0 0 0 0 0 0 0 0 0 500 0 0 0 0 0 0 0 0
"154" 154 0.0430622009569 0 0 15 0 0 0 0 0 52 0 49 0 342 0 0 0 35 0 0 7
"155" 155 0.0264900662252 0 1 0 0 6 0 0 0 0 0 0 467 0 0 0 0 0 20 0 6
"156" 156 0.0 0 0 0 0 0 0 0 0 0 0 0 0 0 0 0 0 0 0 0 500
"157" 157 0.0 0 0 0 0 0 0 0 0 0 0 0 500 0 0 0 0 0 0 0 0
"158" 158 0.0 0 0 0 0 0 0 0 0 0 0 0 500 0 0 0 0 0 0 0 0
"159" 159 0.00380228136882 0 0 1 1 6 0 0 0 0 3 31 0 0 372 0 0 0 1 0 85
"160" 160 0.0192307692308 0 0 0 0 0 0 0 0 0 0 0 500 0 0 0 0 0 0 0 0
"161" 161 0.0 0 0 1 0 0 0 0 0 0 0 499 0 0 0 0 0 0 0 0 0
"162" 162 0.010152284264 0 0 0 0 0 0 477 0 0 0 0 0 0 6 0 0 17 0 0 0
"163" 163 0.0189873417722 500 0 0 0 0 0 0 0 0 0 0 0 0 0 0 0 0 0 0 0
"164" 164 0.00961538461538 0 0 10 0 0 0 0 0 0 0 11 479 0 0 0 0 0 0 0 0
"165" 165 0.0152091254753 0 0 0 0 0 0 0 0 0 257 0 0 0 0 0 0 0 0 243 0
"166" 166 0.00995024875622 0 0 0 0 0 0 0 0 0 0 0 0 0 500 0 0 0 0 0 0
"167" 167 0.291139240506 0 1 12 2 4 41 25 0 4 0 20 4 0 34 0 0 1 2 1 349
"168" 168 0.125 0 3 0 20 4 0 0 0 3 0 1 418 43 5 1 0 0 0 0 2
"169" 169 0.041825095057 0 0 0 0 0 0 0 0 0 11 0 0 0 0 0 0 0 0 489 0
"170" 170 0.794701986755 0 154 67 47 7 57 1 5 43 0 13 8 5 41 6 0 4 25 0 17
"171" 171 0.567307692308 0 78 12 161 50 43 0 0 14 2 16 10 9 27 6 0 0 55 7 10
"172" 172 0.518987341772 0 194 3 189 11 39 0 0 0 1 4 21 10 1 13 0 0 9 3 2
"173" 173 0.189781021898 0 6 11 1 107 14 0 0 11 0 110 83 0 60 53 0 0 19 0 25
"174" 174 0.0380228136882 0 0 0 0 0 0 0 0 0 5 0 0 0 0 0 0 0 0 495 0
"175" 175 0.447257383966 0 0 0 3 145 281 0 0 4 0 17 2 0 0 6 0 0 10 0 32
"176" 176 0.00662251655629 0 0 460 0 0 0 0 0 0 0 37 3 0 0 0 0 0 0 0 0
"177" 177 0.0 500 0 0 0 0 0 0 0 0 0 0 0 0 0 0 0 0 0 0 0
"178" 178 0.0 0 0 500 0 0 0 0 0 0 0 0 0 0 0 0 0 0 0 0 0
"179" 179 0.0 0 0 0 0 0 0 0 0 0 0 499 1 0 0 0 0 0 0 0 0
"180" 180 0.0 0 0 0 0 0 0 0 0 0 500 0 0 0 0 0 0 0 0 0 0
"181" 181 0.0 0 10 234 10 0 0 0 0 0 0 231 14 0 0 0 1 0 0 0 0
"182" 182 0.0 0 0 0 0 0 0 0 500 0 0 0 0 0 0 0 0 0 0 0 0
"183" 183 0.0 0 0 0 0 4 0 482 0 1 0 0 0 0 3 0 0 3 2 0 5
"184" 184 0.00574712643678 0 1 2 2 0 0 0 0 26 0 0 0 0 0 0 0 469 0 0 0
"185" 185 0.0820512820513 0 33 31 141 1 112 0 0 0 0 156 2 18 0 0 0 0 1 1 4
"186" 186 0.0062893081761 0 0 0 0 0 0 0 495 0 0 2 0 0 3 0 0 0 0 0 0
"187" 187 0.0993377483444 0 5 194 12 7 3 0 0 152 0 26 7 0 0 4 0 0 15 0 75
"188" 188 0.564102564103 0 1 0 0 0 0 0 0 0 0 0 499 0 0 0 0 0 0 0 0
"189" 189 0.00574712643678 0 0 5 15 0 0 0 0 38 0 34 0 7 0 0 0 401 0 0 0
"190" 190 0.389937106918 0 9 0 0 13 4 5 341 11 0 3 13 0 0 1 0 5 94 0 1
"191" 191 0.0602836879433 0 0 1 0 0 0 0 0 0 0 0 0 0 0 0 495 0 1 2 1
"192" 192 0.0 0 0 0 0 0 0 0 0 0 0 0 500 0 0 0 0 0 0 0 0
"193" 193 0.313901345291 0 14 0 15 20 5 19 0 1 0 6 1 0 115 2 0 0 293 0 9
"194" 194 0.26582278481 0 0 0 0 0 496 0 0 2 0 0 0 1 1 0 0 0 0 0 0
"195" 195 0.0 0 0 1 0 0 0 0 0 0 0 498 1 0 0 0 0 0 0 0 0
"196" 196 0.00418410041841 0 0 0 0 0 0 21 0 2 469 3 0 1 0 1 0 1 1 0 1
"197" 197 0.544303797468 0 48 12 65 41 126 12 0 14 1 38 7 1 34 26 1 2 41 2 29
"198" 198 0.201923076923 0 0 0 0 0 0 0 0 0 0 0 500 0 0 0 0 0 0 0 0
"199" 199 0.0 0 0 0 0 0 0 0 0 0 245 0 0 0 0 0 0 0 0 255 0
"200" 200 0.0746268656716 0 0 0 0 0 0 0 0 0 0 0 0 0 500 0 0 0 0 0 0
"201" 201 0.346153846154 0 0 0 0 0 0 0 0 0 0 1 499 0 0 0 0 0 0 0 0
"202" 202 0.803571428571 0 0 18 0 0 1 0 0 0 0 31 80 0 0 0 0 0 370 0 0
"203" 203 0.152482269504 0 0 78 0 3 6 0 0 34 0 1 129 0 0 248 0 0 0 0 1
"204" 204 0.544642857143 0 78 14 14 8 100 6 0 38 5 36 6 0 1 19 4 26 133 6 6
"205" 205 0.410852713178 0 39 25 52 75 13 6 0 11 0 16 4 0 12 10 0 2 214 3 18
"206" 206 0.110266159696 0 0 0 0 0 0 0 0 0 182 0 0 1 0 0 0 0 0 317 0
"207" 207 0.0 0 360 0 124 1 0 2 0 2 0 1 0 0 0 0 0 10 0 0 0
"208" 208 0.0 0 0 0 0 0 0 0 499 0 0 1 0 0 0 0 0 0 0 0 0
"209" 209 0.0696202531646 500 0 0 0 0 0 0 0 0 0 0 0 0 0 0 0 0 0 0 0
"210" 210 0.293532338308 0 19 1 33 27 103 3 0 7 2 6 1 0 258 21 2 0 5 1 11
"211" 211 0.124378109453 0 0 0 1 0 0 39 0 0 0 3 0 0 456 0 0 1 0 0 0
"212" 212 0.00507614213198 0 0 2 0 0 0 455 0 0 0 1 0 0 0 0 0 40 0 0 2
"213" 213 0.42194092827 0 1 2 1 329 88 0 0 12 0 7 1 0 0 51 0 0 8 0 0
"214" 214 0.738461538462 0 16 1 183 42 75 35 0 37 2 0 3 9 10 15 2 2 29 24 15
"215" 215 0.182741116751 0 0 0 0 1 2 439 0 9 0 1 0 0 1 0 0 47 0 0 0
"216" 216 0.777372262774 0 17 11 7 114 71 42 0 47 4 5 0 2 23 16 0 60 65 14 2
"217" 217 0.143540669856 0 0 0 0 0 0 0 0 0 0 0 0 500 0 0 0 0 0 0 0
"218" 218 0.402298850575 0 0 17 2 7 21 114 0 14 11 2 2 4 55 63 1 148 10 27 2
"219" 219 0.576923076923 0 0 2 0 0 0 0 0 0 0 0 498 0 0 0 0 0 0 0 0
"220" 220 0.699481865285 0 87 23 124 39 18 4 0 109 4 4 13 12 23 4 0 4 16 5 11
"221" 221 0.238341968912 0 475 7 0 0 0 0 0 2 0 8 0 3 0 0 0 4 1 0 0
"222" 222 0.310218978102 0 1 82 7 34 31 0 0 7 0 46 1 0 21 35 0 0 73 0 162
"223" 223 0.010152284264 0 0 0 0 0 0 468 0 0 0 0 0 0 0 0 0 32 0 0 0
"224" 224 0.0248756218905 0 0 0 0 0 0 0 0 0 0 0 0 0 497 0 0 0 0 0 3
"225" 225 0.00507614213198 0 0 0 0 0 0 486 0 0 0 0 0 0 0 0 0 14 0 0 0
"226" 226 0.0143540669856 0 0 0 0 0 0 0 0 0 0 0 0 500 0 0 0 0 0 0 0
"227" 227 0.00574712643678 0 2 359 1 1 0 0 0 0 1 119 2 13 0 0 0 2 0 0 0
"228" 228 0.0 0 0 0 0 0 0 0 0 0 0 0 500 0 0 0 0 0 0 0 0
"229" 229 0.295336787565 0 395 0 94 8 0 0 0 0 0 0 0 0 2 0 0 0 0 0 1
"230" 230 0.41059602649 0 2 5 13 249 112 0 0 0 0 25 20 0 0 23 0 0 4 0 47
"231" 231 0.0310880829016 0 299 12 160 0 1 9 0 0 0 8 0 7 0 0 0 4 0 0 0
"232" 232 0.566037735849 0 11 2 5 5 11 0 439 3 0 6 1 0 4 6 0 0 6 0 1
"233" 233 0.255230125523 0 0 6 4 0 0 0 0 29 91 0 1 67 0 1 3 0 0 298 0
"234" 234 0.0746268656716 0 0 20 0 6 65 0 0 0 40 40 8 8 197 45 1 0 1 59 10
"235" 235 0.75 0 125 66 71 14 67 0 0 19 0 39 14 1 29 9 0 0 39 0 7
"236" 236 0.482142857143 0 7 13 24 30 76 5 0 39 9 8 2 27 9 41 5 54 35 113 3
"237" 237 0.0430622009569 0 1 0 0 3 0 0 0 0 117 0 0 134 0 0 0 0 0 245 0
"238" 238 0.0 0 0 5 0 0 1 0 0 0 0 437 2 0 0 0 0 0 0 0 55
"239" 239 0.291139240506 0 50 0 29 1 20 327 0 0 0 0 0 0 2 16 1 46 2 1 5
"240" 240 0.0062893081761 0 0 0 0 0 0 0 499 0 0 1 0 0 0 0 0 0 0 0 0
"241" 241 0.379464285714 0 91 19 46 51 68 1 0 0 0 53 6 2 6 43 0 3 98 1 12
"242" 242 0.203980099502 0 13 9 16 60 25 0 0 2 5 23 1 1 200 6 0 0 108 18 13
"243" 243 0.0149253731343 0 0 0 0 2 0 0 0 0 0 0 0 0 496 0 0 0 0 0 2
"244" 244 0.388059701493 0 2 3 3 27 13 16 0 1 1 25 0 0 329 42 1 5 21 0 11
"245" 245 0.526785714286 0 9 0 20 4 47 0 0 0 1 9 0 0 22 26 0 0 359 2 1
"246" 246 0.062015503876 0 0 35 0 0 0 0 0 0 0 460 5 0 0 0 0 0 0 0 0
"247" 247 0.0172413793103 0 2 121 0 0 0 0 0 6 0 353 4 0 0 0 0 10 0 0 4
"248" 248 0.544303797468 0 0 10 0 14 376 2 0 3 0 9 0 0 19 57 0 2 5 0 3
"249" 249 0.798449612403 0 30 2 283 5 16 0 0 0 0 1 141 8 1 4 0 0 8 1 0
"250" 250 0.191860465116 0 0 39 0 2 0 5 0 42 0 145 6 0 0 0 0 261 0 0 0
"251" 251 0.350993377483 0 21 340 4 4 9 0 12 52 1 17 0 0 29 3 0 0 4 1 3
"252" 252 0.0 0 0 0 0 0 0 0 0 0 0 0 0 0 0 0 500 0 0 0 0
"253" 253 0.340807174888 0 2 15 1 130 13 0 0 1 5 9 0 3 71 2 12 0 217 15 4
"254" 254 0.632124352332 0 0 0 0 0 1 0 0 0 0 0 499 0 0 0 0 0 0 0 0
"255" 255 0.247148288973 0 0 0 2 0 0 0 0 0 14 0 0 56 0 0 2 0 0 426 0
"256" 256 0.051724137931 0 0 0 0 0 0 45 0 1 0 0 0 0 0 0 0 454 0 0 0
"257" 257 0.236607142857 0 5 9 4 20 27 89 0 29 3 0 0 0 87 11 0 129 67 14 6
"258" 258 0.233502538071 0 0 0 0 0 0 482 0 0 0 0 0 0 0 0 0 18 0 0 0
"259" 259 0.299578059072 0 2 0 7 9 207 101 0 11 2 2 0 0 2 15 0 122 16 2 2
"260" 260 0.409282700422 0 22 2 2 158 70 10 16 50 0 6 3 0 5 31 0 14 108 0 3
"261" 261 0.166666666667 0 0 6 0 0 0 0 0 0 0 43 0 0 0 0 0 451 0 0 0
"262" 262 0.751196172249 0 5 56 8 22 57 59 0 67 2 21 0 7 0 4 0 108 81 0 3
"263" 263 0.413461538462 0 0 0 0 0 0 0 0 0 0 0 500 0 0 0 0 0 0 0 0
"264" 264 0.251046025105 0 0 0 0 22 13 0 0 0 188 0 0 12 0 4 12 0 1 248 0
"265" 265 0.424870466321 0 4 34 3 0 4 0 0 3 0 0 427 0 6 3 0 0 4 3 9
"266" 266 0.124401913876 0 35 240 19 7 2 0 16 0 0 57 41 33 0 8 1 0 39 2 0
"267" 267 0.251655629139 0 406 51 28 0 1 0 0 2 0 1 9 0 0 0 0 0 2 0 0
"268" 268 0.0760456273764 0 0 0 0 0 0 0 0 1 163 0 0 1 0 0 7 0 0 328 0
"269" 269 0.726235741445 0 33 14 68 22 50 0 0 14 0 16 10 2 8 202 0 5 49 1 6
"270" 270 0.00418410041841 0 0 0 0 0 0 0 0 0 499 0 0 0 0 0 0 0 0 0 1
"271" 271 0.0 0 0 0 0 0 0 41 0 0 0 1 0 0 0 0 0 458 0 0 0
"272" 272 0.0728476821192 0 0 288 0 1 7 0 0 0 0 195 4 0 0 5 0 0 0 0 0
"273" 273 0.395348837209 0 0 19 0 202 29 0 0 111 0 44 0 0 0 8 0 0 73 0 14
"274" 274 0.125523012552 0 0 0 0 0 0 0 0 0 479 0 0 4 0 0 0 0 0 17 0
"275" 275 0.00574712643678 0 0 0 0 0 0 0 0 0 0 3 0 0 0 0 0 497 0 0 0
"276" 276 0.333333333333 0 0 1 0 0 1 0 491 0 0 0 0 0 0 0 0 0 7 0 0
"277" 277 0.325892857143 0 27 0 0 25 5 2 0 9 0 7 0 2 0 2 0 21 393 0 7
"278" 278 0.0 0 0 0 0 0 0 0 0 0 0 0 0 500 0 0 0 0 0 0 0
"279" 279 0.0 0 0 1 0 0 0 0 0 0 0 499 0 0 0 0 0 0 0 0 0
"280" 280 0.428571428571 0 1 3 1 4 42 0 0 13 0 17 0 1 50 14 0 0 344 9 1
"281" 281 0.10460251046 0 0 0 0 0 0 0 0 0 481 0 0 0 0 0 1 0 0 18 0
"282" 282 0.0 0 0 0 0 0 0 0 0 0 0 0 0 500 0 0 0 0 0 0 0
"283" 283 0.0 0 0 0 0 0 0 0 0 0 0 499 1 0 0 0 0 0 0 0 0
"284" 284 0.503649635036 0 0 2 0 26 37 19 0 0 1 9 2 0 4 334 0 3 50 0 13
"285" 285 0.292307692308 0 7 1 41 78 40 0 0 2 6 32 1 40 2 42 66 0 19 7 116
"286" 286 0.0398009950249 0 0 0 0 0 0 0 0 0 0 0 0 0 500 0 0 0 0 0 0
"287" 287 0.596153846154 0 0 0 1 0 0 0 0 0 0 0 499 0 0 0 0 0 0 0 0
"288" 288 0.238805970149 0 0 0 0 0 0 0 0 0 0 0 0 0 500 0 0 0 0 0 0
"289" 289 0.609137055838 0 13 13 5 0 7 172 0 196 0 10 2 1 8 2 0 63 4 3 1
