"site" "RSA" "aa1" "aa2" "aa3" "aa4" "aa5" "aa6" "aa7" "aa8" "aa9" "aa10" "aa11" "aa12" "aa13" "aa14" "aa15" "aa16" "aa17" "aa18" "aa19" "aa20"
"0" 0 0.805031446541 0 0 0 0 0 0 0 25 0 0 0 0 0 0 0 0 0 0 0 0
"1" 1 0.041825095057 0 0 0 0 0 0 0 1 0 1 0 0 1 0 0 0 0 2 26 0
"2" 2 0.0 0 0 0 0 0 0 46 0 0 0 0 0 0 4 0 0 18 0 0 0
"3" 3 0.0 0 0 0 0 0 0 1 0 0 0 0 0 0 64 0 0 3 0 0 0
"4" 4 0.0 0 0 0 0 0 0 11 0 0 0 0 0 0 0 0 0 57 0 0 0
"5" 5 0.0 0 0 0 0 0 0 0 0 0 0 0 0 0 66 0 0 2 0 0 0
"6" 6 0.041825095057 0 0 0 0 0 0 0 0 0 6 0 0 0 0 0 0 0 0 62 0
"7" 7 0.167300380228 0 0 0 0 0 0 0 0 0 1 0 0 2 0 0 0 0 0 65 0
"8" 8 0.158940397351 0 0 68 0 0 0 0 0 0 0 0 0 0 0 0 0 0 0 0 0
"9" 9 0.226277372263 0 0 2 1 6 2 0 0 1 0 0 1 8 0 45 0 2 0 0 0
"10" 10 0.77990430622 0 0 4 6 1 1 0 0 5 1 0 7 31 0 4 0 0 0 8 0
"11" 11 0.365384615385 0 0 0 0 0 0 0 0 0 0 0 68 0 0 0 0 0 0 0 0
"12" 12 0.139534883721 0 0 35 4 2 1 0 0 2 0 23 0 1 0 0 0 0 0 0 0
"13" 13 0.00581395348837 0 0 0 0 0 0 0 0 46 0 0 0 0 0 0 0 22 0 0 0
"14" 14 0.193798449612 0 0 0 0 3 15 0 0 0 0 24 0 0 1 21 0 0 4 0 0
"15" 15 0.348214285714 0 6 0 7 8 5 0 0 3 0 18 0 0 1 4 0 1 15 0 0
"16" 16 0.0045871559633 0 0 0 0 0 0 0 0 0 0 0 0 0 38 0 0 1 0 0 30
"17" 17 0.0 0 0 1 0 0 0 0 0 0 0 68 0 0 0 0 0 0 0 0 0
"18" 18 0.423357664234 0 1 2 2 8 6 0 0 1 0 1 0 6 2 23 0 0 14 3 0
"19" 19 0.0313901345291 0 0 0 1 24 1 1 0 1 0 11 0 7 8 4 0 0 5 4 2
"20" 20 0.00507614213198 0 0 0 0 0 0 52 0 0 0 1 0 0 2 0 0 14 0 0 0
"21" 21 0.046511627907 0 0 1 0 0 0 0 0 0 0 66 2 0 0 0 0 0 0 0 0
"22" 22 0.408759124088 0 2 0 1 10 0 1 0 1 0 3 0 1 3 45 0 0 2 0 0
"23" 23 0.0 0 0 1 0 0 0 0 0 0 0 1 67 0 0 0 0 0 0 0 0
"24" 24 0.0 0 0 0 0 0 0 32 0 0 0 5 0 0 0 0 0 32 0 0 0
"25" 25 0.508928571429 0 7 2 3 3 0 0 0 0 0 3 0 3 0 1 0 0 47 0 0
"26" 26 0.448430493274 0 1 31 0 18 3 0 0 0 0 2 0 1 0 2 0 5 6 0 0
"27" 27 0.105769230769 0 7 7 2 2 2 1 17 8 0 10 4 2 0 0 0 0 7 0 0
"28" 28 0.644230769231 1 2 3 3 1 1 0 0 0 0 0 57 1 0 0 0 0 0 0 0
"29" 29 0.175732217573 13 0 0 0 0 0 12 0 1 3 10 0 0 3 0 0 9 0 0 18
"30" 30 0.232142857143 0 2 5 2 17 0 2 1 4 0 5 0 0 0 1 0 1 30 0 0
"31" 31 0.186046511628 0 0 1 0 0 0 0 1 0 0 61 0 0 0 0 0 7 0 0 0
"32" 32 0.295620437956 0 0 0 0 1 7 5 0 1 0 0 0 0 3 46 0 5 0 0 2
"33" 33 0.0459770114943 0 0 0 0 0 0 18 0 0 0 1 0 0 37 0 0 12 0 0 2
"34" 34 0.189781021898 0 1 0 0 0 0 0 0 0 0 0 0 0 0 69 0 0 0 0 0
"35" 35 0.093023255814 0 0 1 0 3 0 0 0 65 0 0 0 0 0 1 0 0 0 0 0
"36" 36 0.0229885057471 0 0 0 0 0 0 2 0 0 2 0 0 0 0 0 0 66 0 0 0
"37" 37 0.383647798742 0 0 1 1 0 1 0 59 1 0 3 0 0 0 0 0 1 3 0 0
"38" 38 0.596899224806 0 1 4 3 1 6 0 17 0 0 21 0 0 0 5 0 0 11 0 0
"39" 39 0.350574712644 0 0 0 0 1 1 13 0 0 0 0 0 0 4 0 0 50 0 0 0
"40" 40 0.649006622517 0 1 46 2 1 1 0 4 3 0 8 1 0 0 0 0 0 0 1 0
"41" 41 0.78488372093 0 10 2 1 0 2 0 4 24 0 23 0 0 0 0 0 0 3 0 0
"42" 42 0.9375 0 18 8 5 5 1 0 1 2 0 1 0 2 0 0 0 3 22 0 0
"43" 43 1.28846153846 0 5 2 0 0 0 0 0 0 0 0 61 0 0 0 0 0 1 0 0
"44" 44 0.124031007752 0 13 2 0 1 1 2 21 0 0 26 0 2 0 0 0 0 2 0 0
"45" 45 0.601990049751 0 0 0 0 1 0 3 41 1 0 1 0 0 17 1 0 3 0 0 0
"46" 46 0.513307984791 0 0 0 0 1 0 6 0 0 3 0 0 0 0 0 0 3 0 57 0
"47" 47 0.093023255814 17 0 1 0 0 0 2 0 0 0 23 0 0 1 0 0 26 0 0 0
"48" 48 0.377906976744 0 2 12 2 1 0 2 0 32 0 0 0 0 0 0 0 1 18 0 0
"49" 49 0.422885572139 0 0 0 0 1 7 2 7 1 0 4 0 3 28 4 0 3 6 1 3
"50" 50 0.504464285714 0 26 4 1 9 1 0 0 1 0 9 0 0 0 8 0 0 11 0 0
"51" 51 0.0673575129534 0 59 0 0 0 0 0 0 0 0 0 0 0 0 0 0 0 11 0 0
"52" 52 0.0 0 0 0 0 0 0 0 0 0 2 0 0 0 67 0 0 1 0 0 0
"53" 53 0.417721518987 0 2 1 0 3 18 4 0 0 0 13 0 0 0 9 0 2 18 0 0
"54" 54 0.425641025641 0 4 2 16 10 0 0 0 1 0 1 3 8 1 1 0 0 23 0 0
"55" 55 0.00632911392405 68 0 0 0 0 0 0 0 1 0 1 0 0 0 0 0 0 0 0 0
"56" 56 0.240310077519 0 9 17 0 2 0 4 0 0 0 28 0 4 1 0 0 4 1 0 0
"57" 57 0.0 0 0 0 0 0 0 0 0 0 0 3 67 0 0 0 0 0 0 0 0
"58" 58 0.00995024875622 0 0 0 0 0 0 3 0 0 0 0 0 0 67 0 0 0 0 0 0
"59" 59 0.0077519379845 0 0 0 0 0 0 5 0 0 0 51 0 0 5 0 0 9 0 0 0
"60" 60 0.0 0 0 0 0 0 0 4 0 0 3 0 0 0 52 0 0 1 0 0 10
"61" 61 0.0 0 0 0 0 0 0 0 0 0 0 0 70 0 0 0 0 0 0 0 0
"62" 62 0.0 0 0 68 0 0 0 0 0 2 0 0 0 0 0 0 0 0 0 0 0
"63" 63 0.11320754717 0 0 0 0 0 0 0 70 0 0 0 0 0 0 0 0 0 0 0 0
"64" 64 0.0813953488372 0 0 2 0 0 0 0 0 56 0 1 1 0 0 0 0 10 0 0 0
"65" 65 0.470802919708 0 0 0 0 0 0 0 0 0 0 0 0 5 0 55 6 0 0 4 0
"66" 66 0.778242677824 0 0 0 0 0 0 0 0 0 70 0 0 0 0 0 0 0 0 0 0
"67" 67 0.240384615385 0 0 0 0 0 0 0 0 0 0 0 70 0 0 0 0 0 0 0 0
"68" 68 0.487179487179 0 0 2 63 0 0 0 0 0 0 1 2 0 0 0 0 0 0 0 2
"69" 69 0.0825688073394 0 0 0 0 0 0 1 0 0 0 0 0 0 0 0 0 0 0 0 69
"70" 70 0.031007751938 0 0 0 0 0 0 0 0 0 0 70 0 0 0 0 0 0 0 0 0
"71" 71 0.556291390728 0 0 11 0 0 0 0 0 1 0 56 2 0 0 0 0 0 0 0 0
"72" 72 0.0691823899371 0 0 2 0 2 0 0 56 0 0 9 0 0 0 0 0 0 1 0 0
"73" 73 0.0 0 0 0 0 0 0 0 1 0 0 2 0 0 41 0 0 5 0 0 21
"74" 74 0.37552742616 0 0 0 0 0 70 0 0 0 0 0 0 0 0 0 0 0 0 0 0
"75" 75 0.631178707224 0 0 0 0 0 0 0 0 0 0 0 0 19 1 0 0 0 0 49 1
"76" 76 0.108786610879 0 0 0 0 0 0 0 0 0 69 0 0 0 0 0 0 0 0 0 1
"77" 77 0.0845771144279 0 0 0 0 0 0 14 0 0 0 0 0 0 39 0 15 2 0 0 0
"78" 78 0.523316062176 0 66 0 0 0 0 0 0 0 0 0 0 0 0 0 0 0 4 0 0
"79" 79 0.413461538462 0 1 18 2 15 1 1 0 6 0 0 26 0 0 0 0 0 0 0 0
"80" 80 0.0406976744186 0 0 4 0 0 0 0 0 57 0 0 0 1 7 0 0 0 0 0 1
"81" 81 0.529801324503 0 0 37 0 0 0 2 0 12 0 6 9 0 0 0 0 4 0 0 0
"82" 82 0.46357615894 0 6 17 1 1 0 1 7 7 0 10 12 0 0 2 0 1 4 0 1
"83" 83 0.0199004975124 0 1 1 0 11 0 6 1 1 0 4 0 0 37 0 0 0 8 0 0
"84" 84 0.159574468085 0 0 0 0 0 0 0 0 0 0 0 0 0 0 0 70 0 0 0 0
"85" 85 0.746268656716 0 0 0 0 3 0 3 0 0 4 7 0 0 39 0 0 6 0 0 8
"86" 86 0.56976744186 0 0 28 17 1 9 0 0 4 0 8 3 0 0 0 0 0 0 0 0
"87" 87 0.365384615385 0 0 0 1 0 0 0 0 0 0 1 68 0 0 0 0 0 0 0 0
"88" 88 0.145695364238 0 7 8 2 4 2 0 0 13 0 25 1 0 1 2 0 1 4 0 0
"89" 89 0.0149253731343 0 0 0 0 0 0 0 0 0 0 0 0 0 66 0 0 0 0 0 4
"90" 90 0.505747126437 0 0 3 1 2 0 29 0 6 0 12 0 1 0 0 0 13 3 0 0
"91" 91 0.375 0 25 0 9 0 0 0 0 0 0 0 36 0 0 0 0 0 0 0 0
"92" 92 0.194092827004 0 0 0 0 0 69 0 0 0 0 0 0 0 0 1 0 0 0 0 0
"93" 93 0.0188679245283 0 0 0 0 0 0 0 70 0 0 0 0 0 0 0 0 0 0 0 0
"94" 94 0.0 0 0 0 0 0 0 0 0 0 2 64 3 0 0 0 0 1 0 0 0
"95" 95 0.0 28 0 5 0 0 0 0 0 4 0 18 15 0 0 0 0 0 0 0 0
"96" 96 0.0 0 0 0 0 0 0 0 0 0 3 5 1 0 2 0 0 59 0 0 0
"97" 97 0.0 0 0 0 0 0 0 0 0 0 70 0 0 0 0 0 0 0 0 0 0
"98" 98 0.0 0 0 6 0 0 0 0 0 64 0 0 0 0 0 0 0 0 0 0 0
"99" 99 0.0529801324503 0 0 63 0 0 0 0 0 1 0 6 0 0 0 0 0 0 0 0 0
"100" 100 0.0523255813953 0 0 20 0 0 0 0 0 46 0 4 0 0 0 0 0 0 0 0 0
"101" 101 0.410852713178 0 0 31 0 0 0 0 0 1 0 14 24 0 0 0 0 0 0 0 0
"102" 102 0.317880794702 0 0 60 0 0 0 0 0 9 0 0 1 0 0 0 0 0 0 0 0
"103" 103 0.467661691542 0 0 0 0 3 0 0 1 0 0 0 0 1 38 0 0 1 0 0 26
"104" 104 0.502392344498 0 0 0 0 0 0 0 0 0 0 0 0 70 0 0 0 0 0 0 0
"105" 105 0.384615384615 0 0 0 0 0 0 0 0 0 0 1 69 0 0 0 0 0 0 0 0
"106" 106 0.269230769231 0 0 0 0 0 0 0 0 0 0 0 70 0 0 0 0 0 0 0 0
"107" 107 0.121076233184 0 0 0 4 65 0 0 0 0 0 0 0 1 0 0 0 0 0 0 0
"108" 108 0.473214285714 0 0 0 0 0 0 0 0 0 0 0 0 0 0 0 0 0 70 0 0
"109" 109 0.46511627907 0 0 30 0 1 0 0 0 27 0 9 0 0 0 0 0 1 0 0 2
"110" 110 0.0 2 0 0 0 0 0 0 0 67 0 0 0 0 0 0 0 1 0 0 0
"111" 111 0.0 0 0 0 0 4 0 1 0 0 0 1 0 0 64 0 0 0 0 0 0
"112" 112 0.407960199005 0 0 0 0 9 0 2 0 2 1 0 0 1 53 0 0 0 0 0 2
"113" 113 0.165562913907 0 0 51 3 0 0 0 0 14 0 1 1 0 0 0 0 0 0 0 0
"114" 114 0.0 0 0 0 0 0 0 1 0 0 0 0 0 0 4 0 0 0 0 0 65
"115" 115 0.0845771144279 0 0 1 0 3 0 2 0 1 0 4 0 1 8 0 0 0 0 1 49
"116" 116 0.482587064677 0 0 0 1 0 0 11 2 6 0 0 0 0 40 0 0 7 0 0 3
"117" 117 0.201257861635 0 0 0 0 0 0 0 69 0 1 0 0 0 0 0 0 0 0 0 0
"118" 118 0.0298507462687 0 0 0 0 0 0 0 0 0 1 0 0 0 69 0 0 0 0 0 0
"119" 119 0.507462686567 0 0 0 0 0 0 6 0 0 3 0 0 0 58 0 0 0 0 0 3
"120" 120 0.784688995215 0 0 0 0 0 0 0 0 0 0 0 0 70 0 0 0 0 0 0 0
"121" 121 0.114832535885 0 0 0 0 4 0 0 0 0 0 0 0 64 2 0 0 0 0 0 0
"122" 122 0.269230769231 0 0 0 0 0 0 0 0 0 0 0 70 0 0 0 0 0 0 0 0
"123" 123 0.0229357798165 4 0 0 0 0 0 0 0 0 0 1 0 0 0 0 0 0 0 0 65
"124" 124 0.398009950249 0 0 0 0 0 0 8 0 0 0 0 0 0 32 0 0 17 0 2 11
"125" 125 0.310344827586 1 0 0 0 0 0 30 0 0 0 1 0 0 20 0 3 14 0 1 0
"126" 126 0.10447761194 5 0 1 0 0 0 0 0 2 0 7 0 1 24 0 0 24 0 0 6
"127" 127 0.125 0 0 0 0 0 0 0 0 0 0 0 70 0 0 0 0 0 0 0 0
"128" 128 0.162436548223 0 0 1 0 0 0 26 0 0 0 0 0 0 32 0 0 11 0 0 0
"129" 129 0.899371069182 0 0 1 0 0 0 0 68 0 0 0 0 0 0 0 0 0 0 0 0
"130" 130 0.290697674419 0 0 8 0 0 0 0 0 60 0 0 0 0 0 0 0 0 0 1 0
"131" 131 0.459119496855 0 0 0 0 0 0 0 70 0 0 0 0 0 0 0 0 0 0 0 0
"132" 132 0.3536121673 0 0 0 0 0 0 0 0 0 0 0 0 0 0 0 0 0 0 70 0
"133" 133 0.0 0 0 1 0 0 0 0 0 0 0 0 69 0 0 0 0 0 0 0 0
"134" 134 0.0077519379845 0 0 1 0 0 0 0 14 1 0 44 0 0 0 0 0 9 1 0 0
"135" 135 0.132450331126 0 0 54 0 0 0 0 1 14 0 0 1 0 0 0 0 0 0 0 0
"136" 136 0.00478468899522 0 1 2 0 0 0 0 0 1 0 0 0 65 0 1 0 0 0 0 0
"137" 137 0.322175732218 0 0 0 0 0 0 1 0 4 6 0 0 1 13 0 8 31 0 3 3
"138" 138 0.015503875969 0 0 16 3 0 0 0 0 1 0 44 3 2 0 0 0 0 1 0 0
"139" 139 0.125 0 1 5 3 2 0 0 0 2 0 2 46 6 0 1 0 0 1 0 0
"140" 140 0.782945736434 0 2 12 1 2 3 1 7 4 2 16 5 2 2 1 0 4 4 0 0
"141" 141 0.450777202073 0 20 7 6 7 3 0 1 6 0 4 6 1 0 2 0 0 3 0 1
"142" 142 0.182692307692 0 5 11 16 1 1 0 3 2 0 2 21 3 0 0 0 0 2 0 0
"143" 143 0.299578059072 0 15 9 9 5 5 0 1 3 0 3 3 0 0 3 0 0 5 0 0
"144" 144 0.343065693431 0 0 6 6 7 5 1 7 3 0 4 1 1 4 14 1 1 2 0 0
"145" 145 0.549668874172 0 2 6 1 7 1 0 25 5 0 8 1 0 0 4 0 0 5 0 0
"146" 146 0.109452736318 0 0 0 0 0 0 10 6 0 0 0 0 0 45 0 0 7 0 0 1
"147" 147 0.284974093264 0 9 39 0 0 0 0 0 19 0 0 0 3 0 0 0 0 0 0 0
"148" 148 0.361607142857 0 17 5 0 7 3 1 4 2 0 12 1 0 0 1 0 2 15 0 0
"149" 149 0.612440191388 0 27 0 3 1 0 0 0 5 0 1 0 11 1 0 0 0 21 0 0
"150" 150 0.09375 0 0 0 0 0 0 0 0 1 0 0 0 0 1 0 0 0 68 0 0
"151" 151 0.203980099502 0 0 6 1 3 15 14 0 3 0 7 0 0 6 13 0 0 0 1 0
"152" 152 0.494186046512 0 1 5 3 3 5 4 0 12 0 11 1 3 4 6 0 2 8 0 1
"153" 153 0.189054726368 0 0 0 0 0 0 7 0 0 0 0 0 0 62 0 0 0 0 0 0
"154" 154 0.00632911392405 35 0 0 0 0 0 0 0 1 0 32 1 0 0 0 0 0 0 0 0
"155" 155 0.255474452555 0 0 0 0 16 4 7 0 3 6 1 0 5 0 20 0 5 2 0 0
"156" 156 0.341085271318 0 1 2 1 4 0 0 0 2 0 58 0 1 0 0 0 0 0 0 0
"157" 157 0.0199004975124 0 0 0 0 21 0 0 0 1 4 0 0 0 39 0 0 2 0 0 2
"158" 158 0.00961538461538 0 0 0 0 0 0 0 0 0 0 0 69 0 0 0 0 0 0 0 0
"159" 159 0.291139240506 0 0 0 0 5 34 0 0 0 0 4 0 0 0 16 0 0 8 0 0
"160" 160 0.343065693431 0 0 0 0 0 0 0 0 0 0 0 0 0 0 67 0 0 0 0 0
"161" 161 0.0 0 0 0 0 0 0 6 0 0 0 0 0 0 45 0 0 15 0 0 1
"162" 162 0.0 0 0 0 0 0 0 0 0 1 0 62 3 0 0 0 0 0 0 0 0
"163" 163 0.348214285714 0 2 2 2 9 2 1 0 6 0 1 0 2 5 13 0 1 18 0 1
"164" 164 0.18023255814 0 0 1 0 0 0 9 0 19 0 3 0 0 23 0 0 7 0 1 2
"165" 165 0.0852713178295 2 0 2 0 0 0 1 0 4 0 52 1 0 0 0 0 3 0 0 0
"166" 166 0.403846153846 0 0 2 3 4 12 1 0 0 1 4 2 2 15 7 0 4 1 0 1
"167" 167 0.776371308017 1 0 2 0 5 35 0 0 2 0 4 0 0 0 10 0 0 0 0 0
"168" 168 0.577114427861 0 0 0 0 0 0 1 0 0 0 0 0 0 56 0 0 0 0 0 1
