"site" "RSA" "aa1" "aa2" "aa3" "aa4" "aa5" "aa6" "aa7" "aa8" "aa9" "aa10" "aa11" "aa12" "aa13" "aa14" "aa15" "aa16" "aa17" "aa18" "aa19" "aa20"
"0" 0 0.646788990826 0 0 0 0 20 0 93 9 0 0 19 0 0 0 0 336 4 2 17 0
"1" 1 0.515695067265 0 0 0 0 358 0 142 0 0 0 0 0 0 0 0 0 0 0 0 0
"2" 2 0.53488372093 2 0 0 0 0 320 0 0 5 0 0 0 0 0 14 0 134 25 0 0
"3" 3 0.0203045685279 0 0 0 0 0 0 496 0 0 0 0 0 0 2 0 0 2 0 0 0
"4" 4 0.130801687764 0 0 0 0 0 496 3 0 0 0 0 0 0 0 1 0 0 0 0 0
"5" 5 0.0 32 0 1 0 0 0 462 0 0 0 3 0 0 0 0 0 2 0 0 0
"6" 6 0.0 0 0 0 0 0 0 0 0 13 0 0 0 0 0 0 0 487 0 0 0
"7" 7 0.0 11 0 0 0 0 3 24 0 0 37 0 0 8 0 0 2 274 0 5 136
"8" 8 0.0 1 0 0 0 0 0 2 0 194 0 0 0 0 0 0 0 303 0 0 0
"9" 9 0.0 0 0 0 0 0 0 0 0 0 0 0 500 0 0 0 0 0 0 0 0
"10" 10 0.129533678756 0 205 19 0 0 1 0 266 0 0 1 0 0 0 0 0 0 8 0 0
"11" 11 0.317307692308 0 4 1 0 0 8 0 0 1 0 0 0 0 0 0 0 0 486 0 0
"12" 12 0.643410852713 0 0 0 0 0 0 0 0 0 0 0 500 0 0 0 0 0 0 0 0
"13" 13 0.0114942528736 1 1 0 0 0 0 0 0 401 0 3 0 0 0 0 0 94 0 0 0
"14" 14 0.221153846154 0 0 0 0 0 0 0 0 0 0 0 500 0 0 0 0 0 0 0 0
"15" 15 0.0632911392405 0 0 0 1 0 0 478 0 4 0 17 0 0 0 0 0 0 0 0 0
"16" 16 0.122093023256 0 0 0 19 0 0 0 0 14 0 7 1 0 0 0 0 76 0 0 383
"17" 17 0.0886075949367 0 26 119 5 32 4 1 0 0 0 64 0 0 0 94 0 0 74 0 81
"18" 18 0.00497512437811 0 0 81 1 61 0 18 0 5 37 172 0 0 65 0 3 2 0 0 55
"19" 19 0.0 0 0 3 9 0 0 0 0 0 0 61 0 0 419 0 0 0 0 0 8
"20" 20 0.10152284264 0 2 0 1 0 0 471 0 0 0 0 0 0 0 0 0 13 0 10 3
"21" 21 0.00662251655629 0 0 500 0 0 0 0 0 0 0 0 0 0 0 0 0 0 0 0 0
"22" 22 0.155893536122 0 0 15 0 0 0 0 0 0 184 56 2 0 221 0 0 0 1 18 3
"23" 23 0.232558139535 0 0 56 0 0 0 0 0 304 0 0 0 0 0 0 0 140 0 0 0
"24" 24 0.482558139535 0 0 0 0 0 380 0 0 0 0 0 0 0 0 0 0 0 0 120 0
"25" 25 0.615384615385 0 11 0 0 0 310 0 0 0 0 0 179 0 0 0 0 0 0 0 0
"26" 26 0.387596899225 0 0 0 0 2 327 0 0 0 0 0 0 0 0 7 0 0 164 0 0
"27" 27 0.334728033473 208 0 26 0 0 0 0 0 0 68 0 0 76 0 0 16 0 1 105 0
"28" 28 0.138364779874 0 1 0 2 0 0 0 469 22 0 4 2 0 0 0 0 0 0 0 0
"29" 29 0.644230769231 0 2 0 0 0 0 0 0 0 0 0 331 0 0 167 0 0 0 0 0
"30" 30 0.580357142857 0 0 0 0 0 500 0 0 0 0 0 0 0 0 0 0 0 0 0 0
"31" 31 0.285171102662 0 0 0 0 0 0 0 0 0 0 0 0 0 0 1 0 0 0 499 0
"32" 32 0.472081218274 0 3 0 0 0 0 83 0 146 0 0 0 0 181 0 0 75 11 1 0
"33" 33 0.301886792453 0 0 0 0 0 0 0 499 0 0 0 0 0 0 0 0 0 1 0 0
"34" 34 0.744186046512 0 0 0 0 0 35 0 0 465 0 0 0 0 0 0 0 0 0 0 0
"35" 35 0.454022988506 0 135 5 0 0 333 0 0 0 0 0 0 0 0 0 0 1 26 0 0
"36" 36 0.326359832636 0 0 0 0 5 250 0 0 0 3 0 2 76 0 0 1 0 3 160 0
"37" 37 0.39896373057 0 4 22 0 0 1 0 0 278 0 0 0 0 3 186 0 0 6 0 0
"38" 38 0.4 0 0 1 0 0 2 258 0 0 0 0 0 0 0 67 0 156 16 0 0
"39" 39 0.121673003802 0 0 0 0 1 6 0 0 0 438 0 0 0 0 0 0 0 0 32 23
"40" 40 0.490066225166 0 0 0 0 0 30 0 0 0 17 0 0 3 0 242 0 54 2 25 127
"41" 41 0.0697674418605 8 0 38 0 0 0 0 0 0 0 78 0 0 229 0 4 0 3 128 12
"42" 42 0.533333333333 0 0 0 0 0 288 0 0 0 12 1 0 36 0 0 14 82 5 48 14
"43" 43 0.17816091954 1 0 0 0 12 0 0 0 0 0 0 0 0 0 58 0 268 0 24 137
"44" 44 0.610091743119 0 0 0 0 0 0 77 0 9 0 0 0 0 0 0 1 366 0 0 47
"45" 45 0.258620689655 0 0 0 0 0 0 0 0 0 2 0 0 0 0 0 131 367 0 0 0
"46" 46 0.554404145078 0 0 0 367 0 133 0 0 0 0 0 0 0 0 0 0 0 0 0 0
"47" 47 0.634615384615 0 0 0 0 0 0 0 0 0 0 0 500 0 0 0 0 0 0 0 0
"48" 48 0.20253164557 0 0 0 0 0 15 0 0 0 0 0 0 0 0 483 0 0 0 0 2
"49" 49 0.452830188679 0 5 0 4 0 0 275 58 17 0 18 0 0 0 0 107 1 8 7 0
"50" 50 0.0344827586207 0 0 0 0 0 0 0 0 0 0 0 0 0 0 0 0 500 0 0 0
"51" 51 0.241025641026 0 0 1 0 0 31 303 0 0 0 0 0 0 61 74 0 1 7 0 22
"52" 52 0.00497512437811 0 0 0 0 0 0 6 0 0 0 0 0 0 490 0 0 0 0 0 4
"53" 53 0.134615384615 0 0 0 0 0 32 219 0 0 2 0 0 13 164 12 3 5 50 0 0
"54" 54 0.0 7 0 0 1 0 2 58 0 0 0 0 0 0 399 0 0 0 0 0 33
"55" 55 0.237588652482 0 0 0 0 69 3 14 0 0 149 0 0 0 0 0 0 264 0 1 0
"56" 56 0.0310880829016 0 14 24 0 3 0 30 0 6 0 405 0 1 1 0 0 13 3 0 0
"57" 57 0.0290697674419 0 0 0 0 0 0 0 0 499 0 0 0 0 0 0 0 0 1 0 0
"58" 58 0.0387596899225 55 74 137 0 0 0 0 0 0 2 95 7 0 0 83 0 0 4 0 43
"59" 59 0.0576923076923 0 0 0 0 0 0 0 0 0 0 0 500 0 0 0 0 0 0 0 0
"60" 60 0.358744394619 0 5 4 1 0 196 0 0 0 0 0 0 0 0 286 0 0 8 0 0
"61" 61 0.691964285714 0 2 109 0 0 388 0 0 0 0 0 0 0 0 0 0 0 1 0 0
"62" 62 0.647668393782 0 0 0 0 0 441 0 0 0 0 0 0 0 0 0 0 0 59 0 0
"63" 63 0.326996197719 0 0 3 0 0 37 0 0 0 0 100 0 36 0 0 10 0 0 314 0
"64" 64 0.310880829016 0 110 371 0 10 0 0 0 0 0 5 0 0 0 3 0 0 1 0 0
"65" 65 0.835766423358 0 12 0 0 0 488 0 0 0 0 0 0 0 0 0 0 0 0 0 0
"66" 66 0.52736318408 0 35 0 0 0 2 0 0 0 0 0 0 0 1 8 0 0 454 0 0
"67" 67 0.029197080292 0 0 1 0 15 0 0 0 0 0 39 0 0 0 358 0 0 17 0 70
"68" 68 0.0817610062893 0 184 1 4 2 197 21 0 0 0 42 0 5 0 13 0 0 31 0 0
"69" 69 0.621890547264 0 0 0 0 0 500 0 0 0 0 0 0 0 0 0 0 0 0 0 0
"70" 70 0.245033112583 0 0 0 3 33 47 0 0 0 0 0 0 9 0 153 0 0 3 1 251
"71" 71 0.0190114068441 0 0 0 0 0 0 0 0 0 444 0 0 16 0 0 0 0 0 40 0
"72" 72 0.51572327044 0 0 0 0 0 0 0 500 0 0 0 0 0 0 0 0 0 0 0 0
"73" 73 0.385650224215 0 0 0 0 0 0 0 0 0 0 0 500 0 0 0 0 0 0 0 0
"74" 74 0.0639534883721 0 0 0 0 0 0 0 0 500 0 0 0 0 0 0 0 0 0 0 0
"75" 75 0.310880829016 0 496 0 0 0 0 0 0 0 0 0 0 4 0 0 0 0 0 0 0
"76" 76 0.0 177 0 285 0 0 0 0 0 0 0 0 0 2 0 0 0 36 0 0 0
"77" 77 0.0 0 0 0 0 0 0 0 0 0 499 0 0 0 0 0 0 1 0 0 0
"78" 78 0.0 3 0 0 0 0 0 412 0 0 0 0 0 0 51 1 0 33 0 0 0
"79" 79 0.0 0 0 2 0 0 0 459 0 20 0 18 0 0 1 0 0 0 0 0 0
"80" 80 0.0 24 0 1 0 2 0 29 0 2 0 30 0 1 5 0 0 179 5 0 222
"81" 81 0.0 0 0 0 0 0 0 0 0 0 495 0 0 0 0 0 0 0 0 5 0
"82" 82 0.0198675496689 0 0 500 0 0 0 0 0 0 0 0 0 0 0 0 0 0 0 0 0
"83" 83 0.0 0 1 10 3 0 0 0 0 0 0 130 307 0 49 0 0 0 0 0 0
"84" 84 0.0459770114943 0 9 5 3 0 0 26 0 347 0 0 0 0 0 0 0 110 0 0 0
"85" 85 0.291390728477 0 393 1 0 0 1 0 0 0 0 0 0 2 0 103 0 0 0 0 0
"86" 86 0.14465408805 0 0 0 0 0 0 0 500 0 0 0 0 0 0 0 0 0 0 0 0
"87" 87 0.488372093023 0 186 0 0 0 169 0 0 0 0 0 0 0 0 23 0 0 122 0 0
"88" 88 0.0198675496689 0 0 433 0 0 0 0 0 64 0 0 0 0 0 0 0 0 0 3 0
"89" 89 0.108786610879 5 0 0 0 0 0 0 0 0 237 23 0 123 0 17 93 0 0 0 2
"90" 90 0.397321428571 0 49 0 0 0 346 0 0 0 0 0 0 0 0 104 0 0 0 0 1
"91" 91 0.25641025641 0 0 0 205 0 97 0 0 0 0 8 0 0 54 106 0 0 25 0 5
"92" 92 0.0 0 0 0 0 0 0 21 0 0 0 0 0 0 0 0 0 479 0 0 0
"93" 93 0.332116788321 0 0 2 0 0 292 0 0 13 0 0 0 0 121 17 0 0 54 1 0
"94" 94 0.46511627907 0 0 0 0 0 487 0 0 0 0 0 0 0 0 13 0 0 0 0 0
"95" 95 0.194092827004 0 0 0 0 0 291 0 0 24 0 0 0 39 0 142 0 0 4 0 0
"96" 96 0.0 1 0 2 0 86 0 15 0 0 0 0 0 202 0 0 5 1 188 0 0
"97" 97 0.300380228137 0 0 0 0 0 0 0 0 0 490 7 0 0 0 0 0 0 0 3 0
"98" 98 0.389937106918 0 0 0 0 0 500 0 0 0 0 0 0 0 0 0 0 0 0 0 0
"99" 99 0.116071428571 0 209 6 4 0 5 0 0 43 0 0 0 2 0 0 0 0 162 0 69
"100" 100 0.0 0 0 0 0 0 0 64 0 0 0 2 0 0 2 0 0 432 0 0 0
"101" 101 0.20802919708 0 0 0 0 0 495 3 0 0 0 0 0 0 0 0 0 0 0 2 0
"102" 102 0.712918660287 0 0 0 0 0 289 0 0 0 0 2 0 0 0 112 0 0 11 0 86
"103" 103 0.416267942584 0 1 0 1 2 0 0 0 15 0 3 0 0 0 0 0 0 3 16 459
"104" 104 0.0949367088608 495 0 0 0 4 0 0 0 0 0 0 0 0 0 0 0 0 0 0 1
"105" 105 0.471698113208 0 0 0 0 0 0 0 500 0 0 0 0 0 0 0 0 0 0 0 0
"106" 106 0.846889952153 0 0 0 0 0 0 0 0 500 0 0 0 0 0 0 0 0 0 0 0
"107" 107 0.133720930233 0 0 0 0 0 0 0 0 495 0 0 0 0 0 0 0 5 0 0 0
"108" 108 0.207547169811 0 0 0 0 0 0 0 499 1 0 0 0 0 0 0 0 0 0 0 0
"109" 109 0.0 0 0 0 0 0 0 498 0 0 0 0 0 0 0 0 0 2 0 0 0
"110" 110 0.0 39 0 0 0 0 0 412 0 0 0 1 0 0 23 0 0 1 0 0 24
"111" 111 0.0 0 0 0 0 0 0 0 0 0 0 0 0 0 500 0 0 0 0 0 0
"112" 112 0.0 93 0 2 0 0 0 4 0 7 13 148 11 0 22 0 0 196 3 0 1
"113" 113 0.0 15 0 8 0 23 0 0 0 0 0 140 53 0 0 0 0 0 14 0 247
"114" 114 0.0290697674419 0 0 395 0 0 0 0 0 105 0 0 0 0 0 0 0 0 0 0 0
"115" 115 0.295358649789 0 6 0 223 0 0 0 0 0 0 0 0 2 0 0 0 0 269 0 0
"116" 116 0.223880597015 0 0 0 0 0 466 0 0 0 0 0 0 0 18 0 0 0 16 0 0
"117" 117 0.227979274611 0 1 4 0 0 0 0 0 0 0 0 1 493 0 0 0 0 0 1 0
"118" 118 0.26368159204 0 0 1 0 0 293 0 0 0 0 0 0 0 15 184 0 0 4 0 3
"119" 119 0.21897810219 0 0 12 1 0 6 87 0 5 0 1 0 0 188 0 0 199 1 0 0
"120" 120 0.678756476684 0 136 0 0 0 363 0 0 0 0 0 0 0 0 1 0 0 0 0 0
"121" 121 0.326424870466 0 61 0 387 0 50 0 0 0 0 0 0 0 0 2 0 0 0 0 0
"122" 122 0.514767932489 0 0 0 0 0 59 0 0 0 0 0 0 0 0 337 0 0 104 0 0
"123" 123 0.575129533679 0 329 8 0 0 155 0 0 0 0 0 0 0 0 0 0 0 8 0 0
"124" 124 0.0813953488372 0 112 48 0 3 0 0 0 3 0 3 0 0 0 0 0 0 331 0 0
"125" 125 0.279187817259 0 0 0 0 311 45 0 0 0 0 0 0 0 0 142 0 0 2 0 0
"126" 126 0.294642857143 0 0 0 0 0 99 71 0 0 0 0 0 0 159 16 0 0 48 0 107
"127" 127 0.492700729927 0 0 0 0 0 90 0 0 0 0 0 0 0 0 399 0 0 9 0 2
"128" 128 0.0298507462687 0 0 0 500 0 0 0 0 0 0 0 0 0 0 0 0 0 0 0 0
"129" 129 0.532846715328 0 0 0 0 0 276 0 0 0 0 1 0 0 45 7 166 0 5 0 0
"130" 130 0.709844559585 0 0 0 0 0 496 0 0 0 0 0 0 0 0 4 0 0 0 0 0
"131" 131 0.37552742616 0 0 0 0 0 425 0 0 0 0 0 0 0 0 8 0 0 67 0 0
"132" 132 0.620253164557 0 0 0 500 0 0 0 0 0 0 0 0 0 0 0 0 0 0 0 0
"133" 133 0.417910447761 0 0 0 0 0 71 0 0 0 0 0 0 0 240 189 0 0 0 0 0
"134" 134 0.441860465116 0 0 2 0 0 95 0 0 0 0 0 0 40 0 363 0 0 0 0 0
"135" 135 0.0943396226415 0 0 0 0 0 0 0 497 0 0 1 0 0 0 0 0 0 0 2 0
"136" 136 0.0406091370558 12 5 0 0 0 0 481 0 0 0 0 0 0 0 0 0 2 0 0 0
"137" 137 0.331395348837 0 0 390 0 0 1 0 0 44 0 0 0 0 0 65 0 0 0 0 0
"138" 138 0.425855513308 0 5 0 0 3 135 0 0 0 0 2 1 0 0 12 10 0 14 0 318
"139" 139 0.559748427673 0 105 0 0 0 335 0 7 0 0 0 0 0 0 0 0 0 53 0 0
"140" 140 0.421524663677 0 148 0 0 41 0 0 0 0 0 0 0 0 0 2 0 0 251 0 58
"141" 141 0.0 0 0 4 0 2 0 0 0 0 0 223 271 0 0 0 0 0 0 0 0
"142" 142 0.213930348259 0 0 0 0 0 39 0 0 0 0 0 0 0 2 352 0 0 12 0 95
"143" 143 0.426356589147 0 0 0 0 0 382 0 0 0 0 0 0 0 14 94 0 0 10 0 0
"144" 144 0.0183486238532 0 0 0 0 0 0 23 0 188 0 262 0 0 3 0 0 2 0 0 22
"145" 145 0.0387596899225 0 0 0 0 0 0 0 0 0 0 434 66 0 0 0 0 0 0 0 0
"146" 146 0.656934306569 0 0 0 0 0 459 0 0 0 0 0 0 0 0 41 0 0 0 0 0
"147" 147 0.415178571429 0 0 0 54 1 95 13 0 0 0 17 0 0 19 9 0 0 292 0 0
"148" 148 0.010152284264 0 0 0 0 0 0 500 0 0 0 0 0 0 0 0 0 0 0 0 0
"149" 149 0.480769230769 0 0 0 3 0 0 0 0 0 0 0 497 0 0 0 0 0 0 0 0
"150" 150 0.132450331126 0 0 500 0 0 0 0 0 0 0 0 0 0 0 0 0 0 0 0 0
"151" 151 0.48275862069 0 0 0 0 0 499 0 0 0 0 0 1 0 0 0 0 0 0 0 0
"152" 152 0.367088607595 0 0 50 0 86 0 0 0 0 13 239 24 36 0 0 28 0 0 24 0
"153" 153 0.041825095057 161 0 2 0 0 0 0 0 0 269 0 0 0 0 0 0 66 0 2 0
"154" 154 0.10447761194 34 2 1 0 45 0 22 0 0 0 0 0 0 75 263 0 43 0 0 15
"155" 155 0.116071428571 4 3 34 0 2 0 180 0 29 0 1 0 4 2 0 0 206 3 0 32
"156" 156 0.00632911392405 292 0 3 58 0 0 0 0 1 19 4 13 110 0 0 0 0 0 0 0
"157" 157 0.0 0 1 4 0 0 0 0 0 494 0 0 0 0 0 0 0 0 1 0 0
"158" 158 0.100775193798 0 0 125 0 0 0 0 66 0 0 308 1 0 0 0 0 0 0 0 0
"159" 159 0.482587064677 0 14 0 0 0 316 0 0 0 0 0 1 0 158 1 0 0 10 0 0
"160" 160 0.31976744186 0 4 1 0 0 495 0 0 0 0 0 0 0 0 0 0 0 0 0 0
"161" 161 0.318385650224 0 0 0 0 0 11 0 0 0 0 0 489 0 0 0 0 0 0 0 0
"162" 162 0.624087591241 0 215 0 0 0 36 0 0 0 0 0 0 0 0 0 0 0 249 0 0
"163" 163 0.317307692308 0 0 0 0 0 0 0 0 0 0 0 500 0 0 0 0 0 0 0 0
"164" 164 0.0248756218905 0 0 1 0 0 0 2 0 1 0 4 0 0 380 0 0 106 3 0 3
"165" 165 0.548523206751 0 234 0 0 0 99 0 0 0 0 0 0 0 1 0 0 0 165 0 1
"166" 166 0.372093023256 0 5 0 0 0 300 0 0 0 0 0 0 0 1 0 0 0 194 0 0
"167" 167 0.0 0 1 3 0 0 0 2 0 14 0 31 0 0 223 0 0 138 0 0 88
"168" 168 0.0 0 14 1 0 0 0 0 0 1 151 229 0 8 41 0 1 0 0 51 3
"169" 169 0.170984455959 0 11 0 0 0 381 0 0 0 0 0 0 0 17 73 0 0 0 0 18
"170" 170 0.165178571429 0 0 0 0 94 2 0 0 0 0 0 0 2 0 1 41 0 220 0 140
"171" 171 0.0 0 1 0 0 0 0 0 0 0 0 499 0 0 0 0 0 0 0 0 0
"172" 172 0.0507614213198 0 0 0 0 0 0 332 0 0 0 0 0 0 2 0 0 135 0 0 31
"173" 173 0.419708029197 0 0 2 0 0 133 0 0 0 0 6 0 6 0 346 0 0 2 0 5
"174" 174 0.255813953488 0 0 339 30 1 0 0 0 0 0 129 0 1 0 0 0 0 0 0 0
"175" 175 0.258620689655 2 0 0 0 0 0 0 0 0 0 0 0 0 0 0 0 498 0 0 0
"176" 176 0.303482587065 0 0 0 0 0 0 0 0 0 0 0 0 0 498 0 0 0 0 0 2
"177" 177 1.05769230769 0 0 0 0 0 0 0 0 0 0 0 500 0 0 0 0 0 0 0 0
