"site" "RSA" "aa1" "aa2" "aa3" "aa4" "aa5" "aa6" "aa7" "aa8" "aa9" "aa10" "aa11" "aa12" "aa13" "aa14" "aa15" "aa16" "aa17" "aa18" "aa19" "aa20"
"0" 0 0.230769230769 0 0 2 0 0 0 0 19 0 0 14 465 0 0 0 0 0 0 0 0
"1" 1 0.558974358974 0 269 27 39 91 6 0 0 2 0 11 3 0 4 0 0 0 47 0 1
"2" 2 0.43654822335 0 2 2 0 57 22 4 0 0 0 0 0 0 0 6 0 1 406 0 0
"3" 3 0.071129707113 0 0 0 0 0 0 0 0 0 189 0 0 0 0 0 0 0 0 311 0
"4" 4 0.0697674418605 0 0 0 0 15 322 0 0 0 0 0 0 0 0 163 0 0 0 0 0
"5" 5 0.507692307692 0 106 92 128 2 85 0 0 0 0 75 4 1 1 5 0 0 0 0 1
"6" 6 0.0945273631841 0 0 0 0 0 0 0 0 0 0 0 0 0 500 0 0 0 0 0 0
"7" 7 0.0 0 0 0 0 0 0 0 0 0 500 0 0 0 0 0 0 0 0 0 0
"8" 8 0.447257383966 0 308 3 113 8 11 0 0 0 0 41 0 0 0 14 0 0 1 0 1
"9" 9 0.528846153846 0 0 0 0 0 0 0 0 0 0 0 500 0 0 0 0 0 0 0 0
"10" 10 0.134328358209 0 0 0 0 0 0 0 0 0 0 0 0 0 500 0 0 0 0 0 0
"11" 11 0.317991631799 0 93 0 95 0 44 0 0 0 0 267 1 0 0 0 0 0 0 0 0
"12" 12 0.615384615385 0 5 0 239 116 18 0 0 0 2 0 0 66 4 1 0 0 39 6 4
"13" 13 0.573839662447 0 5 0 462 2 21 0 0 0 0 0 10 0 0 0 0 0 0 0 0
"14" 14 0.772151898734 0 0 6 8 75 259 0 0 41 0 2 0 0 19 90 0 0 0 0 0
"15" 15 0.352678571429 0 0 0 15 0 1 0 0 0 0 0 1 0 0 0 0 0 483 0 0
"16" 16 0.0596330275229 0 0 0 0 1 0 0 0 0 0 0 0 0 0 1 0 0 0 0 498
"17" 17 0.120437956204 0 0 0 0 0 0 0 0 0 0 0 0 0 0 500 0 0 0 0 0
"18" 18 0.0 0 0 0 0 0 0 500 0 0 0 0 0 0 0 0 0 0 0 0 0
"19" 19 0.0 0 0 0 0 0 0 0 0 0 0 0 0 0 500 0 0 0 0 0 0
"20" 20 0.0 0 0 0 0 0 0 93 0 0 0 0 0 0 0 0 0 3 0 0 404
"21" 21 0.0 0 0 0 0 0 0 79 0 45 0 0 0 0 0 0 0 376 0 0 0
"22" 22 0.0 0 0 0 0 0 0 0 0 0 0 0 500 0 0 0 0 0 0 0 0
"23" 23 0.0696517412935 0 0 0 0 0 0 0 301 0 0 0 0 0 199 0 0 0 0 0 0
"24" 24 0.424870466321 0 495 3 1 0 0 0 1 0 0 0 0 0 0 0 0 0 0 0 0
"25" 25 0.527131782946 0 2 0 228 0 4 0 0 0 0 0 264 0 0 2 0 0 0 0 0
"26" 26 0.015503875969 0 0 13 0 0 0 0 0 0 0 487 0 0 0 0 0 0 0 0 0
"27" 27 0.115384615385 0 0 0 0 0 0 0 0 0 0 0 500 0 0 0 0 0 0 0 0
"28" 28 0.0295358649789 0 0 0 0 0 2 2 0 0 0 1 0 0 0 0 0 0 0 0 495
"29" 29 0.348837209302 0 0 7 0 0 0 2 0 488 0 0 0 0 0 0 0 0 3 0 0
"30" 30 0.343023255814 0 5 1 0 11 50 3 0 16 0 7 0 0 1 398 0 2 5 0 1
"31" 31 0.010152284264 0 0 0 0 0 0 500 0 0 0 0 0 0 0 0 0 0 0 0 0
"32" 32 0.00995024875622 0 0 0 0 5 0 0 0 0 0 490 0 0 5 0 0 0 0 0 0
"33" 33 0.608365019011 0 0 2 0 122 12 106 0 0 2 8 0 0 9 2 0 0 234 1 2
"34" 34 0.345991561181 0 0 0 0 51 35 0 0 2 0 30 0 0 0 2 0 20 20 0 340
"35" 35 0.0199004975124 0 0 0 0 0 0 0 0 0 0 0 0 0 500 0 0 0 0 0 0
"36" 36 0.573839662447 0 18 0 16 28 0 0 0 0 0 0 37 4 0 0 0 0 397 0 0
"37" 37 0.0547263681592 0 0 0 0 0 0 0 0 0 0 0 0 0 500 0 0 0 0 0 0
"38" 38 0.394230769231 0 0 0 0 0 0 0 0 0 0 0 500 0 0 0 0 0 0 0 0
"39" 39 0.705357142857 0 18 27 10 52 122 12 16 88 0 3 1 0 3 5 0 25 117 1 0
"40" 40 0.248730964467 0 0 0 0 0 0 495 0 0 0 0 0 0 0 0 0 5 0 0 0
"41" 41 0.396551724138 0 0 2 1 11 6 87 0 2 125 0 0 0 7 0 0 198 3 56 2
"42" 42 0.453488372093 0 0 0 0 1 1 0 0 2 0 1 0 0 1 489 0 0 5 0 0
"43" 43 0.401162790698 0 0 0 0 3 5 12 0 469 0 0 0 0 0 0 0 7 0 0 4
"44" 44 0.502538071066 0 0 0 11 6 16 18 0 0 0 0 0 3 0 5 0 63 375 1 2
"45" 45 0.295597484277 0 0 0 0 0 0 1 498 0 0 0 0 0 1 0 0 0 0 0 0
"46" 46 0.279069767442 0 0 3 0 0 0 0 0 495 0 2 0 0 0 0 0 0 0 0 0
"47" 47 0.680203045685 0 8 82 3 38 172 1 0 49 0 9 1 0 23 2 0 9 101 1 1
"48" 48 0.471153846154 0 0 0 0 0 0 0 0 0 0 0 500 0 0 0 0 0 0 0 0
"49" 49 0.0209205020921 0 0 0 0 0 0 0 0 0 492 0 0 0 4 0 0 0 0 4 0
"50" 50 0.466666666667 0 4 0 1 0 1 164 0 91 4 0 0 0 2 2 0 216 10 5 0
"51" 51 0.0 0 0 0 0 0 0 3 0 0 0 0 0 0 0 0 0 497 0 0 0
"52" 52 0.133928571429 0 0 0 0 5 1 0 0 0 0 0 0 0 1 0 2 0 491 0 0
"53" 53 0.21511627907 0 0 0 0 0 0 261 0 0 0 0 0 0 1 1 0 218 16 0 3
"54" 54 0.0172413793103 0 0 0 0 0 0 1 0 0 0 0 0 0 0 0 0 499 0 0 0
"55" 55 0.540178571429 0 0 0 0 0 0 200 0 1 0 0 0 0 0 76 0 219 0 4 0
"56" 56 0.239543726236 0 0 0 0 0 0 0 0 0 131 0 0 0 0 0 0 0 0 369 0
"57" 57 0.409282700422 0 0 0 0 0 0 0 0 0 0 0 500 0 0 0 0 0 0 0 0
"58" 58 0.0769230769231 0 0 0 0 0 0 0 500 0 0 0 0 0 0 0 0 0 0 0 0
"59" 59 0.0 0 0 0 0 0 0 498 0 0 0 0 0 0 0 0 0 2 0 0 0
"60" 60 0.0198675496689 0 0 0 0 0 0 7 0 0 0 0 0 0 0 399 0 22 72 0 0
"61" 61 0.00418410041841 0 0 0 0 0 0 0 0 0 500 0 0 0 0 0 0 0 0 0 0
"62" 62 0.00581395348837 0 0 0 0 0 0 0 0 500 0 0 0 0 0 0 0 0 0 0 0
"63" 63 0.0 0 0 0 0 0 0 447 0 3 0 2 0 0 0 0 0 48 0 0 0
"64" 64 0.0106382978723 0 0 0 0 0 0 0 0 0 0 0 0 0 0 0 500 0 0 0 0
"65" 65 0.419689119171 0 6 11 53 0 0 1 0 158 0 33 0 2 0 0 1 233 0 2 0
"66" 66 0.051724137931 0 0 0 0 0 0 0 0 3 0 0 0 0 0 0 0 497 0 0 0
"67" 67 0.298076923077 0 0 0 0 0 0 0 0 0 0 0 500 0 0 0 0 0 0 0 0
"68" 68 0.634615384615 0 0 0 2 0 0 0 0 0 0 0 498 0 0 0 0 0 0 0 0
"69" 69 0.165919282511 0 3 5 0 19 36 0 0 10 353 1 0 0 0 3 0 0 32 38 0
"70" 70 0.373056994819 0 0 100 0 0 0 0 0 0 0 141 259 0 0 0 0 0 0 0 0
"71" 71 0.637130801688 0 0 4 0 0 3 0 0 438 0 0 54 0 0 0 0 0 0 0 1
"72" 72 0.558375634518 0 0 2 0 68 355 0 0 0 0 0 62 6 5 2 0 0 0 0 0
"73" 73 0.543795620438 0 3 410 6 1 0 3 0 0 0 0 0 0 0 10 0 0 0 0 67
"74" 74 0.220125786164 0 63 0 1 0 31 0 0 0 0 1 0 0 0 0 386 0 3 0 15
"75" 75 0.26368159204 0 0 0 0 350 4 0 0 0 0 0 0 1 143 1 0 0 1 0 0
"76" 76 0.0780141843972 0 5 0 1 17 0 0 0 0 0 2 0 0 0 4 438 0 33 0 0
"77" 77 0.448905109489 0 0 9 0 8 393 18 0 8 0 3 0 0 0 19 2 35 4 0 1
"78" 78 0.66985645933 0 1 19 23 12 339 0 0 21 0 2 0 0 67 4 0 0 8 2 2
"79" 79 0.167300380228 0 0 0 0 0 0 0 0 0 88 0 0 0 0 0 0 0 0 412 0
"80" 80 0.00836820083682 0 0 0 0 0 0 0 0 0 496 0 0 0 0 0 0 0 0 4 0
"81" 81 0.461883408072 0 0 0 0 253 239 0 0 0 0 4 0 0 1 1 0 2 0 0 0
"82" 82 0.189743589744 0 464 0 36 0 0 0 0 0 0 0 0 0 0 0 0 0 0 0 0
"83" 83 0.0232558139535 0 0 0 0 0 0 0 0 499 0 1 0 0 0 0 0 0 0 0 0
"84" 84 0.313901345291 0 0 0 0 37 415 0 0 31 0 0 0 0 0 14 0 0 0 0 3
"85" 85 0.0 0 0 0 0 0 0 0 0 0 0 0 500 0 0 0 0 0 0 0 0
"86" 86 0.0149253731343 0 0 0 0 0 0 0 0 0 0 0 0 0 500 0 0 0 0 0 0
"87" 87 0.010152284264 0 0 0 0 0 0 492 0 0 0 0 0 0 0 0 0 8 0 0 0
"88" 88 0.00418410041841 0 0 0 0 0 0 0 0 0 500 0 0 0 0 0 0 0 0 0 0
"89" 89 0.0 0 0 0 0 0 0 0 0 0 0 0 0 0 0 0 0 500 0 0 0
"90" 90 0.0402298850575 0 0 0 0 0 0 0 0 0 72 0 0 0 0 0 0 426 0 2 0
"91" 91 0.145077720207 0 478 0 22 0 0 0 0 0 0 0 0 0 0 0 0 0 0 0 0
"92" 92 0.0 0 0 7 0 0 0 0 0 0 0 493 0 0 0 0 0 0 0 0 0
"93" 93 0.230769230769 0 0 154 0 0 0 0 0 339 0 6 0 0 0 1 0 0 0 0 0
"94" 94 0.150259067358 0 500 0 0 0 0 0 0 0 0 0 0 0 0 0 0 0 0 0 0
"95" 95 0.379562043796 0 0 128 9 24 25 0 0 186 0 16 0 0 28 62 2 0 14 0 6
"96" 96 0.638392857143 0 138 4 16 14 135 3 0 34 0 17 0 0 7 1 0 12 119 0 0
"97" 97 0.288321167883 0 0 0 1 0 0 0 0 0 0 0 0 0 0 499 0 0 0 0 0
"98" 98 0.0459770114943 0 0 184 0 1 19 131 0 0 0 137 1 0 1 12 0 4 0 0 10
"99" 99 0.507692307692 0 231 12 33 8 37 0 0 1 0 18 1 0 19 7 1 0 129 0 3
"100" 100 0.272321428571 0 23 0 8 52 72 1 0 0 0 10 0 0 166 20 0 4 137 0 7
"101" 101 0.0232558139535 0 0 0 0 0 0 0 0 0 0 500 0 0 0 0 0 0 0 0 0
"102" 102 0.332116788321 0 0 0 0 4 212 0 0 0 0 4 0 0 0 262 0 0 14 0 4
"103" 103 0.419642857143 0 13 1 16 18 110 15 0 5 0 51 0 0 10 12 0 0 240 2 7
"104" 104 0.03125 0 0 0 0 102 0 0 0 0 0 3 0 0 0 0 0 0 395 0 0
"105" 105 0.0 0 0 0 0 0 0 0 0 0 0 0 0 0 500 0 0 0 0 0 0
"106" 106 0.238532110092 0 0 0 5 9 17 0 0 0 0 11 0 0 387 0 0 0 64 0 7
"107" 107 0.474452554745 0 9 0 71 7 76 1 0 0 0 48 0 0 28 231 0 0 29 0 0
"108" 108 0.0229357798165 0 1 1 24 95 0 0 0 0 0 88 0 0 44 0 0 0 96 0 151
"109" 109 0.0696517412935 0 0 0 0 0 0 0 0 0 0 0 0 0 500 0 0 0 0 0 0
"110" 110 0.581395348837 0 0 14 2 0 0 0 0 0 0 468 16 0 0 0 0 0 0 0 0
"111" 111 0.232142857143 0 0 11 0 466 1 0 0 0 0 13 0 0 0 0 0 0 9 0 0
"112" 112 0.678756476684 0 439 17 9 2 0 0 22 4 0 0 0 0 5 0 0 0 2 0 0
"113" 113 0.428571428571 0 1 0 2 3 7 0 0 0 0 1 0 0 453 0 0 0 0 1 32
"114" 114 0.00497512437811 0 0 0 0 0 0 0 0 0 0 0 0 0 500 0 0 0 0 0 0
"115" 115 0.448905109489 0 1 3 2 10 5 0 0 1 0 1 0 0 32 442 0 0 2 0 1
"116" 116 0.642487046632 0 115 20 91 15 7 1 0 94 0 3 4 0 5 2 0 3 140 0 0
"117" 117 0.0232558139535 0 0 0 0 0 0 0 0 0 0 500 0 0 0 0 0 0 0 0 0
"118" 118 0.0114942528736 0 0 0 0 0 0 1 0 0 0 0 0 0 0 0 0 499 0 0 0
"119" 119 0.00497512437811 0 0 0 0 0 0 0 0 0 0 0 0 0 500 0 0 0 0 0 0
"120" 120 0.0 0 0 0 0 0 0 0 0 0 0 0 0 0 500 0 0 0 0 0 0
"121" 121 0.0 0 0 0 0 0 0 0 0 0 0 0 0 0 0 0 0 500 0 0 0
"122" 122 0.00418410041841 0 0 0 0 0 0 0 0 0 500 0 0 0 0 0 0 0 0 0 0
"123" 123 0.0 0 0 2 0 0 0 0 0 0 0 497 1 0 0 0 0 0 0 0 0
"124" 124 0.025641025641 0 0 0 500 0 0 0 0 0 0 0 0 0 0 0 0 0 0 0 0
"125" 125 0.227848101266 0 0 0 32 0 444 0 0 0 0 0 0 24 0 0 0 0 0 0 0
"126" 126 0.22869955157 0 0 11 0 343 136 0 0 0 0 1 9 0 0 0 0 0 0 0 0
"127" 127 0.538860103627 0 64 307 4 0 7 0 0 5 0 5 1 1 0 98 0 0 5 0 3
"128" 128 0.298507462687 0 1 2 0 34 3 0 0 0 16 7 0 0 142 267 0 0 7 16 5
"129" 129 0.805031446541 0 32 24 3 6 16 0 390 0 0 13 1 0 0 0 0 0 15 0 0
"130" 130 0.476923076923 0 94 4 316 15 18 16 0 16 0 0 0 1 7 2 0 6 5 0 0
"131" 131 0.147286821705 0 0 0 0 0 0 0 0 0 0 500 0 0 0 0 0 0 0 0 0
"132" 132 0.0229357798165 0 63 0 6 12 8 0 0 0 0 69 0 7 171 3 0 0 15 0 146
"133" 133 0.415384615385 0 427 0 72 0 0 0 0 0 0 0 0 0 0 1 0 0 0 0 0
"134" 134 0.22480620155 0 11 16 0 0 0 0 0 1 0 466 0 0 0 0 6 0 0 0 0
"135" 135 0.527131782946 0 90 4 70 11 56 2 0 26 0 35 5 0 10 63 0 11 113 4 0
"136" 136 0.330357142857 0 4 0 60 57 95 0 0 0 0 19 0 0 50 32 0 0 171 0 12
"137" 137 0.0 0 0 0 0 0 0 369 0 2 0 1 0 0 0 0 0 128 0 0 0
"138" 138 0.0813953488372 0 0 0 0 3 101 0 0 11 0 28 0 0 0 29 0 0 96 0 232
"139" 139 0.668393782383 0 12 0 28 25 166 41 0 2 1 7 0 6 55 85 0 11 51 4 6
"140" 140 0.481012658228 0 15 1 18 111 13 0 0 0 8 165 1 0 58 2 6 0 81 16 5
"141" 141 0.0 0 0 0 0 0 0 0 0 0 0 0 0 0 500 0 0 0 0 0 0
"142" 142 0.125 0 0 0 0 0 0 0 0 0 0 0 500 0 0 0 0 0 0 0 0
"143" 143 0.0 0 0 0 0 0 0 0 0 0 0 0 0 0 500 0 0 0 0 0 0
"144" 144 0.626794258373 0 1 58 2 3 27 0 0 5 10 8 1 197 5 8 12 0 8 154 1
"145" 145 0.516556291391 0 24 53 84 38 37 0 0 130 0 9 1 0 73 7 0 0 41 1 2
"146" 146 0.124378109453 0 0 0 0 0 0 0 0 0 0 0 0 0 500 0 0 0 0 0 0
"147" 147 0.678832116788 0 2 32 22 227 50 0 0 13 8 16 3 1 69 0 0 0 32 20 5
"148" 148 0.918660287081 0 0 0 37 0 0 0 0 0 0 0 463 0 0 0 0 0 0 0 0
"149" 149 0.109489051095 0 0 0 0 1 7 272 0 0 1 0 0 15 2 2 0 37 0 8 155
"150" 150 0.348717948718 0 2 0 408 0 0 14 0 19 0 0 0 0 8 0 0 49 0 0 0
"151" 151 0.191489361702 0 0 0 0 0 0 0 0 0 0 0 0 0 0 0 500 0 0 0 0
"152" 152 0.307984790875 0 0 0 0 0 0 0 0 0 0 0 0 0 0 0 0 0 0 500 0
"153" 153 0.147208121827 0 0 0 0 0 0 500 0 0 0 0 0 0 0 0 0 0 0 0 0
"154" 154 0.116591928251 0 0 0 0 500 0 0 0 0 0 0 0 0 0 0 0 0 0 0 0
"155" 155 0.279069767442 0 0 2 0 2 0 0 0 0 0 443 37 0 15 1 0 0 0 0 0
"156" 156 0.0 0 0 0 0 0 0 0 0 500 0 0 0 0 0 0 0 0 0 0 0
"157" 157 0.0443037974684 500 0 0 0 0 0 0 0 0 0 0 0 0 0 0 0 0 0 0 0
"158" 158 0.0232558139535 0 0 497 0 0 0 0 0 0 0 3 0 0 0 0 0 0 0 0 0
"159" 159 0.540697674419 0 428 0 1 1 8 0 0 0 0 9 0 0 0 35 0 1 17 0 0
"160" 160 0.556291390728 0 59 70 39 42 20 0 0 181 0 0 0 2 25 3 0 0 57 0 2
"161" 161 0.221153846154 0 0 0 0 0 0 0 0 0 0 0 500 0 0 0 0 0 0 0 0
"162" 162 0.528497409326 0 263 18 19 55 40 33 0 15 0 1 0 0 5 13 0 29 9 0 0
"163" 163 0.0 0 0 0 0 0 0 0 0 0 0 0 500 0 0 0 0 0 0 0 0
"164" 164 0.00497512437811 0 0 0 0 0 0 0 0 0 0 0 0 0 500 0 0 0 0 0 0
"165" 165 0.319391634981 0 0 0 0 0 0 0 0 0 52 0 0 0 0 0 0 0 0 448 0
"166" 166 0.370535714286 0 56 0 52 31 44 0 0 0 0 29 0 0 58 7 4 1 210 0 8
"167" 167 0.0 0 0 0 0 0 0 0 0 0 0 0 500 0 0 0 0 0 0 0 0
"168" 168 0.0149253731343 0 0 0 0 0 0 0 0 0 6 0 0 0 494 0 0 0 0 0 0
"169" 169 0.331606217617 0 0 0 0 1 324 0 0 0 0 1 0 0 0 134 0 0 40 0 0
"170" 170 0.131205673759 0 0 0 0 0 0 0 0 0 0 0 0 0 0 0 500 0 0 0 0
"171" 171 0.0 0 0 0 0 0 0 0 0 0 0 0 0 0 500 0 0 0 0 0 0
"172" 172 0.0662251655629 0 0 50 0 0 0 0 0 0 0 450 0 0 0 0 0 0 0 0 0
"173" 173 0.353846153846 0 9 0 1 2 7 0 0 0 0 2 0 0 2 33 0 0 444 0 0
"174" 174 0.125560538117 0 0 0 0 251 1 0 0 0 0 2 0 0 0 0 0 0 245 0 1
"175" 175 0.044776119403 0 0 0 0 0 0 19 0 0 0 0 0 0 481 0 0 0 0 0 0
"176" 176 0.204379562044 0 0 0 0 16 201 0 0 0 0 228 1 0 22 10 1 0 18 1 2
"177" 177 0.651282051282 0 11 0 174 3 170 0 0 0 0 51 2 0 10 76 0 0 3 0 0
"178" 178 0.452914798206 0 0 17 0 266 1 0 0 0 0 0 195 0 19 0 0 0 2 0 0
"179" 179 1.03797468354 0 269 60 8 1 5 1 0 1 8 10 89 2 0 7 0 0 11 28 0
