"site" "RSA" "aa1" "aa2" "aa3" "aa4" "aa5" "aa6" "aa7" "aa8" "aa9" "aa10" "aa11" "aa12" "aa13" "aa14" "aa15" "aa16" "aa17" "aa18" "aa19" "aa20"
"0" 0 0.353211009174 0 0 0 0 0 0 0 0 0 0 0 0 0 1 0 0 0 0 0 30
"1" 1 0.0 0 0 0 0 0 0 0 0 0 32 0 0 0 0 0 0 0 0 0 0
"2" 2 0.133720930233 0 0 0 0 0 0 0 0 32 0 0 0 0 0 0 0 0 0 0 0
"3" 3 0.00961538461538 0 0 0 0 0 0 0 0 0 0 0 32 0 0 0 0 0 0 0 0
"4" 4 0.462686567164 0 0 0 0 0 0 22 0 0 0 0 0 0 10 0 0 0 0 0 0
"5" 5 0.14367816092 0 0 0 0 0 0 5 0 0 0 0 0 0 0 0 0 27 0 0 0
"6" 6 0.383928571429 0 0 0 0 0 0 0 0 0 0 0 0 0 0 0 0 0 32 0 0
"7" 7 0.108527131783 1 0 0 0 0 1 0 0 2 0 1 0 4 2 0 0 0 21 0 0
"8" 8 0.304568527919 0 0 0 0 0 1 11 0 3 0 0 0 0 5 0 0 5 0 0 7
"9" 9 0.00961538461538 0 0 1 0 0 0 0 0 0 0 2 29 0 0 0 0 0 0 0 0
"10" 10 0.304597701149 0 0 1 1 0 1 2 1 17 0 0 0 0 0 2 0 3 4 0 0
"11" 11 0.0 0 0 0 0 0 0 8 0 0 0 0 0 0 0 0 0 24 0 0 0
"12" 12 0.350210970464 0 0 6 0 2 10 1 0 2 0 4 0 0 1 2 0 2 2 0 0
"13" 13 0.341968911917 0 6 7 3 2 2 1 0 3 0 1 1 1 0 0 0 1 4 0 0
"14" 14 0.195402298851 0 0 0 0 0 0 7 0 2 0 2 0 0 11 0 0 3 0 2 5
"15" 15 0.538116591928 0 3 4 4 3 4 0 0 3 0 1 3 0 0 2 0 2 3 0 0
"16" 16 0.519230769231 0 1 2 0 4 2 0 5 1 0 3 3 0 0 0 0 5 1 0 1
"17" 17 0.401162790698 0 3 10 2 0 1 0 0 6 0 3 2 0 1 1 0 0 0 1 0
"18" 18 0.451776649746 0 4 4 0 1 2 1 0 0 0 2 14 0 2 0 0 1 0 0 0
"19" 19 0.720207253886 0 8 2 0 2 2 0 0 3 0 0 6 3 0 0 0 0 4 0 0
"20" 20 0.712820512821 0 1 5 4 2 1 0 0 0 1 5 10 0 0 1 0 0 1 0 0
"21" 21 0.125 0 2 3 0 0 0 1 0 0 0 2 21 0 0 0 0 0 0 0 3
"22" 22 0.0962343096234 1 0 1 3 0 4 1 0 7 6 2 1 0 0 0 0 3 0 2 0
"23" 23 0.457364341085 0 3 7 0 1 1 0 0 5 0 2 1 0 0 1 0 2 1 0 0
"24" 24 0.0137614678899 0 0 0 0 0 0 3 0 0 0 0 0 0 20 0 0 1 0 0 6
"25" 25 0.337552742616 0 0 3 0 0 5 0 0 19 0 0 0 0 0 2 0 1 0 0 0
"26" 26 0.0 0 0 0 0 0 0 26 0 0 0 0 0 0 1 0 0 4 0 0 0
"27" 27 0.308035714286 1 5 5 2 2 5 0 0 1 0 0 3 2 0 0 0 0 6 0 0
"28" 28 0.0 8 0 3 0 0 0 1 0 0 0 16 2 0 1 0 0 0 0 0 0
"29" 29 0.295597484277 1 2 4 3 0 4 0 4 2 0 5 0 1 1 3 0 0 1 0 0
"30" 30 0.434977578475 0 1 1 0 3 8 1 1 4 1 2 0 0 3 1 0 2 3 0 0
"31" 31 0.0203045685279 0 0 0 0 0 0 14 0 0 0 2 0 0 3 0 0 12 0 0 1
"32" 32 0.0348258706468 0 0 0 0 0 0 0 0 1 1 1 0 0 28 0 0 0 0 0 1
"33" 33 0.658031088083 0 1 8 0 1 2 0 0 4 0 0 4 0 0 0 0 0 12 0 0
"34" 34 0.476683937824 0 26 0 2 0 0 0 0 0 0 0 4 0 0 0 0 0 0 0 0
"35" 35 0.101265822785 11 0 1 0 0 0 1 0 1 0 4 0 0 1 0 0 13 0 0 0
"36" 36 0.622009569378 0 0 0 1 3 4 0 0 1 0 0 1 18 0 3 0 0 0 1 0
"37" 37 0.459302325581 0 2 0 0 0 0 8 0 1 0 0 0 0 20 0 0 1 0 0 0
"38" 38 0.413461538462 0 0 0 0 0 0 0 0 0 0 0 32 0 0 0 0 0 0 0 0
"39" 39 0.310880829016 1 31 0 0 0 0 0 0 0 0 0 0 0 0 0 0 0 0 0 0
"40" 40 0.284768211921 0 0 32 0 0 0 0 0 0 0 0 0 0 0 0 0 0 0 0 0
"41" 41 0.0203045685279 0 0 0 0 0 0 31 0 0 0 0 0 0 0 0 0 1 0 0 0
"42" 42 0.031007751938 3 0 4 0 0 0 0 0 0 0 25 0 0 0 0 0 0 0 0 0
"43" 43 0.0 1 0 0 0 0 0 1 0 2 0 0 0 0 0 0 0 28 0 0 0
"44" 44 0.0307692307692 0 0 1 31 0 0 0 0 0 0 0 0 0 0 0 0 0 0 0 0
"45" 45 0.0384615384615 0 0 0 0 0 0 0 0 0 0 0 32 0 0 0 0 0 0 0 0
"46" 46 0.0348837209302 0 0 0 0 0 0 5 0 9 0 3 0 0 0 0 0 15 0 0 0
"47" 47 0.196202531646 32 0 0 0 0 0 0 0 0 0 0 0 0 0 0 0 0 0 0 0
"48" 48 0.0348258706468 0 0 0 0 0 0 0 0 0 0 0 0 0 32 0 0 0 0 0 0
"49" 49 0.447674418605 0 0 0 0 0 0 0 0 32 0 0 0 0 0 0 0 0 0 0 0
"50" 50 0.00574712643678 0 0 0 0 0 0 1 0 0 0 2 0 0 0 0 0 29 0 0 0
"51" 51 0.453488372093 1 0 1 0 0 0 0 0 30 0 0 0 0 0 0 0 0 0 0 0
"52" 52 0.512953367876 0 4 8 1 3 0 0 0 0 0 5 2 0 0 0 0 0 9 0 0
"53" 53 0.280334728033 0 0 0 0 0 0 1 0 0 26 0 0 0 3 0 0 0 0 1 1
"54" 54 0.40414507772 0 11 4 3 0 0 0 1 8 1 1 2 0 0 0 0 0 1 0 0
"55" 55 0.71897810219 0 1 6 1 1 6 0 2 2 0 5 2 0 0 3 0 0 3 0 0
"56" 56 0.475285171103 0 6 6 4 2 0 0 0 4 0 2 1 1 0 1 0 0 4 1 0
"57" 57 0.129186602871 0 1 10 0 4 0 1 0 0 0 1 0 3 1 0 4 0 5 2 0
"58" 58 0.0 0 0 0 0 0 0 0 0 0 32 0 0 0 0 0 0 0 0 0 0
"59" 59 0.232558139535 0 1 1 0 1 8 0 0 15 0 0 0 0 0 2 0 3 1 0 0
"60" 60 0.0114942528736 0 0 0 0 0 0 2 0 0 0 7 0 0 0 0 0 23 0 0 0
"61" 61 0.451923076923 0 12 0 0 0 0 0 0 0 0 0 19 0 0 0 1 0 0 0 0
"62" 62 0.0203045685279 1 0 0 0 0 0 5 0 1 0 1 0 0 9 0 0 15 0 0 0
"63" 63 0.403100775194 0 0 6 0 0 0 0 0 1 0 15 0 0 0 0 0 0 0 0 10
"64" 64 0.295597484277 0 0 1 1 0 0 0 26 0 1 2 0 0 0 0 0 0 0 0 1
"65" 65 0.424107142857 0 0 0 0 0 0 0 0 0 0 0 0 0 0 0 0 0 32 0 0
"66" 66 0.245033112583 0 0 2 0 0 0 0 0 30 0 0 0 0 0 0 0 0 0 0 0
"67" 67 0.0497512437811 0 0 0 0 0 0 4 0 0 0 0 0 0 22 0 0 4 0 0 2
"68" 68 0.496350364964 0 1 2 0 1 3 0 0 0 1 1 0 0 0 23 0 0 0 0 0
"69" 69 0.169154228856 0 0 2 0 0 6 1 0 0 0 3 0 0 2 17 0 1 0 0 0
"70" 70 0.0523255813953 0 0 4 0 0 0 0 0 28 0 0 0 0 0 0 0 0 0 0 0
"71" 71 0.0410256410256 0 4 10 16 0 0 0 0 0 0 1 0 0 0 0 0 0 0 1 0
"72" 72 0.0 0 0 0 0 0 0 1 0 0 0 0 0 0 30 0 0 1 0 0 0
"73" 73 0.134615384615 0 0 3 1 0 1 1 0 0 0 2 19 0 1 3 0 0 1 0 0
"74" 74 0.511210762332 0 6 7 0 5 0 0 0 3 0 1 0 0 0 3 0 0 5 0 2
"75" 75 0.0443037974684 2 0 0 0 0 0 0 0 0 0 0 0 0 26 0 2 1 0 0 0
"76" 76 0.556962025316 0 0 2 0 4 13 0 0 5 0 0 0 2 0 2 0 3 1 0 0
"77" 77 0.496124031008 0 0 2 0 1 4 0 4 7 0 3 1 0 0 1 0 7 2 0 0
"78" 78 0.519230769231 0 1 0 4 0 0 0 0 1 0 1 23 2 0 0 0 0 0 0 0
"79" 79 0.305699481865 0 9 22 0 0 0 0 0 1 0 0 0 0 0 0 0 0 0 0 0
"80" 80 0.396226415094 0 0 2 1 2 11 0 7 0 0 2 0 0 2 4 0 0 1 0 0
"81" 81 0.00574712643678 0 0 0 0 0 0 0 0 0 0 0 0 0 1 0 0 31 0 0 0
"82" 82 0.0102564102564 0 0 0 32 0 0 0 0 0 0 0 0 0 0 0 0 0 0 0 0
"83" 83 0.00497512437811 3 0 0 0 0 0 0 0 0 0 0 0 0 29 0 0 0 0 0 0
"84" 84 0.0535714285714 0 0 0 0 0 0 0 0 0 0 0 0 0 0 0 0 0 32 0 0
"85" 85 0.21897810219 0 0 0 0 0 1 0 0 0 0 0 0 0 0 31 0 0 0 0 0
"86" 86 0.341085271318 0 0 2 0 0 0 0 0 0 0 30 0 0 0 0 0 0 0 0 0
"87" 87 0.350574712644 0 0 1 0 0 0 1 0 0 0 0 0 0 5 0 0 13 0 0 12
"88" 88 0.800995024876 0 1 5 0 2 2 0 1 1 0 11 0 0 3 5 0 0 1 0 0
"89" 89 0.324503311258 0 0 2 0 2 0 1 5 0 1 14 3 0 3 0 0 0 0 0 1
"90" 90 0.748344370861 0 8 3 6 0 0 0 0 1 0 1 4 3 0 0 0 2 4 0 0
"91" 91 0.436046511628 0 0 4 0 0 0 0 0 12 0 2 10 0 0 1 0 3 0 0 0
"92" 92 0.142335766423 0 0 0 0 0 0 0 1 0 0 0 0 0 0 31 0 0 0 0 0
"93" 93 0.848623853211 0 0 0 1 0 0 0 0 0 14 0 0 0 4 0 0 0 0 0 13
"94" 94 0.317307692308 0 0 1 0 0 0 0 0 0 0 0 31 0 0 0 0 0 0 0 0
"95" 95 0.115384615385 0 0 0 0 0 0 0 0 0 0 0 32 0 0 0 0 0 0 0 0
"96" 96 0.0334928229665 0 0 0 0 0 0 0 0 0 0 0 0 32 0 0 0 0 0 0 0
"97" 97 0.384937238494 0 0 0 0 0 0 6 0 0 15 0 0 0 3 0 0 3 0 4 1
"98" 98 0.0114942528736 0 0 0 0 0 0 0 0 0 0 0 0 0 0 0 0 32 0 0 0
"99" 99 0.313901345291 0 0 6 0 22 0 0 0 4 0 0 0 0 0 0 0 0 0 0 0
"100" 100 0.0192307692308 0 0 0 0 0 0 0 0 0 0 1 31 0 0 0 0 0 0 0 0
"101" 101 0.516746411483 0 1 0 0 0 0 0 0 0 0 0 0 31 0 0 0 0 0 0 0
"102" 102 0.109195402299 0 0 0 0 0 0 4 0 0 0 0 0 0 0 0 0 28 0 0 0
"103" 103 0.186528497409 0 32 0 0 0 0 0 0 0 0 0 0 0 0 0 0 0 0 0 0
"104" 104 0.0 1 1 0 0 0 0 0 0 14 0 0 16 0 0 0 0 0 0 0 0
"105" 105 0.0114942528736 0 0 0 0 0 0 5 0 18 0 0 0 0 0 0 0 8 1 0 0
"106" 106 0.0 0 0 0 0 0 0 0 0 0 0 15 17 0 0 0 0 0 0 0 0
"107" 107 0.290178571429 0 0 0 0 0 4 1 0 12 0 1 0 0 1 0 0 2 10 0 1
"108" 108 0.0 0 0 0 0 0 0 29 0 0 0 0 0 0 2 0 0 1 0 0 0
"109" 109 0.189655172414 0 0 1 0 1 1 7 0 2 0 1 0 0 4 1 0 12 1 0 1
"110" 110 0.473214285714 0 4 13 2 1 1 0 0 1 0 4 0 0 0 2 0 0 4 0 0
"111" 111 0.282700421941 0 0 0 0 0 8 8 0 1 2 0 0 0 0 5 0 5 0 1 2
"112" 112 0.426160337553 0 0 0 0 1 5 1 0 11 0 0 0 0 0 3 2 3 6 0 0
"113" 113 0.52466367713 0 0 0 1 4 2 0 16 1 0 2 2 0 0 1 0 2 1 0 0
"114" 114 0.512953367876 0 13 1 2 0 1 0 0 0 0 1 1 2 0 0 0 0 11 0 0
"115" 115 0.605769230769 0 0 1 1 0 1 0 0 0 0 1 19 0 0 0 0 0 7 2 0
"116" 116 0.598214285714 0 8 1 16 0 0 0 0 0 0 0 0 1 0 2 0 1 3 0 0
"117" 117 0.131782945736 0 0 13 0 0 0 0 0 1 0 17 0 0 0 0 1 0 0 0 0
"118" 118 0.0609137055838 0 1 0 0 0 3 7 0 1 0 0 0 0 13 0 0 7 0 0 0
"119" 119 0.134715025907 0 2 0 1 0 0 2 0 6 1 1 0 0 1 3 8 3 0 4 0
"120" 120 0.0 0 0 0 0 0 0 5 0 0 9 0 0 0 4 0 0 5 0 8 1
"121" 121 0.0697674418605 0 1 1 0 0 6 0 0 11 0 0 2 0 0 8 0 1 2 0 0
"122" 122 0.0 0 0 0 0 0 0 9 0 0 10 0 0 0 6 0 0 6 0 0 1
"123" 123 0.434306569343 0 0 2 0 5 15 0 0 2 0 1 0 0 0 6 0 0 1 0 0
"124" 124 0.0251572327044 0 0 0 0 0 0 0 12 2 0 2 0 0 3 0 0 2 0 0 0
"125" 125 0.459854014599 1 0 0 0 0 2 2 0 2 0 6 1 0 2 6 0 0 0 0 2
"126" 126 0.259067357513 0 11 3 1 0 0 0 7 4 0 1 1 0 0 1 0 0 3 0 0
"127" 127 0.446540880503 0 1 3 1 2 5 1 11 1 0 3 1 0 0 2 0 0 1 0 0
"128" 128 0.489539748954 0 3 5 0 2 3 0 0 3 1 3 4 1 0 0 0 0 7 0 0
"129" 129 0.0172413793103 0 0 0 0 0 0 3 0 0 1 0 0 0 16 0 0 7 0 4 1
"130" 130 0.089552238806 0 0 1 1 0 0 0 0 2 0 1 1 0 20 1 0 0 1 0 4
"131" 131 0.540084388186 0 1 0 0 0 12 0 5 0 0 1 0 0 0 13 0 0 0 0 0
"132" 132 0.148288973384 0 0 0 0 0 0 0 0 1 4 0 0 0 0 0 0 0 0 27 0
"133" 133 0.0355329949239 2 0 0 0 0 0 21 0 0 0 0 0 0 3 0 0 4 0 0 2
"134" 134 0.522988505747 0 0 0 0 0 0 6 0 0 0 1 0 0 2 0 0 23 0 0 0
"135" 135 0.593155893536 0 0 0 0 2 0 0 8 0 0 1 0 0 2 1 0 0 14 4 0
"136" 136 0.586497890295 0 0 0 0 0 32 0 0 0 0 0 0 0 0 0 0 0 0 0 0
"137" 137 0.153846153846 0 0 0 0 0 0 0 0 0 0 0 32 0 0 0 0 0 0 0 0
"138" 138 0.414448669202 0 0 10 0 0 0 0 0 0 12 0 0 0 0 1 0 0 0 9 0
"139" 139 0.0 0 0 0 0 0 0 25 0 0 0 1 0 0 0 0 0 6 0 0 0
"140" 140 0.015503875969 1 0 1 0 0 0 0 0 12 0 18 0 0 0 0 0 0 0 0 0
"141" 141 0.0 0 0 0 0 0 0 12 0 0 0 0 0 0 9 0 0 11 0 0 0
"142" 142 0.0 0 31 1 0 0 0 0 0 0 0 0 0 0 0 0 0 0 0 0 0
"143" 143 0.0576923076923 0 0 0 0 0 0 0 0 0 0 0 32 0 0 0 0 0 0 0 0
"144" 144 0.0348837209302 0 0 0 0 0 0 4 0 17 0 7 0 0 0 0 0 4 0 0 0
"145" 145 0.145695364238 0 0 32 0 0 0 0 0 0 0 0 0 0 0 0 0 0 0 0 0
"146" 146 0.0597014925373 0 0 0 0 0 0 0 0 0 0 0 0 0 32 0 0 0 0 0 0
"147" 147 0.453488372093 0 0 0 0 0 0 0 0 32 0 0 0 0 0 0 0 0 0 0 0
"148" 148 0.00507614213198 0 0 0 0 0 0 9 0 0 0 0 0 0 3 0 0 20 0 0 0
"149" 149 0.28488372093 1 0 0 0 0 0 3 0 14 4 5 0 0 0 0 0 5 0 0 0
"150" 150 0.464114832536 0 10 1 1 1 3 0 0 1 0 2 4 3 0 1 0 0 3 2 0
"151" 151 0.241379310345 0 0 0 0 0 0 3 0 2 0 0 0 0 3 0 0 23 0 0 1
"152" 152 0.347150259067 0 15 2 3 0 0 0 0 5 1 0 1 0 0 0 0 1 4 0 0
"153" 153 0.740932642487 0 19 1 0 3 1 0 1 0 0 0 0 0 0 1 0 0 6 0 0
"154" 154 0.337748344371 0 7 5 1 1 2 0 0 0 0 3 4 0 0 1 0 1 7 0 0
"155" 155 0.104651162791 3 0 7 0 2 0 1 0 10 0 2 0 0 0 0 2 0 4 1 0
"156" 156 0.0 0 0 0 0 0 0 2 0 0 24 0 0 0 1 0 4 1 0 0 0
"157" 157 0.046357615894 0 0 6 4 0 2 0 0 8 1 0 3 0 0 1 0 0 6 1 0
"158" 158 0.0 0 0 0 0 0 0 10 0 0 5 0 0 0 1 0 0 16 0 0 0
"159" 159 0.261467889908 0 0 11 0 0 0 0 0 0 0 4 0 0 1 0 0 0 0 0 16
"160" 160 0.0045871559633 0 0 0 0 0 0 5 0 0 0 0 0 0 21 0 0 1 0 0 5
"161" 161 0.48730964467 0 0 0 0 0 0 26 0 0 0 0 0 0 0 0 0 6 0 0 0
"162" 162 0.370860927152 0 0 2 0 1 2 0 12 0 0 13 0 0 0 0 0 1 1 0 0
"163" 163 0.615969581749 0 0 0 0 0 0 0 0 1 0 0 0 17 0 0 0 0 0 14 0
"164" 164 0.168604651163 0 0 1 0 0 0 0 0 31 0 0 0 0 0 0 0 0 0 0 0
"165" 165 0.19730941704 0 0 0 0 22 1 2 0 0 0 2 0 0 1 1 0 2 1 0 0
"166" 166 0.576158940397 0 1 6 1 4 3 0 0 1 0 2 0 0 0 0 0 0 14 0 0
"167" 167 0.320675105485 0 0 2 1 1 12 0 0 0 0 2 0 3 0 3 1 2 5 0 0
"168" 168 0.0459770114943 0 0 2 0 0 0 9 0 8 0 1 0 0 1 0 0 11 0 0 0
"169" 169 0.0913705583756 0 0 2 1 0 0 11 0 5 0 1 1 0 0 0 0 11 0 0 0
"170" 170 0.0 0 0 0 0 0 0 6 0 3 1 0 0 0 13 0 0 4 0 0 5
"171" 171 0.108527131783 0 0 3 0 0 0 1 9 1 0 8 8 0 2 0 0 0 0 0 0
"172" 172 0.767932489451 0 2 1 0 5 2 0 0 3 0 4 2 0 5 4 0 0 2 1 1
"173" 173 0.126582278481 0 0 0 0 2 28 0 0 0 0 0 0 0 1 1 0 0 0 0 0
"174" 174 0.476923076923 0 0 2 4 4 13 0 1 3 0 0 0 0 0 1 0 1 3 0 0
"175" 175 0.494252873563 0 0 1 0 1 0 3 5 1 0 2 0 0 1 0 0 15 3 0 0
"176" 176 0.336538461538 0 0 0 0 0 0 0 0 0 0 0 32 0 0 0 0 0 0 0 0
"177" 177 0.336787564767 0 20 3 0 3 0 0 0 0 0 3 0 0 0 0 0 0 3 0 0
"178" 178 0.213930348259 0 1 1 0 0 6 5 0 6 1 1 0 0 5 3 0 1 1 1 0
"179" 179 0.0 0 0 0 0 0 0 1 0 0 0 0 0 0 0 0 0 31 0 0 0
"180" 180 0.00512820512821 0 0 0 32 0 0 0 0 0 0 0 0 0 0 0 0 0 0 0 0
"181" 181 0.0 0 0 0 0 0 0 11 0 0 0 0 0 0 12 0 0 9 0 0 0
"182" 182 0.0178571428571 0 0 0 0 0 0 0 0 0 0 0 0 0 0 0 0 0 32 0 0
"183" 183 0.00574712643678 5 0 1 3 0 0 3 0 1 1 0 0 0 1 0 0 17 0 0 0
"184" 184 0.176165803109 0 32 0 0 0 0 0 0 0 0 0 0 0 0 0 0 0 0 0 0
"185" 185 0.188340807175 1 0 0 0 1 0 9 0 0 0 0 0 0 3 0 0 7 0 0 11
"186" 186 0.502538071066 0 0 0 0 0 0 10 0 4 0 0 0 0 7 0 0 9 0 0 2
"187" 187 0.173076923077 0 0 0 0 0 0 0 0 0 0 7 25 0 0 0 0 0 0 0 0
"188" 188 0.299578059072 0 0 0 0 0 31 0 0 0 0 0 0 0 0 1 0 0 0 0 0
"189" 189 0.562737642586 0 0 0 0 0 0 0 0 0 0 0 0 0 1 0 0 2 0 29 0
"190" 190 0.372093023256 0 0 1 0 0 0 7 0 1 0 2 0 0 0 0 0 20 0 0 1
"191" 191 0.25 0 1 0 0 1 1 0 0 0 0 1 0 1 1 0 0 0 24 2 0
"192" 192 0.620253164557 0 0 0 2 2 13 0 0 0 0 0 1 0 0 14 0 0 0 0 0
"193" 193 0.373134328358 0 0 6 0 3 0 1 0 0 8 2 1 0 8 0 0 0 0 0 1
"194" 194 0.465517241379 0 0 0 0 0 0 5 0 0 0 0 0 0 11 0 0 10 0 0 3
"195" 195 0.455357142857 0 0 4 0 4 0 0 0 0 0 2 0 0 0 2 0 1 7 0 0
"196" 196 0.496124031008 0 0 2 0 0 0 0 0 0 0 7 5 0 1 0 0 1 0 0 0
"197" 197 0.535885167464 0 0 1 0 0 0 0 0 0 0 1 2 3 1 0 0 0 0 7 0
"198" 198 0.604060913706 0 0 0 0 0 0 2 0 0 5 0 0 0 5 1 0 0 0 0 0
"199" 199 0.627906976744 0 0 2 0 0 0 0 0 0 0 3 0 0 1 0 0 2 1 0 0
"200" 200 0.720207253886 0 4 1 0 0 0 0 0 0 0 0 0 0 0 0 0 0 0 0 0
"201" 201 0.815602836879 0 0 0 0 0 0 0 0 0 0 0 0 0 0 0 1 0 0 1 0
