"site" "RSA" "aa1" "aa2" "aa3" "aa4" "aa5" "aa6" "aa7" "aa8" "aa9" "aa10" "aa11" "aa12" "aa13" "aa14" "aa15" "aa16" "aa17" "aa18" "aa19" "aa20"
"0" 0 0.279816513761 0 0 0 0 0 0 0 0 256 0 0 0 0 0 0 0 0 0 0 244
"1" 1 0.42194092827 0 0 0 0 0 0 0 0 492 0 0 0 0 0 7 1 0 0 0 0
"2" 2 0.385057471264 0 0 0 0 0 1 48 0 450 0 0 0 0 0 0 0 1 0 0 0
"3" 3 0.511494252874 0 0 1 0 0 0 489 0 0 0 0 0 0 0 2 0 0 7 0 1
"4" 4 0.476793248945 0 0 0 0 0 0 0 0 0 0 0 0 0 0 500 0 0 0 0 0
"5" 5 0.383928571429 3 0 0 0 0 139 0 0 0 0 0 0 0 1 335 0 0 2 0 20
"6" 6 0.317991631799 0 0 0 0 0 0 0 0 444 1 0 0 0 0 3 4 0 2 46 0
"7" 7 0.675496688742 0 0 0 0 0 500 0 0 0 0 0 0 0 0 0 0 0 0 0 0
"8" 8 0.258620689655 0 0 0 0 5 0 0 0 0 0 0 0 0 314 2 0 179 0 0 0
"9" 9 0.481012658228 0 0 36 0 0 0 0 0 0 0 0 464 0 0 0 0 0 0 0 0
"10" 10 0.423076923077 0 0 0 0 0 8 0 0 0 0 0 492 0 0 0 0 0 0 0 0
"11" 11 0.0288461538462 0 0 0 0 0 0 0 0 0 0 0 500 0 0 0 0 0 0 0 0
"12" 12 0.35401459854 0 0 0 0 0 49 0 0 139 0 0 0 2 0 0 0 0 310 0 0
"13" 13 0.0646766169154 45 0 0 0 1 0 0 0 0 0 1 0 0 208 0 0 0 0 0 245
"14" 14 0.0304568527919 0 0 0 0 0 3 455 0 3 0 0 0 0 0 1 0 37 0 0 1
"15" 15 0.177215189873 0 0 0 0 0 108 1 0 0 0 0 0 0 102 45 1 31 212 0 0
"16" 16 0.00497512437811 0 0 0 0 0 0 0 0 0 0 0 0 0 500 0 0 0 0 0 0
"17" 17 0.0728476821192 0 0 0 0 0 2 1 0 0 0 2 0 0 0 0 1 0 0 0 494
"18" 18 0.0239234449761 0 0 0 0 0 0 0 0 6 231 0 0 263 0 0 0 0 0 0 0
"19" 19 0.635897435897 0 0 0 0 0 2 0 0 1 0 0 0 0 495 0 2 0 0 0 0
"20" 20 0.0529801324503 0 0 500 0 0 0 0 0 0 0 0 0 0 0 0 0 0 0 0 0
"21" 21 0.569230769231 0 0 500 0 0 0 0 0 0 0 0 0 0 0 0 0 0 0 0 0
"22" 22 0.0993377483444 0 0 2 0 0 0 0 0 0 0 496 0 0 0 0 0 0 2 0 0
"23" 23 0.0 0 0 23 0 0 0 0 0 477 0 0 0 0 0 0 0 0 0 0 0
"24" 24 0.510548523207 0 0 0 479 0 21 0 0 0 0 0 0 0 0 0 0 0 0 0 0
"25" 25 0.0639534883721 0 0 0 0 0 0 0 0 500 0 0 0 0 0 0 0 0 0 0 0
"26" 26 0.377483443709 0 1 0 0 0 0 2 0 0 0 0 0 0 0 0 495 0 2 0 0
"27" 27 0.00917431192661 3 0 33 0 0 0 99 0 0 0 0 0 0 1 0 0 6 0 0 358
"28" 28 0.405128205128 0 0 0 0 0 35 17 0 0 0 0 0 0 96 1 330 0 21 0 0
"29" 29 0.0 0 0 0 0 0 0 11 0 70 0 0 0 0 0 0 0 419 0 0 0
"30" 30 0.0205128205128 13 3 0 229 0 0 220 0 0 1 25 0 5 0 0 1 3 0 0 0
"31" 31 0.0 0 0 0 0 2 0 495 0 0 0 0 0 0 0 1 0 1 0 0 1
"32" 32 0.0 0 0 0 0 0 0 0 0 0 496 0 0 0 0 0 0 0 0 4 0
"33" 33 0.00497512437811 0 0 0 47 1 1 0 0 0 0 0 0 4 444 0 0 0 3 0 0
"34" 34 0.0 0 0 238 0 0 0 0 262 0 0 0 0 0 0 0 0 0 0 0 0
"35" 35 0.451476793249 0 0 0 0 0 492 0 0 0 0 0 8 0 0 0 0 0 0 0 0
"36" 36 0.33971291866 0 0 0 0 0 492 0 0 0 0 0 0 8 0 0 0 0 0 0 0
"37" 37 0.190114068441 0 0 215 0 0 0 0 0 244 0 12 0 29 0 0 0 0 0 0 0
"38" 38 0.311787072243 0 0 0 1 0 0 0 0 0 35 0 452 0 0 0 0 0 0 12 0
"39" 39 0.302325581395 0 0 0 0 0 0 0 0 0 0 0 500 0 0 0 0 0 0 0 0
"40" 40 0.596412556054 0 0 13 0 0 0 0 0 487 0 0 0 0 0 0 0 0 0 0 0
"41" 41 0.730569948187 0 0 0 0 0 500 0 0 0 0 0 0 0 0 0 0 0 0 0 0
"42" 42 0.502092050209 0 0 0 0 0 0 0 0 0 0 0 0 0 0 8 0 0 0 0 492
"43" 43 0.899371069182 0 0 0 0 0 0 0 500 0 0 0 0 0 0 0 0 0 0 0 0
"44" 44 0.649635036496 0 54 0 0 0 0 0 0 395 0 0 0 0 0 0 0 0 51 0 0
"45" 45 0.138461538462 0 0 0 0 0 0 0 0 0 0 0 444 56 0 0 0 0 0 0 0
"46" 46 0.53164556962 0 0 465 0 0 0 0 0 0 0 35 0 0 0 0 0 0 0 0 0
"47" 47 0.21897810219 0 0 0 0 0 447 0 0 0 0 0 0 0 0 45 0 0 8 0 0
"48" 48 0.0710659898477 0 0 0 0 0 0 498 0 0 0 0 0 0 0 0 0 0 2 0 0
"49" 49 0.0062893081761 0 0 0 0 0 0 0 500 0 0 0 0 0 0 0 0 0 0 0 0
"50" 50 0.0 0 0 0 0 0 0 0 0 291 0 209 0 0 0 0 0 0 0 0 0
"51" 51 0.0 1 0 0 0 0 0 289 0 10 0 0 0 0 66 0 0 74 59 0 1
"52" 52 0.0 0 0 0 0 0 0 0 0 0 500 0 0 0 0 0 0 0 0 0 0
"53" 53 0.0 15 2 0 1 0 0 0 0 0 384 3 0 84 0 0 1 3 0 4 3
"54" 54 0.0 10 0 1 3 20 0 6 0 0 104 0 0 8 326 0 0 0 0 0 22
"55" 55 0.0 2 0 1 5 3 0 0 0 0 0 1 0 0 486 0 0 1 1 0 0
"56" 56 0.0288461538462 0 0 0 0 0 0 0 0 418 0 0 82 0 0 0 0 0 0 0 0
"57" 57 0.089552238806 0 45 0 0 0 0 28 29 44 0 271 0 0 55 1 0 26 1 0 0
"58" 58 0.470930232558 0 0 0 0 0 0 0 0 0 0 0 500 0 0 0 0 0 0 0 0
"59" 59 0.0822784810127 0 0 0 0 174 276 0 0 0 0 0 0 17 0 0 0 0 0 32 1
"60" 60 0.273255813953 0 0 0 0 0 1 0 0 229 0 0 0 11 0 49 0 208 0 2 0
"61" 61 0.0062893081761 0 0 0 0 0 0 0 499 0 0 0 1 0 0 0 0 0 0 0 0
"62" 62 0.222797927461 0 165 1 0 0 104 0 0 0 0 0 0 0 0 209 0 1 19 0 1
"63" 63 0.215384615385 0 14 7 3 0 0 0 0 0 0 7 0 266 0 0 0 0 203 0 0
"64" 64 0.0 0 0 8 0 0 0 0 0 0 0 472 20 0 0 0 0 0 0 0 0
"65" 65 0.0596026490066 0 0 220 0 0 0 0 0 14 0 248 0 0 0 1 0 0 0 0 17
"66" 66 0.611607142857 0 0 0 4 0 207 0 0 28 0 0 0 0 200 57 0 0 4 0 0
"67" 67 0.396624472574 0 0 0 0 0 499 0 0 1 0 0 0 0 0 0 0 0 0 0 0
"68" 68 0.0 0 4 446 0 0 0 0 0 0 0 43 2 0 0 0 0 0 1 0 4
"69" 69 0.493723849372 0 1 0 161 0 311 0 0 0 0 0 2 0 0 25 0 0 0 0 0
"70" 70 0.0 0 1 17 0 0 0 160 0 0 1 31 11 1 0 0 37 7 0 0 234
"71" 71 0.0717488789238 0 0 0 0 12 0 0 0 0 0 24 0 0 0 0 162 0 0 302 0
"72" 72 0.564853556485 0 0 54 0 0 155 0 0 0 0 0 0 0 0 266 0 0 25 0 0
"73" 73 0.0582959641256 0 29 4 0 224 0 0 0 52 0 0 0 0 0 0 0 0 6 0 185
"74" 74 0.0 0 0 0 0 0 0 0 0 0 0 498 2 0 0 0 0 0 0 0 0
"75" 75 0.0621761658031 0 500 0 0 0 0 0 0 0 0 0 0 0 0 0 0 0 0 0 0
"76" 76 0.535864978903 0 0 0 4 0 495 0 0 1 0 0 0 0 0 0 0 0 0 0 0
"77" 77 0.125475285171 0 0 0 0 0 0 0 0 0 299 0 0 1 0 0 0 0 0 200 0
"78" 78 0.0384615384615 0 0 0 0 0 0 0 0 0 0 0 500 0 0 0 0 0 0 0 0
"79" 79 0.0 0 0 0 0 0 0 0 0 2 488 0 0 0 0 0 0 0 0 10 0
"80" 80 0.0 1 0 24 0 0 0 0 0 1 0 474 0 0 0 0 0 0 0 0 0
"81" 81 0.0 371 0 0 0 2 0 2 0 0 0 103 0 0 0 0 0 0 1 0 21
"82" 82 0.0 0 0 0 0 0 0 0 0 0 0 0 0 0 0 0 0 500 0 0 0
"83" 83 0.0 0 0 0 0 0 0 0 0 0 480 0 0 5 0 0 0 0 0 15 0
"84" 84 0.0 0 0 0 0 0 0 0 499 0 0 0 0 1 0 0 0 0 0 0 0
"85" 85 0.020725388601 0 39 0 0 0 0 4 0 0 0 1 0 456 0 0 0 0 0 0 0
"86" 86 0.0 0 0 1 0 0 0 0 0 499 0 0 0 0 0 0 0 0 0 0 0
"87" 87 0.0 0 0 500 0 0 0 0 0 0 0 0 0 0 0 0 0 0 0 0 0
"88" 88 0.0 0 0 0 0 0 0 0 500 0 0 0 0 0 0 0 0 0 0 0 0
"89" 89 0.259124087591 0 0 0 0 221 0 0 0 0 0 0 203 0 0 0 0 0 76 0 0
"90" 90 0.240384615385 0 0 0 0 0 0 0 0 0 0 0 500 0 0 0 0 0 0 0 0
"91" 91 0.891191709845 0 0 0 0 0 0 0 478 0 0 0 0 0 0 0 0 0 22 0 0
"92" 92 0.522321428571 0 0 0 0 0 478 0 0 0 0 0 0 0 0 22 0 0 0 0 0
"93" 93 0.0459770114943 0 0 0 0 0 0 0 0 0 0 0 0 0 0 0 0 500 0 0 0
"94" 94 0.209302325581 0 0 76 0 3 0 0 0 0 0 417 1 3 0 0 0 0 0 0 0
"95" 95 0.384615384615 428 22 36 11 0 0 0 0 0 0 0 0 0 0 0 0 0 3 0 0
"96" 96 0.0518134715026 0 276 0 0 0 0 0 0 0 0 0 0 224 0 0 0 0 0 0 0
"97" 97 0.685534591195 0 0 0 0 0 0 0 500 0 0 0 0 0 0 0 0 0 0 0 0
"98" 98 0.71875 0 0 0 5 0 222 0 0 271 0 0 2 0 0 0 0 0 0 0 0
"99" 99 0.625 0 0 0 0 0 0 0 0 0 0 0 500 0 0 0 0 0 0 0 0
"100" 100 0.238410596026 0 0 495 0 0 0 0 0 0 0 0 0 0 0 5 0 0 0 0 0
"101" 101 0.521276595745 0 0 23 0 0 220 0 0 224 0 0 0 0 0 0 33 0 0 0 0
"102" 102 0.129533678756 0 457 1 1 0 6 0 0 0 0 0 0 0 0 0 0 0 35 0 0
"103" 103 0.0251046025105 432 0 31 0 11 0 0 0 0 7 14 0 1 3 1 0 0 0 0 0
"104" 104 0.0 0 0 0 0 0 0 0 0 0 0 0 500 0 0 0 0 0 0 0 0
"105" 105 0.188340807175 0 0 51 3 446 0 0 0 0 0 0 0 0 0 0 0 0 0 0 0
"106" 106 0.0 0 0 0 0 0 0 0 0 0 0 0 500 0 0 0 0 0 0 0 0
"107" 107 0.0 0 0 0 0 0 0 0 0 0 0 500 0 0 0 0 0 0 0 0 0
"108" 108 0.00961538461538 0 0 172 0 0 0 0 0 0 0 8 320 0 0 0 0 0 0 0 0
"109" 109 0.00418410041841 0 0 1 0 0 0 0 0 0 0 7 13 0 0 0 0 0 0 479 0
"110" 110 0.0114068441065 0 0 2 3 0 0 0 0 0 15 25 144 32 0 0 12 0 0 267 0
"111" 111 0.00995024875622 0 0 0 0 0 0 0 0 0 3 0 0 0 497 0 0 0 0 0 0
"112" 112 0.128205128205 2 24 4 430 0 40 0 0 0 0 0 0 0 0 0 0 0 0 0 0
"113" 113 0.0232558139535 0 0 0 0 0 0 0 0 0 0 500 0 0 0 0 0 0 0 0 0
"114" 114 0.529069767442 0 0 0 0 10 0 0 0 3 25 0 0 0 0 3 0 0 0 459 0
"115" 115 0.32735426009 0 0 0 146 0 0 0 0 0 0 0 0 0 0 352 0 2 0 0 0
"116" 116 0.6875 0 0 0 0 0 192 0 0 0 0 0 0 0 0 27 0 0 281 0 0
"117" 117 0.490566037736 0 22 0 0 0 327 0 137 0 0 0 0 0 0 9 0 0 5 0 0
"118" 118 0.0950570342205 0 2 0 4 0 0 0 0 0 47 0 0 14 0 0 0 0 0 433 0
"119" 119 0.15503875969 0 0 0 0 0 500 0 0 0 0 0 0 0 0 0 0 0 0 0 0
"120" 120 0.533632286996 0 0 0 0 0 243 0 0 0 0 0 0 0 0 236 0 0 21 0 0
"121" 121 0.0430622009569 0 0 0 0 0 0 0 0 0 0 0 0 500 0 0 0 0 0 0 0
"122" 122 0.00380228136882 0 0 0 0 0 0 0 0 0 0 0 0 0 0 0 0 0 0 500 0
"123" 123 0.206278026906 0 0 0 42 457 0 0 0 0 0 0 0 0 0 1 0 0 0 0 0
"124" 124 0.0 0 25 8 0 2 0 0 0 0 0 168 0 1 0 0 0 0 1 0 295
"125" 125 0.125475285171 0 0 0 0 30 2 0 0 0 411 5 0 0 0 40 0 0 0 6 6
"126" 126 0.295336787565 0 26 0 0 0 454 1 0 0 0 0 0 0 0 2 0 0 17 0 0
"127" 127 0.0 0 0 0 0 0 0 0 0 0 315 9 0 37 19 76 5 0 0 5 34
"128" 128 0.0 0 58 0 5 3 0 132 0 0 1 51 1 2 15 0 9 154 0 60 9
"129" 129 0.0430622009569 0 322 6 153 0 0 0 0 8 0 0 0 11 0 0 0 0 0 0 0
"130" 130 0.447257383966 0 0 0 0 0 32 0 0 0 0 0 0 4 0 464 0 0 0 0 0
"131" 131 0.138392857143 0 0 0 0 0 0 0 0 0 0 0 0 0 0 0 0 0 500 0 0
"132" 132 0.0 0 0 0 0 0 0 3 0 0 0 0 0 0 489 0 0 0 0 0 8
"133" 133 0.0 0 0 0 0 0 0 0 500 0 0 0 0 0 0 0 0 0 0 0 0
"134" 134 0.547085201794 0 1 0 54 0 299 0 0 0 0 0 0 0 0 0 0 0 146 0 0
"135" 135 0.209302325581 0 0 0 0 1 0 0 0 0 0 0 0 0 0 0 0 0 273 0 226
"136" 136 0.0 0 0 0 0 0 0 0 0 0 0 0 0 0 500 0 0 0 0 0 0
"137" 137 0.274611398964 0 0 0 0 1 171 0 0 0 0 40 0 3 0 200 0 0 1 84 0
"138" 138 0.602649006623 0 0 0 0 0 477 0 0 0 0 0 0 0 0 23 0 0 0 0 0
"139" 139 0.363636363636 0 0 0 0 0 0 0 0 0 280 0 0 50 0 0 0 0 0 170 0
"140" 140 0.167364016736 0 2 0 1 0 0 0 0 0 456 0 0 0 0 0 40 0 0 0 1
"141" 141 0.512820512821 74 0 0 9 1 0 0 0 402 0 0 1 0 0 0 0 0 13 0 0
"142" 142 0.392405063291 0 0 72 0 0 427 0 0 0 0 0 1 0 0 0 0 0 0 0 0
"143" 143 0.0248756218905 4 0 0 0 0 0 0 0 0 51 0 1 2 441 0 0 0 1 0 0
"144" 144 0.0673575129534 0 500 0 0 0 0 0 0 0 0 0 0 0 0 0 0 0 0 0 0
"145" 145 0.0 0 1 0 0 0 0 0 0 0 383 0 0 116 0 0 0 0 0 0 0
"146" 146 0.318407960199 24 0 0 0 1 0 0 0 347 0 0 0 0 128 0 0 0 0 0 0
"147" 147 0.518134715026 0 0 0 24 0 467 0 0 0 0 0 0 0 0 9 0 0 0 0 0
"148" 148 0.112820512821 0 0 0 498 0 0 0 0 0 0 0 0 0 0 0 0 0 2 0 0
"149" 149 0.0 0 0 0 0 0 0 500 0 0 0 0 0 0 0 0 0 0 0 0 0
"150" 150 0.0 0 0 10 0 0 0 0 0 6 0 484 0 0 0 0 0 0 0 0 0
"151" 151 0.0 0 0 0 0 0 0 388 0 36 0 0 0 0 0 0 0 76 0 0 0
"152" 152 0.0 6 0 441 0 0 0 0 0 39 0 10 0 0 0 0 0 1 3 0 0
"153" 153 0.0 0 0 0 0 0 0 0 0 0 0 0 500 0 0 0 0 0 0 0 0
"154" 154 0.0430622009569 1 0 9 0 0 0 0 0 4 0 87 0 316 0 0 0 0 0 0 83
"155" 155 0.0264900662252 0 2 0 0 0 0 0 0 0 0 0 495 0 0 0 0 0 3 0 0
"156" 156 0.0 0 0 0 0 0 0 15 0 73 0 77 0 0 23 0 0 268 43 0 1
"157" 157 0.0 0 0 0 0 0 0 0 0 0 0 0 500 0 0 0 0 0 0 0 0
"158" 158 0.0 0 0 0 0 0 0 0 0 0 0 0 500 0 0 0 0 0 0 0 0
"159" 159 0.00380228136882 0 0 0 0 0 0 0 0 0 2 0 0 0 0 0 0 0 0 0 498
"160" 160 0.0192307692308 0 0 0 4 0 0 116 0 0 0 37 328 0 0 0 0 2 7 0 6
"161" 161 0.0 0 0 0 0 0 0 0 0 0 0 500 0 0 0 0 0 0 0 0 0
"162" 162 0.010152284264 0 0 0 0 0 0 491 0 0 0 1 0 0 2 0 0 0 0 0 6
"163" 163 0.0189873417722 0 0 0 0 0 0 0 0 0 0 0 0 0 3 0 0 0 0 0 497
"164" 164 0.00961538461538 0 0 472 0 0 0 1 0 0 0 11 11 0 5 0 0 0 0 0 0
"165" 165 0.0152091254753 0 0 1 0 0 0 0 0 0 491 0 0 0 0 0 0 0 0 8 0
"166" 166 0.00995024875622 0 0 0 0 6 0 169 0 0 289 32 0 0 0 0 0 4 0 0 0
"167" 167 0.291139240506 0 1 0 0 0 0 0 0 0 0 1 0 0 97 0 0 0 0 0 401
"168" 168 0.125 0 421 0 0 3 1 0 0 0 0 0 52 16 0 0 0 0 4 0 3
"169" 169 0.041825095057 0 0 0 0 0 0 0 0 0 133 0 0 0 0 0 0 0 0 367 0
"170" 170 0.794701986755 0 26 0 0 0 474 0 0 0 0 0 0 0 0 0 0 0 0 0 0
"171" 171 0.567307692308 0 0 0 0 0 497 0 0 0 0 0 0 0 0 0 0 0 3 0 0
"172" 172 0.518987341772 0 500 0 0 0 0 0 0 0 0 0 0 0 0 0 0 0 0 0 0
"173" 173 0.189781021898 0 0 0 0 0 0 0 0 0 0 18 448 0 15 0 0 0 0 0 19
"174" 174 0.0380228136882 0 0 0 0 0 0 0 0 0 9 0 0 0 0 0 0 0 0 491 0
"175" 175 0.447257383966 0 0 0 0 0 500 0 0 0 0 0 0 0 0 0 0 0 0 0 0
"176" 176 0.00662251655629 0 0 500 0 0 0 0 0 0 0 0 0 0 0 0 0 0 0 0 0
"177" 177 0.0 499 0 0 0 0 0 0 0 1 0 0 0 0 0 0 0 0 0 0 0
"178" 178 0.0 0 0 500 0 0 0 0 0 0 0 0 0 0 0 0 0 0 0 0 0
"179" 179 0.0 0 0 0 0 0 0 0 0 0 0 500 0 0 0 0 0 0 0 0 0
"180" 180 0.0 1 1 3 5 0 0 15 0 4 457 0 0 11 0 0 0 2 1 0 0
"181" 181 0.0 0 153 267 58 0 0 0 0 0 0 20 1 0 0 0 1 0 0 0 0
"182" 182 0.0 0 0 0 0 0 0 0 500 0 0 0 0 0 0 0 0 0 0 0 0
"183" 183 0.0 0 0 0 0 6 0 462 0 0 0 0 0 0 0 0 0 0 0 0 32
"184" 184 0.00574712643678 0 0 0 0 0 0 0 0 0 0 0 0 0 0 0 0 499 0 0 1
"185" 185 0.0820512820513 67 50 0 160 0 207 0 0 0 0 16 0 0 0 0 0 0 0 0 0
"186" 186 0.0062893081761 0 0 0 0 0 0 0 498 0 0 0 0 0 0 0 0 0 0 0 2
"187" 187 0.0993377483444 0 175 288 0 0 3 0 0 11 0 3 2 0 0 3 0 0 4 0 11
"188" 188 0.564102564103 0 0 0 0 0 0 0 0 0 0 0 500 0 0 0 0 0 0 0 0
"189" 189 0.00574712643678 136 0 0 4 0 0 0 0 0 0 4 0 356 0 0 0 0 0 0 0
"190" 190 0.389937106918 0 0 0 0 0 20 0 59 0 0 0 5 0 0 382 0 0 34 0 0
"191" 191 0.0602836879433 0 0 5 0 1 47 0 0 0 0 15 0 0 0 55 39 0 2 11 325
"192" 192 0.0 0 0 0 0 0 0 0 0 0 0 0 500 0 0 0 0 0 0 0 0
"193" 193 0.313901345291 0 1 0 0 0 12 0 0 0 0 0 0 0 30 24 0 0 433 0 0
"194" 194 0.26582278481 0 0 0 0 5 268 0 0 1 0 1 0 0 199 2 0 0 22 0 2
"195" 195 0.0 0 0 1 0 0 0 0 0 0 0 479 0 0 0 0 20 0 0 0 0
"196" 196 0.00418410041841 0 0 0 0 0 0 9 0 0 424 0 0 0 0 65 0 0 2 0 0
"197" 197 0.544303797468 0 1 0 0 3 451 0 0 0 0 0 0 0 12 5 0 0 28 0 0
"198" 198 0.201923076923 0 5 0 29 219 2 0 0 0 0 3 8 0 0 0 0 0 185 0 49
"199" 199 0.0 0 0 0 0 0 0 0 0 0 68 0 0 1 13 0 0 0 0 418 0
"200" 200 0.0746268656716 0 0 0 0 0 0 0 0 5 0 0 0 0 495 0 0 0 0 0 0
"201" 201 0.346153846154 0 0 0 0 0 0 0 0 0 0 0 500 0 0 0 0 0 0 0 0
"202" 202 0.803571428571 0 0 0 0 0 3 0 0 0 0 0 59 0 0 0 0 0 438 0 0
"203" 203 0.152482269504 0 0 23 0 0 1 0 0 3 0 0 98 0 0 375 0 0 0 0 0
"204" 204 0.544642857143 0 338 7 0 0 102 0 0 0 0 0 0 0 0 0 0 0 53 0 0
"205" 205 0.410852713178 0 0 0 0 0 0 0 0 0 0 0 0 0 0 168 0 0 273 0 59
"206" 206 0.110266159696 0 0 0 0 0 0 0 0 0 65 0 0 0 0 0 0 0 0 435 0
"207" 207 0.0 0 245 0 249 0 0 4 0 0 0 0 0 0 0 2 0 0 0 0 0
"208" 208 0.0 0 0 0 0 0 0 0 500 0 0 0 0 0 0 0 0 0 0 0 0
"209" 209 0.0696202531646 0 0 0 0 0 0 0 0 494 0 3 0 0 0 0 0 3 0 0 0
"210" 210 0.293532338308 0 0 0 0 0 444 0 0 0 0 1 0 0 15 0 2 0 38 0 0
"211" 211 0.124378109453 0 0 0 0 0 0 94 0 0 0 2 0 0 403 0 0 1 0 0 0
"212" 212 0.00507614213198 0 0 13 0 0 0 0 0 2 19 448 0 0 2 0 0 15 1 0 0
"213" 213 0.42194092827 0 0 0 0 1 0 0 0 0 0 0 0 0 0 499 0 0 0 0 0
"214" 214 0.738461538462 0 0 0 31 0 437 0 0 0 0 0 0 0 0 32 0 0 0 0 0
"215" 215 0.182741116751 0 0 0 0 0 0 232 0 0 0 0 0 0 0 42 0 226 0 0 0
"216" 216 0.777372262774 0 4 0 0 1 494 0 0 0 0 0 0 0 0 0 0 0 1 0 0
"217" 217 0.143540669856 0 0 0 0 3 0 0 0 0 0 0 0 497 0 0 0 0 0 0 0
"218" 218 0.402298850575 0 0 0 0 0 384 0 0 0 0 0 0 0 112 1 0 0 0 3 0
"219" 219 0.576923076923 0 0 0 0 0 0 0 0 0 0 0 500 0 0 0 0 0 0 0 0
"220" 220 0.699481865285 0 0 0 0 0 500 0 0 0 0 0 0 0 0 0 0 0 0 0 0
"221" 221 0.238341968912 0 366 9 0 7 0 45 0 0 1 1 0 0 0 0 0 0 0 0 71
"222" 222 0.310218978102 0 0 8 0 0 0 0 0 0 0 0 0 0 0 7 0 0 0 0 485
"223" 223 0.010152284264 1 0 0 0 0 0 497 0 0 0 0 0 0 0 0 0 2 0 0 0
"224" 224 0.0248756218905 0 0 0 0 0 0 0 0 0 0 0 0 0 499 0 0 0 0 0 1
"225" 225 0.00507614213198 0 0 0 0 0 0 499 0 0 0 0 0 0 0 0 0 1 0 0 0
"226" 226 0.0143540669856 0 0 0 0 0 0 0 0 0 321 0 0 6 0 0 3 0 0 170 0
"227" 227 0.00574712643678 255 0 241 3 0 0 0 0 0 0 1 0 0 0 0 0 0 0 0 0
"228" 228 0.0 0 0 0 0 0 0 0 0 0 0 0 500 0 0 0 0 0 0 0 0
"229" 229 0.295336787565 0 435 0 58 7 0 0 0 0 0 0 0 0 0 0 0 0 0 0 0
"230" 230 0.41059602649 0 0 0 0 0 500 0 0 0 0 0 0 0 0 0 0 0 0 0 0
"231" 231 0.0310880829016 22 222 161 66 0 0 1 0 0 0 27 0 1 0 0 0 0 0 0 0
"232" 232 0.566037735849 0 0 41 0 0 203 0 255 0 0 0 0 0 0 0 0 0 1 0 0
"233" 233 0.255230125523 0 47 3 8 0 2 0 0 65 0 0 0 0 3 272 0 0 51 49 0
"234" 234 0.0746268656716 0 0 0 0 0 0 0 0 0 0 0 0 1 42 407 0 0 0 0 50
"235" 235 0.75 0 408 0 0 0 92 0 0 0 0 0 0 0 0 0 0 0 0 0 0
"236" 236 0.482142857143 0 0 0 0 0 0 0 0 0 0 0 0 0 0 500 0 0 0 0 0
"237" 237 0.0430622009569 0 64 1 12 0 2 9 0 0 0 0 0 53 0 0 0 0 295 64 0
"238" 238 0.0 0 0 0 0 0 0 0 0 0 0 500 0 0 0 0 0 0 0 0 0
"239" 239 0.291139240506 0 28 0 0 0 0 454 0 6 0 0 0 0 0 0 0 0 12 0 0
"240" 240 0.0062893081761 0 0 0 0 0 0 0 497 3 0 0 0 0 0 0 0 0 0 0 0
"241" 241 0.379464285714 0 17 28 0 0 450 0 0 0 0 0 0 0 0 1 0 0 4 0 0
"242" 242 0.203980099502 0 0 6 0 7 48 0 0 0 0 0 0 0 94 32 0 0 300 0 13
"243" 243 0.0149253731343 0 0 0 0 6 0 0 0 0 0 3 0 0 491 0 0 0 0 0 0
"244" 244 0.388059701493 0 0 0 0 0 2 0 0 0 0 0 0 0 498 0 0 0 0 0 0
"245" 245 0.526785714286 0 0 0 0 0 384 0 0 0 0 0 0 0 2 53 0 0 51 0 10
"246" 246 0.062015503876 0 0 0 0 0 0 0 0 0 0 497 3 0 0 0 0 0 0 0 0
"247" 247 0.0172413793103 0 7 0 1 0 0 0 0 0 0 447 0 0 2 0 0 43 0 0 0
"248" 248 0.544303797468 0 0 0 0 0 53 0 0 0 0 0 0 0 1 446 0 0 0 0 0
"249" 249 0.798449612403 0 0 0 500 0 0 0 0 0 0 0 0 0 0 0 0 0 0 0 0
"250" 250 0.191860465116 449 0 0 0 0 0 0 0 0 0 0 0 0 0 0 0 51 0 0 0
"251" 251 0.350993377483 0 0 496 0 0 4 0 0 0 0 0 0 0 0 0 0 0 0 0 0
"252" 252 0.0 0 0 0 0 0 0 0 0 0 0 0 0 0 0 0 500 0 0 0 0
"253" 253 0.340807174888 0 0 0 0 0 0 0 0 0 0 0 0 0 1 0 0 0 499 0 0
"254" 254 0.632124352332 0 0 0 0 0 0 0 0 0 0 0 500 0 0 0 0 0 0 0 0
"255" 255 0.247148288973 0 0 0 0 0 0 0 0 0 0 0 0 0 0 0 500 0 0 0 0
"256" 256 0.051724137931 0 0 0 0 0 0 495 0 2 0 0 0 0 0 0 0 3 0 0 0
"257" 257 0.236607142857 0 0 0 0 0 351 18 0 0 0 0 0 0 1 129 0 0 0 0 1
"258" 258 0.233502538071 0 0 0 0 0 0 497 0 0 0 0 0 0 0 0 0 3 0 0 0
"259" 259 0.299578059072 0 0 0 0 0 0 7 0 0 0 0 0 0 0 0 0 290 124 63 16
"260" 260 0.409282700422 0 0 0 0 0 411 0 0 0 0 0 0 0 0 31 0 0 58 0 0
"261" 261 0.166666666667 0 0 498 0 0 0 0 0 0 0 2 0 0 0 0 0 0 0 0 0
"262" 262 0.751196172249 0 0 0 0 0 462 7 0 0 0 0 0 0 0 0 0 0 31 0 0
"263" 263 0.413461538462 0 0 0 0 0 0 0 0 0 0 0 500 0 0 0 0 0 0 0 0
"264" 264 0.251046025105 0 0 0 0 0 0 0 0 0 0 0 0 0 0 0 0 0 0 489 11
"265" 265 0.424870466321 0 0 192 0 0 0 0 0 0 0 0 308 0 0 0 0 0 0 0 0
"266" 266 0.124401913876 0 0 433 0 1 0 0 16 0 0 0 1 0 0 0 0 0 49 0 0
"267" 267 0.251655629139 0 308 192 0 0 0 0 0 0 0 0 0 0 0 0 0 0 0 0 0
"268" 268 0.0760456273764 0 0 1 0 0 1 0 0 1 297 0 0 19 0 0 4 0 0 177 0
"269" 269 0.726235741445 0 0 0 0 0 500 0 0 0 0 0 0 0 0 0 0 0 0 0 0
"270" 270 0.00418410041841 1 0 1 0 0 0 0 0 0 476 0 0 22 0 0 0 0 0 0 0
"271" 271 0.0 0 4 2 2 1 2 94 0 11 0 47 0 4 1 0 3 320 9 0 0
"272" 272 0.0728476821192 0 0 498 0 0 2 0 0 0 0 0 0 0 0 0 0 0 0 0 0
"273" 273 0.395348837209 0 0 0 0 0 11 0 0 489 0 0 0 0 0 0 0 0 0 0 0
"274" 274 0.125523012552 0 0 0 0 0 0 0 0 0 1 0 0 0 0 0 1 0 0 498 0
"275" 275 0.00574712643678 0 0 1 0 16 0 58 0 0 0 11 0 0 0 0 0 376 1 0 37
"276" 276 0.333333333333 0 0 0 0 0 0 0 500 0 0 0 0 0 0 0 0 0 0 0 0
"277" 277 0.325892857143 0 148 145 25 0 5 0 0 0 0 0 0 0 0 3 0 20 39 0 115
"278" 278 0.0 0 0 0 0 18 0 0 0 0 0 474 0 6 0 1 0 0 1 0 0
"279" 279 0.0 0 0 79 0 0 0 0 0 0 0 421 0 0 0 0 0 0 0 0 0
"280" 280 0.428571428571 0 1 0 0 0 28 0 0 1 0 10 0 23 131 101 0 0 205 0 0
"281" 281 0.10460251046 0 0 0 0 0 0 0 0 0 485 0 0 0 0 0 0 0 7 8 0
"282" 282 0.0 0 0 0 0 0 0 0 0 0 0 0 0 500 0 0 0 0 0 0 0
"283" 283 0.0 0 0 0 0 0 0 0 0 0 0 500 0 0 0 0 0 0 0 0 0
"284" 284 0.503649635036 0 0 0 0 0 128 0 0 0 0 0 0 0 0 310 0 0 62 0 0
"285" 285 0.292307692308 0 1 2 0 0 0 0 0 102 0 0 0 0 0 0 1 0 0 0 394
"286" 286 0.0398009950249 0 0 0 0 0 0 0 0 0 0 0 0 0 500 0 0 0 0 0 0
"287" 287 0.596153846154 0 0 0 0 0 0 0 0 0 0 0 500 0 0 0 0 0 0 0 0
"288" 288 0.238805970149 0 0 0 0 0 0 0 0 0 0 0 0 0 500 0 0 0 0 0 0
"289" 289 0.609137055838 0 0 0 0 0 1 129 0 370 0 0 0 0 0 0 0 0 0 0 0
