"site" "RSA" "aa1" "aa2" "aa3" "aa4" "aa5" "aa6" "aa7" "aa8" "aa9" "aa10" "aa11" "aa12" "aa13" "aa14" "aa15" "aa16" "aa17" "aa18" "aa19" "aa20"
"0" 0 0.790697674419 0 49 24 53 23 14 0 45 9 0 25 40 0 9 5 0 0 198 0 6
"1" 1 0.34375 0 2 25 0 13 0 0 0 440 0 10 0 0 0 0 0 1 9 0 0
"2" 2 0.601990049751 0 427 8 22 1 6 0 0 21 0 1 6 0 0 1 0 0 4 1 2
"3" 3 0.267857142857 0 0 0 0 6 0 0 0 0 0 0 0 0 0 0 0 0 493 0 1
"4" 4 0.20802919708 0 0 0 0 19 0 0 0 0 0 0 0 0 0 481 0 0 0 0 0
"5" 5 0.0 0 0 6 0 0 0 0 0 371 0 119 0 0 0 0 0 3 0 0 1
"6" 6 0.0 0 0 0 0 0 0 0 0 0 499 0 0 0 0 0 1 0 0 0 0
"7" 7 0.0 0 0 0 0 0 0 51 0 0 0 0 0 0 0 0 0 448 0 0 1
"8" 8 0.031007751938 0 0 24 0 0 0 0 0 0 0 470 6 0 0 0 0 0 0 0 0
"9" 9 0.0 0 0 0 0 0 0 500 0 0 0 0 0 0 0 0 0 0 0 0 0
"10" 10 0.101265822785 0 0 0 0 1 351 0 0 0 0 0 0 0 148 0 0 0 0 0 0
"11" 11 0.0251572327044 0 0 0 0 0 0 0 500 0 0 0 0 0 0 0 0 0 0 0 0
"12" 12 0.0777202072539 0 0 1 0 53 3 0 0 0 0 12 0 0 0 0 1 0 427 2 1
"13" 13 0.0 0 0 0 0 0 0 0 0 0 0 1 499 0 0 0 0 0 0 0 0
"14" 14 0.14367816092 0 0 0 0 0 0 0 0 0 22 0 0 0 0 0 5 416 0 57 0
"15" 15 0.614349775785 0 27 12 136 42 69 0 0 4 0 116 2 1 11 25 22 0 19 6 8
"16" 16 0.470802919708 0 49 0 189 18 3 0 0 0 0 1 0 0 9 225 0 0 5 0 1
"17" 17 0.538461538462 0 9 0 250 2 13 0 0 0 0 0 216 4 1 4 0 0 1 0 0
"18" 18 0.0995024875622 0 0 0 0 2 4 0 0 0 119 0 0 1 296 0 0 0 0 78 0
"19" 19 0.294416243655 0 0 0 0 0 0 340 0 0 0 0 0 0 0 0 0 159 1 0 0
"20" 20 0.629139072848 0 144 9 39 39 60 5 0 36 1 45 11 0 17 10 0 11 72 0 1
"21" 21 0.303571428571 0 0 0 0 0 0 2 0 0 0 0 0 0 0 0 0 0 498 0 0
"22" 22 0.0 0 0 0 0 0 0 500 0 0 0 0 0 0 0 0 0 0 0 0 0
"23" 23 0.157360406091 0 0 0 0 10 26 370 0 1 0 1 0 0 0 8 0 24 7 0 53
"24" 24 0.238410596026 0 34 8 127 2 33 0 0 8 0 184 2 1 8 9 63 0 13 7 1
"25" 25 0.0656934306569 0 0 0 0 0 0 0 0 0 0 0 0 0 0 498 0 0 0 0 2
"26" 26 0.0 0 0 0 0 0 0 0 0 0 500 0 0 0 0 0 0 0 0 0 0
"27" 27 0.607142857143 0 0 8 0 33 163 0 0 0 1 67 0 3 54 50 0 0 66 9 46
"28" 28 0.667883211679 0 23 114 56 27 98 0 0 41 0 10 6 0 41 14 39 0 27 1 3
"29" 29 0.409282700422 0 0 124 0 28 11 0 0 9 0 276 1 0 0 4 0 0 45 0 2
"30" 30 0.182692307692 0 0 0 0 0 0 0 0 0 0 0 500 0 0 0 0 0 0 0 0
"31" 31 0.0669456066946 0 0 0 0 0 0 0 0 0 487 0 0 0 0 0 0 0 0 13 0
"32" 32 0.0928270042194 0 0 0 0 0 499 0 0 0 0 1 0 0 0 0 0 0 0 0 0
"33" 33 0.293532338308 0 0 0 0 0 1 0 0 0 0 0 0 0 499 0 0 0 0 0 0
"34" 34 0.0114942528736 0 0 0 0 0 0 0 0 2 0 0 0 0 0 0 0 498 0 0 0
"35" 35 0.0288461538462 0 0 0 0 0 0 0 0 0 0 0 500 0 0 0 0 0 0 0 0
"36" 36 0.41116751269 0 0 13 0 5 3 434 0 2 0 11 0 0 0 0 0 13 7 1 11
"37" 37 0.215189873418 0 0 0 0 0 499 0 0 1 0 0 0 0 0 0 0 0 0 0 0
"38" 38 0.540229885057 0 0 1 0 9 1 114 0 60 0 2 0 0 8 4 0 265 27 0 9
"39" 39 0.223880597015 0 0 1 0 1 0 0 0 82 0 1 0 0 110 0 0 0 0 0 305
"40" 40 0.573604060914 0 0 0 1 0 10 319 0 2 0 0 0 0 0 2 0 166 0 0 0
"41" 41 0.0314465408805 0 0 0 0 0 0 0 500 0 0 0 0 0 0 0 0 0 0 0 0
"42" 42 0.482558139535 0 0 311 0 0 0 0 0 178 0 1 0 8 0 1 0 0 1 0 0
"43" 43 0.286919831224 0 1 2 2 41 114 35 0 51 0 35 4 1 0 45 0 44 100 0 25
"44" 44 0.596412556054 0 47 0 13 1 3 0 0 0 0 1 0 0 0 0 0 0 435 0 0
"45" 45 0.154811715481 0 0 0 0 0 0 0 0 0 499 0 0 1 0 0 0 0 0 0 0
"46" 46 0.0 0 0 0 0 0 0 0 0 0 0 500 0 0 0 0 0 0 0 0 0
"47" 47 0.304932735426 0 0 0 0 1 492 0 0 0 0 1 0 0 0 4 0 0 2 0 0
"48" 48 0.439461883408 0 13 9 154 79 90 0 0 36 1 2 1 16 58 0 0 0 20 7 14
"49" 49 0.0717703349282 0 0 0 0 0 0 0 0 0 0 0 0 494 0 0 0 5 0 1 0
"50" 50 0.0684410646388 0 0 0 0 0 0 0 0 0 342 0 0 2 0 0 1 0 0 155 0
"51" 51 0.382775119617 0 0 9 1 3 175 0 0 0 1 54 0 36 15 30 2 0 166 4 4
"52" 52 0.59585492228 0 58 52 42 135 47 1 0 18 1 6 7 8 8 86 1 2 19 5 4
"53" 53 0.228855721393 0 37 1 33 5 12 0 0 0 37 0 0 54 208 19 0 0 1 87 6
"54" 54 0.582278481013 0 0 304 0 5 107 0 0 0 0 57 1 0 0 12 0 3 10 0 1
"55" 55 0.705357142857 0 75 103 68 20 58 2 0 56 0 20 6 0 18 11 0 10 49 1 3
"56" 56 0.507299270073 0 12 44 0 173 136 0 0 1 0 22 0 0 0 3 2 0 80 5 22
"57" 57 0.823899371069 0 18 83 28 3 7 0 298 17 0 7 3 2 2 1 1 2 27 0 1
"58" 58 0.355648535565 0 47 6 65 19 122 15 0 34 8 0 0 22 11 66 4 12 17 51 1
"59" 59 0.10460251046 0 0 0 0 0 0 0 0 0 500 0 0 0 0 0 0 0 0 0 0
"60" 60 0.482051282051 0 171 18 65 28 47 0 0 12 0 28 3 0 39 3 2 4 60 5 15
"61" 61 0.413461538462 0 25 0 13 14 25 25 0 6 11 12 0 249 8 2 0 19 81 2 8
"62" 62 0.238805970149 0 0 0 7 21 33 0 0 0 1 9 0 0 392 7 13 0 3 6 8
"63" 63 0.0 500 0 0 0 0 0 0 0 0 0 0 0 0 0 0 0 0 0 0 0
"64" 64 0.40414507772 0 81 4 21 46 115 15 0 17 1 27 8 0 28 53 0 8 65 1 10
"65" 65 0.138075313808 0 0 0 0 0 0 0 0 0 490 0 0 0 0 0 0 0 0 10 0
"66" 66 0.0248756218905 0 0 0 0 0 0 0 0 0 0 0 0 0 493 0 0 0 0 0 7
"67" 67 0.165562913907 0 0 123 0 0 0 0 0 0 0 353 24 0 0 0 0 0 0 0 0
"68" 68 0.523178807947 0 0 384 0 0 0 0 0 0 0 105 11 0 0 0 0 0 0 0 0
"69" 69 0.0769230769231 0 0 0 0 0 0 0 0 0 0 0 500 0 0 0 0 0 0 0 0
"70" 70 0.220125786164 0 0 0 0 0 1 0 498 0 0 1 0 0 0 0 0 0 0 0 0
"71" 71 0.0 0 0 0 0 0 0 0 0 0 0 0 0 0 0 0 0 500 0 0 0
"72" 72 0.0761421319797 0 0 0 0 0 0 72 0 0 0 0 0 0 0 0 0 428 0 0 0
"73" 73 0.0 0 0 0 0 0 0 0 0 0 0 500 0 0 0 0 0 0 0 0 0
"74" 74 0.0 0 0 0 0 2 0 0 0 0 0 1 0 0 0 0 0 0 5 0 492
"75" 75 0.0 0 0 0 0 0 0 0 0 0 0 0 0 0 0 0 0 500 0 0 0
"76" 76 0.0106382978723 0 0 0 0 0 0 0 0 0 0 0 0 0 0 0 500 0 0 0 0
"77" 77 0.03125 0 0 0 0 7 0 0 0 0 0 0 0 0 0 0 0 0 493 0 0
"78" 78 0.0 0 0 0 0 0 0 0 0 0 0 0 500 0 0 0 0 0 0 0 0
"79" 79 0.491071428571 0 0 3 0 46 366 0 0 0 0 6 0 2 0 6 0 0 64 0 7
"80" 80 0.25 0 0 0 1 0 0 0 0 0 0 0 499 0 0 0 0 0 0 0 0
"81" 81 0.0 0 0 0 0 0 0 0 0 0 0 1 0 0 0 0 0 499 0 0 0
"82" 82 0.0456852791878 0 0 0 0 0 0 495 0 0 0 0 0 0 0 0 0 5 0 0 0
"83" 83 0.494186046512 0 135 4 40 32 50 17 0 30 0 24 0 1 10 5 0 39 110 1 2
"84" 84 0.326996197719 0 10 0 29 18 25 1 0 1 0 5 0 1 0 100 0 3 298 2 7
"85" 85 0.00961538461538 0 0 0 0 0 0 0 0 0 0 0 500 0 0 0 0 0 0 0 0
"86" 86 0.474452554745 0 0 4 245 14 24 1 0 4 0 100 4 0 14 36 36 0 0 1 17
"87" 87 0.569620253165 0 12 1 10 12 245 2 0 0 0 3 1 1 6 112 0 0 93 0 2
"88" 88 0.114427860697 0 0 0 0 0 0 448 0 0 0 0 0 0 52 0 0 0 0 0 0
"89" 89 0.0203045685279 0 0 0 0 0 0 474 0 0 0 0 0 0 0 0 0 26 0 0 0
"90" 90 0.163461538462 0 0 0 0 0 0 0 0 0 0 0 500 0 0 0 0 0 0 0 0
"91" 91 0.31007751938 0 0 0 8 3 4 0 0 0 0 6 0 476 0 0 0 0 3 0 0
"92" 92 0.540697674419 0 249 0 7 3 9 6 1 8 0 10 1 0 0 33 4 7 162 0 0
"93" 93 0.176165803109 0 388 0 96 2 0 3 0 0 0 0 0 0 2 0 0 7 2 0 0
"94" 94 0.0440251572327 0 0 0 0 0 0 0 500 0 0 0 0 0 0 0 0 0 0 0 0
"95" 95 0.668161434978 0 3 1 49 285 52 0 0 0 0 11 4 1 11 36 0 0 43 0 4
"96" 96 0.691983122363 0 39 1 99 234 62 0 0 0 0 2 0 0 32 13 0 0 17 0 1
"97" 97 0.0993377483444 0 0 342 0 0 0 0 0 0 0 158 0 0 0 0 0 0 0 0 0
"98" 98 0.457364341085 0 117 55 39 21 47 0 0 0 0 85 6 1 82 5 0 0 22 1 19
"99" 99 0.748427672956 0 1 16 0 0 1 0 471 0 0 4 3 1 1 0 0 0 2 0 0
"100" 100 0.461538461538 0 0 0 0 0 0 0 0 0 0 0 500 0 0 0 0 0 0 0 0
"101" 101 0.110465116279 0 0 82 0 0 0 0 0 418 0 0 0 0 0 0 0 0 0 0 0
"102" 102 0.0 0 0 0 0 0 0 500 0 0 0 0 0 0 0 0 0 0 0 0 0
"103" 103 0.0839416058394 0 0 0 37 0 106 0 0 0 0 16 0 0 0 0 0 0 0 0 341
"104" 104 0.240384615385 0 0 0 0 0 0 0 0 0 0 0 500 0 0 0 0 0 0 0 0
"105" 105 0.367875647668 0 499 0 1 0 0 0 0 0 0 0 0 0 0 0 0 0 0 0 0
"106" 106 0.139303482587 0 0 0 1 1 1 0 0 0 0 0 0 1 495 0 0 0 1 0 0
"107" 107 0.093023255814 0 0 0 0 0 0 0 0 0 0 499 1 0 0 0 0 0 0 0 0
"108" 108 0.568965517241 0 36 5 19 62 68 28 0 97 0 11 1 0 22 2 0 72 66 11 0
"109" 109 0.413793103448 0 0 0 1 3 56 232 0 28 2 0 1 0 10 1 0 147 13 5 1
"110" 110 0.379310344828 0 0 1 0 41 14 59 0 4 0 11 1 1 3 173 10 43 122 0 17
"111" 111 0.451923076923 0 144 22 26 6 61 1 0 1 0 24 0 0 41 55 0 0 111 1 7
"112" 112 0.448905109489 0 0 0 1 0 0 0 0 0 9 0 0 12 1 453 0 0 0 24 0
"113" 113 0.0512820512821 0 110 0 390 0 0 0 0 0 0 0 0 0 0 0 0 0 0 0 0
"114" 114 0.0 0 0 0 3 0 6 487 0 0 0 3 1 0 0 0 0 0 0 0 0
"115" 115 0.0 0 0 0 0 0 0 500 0 0 0 0 0 0 0 0 0 0 0 0 0
"116" 116 0.157894736842 0 10 31 0 33 1 0 0 5 138 14 3 87 0 1 114 20 13 28 2
"117" 117 0.134615384615 0 0 9 0 0 0 0 0 1 0 2 474 0 0 0 0 14 0 0 0
"118" 118 0.0 0 0 220 0 0 0 0 0 0 0 277 3 0 0 0 0 0 0 0 0
"119" 119 0.502590673575 0 81 2 39 67 149 0 0 25 4 0 3 14 19 28 1 1 36 26 5
"120" 120 0.105769230769 0 0 0 0 0 0 0 0 0 0 0 499 0 0 0 0 0 0 0 1
"121" 121 0.553459119497 0 0 0 0 0 1 1 488 1 0 1 0 0 0 0 0 2 6 0 0
"122" 122 0.575892857143 0 184 7 36 38 48 11 0 29 0 33 8 0 6 12 0 19 63 0 6
"123" 123 0.174418604651 0 8 27 41 20 25 0 0 2 0 1 1 0 52 15 95 0 210 2 1
"124" 124 0.015503875969 0 0 0 0 0 0 0 0 0 0 500 0 0 0 0 0 0 0 0 0
"125" 125 0.573839662447 0 19 5 45 50 122 17 0 20 0 44 2 0 12 22 0 3 123 0 16
"126" 126 0.507772020725 0 1 0 0 4 120 79 0 5 23 1 0 15 5 191 0 2 8 45 1
"127" 127 0.09375 0 0 0 1 32 0 0 0 0 20 3 0 1 5 0 0 0 174 264 0
"128" 128 0.0964467005076 0 0 0 0 0 0 500 0 0 0 0 0 0 0 0 0 0 0 0 0
"129" 129 0.713080168776 0 38 6 52 26 217 2 0 2 0 24 2 1 34 24 0 0 57 2 13
"130" 130 0.243781094527 0 1 0 0 0 0 0 0 2 0 3 0 0 491 0 0 0 2 0 1
"131" 131 0.0354609929078 0 0 0 0 0 0 0 0 0 0 0 0 0 0 0 500 0 0 0 0
"132" 132 0.0418410041841 0 0 0 0 0 0 0 0 0 500 0 0 0 0 0 0 0 0 0 0
"133" 133 0.518987341772 0 5 10 53 173 60 0 0 0 0 17 0 4 85 58 0 2 12 3 18
"134" 134 0.685534591195 0 5 0 1 0 1 0 491 0 0 2 0 0 0 0 0 0 0 0 0
"135" 135 0.629464285714 0 138 101 50 16 46 0 0 31 0 29 7 0 19 12 0 3 42 0 6
"136" 136 0.290178571429 0 0 0 0 1 0 0 0 0 0 0 0 0 0 0 0 0 499 0 0
"137" 137 0.169154228856 0 0 0 0 0 0 0 0 0 0 0 0 0 500 0 0 0 0 0 0
"138" 138 0.390804597701 0 0 14 2 20 12 33 0 168 2 0 1 1 4 3 0 230 5 3 2
"139" 139 0.741721854305 0 5 130 5 25 94 12 0 43 0 1 0 1 15 20 0 53 86 1 9
"140" 140 0.430962343096 0 0 0 0 0 0 0 0 0 30 0 0 0 0 0 0 0 0 470 0
"141" 141 0.651162790698 0 9 13 42 91 87 0 0 2 0 36 3 12 0 191 0 1 12 0 1
"142" 142 0.145695364238 0 0 465 0 0 0 0 0 0 0 35 0 0 0 0 0 0 0 0 0
"143" 143 0.692307692308 0 101 130 44 12 63 0 4 15 0 44 20 0 11 6 0 1 46 1 2
"144" 144 0.390728476821 0 36 219 34 16 15 0 0 146 0 5 3 0 10 0 0 1 12 0 3
"145" 145 0.147321428571 0 0 0 0 5 0 0 0 0 0 1 0 0 0 0 0 0 494 0 0
"146" 146 0.599156118143 0 118 112 80 12 49 1 0 21 0 38 10 0 13 12 0 7 22 0 5
"147" 147 0.794326241135 0 36 40 42 37 25 0 0 252 1 4 1 7 30 1 0 0 14 4 6
"148" 148 0.335025380711 0 1 0 4 6 10 360 0 4 2 1 0 0 78 1 0 23 8 0 2
"149" 149 0.406844106464 0 0 0 0 0 0 0 0 0 11 0 0 0 0 0 0 0 0 489 0
