"site" "RSA" "aa1" "aa2" "aa3" "aa4" "aa5" "aa6" "aa7" "aa8" "aa9" "aa10" "aa11" "aa12" "aa13" "aa14" "aa15" "aa16" "aa17" "aa18" "aa19" "aa20"
"0" 0 0.802325581395 0 0 9 2 0 0 0 0 2 0 0 0 0 0 0 0 0 0 0 0
"1" 1 0.482587064677 0 0 0 0 0 0 1 0 0 0 0 0 0 17 0 0 1 0 0 0
"2" 2 0.233830845771 0 0 0 0 0 1 1 0 1 0 0 0 0 17 0 0 1 1 0 0
"3" 3 0.456953642384 0 0 10 0 0 1 0 0 5 1 5 0 0 1 0 0 0 2 0 0
"4" 4 0.483443708609 0 2 5 0 7 4 0 2 0 0 0 0 0 1 0 0 0 5 0 0
"5" 5 0.100418410042 0 0 1 0 0 0 0 1 1 20 0 0 0 1 0 0 0 0 3 1
"6" 6 0.134615384615 0 0 2 1 1 2 0 0 1 0 0 20 2 0 0 0 0 1 0 0
"7" 7 0.383720930233 0 7 7 3 2 0 1 1 14 1 2 0 0 0 0 0 0 1 0 0
"8" 8 0.339622641509 0 0 1 0 1 2 2 28 1 0 8 0 1 0 1 1 2 3 2 0
"9" 9 0.326359832636 0 0 0 0 1 1 15 1 0 26 0 0 1 18 2 0 1 3 0 0
"10" 10 0.446428571429 2 12 17 6 3 1 0 1 6 0 8 0 1 0 0 0 3 11 0 0
"11" 11 0.0729927007299 1 2 18 2 2 3 0 6 13 0 0 0 0 0 31 0 0 0 0 0
"12" 12 0.0 0 0 0 0 0 0 44 2 2 0 2 0 0 1 0 0 39 0 0 2
"13" 13 0.397321428571 0 5 3 1 4 3 1 7 1 0 3 0 1 1 0 0 1 64 0 0
"14" 14 0.389743589744 0 18 4 6 3 7 0 0 3 0 6 0 1 0 7 0 0 41 0 0
"15" 15 0.0 0 0 0 0 0 0 26 0 0 0 57 3 0 8 0 0 2 0 0 0
"16" 16 0.0149253731343 0 0 0 0 0 0 57 0 0 0 0 0 0 35 0 0 5 0 0 0
"17" 17 0.209302325581 0 13 2 1 7 4 0 0 4 0 21 0 0 1 3 0 1 40 0 0
"18" 18 0.0 0 44 5 0 0 0 0 0 1 0 30 0 0 0 0 0 0 16 1 0
"19" 19 0.0 0 0 0 0 0 0 32 0 0 3 14 0 0 36 0 0 8 0 4 3
"20" 20 0.478102189781 1 0 1 0 3 13 1 0 0 0 7 0 0 0 73 0 2 1 0 0
"21" 21 0.540178571429 1 3 4 16 27 1 0 0 1 0 31 1 0 5 3 0 0 9 0 0
"22" 22 0.173076923077 0 0 0 0 0 0 0 0 0 0 0 103 0 0 0 0 0 0 0 0
"23" 23 0.295620437956 0 0 0 4 8 43 0 0 0 0 0 1 1 1 42 0 1 2 0 0
"24" 24 0.0192307692308 1 0 0 0 0 0 6 10 0 3 2 22 0 4 0 0 2 0 0 53
"25" 25 0.0 0 0 0 0 0 0 20 0 0 13 1 0 0 1 0 0 66 0 2 0
"26" 26 0.0 0 0 0 0 0 0 62 0 0 0 0 0 0 22 0 0 16 0 0 3
"27" 27 0.00574712643678 0 0 0 0 0 0 6 0 0 0 0 0 0 51 0 0 45 0 0 1
"28" 28 0.0497512437811 0 0 1 0 1 0 1 0 8 1 4 0 0 9 0 0 67 0 0 11
"29" 29 0.512953367876 0 103 0 0 0 0 0 0 0 0 0 0 0 0 0 0 0 1 0 0
"30" 30 0.487179487179 0 1 0 104 0 0 0 0 0 0 0 0 0 0 0 0 0 0 0 0
"31" 31 0.294642857143 0 0 0 0 0 0 0 0 0 0 0 0 0 0 0 0 0 105 0 0
"32" 32 0.00961538461538 0 0 0 0 0 0 0 0 0 0 6 98 0 0 0 0 1 0 0 0
"33" 33 0.0155440414508 0 105 0 0 0 0 0 0 0 0 0 0 0 0 0 0 0 0 0 0
"34" 34 0.0 0 0 0 0 0 0 6 0 0 6 0 0 0 86 0 0 2 0 0 5
"35" 35 0.0 2 0 0 0 0 0 56 0 3 1 2 0 0 5 0 0 32 0 1 3
"36" 36 0.0167364016736 6 0 0 0 0 0 26 0 0 20 4 1 0 11 0 0 5 0 4 28
"37" 37 0.0 0 0 9 0 0 0 0 24 0 0 72 0 0 0 0 0 0 0 0 0
"38" 38 0.0 0 0 0 0 0 0 0 0 0 0 102 2 0 0 0 0 1 0 0 0
"39" 39 0.357142857143 0 10 2 0 24 0 0 0 2 0 3 1 1 0 0 0 1 61 0 0
"40" 40 0.261627906977 3 0 8 4 1 23 0 0 9 23 4 0 15 3 3 1 0 0 1 7
"41" 41 0.0 3 0 0 0 0 0 13 0 2 0 27 0 0 17 0 0 35 0 0 8
"42" 42 0.273255813953 0 0 5 2 0 1 0 0 93 0 0 0 1 0 3 0 0 0 0 0
"43" 43 0.281609195402 0 3 2 3 1 0 1 65 3 0 12 0 0 0 1 0 6 8 0 0
"44" 44 0.638392857143 0 13 2 0 7 2 0 2 2 0 18 1 0 0 2 0 1 55 0 0
"45" 45 0.161434977578 0 9 4 3 26 2 4 0 4 0 38 0 3 2 0 2 4 0 0 4
"46" 46 0.0045871559633 0 0 0 0 0 0 55 0 0 0 0 0 0 2 0 0 18 0 0 30
"47" 47 0.271317829457 0 0 3 65 0 0 0 0 3 0 33 1 0 0 0 0 0 0 0 0
"48" 48 0.0696517412935 0 0 0 0 0 0 2 0 0 73 0 0 0 14 2 1 0 1 2 10
"49" 49 0.00581395348837 0 0 0 0 0 0 3 0 4 0 1 0 0 15 0 0 0 0 0 82
"50" 50 0.263959390863 0 0 1 0 0 0 37 0 4 0 52 0 0 3 0 0 7 0 0 1
"51" 51 0.532846715328 1 0 1 1 1 22 0 0 22 0 0 0 0 1 50 0 3 1 0 2
"52" 52 0.22966507177 0 1 1 1 3 0 0 0 0 5 0 0 40 0 0 0 0 28 26 0
"53" 53 0.0769230769231 22 0 1 0 0 0 0 0 5 0 19 58 0 0 0 0 0 0 0 0
"54" 54 0.278145695364 1 0 33 0 0 0 0 0 3 0 0 0 0 0 68 0 0 0 0 0
"55" 55 0.163461538462 0 0 0 0 0 0 0 0 0 0 0 105 0 0 0 0 0 0 0 0
"56" 56 0.401015228426 0 0 0 0 0 0 34 0 0 0 0 0 0 69 0 0 1 0 1 0
"57" 57 0.0229885057471 0 0 0 0 0 0 52 0 1 0 0 0 0 3 0 0 49 0 0 0
"58" 58 0.0253164556962 105 0 0 0 0 0 0 0 0 0 0 0 0 0 0 0 0 0 0 0
"59" 59 0.00995024875622 0 0 1 0 0 0 1 0 2 0 5 0 0 88 0 0 7 0 0 1
"60" 60 0.0 28 0 6 0 0 0 1 19 22 0 29 0 0 0 0 0 0 0 0 0
"61" 61 0.010152284264 0 0 0 0 0 0 11 0 1 0 0 0 0 60 0 0 1 0 0 32
"62" 62 0.186046511628 1 5 2 4 2 2 0 6 72 0 2 1 0 2 0 0 1 4 1 0
"63" 63 0.303571428571 0 15 7 1 6 4 0 5 1 0 10 15 0 0 12 0 0 28 0 1
"64" 64 0.59067357513 0 11 3 1 6 6 0 2 2 0 6 4 0 0 1 0 0 63 0 0
"65" 65 0.14598540146 0 5 0 0 5 15 0 0 2 0 1 0 4 3 66 0 2 1 0 1
"66" 66 0.149635036496 33 0 2 0 0 0 14 0 2 1 17 1 0 17 2 0 16 0 0 0
"67" 67 0.476793248945 0 26 2 1 7 21 0 0 2 0 5 1 1 0 20 0 0 19 0 0
"68" 68 0.349775784753 0 2 8 0 36 6 0 0 3 0 11 0 2 0 19 0 0 15 3 0
"69" 69 0.00497512437811 0 0 0 0 0 0 0 0 0 0 0 0 0 105 0 0 0 0 0 0
"70" 70 0.569948186528 0 23 1 13 12 8 0 0 0 0 2 25 2 0 8 0 0 11 0 0
"71" 71 0.00497512437811 0 0 0 0 0 0 5 0 0 0 0 0 0 100 0 0 0 0 0 0
"72" 72 0.421383647799 0 3 1 0 1 1 0 81 3 1 2 2 2 0 4 0 0 2 1 0
"73" 73 0.229357798165 0 0 0 0 8 0 0 28 1 1 3 0 0 36 1 0 0 0 0 27
"74" 74 0.435779816514 0 0 1 1 0 0 0 0 0 0 1 0 0 0 0 0 0 0 0 102
"75" 75 0.655172413793 0 0 7 0 1 0 0 1 7 0 11 0 0 0 2 0 75 1 0 0
"76" 76 1.10714285714 0 9 10 2 21 2 0 6 19 0 10 0 0 0 8 0 0 18 0 0
"77" 77 0.471153846154 0 2 0 30 0 0 0 1 0 0 64 5 0 0 2 0 0 1 0 0
"78" 78 0.397489539749 0 0 0 0 0 0 0 0 0 102 0 0 0 0 0 0 0 0 3 0
"79" 79 0.0 2 0 0 0 0 0 0 0 100 0 1 1 0 0 0 0 0 0 0 1
"80" 80 0.224137931034 0 0 0 0 1 0 11 0 0 0 2 0 0 2 0 0 87 2 0 0
"81" 81 0.093023255814 0 0 90 0 0 0 0 0 15 0 0 0 0 0 0 0 0 0 0 0
"82" 82 0.0 0 0 0 0 0 0 86 0 0 0 0 0 0 0 0 0 19 0 0 0
"83" 83 0.09375 0 26 0 0 0 0 0 0 0 0 0 0 0 0 0 0 0 79 0 0
"84" 84 0.0232558139535 0 0 0 0 0 1 0 0 0 0 97 0 1 1 1 0 0 0 4 0
"85" 85 0.217054263566 0 0 2 0 0 22 0 0 1 0 44 4 1 2 29 0 0 0 0 0
"86" 86 0.732142857143 1 4 2 3 9 11 0 1 9 0 0 0 10 0 4 0 2 43 2 0
"87" 87 0.625 0 3 0 1 0 0 0 0 0 0 0 100 0 0 0 0 0 1 0 0
"88" 88 0.201149425287 3 0 0 0 0 0 9 0 8 0 0 0 0 0 0 0 85 0 0 0
"89" 89 0.691860465116 0 0 16 0 0 1 0 0 85 0 0 1 2 0 0 0 0 0 0 0
"90" 90 0.552325581395 0 0 0 0 0 0 0 0 105 0 0 0 0 0 0 0 0 0 0 0
"91" 91 0.0 0 0 0 0 0 0 0 0 0 0 0 105 0 0 0 0 0 0 0 0
"92" 92 0.316091954023 0 0 0 0 0 0 73 0 0 0 0 0 0 0 0 0 32 0 0 0
"93" 93 0.370860927152 0 0 105 0 0 0 0 0 0 0 0 0 0 0 0 0 0 0 0 0
"94" 94 0.147286821705 0 0 0 0 0 0 0 0 0 0 104 0 0 0 0 0 1 0 0 0
"95" 95 0.325581395349 0 0 5 0 0 4 0 0 2 5 62 1 13 0 2 0 1 5 5 0
"96" 96 0.0725388601036 0 100 0 0 0 0 0 0 0 0 0 0 0 0 0 0 0 5 0 0
"97" 97 0.0875912408759 0 0 0 0 0 0 0 0 0 0 0 0 0 0 105 0 0 0 0 0
"98" 98 0.00507614213198 0 0 9 0 0 0 4 0 5 0 64 0 0 5 0 0 18 0 0 0
"99" 99 0.255813953488 1 0 0 1 3 11 0 0 29 0 3 0 14 11 27 0 4 0 0 1
"100" 100 0.0 0 0 0 0 0 0 0 0 104 0 0 0 0 0 0 0 1 0 0 0
"101" 101 0.0114942528736 1 0 0 0 0 0 72 0 0 0 1 0 0 0 0 0 31 0 0 0
"102" 102 0.408759124088 1 0 2 0 26 24 0 0 0 0 9 0 2 10 29 0 0 2 0 0
"103" 103 0.201550387597 2 1 2 1 1 1 4 0 24 0 42 0 0 6 0 0 19 1 0 1
"104" 104 0.0077519379845 0 0 1 0 0 0 1 0 1 0 83 0 0 17 0 0 2 0 0 0
"105" 105 0.0507614213198 2 0 3 0 0 0 52 0 2 0 10 1 0 3 0 0 32 0 0 0
"106" 106 0.279069767442 0 31 9 16 1 5 0 0 0 0 38 0 2 0 2 0 0 1 0 0
"107" 107 0.715025906736 0 25 2 1 0 6 0 44 3 0 7 1 0 2 5 0 2 7 0 0
"108" 108 0.567307692308 0 18 6 18 3 4 0 0 5 0 11 19 6 0 1 0 0 12 1 0
"109" 109 0.031007751938 4 0 12 2 0 10 0 0 16 0 56 0 0 0 1 0 4 0 0 0
"110" 110 0.544303797468 1 3 2 1 7 37 0 0 10 0 1 16 0 2 20 0 4 1 0 0
"111" 111 0.314465408805 0 1 2 0 0 0 0 73 2 0 18 0 3 0 4 0 1 0 0 1
"112" 112 0.602649006623 1 15 21 2 6 1 0 0 2 2 9 4 4 1 0 0 0 35 2 0
"113" 113 0.326424870466 2 88 4 0 1 0 0 0 0 0 3 0 1 0 0 0 0 5 0 0
"114" 114 0.0149253731343 0 0 0 0 0 0 31 0 0 12 0 0 0 58 0 0 4 0 0 0
"115" 115 0.466666666667 0 0 6 7 0 0 3 0 1 0 20 2 8 0 10 0 46 1 0 1
"116" 116 0.306569343066 0 0 16 0 17 3 0 0 11 0 0 0 3 0 50 0 0 0 0 5
"117" 117 0.685534591195 0 0 0 0 0 0 0 105 0 0 0 0 0 0 0 0 0 0 0 0
"118" 118 0.115384615385 0 0 0 0 0 0 0 0 0 0 0 105 0 0 0 0 0 0 0 0
"119" 119 0.354066985646 0 0 0 0 0 0 0 0 0 0 0 0 105 0 0 0 0 0 0 0
"120" 120 0.0172413793103 0 0 0 0 0 0 42 0 1 1 0 0 0 0 0 0 58 0 0 3
"121" 121 0.192468619247 0 0 0 0 0 0 0 0 0 102 0 0 0 0 0 0 1 0 2 0
"122" 122 0.0062893081761 0 0 0 0 0 0 0 104 0 0 0 1 0 0 0 0 0 0 0 0
"123" 123 0.0597014925373 0 0 0 0 0 0 7 0 0 0 0 0 0 98 0 0 0 0 0 0
"124" 124 0.167883211679 2 0 0 0 1 6 6 0 6 0 5 0 0 1 54 0 10 0 0 14
"125" 125 0.0697674418605 0 0 0 0 0 0 0 0 0 0 101 1 0 0 0 0 0 0 3 0
"126" 126 0.385650224215 1 0 1 4 18 20 0 0 1 0 1 0 4 0 51 0 2 1 0 1
"127" 127 0.666666666667 0 24 4 2 3 9 0 29 3 0 5 0 0 0 1 0 0 25 0 0
"128" 128 0.413461538462 0 1 0 1 1 2 0 0 0 0 2 97 0 0 1 0 0 0 0 0
"129" 129 0.0480769230769 0 0 0 0 0 0 0 0 0 0 0 105 0 0 0 0 0 0 0 0
"130" 130 0.0344827586207 0 0 0 0 0 0 1 0 5 0 1 0 0 2 0 0 96 0 0 0
"131" 131 0.412935323383 0 0 1 0 0 1 1 0 0 1 0 0 0 100 0 0 0 0 0 1
"132" 132 0.46511627907 0 0 3 1 0 8 3 0 11 0 6 5 1 0 11 0 36 16 1 3
"133" 133 0.412408759124 0 0 0 0 0 0 0 0 0 0 0 0 0 0 105 0 0 0 0 0
"134" 134 0.394230769231 0 1 6 1 1 0 0 4 4 0 60 4 0 0 19 0 2 2 0 1
"135" 135 0.105769230769 0 0 0 0 0 0 0 0 0 0 0 105 0 0 0 0 0 0 0 0
"136" 136 0.0956937799043 0 0 0 0 10 0 0 0 0 0 0 0 95 0 0 0 0 0 0 0
"137" 137 0.0755813953488 0 0 0 0 0 0 0 0 105 0 0 0 0 0 0 0 0 0 0 0
"138" 138 0.0133928571429 0 0 0 0 0 0 0 0 0 0 0 0 0 0 0 0 0 105 0 0
"139" 139 0.0 0 0 1 0 0 0 0 0 0 0 85 19 0 0 0 0 0 0 0 0
"140" 140 0.0 0 0 26 0 0 0 0 0 22 0 37 19 0 0 0 0 1 0 0 0
"141" 141 0.0710659898477 17 0 0 0 0 0 12 0 1 0 0 0 0 2 0 0 73 0 0 0
"142" 142 0.0725388601036 0 104 0 0 0 0 0 0 0 0 1 0 0 0 0 0 0 0 0 0
"143" 143 0.00497512437811 0 0 0 0 0 0 14 0 0 4 0 0 0 80 0 0 3 0 0 4
"144" 144 0.0 3 0 11 0 0 0 0 1 5 0 57 2 0 1 0 0 4 0 0 21
"145" 145 0.436046511628 0 0 2 1 5 7 1 0 7 0 3 1 0 3 70 0 2 0 0 3
"146" 146 0.323383084577 0 0 0 0 0 0 1 0 0 1 0 0 0 88 0 0 0 0 0 15
"147" 147 0.0542635658915 1 0 4 0 0 0 0 0 0 0 99 1 0 0 0 0 0 0 0 0
"148" 148 0.644230769231 0 0 0 3 0 1 0 0 0 0 0 100 0 0 0 0 0 1 0 0
"149" 149 0.163179916318 4 0 0 0 0 0 0 0 0 8 0 0 3 84 2 0 1 0 2 1
"150" 150 0.253164556962 0 2 6 9 4 26 2 5 11 0 3 1 0 1 3 0 2 17 13 0
"151" 151 0.333333333333 0 0 3 0 0 0 0 100 0 0 1 0 0 0 0 0 0 1 0 0
"152" 152 0.0542635658915 7 0 11 0 0 0 1 0 2 3 73 0 0 0 0 0 5 0 3 0
"153" 153 0.0 0 0 12 0 0 0 0 0 0 0 16 77 0 0 0 0 0 0 0 0
"154" 154 0.00574712643678 0 0 1 0 0 0 3 0 0 0 3 0 0 2 0 0 96 0 0 0
"155" 155 0.0298507462687 0 0 0 0 0 0 68 0 0 0 0 0 0 37 0 0 0 0 0 0
"156" 156 0.0 87 0 1 0 0 0 1 0 0 0 3 0 0 0 0 0 13 0 0 0
"157" 157 0.183035714286 0 0 0 0 0 0 0 0 0 0 0 0 0 0 0 0 0 105 0 0
"158" 158 0.0398009950249 0 0 0 0 0 0 63 0 0 0 0 0 0 29 0 0 13 0 0 0
"159" 159 0.156976744186 0 0 0 0 3 0 5 0 23 0 1 0 0 16 0 0 5 0 0 52
"160" 160 0.179487179487 0 1 0 84 1 16 0 0 0 0 0 0 2 1 0 0 0 0 0 0
"161" 161 0.80310880829 0 52 1 0 0 3 2 23 0 0 0 0 0 0 0 0 2 22 0 0
"162" 162 0.611398963731 0 103 0 2 0 0 0 0 0 0 0 0 0 0 0 0 0 0 0 0
"163" 163 0.519230769231 0 0 0 0 0 0 0 0 0 0 0 104 1 0 0 0 0 0 0 0
"164" 164 0.267441860465 0 0 27 1 0 0 0 0 74 0 0 0 1 0 0 0 0 2 0 0
"165" 165 0.344036697248 0 0 0 0 0 0 0 0 0 0 0 0 0 0 0 0 2 0 0 103
"166" 166 0.0077519379845 0 0 3 0 1 0 0 0 1 0 95 0 0 0 0 0 0 0 0 5
"167" 167 0.452554744526 0 0 0 1 0 3 0 0 0 0 0 1 2 0 98 0 0 0 0 0
"168" 168 0.271317829457 0 0 0 0 0 0 1 0 3 1 5 5 0 57 11 0 8 0 1 13
"169" 169 0.477987421384 0 9 1 0 0 0 0 87 1 0 4 1 0 1 0 0 0 1 0 0
"170" 170 0.254464285714 0 44 0 0 20 1 0 0 1 0 1 0 0 0 0 0 0 38 0 0
"171" 171 0.0 2 0 0 0 0 0 11 0 1 0 3 0 0 78 0 0 10 0 0 0
"172" 172 0.0507614213198 0 1 1 0 3 8 24 0 3 2 3 0 0 11 4 0 22 19 0 4
"173" 173 0.526785714286 0 5 3 0 1 9 7 2 7 0 15 3 0 4 8 0 8 32 1 0
"174" 174 0.0753138075314 0 0 0 0 0 0 0 0 0 90 0 0 0 3 1 0 4 0 7 0
"175" 175 0.0 3 0 9 0 0 2 0 0 0 0 80 8 0 0 1 0 2 0 0 0
"176" 176 0.471794871795 0 4 1 3 17 28 0 0 0 0 10 0 0 1 20 0 1 19 0 1
"177" 177 0.548523206751 0 0 0 2 19 31 2 0 1 0 8 0 2 4 14 0 0 20 1 1
"178" 178 0.296650717703 0 0 0 4 1 0 0 0 0 7 0 0 86 1 0 1 0 0 5 0
"179" 179 0.569230769231 0 21 1 25 6 4 0 0 1 0 1 42 1 0 3 0 0 0 0 0
"180" 180 0.0366972477064 0 0 0 0 0 0 12 0 0 4 0 0 0 69 0 0 0 0 2 18
"181" 181 0.062015503876 0 0 1 0 0 63 0 30 3 0 3 1 1 1 1 0 1 0 0 0
"182" 182 0.00497512437811 1 0 0 0 0 0 46 0 0 0 0 0 0 23 1 0 27 0 0 7
"183" 183 0.00574712643678 4 0 0 0 0 0 17 0 3 0 2 40 0 22 0 0 17 0 0 0
"184" 184 0.116279069767 0 0 27 0 0 0 0 0 73 0 4 0 0 1 0 0 0 0 0 0
"185" 185 0.0253807106599 0 0 0 0 0 0 87 0 2 0 0 0 0 0 0 0 16 0 0 0
"186" 186 0.700892857143 0 2 8 2 3 2 0 0 1 0 50 1 0 0 6 0 1 29 0 0
"187" 187 0.0362694300518 0 92 0 0 4 0 0 0 0 0 2 0 1 0 0 0 0 6 0 0
"188" 188 0.00995024875622 0 0 0 0 0 0 11 0 0 0 0 0 0 91 0 0 3 0 0 0
"189" 189 0.183908045977 0 0 0 0 0 1 72 0 0 0 6 0 0 0 0 0 25 0 1 0
"190" 190 0.286821705426 0 1 5 2 8 6 0 0 1 0 42 1 6 1 14 0 1 16 0 1
"191" 191 0.0798479087452 0 0 0 0 0 0 0 0 0 6 0 0 3 0 0 6 0 0 89 0
"192" 192 0.251824817518 0 0 0 0 1 1 1 0 0 0 0 0 0 0 101 0 0 0 0 0
"193" 193 0.600896860987 1 0 2 3 8 6 1 0 1 0 2 0 4 8 24 0 0 5 0 5
"194" 194 0.503875968992 0 0 7 1 6 5 0 0 0 0 15 0 1 1 6 0 0 5 0 0
"195" 195 0.684210526316 0 0 0 5 3 0 0 0 0 0 0 0 23 0 1 0 0 0 1 0
