"site" "RSA" "aa1" "aa2" "aa3" "aa4" "aa5" "aa6" "aa7" "aa8" "aa9" "aa10" "aa11" "aa12" "aa13" "aa14" "aa15" "aa16" "aa17" "aa18" "aa19" "aa20"
"0" 0 0.324503311258 0 0 291 0 21 7 0 0 0 10 113 19 0 0 0 0 0 0 19 20
"1" 1 0.548076923077 0 0 0 0 0 0 0 0 0 0 0 500 0 0 0 0 0 0 0 0
"2" 2 0.569230769231 0 75 3 76 79 55 0 0 6 4 8 7 24 72 10 0 0 50 14 17
"3" 3 0.0 0 0 0 0 0 0 0 0 0 0 499 1 0 0 0 0 0 0 0 0
"4" 4 0.583941605839 0 1 95 3 88 77 8 0 23 6 19 2 19 6 29 0 15 77 13 19
"5" 5 0.451776649746 0 0 6 1 10 8 131 0 1 0 4 1 0 0 49 0 49 231 0 9
"6" 6 0.480769230769 0 0 0 0 0 0 0 0 0 0 0 500 0 0 0 0 0 0 0 0
"7" 7 0.459915611814 0 1 8 7 181 115 0 0 27 8 10 8 1 52 15 1 1 16 27 22
"8" 8 0.616352201258 0 0 4 0 8 20 2 361 22 7 10 2 16 0 7 0 4 31 6 0
"9" 9 0.062015503876 0 0 15 0 0 0 0 0 0 0 485 0 0 0 0 0 0 0 0 0
"10" 10 0.106918238994 0 0 0 0 0 0 0 500 0 0 0 0 0 0 0 0 0 0 0 0
"11" 11 0.476683937824 0 15 33 10 13 35 0 254 12 2 34 11 1 10 9 3 4 33 3 18
"12" 12 0.0502092050209 0 0 0 0 0 0 0 0 0 491 0 0 0 0 0 5 0 0 4 0
"13" 13 0.514767932489 0 0 20 1 86 100 38 0 3 0 26 6 0 1 29 0 15 127 0 48
"14" 14 0.0542635658915 0 0 18 0 0 0 0 0 0 1 444 37 0 0 0 0 0 0 0 0
"15" 15 0.220930232558 0 5 14 3 8 10 15 151 27 1 25 8 0 172 6 25 12 9 2 7
"16" 16 0.0 0 0 2 0 0 0 0 0 0 0 488 10 0 0 0 0 0 0 0 0
"17" 17 0.0172413793103 0 1 0 0 1 0 225 0 3 0 4 0 0 0 0 0 266 0 0 0
"18" 18 0.155172413793 0 2 4 3 5 18 21 0 2 18 2 0 1 80 12 2 296 8 21 5
"19" 19 0.704663212435 0 36 8 232 21 85 0 0 0 0 2 46 5 13 26 0 0 21 1 4
"20" 20 0.423076923077 0 0 0 0 0 0 0 0 0 0 0 499 1 0 0 0 0 0 0 0
"21" 21 0.426356589147 0 1 29 13 20 49 19 0 61 16 15 5 20 9 107 5 5 24 90 12
"22" 22 0.359832635983 0 1 15 5 28 174 16 11 20 4 20 5 1 117 22 1 23 19 2 16
"23" 23 0.535864978903 0 0 68 0 53 67 39 0 58 0 28 2 11 29 45 1 27 42 4 26
"24" 24 0.388392857143 0 8 18 6 6 16 11 1 16 11 15 1 0 37 3 263 15 15 8 50
"25" 25 0.0172413793103 0 0 0 0 1 0 184 0 4 0 1 0 0 0 0 0 309 0 0 1
"26" 26 0.329113924051 0 1 20 0 100 44 8 0 5 0 51 4 0 0 175 0 6 72 1 13
"27" 27 0.0845771144279 0 0 0 0 0 0 0 0 0 0 2 0 0 479 4 0 0 0 0 15
"28" 28 0.397350993377 0 195 45 53 15 35 2 0 5 0 57 17 2 12 10 1 4 33 2 12
"29" 29 0.471502590674 0 112 58 31 121 9 0 0 9 8 45 5 23 0 4 0 1 38 0 36
"30" 30 0.133079847909 0 0 0 6 0 0 0 0 0 357 0 1 30 0 0 8 0 0 98 0
"31" 31 0.603375527426 0 13 34 16 51 87 0 0 128 6 24 8 6 26 22 1 1 68 3 6
"32" 32 0.625 0 0 0 0 0 0 0 0 0 0 0 500 0 0 0 0 0 0 0 0
"33" 33 0.413502109705 0 1 1 7 20 304 0 0 0 28 1 0 8 46 5 0 0 4 73 2
"34" 34 0.041825095057 0 2 0 1 0 0 0 0 0 238 2 0 2 0 0 7 2 0 246 0
"35" 35 0.0114942528736 0 0 0 0 0 0 92 0 6 0 0 0 0 0 0 0 402 0 0 0
"36" 36 0.0 0 0 1 0 0 0 0 0 0 0 0 0 0 2 0 0 497 0 0 0
"37" 37 0.0 0 0 0 0 0 0 0 0 0 0 0 0 0 500 0 0 0 0 0 0
"38" 38 0.0 0 0 1 0 0 0 0 0 0 490 7 0 1 0 0 0 1 0 0 0
"39" 39 0.0 0 0 0 0 0 0 0 0 0 500 0 0 0 0 0 0 0 0 0 0
"40" 40 0.0304182509506 0 0 0 0 0 0 0 0 1 30 0 0 2 0 0 0 0 0 466 1
"41" 41 0.0503144654088 0 5 142 0 0 0 0 171 0 0 116 66 0 0 0 0 0 0 0 0
"42" 42 0.303482587065 0 1 21 3 47 55 0 0 3 0 33 5 9 129 60 0 5 102 0 27
"43" 43 0.0518134715026 0 412 51 6 0 0 0 7 14 0 8 2 0 0 0 0 0 0 0 0
"44" 44 0.430962343096 0 5 0 30 1 10 0 0 0 406 0 8 24 0 0 0 0 2 13 1
"45" 45 0.232558139535 0 0 32 0 51 38 0 0 312 0 3 4 0 0 54 0 4 2 0 0
"46" 46 0.715481171548 0 67 13 20 19 56 36 0 72 4 20 15 5 22 11 2 43 80 3 12
"47" 47 0.212643678161 0 21 5 39 25 9 57 0 2 23 13 8 5 197 6 24 24 2 19 21
"48" 48 0.100628930818 0 0 1 0 0 0 0 8 0 0 3 488 0 0 0 0 0 0 0 0
"49" 49 0.511627906977 0 71 41 68 31 60 4 0 25 2 25 8 0 52 20 0 29 42 1 21
"50" 50 0.0401785714286 0 0 0 0 0 0 1 0 0 0 0 0 0 4 0 0 0 495 0 0
"51" 51 0.010152284264 0 0 0 0 0 0 492 0 1 0 0 0 0 0 0 0 7 0 0 0
"52" 52 0.157360406091 0 0 3 17 27 6 289 0 6 0 10 3 0 3 50 0 43 4 0 39
"53" 53 0.294573643411 0 0 178 3 1 2 0 0 14 0 241 45 0 0 5 1 0 9 0 1
"54" 54 0.00418410041841 0 0 0 0 1 0 0 0 0 441 0 0 2 0 0 0 0 0 55 1
"55" 55 0.0 0 0 215 0 0 0 0 0 0 0 282 3 0 0 0 0 0 0 0 0
"56" 56 0.512820512821 0 36 8 46 45 29 18 0 15 0 33 5 2 68 28 0 7 142 3 15
"57" 57 0.277372262774 0 19 3 70 11 23 0 0 6 11 4 1 87 12 228 1 1 6 13 4
"58" 58 0.015503875969 0 0 12 0 0 0 0 0 6 0 463 16 0 0 0 3 0 0 0 0
"59" 59 0.495535714286 0 96 11 28 32 11 1 0 8 1 20 8 0 14 8 1 10 238 2 11
"60" 60 0.264248704663 0 78 7 45 31 9 0 0 7 0 22 1 1 4 7 1 15 263 0 9
"61" 61 0.0 0 0 0 0 0 0 0 0 0 483 0 0 0 0 0 0 0 0 17 0
"62" 62 0.255474452555 0 0 0 5 27 15 1 0 0 0 10 1 0 2 426 0 0 7 0 6
"63" 63 0.658227848101 0 16 4 40 11 333 0 0 2 1 20 2 4 15 27 2 0 12 5 6
"64" 64 0.268656716418 0 0 1 14 38 4 0 0 8 0 9 3 5 396 2 0 0 15 1 4
"65" 65 0.259615384615 0 0 0 1 0 0 0 0 0 0 0 498 1 0 0 0 0 0 0 0
"66" 66 0.0 500 0 0 0 0 0 0 0 0 0 0 0 0 0 0 0 0 0 0 0
"67" 67 0.133928571429 0 0 0 0 17 1 0 0 3 29 3 3 3 0 0 2 0 383 56 0
"68" 68 0.0114942528736 0 0 0 0 0 0 0 0 2 0 0 0 0 0 0 0 498 0 0 0
"69" 69 0.0 0 0 0 0 0 0 0 0 1 0 3 0 0 493 0 0 3 0 0 0
"70" 70 0.0 0 1 0 0 1 0 0 0 0 0 2 490 0 0 0 0 0 0 0 6
"71" 71 0.0 0 0 17 0 5 0 74 0 5 0 34 1 0 0 0 0 364 0 0 0
"72" 72 0.0 0 0 98 1 0 0 0 0 2 0 367 32 0 0 0 0 0 0 0 0
"73" 73 0.0229885057471 0 0 33 17 0 0 0 129 67 0 43 3 2 0 0 0 205 1 0 0
"74" 74 0.155440414508 0 366 7 20 12 6 0 0 3 0 38 11 0 0 4 0 0 26 0 7
"75" 75 0.205298013245 0 5 397 2 2 6 0 3 61 0 11 5 0 1 1 1 0 4 0 1
"76" 76 0.165919282511 0 1 91 0 18 3 0 3 3 5 141 6 3 0 3 158 2 43 20 0
"77" 77 0.560669456067 0 171 19 16 32 83 6 0 21 1 20 6 1 18 24 1 10 59 0 12
"78" 78 0.279069767442 0 53 5 40 79 44 6 0 10 0 44 7 4 49 82 0 6 47 0 24
"79" 79 0.0 0 4 2 19 0 0 16 0 0 0 35 2 419 0 0 0 3 0 0 0
"80" 80 0.203980099502 0 3 4 3 10 82 0 0 2 5 60 2 7 162 24 57 0 39 9 31
"81" 81 0.372093023256 0 35 16 41 48 112 21 0 23 0 51 2 2 45 37 1 8 35 2 21
"82" 82 0.00354609929078 0 0 1 0 0 0 0 0 1 0 1 0 1 5 0 488 0 2 0 1
"83" 83 0.0862944162437 0 0 2 1 2 1 251 0 3 0 37 1 0 1 1 0 180 8 0 12
"84" 84 0.610256410256 0 28 11 52 96 51 0 0 8 0 33 6 2 107 43 0 0 29 1 33
"85" 85 0.203488372093 0 0 2 0 15 4 0 0 298 0 5 0 0 17 141 0 0 5 0 13
"86" 86 0.421383647799 0 2 6 2 1 1 0 472 0 0 11 0 0 1 0 0 0 2 0 2
"87" 87 0.248175182482 0 0 7 0 18 0 0 6 3 0 0 0 0 0 463 0 0 2 0 1
"88" 88 0.675105485232 0 77 101 53 28 50 8 0 41 0 28 12 1 21 12 0 13 45 0 10
"89" 89 0.660714285714 0 67 2 70 117 106 0 0 0 0 7 3 5 10 18 2 0 55 0 38
"90" 90 0.346153846154 0 0 0 0 0 0 0 0 0 0 0 500 0 0 0 0 0 0 0 0
"91" 91 0.00961538461538 0 0 0 0 0 0 0 0 0 0 0 500 0 0 0 0 0 0 0 0
"92" 92 0.0 0 0 0 0 0 0 0 0 0 0 0 0 0 499 0 0 0 0 1 0
"93" 93 0.0384615384615 0 0 0 0 0 0 0 0 0 0 0 500 0 0 0 0 0 0 0 0
"94" 94 0.647798742138 0 12 16 4 34 24 4 270 35 6 8 0 6 7 4 8 3 46 10 3
"95" 95 0.0796019900498 0 0 18 0 0 0 0 0 11 0 0 0 0 451 0 0 20 0 0 0
"96" 96 0.446153846154 0 24 1 159 62 101 0 0 0 4 18 5 20 18 22 0 0 28 23 15
"97" 97 0.0304568527919 0 0 0 0 0 0 463 0 0 0 0 0 0 6 0 0 31 0 0 0
"98" 98 0.062893081761 0 0 0 0 0 0 0 499 0 0 1 0 0 0 0 0 0 0 0 0
"99" 99 0.0 0 2 2 5 20 0 13 0 1 1 1 0 1 444 0 0 9 0 1 0
"100" 100 0.0 0 0 0 0 0 0 16 0 0 0 3 1 0 474 0 0 0 0 0 6
"101" 101 0.077519379845 0 0 273 0 0 0 0 0 0 0 219 8 0 0 0 0 0 0 0 0
"102" 102 0.0103626943005 0 500 0 0 0 0 0 0 0 0 0 0 0 0 0 0 0 0 0 0
"103" 103 0.436781609195 0 21 74 2 32 40 0 0 37 0 100 34 3 24 11 2 27 53 4 36
"104" 104 0.656976744186 0 82 139 54 15 43 0 0 50 0 31 16 0 10 20 0 0 23 2 15
"105" 105 0.288321167883 0 0 0 13 2 3 0 0 0 0 1 199 18 18 243 0 0 1 2 0
"106" 106 0.598540145985 0 41 36 16 26 36 9 0 42 1 40 7 0 19 11 0 9 199 2 6
"107" 107 0.0348258706468 0 6 16 0 0 0 0 0 0 0 66 3 0 11 0 0 0 2 0 396
"108" 108 0.0 0 0 324 0 0 0 0 0 0 0 174 2 0 0 0 0 0 0 0 0
"109" 109 0.508928571429 0 7 2 8 31 141 46 0 8 0 17 2 1 40 137 0 7 33 2 18
"110" 110 0.124352331606 0 20 2 60 27 72 0 0 1 2 31 2 3 52 145 15 0 6 10 52
"111" 111 0.0 0 0 0 0 0 0 0 0 0 1 0 0 3 0 0 0 0 0 490 6
"112" 112 0.355769230769 0 0 0 0 0 0 0 0 0 0 0 500 0 0 0 0 0 0 0 0
"113" 113 0.0172413793103 0 0 0 0 0 0 0 0 12 0 0 0 0 0 0 0 488 0 0 0
"114" 114 0.164179104478 0 0 1 2 10 20 0 0 0 0 0 0 0 420 9 0 0 21 0 17
"115" 115 0.151898734177 0 286 4 82 13 16 3 0 0 0 7 0 10 1 4 5 35 22 0 12
"116" 116 0.71511627907 0 44 24 14 27 86 17 0 50 1 50 14 5 15 23 4 19 92 9 6
"117" 117 0.694300518135 0 82 84 69 25 45 5 5 35 0 29 18 0 22 16 2 5 40 0 18
"118" 118 0.482142857143 0 25 2 76 41 76 2 0 8 2 12 0 5 37 170 0 1 34 3 6
"119" 119 0.173076923077 0 0 0 0 0 0 0 0 0 0 0 500 0 0 0 0 0 0 0 0
"120" 120 0.0507614213198 0 0 4 2 7 19 188 0 30 5 2 1 1 10 14 1 192 14 10 0
"121" 121 0.0 0 0 18 1 0 0 0 0 0 0 480 1 0 0 0 0 0 0 0 0
"122" 122 0.254752851711 0 2 1 3 7 97 0 0 0 61 20 2 5 131 36 5 0 13 64 53
"123" 123 0.0474452554745 0 1 1 83 2 1 3 0 0 15 33 4 25 2 292 0 3 0 6 29
"124" 124 0.0 0 0 0 0 0 0 0 0 0 0 0 500 0 0 0 0 0 0 0 0
"125" 125 0.0199004975124 0 1 15 1 0 0 2 0 3 0 17 0 0 304 0 0 64 1 0 92
"126" 126 0.0 0 0 0 0 0 0 0 0 0 500 0 0 0 0 0 0 0 0 0 0
"127" 127 0.0 0 0 0 0 0 0 467 0 0 0 0 0 0 0 0 0 33 0 0 0
"128" 128 0.00507614213198 0 0 0 0 0 0 444 0 1 0 0 0 0 0 0 0 55 0 0 0
"129" 129 0.0673575129534 0 497 1 2 0 0 0 0 0 0 0 0 0 0 0 0 0 0 0 0
"130" 130 0.173076923077 0 0 1 0 0 0 0 0 0 0 0 499 0 0 0 0 0 0 0 0
"131" 131 0.721518987342 0 47 133 78 25 28 0 0 89 0 5 23 9 20 4 0 0 22 4 13
"132" 132 0.0961538461538 0 0 0 0 0 0 0 0 0 0 0 500 0 0 0 0 0 0 0 0
"133" 133 0.183908045977 0 0 3 30 7 16 104 0 47 14 4 2 5 12 15 0 188 5 24 24
"134" 134 0.0 0 0 0 0 0 0 0 0 0 0 0 0 0 500 0 0 0 0 0 0
"135" 135 0.204379562044 0 0 0 0 23 7 0 0 0 0 0 0 0 0 464 0 0 5 0 1
"136" 136 0.156950672646 0 0 24 8 142 68 0 0 4 16 32 1 34 14 31 4 48 7 33 34
"137" 137 0.258883248731 0 0 1 0 0 0 477 0 0 0 0 0 0 0 0 0 22 0 0 0
"138" 138 0.220930232558 0 309 10 62 9 2 6 0 4 1 2 18 5 9 2 1 13 15 0 32
"139" 139 0.385057471264 0 0 0 0 0 0 336 0 0 0 0 0 0 0 0 0 164 0 0 0
"140" 140 0.205128205128 0 1 3 8 401 45 0 0 1 3 5 0 3 0 6 1 0 8 5 10
"141" 141 0.507772020725 0 47 111 12 7 15 2 170 42 0 27 24 1 17 3 0 6 13 1 2
"142" 142 0.174129353234 0 17 9 8 16 18 45 0 17 0 17 5 2 197 30 0 21 86 1 11
"143" 143 0.591194968553 0 89 39 90 29 34 5 18 33 0 28 21 11 35 4 3 5 38 1 17
"144" 144 0.534482758621 0 1 9 7 31 5 120 0 44 6 3 0 2 15 3 2 223 7 17 5
"145" 145 0.278846153846 0 1 63 0 0 1 0 393 6 0 14 8 5 2 0 0 0 3 1 3
"146" 146 0.116788321168 0 0 25 0 0 0 0 0 56 0 0 0 0 1 417 0 1 0 0 0
"147" 147 0.384105960265 0 16 309 24 13 36 0 0 0 4 8 2 2 33 10 3 0 16 11 13
"148" 148 0.0747126436782 0 1 8 0 0 0 25 0 35 0 26 6 0 0 0 2 392 5 0 0
"149" 149 0.507772020725 0 307 4 29 10 20 3 10 9 0 26 10 0 19 14 0 5 30 0 4
"150" 150 0.357142857143 0 1 0 0 2 0 0 0 0 0 0 0 0 0 0 0 0 497 0 0
"151" 151 0.031007751938 0 0 15 1 0 0 0 0 0 0 475 8 0 0 0 0 0 1 0 0
"152" 152 0.0995024875622 0 0 2 0 5 12 0 0 0 11 11 0 8 355 7 24 0 10 22 33
"153" 153 0.160583941606 0 0 0 0 0 0 0 0 0 0 0 0 0 0 500 0 0 0 0 0
"154" 154 0.0995024875622 0 2 5 6 67 3 1 0 1 1 78 2 0 292 25 8 0 4 3 2
"155" 155 0.0 0 0 0 0 0 0 0 0 12 0 3 0 0 0 0 0 485 0 0 0
"156" 156 0.210762331839 0 0 1 0 75 95 19 0 4 0 40 3 0 11 41 2 14 49 0 146
"157" 157 0.077519379845 0 0 2 0 0 0 0 0 0 0 493 5 0 0 0 0 0 0 0 0
"158" 158 0.192468619247 0 2 1 3 18 0 2 0 0 279 43 5 4 15 0 12 1 14 97 4
"159" 159 0.116591928251 0 1 1 0 294 12 120 0 3 0 18 1 0 7 9 0 1 17 1 15
"160" 160 0.285171102662 0 0 2 0 0 1 0 0 0 60 2 0 1 0 0 9 0 0 425 0
"161" 161 0.18023255814 0 12 92 0 0 0 9 0 242 0 131 9 0 0 0 0 3 1 0 1
"162" 162 0.388601036269 0 21 37 19 38 15 1 0 48 5 134 28 10 26 16 2 0 72 10 18
"163" 163 0.625 0 30 7 24 40 81 71 0 34 0 33 3 2 36 25 1 45 43 1 24
"164" 164 0.468899521531 0 4 4 8 59 138 0 0 35 31 9 0 57 0 15 1 0 23 90 26
"165" 165 0.490384615385 0 1 0 3 0 0 0 0 0 0 0 496 0 0 0 0 0 0 0 0
"166" 166 0.191964285714 0 0 1 2 42 20 0 0 11 0 3 2 1 10 3 0 0 402 0 3
"167" 167 0.373563218391 0 0 3 1 13 26 190 0 18 0 2 0 0 30 43 0 159 13 0 2
"168" 168 0.23417721519 500 0 0 0 0 0 0 0 0 0 0 0 0 0 0 0 0 0 0 0
"169" 169 0.163522012579 0 0 1 0 0 0 0 499 0 0 0 0 0 0 0 0 0 0 0 0
"170" 170 0.821705426357 0 15 19 10 11 31 11 270 39 0 15 2 2 7 2 0 13 49 2 2
"171" 171 0.5 0 0 0 0 0 0 0 0 0 0 0 500 0 0 0 0 0 0 0 0
"172" 172 0.0248226950355 0 0 0 0 0 0 0 0 0 0 0 0 0 0 0 500 0 0 0 0
"173" 173 0.548523206751 0 2 3 7 2 15 4 0 20 41 1 0 12 2 7 277 10 16 80 1
"174" 174 0.465408805031 0 0 2 1 0 0 0 486 1 0 1 0 1 1 2 0 0 4 0 1
"175" 175 0.817307692308 0 0 0 0 0 0 0 0 0 0 0 500 0 0 0 0 0 0 0 0
"176" 176 0.344370860927 0 236 9 3 16 5 0 0 0 0 86 125 0 0 0 0 0 13 0 7
"177" 177 0.300518134715 0 454 4 5 1 0 0 8 2 1 5 0 0 2 1 0 0 10 0 7
"178" 178 0.127906976744 0 8 78 0 0 0 0 0 393 4 5 2 0 0 0 0 8 0 1 1
"179" 179 0.137055837563 0 0 0 0 1 0 457 0 1 0 0 0 0 0 1 0 37 0 0 3
"180" 180 0.308016877637 0 0 8 1 10 81 122 0 17 3 14 0 31 0 21 3 161 13 10 5
"181" 181 0.522012578616 0 1 0 5 0 0 0 492 0 0 0 2 0 0 0 0 0 0 0 0
"182" 182 0.384615384615 0 26 54 20 6 4 0 0 312 0 13 7 1 0 4 0 0 21 0 32
"183" 183 0.626436781609 0 89 13 29 17 40 15 0 69 1 32 28 16 17 14 0 39 67 4 10
"184" 184 0.668393782383 0 58 4 33 17 24 13 0 10 0 11 4 4 9 3 0 21 276 7 6
"185" 185 0.373056994819 0 68 13 56 70 38 0 0 0 4 122 27 3 3 12 1 0 45 4 34
"186" 186 0.0927152317881 0 0 282 0 0 0 0 0 0 0 193 22 0 0 2 0 0 1 0 0
"187" 187 0.510548523207 0 4 22 13 18 330 0 0 1 4 21 1 3 26 34 7 0 5 2 9
"188" 188 0.5 0 53 16 16 36 60 41 0 40 8 27 16 6 21 17 16 38 69 10 10
"189" 189 0.182509505703 0 0 0 0 0 0 0 0 0 182 0 0 1 0 0 3 0 0 314 0
"190" 190 0.401673640167 0 4 3 13 23 57 2 0 15 87 10 2 20 72 11 47 2 33 75 24
"191" 191 0.569536423841 0 20 83 58 38 71 4 0 27 3 23 9 2 75 28 5 1 35 7 11
"192" 192 0.607594936709 0 0 6 2 10 410 0 0 25 0 13 1 1 7 11 0 0 11 0 3
"193" 193 0.377990430622 0 2 0 21 3 7 0 0 14 0 0 0 426 0 6 8 0 6 1 6
"194" 194 0.907692307692 0 16 29 73 22 36 41 0 11 1 29 80 1 62 60 0 15 12 0 12
