"site" "RSA" "aa1" "aa2" "aa3" "aa4" "aa5" "aa6" "aa7" "aa8" "aa9" "aa10" "aa11" "aa12" "aa13" "aa14" "aa15" "aa16" "aa17" "aa18" "aa19" "aa20"
"0" 0 0.279816513761 0 0 0 0 0 0 7 0 0 1 0 0 0 23 0 0 4 0 0 29
"1" 1 0.42194092827 0 0 2 1 3 22 0 0 11 0 0 0 0 0 0 0 0 33 0 0
"2" 2 0.385057471264 0 0 2 4 11 2 9 1 21 0 0 0 0 14 3 0 5 2 0 0
"3" 3 0.511494252874 1 0 0 4 1 5 27 0 3 0 0 0 0 13 0 0 23 2 0 1
"4" 4 0.476793248945 0 1 49 1 3 3 0 0 1 0 11 4 0 0 1 0 0 6 0 0
"5" 5 0.383928571429 2 0 15 1 10 3 0 0 11 0 4 0 2 0 3 0 2 28 0 0
"6" 6 0.317991631799 0 1 3 27 4 0 13 0 5 2 8 0 6 1 1 3 4 2 2 0
"7" 7 0.675496688742 0 0 3 1 3 31 1 0 2 0 21 0 0 0 19 0 1 0 0 0
"8" 8 0.258620689655 22 0 28 0 4 0 3 0 3 0 4 0 0 0 0 0 19 0 0 3
"9" 9 0.481012658228 7 0 0 0 0 0 0 0 0 65 7 0 6 0 0 0 0 0 0 0
"10" 10 0.423076923077 0 9 0 1 1 0 0 0 0 0 0 97 0 0 1 0 0 1 0 0
"11" 11 0.0288461538462 0 0 1 0 0 0 0 0 0 0 0 113 0 0 0 0 0 0 0 0
"12" 12 0.35401459854 0 0 1 0 6 13 2 0 15 6 0 0 1 4 16 32 5 7 5 1
"13" 13 0.0646766169154 0 0 0 8 43 0 1 0 1 1 0 0 27 30 0 0 2 0 0 1
"14" 14 0.0304568527919 0 3 4 1 5 35 3 0 2 3 0 15 3 23 11 0 2 3 2 0
"15" 15 0.177215189873 0 0 0 0 19 23 0 0 0 4 0 0 0 0 36 0 35 0 1 0
"16" 16 0.00497512437811 1 0 0 0 0 0 1 0 0 16 0 0 3 25 0 3 1 0 68 0
"17" 17 0.0728476821192 1 2 39 1 5 20 0 0 15 0 3 1 1 1 26 0 0 5 0 0
"18" 18 0.0239234449761 0 1 0 0 0 0 0 0 0 1 0 0 119 1 0 0 0 0 0 0
"19" 19 0.635897435897 0 15 4 7 19 5 0 4 4 7 14 1 11 0 10 0 2 13 6 0
"20" 20 0.0529801324503 0 0 113 0 0 0 0 0 0 0 9 0 0 0 0 0 0 0 0 0
"21" 21 0.569230769231 0 4 21 6 8 12 4 6 14 0 17 1 0 2 4 0 3 20 0 0
"22" 22 0.0993377483444 1 0 23 0 1 1 1 0 39 0 21 0 0 2 1 0 23 9 0 0
"23" 23 0.0 12 0 0 2 0 0 1 0 36 0 0 0 0 67 0 0 4 0 0 0
"24" 24 0.510548523207 0 6 6 40 7 20 0 0 1 0 3 35 2 0 1 0 0 1 0 0
"25" 25 0.0639534883721 88 0 5 0 0 0 0 0 24 0 0 3 0 1 0 0 1 0 0 0
"26" 26 0.377483443709 0 28 7 4 1 14 0 11 10 0 8 2 0 0 1 0 2 34 0 0
"27" 27 0.00917431192661 0 0 1 0 0 0 0 0 2 0 1 0 0 0 0 0 0 0 0 118
"28" 28 0.405128205128 0 10 1 15 5 10 1 0 34 0 6 0 3 0 26 0 7 4 0 0
"29" 29 0.0 0 0 0 0 0 0 1 0 0 98 1 0 0 6 0 0 16 0 0 0
"30" 30 0.0205128205128 0 0 21 23 0 0 0 0 4 0 54 17 2 0 0 0 1 0 0 0
"31" 31 0.0 0 0 0 0 0 0 49 0 0 0 0 0 0 21 0 0 52 0 0 0
"32" 32 0.0 0 0 0 0 0 0 0 0 0 48 0 0 0 0 0 1 0 0 73 0
"33" 33 0.00497512437811 0 0 0 0 3 0 7 0 1 5 0 0 0 92 0 0 11 0 1 2
"34" 34 0.0 0 0 0 0 0 0 0 122 0 0 0 0 0 0 0 0 0 0 0 0
"35" 35 0.451476793249 0 5 4 1 0 7 0 89 1 0 4 1 0 2 1 0 1 4 0 0
"36" 36 0.33971291866 0 0 0 0 5 2 1 0 0 0 0 0 2 0 0 0 0 0 0 0
"37" 37 0.190114068441 0 0 0 0 0 0 0 0 0 1 0 0 0 0 0 0 0 0 6 0
"38" 38 0.311787072243 0 0 0 1 0 0 0 0 0 1 0 0 0 0 0 0 0 0 5 0
"39" 39 0.302325581395 0 0 5 8 56 12 0 0 1 1 11 2 7 1 2 0 1 7 0 0
"40" 40 0.596412556054 0 3 0 1 3 2 2 3 3 0 56 0 0 1 1 0 2 0 0 0
"41" 41 0.730569948187 1 2 3 0 0 3 2 0 1 1 1 0 0 3 0 0 2 2 0 0
"42" 42 0.502092050209 0 0 1 2 3 1 1 0 2 2 3 2 0 0 0 0 0 2 0 0
"43" 43 0.899371069182 0 7 27 1 1 5 0 4 3 0 34 1 0 2 1 0 2 14 0 0
"44" 44 0.649635036496 0 5 13 8 13 10 0 8 5 1 17 2 0 2 7 0 1 23 0 1
"45" 45 0.138461538462 0 13 24 7 4 7 0 3 9 0 7 29 3 0 1 0 0 9 0 0
"46" 46 0.53164556962 0 2 8 6 13 18 0 0 5 0 10 22 6 0 5 0 1 15 0 0
"47" 47 0.21897810219 0 0 6 0 1 60 1 31 2 0 3 0 0 1 11 0 0 3 0 0
"48" 48 0.0710659898477 7 0 1 0 0 0 10 1 2 5 3 0 0 24 0 0 69 0 0 0
"49" 49 0.0062893081761 0 0 0 0 0 0 0 122 0 0 0 0 0 0 0 0 0 0 0 0
"50" 50 0.0 0 0 3 0 0 0 1 1 7 0 9 0 0 9 0 0 91 0 1 0
"51" 51 0.0 0 0 0 0 0 0 6 0 0 1 0 0 0 99 0 0 14 0 0 2
"52" 52 0.0 0 0 0 0 0 0 7 0 2 9 0 0 0 6 0 15 4 0 78 1
"53" 53 0.0 0 0 0 0 0 0 0 0 0 10 0 0 0 0 0 63 1 0 48 0
"54" 54 0.0 0 0 0 0 0 0 0 0 0 0 0 0 0 122 0 0 0 0 0 0
"55" 55 0.0 0 0 119 0 0 0 0 0 0 0 3 0 0 0 0 0 0 0 0 0
"56" 56 0.0288461538462 0 0 0 0 0 0 0 0 0 0 0 122 0 0 0 0 0 0 0 0
"57" 57 0.089552238806 0 0 0 0 0 0 0 0 0 1 0 0 0 121 0 0 0 0 0 0
"58" 58 0.470930232558 0 0 1 0 0 0 0 0 121 0 0 0 0 0 0 0 0 0 0 0
"59" 59 0.0822784810127 122 0 0 0 0 0 0 0 0 0 0 0 0 0 0 0 0 0 0 0
"60" 60 0.273255813953 0 1 5 10 0 0 0 0 106 0 0 0 0 0 0 0 0 0 0 0
"61" 61 0.0062893081761 0 58 0 0 0 0 0 15 0 0 4 3 17 0 0 3 0 22 0 0
"62" 62 0.222797927461 0 11 1 6 23 1 0 0 0 0 12 0 0 0 0 0 0 68 0 0
"63" 63 0.215384615385 0 0 0 121 0 0 0 0 1 0 0 0 0 0 0 0 0 0 0 0
"64" 64 0.0 8 0 0 0 0 0 0 0 0 75 21 2 0 0 0 0 15 0 0 1
"65" 65 0.0596026490066 0 0 22 0 0 0 20 0 12 0 6 0 0 1 0 0 11 0 0 50
"66" 66 0.611607142857 0 2 2 2 36 0 5 0 29 1 3 0 3 0 0 0 5 34 0 0
"67" 67 0.396624472574 0 0 0 0 0 122 0 0 0 0 0 0 0 0 0 0 0 0 0 0
"68" 68 0.0 0 0 22 0 0 0 0 0 0 0 78 22 0 0 0 0 0 0 0 0
"69" 69 0.493723849372 2 0 1 0 0 0 0 0 0 23 2 87 0 0 0 0 0 7 0 0
"70" 70 0.0 1 0 2 0 0 0 1 0 0 21 73 0 0 6 0 7 3 1 6 1
"71" 71 0.0717488789238 0 0 0 0 90 0 0 0 0 11 1 0 7 2 7 0 0 0 1 3
"72" 72 0.564853556485 1 0 1 1 11 11 2 2 1 3 11 2 8 1 60 0 0 3 4 0
"73" 73 0.0582959641256 0 0 0 0 7 5 7 0 1 8 21 7 6 14 2 7 11 0 19 7
"74" 74 0.0 7 0 0 0 0 0 0 0 0 0 114 1 0 0 0 0 0 0 0 0
"75" 75 0.0621761658031 0 6 23 1 0 0 0 0 2 0 87 1 0 0 1 0 0 1 0 0
"76" 76 0.535864978903 0 0 2 0 8 29 0 0 2 0 5 0 0 0 5 0 0 70 0 1
"77" 77 0.125475285171 0 0 0 2 7 3 0 0 0 1 0 0 31 47 4 0 0 4 21 1
"78" 78 0.0384615384615 0 0 2 2 0 3 0 0 0 0 0 113 0 0 1 0 0 0 0 0
"79" 79 0.0 0 0 0 0 0 0 57 0 0 12 0 0 0 30 0 0 16 0 0 7
"80" 80 0.0 0 0 0 0 0 0 21 0 0 0 88 0 0 0 0 0 6 0 0 7
"81" 81 0.0 0 0 0 0 0 0 56 0 0 5 0 0 0 34 0 0 23 0 0 4
"82" 82 0.0 0 0 0 0 0 0 14 0 0 0 0 0 0 8 0 0 100 0 0 0
"83" 83 0.0 11 0 0 1 0 0 4 0 1 20 63 0 2 1 0 0 3 0 11 5
"84" 84 0.0 0 0 0 0 0 0 0 119 0 0 0 0 0 0 0 0 0 0 0 3
"85" 85 0.020725388601 0 122 0 0 0 0 0 0 0 0 0 0 0 0 0 0 0 0 0 0
"86" 86 0.0 0 0 0 0 0 0 0 0 122 0 0 0 0 0 0 0 0 0 0 0
"87" 87 0.0 0 0 122 0 0 0 0 0 0 0 0 0 0 0 0 0 0 0 0 0
"88" 88 0.0 0 0 0 0 0 0 0 121 0 0 1 0 0 0 0 0 0 0 0 0
"89" 89 0.259124087591 0 0 0 0 0 0 0 0 0 0 0 0 0 0 121 0 0 0 0 0
"90" 90 0.240384615385 0 2 0 2 0 0 0 0 0 0 0 115 0 0 0 0 0 1 0 0
"91" 91 0.891191709845 8 24 3 2 1 1 0 4 6 1 9 2 1 19 0 0 5 34 0 1
"92" 92 0.522321428571 0 34 2 29 3 3 0 0 1 0 4 37 1 0 0 0 0 7 0 0
"93" 93 0.0459770114943 0 0 0 0 0 0 31 0 1 0 2 0 0 6 0 0 77 0 4 0
"94" 94 0.209302325581 0 4 1 0 3 3 0 40 1 0 47 0 0 0 0 0 0 22 0 0
"95" 95 0.384615384615 0 54 0 8 0 1 0 0 2 0 0 55 0 0 1 0 0 0 0 0
"96" 96 0.0518134715026 1 64 0 1 0 0 0 0 0 0 7 0 1 0 0 0 0 45 0 0
"97" 97 0.685534591195 0 19 7 3 0 0 1 30 1 0 13 0 4 0 0 0 0 23 0 0
"98" 98 0.71875 0 51 0 5 0 1 0 0 1 0 1 0 1 0 0 0 0 29 0 0
"99" 99 0.625 0 15 0 2 2 1 0 1 1 0 1 26 1 0 0 0 0 4 0 0
"100" 100 0.238410596026 0 6 52 4 0 0 0 0 1 0 43 11 0 0 1 0 0 3 0 0
"101" 101 0.521276595745 0 0 0 0 0 0 0 0 0 0 0 0 0 0 0 57 0 0 64 0
"102" 102 0.129533678756 0 116 0 0 5 0 0 0 0 0 0 0 0 0 0 0 0 0 0 0
"103" 103 0.0251046025105 0 0 0 0 0 0 2 0 1 77 0 0 0 38 0 0 1 0 0 2
"104" 104 0.0 0 0 0 0 0 0 0 0 0 0 1 119 0 1 0 0 0 0 0 0
"105" 105 0.188340807175 1 0 13 0 24 20 1 0 22 0 1 0 2 27 0 0 7 3 0 0
"106" 106 0.0 0 0 5 0 0 0 0 0 0 0 2 115 0 0 0 0 0 0 0 0
"107" 107 0.0 0 0 0 0 0 0 0 0 0 0 121 1 0 0 0 0 0 0 0 0
"108" 108 0.00961538461538 0 0 1 0 1 0 0 0 0 0 0 120 0 0 0 0 0 0 0 0
"109" 109 0.00418410041841 0 0 0 0 0 0 0 0 0 120 0 0 0 0 0 0 1 0 1 0
"110" 110 0.0114068441065 0 0 1 0 0 0 0 0 0 1 0 0 0 0 0 0 0 0 120 0
"111" 111 0.00995024875622 0 0 0 0 0 0 6 0 0 0 0 0 0 43 0 0 72 0 0 1
"112" 112 0.128205128205 0 32 1 88 0 0 0 0 1 0 0 0 0 0 0 0 0 0 0 0
"113" 113 0.0232558139535 0 0 1 0 0 0 0 0 0 0 120 0 0 0 0 0 0 0 0 1
"114" 114 0.529069767442 0 0 3 0 0 1 1 0 115 0 0 0 0 1 0 0 0 1 0 0
"115" 115 0.32735426009 0 0 0 4 67 9 0 1 2 0 2 0 0 1 1 0 6 28 0 1
"116" 116 0.6875 0 12 5 1 10 3 0 6 2 0 36 2 1 0 1 0 0 43 0 0
"117" 117 0.490566037736 0 0 0 1 0 16 0 105 0 0 0 0 0 0 0 0 0 0 0 0
"118" 118 0.0950570342205 0 0 0 0 0 0 0 0 0 8 0 0 1 0 0 99 0 0 14 0
"119" 119 0.15503875969 0 6 26 20 3 18 0 0 2 0 40 0 0 0 6 0 1 0 0 0
"120" 120 0.533632286996 0 2 3 3 17 33 0 10 14 0 9 1 0 1 15 0 0 6 0 0
"121" 121 0.0430622009569 0 0 0 35 0 1 0 0 2 0 0 8 75 0 0 0 0 0 1 0
"122" 122 0.00380228136882 0 0 0 0 0 0 0 0 0 9 0 0 1 0 0 8 0 0 104 0
"123" 123 0.206278026906 0 0 1 14 27 12 0 0 0 1 0 0 13 1 52 0 0 0 0 1
"124" 124 0.0 0 0 0 0 0 0 0 0 1 0 0 0 0 0 0 0 0 0 0 121
"125" 125 0.125475285171 0 2 1 0 0 0 0 0 0 4 1 0 6 0 3 7 0 5 93 0
"126" 126 0.295336787565 0 75 34 2 1 0 0 1 7 0 0 0 0 0 0 0 0 2 0 0
"127" 127 0.0 0 0 0 0 0 0 0 0 0 0 0 0 0 1 0 0 0 0 121 0
"128" 128 0.0 0 0 0 0 0 0 52 0 0 0 0 0 0 2 0 0 68 0 0 0
"129" 129 0.0430622009569 0 0 2 0 0 0 0 0 36 0 5 0 11 7 2 0 56 3 0 0
"130" 130 0.447257383966 0 20 2 13 8 34 0 0 4 0 0 3 5 0 4 0 0 29 0 0
"131" 131 0.138392857143 0 4 0 0 0 0 0 0 0 0 0 0 0 0 0 0 0 118 0 0
"132" 132 0.0 0 0 0 0 0 0 0 0 0 0 0 0 0 122 0 0 0 0 0 0
"133" 133 0.0 0 0 0 0 3 0 0 109 0 1 0 0 0 7 1 0 1 0 0 0
"134" 134 0.547085201794 0 8 14 1 9 19 0 1 2 0 42 2 2 0 3 0 3 16 0 0
"135" 135 0.209302325581 1 0 2 1 0 2 7 0 6 0 3 0 0 80 0 0 14 6 0 0
"136" 136 0.0 0 0 0 0 0 0 53 0 0 0 1 0 0 37 0 0 29 0 0 2
"137" 137 0.274611398964 0 3 12 10 3 2 0 0 1 9 21 6 0 1 3 1 2 45 0 1
"138" 138 0.602649006623 0 3 22 4 6 10 0 3 1 0 43 3 2 1 2 0 0 20 0 0
"139" 139 0.363636363636 0 0 10 33 10 1 1 0 2 4 7 0 29 2 1 0 2 15 1 3
"140" 140 0.167364016736 0 0 0 0 1 0 0 0 0 100 2 1 1 11 0 0 2 0 3 0
"141" 141 0.512820512821 0 1 8 4 0 5 1 78 0 0 11 2 1 0 0 0 0 2 0 0
"142" 142 0.392405063291 1 1 2 0 13 7 1 8 0 0 2 1 0 1 0 0 0 5 1 0
"143" 143 0.0248756218905 1 0 0 0 0 0 17 0 2 1 11 0 0 35 0 0 52 0 0 1
"144" 144 0.0673575129534 0 64 19 12 3 0 0 0 19 0 0 1 0 1 1 0 0 1 0 0
"145" 145 0.0 0 21 13 2 4 3 1 12 11 14 6 6 0 8 0 0 1 7 0 8
"146" 146 0.318407960199 0 0 0 0 0 0 0 0 0 1 1 0 0 5 0 0 0 2 0 0
"147" 147 0.518134715026 0 20 16 2 11 19 0 0 6 0 8 5 0 1 9 0 7 15 0 0
"148" 148 0.112820512821 0 1 0 11 3 21 1 1 1 0 2 1 1 0 75 0 0 1 1 0
"149" 149 0.0 1 0 1 0 21 2 12 0 0 0 12 0 0 1 0 1 19 0 0 3
"150" 150 0.0 0 0 69 0 0 0 0 0 0 0 25 27 0 0 0 0 1 0 0 0
"151" 151 0.0 0 0 0 0 0 0 116 0 0 0 0 0 0 2 0 0 4 0 0 0
"152" 152 0.0 3 0 42 0 0 0 0 0 33 26 11 0 0 1 0 0 0 0 0 6
"153" 153 0.0 0 0 0 0 0 0 0 0 0 0 0 122 0 0 0 0 0 0 0 0
"154" 154 0.0430622009569 0 0 0 0 0 0 0 0 0 0 0 0 122 0 0 0 0 0 0 0
"155" 155 0.0264900662252 0 0 122 0 0 0 0 0 0 0 0 0 0 0 0 0 0 0 0 0
"156" 156 0.0 0 0 0 0 0 0 0 0 0 0 0 0 0 0 0 0 0 0 0 122
"157" 157 0.0 0 0 0 0 0 0 0 0 0 0 0 122 0 0 0 0 0 0 0 0
"158" 158 0.0 0 0 0 0 0 0 0 0 0 0 0 122 0 0 0 0 0 0 0 0
"159" 159 0.00380228136882 0 0 0 0 0 0 0 0 0 6 0 0 108 1 0 0 0 0 4 3
"160" 160 0.0192307692308 0 0 0 0 0 0 0 0 0 0 0 122 0 0 0 0 0 0 0 0
"161" 161 0.0 0 0 0 0 0 0 0 0 0 0 122 0 0 0 0 0 0 0 0 0
"162" 162 0.010152284264 0 0 0 0 0 0 8 0 0 0 0 0 0 113 0 0 0 0 0 1
"163" 163 0.0189873417722 2 0 9 1 3 0 16 0 61 0 0 0 0 0 0 0 22 0 0 8
"164" 164 0.00961538461538 23 0 0 0 0 0 52 0 0 1 2 11 0 27 0 0 4 0 0 2
"165" 165 0.0152091254753 0 0 1 1 0 0 0 0 0 14 59 27 1 0 0 0 0 0 19 0
"166" 166 0.00995024875622 0 0 0 0 0 0 2 0 0 5 0 0 0 104 0 0 1 0 0 10
"167" 167 0.291139240506 0 0 3 3 0 70 0 0 2 0 0 1 0 2 41 0 0 0 0 0
"168" 168 0.125 1 0 0 100 3 0 0 0 1 0 0 2 6 6 1 0 0 0 0 0
"169" 169 0.041825095057 0 0 5 0 2 0 1 93 4 0 3 0 0 4 2 0 1 1 4 0
"170" 170 0.794701986755 0 1 3 0 0 0 0 0 0 0 0 0 0 0 1 0 0 0 0 0
"171" 171 0.567307692308 0 1 0 1 0 1 0 0 0 0 0 2 0 0 0 0 0 0 0 0
"172" 172 0.518987341772 0 23 5 8 5 5 0 0 1 0 4 54 2 0 2 0 0 13 0 0
"173" 173 0.189781021898 1 0 1 0 8 28 1 1 1 1 8 0 1 10 50 0 0 1 2 8
"174" 174 0.0380228136882 0 0 0 0 0 0 0 0 0 33 0 0 0 0 0 0 0 0 89 0
"175" 175 0.447257383966 1 0 9 0 14 45 0 0 4 0 8 1 1 4 32 0 3 0 0 0
"176" 176 0.00662251655629 1 0 114 0 0 0 0 0 2 0 5 0 0 0 0 0 0 0 0 0
"177" 177 0.0 11 0 0 0 0 0 22 0 0 0 6 0 0 3 0 0 79 0 0 1
"178" 178 0.0 0 0 118 0 0 0 0 0 4 0 0 0 0 0 0 0 0 0 0 0
"179" 179 0.0 0 0 0 0 0 0 0 0 0 0 122 0 0 0 0 0 0 0 0 0
"180" 180 0.0 0 0 0 0 0 0 0 0 0 119 0 0 0 1 0 2 0 0 0 0
"181" 181 0.0 0 0 47 0 0 0 0 0 0 0 75 0 0 0 0 0 0 0 0 0
"182" 182 0.0 0 0 0 0 0 0 0 121 0 0 1 0 0 0 0 0 0 0 0 0
"183" 183 0.0 0 0 0 0 0 0 119 0 0 0 0 0 0 0 0 0 3 0 0 0
"184" 184 0.00574712643678 32 0 25 1 0 0 0 0 9 0 21 0 0 0 0 0 34 0 0 0
"185" 185 0.0820512820513 0 0 9 87 2 0 0 0 2 0 14 0 8 0 0 0 0 0 0 0
"186" 186 0.0062893081761 0 0 0 0 0 0 0 122 0 0 0 0 0 0 0 0 0 0 0 0
"187" 187 0.0993377483444 1 0 36 0 0 1 28 0 21 0 4 0 0 5 0 0 8 0 0 18
"188" 188 0.564102564103 0 10 4 37 29 4 1 0 7 0 8 1 2 2 8 0 5 4 0 0
"189" 189 0.00574712643678 80 0 12 0 0 0 0 0 2 0 4 0 0 0 0 0 24 0 0 0
"190" 190 0.389937106918 0 8 0 0 2 1 0 105 0 0 4 2 0 0 0 0 0 0 0 0
"191" 191 0.0602836879433 0 0 0 0 0 0 0 0 0 0 0 0 0 0 0 121 1 0 0 0
"192" 192 0.0 0 0 3 0 0 0 0 0 0 0 1 118 0 0 0 0 0 0 0 0
"193" 193 0.313901345291 0 3 1 0 49 19 5 0 1 0 0 0 3 0 6 0 5 30 0 0
"194" 194 0.26582278481 0 0 0 1 0 117 0 2 0 0 0 0 0 0 1 0 0 0 1 0
"195" 195 0.0 1 0 0 3 7 0 1 0 0 0 108 0 0 0 0 0 2 0 0 0
"196" 196 0.00418410041841 0 0 0 0 0 0 0 0 0 98 0 0 0 24 0 0 0 0 0 0
"197" 197 0.544303797468 0 0 37 6 1 13 0 0 36 0 5 18 0 1 3 0 0 2 0 0
"198" 198 0.201923076923 0 0 0 20 4 2 0 0 2 0 28 46 5 2 11 0 0 1 0 1
"199" 199 0.0 0 0 0 0 0 0 0 0 0 0 0 0 0 0 0 0 0 0 122 0
"200" 200 0.0746268656716 0 0 0 0 0 0 0 0 0 7 0 0 0 115 0 0 0 0 0 0
"201" 201 0.346153846154 0 1 2 1 0 0 0 0 0 0 0 117 0 0 0 0 0 1 0 0
"202" 202 0.803571428571 0 32 16 3 3 13 0 2 4 0 12 1 0 0 5 0 0 30 0 1
"203" 203 0.152482269504 0 0 0 0 0 0 0 0 0 0 1 2 0 0 0 117 1 0 0 1
"204" 204 0.544642857143 0 3 2 3 5 31 0 0 3 0 16 2 2 10 14 1 2 24 3 1
"205" 205 0.410852713178 0 8 5 5 19 13 1 2 0 0 24 2 3 0 2 0 0 37 1 0
"206" 206 0.110266159696 0 0 0 0 0 0 0 0 0 0 0 0 24 0 0 14 0 0 84 0
"207" 207 0.0 0 122 0 0 0 0 0 0 0 0 0 0 0 0 0 0 0 0 0 0
"208" 208 0.0 0 0 20 0 0 0 0 14 2 0 86 0 0 0 0 0 0 0 0 0
"209" 209 0.0696202531646 33 0 26 0 0 0 1 0 50 1 2 0 0 0 0 0 9 0 0 0
"210" 210 0.293532338308 8 0 3 1 2 2 0 0 1 0 19 0 7 18 0 0 5 51 3 2
"211" 211 0.124378109453 0 0 0 0 0 0 2 0 0 0 0 0 0 118 0 0 1 0 0 1
"212" 212 0.00507614213198 0 0 0 0 0 0 52 0 0 0 1 0 0 22 0 0 30 0 0 17
"213" 213 0.42194092827 0 2 7 1 6 51 0 3 1 0 15 5 1 2 16 0 1 11 0 0
"214" 214 0.738461538462 2 11 15 10 21 19 0 0 8 0 5 7 4 1 4 0 1 12 0 0
"215" 215 0.182741116751 2 0 1 1 2 0 3 2 1 10 1 1 0 0 9 11 4 0 20 0
"216" 216 0.777372262774 1 13 15 8 10 18 0 5 7 3 4 5 5 2 9 0 1 8 0 1
"217" 217 0.143540669856 1 7 11 9 7 6 1 4 5 1 3 17 9 1 1 0 0 20 0 0
"218" 218 0.402298850575 1 4 1 0 2 8 0 3 4 6 8 15 3 2 14 0 4 3 1 0
"219" 219 0.576923076923 0 6 2 6 0 1 5 20 0 0 0 5 1 31 4 0 12 1 0 0
"220" 220 0.699481865285 0 4 6 2 5 5 0 45 2 4 2 2 1 6 1 0 0 3 0 1
"221" 221 0.238341968912 0 8 1 3 1 2 20 10 5 1 13 8 0 14 3 0 2 1 0 9
"222" 222 0.310218978102 0 14 4 0 1 7 0 8 8 0 2 3 2 1 7 0 0 3 0 2
"223" 223 0.010152284264 0 0 0 0 0 0 50 0 0 3 6 0 0 6 0 0 7 0 0 1
"224" 224 0.0248756218905 0 0 0 0 0 1 0 0 0 4 0 0 0 114 3 0 0 0 0 0
"225" 225 0.00507614213198 0 0 0 0 0 0 66 0 1 0 0 0 0 0 0 0 55 0 0 0
"226" 226 0.0143540669856 0 107 1 0 0 0 0 0 0 0 0 0 12 0 0 0 0 2 0 0
"227" 227 0.00574712643678 1 0 1 0 96 0 0 0 6 0 0 0 1 0 0 0 17 0 0 0
"228" 228 0.0 0 0 0 0 0 0 0 0 0 0 0 122 0 0 0 0 0 0 0 0
"229" 229 0.295336787565 0 23 13 0 0 7 0 0 36 0 6 3 0 13 1 0 1 19 0 0
"230" 230 0.41059602649 0 12 12 13 2 4 0 0 0 0 58 11 2 0 4 0 0 4 0 0
"231" 231 0.0310880829016 0 122 0 0 0 0 0 0 0 0 0 0 0 0 0 0 0 0 0 0
"232" 232 0.566037735849 0 13 11 36 17 8 0 13 2 0 2 14 0 0 0 0 0 6 0 0
"233" 233 0.255230125523 0 0 0 0 0 0 0 0 0 122 0 0 0 0 0 0 0 0 0 0
"234" 234 0.0746268656716 0 0 0 0 0 0 1 0 0 1 0 0 0 90 0 0 0 0 28 2
"235" 235 0.75 0 8 4 2 8 14 2 6 10 0 17 0 5 0 0 0 5 30 2 0
"236" 236 0.482142857143 0 15 6 5 16 9 0 1 4 0 7 3 4 0 3 0 1 48 0 0
"237" 237 0.0430622009569 0 2 0 2 101 0 0 0 0 0 0 3 4 6 0 0 0 4 0 0
"238" 238 0.0 0 0 0 0 0 1 0 0 0 0 0 0 0 121 0 0 0 0 0 0
"239" 239 0.291139240506 0 0 0 2 14 53 0 0 0 0 0 0 3 30 17 0 0 1 0 2
"240" 240 0.0062893081761 0 0 0 0 0 0 1 111 9 0 1 0 0 0 0 0 0 0 0 0
"241" 241 0.379464285714 0 14 2 0 8 3 0 1 0 0 1 3 9 0 1 2 1 77 0 0
"242" 242 0.203980099502 0 2 3 29 1 7 4 1 8 0 26 0 1 25 5 0 8 1 1 0
"243" 243 0.0149253731343 0 0 0 0 0 0 2 0 0 41 0 0 0 78 0 0 0 0 0 1
"244" 244 0.388059701493 0 0 2 0 10 4 12 0 1 1 18 0 0 10 7 0 22 31 1 1
"245" 245 0.526785714286 0 6 5 0 12 15 0 0 5 0 33 0 2 2 4 0 3 35 0 0
"246" 246 0.062015503876 0 0 3 0 0 1 3 1 0 0 103 0 0 1 0 0 10 0 0 0
"247" 247 0.0172413793103 44 0 4 0 0 1 2 0 1 1 57 3 0 1 0 0 4 0 0 3
"248" 248 0.544303797468 0 6 5 5 10 47 0 1 7 0 11 0 0 1 9 0 0 19 0 0
"249" 249 0.798449612403 0 5 6 6 10 15 3 0 4 0 25 5 1 1 1 0 5 30 0 1
"250" 250 0.191860465116 1 1 15 11 1 10 2 0 11 1 39 2 5 1 7 0 10 2 0 1
"251" 251 0.350993377483 0 7 4 20 1 7 0 1 2 1 2 56 5 0 10 0 0 5 0 0
"252" 252 0.0 0 0 0 3 0 0 1 0 0 2 0 0 0 2 0 6 6 0 5 0
"253" 253 0.340807174888 1 3 4 0 15 6 12 0 3 3 5 3 13 0 2 1 12 4 23 2
"254" 254 0.632124352332 0 10 4 7 5 5 0 58 0 0 5 13 3 0 1 0 0 8 0 0
"255" 255 0.247148288973 0 0 0 4 0 6 0 0 0 0 0 11 0 0 0 0 0 1 2 0
"256" 256 0.051724137931 2 0 0 0 0 0 18 1 1 0 7 6 0 51 0 0 34 0 0 2
"257" 257 0.236607142857 0 14 5 10 4 2 2 0 43 0 2 0 1 6 1 0 14 18 0 0
"258" 258 0.233502538071 0 0 0 0 0 0 16 0 0 9 0 0 0 71 0 0 15 0 6 5
"259" 259 0.299578059072 1 1 0 18 0 3 0 0 0 0 0 0 3 0 93 0 0 1 2 0
"260" 260 0.409282700422 0 0 2 0 0 6 8 0 0 3 0 0 1 35 6 0 2 0 13 46
"261" 261 0.166666666667 0 0 0 0 79 0 0 0 0 0 1 0 19 0 12 0 10 1 0 0
"262" 262 0.751196172249 0 20 1 2 4 1 0 46 1 0 6 1 2 0 2 0 1 35 0 0
"263" 263 0.413461538462 0 7 0 1 0 0 0 0 0 0 0 111 0 0 0 0 0 3 0 0
"264" 264 0.251046025105 0 0 0 0 0 0 0 0 0 10 0 0 0 0 0 0 0 0 112 0
"265" 265 0.424870466321 0 117 1 2 0 0 0 0 0 0 0 2 0 0 0 0 0 0 0 0
"266" 266 0.124401913876 0 0 0 0 0 0 0 0 0 0 0 0 122 0 0 0 0 0 0 0
"267" 267 0.251655629139 0 1 118 1 0 0 0 0 0 0 0 1 0 1 0 0 0 0 0 0
"268" 268 0.0760456273764 0 0 0 0 0 0 0 0 0 1 0 0 0 0 0 0 0 0 121 0
"269" 269 0.726235741445 0 0 0 0 0 0 0 0 0 48 0 0 0 1 0 1 0 0 72 0
"270" 270 0.00418410041841 1 0 0 0 0 0 0 0 4 116 0 0 0 0 0 0 0 0 1 0
"271" 271 0.0 0 0 0 0 0 0 99 0 0 0 0 0 0 0 0 0 14 0 0 9
"272" 272 0.0728476821192 0 0 54 0 1 0 0 0 2 1 63 0 0 0 0 0 0 1 0 0
"273" 273 0.395348837209 0 0 69 0 0 0 0 0 53 0 0 0 0 0 0 0 0 0 0 0
"274" 274 0.125523012552 0 0 0 0 0 0 0 0 0 121 0 0 0 0 0 0 0 0 0 1
"275" 275 0.00574712643678 0 0 4 0 0 0 66 0 1 0 7 4 0 0 0 0 15 0 0 25
"276" 276 0.333333333333 0 32 1 3 1 1 0 8 1 0 7 16 0 0 2 0 0 50 0 0
"277" 277 0.325892857143 0 76 1 2 2 4 0 0 1 0 2 0 1 0 0 0 0 32 0 1
"278" 278 0.0 0 0 0 0 2 0 0 0 0 0 0 0 120 0 0 0 0 0 0 0
"279" 279 0.0 0 0 0 0 0 0 41 0 0 3 12 0 0 46 0 0 19 0 0 1
"280" 280 0.428571428571 0 4 3 6 3 18 0 0 0 0 29 0 0 0 36 0 0 22 1 0
"281" 281 0.10460251046 0 0 0 0 0 0 1 0 0 55 0 0 50 0 0 11 0 0 5 0
"282" 282 0.0 0 0 0 0 0 0 0 0 0 0 11 0 110 1 0 0 0 0 0 0
"283" 283 0.0 0 0 7 0 1 0 0 0 1 0 108 1 1 0 0 0 1 0 0 1
"284" 284 0.503649635036 0 4 2 1 11 47 0 0 3 0 11 3 2 0 12 0 2 21 1 0
"285" 285 0.292307692308 0 0 1 4 1 1 3 0 0 6 35 1 25 0 11 1 1 0 29 0
"286" 286 0.0398009950249 0 0 0 0 0 0 0 0 0 5 0 0 0 110 0 0 0 0 0 3
"287" 287 0.596153846154 0 0 2 6 0 1 0 0 0 0 3 31 0 0 1 0 0 1 0 0
"288" 288 0.238805970149 0 0 1 0 0 1 0 0 0 0 0 0 0 26 0 0 3 0 0 1
"289" 289 0.609137055838 0 0 0 0 0 0 6 0 0 0 0 0 0 5 0 0 2 0 0 0
