"site" "RSA" "aa1" "aa2" "aa3" "aa4" "aa5" "aa6" "aa7" "aa8" "aa9" "aa10" "aa11" "aa12" "aa13" "aa14" "aa15" "aa16" "aa17" "aa18" "aa19" "aa20"
"0" 0 0.646788990826 0 6 37 5 91 16 43 25 23 10 37 25 6 2 3 69 35 26 35 6
"1" 1 0.515695067265 0 5 5 1 186 3 102 0 81 0 3 0 0 3 2 2 96 7 0 4
"2" 2 0.53488372093 0 0 1 0 43 90 50 0 33 2 9 0 0 0 71 0 130 55 0 16
"3" 3 0.0203045685279 0 0 0 0 0 0 491 0 0 0 0 0 0 0 0 0 9 0 0 0
"4" 4 0.130801687764 0 2 0 12 24 119 105 0 7 7 1 0 7 2 102 2 64 0 30 16
"5" 5 0.0 500 0 0 0 0 0 0 0 0 0 0 0 0 0 0 0 0 0 0 0
"6" 6 0.0 0 0 1 0 0 0 1 0 15 0 0 0 0 0 0 0 483 0 0 0
"7" 7 0.0 0 0 0 0 0 0 204 0 3 0 1 0 0 0 0 0 287 0 0 5
"8" 8 0.0 0 0 0 0 0 0 0 0 5 0 1 0 0 0 0 0 494 0 0 0
"9" 9 0.0 0 0 0 0 0 0 0 0 0 0 0 500 0 0 0 0 0 0 0 0
"10" 10 0.129533678756 0 473 0 0 0 0 0 27 0 0 0 0 0 0 0 0 0 0 0 0
"11" 11 0.317307692308 0 7 8 2 2 4 0 417 3 0 8 2 1 5 3 0 1 36 0 1
"12" 12 0.643410852713 0 12 0 61 1 3 0 0 0 0 1 411 9 1 0 0 0 0 1 0
"13" 13 0.0114942528736 0 24 57 0 0 0 0 0 286 0 54 2 0 0 0 0 77 0 0 0
"14" 14 0.221153846154 0 0 0 0 0 0 0 0 0 0 0 500 0 0 0 0 0 0 0 0
"15" 15 0.0632911392405 0 0 0 0 1 7 420 0 0 0 5 1 0 0 0 0 46 0 0 20
"16" 16 0.122093023256 0 3 3 29 1 0 62 0 80 0 23 40 3 0 0 0 203 2 0 51
"17" 17 0.0886075949367 500 0 0 0 0 0 0 0 0 0 0 0 0 0 0 0 0 0 0 0
"18" 18 0.00497512437811 0 18 33 12 19 0 1 0 4 0 321 12 0 6 0 0 16 9 0 49
"19" 19 0.0 0 0 0 0 0 0 0 0 0 0 1 0 0 499 0 0 0 0 0 0
"20" 20 0.10152284264 0 0 0 0 0 0 405 0 6 3 3 0 4 0 1 0 71 0 4 3
"21" 21 0.00662251655629 0 0 232 0 0 0 0 0 0 0 260 8 0 0 0 0 0 0 0 0
"22" 22 0.155893536122 0 0 0 0 0 0 0 0 0 302 0 0 1 0 0 1 0 0 196 0
"23" 23 0.232558139535 0 0 22 0 0 0 0 0 376 0 18 0 0 0 0 0 84 0 0 0
"24" 24 0.482558139535 0 12 4 24 78 66 0 0 18 42 6 4 74 2 2 0 0 22 122 24
"25" 25 0.615384615385 0 10 3 139 16 30 0 0 0 0 1 269 7 3 20 0 0 2 0 0
"26" 26 0.387596899225 0 0 95 2 37 41 30 0 69 2 14 1 4 10 31 2 53 70 14 25
"27" 27 0.334728033473 0 0 0 0 0 0 0 0 0 91 0 0 3 0 0 0 0 0 406 0
"28" 28 0.138364779874 0 0 0 0 0 0 0 499 0 0 1 0 0 0 0 0 0 0 0 0
"29" 29 0.644230769231 0 1 1 0 2 0 0 0 0 0 1 481 1 0 8 0 0 5 0 0
"30" 30 0.580357142857 0 78 4 91 44 40 30 0 36 2 8 7 1 42 15 1 43 38 4 16
"31" 31 0.285171102662 0 0 15 2 11 14 7 0 24 91 3 1 6 11 23 20 23 18 226 5
"32" 32 0.472081218274 0 0 1 1 0 0 150 0 32 0 0 0 0 3 6 0 276 26 0 5
"33" 33 0.301886792453 0 0 0 0 0 0 0 500 0 0 0 0 0 0 0 0 0 0 0 0
"34" 34 0.744186046512 0 27 115 26 44 29 2 0 135 2 12 5 2 22 8 4 2 48 9 8
"35" 35 0.454022988506 0 124 42 14 14 52 0 0 15 1 86 24 1 27 28 0 21 39 4 8
"36" 36 0.326359832636 0 0 2 8 15 0 0 0 1 446 4 3 6 2 0 0 1 0 9 3
"37" 37 0.39896373057 0 13 57 18 39 36 0 0 137 1 7 26 0 70 27 0 1 51 2 15
"38" 38 0.4 0 0 1 1 3 16 163 0 39 0 1 1 1 0 5 0 247 21 0 1
"39" 39 0.121673003802 0 0 0 0 0 0 0 0 0 308 0 0 0 0 0 1 0 0 191 0
"40" 40 0.490066225166 0 0 48 1 45 31 19 0 34 23 22 0 23 5 34 0 63 89 10 53
"41" 41 0.0697674418605 0 0 28 1 93 32 0 0 0 3 204 6 20 0 6 100 0 7 0 0
"42" 42 0.533333333333 0 0 2 0 4 24 121 0 31 25 3 0 3 4 4 18 187 12 50 12
"43" 43 0.17816091954 0 0 2 0 97 1 25 0 19 4 3 0 1 7 0 0 308 3 14 16
"44" 44 0.610091743119 0 3 6 8 23 19 108 1 56 3 5 2 2 4 8 13 163 22 2 52
"45" 45 0.258620689655 0 0 1 0 3 1 26 0 1 31 0 0 2 0 0 9 379 0 47 0
"46" 46 0.554404145078 0 45 6 275 32 77 0 0 0 0 2 19 2 9 18 0 0 15 0 0
"47" 47 0.634615384615 0 0 0 9 0 1 0 0 0 0 0 490 0 0 0 0 0 0 0 0
"48" 48 0.20253164557 0 3 20 13 25 42 34 0 18 10 12 4 35 33 70 3 95 38 19 26
"49" 49 0.452830188679 0 6 2 10 13 116 12 108 18 1 56 5 6 19 32 35 25 17 7 12
"50" 50 0.0344827586207 0 0 0 0 0 0 0 0 0 0 0 0 0 0 0 0 500 0 0 0
"51" 51 0.241025641026 0 3 2 0 24 18 125 0 13 1 2 3 1 54 41 0 130 76 0 7
"52" 52 0.00497512437811 0 0 0 1 2 0 1 0 0 0 2 0 0 389 0 0 0 0 0 105
"53" 53 0.134615384615 0 5 2 3 10 41 124 0 2 5 5 1 16 81 42 6 105 44 2 6
"54" 54 0.0 0 0 0 0 0 0 1 0 0 0 0 0 0 496 0 0 0 0 0 3
"55" 55 0.237588652482 0 1 0 0 49 0 21 0 2 44 1 0 1 3 0 1 331 0 46 0
"56" 56 0.0310880829016 0 4 52 1 18 1 0 0 0 0 387 2 0 1 12 0 0 17 0 5
"57" 57 0.0290697674419 0 0 9 0 0 0 0 0 490 0 1 0 0 0 0 0 0 0 0 0
"58" 58 0.0387596899225 0 24 77 3 11 0 0 0 0 1 332 25 1 1 12 0 0 7 2 4
"59" 59 0.0576923076923 0 0 0 0 0 0 0 0 0 0 0 500 0 0 0 0 0 0 0 0
"60" 60 0.358744394619 0 52 24 33 10 57 0 0 4 13 41 11 10 90 50 6 0 31 51 17
"61" 61 0.691964285714 0 36 170 23 21 38 0 13 22 4 40 14 2 7 21 35 1 49 2 2
"62" 62 0.647668393782 0 117 62 55 22 70 2 0 14 0 43 8 0 13 21 0 4 50 1 18
"63" 63 0.326996197719 0 14 13 19 1 3 0 0 4 89 37 4 29 0 0 15 0 0 271 1
"64" 64 0.310880829016 0 424 3 58 8 2 0 0 0 0 2 2 0 0 0 0 0 1 0 0
"65" 65 0.835766423358 0 150 18 57 30 51 2 0 64 0 14 6 5 28 7 1 3 52 3 9
"66" 66 0.52736318408 0 37 0 23 14 51 26 0 6 1 7 0 2 33 21 5 25 237 1 11
"67" 67 0.029197080292 0 0 0 0 0 0 0 0 0 0 0 0 0 0 500 0 0 0 0 0
"68" 68 0.0817610062893 0 0 8 0 3 9 1 454 0 0 17 0 0 0 6 1 0 1 0 0
"69" 69 0.621890547264 0 3 65 27 18 277 0 0 34 0 2 4 1 25 20 5 0 10 1 8
"70" 70 0.245033112583 0 19 43 59 71 31 0 0 67 12 17 5 12 30 28 2 0 30 36 38
"71" 71 0.0190114068441 0 0 0 0 0 0 0 0 0 30 0 0 0 0 0 0 0 0 470 0
"72" 72 0.51572327044 0 0 2 1 1 2 0 486 1 0 0 2 0 0 1 0 0 4 0 0
"73" 73 0.385650224215 0 15 0 168 3 15 0 0 0 2 2 284 3 1 2 0 0 4 0 1
"74" 74 0.0639534883721 0 0 15 0 0 0 0 0 363 0 120 2 0 0 0 0 0 0 0 0
"75" 75 0.310880829016 0 246 0 3 9 6 0 0 0 0 0 0 227 0 1 0 0 4 1 3
"76" 76 0.0 0 0 2 0 0 0 0 0 17 0 1 0 0 0 0 0 480 0 0 0
"77" 77 0.0 0 0 0 0 0 0 0 0 0 499 0 0 0 0 0 0 0 0 1 0
"78" 78 0.0 0 0 0 0 0 0 27 0 0 0 0 0 0 467 0 0 5 0 0 1
"79" 79 0.0 0 0 0 0 0 0 461 0 4 0 0 0 0 0 0 0 35 0 0 0
"80" 80 0.0 500 0 0 0 0 0 0 0 0 0 0 0 0 0 0 0 0 0 0 0
"81" 81 0.0 0 0 0 0 0 0 0 0 0 466 0 0 0 0 0 0 0 0 34 0
"82" 82 0.0198675496689 0 0 451 0 0 0 0 0 0 0 49 0 0 0 0 0 0 0 0 0
"83" 83 0.0 0 0 1 1 0 0 0 0 0 0 2 0 0 496 0 0 0 0 0 0
"84" 84 0.0459770114943 0 7 5 10 0 0 142 0 196 0 4 3 0 0 0 0 133 0 0 0
"85" 85 0.291390728477 0 216 33 109 0 14 0 0 0 0 3 0 9 8 106 0 0 0 0 2
"86" 86 0.14465408805 0 0 0 0 0 0 0 499 0 0 0 0 0 1 0 0 0 0 0 0
"87" 87 0.488372093023 0 122 10 32 30 32 10 0 34 0 46 63 8 13 9 0 19 69 0 3
"88" 88 0.0198675496689 0 0 405 0 0 0 0 0 54 3 27 0 1 0 0 0 0 0 8 2
"89" 89 0.108786610879 0 0 0 0 0 0 0 0 0 418 0 0 0 0 0 64 0 0 18 0
"90" 90 0.397321428571 0 31 12 67 36 114 1 0 0 3 41 2 7 65 26 6 1 46 17 25
"91" 91 0.25641025641 0 1 2 471 0 3 0 0 0 0 2 0 1 5 4 8 0 0 1 2
"92" 92 0.0 0 0 0 0 0 0 0 0 2 0 0 0 0 0 0 0 498 0 0 0
"93" 93 0.332116788321 0 1 55 3 9 69 8 0 0 2 71 6 3 23 214 1 4 22 8 1
"94" 94 0.46511627907 0 37 4 46 39 88 38 0 21 0 30 2 2 72 38 3 14 47 5 14
"95" 95 0.194092827004 0 0 1 4 3 163 93 0 7 1 1 0 15 18 12 0 157 12 9 4
"96" 96 0.0 0 0 0 0 0 0 0 0 0 0 0 0 0 0 0 500 0 0 0 0
"97" 97 0.300380228137 0 0 0 1 0 0 0 0 11 152 66 6 1 0 0 32 0 0 228 3
"98" 98 0.389937106918 0 76 4 50 27 60 10 24 8 4 52 9 1 45 8 14 12 86 4 6
"99" 99 0.116071428571 0 0 0 0 0 0 0 0 0 0 0 0 0 0 0 0 0 500 0 0
"100" 100 0.0 0 0 0 0 0 0 6 0 4 0 4 0 0 0 0 0 486 0 0 0
"101" 101 0.20802919708 0 1 45 3 17 100 44 0 22 7 113 4 1 34 34 0 40 7 12 16
"102" 102 0.712918660287 0 2 10 0 33 137 0 0 39 15 47 5 23 27 70 4 0 44 40 4
"103" 103 0.416267942584 0 10 1 6 10 18 14 0 1 101 1 0 75 0 1 7 3 9 229 14
"104" 104 0.0949367088608 500 0 0 0 0 0 0 0 0 0 0 0 0 0 0 0 0 0 0 0
"105" 105 0.471698113208 0 0 0 0 2 5 0 483 1 0 6 0 0 1 0 1 1 0 0 0
"106" 106 0.846889952153 0 23 25 66 20 35 11 0 167 10 2 4 33 18 6 3 19 19 37 2
"107" 107 0.133720930233 0 0 1 0 0 0 0 0 414 0 13 0 0 0 0 0 72 0 0 0
"108" 108 0.207547169811 0 0 1 0 0 0 0 496 0 0 3 0 0 0 0 0 0 0 0 0
"109" 109 0.0 0 0 0 0 0 0 420 0 2 0 1 0 0 0 0 0 77 0 0 0
"110" 110 0.0 0 0 0 1 0 0 304 0 2 0 2 0 0 35 0 0 154 1 1 0
"111" 111 0.0 0 0 0 0 0 0 0 0 0 0 0 0 0 500 0 0 0 0 0 0
"112" 112 0.0 0 0 1 0 0 0 1 0 4 0 3 0 0 0 0 0 491 0 0 0
"113" 113 0.0 0 0 0 0 0 0 0 0 0 0 0 500 0 0 0 0 0 0 0 0
"114" 114 0.0290697674419 0 0 33 0 1 0 0 0 459 0 1 2 0 1 0 0 0 3 0 0
"115" 115 0.295358649789 0 22 0 310 10 29 0 0 0 0 1 4 23 2 11 0 0 86 1 1
"116" 116 0.223880597015 0 0 1 0 11 207 0 0 2 5 35 2 1 164 9 39 0 9 7 8
"117" 117 0.227979274611 0 4 35 1 2 2 0 0 0 0 20 50 376 0 0 2 0 0 8 0
"118" 118 0.26368159204 0 33 7 63 23 125 0 0 9 3 13 0 11 122 46 1 0 26 8 10
"119" 119 0.21897810219 0 0 0 0 0 0 0 0 0 0 0 0 0 0 500 0 0 0 0 0
"120" 120 0.678756476684 0 62 12 119 22 26 4 0 68 10 2 15 23 26 10 16 7 28 35 15
"121" 121 0.326424870466 0 133 5 228 25 38 0 0 2 0 4 0 19 7 16 0 0 16 0 7
"122" 122 0.514767932489 0 22 10 6 21 63 4 18 37 0 19 12 2 16 15 0 17 227 8 3
"123" 123 0.575129533679 0 102 40 61 46 31 12 0 19 1 28 21 2 28 23 0 11 65 0 10
"124" 124 0.0813953488372 0 31 4 2 83 10 15 0 32 0 69 1 0 0 14 0 77 139 0 23
"125" 125 0.279187817259 0 0 4 1 298 21 116 0 2 1 10 0 1 2 15 2 4 6 6 11
"126" 126 0.294642857143 0 17 5 23 35 141 33 0 5 1 34 1 2 43 94 3 5 45 0 13
"127" 127 0.492700729927 0 27 19 34 15 80 5 0 40 12 57 11 10 23 64 1 0 52 27 23
"128" 128 0.0298507462687 0 0 0 2 0 0 0 0 0 0 1 0 0 497 0 0 0 0 0 0
"129" 129 0.532846715328 0 15 12 25 36 82 6 0 14 10 97 6 4 23 15 76 0 31 40 8
"130" 130 0.709844559585 0 41 57 57 31 126 2 0 3 0 62 14 0 28 23 3 0 31 1 21
"131" 131 0.37552742616 0 20 2 147 58 40 0 0 9 12 5 1 28 52 32 2 0 36 39 17
"132" 132 0.620253164557 0 18 2 201 4 15 0 0 0 0 2 236 5 1 9 0 0 4 1 2
"133" 133 0.417910447761 0 0 0 4 22 129 0 0 0 0 1 0 0 304 33 1 0 2 0 4
"134" 134 0.441860465116 0 1 50 1 17 21 0 0 11 0 42 2 202 2 87 33 0 21 2 8
"135" 135 0.0943396226415 0 0 0 0 0 0 0 499 0 0 1 0 0 0 0 0 0 0 0 0
"136" 136 0.0406091370558 0 0 0 0 0 0 345 0 0 0 0 0 0 0 0 0 155 0 0 0
"137" 137 0.331395348837 0 3 149 13 57 26 0 0 143 3 6 22 6 24 7 2 0 26 7 6
"138" 138 0.425855513308 0 1 10 0 23 120 0 0 13 14 58 70 1 2 14 15 0 88 60 11
"139" 139 0.559748427673 0 59 14 22 25 54 3 123 22 0 36 7 4 17 5 4 13 83 0 9
"140" 140 0.421524663677 0 60 0 1 179 3 0 0 0 0 3 0 0 4 5 0 1 219 0 25
"141" 141 0.0 0 0 0 0 0 0 0 0 0 0 0 500 0 0 0 0 0 0 0 0
"142" 142 0.213930348259 0 2 2 2 56 75 48 0 9 3 43 0 2 161 11 9 8 46 4 19
"143" 143 0.426356589147 0 41 12 63 36 68 25 0 17 0 68 7 2 40 73 6 3 24 3 12
"144" 144 0.0183486238532 0 0 0 0 0 0 0 0 0 0 7 2 0 0 1 0 0 0 0 490
"145" 145 0.0387596899225 0 0 2 1 0 0 0 0 0 0 496 1 0 0 0 0 0 0 0 0
"146" 146 0.656934306569 0 29 6 42 59 115 12 0 7 0 39 4 1 51 47 4 12 50 2 20
"147" 147 0.415178571429 0 23 9 60 35 33 8 0 12 1 37 2 5 17 17 29 0 206 2 4
"148" 148 0.010152284264 0 0 0 0 0 0 493 0 1 0 0 0 0 0 0 0 6 0 0 0
"149" 149 0.480769230769 0 11 0 97 3 13 0 0 0 0 0 364 5 0 5 0 0 0 2 0
"150" 150 0.132450331126 0 0 169 0 0 0 0 0 0 0 328 3 0 0 0 0 0 0 0 0
"151" 151 0.48275862069 0 49 41 11 76 49 8 0 43 5 28 22 8 0 4 0 117 17 4 18
"152" 152 0.367088607595 0 0 97 2 121 60 0 0 1 4 71 13 30 0 10 34 0 9 16 32
"153" 153 0.041825095057 0 0 0 0 0 0 0 0 0 10 0 0 0 0 0 0 0 0 490 0
"154" 154 0.10447761194 0 2 6 4 74 3 32 0 2 2 12 13 6 282 41 0 14 3 1 3
"155" 155 0.116071428571 0 0 0 0 0 0 0 0 0 0 0 0 0 0 0 0 0 500 0 0
"156" 156 0.00632911392405 500 0 0 0 0 0 0 0 0 0 0 0 0 0 0 0 0 0 0 0
"157" 157 0.0 0 14 378 2 0 0 1 0 20 0 12 0 0 0 0 0 0 73 0 0
"158" 158 0.100775193798 0 0 1 0 0 0 0 78 0 0 414 7 0 0 0 0 0 0 0 0
"159" 159 0.482587064677 0 0 6 0 14 78 5 0 4 18 16 1 14 189 13 3 15 42 69 13
"160" 160 0.31976744186 0 31 45 37 34 33 0 0 88 2 17 5 4 134 10 2 0 46 5 7
"161" 161 0.318385650224 0 4 1 30 5 0 0 0 0 27 1 384 30 7 1 0 0 1 9 0
"162" 162 0.624087591241 0 63 29 8 24 38 61 0 15 1 15 0 1 23 7 24 71 108 7 5
"163" 163 0.317307692308 0 0 0 0 0 0 0 0 0 0 0 500 0 0 0 0 0 0 0 0
"164" 164 0.0248756218905 0 0 0 0 0 0 0 0 1 0 1 0 0 430 0 0 66 0 0 2
"165" 165 0.548523206751 0 135 7 60 19 90 2 0 19 1 61 1 1 2 17 10 9 59 0 7
"166" 166 0.372093023256 0 81 7 24 33 73 18 0 40 0 56 4 0 52 13 1 20 65 0 13
"167" 167 0.0 0 0 0 0 0 0 2 0 11 0 4 0 0 3 0 0 480 0 0 0
"168" 168 0.0 0 0 0 0 0 0 0 0 0 500 0 0 0 0 0 0 0 0 0 0
"169" 169 0.170984455959 0 52 3 22 42 81 32 0 15 4 25 2 5 92 15 38 5 42 10 15
"170" 170 0.165178571429 0 9 3 3 52 22 1 0 3 2 35 3 8 0 17 58 7 197 17 63
"171" 171 0.0 0 0 1 1 0 0 0 0 0 0 496 2 0 0 0 0 0 0 0 0
"172" 172 0.0507614213198 0 0 1 0 0 0 439 0 6 0 2 0 0 15 0 0 28 0 0 9
"173" 173 0.419708029197 0 4 3 23 39 145 0 0 0 1 46 3 5 2 163 6 0 34 5 21
"174" 174 0.255813953488 0 0 136 3 8 0 0 0 1 0 344 7 0 0 1 0 0 0 0 0
"175" 175 0.258620689655 0 0 0 0 0 0 0 0 0 0 0 0 0 0 0 0 500 0 0 0
"176" 176 0.303482587065 0 0 1 1 0 1 0 0 1 0 0 0 0 490 0 0 0 0 0 6
"177" 177 1.05769230769 0 0 0 0 0 0 0 0 0 0 0 500 0 0 0 0 0 0 0 0
