"site" "RSA" "aa1" "aa2" "aa3" "aa4" "aa5" "aa6" "aa7" "aa8" "aa9" "aa10" "aa11" "aa12" "aa13" "aa14" "aa15" "aa16" "aa17" "aa18" "aa19" "aa20"
"0" 0 1.17054263566 0 0 0 0 0 491 0 0 4 0 0 5 0 0 0 0 0 0 0 0
"1" 1 0.273722627737 86 0 0 0 0 0 0 0 0 0 0 0 0 0 0 0 414 0 0 0
"2" 2 0.395348837209 0 53 0 3 0 0 0 0 443 0 0 0 0 0 0 0 0 0 0 1
"3" 3 0.0794979079498 0 2 1 0 0 2 8 0 12 84 0 0 0 38 0 329 0 24 0 0
"4" 4 0.0 4 0 0 0 0 0 0 0 15 300 0 0 180 0 0 0 0 0 0 1
"5" 5 0.0 0 0 0 0 0 0 0 0 0 6 0 0 33 0 0 0 461 0 0 0
"6" 6 0.0 382 0 0 0 0 0 0 0 0 0 83 35 0 0 0 0 0 0 0 0
"7" 7 0.0 0 0 0 0 0 0 0 0 0 105 0 226 59 0 0 0 0 0 0 110
"8" 8 0.0205128205128 0 241 0 258 0 0 0 0 0 0 0 0 0 1 0 0 0 0 0 0
"9" 9 0.00418410041841 0 0 0 0 0 0 0 0 14 133 16 0 27 0 0 0 0 0 1 309
"10" 10 0.253164556962 0 0 0 0 0 189 0 0 0 0 0 192 0 0 0 0 0 119 0 0
"11" 11 0.805970149254 0 0 0 0 0 179 0 0 0 0 0 0 0 0 321 0 0 0 0 0
"12" 12 0.389743589744 0 0 0 0 0 13 0 0 0 0 0 0 0 0 487 0 0 0 0 0
"13" 13 0.317307692308 0 0 0 0 0 0 0 0 0 0 0 500 0 0 0 0 0 0 0 0
"14" 14 0.264900662252 0 0 499 0 0 1 0 0 0 0 0 0 0 0 0 0 0 0 0 0
"15" 15 0.540084388186 0 0 2 0 0 469 0 0 0 0 29 0 0 0 0 0 0 0 0 0
"16" 16 0.708520179372 0 0 0 0 0 267 0 0 0 0 0 0 0 0 151 0 0 82 0 0
"17" 17 0.218543046358 0 40 186 1 0 12 0 0 1 0 0 0 0 0 0 12 0 247 0 1
"18" 18 0.0 0 0 0 0 0 0 499 0 0 0 0 0 0 1 0 0 0 0 0 0
"19" 19 0.379746835443 0 0 0 0 0 487 0 0 0 0 0 0 0 0 13 0 0 0 0 0
"20" 20 0.491071428571 0 6 0 0 0 248 0 0 0 0 0 0 0 0 229 15 0 0 0 2
"21" 21 0.0304568527919 0 0 1 0 0 0 340 0 0 0 0 0 0 153 0 6 0 0 0 0
"22" 22 0.0 0 0 0 0 0 0 430 0 0 0 6 0 0 64 0 0 0 0 0 0
"23" 23 0.285714285714 0 296 0 0 0 198 0 0 0 0 0 0 0 0 0 0 0 6 0 0
"24" 24 0.222627737226 0 0 2 0 1 3 0 0 0 0 0 0 0 480 0 7 0 7 0 0
"25" 25 0.0149253731343 0 2 104 1 1 0 0 0 232 10 0 128 0 20 0 0 0 0 1 1
"26" 26 0.138461538462 0 0 0 0 0 0 0 0 0 0 0 500 0 0 0 0 0 0 0 0
"27" 27 0.645348837209 0 0 0 0 0 0 0 0 495 0 0 0 0 0 5 0 0 0 0 0
"28" 28 0.124031007752 0 8 6 3 0 463 0 0 0 0 2 0 1 0 0 0 0 0 0 17
"29" 29 0.682119205298 0 0 0 0 0 500 0 0 0 0 0 0 0 0 0 0 0 0 0 0
"30" 30 0.0862944162437 0 0 0 0 0 0 495 0 0 0 0 0 0 0 0 0 5 0 0 0
"31" 31 0.125786163522 0 0 0 0 0 21 0 443 0 0 2 0 0 0 0 0 0 0 0 34
"32" 32 0.65625 0 196 0 52 0 252 0 0 0 0 0 0 0 0 0 0 0 0 0 0
"33" 33 0.553846153846 0 0 0 0 0 0 0 0 0 0 0 500 0 0 0 0 0 0 0 0
"34" 34 0.0459770114943 0 0 0 0 0 0 23 0 0 0 0 0 0 0 0 0 477 0 0 0
"35" 35 0.241071428571 0 141 0 4 3 5 0 0 0 0 0 0 0 1 53 0 0 263 3 27
"36" 36 0.0 0 0 0 0 0 0 22 0 1 0 0 0 0 0 0 0 477 0 0 0
"37" 37 0.0 0 0 0 0 0 0 4 0 11 0 0 0 0 0 0 0 478 0 7 0
"38" 38 0.0 0 0 11 0 1 0 2 0 4 12 0 0 0 388 0 66 10 0 5 1
"39" 39 0.0 487 0 0 0 0 0 0 0 0 0 3 0 2 0 0 0 0 0 0 8
"40" 40 0.0 0 0 0 0 0 0 0 500 0 0 0 0 0 0 0 0 0 0 0 0
"41" 41 0.106918238994 0 0 0 0 0 0 0 500 0 0 0 0 0 0 0 0 0 0 0 0
"42" 42 0.356589147287 0 0 5 0 0 0 0 401 1 89 0 1 3 0 0 0 0 0 0 0
"43" 43 0.697674418605 0 0 0 0 0 500 0 0 0 0 0 0 0 0 0 0 0 0 0 0
"44" 44 0.186311787072 0 0 0 0 0 0 0 0 0 0 0 0 0 0 0 2 0 0 498 0
"45" 45 0.0547263681592 0 0 0 0 2 0 0 0 0 0 0 0 0 498 0 0 0 0 0 0
"46" 46 0.528497409326 0 0 0 0 0 484 0 0 0 0 0 0 0 0 0 0 0 16 0 0
"47" 47 0.216730038023 0 0 0 0 0 0 0 0 1 495 0 0 0 0 0 0 4 0 0 0
"48" 48 0.0 0 0 0 0 0 0 0 0 0 0 494 0 0 6 0 0 0 0 0 0
"49" 49 0.247126436782 0 0 0 0 0 0 0 0 0 0 474 0 0 0 0 0 0 0 26 0
"50" 50 0.53642384106 0 0 0 0 0 0 0 0 0 0 0 0 0 0 11 0 0 0 0 489
"51" 51 0.0796019900498 0 0 0 0 0 0 0 0 0 0 0 0 0 500 0 0 0 0 0 0
"52" 52 0.155172413793 21 0 0 0 0 0 95 0 7 0 57 0 0 5 0 0 301 12 0 2
"53" 53 0.53164556962 0 0 0 0 0 500 0 0 0 0 0 0 0 0 0 0 0 0 0 0
"54" 54 0.189873417722 0 3 0 0 0 0 0 0 0 0 0 0 5 433 52 0 0 7 0 0
"55" 55 0.77358490566 0 0 7 0 0 13 0 0 0 0 0 0 0 0 4 0 0 476 0 0
"56" 56 0.152466367713 0 0 5 10 485 0 0 0 0 0 0 0 0 0 0 0 0 0 0 0
"57" 57 0.0632183908046 60 0 13 0 19 0 31 0 61 0 0 0 0 0 0 0 0 177 0 139
"58" 58 0.186046511628 5 0 0 1 2 8 0 0 0 0 0 0 0 0 482 0 2 0 0 0
"59" 59 0.0287356321839 3 0 0 0 0 0 395 0 94 0 2 0 0 0 0 0 6 0 0 0
"60" 60 0.0 0 0 0 0 0 0 0 0 0 0 1 499 0 0 0 0 0 0 0 0
"61" 61 0.015503875969 0 2 56 7 0 0 0 0 0 0 435 0 0 0 0 0 0 0 0 0
"62" 62 0.206278026906 0 0 1 0 0 0 222 0 277 0 0 0 0 0 0 0 0 0 0 0
"63" 63 0.0666666666667 21 0 6 1 0 2 0 0 0 0 0 73 134 0 241 0 0 0 0 22
"64" 64 0.015503875969 0 0 1 0 0 0 0 0 2 0 497 0 0 0 0 0 0 0 0 0
"65" 65 0.197718631179 0 0 445 0 0 0 1 0 0 0 0 54 0 0 0 0 0 0 0 0
"66" 66 0.134328358209 64 46 13 361 0 0 0 0 0 0 1 0 0 0 0 0 0 15 0 0
"67" 67 0.459915611814 0 0 0 0 0 0 0 0 0 0 0 0 0 0 52 0 0 1 447 0
"68" 68 0.147286821705 0 23 0 0 0 31 0 0 13 0 46 0 0 20 237 0 0 128 0 2
"69" 69 0.596026490066 0 0 493 0 0 0 0 0 1 0 0 0 0 0 0 0 0 0 0 6
"70" 70 0.605769230769 0 0 0 0 0 0 0 0 0 0 0 500 0 0 0 0 0 0 0 0
"71" 71 0.736434108527 0 500 0 0 0 0 0 0 0 0 0 0 0 0 0 0 0 0 0 0
"72" 72 0.322175732218 0 0 0 0 0 0 0 0 0 499 0 0 0 0 1 0 0 0 0 0
"73" 73 0.895348837209 0 0 0 0 0 500 0 0 0 0 0 0 0 0 0 0 0 0 0 0
"74" 74 0.673076923077 0 0 0 0 0 0 0 0 0 0 0 500 0 0 0 0 0 0 0 0
"75" 75 0.330357142857 0 0 0 0 445 0 0 0 54 0 0 1 0 0 0 0 0 0 0 0
"76" 76 0.297435897436 0 6 0 28 6 0 395 0 0 0 0 0 0 0 0 0 0 0 64 1
"77" 77 0.0529801324503 0 0 404 0 0 0 0 0 0 96 0 0 0 0 0 0 0 0 0 0
"78" 78 0.0 0 0 80 0 0 0 0 0 372 0 46 1 0 0 0 0 1 0 0 0
"79" 79 0.331606217617 0 0 23 0 0 432 0 0 0 0 1 0 0 0 34 0 0 3 5 2
"80" 80 0.511210762332 0 16 0 0 2 317 0 0 0 0 0 0 0 59 0 0 0 105 0 1
"81" 81 0.0152284263959 0 0 55 0 0 0 396 0 8 0 15 0 0 0 0 0 26 0 0 0
"82" 82 0.405063291139 0 0 0 0 0 497 0 0 0 0 0 3 0 0 0 0 0 0 0 0
"83" 83 0.689119170984 0 0 0 0 0 428 0 0 0 0 37 0 0 0 34 0 0 1 0 0
"84" 84 0.195402298851 0 2 0 8 0 16 0 0 0 84 0 0 0 0 89 277 24 0 0 0
"85" 85 0.211538461538 0 0 0 0 0 0 0 0 0 0 0 500 0 0 0 0 0 0 0 0
"86" 86 0.0077519379845 0 0 0 0 0 0 0 0 0 0 500 0 0 0 0 0 0 0 0 0
"87" 87 0.455696202532 0 0 1 0 300 6 0 0 178 0 0 0 0 0 3 0 0 0 12 0
"88" 88 0.0780141843972 83 0 0 0 0 0 0 0 0 16 148 2 36 0 1 3 0 0 211 0
"89" 89 0.00574712643678 2 0 0 0 0 0 92 0 1 0 0 0 0 0 0 0 405 0 0 0
"90" 90 0.010152284264 8 0 0 0 0 0 488 0 0 0 0 0 0 0 0 0 4 0 0 0
"91" 91 0.00995024875622 1 0 0 0 1 0 2 0 0 0 0 0 0 495 0 0 0 1 0 0
"92" 92 0.0 0 0 0 0 0 0 0 0 0 0 0 500 0 0 0 0 0 0 0 0
"93" 93 0.0526315789474 0 0 0 0 0 0 0 0 0 0 0 0 500 0 0 0 0 0 0 0
"94" 94 0.158940397351 0 0 75 0 0 0 0 0 0 0 30 74 0 0 0 0 0 0 0 321
"95" 95 0.303571428571 0 9 354 0 0 2 0 0 62 0 0 0 0 0 43 0 0 30 0 0
"96" 96 0.21897810219 0 90 0 0 75 3 0 0 0 0 0 0 70 211 0 0 0 4 0 47
"97" 97 0.14598540146 0 0 0 0 376 124 0 0 0 0 0 0 0 0 0 0 0 0 0 0
"98" 98 0.470198675497 0 0 0 3 48 228 0 0 0 0 0 0 0 0 176 0 0 45 0 0
"99" 99 0.642585551331 0 143 0 0 1 314 0 0 0 0 0 0 0 0 0 0 0 42 0 0
"100" 100 0.485355648536 0 2 0 159 0 286 0 0 0 0 0 0 15 8 0 0 0 3 7 20
"101" 101 0.736842105263 0 0 0 0 0 0 0 0 0 0 0 0 500 0 0 0 0 0 0 0
"102" 102 0.0625 42 19 54 0 242 4 31 0 0 0 1 0 0 0 0 0 85 10 0 12
"103" 103 0.476683937824 0 427 0 0 0 0 0 0 73 0 0 0 0 0 0 0 0 0 0 0
"104" 104 0.165803108808 0 75 0 98 0 0 3 0 0 0 19 0 0 0 305 0 0 0 0 0
"105" 105 0.409282700422 0 0 87 0 0 278 0 0 4 0 0 0 0 0 56 0 0 10 0 65
"106" 106 0.217573221757 0 73 85 0 0 115 0 0 81 0 0 0 0 0 0 0 0 9 0 137
"107" 107 0.00507614213198 0 1 0 1 0 0 0 0 113 0 8 0 0 0 0 0 308 69 0 0
"108" 108 0.0 0 0 45 0 0 0 0 0 0 0 455 0 0 0 0 0 0 0 0 0
"109" 109 0.243523316062 0 59 216 3 0 128 0 0 0 0 0 0 0 0 2 0 0 91 0 1
"110" 110 0.0126582278481 0 0 0 0 13 454 0 0 0 0 1 0 0 0 26 0 0 6 0 0
"111" 111 0.0 0 0 0 0 0 0 0 0 5 0 0 0 0 0 0 0 495 0 0 0
"112" 112 0.476793248945 0 0 0 0 0 43 0 0 0 0 0 0 0 269 132 0 0 0 19 37
"113" 113 0.205020920502 0 0 0 0 0 0 0 0 0 227 65 0 208 0 0 0 0 0 0 0
"114" 114 0.0232558139535 0 1 1 0 0 0 1 0 312 0 185 0 0 0 0 0 0 0 0 0
"115" 115 0.203980099502 0 0 0 0 0 0 76 0 0 0 1 0 0 367 0 0 0 53 0 3
"116" 116 0.538461538462 0 0 0 0 0 428 0 0 0 0 14 0 0 0 0 0 0 58 0 0
"117" 117 0.255605381166 0 44 50 205 0 77 0 0 109 0 0 0 0 3 0 0 0 0 0 12
"118" 118 0.615384615385 0 0 0 0 0 0 0 0 0 0 0 500 0 0 0 0 0 0 0 0
"119" 119 0.0172413793103 43 0 0 0 0 0 0 0 49 0 1 0 0 300 0 0 96 0 0 11
"120" 120 0.0769230769231 15 0 0 1 21 30 0 0 0 0 6 248 2 0 142 1 0 34 0 0
"121" 121 0.0 0 0 0 0 0 0 0 0 0 0 0 0 0 0 0 0 500 0 0 0
"122" 122 0.0 0 0 0 0 0 0 499 0 0 0 0 0 0 0 0 0 0 0 1 0
"123" 123 0.00497512437811 0 0 0 0 0 0 0 0 0 0 0 0 0 500 0 0 0 0 0 0
"124" 124 0.0 19 0 1 0 0 0 0 0 0 0 0 0 0 0 0 0 480 0 0 0
"125" 125 0.010152284264 0 0 0 0 0 0 500 0 0 0 0 0 0 0 0 0 0 0 0 0
"126" 126 0.0961538461538 0 0 0 0 0 0 0 0 0 0 0 500 0 0 0 0 0 0 0 0
"127" 127 0.00446428571429 459 0 4 0 0 0 0 0 0 0 4 0 0 0 0 0 0 33 0 0
"128" 128 0.209302325581 0 0 202 0 0 0 0 0 264 0 0 0 0 0 34 0 0 0 0 0
"129" 129 0.18407960199 0 0 0 0 0 0 0 0 0 0 0 0 0 287 110 0 0 103 0 0
"130" 130 0.571428571429 0 1 0 0 0 411 0 0 0 0 0 0 0 0 53 0 0 35 0 0
"131" 131 0.285714285714 0 56 2 0 76 0 0 0 0 0 0 0 0 0 0 2 0 364 0 0
"132" 132 0.26582278481 0 0 0 0 0 0 0 0 0 0 0 0 0 0 0 12 0 0 488 0
"133" 133 0.679324894515 0 1 0 1 0 0 0 0 0 0 0 0 0 287 102 0 0 109 0 0
"134" 134 0.511627906977 0 0 0 2 0 136 0 0 0 0 0 0 0 107 2 20 0 233 0 0
"135" 135 0.5 0 0 0 0 0 0 0 0 0 0 0 500 0 0 0 0 0 0 0 0
"136" 136 0.438818565401 0 0 0 0 0 310 0 0 0 0 0 0 0 133 25 0 0 32 0 0
"137" 137 0.145348837209 0 0 0 0 0 0 0 0 179 0 0 0 0 3 50 0 0 96 0 172
"138" 138 0.353233830846 0 36 32 8 0 1 0 0 2 0 1 0 0 395 0 12 3 7 3 0
"139" 139 0.440414507772 0 0 0 0 19 387 18 0 0 0 0 0 1 0 32 0 0 36 0 7
"140" 140 0.0344827586207 0 0 93 0 135 7 0 0 0 0 30 0 0 0 0 0 1 154 0 80
"141" 141 0.0229885057471 0 0 0 0 0 0 499 0 0 0 1 0 0 0 0 0 0 0 0 0
"142" 142 0.348214285714 0 0 0 0 0 22 0 0 0 456 0 0 9 0 7 6 0 0 0 0
"143" 143 0.408759124088 0 40 0 0 6 127 0 0 0 0 0 0 0 6 6 0 0 314 0 1
"144" 144 0.0403587443946 0 0 0 0 375 0 0 0 0 0 0 0 0 0 0 0 0 125 0 0
"145" 145 0.0 0 0 0 0 0 0 0 0 0 0 0 0 0 500 0 0 0 0 0 0
"146" 146 0.205128205128 0 0 0 0 0 350 0 0 0 0 0 0 0 2 62 45 0 41 0 0
"147" 147 0.15503875969 0 0 5 0 0 0 0 0 0 0 121 3 0 0 0 12 0 161 38 160
"148" 148 0.0172413793103 0 0 0 0 0 0 0 0 0 0 0 0 0 0 0 0 500 0 0 0
"149" 149 0.119402985075 0 0 0 0 0 0 0 0 0 0 0 0 0 499 0 1 0 0 0 0
"150" 150 0.602678571429 0 0 0 0 0 200 0 0 0 0 0 0 0 1 43 0 0 0 0 256
"151" 151 0.321428571429 0 0 0 45 0 1 0 0 0 1 0 0 2 442 0 0 0 1 7 1
"152" 152 0.0574712643678 0 0 0 0 0 0 0 0 0 0 0 0 0 24 0 0 476 0 0 0
"153" 153 0.831223628692 0 0 0 0 0 500 0 0 0 0 0 0 0 0 0 0 0 0 0 0
"154" 154 0.538860103627 0 41 0 0 0 388 0 0 0 0 0 0 0 0 71 0 0 0 0 0
"155" 155 0.0425531914894 0 0 0 0 0 0 0 0 0 0 0 0 0 0 0 500 0 0 0 0
"156" 156 0.575581395349 0 0 10 0 0 267 0 0 56 0 0 0 0 0 0 0 0 71 3 93
"157" 157 0.523076923077 0 0 0 239 0 1 0 0 0 0 0 2 10 12 1 0 0 0 0 235
"158" 158 0.0172413793103 0 0 0 0 0 0 110 0 0 0 0 0 0 0 0 0 390 0 0 0
"159" 159 0.0 0 0 0 0 0 0 0 0 1 34 1 0 34 1 224 1 0 0 204 0
"160" 160 0.0 0 0 0 0 0 0 0 0 0 0 0 0 0 0 0 0 500 0 0 0
"161" 161 0.0 0 0 0 0 0 0 0 0 0 0 500 0 0 0 0 0 0 0 0 0
"162" 162 0.00760456273764 0 0 6 0 0 0 0 0 0 1 0 0 0 19 0 1 0 0 473 0
"163" 163 0.0669642857143 217 73 0 0 15 0 18 0 0 6 0 0 19 0 0 0 0 58 94 0
"164" 164 0.0062893081761 1 0 12 10 0 0 0 26 0 0 391 52 8 0 0 0 0 0 0 0
"165" 165 0.241379310345 0 0 1 0 9 45 0 0 0 0 76 0 0 0 7 49 0 3 159 151
"166" 166 0.031914893617 0 0 0 0 0 0 0 0 0 0 0 0 0 0 0 500 0 0 0 0
"167" 167 0.131782945736 0 0 49 0 0 0 0 0 0 0 451 0 0 0 0 0 0 0 0 0
"168" 168 0.46192893401 0 79 2 0 4 6 163 0 0 0 0 0 0 171 34 0 3 38 0 0
"169" 169 0.865384615385 0 0 0 0 0 0 0 0 0 0 0 500 0 0 0 0 0 0 0 0
"170" 170 0.302325581395 0 0 0 0 0 0 0 0 500 0 0 0 0 0 0 0 0 0 0 0
"171" 171 0.75 0 0 0 0 0 0 0 0 0 0 0 500 0 0 0 0 0 0 0 0
"172" 172 0.442786069652 0 0 0 0 0 63 0 0 0 0 0 0 0 410 0 0 0 0 12 15
"173" 173 0.627906976744 0 0 0 0 0 2 0 0 1 0 0 0 0 0 484 0 0 13 0 0
"174" 174 0.193798449612 313 0 163 0 0 0 0 0 12 0 3 0 0 2 0 0 0 2 0 5
"175" 175 0.296511627907 0 0 309 0 6 185 0 0 0 0 0 0 0 0 0 0 0 0 0 0
"176" 176 0.100628930818 0 0 0 0 0 0 0 500 0 0 0 0 0 0 0 0 0 0 0 0
"177" 177 0.517857142857 0 0 0 0 0 469 0 0 0 0 0 0 0 0 23 0 0 8 0 0
"178" 178 0.243523316062 0 465 0 0 0 0 0 0 1 2 0 2 0 0 0 0 0 29 1 0
"179" 179 0.0077519379845 0 159 8 4 0 0 0 0 0 0 327 0 0 2 0 0 0 0 0 0
"180" 180 0.192825112108 0 0 0 0 0 70 0 0 0 0 0 0 0 0 155 5 0 270 0 0
"181" 181 0.502590673575 0 122 0 0 0 13 0 0 0 0 0 0 0 0 323 0 0 42 0 0
"182" 182 0.0659898477157 0 0 0 0 0 0 471 0 2 0 0 0 0 0 0 0 1 6 0 20
"183" 183 0.0 0 0 0 0 0 0 0 0 0 0 0 0 500 0 0 0 0 0 0 0
"184" 184 0.271317829457 0 59 0 0 0 118 0 0 0 0 0 0 0 0 196 0 0 126 0 1
"185" 185 0.291390728477 0 129 1 17 0 4 0 0 0 0 221 0 0 0 0 0 0 125 0 3
"186" 186 0.00507614213198 0 0 0 0 0 0 499 0 0 0 0 0 0 1 0 0 0 0 0 0
"187" 187 0.0693430656934 0 0 67 9 0 50 0 0 0 0 3 0 0 0 193 171 0 7 0 0
"188" 188 0.675105485232 0 0 0 0 0 239 0 0 0 0 4 0 0 20 220 0 0 16 0 1
"189" 189 0.117154811715 0 0 0 0 0 0 0 0 0 500 0 0 0 0 0 0 0 0 0 0
"190" 190 0.0 0 1 0 0 0 0 0 0 0 0 0 0 0 499 0 0 0 0 0 0
"191" 191 0.232558139535 0 0 0 0 1 0 0 0 0 0 499 0 0 0 0 0 0 0 0 0
"192" 192 0.549668874172 0 0 0 0 0 360 0 0 0 0 0 0 0 0 82 0 0 58 0 0
"193" 193 0.46835443038 0 0 0 0 0 500 0 0 0 0 0 0 0 0 0 0 0 0 0 0
"194" 194 0.208955223881 0 0 0 0 0 0 0 0 0 0 0 1 0 499 0 0 0 0 0 0
"195" 195 0.278846153846 0 0 0 0 0 0 0 0 0 0 0 500 0 0 0 0 0 0 0 0
"196" 196 0.60621761658 0 0 95 0 0 397 0 0 0 0 0 0 0 0 0 0 0 8 0 0
"197" 197 0.535864978903 0 0 0 0 0 116 0 0 0 0 0 0 0 0 0 0 0 384 0 0
"198" 198 0.31007751938 0 0 0 0 0 497 0 0 0 0 0 0 0 0 3 0 0 0 0 0
"199" 199 0.0077519379845 0 0 2 0 0 0 0 0 0 0 497 1 0 0 0 0 0 0 0 0
"200" 200 0.225165562914 0 0 261 0 0 113 0 0 0 0 0 0 0 0 76 0 0 50 0 0
"201" 201 0.540178571429 0 0 0 0 0 368 0 0 0 0 0 0 0 47 74 0 0 11 0 0
"202" 202 0.0398009950249 0 0 0 0 0 0 0 0 0 0 1 0 0 499 0 0 0 0 0 0
"203" 203 0.105839416058 84 0 0 0 0 0 0 0 2 0 412 2 0 0 0 0 0 0 0 0
"204" 204 0.0 0 0 0 0 0 0 499 0 0 0 0 0 0 0 0 0 0 0 1 0
"205" 205 0.0 0 3 0 35 0 0 0 0 0 0 0 0 0 462 0 0 0 0 0 0
"206" 206 0.0342205323194 148 323 0 2 0 2 0 0 0 0 13 0 1 3 1 0 0 7 0 0
"207" 207 0.125 0 0 0 0 0 0 0 0 0 0 0 500 0 0 0 0 0 0 0 0
"208" 208 0.0865384615385 0 1 55 0 0 0 0 0 1 0 0 443 0 0 0 0 0 0 0 0
"209" 209 0.549668874172 0 178 14 25 0 5 0 0 0 0 57 0 0 0 0 0 0 3 0 218
"210" 210 0.046511627907 0 0 0 0 0 0 14 0 0 0 31 0 0 0 0 0 455 0 0 0
"211" 211 0.241025641026 0 0 0 290 0 0 0 0 210 0 0 0 0 0 0 0 0 0 0 0
"212" 212 0.201923076923 0 0 15 0 0 10 0 0 0 0 0 377 0 0 98 0 0 0 0 0
"213" 213 0.708609271523 0 122 282 0 0 80 0 0 0 0 0 0 0 0 0 0 0 16 0 0
"214" 214 0.2 0 2 0 2 2 0 0 0 0 4 0 0 9 0 0 0 0 314 167 0
"215" 215 0.0077519379845 0 0 28 0 0 0 0 0 0 0 472 0 0 0 0 0 0 0 0 0
"216" 216 0.379310344828 0 0 0 0 0 364 0 0 0 0 0 0 0 0 107 28 1 0 0 0
"217" 217 0.354651162791 0 0 0 0 0 494 0 0 0 0 0 0 0 0 6 0 0 0 0 0
"218" 218 0.0167364016736 0 0 0 0 0 0 0 0 3 0 181 1 0 0 315 0 0 0 0 0
"219" 219 0.345991561181 0 0 500 0 0 0 0 0 0 0 0 0 0 0 0 0 0 0 0 0
"220" 220 0.699481865285 0 158 0 341 1 0 0 0 0 0 0 0 0 0 0 0 0 0 0 0
"221" 221 0.160337552743 342 0 0 0 158 0 0 0 0 0 0 0 0 0 0 0 0 0 0 0
"222" 222 0.573643410853 0 0 147 0 0 353 0 0 0 0 0 0 0 0 0 0 0 0 0 0
"223" 223 0.145077720207 0 0 0 228 2 76 0 0 0 0 0 0 10 0 0 0 0 0 184 0
"224" 224 0.00574712643678 0 0 0 0 0 0 171 0 0 0 0 0 0 0 0 0 328 0 0 1
"225" 225 0.0414507772021 0 0 0 0 0 0 0 0 0 0 0 0 500 0 0 0 0 0 0 0
"226" 226 0.0 0 0 0 0 0 0 0 0 0 0 0 500 0 0 0 0 0 0 0 0
"227" 227 0.0 0 0 33 0 0 0 0 0 0 428 11 0 28 0 0 0 0 0 0 0
"228" 228 0.0398009950249 0 0 0 0 0 0 0 0 0 0 0 0 0 500 0 0 0 0 0 0
"229" 229 0.0114942528736 0 0 0 0 0 0 0 0 0 0 2 0 0 0 0 0 498 0 0 0
"230" 230 0.173076923077 0 0 0 0 0 0 0 0 0 0 0 246 0 0 116 0 0 138 0 0
"231" 231 0.5 0 173 0 0 0 269 0 0 0 0 0 0 0 0 30 21 0 7 0 0
"232" 232 0.0697674418605 0 0 291 0 0 0 0 0 35 0 174 0 0 0 0 0 0 0 0 0
"233" 233 0.0 0 0 0 0 0 0 0 0 0 0 226 274 0 0 0 0 0 0 0 0
"234" 234 0.243781094527 0 0 12 0 0 0 0 0 299 0 0 0 0 0 0 0 0 0 0 189
"235" 235 0.434599156118 0 0 0 0 0 366 0 0 0 0 0 0 0 0 129 0 0 5 0 0
"236" 236 0.48427672956 0 2 3 0 0 16 0 478 0 0 0 0 0 0 1 0 0 0 0 0
"237" 237 0.191964285714 0 63 0 0 0 33 0 0 0 0 0 123 0 0 5 0 0 276 0 0
"238" 238 0.0167364016736 0 0 0 0 0 0 0 0 0 226 269 5 0 0 0 0 0 0 0 0
"239" 239 0.149425287356 0 6 0 2 2 0 448 0 12 0 0 1 0 0 0 0 29 0 0 0
"240" 240 0.492227979275 0 0 0 0 0 360 0 0 0 0 0 0 0 0 15 0 0 104 0 21
"241" 241 0.0 0 0 0 0 0 0 500 0 0 0 0 0 0 0 0 0 0 0 0 0
"242" 242 0.00507614213198 0 0 0 0 5 0 471 0 0 0 22 0 0 0 0 0 2 0 0 0
"243" 243 0.235897435897 0 0 0 500 0 0 0 0 0 0 0 0 0 0 0 0 0 0 0 0
"244" 244 0.0927152317881 0 0 279 0 0 0 0 0 0 0 221 0 0 0 0 0 0 0 0 0
"245" 245 0.273722627737 0 13 0 0 0 358 94 0 2 0 0 0 0 0 12 0 0 20 1 0
"246" 246 0.907692307692 0 0 0 0 0 500 0 0 0 0 0 0 0 0 0 0 0 0 0 0
