"site" "RSA" "aa1" "aa2" "aa3" "aa4" "aa5" "aa6" "aa7" "aa8" "aa9" "aa10" "aa11" "aa12" "aa13" "aa14" "aa15" "aa16" "aa17" "aa18" "aa19" "aa20"
"0" 0 0.261627906977 0 0 7 0 0 0 0 0 2 0 3 0 0 0 0 0 2 0 0 0
"1" 1 0.623574144487 0 0 0 0 0 0 0 0 0 4 0 0 0 0 0 0 0 0 24 0
"2" 2 0.360465116279 0 0 9 0 4 2 0 0 8 0 0 2 1 0 1 0 0 1 0 0
"3" 3 0.279069767442 1 0 0 0 0 0 3 1 15 0 2 0 0 1 0 0 5 0 0 0
"4" 4 0.0875912408759 0 0 0 0 1 0 2 0 0 0 1 0 0 0 10 0 8 6 0 0
"5" 5 0.107623318386 0 0 0 0 2 2 0 0 1 0 1 0 1 1 3 0 1 16 0 0
"6" 6 0.0659898477157 0 0 1 1 0 2 4 0 0 0 0 0 1 0 14 0 5 0 0 0
"7" 7 0.0 0 0 0 0 0 0 0 0 0 0 1 28 0 0 0 0 0 0 0 0
"8" 8 0.062015503876 0 0 7 0 3 1 0 0 1 0 12 1 1 0 3 0 0 0 0 0
"9" 9 0.282700421941 0 0 0 0 0 4 0 15 0 0 4 0 0 5 0 0 0 1 0 0
"10" 10 0.0820512820513 1 0 0 16 0 0 0 0 0 1 0 0 1 0 0 0 0 0 10 0
"11" 11 0.21511627907 0 0 12 0 0 0 0 0 17 0 0 0 0 0 0 0 0 0 0 0
"12" 12 0.55223880597 0 0 1 0 2 2 1 7 4 0 2 0 0 10 0 0 0 0 0 0
"13" 13 0.379464285714 0 19 1 2 1 0 0 0 0 0 0 0 0 0 0 0 0 6 0 0
"14" 14 0.0152091254753 0 0 0 0 0 0 0 0 0 2 0 0 4 0 0 0 0 0 23 0
"15" 15 0.210970464135 0 0 1 0 2 3 0 0 0 0 2 0 0 0 21 0 0 0 0 0
"16" 16 0.0114942528736 0 0 0 1 1 0 4 0 0 0 0 0 0 9 0 0 14 0 0 0
"17" 17 0.0342205323194 0 0 0 0 0 0 0 0 0 8 0 0 0 0 0 0 0 0 21 0
"18" 18 0.00507614213198 0 0 0 0 0 0 9 0 0 14 1 0 0 3 0 0 2 0 0 0
"19" 19 0.111607142857 0 1 0 0 2 10 0 0 2 0 0 0 0 1 3 0 0 9 0 0
"20" 20 0.367088607595 0 0 2 10 4 6 0 1 1 0 1 2 0 0 1 0 0 0 0 0
"21" 21 0.580310880829 1 9 0 5 1 0 0 2 2 0 2 1 0 0 0 0 0 5 0 0
"22" 22 0.336538461538 0 0 1 3 1 2 0 0 0 0 1 20 0 0 0 0 1 0 0 0
"23" 23 0.354430379747 0 1 2 1 3 8 1 0 1 0 0 6 1 0 1 0 3 1 0 0
"24" 24 0.0 0 0 1 0 0 0 4 9 1 1 2 0 0 2 0 0 2 0 7 0
"25" 25 0.0459770114943 0 0 0 0 0 0 19 0 0 0 1 1 0 0 0 0 9 0 0 0
"26" 26 0.0 0 0 30 0 0 0 0 0 0 0 0 0 0 0 0 0 0 0 0 0
"27" 27 0.0077519379845 0 0 1 0 0 0 0 26 0 0 1 0 0 0 0 0 0 0 2 0
"28" 28 0.0 0 0 0 0 0 0 0 0 0 21 0 0 0 2 0 4 0 0 0 3
"29" 29 0.0 0 0 0 0 0 0 0 0 0 0 0 0 30 0 0 0 0 0 0 0
"30" 30 0.0310880829016 0 30 0 0 0 0 0 0 0 0 0 0 0 0 0 0 0 0 0 0
"31" 31 0.0 0 0 0 0 0 0 28 0 0 0 0 0 0 0 0 0 2 0 0 0
"32" 32 0.327044025157 0 0 0 0 0 0 0 29 0 0 1 0 0 0 0 0 0 0 0 0
"33" 33 0.00497512437811 0 0 0 0 0 0 2 0 0 0 0 0 0 26 0 0 1 0 0 1
"34" 34 0.269961977186 0 0 0 1 0 1 0 0 0 9 0 1 1 2 0 0 1 0 14 0
"35" 35 0.395348837209 0 0 1 0 0 0 0 1 0 0 21 0 1 2 0 0 3 0 0 1
"36" 36 0.243523316062 0 16 1 11 1 0 0 0 0 0 0 0 0 0 1 0 0 0 0 0
"37" 37 0.607594936709 0 1 4 1 1 4 0 3 0 0 3 2 0 1 0 0 0 10 0 0
"38" 38 0.607142857143 0 1 2 2 1 1 0 0 3 0 4 1 0 0 0 0 0 14 1 0
"39" 39 0.553846153846 0 0 1 6 3 11 0 0 1 0 0 1 1 0 3 0 0 3 0 0
"40" 40 0.210256410256 0 1 1 6 1 6 0 0 9 0 0 1 0 0 3 0 1 1 0 0
"41" 41 0.131979695431 0 0 0 0 0 0 11 0 2 0 0 0 0 3 0 0 12 2 0 0
"42" 42 0.00418410041841 0 0 0 0 0 0 0 0 0 11 1 0 0 9 0 0 3 0 6 0
"43" 43 0.0358974358974 0 0 1 28 0 0 0 0 0 0 0 0 1 0 0 0 0 0 0 0
"44" 44 0.0 0 0 0 0 0 0 0 0 0 0 1 0 0 0 0 0 1 0 0 28
"45" 45 0.0 0 0 0 0 0 0 10 0 0 0 0 0 0 0 0 0 20 0 0 0
"46" 46 0.0 0 0 0 1 0 0 0 0 0 0 0 0 0 0 0 0 29 0 0 0
"47" 47 0.0535714285714 0 0 0 0 0 0 0 0 0 0 0 0 0 0 0 0 0 30 0 0
"48" 48 0.0 0 0 0 0 0 0 13 0 0 0 0 0 0 0 0 0 17 0 0 0
"49" 49 0.0943396226415 0 0 0 0 0 0 0 30 0 0 0 0 0 0 0 0 0 0 0 0
"50" 50 0.105839416058 0 0 0 0 0 0 0 0 0 0 0 0 0 0 30 0 0 0 0 0
"51" 51 0.446808510638 0 0 0 0 0 0 0 0 0 1 0 0 0 0 0 29 0 0 0 0
"52" 52 0.28488372093 0 0 3 0 0 0 0 0 26 0 0 0 0 0 0 0 0 1 0 0
"53" 53 0.0820512820513 0 0 0 29 1 0 0 0 0 0 0 0 0 0 0 0 0 0 0 0
"54" 54 0.062015503876 0 0 0 0 0 0 0 0 0 0 28 2 0 0 0 0 0 0 0 0
"55" 55 0.0675105485232 0 0 0 0 0 30 0 0 0 0 0 0 0 0 0 0 0 0 0 0
"56" 56 0.0248756218905 0 0 0 0 2 0 0 0 0 4 0 0 0 2 0 0 1 0 0 21
"57" 57 0.183035714286 0 0 0 0 0 0 0 0 0 0 0 0 0 0 0 0 0 30 0 0
"58" 58 0.0152284263959 0 0 0 0 0 0 28 0 0 0 0 0 0 0 0 0 0 0 0 2
"59" 59 0.110465116279 2 1 12 5 0 0 0 0 2 0 8 0 0 0 0 0 0 0 0 0
"60" 60 0.189781021898 0 0 0 0 0 8 0 0 15 0 0 0 0 4 2 0 0 0 0 1
"61" 61 0.433035714286 0 1 1 0 0 16 0 0 1 0 1 2 0 0 0 0 0 8 0 0
"62" 62 0.334821428571 0 1 2 0 0 1 0 0 2 0 3 0 0 0 0 0 0 21 0 0
"63" 63 0.267441860465 0 1 1 1 0 3 1 9 4 1 5 1 0 2 0 0 0 1 0 0
"64" 64 0.0 0 0 0 0 0 0 0 0 0 5 0 1 0 20 0 0 0 0 0 4
"65" 65 0.0 0 0 2 28 0 0 0 0 0 0 0 0 0 0 0 0 0 0 0 0
"66" 66 0.0 0 0 0 0 0 0 0 30 0 0 0 0 0 0 0 0 0 0 0 0
"67" 67 0.0 0 0 0 0 0 0 28 0 0 1 0 0 0 1 0 0 0 0 0 0
"68" 68 0.157360406091 0 0 0 0 0 25 1 0 2 0 0 0 0 1 0 0 1 0 0 0
"69" 69 0.0358744394619 0 0 0 0 30 0 0 0 0 0 0 0 0 0 0 0 0 0 0 0
"70" 70 0.20725388601 0 29 0 0 0 0 0 0 0 0 0 0 0 0 0 0 0 0 1 0
"71" 71 0.348837209302 0 0 0 0 0 0 8 0 8 0 0 0 0 0 0 0 13 1 0 0
"72" 72 0.409282700422 0 0 0 0 0 29 0 0 0 0 0 0 0 1 0 0 0 0 0 0
"73" 73 0.776371308017 0 2 0 3 0 25 0 0 0 0 0 0 0 0 0 0 0 0 0 0
"74" 74 0.5 0 1 0 1 0 0 0 0 0 0 0 28 0 0 0 0 0 0 0 0
"75" 75 0.451476793249 0 0 0 3 0 21 0 0 0 0 2 0 0 0 2 1 1 0 0 0
"76" 76 0.18407960199 0 0 0 0 0 0 0 5 0 0 1 0 0 19 0 0 5 0 0 0
"77" 77 0.124087591241 0 0 0 0 0 0 0 0 0 0 0 0 0 0 30 0 0 0 0 0
"78" 78 0.112970711297 0 0 0 0 0 0 0 0 0 20 0 0 0 0 0 0 0 0 10 0
"79" 79 0.0 0 0 0 0 0 0 1 0 1 0 0 0 0 0 0 0 28 0 0 0
"80" 80 0.167883211679 0 1 4 2 0 3 0 0 0 0 9 0 1 0 10 0 0 0 0 0
"81" 81 0.0358974358974 0 0 1 28 0 0 0 0 0 0 0 0 1 0 0 0 0 0 0 0
"82" 82 0.0569620253165 17 0 0 0 0 0 5 0 0 1 0 0 0 1 0 0 6 0 0 0
"83" 83 0.359832635983 0 0 0 0 0 0 0 0 0 28 0 0 0 0 0 0 0 0 2 0
"84" 84 0.465408805031 0 0 0 0 0 0 0 30 0 0 0 0 0 0 0 0 0 0 0 0
"85" 85 0.0765550239234 0 0 0 0 0 0 0 0 0 1 0 0 24 0 0 0 0 0 4 1
"86" 86 0.454545454545 0 0 0 0 0 17 0 0 0 0 0 0 13 0 0 0 0 0 0 0
"87" 87 0.0 0 0 0 0 0 0 0 0 0 0 0 30 0 0 0 0 0 0 0 0
"88" 88 0.0 0 0 0 0 0 0 0 0 0 0 0 0 0 0 0 0 0 0 30 0
"89" 89 0.106598984772 1 0 0 0 0 0 24 1 0 0 0 0 0 4 0 0 0 0 0 0
"90" 90 0.00956937799043 0 0 0 0 0 0 0 0 0 0 0 0 4 0 0 26 0 0 0 0
"91" 91 0.0 0 0 0 30 0 0 0 0 0 0 0 0 0 0 0 0 0 0 0 0
"92" 92 0.0342205323194 0 0 0 0 0 0 0 0 0 0 0 0 0 0 0 0 0 0 30 0
"93" 93 0.0 0 0 0 0 0 0 0 0 0 0 0 30 0 0 0 0 0 0 0 0
"94" 94 0.0077519379845 0 0 0 0 0 0 0 0 1 0 29 0 0 0 0 0 0 0 0 0
"95" 95 0.0 0 0 0 0 0 0 5 0 0 10 0 0 0 15 0 0 0 0 0 0
"96" 96 0.0062893081761 0 0 0 0 0 0 0 30 0 0 0 0 0 0 0 0 0 0 0 0
"97" 97 0.103139013453 0 0 0 0 30 0 0 0 0 0 0 0 0 0 0 0 0 0 0 0
"98" 98 0.0 0 0 0 0 0 0 0 0 30 0 0 0 0 0 0 0 0 0 0 0
"99" 99 0.00354609929078 0 0 0 0 0 0 0 0 0 0 0 0 0 0 0 29 0 0 1 0
"100" 100 0.0 0 0 0 0 0 0 0 0 0 0 0 0 0 0 0 0 0 30 0 0
"101" 101 0.134715025907 0 21 0 9 0 0 0 0 0 0 0 0 0 0 0 0 0 0 0 0
"102" 102 0.0880503144654 0 0 0 0 0 0 0 30 0 0 0 0 0 0 0 0 0 0 0 0
"103" 103 0.261538461538 0 3 1 10 0 1 0 0 1 0 2 4 5 0 0 0 0 3 0 0
"104" 104 0.419540229885 1 0 0 0 2 0 0 0 1 0 1 0 13 2 0 0 7 2 1 0
"105" 105 0.456953642384 0 0 1 0 0 5 3 0 6 0 0 0 0 5 1 0 8 1 0 0
"106" 106 0.0143540669856 0 19 0 0 0 0 0 0 0 0 0 1 8 0 0 0 1 1 0 0
"107" 107 0.641509433962 0 1 1 3 1 2 0 8 0 0 4 1 1 1 1 0 0 6 0 0
"108" 108 0.174107142857 0 6 4 2 0 0 1 1 0 0 3 1 3 1 0 0 0 7 0 0
"109" 109 0.0872093023256 0 0 0 0 0 0 0 0 28 0 0 0 0 0 0 0 0 0 0 0
"110" 110 0.691983122363 0 1 0 4 2 9 0 0 0 0 0 14 0 0 0 0 0 0 0 0
"111" 111 0.100775193798 14 0 0 0 0 0 1 0 1 1 11 0 0 2 0 0 0 0 0 0
"112" 112 0.33908045977 4 0 0 1 0 19 0 0 0 3 0 0 0 0 1 0 0 1 0 1
"113" 113 0.00961538461538 0 0 0 0 0 0 0 0 0 0 0 30 0 0 0 0 0 0 0 0
"114" 114 0.0984455958549 0 30 0 0 0 0 0 0 0 0 0 0 0 0 0 0 0 0 0 0
"115" 115 0.0666666666667 0 0 1 28 0 0 0 0 0 0 0 1 0 0 0 0 0 0 0 0
"116" 116 0.155440414508 0 30 0 0 0 0 0 0 0 0 0 0 0 0 0 0 0 0 0 0
"117" 117 0.0188679245283 0 0 0 0 0 0 0 30 0 0 0 0 0 0 0 0 0 0 0 0
"118" 118 0.0 0 0 0 0 0 0 15 0 0 0 0 0 0 13 0 0 2 0 0 0
"119" 119 0.0466321243523 0 30 0 0 0 0 0 0 0 0 0 0 0 0 0 0 0 0 0 0
"120" 120 0.0 1 0 0 0 0 0 3 0 0 0 2 0 0 0 0 0 24 0 0 0
"121" 121 0.0 19 0 0 0 0 0 5 0 0 0 0 0 0 4 0 0 2 0 0 0
"122" 122 0.00446428571429 0 2 0 0 0 0 0 0 0 0 0 0 0 0 0 0 0 28 0 0
"123" 123 0.0609137055838 0 0 0 0 0 0 30 0 0 0 0 0 0 0 0 0 0 0 0 0
"124" 124 0.0192307692308 0 0 0 0 0 0 0 0 0 0 0 30 0 0 0 0 0 0 0 0
"125" 125 0.566964285714 0 0 10 0 1 0 0 0 1 1 0 0 1 0 3 0 0 7 6 0
"126" 126 0.546511627907 0 0 0 0 3 12 0 0 0 0 4 0 0 3 6 0 0 1 0 1
"127" 127 0.406091370558 0 0 0 0 0 0 5 0 0 0 0 0 0 1 2 0 22 0 0 0
"128" 128 0.0697674418605 3 0 1 1 0 2 0 0 0 1 11 7 1 2 1 0 0 0 0 0
"129" 129 0.479087452471 0 0 5 0 0 12 0 0 1 0 1 2 0 0 1 0 0 2 6 0
"130" 130 0.0813953488372 1 0 1 0 0 0 0 2 6 0 0 0 0 0 16 0 3 0 0 1
"131" 131 0.0192307692308 0 0 0 0 0 0 0 0 0 0 0 30 0 0 0 0 0 0 0 0
"132" 132 0.14798206278 0 5 1 0 8 0 0 0 0 0 1 0 0 0 0 0 0 15 0 0
"133" 133 0.126436781609 0 0 0 0 0 0 4 0 0 0 0 0 0 0 0 0 26 0 0 0
"134" 134 0.042194092827 0 0 0 0 0 10 6 0 0 0 0 0 0 9 1 0 3 0 1 0
"135" 135 0.304932735426 0 0 0 0 23 3 0 0 1 0 0 0 1 0 2 0 0 0 0 0
"136" 136 0.0 0 0 0 0 0 0 0 0 0 0 1 0 0 0 0 0 29 0 0 0
"137" 137 0.130801687764 0 0 0 0 0 30 0 0 0 0 0 0 0 0 0 0 0 0 0 0
"138" 138 0.015503875969 0 0 0 0 0 0 5 0 0 0 0 0 0 1 0 0 24 0 0 0
"139" 139 0.0 0 0 0 0 0 0 0 0 0 0 0 0 0 28 0 0 2 0 0 0
"140" 140 0.0 0 0 0 0 0 0 0 0 0 0 0 30 0 0 0 0 0 0 0 0
"141" 141 0.0 2 0 3 0 0 0 5 0 9 0 1 0 0 0 0 0 10 0 0 0
"142" 142 0.0137614678899 0 0 0 0 0 0 5 0 0 1 0 0 0 14 0 0 2 0 0 8
"143" 143 0.0 0 0 0 0 0 0 0 0 0 0 28 2 0 0 0 0 0 0 0 0
"144" 144 0.0 0 0 0 0 0 0 0 0 0 0 0 0 0 27 0 0 0 0 0 3
"145" 145 0.119402985075 0 0 0 0 0 0 18 0 0 0 0 0 0 9 0 0 3 0 0 0
"146" 146 0.0362694300518 0 30 0 0 0 0 0 0 0 0 0 0 0 0 0 0 0 0 0 0
"147" 147 0.424107142857 0 2 0 1 0 0 0 0 0 0 0 0 0 0 0 0 0 27 0 0
"148" 148 0.509615384615 0 0 0 0 0 0 0 0 0 0 0 28 0 0 0 0 0 2 0 0
"149" 149 0.330357142857 0 0 0 0 0 0 0 0 0 0 0 0 0 0 0 0 0 30 0 0
"150" 150 0.0 1 0 0 0 0 0 0 0 27 0 0 0 0 2 0 0 0 0 0 0
"151" 151 0.0414507772021 0 30 0 0 0 0 0 0 0 0 0 0 0 0 0 0 0 0 0 0
"152" 152 0.0 0 0 0 0 0 0 0 0 0 0 0 0 0 0 0 30 0 0 0 0
"153" 153 0.0 0 0 0 0 0 30 0 0 0 0 0 0 0 0 0 0 0 0 0 0
"154" 154 0.0 0 0 0 0 0 0 8 0 0 0 0 0 0 7 0 0 15 0 0 0
"155" 155 0.010152284264 0 0 0 0 0 0 22 0 0 1 0 0 0 3 0 0 3 0 0 1
"156" 156 0.0 1 0 0 0 0 0 0 0 1 0 12 1 0 0 0 0 15 0 0 0
"157" 157 0.0 0 0 0 0 0 0 26 0 0 0 0 0 0 0 0 0 4 0 0 0
"158" 158 0.113989637306 0 21 0 8 0 0 0 0 0 0 0 1 0 0 0 0 0 0 0 0
"159" 159 0.289340101523 1 0 0 0 0 0 4 0 1 0 1 0 0 0 0 0 23 0 0 0
"160" 160 0.651282051282 0 2 1 16 1 1 0 0 2 0 0 0 0 0 2 0 0 5 0 0
"161" 161 0.0673575129534 0 30 0 0 0 0 0 0 0 0 0 0 0 0 0 0 0 0 0 0
"162" 162 0.584905660377 0 0 0 0 0 0 0 27 0 0 0 0 0 0 1 0 0 2 0 0
"163" 163 0.199004975124 0 1 0 1 0 2 1 0 0 0 1 0 0 17 1 0 1 4 0 1
"164" 164 0.046511627907 0 0 1 0 0 0 0 0 0 1 28 0 0 0 0 0 0 0 0 0
"165" 165 0.62893081761 0 4 6 3 1 4 0 5 0 0 4 1 0 0 0 0 0 2 0 0
"166" 166 0.523206751055 0 1 1 2 5 15 0 0 0 0 0 0 0 0 0 0 0 6 0 0
"167" 167 0.0 0 0 0 0 0 0 4 0 0 2 0 0 0 13 0 0 5 0 2 4
"168" 168 0.435897435897 0 1 0 26 0 0 0 0 0 0 0 0 3 0 0 0 0 0 0 0
"169" 169 0.222797927461 0 28 1 0 0 0 0 0 1 0 0 0 0 0 0 0 0 0 0 0
"170" 170 0.0710659898477 0 0 0 0 0 0 22 0 1 0 0 0 0 1 0 0 6 0 0 0
"171" 171 0.482142857143 0 7 4 1 1 1 0 0 0 0 2 2 0 0 0 0 0 12 0 0
"172" 172 0.113989637306 0 30 0 0 0 0 0 0 0 0 0 0 0 0 0 0 0 0 0 0
"173" 173 0.0 0 0 0 0 0 0 6 0 0 0 0 0 0 1 0 0 23 0 0 0
"174" 174 0.370535714286 0 3 1 0 0 2 0 0 0 0 0 0 0 0 7 0 0 17 0 0
"175" 175 0.527426160338 0 0 0 0 1 15 0 0 2 0 0 0 0 0 10 0 0 2 0 0
"176" 176 0.357414448669 0 0 0 0 0 2 1 0 0 1 0 0 18 2 0 0 4 0 0 1
"177" 177 0.163179916318 1 0 0 0 0 5 0 0 0 7 0 0 0 7 0 0 0 0 4 5
"178" 178 0.622641509434 0 0 0 0 0 0 0 28 0 0 0 0 0 0 0 0 0 1 0 0
"179" 179 0.278846153846 0 0 1 0 0 0 0 0 0 0 0 28 0 0 1 0 0 0 0 0
"180" 180 0.169154228856 0 0 0 0 0 0 0 0 0 1 0 0 0 23 0 0 1 0 5 0
"181" 181 0.0995024875622 0 0 0 0 0 0 4 0 0 0 0 0 0 25 0 0 0 0 0 1
"182" 182 0.740875912409 0 3 1 1 0 6 0 0 0 0 1 0 0 0 10 0 0 8 0 0
"183" 183 0.178294573643 0 2 0 0 1 0 0 0 1 0 26 0 0 0 0 0 0 0 0 0
"184" 184 0.0116279069767 0 0 4 0 0 0 1 0 25 0 0 0 0 0 0 0 0 0 0 0
"185" 185 0.148717948718 0 0 0 7 1 0 4 0 1 0 0 0 0 2 2 0 12 0 1 0
"186" 186 0.299107142857 0 7 0 2 1 0 0 0 1 1 0 0 0 0 0 0 0 18 0 0
"187" 187 0.00709219858156 0 0 0 0 0 0 0 0 0 0 0 0 0 0 0 30 0 0 0 0
"188" 188 0.0 0 0 0 0 0 0 0 0 0 28 0 0 0 1 0 0 0 0 0 1
"189" 189 0.270072992701 0 0 0 0 0 11 0 0 0 0 0 0 0 0 19 0 0 0 0 0
"190" 190 0.167512690355 1 1 0 3 0 0 18 0 1 0 0 0 0 1 2 0 2 0 1 0
"191" 191 0.0190114068441 0 0 0 0 0 0 0 0 0 0 0 0 0 0 0 0 0 0 30 0
"192" 192 0.0548523206751 0 0 0 0 0 28 0 0 0 0 0 0 0 0 1 0 0 0 0 1
"193" 193 0.395939086294 0 0 0 0 0 0 18 0 0 0 0 0 0 1 0 0 9 0 0 2
"194" 194 0.213836477987 0 0 0 0 0 0 0 28 0 0 2 0 0 0 0 0 0 0 0 0
"195" 195 0.336787564767 0 24 0 1 0 0 0 0 2 0 2 1 0 0 0 0 0 0 0 0
"196" 196 0.730769230769 0 0 0 0 0 0 0 0 0 0 0 30 0 0 0 0 0 0 0 0
"197" 197 0.320675105485 0 1 0 0 0 28 0 0 0 0 0 0 0 0 0 0 0 0 1 0
"198" 198 0.610062893082 0 0 0 0 0 0 0 30 0 0 0 0 0 0 0 0 0 0 0 0
"199" 199 0.415178571429 0 0 0 0 1 1 0 3 0 0 4 0 0 1 0 0 0 20 0 0
"200" 200 0.0461538461538 0 0 0 30 0 0 0 0 0 0 0 0 0 0 0 0 0 0 0 0
"201" 201 0.578475336323 0 2 1 2 17 4 0 0 2 0 0 0 0 0 0 0 0 2 0 0
"202" 202 0.100418410042 0 0 0 0 0 0 1 0 0 28 0 0 0 0 0 0 0 0 1 0
"203" 203 0.139534883721 0 0 0 0 0 0 0 1 0 0 26 3 0 0 0 0 0 0 0 0
"204" 204 0.276150627615 0 0 0 0 0 0 0 0 0 28 0 0 0 2 0 0 0 0 0 0
"205" 205 0.82119205298 0 4 7 17 0 0 0 0 1 0 0 0 0 0 0 0 0 1 0 0
"206" 206 0.0769230769231 0 1 1 0 0 0 0 0 0 0 1 26 0 0 0 0 0 1 0 0
"207" 207 0.459821428571 0 2 0 0 1 3 0 0 0 0 0 0 0 0 0 0 0 24 0 0
"208" 208 0.162790697674 5 0 1 0 0 0 0 2 0 8 10 0 0 0 0 0 0 0 4 0
"209" 209 0.172995780591 0 0 0 0 2 25 0 0 0 0 0 0 0 1 0 0 0 0 0 2
"210" 210 0.323076923077 0 6 3 16 0 0 0 2 0 0 0 2 1 0 0 0 0 0 0 0
"211" 211 0.253164556962 0 0 0 0 1 13 0 0 0 0 6 0 0 0 9 0 1 0 0 0
"212" 212 0.713080168776 0 7 2 0 0 7 0 0 0 0 4 0 0 0 0 0 0 9 0 0
"213" 213 0.220532319392 0 0 0 0 0 1 0 0 0 18 0 0 0 0 0 0 0 2 8 0
"214" 214 0.0 0 0 1 0 0 0 0 0 3 0 25 0 0 0 0 0 0 0 0 0
"215" 215 0.213930348259 0 0 0 0 0 0 2 0 5 0 0 0 2 10 0 0 3 4 0 3
"216" 216 0.512953367876 0 4 0 0 0 9 0 0 1 0 0 4 2 0 0 0 0 9 0 0
"217" 217 0.0 0 0 0 0 0 0 15 0 2 0 0 0 0 0 0 0 12 0 0 0
"218" 218 0.0 0 0 0 0 0 0 15 0 0 0 0 0 0 0 0 0 14 0 0 0
"219" 219 0.476793248945 0 1 1 3 2 6 0 0 0 0 5 0 2 1 3 0 0 4 1 0
"220" 220 0.205357142857 0 2 4 0 2 0 0 0 0 0 0 1 0 0 0 0 0 20 0 0
"221" 221 0.0 9 0 0 0 0 0 0 0 15 0 1 1 0 0 0 0 3 0 0 0
"222" 222 0.124401913876 0 0 3 3 0 0 0 0 0 0 2 0 20 0 0 0 0 0 1 0
"223" 223 0.295336787565 0 1 3 0 3 3 0 0 2 0 0 1 0 0 2 0 1 13 0 0
"224" 224 0.112582781457 1 0 2 1 1 0 0 0 0 7 7 0 5 0 1 0 0 0 4 0
"225" 225 0.0460992907801 0 0 0 0 0 0 0 0 0 0 0 0 0 0 0 29 0 0 0 0
"226" 226 0.396624472574 1 0 0 0 6 13 0 0 0 0 0 0 0 1 2 0 0 6 0 0
"227" 227 0.42600896861 0 2 1 2 2 5 0 0 1 0 9 1 0 0 4 0 0 2 0 0
"228" 228 0.00497512437811 0 0 0 0 0 0 0 0 0 0 0 0 0 27 0 0 0 0 0 2
"229" 229 0.0355329949239 0 0 0 0 0 0 15 0 0 0 1 0 0 5 0 0 6 0 0 2
"230" 230 0.302325581395 1 1 1 6 2 5 0 0 6 0 0 0 3 0 0 0 0 0 0 2
"231" 231 0.519230769231 0 0 1 0 2 10 0 0 0 0 0 11 0 0 2 0 0 1 0 0
"232" 232 0.603375527426 0 0 0 0 1 6 0 0 1 0 0 0 0 0 0 0 0 3 0 0
"233" 233 0.152317880795 0 0 2 1 0 7 1 0 6 0 1 0 0 0 0 0 1 5 0 0
"234" 234 0.695364238411 1 2 3 0 1 1 0 2 5 0 4 0 0 0 0 0 4 3 0 0
"235" 235 0.347150259067 0 10 1 4 0 0 0 2 1 0 3 1 0 0 0 0 0 1 1 0
"236" 236 0.311258278146 0 1 3 1 0 5 0 0 3 0 6 3 1 0 1 0 1 0 0 0
"237" 237 0.350210970464 0 0 2 2 0 5 0 0 0 0 0 12 0 0 0 0 0 2 1 0
"238" 238 0.567307692308 0 4 1 2 0 1 0 1 2 0 1 8 0 0 0 0 0 5 0 0
"239" 239 0.0609137055838 0 0 0 0 0 0 14 1 0 1 0 0 0 8 0 0 1 0 0 0
"240" 240 0.186528497409 0 1 14 5 0 1 0 0 0 0 3 0 0 0 0 0 0 1 0 0
"241" 241 0.0845771144279 15 0 0 0 0 0 2 0 1 0 0 0 0 8 0 0 0 0 0 0
"242" 242 0.162790697674 0 1 1 0 1 2 0 1 10 0 1 0 1 1 1 0 4 2 0 1
"243" 243 0.0 0 0 1 25 0 0 0 0 1 0 0 0 0 0 0 0 0 0 0 0
"244" 244 0.0747126436782 0 0 1 1 0 0 3 0 11 0 0 0 0 2 0 0 9 0 0 0
"245" 245 0.354651162791 1 0 4 0 1 0 1 0 16 0 1 0 0 1 0 0 1 0 0 0
"246" 246 0.18407960199 0 0 0 0 1 1 3 0 0 0 0 0 0 6 1 0 12 1 0 1
"247" 247 0.534591194969 1 1 8 1 2 1 0 0 3 0 2 1 0 0 1 0 0 5 0 0
"248" 248 0.860103626943 0 5 3 6 0 0 0 0 0 0 1 9 1 0 0 0 0 1 0 0
"249" 249 0.116279069767 0 0 18 2 0 1 0 0 4 0 2 0 0 0 0 0 0 0 0 0
"250" 250 0.641509433962 0 0 2 0 1 1 0 16 1 0 1 0 1 0 1 0 2 0 0 0
"251" 251 0.296511627907 1 3 0 0 0 1 2 1 3 2 2 4 0 1 0 0 0 1 2 0
"252" 252 0.304182509506 2 0 5 1 0 2 3 0 1 5 0 0 0 1 3 0 0 0 1 1
"253" 253 0.35761589404 2 4 5 1 0 1 0 0 3 0 1 0 0 1 0 0 3 1 0 0
"254" 254 0.649789029536 0 7 3 1 2 2 0 1 1 0 0 0 1 0 1 0 0 4 0 0
"255" 255 0.449612403101 0 1 2 0 0 1 0 3 1 0 4 0 0 0 2 0 1 8 1 0
"256" 256 0.124031007752 0 3 1 0 3 3 1 0 0 0 3 0 1 0 0 0 1 0 0 0
"257" 257 0.0331125827815 0 3 4 0 1 0 0 0 0 0 13 0 0 0 0 1 2 0 1 0
"258" 258 0.533678756477 0 2 3 5 1 3 0 1 1 0 2 0 0 2 2 0 3 1 0 0
"259" 259 0.635658914729 0 1 5 4 0 2 0 0 2 0 9 2 0 0 0 0 0 2 0 0
"260" 260 0.10152284264 0 0 0 0 0 0 15 0 2 0 1 0 0 3 0 0 6 0 0 0
"261" 261 0.459119496855 0 0 0 1 0 2 2 8 0 1 0 0 0 3 0 0 8 2 0 0
"262" 262 0.622641509434 0 2 1 1 7 2 0 4 0 0 7 0 0 0 0 0 0 1 1 0
"263" 263 0.503875968992 0 3 6 1 0 4 0 0 0 0 4 2 0 0 1 0 0 4 0 0
"264" 264 0.331125827815 0 1 6 1 2 0 0 0 3 0 5 0 1 1 1 0 1 4 0 0
"265" 265 0.621890547264 0 0 1 3 0 1 0 9 0 0 3 0 0 3 1 0 2 2 0 0
"266" 266 0.447257383966 1 2 4 1 2 2 0 3 2 0 1 1 0 3 0 0 3 1 0 0
"267" 267 0.658914728682 1 2 2 0 1 0 1 6 0 1 6 1 0 2 0 0 0 1 2 0
"268" 268 0.435233160622 0 0 3 0 1 1 0 8 0 0 5 6 0 0 0 0 1 1 0 0
"269" 269 0.178294573643 0 1 3 1 1 2 3 2 0 0 7 1 0 0 0 0 0 1 0 1
"270" 270 0.779874213836 0 1 0 2 1 1 0 15 0 0 3 0 0 0 0 0 2 0 0 0
"271" 271 0.355329949239 0 0 1 1 1 1 5 2 0 0 2 1 1 2 0 0 5 3 0 0
"272" 272 0.585492227979 0 7 3 0 0 2 0 5 0 0 1 1 0 1 0 0 0 5 0 0
"273" 273 0.675105485232 1 1 2 0 1 1 4 4 0 0 1 1 0 0 1 0 5 0 0 0
"274" 274 0.364238410596 1 2 9 1 0 0 0 3 0 0 1 0 0 0 0 0 0 4 0 0
"275" 275 0.0761421319797 0 0 0 0 0 0 3 0 0 0 1 0 0 3 0 0 16 1 0 0
"276" 276 0.554404145078 0 17 1 1 1 0 0 0 0 0 0 0 3 0 0 0 0 1 0 0
"277" 277 0.497890295359 0 1 1 0 1 15 1 0 1 0 1 0 0 0 2 0 1 1 0 0
"278" 278 0.421985815603 0 0 0 0 0 0 0 0 0 1 0 0 0 0 0 23 0 0 0 1
"279" 279 0.18410041841 0 0 0 0 0 0 0 0 0 10 0 0 10 1 0 0 1 1 2 0
"280" 280 0.861924686192 0 0 0 0 0 0 0 0 0 12 0 0 0 0 0 0 0 0 11 0
