"site" "RSA" "aa1" "aa2" "aa3" "aa4" "aa5" "aa6" "aa7" "aa8" "aa9" "aa10" "aa11" "aa12" "aa13" "aa14" "aa15" "aa16" "aa17" "aa18" "aa19" "aa20"
"0" 0 0.790697674419 0 0 1 0 0 26 0 227 0 0 0 0 0 0 0 0 0 246 0 0
"1" 1 0.34375 0 51 7 0 0 0 0 0 430 0 0 0 0 0 0 12 0 0 0 0
"2" 2 0.601990049751 0 484 0 0 0 16 0 0 0 0 0 0 0 0 0 0 0 0 0 0
"3" 3 0.267857142857 0 0 0 0 0 0 0 0 0 0 0 0 0 0 0 0 0 500 0 0
"4" 4 0.20802919708 0 0 0 0 0 172 0 0 0 0 0 0 1 0 202 0 1 1 0 123
"5" 5 0.0 0 0 18 0 0 0 0 0 480 0 0 0 0 0 0 0 2 0 0 0
"6" 6 0.0 0 0 0 0 0 0 0 0 0 381 2 0 11 0 0 1 0 0 105 0
"7" 7 0.0 10 0 0 0 0 0 83 0 0 2 0 0 0 7 0 0 397 1 0 0
"8" 8 0.031007751938 5 0 0 0 8 0 0 0 0 2 78 3 0 0 0 0 0 42 0 362
"9" 9 0.0 0 0 0 0 0 0 500 0 0 0 0 0 0 0 0 0 0 0 0 0
"10" 10 0.101265822785 0 0 0 0 0 487 0 0 0 0 0 0 0 10 0 0 0 0 0 3
"11" 11 0.0251572327044 0 0 0 0 0 0 0 495 0 0 0 0 0 0 0 0 5 0 0 0
"12" 12 0.0777202072539 0 0 20 0 220 0 0 0 0 0 0 0 0 0 0 0 1 257 2 0
"13" 13 0.0 0 0 0 0 0 0 0 0 0 0 0 500 0 0 0 0 0 0 0 0
"14" 14 0.14367816092 0 0 0 0 0 0 0 0 0 0 0 0 0 0 0 0 469 0 31 0
"15" 15 0.614349775785 0 0 0 0 0 289 0 0 0 0 0 0 0 0 211 0 0 0 0 0
"16" 16 0.470802919708 0 220 0 0 0 124 0 0 0 0 0 0 0 0 155 0 0 0 0 1
"17" 17 0.538461538462 0 0 0 500 0 0 0 0 0 0 0 0 0 0 0 0 0 0 0 0
"18" 18 0.0995024875622 0 226 0 11 100 13 0 0 0 44 0 0 1 105 0 0 0 0 0 0
"19" 19 0.294416243655 0 0 0 0 0 0 469 0 0 0 0 0 0 0 0 0 31 0 0 0
"20" 20 0.629139072848 0 0 0 0 12 333 0 0 0 0 0 0 0 0 97 0 0 58 0 0
"21" 21 0.303571428571 0 14 0 0 2 11 43 0 0 207 20 0 0 6 126 0 0 12 57 2
"22" 22 0.0 0 0 0 0 0 0 497 0 0 3 0 0 0 0 0 0 0 0 0 0
"23" 23 0.157360406091 0 0 0 0 40 1 0 0 129 0 2 0 0 0 86 0 0 242 0 0
"24" 24 0.238410596026 0 95 0 3 0 169 0 0 0 0 105 0 0 24 64 0 0 38 0 2
"25" 25 0.0656934306569 0 1 1 0 0 0 0 0 0 0 0 0 0 0 0 0 0 0 0 498
"26" 26 0.0 0 0 0 0 0 0 0 0 0 499 0 0 0 0 0 0 0 0 1 0
"27" 27 0.607142857143 0 0 0 0 0 190 0 0 0 0 0 0 0 0 193 0 0 0 0 117
"28" 28 0.667883211679 0 64 13 0 0 239 0 0 0 0 0 0 0 2 97 0 0 12 0 73
"29" 29 0.409282700422 0 0 445 0 0 0 0 0 55 0 0 0 0 0 0 0 0 0 0 0
"30" 30 0.182692307692 0 0 0 0 0 0 0 0 0 0 0 500 0 0 0 0 0 0 0 0
"31" 31 0.0669456066946 0 0 0 0 0 0 0 0 0 55 0 1 0 444 0 0 0 0 0 0
"32" 32 0.0928270042194 0 0 1 0 2 0 0 0 1 0 273 0 3 208 0 0 0 0 0 12
"33" 33 0.293532338308 0 1 0 0 0 0 0 0 0 0 0 0 0 499 0 0 0 0 0 0
"34" 34 0.0114942528736 1 0 0 0 2 0 0 0 0 0 0 0 0 0 0 0 497 0 0 0
"35" 35 0.0288461538462 0 0 0 0 0 0 0 0 0 0 22 478 0 0 0 0 0 0 0 0
"36" 36 0.41116751269 1 0 0 0 2 241 0 0 0 0 12 0 0 0 15 1 0 82 0 146
"37" 37 0.215189873418 0 0 2 0 21 8 0 0 65 0 1 0 0 0 0 0 0 3 0 400
"38" 38 0.540229885057 0 0 0 0 0 11 0 0 135 0 0 0 0 27 0 0 245 0 0 82
"39" 39 0.223880597015 0 0 67 0 0 6 0 0 22 0 0 0 0 2 0 1 0 1 0 401
"40" 40 0.573604060914 0 0 0 0 0 11 489 0 0 0 0 0 0 0 0 0 0 0 0 0
"41" 41 0.0314465408805 0 2 2 0 0 0 0 495 0 0 0 0 1 0 0 0 0 0 0 0
"42" 42 0.482558139535 0 0 75 0 0 24 0 0 0 0 0 0 0 0 401 0 0 0 0 0
"43" 43 0.286919831224 0 0 0 0 0 475 0 0 0 0 0 0 0 0 0 0 0 0 0 25
"44" 44 0.596412556054 0 0 0 0 0 0 0 0 0 0 0 0 0 0 0 0 0 500 0 0
"45" 45 0.154811715481 0 344 0 0 24 1 0 0 0 23 0 0 1 44 0 3 0 60 0 0
"46" 46 0.0 0 0 6 0 0 0 0 0 0 0 491 3 0 0 0 0 0 0 0 0
"47" 47 0.304932735426 0 0 0 0 0 500 0 0 0 0 0 0 0 0 0 0 0 0 0 0
"48" 48 0.439461883408 0 0 0 40 0 457 0 0 0 0 0 0 0 0 0 0 0 3 0 0
"49" 49 0.0717703349282 3 1 43 0 2 3 73 0 108 26 0 0 62 50 0 1 75 1 36 16
"50" 50 0.0684410646388 0 3 0 3 6 0 0 0 1 311 0 0 20 0 0 29 0 15 110 2
"51" 51 0.382775119617 0 0 0 0 0 269 0 0 0 0 0 0 0 0 158 0 0 72 0 1
"52" 52 0.59585492228 0 157 110 0 1 110 0 0 0 0 0 0 0 0 2 6 0 114 0 0
"53" 53 0.228855721393 0 430 0 31 0 13 0 0 0 0 0 0 0 2 14 1 0 7 0 2
"54" 54 0.582278481013 0 0 272 0 0 228 0 0 0 0 0 0 0 0 0 0 0 0 0 0
"55" 55 0.705357142857 0 0 0 0 0 2 0 0 0 0 0 0 0 0 498 0 0 0 0 0
"56" 56 0.507299270073 0 0 483 0 0 9 0 0 0 0 0 0 0 0 0 0 0 0 0 8
"57" 57 0.823899371069 0 0 0 0 0 486 0 14 0 0 0 0 0 0 0 0 0 0 0 0
"58" 58 0.355648535565 0 144 0 50 0 96 0 0 0 0 0 0 1 0 0 0 0 204 2 3
"59" 59 0.10460251046 0 0 0 0 0 0 0 0 0 500 0 0 0 0 0 0 0 0 0 0
"60" 60 0.482051282051 0 0 0 0 0 472 0 0 0 0 0 0 0 0 0 0 0 4 0 24
"61" 61 0.413461538462 0 1 0 1 0 15 0 0 0 1 0 0 5 0 0 0 0 475 0 2
"62" 62 0.238805970149 0 1 0 3 14 446 0 0 0 0 0 0 0 0 0 2 0 21 3 10
"63" 63 0.0 0 0 0 0 0 0 0 0 0 0 2 0 0 0 0 0 498 0 0 0
"64" 64 0.40414507772 0 0 0 0 0 24 0 0 0 0 0 0 0 0 475 0 0 0 0 1
"65" 65 0.138075313808 0 0 0 0 0 0 0 0 0 491 0 0 0 0 5 3 0 0 0 1
"66" 66 0.0248756218905 0 15 5 3 38 0 3 0 109 0 197 0 0 87 0 0 0 16 0 27
"67" 67 0.165562913907 0 0 0 0 0 0 0 0 0 0 500 0 0 0 0 0 0 0 0 0
"68" 68 0.523178807947 0 0 500 0 0 0 0 0 0 0 0 0 0 0 0 0 0 0 0 0
"69" 69 0.0769230769231 0 57 0 0 0 0 0 0 0 0 0 443 0 0 0 0 0 0 0 0
"70" 70 0.220125786164 0 0 0 0 0 36 0 443 7 0 4 0 0 0 0 5 0 0 5 0
"71" 71 0.0 105 0 8 5 0 0 0 0 258 0 42 0 0 0 0 0 53 0 0 29
"72" 72 0.0761421319797 0 0 1 0 0 0 381 0 0 0 0 0 0 0 0 0 118 0 0 0
"73" 73 0.0 295 10 66 3 2 0 0 0 7 2 48 0 53 0 0 13 0 1 0 0
"74" 74 0.0 0 0 0 0 443 0 0 0 0 0 0 0 0 0 0 0 0 57 0 0
"75" 75 0.0 0 0 0 0 0 0 2 0 0 0 0 22 0 0 0 0 476 0 0 0
"76" 76 0.0106382978723 0 0 0 0 0 0 0 0 0 0 0 0 0 0 0 500 0 0 0 0
"77" 77 0.03125 0 0 0 0 0 0 0 0 0 0 0 0 0 0 41 0 0 197 0 262
"78" 78 0.0 0 0 0 0 0 0 0 0 0 0 0 500 0 0 0 0 0 0 0 0
"79" 79 0.491071428571 0 0 0 0 0 473 0 0 0 0 17 0 0 0 0 0 0 10 0 0
"80" 80 0.25 0 0 0 0 0 0 0 0 0 0 0 500 0 0 0 0 0 0 0 0
"81" 81 0.0 0 0 0 0 0 0 1 0 0 0 499 0 0 0 0 0 0 0 0 0
"82" 82 0.0456852791878 0 0 0 0 0 0 499 0 1 0 0 0 0 0 0 0 0 0 0 0
"83" 83 0.494186046512 0 19 0 0 0 115 0 0 0 0 0 0 0 0 97 0 0 269 0 0
"84" 84 0.326996197719 0 1 0 0 0 324 0 0 0 0 0 0 0 0 0 0 0 175 0 0
"85" 85 0.00961538461538 0 0 0 0 0 0 0 0 0 0 0 500 0 0 0 0 0 0 0 0
"86" 86 0.474452554745 0 24 0 91 0 229 0 0 0 0 0 0 0 2 0 0 0 3 0 151
"87" 87 0.569620253165 0 0 0 5 0 126 0 0 0 0 0 0 0 35 310 0 0 24 0 0
"88" 88 0.114427860697 0 0 0 0 0 0 500 0 0 0 0 0 0 0 0 0 0 0 0 0
"89" 89 0.0203045685279 0 0 0 0 0 0 3 0 3 0 2 0 0 1 34 0 457 0 0 0
"90" 90 0.163461538462 0 0 0 0 0 0 0 0 0 0 0 500 0 0 0 0 0 0 0 0
"91" 91 0.31007751938 0 0 0 0 0 0 0 0 0 0 0 0 500 0 0 0 0 0 0 0
"92" 92 0.540697674419 0 225 0 0 0 4 0 0 0 0 0 0 0 0 225 0 0 43 0 3
"93" 93 0.176165803109 0 102 0 0 0 0 13 0 0 0 0 0 0 0 372 0 13 0 0 0
"94" 94 0.0440251572327 0 0 0 0 0 0 0 500 0 0 0 0 0 0 0 0 0 0 0 0
"95" 95 0.668161434978 0 0 0 0 80 4 0 0 0 0 0 0 0 0 5 0 0 411 0 0
"96" 96 0.691983122363 0 0 0 0 102 385 0 0 0 0 13 0 0 0 0 0 0 0 0 0
"97" 97 0.0993377483444 0 0 500 0 0 0 0 0 0 0 0 0 0 0 0 0 0 0 0 0
"98" 98 0.457364341085 0 0 362 0 0 138 0 0 0 0 0 0 0 0 0 0 0 0 0 0
"99" 99 0.748427672956 0 0 328 0 0 34 0 138 0 0 0 0 0 0 0 0 0 0 0 0
"100" 100 0.461538461538 0 0 0 0 0 0 0 0 0 0 0 500 0 0 0 0 0 0 0 0
"101" 101 0.110465116279 0 0 0 0 0 0 0 0 500 0 0 0 0 0 0 0 0 0 0 0
"102" 102 0.0 0 0 0 1 0 0 499 0 0 0 0 0 0 0 0 0 0 0 0 0
"103" 103 0.0839416058394 0 0 0 352 0 144 0 0 0 0 4 0 0 0 0 0 0 0 0 0
"104" 104 0.240384615385 0 0 0 0 0 0 0 0 0 0 0 500 0 0 0 0 0 0 0 0
"105" 105 0.367875647668 0 429 0 57 0 0 0 0 0 0 0 0 0 0 1 0 0 13 0 0
"106" 106 0.139303482587 0 11 0 1 1 272 0 0 0 3 0 0 11 47 0 0 0 0 154 0
"107" 107 0.093023255814 0 0 240 0 0 0 0 0 0 0 260 0 0 0 0 0 0 0 0 0
"108" 108 0.568965517241 0 0 0 0 0 499 0 0 0 0 0 0 0 0 0 0 0 1 0 0
"109" 109 0.413793103448 1 0 0 0 0 411 84 0 0 0 0 0 0 0 0 0 0 4 0 0
"110" 110 0.379310344828 0 0 0 0 0 0 2 0 0 0 0 0 0 1 347 0 0 0 0 150
"111" 111 0.451923076923 0 28 0 0 0 181 0 0 0 0 0 0 0 0 207 0 0 67 0 17
"112" 112 0.448905109489 0 0 0 0 0 0 0 0 0 0 0 0 0 0 498 0 0 0 2 0
"113" 113 0.0512820512821 0 135 5 360 0 0 0 0 0 0 0 0 0 0 0 0 0 0 0 0
"114" 114 0.0 1 0 0 181 0 316 0 0 0 0 2 0 0 0 0 0 0 0 0 0
"115" 115 0.0 0 0 0 0 0 0 489 0 4 0 2 0 1 0 0 0 3 1 0 0
"116" 116 0.157894736842 44 0 66 0 0 24 0 0 2 16 0 0 6 262 5 3 2 0 70 0
"117" 117 0.134615384615 13 0 62 0 0 0 0 0 37 0 0 3 18 0 0 0 367 0 0 0
"118" 118 0.0 0 0 30 0 0 0 0 0 0 0 468 2 0 0 0 0 0 0 0 0
"119" 119 0.502590673575 0 16 0 10 1 225 0 0 0 0 0 0 0 0 23 0 0 225 0 0
"120" 120 0.105769230769 0 0 0 1 0 0 0 0 0 0 0 430 0 0 8 0 0 0 0 61
"121" 121 0.553459119497 0 0 0 0 0 68 0 430 0 0 0 0 0 0 2 0 0 0 0 0
"122" 122 0.575892857143 0 0 0 0 0 378 0 0 0 0 0 0 0 0 72 0 0 50 0 0
"123" 123 0.174418604651 0 5 25 3 1 43 0 0 3 0 0 0 0 1 145 6 0 265 0 3
"124" 124 0.015503875969 0 0 7 0 0 0 0 0 0 0 493 0 0 0 0 0 0 0 0 0
"125" 125 0.573839662447 0 0 0 0 0 446 0 0 0 0 0 0 0 0 51 0 0 3 0 0
"126" 126 0.507772020725 0 0 0 0 0 75 2 0 0 0 0 0 0 2 338 0 0 4 0 79
"127" 127 0.09375 0 68 0 1 13 3 0 0 0 3 0 0 1 288 0 1 0 10 106 6
"128" 128 0.0964467005076 0 0 0 0 0 0 474 0 0 0 0 0 0 20 4 0 0 0 0 2
"129" 129 0.713080168776 0 0 0 1 0 418 0 0 0 0 0 0 0 30 0 0 0 51 0 0
"130" 130 0.243781094527 0 0 0 0 4 4 0 0 0 0 0 0 0 472 0 5 0 0 0 15
"131" 131 0.0354609929078 1 1 2 11 2 0 0 0 59 87 6 1 206 0 0 7 0 0 88 29
"132" 132 0.0418410041841 0 0 0 0 0 0 0 0 0 500 0 0 0 0 0 0 0 0 0 0
"133" 133 0.518987341772 0 0 0 0 0 186 0 0 0 0 0 0 0 0 314 0 0 0 0 0
"134" 134 0.685534591195 0 1 0 0 0 77 0 422 0 0 0 0 0 0 0 0 0 0 0 0
"135" 135 0.629464285714 0 0 0 0 0 500 0 0 0 0 0 0 0 0 0 0 0 0 0 0
"136" 136 0.290178571429 0 191 0 0 0 115 0 0 0 0 0 0 0 0 0 1 0 128 0 65
"137" 137 0.169154228856 0 0 3 0 0 0 2 0 0 0 0 0 0 477 1 0 0 7 0 10
"138" 138 0.390804597701 0 0 0 0 0 499 1 0 0 0 0 0 0 0 0 0 0 0 0 0
"139" 139 0.741721854305 0 2 1 0 119 206 0 0 0 0 0 0 0 11 122 0 0 39 0 0
"140" 140 0.430962343096 0 0 0 0 0 208 0 0 0 0 0 0 0 0 3 0 0 0 288 1
"141" 141 0.651162790698 0 159 0 1 0 40 0 0 0 0 0 0 0 0 0 0 0 24 0 276
"142" 142 0.145695364238 0 90 410 0 0 0 0 0 0 0 0 0 0 0 0 0 0 0 0 0
"143" 143 0.692307692308 0 0 0 0 0 500 0 0 0 0 0 0 0 0 0 0 0 0 0 0
"144" 144 0.390728476821 0 0 410 0 0 0 0 0 0 0 0 0 0 0 90 0 0 0 0 0
"145" 145 0.147321428571 0 0 0 0 0 221 0 0 0 2 2 0 0 1 0 217 0 0 57 0
"146" 146 0.599156118143 0 2 0 0 0 477 0 0 0 0 0 0 0 0 21 0 0 0 0 0
"147" 147 0.794326241135 0 0 0 0 0 0 0 0 500 0 0 0 0 0 0 0 0 0 0 0
"148" 148 0.335025380711 0 0 0 0 0 0 393 0 0 0 0 0 0 107 0 0 0 0 0 0
"149" 149 0.406844106464 0 0 0 0 0 0 1 0 0 0 0 0 0 0 0 0 0 0 499 0
