"site" "RSA" "aa1" "aa2" "aa3" "aa4" "aa5" "aa6" "aa7" "aa8" "aa9" "aa10" "aa11" "aa12" "aa13" "aa14" "aa15" "aa16" "aa17" "aa18" "aa19" "aa20"
"0" 0 0.883408071749 0 0 0 0 3 0 0 0 0 0 0 0 0 0 0 0 0 0 0 0
"1" 1 0.759615384615 0 0 0 0 0 0 0 0 0 1 0 2 0 0 0 0 0 0 0 0
"2" 2 0.336538461538 0 0 1 3 0 0 0 0 0 0 0 4 0 0 0 0 0 0 1 0
"3" 3 0.114427860697 0 0 0 0 0 0 17 0 0 1 0 0 0 17 0 0 7 0 0 1
"4" 4 0.276785714286 0 25 0 0 1 4 0 0 1 0 0 0 0 1 4 0 0 14 0 0
"5" 5 0.678571428571 0 9 0 3 5 7 0 9 1 0 1 0 2 0 3 0 0 12 0 0
"6" 6 0.193798449612 0 0 3 0 1 0 11 0 1 1 8 0 0 22 1 0 4 0 1 0
"7" 7 0.0 0 0 0 0 0 0 23 0 0 1 1 0 0 14 0 0 18 0 0 0
"8" 8 0.383211678832 2 4 2 0 4 13 2 0 1 0 1 0 1 4 19 0 0 3 0 1
"9" 9 0.387596899225 0 3 4 5 7 1 0 0 4 1 19 0 1 4 5 0 2 1 0 2
"10" 10 0.177304964539 0 0 2 0 0 0 0 0 0 4 39 1 0 0 0 14 0 0 0 0
"11" 11 0.0696517412935 0 0 0 0 0 0 5 0 0 4 0 0 0 58 0 0 0 0 0 0
"12" 12 0.609489051095 2 4 0 0 8 4 4 0 4 0 16 0 1 10 7 0 1 5 0 1
"13" 13 0.723214285714 0 0 0 0 0 0 0 0 0 0 0 0 0 0 0 0 0 68 0 0
"14" 14 0.481865284974 0 68 0 0 0 0 0 0 0 0 0 0 0 0 0 0 0 0 0 0
"15" 15 0.194029850746 1 0 0 1 0 0 31 0 1 1 2 0 0 24 0 1 3 0 0 3
"16" 16 0.586538461538 0 2 1 4 0 0 0 5 4 1 1 49 1 0 0 0 0 0 0 0
"17" 17 0.816143497758 0 6 11 3 5 0 1 1 7 0 3 2 2 1 18 1 0 1 6 0
"18" 18 0.240384615385 1 0 0 1 2 0 1 0 0 0 1 54 0 1 1 0 0 7 0 0
"19" 19 0.217616580311 0 69 0 0 0 0 0 0 0 0 0 0 0 0 0 0 0 0 0 0
"20" 20 0.482587064677 0 0 1 0 0 1 30 0 0 0 2 0 3 9 7 0 16 0 0 0
"21" 21 0.610465116279 0 0 7 0 0 0 0 0 62 0 0 0 0 0 0 0 0 0 0 0
"22" 22 0.0728476821192 0 0 19 0 0 0 0 0 43 0 4 2 0 0 0 0 1 0 0 0
"23" 23 0.427860696517 0 12 1 11 7 0 0 0 0 0 6 1 0 16 3 0 2 6 0 2
"24" 24 0.726368159204 3 0 13 1 0 0 0 0 6 1 28 0 0 14 0 0 0 0 2 0
"25" 25 0.655172413793 4 0 0 0 0 0 19 0 13 2 2 0 0 11 0 0 16 0 0 1
"26" 26 0.0862068965517 1 1 0 0 1 0 28 0 0 5 1 0 0 4 0 1 16 2 0 4
"27" 27 0.427672955975 0 7 3 1 0 0 0 44 3 0 0 4 0 2 1 0 0 3 0 0
"28" 28 0.647321428571 0 3 0 0 2 4 0 11 1 0 18 2 2 0 0 0 0 26 0 0
"29" 29 0.751295336788 0 18 9 3 1 1 0 4 6 0 3 9 1 0 2 0 1 11 0 0
"30" 30 0.283582089552 3 2 6 0 5 5 3 1 5 0 17 0 3 6 4 0 1 7 0 0
"31" 31 0.526785714286 0 1 0 2 8 9 3 2 11 0 1 1 1 0 7 0 6 10 0 6
"32" 32 0.0769230769231 0 1 9 2 0 0 0 0 5 1 21 25 0 2 0 0 0 0 2 1
"33" 33 0.258928571429 0 0 7 0 2 9 2 0 20 0 2 0 2 1 10 0 1 12 1 0
"34" 34 0.0 0 0 3 0 0 0 0 0 1 1 39 13 0 0 0 0 12 0 0 0
"35" 35 0.0574712643678 1 5 1 1 6 5 6 0 7 0 4 0 3 1 6 0 14 5 4 0
"36" 36 0.00507614213198 0 0 0 0 0 0 19 0 0 10 0 0 0 25 0 4 5 0 0 6
"37" 37 0.169154228856 0 0 1 6 1 1 20 0 3 1 4 0 3 12 1 0 14 0 1 1
"38" 38 0.0 7 0 6 0 0 0 4 1 6 0 37 0 0 3 0 0 3 0 0 2
"39" 39 0.37552742616 0 0 0 0 0 44 0 0 0 0 0 0 0 0 25 0 0 0 0 0
"40" 40 0.25 0 1 1 0 12 1 0 0 1 0 7 0 1 0 0 0 0 45 0 0
"41" 41 0.394230769231 0 21 4 1 0 1 0 13 3 0 9 2 1 0 0 0 0 14 0 0
"42" 42 0.0 1 1 0 0 0 0 1 0 1 1 1 54 0 7 0 0 0 0 0 2
"43" 43 0.0 0 0 0 0 0 0 19 0 0 0 0 0 0 1 2 0 46 0 0 1
"44" 44 0.0 0 0 0 0 0 0 22 0 0 2 2 0 0 23 0 0 19 0 0 1
"45" 45 0.0 11 0 6 0 0 0 0 0 0 0 52 0 0 0 0 0 0 0 0 0
"46" 46 0.0 0 0 0 0 0 0 0 0 0 0 0 69 0 0 0 0 0 0 0 0
"47" 47 0.0547263681592 1 0 1 0 1 1 9 0 3 0 0 0 0 38 0 0 6 0 0 8
"48" 48 0.301418439716 0 16 3 1 4 0 0 15 2 0 7 3 0 0 1 2 0 14 0 0
"49" 49 0.00574712643678 2 0 0 0 0 0 12 0 0 2 2 0 0 10 0 4 35 0 0 2
"50" 50 0.0 0 0 1 0 0 0 3 0 1 10 42 0 0 0 0 0 11 0 1 0
"51" 51 0.410714285714 0 4 1 1 3 11 1 1 0 1 12 0 0 1 11 0 1 20 0 1
"52" 52 0.375912408759 0 0 1 0 3 2 3 0 1 0 9 0 0 7 30 0 1 7 1 4
"53" 53 0.00574712643678 0 0 0 0 0 0 2 0 3 1 12 2 0 1 0 0 48 0 0 0
"54" 54 0.0 0 0 0 0 0 0 0 0 0 64 0 0 0 3 0 0 0 0 2 0
"55" 55 0.279069767442 0 0 2 1 5 8 0 0 8 1 11 0 6 1 12 0 0 11 0 1
"56" 56 0.164179104478 0 2 0 0 7 2 7 0 4 0 3 0 0 32 6 1 0 2 1 2
"57" 57 0.217054263566 1 0 0 0 0 0 4 0 1 5 2 0 0 32 0 0 22 0 1 1
"58" 58 0.108808290155 0 49 4 3 0 0 0 0 1 0 0 7 1 0 0 0 1 2 0 0
"59" 59 0.691823899371 0 5 6 1 2 0 0 37 1 0 4 3 0 0 1 0 0 6 0 0
"60" 60 0.594890510949 0 5 7 6 7 3 0 0 12 0 3 2 1 0 10 0 0 11 1 0
"61" 61 0.104651162791 0 0 0 0 0 0 14 0 8 3 3 0 0 18 0 0 19 0 0 3
"62" 62 0.240310077519 0 2 6 2 3 13 1 0 3 0 8 3 1 1 8 0 5 11 1 1
"63" 63 0.0794979079498 2 0 0 0 0 0 11 0 2 25 2 0 0 3 0 1 20 0 0 3
"64" 64 0.354651162791 0 5 4 3 6 3 2 0 19 0 4 0 1 2 2 0 2 16 0 0
"65" 65 0.40251572327 1 0 2 1 0 2 6 14 4 4 13 0 0 5 2 7 8 0 0 0
"66" 66 0.422885572139 1 1 1 0 3 1 0 0 2 5 1 1 11 15 5 0 4 4 9 5
"67" 67 0.155172413793 6 0 1 1 2 12 4 0 1 2 9 0 0 2 3 0 24 0 2 0
"68" 68 0.519379844961 1 1 4 3 7 12 0 6 5 0 14 0 2 1 6 0 1 6 0 0
"69" 69 0.263392857143 0 58 0 0 0 0 0 0 0 0 0 0 0 0 0 0 0 11 0 0
"70" 70 0.115384615385 0 0 1 0 0 0 0 0 0 0 0 68 0 0 0 0 0 0 0 0
"71" 71 0.240310077519 0 29 4 0 4 2 0 0 4 0 10 2 0 0 2 0 0 12 0 0
"72" 72 0.434306569343 0 2 9 4 2 9 0 1 4 1 6 1 2 4 13 4 1 5 1 0
"73" 73 0.0747126436782 4 0 1 0 0 0 11 0 0 1 4 0 0 4 1 0 43 0 0 0
"74" 74 0.488372093023 0 2 3 1 3 14 0 3 4 0 12 2 1 1 1 0 3 15 1 3
"75" 75 0.660714285714 0 0 4 1 0 16 1 14 3 0 18 0 0 0 7 0 2 3 0 0
"76" 76 0.490384615385 0 3 2 4 0 3 0 0 0 0 0 56 0 0 1 0 0 0 0 0
"77" 77 0.25 0 20 1 2 16 1 0 0 16 0 2 0 0 0 1 0 0 9 0 0
"78" 78 0.325892857143 0 1 0 1 1 2 5 1 9 0 1 0 0 11 2 0 27 6 0 2
"79" 79 0.0 0 0 0 0 0 0 24 0 0 1 3 0 0 22 0 0 14 0 0 5
"80" 80 0.0 2 0 0 0 0 0 2 0 0 5 39 9 0 4 0 0 1 0 0 7
"81" 81 0.262773722628 0 0 5 2 5 6 2 0 12 1 2 0 2 1 9 1 8 12 0 1
"82" 82 0.0 0 0 0 0 0 0 18 0 0 3 2 0 0 16 0 0 28 0 0 2
"83" 83 0.368613138686 0 6 7 1 3 12 0 0 11 1 1 0 2 0 6 0 1 18 0 0
"84" 84 0.0480769230769 1 0 0 0 0 0 0 0 1 0 0 67 0 0 0 0 0 0 0 0
"85" 85 0.100628930818 0 9 12 10 1 4 0 27 1 0 1 0 1 0 3 0 0 0 0 0
"86" 86 0.044776119403 0 0 2 0 0 0 9 1 12 0 29 0 0 10 0 0 4 0 1 1
"87" 87 0.233576642336 2 1 3 0 2 1 1 0 0 0 5 1 3 0 49 0 0 1 0 0
"88" 88 0.0480769230769 0 3 16 0 1 1 0 3 4 0 19 13 0 2 1 0 4 0 0 2
"89" 89 0.0 0 0 0 0 0 0 25 0 0 0 0 0 0 38 0 0 5 0 0 1
"90" 90 0.223880597015 0 0 0 0 0 0 0 0 0 0 0 0 0 69 0 0 0 0 0 0
"91" 91 0.100775193798 0 0 13 0 7 5 4 0 23 0 9 0 0 0 1 0 2 0 0 5
"92" 92 0.0 0 0 0 0 0 0 0 0 3 0 21 45 0 0 0 0 0 0 0 0
"93" 93 0.214285714286 0 0 0 0 0 0 0 0 0 0 0 0 0 0 0 0 0 69 0 0
"94" 94 0.361313868613 0 0 0 0 0 0 0 0 0 0 0 0 0 0 69 0 0 0 0 0
"95" 95 0.0646766169154 0 0 2 1 0 0 6 0 18 0 0 0 0 13 0 0 29 0 0 0
"96" 96 0.0 0 0 1 0 0 0 2 0 0 0 61 1 0 0 0 0 0 0 0 4
"97" 97 0.00995024875622 0 0 0 0 0 0 0 0 0 0 0 0 0 67 0 0 0 0 0 2
"98" 98 0.430769230769 0 0 0 69 0 0 0 0 0 0 0 0 0 0 0 0 0 0 0 0
"99" 99 0.044776119403 0 0 0 0 0 0 4 0 0 26 0 0 0 32 0 0 1 0 5 1
"100" 100 0.00497512437811 1 0 1 0 0 0 3 0 0 2 5 1 0 48 0 0 1 0 0 7
"101" 101 0.107623318386 2 0 3 0 52 0 0 0 0 0 0 6 0 0 0 0 0 0 0 6
"102" 102 0.178832116788 0 0 1 1 0 1 0 1 4 0 0 0 9 2 50 0 0 0 0 0
"103" 103 0.00995024875622 0 0 0 0 0 0 1 0 0 0 0 0 0 41 0 0 0 0 0 27
"104" 104 0.0 4 0 65 0 0 0 0 0 0 0 0 0 0 0 0 0 0 0 0 0
"105" 105 0.0288461538462 0 0 0 0 0 0 0 0 0 0 2 67 0 0 0 0 0 0 0 0
"106" 106 0.0 1 0 0 0 0 0 56 0 2 0 0 0 0 0 0 0 10 0 0 0
"107" 107 0.0 0 0 0 0 0 0 0 0 0 0 69 0 0 0 0 0 0 0 0 0
"108" 108 0.168604651163 0 0 6 1 0 0 0 0 62 0 0 0 0 0 0 0 0 0 0 0
"109" 109 0.213930348259 0 0 1 0 1 4 3 0 4 2 10 0 3 22 4 0 2 0 5 8
"110" 110 0.0 2 0 1 0 0 0 0 0 65 0 1 0 0 0 0 0 0 0 0 0
"111" 111 0.167883211679 0 0 5 9 0 1 0 0 0 1 23 0 1 0 28 0 0 0 1 0
"112" 112 0.22480620155 0 1 4 0 13 9 0 0 3 0 12 3 2 0 14 0 0 6 1 1
"113" 113 0.0380228136882 3 0 0 0 0 0 4 0 0 17 5 0 0 5 0 2 3 0 28 2
"114" 114 0.252873563218 0 0 1 0 1 0 2 0 1 0 23 0 0 0 0 0 41 0 0 0
"115" 115 0.473214285714 0 14 2 2 3 11 0 0 1 0 9 1 1 0 4 0 0 21 0 0
"116" 116 0.178294573643 0 0 0 0 2 11 1 0 0 0 29 0 0 9 5 0 3 9 0 0
"117" 117 0.0298507462687 1 0 0 0 0 0 19 0 3 0 0 0 0 26 1 0 19 0 0 0
"118" 118 0.596899224806 0 0 1 2 1 14 0 1 2 0 26 1 0 0 2 0 1 17 1 0
"119" 119 0.846153846154 0 9 1 1 0 0 0 0 0 0 0 48 8 1 0 0 0 0 1 0
"120" 120 0.255813953488 0 0 5 1 0 0 0 0 40 2 0 3 2 12 0 0 0 0 4 0
"121" 121 0.616033755274 0 2 2 4 1 27 0 15 0 0 2 4 5 0 5 0 0 2 0 0
"122" 122 0.093023255814 3 0 0 0 0 0 1 0 23 0 31 0 0 0 0 0 11 0 0 0
"123" 123 0.260089686099 0 0 3 0 11 13 1 0 4 0 1 0 3 0 28 0 2 1 0 2
"124" 124 0.0203045685279 0 0 0 0 0 0 29 0 0 0 0 0 0 30 0 0 10 0 0 0
"125" 125 0.0646766169154 4 0 0 0 0 0 2 0 5 0 2 0 0 31 1 0 24 0 0 0
"126" 126 0.00518134715026 9 59 0 0 0 0 0 0 0 0 0 0 0 0 0 0 0 1 0 0
"127" 127 0.139534883721 0 0 1 0 0 0 0 0 68 0 0 0 0 0 0 0 0 0 0 0
"128" 128 0.332116788321 0 0 0 0 0 0 0 0 0 0 0 0 0 0 69 0 0 0 0 0
"129" 129 0.535864978903 0 0 0 0 0 69 0 0 0 0 0 0 0 0 0 0 0 0 0 0
"130" 130 0.122093023256 0 0 0 0 0 0 0 0 69 0 0 0 0 0 0 0 0 0 0 0
"131" 131 0.28488372093 0 0 0 0 0 0 6 0 51 0 4 0 0 5 0 0 1 0 0 2
"132" 132 0.761006289308 0 0 0 0 0 0 0 68 0 0 1 0 0 0 0 0 0 0 0 0
"133" 133 0.682692307692 1 0 0 7 0 0 0 0 0 0 0 58 0 3 0 0 0 0 0 0
"134" 134 0.1592039801 1 0 0 1 0 0 0 0 0 0 0 0 2 54 0 3 0 0 1 7
"135" 135 0.204379562044 0 0 0 0 0 0 0 0 0 0 0 0 0 0 69 0 0 0 0 0
"136" 136 0.410852713178 0 1 5 1 0 0 12 2 1 1 14 0 0 12 2 0 7 0 0 11
"137" 137 0.0497512437811 0 0 0 0 0 0 2 0 2 9 5 0 0 45 0 0 5 0 0 1
"138" 138 0.0 0 7 1 0 8 0 0 0 0 0 0 0 0 1 0 0 0 52 0 0
"139" 139 0.042194092827 0 0 0 0 0 67 0 0 0 0 0 0 0 0 2 0 0 0 0 0
"140" 140 0.163498098859 0 0 0 0 3 0 0 0 0 0 2 0 4 0 0 1 0 2 55 2
"141" 141 0.0 0 0 4 0 0 0 0 0 0 0 64 1 0 0 0 0 0 0 0 0
"142" 142 0.0 0 0 0 0 0 0 1 0 4 0 1 0 0 0 0 0 63 0 0 0
"143" 143 0.459854014599 0 0 0 0 3 8 1 0 9 1 3 0 1 3 37 0 1 1 1 0
"144" 144 0.132183908046 14 0 0 0 2 0 10 0 0 0 9 0 3 1 0 0 25 0 0 5
"145" 145 0.0 0 0 0 0 0 0 0 0 0 0 1 68 0 0 0 0 0 0 0 0
"146" 146 0.394230769231 0 0 0 0 0 0 0 0 0 0 0 69 0 0 0 0 0 0 0 0
"147" 147 0.0288461538462 3 0 0 0 0 0 0 0 0 0 8 58 0 0 0 0 0 0 0 0
"148" 148 0.496350364964 2 0 5 0 5 9 2 0 3 4 3 1 9 2 5 0 6 1 7 5
"149" 149 0.261538461538 0 0 1 68 0 0 0 0 0 0 0 0 0 0 0 0 0 0 0 0
"150" 150 0.200956937799 0 0 0 0 0 1 0 0 0 0 0 0 68 0 0 0 0 0 0 0
"151" 151 0.0985401459854 0 0 0 0 0 0 0 0 0 0 0 0 0 0 69 0 0 0 0 0
"152" 152 0.3536121673 0 0 0 0 0 0 9 0 2 34 1 0 0 2 0 0 1 0 10 10
"153" 153 0.0288461538462 1 0 8 12 0 0 0 0 0 0 3 45 0 0 0 0 0 0 0 0
"154" 154 0.572139303483 0 0 0 0 0 0 0 0 0 0 0 0 0 68 0 0 1 0 0 0
"155" 155 0.627615062762 0 17 17 1 0 0 0 0 1 15 1 1 3 0 0 0 0 0 13 0
"156" 156 0.316062176166 0 66 0 2 1 0 0 0 0 0 0 0 0 0 0 0 0 0 0 0
"157" 157 0.173076923077 0 0 0 0 0 0 0 0 0 0 32 28 0 0 1 0 0 0 0 8
"158" 158 0.177664974619 0 0 0 0 0 0 18 0 0 4 5 0 0 0 0 0 40 0 1 1
"159" 159 0.0796019900498 0 0 0 0 0 0 1 0 0 0 0 0 0 42 0 0 0 0 0 26
"160" 160 0.0995024875622 0 0 0 0 0 0 50 0 0 0 1 0 0 16 0 0 2 0 0 0
"161" 161 0.282700421941 0 0 0 0 0 69 0 0 0 0 0 0 0 0 0 0 0 0 0 0
"162" 162 0.308035714286 0 57 0 0 0 0 0 0 0 0 0 0 0 0 0 0 0 12 0 0
"163" 163 0.630769230769 0 0 0 69 0 0 0 0 0 0 0 0 0 0 0 0 0 0 0 0
"164" 164 0.435406698565 0 0 0 0 0 0 0 0 0 0 0 0 69 0 0 0 0 0 0 0
"165" 165 0.0747126436782 0 0 0 0 0 1 54 0 0 0 0 0 0 1 0 0 12 0 0 1
"166" 166 0.63503649635 0 7 2 0 0 9 2 0 0 1 30 4 0 3 6 0 0 4 0 1
"167" 167 0.627906976744 0 0 0 0 0 0 2 0 0 5 42 5 0 1 0 0 11 0 0 3
"168" 168 0.093023255814 12 0 2 0 0 0 0 2 0 0 48 1 0 0 0 0 3 0 1 0
"169" 169 0.673076923077 0 0 0 1 0 0 0 0 0 0 0 66 1 0 0 0 0 1 0 0
"170" 170 0.182692307692 0 0 14 0 0 0 0 0 0 0 1 54 0 0 0 0 0 0 0 0
"171" 171 0.00574712643678 0 0 0 0 0 0 52 0 0 0 0 0 0 1 0 0 16 0 0 0
"172" 172 0.0384615384615 0 2 1 0 3 8 1 3 12 0 15 11 1 1 8 0 0 3 0 0
"173" 173 0.34375 0 0 2 2 12 5 0 5 3 0 12 0 0 0 4 0 1 23 0 0
"174" 174 0.031007751938 0 0 1 0 0 0 0 0 0 0 66 0 0 0 0 0 2 0 0 0
"175" 175 0.0 0 0 0 0 0 0 30 0 0 2 0 0 0 4 0 0 33 0 0 0
"176" 176 0.481751824818 0 2 4 1 9 9 1 0 3 0 12 0 0 2 12 0 0 14 0 0
"177" 177 0.386861313869 0 0 2 0 2 5 0 0 2 0 10 2 1 5 35 0 0 1 0 4
"178" 178 0.124031007752 2 0 0 0 0 0 4 0 2 0 41 0 0 3 0 0 16 0 0 1
"179" 179 0.409282700422 0 0 0 0 1 20 0 0 0 0 0 0 2 0 44 0 0 1 0 0
"180" 180 0.627906976744 0 2 8 4 3 6 0 1 0 0 21 2 2 0 4 0 2 12 0 0
"181" 181 0.722627737226 0 1 7 8 6 5 1 0 1 2 5 3 5 1 11 0 1 2 8 1
"182" 182 0.22480620155 2 0 3 2 0 1 16 0 2 2 20 0 1 7 2 0 9 0 2 0
"183" 183 0.314465408805 0 0 10 0 0 2 1 33 1 0 1 18 0 0 0 0 0 2 0 0
"184" 184 0.885167464115 0 2 0 1 0 2 0 2 0 11 1 5 33 1 0 0 1 3 6 0
"185" 185 0.631178707224 0 1 1 1 1 6 0 5 13 0 0 0 1 11 2 0 8 1 2 11
"186" 186 0.199004975124 1 0 0 0 0 0 4 4 3 0 1 0 1 20 7 0 15 0 0 9
"187" 187 0.569620253165 1 0 0 1 1 41 0 4 6 0 1 1 1 1 5 0 0 1 0 0
"188" 188 0.0172413793103 0 0 0 0 0 0 45 0 1 0 0 0 0 4 0 0 19 0 0 0
"189" 189 0.0223214285714 0 0 0 0 1 0 0 0 0 0 0 0 0 0 0 0 0 68 0 0
"190" 190 0.0 1 0 0 0 0 0 7 0 0 0 1 0 0 0 0 0 60 0 0 0
"191" 191 0.0892857142857 0 0 0 0 0 0 0 0 0 0 0 0 0 0 0 0 0 69 0 0
"192" 192 0.0 6 0 0 0 0 0 0 0 19 0 3 0 0 0 0 0 41 0 0 0
"193" 193 0.434306569343 0 17 3 0 0 2 0 1 3 0 1 0 0 0 9 0 0 33 0 0
"194" 194 0.192052980132 2 5 15 17 0 0 0 0 26 0 0 1 0 0 3 0 0 0 0 0
"195" 195 0.164179104478 0 0 0 0 0 1 3 0 0 5 0 0 0 53 0 0 3 2 0 2
"196" 196 0.584821428571 0 16 0 0 7 2 0 2 3 0 10 2 0 0 0 0 2 25 0 0
"197" 197 0.138392857143 0 2 0 0 31 0 0 0 0 0 0 5 0 0 0 0 0 25 0 6
"198" 198 0.0 0 0 0 0 0 0 1 0 0 2 2 0 0 30 0 0 34 0 0 0
"199" 199 0.361607142857 0 7 0 2 10 10 3 0 0 0 4 0 1 2 6 0 3 21 0 0
"200" 200 0.375 0 1 0 0 13 1 1 0 2 0 0 0 0 0 1 0 1 49 0 0
"201" 201 0.0 0 0 0 0 0 0 1 0 0 0 60 0 0 0 0 0 8 0 0 0
"202" 202 0.139303482587 0 0 0 0 0 0 7 0 0 0 4 0 0 43 0 0 13 0 0 2
"203" 203 0.705357142857 0 8 5 2 2 5 0 0 1 0 14 2 0 1 2 0 0 26 0 1
"204" 204 0.124031007752 2 0 3 1 0 0 0 0 1 0 42 2 5 1 0 0 6 3 3 0
"205" 205 0.269230769231 0 2 0 1 5 10 0 0 0 0 1 48 1 0 0 0 0 1 0 0
"206" 206 0.0387596899225 0 0 1 0 0 0 1 3 0 0 49 1 0 1 0 0 13 0 0 0
"207" 207 0.269430051813 0 62 0 1 1 0 0 0 1 0 0 0 1 0 0 0 0 3 0 0
"208" 208 0.164179104478 0 0 0 0 0 0 34 0 1 2 5 0 0 6 7 1 12 0 1 0
"209" 209 0.0 1 0 0 0 0 0 50 0 0 0 0 0 0 2 0 0 16 0 0 0
"210" 210 0.0149253731343 0 0 0 0 0 0 0 0 0 0 0 0 0 21 0 0 0 0 0 48
"211" 211 0.00995024875622 0 0 0 0 0 0 0 0 0 2 0 0 0 67 0 0 0 0 0 0
"212" 212 0.145077720207 0 69 0 0 0 0 0 0 0 0 0 0 0 0 0 0 0 0 0 0
"213" 213 0.389743589744 0 0 0 67 0 0 0 0 0 0 0 0 1 0 0 0 0 1 0 0
"214" 214 0.092050209205 0 0 0 0 0 0 0 0 0 14 0 0 0 1 2 0 0 0 0 52
"215" 215 0.522012578616 0 12 19 7 0 1 0 7 17 0 3 3 0 0 0 0 0 0 0 0
"216" 216 0.273631840796 1 5 1 1 0 1 4 19 3 0 1 0 3 18 1 0 11 0 0 0
"217" 217 0.589285714286 0 23 1 0 0 1 0 3 2 0 6 0 0 0 0 0 0 32 1 0
"218" 218 0.170542635659 0 8 0 2 10 0 1 0 9 0 8 0 0 6 2 0 3 8 0 11
"219" 219 0.0497512437811 0 0 0 0 0 0 4 0 4 0 2 0 0 20 0 0 2 0 0 37
"220" 220 0.510948905109 1 0 1 0 2 17 2 0 3 0 7 1 1 1 29 0 0 3 1 0
"221" 221 0.227678571429 0 4 2 0 8 9 1 0 0 0 6 0 1 0 2 0 0 35 0 1
"222" 222 0.0 1 0 0 0 0 0 0 0 0 2 64 1 0 0 0 0 1 0 0 0
"223" 223 0.183908045977 0 0 0 0 0 0 2 0 0 0 0 0 0 0 0 0 67 0 0 0
"224" 224 0.598540145985 0 2 3 1 7 14 0 0 1 0 9 8 0 1 13 0 0 10 0 0
"225" 225 0.321167883212 0 0 0 0 1 3 15 0 0 0 5 0 1 17 16 0 0 0 1 10
"226" 226 0.00574712643678 2 0 0 5 0 0 25 0 5 0 6 1 0 1 1 0 22 0 1 0
"227" 227 0.557692307692 0 6 0 13 1 8 0 2 0 0 22 14 0 0 2 0 0 1 0 0
"228" 228 0.653846153846 0 4 3 1 1 3 0 1 1 0 1 52 0 0 2 0 0 0 0 0
"229" 229 0.580291970803 0 0 1 0 4 8 1 1 1 0 0 1 1 1 49 0 0 1 0 0
"230" 230 0.132183908046 1 0 2 0 0 0 8 0 3 1 38 0 0 4 0 0 11 0 1 0
"231" 231 0.295597484277 0 0 0 0 3 14 9 6 2 0 1 0 0 13 2 0 9 9 0 1
"232" 232 0.0199004975124 0 0 0 0 0 0 10 0 18 1 2 0 0 26 0 0 12 0 0 0
"233" 233 0.03125 0 0 0 0 0 0 0 0 0 0 0 0 0 0 0 0 0 69 0 0
"234" 234 0.0077519379845 3 0 4 1 0 0 0 0 0 2 53 1 0 0 0 0 5 0 0 0
"235" 235 0.152317880795 0 0 68 0 0 0 0 0 1 0 0 0 0 0 0 0 0 0 0 0
"236" 236 0.163461538462 0 0 0 0 0 0 0 0 0 0 0 69 0 0 0 0 0 0 0 0
"237" 237 0.605128205128 0 1 1 36 0 0 0 0 1 0 0 24 0 0 6 0 0 0 0 0
"238" 238 0.133027522936 0 0 0 0 0 0 28 0 0 0 0 0 0 2 0 0 29 0 0 10
"239" 239 0.348837209302 1 1 4 16 0 2 0 0 41 0 0 0 0 0 3 0 0 1 0 0
"240" 240 0.373134328358 0 0 0 0 0 5 3 2 1 2 6 0 0 43 1 0 0 5 1 0
"241" 241 0.71875 0 18 4 2 3 2 0 0 2 0 6 3 0 0 0 0 0 29 0 0
"242" 242 0.507299270073 0 1 4 14 0 1 1 0 34 0 1 0 0 0 12 0 1 0 0 0
"243" 243 0.0 0 0 0 0 0 0 32 0 0 0 8 0 0 14 0 0 15 0 0 0
"244" 244 0.413502109705 0 0 0 0 5 9 0 7 1 0 9 3 0 0 30 0 2 2 1 0
"245" 245 0.170542635659 0 9 4 3 5 4 0 0 2 0 23 3 0 0 5 0 0 11 0 0
"246" 246 0.0077519379845 0 0 0 0 0 0 30 0 0 2 3 0 0 3 0 0 22 0 9 0
"247" 247 0.0387596899225 0 0 0 0 0 1 1 0 0 0 62 2 0 0 3 0 0 0 0 0
"248" 248 0.589285714286 1 4 0 2 1 7 0 0 0 0 17 0 0 3 0 0 0 34 0 0
"249" 249 0.162790697674 2 0 7 0 1 0 6 0 44 0 7 0 0 2 0 0 0 0 0 0
"250" 250 0.221153846154 0 0 0 0 0 0 0 0 0 0 0 69 0 0 0 0 0 0 0 0
"251" 251 0.00574712643678 0 0 0 0 0 0 0 0 0 0 1 0 0 0 0 0 68 0 0 0
"252" 252 0.19170984456 0 65 0 1 1 0 0 0 1 0 0 0 1 0 0 0 0 0 0 0
"253" 253 0.285171102662 0 0 0 0 0 0 6 0 0 15 1 0 0 10 1 0 5 0 30 1
"254" 254 0.0 0 0 0 0 0 0 58 0 0 0 0 0 0 2 0 0 9 0 0 0
"255" 255 0.0198675496689 0 0 68 0 0 0 0 0 0 0 1 0 0 0 0 0 0 0 0 0
"256" 256 0.0 3 0 13 0 0 0 5 0 6 0 1 0 0 5 0 0 34 0 0 2
"257" 257 0.134615384615 0 0 8 0 0 0 0 0 0 0 0 61 0 0 0 0 0 0 0 0
"258" 258 0.147286821705 0 0 1 0 0 2 1 0 1 1 50 1 0 1 3 6 0 0 1 1
"259" 259 0.0 0 0 0 0 0 0 9 4 2 0 0 0 0 53 0 0 1 0 0 0
"260" 260 0.0290697674419 0 0 0 0 0 0 6 0 63 0 0 0 0 0 0 0 0 0 0 0
"261" 261 0.641148325359 0 0 0 0 2 5 0 0 6 0 0 0 53 0 0 0 0 0 2 1
"262" 262 0.523178807947 0 1 57 0 1 0 0 0 0 0 1 0 3 0 6 0 0 0 0 0
"263" 263 0.0697674418605 1 0 9 0 0 0 2 0 0 1 32 0 0 1 0 0 21 0 2 0
"264" 264 0.527426160338 1 0 2 1 1 24 1 17 7 0 4 1 1 0 8 0 1 0 0 0
"265" 265 0.387596899225 1 0 7 1 0 0 12 1 4 0 33 2 0 0 0 6 2 0 0 0
"266" 266 0.00497512437811 0 0 0 0 0 2 2 0 0 3 2 0 0 45 0 0 8 0 0 7
"267" 267 0.414507772021 0 69 0 0 0 0 0 0 0 0 0 0 0 0 0 0 0 0 0 0
"268" 268 0.0199004975124 0 0 0 0 0 0 40 0 0 2 0 0 0 22 0 0 2 0 0 3
"269" 269 0.17880794702 0 0 51 0 0 0 0 0 0 0 2 16 0 0 0 0 0 0 0 0
"270" 270 0.0746268656716 0 0 0 0 0 0 0 0 0 5 0 0 0 46 0 0 0 0 0 18
"271" 271 0.557213930348 0 2 0 2 0 5 0 0 0 0 0 0 0 8 0 0 0 1 0 0
"272" 272 0.258620689655 0 0 0 1 0 0 3 0 0 0 0 0 0 2 0 0 8 0 0 0
"273" 273 0.350574712644 0 0 0 0 0 0 1 0 1 0 0 0 0 1 0 0 4 0 0 1
"274" 274 0.824817518248 0 0 0 1 0 1 0 0 0 0 0 0 1 0 3 0 0 0 0 0
"275" 275 1.0 0 0 0 0 0 0 0 4 0 0 0 0 0 0 0 0 0 0 0 0
