"site" "RSA" "aa1" "aa2" "aa3" "aa4" "aa5" "aa6" "aa7" "aa8" "aa9" "aa10" "aa11" "aa12" "aa13" "aa14" "aa15" "aa16" "aa17" "aa18" "aa19" "aa20"
"0" 0 0.848623853211 0 0 0 0 0 0 2 0 0 8 0 0 0 1 0 1 1 0 0 56
"1" 1 0.517948717949 0 2 10 8 12 4 7 6 11 0 5 0 3 5 2 0 3 8 0 4
"2" 2 0.0583941605839 0 0 0 0 0 0 0 0 0 0 0 0 0 0 240 0 0 0 0 0
"3" 3 0.383647798742 0 0 12 5 6 8 15 122 5 5 23 1 7 8 2 0 15 3 2 1
"4" 4 0.443708609272 0 111 96 16 2 0 0 0 3 1 5 2 2 1 0 0 0 2 1 0
"5" 5 0.644230769231 0 6 6 18 15 9 0 0 1 0 4 172 4 0 4 0 0 6 0 0
"6" 6 0.0766423357664 0 0 0 0 0 0 0 0 0 0 0 0 0 0 246 0 0 0 0 0
"7" 7 0.317829457364 1 3 16 10 31 37 0 3 28 1 65 9 3 9 14 0 1 13 0 2
"8" 8 0.294573643411 2 4 7 27 6 3 4 74 8 11 53 0 3 19 2 0 15 4 4 0
"9" 9 0.424870466321 1 142 6 33 6 3 0 0 6 1 10 7 6 3 3 0 1 17 1 0
"10" 10 0.430493273543 0 14 6 1 120 1 1 0 0 0 25 1 1 1 0 0 2 73 0 0
"11" 11 0.0348258706468 0 0 1 3 0 1 17 3 1 0 0 0 1 181 0 0 5 1 0 34
"12" 12 0.043795620438 0 0 0 0 0 0 0 0 0 0 0 0 0 0 248 0 0 0 0 0
"13" 13 0.704402515723 0 19 8 8 3 7 1 146 6 0 15 1 2 2 2 0 1 27 0 0
"14" 14 0.137055837563 0 0 0 0 0 0 88 0 0 8 0 0 1 17 0 0 132 0 1 1
"15" 15 0.565693430657 0 1 52 6 7 49 0 0 57 0 6 0 8 2 40 0 2 15 2 1
"16" 16 0.126903553299 0 0 0 0 0 0 148 0 0 46 0 0 0 38 0 0 8 0 0 9
"17" 17 0.313953488372 0 2 5 1 13 2 14 0 124 0 0 0 5 1 0 0 6 76 0 0
"18" 18 0.142335766423 2 0 0 2 0 5 4 24 38 0 5 1 1 10 149 6 1 0 0 1
"19" 19 0.622009569378 0 25 5 71 13 3 0 0 0 0 6 70 44 0 9 0 0 3 0 0
"20" 20 0.414448669202 1 0 0 0 0 0 7 7 1 90 1 0 0 0 0 16 33 0 93 0
"21" 21 0.360465116279 0 0 20 22 7 0 16 0 122 2 14 0 1 31 0 0 3 0 1 10
"22" 22 0.789029535865 11 7 9 4 3 105 9 9 6 0 6 7 4 5 51 0 3 4 0 6
"23" 23 0.77033492823 0 0 1 11 3 2 1 1 5 19 2 0 144 0 0 1 1 0 58 0
"24" 24 0.178294573643 0 0 6 1 0 0 0 36 3 0 201 1 0 0 1 0 0 0 0 0
"25" 25 0.174107142857 0 6 1 0 4 0 1 6 7 0 16 0 1 8 1 0 1 196 1 0
"26" 26 0.00961538461538 0 0 7 0 0 0 0 0 0 0 6 235 0 0 0 0 0 0 0 0
"27" 27 0.00662251655629 1 0 244 0 0 0 0 0 0 0 4 0 0 0 0 0 0 0 0 0
"28" 28 0.0 42 0 0 0 0 0 1 0 1 0 23 0 0 4 0 0 178 0 0 1
"29" 29 0.0696517412935 0 0 0 0 1 0 6 0 1 2 0 0 0 232 0 1 3 0 2 3
"30" 30 0.0 1 0 1 0 0 0 121 0 6 0 13 0 0 0 0 0 107 0 2 0
"31" 31 0.0982142857143 4 0 36 0 4 26 0 0 13 0 15 3 3 0 26 0 0 120 0 1
"32" 32 0.0 20 0 5 1 2 0 6 0 8 140 8 0 0 4 0 1 27 0 2 28
"33" 33 0.182692307692 0 0 0 0 0 0 0 0 0 0 0 252 0 0 0 0 0 0 0 0
"34" 34 0.492227979275 0 115 1 57 10 7 0 0 0 0 3 9 8 1 22 0 0 19 0 0
"35" 35 0.0 0 0 0 0 0 0 0 0 252 0 0 0 0 0 0 0 0 0 0 0
"36" 36 0.295358649789 0 0 1 0 13 116 1 0 6 0 3 0 34 0 69 0 4 5 0 0
"37" 37 0.0 0 0 0 0 0 0 3 0 0 0 0 0 0 1 0 0 248 0 0 0
"38" 38 0.106598984772 0 0 0 0 0 0 102 0 0 1 0 0 0 142 0 0 1 0 0 6
"39" 39 0.0 237 0 0 0 0 0 2 0 1 0 0 0 0 0 0 0 12 0 0 0
"40" 40 0.122093023256 0 0 21 30 0 0 0 0 178 0 19 3 0 0 0 0 1 0 0 0
"41" 41 0.0 3 0 1 0 0 0 0 0 0 0 223 0 0 0 0 0 25 0 0 0
"42" 42 0.245033112583 6 0 171 1 1 0 0 0 67 1 1 0 0 0 0 0 0 0 0 4
"43" 43 0.131782945736 1 0 0 0 0 0 59 0 0 10 4 0 3 28 0 1 142 0 1 3
"44" 44 0.477678571429 0 18 3 0 11 2 4 0 18 0 4 0 0 6 1 0 6 179 0 0
"45" 45 0.695364238411 0 51 12 12 1 4 0 17 5 0 11 3 0 1 4 0 1 130 0 0
"46" 46 0.192307692308 0 2 26 14 0 64 0 0 5 0 1 72 0 0 65 0 0 2 1 0
"47" 47 0.241379310345 0 0 1 0 1 0 8 2 4 0 2 1 0 5 0 0 228 0 0 0
"48" 48 0.396226415094 0 0 0 0 0 0 0 251 0 0 1 0 0 0 0 0 0 0 0 0
"49" 49 0.605839416058 0 2 14 5 2 8 0 114 1 1 4 17 2 4 76 0 0 1 0 1
"50" 50 0.125523012552 0 0 0 0 0 0 0 0 0 165 0 4 9 0 0 74 0 0 0 0
"51" 51 0.771144278607 0 0 4 0 2 16 4 0 0 0 2 0 0 172 17 0 3 0 0 32
"52" 52 0.561181434599 0 0 3 0 1 121 0 1 1 0 3 9 0 0 105 0 0 5 1 2
"53" 53 0.242152466368 1 2 15 13 75 61 0 0 9 0 6 9 3 1 21 0 1 35 0 0
"54" 54 0.0 0 0 0 0 0 0 0 0 0 0 0 252 0 0 0 0 0 0 0 0
"55" 55 0.152482269504 0 0 0 0 0 0 0 0 0 0 0 0 0 0 0 252 0 0 0 0
"56" 56 0.0 0 0 0 0 0 0 61 0 1 0 0 0 0 51 0 0 139 0 0 0
"57" 57 0.308139534884 0 0 8 6 0 0 0 0 233 0 3 0 2 0 0 0 0 0 0 0
"58" 58 0.062015503876 2 0 4 0 0 0 0 0 0 0 240 6 0 0 0 0 0 0 0 0
"59" 59 0.455357142857 0 0 0 0 0 0 0 0 0 0 0 0 0 0 0 0 0 252 0 0
"60" 60 0.0228136882129 0 0 0 0 0 0 0 0 0 1 0 0 0 0 0 0 0 0 251 0
"61" 61 0.105769230769 1 0 66 6 1 0 0 0 0 0 35 121 0 0 20 0 0 2 0 0
"62" 62 0.174311926606 0 0 0 0 0 0 0 0 0 0 0 0 0 14 0 0 0 0 0 238
"63" 63 0.388059701493 0 0 0 0 0 0 4 0 0 0 0 0 1 246 0 0 0 0 0 1
"64" 64 0.062893081761 0 0 0 0 0 0 0 252 0 0 0 0 0 0 0 0 0 0 0 0
"65" 65 0.605839416058 1 0 11 0 0 0 0 0 0 0 10 23 0 0 200 0 0 0 6 1
"66" 66 0.0331125827815 0 0 115 0 0 0 0 0 0 0 137 0 0 0 0 0 0 0 0 0
"67" 67 0.197674418605 0 0 3 1 0 0 0 0 246 0 0 2 0 0 0 0 0 0 0 0
"68" 68 0.5 0 4 7 24 21 1 0 17 3 0 13 35 95 8 5 0 1 18 0 0
"69" 69 0.642857142857 0 13 46 2 30 5 2 4 99 0 2 0 0 0 0 0 8 41 0 0
"70" 70 0.551094890511 0 0 0 0 0 0 0 0 0 0 0 0 0 0 252 0 0 0 0 0
"71" 71 0.215384615385 1 0 43 51 17 20 4 0 39 0 0 19 1 0 1 0 3 0 1 52
"72" 72 0.497757847534 0 42 15 7 30 7 27 18 3 1 18 21 5 2 41 0 7 4 0 4
"73" 73 0.448905109489 0 0 0 0 0 0 0 1 0 0 0 0 0 0 251 0 0 0 0 0
"74" 74 0.209821428571 0 21 0 0 0 0 0 0 0 0 0 0 0 0 1 0 0 227 0 0
"75" 75 0.674418604651 0 1 54 0 0 1 12 0 1 4 141 0 0 11 2 2 11 0 1 2
"76" 76 0.576158940397 0 1 45 7 1 2 0 0 17 0 113 2 0 11 2 0 31 0 0 11
"77" 77 0.412408759124 0 0 13 3 5 87 0 0 3 0 16 0 0 1 96 0 1 0 0 2
"78" 78 0.615384615385 0 0 1 2 0 0 0 0 0 0 0 217 0 7 1 0 0 0 0 1
"79" 79 0.493670886076 0 0 1 0 2 206 0 0 0 0 1 4 3 0 29 0 1 0 0 1
"80" 80 0.295964125561 0 0 0 0 124 0 31 11 1 0 5 0 0 48 1 0 29 0 0 0
"81" 81 0.201923076923 0 16 112 5 5 3 0 0 27 0 0 79 0 0 0 0 1 2 0 0
"82" 82 0.519230769231 0 0 0 0 0 0 0 0 0 0 1 251 0 0 0 0 0 0 0 0
"83" 83 0.394160583942 0 0 0 0 0 0 0 0 0 0 0 0 0 0 252 0 0 0 0 0
"84" 84 0.046511627907 0 0 21 0 0 0 0 0 229 0 1 1 0 0 0 0 0 0 0 0
"85" 85 0.383084577114 1 0 8 0 104 2 1 0 2 0 3 0 35 26 0 0 23 0 0 47
"86" 86 0.352678571429 0 0 0 0 0 0 0 0 0 0 0 0 0 0 0 0 0 252 0 0
"87" 87 0.0 0 0 0 0 0 0 252 0 0 0 0 0 0 0 0 0 0 0 0 0
"88" 88 0.0896860986547 0 0 25 0 223 0 0 0 0 0 0 1 0 0 0 0 0 3 0 0
"89" 89 0.627737226277 0 0 0 0 0 0 0 0 0 0 0 0 0 0 252 0 0 0 0 0
"90" 90 0.0398009950249 0 0 0 0 0 0 2 0 0 1 0 0 0 245 0 0 0 0 0 4
"91" 91 0.0 0 0 0 0 0 0 242 0 0 0 0 0 0 0 0 0 10 0 0 0
"92" 92 0.0192307692308 0 0 2 0 0 0 0 0 0 0 19 231 0 0 0 0 0 0 0 0
"93" 93 0.339416058394 0 0 0 0 0 0 0 0 0 0 0 0 0 0 252 0 0 0 0 0
"94" 94 0.0 2 0 179 0 0 0 0 0 2 0 68 0 0 0 0 0 1 0 0 0
"95" 95 0.0 0 0 0 0 0 0 2 0 0 0 0 0 0 237 0 0 0 0 0 13
"96" 96 0.21897810219 0 0 0 0 0 0 0 0 0 0 0 0 0 0 252 0 0 0 0 0
"97" 97 0.271317829457 2 0 51 0 0 0 0 0 7 0 186 4 0 0 0 0 0 0 0 2
"98" 98 0.0232558139535 14 0 5 0 0 0 11 0 0 0 79 10 0 0 0 0 128 0 0 5
"99" 99 0.0149253731343 3 0 0 0 0 0 55 0 13 11 1 0 0 17 0 0 150 0 0 2
"100" 100 0.19170984456 0 227 2 19 0 0 0 0 0 0 0 0 0 0 0 0 0 4 0 0
"101" 101 0.114427860697 1 1 0 0 0 0 0 1 5 9 0 0 0 192 13 0 2 0 1 27
"102" 102 0.443708609272 0 16 21 15 14 78 0 3 20 0 14 6 2 1 5 0 6 50 1 0
"103" 103 0.350210970464 0 0 4 0 7 69 1 0 4 0 135 2 1 17 4 0 4 3 0 1
"104" 104 0.0 0 0 0 0 0 0 12 0 0 3 0 0 0 228 0 0 0 0 0 9
"105" 105 0.0480769230769 0 1 0 0 0 1 0 2 0 0 0 247 0 0 0 0 0 1 0 0
"106" 106 0.584821428571 0 2 3 0 1 1 0 9 0 0 0 3 0 0 0 0 1 232 0 0
"107" 107 0.0923076923077 1 0 0 50 3 12 4 0 1 4 0 0 9 0 155 0 2 0 6 5
"108" 108 0.0290697674419 0 0 26 0 45 0 0 0 170 0 2 0 0 1 2 0 1 1 0 4
"109" 109 0.0 0 0 0 0 0 0 183 0 0 1 0 0 0 38 0 0 30 0 0 0
"110" 110 0.368821292776 1 0 3 5 10 4 20 0 86 4 6 0 10 10 6 51 25 0 9 2
"111" 111 0.00507614213198 1 0 0 0 0 0 114 0 0 0 0 0 0 72 0 0 63 0 0 2
"112" 112 0.20207253886 0 252 0 0 0 0 0 0 0 0 0 0 0 0 0 0 0 0 0 0
"113" 113 0.0 239 0 0 0 0 0 0 0 2 0 11 0 0 0 0 0 0 0 0 0
"114" 114 0.310880829016 0 252 0 0 0 0 0 0 0 0 0 0 0 0 0 0 0 0 0 0
"115" 115 0.0 0 0 0 0 0 0 0 0 0 0 0 0 0 0 0 0 252 0 0 0
"116" 116 0.38578680203 0 0 0 0 0 0 145 0 0 0 0 0 0 104 0 0 3 0 0 0
"117" 117 0.340807174888 0 2 0 8 234 0 0 0 0 0 0 0 0 1 2 0 0 5 0 0
"118" 118 0.178294573643 0 0 0 0 0 0 0 0 0 0 251 1 0 0 0 0 0 0 0 0
"119" 119 0.20207253886 0 252 0 0 0 0 0 0 0 0 0 0 0 0 0 0 0 0 0 0
"120" 120 0.105769230769 0 0 0 0 0 0 0 0 0 0 17 235 0 0 0 0 0 0 0 0
"121" 121 0.173076923077 0 0 0 0 0 0 0 0 0 0 0 252 0 0 0 0 0 0 0 0
"122" 122 0.0348837209302 0 0 0 0 0 0 0 0 252 0 0 0 0 0 0 0 0 0 0 0
"123" 123 0.120437956204 0 0 0 0 0 0 0 0 0 0 0 0 0 0 252 0 0 0 0 0
"124" 124 0.00581395348837 18 0 1 0 0 0 0 0 230 0 0 0 0 0 0 0 3 0 0 0
"125" 125 0.0 0 0 0 0 0 0 0 0 12 0 237 0 0 2 0 0 1 0 0 0
"126" 126 0.0 0 0 171 0 0 0 0 0 0 0 81 0 0 0 0 0 0 0 0 0
"127" 127 0.00507614213198 0 0 0 0 0 0 247 0 0 0 0 0 0 0 0 0 5 0 0 0
"128" 128 0.0 1 0 18 3 0 0 0 0 229 0 0 0 0 0 0 0 1 0 0 0
"129" 129 0.0 0 0 0 0 0 0 0 0 0 0 2 250 0 0 0 0 0 0 0 0
"130" 130 0.0 0 0 23 0 0 0 0 0 0 0 175 54 0 0 0 0 0 0 0 0
"131" 131 0.00581395348837 29 0 4 0 0 0 0 0 2 83 3 0 0 2 0 48 0 0 77 4
"132" 132 0.0 1 0 0 0 0 0 33 0 2 0 0 0 0 12 0 0 204 0 0 0
"133" 133 0.0 0 0 1 0 0 0 0 0 0 0 250 1 0 0 0 0 0 0 0 0
"134" 134 0.00995024875622 0 0 1 0 0 0 1 0 1 0 14 0 0 195 0 0 15 0 0 25
"135" 135 0.162436548223 3 0 9 0 9 11 7 0 7 1 71 3 30 1 24 0 61 2 12 1
"136" 136 0.0673575129534 0 144 2 4 8 0 7 0 0 2 1 0 2 61 4 0 0 13 0 4
"137" 137 0.0 11 0 1 0 1 0 0 0 1 0 235 1 0 2 0 0 0 0 0 0
"138" 138 0.0646766169154 18 0 0 0 0 0 63 0 3 20 0 0 0 70 0 0 69 0 0 9
"139" 139 0.457364341085 0 15 18 62 25 17 5 0 14 0 27 9 6 1 27 0 1 22 3 0
"140" 140 0.252873563218 0 1 11 3 10 76 0 0 15 5 8 16 18 5 17 35 11 1 19 1
"141" 141 0.0199004975124 0 0 0 0 0 0 10 0 0 4 15 2 0 179 1 1 1 0 0 39
"142" 142 0.514767932489 0 1 3 2 14 21 24 3 6 1 4 2 8 51 31 0 48 6 8 17
"143" 143 0.827004219409 0 16 17 4 22 50 0 0 7 0 47 4 1 0 23 0 1 57 0 1
"144" 144 0.540145985401 0 11 13 16 39 43 2 2 11 1 39 2 2 3 21 0 4 40 1 1
"145" 145 0.615384615385 1 5 7 8 4 39 0 1 1 0 2 168 1 1 9 0 1 3 0 0
"146" 146 0.170542635659 0 9 5 0 14 50 31 5 11 3 23 2 1 22 8 1 26 22 0 18
"147" 147 0.124378109453 2 1 0 0 1 0 77 0 1 7 0 1 0 130 0 0 25 0 0 4
"148" 148 0.497890295359 0 4 23 5 14 75 4 15 33 0 24 3 0 3 11 0 6 28 0 0
"149" 149 0.384615384615 0 9 19 5 9 33 4 2 35 0 37 15 4 2 19 0 8 44 3 0
"150" 150 0.502564102564 0 45 48 54 6 4 15 4 9 8 2 1 3 14 6 3 6 6 4 11
"151" 151 0.0125786163522 0 0 0 0 0 0 1 237 0 0 1 0 0 0 0 0 11 0 0 0
"152" 152 0.323383084577 0 0 1 0 0 0 78 0 1 6 0 1 0 119 0 1 34 1 0 9
"153" 153 0.523206751055 3 1 6 5 7 78 19 0 44 5 0 1 8 19 43 0 9 1 0 2
"154" 154 0.291479820628 3 93 16 7 13 3 1 1 4 6 10 40 18 1 9 0 0 23 2 1
"155" 155 0.0963302752294 1 0 32 5 40 7 0 17 4 43 19 2 28 11 0 1 1 1 20 20
"156" 156 0.0 0 0 0 0 0 0 41 0 0 0 1 0 0 38 0 0 170 0 0 2
"157" 157 0.0 1 0 21 0 1 0 0 0 0 0 225 3 0 0 0 0 1 0 0 0
"158" 158 0.0077519379845 0 0 15 0 0 0 0 0 0 0 237 0 0 0 0 0 0 0 0 0
"159" 159 0.0 0 0 0 0 0 0 81 0 18 1 0 0 0 2 0 0 150 0 0 0
"160" 160 0.0331125827815 0 0 252 0 0 0 0 0 0 0 0 0 0 0 0 0 0 0 0 0
"161" 161 0.00574712643678 39 0 0 0 0 0 1 0 1 0 8 0 0 0 0 0 202 0 0 1
"162" 162 0.0 0 0 1 0 0 0 0 0 0 0 1 250 0 0 0 0 0 0 0 0
"163" 163 0.126903553299 0 0 0 0 0 5 143 0 0 1 0 0 1 33 2 0 57 0 1 9
"164" 164 0.144486692015 4 1 3 0 0 3 26 0 4 15 1 0 3 24 1 2 89 0 69 0
"165" 165 0.417040358744 1 53 1 38 34 30 0 2 0 0 19 23 1 1 6 0 2 39 0 0
"166" 166 0.615384615385 0 16 4 11 3 5 0 0 2 0 4 196 3 0 2 0 0 5 0 0
"167" 167 0.33908045977 1 5 1 5 45 5 5 0 32 0 11 12 2 3 12 0 37 70 3 2
"168" 168 0.251572327044 4 0 3 0 1 3 14 133 5 0 46 2 2 13 1 0 16 8 0 1
"169" 169 0.0229885057471 3 0 0 0 0 0 25 0 0 9 3 0 1 55 11 0 119 0 6 20
"170" 170 0.00497512437811 14 0 2 0 0 0 2 0 1 0 2 0 0 222 0 0 9 0 0 0
"171" 171 0.0 0 252 0 0 0 0 0 0 0 0 0 0 0 0 0 0 0 0 0 0
"172" 172 0.00995024875622 0 0 0 0 0 0 0 2 0 0 0 0 0 249 0 0 1 0 0 0
"173" 173 0.0569948186528 35 125 5 34 0 2 0 14 1 0 9 0 0 0 0 0 1 26 0 0
"174" 174 0.490494296578 0 0 0 0 0 0 0 0 0 10 1 1 0 0 0 0 0 0 240 0
"175" 175 0.492537313433 1 18 15 3 10 3 18 32 10 0 51 2 0 16 2 0 24 46 0 1
"176" 176 0.0 0 0 0 0 0 0 0 0 0 0 0 0 0 1 0 0 0 251 0 0
"177" 177 0.362694300518 0 252 0 0 0 0 0 0 0 0 0 0 0 0 0 0 0 0 0 0
"178" 178 0.443708609272 1 0 198 0 0 3 0 0 1 5 13 1 1 0 5 0 23 0 0 1
"179" 179 0.441860465116 1 15 23 27 17 24 1 0 19 0 55 7 3 1 32 0 9 17 0 1
"180" 180 0.046511627907 27 0 0 0 0 0 2 0 0 0 222 1 0 0 0 0 0 0 0 0
"181" 181 0.473214285714 0 72 4 1 17 10 3 0 0 0 14 15 1 3 2 0 1 107 0 2
"182" 182 0.0581395348837 0 0 1 0 0 0 3 0 111 0 21 0 0 1 0 0 113 0 0 2
"183" 183 0.129533678756 0 252 0 0 0 0 0 0 0 0 0 0 0 0 0 0 0 0 0 0
"184" 184 0.00497512437811 5 0 3 0 0 0 3 0 2 12 28 8 0 25 0 0 2 0 0 164
"185" 185 0.0923076923077 0 0 0 251 0 0 0 0 1 0 0 0 0 0 0 0 0 0 0 0
"186" 186 0.00574712643678 1 0 0 0 0 0 34 0 0 52 0 0 0 22 0 0 142 0 0 1
"187" 187 0.0172413793103 0 0 0 0 0 0 22 0 0 1 4 0 0 0 0 0 225 0 0 0
"188" 188 0.00917431192661 2 0 0 0 3 1 3 0 1 3 8 3 0 21 1 0 7 0 0 199
"189" 189 0.0581395348837 0 1 2 32 0 0 3 0 193 0 9 4 0 0 2 0 1 0 0 5
"190" 190 0.279792746114 0 48 17 0 4 1 0 0 0 0 11 120 0 0 1 0 0 49 0 0
"191" 191 0.713178294574 0 27 58 15 14 28 0 0 21 0 45 10 3 0 7 0 5 16 1 1
"192" 192 0.307692307692 1 3 1 5 3 2 0 1 0 1 1 222 0 10 1 0 0 0 0 1
"193" 193 0.317307692308 0 13 5 5 15 32 0 0 2 0 17 67 13 1 42 0 0 40 0 0
"194" 194 0.364016736402 0 0 0 0 0 0 47 0 0 134 0 0 0 43 0 1 5 0 9 13
"195" 195 0.258883248731 1 0 2 0 0 0 101 0 0 1 2 0 0 9 0 0 136 0 0 0
"196" 196 0.1875 0 0 0 0 0 0 0 0 0 0 0 0 0 0 0 0 0 252 0 0
"197" 197 0.362068965517 0 0 0 0 0 0 93 0 0 0 2 0 0 29 0 0 127 0 0 1
"198" 198 0.313901345291 0 0 0 0 248 0 0 0 0 0 0 2 2 0 0 0 0 0 0 0
"199" 199 0.298076923077 0 0 4 0 0 0 0 0 2 0 25 215 0 0 0 0 0 0 0 6
"200" 200 0.372093023256 0 0 19 0 0 0 0 0 229 0 1 0 0 1 0 0 0 0 0 2
"201" 201 0.31007751938 0 0 1 0 0 0 0 0 0 0 179 72 0 0 0 0 0 0 0 0
"202" 202 0.625 0 0 0 0 0 0 0 0 0 0 0 0 0 0 0 0 0 252 0 0
"203" 203 0.269230769231 0 8 2 3 6 17 2 0 3 0 21 118 7 0 4 0 1 58 0 2
"204" 204 0.596899224806 0 3 15 5 4 12 3 0 19 1 97 13 14 1 15 0 9 35 5 1
"205" 205 0.635220125786 1 2 16 0 0 0 0 122 56 0 38 3 0 1 0 0 11 1 0 1
"206" 206 0.225941422594 0 0 0 0 0 0 3 0 0 229 0 0 0 3 0 0 2 0 13 2
"207" 207 0.63503649635 0 24 120 6 5 2 0 4 57 0 7 4 1 0 14 0 0 6 0 1
"208" 208 0.572327044025 1 7 2 1 15 10 0 5 0 4 6 2 13 6 138 1 1 30 4 5
"209" 209 0.604651162791 0 47 17 11 17 11 1 4 16 0 49 4 1 1 1 0 2 68 0 1
"210" 210 0.294642857143 0 10 1 3 78 0 0 0 9 0 5 4 2 2 3 0 1 132 0 1
"211" 211 0.243781094527 0 0 1 0 1 0 0 0 0 40 2 0 0 165 0 0 2 0 0 39
"212" 212 0.461538461538 0 70 5 78 10 2 2 0 10 3 14 7 3 24 1 0 0 11 0 10
"213" 213 0.302325581395 0 11 13 4 37 25 1 0 16 0 71 9 1 3 17 0 3 38 0 1
"214" 214 0.0045871559633 0 0 0 0 1 0 9 0 0 1 0 0 0 141 0 0 1 0 0 97
"215" 215 0.10447761194 0 0 0 0 0 0 11 0 6 5 2 0 0 193 7 0 6 0 2 18
"216" 216 0.5625 0 99 18 10 1 5 1 0 7 2 36 15 2 0 16 0 1 37 0 0
"217" 217 0.109452736318 0 0 2 0 0 0 1 0 1 5 7 1 1 211 1 0 10 0 6 4
"218" 218 0.0 1 0 0 0 0 0 0 0 0 0 214 35 0 0 0 0 0 0 0 0
"219" 219 0.304932735426 0 7 5 1 17 47 1 0 8 0 11 6 2 9 27 0 6 95 0 7
"220" 220 0.479820627803 0 5 11 5 25 89 11 5 9 0 31 14 10 9 7 0 5 10 0 2
"221" 221 0.0384615384615 0 0 5 0 0 0 0 0 0 0 5 237 0 0 1 0 0 0 0 0
"222" 222 0.0 25 0 1 7 0 0 155 0 11 0 2 3 0 18 0 0 22 0 0 3
"223" 223 0.403587443946 2 6 15 9 33 29 1 1 10 2 51 18 3 2 35 0 5 23 0 1
"224" 224 0.428571428571 1 19 9 2 48 9 1 0 11 0 7 0 2 0 20 0 1 115 0 1
"225" 225 0.0 1 0 0 0 0 0 40 0 1 0 0 0 0 198 0 0 1 0 0 3
"226" 226 0.00418410041841 4 0 4 2 4 3 72 0 16 38 15 0 1 17 0 0 51 0 0 15
"227" 227 0.553571428571 0 22 7 2 18 20 6 0 3 0 51 8 3 7 15 0 7 70 0 0
"228" 228 0.243781094527 2 1 4 0 2 16 40 0 2 3 58 2 5 61 4 0 16 7 7 9
"229" 229 0.0 0 0 0 0 233 0 0 0 0 0 1 0 0 1 0 1 0 1 0 0
"230" 230 0.456204379562 0 2 6 9 19 98 1 0 6 0 9 0 2 5 69 0 0 6 0 0
"231" 231 0.457364341085 0 8 7 8 33 22 0 1 5 0 65 1 3 3 8 0 3 54 0 4
"232" 232 0.131782945736 1 0 11 0 2 1 2 0 6 4 160 0 0 2 0 0 32 1 0 0
"233" 233 0.189054726368 2 0 0 0 0 0 18 0 2 3 0 0 0 174 0 0 17 0 0 1
"234" 234 0.558139534884 1 1 27 1 0 3 0 2 2 0 54 25 0 1 2 0 0 2 0 1
"235" 235 0.808035714286 0 14 0 1 14 5 0 0 0 0 0 0 0 0 0 0 0 31 0 0
