"site" "RSA" "aa1" "aa2" "aa3" "aa4" "aa5" "aa6" "aa7" "aa8" "aa9" "aa10" "aa11" "aa12" "aa13" "aa14" "aa15" "aa16" "aa17" "aa18" "aa19" "aa20"
"0" 0 0.652849740933 0 24 19 102 38 12 0 172 22 0 19 10 0 63 6 0 0 11 1 1
"1" 1 0.28102189781 0 0 0 0 0 0 0 0 0 0 0 0 0 0 500 0 0 0 0 0
"2" 2 0.450892857143 0 230 4 40 28 39 3 0 42 0 30 8 0 8 5 0 12 51 0 0
"3" 3 0.487046632124 0 123 4 22 16 65 5 0 33 0 35 2 0 17 0 0 9 165 0 4
"4" 4 0.0348258706468 0 0 0 0 0 0 0 0 0 0 0 0 0 3 0 497 0 0 0 0
"5" 5 0.051724137931 0 0 1 293 0 3 0 0 3 0 41 0 0 0 99 0 60 0 0 0
"6" 6 0.562737642586 0 25 1 27 26 137 74 0 14 2 49 0 3 19 11 2 9 94 2 5
"7" 7 0.385650224215 0 1 0 8 12 115 0 0 0 0 7 0 0 220 122 0 0 9 1 5
"8" 8 0.0 0 0 0 0 0 0 0 0 0 0 500 0 0 0 0 0 0 0 0 0
"9" 9 0.316455696203 0 0 0 3 1 483 1 0 0 0 2 0 0 7 2 0 0 1 0 0
"10" 10 0.44776119403 0 18 1 18 51 149 51 0 1 0 15 0 0 51 45 0 7 89 1 3
"11" 11 0.062015503876 0 0 1 0 0 0 0 0 0 0 499 0 0 0 0 0 0 0 0 0
"12" 12 0.258928571429 0 0 0 0 14 216 0 0 0 1 15 0 1 0 1 0 0 236 5 11
"13" 13 0.690582959641 0 20 1 39 28 204 31 0 10 0 69 2 0 32 25 0 1 34 0 4
"14" 14 0.503875968992 0 20 1 39 56 142 0 0 0 0 17 1 1 151 38 0 0 12 0 22
"15" 15 0.620535714286 0 1 0 437 2 18 0 0 0 0 1 2 37 0 1 0 0 1 0 0
"16" 16 0.507299270073 0 0 0 0 0 0 0 0 0 0 0 0 0 1 499 0 0 0 0 0
"17" 17 0.201520912548 0 0 0 0 0 0 0 0 0 0 0 0 0 0 0 0 0 0 500 0
"18" 18 0.487046632124 0 280 0 0 0 0 0 0 0 0 0 0 0 0 0 0 0 220 0 0
"19" 19 0.308035714286 0 1 0 0 0 0 0 0 0 0 0 0 0 0 0 0 0 499 0 0
"20" 20 0.0 0 0 0 0 0 0 0 0 0 0 1 0 0 0 0 0 0 0 0 499
"21" 21 0.0632183908046 0 0 1 0 0 0 1 0 0 11 61 0 4 0 0 0 417 3 2 0
"22" 22 0.495535714286 0 13 3 15 34 132 118 0 12 9 21 0 2 24 15 2 31 24 34 11
"23" 23 0.0662251655629 0 0 0 0 0 0 0 0 0 54 0 0 1 0 0 20 0 0 425 0
"24" 24 0.0 0 0 0 0 1 0 0 0 0 0 0 0 0 0 0 0 0 0 0 499
"25" 25 0.286919831224 0 0 9 1 5 250 1 0 7 3 170 2 0 3 18 1 0 26 0 4
"26" 26 0.527426160338 0 0 0 22 17 116 0 0 0 0 6 0 0 228 13 9 0 4 1 84
"27" 27 0.0 0 0 0 0 0 0 162 0 0 0 0 0 0 0 0 0 338 0 0 0
"28" 28 0.015503875969 0 0 0 0 0 0 0 0 0 0 500 0 0 0 0 0 0 0 0 0
"29" 29 0.326923076923 0 1 3 10 1 2 0 0 0 0 475 6 0 0 1 1 0 0 0 0
"30" 30 0.311926605505 0 0 1 0 1 0 0 0 0 0 1 0 0 489 0 0 0 1 1 6
"31" 31 0.461139896373 0 5 0 382 0 0 0 0 0 0 0 112 1 0 0 0 0 0 0 0
"32" 32 0.327586206897 0 0 0 0 20 15 0 0 8 0 0 1 0 12 34 0 396 14 0 0
"33" 33 0.254464285714 0 0 2 0 121 0 0 0 3 0 2 0 1 359 0 0 0 12 0 0
"34" 34 0.0348258706468 0 0 0 0 0 0 0 0 0 0 0 0 0 499 0 0 0 0 0 1
"35" 35 0.372093023256 0 0 468 0 0 0 0 0 31 0 0 1 0 0 0 0 0 0 0 0
"36" 36 0.459770114943 0 3 1 1 397 6 1 0 6 0 1 0 0 4 36 0 0 42 0 2
"37" 37 0.4375 0 0 0 1 0 1 0 0 2 0 1 0 0 7 0 0 0 488 0 0
"38" 38 0.0401785714286 0 0 0 0 0 0 0 0 0 0 0 0 0 0 0 0 0 500 0 0
"39" 39 0.029197080292 0 0 0 3 10 0 0 0 0 0 36 0 0 0 10 0 0 2 0 439
"40" 40 0.384615384615 0 11 0 23 38 22 21 0 2 0 5 0 1 2 6 1 1 359 0 8
"41" 41 0.0696517412935 0 0 0 0 0 0 0 0 0 0 0 0 0 499 0 0 0 0 0 1
"42" 42 0.0 0 0 0 0 0 0 0 0 0 0 0 0 0 499 0 0 0 0 0 1
"43" 43 0.211920529801 0 1 0 0 0 0 0 0 0 1 3 0 1 8 3 479 0 2 2 0
"44" 44 0.252873563218 0 0 0 0 2 51 109 0 4 0 2 0 0 1 180 0 5 145 0 1
"45" 45 0.0 0 0 0 0 0 0 0 0 0 0 500 0 0 0 0 0 0 0 0 0
"46" 46 0.00380228136882 0 0 15 0 0 0 0 0 24 124 0 1 1 0 0 129 0 0 197 9
"47" 47 0.350210970464 0 0 0 0 0 8 0 0 0 90 3 0 1 1 1 123 0 2 270 1
"48" 48 0.302564102564 0 0 0 0 5 1 0 0 0 62 1 0 53 0 0 17 0 5 337 19
"49" 49 0.0689655172414 0 0 2 1 165 138 0 0 1 0 177 1 0 0 3 0 8 1 0 3
"50" 50 0.00507614213198 0 0 1 0 0 0 454 0 0 0 3 0 0 0 0 0 42 0 0 0
"51" 51 0.221153846154 0 0 2 0 5 53 0 0 0 0 35 15 0 170 53 7 0 160 0 0
"52" 52 0.418604651163 0 40 19 40 35 82 1 0 21 7 174 6 0 9 4 2 0 49 9 2
"53" 53 0.211678832117 0 0 0 0 0 0 0 0 0 0 0 0 1 0 498 0 0 1 0 0
"54" 54 0.138686131387 0 0 0 0 0 0 0 0 0 0 0 0 0 0 500 0 0 0 0 0
"55" 55 0.294573643411 0 53 2 2 68 21 92 0 3 0 6 1 0 55 118 0 1 74 0 4
"56" 56 0.35761589404 0 9 12 39 15 67 1 0 35 0 214 1 1 49 17 11 0 26 0 3
"57" 57 0.177304964539 0 0 0 0 0 0 0 0 0 0 0 0 0 0 0 500 0 0 0 0
"58" 58 0.412408759124 0 0 4 1 75 173 12 0 5 0 23 0 0 12 29 2 15 126 0 23
"59" 59 0.543147208122 0 18 4 11 28 71 102 0 8 0 24 1 0 22 27 1 2 171 2 8
"60" 60 0.0710659898477 0 0 0 0 0 0 369 0 6 0 2 0 0 103 0 1 19 0 0 0
"61" 61 0.165562913907 0 0 3 0 26 132 0 0 4 1 65 1 1 213 10 4 0 5 5 30
"62" 62 0.503311258278 0 24 15 56 37 145 0 0 0 0 14 3 1 45 61 0 1 77 4 17
"63" 63 0.375634517766 0 7 0 9 31 106 83 0 14 0 16 0 0 55 159 2 1 14 0 3
"64" 64 0.0714285714286 0 0 0 0 0 0 0 0 0 0 0 0 0 0 0 0 0 500 0 0
"65" 65 0.591928251121 0 4 4 1 27 140 47 0 2 1 33 1 8 30 35 3 5 147 2 10
"66" 66 0.472573839662 0 15 1 12 14 70 35 0 9 15 23 1 1 24 3 0 1 234 32 10
"67" 67 0.0401785714286 0 0 0 0 0 0 0 0 0 0 4 0 0 0 0 0 0 496 0 0
"68" 68 0.446428571429 0 0 0 0 3 0 3 0 0 0 1 0 0 0 1 0 0 492 0 0
"69" 69 0.671794871795 0 19 2 69 25 163 0 0 0 0 21 1 0 33 119 1 0 35 0 12
"70" 70 0.518987341772 0 3 0 142 68 66 0 0 0 0 3 1 0 68 127 0 0 8 0 14
"71" 71 0.567307692308 0 0 0 0 0 0 0 0 0 0 0 500 0 0 0 0 0 0 0 0
"72" 72 0.144230769231 0 0 0 0 1 1 0 0 0 0 0 496 0 2 0 0 0 0 0 0
"73" 73 0.272321428571 0 62 14 25 13 102 7 0 52 0 43 11 1 7 7 0 21 128 5 2
"74" 74 0.642487046632 0 199 15 36 20 45 3 0 23 0 41 10 0 9 6 1 13 78 0 1
"75" 75 0.476793248945 0 0 0 7 0 24 0 0 0 0 6 0 0 0 458 0 0 4 0 1
"76" 76 0.0646766169154 0 0 0 0 0 0 0 0 0 0 0 0 0 500 0 0 0 0 0 0
"77" 77 0.590717299578 0 13 2 4 27 260 19 0 7 0 5 1 1 4 23 0 9 125 0 0
"78" 78 0.587155963303 0 57 8 33 98 116 4 0 7 0 51 7 0 15 16 2 14 68 1 3
"79" 79 0.116751269036 0 0 0 0 0 0 404 0 0 0 0 0 0 96 0 0 0 0 0 0
"80" 80 0.346715328467 0 0 0 0 0 2 0 0 0 0 0 0 0 0 498 0 0 0 0 0
"81" 81 0.620535714286 0 10 1 32 13 89 6 0 6 0 33 0 0 19 48 0 0 243 0 0
"82" 82 0.505703422053 0 134 5 55 17 51 0 0 3 0 135 0 1 31 20 37 0 10 1 0
"83" 83 0.127737226277 0 0 0 0 0 0 0 0 0 0 0 0 0 0 500 0 0 0 0 0
"84" 84 0.452914798206 0 3 5 29 30 229 5 0 1 0 103 0 1 40 24 3 0 19 2 6
"85" 85 0.495412844037 0 8 3 22 43 127 22 0 15 0 33 0 0 22 33 1 0 169 0 2
"86" 86 0.0574712643678 0 0 0 0 0 0 58 0 24 0 1 0 0 0 0 0 417 0 0 0
"87" 87 0.147321428571 0 0 0 0 0 0 0 0 0 0 0 0 0 0 0 0 0 500 0 0
"88" 88 0.517441860465 0 9 1 14 10 33 7 0 21 0 19 0 1 7 149 2 0 226 1 0
"89" 89 0.34375 0 2 0 0 130 0 0 0 0 0 0 0 0 0 1 0 0 363 0 4
"90" 90 0.0149253731343 0 0 0 0 0 0 0 0 0 0 0 0 0 500 0 0 0 0 0 0
"91" 91 0.130801687764 0 0 7 0 7 193 0 0 12 0 93 0 0 33 38 0 0 100 1 16
"92" 92 0.582089552239 0 14 2 15 30 91 19 0 2 0 14 0 0 14 133 4 1 157 0 4
"93" 93 0.111675126904 0 0 0 0 0 0 455 0 0 0 0 0 0 45 0 0 0 0 0 0
"94" 94 0.0 500 0 0 0 0 0 0 0 0 0 0 0 0 0 0 0 0 0 0 0
"95" 95 0.462025316456 500 0 0 0 0 0 0 0 0 0 0 0 0 0 0 0 0 0 0 0
"96" 96 0.269430051813 0 204 13 7 7 10 0 0 80 2 51 0 0 39 11 5 0 70 0 1
"97" 97 0.0 0 0 0 0 0 0 497 0 0 0 0 0 0 3 0 0 0 0 0 0
"98" 98 0.089552238806 0 0 0 0 0 0 0 0 0 0 0 0 0 500 0 0 0 0 0 0
"99" 99 0.440414507772 0 41 4 63 36 165 5 0 5 0 70 2 0 19 19 0 1 41 3 26
"100" 100 0.0632183908046 0 0 0 0 0 0 229 0 10 1 4 0 0 14 0 0 231 0 0 11
"101" 101 0.0 0 0 0 0 0 0 0 0 0 0 0 0 0 500 0 0 0 0 0 0
"102" 102 0.445595854922 0 500 0 0 0 0 0 0 0 0 0 0 0 0 0 0 0 0 0 0
"103" 103 0.548523206751 0 9 2 56 36 150 10 0 2 0 10 0 1 147 37 0 3 24 3 10
"104" 104 0.253588516746 0 0 0 0 0 0 0 0 0 145 0 0 5 0 1 0 0 0 349 0
"105" 105 0.0248756218905 0 0 0 0 0 0 0 0 0 0 0 0 0 500 0 0 0 0 0 0
"106" 106 0.137055837563 0 0 0 0 0 0 500 0 0 0 0 0 0 0 0 0 0 0 0 0
"107" 107 0.559748427673 0 0 0 0 0 0 0 500 0 0 0 0 0 0 0 0 0 0 0 0
"108" 108 0.201550387597 0 0 91 0 0 0 0 0 0 0 405 4 0 0 0 0 0 0 0 0
"109" 109 0.108527131783 0 0 7 0 0 0 0 0 0 0 493 0 0 0 0 0 0 0 0 0
"110" 110 0.738461538462 0 1 1 8 4 5 1 0 5 3 0 1 7 0 460 0 1 0 2 1
"111" 111 0.383720930233 0 0 29 0 0 8 0 0 435 0 0 0 0 3 20 0 0 1 3 1
"112" 112 0.0865384615385 0 0 0 0 0 0 0 0 0 0 0 500 0 0 0 0 0 0 0 0
"113" 113 0.3125 0 0 0 0 0 0 0 0 0 0 0 0 0 0 0 0 0 500 0 0
"114" 114 0.00662251655629 0 0 133 0 0 0 0 0 0 0 354 11 0 2 0 0 0 0 0 0
"115" 115 0.168776371308 0 0 2 0 62 347 28 0 3 0 4 0 0 0 33 0 2 6 0 13
"116" 116 0.0 0 0 0 0 0 0 0 0 0 0 0 0 0 0 0 0 500 0 0 0
"117" 117 0.0753138075314 0 0 0 0 0 0 0 0 0 495 1 0 1 0 0 3 0 0 0 0
"118" 118 0.0114068441065 0 0 0 0 0 0 0 0 0 395 0 0 0 0 0 34 0 0 71 0
"119" 119 0.243346007605 0 0 0 0 0 0 0 0 0 68 0 0 0 0 0 0 0 0 432 0
"120" 120 0.130801687764 0 0 0 0 0 454 0 0 0 0 0 0 0 0 0 0 0 0 0 46
"121" 121 0.0183486238532 0 0 1 0 0 0 0 0 3 0 6 0 0 0 0 0 0 0 0 490
"122" 122 0.168776371308 0 0 0 0 0 500 0 0 0 0 0 0 0 0 0 0 0 0 0 0
"123" 123 0.0 0 0 0 0 0 0 0 0 0 0 0 500 0 0 0 0 0 0 0 0
"124" 124 0.0362694300518 0 500 0 0 0 0 0 0 0 0 0 0 0 0 0 0 0 0 0 0
"125" 125 0.0228136882129 0 0 0 0 0 0 0 0 0 0 0 0 0 0 0 0 0 0 500 0
"126" 126 0.11961722488 0 0 0 0 0 0 0 0 0 153 2 0 1 0 0 28 0 0 316 0
"127" 127 0.036496350365 0 0 0 0 0 0 0 0 0 0 0 0 0 0 500 0 0 0 0 0
"128" 128 0.0836501901141 0 0 0 0 0 0 2 0 0 273 0 0 2 0 0 0 1 0 222 0
"129" 129 0.154228855721 0 0 0 0 1 0 84 0 0 0 1 0 0 413 0 0 1 0 0 0
"130" 130 0.0 0 0 3 0 0 0 0 0 0 0 497 0 0 0 0 0 0 0 0 0
"131" 131 0.147321428571 0 0 0 0 0 0 0 0 0 0 0 0 0 0 0 0 0 500 0 0
"132" 132 0.121338912134 0 0 0 0 0 0 0 0 0 458 0 0 0 0 0 41 0 0 1 0
"133" 133 0.116279069767 0 0 9 1 0 0 0 0 0 0 489 1 0 0 0 0 0 0 0 0
"134" 134 0.610465116279 0 0 4 1 15 4 4 0 215 0 1 1 2 2 221 0 24 4 1 1
"135" 135 0.596153846154 0 0 3 0 0 0 0 0 0 0 0 497 0 0 0 0 0 0 0 0
"136" 136 0.584615384615 0 207 15 26 15 16 1 0 8 0 10 2 0 4 5 0 2 188 0 1
"137" 137 0.569948186528 0 183 3 55 33 47 0 0 0 0 76 5 0 11 8 0 0 74 0 5
"138" 138 0.295620437956 0 0 0 0 71 418 0 0 0 0 3 0 0 0 4 0 0 4 0 0
"139" 139 0.616033755274 0 2 1 7 16 220 15 0 4 0 11 0 2 11 142 2 0 62 2 3
"140" 140 0.174107142857 0 31 6 21 18 101 39 0 11 10 45 1 1 23 47 19 18 81 21 7
"141" 141 0.062015503876 0 0 0 1 0 0 0 0 0 0 498 0 0 0 0 0 0 0 1 0
"142" 142 0.0852713178295 0 0 0 0 0 0 0 0 0 0 500 0 0 0 0 0 0 0 0 0
"143" 143 0.223214285714 0 27 1 22 28 72 40 0 17 0 37 0 0 31 60 2 0 155 1 7
"144" 144 0.415384615385 0 11 2 42 94 4 0 0 0 0 34 2 0 0 18 55 0 111 31 96
"145" 145 0.0 0 0 1 0 0 0 0 0 0 0 499 0 0 0 0 0 0 0 0 0
"146" 146 0.194029850746 0 0 0 0 2 33 0 0 0 9 4 0 1 375 24 11 0 20 19 2
"147" 147 0.563218390805 0 5 1 13 32 172 38 0 16 0 23 1 0 50 35 1 7 98 0 8
"148" 148 0.0077519379845 0 0 0 0 0 0 0 0 0 0 500 0 0 0 0 0 0 0 0 0
"149" 149 0.0 0 0 0 0 0 0 0 0 0 0 0 0 0 0 0 0 0 0 500 0
"150" 150 0.502109704641 0 1 0 2 33 10 41 0 2 0 10 0 0 326 18 0 0 49 0 8
"151" 151 0.248062015504 0 44 0 20 5 58 0 0 0 0 22 0 1 111 76 111 0 29 11 12
"152" 152 0.0 0 0 0 0 0 0 0 0 0 0 500 0 0 0 0 0 0 0 0 0
"153" 153 0.172185430464 0 0 3 0 39 42 0 0 5 0 20 0 0 60 28 6 0 66 1 230
"154" 154 0.564766839378 0 43 5 14 63 112 74 0 21 4 38 4 0 25 38 0 3 45 8 3
"155" 155 0.126903553299 0 0 0 0 2 0 428 0 4 1 2 0 0 26 0 0 24 1 1 11
"156" 156 0.0077519379845 0 0 0 0 0 0 0 0 0 0 500 0 0 0 0 0 0 0 0 0
"157" 157 0.596330275229 0 115 15 71 42 12 2 0 0 0 69 3 0 1 77 0 0 53 0 40
"158" 158 0.598837209302 0 21 17 113 86 66 0 0 69 0 10 0 1 64 10 0 0 27 2 14
"159" 159 0.491071428571 0 0 0 1 174 283 0 0 10 0 3 0 0 0 1 0 0 15 0 13
"160" 160 0.0646766169154 0 0 0 0 0 0 0 0 0 0 0 0 0 500 0 0 0 0 0 0
"161" 161 0.289308176101 0 0 0 0 0 0 0 500 0 0 0 0 0 0 0 0 0 0 0 0
"162" 162 0.0503144654088 0 0 0 0 0 0 0 500 0 0 0 0 0 0 0 0 0 0 0 0
"163" 163 0.00581395348837 0 0 2 0 0 0 0 0 489 0 6 0 0 0 0 0 3 0 0 0
"164" 164 0.114832535885 0 0 0 0 0 0 0 0 0 0 0 0 500 0 0 0 0 0 0 0
"165" 165 0.163522012579 0 0 0 0 0 0 0 6 0 1 0 0 0 0 0 463 0 0 30 0
"166" 166 0.10152284264 0 1 0 0 0 0 495 0 0 0 0 0 0 0 0 0 3 0 1 0
"167" 167 0.156934306569 0 0 0 0 0 2 0 0 0 0 1 0 1 0 496 0 0 0 0 0
"168" 168 0.00497512437811 0 0 0 0 0 0 0 0 0 0 0 0 0 500 0 0 0 0 0 0
"169" 169 0.0769230769231 0 0 0 0 5 0 0 0 0 0 433 32 0 23 0 0 0 4 0 3
"170" 170 0.0149253731343 0 0 0 0 0 0 0 0 0 0 0 0 0 500 0 0 0 0 0 0
"171" 171 0.0697674418605 0 0 2 0 0 0 0 0 0 0 498 0 0 0 0 0 0 0 0 0
"172" 172 0.0696517412935 0 0 0 0 1 9 0 0 1 21 14 0 15 269 9 0 0 26 80 55
"173" 173 0.148717948718 0 200 2 48 5 0 0 0 0 3 211 2 0 0 0 0 0 19 9 1
"174" 174 0.0418410041841 0 0 0 0 1 1 0 0 0 490 2 0 0 0 0 6 0 0 0 0
"175" 175 0.0 0 0 0 0 0 0 0 0 0 0 500 0 0 0 0 0 0 0 0 0
"176" 176 0.120689655172 0 4 0 16 52 176 71 0 0 0 25 0 0 0 36 0 3 83 0 34
"177" 177 0.0 0 0 0 0 0 0 0 0 0 500 0 0 0 0 0 0 0 0 0 0
"178" 178 0.117870722433 0 0 0 0 0 0 0 0 0 109 0 0 0 0 0 11 0 0 380 0
"179" 179 0.342205323194 0 0 0 0 0 0 0 0 0 99 0 0 3 0 0 0 0 0 398 0
"180" 180 0.46875 0 2 2 1 4 68 1 0 30 53 6 0 9 14 6 0 13 22 265 4
"181" 181 0.0761421319797 0 0 0 0 0 0 460 0 1 0 0 0 0 0 0 0 39 0 0 0
"182" 182 0.233830845771 0 0 0 0 0 1 0 0 0 0 0 0 0 491 0 0 0 0 0 8
"183" 183 0.692307692308 0 6 0 189 3 10 0 0 0 0 0 35 253 0 1 0 0 3 0 0
"184" 184 0.12582781457 0 231 0 103 4 5 0 0 0 0 3 0 0 3 149 0 0 2 0 0
"185" 185 0.396226415094 0 0 1 0 0 0 0 499 0 0 0 0 0 0 0 0 0 0 0 0
"186" 186 0.414507772021 0 54 4 14 39 80 5 0 25 1 16 13 1 5 8 0 7 220 7 1
"187" 187 0.434306569343 0 108 2 16 8 167 0 0 0 0 67 0 0 34 23 0 0 63 0 12
"188" 188 0.0 0 0 0 0 0 0 0 0 0 0 500 0 0 0 0 0 0 0 0 0
"189" 189 0.158227848101 500 0 0 0 0 0 0 0 0 0 0 0 0 0 0 0 0 0 0 0
"190" 190 0.222627737226 0 39 4 32 14 168 11 0 13 0 25 2 1 17 92 2 2 76 0 2
"191" 191 0.238805970149 0 0 0 0 0 0 0 0 1 0 0 0 0 490 0 0 1 8 0 0
"192" 192 0.0 0 0 0 0 0 0 0 0 0 0 500 0 0 0 0 0 0 0 0 0
"193" 193 0.430379746835 0 0 0 0 3 450 0 0 0 0 8 0 0 8 25 1 0 4 0 1
"194" 194 0.341085271318 0 3 14 2 129 78 0 0 82 1 71 0 0 36 49 0 0 29 3 3
"195" 195 0.108527131783 0 0 0 0 0 0 0 0 0 0 500 0 0 0 0 0 0 0 0 0
"196" 196 0.146443514644 0 0 0 0 0 0 0 0 0 123 1 0 0 70 1 0 0 0 305 0
"197" 197 0.341968911917 0 455 0 1 5 0 0 0 0 0 0 0 0 18 0 0 0 21 0 0
"198" 198 0.383419689119 0 69 3 24 23 0 0 0 0 0 77 2 1 45 3 1 0 248 0 4
"199" 199 0.0 0 0 0 0 0 0 0 0 0 0 496 4 0 0 0 0 0 0 0 0
"200" 200 0.41116751269 0 0 1 1 16 15 15 0 0 0 18 0 0 49 3 0 60 3 0 319
"201" 201 0.612403100775 0 20 3 123 12 233 0 0 0 0 58 0 0 12 19 11 0 5 2 2
"202" 202 0.392857142857 0 0 0 47 2 0 0 0 0 20 8 0 196 0 9 0 0 0 218 0
"203" 203 0.378109452736 0 0 12 0 6 1 0 0 0 0 4 1 0 470 1 2 0 3 0 0
"204" 204 0.751295336788 0 76 104 35 10 49 2 0 4 0 1 1 1 2 6 14 7 158 27 3
"205" 205 0.238372093023 0 16 7 45 110 33 0 0 206 0 11 1 1 14 0 0 0 21 7 28
"206" 206 0.283582089552 0 0 0 0 0 18 0 0 1 0 9 0 0 280 190 0 0 0 0 2
"207" 207 0.238410596026 0 2 8 7 364 18 0 0 0 4 4 1 0 65 1 1 0 6 15 4
"208" 208 0.665178571429 0 1 2 0 0 0 0 496 0 0 1 0 0 0 0 0 0 0 0 0
"209" 209 0.709821428571 0 181 45 67 15 61 0 0 13 0 34 0 0 15 10 0 0 53 0 6
"210" 210 0.105960264901 0 7 1 3 0 0 0 0 0 25 1 0 105 0 261 3 2 0 92 0
"211" 211 0.486692015209 0 0 113 0 5 101 0 0 0 0 262 0 3 0 1 0 0 12 3 0
"212" 212 0.341772151899 0 243 10 35 33 51 5 0 8 0 15 2 0 14 8 3 9 62 0 2
"213" 213 0.455958549223 0 15 1 1 16 4 0 0 15 0 2 0 0 356 19 0 53 14 0 4
"214" 214 0.00662251655629 0 0 116 0 0 0 0 0 0 0 384 0 0 0 0 0 0 0 0 0
"215" 215 0.488372093023 0 20 17 37 70 68 1 0 78 0 101 1 0 12 29 2 0 62 0 2
"216" 216 0.502487562189 0 13 2 9 25 131 7 0 24 0 23 0 0 40 12 3 0 206 1 4
"217" 217 0.131979695431 0 0 0 0 0 0 455 0 0 0 0 0 0 42 0 0 0 0 3 0
"218" 218 0.0779816513761 0 0 0 0 1 0 2 0 0 0 0 0 0 51 1 0 0 0 0 445
"219" 219 0.412556053812 0 31 3 35 73 127 22 0 4 0 31 1 0 53 47 1 3 65 0 4
"220" 220 0.298507462687 0 9 0 5 12 31 1 0 0 0 5 0 0 205 180 12 0 38 1 1
"221" 221 0.0 0 0 0 0 0 0 0 0 0 0 0 0 0 500 0 0 0 0 0 0
"222" 222 0.521897810219 0 0 3 0 143 79 0 0 0 0 82 0 1 139 14 1 0 32 2 4
"223" 223 0.378238341969 0 48 9 28 40 100 24 0 19 0 85 0 0 33 15 5 0 92 0 2
"224" 224 0.2 0 9 2 25 10 4 0 0 0 2 248 0 27 117 27 5 0 12 4 8
"225" 225 0.124378109453 0 0 0 0 0 0 3 0 0 0 0 0 0 497 0 0 0 0 0 0
"226" 226 0.546511627907 0 45 1 25 44 138 62 0 9 0 38 1 0 20 16 3 14 63 0 21
"227" 227 0.676616915423 0 34 1 14 43 63 131 0 19 0 35 0 0 32 74 0 4 46 0 4
"228" 228 0.120567375887 0 0 0 0 0 0 0 0 0 0 0 0 0 0 0 500 0 0 0 0
"229" 229 0.767441860465 0 16 66 4 14 27 42 0 16 0 62 188 0 6 4 0 8 46 0 1
