"site" "RSA" "aa1" "aa2" "aa3" "aa4" "aa5" "aa6" "aa7" "aa8" "aa9" "aa10" "aa11" "aa12" "aa13" "aa14" "aa15" "aa16" "aa17" "aa18" "aa19" "aa20"
"0" 0 0.816513761468 0 0 0 0 0 0 0 0 0 0 0 0 0 21 0 0 0 0 0 30
"1" 1 0.384105960265 0 6 42 11 2 0 1 47 15 0 11 0 0 0 0 0 1 0 0 0
"2" 2 0.312820512821 0 0 1 31 17 67 0 0 11 0 0 0 6 0 43 0 5 1 0 0
"3" 3 0.0 16 0 0 0 0 0 3 1 6 0 8 0 0 2 0 0 245 0 0 2
"4" 4 0.121338912134 0 0 1 0 0 0 0 0 3 179 0 0 0 0 1 7 0 0 101 0
"5" 5 0.0 0 0 1 0 0 0 2 0 0 256 0 0 0 19 0 0 0 0 0 13
"6" 6 0.238341968912 0 260 2 5 3 5 0 0 3 0 0 1 1 0 0 0 0 10 0 0
"7" 7 0.0152284263959 1 0 0 0 0 0 182 3 2 1 0 0 0 8 0 0 77 0 0 18
"8" 8 0.0988372093023 2 8 67 7 11 17 2 0 81 0 35 3 0 4 8 0 4 41 1 1
"9" 9 0.320675105485 2 0 2 0 8 4 182 1 1 3 37 1 6 6 0 2 31 3 5 0
"10" 10 0.589743589744 0 75 2 42 1 1 0 0 0 0 5 161 0 0 2 0 0 3 0 0
"11" 11 0.576923076923 0 32 14 33 2 10 1 0 2 0 9 177 0 1 1 0 0 13 0 0
"12" 12 0.434108527132 1 10 12 11 39 64 1 8 17 0 26 2 1 1 12 0 13 75 0 2
"13" 13 0.74213836478 0 17 20 11 3 39 1 143 3 2 18 0 1 5 5 0 6 10 4 2
"14" 14 0.278606965174 3 1 8 0 6 7 25 6 10 0 116 1 0 64 0 0 39 8 0 4
"15" 15 0.269230769231 0 1 3 0 2 5 0 2 0 0 1 285 0 0 0 0 0 5 0 0
"16" 16 0.290697674419 1 0 2 0 2 16 0 2 10 1 0 0 2 1 262 0 0 4 0 1
"17" 17 0.0 0 0 0 0 0 0 229 0 1 1 0 0 0 9 0 0 60 0 0 5
"18" 18 0.354430379747 0 1 7 7 3 17 30 0 38 1 4 0 1 6 4 0 144 40 2 0
"19" 19 0.0 0 0 0 0 0 0 70 0 0 118 0 0 0 17 0 0 4 0 0 97
"20" 20 0.354430379747 0 2 0 9 8 32 0 0 3 0 3 76 0 6 2 0 1 161 0 4
"21" 21 0.0696517412935 0 0 0 0 0 0 2 0 0 1 0 0 0 300 0 0 4 0 0 1
"22" 22 0.196652719665 0 2 1 2 0 2 0 0 0 162 1 0 2 0 58 0 0 2 75 0
"23" 23 0.0984455958549 0 51 38 13 1 17 0 4 6 3 81 82 0 1 2 0 1 5 2 0
"24" 24 0.875647668394 0 215 6 21 3 38 0 0 1 0 0 2 3 0 0 0 0 18 0 0
"25" 25 0.183908045977 0 20 1 0 4 15 42 0 40 0 8 0 0 3 1 0 164 5 0 1
"26" 26 0.0 4 0 0 0 0 0 0 0 34 4 10 0 0 1 0 0 255 0 0 0
"27" 27 0.396226415094 0 0 0 0 0 0 0 310 0 0 0 0 0 0 0 0 0 0 0 0
"28" 28 0.573839662447 0 3 0 3 9 248 5 0 0 0 1 0 0 4 30 0 2 1 0 4
"29" 29 0.0 1 0 0 0 0 0 0 0 309 0 0 0 0 0 0 0 0 0 0 0
"30" 30 0.0 8 0 5 0 0 0 0 0 16 0 224 1 0 0 0 0 56 0 0 0
"31" 31 0.279069767442 0 7 0 5 2 22 0 0 3 0 21 0 0 0 16 0 0 234 0 1
"32" 32 0.0 0 1 1 309 0 0 0 0 0 0 0 0 0 0 0 0 0 0 0 0
"33" 33 0.0 0 0 0 0 0 0 0 0 0 309 0 0 0 0 0 0 2 0 0 0
"34" 34 0.0912408759124 1 0 0 0 1 18 3 0 0 1 7 0 2 6 251 0 11 3 5 2
"35" 35 0.031007751938 25 1 11 0 42 3 0 1 5 0 180 1 1 2 3 0 4 32 0 1
"36" 36 0.00497512437811 0 0 0 0 0 0 1 1 0 8 0 0 0 300 0 0 0 0 0 2
"37" 37 0.0126582278481 243 0 14 1 0 0 0 0 1 0 51 1 0 0 0 0 1 0 0 0
"38" 38 0.302325581395 0 0 3 1 2 13 5 0 270 0 4 0 0 2 2 0 4 6 0 0
"39" 39 0.278846153846 0 1 2 2 1 10 0 0 0 0 0 266 22 0 6 0 0 2 0 0
"40" 40 0.589285714286 0 13 3 2 12 7 0 10 6 0 3 0 2 0 0 0 2 251 1 0
"41" 41 0.485232067511 0 1 3 15 8 218 0 5 3 0 11 0 15 3 18 0 2 6 2 2
"42" 42 0.701923076923 0 1 3 4 1 6 1 13 5 0 1 271 0 1 2 0 2 1 0 0
"43" 43 0.238493723849 0 0 1 3 6 7 27 2 11 150 2 0 0 29 1 0 23 19 24 7
"44" 44 0.105769230769 1 0 8 0 1 0 0 0 6 0 3 284 8 0 0 0 0 0 0 0
"45" 45 0.0 0 0 0 0 0 2 0 0 0 51 0 0 0 1 2 0 0 0 255 0
"46" 46 0.511627906977 0 0 6 0 10 233 1 0 1 0 26 0 1 1 9 0 4 20 0 0
"47" 47 0.336538461538 0 11 2 31 1 4 0 0 0 0 1 258 1 0 0 0 1 1 1 0
"48" 48 0.046357615894 28 0 264 1 0 1 1 0 9 0 4 0 0 0 0 0 4 0 0 0
"49" 49 0.191387559809 9 0 58 3 4 44 51 27 49 2 14 12 6 2 10 0 18 0 1 2
"50" 50 0.0 0 0 0 0 0 0 2 0 0 306 0 0 0 2 0 0 1 0 0 1
"51" 51 0.11961722488 0 0 0 0 0 0 0 0 0 0 0 0 311 0 1 0 0 0 0 0
"52" 52 0.361313868613 0 0 0 0 0 0 0 0 0 0 0 0 0 0 311 0 0 0 1 0
"53" 53 0.00574712643678 2 0 0 0 0 0 126 0 0 0 0 0 0 1 0 0 183 0 0 0
"54" 54 0.121827411168 0 0 1 0 0 0 306 0 0 0 0 0 0 1 0 0 3 0 0 1
"55" 55 0.301886792453 0 2 3 2 2 81 0 206 7 0 0 0 1 1 6 0 0 1 0 0
"56" 56 0.663212435233 0 71 15 71 56 11 0 0 0 0 0 63 1 0 3 0 0 20 1 0
"57" 57 0.192468619247 0 0 0 0 0 0 0 0 0 311 0 0 0 1 0 0 0 0 0 0
"58" 58 0.0137614678899 0 0 0 0 0 0 0 0 0 0 0 0 0 1 0 0 3 0 0 308
"59" 59 0.0 104 0 0 1 0 0 119 0 0 0 17 0 0 57 0 0 10 0 0 4
"60" 60 0.139013452915 0 0 0 0 311 0 0 0 0 0 0 0 0 0 1 0 0 0 0 0
"61" 61 0.0 0 0 1 0 0 0 0 0 0 2 5 304 0 0 0 0 0 0 0 0
"62" 62 0.0 0 0 0 0 0 0 0 0 0 0 0 312 0 0 0 0 0 0 0 0
"63" 63 0.0103626943005 0 311 0 1 0 0 0 0 0 0 0 0 0 0 0 0 0 0 0 0
"64" 64 0.188284518828 0 0 0 0 0 0 21 0 4 283 0 0 0 0 0 0 0 0 3 1
"65" 65 0.488372093023 0 8 11 0 4 0 3 0 260 0 0 0 0 2 0 0 12 10 0 2
"66" 66 0.364341085271 2 0 4 109 10 35 0 1 4 1 32 1 16 5 81 0 1 5 0 5
"67" 67 0.201923076923 0 2 2 8 9 3 0 1 1 17 3 185 71 0 6 0 0 2 0 2
"68" 68 0.502564102564 0 103 2 199 1 2 0 0 3 0 0 1 0 1 0 0 0 0 0 0
"69" 69 0.298076923077 0 1 0 0 0 0 0 0 0 0 0 311 0 0 0 0 0 0 0 0
"70" 70 0.651162790698 1 0 6 0 0 2 3 0 271 0 1 0 0 0 17 0 1 0 8 2
"71" 71 0.173076923077 0 0 0 0 0 0 0 0 0 0 0 311 0 0 0 0 0 0 0 0
"72" 72 0.182692307692 3 0 10 0 0 0 0 0 0 0 1 296 0 0 0 0 1 0 0 1
"73" 73 0.35864978903 3 1 0 0 2 150 2 0 6 3 2 0 2 2 28 0 7 95 8 1
"74" 74 0.0198675496689 3 0 307 0 0 0 0 0 2 0 0 0 0 0 0 0 0 0 0 0
"75" 75 0.203045685279 0 0 0 0 0 0 306 0 0 0 0 0 0 0 0 0 6 0 0 0
"76" 76 0.406844106464 0 0 0 0 0 0 0 0 0 5 0 0 2 0 0 2 0 0 303 0
"77" 77 0.355769230769 0 0 0 1 1 0 0 0 0 0 0 306 0 0 4 0 0 0 0 0
"78" 78 0.573643410853 0 23 28 32 4 17 2 7 11 0 35 22 5 2 23 0 1 95 1 4
"79" 79 0.514767932489 1 3 5 5 1 217 1 2 25 1 1 0 1 0 43 0 1 1 3 1
"80" 80 0.100418410042 0 0 0 0 0 0 0 0 0 311 0 0 0 0 0 0 1 0 0 0
"81" 81 0.449612403101 0 35 5 12 3 22 0 61 1 0 91 2 0 0 6 0 0 74 0 0
"82" 82 0.124352331606 0 312 0 0 0 0 0 0 0 0 0 0 0 0 0 0 0 0 0 0
"83" 83 0.236607142857 0 1 0 0 1 0 0 0 0 0 0 0 0 0 0 0 0 310 0 0
"84" 84 0.235897435897 0 5 15 279 0 3 0 0 3 0 4 3 0 0 0 0 0 0 0 0
"85" 85 0.334728033473 0 0 0 0 0 0 0 0 0 306 0 0 0 5 0 1 0 0 0 0
"86" 86 0.587443946188 0 18 9 15 37 97 24 3 37 1 12 0 1 2 3 0 16 35 1 1
"87" 87 0.218905472637 1 0 0 2 0 15 26 0 0 3 4 7 7 201 7 0 20 7 8 4
"88" 88 0.552742616034 0 1 7 8 6 223 2 6 14 0 2 1 2 2 33 0 3 2 0 0
"89" 89 0.0 0 0 0 0 1 0 0 1 0 0 0 0 310 0 0 0 0 0 0 0
"90" 90 0.420512820513 0 56 17 13 3 4 2 1 135 10 6 4 0 5 0 0 12 24 18 0
"91" 91 0.324894514768 1 1 8 1 8 51 0 0 5 0 7 157 2 0 41 0 6 13 0 2
"92" 92 0.37106918239 0 0 2 0 1 18 5 221 0 3 33 3 1 2 7 0 7 6 0 3
"93" 93 0.0192307692308 0 0 0 0 0 0 0 0 0 28 1 272 0 1 0 0 0 0 8 2
"94" 94 0.0199004975124 9 1 1 0 5 2 61 0 32 1 7 0 1 112 2 20 40 0 6 12
"95" 95 0.0 0 0 0 0 0 0 3 0 0 0 0 0 0 296 0 0 12 0 0 1
"96" 96 0.0 0 0 311 0 0 0 0 0 0 0 1 0 0 0 0 0 0 0 0 0
"97" 97 0.0 0 0 1 0 0 0 0 0 1 0 0 0 0 0 0 0 1 0 0 309
"98" 98 0.062015503876 0 0 0 0 0 0 0 0 0 0 311 0 0 0 0 0 1 0 0 0
"99" 99 0.225641025641 0 0 0 312 0 0 0 0 0 0 0 0 0 0 0 0 0 0 0 0
"100" 100 0.635658914729 7 0 53 0 1 0 0 0 2 0 238 0 0 0 9 0 0 0 2 0
"101" 101 0.240384615385 0 0 0 0 0 0 0 0 0 0 1 310 0 0 0 0 0 1 0 0
"102" 102 0.654088050314 0 0 2 0 4 35 0 235 0 0 12 0 0 0 20 0 2 2 0 0
"103" 103 0.476923076923 0 53 1 229 0 0 0 0 0 0 1 19 9 0 0 0 0 0 0 0
"104" 104 0.156976744186 0 0 15 0 0 0 0 0 297 0 0 0 0 0 0 0 0 0 0 0
"105" 105 0.0 0 0 0 311 1 0 0 0 0 0 0 0 0 0 0 0 0 0 0 0
"106" 106 0.0961538461538 0 1 9 1 0 0 0 0 1 0 0 299 0 1 0 0 0 0 0 0
"107" 107 0.00662251655629 9 0 301 0 0 0 0 0 0 0 2 0 0 0 0 0 0 0 0 0
"108" 108 0.103139013453 0 0 0 0 310 0 0 0 0 0 0 0 0 0 2 0 0 0 0 0
"109" 109 0.0 1 0 0 0 0 0 0 0 0 310 1 0 0 0 0 0 0 0 0 0
"110" 110 0.0209205020921 0 0 0 0 0 0 0 0 0 309 0 0 0 1 0 0 0 0 1 0
"111" 111 0.0 0 0 0 0 0 0 267 0 0 0 0 0 0 28 0 0 14 0 0 2
"112" 112 0.0 96 0 0 0 0 0 2 0 210 0 0 0 0 2 0 0 0 0 1 0
"113" 113 0.0988372093023 11 0 1 0 0 0 0 0 256 18 1 0 0 12 0 0 10 0 0 2
"114" 114 0.252873563218 0 9 5 4 2 16 11 0 19 0 64 6 0 0 3 0 156 15 0 1
"115" 115 0.390804597701 0 13 5 3 14 117 1 66 7 0 19 1 0 3 12 0 30 20 0 0
"116" 116 0.0 37 0 1 0 3 0 0 2 258 0 8 0 0 1 0 0 1 0 0 0
"117" 117 0.403973509934 0 35 80 5 3 1 0 131 11 0 12 1 1 0 0 0 0 31 0 0
"118" 118 0.535460992908 0 0 1 0 1 0 0 0 0 9 0 1 49 1 2 247 0 0 0 0
"119" 119 0.089552238806 0 0 0 0 0 0 0 0 0 0 0 0 0 311 0 0 0 0 0 0
"120" 120 0.238341968912 0 284 0 26 0 0 0 0 0 0 0 1 0 0 0 0 0 0 0 0
"121" 121 0.413461538462 0 2 2 28 1 6 0 0 0 3 0 266 0 0 1 0 0 1 1 0
"122" 122 0.540084388186 0 0 0 1 1 231 1 0 0 0 11 2 4 2 53 0 2 2 0 1
"123" 123 0.157894736842 0 0 0 1 0 0 0 0 0 0 0 0 309 0 0 1 0 0 0 0
"124" 124 0.0 4 0 0 0 0 0 0 0 18 0 0 0 0 0 0 0 289 0 0 0
"125" 125 0.0172413793103 0 0 0 0 0 0 0 0 0 0 3 0 0 0 0 0 308 0 0 0
"126" 126 0.0 0 0 2 0 0 0 0 0 0 308 0 0 0 0 0 0 0 0 0 0
"127" 127 0.0 0 0 0 0 0 0 0 0 0 0 0 309 0 0 0 0 0 0 0 0
"128" 128 0.205357142857 1 0 14 8 47 93 0 0 3 4 3 0 16 0 42 0 2 76 0 0
"129" 129 0.0862068965517 0 0 0 0 0 0 12 0 0 0 0 0 0 7 0 0 289 0 0 1
"130" 130 0.380710659898 0 0 7 0 1 9 76 1 24 0 13 0 0 58 3 0 107 6 0 3
"131" 131 0.481865284974 0 66 28 8 12 29 0 0 3 0 1 1 1 0 3 0 0 155 1 0
"132" 132 0.0288461538462 0 0 12 5 0 1 0 0 0 0 2 287 1 0 0 0 0 0 0 0
"133" 133 0.238532110092 0 0 0 1 12 16 8 1 3 15 2 0 1 33 3 3 1 5 26 178
"134" 134 0.625641025641 0 178 25 29 5 7 0 1 3 0 3 10 1 6 4 0 0 35 0 0
"135" 135 0.0287356321839 0 0 0 0 0 0 51 0 14 2 2 0 2 20 0 0 215 0 1 0
"136" 136 0.0 2 0 1 0 0 0 14 0 0 0 0 0 0 25 0 0 263 0 0 2
"137" 137 0.544303797468 0 17 8 2 14 129 0 0 7 1 3 0 3 1 95 0 0 18 7 2
"138" 138 0.255813953488 0 3 8 5 19 131 2 1 11 0 61 1 1 11 18 0 0 26 2 7
"139" 139 0.0 2 0 1 0 0 0 177 0 0 1 0 1 0 35 0 0 37 0 0 53
"140" 140 0.129464285714 0 1 0 0 3 4 0 0 0 0 4 2 0 0 1 0 0 292 0 0
"141" 141 0.488372093023 1 3 73 40 10 40 0 0 10 1 73 15 4 4 19 0 2 9 1 1
"142" 142 0.138392857143 13 1 8 8 33 13 5 1 35 20 9 0 1 37 1 0 68 19 23 11
"143" 143 0.0192307692308 0 5 4 0 6 19 0 34 15 0 5 197 0 0 5 0 1 12 0 0
"144" 144 0.165562913907 1 12 155 8 3 6 0 1 104 0 2 1 0 1 2 0 7 1 0 0
"145" 145 0.721153846154 0 27 40 15 59 27 0 18 5 0 17 52 4 1 21 0 1 12 3 2
"146" 146 0.562913907285 0 8 165 30 10 4 0 6 16 1 16 8 4 0 23 0 0 10 1 3
"147" 147 0.0192307692308 0 54 8 15 1 0 0 0 0 0 2 222 0 0 0 0 0 3 0 0
"148" 148 0.64135021097 1 3 15 6 15 132 2 0 23 0 30 1 0 2 61 0 4 4 2 1
"149" 149 0.188679245283 4 0 1 0 0 0 3 198 79 0 1 0 0 1 0 0 12 0 1 0
"150" 150 0.700729927007 1 5 68 8 7 73 6 0 29 1 14 0 3 15 37 0 21 4 0 5
"151" 151 0.0993377483444 6 2 24 5 37 105 1 1 9 2 43 4 7 6 8 0 13 20 0 4
"152" 152 0.368613138686 0 39 10 9 4 83 3 45 16 0 14 1 0 2 29 0 11 29 0 1
"153" 153 0.0 24 0 2 0 0 0 76 4 0 0 8 0 0 3 0 2 177 0 0 1
"154" 154 0.236607142857 0 0 7 0 3 63 27 0 49 0 8 0 0 10 12 0 91 17 2 7
"155" 155 0.0 0 0 0 0 0 1 263 0 1 1 0 0 0 2 0 0 28 0 0 0
"156" 156 0.356589147287 0 7 34 1 5 7 6 1 36 1 102 3 1 2 2 0 57 27 3 1
"157" 157 0.523206751055 0 163 11 40 6 21 0 0 0 0 21 1 2 0 1 0 0 30 0 0
"158" 158 0.107594936709 206 0 72 0 0 0 0 0 0 1 15 0 0 0 0 0 1 0 0 0
"159" 159 0.0769230769231 0 0 2 0 0 0 0 0 1 0 0 286 0 0 0 0 0 0 0 0
"160" 160 0.367816091954 0 0 0 0 16 0 1 0 8 0 6 0 0 4 0 0 29 16 0 1
"161" 161 0.645569620253 6 0 0 0 0 0 4 0 0 0 2 0 0 39 0 0 11 0 0 0
