"site" "RSA" "aa1" "aa2" "aa3" "aa4" "aa5" "aa6" "aa7" "aa8" "aa9" "aa10" "aa11" "aa12" "aa13" "aa14" "aa15" "aa16" "aa17" "aa18" "aa19" "aa20"
"0" 0 0.230769230769 0 0 0 0 0 0 0 9 0 0 21 470 0 0 0 0 0 0 0 0
"1" 1 0.558974358974 0 419 0 0 6 3 0 0 0 0 0 0 0 0 0 0 0 72 0 0
"2" 2 0.43654822335 0 0 0 0 0 16 0 0 0 0 0 0 0 0 25 0 0 459 0 0
"3" 3 0.071129707113 0 0 0 0 0 0 0 0 0 38 0 0 0 0 0 0 0 0 462 0
"4" 4 0.0697674418605 0 0 0 0 6 364 0 0 0 0 0 0 0 0 130 0 0 0 0 0
"5" 5 0.507692307692 0 6 0 0 0 479 0 0 0 0 0 0 0 2 13 0 0 0 0 0
"6" 6 0.0945273631841 0 0 0 0 0 0 367 0 0 0 0 0 0 133 0 0 0 0 0 0
"7" 7 0.0 0 0 0 0 0 0 0 0 0 487 0 0 1 0 0 11 0 0 1 0
"8" 8 0.447257383966 0 70 0 0 30 6 0 0 0 0 0 0 0 0 386 0 0 7 0 1
"9" 9 0.528846153846 0 0 0 0 0 440 0 0 0 0 0 60 0 0 0 0 0 0 0 0
"10" 10 0.134328358209 0 0 0 0 0 0 0 0 0 0 0 0 0 500 0 0 0 0 0 0
"11" 11 0.317991631799 0 425 0 36 9 1 0 0 0 0 29 0 0 0 0 0 0 0 0 0
"12" 12 0.615384615385 0 0 0 0 0 500 0 0 0 0 0 0 0 0 0 0 0 0 0 0
"13" 13 0.573839662447 0 0 0 383 0 117 0 0 0 0 0 0 0 0 0 0 0 0 0 0
"14" 14 0.772151898734 0 0 0 0 0 500 0 0 0 0 0 0 0 0 0 0 0 0 0 0
"15" 15 0.352678571429 0 0 0 0 0 500 0 0 0 0 0 0 0 0 0 0 0 0 0 0
"16" 16 0.0596330275229 0 0 0 0 0 0 0 0 0 0 0 0 0 0 0 0 0 0 0 500
"17" 17 0.120437956204 0 0 0 0 0 0 120 0 0 0 0 0 0 0 1 0 2 1 0 376
"18" 18 0.0 0 0 0 0 0 0 497 0 0 0 0 0 0 1 2 0 0 0 0 0
"19" 19 0.0 0 0 0 0 5 0 1 0 0 0 0 0 0 479 0 0 0 0 0 15
"20" 20 0.0 0 0 0 0 0 0 3 0 0 0 0 0 0 0 0 0 0 0 0 497
"21" 21 0.0 33 0 4 0 1 0 9 0 2 0 125 0 3 0 2 0 7 37 0 277
"22" 22 0.0 0 0 0 0 0 0 0 0 0 0 0 500 0 0 0 0 0 0 0 0
"23" 23 0.0696517412935 0 0 10 0 0 0 0 474 0 0 0 16 0 0 0 0 0 0 0 0
"24" 24 0.424870466321 0 0 50 0 0 0 0 450 0 0 0 0 0 0 0 0 0 0 0 0
"25" 25 0.527131782946 0 0 0 500 0 0 0 0 0 0 0 0 0 0 0 0 0 0 0 0
"26" 26 0.015503875969 0 0 1 0 0 0 0 0 0 0 499 0 0 0 0 0 0 0 0 0
"27" 27 0.115384615385 0 0 0 0 0 0 0 0 0 0 0 500 0 0 0 0 0 0 0 0
"28" 28 0.0295358649789 0 0 0 0 0 0 3 0 0 0 1 1 0 0 0 0 0 0 0 495
"29" 29 0.348837209302 0 3 107 0 0 56 0 0 70 1 1 1 0 4 0 0 0 8 0 249
"30" 30 0.343023255814 0 43 0 0 2 44 0 0 1 0 0 0 0 0 22 0 0 21 0 367
"31" 31 0.010152284264 0 0 0 0 0 0 500 0 0 0 0 0 0 0 0 0 0 0 0 0
"32" 32 0.00995024875622 0 0 0 0 0 0 0 0 0 0 19 0 0 481 0 0 0 0 0 0
"33" 33 0.608365019011 0 0 0 0 0 384 0 0 0 0 0 0 0 0 98 0 0 0 0 18
"34" 34 0.345991561181 0 0 0 0 7 381 0 0 0 0 5 0 0 0 0 0 0 83 0 24
"35" 35 0.0199004975124 0 0 0 0 0 0 0 0 0 0 0 0 0 500 0 0 0 0 0 0
"36" 36 0.573839662447 0 0 0 0 0 0 0 0 0 0 0 30 0 0 0 0 0 470 0 0
"37" 37 0.0547263681592 0 0 0 0 0 0 0 0 0 0 0 0 0 500 0 0 0 0 0 0
"38" 38 0.394230769231 0 0 0 0 0 0 0 0 0 0 0 500 0 0 0 0 0 0 0 0
"39" 39 0.705357142857 0 0 0 0 0 500 0 0 0 0 0 0 0 0 0 0 0 0 0 0
"40" 40 0.248730964467 1 0 0 0 0 0 490 0 0 0 0 0 0 0 9 0 0 0 0 0
"41" 41 0.396551724138 0 0 0 0 0 0 497 0 0 3 0 0 0 0 0 0 0 0 0 0
"42" 42 0.453488372093 1 0 0 0 0 97 1 0 6 70 0 0 0 15 28 0 53 126 3 100
"43" 43 0.401162790698 0 0 0 0 0 0 0 0 307 0 0 0 0 0 0 0 0 13 0 180
"44" 44 0.502538071066 13 0 0 0 0 38 0 0 0 11 0 0 81 0 34 0 0 23 0 300
"45" 45 0.295597484277 0 0 0 0 0 2 69 13 0 0 9 0 0 6 323 0 0 5 0 73
"46" 46 0.279069767442 0 38 55 0 0 2 0 0 405 0 0 0 0 0 0 0 0 0 0 0
"47" 47 0.680203045685 0 0 0 0 0 500 0 0 0 0 0 0 0 0 0 0 0 0 0 0
"48" 48 0.471153846154 0 0 0 0 0 0 0 0 0 0 0 500 0 0 0 0 0 0 0 0
"49" 49 0.0209205020921 23 39 0 0 6 0 25 0 0 144 10 0 1 223 3 2 6 18 0 0
"50" 50 0.466666666667 0 3 0 1 0 241 95 0 0 0 0 0 0 0 88 0 32 37 0 3
"51" 51 0.0 4 0 0 0 0 0 93 0 0 39 0 0 1 2 3 8 330 0 20 0
"52" 52 0.133928571429 6 0 0 7 4 150 2 0 0 92 0 0 0 42 1 107 5 26 56 2
"53" 53 0.21511627907 0 0 14 0 0 0 241 0 0 0 0 0 0 0 0 0 170 65 0 10
"54" 54 0.0172413793103 0 0 0 0 0 0 0 0 0 0 0 0 0 0 0 0 500 0 0 0
"55" 55 0.540178571429 0 0 0 0 0 444 10 0 0 0 0 0 0 0 43 0 0 0 3 0
"56" 56 0.239543726236 0 0 0 0 0 0 0 0 0 375 0 0 48 0 0 0 0 0 77 0
"57" 57 0.409282700422 0 0 0 0 0 0 0 0 0 0 0 500 0 0 0 0 0 0 0 0
"58" 58 0.0769230769231 9 0 0 0 0 0 0 491 0 0 0 0 0 0 0 0 0 0 0 0
"59" 59 0.0 0 0 0 0 0 0 500 0 0 0 0 0 0 0 0 0 0 0 0 0
"60" 60 0.0198675496689 0 0 0 0 0 19 256 0 0 0 0 0 0 0 14 0 47 0 0 164
"61" 61 0.00418410041841 0 0 0 0 0 0 0 0 0 496 0 0 0 0 0 2 0 0 0 2
"62" 62 0.00581395348837 0 0 0 0 0 2 83 0 1 1 0 0 0 0 0 0 413 0 0 0
"63" 63 0.0 217 0 0 0 0 0 19 0 92 1 3 0 0 0 0 0 11 143 0 14
"64" 64 0.0106382978723 0 0 1 1 14 0 10 0 11 127 3 0 0 0 0 0 0 0 36 297
"65" 65 0.419689119171 0 0 50 0 0 0 0 0 446 0 0 0 0 0 0 1 0 0 3 0
"66" 66 0.051724137931 0 0 6 0 1 0 0 0 0 0 0 1 0 0 1 0 487 1 0 3
"67" 67 0.298076923077 0 0 0 0 0 0 0 0 0 0 0 500 0 0 0 0 0 0 0 0
"68" 68 0.634615384615 0 0 0 0 0 0 0 0 0 0 0 500 0 0 0 0 0 0 0 0
"69" 69 0.165919282511 0 177 36 0 4 10 0 0 1 27 0 0 0 0 186 0 0 7 0 52
"70" 70 0.373056994819 0 0 449 0 0 0 0 0 0 0 0 51 0 0 0 0 0 0 0 0
"71" 71 0.637130801688 0 0 0 0 0 0 0 0 500 0 0 0 0 0 0 0 0 0 0 0
"72" 72 0.558375634518 0 0 0 0 0 500 0 0 0 0 0 0 0 0 0 0 0 0 0 0
"73" 73 0.543795620438 0 1 147 0 0 0 0 0 0 0 0 0 0 0 114 0 0 0 0 238
"74" 74 0.220125786164 0 205 0 0 0 24 0 0 1 0 0 0 0 0 0 0 0 0 0 270
"75" 75 0.26368159204 1 0 0 7 138 36 12 0 2 0 0 0 4 239 0 0 2 40 0 19
"76" 76 0.0780141843972 0 130 7 0 0 15 0 0 0 0 0 0 0 4 173 29 0 57 0 85
"77" 77 0.448905109489 0 0 9 0 0 491 0 0 0 0 0 0 0 0 0 0 0 0 0 0
"78" 78 0.66985645933 0 0 0 0 0 500 0 0 0 0 0 0 0 0 0 0 0 0 0 0
"79" 79 0.167300380228 0 327 0 0 0 17 0 0 2 134 0 0 2 1 0 2 0 1 14 0
"80" 80 0.00836820083682 0 37 0 0 3 94 0 0 0 315 1 0 2 0 2 42 0 3 1 0
"81" 81 0.461883408072 0 0 0 0 0 500 0 0 0 0 0 0 0 0 0 0 0 0 0 0
"82" 82 0.189743589744 0 329 0 44 0 0 0 0 0 0 0 0 0 45 0 0 0 0 0 82
"83" 83 0.0232558139535 0 0 0 0 0 0 0 0 500 0 0 0 0 0 0 0 0 0 0 0
"84" 84 0.313901345291 0 0 0 0 4 496 0 0 0 0 0 0 0 0 0 0 0 0 0 0
"85" 85 0.0 2 0 0 0 0 0 0 0 0 0 0 498 0 0 0 0 0 0 0 0
"86" 86 0.0149253731343 0 0 0 0 0 0 0 0 0 36 0 0 0 462 0 0 0 0 2 0
"87" 87 0.010152284264 0 0 0 0 0 0 488 0 2 0 0 0 0 0 0 0 10 0 0 0
"88" 88 0.00418410041841 0 0 0 0 0 0 0 0 0 500 0 0 0 0 0 0 0 0 0 0
"89" 89 0.0 0 0 1 0 0 0 0 0 0 0 0 0 0 0 0 0 499 0 0 0
"90" 90 0.0402298850575 0 0 5 0 0 0 0 0 1 6 0 0 0 0 0 0 488 0 0 0
"91" 91 0.145077720207 0 412 2 86 0 0 0 0 0 0 0 0 0 0 0 0 0 0 0 0
"92" 92 0.0 0 0 0 0 0 0 0 0 0 0 500 0 0 0 0 0 0 0 0 0
"93" 93 0.230769230769 0 0 1 0 0 0 0 0 424 0 0 0 0 0 75 0 0 0 0 0
"94" 94 0.150259067358 0 488 0 12 0 0 0 0 0 0 0 0 0 0 0 0 0 0 0 0
"95" 95 0.379562043796 0 0 8 1 0 6 0 0 1 0 0 0 0 5 458 2 0 1 0 18
"96" 96 0.638392857143 0 0 0 0 0 500 0 0 0 0 0 0 0 0 0 0 0 0 0 0
"97" 97 0.288321167883 0 0 0 486 0 0 0 0 0 0 0 0 2 0 0 0 0 12 0 0
"98" 98 0.0459770114943 0 0 280 0 0 0 204 0 0 0 14 2 0 0 0 0 0 0 0 0
"99" 99 0.507692307692 0 10 0 0 0 486 0 0 0 0 0 0 0 0 0 0 0 4 0 0
"100" 100 0.272321428571 0 1 0 0 0 482 0 0 0 0 0 0 0 0 12 0 0 5 0 0
"101" 101 0.0232558139535 0 4 0 2 4 0 0 0 0 0 474 0 0 0 0 0 0 16 0 0
"102" 102 0.332116788321 0 0 0 0 0 17 0 0 0 0 0 0 0 0 471 0 0 0 0 12
"103" 103 0.419642857143 0 457 0 0 0 9 5 0 0 0 1 0 0 2 9 0 0 17 0 0
"104" 104 0.03125 0 0 0 0 2 0 0 0 0 0 0 0 0 0 0 0 0 498 0 0
"105" 105 0.0 0 0 0 0 0 0 0 0 0 0 0 0 0 486 0 0 0 0 14 0
"106" 106 0.238532110092 0 0 0 0 0 2 0 0 0 0 0 0 0 4 21 0 0 0 0 473
"107" 107 0.474452554745 0 0 0 0 0 3 0 0 0 0 0 0 0 1 495 0 0 1 0 0
"108" 108 0.0229357798165 0 0 2 3 13 0 0 0 0 0 47 1 4 403 0 0 0 4 0 23
"109" 109 0.0696517412935 0 0 0 0 0 0 0 0 0 0 0 0 0 486 0 0 0 0 0 14
"110" 110 0.581395348837 0 0 483 0 0 0 0 0 0 0 17 0 0 0 0 0 0 0 0 0
"111" 111 0.232142857143 19 2 146 0 317 1 0 0 0 0 9 0 1 0 1 0 0 2 0 2
"112" 112 0.678756476684 0 365 80 0 0 55 0 0 0 0 0 0 0 0 0 0 0 0 0 0
"113" 113 0.428571428571 0 0 0 0 0 0 0 0 0 0 0 1 0 0 0 0 0 0 0 499
"114" 114 0.00497512437811 0 0 0 0 0 0 0 0 0 0 0 0 0 462 37 0 0 0 0 1
"115" 115 0.448905109489 0 0 0 0 0 135 0 0 0 0 0 0 0 0 365 0 0 0 0 0
"116" 116 0.642487046632 0 4 0 0 0 493 0 0 0 0 0 0 0 0 3 0 0 0 0 0
"117" 117 0.0232558139535 0 0 0 0 0 0 0 0 0 0 500 0 0 0 0 0 0 0 0 0
"118" 118 0.0114942528736 0 0 0 0 0 0 239 0 0 0 0 0 0 0 0 0 261 0 0 0
"119" 119 0.00497512437811 0 0 14 0 0 0 0 0 0 0 0 0 0 486 0 0 0 0 0 0
"120" 120 0.0 0 0 0 0 0 0 0 0 0 0 0 0 0 500 0 0 0 0 0 0
"121" 121 0.0 0 0 0 0 0 0 2 0 0 0 0 0 0 0 0 0 498 0 0 0
"122" 122 0.00418410041841 0 0 0 0 0 0 1 0 0 499 0 0 0 0 0 0 0 0 0 0
"123" 123 0.0 0 0 201 0 0 0 0 0 0 0 294 0 0 0 0 0 0 0 0 5
"124" 124 0.025641025641 0 3 0 497 0 0 0 0 0 0 0 0 0 0 0 0 0 0 0 0
"125" 125 0.227848101266 0 1 0 332 0 87 0 0 0 0 0 76 4 0 0 0 0 0 0 0
"126" 126 0.22869955157 0 0 301 0 84 99 0 0 0 0 0 16 0 0 0 0 0 0 0 0
"127" 127 0.538860103627 0 10 486 0 0 0 0 0 0 0 0 2 1 0 0 0 0 1 0 0
"128" 128 0.298507462687 0 0 0 0 0 0 0 0 0 0 0 0 500 0 0 0 0 0 0 0
"129" 129 0.805031446541 0 0 0 0 0 500 0 0 0 0 0 0 0 0 0 0 0 0 0 0
"130" 130 0.476923076923 0 0 0 0 0 500 0 0 0 0 0 0 0 0 0 0 0 0 0 0
"131" 131 0.147286821705 0 0 0 0 0 0 0 0 0 0 500 0 0 0 0 0 0 0 0 0
"132" 132 0.0229357798165 8 366 0 0 4 8 0 0 0 0 20 0 1 87 1 0 0 4 0 1
"133" 133 0.415384615385 0 500 0 0 0 0 0 0 0 0 0 0 0 0 0 0 0 0 0 0
"134" 134 0.22480620155 0 1 316 0 0 0 0 0 5 0 102 76 0 0 0 0 0 0 0 0
"135" 135 0.527131782946 0 0 0 0 0 313 0 0 0 0 0 0 0 0 99 0 0 88 0 0
"136" 136 0.330357142857 0 0 0 2 0 312 0 0 0 0 0 0 0 0 8 0 0 165 0 13
"137" 137 0.0 0 0 0 0 0 0 278 0 201 0 0 5 0 0 0 0 15 1 0 0
"138" 138 0.0813953488372 0 0 0 0 0 88 0 0 0 0 0 0 0 0 175 0 0 3 0 234
"139" 139 0.668393782383 0 170 0 0 0 113 0 0 0 0 0 0 0 1 164 0 0 11 0 41
"140" 140 0.481012658228 0 7 0 244 101 0 0 0 0 0 41 0 0 25 0 0 0 55 14 13
"141" 141 0.0 0 0 0 0 0 0 0 0 0 0 0 0 0 500 0 0 0 0 0 0
"142" 142 0.125 0 0 0 0 0 0 0 0 0 0 0 500 0 0 0 0 0 0 0 0
"143" 143 0.0 0 0 0 0 0 0 0 0 0 0 2 0 0 498 0 0 0 0 0 0
"144" 144 0.626794258373 0 0 3 0 0 88 0 0 0 152 0 0 7 0 3 6 0 0 241 0
"145" 145 0.516556291391 0 3 5 2 1 248 0 0 0 0 0 0 0 241 0 0 0 0 0 0
"146" 146 0.124378109453 0 0 0 0 0 0 0 0 0 0 0 0 0 486 0 0 0 0 0 14
"147" 147 0.678832116788 0 0 0 0 0 500 0 0 0 0 0 0 0 0 0 0 0 0 0 0
"148" 148 0.918660287081 0 0 0 0 0 0 0 0 0 0 0 500 0 0 0 0 0 0 0 0
"149" 149 0.109489051095 0 0 0 0 0 0 377 0 0 0 0 0 0 109 7 0 7 0 0 0
"150" 150 0.348717948718 9 2 0 315 0 15 26 0 0 0 0 0 0 133 0 0 0 0 0 0
"151" 151 0.191489361702 0 0 0 0 0 0 0 0 0 0 0 0 0 0 0 500 0 0 0 0
"152" 152 0.307984790875 0 0 0 0 0 0 0 0 0 0 0 0 0 0 0 0 0 0 500 0
"153" 153 0.147208121827 498 0 0 0 0 0 0 0 2 0 0 0 0 0 0 0 0 0 0 0
"154" 154 0.116591928251 0 0 0 0 500 0 0 0 0 0 0 0 0 0 0 0 0 0 0 0
"155" 155 0.279069767442 0 0 0 0 0 0 0 0 0 0 101 6 0 301 16 0 0 76 0 0
"156" 156 0.0 0 0 0 0 0 0 0 0 499 0 0 1 0 0 0 0 0 0 0 0
"157" 157 0.0443037974684 45 448 4 0 0 1 0 0 0 0 0 0 0 0 1 0 0 1 0 0
"158" 158 0.0232558139535 0 0 500 0 0 0 0 0 0 0 0 0 0 0 0 0 0 0 0 0
"159" 159 0.540697674419 0 55 1 0 0 394 0 0 0 0 0 0 0 0 33 0 0 17 0 0
"160" 160 0.556291390728 0 2 3 0 0 453 0 0 13 0 0 0 0 0 2 0 0 27 0 0
"161" 161 0.221153846154 0 0 0 0 0 0 0 0 0 0 0 500 0 0 0 0 0 0 0 0
"162" 162 0.528497409326 0 102 0 0 0 7 361 0 11 0 0 0 0 0 19 0 0 0 0 0
"163" 163 0.0 0 0 0 0 0 0 0 0 0 0 0 500 0 0 0 0 0 0 0 0
"164" 164 0.00497512437811 0 0 0 0 0 0 0 0 0 0 0 0 0 500 0 0 0 0 0 0
"165" 165 0.319391634981 0 0 0 0 0 0 0 0 0 0 0 0 0 0 366 0 0 0 134 0
"166" 166 0.370535714286 0 308 0 0 0 29 0 0 0 0 0 0 0 0 0 0 0 163 0 0
"167" 167 0.0 0 0 0 0 0 0 0 0 0 0 0 500 0 0 0 0 0 0 0 0
"168" 168 0.0149253731343 0 0 2 0 0 0 0 0 0 8 1 0 0 489 0 0 0 0 0 0
"169" 169 0.331606217617 0 0 0 0 0 324 0 0 0 0 2 0 0 1 173 0 0 0 0 0
"170" 170 0.131205673759 0 0 0 0 0 0 0 0 0 0 0 0 0 0 0 500 0 0 0 0
"171" 171 0.0 0 0 0 0 0 0 0 0 0 0 2 0 0 498 0 0 0 0 0 0
"172" 172 0.0662251655629 0 0 500 0 0 0 0 0 0 0 0 0 0 0 0 0 0 0 0 0
"173" 173 0.353846153846 0 2 0 0 0 4 0 0 0 0 0 0 0 7 0 0 0 487 0 0
"174" 174 0.125560538117 0 0 0 0 67 0 0 0 0 0 0 0 0 0 0 0 0 268 0 165
"175" 175 0.044776119403 0 0 0 0 0 0 0 0 0 0 0 0 0 500 0 0 0 0 0 0
"176" 176 0.204379562044 0 0 0 0 0 33 0 0 0 0 0 0 0 0 467 0 0 0 0 0
"177" 177 0.651282051282 0 0 0 62 0 160 0 0 0 0 0 0 0 0 278 0 0 0 0 0
"178" 178 0.452914798206 0 0 0 0 236 10 0 0 0 0 0 239 0 15 0 0 0 0 0 0
"179" 179 1.03797468354 0 358 0 0 0 4 0 0 0 0 0 0 0 0 0 0 0 138 0 0
