"site" "RSA" "aa1" "aa2" "aa3" "aa4" "aa5" "aa6" "aa7" "aa8" "aa9" "aa10" "aa11" "aa12" "aa13" "aa14" "aa15" "aa16" "aa17" "aa18" "aa19" "aa20"
"0" 0 0.848623853211 0 20 43 85 23 35 11 0 82 0 20 116 0 7 8 1 23 23 0 3
"1" 1 0.517948717949 0 247 41 167 1 2 0 0 0 2 3 1 1 0 7 2 0 20 4 2
"2" 2 0.0583941605839 0 0 0 0 0 0 0 0 0 0 0 0 0 0 500 0 0 0 0 0
"3" 3 0.383647798742 0 0 0 0 0 0 0 500 0 0 0 0 0 0 0 0 0 0 0 0
"4" 4 0.443708609272 0 0 13 0 379 0 0 0 2 0 42 1 0 0 0 0 0 0 0 63
"5" 5 0.644230769231 0 0 0 0 0 0 0 0 0 0 0 500 0 0 0 0 0 0 0 0
"6" 6 0.0766423357664 0 2 3 3 459 5 0 0 16 0 4 0 0 0 1 0 0 1 0 6
"7" 7 0.317829457364 0 20 4 37 105 79 0 0 0 0 56 63 2 51 30 0 0 30 1 22
"8" 8 0.294573643411 0 4 6 1 0 0 0 453 0 0 12 0 1 0 0 0 0 23 0 0
"9" 9 0.424870466321 0 374 10 67 0 1 0 0 2 0 4 2 0 0 2 23 0 10 5 0
"10" 10 0.430493273543 0 0 0 0 396 3 2 0 0 0 0 0 0 5 12 0 8 68 0 6
"11" 11 0.0348258706468 0 0 0 0 0 0 0 2 0 0 0 0 0 498 0 0 0 0 0 0
"12" 12 0.043795620438 0 0 0 0 0 0 0 0 0 0 0 0 0 0 500 0 0 0 0 0
"13" 13 0.704402515723 0 5 0 1 1 2 0 472 1 0 1 0 0 0 0 0 0 17 0 0
"14" 14 0.137055837563 0 0 0 0 0 0 494 0 0 0 0 0 0 0 0 0 6 0 0 0
"15" 15 0.565693430657 0 2 13 2 14 19 2 0 3 43 9 0 8 15 64 1 6 53 241 5
"16" 16 0.126903553299 0 0 0 0 0 0 488 0 0 0 0 0 0 0 0 0 12 0 0 0
"17" 17 0.313953488372 0 0 0 1 107 2 195 0 5 11 0 0 1 20 4 0 107 6 41 0
"18" 18 0.142335766423 0 0 0 0 0 0 0 0 0 0 0 0 0 0 500 0 0 0 0 0
"19" 19 0.622009569378 0 32 0 277 3 23 0 0 0 0 2 106 45 0 4 0 0 7 1 0
"20" 20 0.414448669202 0 0 0 0 0 0 0 0 0 37 2 0 0 0 0 21 0 1 439 0
"21" 21 0.360465116279 0 0 13 0 0 0 0 0 473 0 0 0 0 12 0 0 0 2 0 0
"22" 22 0.789029535865 0 66 55 63 32 29 2 0 195 0 5 4 0 19 3 1 1 19 1 5
"23" 23 0.77033492823 0 194 43 50 19 25 0 0 97 1 7 0 2 14 3 0 0 39 1 5
"24" 24 0.178294573643 0 0 9 0 0 0 0 0 0 0 471 8 0 0 0 0 0 0 12 0
"25" 25 0.174107142857 0 7 0 0 0 0 0 0 0 0 1 0 0 0 0 0 0 490 2 0
"26" 26 0.00961538461538 0 0 0 0 0 0 0 0 0 0 0 500 0 0 0 0 0 0 0 0
"27" 27 0.00662251655629 0 0 500 0 0 0 0 0 0 0 0 0 0 0 0 0 0 0 0 0
"28" 28 0.0 0 0 0 0 0 0 0 0 1 0 0 0 0 0 0 0 499 0 0 0
"29" 29 0.0696517412935 0 0 0 0 0 0 0 0 0 0 0 0 0 500 0 0 0 0 0 0
"30" 30 0.0 0 0 0 0 0 0 43 0 1 0 1 0 0 0 0 0 455 0 0 0
"31" 31 0.0982142857143 0 0 4 0 37 0 212 0 1 0 6 0 0 0 69 0 143 21 0 7
"32" 32 0.0 0 0 0 1 3 0 0 0 0 436 2 0 48 9 0 0 0 1 0 0
"33" 33 0.182692307692 0 0 0 0 0 0 0 0 0 0 0 500 0 0 0 0 0 0 0 0
"34" 34 0.492227979275 0 21 0 322 46 15 0 0 0 0 2 1 5 8 22 0 0 57 1 0
"35" 35 0.0 0 0 0 0 0 0 0 0 500 0 0 0 0 0 0 0 0 0 0 0
"36" 36 0.295358649789 0 0 0 0 24 400 0 0 0 2 3 0 0 2 24 0 0 18 0 27
"37" 37 0.0 0 0 0 0 0 0 0 0 0 0 0 0 0 0 0 0 500 0 0 0
"38" 38 0.106598984772 0 0 0 0 0 0 323 0 0 0 0 0 0 3 0 0 171 3 0 0
"39" 39 0.0 500 0 0 0 0 0 0 0 0 0 0 0 0 0 0 0 0 0 0 0
"40" 40 0.122093023256 0 1 1 5 12 17 78 0 87 0 3 0 0 0 44 0 17 20 0 215
"41" 41 0.0 0 0 0 0 0 0 0 0 0 0 0 0 0 0 0 0 500 0 0 0
"42" 42 0.245033112583 0 0 4 0 16 7 143 0 3 167 1 0 7 19 6 32 79 6 6 4
"43" 43 0.131782945736 0 0 18 0 0 0 0 0 0 0 481 1 0 0 0 0 0 0 0 0
"44" 44 0.477678571429 0 0 7 2 13 17 47 0 5 44 2 0 2 27 8 0 162 49 108 7
"45" 45 0.695364238411 0 29 63 4 18 53 6 75 97 0 14 3 0 17 12 2 15 77 14 1
"46" 46 0.192307692308 0 0 0 0 0 0 0 0 0 0 0 500 0 0 0 0 0 0 0 0
"47" 47 0.241379310345 0 0 1 0 0 0 0 0 60 0 1 0 0 0 0 0 438 0 0 0
"48" 48 0.396226415094 0 2 3 239 0 0 0 0 251 0 0 5 0 0 0 0 0 0 0 0
"49" 49 0.605839416058 0 191 7 97 26 38 0 0 9 6 17 40 4 26 11 0 0 14 4 10
"50" 50 0.125523012552 0 0 201 1 0 6 0 0 1 205 0 57 0 4 11 0 0 1 10 3
"51" 51 0.771144278607 0 27 392 0 0 0 0 0 0 3 2 0 0 6 2 0 0 16 52 0
"52" 52 0.561181434599 0 34 0 11 83 246 2 0 21 2 29 34 0 16 9 0 4 0 0 9
"53" 53 0.242152466368 0 0 0 0 0 0 0 0 0 0 0 500 0 0 0 0 0 0 0 0
"54" 54 0.0 0 0 0 0 0 0 0 0 0 0 0 500 0 0 0 0 0 0 0 0
"55" 55 0.152482269504 0 13 37 0 5 0 0 0 4 10 135 4 17 0 0 223 0 37 14 1
"56" 56 0.0 0 0 0 0 0 0 0 0 0 0 0 0 0 500 0 0 0 0 0 0
"57" 57 0.308139534884 0 31 4 1 11 9 31 0 313 0 7 1 2 6 11 0 22 33 12 6
"58" 58 0.062015503876 0 0 3 0 0 0 0 0 0 0 497 0 0 0 0 0 0 0 0 0
"59" 59 0.455357142857 0 0 1 3 7 26 5 0 3 60 4 0 5 38 84 0 4 37 220 3
"60" 60 0.0228136882129 0 0 0 0 0 0 0 0 0 0 0 0 0 0 0 0 0 0 500 0
"61" 61 0.105769230769 0 17 22 4 6 252 0 0 0 9 49 17 8 0 71 0 0 2 41 2
"62" 62 0.174311926606 0 0 0 0 1 0 5 0 1 2 1 0 0 0 0 0 7 471 0 12
"63" 63 0.388059701493 0 5 0 1 7 5 0 0 0 0 2 0 71 324 2 0 2 72 1 8
"64" 64 0.062893081761 0 0 0 0 0 0 0 500 0 0 0 0 0 0 0 0 0 0 0 0
"65" 65 0.605839416058 0 65 7 147 6 35 3 0 130 1 2 2 6 16 24 0 6 41 1 8
"66" 66 0.0331125827815 0 0 67 0 0 0 0 0 0 0 433 0 0 0 0 0 0 0 0 0
"67" 67 0.197674418605 0 0 12 0 5 10 0 0 60 1 2 1 10 0 315 83 0 0 1 0
"68" 68 0.5 0 89 9 18 14 59 28 0 68 0 26 18 1 10 37 0 34 83 2 4
"69" 69 0.642857142857 0 15 20 28 19 28 44 0 82 3 6 0 2 23 5 1 134 73 14 3
"70" 70 0.551094890511 0 0 1 0 27 152 1 82 107 0 3 0 0 0 48 0 3 75 0 1
"71" 71 0.215384615385 0 1 25 0 22 18 55 0 96 27 1 0 2 17 33 2 93 56 44 8
"72" 72 0.497757847534 0 0 2 0 13 1 0 407 46 0 0 0 0 2 2 0 4 23 0 0
"73" 73 0.448905109489 0 5 3 16 67 53 0 0 0 0 6 0 1 57 96 0 0 190 1 5
"74" 74 0.209821428571 0 0 2 0 0 0 0 1 0 0 1 0 0 0 0 0 0 495 1 0
"75" 75 0.674418604651 0 312 3 26 14 13 0 0 2 0 20 2 0 18 11 0 2 77 0 0
"76" 76 0.576158940397 0 57 31 72 45 132 0 0 14 0 28 2 1 40 24 2 0 37 0 15
"77" 77 0.412408759124 0 1 13 3 46 93 0 0 3 0 123 5 3 1 14 0 5 32 0 158
"78" 78 0.615384615385 0 0 0 0 0 0 0 0 0 0 0 500 0 0 0 0 0 0 0 0
"79" 79 0.493670886076 0 0 39 1 142 237 7 0 10 6 2 0 2 44 0 0 0 8 2 0
"80" 80 0.295964125561 0 8 81 0 54 9 0 0 97 2 103 1 37 0 14 0 0 85 3 6
"81" 81 0.201923076923 0 2 268 2 7 4 0 0 188 0 1 21 0 0 3 0 0 3 0 1
"82" 82 0.519230769231 0 140 15 53 49 48 4 0 31 0 40 13 0 13 9 0 10 65 0 10
"83" 83 0.394160583942 0 119 8 31 23 23 9 0 41 0 44 10 0 12 14 0 10 153 0 3
"84" 84 0.046511627907 0 0 37 0 1 0 0 0 430 0 29 1 0 0 0 0 0 2 0 0
"85" 85 0.383084577114 0 7 1 21 32 147 8 0 1 0 17 0 0 41 28 0 3 163 0 31
"86" 86 0.352678571429 0 6 0 3 2 4 0 0 4 0 4 1 0 1 1 0 0 469 0 5
"87" 87 0.0 0 0 0 0 0 0 493 0 0 0 0 0 0 0 0 0 7 0 0 0
"88" 88 0.0896860986547 0 0 0 0 236 0 0 0 0 0 0 0 0 0 235 0 0 29 0 0
"89" 89 0.627737226277 0 55 11 79 38 118 5 0 3 1 27 6 0 36 19 0 3 80 0 19
"90" 90 0.0398009950249 0 4 12 0 0 0 9 0 18 0 13 0 0 360 0 3 1 79 0 1
"91" 91 0.0 0 0 0 0 0 0 492 0 0 0 0 0 0 0 0 0 8 0 0 0
"92" 92 0.0192307692308 0 0 2 0 0 0 0 0 0 0 14 482 0 0 1 0 0 0 0 1
"93" 93 0.339416058394 0 71 2 14 33 116 9 0 8 0 17 2 0 11 15 0 1 197 0 4
"94" 94 0.0 0 0 3 0 0 0 0 0 0 0 497 0 0 0 0 0 0 0 0 0
"95" 95 0.0 0 0 0 0 1 0 0 0 0 0 0 0 0 499 0 0 0 0 0 0
"96" 96 0.21897810219 0 0 0 0 1 4 0 0 0 0 2 1 0 0 486 0 0 0 0 6
"97" 97 0.271317829457 0 22 12 1 159 14 0 0 2 0 141 2 0 0 7 0 0 130 0 10
"98" 98 0.0232558139535 0 0 245 0 0 0 0 0 0 0 255 0 0 0 0 0 0 0 0 0
"99" 99 0.0149253731343 0 0 0 0 0 0 0 0 0 0 0 0 0 500 0 0 0 0 0 0
"100" 100 0.19170984456 0 479 0 21 0 0 0 0 0 0 0 0 0 0 0 0 0 0 0 0
"101" 101 0.114427860697 0 0 1 0 0 0 0 0 0 0 0 0 1 498 0 0 0 0 0 0
"102" 102 0.443708609272 0 5 409 5 1 1 0 0 19 0 4 1 1 0 43 0 0 5 0 6
"103" 103 0.350210970464 0 0 0 12 75 260 0 0 0 0 1 0 39 0 111 0 0 0 0 2
"104" 104 0.0 0 0 0 0 0 0 0 0 0 0 3 0 0 497 0 0 0 0 0 0
"105" 105 0.0480769230769 0 0 0 0 0 0 0 0 0 0 0 500 0 0 0 0 0 0 0 0
"106" 106 0.584821428571 0 0 0 6 10 7 0 349 0 7 26 0 0 64 11 0 0 5 15 0
"107" 107 0.0923076923077 0 0 0 32 15 0 14 0 2 0 0 0 0 0 0 2 418 0 0 17
"108" 108 0.0290697674419 0 0 2 0 8 85 0 0 224 0 1 0 0 130 35 0 0 6 0 9
"109" 109 0.0 0 0 0 0 0 0 0 0 0 0 0 0 0 500 0 0 0 0 0 0
"110" 110 0.368821292776 0 0 0 1 5 8 81 0 1 26 0 0 7 95 35 5 146 21 54 15
"111" 111 0.00507614213198 0 0 0 0 0 0 360 0 0 0 0 0 0 0 0 0 140 0 0 0
"112" 112 0.20207253886 0 9 2 0 6 4 156 0 6 29 1 0 2 55 7 39 118 36 28 2
"113" 113 0.0 500 0 0 0 0 0 0 0 0 0 0 0 0 0 0 0 0 0 0 0
"114" 114 0.310880829016 0 43 0 0 3 1 165 0 6 0 0 0 5 115 0 0 152 1 0 9
"115" 115 0.0 0 0 0 0 0 0 0 0 0 0 0 0 0 0 0 0 500 0 0 0
"116" 116 0.38578680203 0 0 1 0 3 1 413 0 50 0 0 0 2 0 0 0 28 0 0 2
"117" 117 0.340807174888 0 0 70 0 169 100 0 0 2 0 34 0 25 3 19 0 0 66 0 12
"118" 118 0.178294573643 0 0 24 1 7 7 0 0 0 71 292 3 12 0 1 9 0 9 61 3
"119" 119 0.20207253886 0 488 1 5 0 0 0 0 0 0 1 1 0 0 4 0 0 0 0 0
"120" 120 0.105769230769 0 0 0 0 0 0 0 0 0 0 0 500 0 0 0 0 0 0 0 0
"121" 121 0.173076923077 0 0 0 0 0 0 0 0 0 0 0 500 0 0 0 0 0 0 0 0
"122" 122 0.0348837209302 0 0 195 0 0 0 0 1 295 0 5 0 0 0 0 0 0 4 0 0
"123" 123 0.120437956204 0 0 12 0 2 0 0 0 0 0 10 0 0 0 471 0 0 5 0 0
"124" 124 0.00581395348837 0 30 20 0 0 0 0 0 268 0 80 0 102 0 0 0 0 0 0 0
"125" 125 0.0 0 0 0 0 0 0 0 0 0 0 500 0 0 0 0 0 0 0 0 0
"126" 126 0.0 0 0 9 0 0 0 0 0 0 0 491 0 0 0 0 0 0 0 0 0
"127" 127 0.00507614213198 0 0 0 0 0 0 498 0 0 0 0 0 0 0 0 0 2 0 0 0
"128" 128 0.0 0 0 2 0 0 0 0 0 495 0 3 0 0 0 0 0 0 0 0 0
"129" 129 0.0 0 0 0 0 0 0 0 0 0 0 0 500 0 0 0 0 0 0 0 0
"130" 130 0.0 0 0 3 0 0 0 0 0 0 0 494 3 0 0 0 0 0 0 0 0
"131" 131 0.00581395348837 0 0 14 0 84 0 0 0 340 0 60 0 0 0 0 0 0 2 0 0
"132" 132 0.0 0 0 0 0 0 0 0 0 0 0 0 0 0 0 0 0 500 0 0 0
"133" 133 0.0 0 0 0 0 0 0 0 0 0 0 500 0 0 0 0 0 0 0 0 0
"134" 134 0.00995024875622 0 0 0 0 0 0 0 0 0 0 0 0 0 499 0 0 0 0 0 1
"135" 135 0.162436548223 0 30 10 3 7 14 11 0 39 2 36 1 0 1 3 2 283 7 6 45
"136" 136 0.0673575129534 0 500 0 0 0 0 0 0 0 0 0 0 0 0 0 0 0 0 0 0
"137" 137 0.0 0 0 1 0 0 0 0 0 0 0 499 0 0 0 0 0 0 0 0 0
"138" 138 0.0646766169154 0 0 0 0 0 0 3 0 0 0 0 0 0 497 0 0 0 0 0 0
"139" 139 0.457364341085 0 29 5 59 50 35 49 0 32 1 95 5 2 68 5 3 2 49 4 7
"140" 140 0.252873563218 0 0 0 0 4 1 0 0 2 0 12 0 0 0 1 1 58 421 0 0
"141" 141 0.0199004975124 0 0 0 0 0 0 0 0 0 0 1 0 0 499 0 0 0 0 0 0
"142" 142 0.514767932489 0 0 10 3 29 139 0 0 0 0 136 0 3 50 17 4 0 52 13 44
"143" 143 0.827004219409 0 16 1 47 39 196 5 0 5 0 49 3 0 36 53 2 1 32 1 14
"144" 144 0.540145985401 0 0 0 0 1 4 0 0 0 0 0 0 0 3 492 0 0 0 0 0
"145" 145 0.615384615385 0 0 0 0 0 0 0 0 0 0 0 500 0 0 0 0 0 0 0 0
"146" 146 0.170542635659 0 20 0 5 238 141 0 0 0 0 8 2 1 0 3 0 0 25 0 57
"147" 147 0.124378109453 0 0 0 0 0 0 0 0 0 0 0 0 0 500 0 0 0 0 0 0
"148" 148 0.497890295359 0 12 0 32 18 20 0 0 1 0 18 1 0 1 344 0 0 31 0 22
"149" 149 0.384615384615 0 0 0 0 0 0 0 0 0 0 0 500 0 0 0 0 0 0 0 0
"150" 150 0.502564102564 0 483 0 15 0 0 0 0 0 0 0 0 0 0 0 0 1 1 0 0
"151" 151 0.0125786163522 0 0 0 0 0 0 0 500 0 0 0 0 0 0 0 0 0 0 0 0
"152" 152 0.323383084577 0 6 1 7 2 0 3 0 0 1 0 0 1 11 446 14 1 5 0 2
"153" 153 0.523206751055 0 1 11 4 2 285 0 0 8 5 29 3 27 32 25 0 0 62 2 4
"154" 154 0.291479820628 0 0 32 6 0 0 0 0 323 0 135 3 0 0 0 0 0 0 0 1
"155" 155 0.0963302752294 0 1 0 10 7 8 0 0 0 0 33 0 2 346 32 0 0 0 1 60
"156" 156 0.0 0 0 0 0 0 0 0 0 1 0 0 0 0 0 0 0 499 0 0 0
"157" 157 0.0 0 0 9 0 0 0 0 0 6 0 484 1 0 0 0 0 0 0 0 0
"158" 158 0.0077519379845 0 0 10 0 0 0 0 0 0 0 490 0 0 0 0 0 0 0 0 0
"159" 159 0.0 0 0 0 0 0 0 0 0 54 0 0 0 0 0 0 0 446 0 0 0
"160" 160 0.0331125827815 0 5 291 1 2 0 0 0 29 0 157 9 0 1 1 3 0 1 0 0
"161" 161 0.00574712643678 0 0 0 0 0 0 0 0 0 0 0 0 0 0 0 0 500 0 0 0
"162" 162 0.0 0 0 0 0 0 0 0 0 0 0 0 500 0 0 0 0 0 0 0 0
"163" 163 0.126903553299 0 0 0 0 0 0 441 0 0 0 0 0 0 0 9 0 49 0 0 1
"164" 164 0.144486692015 0 0 0 0 0 0 0 0 0 133 0 0 0 0 0 0 0 0 367 0
"165" 165 0.417040358744 0 0 0 0 135 0 0 0 0 0 0 0 0 2 0 0 0 363 0 0
"166" 166 0.615384615385 0 0 0 0 0 0 0 0 0 0 0 500 0 0 0 0 0 0 0 0
"167" 167 0.33908045977 0 0 3 2 49 4 31 0 33 2 4 1 0 2 8 1 266 74 10 10
"168" 168 0.251572327044 0 0 0 0 0 0 0 499 0 0 1 0 0 0 0 0 0 0 0 0
"169" 169 0.0229885057471 0 0 0 0 0 0 0 0 1 0 1 0 0 0 0 0 498 0 0 0
"170" 170 0.00497512437811 0 0 0 0 0 0 0 0 0 0 0 0 0 500 0 0 0 0 0 0
"171" 171 0.0 0 500 0 0 0 0 0 0 0 0 0 0 0 0 0 0 0 0 0 0
"172" 172 0.00995024875622 0 0 0 0 0 0 0 0 0 0 1 0 0 499 0 0 0 0 0 0
"173" 173 0.0569948186528 0 492 0 8 0 0 0 0 0 0 0 0 0 0 0 0 0 0 0 0
"174" 174 0.490494296578 0 0 15 1 43 27 0 0 0 5 52 6 9 39 29 1 0 238 13 22
"175" 175 0.492537313433 0 112 4 54 23 93 8 0 13 1 37 6 1 48 11 2 13 71 2 1
"176" 176 0.0 0 0 0 0 0 0 0 0 0 0 0 0 0 0 0 0 0 500 0 0
"177" 177 0.362694300518 0 41 1 4 11 8 0 0 1 0 104 1 1 22 8 0 0 292 0 6
"178" 178 0.443708609272 0 33 5 20 31 41 48 0 11 0 29 3 1 29 191 1 1 47 3 6
"179" 179 0.441860465116 0 31 20 0 112 12 0 0 87 6 109 0 10 0 4 0 0 75 28 6
"180" 180 0.046511627907 0 0 17 0 0 0 0 0 0 0 481 2 0 0 0 0 0 0 0 0
"181" 181 0.473214285714 0 12 39 14 51 56 0 0 44 0 7 1 2 145 20 0 0 106 0 3
"182" 182 0.0581395348837 0 0 0 0 0 0 424 0 1 0 0 0 0 0 0 0 75 0 0 0
"183" 183 0.129533678756 0 2 21 26 1 33 1 0 40 0 2 0 4 3 339 5 2 6 0 15
"184" 184 0.00497512437811 0 0 0 0 0 0 0 0 0 0 0 0 0 479 0 0 0 0 0 21
"185" 185 0.0923076923077 0 7 0 9 0 0 7 0 1 34 0 0 101 4 0 284 15 2 36 0
"186" 186 0.00574712643678 0 0 0 0 0 0 0 0 1 0 0 0 0 0 0 0 499 0 0 0
"187" 187 0.0172413793103 0 0 0 0 0 0 0 0 1 0 0 0 0 0 0 0 499 0 0 0
"188" 188 0.00917431192661 0 0 0 0 1 0 0 0 0 0 0 0 0 0 0 0 0 0 0 499
"189" 189 0.0581395348837 0 0 10 0 8 233 0 0 232 0 0 1 0 0 1 0 0 8 0 7
"190" 190 0.279792746114 0 0 0 0 12 3 0 0 0 4 9 1 1 86 8 0 0 359 16 1
"191" 191 0.713178294574 0 72 188 32 16 66 0 0 28 0 25 7 0 33 1 0 1 22 1 8
"192" 192 0.307692307692 0 0 0 0 0 0 0 0 0 0 0 500 0 0 0 0 0 0 0 0
"193" 193 0.317307692308 0 6 3 3 63 27 0 0 2 0 7 258 0 35 0 1 0 93 0 2
"194" 194 0.364016736402 0 1 0 0 0 0 0 0 0 272 0 0 0 0 0 0 0 0 227 0
"195" 195 0.258883248731 0 0 0 0 0 0 24 0 1 0 0 0 0 0 0 0 475 0 0 0
"196" 196 0.1875 0 0 120 3 69 15 0 0 18 4 92 0 45 14 32 2 0 53 2 31
"197" 197 0.362068965517 0 0 0 0 0 0 271 0 2 0 0 0 0 0 0 0 226 0 0 1
"198" 198 0.313901345291 0 8 7 9 87 17 102 0 26 0 4 2 2 81 29 1 98 6 3 18
"199" 199 0.298076923077 0 0 6 0 0 0 0 0 0 0 8 478 0 0 0 0 8 0 0 0
"200" 200 0.372093023256 0 0 9 5 48 4 12 0 9 1 1 5 0 3 60 0 32 299 9 3
"201" 201 0.31007751938 0 0 59 0 0 0 0 0 0 0 435 6 0 0 0 0 0 0 0 0
"202" 202 0.625 0 35 1 84 40 116 2 0 0 0 26 3 2 70 39 1 0 69 2 10
"203" 203 0.269230769231 0 0 1 0 0 0 0 0 0 0 0 499 0 0 0 0 0 0 0 0
"204" 204 0.596899224806 0 7 14 3 14 59 8 137 70 3 5 0 7 8 65 0 13 70 17 0
"205" 205 0.635220125786 0 0 4 0 0 1 0 490 3 0 0 0 0 0 0 0 0 2 0 0
"206" 206 0.225941422594 0 0 94 0 0 0 0 5 0 49 161 8 3 0 0 0 0 3 177 0
"207" 207 0.63503649635 0 7 3 15 94 27 0 0 2 0 16 5 33 49 204 0 0 26 6 13
"208" 208 0.572327044025 0 22 1 2 2 11 0 432 4 0 2 0 0 4 0 0 2 18 0 0
"209" 209 0.604651162791 0 181 11 48 44 50 5 0 21 0 36 6 0 18 10 0 7 61 0 2
"210" 210 0.294642857143 0 3 0 0 140 1 3 0 1 0 1 0 0 0 0 0 3 345 0 3
"211" 211 0.243781094527 0 0 0 0 11 26 32 0 4 0 5 0 0 307 2 90 14 7 0 2
"212" 212 0.461538461538 0 16 1 38 85 160 9 0 4 1 46 1 0 64 29 0 9 17 2 18
"213" 213 0.302325581395 0 50 4 48 38 145 32 0 14 0 52 1 0 40 21 2 0 52 0 1
"214" 214 0.0045871559633 0 0 0 0 0 0 0 0 0 0 0 0 0 0 0 0 0 0 0 500
"215" 215 0.10447761194 0 0 0 0 0 0 0 0 0 0 0 0 0 499 0 0 0 0 0 1
"216" 216 0.5625 0 81 14 61 31 98 8 0 21 0 70 4 1 29 28 4 0 47 0 3
"217" 217 0.109452736318 0 0 0 0 0 0 6 0 0 0 0 0 0 491 0 0 3 0 0 0
"218" 218 0.0 0 0 0 0 0 0 0 0 0 0 499 1 0 0 0 0 0 0 0 0
"219" 219 0.304932735426 0 0 4 0 6 248 15 0 25 0 87 2 2 0 64 0 0 45 1 1
"220" 220 0.479820627803 0 7 5 8 9 289 46 0 8 13 19 1 6 9 40 0 5 13 19 3
"221" 221 0.0384615384615 0 0 0 0 0 0 0 0 0 0 0 500 0 0 0 0 0 0 0 0
"222" 222 0.0 0 0 0 0 0 0 0 0 0 0 11 0 0 0 0 0 0 0 0 489
"223" 223 0.403587443946 0 32 3 36 44 81 27 0 4 0 29 2 2 61 10 1 6 144 2 16
"224" 224 0.428571428571 0 20 2 18 41 34 34 0 12 2 26 1 0 128 12 9 12 54 1 94
"225" 225 0.0 0 0 0 0 0 0 0 0 0 0 0 0 0 500 0 0 0 0 0 0
"226" 226 0.00418410041841 0 0 0 0 0 0 0 0 0 479 0 0 1 20 0 0 0 0 0 0
"227" 227 0.553571428571 0 20 5 47 93 137 22 0 4 1 40 1 0 48 35 4 1 33 0 9
"228" 228 0.243781094527 0 3 1 5 9 6 10 0 0 22 7 0 0 382 2 0 0 2 37 14
"229" 229 0.0 0 0 0 0 500 0 0 0 0 0 0 0 0 0 0 0 0 0 0 0
"230" 230 0.456204379562 0 4 1 8 12 67 9 0 1 0 9 1 0 40 332 1 0 11 0 4
"231" 231 0.457364341085 0 63 22 62 32 84 0 0 31 2 124 5 0 12 22 3 0 26 6 6
"232" 232 0.131782945736 0 0 0 0 0 0 0 0 0 0 500 0 0 0 0 0 0 0 0 0
"233" 233 0.189054726368 0 0 2 4 1 1 0 0 0 0 1 0 0 473 1 0 0 11 0 6
"234" 234 0.558139534884 0 4 128 138 0 0 0 0 0 0 137 93 0 0 0 0 0 0 0 0
"235" 235 0.808035714286 0 78 0 55 1 2 0 0 0 0 3 54 5 1 2 0 0 298 0 1
