"site" "RSA" "aa1" "aa2" "aa3" "aa4" "aa5" "aa6" "aa7" "aa8" "aa9" "aa10" "aa11" "aa12" "aa13" "aa14" "aa15" "aa16" "aa17" "aa18" "aa19" "aa20"
"0" 0 0.261627906977 0 299 0 0 0 0 201 0 0 0 0 0 0 0 0 0 0 0 0 0
"1" 1 0.623574144487 0 0 0 0 299 201 0 0 0 0 0 0 0 0 0 0 0 0 0 0
"2" 2 0.360465116279 0 0 0 0 0 446 0 0 36 0 0 18 0 0 0 0 0 0 0 0
"3" 3 0.279069767442 0 0 0 0 0 0 482 0 17 0 0 0 0 0 1 0 0 0 0 0
"4" 4 0.0875912408759 0 0 0 0 0 0 0 0 0 0 0 0 0 0 0 0 0 0 0 500
"5" 5 0.107623318386 0 0 0 0 1 121 306 0 12 4 0 0 0 29 0 0 0 27 0 0
"6" 6 0.0659898477157 0 0 0 0 0 0 483 0 0 0 0 0 0 10 7 0 0 0 0 0
"7" 7 0.0 0 0 0 0 0 0 0 0 0 0 0 500 0 0 0 0 0 0 0 0
"8" 8 0.062015503876 0 0 368 0 0 1 0 0 0 0 131 0 0 0 0 0 0 0 0 0
"9" 9 0.282700421941 0 0 2 0 0 154 0 0 0 0 0 0 0 0 11 1 0 281 0 51
"10" 10 0.0820512820513 0 0 0 498 0 0 0 0 0 0 0 2 0 0 0 0 0 0 0 0
"11" 11 0.21511627907 0 0 1 0 0 0 0 0 499 0 0 0 0 0 0 0 0 0 0 0
"12" 12 0.55223880597 0 0 1 0 0 26 0 0 0 0 0 0 0 442 8 0 0 0 0 23
"13" 13 0.379464285714 0 0 0 0 0 493 0 0 0 0 0 0 0 0 0 0 0 7 0 0
"14" 14 0.0152091254753 1 0 0 0 0 0 0 0 0 342 1 0 3 0 0 0 0 1 152 0
"15" 15 0.210970464135 0 0 2 0 8 150 0 0 0 0 0 0 0 6 334 0 0 0 0 0
"16" 16 0.0114942528736 176 0 0 0 10 0 1 0 0 0 0 0 0 0 0 0 310 2 1 0
"17" 17 0.0342205323194 0 0 0 0 0 0 0 0 0 492 0 0 0 0 0 0 0 0 8 0
"18" 18 0.00507614213198 0 0 0 0 0 0 500 0 0 0 0 0 0 0 0 0 0 0 0 0
"19" 19 0.111607142857 0 0 0 0 0 0 0 0 0 0 0 0 0 0 464 0 0 36 0 0
"20" 20 0.367088607595 0 257 0 0 0 209 0 0 0 0 0 0 0 2 0 0 0 0 0 32
"21" 21 0.580310880829 0 0 0 500 0 0 0 0 0 0 0 0 0 0 0 0 0 0 0 0
"22" 22 0.336538461538 0 0 0 0 0 0 0 0 0 0 0 500 0 0 0 0 0 0 0 0
"23" 23 0.354430379747 0 0 0 2 0 41 0 0 0 0 0 0 0 0 32 2 2 60 361 0
"24" 24 0.0 0 0 0 0 0 0 0 500 0 0 0 0 0 0 0 0 0 0 0 0
"25" 25 0.0459770114943 9 0 0 0 0 0 401 0 0 0 0 0 0 0 58 0 32 0 0 0
"26" 26 0.0 0 0 500 0 0 0 0 0 0 0 0 0 0 0 0 0 0 0 0 0
"27" 27 0.0077519379845 0 0 317 0 0 0 0 0 0 0 183 0 0 0 0 0 0 0 0 0
"28" 28 0.0 0 0 0 0 0 0 0 0 0 0 0 0 490 0 0 10 0 0 0 0
"29" 29 0.0 0 0 0 0 0 0 0 0 0 0 0 0 500 0 0 0 0 0 0 0
"30" 30 0.0310880829016 0 500 0 0 0 0 0 0 0 0 0 0 0 0 0 0 0 0 0 0
"31" 31 0.0 0 0 0 0 0 0 500 0 0 0 0 0 0 0 0 0 0 0 0 0
"32" 32 0.327044025157 0 0 0 0 0 0 0 500 0 0 0 0 0 0 0 0 0 0 0 0
"33" 33 0.00497512437811 0 0 0 0 0 0 0 0 0 0 0 0 0 500 0 0 0 0 0 0
"34" 34 0.269961977186 0 0 0 0 0 0 0 0 0 7 0 0 0 0 0 0 0 0 493 0
"35" 35 0.395348837209 0 0 0 0 0 0 0 0 0 0 431 0 0 0 0 0 0 0 69 0
"36" 36 0.243523316062 0 491 0 9 0 0 0 0 0 0 0 0 0 0 0 0 0 0 0 0
"37" 37 0.607594936709 0 0 0 0 0 500 0 0 0 0 0 0 0 0 0 0 0 0 0 0
"38" 38 0.607142857143 0 0 0 0 0 500 0 0 0 0 0 0 0 0 0 0 0 0 0 0
"39" 39 0.553846153846 0 0 0 16 0 9 0 0 0 0 0 0 0 0 475 0 0 0 0 0
"40" 40 0.210256410256 0 21 0 465 5 1 0 0 0 0 0 0 0 0 1 0 0 6 1 0
"41" 41 0.131979695431 1 3 0 0 1 16 26 0 0 0 0 0 0 431 1 0 4 17 0 0
"42" 42 0.00418410041841 0 0 0 0 0 0 0 0 0 494 0 0 0 0 0 0 0 0 6 0
"43" 43 0.0358974358974 0 0 0 0 0 299 0 0 0 0 0 0 0 201 0 0 0 0 0 0
"44" 44 0.0 66 0 0 0 0 0 0 0 251 0 0 0 0 156 0 0 6 21 0 0
"45" 45 0.0 0 0 0 0 0 0 0 0 0 0 0 0 0 0 0 0 500 0 0 0
"46" 46 0.0 0 0 0 0 0 0 500 0 0 0 0 0 0 0 0 0 0 0 0 0
"47" 47 0.0535714285714 0 0 0 0 15 0 0 0 0 0 0 0 0 0 0 0 0 485 0 0
"48" 48 0.0 0 0 0 0 0 0 469 0 0 0 0 0 0 0 0 0 29 2 0 0
"49" 49 0.0943396226415 0 0 5 0 0 0 0 495 0 0 0 0 0 0 0 0 0 0 0 0
"50" 50 0.105839416058 0 0 0 0 0 499 0 0 0 0 0 0 0 0 1 0 0 0 0 0
"51" 51 0.446808510638 0 0 0 0 0 0 0 0 0 0 0 500 0 0 0 0 0 0 0 0
"52" 52 0.28488372093 0 0 5 0 22 231 0 0 0 0 0 0 0 0 0 0 0 242 0 0
"53" 53 0.0820512820513 0 0 11 467 12 0 0 0 8 1 0 0 0 0 0 0 0 0 1 0
"54" 54 0.062015503876 0 0 85 0 0 0 0 0 409 0 4 1 0 1 0 0 0 0 0 0
"55" 55 0.0675105485232 0 420 21 29 5 0 0 0 0 0 0 1 0 0 0 0 0 12 11 1
"56" 56 0.0248756218905 0 0 0 0 0 261 0 0 0 0 0 0 0 239 0 0 0 0 0 0
"57" 57 0.183035714286 0 0 118 0 109 12 0 0 61 0 0 0 21 0 73 0 0 96 0 10
"58" 58 0.0152284263959 86 0 316 0 0 0 64 0 34 0 0 0 0 0 0 0 0 0 0 0
"59" 59 0.110465116279 0 486 3 6 0 0 0 0 0 0 0 0 0 0 0 0 0 5 0 0
"60" 60 0.189781021898 0 0 3 0 0 0 0 0 6 0 0 1 0 480 0 0 0 10 0 0
"61" 61 0.433035714286 0 0 10 0 0 8 0 0 482 0 0 0 0 0 0 0 0 0 0 0
"62" 62 0.334821428571 493 0 4 0 0 0 0 0 3 0 0 0 0 0 0 0 0 0 0 0
"63" 63 0.267441860465 0 0 2 0 0 0 0 0 498 0 0 0 0 0 0 0 0 0 0 0
"64" 64 0.0 0 0 0 1 0 0 0 0 0 0 0 0 0 499 0 0 0 0 0 0
"65" 65 0.0 1 0 0 498 0 0 0 0 1 0 0 0 0 0 0 0 0 0 0 0
"66" 66 0.0 0 0 0 0 0 0 0 500 0 0 0 0 0 0 0 0 0 0 0 0
"67" 67 0.0 0 0 0 0 0 0 500 0 0 0 0 0 0 0 0 0 0 0 0 0
"68" 68 0.157360406091 0 0 157 0 2 6 87 0 0 0 177 0 0 0 0 0 0 4 0 67
"69" 69 0.0358744394619 0 0 0 0 0 0 0 255 4 0 155 0 0 0 0 0 84 1 0 1
"70" 70 0.20725388601 6 64 21 119 109 50 0 0 0 0 43 17 0 0 31 0 0 19 0 21
"71" 71 0.348837209302 0 0 0 0 0 1 0 0 442 0 0 0 49 0 0 0 0 0 0 8
"72" 72 0.409282700422 0 0 0 0 0 154 282 0 0 0 0 0 0 1 31 0 23 0 0 9
"73" 73 0.776371308017 0 0 0 31 0 469 0 0 0 0 0 0 0 0 0 0 0 0 0 0
"74" 74 0.5 0 0 0 0 0 0 0 0 0 0 0 500 0 0 0 0 0 0 0 0
"75" 75 0.451476793249 0 0 0 0 0 459 0 0 0 0 0 0 0 0 41 0 0 0 0 0
"76" 76 0.18407960199 0 0 0 1 0 0 0 0 0 0 0 0 0 459 40 0 0 0 0 0
"77" 77 0.124087591241 1 8 1 0 0 207 0 0 0 0 0 0 36 4 128 1 0 31 0 83
"78" 78 0.112970711297 0 0 0 0 0 0 0 0 0 499 0 0 0 0 0 0 0 0 1 0
"79" 79 0.0 2 0 0 2 0 1 432 0 2 0 0 0 0 0 2 9 39 8 0 3
"80" 80 0.167883211679 0 0 0 0 0 0 0 0 0 0 0 0 0 0 0 0 0 0 492 8
"81" 81 0.0358974358974 0 0 0 479 0 8 0 0 0 0 2 0 0 0 0 11 0 0 0 0
"82" 82 0.0569620253165 1 0 0 0 36 0 0 0 0 0 0 0 19 0 0 0 444 0 0 0
"83" 83 0.359832635983 0 0 7 0 0 131 0 0 0 0 40 0 0 0 82 0 0 1 121 118
"84" 84 0.465408805031 0 8 0 127 0 205 0 118 0 0 0 0 0 0 42 0 0 0 0 0
"85" 85 0.0765550239234 0 0 0 0 0 0 0 0 0 499 0 0 1 0 0 0 0 0 0 0
"86" 86 0.454545454545 0 0 0 0 0 12 0 0 0 0 0 0 0 0 0 0 0 8 480 0
"87" 87 0.0 0 0 0 0 0 0 0 0 0 0 0 500 0 0 0 0 0 0 0 0
"88" 88 0.0 0 0 103 0 0 0 0 0 0 390 0 0 0 0 0 0 0 2 5 0
"89" 89 0.106598984772 13 1 0 4 0 0 474 0 0 0 1 0 0 0 0 0 0 0 0 7
"90" 90 0.00956937799043 17 0 0 1 0 0 0 0 349 3 0 0 61 0 0 0 69 0 0 0
"91" 91 0.0 0 0 0 500 0 0 0 0 0 0 0 0 0 0 0 0 0 0 0 0
"92" 92 0.0342205323194 0 0 0 0 9 0 0 0 0 375 0 0 16 1 53 4 0 1 1 40
"93" 93 0.0 0 0 0 0 0 0 0 0 0 0 0 500 0 0 0 0 0 0 0 0
"94" 94 0.0077519379845 0 0 0 0 0 0 0 0 0 402 64 0 34 0 0 0 0 0 0 0
"95" 95 0.0 0 0 0 0 0 0 0 0 0 151 0 0 0 321 0 0 0 0 28 0
"96" 96 0.0062893081761 0 0 0 0 0 0 0 500 0 0 0 0 0 0 0 0 0 0 0 0
"97" 97 0.103139013453 0 0 0 0 499 0 0 0 0 0 0 0 0 0 0 0 0 1 0 0
"98" 98 0.0 0 0 0 0 0 0 0 0 500 0 0 0 0 0 0 0 0 0 0 0
"99" 99 0.00354609929078 0 0 0 0 0 0 0 0 0 0 0 0 1 0 0 498 0 0 1 0
"100" 100 0.0 1 0 0 300 127 0 0 0 0 0 0 0 0 46 0 0 0 16 0 10
"101" 101 0.134715025907 1 125 2 107 0 231 0 0 0 0 1 0 0 0 31 0 0 0 0 2
"102" 102 0.0880503144654 0 56 16 2 0 0 0 422 0 0 4 0 0 0 0 0 0 0 0 0
"103" 103 0.261538461538 0 0 1 242 58 0 0 0 24 0 0 0 0 0 0 0 0 0 0 175
"104" 104 0.419540229885 0 0 0 0 37 234 3 0 7 0 0 0 0 0 63 3 14 14 24 101
"105" 105 0.456953642384 0 0 0 0 0 351 0 0 0 0 0 0 0 0 12 0 122 15 0 0
"106" 106 0.0143540669856 1 16 0 3 0 1 141 0 0 26 0 0 1 4 0 0 15 1 291 0
"107" 107 0.641509433962 0 6 36 0 0 15 0 441 0 0 0 0 0 0 0 0 0 2 0 0
"108" 108 0.174107142857 0 396 4 2 0 2 0 0 0 0 0 0 0 0 46 0 0 45 0 5
"109" 109 0.0872093023256 0 1 12 0 1 0 0 0 485 0 0 1 0 0 0 0 0 0 0 0
"110" 110 0.691983122363 0 0 0 0 0 500 0 0 0 0 0 0 0 0 0 0 0 0 0 0
"111" 111 0.100775193798 0 0 499 0 0 0 0 0 1 0 0 0 0 0 0 0 0 0 0 0
"112" 112 0.33908045977 0 0 122 0 0 0 0 0 374 0 0 0 0 0 0 0 0 4 0 0
"113" 113 0.00961538461538 0 0 0 0 0 0 0 0 0 0 0 500 0 0 0 0 0 0 0 0
"114" 114 0.0984455958549 1 244 185 70 0 0 0 0 0 0 0 0 0 0 0 0 0 0 0 0
"115" 115 0.0666666666667 0 2 0 1 0 0 0 0 0 0 0 497 0 0 0 0 0 0 0 0
"116" 116 0.155440414508 5 0 0 45 7 258 5 0 1 0 0 0 0 33 4 0 42 61 32 7
"117" 117 0.0188679245283 0 0 0 0 0 0 0 500 0 0 0 0 0 0 0 0 0 0 0 0
"118" 118 0.0 202 0 0 0 0 0 0 0 38 0 63 0 0 0 0 0 4 0 0 193
"119" 119 0.0466321243523 0 0 1 0 20 412 0 0 0 0 0 0 11 1 14 0 0 41 0 0
"120" 120 0.0 169 0 11 0 0 0 0 0 4 0 62 4 0 0 0 0 250 0 0 0
"121" 121 0.0 18 0 305 4 0 0 0 0 0 0 62 0 0 100 0 0 0 0 0 11
"122" 122 0.00446428571429 0 192 0 23 0 0 19 0 0 0 0 0 0 0 0 0 234 0 0 32
"123" 123 0.0609137055838 1 0 0 0 0 0 343 0 0 0 0 0 133 1 0 1 0 0 21 0
"124" 124 0.0192307692308 4 0 151 0 0 0 0 0 0 0 0 345 0 0 0 0 0 0 0 0
"125" 125 0.566964285714 0 0 5 0 0 0 0 0 492 0 0 0 0 0 0 0 0 3 0 0
"126" 126 0.546511627907 0 0 0 0 26 311 0 0 0 0 0 0 0 0 0 0 0 163 0 0
"127" 127 0.406091370558 0 0 0 0 0 255 0 0 0 0 0 0 0 0 3 0 238 0 0 4
"128" 128 0.0697674418605 296 63 0 0 6 11 0 0 0 0 5 113 5 0 0 0 0 1 0 0
"129" 129 0.479087452471 0 0 0 0 0 14 0 0 126 3 0 0 0 0 13 0 0 0 344 0
"130" 130 0.0813953488372 0 0 1 0 0 0 0 0 499 0 0 0 0 0 0 0 0 0 0 0
"131" 131 0.0192307692308 0 0 0 0 0 0 0 0 0 0 0 500 0 0 0 0 0 0 0 0
"132" 132 0.14798206278 2 0 3 0 15 79 0 0 0 0 1 0 0 50 111 0 0 214 1 24
"133" 133 0.126436781609 0 0 0 0 0 0 0 0 0 0 0 0 0 0 0 0 500 0 0 0
"134" 134 0.042194092827 3 0 1 0 0 0 1 0 494 0 0 1 0 0 0 0 0 0 0 0
"135" 135 0.304932735426 0 0 0 0 0 29 399 0 0 0 0 0 0 0 0 0 69 3 0 0
"136" 136 0.0 17 0 9 0 0 0 0 0 270 0 6 0 0 0 0 0 198 0 0 0
"137" 137 0.130801687764 0 0 0 0 0 218 53 0 0 0 0 0 0 3 19 0 175 7 0 25
"138" 138 0.015503875969 21 0 290 0 0 0 0 0 5 0 178 0 0 0 0 0 6 0 0 0
"139" 139 0.0 0 0 0 0 0 0 0 0 0 0 14 0 0 486 0 0 0 0 0 0
"140" 140 0.0 0 0 0 0 0 0 0 0 0 0 0 500 0 0 0 0 0 0 0 0
"141" 141 0.0 0 0 20 0 0 0 210 0 11 0 245 0 0 0 0 0 10 0 0 4
"142" 142 0.0137614678899 0 0 1 0 2 0 8 0 0 0 0 0 0 61 0 0 0 0 0 428
"143" 143 0.0 1 0 0 12 0 2 0 50 0 1 3 1 7 410 0 1 0 0 0 12
"144" 144 0.0 0 0 0 0 0 1 0 0 0 0 0 0 0 493 6 0 0 0 0 0
"145" 145 0.119402985075 0 0 0 32 162 0 0 0 0 0 0 0 0 1 305 0 0 0 0 0
"146" 146 0.0362694300518 21 93 0 100 3 35 0 0 15 5 0 0 3 7 40 2 0 11 8 157
"147" 147 0.424107142857 0 1 0 149 289 0 0 0 0 0 0 0 2 0 33 2 0 14 0 10
"148" 148 0.509615384615 0 0 0 0 0 0 0 0 0 0 0 500 0 0 0 0 0 0 0 0
"149" 149 0.330357142857 0 0 0 0 0 486 0 0 0 0 0 0 0 0 0 0 0 0 0 14
"150" 150 0.0 0 4 1 0 0 0 0 0 310 0 183 1 0 0 0 1 0 0 0 0
"151" 151 0.0414507772021 0 161 0 32 19 68 0 0 0 0 197 0 1 0 0 0 0 0 0 22
"152" 152 0.0 1 0 28 1 0 0 8 167 211 16 6 0 0 1 1 21 32 5 0 2
"153" 153 0.0 2 0 0 0 108 0 367 0 0 0 0 0 0 19 0 0 0 4 0 0
"154" 154 0.0 2 0 0 0 0 0 294 0 0 0 0 0 0 2 0 0 202 0 0 0
"155" 155 0.010152284264 21 0 0 8 0 0 2 0 0 0 0 0 126 0 0 0 343 0 0 0
"156" 156 0.0 60 0 0 0 0 0 0 0 0 0 440 0 0 0 0 0 0 0 0 0
"157" 157 0.0 0 0 0 0 0 0 368 0 0 0 0 0 0 0 0 0 132 0 0 0
"158" 158 0.113989637306 0 290 1 24 41 53 0 0 44 0 0 0 4 0 7 0 0 35 0 1
"159" 159 0.289340101523 0 0 5 0 0 9 74 0 0 0 31 0 0 113 0 0 0 2 0 266
"160" 160 0.651282051282 0 0 212 0 0 178 0 0 102 0 0 0 0 0 1 0 0 7 0 0
"161" 161 0.0673575129534 6 494 0 0 0 0 0 0 0 0 0 0 0 0 0 0 0 0 0 0
"162" 162 0.584905660377 0 0 0 0 0 500 0 0 0 0 0 0 0 0 0 0 0 0 0 0
"163" 163 0.199004975124 0 0 6 29 0 2 0 0 0 0 0 0 0 0 0 0 0 0 0 463
"164" 164 0.046511627907 0 0 0 0 0 0 0 0 0 0 500 0 0 0 0 0 0 0 0 0
"165" 165 0.62893081761 0 0 0 0 0 0 0 500 0 0 0 0 0 0 0 0 0 0 0 0
"166" 166 0.523206751055 0 0 0 0 0 252 0 0 0 0 0 0 0 247 1 0 0 0 0 0
"167" 167 0.0 342 1 0 0 0 0 8 0 0 0 11 0 0 130 0 0 6 0 0 2
"168" 168 0.435897435897 0 0 0 2 0 0 0 0 282 0 0 0 216 0 0 0 0 0 0 0
"169" 169 0.222797927461 0 500 0 0 0 0 0 0 0 0 0 0 0 0 0 0 0 0 0 0
"170" 170 0.0710659898477 0 0 0 0 0 0 374 0 0 0 126 0 0 0 0 0 0 0 0 0
"171" 171 0.482142857143 0 0 0 0 0 500 0 0 0 0 0 0 0 0 0 0 0 0 0 0
"172" 172 0.113989637306 0 500 0 0 0 0 0 0 0 0 0 0 0 0 0 0 0 0 0 0
"173" 173 0.0 0 0 0 0 0 0 0 0 0 0 0 0 0 134 0 0 366 0 0 0
"174" 174 0.370535714286 0 0 0 0 0 0 0 0 0 0 0 0 0 0 0 0 0 500 0 0
"175" 175 0.527426160338 0 0 0 0 0 488 0 0 0 0 0 0 0 0 12 0 0 0 0 0
"176" 176 0.357414448669 0 1 0 0 0 0 0 0 3 253 0 0 0 0 0 0 0 1 234 8
"177" 177 0.163179916318 0 0 0 0 5 0 0 0 0 328 0 0 127 0 0 11 0 0 29 0
"178" 178 0.622641509434 0 0 0 0 0 0 0 500 0 0 0 0 0 0 0 0 0 0 0 0
"179" 179 0.278846153846 0 0 0 0 0 0 0 0 0 0 0 500 0 0 0 0 0 0 0 0
"180" 180 0.169154228856 0 0 0 0 7 0 0 0 0 0 8 0 0 347 0 0 0 138 0 0
"181" 181 0.0995024875622 0 0 34 0 0 0 4 0 310 0 0 0 0 152 0 0 0 0 0 0
"182" 182 0.740875912409 0 0 0 0 0 342 0 0 0 0 0 0 0 0 1 0 0 157 0 0
"183" 183 0.178294573643 0 0 0 0 0 361 0 0 0 0 0 0 0 0 139 0 0 0 0 0
"184" 184 0.0116279069767 0 4 1 0 1 0 232 0 68 0 17 0 0 7 0 0 12 12 0 146
"185" 185 0.148717948718 0 0 0 0 5 223 0 0 0 0 1 0 0 32 231 0 0 2 0 6
"186" 186 0.299107142857 0 170 0 0 9 129 1 0 0 0 0 0 0 3 0 0 0 119 0 69
"187" 187 0.00709219858156 0 0 0 0 0 0 0 0 0 109 0 0 1 3 3 380 0 0 2 2
"188" 188 0.0 0 0 3 0 0 4 0 0 0 194 9 3 5 5 0 254 11 0 10 2
"189" 189 0.270072992701 0 0 0 0 1 46 12 0 1 20 4 0 7 0 310 12 0 55 0 32
"190" 190 0.167512690355 0 1 0 0 0 94 0 0 0 0 0 0 0 2 381 0 0 0 22 0
"191" 191 0.0190114068441 0 0 69 0 1 0 0 0 0 8 268 0 26 0 0 1 0 10 117 0
"192" 192 0.0548523206751 10 175 0 100 44 30 0 0 0 0 18 0 1 4 0 0 0 93 0 25
"193" 193 0.395939086294 0 0 0 0 219 5 0 0 0 0 0 0 0 104 55 0 0 75 0 42
"194" 194 0.213836477987 0 0 0 0 0 0 0 499 0 0 1 0 0 0 0 0 0 0 0 0
"195" 195 0.336787564767 0 0 0 10 0 45 0 0 0 58 1 0 3 158 65 36 0 111 0 13
"196" 196 0.730769230769 0 0 0 0 0 0 0 0 0 0 0 500 0 0 0 0 0 0 0 0
"197" 197 0.320675105485 0 0 0 0 4 233 0 0 0 0 0 0 0 170 85 2 0 6 0 0
"198" 198 0.610062893082 0 0 0 0 0 0 0 500 0 0 0 0 0 0 0 0 0 0 0 0
"199" 199 0.415178571429 0 3 0 0 0 9 10 36 43 0 0 0 0 10 44 0 0 307 0 38
"200" 200 0.0461538461538 0 7 0 493 0 0 0 0 0 0 0 0 0 0 0 0 0 0 0 0
"201" 201 0.578475336323 0 0 0 0 0 443 0 0 57 0 0 0 0 0 0 0 0 0 0 0
"202" 202 0.100418410042 414 0 14 0 1 0 8 0 0 3 20 0 27 0 0 0 12 1 0 0
"203" 203 0.139534883721 0 0 2 0 0 0 0 0 0 0 498 0 0 0 0 0 0 0 0 0
"204" 204 0.276150627615 0 160 0 1 2 216 0 0 0 5 0 2 0 0 114 0 0 0 0 0
"205" 205 0.82119205298 0 0 0 500 0 0 0 0 0 0 0 0 0 0 0 0 0 0 0 0
"206" 206 0.0769230769231 0 0 0 0 0 0 0 0 0 0 0 500 0 0 0 0 0 0 0 0
"207" 207 0.459821428571 0 1 0 0 0 379 0 0 0 0 0 0 0 0 0 0 0 120 0 0
"208" 208 0.162790697674 10 0 1 0 0 0 59 0 0 286 12 0 67 0 0 0 65 0 0 0
"209" 209 0.172995780591 6 22 4 0 0 7 0 0 18 0 4 0 0 272 158 0 0 1 0 8
"210" 210 0.323076923077 0 494 0 6 0 0 0 0 0 0 0 0 0 0 0 0 0 0 0 0
"211" 211 0.253164556962 0 0 0 0 0 185 0 0 0 0 1 0 0 0 307 0 0 1 0 6
"212" 212 0.713080168776 0 0 0 0 0 290 0 0 0 0 0 0 0 0 201 0 0 9 0 0
"213" 213 0.220532319392 0 2 0 4 0 0 0 0 0 0 0 0 5 0 0 0 0 427 0 62
"214" 214 0.0 0 0 290 0 0 0 0 0 0 0 178 32 0 0 0 0 0 0 0 0
"215" 215 0.213930348259 0 4 0 2 0 25 0 0 0 0 1 0 0 172 5 0 0 291 0 0
"216" 216 0.512953367876 0 0 0 0 1 53 1 0 0 0 0 0 0 0 435 0 0 2 0 8
"217" 217 0.0 0 0 5 0 13 0 22 0 0 0 42 1 6 127 14 2 0 8 3 257
"218" 218 0.0 0 0 0 0 0 0 500 0 0 0 0 0 0 0 0 0 0 0 0 0
"219" 219 0.476793248945 0 0 0 0 0 333 0 0 0 0 1 0 0 1 2 0 0 163 0 0
"220" 220 0.205357142857 0 0 0 0 38 2 63 0 0 0 2 0 0 14 10 46 0 213 0 112
"221" 221 0.0 0 0 0 1 0 0 0 0 0 20 234 0 5 0 0 1 0 0 239 0
"222" 222 0.124401913876 0 0 0 0 0 0 0 0 0 0 14 0 486 0 0 0 0 0 0 0
"223" 223 0.295336787565 0 4 0 0 0 75 0 0 0 0 0 0 0 10 230 0 0 93 0 88
"224" 224 0.112582781457 0 33 0 14 43 0 0 0 0 28 219 0 28 0 0 4 0 42 89 0
"225" 225 0.0460992907801 0 0 0 0 0 0 0 0 0 0 0 0 0 0 0 500 0 0 0 0
"226" 226 0.396624472574 0 0 0 0 153 14 0 0 0 0 0 0 0 5 328 0 0 0 0 0
"227" 227 0.42600896861 0 0 0 0 12 230 0 0 0 0 0 0 0 0 2 0 0 232 0 24
"228" 228 0.00497512437811 0 0 0 0 0 0 0 0 0 0 0 0 0 500 0 0 0 0 0 0
"229" 229 0.0355329949239 0 0 0 0 409 0 91 0 0 0 0 0 0 0 0 0 0 0 0 0
"230" 230 0.302325581395 0 0 499 0 0 0 0 0 0 0 1 0 0 0 0 0 0 0 0 0
"231" 231 0.519230769231 0 0 0 0 0 0 0 0 0 0 0 500 0 0 0 0 0 0 0 0
"232" 232 0.603375527426 0 0 0 0 0 500 0 0 0 0 0 0 0 0 0 0 0 0 0 0
"233" 233 0.152317880795 0 0 409 0 0 0 0 0 0 0 91 0 0 0 0 0 0 0 0 0
"234" 234 0.695364238411 0 0 0 0 0 205 0 186 0 0 0 0 0 0 0 0 0 109 0 0
"235" 235 0.347150259067 0 412 1 83 0 4 0 0 0 0 0 0 0 0 0 0 0 0 0 0
"236" 236 0.311258278146 0 0 0 0 0 26 0 459 5 0 0 0 0 0 0 0 0 10 0 0
"237" 237 0.350210970464 0 1 2 7 1 330 0 0 0 0 0 73 0 0 0 0 0 0 0 86
"238" 238 0.567307692308 0 0 0 0 0 0 0 0 0 0 0 500 0 0 0 0 0 0 0 0
"239" 239 0.0609137055838 5 0 0 1 0 0 490 0 0 0 0 0 3 0 0 0 1 0 0 0
"240" 240 0.186528497409 0 497 0 3 0 0 0 0 0 0 0 0 0 0 0 0 0 0 0 0
"241" 241 0.0845771144279 0 0 0 0 0 0 0 0 0 0 0 0 0 500 0 0 0 0 0 0
"242" 242 0.162790697674 0 0 0 0 0 0 0 0 500 0 0 0 0 0 0 0 0 0 0 0
"243" 243 0.0 0 0 411 89 0 0 0 0 0 0 0 0 0 0 0 0 0 0 0 0
"244" 244 0.0747126436782 59 0 0 0 0 0 9 0 418 0 0 0 0 0 0 0 14 0 0 0
"245" 245 0.354651162791 0 0 0 0 149 257 0 0 0 0 0 0 0 0 0 0 0 60 0 34
"246" 246 0.18407960199 0 352 0 0 0 0 0 0 0 7 0 0 101 34 0 0 0 0 1 5
"247" 247 0.534591194969 0 0 0 0 0 7 0 493 0 0 0 0 0 0 0 0 0 0 0 0
"248" 248 0.860103626943 0 0 352 0 0 1 0 0 0 0 0 0 0 0 0 147 0 0 0 0
"249" 249 0.116279069767 0 0 409 0 0 0 0 0 91 0 0 0 0 0 0 0 0 0 0 0
"250" 250 0.641509433962 0 0 0 0 0 500 0 0 0 0 0 0 0 0 0 0 0 0 0 0
"251" 251 0.296511627907 0 0 0 0 0 0 0 0 0 0 0 0 26 0 0 0 0 0 474 0
"252" 252 0.304182509506 0 0 0 0 0 0 0 0 0 500 0 0 0 0 0 0 0 0 0 0
"253" 253 0.35761589404 0 183 0 0 0 135 0 0 0 0 0 0 0 0 175 7 0 0 0 0
"254" 254 0.649789029536 0 0 0 0 0 492 0 0 0 0 0 0 0 0 8 0 0 0 0 0
"255" 255 0.449612403101 0 18 90 224 0 150 0 0 0 0 0 0 0 0 13 0 0 3 0 2
"256" 256 0.124031007752 0 0 1 0 0 0 0 0 0 0 499 0 0 0 0 0 0 0 0 0
"257" 257 0.0331125827815 0 0 498 0 0 0 0 0 0 0 2 0 0 0 0 0 0 0 0 0
"258" 258 0.533678756477 0 32 0 3 0 343 0 0 0 0 0 0 0 0 0 0 0 120 2 0
"259" 259 0.635658914729 0 0 0 0 0 365 0 0 0 0 0 0 0 0 0 0 0 135 0 0
"260" 260 0.10152284264 0 0 0 0 0 0 499 0 0 0 0 0 0 0 0 0 1 0 0 0
"261" 261 0.459119496855 0 6 0 0 0 0 0 493 0 0 0 0 0 0 0 0 0 1 0 0
"262" 262 0.622641509434 0 0 0 0 0 0 0 498 0 0 0 0 0 0 0 0 0 2 0 0
"263" 263 0.503875968992 0 0 0 0 0 402 0 92 0 0 0 0 0 0 4 0 0 1 0 1
"264" 264 0.331125827815 0 131 0 0 0 1 0 0 0 0 0 0 0 0 2 0 0 113 0 253
"265" 265 0.621890547264 0 0 1 0 0 372 0 0 2 0 0 0 0 0 2 0 0 123 0 0
"266" 266 0.447257383966 0 0 0 0 0 255 0 0 0 0 0 1 0 0 244 0 0 0 0 0
"267" 267 0.658914728682 0 0 130 0 0 1 0 369 0 0 0 0 0 0 0 0 0 0 0 0
"268" 268 0.435233160622 0 1 239 0 0 0 0 185 0 0 1 0 0 0 59 1 0 14 0 0
"269" 269 0.178294573643 0 0 155 0 0 344 0 0 0 0 0 0 0 0 0 0 0 0 0 1
"270" 270 0.779874213836 0 0 0 0 0 344 0 156 0 0 0 0 0 0 0 0 0 0 0 0
"271" 271 0.355329949239 2 0 0 0 0 0 498 0 0 0 0 0 0 0 0 0 0 0 0 0
"272" 272 0.585492227979 0 0 0 0 0 0 0 432 0 0 0 0 27 0 0 0 0 41 0 0
"273" 273 0.675105485232 0 0 0 0 0 456 0 0 0 0 0 0 0 0 0 0 0 44 0 0
"274" 274 0.364238410596 0 0 26 0 0 429 0 0 0 0 0 0 0 0 0 0 0 45 0 0
"275" 275 0.0761421319797 0 0 0 0 0 10 0 0 0 1 1 0 0 0 0 0 487 0 1 0
"276" 276 0.554404145078 0 0 0 0 0 500 0 0 0 0 0 0 0 0 0 0 0 0 0 0
"277" 277 0.497890295359 0 0 0 0 0 455 0 0 0 0 0 0 0 0 45 0 0 0 0 0
"278" 278 0.421985815603 0 0 0 0 0 0 0 0 0 0 0 0 0 500 0 0 0 0 0 0
"279" 279 0.18410041841 0 0 0 0 0 0 0 0 0 499 0 0 0 0 0 0 0 0 0 1
"280" 280 0.861924686192 0 80 1 0 0 118 0 0 0 168 0 0 0 0 0 0 0 133 0 0
