"site" "RSA" "aa1" "aa2" "aa3" "aa4" "aa5" "aa6" "aa7" "aa8" "aa9" "aa10" "aa11" "aa12" "aa13" "aa14" "aa15" "aa16" "aa17" "aa18" "aa19" "aa20"
"0" 0 0.816513761468 0 0 0 0 0 0 0 0 0 0 0 0 0 11 0 0 0 0 0 15
"1" 1 0.384105960265 0 4 22 7 1 0 0 23 7 0 5 0 0 0 0 0 0 0 0 0
"2" 2 0.312820512821 0 0 0 14 12 30 0 0 7 0 0 0 4 0 24 0 1 1 0 0
"3" 3 0.0 6 0 0 0 0 0 2 1 3 0 3 0 0 0 0 0 128 0 0 1
"4" 4 0.121338912134 0 0 1 0 0 0 0 0 2 98 0 0 0 0 1 5 0 0 39 0
"5" 5 0.0 0 0 1 0 0 0 1 0 0 129 0 0 0 9 0 0 0 0 0 6
"6" 6 0.238341968912 0 133 0 3 2 1 0 0 1 0 0 1 1 0 0 0 0 4 0 0
"7" 7 0.0152284263959 1 0 0 0 0 0 89 1 0 0 0 0 0 4 0 0 40 0 0 11
"8" 8 0.0988372093023 1 5 24 3 6 10 1 0 45 0 20 2 0 2 4 0 2 20 1 0
"9" 9 0.320675105485 0 0 1 0 4 2 88 1 1 2 14 1 2 3 0 2 19 3 3 0
"10" 10 0.589743589744 0 32 1 19 1 1 0 0 0 0 2 84 0 0 2 0 0 3 0 0
"11" 11 0.576923076923 0 16 8 14 2 5 1 0 2 0 4 86 0 0 1 0 0 8 0 0
"12" 12 0.434108527132 0 7 5 4 21 33 0 6 8 0 13 2 1 0 7 0 8 30 0 2
"13" 13 0.74213836478 0 5 14 6 3 18 0 68 3 0 10 0 1 1 2 0 4 8 2 0
"14" 14 0.278606965174 2 1 3 0 1 1 16 5 4 0 60 1 0 30 0 0 22 2 0 1
"15" 15 0.269230769231 0 0 2 0 1 4 0 0 0 0 0 142 0 0 0 0 0 3 0 0
"16" 16 0.290697674419 0 0 2 0 1 11 0 0 3 1 0 0 1 1 129 0 0 2 0 1
"17" 17 0.0 0 0 0 0 0 0 112 0 0 1 0 0 0 6 0 0 30 0 0 4
"18" 18 0.354430379747 0 1 4 5 1 7 14 0 20 1 3 0 0 2 4 0 72 18 1 0
"19" 19 0.0 0 0 0 0 0 0 41 0 0 60 0 0 0 6 0 0 1 0 0 45
"20" 20 0.354430379747 0 1 0 4 4 16 0 0 1 0 2 37 0 5 1 0 0 81 0 2
"21" 21 0.0696517412935 0 0 0 0 0 0 2 0 0 0 0 0 0 150 0 0 2 0 0 0
"22" 22 0.196652719665 0 2 0 0 0 1 0 0 0 85 1 0 1 0 29 0 0 2 33 0
"23" 23 0.0984455958549 0 23 23 7 0 6 0 2 3 3 41 41 0 0 1 0 1 1 2 0
"24" 24 0.875647668394 0 106 2 9 1 24 0 0 1 0 0 0 2 0 0 0 0 9 0 0
"25" 25 0.183908045977 0 4 1 0 2 9 19 0 24 0 6 0 0 3 1 0 79 3 0 0
"26" 26 0.0 1 0 0 0 0 0 0 0 17 2 6 0 0 0 0 0 128 0 0 0
"27" 27 0.396226415094 0 0 0 0 0 0 0 155 0 0 0 0 0 0 0 0 0 0 0 0
"28" 28 0.573839662447 0 1 0 1 4 129 2 0 0 0 0 0 0 3 9 0 1 1 0 4
"29" 29 0.0 1 0 0 0 0 0 0 0 154 0 0 0 0 0 0 0 0 0 0 0
"30" 30 0.0 5 0 2 0 0 0 0 0 6 0 112 1 0 0 0 0 29 0 0 0
"31" 31 0.279069767442 0 2 0 2 1 12 0 0 3 0 7 0 0 0 7 0 0 121 0 1
"32" 32 0.0 0 0 1 155 0 0 0 0 0 0 0 0 0 0 0 0 0 0 0 0
"33" 33 0.0 0 0 0 0 0 0 0 0 0 156 0 0 0 0 0 0 0 0 0 0
"34" 34 0.0912408759124 1 0 0 0 0 8 2 0 0 1 3 0 0 3 127 0 6 2 2 1
"35" 35 0.031007751938 15 1 5 0 19 0 0 0 5 0 90 0 0 1 1 0 2 17 0 0
"36" 36 0.00497512437811 0 0 0 0 0 0 1 0 0 4 0 0 0 151 0 0 0 0 0 0
"37" 37 0.0126582278481 121 0 7 1 0 0 0 0 0 0 26 0 0 0 0 0 1 0 0 0
"38" 38 0.302325581395 0 0 2 0 2 11 1 0 133 0 1 0 0 0 2 0 2 2 0 0
"39" 39 0.278846153846 0 1 1 1 1 8 0 0 0 0 0 124 14 0 5 0 0 1 0 0
"40" 40 0.589285714286 0 4 2 1 4 2 0 8 2 0 3 0 1 0 0 0 1 127 1 0
"41" 41 0.485232067511 0 1 1 7 2 113 0 2 1 0 3 0 4 2 12 0 2 6 0 0
"42" 42 0.701923076923 0 0 1 2 1 3 0 8 2 0 0 134 0 1 1 0 2 1 0 0
"43" 43 0.238493723849 0 0 1 2 3 2 18 1 8 65 0 0 0 17 1 0 5 16 15 2
"44" 44 0.105769230769 0 0 3 0 0 0 0 0 2 0 0 145 5 0 0 0 0 0 0 0
"45" 45 0.0 0 0 0 0 0 2 0 0 0 17 0 0 0 1 2 0 0 0 133 0
"46" 46 0.511627906977 0 0 4 0 5 116 0 0 1 0 11 0 0 0 4 0 3 12 0 0
"47" 47 0.336538461538 0 8 0 13 0 1 0 0 0 0 0 133 0 0 0 0 0 1 0 0
"48" 48 0.046357615894 12 0 132 1 0 1 1 0 6 0 1 0 0 0 0 0 2 0 0 0
"49" 49 0.191387559809 4 0 29 2 2 23 26 12 24 1 5 8 4 0 5 0 8 0 1 2
"50" 50 0.0 0 0 0 0 0 0 1 0 0 153 0 0 0 1 0 0 0 0 0 1
"51" 51 0.11961722488 0 0 0 0 0 0 0 0 0 0 0 0 156 0 0 0 0 0 0 0
"52" 52 0.361313868613 0 0 0 0 0 0 0 0 0 0 0 0 0 0 155 0 0 0 1 0
"53" 53 0.00574712643678 1 0 0 0 0 0 72 0 0 0 0 0 0 1 0 0 82 0 0 0
"54" 54 0.121827411168 0 0 1 0 0 0 151 0 0 0 0 0 0 1 0 0 2 0 0 1
"55" 55 0.301886792453 0 1 2 2 1 37 0 105 3 0 0 0 1 1 2 0 0 1 0 0
"56" 56 0.663212435233 0 37 4 37 26 7 0 0 0 0 0 31 1 0 2 0 0 11 0 0
"57" 57 0.192468619247 0 0 0 0 0 0 0 0 0 155 0 0 0 1 0 0 0 0 0 0
"58" 58 0.0137614678899 0 0 0 0 0 0 0 0 0 0 0 0 0 1 0 0 1 0 0 154
"59" 59 0.0 49 0 0 1 0 0 64 0 0 0 10 0 0 26 0 0 5 0 0 1
"60" 60 0.139013452915 0 0 0 0 156 0 0 0 0 0 0 0 0 0 0 0 0 0 0 0
"61" 61 0.0 0 0 0 0 0 0 0 0 0 0 4 152 0 0 0 0 0 0 0 0
"62" 62 0.0 0 0 0 0 0 0 0 0 0 0 0 156 0 0 0 0 0 0 0 0
"63" 63 0.0103626943005 0 155 0 1 0 0 0 0 0 0 0 0 0 0 0 0 0 0 0 0
"64" 64 0.188284518828 0 0 0 0 0 0 12 0 1 140 0 0 0 0 0 0 0 0 2 1
"65" 65 0.488372093023 0 1 5 0 2 0 2 0 135 0 0 0 0 1 0 0 7 2 0 1
"66" 66 0.364341085271 1 0 2 53 10 14 0 0 2 1 14 0 9 2 39 0 1 4 0 4
"67" 67 0.201923076923 0 1 2 3 2 1 0 0 0 6 1 95 39 0 5 0 0 1 0 0
"68" 68 0.502564102564 0 50 0 103 1 0 0 0 2 0 0 0 0 0 0 0 0 0 0 0
"69" 69 0.298076923077 0 0 0 0 0 0 0 0 0 0 0 156 0 0 0 0 0 0 0 0
"70" 70 0.651162790698 1 0 4 0 0 2 1 0 136 0 0 0 0 0 8 0 0 0 3 1
"71" 71 0.173076923077 0 0 0 0 0 0 0 0 0 0 0 155 0 0 0 0 0 0 0 0
"72" 72 0.182692307692 2 0 5 0 0 0 0 0 0 0 0 148 0 0 0 0 1 0 0 0
"73" 73 0.35864978903 2 1 0 0 0 73 1 0 2 1 2 0 1 1 18 0 4 47 3 0
"74" 74 0.0198675496689 2 0 153 0 0 0 0 0 1 0 0 0 0 0 0 0 0 0 0 0
"75" 75 0.203045685279 0 0 0 0 0 0 153 0 0 0 0 0 0 0 0 0 3 0 0 0
"76" 76 0.406844106464 0 0 0 0 0 0 0 0 0 2 0 0 1 0 0 1 0 0 152 0
"77" 77 0.355769230769 0 0 0 1 0 0 0 0 0 0 0 152 0 0 3 0 0 0 0 0
"78" 78 0.573643410853 0 12 14 17 2 7 1 2 5 0 20 15 3 0 7 0 0 48 1 2
"79" 79 0.514767932489 0 3 4 4 0 106 0 2 9 1 1 0 1 0 22 0 0 0 2 1
"80" 80 0.100418410042 0 0 0 0 0 0 0 0 0 155 0 0 0 0 0 0 1 0 0 0
"81" 81 0.449612403101 0 16 1 6 2 9 0 31 1 0 47 2 0 0 4 0 0 37 0 0
"82" 82 0.124352331606 0 156 0 0 0 0 0 0 0 0 0 0 0 0 0 0 0 0 0 0
"83" 83 0.236607142857 0 1 0 0 1 0 0 0 0 0 0 0 0 0 0 0 0 154 0 0
"84" 84 0.235897435897 0 1 11 138 0 2 0 0 1 0 2 1 0 0 0 0 0 0 0 0
"85" 85 0.334728033473 0 0 0 0 0 0 0 0 0 154 0 0 0 1 0 1 0 0 0 0
"86" 86 0.587443946188 0 8 5 8 17 53 12 3 16 0 6 0 0 2 0 0 6 19 1 0
"87" 87 0.218905472637 1 0 0 2 0 5 11 0 0 0 3 5 5 103 5 0 11 3 1 1
"88" 88 0.552742616034 0 0 1 4 5 113 1 2 7 0 0 1 2 0 18 0 1 1 0 0
"89" 89 0.0 0 0 0 0 1 0 0 1 0 0 0 0 154 0 0 0 0 0 0 0
"90" 90 0.420512820513 0 28 9 6 1 3 1 1 61 5 3 0 0 3 0 0 7 14 13 0
"91" 91 0.324894514768 0 1 4 1 4 28 0 0 3 0 4 82 1 0 18 0 1 4 0 1
"92" 92 0.37106918239 0 0 0 0 1 10 5 111 0 0 17 2 1 1 2 0 1 3 0 2
"93" 93 0.0192307692308 0 0 0 0 0 0 0 0 0 15 0 136 0 1 0 0 0 0 4 0
"94" 94 0.0199004975124 5 1 0 0 3 1 34 0 14 0 2 0 1 53 1 13 19 0 6 3
"95" 95 0.0 0 0 0 0 0 0 2 0 0 0 0 0 0 148 0 0 5 0 0 1
"96" 96 0.0 0 0 155 0 0 0 0 0 0 0 1 0 0 0 0 0 0 0 0 0
"97" 97 0.0 0 0 0 0 0 0 0 0 0 0 0 0 0 0 0 0 0 0 0 156
"98" 98 0.062015503876 0 0 0 0 0 0 0 0 0 0 156 0 0 0 0 0 0 0 0 0
"99" 99 0.225641025641 0 0 0 156 0 0 0 0 0 0 0 0 0 0 0 0 0 0 0 0
"100" 100 0.635658914729 3 0 27 0 0 0 0 0 1 0 115 0 0 0 8 0 0 0 2 0
"101" 101 0.240384615385 0 0 0 0 0 0 0 0 0 0 1 155 0 0 0 0 0 0 0 0
"102" 102 0.654088050314 0 0 0 0 3 22 0 112 0 0 8 0 0 0 10 0 0 1 0 0
"103" 103 0.476923076923 0 32 1 109 0 0 0 0 0 0 0 8 6 0 0 0 0 0 0 0
"104" 104 0.156976744186 0 0 6 0 0 0 0 0 150 0 0 0 0 0 0 0 0 0 0 0
"105" 105 0.0 0 0 0 155 1 0 0 0 0 0 0 0 0 0 0 0 0 0 0 0
"106" 106 0.0961538461538 0 1 6 0 0 0 0 0 1 0 0 147 0 1 0 0 0 0 0 0
"107" 107 0.00662251655629 5 0 151 0 0 0 0 0 0 0 0 0 0 0 0 0 0 0 0 0
"108" 108 0.103139013453 0 0 0 0 156 0 0 0 0 0 0 0 0 0 0 0 0 0 0 0
"109" 109 0.0 0 0 0 0 0 0 0 0 0 156 0 0 0 0 0 0 0 0 0 0
"110" 110 0.0209205020921 0 0 0 0 0 0 0 0 0 154 0 0 0 0 0 0 0 0 1 0
"111" 111 0.0 0 0 0 0 0 0 132 0 0 0 0 0 0 14 0 0 7 0 0 2
"112" 112 0.0 43 0 0 0 0 0 0 0 111 0 0 0 0 0 0 0 0 0 1 0
"113" 113 0.0988372093023 5 0 1 0 0 0 0 0 123 10 0 0 0 9 0 0 5 0 0 2
"114" 114 0.252873563218 0 6 4 1 1 8 7 0 11 0 30 3 0 0 3 0 73 8 0 0
"115" 115 0.390804597701 0 5 3 0 4 69 1 26 1 0 11 0 0 2 6 0 17 10 0 0
"116" 116 0.0 16 0 1 0 2 0 0 2 129 0 4 0 0 1 0 0 0 0 0 0
"117" 117 0.403973509934 0 20 45 4 3 0 0 52 8 0 6 0 1 0 0 0 0 16 0 0
"118" 118 0.535460992908 0 0 0 0 1 0 0 0 0 6 0 1 22 0 2 123 0 0 0 0
"119" 119 0.089552238806 0 0 0 0 0 0 0 0 0 0 0 0 0 155 0 0 0 0 0 0
"120" 120 0.238341968912 0 143 0 11 0 0 0 0 0 0 0 1 0 0 0 0 0 0 0 0
"121" 121 0.413461538462 0 2 1 11 0 3 0 0 0 1 0 135 0 0 0 0 0 1 1 0
"122" 122 0.540084388186 0 0 0 1 0 114 0 0 0 0 4 1 1 2 29 0 1 2 0 0
"123" 123 0.157894736842 0 0 0 0 0 0 0 0 0 0 0 0 155 0 0 0 0 0 0 0
"124" 124 0.0 3 0 0 0 0 0 0 0 9 0 0 0 0 0 0 0 143 0 0 0
"125" 125 0.0172413793103 0 0 0 0 0 0 0 0 0 0 3 0 0 0 0 0 152 0 0 0
"126" 126 0.0 0 0 1 0 0 0 0 0 0 153 0 0 0 0 0 0 0 0 0 0
"127" 127 0.0 0 0 0 0 0 0 0 0 0 0 0 153 0 0 0 0 0 0 0 0
"128" 128 0.205357142857 0 0 6 3 21 52 0 0 1 2 1 0 7 0 19 0 1 40 0 0
"129" 129 0.0862068965517 0 0 0 0 0 0 6 0 0 0 0 0 0 4 0 0 143 0 0 0
"130" 130 0.380710659898 0 0 2 0 1 3 42 1 12 0 7 0 0 26 1 0 53 3 0 1
"131" 131 0.481865284974 0 36 13 5 5 9 0 0 2 0 0 0 1 0 3 0 0 78 0 0
"132" 132 0.0288461538462 0 0 7 2 0 1 0 0 0 0 1 140 1 0 0 0 0 0 0 0
"133" 133 0.238532110092 0 0 0 1 3 6 5 0 2 8 0 0 1 15 2 2 0 4 12 91
"134" 134 0.625641025641 0 97 12 13 5 4 0 1 2 0 0 3 0 2 1 0 0 11 0 0
"135" 135 0.0287356321839 0 0 0 0 0 0 23 0 2 1 1 0 2 9 0 0 112 0 1 0
"136" 136 0.0 0 0 0 0 0 0 9 0 0 0 0 0 0 14 0 0 127 0 0 1
"137" 137 0.544303797468 0 8 3 0 7 62 0 0 4 1 1 0 3 0 46 0 0 11 5 1
"138" 138 0.255813953488 0 2 3 3 13 64 1 1 4 0 30 1 1 2 10 0 0 14 1 2
"139" 139 0.0 1 0 0 0 0 0 87 0 0 0 0 1 0 19 0 0 17 0 0 27
"140" 140 0.129464285714 0 0 0 0 2 2 0 0 0 0 3 0 0 0 1 0 0 144 0 0
"141" 141 0.488372093023 0 2 35 16 6 21 0 0 5 1 41 6 0 3 7 0 1 6 0 1
"142" 142 0.138392857143 5 0 4 3 15 6 4 0 19 11 8 0 1 14 0 0 35 11 11 4
"143" 143 0.0192307692308 0 1 2 0 3 12 0 16 8 0 1 99 0 0 3 0 1 3 0 0
"144" 144 0.165562913907 1 6 84 3 0 2 0 0 47 0 2 0 0 0 0 0 3 1 0 0
"145" 145 0.721153846154 0 12 25 6 29 15 0 9 3 0 7 21 2 1 10 0 0 6 3 0
"146" 146 0.562913907285 0 3 84 17 5 2 0 4 7 1 3 6 3 0 11 0 0 2 0 2
"147" 147 0.0192307692308 0 20 5 7 1 0 0 0 0 0 1 114 0 0 0 0 0 2 0 0
"148" 148 0.64135021097 0 1 8 3 10 63 0 0 16 0 12 0 0 0 30 0 1 2 2 1
"149" 149 0.188679245283 0 0 1 0 0 0 3 102 34 0 1 0 0 0 0 0 6 0 1 0
"150" 150 0.700729927007 0 4 37 5 2 35 2 0 12 1 4 0 2 8 20 0 8 4 0 3
"151" 151 0.0993377483444 4 1 13 2 13 57 0 1 6 1 17 2 4 3 4 0 5 12 0 2
"152" 152 0.368613138686 0 18 6 5 3 41 3 21 9 0 5 0 0 0 13 0 5 16 0 1
"153" 153 0.0 12 0 2 0 0 0 38 4 0 0 6 0 0 1 0 0 85 0 0 0
"154" 154 0.236607142857 0 0 3 0 1 35 12 0 25 0 1 0 0 6 5 0 42 11 2 4
"155" 155 0.0 0 0 0 0 0 1 129 0 1 1 0 0 0 1 0 0 14 0 0 0
"156" 156 0.356589147287 0 2 19 0 3 5 4 1 15 0 48 2 1 1 1 0 34 10 0 1
"157" 157 0.523206751055 0 88 3 22 3 13 0 0 0 0 5 0 2 0 0 0 0 11 0 0
"158" 158 0.107594936709 104 0 34 0 0 0 0 0 0 1 6 0 0 0 0 0 1 0 0 0
"159" 159 0.0769230769231 0 0 1 0 0 0 0 0 0 0 0 140 0 0 0 0 0 0 0 0
"160" 160 0.367816091954 0 0 0 0 7 0 0 0 3 0 3 0 0 2 0 0 12 7 0 1
"161" 161 0.645569620253 2 0 0 0 0 0 2 0 0 0 1 0 0 16 0 0 6 0 0 0
