"site" "RSA" "aa1" "aa2" "aa3" "aa4" "aa5" "aa6" "aa7" "aa8" "aa9" "aa10" "aa11" "aa12" "aa13" "aa14" "aa15" "aa16" "aa17" "aa18" "aa19" "aa20"
"0" 0 0.353211009174 0 17 6 16 39 20 1 0 4 0 16 78 1 27 34 6 1 194 3 37
"1" 1 0.0 0 0 0 0 0 0 0 0 0 487 0 0 0 0 0 0 0 0 13 0
"2" 2 0.133720930233 0 0 53 0 0 0 0 0 447 0 0 0 0 0 0 0 0 0 0 0
"3" 3 0.00961538461538 0 0 0 0 0 0 0 0 0 0 0 500 0 0 0 0 0 0 0 0
"4" 4 0.462686567164 0 76 9 56 15 3 33 0 1 0 0 0 0 111 110 0 12 67 0 7
"5" 5 0.14367816092 0 0 0 0 0 0 3 0 4 0 0 0 0 0 0 0 493 0 0 0
"6" 6 0.383928571429 0 0 0 0 0 0 0 0 0 0 0 0 0 0 0 0 0 500 0 0
"7" 7 0.108527131783 0 1 77 0 0 0 0 0 100 0 303 19 0 0 0 0 0 0 0 0
"8" 8 0.304568527919 0 0 0 0 0 1 459 0 0 0 0 0 0 0 0 0 40 0 0 0
"9" 9 0.00961538461538 0 0 0 0 0 0 0 0 0 0 0 500 0 0 0 0 0 0 0 0
"10" 10 0.304597701149 0 0 2 0 49 14 46 0 24 1 0 1 0 3 12 23 103 174 4 44
"11" 11 0.0 0 0 0 0 0 0 0 0 0 0 0 0 0 0 0 0 500 0 0 0
"12" 12 0.350210970464 0 0 2 3 57 87 10 0 179 0 13 0 0 0 88 0 10 21 0 30
"13" 13 0.341968911917 0 1 88 1 31 11 0 0 0 1 35 0 23 35 47 0 0 202 8 17
"14" 14 0.195402298851 0 0 0 0 0 0 0 0 0 0 0 0 0 0 0 0 500 0 0 0
"15" 15 0.538116591928 0 1 61 4 36 24 0 0 5 1 13 6 8 40 207 0 8 77 1 8
"16" 16 0.519230769231 0 0 0 0 0 0 0 0 0 0 0 500 0 0 0 0 0 0 0 0
"17" 17 0.401162790698 0 9 153 4 6 23 0 0 182 1 16 3 1 5 73 0 0 10 11 3
"18" 18 0.451776649746 0 35 4 29 33 66 48 0 31 0 30 3 4 50 29 0 67 63 0 8
"19" 19 0.720207253886 0 130 58 71 31 62 0 0 15 0 16 6 0 23 17 0 2 63 0 6
"20" 20 0.712820512821 0 30 30 37 80 45 0 0 166 3 3 1 15 41 4 0 0 37 6 2
"21" 21 0.125 0 0 0 0 0 0 0 0 0 0 0 500 0 0 0 0 0 0 0 0
"22" 22 0.0962343096234 0 0 0 0 0 0 0 0 0 471 0 0 9 0 0 0 0 0 7 13
"23" 23 0.457364341085 0 0 3 0 3 4 48 0 19 13 0 1 0 36 50 183 83 12 44 1
"24" 24 0.0137614678899 0 0 0 0 0 0 0 0 0 0 0 0 0 0 0 0 87 0 0 413
"25" 25 0.337552742616 0 0 1 0 39 7 2 0 7 2 0 0 0 0 228 7 10 178 4 15
"26" 26 0.0 0 0 0 0 0 0 498 0 0 0 0 0 0 0 0 0 2 0 0 0
"27" 27 0.308035714286 0 0 3 0 12 171 0 0 0 0 4 0 0 0 190 0 0 114 0 6
"28" 28 0.0 0 0 0 0 0 0 0 0 0 0 500 0 0 0 0 0 0 0 0 0
"29" 29 0.295597484277 0 0 0 0 0 0 0 500 0 0 0 0 0 0 0 0 0 0 0 0
"30" 30 0.434977578475 0 173 5 81 54 38 0 0 5 0 74 4 1 21 4 0 2 21 0 17
"31" 31 0.0203045685279 0 0 0 0 0 0 495 0 0 0 0 0 0 0 0 0 5 0 0 0
"32" 32 0.0348258706468 0 0 0 0 0 0 0 0 0 0 0 0 0 500 0 0 0 0 0 0
"33" 33 0.658031088083 0 72 76 37 36 64 0 0 8 0 89 12 4 15 8 0 3 67 0 9
"34" 34 0.476683937824 0 416 1 47 1 3 0 0 11 2 3 2 1 0 0 0 0 4 8 1
"35" 35 0.101265822785 500 0 0 0 0 0 0 0 0 0 0 0 0 0 0 0 0 0 0 0
"36" 36 0.622009569378 0 0 26 0 3 1 2 0 35 191 6 0 6 0 2 0 9 3 216 0
"37" 37 0.459302325581 0 1 11 2 36 277 8 5 38 0 16 0 0 0 34 0 19 53 0 0
"38" 38 0.413461538462 0 0 0 0 0 0 0 0 0 0 0 500 0 0 0 0 0 0 0 0
"39" 39 0.310880829016 0 10 20 1 277 1 0 0 0 0 149 1 14 4 1 0 0 17 0 5
"40" 40 0.284768211921 0 4 1 20 38 42 0 0 0 45 13 0 10 210 5 2 0 35 64 11
"41" 41 0.0203045685279 0 0 0 0 0 0 490 0 0 0 0 0 0 0 0 0 10 0 0 0
"42" 42 0.031007751938 0 0 0 0 0 0 0 0 0 0 500 0 0 0 0 0 0 0 0 0
"43" 43 0.0 0 0 0 0 0 0 0 0 0 0 0 0 0 0 0 0 500 0 0 0
"44" 44 0.0307692307692 0 4 0 490 0 0 0 0 0 0 0 0 0 0 6 0 0 0 0 0
"45" 45 0.0384615384615 0 0 0 0 0 0 0 0 0 0 0 500 0 0 0 0 0 0 0 0
"46" 46 0.0348837209302 0 0 0 0 20 0 0 0 11 0 3 0 0 3 0 0 461 0 0 2
"47" 47 0.196202531646 500 0 0 0 0 0 0 0 0 0 0 0 0 0 0 0 0 0 0 0
"48" 48 0.0348258706468 0 0 0 0 0 0 0 0 0 0 0 0 0 500 0 0 0 0 0 0
"49" 49 0.447674418605 0 1 1 0 26 4 14 0 34 0 2 0 0 1 40 0 27 346 0 4
"50" 50 0.00574712643678 0 0 0 0 0 0 0 0 0 0 0 0 0 0 0 0 500 0 0 0
"51" 51 0.453488372093 0 9 1 0 60 338 5 0 42 0 0 0 0 0 1 0 0 40 0 4
"52" 52 0.512953367876 0 98 119 17 2 1 0 0 0 0 182 67 2 0 1 6 0 5 0 0
"53" 53 0.280334728033 0 0 0 0 0 0 0 0 0 216 0 0 30 0 0 77 0 0 177 0
"54" 54 0.40414507772 0 457 2 40 0 0 0 0 0 0 0 1 0 0 0 0 0 0 0 0
"55" 55 0.71897810219 0 153 100 63 12 44 0 0 20 0 26 10 0 13 6 0 0 42 0 11
"56" 56 0.475285171103 0 11 14 40 20 43 0 0 185 6 1 0 9 2 44 0 1 81 35 8
"57" 57 0.129186602871 0 0 1 5 3 0 1 0 163 18 3 1 292 0 1 2 2 1 6 1
"58" 58 0.0 0 0 0 0 0 0 0 0 0 500 0 0 0 0 0 0 0 0 0 0
"59" 59 0.232558139535 0 0 2 0 25 33 2 0 8 0 9 0 0 1 182 0 0 224 0 14
"60" 60 0.0114942528736 0 0 0 0 0 0 0 0 0 0 0 0 0 0 0 0 500 0 0 0
"61" 61 0.451923076923 0 0 5 0 18 17 0 0 55 94 1 1 5 15 2 10 1 56 214 6
"62" 62 0.0203045685279 0 0 0 0 0 0 492 0 0 0 0 0 0 0 0 0 8 0 0 0
"63" 63 0.403100775194 0 30 26 12 22 61 0 1 6 18 71 0 2 107 5 48 0 34 42 15
"64" 64 0.295597484277 0 0 0 0 0 0 0 500 0 0 0 0 0 0 0 0 0 0 0 0
"65" 65 0.424107142857 0 17 0 8 5 8 0 0 1 0 2 0 0 1 3 0 1 453 0 1
"66" 66 0.245033112583 0 18 0 6 233 22 0 0 0 2 17 0 0 169 0 1 0 8 18 6
"67" 67 0.0497512437811 0 0 0 0 0 0 0 0 0 0 0 0 0 500 0 0 0 0 0 0
"68" 68 0.496350364964 0 20 15 143 33 57 0 0 16 5 51 1 2 2 80 3 0 64 5 3
"69" 69 0.169154228856 0 2 1 15 4 8 0 0 0 0 0 0 0 13 455 0 0 0 1 1
"70" 70 0.0523255813953 0 0 337 0 0 0 0 0 163 0 0 0 0 0 0 0 0 0 0 0
"71" 71 0.0410256410256 0 390 1 43 0 0 2 0 44 0 5 9 0 0 0 0 6 0 0 0
"72" 72 0.0 0 0 0 0 0 0 0 0 0 0 0 0 0 496 0 0 0 0 0 4
"73" 73 0.134615384615 0 1 128 0 55 99 0 0 0 0 123 52 11 0 30 0 1 0 0 0
"74" 74 0.511210762332 0 67 38 59 49 17 0 0 120 4 1 1 21 77 3 1 0 18 15 9
"75" 75 0.0443037974684 500 0 0 0 0 0 0 0 0 0 0 0 0 0 0 0 0 0 0 0
"76" 76 0.556962025316 0 0 2 7 16 29 10 0 62 1 2 0 11 13 297 0 29 13 1 7
"77" 77 0.496124031008 0 0 0 0 0 0 0 500 0 0 0 0 0 0 0 0 0 0 0 0
"78" 78 0.519230769231 0 0 0 0 0 0 0 0 0 0 0 500 0 0 0 0 0 0 0 0
"79" 79 0.305699481865 0 208 13 0 131 9 3 0 4 7 28 0 14 0 1 23 35 11 3 10
"80" 80 0.396226415094 0 1 0 2 2 95 0 49 1 1 9 3 0 209 100 0 0 16 11 1
"81" 81 0.00574712643678 0 0 0 0 0 0 0 0 1 0 0 0 0 0 0 0 499 0 0 0
"82" 82 0.0102564102564 0 1 0 499 0 0 0 0 0 0 0 0 0 0 0 0 0 0 0 0
"83" 83 0.00497512437811 0 0 0 0 0 0 0 0 0 0 0 0 0 500 0 0 0 0 0 0
"84" 84 0.0535714285714 0 0 0 0 0 0 0 0 0 0 0 0 0 0 0 0 0 500 0 0
"85" 85 0.21897810219 0 0 0 0 0 0 0 0 0 0 0 0 0 0 500 0 0 0 0 0
"86" 86 0.341085271318 0 0 154 0 0 0 0 0 1 0 330 12 3 0 0 0 0 0 0 0
"87" 87 0.350574712644 0 0 44 0 24 18 86 0 69 0 6 1 2 17 1 0 117 101 0 14
"88" 88 0.800995024876 0 295 8 97 13 9 15 0 9 1 3 1 1 10 1 0 24 12 0 1
"89" 89 0.324503311258 0 0 270 0 2 0 0 0 209 0 14 1 0 0 1 0 0 2 0 1
"90" 90 0.748344370861 0 82 72 88 49 45 1 7 60 0 20 7 0 28 3 0 3 33 0 2
"91" 91 0.436046511628 0 16 23 18 92 43 1 0 141 5 5 7 1 79 14 1 1 22 24 7
"92" 92 0.142335766423 0 0 0 0 0 0 0 0 0 2 0 0 92 0 406 0 0 0 0 0
"93" 93 0.848623853211 0 191 0 91 22 93 1 0 3 7 5 2 12 15 10 1 2 35 9 1
"94" 94 0.317307692308 0 0 0 0 0 0 0 0 0 0 0 500 0 0 0 0 0 0 0 0
"95" 95 0.115384615385 0 0 0 0 0 0 0 0 0 0 0 500 0 0 0 0 0 0 0 0
"96" 96 0.0334928229665 0 0 0 0 0 0 0 0 47 223 0 0 230 0 0 0 0 0 0 0
"97" 97 0.384937238494 0 68 1 10 3 4 0 0 0 33 1 0 11 0 3 0 3 116 245 2
"98" 98 0.0114942528736 0 0 0 0 1 0 0 0 0 0 0 0 0 0 0 0 499 0 0 0
"99" 99 0.313901345291 0 0 239 1 3 7 0 0 244 0 0 0 1 0 3 0 0 2 0 0
"100" 100 0.0192307692308 0 0 0 0 0 0 0 0 0 0 0 500 0 0 0 0 0 0 0 0
"101" 101 0.516746411483 0 130 10 90 48 54 32 0 4 0 9 0 3 50 14 0 36 13 3 4
"102" 102 0.109195402299 0 0 1 0 0 0 121 0 5 0 0 0 0 0 0 0 373 0 0 0
"103" 103 0.186528497409 0 500 0 0 0 0 0 0 0 0 0 0 0 0 0 0 0 0 0 0
"104" 104 0.0 0 0 0 0 0 0 0 0 500 0 0 0 0 0 0 0 0 0 0 0
"105" 105 0.0114942528736 0 0 0 0 1 7 26 0 133 0 0 0 0 0 3 0 323 5 0 2
"106" 106 0.0 0 0 0 0 0 0 0 0 0 0 500 0 0 0 0 0 0 0 0 0
"107" 107 0.290178571429 0 0 0 0 222 40 2 0 1 1 4 0 0 0 24 0 9 155 0 42
"108" 108 0.0 0 0 0 0 0 0 496 0 0 0 0 0 0 0 0 0 4 0 0 0
"109" 109 0.189655172414 0 0 1 0 0 2 113 0 29 0 0 0 0 0 3 0 351 0 0 1
"110" 110 0.473214285714 0 1 121 0 55 39 0 0 0 0 52 1 38 13 14 0 0 129 0 37
"111" 111 0.282700421941 0 0 0 0 0 493 0 0 0 0 0 0 0 0 6 0 0 0 0 1
"112" 112 0.426160337553 0 0 13 0 11 59 5 0 345 0 6 2 0 1 38 0 3 7 3 7
"113" 113 0.52466367713 0 5 6 2 82 13 8 5 51 1 8 0 0 22 217 31 31 11 4 3
"114" 114 0.512953367876 0 204 23 122 19 15 0 0 0 0 8 0 0 4 81 0 10 6 0 8
"115" 115 0.605769230769 0 0 0 0 0 0 0 0 0 0 0 500 0 0 0 0 0 0 0 0
"116" 116 0.598214285714 0 103 67 92 27 27 3 0 66 1 8 16 1 33 8 1 0 39 0 8
"117" 117 0.131782945736 0 0 448 0 0 0 0 0 0 0 46 6 0 0 0 0 0 0 0 0
"118" 118 0.0609137055838 0 0 0 0 1 0 400 0 8 0 0 0 0 5 0 0 86 0 0 0
"119" 119 0.134715025907 0 11 2 5 7 24 18 0 4 23 4 0 1 57 14 1 221 73 31 4
"120" 120 0.0 0 0 0 0 0 0 0 0 0 499 0 0 0 1 0 0 0 0 0 0
"121" 121 0.0697674418605 0 0 0 0 10 3 2 0 1 0 0 0 0 0 452 0 31 1 0 0
"122" 122 0.0 0 0 0 0 0 0 0 0 0 500 0 0 0 0 0 0 0 0 0 0
"123" 123 0.434306569343 0 3 5 15 26 118 0 0 0 19 2 0 4 3 83 10 1 67 61 83
"124" 124 0.0251572327044 0 0 0 0 0 0 0 500 0 0 0 0 0 0 0 0 0 0 0 0
"125" 125 0.459854014599 0 2 10 0 109 88 0 0 1 0 174 5 1 20 20 1 1 54 2 12
"126" 126 0.259067357513 0 488 0 4 0 0 1 0 0 0 0 0 6 0 1 0 0 0 0 0
"127" 127 0.446540880503 0 11 18 10 4 14 0 32 10 5 17 4 0 235 17 102 0 3 13 5
"128" 128 0.489539748954 0 3 53 7 1 2 0 0 2 0 0 0 0 0 427 0 0 5 0 0
"129" 129 0.0172413793103 0 0 13 0 0 0 0 0 39 0 8 0 0 0 0 0 440 0 0 0
"130" 130 0.089552238806 0 0 0 0 0 0 0 0 1 0 0 0 0 499 0 0 0 0 0 0
"131" 131 0.540084388186 0 21 37 27 6 36 0 0 23 0 15 0 0 22 303 0 0 2 2 6
"132" 132 0.148288973384 0 0 0 0 0 0 0 0 0 10 0 0 1 0 0 0 0 0 489 0
"133" 133 0.0355329949239 0 0 0 0 0 0 500 0 0 0 0 0 0 0 0 0 0 0 0 0
"134" 134 0.522988505747 0 0 0 0 0 4 0 0 0 119 0 1 3 5 103 2 1 1 261 0
"135" 135 0.593155893536 0 0 1 0 0 5 4 461 8 0 2 0 1 4 0 0 4 8 2 0
"136" 136 0.586497890295 0 1 0 72 1 3 0 0 0 0 0 420 2 0 0 0 0 0 0 1
"137" 137 0.153846153846 0 0 494 0 0 0 0 0 0 0 1 5 0 0 0 0 0 0 0 0
"138" 138 0.414448669202 0 0 2 13 7 5 0 0 0 4 1 0 2 0 0 421 0 0 25 20
"139" 139 0.0 0 0 0 0 0 0 499 0 0 0 0 0 0 0 0 0 1 0 0 0
"140" 140 0.015503875969 0 0 105 0 0 0 0 0 0 0 391 4 0 0 0 0 0 0 0 0
"141" 141 0.0 0 0 0 0 0 0 0 0 0 0 0 0 0 500 0 0 0 0 0 0
"142" 142 0.0 0 496 0 4 0 0 0 0 0 0 0 0 0 0 0 0 0 0 0 0
"143" 143 0.0576923076923 0 0 0 0 0 0 0 0 0 0 0 500 0 0 0 0 0 0 0 0
"144" 144 0.0348837209302 0 0 4 0 18 0 0 0 46 0 9 0 0 8 0 0 415 0 0 0
"145" 145 0.145695364238 0 0 161 0 0 0 0 0 0 0 337 2 0 0 0 0 0 0 0 0
"146" 146 0.0597014925373 0 0 0 0 0 0 0 0 0 0 0 0 0 500 0 0 0 0 0 0
"147" 147 0.453488372093 0 4 0 0 2 9 243 0 15 0 0 1 0 12 6 0 139 64 0 5
"148" 148 0.00507614213198 0 0 0 0 0 0 363 0 0 0 0 0 0 0 0 0 137 0 0 0
"149" 149 0.28488372093 0 0 13 0 55 136 236 0 35 0 6 0 0 0 1 0 1 6 0 11
"150" 150 0.464114832536 0 5 206 1 2 13 0 0 10 9 86 20 58 1 2 0 1 11 66 9
"151" 151 0.241379310345 0 0 1 0 0 0 0 0 0 0 1 0 0 0 0 0 498 0 0 0
"152" 152 0.347150259067 0 500 0 0 0 0 0 0 0 0 0 0 0 0 0 0 0 0 0 0
"153" 153 0.740932642487 0 154 87 77 11 38 2 0 11 0 27 12 0 9 2 0 0 65 0 5
"154" 154 0.337748344371 0 0 76 35 1 73 0 0 55 18 4 3 52 0 128 0 1 14 40 0
"155" 155 0.104651162791 0 0 164 0 0 0 0 0 336 0 0 0 0 0 0 0 0 0 0 0
"156" 156 0.0 0 0 0 0 0 0 0 0 0 499 0 0 0 0 0 0 0 0 1 0
"157" 157 0.046357615894 0 0 17 0 0 0 0 0 0 0 466 17 0 0 0 0 0 0 0 0
"158" 158 0.0 0 0 1 0 0 0 234 0 69 0 0 0 0 0 0 0 196 0 0 0
"159" 159 0.261467889908 0 0 4 0 237 17 10 0 1 0 1 0 0 11 49 0 6 141 0 23
"160" 160 0.0045871559633 0 0 0 0 0 0 0 0 0 0 0 0 0 1 0 0 234 0 0 265
"161" 161 0.48730964467 0 7 10 4 0 0 0 457 9 0 0 0 0 0 7 0 4 2 0 0
"162" 162 0.370860927152 0 0 11 0 18 171 0 9 3 6 73 8 4 45 19 3 0 111 8 11
"163" 163 0.615969581749 0 96 11 20 11 38 11 0 59 0 45 5 10 9 6 0 16 156 6 1
"164" 164 0.168604651163 0 17 1 15 9 1 45 0 32 0 13 1 0 16 19 5 284 12 1 29
"165" 165 0.19730941704 0 0 0 1 368 1 0 0 0 0 10 0 0 84 30 0 0 2 0 4
"166" 166 0.576158940397 0 35 23 149 58 58 8 0 54 0 9 10 20 21 9 0 5 27 6 8
"167" 167 0.320675105485 0 0 1 29 49 176 1 0 34 0 3 0 1 83 114 1 0 5 0 3
"168" 168 0.0459770114943 0 0 10 5 0 0 1 0 17 0 9 0 0 0 0 0 458 0 0 0
"169" 169 0.0913705583756 0 0 11 1 0 0 270 0 168 0 10 2 0 0 0 0 37 0 0 1
"170" 170 0.0 0 0 0 0 0 0 5 0 0 0 0 0 0 196 0 0 2 0 0 297
"171" 171 0.108527131783 0 10 39 0 0 0 0 0 0 0 440 4 0 0 0 0 6 0 1 0
"172" 172 0.767932489451 0 141 18 150 34 25 0 0 67 1 2 7 7 19 3 4 0 6 11 5
"173" 173 0.126582278481 0 0 0 0 0 489 0 0 0 0 0 0 0 11 0 0 0 0 0 0
"174" 174 0.476923076923 0 21 17 39 1 5 4 0 158 1 7 211 5 0 3 0 20 5 3 0
"175" 175 0.494252873563 0 0 1 0 2 0 207 173 1 0 0 0 0 0 1 0 114 1 0 0
"176" 176 0.336538461538 0 0 0 0 0 0 0 0 0 0 0 500 0 0 0 0 0 0 0 0
"177" 177 0.336787564767 0 401 0 0 31 2 0 0 0 2 21 0 18 0 0 0 0 16 3 6
"178" 178 0.213930348259 0 0 0 0 1 1 0 0 0 38 1 0 0 39 12 316 1 4 86 1
"179" 179 0.0 0 0 0 0 0 0 0 0 0 0 0 0 0 0 0 0 500 0 0 0
"180" 180 0.00512820512821 0 0 0 500 0 0 0 0 0 0 0 0 0 0 0 0 0 0 0 0
"181" 181 0.0 0 0 0 0 0 0 0 0 0 0 0 0 0 0 0 0 500 0 0 0
"182" 182 0.0178571428571 0 0 0 0 0 0 0 0 0 0 0 0 0 0 0 0 0 500 0 0
"183" 183 0.00574712643678 0 0 7 0 0 0 0 0 430 0 8 1 0 0 0 0 54 0 0 0
"184" 184 0.176165803109 0 113 0 7 78 0 0 0 0 0 0 0 0 1 0 1 0 300 0 0
"185" 185 0.188340807175 0 0 12 1 22 5 4 394 1 0 17 2 0 1 6 0 8 23 0 4
"186" 186 0.502538071066 0 27 3 192 15 42 1 0 9 1 22 6 0 10 77 0 4 85 0 6
"187" 187 0.173076923077 0 0 28 1 0 0 0 0 0 0 453 16 2 0 0 0 0 0 0 0
"188" 188 0.299578059072 0 0 0 0 0 500 0 0 0 0 0 0 0 0 0 0 0 0 0 0
"189" 189 0.562737642586 0 20 5 12 36 225 29 0 15 10 33 4 5 3 45 5 3 21 16 13
"190" 190 0.372093023256 0 44 16 51 33 82 1 0 5 0 13 0 3 51 67 1 0 109 3 21
"191" 191 0.25 0 0 0 0 9 0 0 0 2 0 12 1 1 0 1 1 0 467 3 3
"192" 192 0.620253164557 0 23 11 44 47 126 1 0 7 0 40 0 0 50 42 0 2 78 0 29
"193" 193 0.373134328358 0 18 13 16 24 130 0 0 20 5 72 7 8 26 31 0 0 63 26 41
"194" 194 0.465517241379 0 33 6 46 34 117 10 0 9 1 50 4 0 52 37 0 3 71 3 24
"195" 195 0.455357142857 0 18 22 29 25 123 0 0 61 3 109 6 5 18 9 5 0 33 18 16
"196" 196 0.496124031008 0 43 51 121 15 100 0 0 2 2 54 11 1 16 55 3 0 13 1 12
"197" 197 0.535885167464 0 13 10 36 37 80 2 0 45 5 76 2 9 25 23 4 0 98 13 22
"198" 198 0.604060913706 0 20 18 84 38 99 5 0 21 7 8 2 3 103 27 2 4 28 18 13
"199" 199 0.627906976744 0 0 161 0 2 1 0 0 0 0 279 57 0 0 0 0 0 0 0 0
"200" 200 0.720207253886 0 7 10 77 70 77 0 0 153 2 7 1 3 25 30 0 4 32 0 2
"201" 201 0.815602836879 0 21 44 33 22 55 0 0 28 3 61 58 3 23 83 0 0 56 5 5
