"site" "RSA" "aa1" "aa2" "aa3" "aa4" "aa5" "aa6" "aa7" "aa8" "aa9" "aa10" "aa11" "aa12" "aa13" "aa14" "aa15" "aa16" "aa17" "aa18" "aa19" "aa20"
"0" 0 0.842767295597 0 0 0 0 52 0 0 0 2 0 0 0 0 1 411 0 1 33 0 0
"1" 1 0.122093023256 442 0 1 0 42 0 0 0 9 0 1 0 0 0 0 0 0 5 0 0
"2" 2 0.360465116279 0 0 0 0 0 0 0 0 475 0 0 0 0 0 25 0 0 0 0 0
"3" 3 0.147208121827 0 0 87 1 9 0 144 0 3 4 43 0 0 118 7 0 5 79 0 0
"4" 4 0.556291390728 0 5 22 0 0 135 0 0 0 0 0 0 0 0 0 0 0 338 0 0
"5" 5 0.223880597015 0 143 2 0 0 4 0 0 1 0 0 0 0 329 0 0 0 2 7 12
"6" 6 0.00995024875622 0 3 0 24 0 6 0 0 0 0 54 0 4 368 32 0 0 7 0 2
"7" 7 0.322869955157 0 0 0 0 1 473 0 0 0 0 0 0 0 2 14 0 0 8 0 2
"8" 8 0.409282700422 0 0 0 0 0 441 0 0 0 0 0 0 0 0 2 0 0 57 0 0
"9" 9 0.197718631179 0 0 0 0 0 107 0 0 0 4 0 0 0 10 36 62 0 1 280 0
"10" 10 0.101265822785 0 0 0 0 0 0 0 0 0 0 498 0 0 1 0 0 0 1 0 0
"11" 11 0.632286995516 0 0 0 0 0 444 0 0 0 0 0 0 0 0 56 0 0 0 0 0
"12" 12 0.34375 0 0 0 0 0 446 0 0 0 0 0 0 0 0 54 0 0 0 0 0
"13" 13 0.742616033755 0 0 0 0 0 500 0 0 0 0 0 0 0 0 0 0 0 0 0 0
"14" 14 0.286919831224 0 0 0 0 0 2 489 0 0 0 0 0 0 0 9 0 0 0 0 0
"15" 15 0.266423357664 0 0 0 0 167 0 0 0 0 0 0 0 22 0 0 0 21 290 0 0
"16" 16 0.0627615062762 1 0 8 0 0 0 1 0 0 490 0 0 0 0 0 0 0 0 0 0
"17" 17 0.100775193798 0 0 0 0 0 0 0 0 0 305 55 3 14 0 0 4 0 0 119 0
"18" 18 0.0174418604651 0 0 7 0 1 0 0 0 492 0 0 0 0 0 0 0 0 0 0 0
"19" 19 0.00507614213198 0 0 14 0 101 0 330 0 14 0 5 0 0 0 0 0 17 18 0 1
"20" 20 0.0174418604651 0 0 463 0 0 0 0 0 37 0 0 0 0 0 0 0 0 0 0 0
"21" 21 0.0 0 0 27 0 0 0 0 0 0 0 471 2 0 0 0 0 0 0 0 0
"22" 22 0.0114068441065 24 6 0 0 0 0 0 0 0 344 0 0 3 0 0 3 0 0 120 0
"23" 23 0.274611398964 0 26 0 351 0 0 0 0 59 0 0 0 0 0 64 0 0 0 0 0
"24" 24 0.441064638783 0 0 0 0 1 14 289 0 0 0 0 0 0 0 132 0 0 2 0 62
"25" 25 0.53642384106 0 26 0 0 0 302 0 0 0 0 0 0 0 0 51 0 0 121 0 0
"26" 26 0.188284518828 0 104 49 1 0 0 0 0 0 0 0 0 0 2 0 0 0 343 0 1
"27" 27 0.0 0 0 1 0 0 0 0 0 0 0 499 0 0 0 0 0 0 0 0 0
"28" 28 0.337552742616 0 0 2 0 0 137 0 0 0 0 261 0 0 0 81 0 0 19 0 0
"29" 29 0.0547263681592 0 0 0 0 6 7 0 0 0 0 0 0 0 8 327 0 0 12 0 140
"30" 30 0.0 0 319 0 5 2 0 0 0 0 79 69 0 7 0 0 0 0 0 19 0
"31" 31 0.217054263566 0 0 0 0 0 0 0 0 0 0 0 0 0 0 500 0 0 0 0 0
"32" 32 0.461139896373 0 0 0 0 0 275 0 0 0 0 1 0 0 0 16 0 0 86 0 122
"33" 33 0.196428571429 0 0 2 150 68 0 0 0 32 0 16 0 0 0 0 0 0 145 0 87
"34" 34 0.317307692308 0 0 0 0 0 0 0 0 0 0 0 500 0 0 0 0 0 0 0 0
"35" 35 0.0149253731343 2 0 0 0 1 0 0 0 0 0 0 0 0 490 0 0 7 0 0 0
"36" 36 0.287179487179 0 0 0 0 0 326 0 0 0 0 0 0 0 0 0 0 0 0 0 174
"37" 37 0.0574712643678 0 1 6 0 0 0 80 0 9 1 0 0 0 0 0 0 402 0 0 1
"38" 38 0.0045871559633 0 0 0 0 0 0 2 0 0 0 2 0 0 496 0 0 0 0 0 0
"39" 39 0.0646766169154 0 0 0 0 0 0 0 0 2 19 0 0 0 1 359 0 106 0 1 12
"40" 40 0.0 0 0 0 0 0 0 0 0 0 0 0 0 0 0 0 0 500 0 0 0
"41" 41 0.00961538461538 0 3 254 0 0 0 0 0 238 0 1 0 0 2 2 0 0 0 0 0
"42" 42 0.0259067357513 22 219 15 5 7 0 52 0 35 0 135 5 3 0 0 0 2 0 0 0
"43" 43 0.158940397351 0 14 253 5 3 9 0 0 2 1 5 0 59 14 22 8 0 37 0 68
"44" 44 0.0 0 0 1 1 0 0 0 0 0 0 310 0 24 159 0 0 5 0 0 0
"45" 45 0.0 0 0 0 0 0 0 0 0 0 0 0 500 0 0 0 0 0 0 0 0
"46" 46 0.325688073394 0 0 0 0 2 0 0 0 0 0 0 0 0 0 0 0 0 4 0 494
"47" 47 0.273255813953 0 10 34 86 20 40 0 0 34 20 0 4 29 0 0 0 1 39 183 0
"48" 48 0.367816091954 11 0 0 0 0 5 40 0 41 0 0 0 0 0 7 0 246 2 148 0
"49" 49 0.27802690583 0 0 0 0 0 25 0 0 0 2 0 0 2 8 0 0 0 107 0 356
"50" 50 0.596153846154 0 0 0 0 0 0 0 0 0 0 0 500 0 0 0 0 0 0 0 0
"51" 51 0.401913875598 0 0 50 0 6 201 0 0 0 0 20 1 0 0 0 5 0 0 217 0
"52" 52 0.725388601036 0 9 0 0 0 478 0 12 0 0 0 0 0 0 0 0 0 1 0 0
"53" 53 0.105960264901 0 1 480 19 0 0 0 0 0 0 0 0 0 0 0 0 0 0 0 0
"54" 54 0.0232558139535 0 2 0 34 0 0 0 0 99 0 0 1 0 0 0 0 356 8 0 0
"55" 55 0.174129353234 0 7 456 0 0 14 0 0 6 0 0 0 0 0 0 1 0 11 0 5
"56" 56 0.37106918239 0 24 8 19 0 26 0 208 0 0 0 0 0 0 0 1 0 0 11 203
"57" 57 0.0229885057471 0 0 28 0 0 0 0 0 0 0 1 0 0 0 0 0 159 0 0 312
"58" 58 0.372093023256 0 0 0 0 0 0 0 0 22 0 0 0 0 0 478 0 0 0 0 0
"59" 59 0.120689655172 0 0 3 0 0 0 0 0 13 0 22 0 0 0 0 0 459 3 0 0
"60" 60 0.53488372093 0 0 6 0 0 494 0 0 0 0 0 0 0 0 0 0 0 0 0 0
"61" 61 0.238341968912 0 479 0 0 0 0 0 0 17 0 2 0 1 0 0 0 0 1 0 0
"62" 62 0.0 0 0 0 94 160 0 0 0 0 0 15 0 227 0 0 0 4 0 0 0
"63" 63 0.131782945736 0 0 0 0 0 69 0 0 0 0 431 0 0 0 0 0 0 0 0 0
"64" 64 0.631178707224 0 0 0 0 0 16 0 0 0 0 0 0 0 0 472 0 0 1 0 11
"65" 65 0.11004784689 0 15 0 2 0 0 0 0 0 0 0 0 483 0 0 0 0 0 0 0
"66" 66 0.0 0 0 0 0 0 0 0 0 500 0 0 0 0 0 0 0 0 0 0 0
"67" 67 0.162790697674 0 0 0 0 0 304 0 0 0 0 0 0 0 0 20 0 0 176 0 0
"68" 68 0.139534883721 0 0 0 0 0 3 0 0 0 0 4 0 0 490 2 0 0 1 0 0
"69" 69 0.0 0 0 1 0 0 0 0 0 0 0 0 0 0 0 0 0 499 0 0 0
"70" 70 0.171532846715 0 0 0 0 0 0 0 0 0 0 82 0 0 0 0 4 0 0 414 0
"71" 71 0.620437956204 0 49 0 0 0 29 0 0 0 0 0 0 0 3 177 0 0 93 0 149
"72" 72 0.0384615384615 0 0 0 0 0 0 0 0 0 0 0 500 0 0 0 0 0 0 0 0
"73" 73 0.0077519379845 0 0 0 0 0 0 0 0 0 0 298 202 0 0 0 0 0 0 0 0
"74" 74 0.51572327044 0 0 0 0 0 0 0 500 0 0 0 0 0 0 0 0 0 0 0 0
"75" 75 0.538461538462 0 326 0 1 0 173 0 0 0 0 0 0 0 0 0 0 0 0 0 0
"76" 76 0.0316455696203 0 0 0 0 0 0 0 0 200 0 298 0 0 0 0 0 0 0 0 2
"77" 77 0.0298507462687 1 0 32 0 1 0 0 0 0 12 0 0 3 398 0 52 0 0 1 0
"78" 78 0.0 0 0 0 0 0 0 446 0 0 0 0 0 0 54 0 0 0 0 0 0
"79" 79 0.0348258706468 2 0 0 0 0 0 375 0 43 13 4 7 13 0 0 2 41 0 0 0
"80" 80 0.0 0 0 0 0 0 0 0 0 496 0 4 0 0 0 0 0 0 0 0 0
"81" 81 0.020725388601 0 362 20 0 8 0 0 0 0 0 22 0 0 0 0 0 0 88 0 0
"82" 82 0.0 0 0 0 0 0 0 0 0 0 0 0 0 0 500 0 0 0 0 0 0
"83" 83 0.0062893081761 0 0 3 0 0 0 0 480 0 0 0 17 0 0 0 0 0 0 0 0
"84" 84 0.380753138075 17 0 0 0 0 0 0 0 7 0 10 0 1 0 456 1 2 0 6 0
"85" 85 0.545871559633 0 0 1 458 0 0 0 0 0 0 0 21 6 0 14 0 0 0 0 0
"86" 86 0.031007751938 0 0 0 0 17 0 0 0 0 0 483 0 0 0 0 0 0 0 0 0
"87" 87 0.041825095057 0 0 0 0 0 0 0 0 0 24 0 0 1 0 0 0 0 0 475 0
"88" 88 0.341085271318 0 25 0 0 0 442 0 0 0 0 0 0 0 0 0 0 0 33 0 0
"89" 89 0.267441860465 0 0 0 0 0 0 0 0 0 0 0 0 0 0 73 0 0 0 427 0
"90" 90 0.0943396226415 0 0 0 0 0 0 0 497 0 0 2 0 0 0 0 1 0 0 0 0
"91" 91 0.544642857143 0 0 0 0 0 224 0 0 0 0 0 0 0 0 0 0 0 276 0 0
"92" 92 0.408071748879 0 7 0 0 0 0 0 0 0 0 0 0 0 0 53 0 0 11 0 429
"93" 93 0.0 0 0 0 0 0 0 0 0 0 0 500 0 0 0 0 0 0 0 0 0
"94" 94 0.192468619247 0 0 1 0 0 59 0 0 0 0 0 0 0 0 318 0 0 122 0 0
"95" 95 0.540178571429 0 0 0 0 0 500 0 0 0 0 0 0 0 0 0 0 0 0 0 0
"96" 96 0.174358974359 0 0 0 500 0 0 0 0 0 0 0 0 0 0 0 0 0 0 0 0
"97" 97 0.0 0 0 0 0 0 0 0 0 0 0 500 0 0 0 0 0 0 0 0 0
"98" 98 0.162790697674 0 8 96 9 0 325 0 0 0 0 0 0 0 0 7 0 0 55 0 0
"99" 99 0.267441860465 0 0 0 0 0 1 6 0 0 0 0 0 0 24 0 0 0 42 0 427
"100" 100 0.0 0 0 0 0 0 0 0 0 0 0 0 0 0 0 0 0 500 0 0 0
"101" 101 0.197247706422 0 0 0 0 0 0 0 0 0 0 0 0 0 0 21 0 0 0 0 479
"102" 102 0.689781021898 0 0 0 0 0 230 0 0 0 0 0 0 0 212 56 0 0 2 0 0
"103" 103 0.217054263566 0 0 0 0 0 0 0 0 0 0 431 69 0 0 0 0 0 0 0 0
"104" 104 0.134615384615 0 0 0 0 0 0 0 0 0 0 0 500 0 0 0 0 0 0 0 0
"105" 105 0.0387596899225 0 0 0 0 0 0 0 0 0 0 500 0 0 0 0 0 0 0 0 0
"106" 106 0.302564102564 0 412 0 0 0 85 0 0 0 0 0 0 0 0 0 0 0 0 0 3
"107" 107 0.0137614678899 0 0 270 0 0 0 0 0 9 0 210 7 0 2 0 0 0 1 0 1
"108" 108 0.0 0 0 0 0 0 0 0 0 0 0 0 0 0 0 0 0 500 0 0 0
"109" 109 0.0295358649789 337 0 1 0 4 0 0 0 25 0 0 0 0 0 0 0 0 2 0 131
"110" 110 0.010152284264 0 0 0 0 0 0 496 0 0 0 0 0 0 0 0 0 4 0 0 0
"111" 111 0.0357142857143 0 0 0 0 268 0 0 0 0 0 0 1 0 0 0 0 0 230 1 0
"112" 112 0.115384615385 0 0 0 0 0 0 0 0 0 0 0 500 0 0 0 0 0 0 0 0
"113" 113 0.0769230769231 0 0 0 0 0 0 0 0 0 0 0 500 0 0 0 0 0 0 0 0
"114" 114 0.495535714286 0 0 193 0 0 212 0 0 0 0 13 0 0 0 0 0 0 82 0 0
"115" 115 0.556737588652 0 0 0 0 0 0 0 0 0 0 0 0 0 0 0 0 0 500 0 0
"116" 116 0.00497512437811 0 0 0 0 0 1 0 0 0 0 0 0 0 495 0 0 0 0 0 4
"117" 117 0.195402298851 0 0 17 0 0 5 0 0 0 0 13 0 0 0 46 0 1 0 0 418
"118" 118 0.513392857143 0 0 0 0 0 463 0 0 0 0 0 0 0 0 2 0 0 34 0 1
"119" 119 0.0348837209302 0 2 0 0 0 0 498 0 0 0 0 0 0 0 0 0 0 0 0 0
"120" 120 0.00574712643678 0 0 0 0 0 0 153 0 4 0 0 0 0 0 0 0 343 0 0 0
"121" 121 0.421524663677 0 0 0 0 0 447 0 0 0 0 0 0 0 0 0 0 0 49 0 4
"122" 122 0.178899082569 0 0 0 0 0 34 1 0 0 0 0 0 0 1 0 0 0 452 0 12
"123" 123 0.0 0 0 0 0 0 0 0 0 0 0 0 0 0 500 0 0 0 0 0 0
"124" 124 0.261627906977 0 0 0 0 0 12 0 0 0 0 1 0 0 0 3 0 0 33 0 451
"125" 125 0.633928571429 0 0 0 0 0 490 0 0 0 0 0 0 0 0 10 0 0 0 0 0
"126" 126 0.419708029197 0 0 0 71 12 0 0 0 0 0 0 0 1 1 348 63 0 0 4 0
"127" 127 0.643410852713 0 0 0 0 0 0 0 0 0 0 0 500 0 0 0 0 0 0 0 0
"128" 128 0.0804597701149 0 0 0 0 0 0 500 0 0 0 0 0 0 0 0 0 0 0 0 0
"129" 129 0.182389937107 0 6 246 0 1 49 0 196 0 0 1 0 0 0 0 0 0 1 0 0
"130" 130 0.0 0 0 0 0 0 0 0 0 0 0 0 0 0 0 0 0 500 0 0 0
"131" 131 0.0 122 2 0 0 31 0 0 0 3 0 67 0 0 0 2 0 251 22 0 0
"132" 132 0.0192307692308 0 0 0 0 0 0 0 0 0 0 15 485 0 0 0 0 0 0 0 0
"133" 133 0.0239234449761 33 1 1 0 9 0 0 0 0 0 1 0 449 0 1 0 0 5 0 0
"134" 134 0.0199004975124 0 0 0 0 0 0 0 0 0 0 0 0 0 500 0 0 0 0 0 0
"135" 135 0.0673076923077 0 0 0 0 0 0 0 0 0 0 0 500 0 0 0 0 0 0 0 0
"136" 136 0.0348258706468 4 143 1 123 43 0 0 0 0 0 0 0 0 186 0 0 0 0 0 0
"137" 137 0.0697674418605 30 0 0 1 0 1 1 0 5 0 3 0 0 0 30 0 0 80 0 349
"138" 138 0.100628930818 0 47 59 0 0 1 0 373 0 0 0 0 1 0 11 0 0 3 2 3
"139" 139 0.0627802690583 0 0 132 0 360 0 0 0 0 0 0 0 7 0 0 0 0 1 0 0
"140" 140 0.291390728477 0 30 0 61 0 150 0 0 1 0 0 0 0 0 108 0 0 3 142 5
"141" 141 0.0804597701149 0 0 0 3 0 0 0 0 0 0 224 0 10 0 5 239 0 17 2 0
"142" 142 0.610256410256 0 350 0 0 0 42 0 0 0 0 0 0 0 0 2 0 0 106 0 0
"143" 143 0.705583756345 0 27 0 0 0 355 0 0 0 0 0 0 0 0 3 0 0 52 0 63
"144" 144 0.225941422594 0 0 0 0 1 0 0 0 0 437 0 0 0 25 0 0 0 0 2 35
"145" 145 0.538461538462 0 0 0 0 0 0 0 0 0 0 0 500 0 0 0 0 0 0 0 0
"146" 146 0.153846153846 0 0 0 0 0 0 0 0 0 0 0 500 0 0 0 0 0 0 0 0
"147" 147 0.399239543726 5 50 224 4 8 10 10 0 0 3 0 0 0 178 1 0 0 5 0 2
"148" 148 0.464135021097 0 0 0 0 0 0 0 0 0 0 0 0 0 0 0 0 0 0 500 0
"149" 149 0.183908045977 1 0 0 0 0 0 3 0 1 0 0 0 0 0 0 0 495 0 0 0
"150" 150 0.224215246637 12 1 0 1 465 0 0 0 0 0 2 0 0 0 0 0 0 1 0 18
"151" 151 0.0865384615385 0 0 0 0 0 0 0 0 0 0 0 500 0 0 0 0 0 0 0 0
"152" 152 0.492700729927 0 0 0 0 0 0 0 0 0 0 0 0 0 0 500 0 0 0 0 0
"153" 153 0.471153846154 0 0 0 0 0 0 0 0 0 0 0 500 0 0 0 0 0 0 0 0
"154" 154 0.611398963731 0 20 0 0 0 264 0 0 0 0 0 0 0 0 62 0 0 154 0 0
"155" 155 0.75 0 0 0 0 0 4 0 0 0 0 0 0 0 0 496 0 0 0 0 0
"156" 156 0.317829457364 0 486 0 6 0 0 0 0 0 0 0 0 0 0 0 0 0 8 0 0
"157" 157 0.0288461538462 0 0 10 0 0 0 0 0 1 0 469 0 0 0 20 0 0 0 0 0
"158" 158 0.414507772021 0 6 0 0 0 158 0 0 0 0 0 0 0 67 16 0 0 230 0 23
"159" 159 0.42600896861 0 0 0 0 73 1 0 0 0 0 0 0 0 1 27 0 0 34 0 364
"160" 160 0.109452736318 0 16 0 0 0 0 3 0 0 119 0 0 0 333 0 0 0 5 24 0
"161" 161 0.144278606965 0 0 0 0 0 4 1 0 0 0 7 0 0 320 163 0 1 4 0 0
"162" 162 0.364238410596 0 0 0 0 22 353 0 0 0 0 0 0 0 0 123 0 0 1 1 0
"163" 163 0.0880829015544 0 80 0 42 4 0 0 0 0 0 0 0 73 0 0 149 0 2 150 0
"164" 164 0.0077519379845 0 0 0 0 0 0 0 0 0 0 498 2 0 0 0 0 0 0 0 0
"165" 165 0.348258706468 0 0 0 0 0 7 0 0 0 0 2 0 0 293 44 0 0 84 0 70
"166" 166 0.116279069767 0 22 0 0 1 0 0 0 13 0 431 0 0 0 0 0 0 17 1 15
"167" 167 0.0149253731343 0 0 0 31 0 0 1 0 0 0 0 0 0 463 0 0 0 0 0 5
"168" 168 0.191964285714 0 0 0 0 0 0 0 0 0 0 0 0 0 0 20 0 0 480 0 0
"169" 169 0.674418604651 0 0 0 0 0 474 0 0 0 0 0 0 0 4 17 0 0 0 2 3
"170" 170 0.046511627907 0 0 0 0 0 0 0 0 0 0 500 0 0 0 0 0 0 0 0 0
"171" 171 0.259615384615 0 0 0 0 0 0 0 0 0 0 0 500 0 0 0 0 0 0 0 0
"172" 172 0.031007751938 0 0 0 0 0 0 0 0 0 0 499 1 0 0 0 0 0 0 0 0
"173" 173 0.313901345291 0 3 1 4 442 6 0 0 0 0 0 0 7 0 30 0 0 7 0 0
"174" 174 0.0 1 32 82 0 12 0 0 0 0 0 6 0 29 221 0 0 0 28 0 89
"175" 175 0.0149253731343 0 0 0 0 0 0 15 0 0 0 0 0 0 485 0 0 0 0 0 0
"176" 176 0.0229885057471 0 0 0 0 0 0 6 0 1 184 0 0 96 0 9 0 123 0 0 81
"177" 177 0.0 0 0 0 0 0 0 0 0 0 0 0 0 0 500 0 0 0 0 0 0
"178" 178 0.120535714286 6 0 0 0 17 101 35 0 54 0 0 0 1 0 20 0 2 63 0 201
"179" 179 0.0316455696203 1 12 1 100 25 156 0 0 0 0 0 0 2 73 60 3 0 67 0 0
"180" 180 0.0 4 0 0 0 0 0 0 0 0 0 0 0 0 0 0 0 482 0 0 14
"181" 181 0.0566037735849 0 0 0 0 0 0 0 500 0 0 0 0 0 0 0 0 0 0 0 0
"182" 182 0.0919540229885 0 0 0 0 0 33 0 0 0 0 0 1 0 0 399 0 64 0 0 3
"183" 183 0.441964285714 0 3 0 0 0 115 0 0 0 0 0 0 0 0 0 0 0 382 0 0
"184" 184 0.0497512437811 0 0 0 0 0 0 0 0 11 0 20 0 0 469 0 0 0 0 0 0
"185" 185 0.0 0 0 0 0 0 0 0 0 0 0 483 0 0 0 0 0 17 0 0 0
"186" 186 0.430379746835 0 0 0 0 0 80 0 0 0 0 2 0 0 1 382 0 0 35 0 0
"187" 187 0.357664233577 0 0 0 2 2 1 0 0 0 0 0 0 0 1 413 0 0 20 0 61
"188" 188 0.0 0 0 0 0 0 0 500 0 0 0 0 0 0 0 0 0 0 0 0 0
"189" 189 0.0639534883721 0 0 13 0 145 0 0 0 0 0 342 0 0 0 0 0 0 0 0 0
"190" 190 0.607142857143 0 155 0 0 53 80 0 0 0 0 0 0 0 1 0 0 0 174 0 37
"191" 191 0.364341085271 0 0 45 0 1 9 0 0 13 0 60 0 0 3 0 0 0 7 0 362
"192" 192 0.0298507462687 485 1 6 0 0 0 0 0 6 0 0 0 0 2 0 0 0 0 0 0
"193" 193 0.496124031008 0 0 480 0 0 20 0 0 0 0 0 0 0 0 0 0 0 0 0 0
"194" 194 0.0812182741117 0 0 0 0 14 7 467 0 2 0 0 0 0 0 0 0 10 0 0 0
"195" 195 0.0 0 0 0 0 0 0 0 500 0 0 0 0 0 0 0 0 0 0 0 0
"196" 196 0.0 0 0 0 0 0 0 0 0 13 0 0 0 0 0 0 0 487 0 0 0
"197" 197 0.0152284263959 0 0 0 0 0 0 477 0 15 3 0 0 0 0 0 0 5 0 0 0
"198" 198 0.0 49 0 118 0 0 0 0 0 12 0 5 316 0 0 0 0 0 0 0 0
"199" 199 0.0710659898477 22 2 42 0 20 2 158 0 48 1 3 0 32 0 55 2 0 113 0 0
"200" 200 0.0288461538462 0 0 0 0 0 0 0 0 0 0 0 500 0 0 0 0 0 0 0 0
"201" 201 0.0 0 0 0 0 0 0 0 0 0 0 316 184 0 0 0 0 0 0 0 0
"202" 202 0.0 0 0 0 0 0 0 0 0 0 0 0 500 0 0 0 0 0 0 0 0
"203" 203 0.282051282051 0 0 0 500 0 0 0 0 0 0 0 0 0 0 0 0 0 0 0 0
"204" 204 0.235632183908 0 369 0 0 1 10 0 0 0 0 33 0 0 0 0 0 87 0 0 0
"205" 205 0.0116279069767 0 0 120 0 0 0 0 0 316 0 3 61 0 0 0 0 0 0 0 0
"206" 206 0.0880829015544 0 145 1 0 0 0 0 0 0 0 1 0 353 0 0 0 0 0 0 0
"207" 207 0.0 0 0 1 0 0 0 0 0 0 0 0 499 0 0 0 0 0 0 0 0
"208" 208 0.0134529147982 0 0 0 0 333 0 0 0 7 95 0 0 22 0 0 0 43 0 0 0
"209" 209 0.0659898477157 0 0 0 1 0 0 0 0 0 309 0 0 138 19 0 10 0 3 0 20
"210" 210 0.00497512437811 0 0 155 1 21 0 0 0 0 0 0 2 0 289 32 0 0 0 0 0
"211" 211 0.120689655172 25 177 0 20 2 0 70 0 4 0 0 0 27 0 1 0 153 21 0 0
"212" 212 0.0 0 0 348 0 0 0 0 0 0 0 109 1 1 0 0 0 0 41 0 0
"213" 213 0.129186602871 0 0 2 23 0 0 0 0 0 396 19 0 5 0 0 2 0 6 47 0
"214" 214 0.0880829015544 5 94 0 7 42 11 3 0 0 14 13 2 2 70 98 4 0 111 24 0
"215" 215 0.0077519379845 0 0 0 0 7 0 2 0 0 0 467 0 0 1 0 0 0 23 0 0
"216" 216 0.0418410041841 0 0 0 1 0 2 0 0 0 151 0 0 314 15 3 0 0 0 14 0
"217" 217 0.307692307692 0 0 0 0 0 0 0 0 0 0 0 500 0 0 0 0 0 0 0 0
"218" 218 0.446700507614 0 0 0 0 0 0 2 0 0 0 0 0 0 4 489 1 0 2 0 2
"219" 219 0.313953488372 0 0 135 3 20 62 0 0 42 0 18 1 2 0 44 0 0 9 164 0
"220" 220 0.625 0 0 0 0 0 406 0 94 0 0 0 0 0 0 0 0 0 0 0 0
"221" 221 0.673076923077 0 0 0 0 0 0 0 0 0 0 0 500 0 0 0 0 0 0 0 0
"222" 222 0.928229665072 0 0 0 0 489 0 0 0 0 0 0 0 0 0 1 0 10 0 0 0
"223" 223 0.253807106599 0 0 1 0 0 0 10 482 0 0 0 0 0 1 0 0 0 6 0 0
"224" 224 0.295597484277 0 99 3 3 0 3 0 324 0 0 9 0 19 0 16 0 0 22 0 2
"225" 225 0.476793248945 0 1 0 0 0 499 0 0 0 0 0 0 0 0 0 0 0 0 0 0
"226" 226 0.108786610879 5 0 43 0 18 0 0 0 0 24 2 0 79 0 0 110 0 78 141 0
"227" 227 0.0387596899225 0 1 5 0 0 0 0 0 0 0 490 3 0 0 0 0 0 1 0 0
"228" 228 0.143459915612 0 0 0 0 40 60 0 0 0 0 0 0 3 0 387 0 0 9 1 0
"229" 229 0.25641025641 0 475 0 3 0 11 0 0 0 0 0 0 0 0 10 0 0 1 0 0
"230" 230 0.00418410041841 0 0 0 0 1 0 0 0 0 497 0 0 0 0 0 1 0 0 1 0
"231" 231 0.218905472637 0 0 0 0 0 0 0 0 0 0 0 0 0 0 500 0 0 0 0 0
"232" 232 0.612403100775 0 14 474 1 0 1 0 0 0 0 0 0 0 0 0 0 0 10 0 0
"233" 233 0.651785714286 0 6 1 0 3 53 0 0 0 0 0 0 0 0 0 0 0 437 0 0
"234" 234 0.174418604651 0 0 1 0 0 0 0 0 499 0 0 0 0 0 0 0 0 0 0 0
"235" 235 0.663461538462 0 0 0 0 0 0 0 0 0 0 0 500 0 0 0 0 0 0 0 0
"236" 236 0.419689119171 0 0 0 0 0 0 1 0 497 0 0 0 0 0 1 0 0 1 0 0
"237" 237 0.269035532995 0 0 1 0 0 9 0 0 0 0 0 0 0 1 0 0 0 489 0 0
"238" 238 0.412408759124 0 54 1 0 0 411 0 1 0 0 4 3 0 0 13 0 0 12 0 1
"239" 239 0.116279069767 0 1 0 0 0 487 0 0 0 0 12 0 0 0 0 0 0 0 0 0
"240" 240 0.0 0 0 0 0 0 0 0 0 0 0 493 7 0 0 0 0 0 0 0 0
"241" 241 0.00574712643678 0 0 11 0 0 0 348 0 24 0 2 0 0 27 0 0 83 0 0 5
"242" 242 0.441605839416 0 1 0 0 42 236 0 0 0 0 0 0 2 9 166 0 0 44 0 0
"243" 243 0.22869955157 0 0 0 0 71 0 0 0 3 0 4 0 0 0 0 0 0 422 0 0
"244" 244 0.0114068441065 0 0 12 0 0 0 0 0 0 2 430 0 0 0 0 0 0 0 3 53
"245" 245 0.229357798165 0 0 0 0 0 0 0 0 0 0 0 0 0 0 85 0 0 0 0 415
"246" 246 0.46511627907 0 0 0 0 0 68 0 0 0 0 0 0 0 0 411 0 0 21 0 0
"247" 247 0.142857142857 0 34 0 10 144 1 0 0 0 0 187 0 0 0 48 0 0 51 5 20
"248" 248 0.00574712643678 0 0 5 0 0 0 3 0 6 0 41 0 0 0 0 0 445 0 0 0
"249" 249 0.504464285714 0 0 0 0 0 405 0 0 0 0 0 0 0 2 0 0 0 93 0 0
"250" 250 0.483443708609 0 0 0 0 0 496 0 0 0 0 0 0 0 0 0 0 0 4 0 0
"251" 251 0.0961538461538 0 0 0 0 0 0 0 0 0 0 0 500 0 0 0 0 0 0 0 0
"252" 252 0.505747126437 0 0 0 0 0 67 1 0 0 0 0 0 0 0 11 0 0 406 0 15
"253" 253 0.0114068441065 0 1 0 0 0 0 0 0 0 298 0 0 31 0 0 0 0 0 170 0
"254" 254 0.0188679245283 0 0 0 0 0 0 0 500 0 0 0 0 0 0 0 0 0 0 0 0
"255" 255 0.182692307692 0 7 420 0 0 0 0 0 0 0 0 73 0 0 0 0 0 0 0 0
"256" 256 0.584821428571 0 0 0 0 0 407 0 0 0 0 0 0 0 0 0 0 0 93 0 0
"257" 257 0.669642857143 0 0 420 6 0 0 0 0 0 0 0 0 0 0 1 0 0 73 0 0
"258" 258 0.0717703349282 0 0 0 0 0 0 0 0 0 0 0 0 500 0 0 0 0 0 0 0
"259" 259 0.0331125827815 1 0 499 0 0 0 0 0 0 0 0 0 0 0 0 0 0 0 0 0
"260" 260 0.112970711297 0 0 0 18 0 1 0 0 0 461 0 0 1 0 0 7 0 0 12 0
"261" 261 0.535885167464 0 0 0 0 0 4 0 0 0 0 0 0 8 0 0 66 0 0 422 0
