"site" "RSA" "aa1" "aa2" "aa3" "aa4" "aa5" "aa6" "aa7" "aa8" "aa9" "aa10" "aa11" "aa12" "aa13" "aa14" "aa15" "aa16" "aa17" "aa18" "aa19" "aa20"
"0" 0 0.802325581395 0 0 482 0 0 0 0 0 0 0 0 0 0 0 18 0 0 0 0 0
"1" 1 0.482587064677 0 26 2 0 1 302 0 0 0 0 0 25 0 16 0 0 0 117 0 11
"2" 2 0.233830845771 0 25 6 0 7 1 0 0 24 0 1 0 0 88 1 0 0 228 0 119
"3" 3 0.456953642384 0 15 482 0 0 0 0 0 0 0 0 0 0 0 0 0 0 3 0 0
"4" 4 0.483443708609 0 0 9 0 0 244 0 0 0 0 247 0 0 0 0 0 0 0 0 0
"5" 5 0.100418410042 0 0 0 2 2 0 0 0 0 433 0 0 9 0 0 35 0 0 19 0
"6" 6 0.134615384615 0 0 0 0 0 0 0 0 0 0 0 500 0 0 0 0 0 0 0 0
"7" 7 0.383720930233 0 0 384 0 0 0 0 0 0 0 0 0 0 0 116 0 0 0 0 0
"8" 8 0.339622641509 0 35 213 0 0 43 0 1 0 0 0 0 0 0 0 0 0 172 0 36
"9" 9 0.326359832636 0 8 0 1 0 1 0 0 1 21 0 0 13 0 0 28 0 414 1 12
"10" 10 0.446428571429 0 41 0 0 4 6 0 0 0 0 0 0 0 0 0 0 0 449 0 0
"11" 11 0.0729927007299 0 0 0 0 499 0 0 0 0 0 1 0 0 0 0 0 0 0 0 0
"12" 12 0.0 0 0 0 0 0 0 0 0 0 0 0 0 0 0 0 0 500 0 0 0
"13" 13 0.397321428571 0 0 0 0 0 435 0 0 0 0 0 0 8 28 27 0 0 0 0 2
"14" 14 0.389743589744 0 10 0 260 19 9 0 0 0 0 0 0 0 4 0 0 0 198 0 0
"15" 15 0.0 0 0 3 0 0 0 0 0 0 0 497 0 0 0 0 0 0 0 0 0
"16" 16 0.0149253731343 0 0 0 0 0 0 0 0 0 0 0 0 0 500 0 0 0 0 0 0
"17" 17 0.209302325581 0 0 0 0 0 268 0 0 0 0 0 0 0 0 227 0 0 5 0 0
"18" 18 0.0 0 0 0 0 0 0 0 0 0 0 500 0 0 0 0 0 0 0 0 0
"19" 19 0.0 0 0 0 0 0 0 0 0 0 0 0 0 0 497 0 0 0 0 0 3
"20" 20 0.478102189781 0 0 0 0 0 0 0 0 0 0 0 0 0 0 500 0 0 0 0 0
"21" 21 0.540178571429 0 0 1 0 0 280 0 0 0 0 0 0 0 0 5 0 0 214 0 0
"22" 22 0.173076923077 0 0 0 0 0 0 0 0 0 0 0 500 0 0 0 0 0 0 0 0
"23" 23 0.295620437956 0 0 0 0 0 479 0 0 0 0 0 0 0 9 1 9 0 0 2 0
"24" 24 0.0192307692308 0 0 16 0 0 0 0 0 28 0 0 455 0 0 0 0 0 0 0 1
"25" 25 0.0 0 0 3 0 0 0 0 0 0 0 0 0 0 0 0 0 497 0 0 0
"26" 26 0.0 11 0 1 0 2 0 0 0 0 25 2 4 0 0 0 0 1 1 0 453
"27" 27 0.00574712643678 0 0 0 0 0 0 275 0 0 0 0 0 0 0 0 0 225 0 0 0
"28" 28 0.0497512437811 296 0 2 10 0 0 35 0 28 1 27 0 0 88 0 0 0 1 0 12
"29" 29 0.512953367876 83 0 196 2 0 0 0 0 165 0 0 50 2 2 0 0 0 0 0 0
"30" 30 0.487179487179 0 0 105 0 0 0 0 0 0 89 2 0 0 0 0 34 0 0 270 0
"31" 31 0.294642857143 0 0 0 0 0 62 0 0 0 0 0 0 0 0 427 0 0 8 0 3
"32" 32 0.00961538461538 193 1 41 0 0 0 0 0 0 0 253 8 0 0 0 0 4 0 0 0
"33" 33 0.0155440414508 17 269 1 0 0 1 0 0 0 70 0 0 0 0 6 55 51 13 12 5
"34" 34 0.0 7 6 309 0 20 0 22 0 1 0 26 1 2 12 0 0 3 82 0 9
"35" 35 0.0 5 0 0 0 0 0 233 0 0 0 17 1 0 0 0 0 244 0 0 0
"36" 36 0.0167364016736 0 0 8 1 0 0 0 0 0 258 84 5 139 0 0 1 0 1 2 1
"37" 37 0.0 0 0 14 0 0 0 0 482 0 0 0 0 0 4 0 0 0 0 0 0
"38" 38 0.0 0 0 57 0 0 0 0 0 0 0 443 0 0 0 0 0 0 0 0 0
"39" 39 0.357142857143 0 1 1 0 60 12 0 0 10 0 0 0 0 13 0 1 0 402 0 0
"40" 40 0.261627906977 0 0 0 0 0 500 0 0 0 0 0 0 0 0 0 0 0 0 0 0
"41" 41 0.0 1 0 52 0 1 2 0 0 47 0 3 1 0 0 0 0 247 3 0 143
"42" 42 0.273255813953 0 0 33 0 34 0 0 0 433 0 0 0 0 0 0 0 0 0 0 0
"43" 43 0.281609195402 0 1 162 0 0 9 0 0 256 0 1 0 0 0 55 0 14 2 0 0
"44" 44 0.638392857143 0 294 0 0 0 162 0 0 0 0 0 0 0 1 0 0 0 43 0 0
"45" 45 0.161434977578 0 111 11 0 28 0 2 0 2 0 18 0 72 4 0 24 0 124 38 66
"46" 46 0.0045871559633 0 0 0 0 118 0 245 0 70 0 59 0 0 0 0 0 0 3 0 5
"47" 47 0.271317829457 0 0 0 0 0 481 0 0 0 0 1 0 0 0 9 0 0 9 0 0
"48" 48 0.0696517412935 0 2 0 4 6 132 2 0 9 0 28 0 0 34 6 9 0 241 0 27
"49" 49 0.00581395348837 0 6 0 1 53 5 0 0 0 0 7 0 43 372 0 5 0 8 0 0
"50" 50 0.263959390863 0 16 0 1 0 0 2 0 0 0 0 0 2 393 0 0 0 8 0 78
"51" 51 0.532846715328 0 0 0 0 0 461 4 0 0 0 0 0 0 2 3 0 30 0 0 0
"52" 52 0.22966507177 0 0 0 53 0 85 0 0 56 35 0 0 4 13 6 4 0 3 241 0
"53" 53 0.0769230769231 0 0 0 0 0 0 0 0 0 0 0 500 0 0 0 0 0 0 0 0
"54" 54 0.278145695364 0 0 312 0 0 188 0 0 0 0 0 0 0 0 0 0 0 0 0 0
"55" 55 0.163461538462 0 0 0 0 0 0 0 0 0 0 0 500 0 0 0 0 0 0 0 0
"56" 56 0.401015228426 0 0 0 0 0 141 2 0 0 0 0 0 0 0 0 0 0 357 0 0
"57" 57 0.0229885057471 1 0 2 0 0 0 471 0 24 0 0 0 0 0 0 0 2 0 0 0
"58" 58 0.0253164556962 112 0 0 0 0 23 0 0 0 0 0 2 0 0 357 0 0 6 0 0
"59" 59 0.00995024875622 0 0 0 0 0 0 0 0 0 0 0 0 0 500 0 0 0 0 0 0
"60" 60 0.0 34 0 0 5 0 0 9 0 0 0 153 0 0 0 0 0 299 0 0 0
"61" 61 0.010152284264 0 0 0 0 0 0 469 0 0 0 0 0 0 31 0 0 0 0 0 0
"62" 62 0.186046511628 0 0 33 0 0 0 0 0 466 0 0 0 0 0 1 0 0 0 0 0
"63" 63 0.303571428571 0 325 8 0 0 9 0 0 0 0 0 0 0 0 0 0 0 158 0 0
"64" 64 0.59067357513 0 8 17 0 0 465 0 0 0 0 0 0 0 0 0 0 0 10 0 0
"65" 65 0.14598540146 0 41 0 0 0 0 39 0 0 0 0 0 0 0 0 3 0 0 0 417
"66" 66 0.149635036496 0 0 0 0 0 0 0 0 0 0 4 0 0 0 496 0 0 0 0 0
"67" 67 0.476793248945 0 0 0 0 0 5 0 0 0 0 0 0 0 0 480 0 0 0 0 15
"68" 68 0.349775784753 0 0 0 0 497 0 0 0 0 0 0 0 0 0 3 0 0 0 0 0
"69" 69 0.00497512437811 0 0 0 9 0 0 0 0 0 0 0 0 0 491 0 0 0 0 0 0
"70" 70 0.569948186528 0 0 0 196 304 0 0 0 0 0 0 0 0 0 0 0 0 0 0 0
"71" 71 0.00497512437811 0 0 0 0 0 0 18 0 0 0 0 0 0 482 0 0 0 0 0 0
"72" 72 0.421383647799 0 0 17 0 0 261 0 164 0 0 0 0 0 0 0 0 0 42 0 16
"73" 73 0.229357798165 0 0 0 0 0 5 0 26 0 0 0 0 7 0 0 0 0 0 0 462
"74" 74 0.435779816514 0 0 0 0 0 480 0 0 0 0 8 0 0 4 8 0 0 0 0 0
"75" 75 0.655172413793 0 0 0 0 0 486 0 0 0 0 0 0 0 0 14 0 0 0 0 0
"76" 76 1.10714285714 0 500 0 0 0 0 0 0 0 0 0 0 0 0 0 0 0 0 0 0
"77" 77 0.471153846154 0 0 0 0 0 0 0 0 0 0 0 500 0 0 0 0 0 0 0 0
"78" 78 0.397489539749 3 0 4 0 0 2 1 0 0 0 0 0 0 258 0 0 3 229 0 0
"79" 79 0.0 0 0 1 0 0 0 0 0 478 0 0 18 0 3 0 0 0 0 0 0
"80" 80 0.224137931034 0 0 0 0 5 375 0 0 0 0 0 0 0 0 98 0 0 22 0 0
"81" 81 0.093023255814 0 0 69 0 0 1 0 0 404 0 0 0 0 1 11 0 0 14 0 0
"82" 82 0.0 0 0 0 0 0 0 449 0 1 0 0 0 0 0 0 0 50 0 0 0
"83" 83 0.09375 0 0 0 0 0 348 0 0 0 0 0 0 0 0 152 0 0 0 0 0
"84" 84 0.0232558139535 0 0 494 0 0 0 0 0 0 0 6 0 0 0 0 0 0 0 0 0
"85" 85 0.217054263566 0 0 0 0 0 0 0 0 0 0 500 0 0 0 0 0 0 0 0 0
"86" 86 0.732142857143 0 0 0 0 0 0 0 0 0 0 0 0 0 0 500 0 0 0 0 0
"87" 87 0.625 0 0 0 0 0 0 0 0 0 0 0 500 0 0 0 0 0 0 0 0
"88" 88 0.201149425287 0 0 0 0 0 0 0 0 172 0 0 0 0 0 0 0 328 0 0 0
"89" 89 0.691860465116 0 0 0 0 0 0 0 0 500 0 0 0 0 0 0 0 0 0 0 0
"90" 90 0.552325581395 0 8 182 0 0 293 0 0 0 0 0 0 0 0 0 0 0 17 0 0
"91" 91 0.0 0 0 0 0 0 0 0 0 0 0 0 500 0 0 0 0 0 0 0 0
"92" 92 0.316091954023 0 3 0 0 0 18 0 0 182 0 0 0 0 0 297 0 0 0 0 0
"93" 93 0.370860927152 0 0 499 0 0 0 0 1 0 0 0 0 0 0 0 0 0 0 0 0
"94" 94 0.147286821705 0 0 0 0 0 0 0 84 0 0 416 0 0 0 0 0 0 0 0 0
"95" 95 0.325581395349 0 158 2 0 0 49 0 0 0 0 0 0 0 0 0 0 0 291 0 0
"96" 96 0.0725388601036 0 500 0 0 0 0 0 0 0 0 0 0 0 0 0 0 0 0 0 0
"97" 97 0.0875912408759 1 0 0 0 2 29 229 0 0 0 0 1 0 228 8 0 0 0 0 2
"98" 98 0.00507614213198 0 0 0 0 0 0 0 0 0 0 4 0 0 7 482 0 7 0 0 0
"99" 99 0.255813953488 0 0 0 0 9 0 0 0 0 0 489 0 0 0 0 0 0 2 0 0
"100" 100 0.0 0 0 0 0 0 0 0 0 500 0 0 0 0 0 0 0 0 0 0 0
"101" 101 0.0114942528736 0 0 0 0 0 0 161 0 0 0 12 0 0 0 0 0 326 1 0 0
"102" 102 0.408759124088 0 0 0 0 0 3 0 0 0 0 0 0 0 13 2 0 0 344 0 138
"103" 103 0.201550387597 0 0 260 0 0 0 0 0 234 0 6 0 0 0 0 0 0 0 0 0
"104" 104 0.0077519379845 0 0 0 1 0 0 0 0 0 0 499 0 0 0 0 0 0 0 0 0
"105" 105 0.0507614213198 0 0 6 0 0 0 449 0 42 0 2 0 0 0 0 0 1 0 0 0
"106" 106 0.279069767442 0 0 500 0 0 0 0 0 0 0 0 0 0 0 0 0 0 0 0 0
"107" 107 0.715025906736 0 415 0 0 0 85 0 0 0 0 0 0 0 0 0 0 0 0 0 0
"108" 108 0.567307692308 0 0 0 0 0 0 0 0 0 0 0 500 0 0 0 0 0 0 0 0
"109" 109 0.031007751938 0 0 277 0 0 0 0 0 0 0 223 0 0 0 0 0 0 0 0 0
"110" 110 0.544303797468 0 0 0 0 0 470 0 0 0 0 0 0 0 0 0 0 0 30 0 0
"111" 111 0.314465408805 0 0 0 0 0 0 0 500 0 0 0 0 0 0 0 0 0 0 0 0
"112" 112 0.602649006623 0 0 0 0 0 470 0 0 0 0 0 0 0 0 30 0 0 0 0 0
"113" 113 0.326424870466 0 492 0 0 0 8 0 0 0 0 0 0 0 0 0 0 0 0 0 0
"114" 114 0.0149253731343 0 0 1 0 0 0 0 0 0 0 0 0 0 499 0 0 0 0 0 0
"115" 115 0.466666666667 0 25 0 0 0 0 0 0 0 0 0 0 0 350 0 0 0 125 0 0
"116" 116 0.306569343066 0 0 390 0 0 12 0 0 0 0 0 0 0 0 0 0 0 98 0 0
"117" 117 0.685534591195 0 0 16 0 0 0 0 2 0 0 0 161 0 0 0 0 0 320 0 1
"118" 118 0.115384615385 0 0 0 0 0 0 0 0 0 0 0 500 0 0 0 0 0 0 0 0
"119" 119 0.354066985646 0 5 0 0 0 0 0 0 0 13 0 0 0 0 3 0 0 2 477 0
"120" 120 0.0172413793103 0 0 0 0 0 0 41 0 0 0 0 0 0 77 0 0 382 0 0 0
"121" 121 0.192468619247 1 0 0 1 7 0 5 0 0 4 0 0 1 0 0 0 1 0 480 0
"122" 122 0.0062893081761 0 0 0 0 0 0 0 500 0 0 0 0 0 0 0 0 0 0 0 0
"123" 123 0.0597014925373 0 0 414 1 0 0 0 0 1 0 2 0 0 1 0 0 70 11 0 0
"124" 124 0.167883211679 484 0 4 0 0 0 0 0 0 0 1 0 0 0 0 0 1 7 0 3
"125" 125 0.0697674418605 0 0 464 0 0 0 0 0 0 0 12 24 0 0 0 0 0 0 0 0
"126" 126 0.385650224215 0 0 144 0 0 5 0 0 1 0 162 0 131 0 0 0 0 0 0 57
"127" 127 0.666666666667 0 0 0 0 0 297 0 203 0 0 0 0 0 0 0 0 0 0 0 0
"128" 128 0.413461538462 0 0 0 0 0 0 0 0 0 0 0 500 0 0 0 0 0 0 0 0
"129" 129 0.0480769230769 0 0 0 0 0 0 0 0 0 0 0 500 0 0 0 0 0 0 0 0
"130" 130 0.0344827586207 0 0 113 0 0 0 0 2 385 0 0 0 0 0 0 0 0 0 0 0
"131" 131 0.412935323383 0 5 10 0 0 0 0 0 2 0 0 0 0 480 0 0 0 0 0 3
"132" 132 0.46511627907 0 0 280 0 0 0 0 0 220 0 0 0 0 0 0 0 0 0 0 0
"133" 133 0.412408759124 0 0 0 0 0 57 0 0 0 0 0 0 0 0 442 0 0 1 0 0
"134" 134 0.394230769231 0 0 0 1 0 0 0 436 0 0 0 1 0 0 0 0 0 1 0 61
"135" 135 0.105769230769 0 0 49 0 0 0 0 0 432 0 0 13 5 0 1 0 0 0 0 0
"136" 136 0.0956937799043 0 2 10 0 0 0 0 0 347 43 13 1 6 0 0 0 70 4 4 0
"137" 137 0.0755813953488 0 1 232 0 0 0 0 0 183 0 75 6 0 0 0 0 1 2 0 0
"138" 138 0.0133928571429 47 418 0 0 0 0 0 0 0 0 21 0 0 0 0 0 0 14 0 0
"139" 139 0.0 0 0 0 0 0 0 0 0 1 0 499 0 0 0 0 0 0 0 0 0
"140" 140 0.0 0 0 0 0 1 0 0 0 259 0 225 15 0 0 0 0 0 0 0 0
"141" 141 0.0710659898477 0 0 0 0 0 0 17 0 1 0 312 2 0 0 0 0 142 19 0 7
"142" 142 0.0725388601036 0 498 0 0 0 0 0 0 0 0 1 0 0 0 0 0 0 1 0 0
"143" 143 0.00497512437811 0 0 0 0 0 0 0 0 0 0 0 0 0 500 0 0 0 0 0 0
"144" 144 0.0 0 1 0 0 0 0 0 0 0 0 485 0 0 0 0 0 0 14 0 0
"145" 145 0.436046511628 0 0 0 0 0 338 5 0 0 0 29 0 6 0 13 0 0 109 0 0
"146" 146 0.323383084577 0 0 0 10 0 0 0 0 0 0 1 0 0 349 0 139 0 1 0 0
"147" 147 0.0542635658915 0 0 24 0 0 0 0 0 0 0 476 0 0 0 0 0 0 0 0 0
"148" 148 0.644230769231 0 0 0 0 0 0 0 0 0 0 0 500 0 0 0 0 0 0 0 0
"149" 149 0.163179916318 0 0 0 0 0 0 0 0 0 472 0 4 24 0 0 0 0 0 0 0
"150" 150 0.253164556962 0 0 58 1 0 415 0 0 1 0 0 1 0 0 0 0 0 0 0 24
"151" 151 0.333333333333 0 8 0 0 6 29 0 28 0 0 16 1 0 0 125 0 0 15 0 272
"152" 152 0.0542635658915 1 0 59 0 0 0 0 0 0 0 435 0 0 0 0 0 5 0 0 0
"153" 153 0.0 0 0 5 0 0 0 0 0 0 0 235 260 0 0 0 0 0 0 0 0
"154" 154 0.00574712643678 3 0 139 0 0 0 8 0 8 0 12 0 0 0 0 0 330 0 0 0
"155" 155 0.0298507462687 2 0 0 0 3 0 17 0 476 2 0 0 0 0 0 0 0 0 0 0
"156" 156 0.0 474 26 0 0 0 0 0 0 0 0 0 0 0 0 0 0 0 0 0 0
"157" 157 0.183035714286 2 0 0 0 0 0 0 6 330 0 0 0 0 119 0 0 0 43 0 0
"158" 158 0.0398009950249 1 0 34 0 0 0 14 0 0 0 5 1 0 436 0 0 0 0 7 2
"159" 159 0.156976744186 0 0 0 0 0 0 0 0 0 0 0 0 0 0 0 0 0 0 0 500
"160" 160 0.179487179487 0 7 13 107 6 7 0 0 185 0 2 0 0 129 1 0 0 2 0 41
"161" 161 0.80310880829 0 84 0 0 0 290 0 112 0 0 0 0 0 0 14 0 0 0 0 0
"162" 162 0.611398963731 0 300 0 0 0 200 0 0 0 0 0 0 0 0 0 0 0 0 0 0
"163" 163 0.519230769231 0 0 0 0 0 0 0 0 0 0 0 500 0 0 0 0 0 0 0 0
"164" 164 0.267441860465 0 0 317 0 0 48 0 0 3 0 0 0 0 0 132 0 0 0 0 0
"165" 165 0.344036697248 0 0 41 0 0 2 62 28 2 0 31 0 0 325 0 0 0 0 3 6
"166" 166 0.0077519379845 0 0 36 0 0 1 0 0 0 0 456 7 0 0 0 0 0 0 0 0
"167" 167 0.452554744526 0 7 59 0 0 84 0 0 0 0 0 0 0 0 349 0 0 0 0 1
"168" 168 0.271317829457 0 0 1 0 0 1 0 0 0 0 0 0 0 0 474 0 0 1 0 23
"169" 169 0.477987421384 0 446 4 0 0 31 0 10 0 0 0 0 0 0 0 0 0 9 0 0
"170" 170 0.254464285714 0 172 0 0 48 7 0 0 0 0 1 0 2 0 0 0 0 239 0 31
"171" 171 0.0 0 0 2 0 0 0 0 0 0 0 296 202 0 0 0 0 0 0 0 0
"172" 172 0.0507614213198 1 0 19 9 0 0 28 0 1 1 7 0 28 0 0 9 397 0 0 0
"173" 173 0.526785714286 0 0 0 0 0 265 6 0 0 0 44 0 0 3 75 1 0 106 0 0
"174" 174 0.0753138075314 0 3 1 0 15 1 0 0 2 52 5 0 289 0 0 105 0 10 13 4
"175" 175 0.0 0 0 1 0 0 0 0 0 0 0 499 0 0 0 0 0 0 0 0 0
"176" 176 0.471794871795 0 12 0 0 0 125 0 0 0 0 0 0 0 3 38 76 0 232 0 14
"177" 177 0.548523206751 0 2 0 0 4 341 8 0 0 0 0 0 0 10 75 0 0 59 0 1
"178" 178 0.296650717703 0 0 0 1 33 323 0 0 1 6 0 0 0 0 0 15 0 90 24 7
"179" 179 0.569230769231 0 225 0 264 0 11 0 0 0 0 0 0 0 0 0 0 0 0 0 0
"180" 180 0.0366972477064 116 0 8 6 16 294 0 0 0 4 35 0 1 0 0 0 0 1 0 19
"181" 181 0.062015503876 0 0 0 0 0 0 0 0 0 0 500 0 0 0 0 0 0 0 0 0
"182" 182 0.00497512437811 25 0 0 0 1 0 0 0 0 184 1 0 13 0 0 26 25 1 224 0
"183" 183 0.00574712643678 0 0 0 0 0 0 0 0 1 0 1 0 0 0 0 0 498 0 0 0
"184" 184 0.116279069767 0 0 120 0 0 0 0 0 168 0 0 0 0 0 212 0 0 0 0 0
"185" 185 0.0253807106599 0 0 0 0 0 0 127 0 2 0 164 3 0 0 0 0 204 0 0 0
"186" 186 0.700892857143 0 1 0 0 2 292 0 0 0 0 0 0 0 0 64 0 0 141 0 0
"187" 187 0.0362694300518 0 213 5 0 0 0 0 0 0 0 281 0 0 0 0 0 0 1 0 0
"188" 188 0.00995024875622 0 0 0 0 0 0 499 0 0 0 0 0 0 0 0 0 1 0 0 0
"189" 189 0.183908045977 0 0 1 0 1 185 0 0 0 0 0 0 0 2 139 0 0 1 79 92
"190" 190 0.286821705426 0 0 0 0 3 174 0 0 0 0 0 0 0 16 190 0 0 76 0 41
"191" 191 0.0798479087452 0 0 0 0 0 0 0 0 0 0 0 0 0 0 0 20 0 0 480 0
"192" 192 0.251824817518 0 0 5 0 1 2 0 0 0 0 124 0 0 122 0 0 0 10 0 236
"193" 193 0.600896860987 0 0 0 0 0 126 0 0 0 0 0 0 0 195 11 0 0 101 0 67
"194" 194 0.503875968992 0 0 1 2 0 443 0 0 1 0 0 0 0 1 0 0 2 4 46 0
"195" 195 0.684210526316 0 0 0 0 0 2 0 0 0 15 0 0 5 0 0 0 13 0 465 0
