"site" "RSA" "aa1" "aa2" "aa3" "aa4" "aa5" "aa6" "aa7" "aa8" "aa9" "aa10" "aa11" "aa12" "aa13" "aa14" "aa15" "aa16" "aa17" "aa18" "aa19" "aa20"
"0" 0 0.324503311258 0 0 243 0 110 142 0 0 0 0 0 0 0 0 0 0 0 0 0 5
"1" 1 0.548076923077 0 0 0 0 0 0 0 0 0 0 0 500 0 0 0 0 0 0 0 0
"2" 2 0.569230769231 0 0 0 0 0 499 0 0 0 0 0 0 1 0 0 0 0 0 0 0
"3" 3 0.0 1 0 0 0 0 0 0 0 0 0 487 0 0 12 0 0 0 0 0 0
"4" 4 0.583941605839 0 0 0 0 0 471 0 0 0 0 0 0 0 0 0 0 0 29 0 0
"5" 5 0.451776649746 0 0 0 0 0 0 0 0 0 0 0 0 0 0 0 0 0 500 0 0
"6" 6 0.480769230769 0 0 0 0 0 0 0 0 0 0 0 500 0 0 0 0 0 0 0 0
"7" 7 0.459915611814 0 0 0 0 0 498 0 0 0 0 0 0 0 0 2 0 0 0 0 0
"8" 8 0.616352201258 0 0 0 0 0 0 0 468 0 0 0 0 0 0 0 0 0 32 0 0
"9" 9 0.062015503876 0 0 0 0 0 0 0 0 0 0 500 0 0 0 0 0 0 0 0 0
"10" 10 0.106918238994 0 0 0 0 0 0 0 500 0 0 0 0 0 0 0 0 0 0 0 0
"11" 11 0.476683937824 0 1 0 0 0 145 0 237 0 0 0 0 0 0 32 0 0 15 0 70
"12" 12 0.0502092050209 0 0 0 0 0 0 0 0 0 3 0 0 0 0 0 497 0 0 0 0
"13" 13 0.514767932489 0 0 0 0 0 469 0 0 0 0 1 0 0 0 19 0 0 0 0 11
"14" 14 0.0542635658915 3 0 32 0 0 0 0 0 7 0 452 6 0 0 0 0 0 0 0 0
"15" 15 0.220930232558 0 0 0 0 0 5 1 18 4 0 0 0 0 432 5 1 2 25 0 7
"16" 16 0.0 3 0 264 0 0 0 0 0 0 0 224 9 0 0 0 0 0 0 0 0
"17" 17 0.0172413793103 0 0 0 0 0 0 492 0 0 0 0 0 0 0 0 0 8 0 0 0
"18" 18 0.155172413793 0 0 7 0 6 6 0 0 2 0 0 0 0 79 47 0 343 5 5 0
"19" 19 0.704663212435 0 0 0 128 0 372 0 0 0 0 0 0 0 0 0 0 0 0 0 0
"20" 20 0.423076923077 0 0 0 0 0 0 0 0 0 0 0 500 0 0 0 0 0 0 0 0
"21" 21 0.426356589147 0 0 0 0 0 0 0 0 111 0 0 0 0 0 389 0 0 0 0 0
"22" 22 0.359832635983 1 0 3 0 8 393 1 0 0 12 9 0 0 39 16 0 11 7 0 0
"23" 23 0.535864978903 0 0 0 0 0 1 74 0 7 0 0 0 0 0 367 0 0 48 0 3
"24" 24 0.388392857143 0 3 6 0 0 0 0 0 13 0 0 0 0 1 0 470 7 0 0 0
"25" 25 0.0172413793103 8 0 2 0 0 0 224 0 263 0 0 0 0 0 0 0 0 3 0 0
"26" 26 0.329113924051 72 0 0 0 0 342 0 0 0 0 13 0 0 0 0 0 18 55 0 0
"27" 27 0.0845771144279 0 0 0 0 0 0 0 0 0 0 0 0 0 244 1 0 0 0 0 255
"28" 28 0.397350993377 0 101 1 9 0 108 0 0 0 0 60 0 0 0 52 0 0 156 0 13
"29" 29 0.471502590674 0 412 18 0 70 0 0 0 0 0 0 0 0 0 0 0 0 0 0 0
"30" 30 0.133079847909 0 0 0 0 0 0 0 0 0 495 0 0 0 0 0 0 0 0 5 0
"31" 31 0.603375527426 0 0 0 0 0 500 0 0 0 0 0 0 0 0 0 0 0 0 0 0
"32" 32 0.625 0 0 0 0 0 0 0 0 0 0 0 500 0 0 0 0 0 0 0 0
"33" 33 0.413502109705 0 0 0 0 0 143 0 0 0 0 0 0 0 41 2 0 0 0 313 1
"34" 34 0.041825095057 0 0 0 1 0 0 0 0 0 168 0 0 0 0 0 9 0 0 322 0
"35" 35 0.0114942528736 0 0 0 0 0 0 0 0 0 0 0 0 0 5 0 0 495 0 0 0
"36" 36 0.0 19 0 0 0 0 0 32 0 0 0 0 0 0 31 0 0 418 0 0 0
"37" 37 0.0 2 0 0 0 0 0 0 0 0 0 0 0 0 495 0 0 3 0 0 0
"38" 38 0.0 112 0 0 0 2 0 43 0 1 2 0 0 2 0 0 0 321 0 0 17
"39" 39 0.0 0 0 0 0 0 0 0 0 0 492 0 0 4 0 0 0 0 0 0 4
"40" 40 0.0304182509506 0 0 0 0 0 0 0 0 1 16 0 0 1 0 0 0 0 0 482 0
"41" 41 0.0503144654088 0 0 499 0 0 0 0 1 0 0 0 0 0 0 0 0 0 0 0 0
"42" 42 0.303482587065 0 0 16 0 0 346 0 0 0 0 0 0 0 3 1 0 0 128 0 6
"43" 43 0.0518134715026 1 130 294 6 0 0 0 2 59 0 0 0 0 6 0 0 1 1 0 0
"44" 44 0.430962343096 0 0 0 18 0 50 0 0 0 262 0 27 107 0 2 0 0 34 0 0
"45" 45 0.232558139535 0 0 0 0 0 0 0 0 489 0 0 0 0 0 11 0 0 0 0 0
"46" 46 0.715481171548 0 0 0 0 0 429 0 0 0 0 0 0 0 0 71 0 0 0 0 0
"47" 47 0.212643678161 0 77 0 0 0 0 0 0 1 0 0 0 0 422 0 0 0 0 0 0
"48" 48 0.100628930818 0 0 0 0 0 0 0 0 0 0 0 500 0 0 0 0 0 0 0 0
"49" 49 0.511627906977 0 123 0 0 0 368 0 0 0 0 0 0 0 0 0 0 0 9 0 0
"50" 50 0.0401785714286 0 0 0 0 3 0 6 0 0 0 0 0 3 14 0 0 0 474 0 0
"51" 51 0.010152284264 0 0 0 0 0 0 500 0 0 0 0 0 0 0 0 0 0 0 0 0
"52" 52 0.157360406091 0 0 0 0 2 0 365 0 0 0 0 0 0 0 133 0 0 0 0 0
"53" 53 0.294573643411 0 0 217 0 0 0 0 0 3 0 277 3 0 0 0 0 0 0 0 0
"54" 54 0.00418410041841 0 2 1 2 10 0 0 0 0 316 30 25 1 10 0 5 0 6 92 0
"55" 55 0.0 0 0 500 0 0 0 0 0 0 0 0 0 0 0 0 0 0 0 0 0
"56" 56 0.512820512821 0 0 0 0 0 148 0 0 0 0 0 0 0 0 0 0 0 352 0 0
"57" 57 0.277372262774 0 0 0 59 0 65 0 0 0 0 0 0 17 0 351 0 0 0 0 8
"58" 58 0.015503875969 0 0 22 0 0 0 0 0 7 27 425 0 1 0 0 3 0 4 11 0
"59" 59 0.495535714286 0 29 0 0 0 152 0 0 0 0 0 0 0 0 0 0 0 319 0 0
"60" 60 0.264248704663 0 19 0 0 0 0 0 0 0 0 0 0 0 0 0 0 0 481 0 0
"61" 61 0.0 0 0 0 0 0 0 0 0 0 452 47 0 0 0 0 0 0 0 1 0
"62" 62 0.255474452555 0 0 39 0 0 30 0 0 0 0 0 0 0 0 425 0 0 0 0 6
"63" 63 0.658227848101 0 0 0 0 0 500 0 0 0 0 0 0 0 0 0 0 0 0 0 0
"64" 64 0.268656716418 0 0 0 0 3 5 0 0 0 0 0 0 4 478 0 0 0 10 0 0
"65" 65 0.259615384615 0 0 0 0 0 0 0 0 0 0 0 500 0 0 0 0 0 0 0 0
"66" 66 0.0 494 0 0 0 0 0 0 0 0 0 6 0 0 0 0 0 0 0 0 0
"67" 67 0.133928571429 3 2 0 0 0 39 0 0 2 0 1 0 7 0 0 0 0 142 304 0
"68" 68 0.0114942528736 0 0 0 0 0 0 39 0 0 0 0 0 0 0 0 0 461 0 0 0
"69" 69 0.0 8 0 2 0 0 0 2 0 5 0 0 0 0 1 0 0 482 0 0 0
"70" 70 0.0 11 0 0 0 1 0 0 0 5 25 0 0 0 0 0 0 0 0 0 458
"71" 71 0.0 0 0 0 0 0 0 0 0 0 0 481 0 0 0 0 0 10 0 0 9
"72" 72 0.0 0 0 350 1 0 0 0 0 3 0 145 0 0 0 0 0 0 0 0 1
"73" 73 0.0229885057471 0 0 0 1 0 0 0 185 0 0 0 0 0 0 0 0 314 0 0 0
"74" 74 0.155440414508 0 448 34 0 0 8 0 0 3 0 3 0 0 0 0 0 0 1 0 3
"75" 75 0.205298013245 0 0 500 0 0 0 0 0 0 0 0 0 0 0 0 0 0 0 0 0
"76" 76 0.165919282511 0 0 39 0 0 0 0 0 0 0 404 0 0 0 0 44 0 6 7 0
"77" 77 0.560669456067 0 393 23 0 0 77 0 0 2 0 0 0 0 0 0 0 0 5 0 0
"78" 78 0.279069767442 0 0 0 1 1 0 0 0 0 0 1 0 1 0 399 0 0 65 0 32
"79" 79 0.0 0 0 2 11 0 0 458 0 0 0 3 0 24 2 0 0 0 0 0 0
"80" 80 0.203980099502 0 0 0 0 0 124 0 0 0 0 0 0 0 376 0 0 0 0 0 0
"81" 81 0.372093023256 0 0 0 0 0 433 0 0 0 0 0 0 0 0 5 0 0 49 0 13
"82" 82 0.00354609929078 0 0 0 0 1 0 0 0 0 0 17 0 1 331 85 0 0 56 0 9
"83" 83 0.0862944162437 0 0 0 0 0 0 116 0 0 0 355 0 14 0 0 0 13 1 0 1
"84" 84 0.610256410256 0 13 0 0 0 111 0 0 0 0 0 0 0 0 376 0 0 0 0 0
"85" 85 0.203488372093 0 0 0 0 0 0 0 0 100 0 0 0 0 152 182 0 0 0 0 66
"86" 86 0.421383647799 0 1 43 0 0 0 0 455 0 0 0 0 0 0 1 0 0 0 0 0
"87" 87 0.248175182482 0 0 0 0 0 0 0 0 0 0 0 0 0 0 500 0 0 0 0 0
"88" 88 0.675105485232 0 1 43 0 0 455 0 0 0 0 0 0 0 0 1 0 0 0 0 0
"89" 89 0.660714285714 0 1 0 0 0 499 0 0 0 0 0 0 0 0 0 0 0 0 0 0
"90" 90 0.346153846154 0 0 0 0 0 0 0 0 0 0 0 500 0 0 0 0 0 0 0 0
"91" 91 0.00961538461538 0 0 0 0 0 0 0 0 0 0 0 500 0 0 0 0 0 0 0 0
"92" 92 0.0 0 0 1 0 0 0 0 0 0 0 1 0 0 487 0 11 0 0 0 0
"93" 93 0.0384615384615 0 0 0 0 0 0 0 0 0 0 0 500 0 0 0 0 0 0 0 0
"94" 94 0.647798742138 0 0 0 0 0 0 0 471 0 0 0 0 0 0 0 0 0 29 0 0
"95" 95 0.0796019900498 0 0 495 0 0 0 0 0 0 0 0 0 0 5 0 0 0 0 0 0
"96" 96 0.446153846154 0 0 0 331 0 87 0 0 0 0 0 0 0 0 0 0 0 79 0 3
"97" 97 0.0304568527919 2 0 0 22 0 0 0 0 426 0 50 0 0 0 0 0 0 0 0 0
"98" 98 0.062893081761 0 16 0 4 2 0 4 464 1 0 7 0 0 0 0 0 0 2 0 0
"99" 99 0.0 0 3 0 1 0 0 128 0 0 0 0 0 0 365 1 0 1 0 0 1
"100" 100 0.0 0 0 32 0 0 0 5 0 0 0 448 10 0 4 0 0 1 0 0 0
"101" 101 0.077519379845 0 0 498 0 0 0 0 0 0 0 0 0 0 0 0 0 0 2 0 0
"102" 102 0.0103626943005 0 500 0 0 0 0 0 0 0 0 0 0 0 0 0 0 0 0 0 0
"103" 103 0.436781609195 0 0 0 0 0 0 0 0 0 0 0 0 0 0 0 0 0 0 0 500
"104" 104 0.656976744186 0 0 235 0 0 240 0 0 0 0 0 0 0 0 25 0 0 0 0 0
"105" 105 0.288321167883 0 0 0 0 0 0 0 0 0 0 0 500 0 0 0 0 0 0 0 0
"106" 106 0.598540145985 0 1 109 0 0 335 0 0 0 0 0 0 0 0 0 0 0 39 0 16
"107" 107 0.0348258706468 0 0 0 0 0 0 0 0 0 0 9 0 0 0 0 0 0 0 0 491
"108" 108 0.0 0 0 499 0 0 0 0 0 0 0 0 1 0 0 0 0 0 0 0 0
"109" 109 0.508928571429 0 0 0 0 0 483 0 0 0 0 0 0 0 0 14 0 0 3 0 0
"110" 110 0.124352331606 0 0 0 0 0 8 0 0 0 0 0 0 0 116 1 0 0 0 0 375
"111" 111 0.0 0 0 1 4 0 0 0 0 7 12 290 0 185 0 0 0 0 0 0 1
"112" 112 0.355769230769 0 0 0 0 0 0 0 0 0 0 0 500 0 0 0 0 0 0 0 0
"113" 113 0.0172413793103 285 0 60 0 0 0 0 0 12 0 0 0 0 0 0 0 143 0 0 0
"114" 114 0.164179104478 0 0 0 0 0 0 0 0 0 0 0 0 0 489 3 0 0 8 0 0
"115" 115 0.151898734177 0 390 2 10 0 8 3 0 0 0 0 0 0 0 0 0 15 15 0 57
"116" 116 0.71511627907 0 0 0 0 0 385 0 0 0 0 0 0 0 0 115 0 0 0 0 0
"117" 117 0.694300518135 0 112 0 0 0 373 0 0 0 0 0 0 0 0 12 0 0 3 0 0
"118" 118 0.482142857143 0 0 0 0 0 112 0 0 0 0 0 0 0 0 388 0 0 0 0 0
"119" 119 0.173076923077 0 0 0 0 0 0 0 0 0 0 0 500 0 0 0 0 0 0 0 0
"120" 120 0.0507614213198 0 0 0 0 0 28 26 0 1 0 0 0 0 8 134 0 294 6 3 0
"121" 121 0.0 0 0 72 1 0 0 0 0 0 0 427 0 0 0 0 0 0 0 0 0
"122" 122 0.254752851711 0 0 49 0 0 93 0 0 0 2 1 0 0 0 284 0 0 0 0 71
"123" 123 0.0474452554745 0 0 0 471 0 7 4 0 0 13 0 0 4 0 0 0 0 0 0 1
"124" 124 0.0 0 0 35 0 3 0 0 0 11 0 46 155 0 0 0 0 0 0 0 250
"125" 125 0.0199004975124 294 0 12 0 0 0 1 0 2 0 47 0 0 0 0 0 87 0 0 57
"126" 126 0.0 0 0 0 1 0 0 5 0 4 185 1 0 0 293 0 0 9 0 0 2
"127" 127 0.0 0 0 0 0 0 0 492 0 0 0 0 0 0 8 0 0 0 0 0 0
"128" 128 0.00507614213198 0 0 0 0 0 0 494 0 0 0 0 0 0 0 0 0 6 0 0 0
"129" 129 0.0673575129534 0 500 0 0 0 0 0 0 0 0 0 0 0 0 0 0 0 0 0 0
"130" 130 0.173076923077 0 0 0 0 0 0 0 0 0 0 0 500 0 0 0 0 0 0 0 0
"131" 131 0.721518987342 0 13 77 378 0 15 0 0 0 0 0 0 0 0 17 0 0 0 0 0
"132" 132 0.0961538461538 0 0 0 0 0 0 0 0 0 0 0 500 0 0 0 0 0 0 0 0
"133" 133 0.183908045977 0 0 0 0 0 0 18 0 0 0 0 0 0 0 0 0 39 0 405 38
"134" 134 0.0 8 0 0 0 0 0 0 0 0 0 12 0 0 480 0 0 0 0 0 0
"135" 135 0.204379562044 0 0 0 0 0 0 0 0 0 0 0 0 0 0 500 0 0 0 0 0
"136" 136 0.156950672646 377 0 0 0 0 0 0 0 0 0 0 0 0 4 41 0 35 0 42 1
"137" 137 0.258883248731 3 2 0 0 0 0 495 0 0 0 0 0 0 0 0 0 0 0 0 0
"138" 138 0.220930232558 0 494 0 0 0 0 0 0 0 0 0 0 0 0 1 0 0 0 0 5
"139" 139 0.385057471264 154 0 11 0 1 0 167 0 35 0 0 0 0 0 49 0 6 0 0 77
"140" 140 0.205128205128 0 0 0 0 494 4 0 0 0 1 0 0 0 0 0 0 0 0 1 0
"141" 141 0.507772020725 0 0 11 0 0 0 0 489 0 0 0 0 0 0 0 0 0 0 0 0
"142" 142 0.174129353234 0 2 0 0 0 10 0 0 0 0 0 0 0 33 59 0 0 393 0 3
"143" 143 0.591194968553 0 59 0 71 15 355 0 0 0 0 0 0 0 0 0 0 0 0 0 0
"144" 144 0.534482758621 0 0 0 0 0 0 11 0 0 0 0 0 0 0 60 0 429 0 0 0
"145" 145 0.278846153846 0 0 0 0 0 0 0 500 0 0 0 0 0 0 0 0 0 0 0 0
"146" 146 0.116788321168 0 0 137 0 0 0 13 0 346 0 0 3 0 0 0 0 1 0 0 0
"147" 147 0.384105960265 0 0 495 0 0 0 0 0 0 0 0 0 0 0 5 0 0 0 0 0
"148" 148 0.0747126436782 0 0 11 0 4 0 24 0 201 0 5 0 0 0 0 0 240 1 0 14
"149" 149 0.507772020725 0 356 0 0 0 130 0 0 0 0 0 0 0 0 0 0 0 14 0 0
"150" 150 0.357142857143 0 0 0 0 0 3 0 0 0 0 0 0 0 0 0 0 0 496 0 1
"151" 151 0.031007751938 0 0 86 4 1 0 1 0 12 0 358 5 0 13 4 1 4 10 0 1
"152" 152 0.0995024875622 0 23 0 0 0 1 0 0 0 5 1 0 0 462 1 4 0 0 1 2
"153" 153 0.160583941606 0 0 0 0 0 2 0 0 0 0 0 0 0 1 495 0 0 0 0 2
"154" 154 0.0995024875622 0 0 0 0 2 0 0 0 0 0 1 0 1 0 493 0 0 3 0 0
"155" 155 0.0 0 0 0 0 0 0 6 0 36 0 0 0 0 0 0 0 458 0 0 0
"156" 156 0.210762331839 0 0 0 0 2 417 0 0 0 0 1 0 0 2 68 0 1 5 0 4
"157" 157 0.077519379845 0 0 1 4 3 0 0 0 0 0 427 0 0 0 9 0 0 56 0 0
"158" 158 0.192468619247 0 0 0 0 4 0 26 0 0 380 44 9 0 33 0 0 3 0 1 0
"159" 159 0.116591928251 0 2 0 0 252 10 0 0 0 0 0 0 0 0 14 0 0 222 0 0
"160" 160 0.285171102662 0 0 1 0 1 0 0 0 0 120 3 0 1 1 0 2 0 1 370 0
"161" 161 0.18023255814 0 0 0 0 0 0 1 0 401 0 89 0 0 0 0 0 0 9 0 0
"162" 162 0.388601036269 0 3 0 1 0 13 0 0 0 0 139 0 0 1 310 0 0 32 0 1
"163" 163 0.625 0 0 0 10 0 418 11 0 0 0 0 0 0 0 58 0 0 3 0 0
"164" 164 0.468899521531 0 1 0 0 0 175 0 0 4 0 0 0 0 1 0 0 0 2 317 0
"165" 165 0.490384615385 0 0 0 0 0 0 0 0 0 0 0 500 0 0 0 0 0 0 0 0
"166" 166 0.191964285714 0 0 3 1 0 49 0 0 7 1 0 0 6 26 65 0 0 338 1 3
"167" 167 0.373563218391 0 0 0 0 0 0 0 0 0 0 0 0 0 0 500 0 0 0 0 0
"168" 168 0.23417721519 0 1 0 88 0 0 0 0 0 0 342 67 0 0 0 0 1 1 0 0
"169" 169 0.163522012579 0 0 0 0 0 0 0 0 0 0 460 0 9 0 0 0 0 0 30 1
"170" 170 0.821705426357 0 0 0 0 0 39 0 461 0 0 0 0 0 0 0 0 0 0 0 0
"171" 171 0.5 0 0 0 0 0 0 0 0 0 0 0 500 0 0 0 0 0 0 0 0
"172" 172 0.0248226950355 0 0 0 0 0 0 0 0 0 0 0 1 5 0 0 494 0 0 0 0
"173" 173 0.548523206751 0 0 0 0 0 1 0 0 5 0 0 0 0 0 15 476 1 2 0 0
"174" 174 0.465408805031 0 0 0 0 0 4 0 494 0 0 0 0 0 0 0 0 0 0 0 2
"175" 175 0.817307692308 0 0 0 0 0 0 0 0 0 0 0 500 0 0 0 0 0 0 0 0
"176" 176 0.344370860927 0 497 0 0 0 2 0 0 0 0 1 0 0 0 0 0 0 0 0 0
"177" 177 0.300518134715 0 477 11 3 0 0 0 0 0 0 0 0 0 0 0 0 0 7 0 2
"178" 178 0.127906976744 2 27 13 0 0 0 0 0 446 2 0 0 0 0 0 0 0 0 4 6
"179" 179 0.137055837563 0 0 0 0 0 0 496 0 0 0 0 0 0 0 2 0 0 0 0 2
"180" 180 0.308016877637 7 0 0 0 0 296 183 0 5 0 0 0 2 0 0 5 0 0 1 1
"181" 181 0.522012578616 0 0 0 0 0 0 0 500 0 0 0 0 0 0 0 0 0 0 0 0
"182" 182 0.384615384615 0 0 3 0 0 0 0 0 486 0 0 0 0 0 0 0 0 1 0 10
"183" 183 0.626436781609 0 414 0 0 0 28 0 0 0 0 0 0 8 0 0 0 0 50 0 0
"184" 184 0.668393782383 0 0 0 0 0 83 0 0 0 0 0 0 0 0 0 0 0 417 0 0
"185" 185 0.373056994819 0 0 1 2 0 190 0 0 0 0 35 0 0 1 0 0 0 271 0 0
"186" 186 0.0927152317881 0 0 493 0 0 7 0 0 0 0 0 0 0 0 0 0 0 0 0 0
"187" 187 0.510548523207 0 0 0 0 0 443 0 0 0 0 0 0 0 0 57 0 0 0 0 0
"188" 188 0.5 0 0 0 0 0 475 0 0 0 0 0 0 0 0 25 0 0 0 0 0
"189" 189 0.182509505703 0 0 0 0 0 0 0 0 1 39 0 0 0 0 0 0 0 0 460 0
"190" 190 0.401673640167 0 0 0 0 0 442 0 0 0 1 0 0 0 1 20 23 0 0 11 2
"191" 191 0.569536423841 0 0 0 0 0 500 0 0 0 0 0 0 0 0 0 0 0 0 0 0
"192" 192 0.607594936709 0 0 0 0 0 497 0 0 2 0 0 0 0 0 1 0 0 0 0 0
"193" 193 0.377990430622 0 0 0 0 0 2 0 0 0 0 0 0 487 0 0 0 0 0 11 0
"194" 194 0.907692307692 0 0 0 0 0 0 0 0 0 0 0 0 0 16 469 0 0 15 0 0
