"site" "RSA" "aa1" "aa2" "aa3" "aa4" "aa5" "aa6" "aa7" "aa8" "aa9" "aa10" "aa11" "aa12" "aa13" "aa14" "aa15" "aa16" "aa17" "aa18" "aa19" "aa20"
"0" 0 1.05960264901 0 0 6 2 0 0 0 15 2 0 3 0 0 0 0 0 0 0 0 0
"1" 1 0.732142857143 0 16 0 0 4 1 0 1 0 0 2 0 3 0 0 0 0 35 0 0
"2" 2 0.0722433460076 0 0 0 0 0 1 0 0 0 3 0 0 2 0 0 0 0 0 71 0
"3" 3 0.357512953368 0 79 0 0 0 1 0 0 0 0 0 0 2 0 0 0 0 0 0 0
"4" 4 0.06463878327 1 0 2 0 0 0 0 0 0 11 1 0 14 6 0 1 0 0 45 1
"5" 5 0.273631840796 0 0 0 0 1 0 2 0 2 2 0 0 0 72 0 0 2 0 0 1
"6" 6 0.00418410041841 0 0 0 0 0 0 10 0 0 68 0 0 0 0 0 0 0 0 2 2
"7" 7 0.160337552743 0 0 0 0 0 82 0 0 0 0 0 0 0 0 0 0 0 0 0 0
"8" 8 0.0 0 0 0 1 0 0 13 0 0 0 0 0 0 63 0 0 5 0 0 0
"9" 9 0.0 0 0 0 0 0 0 3 0 0 0 0 0 0 66 0 0 13 0 0 0
"10" 10 0.0 0 0 0 0 0 0 19 0 0 0 0 0 0 59 0 0 3 0 0 1
"11" 11 0.0 0 0 0 0 0 0 76 0 0 0 0 0 0 0 0 0 6 0 0 0
"12" 12 0.0 0 0 0 0 0 0 0 0 0 0 0 82 0 0 0 0 0 0 0 0
"13" 13 0.14358974359 0 70 0 10 0 0 0 0 0 0 0 0 0 0 0 0 0 2 0 0
"14" 14 0.377483443709 0 0 80 0 0 0 0 0 0 0 1 0 0 0 1 0 0 0 0 0
"15" 15 0.538461538462 0 0 4 1 0 0 0 0 0 0 4 73 0 0 0 0 0 0 0 0
"16" 16 0.0114942528736 0 0 0 0 0 0 0 0 2 0 0 0 0 0 0 0 80 0 0 0
"17" 17 0.153846153846 0 0 0 0 0 0 0 0 0 0 0 82 0 0 0 0 0 0 0 0
"18" 18 0.0253164556962 0 0 0 0 0 82 0 0 0 0 0 0 0 0 0 0 0 0 0 0
"19" 19 0.192052980132 0 0 64 0 0 0 0 0 18 0 0 0 0 0 0 0 0 0 0 0
"20" 20 0.0886075949367 53 0 23 6 1 0 0 0 0 0 0 0 0 0 0 0 0 0 0 0
"21" 21 0.0199004975124 1 0 0 0 0 0 5 0 0 2 0 0 0 64 0 0 8 0 0 3
"22" 22 0.0 0 0 0 0 0 0 4 0 0 0 0 0 0 78 0 0 1 0 0 0
"23" 23 0.109452736318 0 0 5 0 1 0 4 0 0 11 1 0 0 53 2 0 4 0 1 1
"24" 24 0.153284671533 0 0 0 0 0 0 0 0 0 0 0 0 0 0 83 0 0 0 0 0
"25" 25 0.0167364016736 0 0 0 0 0 0 0 0 0 77 0 0 0 0 0 0 0 0 6 0
"26" 26 0.185430463576 4 0 22 0 0 0 0 0 7 0 46 0 0 0 1 0 3 0 0 0
"27" 27 0.40414507772 0 60 1 1 0 1 0 0 0 0 0 0 0 0 5 0 0 16 0 0
"28" 28 0.59585492228 0 58 0 21 2 0 0 0 0 0 0 3 0 0 0 0 0 0 0 0
"29" 29 0.377906976744 0 0 21 3 2 2 3 0 30 0 13 0 0 0 1 0 2 5 0 2
"30" 30 0.281368821293 0 0 0 0 0 0 0 0 0 58 0 0 1 0 0 4 0 0 21 0
"31" 31 0.470930232558 0 1 20 22 0 0 2 0 33 0 2 0 0 0 1 0 2 1 0 0
"32" 32 0.589743589744 0 15 8 3 0 0 3 12 6 0 0 12 0 4 0 0 0 21 0 0
"33" 33 0.787564766839 1 1 46 9 1 0 0 0 16 0 2 0 0 0 1 0 0 6 0 1
"34" 34 0.220532319392 0 0 6 0 1 0 0 0 0 29 0 0 3 0 0 0 0 0 45 0
"35" 35 0.802030456853 0 0 0 0 2 6 65 0 0 0 0 1 0 7 0 0 1 0 1 1
"36" 36 0.377483443709 0 0 49 2 0 0 0 3 28 0 2 0 0 0 0 0 0 0 0 0
"37" 37 0.802325581395 0 0 0 0 0 0 0 0 84 0 0 0 0 0 0 0 0 0 0 0
"38" 38 0.675126903553 0 0 0 0 0 0 80 0 0 0 0 0 0 0 0 0 3 0 0 1
"39" 39 0.451923076923 0 0 0 0 0 0 0 0 0 0 0 84 0 0 0 0 0 0 0 0
"40" 40 0.0919540229885 0 0 0 0 0 0 28 0 0 0 0 0 0 0 0 0 56 0 0 0
"41" 41 0.523316062176 0 78 0 0 0 0 0 0 0 0 0 0 0 0 0 0 0 6 0 0
"42" 42 0.292887029289 0 0 0 0 0 0 0 0 0 84 0 0 0 0 0 0 0 0 0 0
"43" 43 0.270042194093 0 0 0 0 1 69 0 0 1 0 5 0 0 0 7 0 0 0 0 0
"44" 44 0.446700507614 0 0 1 0 0 0 61 0 7 7 0 0 0 0 0 0 6 0 0 1
"45" 45 0.227848101266 2 0 0 0 0 26 0 0 0 0 0 0 0 0 55 0 0 0 0 0
"46" 46 0.424418604651 0 0 4 3 0 3 0 0 72 0 0 0 0 0 0 0 0 1 0 0
"47" 47 0.0689655172414 0 0 0 0 0 0 39 0 1 5 0 0 0 9 0 0 27 0 0 2
"48" 48 0.53125 0 11 1 5 1 5 1 0 1 0 1 0 1 0 2 0 1 50 3 0
"49" 49 0.0199004975124 0 0 0 0 2 0 20 0 0 0 0 0 0 39 2 0 17 0 0 3
"50" 50 0.549222797927 0 53 0 7 3 2 0 0 0 0 0 4 0 0 1 0 0 12 1 0
"51" 51 0.692307692308 0 3 0 2 0 1 0 0 0 0 0 74 0 0 1 0 0 2 0 0
"52" 52 0.303797468354 0 0 0 1 1 67 0 0 1 0 0 0 1 0 3 0 0 9 0 0
"53" 53 0.174418604651 0 0 2 2 0 21 4 0 23 0 3 1 0 1 20 0 6 0 0 0
"54" 54 0.0 0 0 0 0 0 0 45 0 0 0 1 0 0 3 0 0 34 0 0 0
"55" 55 0.244725738397 0 0 0 0 0 83 0 0 0 0 0 0 0 0 0 0 0 0 0 0
"56" 56 0.0 0 0 0 0 0 0 0 0 1 0 6 0 0 74 0 0 0 0 0 2
"57" 57 0.22869955157 0 0 0 1 82 0 0 0 0 0 0 0 0 0 0 0 0 0 0 0
"58" 58 0.00507614213198 0 0 0 0 0 0 77 0 0 0 0 0 0 2 0 0 4 0 0 0
"59" 59 0.195035460993 0 0 0 0 0 0 0 0 0 0 0 0 0 0 0 84 0 0 0 0
"60" 60 0.0259067357513 0 84 0 0 0 0 0 0 0 0 0 0 0 0 0 0 0 0 0 0
"61" 61 0.0116279069767 0 0 2 0 0 0 0 0 82 0 0 0 0 0 0 0 0 0 0 0
"62" 62 0.519379844961 0 0 0 0 0 0 0 0 0 0 83 0 0 0 0 0 0 0 0 1
"63" 63 0.403846153846 0 0 0 0 0 0 0 0 0 0 0 84 0 0 0 0 0 0 0 0
"64" 64 0.255605381166 0 0 0 0 83 0 0 0 0 0 0 0 0 0 0 0 0 1 0 0
"65" 65 0.0625 0 2 0 0 0 0 0 0 0 0 0 0 0 0 0 0 0 82 0 0
"66" 66 0.642335766423 0 0 0 0 0 0 0 0 0 0 0 0 0 0 84 0 0 0 0 0
"67" 67 0.602510460251 0 0 0 0 0 0 0 0 0 77 0 0 0 0 0 0 0 0 7 0
"68" 68 0.481751824818 0 0 0 0 0 5 0 0 0 0 0 0 6 0 73 0 0 0 0 0
"69" 69 0.5 0 0 1 2 1 0 0 0 73 0 7 0 0 0 0 0 0 0 0 0
"70" 70 0.106598984772 0 0 0 1 0 0 79 0 0 0 0 0 0 3 0 0 1 0 0 0
"71" 71 0.377906976744 0 0 0 1 0 0 0 0 80 0 0 0 0 1 0 0 2 0 0 0
"72" 72 0.324503311258 2 0 44 5 2 1 0 1 26 0 3 0 0 0 0 0 0 0 0 0
"73" 73 0.456953642384 0 0 35 1 0 0 1 0 12 0 35 0 0 0 0 0 0 0 0 0
"74" 74 0.06463878327 0 0 0 0 0 0 0 0 0 1 0 0 0 0 0 0 0 0 83 0
"75" 75 0.0114068441065 0 0 0 0 0 0 0 0 0 1 0 0 0 0 0 0 0 0 83 0
"76" 76 0.613138686131 0 0 0 0 0 7 0 0 0 0 0 0 0 0 77 0 0 0 0 0
"77" 77 0.528846153846 0 0 2 2 0 0 0 0 0 0 0 80 0 0 0 0 0 0 0 0
"78" 78 0.0331125827815 1 0 4 0 0 0 0 0 10 0 68 0 0 0 0 0 1 0 0 0
"79" 79 0.239234449761 0 7 0 3 4 0 0 0 0 0 0 1 38 0 0 0 6 0 0 25
"80" 80 0.0 0 0 0 0 0 0 0 0 0 0 2 82 0 0 0 0 0 0 0 0
"81" 81 0.0 0 0 0 0 0 0 61 0 0 1 7 0 0 0 0 0 15 0 0 0
"82" 82 0.0152284263959 1 0 0 0 0 0 47 0 0 0 0 0 0 14 0 0 9 0 0 13
"83" 83 0.0 1 0 0 0 0 0 17 0 0 0 0 0 0 44 0 0 20 0 0 2
"84" 84 0.00574712643678 0 0 0 0 0 0 2 0 2 0 1 0 0 1 0 0 77 0 0 1
"85" 85 0.0 0 0 0 0 0 0 0 0 0 5 0 0 0 0 0 0 0 0 79 0
"86" 86 0.0621761658031 0 83 1 0 0 0 0 0 0 0 0 0 0 0 0 0 0 0 0 0
"87" 87 0.00574712643678 2 0 0 0 0 0 31 0 4 0 0 0 0 0 0 0 47 0 0 0
"88" 88 0.209302325581 2 0 3 2 1 0 0 0 75 0 1 0 0 0 0 0 0 0 0 0
"89" 89 0.378238341969 1 39 9 21 2 5 0 0 0 0 0 0 0 1 3 0 1 2 0 0
"90" 90 0.381165919283 0 1 2 1 14 6 1 1 2 0 4 6 5 4 10 0 0 23 0 4
"91" 91 0.477678571429 0 8 5 0 6 18 2 0 1 0 3 1 0 3 5 0 1 31 0 0
"92" 92 0.0132450331126 0 0 72 0 0 0 0 0 12 0 0 0 0 0 0 0 0 0 0 0
"93" 93 0.0627615062762 0 0 0 0 0 0 0 0 0 80 0 0 0 1 0 0 0 0 3 0
"94" 94 0.394871794872 0 13 1 24 0 4 0 0 3 0 9 1 0 1 4 0 4 20 0 0
"95" 95 0.00961538461538 0 5 3 63 1 1 0 0 0 0 2 1 7 0 0 0 0 1 0 0
"96" 96 0.0 0 0 0 0 0 0 32 0 0 0 1 0 0 6 0 0 45 0 0 0
"97" 97 0.565400843882 0 5 2 3 4 39 0 2 2 0 5 0 2 0 11 0 1 8 0 0
"98" 98 0.155963302752 0 4 4 16 17 6 1 0 8 2 0 2 1 0 16 0 1 2 2 2
"99" 99 0.0141843971631 0 0 0 0 0 0 0 0 0 0 0 0 0 0 0 84 0 0 0 0
"100" 100 0.0796019900498 0 0 1 0 0 0 15 0 0 3 0 0 2 50 0 0 2 0 1 10
"101" 101 0.506726457399 0 1 8 5 14 12 0 0 3 0 6 2 9 0 15 0 0 6 1 2
"102" 102 0.200892857143 0 4 2 19 3 1 0 0 2 0 0 0 0 0 0 0 0 53 0 0
"103" 103 0.0203045685279 0 0 0 0 0 0 57 0 0 0 1 0 0 7 0 0 19 0 0 0
"104" 104 0.709844559585 0 32 3 5 2 4 0 0 1 0 0 1 1 0 7 0 0 27 1 0
"105" 105 0.653284671533 0 5 4 1 19 12 0 0 2 0 1 2 1 0 22 0 0 14 0 1
"106" 106 0.285171102662 0 0 0 16 1 0 1 0 1 3 0 0 29 2 0 0 0 0 31 0
"107" 107 0.116279069767 11 0 1 0 0 0 0 0 5 0 67 0 0 0 0 0 0 0 0 0
"108" 108 0.459302325581 8 14 28 9 0 0 0 2 7 0 4 3 0 0 1 1 0 6 0 1
"109" 109 0.788079470199 0 16 7 1 2 7 0 4 0 0 9 0 1 0 0 0 7 29 0 0
"110" 110 0.523255813953 0 15 8 33 1 0 0 0 1 0 0 13 2 0 0 0 1 2 0 0
"111" 111 0.109195402299 0 0 1 0 0 0 9 0 3 0 4 0 0 0 0 0 67 0 0 0
"112" 112 0.129353233831 8 0 8 28 3 2 1 1 2 1 1 0 2 1 0 0 11 13 0 0
"113" 113 0.198312236287 0 0 0 0 1 46 5 0 1 0 0 0 0 5 20 0 5 0 0 1
"114" 114 0.0 0 0 0 0 0 0 21 0 0 2 0 0 0 39 0 0 4 0 0 18
"115" 115 0.0 0 0 0 0 0 0 10 0 0 0 0 0 0 73 0 0 0 0 0 1
"116" 116 0.00574712643678 0 0 0 0 0 0 15 0 0 0 0 0 0 14 0 0 55 0 0 0
"117" 117 0.0 0 0 0 0 0 0 0 0 0 0 1 83 0 0 0 0 0 0 0 0
"118" 118 0.025641025641 0 0 0 83 0 0 0 0 1 0 0 0 0 0 0 0 0 0 0 0
"119" 119 0.244725738397 0 0 0 0 0 84 0 0 0 0 0 0 0 0 0 0 0 0 0 0
"120" 120 0.0759493670886 42 1 14 10 0 0 3 0 2 0 8 0 0 2 0 0 1 0 0 0
"121" 121 0.20725388601 0 82 1 0 0 0 0 0 0 0 0 0 0 0 0 0 0 1 0 0
"122" 122 0.363184079602 2 6 0 0 1 0 3 0 1 0 4 1 0 41 1 5 3 2 0 14
"123" 123 0.632911392405 0 2 3 5 0 2 2 9 19 0 5 1 0 1 5 0 7 19 1 1
"124" 124 0.875647668394 0 25 15 5 1 0 0 1 5 0 8 1 5 0 0 0 0 18 0 0
"125" 125 0.637130801688 1 4 4 3 8 39 0 0 1 1 1 0 0 6 10 0 0 5 0 0
"126" 126 0.255474452555 0 0 0 0 0 26 0 0 0 0 0 0 0 0 57 0 1 0 0 0
"127" 127 0.431034482759 1 1 2 1 13 2 1 0 2 0 16 0 0 2 0 0 37 4 0 2
"128" 128 0.0172413793103 0 0 0 0 0 0 2 0 0 0 1 0 0 0 0 0 81 0 0 0
"129" 129 0.526785714286 0 16 18 0 2 3 2 6 18 0 1 3 1 6 0 0 0 8 0 0
"130" 130 0.372623574144 0 0 5 1 4 8 3 2 31 6 2 0 0 1 3 0 1 3 14 0
"131" 131 0.549222797927 0 9 7 3 6 1 0 0 5 0 4 0 1 0 0 0 0 48 0 0
"132" 132 0.48275862069 0 12 1 0 14 5 0 0 14 0 2 0 0 0 11 0 4 18 1 2
"133" 133 0.0 0 0 1 0 0 0 1 0 0 0 45 35 0 0 0 0 2 0 0 0
"134" 134 0.303797468354 0 1 1 1 21 30 0 0 1 1 0 0 0 2 7 0 0 16 0 3
"135" 135 0.584821428571 0 2 9 1 8 10 0 0 2 1 17 1 2 0 8 0 0 23 0 0
"136" 136 0.213389121339 0 0 0 0 0 2 3 0 0 34 0 0 0 33 0 1 1 0 9 1
"137" 137 0.0 1 0 8 0 0 0 0 0 1 0 73 1 0 0 0 0 0 0 0 0
"138" 138 0.492227979275 0 34 3 6 4 6 2 0 0 0 2 3 2 1 5 0 2 13 0 1
"139" 139 0.635658914729 1 3 11 1 18 4 1 0 2 0 1 1 1 2 5 0 1 32 0 0
"140" 140 0.246153846154 1 1 0 3 2 2 7 0 0 7 0 0 8 25 2 0 2 4 11 9
"141" 141 0.789029535865 0 6 2 12 3 3 1 0 0 0 0 51 2 1 1 0 0 2 0 0
"142" 142 0.0321100917431 0 0 0 0 0 0 56 0 2 2 1 0 0 8 0 0 7 0 0 8
"143" 143 0.327044025157 1 5 6 1 6 15 0 28 1 2 3 0 0 1 11 0 1 2 1 0
"144" 144 0.0627615062762 0 0 0 0 0 0 0 0 1 65 1 0 1 13 0 0 0 0 3 0
"145" 145 0.174129353234 0 0 1 0 0 0 19 0 0 14 0 0 0 25 1 0 3 0 7 14
"146" 146 0.116071428571 0 1 0 0 0 0 0 0 0 0 0 0 0 0 0 0 0 83 0 0
"147" 147 0.0 1 0 2 0 0 0 2 0 70 0 6 0 0 0 0 0 3 0 0 0
"148" 148 0.0 0 0 84 0 0 0 0 0 0 0 0 0 0 0 0 0 0 0 0 0
"149" 149 0.015503875969 0 0 1 0 0 0 0 0 0 0 83 0 0 0 0 0 0 0 0 0
"150" 150 0.333333333333 0 0 0 0 0 73 0 0 0 0 0 0 0 10 0 0 0 0 0 0
"151" 151 0.347150259067 0 23 14 17 0 0 0 0 10 0 6 2 0 0 0 0 1 9 1 0
"152" 152 0.41059602649 0 4 27 27 0 0 0 0 0 0 20 5 0 0 0 0 0 0 0 0
"153" 153 0.308139534884 0 3 7 3 0 4 19 0 24 1 3 0 3 7 1 0 5 2 1 0
"154" 154 0.307692307692 1 0 0 74 3 1 0 0 0 0 0 3 1 0 0 0 0 0 0 0
"155" 155 0.0172413793103 0 0 0 0 0 0 9 0 0 0 0 0 0 0 0 0 74 0 0 0
"156" 156 0.397321428571 0 10 2 1 1 2 0 0 1 0 0 0 0 0 1 0 0 65 0 0
"157" 157 0.430051813472 0 10 1 3 22 7 0 1 2 0 2 0 0 0 1 0 0 33 1 0
"158" 158 0.031007751938 5 0 4 0 0 0 2 0 1 0 54 1 0 0 1 0 3 0 0 12
"159" 159 0.0125523012552 0 0 0 0 0 0 1 0 0 81 0 0 0 0 0 0 0 0 1 0
"160" 160 0.26368159204 1 0 2 3 1 2 11 0 7 7 0 0 3 18 3 0 4 2 3 15
"161" 161 0.261627906977 1 1 15 3 6 0 2 0 28 0 11 2 2 1 2 0 2 5 0 1
"162" 162 0.0 0 0 0 0 0 1 20 0 0 1 0 0 0 29 0 0 5 0 0 26
"163" 163 0.0 1 0 5 1 0 0 0 0 13 0 56 0 0 6 0 0 0 0 0 0
"164" 164 0.317518248175 0 0 7 3 2 17 0 0 8 0 9 2 1 1 24 0 0 6 0 0
"165" 165 0.134529147982 0 17 3 3 10 2 0 1 1 0 6 0 0 7 4 0 0 24 0 2
"166" 166 0.0 1 1 0 0 0 0 48 0 0 1 0 0 0 11 0 0 16 0 0 2
"167" 167 0.177215189873 0 0 0 0 3 38 2 0 1 0 0 1 1 8 2 0 0 1 5 1
"168" 168 0.651785714286 0 5 5 8 3 13 0 0 3 1 9 0 0 0 6 0 0 10 0 0
"169" 169 0.490066225166 0 1 3 0 1 20 4 0 1 1 2 0 1 1 26 0 1 0 0 0
"170" 170 0.160550458716 0 0 0 0 2 5 8 0 1 0 1 1 0 9 0 0 13 0 0 22
"171" 171 0.417218543046 0 3 5 0 5 17 1 1 0 1 8 8 1 0 8 0 1 1 0 0
"172" 172 0.547085201794 0 1 12 6 5 9 1 6 3 0 4 0 2 0 1 0 1 3 1 0
"173" 173 0.690582959641 0 1 5 2 16 13 0 2 2 0 2 2 1 2 2 0 1 4 1 0
"174" 174 0.323076923077 0 1 4 2 6 8 2 7 2 0 7 1 0 8 1 0 2 6 0 0
"175" 175 0.0845771144279 0 5 5 7 6 1 1 2 8 0 4 2 0 1 0 0 2 11 0 1
"176" 176 0.364102564103 0 4 8 7 4 1 0 5 3 0 9 3 0 1 0 0 0 5 0 2
"177" 177 0.441964285714 0 0 6 10 3 8 0 5 7 0 5 3 0 1 1 0 0 3 0 0
"178" 178 0.0523255813953 0 1 1 4 1 5 1 8 4 0 6 5 0 1 3 0 3 5 0 0
"179" 179 0.0523255813953 0 2 7 2 5 3 2 2 5 0 2 6 0 3 7 0 0 0 0 0
"180" 180 0.27802690583 0 3 1 3 6 3 1 8 1 0 5 6 0 1 1 0 3 4 0 0
"181" 181 0.654008438819 0 1 7 3 2 5 0 2 5 0 4 2 2 1 3 0 2 2 0 0
"182" 182 0.443037974684 0 6 4 3 7 3 3 4 1 0 2 2 2 0 1 0 2 0 0 0
"183" 183 0.504464285714 0 3 2 7 3 3 0 0 3 0 4 3 1 2 2 0 3 1 0 0
"184" 184 0.694300518135 1 2 2 7 5 3 3 0 1 0 0 5 0 2 1 0 3 0 0 0
"185" 185 0.459915611814 0 0 2 8 0 5 3 2 1 0 1 4 0 0 0 0 2 2 1 2
"186" 186 0.586538461538 0 2 2 3 0 4 4 1 2 0 0 2 1 4 1 0 3 0 0 1
"187" 187 0.692307692308 0 2 1 6 1 3 0 0 2 0 1 3 0 1 1 0 4 1 0 0
"188" 188 0.701149425287 0 1 1 2 5 0 2 0 2 0 0 1 1 2 1 0 4 0 0 0
"189" 189 0.579487179487 0 0 0 3 2 3 0 1 1 0 0 1 0 2 0 0 1 0 0 0
"190" 190 0.786069651741 0 0 0 0 0 1 0 0 0 0 1 1 0 3 1 0 2 2 0 0
"191" 191 0.835443037975 0 0 1 1 3 1 0 0 0 0 0 0 0 0 2 0 0 0 0 0
"192" 192 0.423076923077 0 1 0 0 2 0 0 0 0 0 0 2 0 1 0 0 0 0 0 0
"193" 193 1.05381165919 0 0 0 0 2 2 0 0 0 0 0 0 0 0 0 0 0 0 0 0
