"site" "RSA" "aa1" "aa2" "aa3" "aa4" "aa5" "aa6" "aa7" "aa8" "aa9" "aa10" "aa11" "aa12" "aa13" "aa14" "aa15" "aa16" "aa17" "aa18" "aa19" "aa20"
"0" 0 0.652849740933 0 49 0 0 0 0 0 0 0 0 0 0 0 0 353 0 0 86 0 12
"1" 1 0.28102189781 0 144 0 0 1 1 0 0 0 0 20 3 0 0 207 0 0 122 0 2
"2" 2 0.450892857143 0 9 0 0 0 300 0 0 0 0 0 0 0 0 55 0 0 136 0 0
"3" 3 0.487046632124 0 0 0 0 0 380 0 0 0 0 0 0 0 0 57 0 0 63 0 0
"4" 4 0.0348258706468 0 0 0 0 0 0 0 0 0 0 0 0 1 94 0 403 0 0 2 0
"5" 5 0.051724137931 0 21 0 135 0 0 0 0 1 5 5 0 0 186 135 0 0 12 0 0
"6" 6 0.562737642586 0 2 0 0 1 132 114 0 0 0 0 0 0 0 115 0 0 136 0 0
"7" 7 0.385650224215 0 0 0 0 1 162 0 0 0 0 0 0 0 100 50 0 0 97 0 90
"8" 8 0.0 0 0 0 0 0 0 0 0 0 0 500 0 0 0 0 0 0 0 0 0
"9" 9 0.316455696203 0 103 0 0 1 163 6 0 0 0 0 0 3 37 25 0 0 161 0 1
"10" 10 0.44776119403 0 0 0 0 0 280 0 0 0 0 0 0 0 0 200 0 0 20 0 0
"11" 11 0.062015503876 0 0 0 0 0 0 0 0 0 0 351 0 0 0 0 0 0 0 149 0
"12" 12 0.258928571429 0 0 0 0 0 50 0 0 0 0 11 0 0 2 203 0 0 232 0 2
"13" 13 0.690582959641 0 0 0 0 0 374 0 0 0 0 0 0 0 0 126 0 0 0 0 0
"14" 14 0.503875968992 0 1 0 0 0 423 0 0 0 0 0 0 0 0 5 0 0 71 0 0
"15" 15 0.620535714286 0 0 0 472 0 0 0 0 0 0 0 0 28 0 0 0 0 0 0 0
"16" 16 0.507299270073 0 11 0 1 3 173 0 0 0 0 0 0 0 263 3 0 0 46 0 0
"17" 17 0.201520912548 1 0 26 0 0 0 0 0 0 2 274 0 1 0 0 11 0 113 72 0
"18" 18 0.487046632124 0 57 0 0 0 382 0 0 6 0 0 0 0 0 20 0 0 34 0 1
"19" 19 0.308035714286 0 0 11 0 0 87 0 0 0 0 0 0 0 0 6 0 0 362 0 34
"20" 20 0.0 0 0 268 0 1 67 0 0 0 0 163 0 0 0 0 0 0 1 0 0
"21" 21 0.0632183908046 0 0 3 0 0 0 6 0 0 3 73 0 3 2 9 79 312 0 9 1
"22" 22 0.495535714286 0 0 0 0 0 387 0 0 0 0 0 0 0 1 15 0 0 36 0 61
"23" 23 0.0662251655629 0 0 0 0 1 0 0 0 0 45 151 0 0 0 0 0 0 1 302 0
"24" 24 0.0 0 0 0 0 0 0 0 0 0 0 0 0 0 0 0 0 0 0 0 500
"25" 25 0.286919831224 0 1 4 12 0 301 0 0 0 1 52 0 0 3 36 23 0 0 11 56
"26" 26 0.527426160338 0 0 0 1 2 189 0 0 0 0 0 0 0 42 13 62 0 1 0 190
"27" 27 0.0 0 0 4 0 0 0 255 0 0 0 206 0 0 0 0 0 23 0 0 12
"28" 28 0.015503875969 0 17 12 68 0 0 0 0 0 0 402 1 0 0 0 0 0 0 0 0
"29" 29 0.326923076923 0 0 0 0 0 0 0 0 0 0 470 0 0 0 0 27 0 3 0 0
"30" 30 0.311926605505 0 0 0 0 0 85 0 0 0 0 0 0 0 305 0 0 0 4 0 106
"31" 31 0.461139896373 0 0 0 438 0 0 0 0 0 0 0 62 0 0 0 0 0 0 0 0
"32" 32 0.327586206897 0 0 0 0 0 0 0 0 332 0 0 0 0 0 168 0 0 0 0 0
"33" 33 0.254464285714 0 0 3 0 34 0 0 0 0 0 3 0 2 456 0 0 0 2 0 0
"34" 34 0.0348258706468 1 0 0 0 5 0 0 0 0 0 79 0 0 217 0 0 0 12 0 186
"35" 35 0.372093023256 0 0 491 0 0 0 0 0 0 0 0 0 0 0 9 0 0 0 0 0
"36" 36 0.459770114943 0 3 0 0 85 1 0 0 0 0 0 0 1 0 392 0 0 18 0 0
"37" 37 0.4375 0 1 0 0 0 154 0 0 3 0 0 0 3 25 2 0 0 311 0 1
"38" 38 0.0401785714286 0 0 0 0 122 0 0 0 0 0 3 0 0 0 0 0 0 375 0 0
"39" 39 0.029197080292 0 1 0 0 272 0 217 0 1 0 3 0 0 0 0 0 0 5 0 1
"40" 40 0.384615384615 0 0 0 0 16 16 0 0 0 0 0 0 0 0 9 7 0 406 0 46
"41" 41 0.0696517412935 0 0 0 0 0 0 0 0 0 0 1 0 0 108 100 1 0 0 0 290
"42" 42 0.0 0 0 85 0 0 0 0 0 2 14 0 0 0 379 3 16 0 0 1 0
"43" 43 0.211920529801 0 0 1 0 0 5 2 0 0 0 3 0 1 0 158 191 0 120 4 15
"44" 44 0.252873563218 0 0 0 0 7 107 0 0 0 0 0 0 0 0 276 3 0 104 0 3
"45" 45 0.0 0 0 268 0 0 0 0 0 0 0 232 0 0 0 0 0 0 0 0 0
"46" 46 0.00380228136882 0 2 98 0 0 0 0 0 0 160 14 2 0 1 0 92 2 1 99 29
"47" 47 0.350210970464 0 0 0 0 0 109 0 0 0 0 22 0 0 0 57 2 0 110 200 0
"48" 48 0.302564102564 0 377 1 10 0 0 0 0 0 0 2 0 56 0 15 0 0 2 16 21
"49" 49 0.0689655172414 0 1 3 0 2 77 0 0 0 1 43 6 1 310 0 5 5 28 18 0
"50" 50 0.00507614213198 0 0 380 0 0 0 0 0 108 0 6 0 0 2 0 0 2 0 0 2
"51" 51 0.221153846154 0 0 0 0 0 38 0 0 0 0 0 4 0 3 447 1 0 6 1 0
"52" 52 0.418604651163 0 0 3 0 3 71 0 0 0 0 152 0 1 0 210 6 0 51 3 0
"53" 53 0.211678832117 0 0 7 2 23 0 0 0 0 20 9 0 109 16 0 28 0 205 80 1
"54" 54 0.138686131387 0 0 0 0 0 0 5 0 0 0 0 0 0 100 383 0 0 6 0 6
"55" 55 0.294573643411 0 2 0 0 0 12 0 0 0 0 0 0 0 29 10 0 0 447 0 0
"56" 56 0.35761589404 0 3 0 21 1 53 1 0 0 0 143 0 0 146 73 7 0 52 0 0
"57" 57 0.177304964539 0 0 0 0 0 0 0 0 0 0 0 0 111 0 0 389 0 0 0 0
"58" 58 0.412408759124 0 0 0 0 1 73 0 0 0 0 0 0 0 0 318 0 0 92 0 16
"59" 59 0.543147208122 0 0 0 0 0 397 1 0 0 0 0 0 0 8 55 0 0 39 0 0
"60" 60 0.0710659898477 0 1 0 0 4 0 295 0 4 1 29 0 0 0 0 6 93 1 66 0
"61" 61 0.165562913907 0 0 0 0 0 285 0 0 0 0 0 0 0 196 0 1 0 18 0 0
"62" 62 0.503311258278 0 0 0 0 1 315 0 0 0 0 0 0 0 0 123 0 0 61 0 0
"63" 63 0.375634517766 0 0 0 0 1 344 16 0 0 0 0 0 0 42 38 0 0 46 0 13
"64" 64 0.0714285714286 0 0 3 0 6 4 122 0 0 1 9 0 38 9 13 11 0 237 41 6
"65" 65 0.591928251121 0 0 0 0 0 83 0 0 0 0 0 0 0 0 202 0 0 184 0 31
"66" 66 0.472573839662 0 0 0 0 15 174 4 0 0 0 0 0 0 0 73 0 0 217 13 4
"67" 67 0.0401785714286 0 1 4 6 0 4 0 0 0 9 319 0 6 0 0 0 0 3 148 0
"68" 68 0.446428571429 0 0 0 0 0 195 0 0 0 0 0 0 0 0 275 0 0 16 0 14
"69" 69 0.671794871795 0 0 0 0 0 355 0 0 0 0 0 0 0 0 143 0 0 2 0 0
"70" 70 0.518987341772 0 15 0 0 13 131 0 0 0 0 0 0 0 157 110 0 0 69 0 5
"71" 71 0.567307692308 0 0 0 0 0 0 0 0 0 0 0 500 0 0 0 0 0 0 0 0
"72" 72 0.144230769231 0 5 0 8 106 30 0 0 0 0 1 2 0 160 35 0 0 11 0 142
"73" 73 0.272321428571 0 0 0 0 0 500 0 0 0 0 0 0 0 0 0 0 0 0 0 0
"74" 74 0.642487046632 0 0 0 0 0 330 0 0 0 0 0 0 0 0 111 0 0 59 0 0
"75" 75 0.476793248945 0 3 0 6 2 221 0 0 0 0 1 5 0 24 9 0 0 150 0 79
"76" 76 0.0646766169154 0 0 0 0 0 1 1 0 0 0 0 0 0 480 0 0 0 0 0 18
"77" 77 0.590717299578 0 0 0 0 0 391 0 0 0 0 0 0 0 0 109 0 0 0 0 0
"78" 78 0.587155963303 0 82 0 0 0 221 0 0 0 0 0 0 0 0 132 0 0 63 0 2
"79" 79 0.116751269036 0 6 3 0 0 0 72 0 143 0 10 0 0 253 0 0 13 0 0 0
"80" 80 0.346715328467 0 16 0 1 1 312 0 0 0 0 11 0 16 15 38 0 0 86 0 4
"81" 81 0.620535714286 0 0 0 0 0 426 2 0 0 0 1 0 0 18 15 0 0 38 0 0
"82" 82 0.505703422053 0 15 0 0 9 113 0 0 0 0 26 0 1 89 63 3 0 181 0 0
"83" 83 0.127737226277 0 0 0 0 3 2 53 0 0 0 9 0 0 5 373 0 0 3 0 52
"84" 84 0.452914798206 0 1 0 0 0 464 0 0 0 0 0 0 0 10 25 0 0 0 0 0
"85" 85 0.495412844037 0 0 0 0 0 294 3 0 0 0 0 0 0 0 162 0 0 41 0 0
"86" 86 0.0574712643678 0 0 6 0 0 0 327 0 7 0 2 0 9 0 0 0 144 5 0 0
"87" 87 0.147321428571 0 0 0 0 0 1 0 0 0 0 0 0 0 0 111 0 0 388 0 0
"88" 88 0.517441860465 0 0 0 0 0 327 0 0 0 0 0 0 0 0 47 0 0 126 0 0
"89" 89 0.34375 0 0 1 2 0 49 0 0 0 0 0 0 0 2 173 0 0 108 0 165
"90" 90 0.0149253731343 0 0 0 0 0 0 0 0 0 0 0 0 0 500 0 0 0 0 0 0
"91" 91 0.130801687764 0 0 1 0 0 247 0 0 0 0 28 0 0 49 135 0 0 40 0 0
"92" 92 0.582089552239 0 0 0 0 0 262 0 0 0 0 0 0 0 2 216 0 0 20 0 0
"93" 93 0.111675126904 0 1 0 0 1 7 280 0 19 15 40 4 0 40 0 0 87 2 3 1
"94" 94 0.0 0 9 113 2 0 0 0 0 0 0 376 0 0 0 0 0 0 0 0 0
"95" 95 0.462025316456 0 0 0 0 1 53 0 0 0 0 0 0 0 3 0 0 0 143 0 300
"96" 96 0.269430051813 0 40 9 0 0 20 0 0 59 0 2 0 0 39 20 31 0 273 2 5
"97" 97 0.0 0 97 1 1 0 0 0 0 7 0 3 0 0 387 2 0 0 0 1 1
"98" 98 0.089552238806 0 0 0 0 2 1 109 0 0 0 1 0 0 387 0 0 0 0 0 0
"99" 99 0.440414507772 0 1 0 0 0 419 0 0 0 0 0 0 0 21 55 0 0 2 0 2
"100" 100 0.0632183908046 0 0 0 0 0 0 244 0 26 0 10 0 0 16 0 0 4 3 0 197
"101" 101 0.0 0 0 0 0 0 0 0 0 0 0 0 0 0 500 0 0 0 0 0 0
"102" 102 0.445595854922 0 19 0 0 0 370 0 0 0 0 0 0 0 6 12 0 0 93 0 0
"103" 103 0.548523206751 0 0 0 0 0 455 1 0 0 0 0 0 0 1 26 0 0 7 0 10
"104" 104 0.253588516746 0 0 0 0 0 0 0 0 0 1 0 0 0 0 4 0 0 0 495 0
"105" 105 0.0248756218905 0 0 0 0 0 0 15 0 0 0 0 0 0 484 0 0 0 0 0 1
"106" 106 0.137055837563 0 0 0 0 0 0 44 0 0 0 0 0 0 456 0 0 0 0 0 0
"107" 107 0.559748427673 0 0 0 0 0 0 0 500 0 0 0 0 0 0 0 0 0 0 0 0
"108" 108 0.201550387597 0 0 0 0 0 0 0 0 0 0 500 0 0 0 0 0 0 0 0 0
"109" 109 0.108527131783 0 0 278 0 0 0 0 0 0 0 222 0 0 0 0 0 0 0 0 0
"110" 110 0.738461538462 0 0 0 0 0 0 0 0 0 0 0 0 0 0 500 0 0 0 0 0
"111" 111 0.383720930233 0 0 0 0 0 0 0 0 467 0 0 0 0 0 33 0 0 0 0 0
"112" 112 0.0865384615385 0 0 0 0 0 0 0 0 0 0 1 499 0 0 0 0 0 0 0 0
"113" 113 0.3125 0 0 0 0 0 0 0 0 0 0 0 0 0 0 0 0 0 500 0 0
"114" 114 0.00662251655629 0 0 475 0 0 0 0 0 1 0 17 1 0 3 0 0 0 3 0 0
"115" 115 0.168776371308 0 0 33 0 0 210 17 0 229 0 0 0 0 0 0 0 0 11 0 0
"116" 116 0.0 0 0 1 0 0 0 0 0 0 0 0 0 0 0 0 0 499 0 0 0
"117" 117 0.0753138075314 0 28 4 14 0 0 0 0 0 194 183 0 5 0 5 14 0 53 0 0
"118" 118 0.0114068441065 0 0 0 0 0 0 0 0 0 474 15 0 0 0 0 0 0 0 11 0
"119" 119 0.243346007605 0 1 0 0 0 0 0 0 0 0 0 0 1 0 0 53 0 0 445 0
"120" 120 0.130801687764 0 0 0 0 17 13 0 0 0 0 1 0 0 0 172 1 0 10 0 286
"121" 121 0.0183486238532 0 0 3 0 8 0 0 0 0 2 2 0 1 1 0 0 0 0 0 483
"122" 122 0.168776371308 0 0 256 0 0 111 0 0 0 0 15 0 0 110 0 0 0 7 0 1
"123" 123 0.0 0 0 0 0 0 0 0 0 0 0 3 497 0 0 0 0 0 0 0 0
"124" 124 0.0362694300518 0 42 0 8 246 2 10 0 0 0 20 0 1 6 2 1 0 154 1 7
"125" 125 0.0228136882129 0 2 0 0 0 0 0 0 0 10 1 0 13 0 0 0 0 474 0 0
"126" 126 0.11961722488 0 1 0 0 0 0 0 0 0 11 0 0 0 0 0 60 0 5 423 0
"127" 127 0.036496350365 0 0 20 0 0 0 0 0 19 0 69 0 0 0 0 0 0 392 0 0
"128" 128 0.0836501901141 0 0 0 1 2 484 7 0 0 0 2 0 0 0 0 1 1 2 0 0
"129" 129 0.154228855721 0 0 14 1 0 5 64 0 0 0 0 0 0 401 0 0 0 0 0 15
"130" 130 0.0 0 0 0 0 0 0 0 0 0 0 500 0 0 0 0 0 0 0 0 0
"131" 131 0.147321428571 0 0 0 0 5 94 0 0 0 0 0 0 0 17 0 0 0 383 0 1
"132" 132 0.121338912134 2 0 0 0 0 0 0 0 0 421 0 0 0 0 0 76 0 0 1 0
"133" 133 0.116279069767 0 1 8 0 0 0 0 0 0 1 482 7 0 0 0 0 0 0 1 0
"134" 134 0.610465116279 0 0 0 0 0 0 0 0 285 0 0 0 0 0 215 0 0 0 0 0
"135" 135 0.596153846154 0 0 0 0 0 0 0 0 0 0 0 500 0 0 0 0 0 0 0 0
"136" 136 0.584615384615 0 3 0 0 0 98 0 0 0 0 0 0 0 0 0 0 0 399 0 0
"137" 137 0.569948186528 0 142 0 0 5 306 0 0 0 0 0 0 0 0 7 0 0 38 0 2
"138" 138 0.295620437956 0 0 0 0 0 466 0 0 0 0 0 0 0 0 34 0 0 0 0 0
"139" 139 0.616033755274 0 0 0 0 0 419 0 0 0 0 0 0 0 0 76 0 0 5 0 0
"140" 140 0.174107142857 0 24 0 0 1 329 0 0 0 0 0 0 0 0 38 0 0 108 0 0
"141" 141 0.062015503876 0 7 15 0 0 0 0 0 0 1 471 0 0 0 0 0 0 0 6 0
"142" 142 0.0852713178295 0 0 0 0 0 0 0 0 0 0 496 0 0 0 4 0 0 0 0 0
"143" 143 0.223214285714 0 0 0 0 0 309 0 0 0 0 0 0 0 0 113 0 0 75 0 3
"144" 144 0.415384615385 0 0 1 0 0 7 0 0 0 0 0 0 0 0 9 0 0 26 0 457
"145" 145 0.0 0 0 0 0 0 0 0 0 0 0 500 0 0 0 0 0 0 0 0 0
"146" 146 0.194029850746 0 0 0 0 6 58 0 0 0 1 1 0 0 276 114 6 0 30 8 0
"147" 147 0.563218390805 0 25 0 0 0 197 0 0 0 0 0 0 0 3 69 0 0 205 0 1
"148" 148 0.0077519379845 0 0 257 0 0 0 0 0 0 0 240 1 0 0 0 0 0 1 1 0
"149" 149 0.0 0 0 0 0 0 0 0 0 0 57 3 0 0 0 0 0 0 0 440 0
"150" 150 0.502109704641 0 57 0 0 0 23 0 0 0 0 0 0 0 5 140 0 0 275 0 0
"151" 151 0.248062015504 0 0 1 0 0 163 0 0 0 0 0 0 0 31 172 0 0 4 0 129
"152" 152 0.0 0 0 0 0 0 0 0 0 0 0 500 0 0 0 0 0 0 0 0 0
"153" 153 0.172185430464 0 0 3 0 4 19 0 0 50 0 60 0 5 8 212 2 0 137 0 0
"154" 154 0.564766839378 0 11 0 0 0 151 11 0 0 0 0 0 0 0 214 0 0 113 0 0
"155" 155 0.126903553299 0 20 2 0 0 1 205 0 7 0 0 0 0 0 0 0 0 12 0 253
"156" 156 0.0077519379845 0 0 1 0 0 0 0 0 0 0 475 24 0 0 0 0 0 0 0 0
"157" 157 0.596330275229 0 19 0 2 0 14 0 0 0 0 0 0 0 0 129 0 0 334 0 2
"158" 158 0.598837209302 0 0 0 0 0 500 0 0 0 0 0 0 0 0 0 0 0 0 0 0
"159" 159 0.491071428571 0 0 1 0 0 498 0 0 0 0 0 1 0 0 0 0 0 0 0 0
"160" 160 0.0646766169154 0 0 0 0 0 0 0 0 0 0 0 0 0 500 0 0 0 0 0 0
"161" 161 0.289308176101 0 0 0 0 0 0 0 500 0 0 0 0 0 0 0 0 0 0 0 0
"162" 162 0.0503144654088 0 0 0 0 0 0 0 498 0 0 2 0 0 0 0 0 0 0 0 0
"163" 163 0.00581395348837 0 0 10 0 0 0 0 0 489 0 1 0 0 0 0 0 0 0 0 0
"164" 164 0.114832535885 0 0 0 0 0 0 0 0 0 0 0 0 500 0 0 0 0 0 0 0
"165" 165 0.163522012579 0 0 10 0 0 0 0 82 0 0 2 0 9 0 0 283 0 2 112 0
"166" 166 0.10152284264 0 1 29 0 0 0 353 0 16 0 0 0 0 76 0 0 0 24 1 0
"167" 167 0.156934306569 0 0 0 0 0 475 0 0 0 1 0 0 1 0 0 0 0 0 23 0
"168" 168 0.00497512437811 0 0 0 0 0 0 0 0 0 0 0 0 0 500 0 0 0 0 0 0
"169" 169 0.0769230769231 0 4 22 0 0 101 0 0 0 0 315 0 0 12 0 0 0 46 0 0
"170" 170 0.0149253731343 0 0 0 0 0 0 0 0 0 0 0 0 0 500 0 0 0 0 0 0
"171" 171 0.0697674418605 0 0 336 0 0 0 32 0 0 1 128 0 0 0 0 0 0 0 2 1
"172" 172 0.0696517412935 0 0 1 0 0 1 0 0 0 0 0 0 0 9 381 0 0 1 0 107
"173" 173 0.148717948718 0 333 0 43 18 22 0 0 0 0 2 0 0 21 17 1 0 20 1 22
"174" 174 0.0418410041841 0 0 0 0 102 247 0 0 0 6 122 0 17 0 0 3 0 2 1 0
"175" 175 0.0 0 0 0 0 0 0 0 0 0 0 500 0 0 0 0 0 0 0 0 0
"176" 176 0.120689655172 0 0 0 0 0 0 1 0 0 0 1 0 0 0 474 0 0 6 0 18
"177" 177 0.0 0 0 0 0 0 0 0 0 0 499 0 0 0 0 0 0 0 0 0 1
"178" 178 0.117870722433 0 2 0 2 4 0 0 0 0 57 0 0 6 0 0 264 0 4 161 0
"179" 179 0.342205323194 0 0 0 0 0 0 0 0 0 0 0 0 5 0 13 0 0 2 480 0
"180" 180 0.46875 0 17 0 0 0 53 0 0 0 0 0 0 0 15 2 0 0 6 407 0
"181" 181 0.0761421319797 0 0 0 0 0 0 500 0 0 0 0 0 0 0 0 0 0 0 0 0
"182" 182 0.233830845771 0 0 1 0 2 0 0 0 0 1 5 0 0 107 2 0 0 2 0 380
"183" 183 0.692307692308 0 0 0 134 0 34 0 0 0 0 0 0 332 0 0 0 0 0 0 0
"184" 184 0.12582781457 0 150 1 7 0 51 0 0 0 0 0 0 0 0 291 0 0 0 0 0
"185" 185 0.396226415094 0 0 0 0 0 0 0 500 0 0 0 0 0 0 0 0 0 0 0 0
"186" 186 0.414507772021 0 0 0 0 0 26 0 0 0 0 0 0 0 0 410 0 0 63 0 1
"187" 187 0.434306569343 0 133 6 2 14 40 0 0 0 0 0 0 0 2 0 0 0 300 0 3
"188" 188 0.0 0 0 0 0 0 0 0 0 0 0 500 0 0 0 0 0 0 0 0 0
"189" 189 0.158227848101 0 0 10 0 0 0 51 0 0 0 10 0 0 0 267 0 0 5 0 157
"190" 190 0.222627737226 0 0 0 0 0 213 0 0 0 0 0 0 0 0 268 0 0 19 0 0
"191" 191 0.238805970149 0 0 0 0 1 2 0 0 0 0 0 0 0 12 0 0 0 485 0 0
"192" 192 0.0 0 0 0 0 0 0 0 0 0 0 500 0 0 0 0 0 0 0 0 0
"193" 193 0.430379746835 0 5 1 0 1 186 0 0 0 0 19 0 0 40 58 0 0 190 0 0
"194" 194 0.341085271318 0 0 0 0 0 4 0 0 0 0 2 0 0 0 484 0 0 10 0 0
"195" 195 0.108527131783 0 0 0 0 0 0 0 0 0 0 467 33 0 0 0 0 0 0 0 0
"196" 196 0.146443514644 0 1 24 0 0 0 0 0 0 2 3 0 0 128 94 0 0 7 191 50
"197" 197 0.341968911917 0 150 0 0 0 27 0 0 0 0 0 0 0 41 185 0 0 86 0 11
"198" 198 0.383419689119 0 193 0 0 0 10 0 0 0 0 0 0 0 2 1 0 0 139 0 155
"199" 199 0.0 0 0 18 0 0 0 0 0 0 0 480 0 2 0 0 0 0 0 0 0
"200" 200 0.41116751269 0 106 0 4 0 61 0 0 0 0 0 0 0 75 5 0 0 5 0 244
"201" 201 0.612403100775 0 0 0 0 0 488 0 0 0 0 0 0 0 0 12 0 0 0 0 0
"202" 202 0.392857142857 0 0 0 0 0 0 0 0 0 0 0 0 66 0 0 0 0 0 434 0
"203" 203 0.378109452736 0 0 8 0 0 0 0 0 0 0 0 0 0 351 139 2 0 0 0 0
"204" 204 0.751295336788 0 0 0 0 0 434 0 0 0 0 0 0 0 0 0 66 0 0 0 0
"205" 205 0.238372093023 0 0 10 0 0 0 0 0 326 0 0 0 0 0 0 2 0 0 0 162
"206" 206 0.283582089552 0 0 0 0 0 23 0 0 0 0 0 0 0 2 473 0 0 2 0 0
"207" 207 0.238410596026 0 0 0 0 490 0 0 0 0 0 0 2 3 0 2 0 0 3 0 0
"208" 208 0.665178571429 0 0 0 0 0 0 0 500 0 0 0 0 0 0 0 0 0 0 0 0
"209" 209 0.709821428571 0 0 13 0 0 384 0 0 1 0 0 0 0 0 102 0 0 0 0 0
"210" 210 0.105960264901 11 4 0 6 3 0 0 0 0 58 0 0 35 0 280 2 0 7 94 0
"211" 211 0.486692015209 0 0 0 0 0 78 0 0 0 0 340 0 0 0 0 0 0 0 82 0
"212" 212 0.341772151899 0 0 0 0 0 210 0 0 0 0 0 0 0 0 82 0 0 208 0 0
"213" 213 0.455958549223 0 0 1 1 0 66 0 0 0 0 0 0 0 334 5 0 0 93 0 0
"214" 214 0.00662251655629 0 0 440 0 0 0 0 0 0 0 60 0 0 0 0 0 0 0 0 0
"215" 215 0.488372093023 0 28 0 0 0 82 0 0 0 0 0 0 1 1 205 0 0 183 0 0
"216" 216 0.502487562189 0 0 0 0 1 306 0 0 0 0 0 0 0 0 188 0 0 5 0 0
"217" 217 0.131979695431 0 0 0 0 0 0 499 0 1 0 0 0 0 0 0 0 0 0 0 0
"218" 218 0.0779816513761 0 8 0 6 0 0 1 0 0 0 0 0 0 0 170 0 0 0 0 315
"219" 219 0.412556053812 0 4 0 0 0 49 0 0 0 0 0 0 0 1 114 0 0 327 0 5
"220" 220 0.298507462687 0 1 0 0 1 14 0 0 0 0 0 0 0 20 3 0 0 459 0 2
"221" 221 0.0 0 0 0 0 0 0 0 0 0 0 0 0 0 500 0 0 0 0 0 0
"222" 222 0.521897810219 0 16 0 0 0 56 0 0 0 0 2 0 0 27 314 0 0 82 0 3
"223" 223 0.378238341969 0 0 0 0 0 182 0 0 0 0 0 0 0 0 293 0 0 24 0 1
"224" 224 0.2 0 2 0 0 0 1 0 0 0 0 0 0 468 10 0 1 0 5 12 1
"225" 225 0.124378109453 0 0 7 0 0 1 28 0 0 0 0 0 0 440 16 0 0 6 0 2
"226" 226 0.546511627907 0 0 0 0 0 390 0 0 0 0 0 0 0 0 27 0 0 83 0 0
"227" 227 0.676616915423 0 0 0 0 0 323 0 0 0 0 0 0 0 4 26 0 0 7 0 140
"228" 228 0.120567375887 0 9 0 2 2 0 0 0 2 0 0 0 0 0 0 485 0 0 0 0
"229" 229 0.767441860465 0 1 0 0 0 302 0 0 0 0 0 157 0 10 16 0 0 1 0 13
