"site" "RSA" "aa1" "aa2" "aa3" "aa4" "aa5" "aa6" "aa7" "aa8" "aa9" "aa10" "aa11" "aa12" "aa13" "aa14" "aa15" "aa16" "aa17" "aa18" "aa19" "aa20"
"0" 0 0.766423357664 0 0 0 20 8 45 0 0 0 0 0 0 0 0 9 0 0 0 0 0
"1" 1 0.426395939086 1 0 0 0 0 0 13 0 1 12 0 0 0 28 0 0 70 0 0 0
"2" 2 0.197674418605 1 0 2 2 10 4 8 0 44 7 0 0 21 0 1 0 16 4 8 3
"3" 3 0.497512437811 0 0 0 0 1 0 29 0 1 0 0 0 0 10 0 0 91 14 0 0
"4" 4 0.155172413793 3 0 2 0 0 0 52 0 2 9 2 0 0 24 0 0 53 0 0 15
"5" 5 0.663212435233 0 85 9 24 2 14 0 0 7 0 1 2 1 0 10 0 0 9 0 0
"6" 6 0.387559808612 0 0 0 0 0 0 0 0 0 0 0 0 166 0 0 0 0 0 0 0
"7" 7 0.584905660377 0 0 0 0 0 0 0 165 0 0 1 0 0 0 0 0 0 0 0 0
"8" 8 0.422885572139 1 0 0 0 0 0 0 0 0 1 0 0 0 161 0 0 2 0 0 1
"9" 9 0.0172413793103 0 0 0 0 0 0 87 0 0 0 0 0 0 5 0 0 74 0 0 0
"10" 10 0.511210762332 0 1 1 1 98 29 1 0 5 0 4 0 0 6 16 0 0 3 0 1
"11" 11 0.516746411483 0 4 0 0 0 0 0 0 0 0 1 0 160 0 0 0 0 0 1 0
"12" 12 0.160337552743 0 0 0 0 0 166 0 0 0 0 0 0 0 0 0 0 0 0 0 0
"13" 13 0.0547263681592 0 0 0 0 0 0 23 0 0 0 1 0 0 130 0 0 7 0 0 5
"14" 14 0.449612403101 0 0 41 1 0 0 0 0 75 0 10 37 1 0 1 0 0 0 0 0
"15" 15 0.377990430622 0 0 1 1 4 3 43 0 1 7 0 0 6 76 8 0 3 0 7 6
"16" 16 0.0 0 0 0 0 0 0 31 0 0 0 1 0 0 56 0 0 4 0 0 74
"17" 17 0.251824817518 0 0 0 0 0 0 0 0 0 0 0 0 0 0 166 0 0 0 0 0
"18" 18 0.233160621762 0 64 8 16 11 17 1 0 0 0 6 0 2 0 20 0 0 18 0 3
"19" 19 0.801687763713 0 1 2 2 1 88 2 0 1 0 19 6 6 0 8 0 13 16 0 1
"20" 20 0.740875912409 0 41 7 48 3 3 0 0 8 0 5 9 4 1 7 0 0 30 0 0
"21" 21 0.116279069767 7 0 2 0 1 0 27 0 110 0 4 0 0 6 2 0 6 0 0 1
"22" 22 0.336538461538 0 3 72 4 1 2 0 3 5 0 1 69 1 0 0 0 1 4 0 0
"23" 23 0.339622641509 0 0 31 1 0 1 0 17 108 0 2 1 0 0 0 0 5 0 0 0
"24" 24 0.518987341772 0 2 6 11 2 111 0 1 2 1 12 2 0 0 9 0 2 1 2 2
"25" 25 0.455958549223 0 33 20 7 9 14 1 0 8 0 1 8 1 0 5 0 8 51 0 0
"26" 26 0.0209205020921 0 0 0 0 0 0 0 0 0 165 0 0 0 0 0 0 1 0 0 0
"27" 27 0.288321167883 0 0 0 0 0 4 0 0 0 0 0 0 0 0 162 0 0 0 0 0
"28" 28 0.303571428571 0 7 2 0 22 2 0 0 6 0 15 0 0 0 18 0 0 91 0 3
"29" 29 0.10447761194 3 0 0 10 0 0 9 0 3 0 1 0 0 133 0 0 6 0 0 1
"30" 30 0.0232558139535 1 0 4 0 0 0 9 0 13 0 28 0 0 45 0 0 60 0 0 6
"31" 31 0.178571428571 0 16 21 24 13 13 0 0 5 1 9 8 2 0 34 0 1 19 0 0
"32" 32 0.357142857143 0 0 0 0 0 0 0 0 0 0 0 0 0 0 0 0 0 166 0 0
"33" 33 0.0574712643678 0 0 0 0 0 0 105 0 3 0 0 0 0 19 0 0 38 0 0 1
"34" 34 0.232558139535 1 0 51 0 0 0 0 0 17 0 69 27 0 0 0 0 1 0 0 0
"35" 35 0.308457711443 0 0 1 0 0 0 6 0 0 0 0 0 0 87 1 0 0 0 0 72
"36" 36 0.31007751938 22 0 1 0 0 0 1 0 37 1 72 18 0 5 0 0 8 0 1 1
"37" 37 0.619771863118 0 0 0 0 0 0 0 0 0 6 0 0 0 0 0 0 0 0 161 0
"38" 38 0.316964285714 0 0 0 0 1 0 0 0 0 0 0 0 0 0 0 0 1 165 0 0
"39" 39 0.139534883721 1 0 9 0 0 0 2 0 65 0 83 0 0 0 0 0 7 0 0 0
"40" 40 0.591240875912 0 0 3 0 6 26 0 0 7 0 0 1 0 0 124 0 0 0 0 0
"41" 41 0.414507772021 0 120 3 24 1 0 0 0 1 0 3 3 5 0 0 0 0 7 0 0
"42" 42 0.273631840796 0 0 0 0 0 0 7 0 0 20 1 0 0 121 0 0 4 0 0 14
"43" 43 0.638392857143 0 1 4 3 6 11 0 89 1 0 7 0 0 0 2 0 1 41 0 1
"44" 44 0.437810945274 1 0 0 0 0 0 4 0 33 0 0 0 0 104 0 0 9 0 0 16
"45" 45 0.459821428571 0 7 3 3 15 12 0 0 15 1 7 1 2 0 3 0 6 88 2 2
"46" 46 0.598214285714 0 42 5 6 3 11 1 15 19 0 3 0 0 3 4 0 3 49 1 2
"47" 47 0.343023255814 2 0 0 1 4 6 21 0 16 3 6 0 5 2 8 0 78 5 9 1
"48" 48 0.43023255814 1 4 9 0 11 3 5 4 29 0 2 0 4 0 4 0 5 85 0 0
"49" 49 0.390804597701 0 0 0 0 0 0 112 0 0 1 0 0 0 3 0 0 48 0 1 1
"50" 50 0.8125 0 13 1 2 17 13 1 3 8 0 2 0 0 1 3 0 0 101 0 0
"51" 51 0.354651162791 1 0 2 0 0 0 0 0 133 0 2 25 0 0 0 0 0 1 0 0
"52" 52 0.849056603774 0 0 0 0 0 0 0 133 0 0 0 0 0 0 0 32 0 0 0 0
"53" 53 0.771573604061 4 5 4 7 1 0 41 0 0 1 11 0 0 48 0 0 33 0 0 11
"54" 54 0.364341085271 17 1 6 0 11 0 1 0 13 0 36 45 0 0 0 0 7 25 0 5
"55" 55 0.685534591195 0 2 6 0 4 44 4 34 27 1 3 0 2 2 6 0 7 23 0 1
"56" 56 0.22480620155 9 0 4 2 0 1 11 0 45 0 29 3 0 2 0 0 18 0 2 39
"57" 57 0.64598540146 0 7 2 2 11 35 8 1 41 1 3 0 2 1 12 0 6 30 0 5
"58" 58 0.270114942529 12 0 17 0 8 2 7 0 15 5 35 32 0 1 0 0 32 1 0 0
"59" 59 0.565400843882 0 7 0 2 12 61 0 33 1 3 3 5 5 0 7 0 1 18 9 0
"60" 60 0.362068965517 0 0 1 0 25 13 5 0 9 2 5 0 2 3 23 0 44 16 3 15
"61" 61 0.502487562189 0 0 0 0 0 2 84 0 0 0 0 0 0 73 0 0 6 0 0 1
"62" 62 0.198675496689 0 10 40 5 5 29 0 0 8 0 46 3 0 2 2 0 1 10 0 1
"63" 63 0.711538461538 1 8 0 1 0 1 0 0 0 0 3 140 0 0 0 0 0 2 0 0
"64" 64 0.396624472574 0 1 1 3 2 133 0 1 2 0 2 0 0 0 17 0 0 3 0 0
"65" 65 0.405063291139 0 6 1 3 1 142 0 2 3 0 0 0 0 0 4 0 0 3 0 2
"66" 66 0.114427860697 0 0 0 0 0 0 32 1 2 0 2 0 0 86 0 0 36 0 1 7
"67" 67 0.0 12 0 1 0 0 0 1 0 39 0 51 25 0 1 0 0 36 0 0 1
"68" 68 0.0149253731343 0 0 0 0 0 0 50 0 0 21 1 0 0 41 0 0 54 0 0 0
"69" 69 0.0 1 0 0 0 0 0 29 0 0 1 9 0 0 0 0 0 127 0 0 0
"70" 70 0.0 0 0 26 0 0 0 0 133 1 0 6 0 0 0 0 0 1 0 0 0
"71" 71 0.0152284263959 0 0 0 0 0 0 157 0 0 0 0 0 0 0 0 0 9 0 0 1
"72" 72 0.154228855721 0 0 0 0 0 0 0 0 0 0 0 0 0 163 0 0 0 0 0 4
"73" 73 0.335766423358 0 0 0 0 0 0 0 0 0 0 0 0 0 0 167 0 0 0 0 0
"74" 74 0.062015503876 0 0 0 0 0 0 0 0 1 0 166 0 0 0 0 0 0 0 0 0
"75" 75 0.0288461538462 0 0 0 0 0 0 0 0 0 0 1 166 0 0 0 0 0 0 0 0
"76" 76 0.228855721393 0 0 2 22 4 0 20 0 3 0 1 0 0 105 0 0 4 0 0 6
"77" 77 0.0459770114943 0 0 0 0 0 0 6 0 3 6 0 3 0 20 0 0 6 0 0 123
"78" 78 0.0287356321839 1 0 3 0 1 0 1 0 3 0 5 0 0 59 0 0 72 0 0 22
"79" 79 0.464285714286 0 121 3 11 1 0 0 0 0 0 0 2 0 1 0 0 0 28 0 0
"80" 80 0.0865384615385 0 0 2 0 0 0 0 2 0 0 3 160 0 0 0 0 0 0 0 0
"81" 81 0.0812182741117 0 0 0 0 0 0 40 0 0 7 0 0 0 14 0 0 62 0 0 44
"82" 82 0.169154228856 1 0 1 0 3 2 7 0 5 2 1 0 1 126 2 0 11 0 0 5
"83" 83 0.670886075949 0 39 21 15 12 20 0 0 7 0 9 0 0 0 7 0 0 37 0 0
"84" 84 0.582089552239 0 0 0 1 0 0 6 0 0 1 0 0 5 129 0 0 8 0 0 17
"85" 85 0.229885057471 0 0 1 0 0 0 85 0 1 1 0 0 0 20 0 0 52 0 1 6
"86" 86 0.578616352201 0 0 0 0 0 0 0 167 0 0 0 0 0 0 0 0 0 0 0 0
"87" 87 0.612440191388 0 2 51 20 0 0 0 0 22 0 57 11 2 0 0 0 1 0 0 1
"88" 88 0.077519379845 0 0 0 0 0 0 0 0 0 0 164 0 0 0 0 0 3 0 0 0
"89" 89 0.357664233577 0 0 8 0 0 90 0 0 1 0 0 0 3 0 64 0 0 1 0 0
"90" 90 0.287356321839 0 0 0 0 0 0 31 0 0 0 0 0 0 0 0 0 136 0 0 0
"91" 91 0.00961538461538 0 0 34 0 0 0 0 0 1 0 12 117 0 0 0 3 0 0 0 0
"92" 92 0.287081339713 0 0 0 0 0 0 0 0 0 15 1 0 115 1 0 0 31 0 1 3
"93" 93 0.0 0 0 0 0 0 0 94 0 0 0 0 0 0 7 0 0 64 0 0 2
"94" 94 0.0 0 0 0 0 0 0 0 0 0 0 0 167 0 0 0 0 0 0 0 0
"95" 95 0.0348258706468 0 0 0 0 2 0 12 0 0 4 0 0 0 111 0 0 13 0 0 25
"96" 96 0.509505703422 0 0 2 0 4 0 0 0 0 5 7 0 0 0 1 0 3 5 140 0
"97" 97 0.251824817518 0 0 0 0 0 0 0 0 0 0 0 0 0 0 167 0 0 0 0 0
"98" 98 0.274611398964 0 143 0 21 0 0 0 0 0 0 0 1 0 0 0 0 0 2 0 0
"99" 99 0.698113207547 0 0 0 0 0 1 0 69 0 0 0 0 17 0 0 0 0 79 0 0
"100" 100 0.763392857143 0 11 0 1 5 24 1 0 1 0 6 1 3 1 1 0 6 106 0 0
"101" 101 0.397350993377 0 0 11 0 1 0 1 0 153 0 0 1 0 0 0 0 0 0 0 0
"102" 102 0.199004975124 0 0 1 0 0 2 1 0 0 6 3 0 11 140 2 0 0 0 0 1
"103" 103 0.435897435897 0 1 1 3 44 34 3 0 3 0 2 1 0 2 3 0 3 63 0 4
"104" 104 0.207547169811 0 0 0 0 0 1 0 137 1 0 27 0 0 0 0 0 1 0 0 0
"105" 105 0.270114942529 0 0 3 0 0 4 11 0 5 0 0 0 23 0 3 0 114 3 0 1
"106" 106 0.394618834081 0 1 5 0 12 2 0 11 14 1 9 0 2 0 1 0 0 107 2 0
"107" 107 0.437262357414 0 0 0 0 0 0 0 0 0 1 0 0 0 0 0 0 0 0 166 0
"108" 108 0.422053231939 1 0 0 0 0 0 0 0 0 49 1 0 0 10 0 0 0 0 106 0
"109" 109 0.167512690355 45 5 6 6 0 2 5 0 3 30 13 0 1 4 0 0 21 21 3 2
"110" 110 0.523206751055 0 0 0 3 0 157 0 0 0 0 0 0 0 0 7 0 0 0 0 0
"111" 111 0.134328358209 0 0 1 0 0 1 2 0 6 17 8 0 0 100 0 0 13 0 2 17
"112" 112 0.0817610062893 1 0 0 0 0 0 0 132 3 0 10 0 0 0 0 0 21 0 0 0
"113" 113 0.559748427673 1 11 27 8 10 19 1 14 15 1 11 12 5 0 0 1 3 24 0 1
"114" 114 0.367875647668 0 105 7 14 6 2 2 3 2 0 5 3 2 4 2 0 0 8 0 0
"115" 115 0.0609137055838 4 2 1 0 0 0 68 0 5 0 4 1 2 35 0 0 28 0 0 14
"116" 116 0.441860465116 0 39 8 15 5 1 0 6 7 0 33 12 5 1 0 0 1 34 0 0
"117" 117 0.526785714286 0 27 4 8 15 9 2 0 0 0 0 2 0 0 0 0 1 98 0 1
"118" 118 0.109489051095 1 3 7 1 0 1 0 0 0 0 4 3 1 0 145 0 0 0 0 1
"119" 119 0.273722627737 0 34 3 3 11 1 14 2 15 0 0 0 2 32 5 0 10 25 1 9
"120" 120 0.0077519379845 12 0 4 1 0 0 20 0 7 10 39 0 0 15 0 0 53 0 0 6
"121" 121 0.092050209205 0 0 0 0 0 0 74 0 0 25 0 0 0 45 0 0 14 0 3 6
"122" 122 0.0 0 0 0 0 0 0 48 0 0 0 5 0 0 16 0 0 98 0 0 0
"123" 123 0.1592039801 3 0 0 0 0 0 28 0 6 0 0 0 0 41 0 0 86 0 0 3
"124" 124 0.186528497409 0 165 0 0 0 0 0 0 2 0 0 0 0 0 0 0 0 0 0 0
"125" 125 0.207547169811 0 0 0 0 0 0 0 166 0 0 0 0 0 0 0 0 0 0 0 1
"126" 126 0.0995024875622 0 0 0 0 0 0 0 0 0 0 0 0 0 152 0 0 1 0 0 14
"127" 127 0.147286821705 0 0 0 0 0 0 0 0 0 0 167 0 0 0 0 0 0 0 0 0
"128" 128 0.0872093023256 0 0 0 0 0 0 0 0 167 0 0 0 0 0 0 0 0 0 0 0
"129" 129 0.0192307692308 0 0 0 0 0 0 0 0 0 0 6 161 0 0 0 0 0 0 0 0
"130" 130 0.0192307692308 0 0 1 29 0 0 0 0 1 3 0 119 9 0 0 0 3 1 1 0
"131" 131 0.205298013245 0 0 153 0 0 0 0 0 14 0 0 0 0 0 0 0 0 0 0 0
"132" 132 0.031007751938 1 0 15 0 0 0 1 0 0 0 104 3 0 15 0 0 5 0 0 23
"133" 133 0.0397350993377 5 2 15 7 0 4 54 0 5 0 21 1 0 3 1 0 45 3 0 1
"134" 134 0.233830845771 0 16 5 0 0 4 0 0 1 0 109 0 5 6 0 0 1 6 4 9
"135" 135 0.0 1 0 3 0 0 0 0 0 37 0 126 0 0 0 0 0 0 0 0 0
"136" 136 0.0298507462687 0 0 0 0 0 0 113 0 0 1 2 0 0 18 0 0 33 0 0 0
"137" 137 0.298013245033 0 74 15 9 14 5 0 0 21 0 7 2 1 0 4 0 0 13 2 0
"138" 138 0.0497512437811 2 0 10 2 4 8 10 0 1 15 11 1 0 37 24 0 8 2 6 26
"139" 139 0.0 0 0 0 0 0 0 18 0 0 0 0 0 0 130 0 0 18 0 0 1
"140" 140 0.565400843882 0 0 0 0 0 159 0 0 0 1 0 0 0 1 6 0 0 0 0 0
"141" 141 0.59375 0 8 2 5 13 48 0 0 1 0 18 1 1 0 21 0 0 48 0 0
"142" 142 0.397810218978 1 0 9 4 11 27 0 0 4 0 29 1 11 4 49 5 0 5 5 1
"143" 143 0.288461538462 0 0 0 6 2 1 0 0 0 0 0 151 2 0 5 0 0 0 0 0
"144" 144 0.046511627907 37 0 4 0 0 0 1 14 0 1 77 9 0 0 0 0 24 0 0 0
"145" 145 0.581395348837 0 2 8 3 12 70 1 4 34 0 3 2 2 1 20 0 4 1 0 0
"146" 146 0.5 0 26 32 44 16 9 0 0 5 0 3 2 9 2 11 0 0 7 1 0
"147" 147 0.0804597701149 0 0 0 0 0 0 137 1 1 0 0 0 0 10 0 0 10 2 0 6
"148" 148 0.0548523206751 0 0 3 2 0 88 1 0 7 6 0 1 1 0 54 0 2 0 0 2
"149" 149 0.0398009950249 0 0 0 0 0 0 11 0 0 31 2 0 0 90 0 0 10 0 0 23
"150" 150 0.186046511628 72 0 12 4 0 0 2 0 6 8 13 6 0 2 0 0 34 0 0 8
"151" 151 0.0964467005076 20 0 0 0 0 0 33 0 0 0 0 0 0 101 0 0 12 0 0 1
"152" 152 0.0298507462687 0 0 0 1 0 0 43 0 0 1 0 0 0 69 0 0 52 0 0 1
"153" 153 0.0 1 0 11 0 0 0 0 0 3 0 140 9 0 0 0 0 3 0 0 0
"154" 154 0.0 7 0 11 0 0 0 0 0 1 0 142 1 0 0 0 0 5 0 0 0
"155" 155 0.295597484277 0 0 1 0 1 0 0 162 0 0 0 0 0 1 1 0 1 0 0 0
"156" 156 0.424107142857 0 2 0 0 3 0 0 1 0 0 1 0 0 0 0 0 0 160 0 0
"157" 157 0.0 0 0 0 0 0 0 0 0 0 0 0 167 0 0 0 0 0 0 0 0
"158" 158 0.109452736318 0 0 0 0 0 1 59 0 1 0 1 0 0 24 1 0 78 0 0 2
"159" 159 0.589285714286 0 5 2 3 4 61 0 0 2 0 41 0 2 1 7 0 0 39 0 0
"160" 160 0.313868613139 1 0 1 6 2 20 0 0 7 2 69 0 3 7 32 0 6 7 3 1
"161" 161 0.0203045685279 0 0 0 0 0 0 21 0 1 18 0 0 0 51 0 0 62 0 0 14
"162" 162 0.480620155039 0 1 7 9 52 10 0 0 10 0 8 1 15 9 12 0 6 25 1 1
"163" 163 0.68776371308 0 12 6 5 7 45 2 0 4 0 20 6 0 1 3 0 0 55 0 1
"164" 164 0.253886010363 1 12 2 3 3 14 1 0 2 1 94 0 8 3 1 0 2 17 3 0
"165" 165 0.0909090909091 1 4 1 3 1 0 0 0 0 2 0 1 147 0 0 0 0 0 6 0
"166" 166 0.528301886792 0 2 1 1 0 0 0 161 0 0 0 1 0 0 1 0 0 0 0 0
"167" 167 0.777202072539 0 156 0 2 0 0 0 0 0 0 0 0 0 0 0 0 0 9 0 0
"168" 168 0.0813953488372 0 0 0 0 0 0 16 0 2 0 0 0 0 0 0 0 149 0 0 0
"169" 169 0.129464285714 1 58 3 5 9 7 3 31 5 0 3 0 4 1 5 0 0 32 0 0
"170" 170 0.0344827586207 1 0 0 0 0 0 127 0 0 0 0 0 0 16 0 0 20 0 0 3
"171" 171 0.114942528736 0 0 0 0 0 0 1 0 2 17 0 0 3 1 0 9 17 0 117 0
"172" 172 0.0114942528736 11 0 1 0 0 0 12 0 83 0 8 0 0 19 0 0 33 0 0 0
"173" 173 0.139534883721 7 0 0 0 0 0 0 0 0 0 143 16 0 0 0 0 1 0 0 0
"174" 174 0.124031007752 3 0 45 1 3 2 0 0 3 0 101 6 1 0 0 0 0 2 0 0
"175" 175 0.38578680203 0 0 0 0 1 3 60 0 0 0 0 0 0 68 0 0 31 1 0 3
"176" 176 0.0984455958549 0 167 0 0 0 0 0 0 0 0 0 0 0 0 0 0 0 0 0 0
"177" 177 0.589285714286 0 24 21 1 7 6 0 1 0 0 3 0 1 0 22 0 0 81 0 0
"178" 178 0.496350364964 5 0 0 0 11 50 0 0 3 0 2 20 27 0 37 0 0 7 4 1
"179" 179 0.0796019900498 0 0 0 0 0 0 0 0 0 0 0 0 0 167 0 0 0 0 0 0
"180" 180 0.251282051282 0 25 0 139 0 0 0 0 1 0 0 0 0 1 0 0 0 0 0 1
"181" 181 0.689119170984 0 61 2 0 1 1 0 1 0 0 3 0 0 0 0 0 0 98 0 0
"182" 182 0.598086124402 0 9 2 21 11 27 1 0 0 0 4 0 82 0 2 0 4 3 1 0
"183" 183 0.00961538461538 2 0 1 0 0 4 0 0 0 0 23 134 0 1 0 0 0 0 1 1
"184" 184 0.304182509506 0 0 0 0 0 0 0 0 0 4 0 0 0 0 0 0 0 0 163 0
"185" 185 0.147208121827 0 0 0 0 0 0 166 0 0 0 0 0 0 0 0 0 1 0 0 0
"186" 186 0.195402298851 4 0 0 0 0 0 22 0 2 2 0 0 0 34 6 0 91 0 3 3
"187" 187 0.51572327044 0 0 0 0 0 0 0 167 0 0 0 0 0 0 0 0 0 0 0 0
"188" 188 0.0288461538462 0 0 0 0 0 0 0 0 0 0 0 167 0 0 0 0 0 0 0 0
"189" 189 0.134328358209 0 0 0 0 0 0 1 0 0 0 0 0 0 164 0 0 2 0 0 0
"190" 190 0.442307692308 0 0 0 0 0 0 0 0 0 0 0 167 0 0 0 0 0 0 0 0
"191" 191 0.259067357513 0 167 0 0 0 0 0 0 0 0 0 0 0 0 0 0 0 0 0 0
"192" 192 0.170542635659 1 0 0 0 0 0 0 0 0 0 165 0 0 0 0 0 1 0 0 0
"193" 193 0.0576923076923 0 0 0 0 0 0 0 0 0 0 0 167 0 0 0 0 0 0 0 0
"194" 194 0.145077720207 0 167 0 0 0 0 0 0 0 0 0 0 0 0 0 0 0 0 0 0
"195" 195 0.142335766423 0 0 0 0 0 30 0 0 0 0 0 0 0 0 137 0 0 0 0 0
"196" 196 0.00507614213198 0 0 0 0 2 0 72 0 2 0 2 0 0 68 0 0 4 0 0 17
"197" 197 0.357414448669 1 0 0 0 0 0 0 0 0 137 0 0 0 0 0 0 0 0 29 0
"198" 198 0.461538461538 0 0 0 1 0 0 0 0 0 0 0 160 0 0 6 0 0 0 0 0
"199" 199 0.290697674419 0 0 1 0 0 0 0 0 166 0 0 0 0 0 0 0 0 0 0 0
"200" 200 1.05485232068 0 0 0 1 1 126 0 0 0 0 0 0 0 0 21 0 0 0 0 0
