"site" "RSA" "aa1" "aa2" "aa3" "aa4" "aa5" "aa6" "aa7" "aa8" "aa9" "aa10" "aa11" "aa12" "aa13" "aa14" "aa15" "aa16" "aa17" "aa18" "aa19" "aa20"
"0" 0 0.459770114943 0 0 0 0 0 0 8 0 0 0 0 0 0 6 0 0 24 0 0 12
"1" 1 0.219730941704 0 0 2 2 9 43 0 0 1 0 0 0 1 0 5 0 0 1 0 0
"2" 2 0.0 0 0 0 0 0 0 0 0 0 0 64 3 0 0 0 0 0 0 0 0
"3" 3 0.218390804598 0 0 1 0 1 0 21 0 0 0 0 0 0 0 0 0 44 0 0 0
"4" 4 0.0 34 0 1 0 0 0 0 0 2 0 24 0 0 0 0 0 6 0 0 0
"5" 5 0.396551724138 2 0 0 0 0 0 4 0 1 1 0 0 1 1 0 0 55 0 2 0
"6" 6 0.0 0 0 0 0 0 0 7 0 0 1 0 0 0 54 0 0 4 0 0 3
"7" 7 0.590717299578 0 1 8 7 5 21 1 1 4 0 3 0 0 0 13 0 2 4 0 0
"8" 8 0.375 0 1 7 0 0 0 0 1 1 0 0 60 0 0 0 0 0 0 0 0
"9" 9 0.922279792746 0 31 6 5 0 1 0 4 7 0 0 1 0 0 0 0 0 4 0 0
"10" 10 0.503875968992 0 4 11 2 0 0 0 1 4 0 9 10 0 0 0 0 2 15 0 0
"11" 11 0.576923076923 0 2 2 9 2 5 1 6 2 0 2 16 1 0 0 0 3 4 0 0
"12" 12 0.0574712643678 0 0 0 0 0 0 3 0 1 0 3 0 0 0 0 0 65 0 0 0
"13" 13 0.397350993377 1 1 23 3 5 22 1 0 9 0 0 1 2 0 2 0 0 1 2 0
"14" 14 0.144230769231 0 0 0 0 0 0 0 0 0 0 0 76 0 0 0 0 0 0 0 0
"15" 15 0.35632183908 0 0 2 6 3 2 9 0 42 0 0 0 0 0 0 0 12 0 0 0
"16" 16 0.0 0 0 0 0 0 0 30 0 0 0 1 0 0 7 0 0 39 0 0 0
"17" 17 0.261603375527 0 3 1 2 4 7 3 0 12 7 0 0 9 2 9 0 3 1 13 1
"18" 18 0.00418410041841 0 0 0 0 0 0 1 0 0 67 0 0 0 9 0 0 0 0 0 0
"19" 19 0.446428571429 0 2 7 2 4 7 6 0 14 0 1 0 0 2 0 0 8 23 1 0
"20" 20 0.0 0 1 0 0 68 0 0 0 0 0 0 0 0 0 1 0 0 6 0 0
"21" 21 0.589147286822 0 9 5 8 5 3 2 1 1 0 11 2 0 0 0 0 1 26 1 0
"22" 22 0.35761589404 0 9 19 3 2 5 0 1 3 0 5 21 1 0 2 0 3 1 0 0
"23" 23 0.410714285714 3 16 10 2 0 1 0 8 2 0 4 5 0 1 2 0 3 20 0 0
"24" 24 0.695364238411 0 4 12 6 2 7 0 1 4 0 3 29 0 0 1 0 0 0 0 0
"25" 25 0.258928571429 1 8 12 1 4 2 0 0 1 1 6 7 2 1 0 0 0 6 0 2
"26" 26 0.308176100629 0 1 3 2 0 4 1 41 2 1 7 1 0 4 1 0 2 0 0 0
"27" 27 0.0 1 0 0 0 0 0 2 0 26 0 0 0 0 5 0 0 43 0 0 1
"28" 28 0.151162790698 1 0 3 1 0 22 2 0 24 0 0 0 9 1 4 0 5 3 2 1
"29" 29 0.0 0 0 0 0 0 0 29 0 0 0 0 0 0 6 0 0 42 0 0 1
"30" 30 0.298013245033 0 3 20 7 1 3 0 0 31 0 0 0 3 0 1 1 2 4 2 0
"31" 31 0.12927756654 0 0 0 0 0 0 1 0 0 0 1 58 0 2 0 3 7 0 5 0
"32" 32 0.446428571429 0 5 18 3 5 5 0 0 8 2 0 1 1 0 2 0 3 22 3 0
"33" 33 0.00507614213198 0 0 0 0 0 0 43 0 0 2 0 0 0 12 0 0 20 0 0 1
"34" 34 0.317829457364 1 0 20 2 1 11 4 1 23 0 4 0 1 1 1 0 0 5 2 1
"35" 35 0.413461538462 0 0 0 6 0 1 0 0 0 0 0 72 0 0 0 0 0 0 0 0
"36" 36 0.102564102564 0 0 0 9 0 0 0 0 0 0 0 0 0 70 0 0 0 0 0 0
"37" 37 0.377483443709 0 7 7 2 4 13 0 9 27 0 8 0 0 0 1 0 0 1 0 0
"38" 38 0.465408805031 0 0 0 0 0 1 0 10 0 0 6 0 0 0 0 0 0 0 0 0
"39" 39 0.594871794872 0 5 0 13 3 5 0 34 0 0 5 1 0 0 5 0 0 8 0 0
"40" 40 0.170542635659 0 0 1 0 0 1 0 0 1 1 9 66 0 0 1 0 0 0 0 0
"41" 41 0.330357142857 0 4 0 5 0 28 0 2 0 0 0 0 0 32 1 0 1 7 0 0
"42" 42 0.153284671533 0 0 0 0 0 0 0 0 0 0 0 0 69 0 10 0 0 0 1 0
"43" 43 0.0 0 0 0 0 0 0 0 0 0 0 0 80 0 0 0 0 0 0 0 0
"44" 44 0.0 0 0 0 0 0 0 1 0 0 75 0 0 0 2 0 0 0 0 0 1
"45" 45 0.0 0 0 0 0 0 0 0 0 0 0 0 0 80 0 0 0 0 0 0 0
"46" 46 0.0 0 0 0 0 0 0 29 0 0 0 0 0 0 1 0 0 50 0 0 0
"47" 47 0.0 2 0 0 0 0 0 0 0 0 0 0 0 78 0 0 0 0 0 0 0
"48" 48 0.321428571429 0 0 1 0 14 0 0 0 3 0 12 0 0 0 0 0 2 48 0 0
"49" 49 0.393305439331 0 0 0 0 0 9 0 0 1 48 3 0 0 8 1 1 0 0 9 0
"50" 50 0.298076923077 0 0 0 0 0 0 0 0 0 0 0 80 0 0 0 0 0 0 0 0
"51" 51 0.341968911917 0 78 0 1 0 0 1 0 0 0 0 0 0 0 0 0 0 0 0 0
"52" 52 0.53488372093 0 0 0 32 1 1 2 0 24 0 2 0 0 12 1 0 3 0 1 1
"53" 53 0.720930232558 0 0 14 0 0 0 0 0 62 0 2 2 0 0 0 0 0 0 0 0
"54" 54 0.54358974359 0 5 1 63 6 1 0 0 0 0 0 3 0 0 0 0 0 0 0 1
"55" 55 0.480769230769 0 0 0 1 0 1 0 0 0 0 1 77 0 0 0 0 0 0 0 0
"56" 56 0.0886075949367 80 0 0 0 0 0 0 0 0 0 0 0 0 0 0 0 0 0 0 0
"57" 57 0.563218390805 0 0 0 2 1 1 8 0 40 0 4 0 0 7 0 0 6 0 0 11
"58" 58 0.145695364238 0 0 77 0 0 0 0 0 1 0 2 0 0 0 0 0 0 0 0 0
"59" 59 0.0077519379845 0 0 1 0 0 0 0 0 18 0 60 0 0 0 0 0 0 0 0 1
"60" 60 0.153846153846 3 0 0 0 0 0 0 0 0 0 2 75 0 0 0 0 0 0 0 0
"61" 61 0.465408805031 0 1 5 0 0 0 0 39 1 0 20 7 0 1 0 0 0 6 0 0
"62" 62 0.0478468899522 0 0 0 0 0 0 0 0 0 0 0 0 80 0 0 0 0 0 0 0
"63" 63 0.0376569037657 0 0 0 0 0 0 0 0 0 69 0 0 0 0 0 0 0 0 11 0
"64" 64 0.230769230769 0 0 0 80 0 0 0 0 0 0 0 0 0 0 0 0 0 0 0 0
"65" 65 0.327044025157 0 0 0 0 0 0 0 80 0 0 0 0 0 0 0 0 0 0 0 0
"66" 66 0.523012552301 1 4 2 2 3 1 0 1 4 23 4 0 17 7 0 0 0 5 6 0
"67" 67 0.784810126582 0 1 7 10 3 25 0 0 1 0 0 27 4 1 0 0 0 1 0 0
"68" 68 0.37552742616 1 0 0 2 7 54 0 0 2 0 1 0 0 3 0 0 6 0 0 4
"69" 69 0.348837209302 0 14 2 12 3 5 0 0 21 0 1 0 1 0 0 0 2 17 0 2
"70" 70 0.0191387559809 0 0 0 0 0 0 0 0 0 0 0 0 80 0 0 0 0 0 0 0
"71" 71 0.00961538461538 0 0 0 0 0 0 0 0 0 0 1 79 0 0 0 0 0 0 0 0
"72" 72 0.062015503876 0 1 4 0 0 0 0 0 0 0 43 30 1 0 1 0 0 0 0 0
"73" 73 0.276729559748 0 0 0 0 1 1 0 75 0 0 0 0 0 2 1 0 0 0 0 0
"74" 74 0.78488372093 2 12 6 8 3 2 0 0 16 1 2 4 1 1 0 0 1 21 0 0
"75" 75 0.305699481865 0 60 7 1 0 0 0 0 0 0 9 0 2 0 0 0 0 1 0 0
"76" 76 0.763392857143 0 5 9 3 4 3 1 4 5 0 14 1 0 1 1 0 1 28 0 0
"77" 77 0.373563218391 0 2 1 21 0 0 8 0 5 0 1 0 0 1 0 0 22 18 0 1
"78" 78 0.0547445255474 0 0 0 0 0 2 0 0 0 0 0 0 0 0 78 0 0 0 0 0
"79" 79 0.0478468899522 0 0 0 0 0 0 0 0 0 0 0 0 80 0 0 0 0 0 0 0
"80" 80 0.0172413793103 0 0 0 0 0 0 5 0 0 0 17 0 0 4 0 0 53 0 1 0
"81" 81 0.0 0 0 0 0 0 0 0 0 0 0 0 80 0 0 0 0 0 0 0 0
"82" 82 0.0 0 80 0 0 0 0 0 0 0 0 0 0 0 0 0 0 0 0 0 0
"83" 83 0.045871559633 0 0 0 0 0 0 0 0 0 0 0 0 0 77 0 0 0 0 0 3
"84" 84 0.0288461538462 0 0 0 0 0 0 0 0 0 0 0 79 0 0 1 0 0 0 0 0
"85" 85 0.169230769231 0 0 0 80 0 0 0 0 0 0 0 0 0 0 0 0 0 0 0 0
"86" 86 0.0114942528736 0 0 0 0 0 0 34 0 0 1 0 0 0 1 0 0 44 0 0 0
"87" 87 0.649789029536 0 0 1 2 3 9 8 0 16 0 1 0 1 1 2 0 13 21 1 1
"88" 88 0.046511627907 0 0 8 0 0 0 0 0 13 1 51 0 0 0 0 0 7 0 0 0
"89" 89 0.300518134715 0 24 3 11 0 1 0 3 3 0 3 27 0 0 0 0 0 2 0 0
"90" 90 0.607142857143 1 11 9 1 0 9 0 1 1 1 24 9 0 0 0 0 1 12 0 0
"91" 91 0.676923076923 2 29 10 21 6 0 0 0 4 0 1 3 0 0 0 0 0 3 1 0
"92" 92 0.0 0 0 3 0 0 1 0 0 0 0 3 70 1 0 1 0 0 0 0 0
"93" 93 0.235632183908 0 2 0 4 0 6 4 1 9 0 1 0 0 4 2 0 42 1 1 1
"94" 94 0.0 1 0 2 0 0 0 2 0 12 0 55 0 0 0 0 0 6 0 1 0
"95" 95 0.637130801688 1 5 3 8 5 25 1 3 7 0 2 0 4 2 1 0 2 8 0 1
"96" 96 0.259615384615 1 0 0 0 0 0 26 0 2 9 0 9 0 1 1 0 25 1 3 0
"97" 97 0.456953642384 2 13 23 16 1 3 0 0 9 0 1 0 0 2 0 0 2 3 1 2
"98" 98 0.221757322176 0 0 0 0 0 1 45 0 1 10 0 1 0 6 0 0 4 0 3 8
"99" 99 0.594936708861 0 0 12 1 4 11 4 0 25 0 1 0 0 0 1 0 8 8 4 0
"100" 100 0.0621761658031 0 76 3 0 0 0 0 0 0 0 0 0 0 0 0 0 0 0 0 0
"101" 101 0.53642384106 2 3 25 11 2 14 1 3 3 1 4 0 4 1 3 0 0 0 2 0
"102" 102 0.298507462687 0 1 0 1 23 0 5 0 0 2 0 0 7 16 0 0 12 1 2 10
"103" 103 0.0 0 0 0 0 0 0 58 0 0 0 1 0 0 6 0 0 11 0 0 4
"104" 104 0.151898734177 0 0 32 0 7 15 0 12 11 0 0 0 1 0 1 0 0 1 0 0
"105" 105 0.044776119403 0 0 0 0 0 0 0 0 0 0 0 0 0 80 0 0 0 0 0 0
"106" 106 0.238578680203 2 1 20 1 1 2 8 1 18 7 0 1 1 3 4 0 3 1 6 0
"107" 107 0.317307692308 0 0 0 0 0 0 0 0 0 0 0 80 0 0 0 0 0 0 0 0
"108" 108 0.74213836478 0 3 3 1 5 5 0 41 2 0 4 0 0 0 0 0 1 12 1 2
"109" 109 0.122093023256 3 1 1 23 2 1 1 0 3 0 0 0 22 9 4 0 0 0 9 1
"110" 110 0.172185430464 0 1 68 5 0 0 0 0 2 0 0 3 0 1 0 0 0 0 0 0
"111" 111 0.0 1 0 0 0 0 0 51 0 0 0 1 0 0 1 0 0 26 0 0 0
"112" 112 0.252873563218 0 0 0 0 0 0 49 0 1 0 1 0 0 14 0 0 14 0 0 1
"113" 113 0.403846153846 0 0 0 0 0 0 0 0 0 0 0 80 0 0 0 0 0 0 0 0
"114" 114 0.20802919708 0 0 0 0 0 0 0 0 0 0 0 0 1 0 79 0 0 0 0 0
"115" 115 0.0264900662252 2 0 24 0 0 0 0 0 29 0 22 2 0 0 0 0 0 0 0 1
"116" 116 0.0 0 0 0 0 0 0 11 0 0 4 2 0 0 18 0 0 35 0 0 10
"117" 117 0.0 0 0 0 0 0 0 1 0 0 0 0 0 0 0 0 0 79 0 0 0
"118" 118 0.0 0 0 0 0 0 0 17 0 0 1 0 0 0 2 0 0 60 0 0 0
"119" 119 0.0239234449761 0 0 0 0 0 0 0 0 0 0 0 0 80 0 0 0 0 0 0 0
"120" 120 0.333333333333 0 1 2 0 1 0 1 0 3 0 48 2 0 0 0 0 2 20 0 0
"121" 121 0.163461538462 0 35 0 4 4 13 0 0 0 0 1 17 0 4 0 0 0 0 0 2
"122" 122 0.484304932735 0 0 0 0 12 0 2 21 13 0 3 0 0 0 5 0 3 20 0 1
"123" 123 0.0103626943005 0 80 0 0 0 0 0 0 0 0 0 0 0 0 0 0 0 0 0 0
"124" 124 0.238341968912 0 80 0 0 0 0 0 0 0 0 0 0 0 0 0 0 0 0 0 0
"125" 125 0.218905472637 1 0 0 0 0 0 0 0 0 2 0 0 0 75 0 0 0 0 1 1
"126" 126 0.144230769231 0 0 0 0 0 0 0 0 0 0 0 79 0 0 0 0 0 0 0 0
"127" 127 0.561181434599 0 1 0 0 3 47 1 0 0 0 1 0 0 11 15 0 1 0 0 0
"128" 128 0.240384615385 0 0 1 0 0 0 0 0 6 0 0 73 0 0 0 0 0 0 0 0
"129" 129 0.896373056995 1 11 0 4 0 2 1 0 5 0 0 54 0 0 1 0 0 1 0 0
"130" 130 0.412790697674 0 4 5 22 0 3 0 0 3 3 0 0 36 0 3 0 1 0 0 0
"131" 131 0.607142857143 0 8 2 0 2 3 0 6 3 0 4 0 0 1 0 0 0 50 1 0
"132" 132 0.316964285714 0 9 0 1 2 0 0 0 0 2 0 0 0 31 0 0 1 32 0 1
"133" 133 0.0 0 0 80 0 0 0 0 0 0 0 0 0 0 0 0 0 0 0 0 0
"134" 134 0.378109452736 0 0 1 0 1 40 0 1 2 0 1 0 0 32 1 0 0 1 0 0
"135" 135 0.455696202532 0 0 7 0 0 34 6 0 29 0 2 0 0 0 1 0 0 1 0 0
"136" 136 0.203488372093 0 0 0 0 0 0 0 0 80 0 0 0 0 0 0 0 0 0 0 0
"137" 137 0.0 0 0 0 0 0 0 0 0 0 0 0 79 0 0 0 0 1 0 0 0
"138" 138 0.379487179487 0 0 1 75 0 0 0 0 0 0 0 0 4 0 0 0 0 0 0 0
"139" 139 0.0 0 0 9 0 0 0 0 0 0 0 71 0 0 0 0 0 0 0 0 0
"140" 140 0.432692307692 0 0 0 0 0 0 0 0 0 0 0 79 0 0 0 0 0 0 0 0
"141" 141 0.591194968553 0 2 9 0 0 3 0 7 1 0 26 31 0 0 1 0 0 0 0 0
"142" 142 0.248175182482 0 0 0 0 0 0 0 0 0 0 0 0 0 0 80 0 0 0 0 0
"143" 143 0.138364779874 0 0 0 0 1 0 11 5 0 0 1 0 0 40 0 1 21 0 0 0
"144" 144 0.0 1 0 2 0 0 0 0 0 0 0 66 9 0 0 1 0 1 0 0 0
"145" 145 0.101265822785 80 0 0 0 0 0 0 0 0 0 0 0 0 0 0 0 0 0 0 0
"146" 146 0.0865384615385 2 0 1 0 0 0 0 0 0 0 2 75 0 0 0 0 0 0 0 0
"147" 147 0.362068965517 0 0 0 0 0 0 19 0 2 0 0 0 0 0 0 0 59 0 0 0
"148" 148 0.00507614213198 0 0 0 0 0 0 68 0 0 0 0 0 0 2 0 0 10 0 0 0
"149" 149 0.278846153846 0 0 0 0 0 0 0 0 0 0 3 73 0 0 0 0 1 0 0 0
"150" 150 0.592039800995 0 0 0 0 0 0 40 0 0 3 0 0 0 20 0 0 9 0 3 0
"151" 151 0.296511627907 1 0 7 0 0 0 0 0 15 0 4 0 0 1 0 0 2 0 0 0
"152" 152 0.917948717949 0 2 0 5 3 0 0 0 0 0 0 0 0 0 0 0 0 0 0 0
