"site" "RSA" "aa1" "aa2" "aa3" "aa4" "aa5" "aa6" "aa7" "aa8" "aa9" "aa10" "aa11" "aa12" "aa13" "aa14" "aa15" "aa16" "aa17" "aa18" "aa19" "aa20"
"0" 0 0.79274611399 0 5 9 37 120 35 0 0 1 0 20 27 0 6 212 0 0 27 0 1
"1" 1 0.593908629442 0 165 4 21 21 49 9 0 81 0 28 7 0 12 2 0 22 78 1 0
"2" 2 0.611398963731 0 232 9 40 22 37 1 0 21 0 50 3 0 13 3 0 1 64 1 3
"3" 3 0.43023255814 0 243 0 0 38 4 0 0 3 0 3 2 0 2 0 0 0 204 0 1
"4" 4 0.512437810945 0 34 3 33 91 139 8 0 6 0 95 2 0 32 15 0 0 40 0 2
"5" 5 0.548223350254 0 12 0 22 39 150 99 0 5 0 22 0 1 43 58 2 8 33 0 6
"6" 6 0.403973509934 0 18 7 34 27 176 37 0 28 0 57 2 2 19 21 0 0 70 0 2
"7" 7 0.410256410256 0 12 2 40 60 196 16 0 8 0 41 2 0 50 33 4 0 33 1 2
"8" 8 0.502564102564 0 78 4 52 53 118 21 0 2 0 55 3 0 58 17 9 0 26 1 3
"9" 9 0.410852713178 0 20 2 30 36 202 39 0 8 0 34 0 0 27 27 1 13 53 0 8
"10" 10 0.567164179104 0 12 0 26 46 129 96 0 5 0 23 0 0 25 41 2 2 83 5 5
"11" 11 0.418439716312 0 59 0 32 30 114 10 0 5 1 46 2 2 76 33 8 0 76 3 3
"12" 12 0.271523178808 0 24 4 33 6 194 0 0 22 0 37 0 0 1 2 8 0 159 0 10
"13" 13 0.497890295359 0 12 6 15 25 113 46 0 18 0 25 0 1 40 5 0 7 182 1 4
"14" 14 0.422018348624 0 4 2 4 23 175 1 0 5 3 24 0 3 35 41 0 0 150 11 19
"15" 15 0.10447761194 0 0 0 5 9 36 0 0 0 1 3 0 0 428 14 1 0 0 2 1
"16" 16 0.436781609195 0 0 0 0 22 201 83 0 0 0 3 0 0 2 67 2 7 112 0 1
"17" 17 0.549107142857 0 20 1 4 24 51 171 0 3 0 11 1 0 9 150 0 17 28 1 9
"18" 18 0.709821428571 0 21 11 6 16 184 110 0 11 1 6 1 2 10 5 0 30 74 4 8
"19" 19 0.450777202073 0 94 4 90 10 177 0 0 0 0 0 0 0 114 1 7 0 3 0 0
"20" 20 0.465408805031 0 0 3 0 0 0 0 497 0 0 0 0 0 0 0 0 0 0 0 0
"21" 21 0.125 0 134 1 149 28 56 0 0 0 0 18 46 5 13 6 0 0 33 4 7
"22" 22 0.26359832636 0 0 0 0 0 0 0 0 0 498 0 0 2 0 0 0 0 0 0 0
"23" 23 0.301255230126 0 0 0 0 0 0 0 0 0 500 0 0 0 0 0 0 0 0 0 0
"24" 24 0.526785714286 0 8 0 47 30 263 13 0 2 0 12 0 0 22 26 0 15 53 1 8
"25" 25 0.464135021097 0 10 8 14 6 388 0 0 7 0 43 0 0 1 9 0 0 9 0 5
"26" 26 0.402985074627 0 0 0 0 0 0 0 0 0 0 0 0 0 498 0 0 0 0 0 2
"27" 27 0.627906976744 0 15 18 161 62 31 0 0 10 0 172 1 1 1 3 5 0 17 2 1
"28" 28 0.497757847534 0 326 3 110 6 43 0 0 1 0 5 0 0 1 2 0 0 2 0 1
"29" 29 0.736434108527 0 12 0 7 0 2 0 0 2 0 11 0 0 0 0 0 0 0 466 0
"30" 30 0.618834080717 0 0 5 3 211 4 0 0 67 79 0 0 8 62 0 0 0 13 5 43
"31" 31 0.561181434599 0 0 0 1 0 69 0 423 0 0 3 0 0 0 4 0 0 0 0 0
"32" 32 0.132075471698 0 0 0 0 0 0 0 500 0 0 0 0 0 0 0 0 0 0 0 0
"33" 33 0.441605839416 0 1 0 2 20 4 0 0 0 1 0 0 0 19 447 1 0 2 1 2
"34" 34 0.175732217573 0 0 0 0 0 0 0 0 0 178 0 0 0 0 0 0 3 0 319 0
"35" 35 0.0 0 0 0 0 0 0 0 0 0 2 0 0 0 498 0 0 0 0 0 0
"36" 36 0.0141843971631 0 0 0 0 0 0 0 0 0 0 0 0 0 0 0 499 0 0 1 0
"37" 37 0.0 0 0 0 0 0 0 500 0 0 0 0 0 0 0 0 0 0 0 0 0
"38" 38 0.00961538461538 0 0 0 0 0 0 0 0 0 0 0 500 0 0 0 0 0 0 0 0
"39" 39 0.0189873417722 500 0 0 0 0 0 0 0 0 0 0 0 0 0 0 0 0 0 0 0
"40" 40 0.430463576159 0 0 154 1 4 10 10 0 0 0 306 2 0 0 1 0 9 2 0 1
"41" 41 0.40414507772 0 500 0 0 0 0 0 0 0 0 0 0 0 0 0 0 0 0 0 0
"42" 42 0.23178807947 0 29 0 289 90 69 0 0 0 0 0 2 0 0 13 0 0 8 0 0
"43" 43 0.551094890511 0 0 0 0 30 18 3 0 0 0 107 3 0 0 2 0 9 101 0 227
"44" 44 0.166666666667 0 0 0 0 0 0 2 0 1 0 0 0 0 0 0 5 492 0 0 0
"45" 45 0.364779874214 0 0 0 0 0 0 0 500 0 0 0 0 0 0 0 0 0 0 0 0
"46" 46 0.0 0 0 0 0 0 0 0 349 0 0 151 0 0 0 0 0 0 0 0 0
"47" 47 0.294642857143 0 0 7 0 16 0 0 0 29 0 25 0 0 0 0 0 0 423 0 0
"48" 48 0.748175182482 0 75 0 23 83 214 0 0 1 0 6 0 1 1 25 0 7 55 0 9
"49" 49 0.1592039801 0 0 0 0 0 0 0 0 0 0 0 0 0 500 0 0 0 0 0 0
"50" 50 0.28488372093 0 0 0 0 0 0 0 0 500 0 0 0 0 0 0 0 0 0 0 0
"51" 51 0.538461538462 0 0 0 0 0 0 0 0 0 0 0 500 0 0 0 0 0 0 0 0
"52" 52 0.124378109453 0 0 0 0 0 0 0 0 0 0 0 0 0 500 0 0 0 0 0 0
"53" 53 0.459821428571 0 1 3 3 73 11 0 0 1 0 4 0 0 15 1 0 0 387 1 0
"54" 54 0.534591194969 0 0 0 0 0 0 0 500 0 0 0 0 0 0 0 0 0 0 0 0
"55" 55 0.384615384615 0 0 0 0 0 0 0 0 0 0 0 500 0 0 0 0 0 0 0 0
"56" 56 0.290178571429 0 22 0 1 257 1 0 0 0 0 2 0 1 15 0 0 0 199 2 0
"57" 57 0.089552238806 0 0 0 0 0 0 1 0 0 0 0 0 0 499 0 0 0 0 0 0
"58" 58 0.255230125523 0 0 0 0 4 1 0 0 0 98 0 0 3 0 0 11 0 2 381 0
"59" 59 0.333333333333 0 0 0 0 0 269 204 0 0 0 0 0 0 0 0 0 27 0 0 0
"60" 60 0.0765550239234 0 0 0 0 0 0 5 0 0 0 0 0 493 1 0 0 1 0 0 0
"61" 61 0.251824817518 0 0 0 2 98 16 0 0 0 0 74 0 241 0 3 1 0 0 0 65
"62" 62 0.0769230769231 0 0 0 500 0 0 0 0 0 0 0 0 0 0 0 0 0 0 0 0
"63" 63 0.293103448276 0 1 0 0 0 0 4 2 9 6 1 0 0 46 0 267 153 0 11 0
"64" 64 0.0 0 0 0 0 0 0 0 0 0 0 53 447 0 0 0 0 0 0 0 0
"65" 65 0.0102564102564 0 0 0 0 0 0 0 0 0 0 473 27 0 0 0 0 0 0 0 0
"66" 66 0.0 0 0 0 0 0 0 0 0 0 0 0 0 0 500 0 0 0 0 0 0
"67" 67 0.0114942528736 0 0 0 0 0 0 0 0 0 0 0 0 0 0 0 0 500 0 0 0
"68" 68 0.0659898477157 0 0 0 0 0 0 493 0 0 0 0 0 0 0 1 0 6 0 0 0
"69" 69 0.622009569378 0 24 6 7 8 197 2 3 32 1 33 3 0 19 7 0 21 107 2 28
"70" 70 0.720930232558 0 40 4 184 20 29 0 0 54 20 0 4 21 30 2 0 5 7 77 3
"71" 71 0.150259067358 0 500 0 0 0 0 0 0 0 0 0 0 0 0 0 0 0 0 0 0
"72" 72 0.616915422886 0 53 118 67 20 65 1 0 46 0 12 8 0 54 7 3 0 37 0 9
"73" 73 0.517948717949 0 152 10 69 24 48 11 0 31 0 33 20 0 7 7 0 8 77 0 3
"74" 74 0.0 500 0 0 0 0 0 0 0 0 0 0 0 0 0 0 0 0 0 0 0
"75" 75 0.169154228856 0 0 0 3 4 0 1 0 0 0 4 0 0 474 7 0 0 0 0 7
"76" 76 0.403973509934 0 0 61 15 29 58 0 0 57 0 121 8 1 5 85 2 0 57 1 0
"77" 77 0.149425287356 0 457 0 0 0 0 0 0 2 0 9 6 6 0 0 0 14 3 1 2
"78" 78 0.0 0 0 0 0 0 0 499 0 0 0 0 0 0 1 0 0 0 0 0 0
"79" 79 0.345291479821 0 0 0 0 2 449 0 0 0 1 8 0 0 1 35 2 0 1 1 0
"80" 80 0.41825095057 0 1 0 0 2 14 9 0 2 6 0 0 2 0 5 1 0 1 457 0
"81" 81 0.0 0 0 0 0 0 0 0 0 0 0 500 0 0 0 0 0 0 0 0 0
"82" 82 0.0 0 0 0 0 0 0 27 0 0 0 0 0 0 0 0 0 473 0 0 0
"83" 83 0.295336787565 0 470 0 0 2 1 0 0 0 0 0 0 0 1 0 0 0 26 0 0
"84" 84 0.373563218391 0 1 0 0 9 8 108 0 3 0 0 0 0 1 1 0 363 5 0 1
"85" 85 0.0995024875622 0 0 0 1 0 0 0 0 0 0 0 0 0 498 0 0 0 0 1 0
"86" 86 0.513392857143 0 10 0 143 15 83 0 0 0 0 0 33 190 0 7 0 0 15 2 2
"87" 87 0.0 0 0 0 0 0 0 0 0 0 0 1 0 0 0 0 0 499 0 0 0
"88" 88 0.379464285714 0 6 1 3 7 14 0 0 3 0 0 0 0 15 1 0 1 444 0 5
"89" 89 0.200956937799 0 0 0 0 0 0 0 0 0 0 0 0 500 0 0 0 0 0 0 0
"90" 90 0.0 0 0 0 0 0 0 500 0 0 0 0 0 0 0 0 0 0 0 0 0
"91" 91 0.0355329949239 0 0 0 0 0 0 492 0 0 0 0 0 0 0 0 0 8 0 0 0
"92" 92 0.00507614213198 0 0 0 0 0 0 499 0 0 0 0 0 0 0 0 0 1 0 0 0
"93" 93 0.0253164556962 500 0 0 0 0 0 0 0 0 0 0 0 0 0 0 0 0 0 0 0
"94" 94 0.0 0 0 22 0 0 0 0 0 0 0 0 478 0 0 0 0 0 0 0 0
"95" 95 0.0478468899522 0 0 0 0 0 0 0 0 0 0 0 0 369 0 0 131 0 0 0 0
"96" 96 0.106463878327 0 0 0 0 0 0 0 0 0 43 0 0 0 0 1 0 0 0 456 0
"97" 97 0.557692307692 0 0 0 0 0 0 0 0 0 0 0 500 0 0 0 0 0 0 0 0
"98" 98 0.0189873417722 500 0 0 0 0 0 0 0 0 0 0 0 0 0 0 0 0 0 0 0
"99" 99 0.384615384615 0 1 3 18 1 27 0 0 0 0 7 0 0 41 398 0 0 3 0 1
"100" 100 0.0576923076923 0 0 3 0 0 0 0 0 0 0 266 231 0 0 0 0 0 0 0 0
"101" 101 0.0287356321839 0 0 0 0 0 0 0 0 1 0 2 0 0 0 0 0 497 0 0 0
"102" 102 0.363228699552 0 2 0 6 132 25 165 0 2 0 12 0 0 0 18 0 40 45 0 53
"103" 103 0.100775193798 0 0 0 0 0 1 0 0 0 0 1 0 0 0 0 495 0 0 3 0
"104" 104 0.0697674418605 0 0 0 0 0 0 0 0 0 0 500 0 0 0 0 0 0 0 0 0
"105" 105 0.229885057471 0 0 0 0 1 15 0 0 2 0 4 0 0 0 0 0 477 0 0 1
"106" 106 0.486607142857 0 6 0 53 4 63 0 0 24 49 1 0 47 52 12 1 0 7 174 7
"107" 107 0.476923076923 0 0 0 407 0 1 0 0 3 0 0 0 4 0 0 0 0 82 0 3
"108" 108 0.283018867925 0 0 0 0 0 0 0 494 0 0 1 0 0 4 0 0 0 0 0 1
"109" 109 0.857142857143 0 358 1 25 1 3 0 109 0 0 0 2 0 0 0 0 1 0 0 0
"110" 110 0.477611940299 0 1 0 0 1 3 0 0 1 0 0 0 0 493 0 0 0 1 0 0
"111" 111 0.442307692308 0 0 0 0 0 0 0 0 0 0 0 500 0 0 0 0 0 0 0 0
"112" 112 0.756218905473 0 116 5 9 4 117 0 0 44 0 12 12 0 11 4 1 2 163 0 0
"113" 113 0.269035532995 0 19 1 4 0 2 314 0 0 0 2 0 0 134 0 0 24 0 0 0
"114" 114 0.148717948718 0 3 25 37 33 1 1 0 145 0 4 0 0 0 218 0 0 1 0 32
"115" 115 0.523076923077 0 255 7 67 14 31 3 0 10 0 11 5 0 3 13 0 11 67 0 3
"116" 116 0.234042553191 0 1 0 0 0 0 0 0 0 0 0 0 0 1 0 498 0 0 0 0
"117" 117 0.0199004975124 0 0 0 0 0 0 0 0 0 0 0 0 0 500 0 0 0 0 0 0
"118" 118 0.393034825871 0 0 105 3 19 287 0 0 5 0 12 0 0 15 46 0 0 7 0 1
"119" 119 0.358851674641 0 0 0 0 0 0 0 0 0 0 0 0 499 0 0 0 1 0 0 0
"120" 120 0.0 0 0 0 0 0 0 497 0 0 0 0 0 0 0 0 0 3 0 0 0
"121" 121 0.375912408759 0 0 0 0 400 74 9 0 0 0 0 0 1 2 0 9 2 1 1 1
"122" 122 0.528497409326 0 42 4 67 35 188 7 0 14 0 89 0 0 16 3 1 0 33 0 1
"123" 123 0.0609137055838 0 0 0 0 0 0 499 0 0 0 0 0 0 0 0 0 1 0 0 0
"124" 124 0.205673758865 0 0 0 0 0 2 0 0 0 41 5 0 1 0 0 234 0 3 208 6
"125" 125 0.456066945607 0 19 0 41 26 213 66 0 6 0 21 0 2 44 9 1 20 17 2 13
"126" 126 0.497890295359 0 0 0 0 0 495 0 0 0 0 0 0 0 2 0 3 0 0 0 0
"127" 127 0.0622009569378 0 0 0 0 0 0 0 0 0 0 0 0 500 0 0 0 0 0 0 0
"128" 128 0.423841059603 0 0 9 1 16 113 0 0 0 10 69 4 3 38 5 63 0 133 36 0
"129" 129 0.615894039735 0 94 2 15 18 53 14 0 66 0 24 4 0 14 1 1 28 161 2 3
"130" 130 0.0398009950249 0 0 0 0 0 0 0 0 0 0 0 0 0 500 0 0 0 0 0 0
"131" 131 0.0199004975124 0 0 0 0 0 0 0 0 0 0 0 0 0 500 0 0 0 0 0 0
"132" 132 0.413461538462 0 0 10 0 12 146 0 0 20 12 75 27 8 22 14 1 0 53 64 36
"133" 133 0.59375 0 63 9 107 32 132 0 0 0 1 23 7 0 67 42 0 0 6 2 9
"134" 134 0.178899082569 0 0 0 0 10 0 0 0 0 0 9 2 0 0 0 0 0 0 0 479
"135" 135 0.433962264151 0 0 2 0 0 0 0 498 0 0 0 0 0 0 0 0 0 0 0 0
"136" 136 0.614349775785 0 13 0 2 19 5 1 1 0 0 14 1 0 1 0 0 0 443 0 0
"137" 137 0.607142857143 0 68 99 33 32 25 0 0 13 0 11 6 0 2 1 0 3 207 0 0
"138" 138 0.430656934307 0 24 0 10 49 48 0 0 34 0 0 0 0 0 313 0 0 17 0 5
"139" 139 0.20802919708 0 0 0 0 9 0 0 0 0 0 0 0 0 0 491 0 0 0 0 0
"140" 140 0.228855721393 0 2 0 2 0 1 25 0 0 3 1 0 0 430 0 0 3 29 4 0
"141" 141 0.212435233161 0 39 0 98 22 247 0 0 0 2 3 0 3 0 8 1 0 15 5 57
"142" 142 0.0988372093023 0 0 1 0 0 0 1 0 458 0 31 0 0 1 8 0 0 0 0 0
"143" 143 0.0 0 0 0 0 0 0 0 0 0 0 2 0 0 498 0 0 0 0 0 0
"144" 144 0.0253164556962 500 0 0 0 0 0 0 0 0 0 0 0 0 0 0 0 0 0 0 0
"145" 145 0.0892857142857 0 0 0 0 0 0 44 0 0 0 0 0 0 0 1 0 11 441 0 3
"146" 146 0.0 0 0 0 0 0 0 0 0 0 0 0 0 0 500 0 0 0 0 0 0
"147" 147 0.00512820512821 0 0 0 7 0 0 2 0 52 0 6 0 0 0 0 0 73 0 0 360
"148" 148 0.0 0 0 0 0 0 0 4 0 1 0 1 0 0 0 0 0 494 0 0 0
"149" 149 0.0137614678899 0 0 0 0 0 0 488 0 0 0 0 0 0 0 0 0 0 0 0 12
"150" 150 0.0535714285714 0 0 0 0 0 0 0 0 0 0 0 0 0 0 0 0 0 500 0 0
"151" 151 0.0179372197309 0 0 0 0 500 0 0 0 0 0 0 0 0 0 0 0 0 0 0 0
"152" 152 0.0172413793103 0 0 0 0 0 0 0 0 0 0 0 0 0 0 0 0 500 0 0 0
"153" 153 0.19391634981 0 0 0 0 0 1 0 0 0 45 0 0 2 0 0 15 0 0 437 0
"154" 154 0.133333333333 0 0 4 486 3 0 0 0 0 0 7 0 0 0 0 0 0 0 0 0
"155" 155 0.0 0 0 0 0 0 0 0 0 0 0 0 0 0 500 0 0 0 0 0 0
"156" 156 0.0 0 0 0 0 0 0 0 0 0 0 0 500 0 0 0 0 0 0 0 0
"157" 157 0.334928229665 0 1 0 174 0 0 0 0 57 0 0 0 3 219 9 0 0 3 0 34
"158" 158 0.105960264901 0 0 497 0 0 0 0 0 0 0 2 0 1 0 0 0 0 0 0 0
"159" 159 0.686046511628 0 142 15 33 12 34 0 98 15 0 58 2 0 9 20 0 1 57 0 4
"160" 160 0.0964467005076 0 0 0 0 0 0 499 0 0 0 0 0 0 0 0 0 1 0 0 0
"161" 161 0.0 0 0 0 0 0 0 0 0 0 0 0 0 0 26 0 0 0 0 0 474
"162" 162 0.233183856502 0 0 0 0 69 78 195 0 0 0 3 1 0 70 34 0 8 10 0 32
"163" 163 0.350993377483 0 36 8 67 30 154 0 0 0 1 19 1 0 73 18 5 0 64 1 23
"164" 164 0.0 0 0 0 0 0 0 0 0 0 0 500 0 0 0 0 0 0 0 0 0
"165" 165 0.0567375886525 0 0 0 0 0 0 0 0 0 0 0 0 0 0 0 500 0 0 0 0
"166" 166 0.662447257384 0 0 18 1 61 139 0 0 18 0 197 4 0 8 20 0 0 29 0 5
"167" 167 0.463503649635 0 2 1 16 1 8 0 0 0 0 1 1 0 1 468 0 0 0 0 1
"168" 168 0.423076923077 0 0 0 0 0 0 0 0 0 0 0 500 0 0 0 0 0 0 0 0
"169" 169 0.170403587444 0 0 7 2 339 5 9 0 3 16 5 0 3 61 2 2 12 0 29 5
"170" 170 0.725738396624 0 379 5 72 15 8 2 0 0 0 3 1 0 2 0 0 8 5 0 0
"171" 171 0.0114942528736 0 0 0 0 0 0 0 0 0 0 0 0 0 0 0 0 500 0 0 0
"172" 172 0.151162790698 0 0 1 0 6 10 13 0 369 0 7 0 0 0 0 0 39 55 0 0
"173" 173 0.0 0 0 0 0 0 0 500 0 0 0 0 0 0 0 0 0 0 0 0 0
"174" 174 0.124401913876 0 0 0 0 0 0 0 0 0 0 0 0 500 0 0 0 0 0 0 0
"175" 175 0.0 0 0 0 0 0 0 0 0 0 0 0 500 0 0 0 0 0 0 0 0
"176" 176 0.184397163121 0 0 0 0 22 76 0 0 0 0 0 0 8 0 2 375 0 0 0 17
"177" 177 0.0 0 0 0 0 0 0 0 0 32 0 2 0 0 0 0 0 466 0 0 0
"178" 178 0.0380228136882 0 0 0 0 0 0 0 0 0 14 0 0 0 0 0 0 0 0 486 0
"179" 179 0.125 0 0 42 0 19 3 0 0 6 0 62 2 0 0 364 0 0 0 0 2
"180" 180 0.38578680203 0 6 96 0 0 0 0 263 84 0 31 5 9 1 0 4 1 0 0 0
"181" 181 0.870813397129 0 171 37 103 17 48 0 0 11 0 25 1 0 30 7 0 0 36 0 14
"182" 182 0.59585492228 0 499 0 0 0 0 0 0 0 0 1 0 0 0 0 0 0 0 0 0
"183" 183 0.25 0 0 0 0 0 0 0 0 0 0 0 500 0 0 0 0 0 0 0 0
"184" 184 0.597014925373 0 0 4 0 351 88 0 0 1 0 1 0 0 31 21 0 1 0 1 1
"185" 185 0.238805970149 0 0 0 0 0 0 0 0 0 0 0 0 0 497 0 0 3 0 0 0
"186" 186 0.441605839416 0 0 0 0 2 9 0 0 0 361 0 0 1 2 0 0 62 4 59 0
"187" 187 0.430051813472 0 343 1 107 5 6 0 0 0 0 1 0 0 17 4 0 10 6 0 0
"188" 188 0.109452736318 0 0 0 0 0 0 0 0 0 0 0 0 0 500 0 0 0 0 0 0
"189" 189 0.414507772021 0 131 0 216 0 19 0 0 0 0 0 83 44 1 2 0 0 2 2 0
"190" 190 0.0229885057471 0 0 0 0 0 0 0 0 1 0 1 0 0 0 0 0 498 0 0 0
"191" 191 0.197674418605 0 0 24 0 0 0 0 0 471 0 2 0 0 0 2 0 1 0 0 0
"192" 192 0.0 0 0 63 0 0 0 0 0 0 0 437 0 0 0 0 0 0 0 0 0
"193" 193 0.43023255814 0 0 43 0 8 66 3 0 319 0 7 7 0 0 26 0 20 1 0 0
"194" 194 0.266666666667 0 453 0 45 0 0 0 0 2 0 0 0 0 0 0 0 0 0 0 0
"195" 195 0.321167883212 0 0 17 0 0 10 1 0 14 0 20 1 0 411 4 0 5 12 0 5
"196" 196 0.486607142857 0 90 1 24 17 91 3 0 26 0 24 4 0 6 6 0 6 201 0 1
"197" 197 0.191860465116 0 0 454 1 0 0 0 0 45 0 0 0 0 0 0 0 0 0 0 0
"198" 198 0.0199004975124 0 0 0 0 0 0 0 0 0 0 0 0 0 500 0 0 0 0 0 0
"199" 199 0.25 0 13 6 22 27 112 25 0 17 2 45 3 0 8 126 8 11 69 4 2
"200" 200 0.367713004484 0 11 2 10 82 83 95 0 10 0 22 0 0 21 41 0 4 116 0 3
"201" 201 0.175182481752 0 0 1 3 24 281 0 0 0 0 124 0 0 0 56 0 0 0 0 11
"202" 202 0.102661596958 0 0 0 0 0 0 0 0 0 1 0 0 0 0 0 0 0 0 499 0
"203" 203 0.521897810219 0 11 4 1 7 166 0 0 30 5 36 2 2 15 37 3 0 103 36 42
"204" 204 0.354066985646 0 70 6 50 40 99 0 0 3 1 9 2 1 108 19 1 2 67 7 15
"205" 205 0.0769230769231 0 0 0 0 0 0 0 0 0 0 1 499 0 0 0 0 0 0 0 0
"206" 206 0.0761421319797 0 0 0 0 0 0 306 0 0 0 1 0 0 0 0 0 193 0 0 0
"207" 207 0.311258278146 0 1 13 5 185 55 0 0 23 0 135 0 0 14 21 0 0 46 0 2
"208" 208 0.394871794872 0 18 99 196 1 78 0 0 0 1 80 3 3 1 3 13 0 0 3 1
"209" 209 0.149253731343 0 0 0 0 1 0 0 0 0 0 3 0 0 490 5 0 0 0 0 1
"210" 210 0.493670886076 0 0 0 0 38 370 4 0 0 0 0 0 0 0 70 0 1 15 0 2
"211" 211 0.716417910448 0 90 2 38 36 116 13 0 2 0 11 0 0 63 41 2 0 84 0 2
"212" 212 0.835443037975 0 37 62 112 29 67 2 0 9 0 44 96 0 10 8 0 1 21 0 2
