"site" "RSA" "aa1" "aa2" "aa3" "aa4" "aa5" "aa6" "aa7" "aa8" "aa9" "aa10" "aa11" "aa12" "aa13" "aa14" "aa15" "aa16" "aa17" "aa18" "aa19" "aa20"
"0" 0 0.883408071749 0 0 0 0 4 0 0 0 0 0 0 0 0 0 0 0 0 0 0 0
"1" 1 0.759615384615 0 0 0 0 0 0 0 0 0 2 0 2 0 0 0 0 0 0 0 0
"2" 2 0.336538461538 0 0 2 4 0 0 0 0 1 0 0 5 0 0 0 0 0 0 1 0
"3" 3 0.114427860697 0 0 0 0 0 0 35 0 0 3 0 0 0 29 0 0 17 0 0 2
"4" 4 0.276785714286 0 44 0 1 5 7 0 0 2 0 0 0 1 1 6 0 0 31 0 0
"5" 5 0.678571428571 0 14 0 4 5 12 0 26 2 0 1 0 2 0 8 0 1 27 0 0
"6" 6 0.193798449612 0 0 4 2 3 1 26 0 1 2 16 0 1 36 1 0 6 1 3 0
"7" 7 0.0 0 0 0 0 0 0 46 0 0 1 1 0 0 19 0 0 44 0 0 0
"8" 8 0.383211678832 2 6 2 0 7 24 3 0 1 0 3 0 2 5 47 0 0 7 0 2
"9" 9 0.387596899225 0 3 9 13 9 2 0 0 8 1 32 0 2 11 13 0 2 4 0 5
"10" 10 0.177304964539 1 0 4 0 0 0 0 0 1 5 87 2 0 0 0 18 0 0 0 0
"11" 11 0.0696517412935 0 0 0 0 0 0 6 0 0 6 0 0 0 122 0 0 0 0 0 0
"12" 12 0.609489051095 2 6 4 1 13 11 4 0 6 1 29 0 2 24 12 0 3 12 0 4
"13" 13 0.723214285714 0 0 0 0 0 0 0 0 0 0 0 0 0 0 0 0 0 135 0 0
"14" 14 0.481865284974 0 135 0 0 0 0 0 0 0 0 0 0 0 0 0 0 0 0 0 0
"15" 15 0.194029850746 2 0 0 1 0 0 60 0 1 2 4 0 0 50 0 2 9 0 0 4
"16" 16 0.586538461538 0 3 6 5 1 0 0 8 9 2 4 92 5 0 0 0 0 0 0 0
"17" 17 0.816143497758 0 7 20 7 7 0 1 2 20 4 8 5 3 3 34 1 0 3 9 1
"18" 18 0.240384615385 3 0 0 2 2 0 1 0 0 0 1 104 1 1 2 0 2 17 0 0
"19" 19 0.217616580311 0 137 0 0 0 0 0 0 0 0 0 0 0 0 0 0 0 0 0 0
"20" 20 0.482587064677 0 0 1 0 0 1 55 0 0 0 3 0 4 24 10 1 38 0 0 0
"21" 21 0.610465116279 0 0 12 0 0 0 0 0 125 0 0 0 0 0 0 0 0 0 0 0
"22" 22 0.0728476821192 1 0 29 0 0 0 0 0 91 0 12 2 0 0 0 0 2 0 0 0
"23" 23 0.427860696517 0 26 1 22 16 0 1 0 2 1 9 2 0 23 9 0 3 17 0 3
"24" 24 0.726368159204 3 0 25 3 0 0 0 1 8 1 66 3 0 20 0 1 1 0 4 0
"25" 25 0.655172413793 8 0 0 0 0 0 36 0 27 2 4 0 0 19 0 0 37 1 0 2
"26" 26 0.0862068965517 2 1 0 0 1 0 52 0 0 7 3 0 0 10 1 1 33 2 1 13
"27" 27 0.427672955975 0 9 6 1 0 3 0 86 3 1 6 5 0 3 5 0 1 6 0 0
"28" 28 0.647321428571 0 7 2 1 3 7 0 23 6 0 37 4 3 0 1 0 1 42 0 0
"29" 29 0.751295336788 0 37 14 5 2 3 0 7 10 0 11 18 3 1 4 0 1 19 2 0
"30" 30 0.283582089552 6 3 10 0 10 10 4 1 15 0 32 0 9 11 11 0 3 10 0 1
"31" 31 0.526785714286 0 1 2 2 19 18 9 8 17 0 3 1 3 0 19 1 9 15 1 8
"32" 32 0.0769230769231 2 1 19 2 0 0 1 0 8 1 43 43 0 5 1 0 0 0 5 5
"33" 33 0.258928571429 0 2 13 0 9 15 2 0 36 0 5 1 6 1 23 0 3 20 1 0
"34" 34 0.0 0 0 3 0 0 0 0 0 3 2 74 24 0 4 0 0 25 0 0 2
"35" 35 0.0574712643678 1 11 2 3 14 9 8 0 11 1 7 0 6 3 17 0 27 10 7 0
"36" 36 0.00507614213198 0 0 0 0 0 0 37 0 0 16 1 0 0 55 0 7 13 0 1 7
"37" 37 0.169154228856 0 0 5 10 1 6 38 0 6 2 11 0 3 18 5 0 29 0 1 2
"38" 38 0.0 17 0 9 0 0 0 5 1 10 0 80 1 0 4 0 0 8 0 0 2
"39" 39 0.37552742616 0 0 0 0 0 80 0 0 0 0 0 0 0 0 57 0 0 0 0 0
"40" 40 0.25 0 4 1 0 27 5 0 0 2 0 13 0 1 0 3 0 1 80 0 0
"41" 41 0.394230769231 0 46 7 2 3 3 0 30 5 0 16 4 1 0 0 0 0 20 0 0
"42" 42 0.0 2 1 0 0 0 0 1 0 1 3 5 107 0 13 0 0 0 0 0 4
"43" 43 0.0 0 0 0 0 0 0 36 0 6 0 0 0 0 3 2 0 89 0 0 1
"44" 44 0.0 0 0 0 0 0 0 46 0 0 4 4 0 0 38 0 0 42 0 0 3
"45" 45 0.0 21 0 14 0 0 0 0 0 0 0 102 0 0 0 0 0 0 0 0 0
"46" 46 0.0 0 0 0 0 0 0 0 0 0 0 0 137 0 0 0 0 0 0 0 0
"47" 47 0.0547263681592 1 0 3 0 2 2 16 0 7 0 1 1 0 78 0 0 11 0 0 14
"48" 48 0.301418439716 0 35 6 2 11 2 0 26 3 1 13 7 0 0 1 2 0 25 0 0
"49" 49 0.00574712643678 5 0 0 0 0 0 21 2 0 4 4 0 0 17 0 9 71 0 0 4
"50" 50 0.0 0 0 4 0 0 0 3 0 1 27 83 0 0 2 0 0 16 0 1 0
"51" 51 0.410714285714 1 8 1 3 3 19 2 1 0 1 27 0 1 4 25 0 3 36 0 2
"52" 52 0.375912408759 1 0 3 0 5 2 8 0 3 1 20 1 1 16 51 0 1 13 3 8
"53" 53 0.00574712643678 0 0 1 0 0 0 7 0 8 1 32 2 0 2 0 0 84 0 0 0
"54" 54 0.0 2 0 0 0 0 0 0 0 0 123 1 0 0 5 0 0 0 0 5 1
"55" 55 0.279069767442 0 3 5 1 13 12 3 0 11 1 16 2 11 3 26 0 0 22 2 1
"56" 56 0.164179104478 1 2 0 0 12 3 9 0 7 0 8 0 0 69 11 1 4 5 1 4
"57" 57 0.217054263566 2 0 0 0 1 0 8 0 2 6 3 1 0 74 0 0 36 0 2 1
"58" 58 0.108808290155 0 97 11 6 0 0 0 0 1 0 0 14 1 0 0 0 1 4 0 0
"59" 59 0.691823899371 0 8 16 2 2 1 0 70 1 0 9 7 0 0 2 0 0 13 0 0
"60" 60 0.594890510949 0 12 16 12 12 7 0 2 20 1 12 8 1 0 15 0 1 16 1 0
"61" 61 0.104651162791 0 0 2 0 0 0 33 0 13 3 6 0 0 32 0 0 42 0 0 5
"62" 62 0.240310077519 1 5 14 4 8 18 2 0 7 0 15 3 2 2 15 0 11 28 1 1
"63" 63 0.0794979079498 4 0 0 0 0 0 21 0 3 48 3 1 0 6 1 2 42 0 0 6
"64" 64 0.354651162791 0 11 5 3 14 10 3 0 27 0 5 1 4 5 6 0 6 37 0 0
"65" 65 0.40251572327 2 0 3 2 1 3 14 24 8 16 24 0 0 7 5 13 13 1 1 0
"66" 66 0.422885572139 2 4 3 1 4 3 1 0 4 9 2 2 22 30 10 0 8 9 14 9
"67" 67 0.155172413793 10 0 1 1 2 20 9 0 2 5 18 0 1 5 6 0 55 0 2 0
"68" 68 0.519379844961 1 3 10 4 10 25 1 12 10 0 26 3 5 1 14 0 2 10 0 0
"69" 69 0.263392857143 0 118 0 0 0 0 0 0 0 0 0 0 0 0 0 0 0 19 0 0
"70" 70 0.115384615385 0 0 1 0 0 0 0 0 0 0 1 135 0 0 0 0 0 0 0 0
"71" 71 0.240310077519 0 55 11 1 7 2 0 0 7 0 20 4 0 0 3 0 1 25 0 0
"72" 72 0.434306569343 0 4 13 4 7 14 3 5 5 3 21 1 4 6 25 4 3 14 1 0
"73" 73 0.0747126436782 9 0 1 0 0 0 20 0 0 4 5 0 0 11 1 0 85 0 0 1
"74" 74 0.488372093023 1 3 8 1 5 32 0 6 7 0 23 3 5 1 2 0 4 31 2 3
"75" 75 0.660714285714 1 0 9 3 1 33 1 30 4 0 35 0 0 0 13 0 2 4 1 0
"76" 76 0.490384615385 0 6 3 6 0 5 0 0 0 0 0 116 0 0 1 0 0 0 0 0
"77" 77 0.25 0 44 3 2 37 2 1 0 23 0 8 1 0 0 1 0 1 13 0 0
"78" 78 0.325892857143 0 2 0 2 1 5 14 3 19 0 3 0 4 17 4 0 54 7 0 2
"79" 79 0.0 0 0 0 0 0 0 44 0 0 4 3 0 0 50 0 0 26 0 0 10
"80" 80 0.0 7 0 0 0 0 0 3 0 0 8 77 16 0 12 0 1 1 0 0 12
"81" 81 0.262773722628 0 0 7 2 10 9 6 0 32 1 3 0 3 3 22 2 10 25 1 1
"82" 82 0.0 0 0 0 0 0 0 38 0 0 3 3 0 0 33 0 0 54 0 0 6
"83" 83 0.368613138686 1 6 24 2 4 18 0 0 20 2 4 0 4 0 13 0 1 36 2 0
"84" 84 0.0480769230769 1 0 0 0 0 0 0 0 1 0 3 132 0 0 0 0 0 0 0 0
"85" 85 0.100628930818 0 23 27 13 1 12 0 47 1 0 3 0 1 1 7 0 0 1 0 0
"86" 86 0.044776119403 0 0 6 0 0 0 15 1 18 0 68 1 0 14 0 0 10 0 1 3
"87" 87 0.233576642336 2 4 7 0 3 6 1 0 1 0 13 1 3 0 94 0 1 1 0 0
"88" 88 0.0480769230769 0 6 32 1 2 2 3 7 10 1 37 18 0 3 1 0 12 0 0 2
"89" 89 0.0 0 0 0 0 0 0 46 0 0 0 0 0 0 81 0 0 8 0 0 2
"90" 90 0.223880597015 0 0 0 0 0 0 1 0 0 0 0 0 0 136 0 0 0 0 0 0
"91" 91 0.100775193798 1 0 30 0 12 9 7 0 47 0 12 0 0 1 2 1 3 0 0 12
"92" 92 0.0 0 0 0 0 0 0 0 0 4 0 44 88 0 0 0 0 0 0 1 0
"93" 93 0.214285714286 0 0 0 0 0 0 0 0 0 0 0 0 0 0 0 0 0 137 0 0
"94" 94 0.361313868613 0 0 0 0 0 0 0 0 0 0 0 0 0 0 137 0 0 0 0 0
"95" 95 0.0646766169154 0 0 2 1 0 0 6 1 53 0 0 0 0 17 0 0 57 0 0 0
"96" 96 0.0 0 0 4 0 0 0 2 0 0 0 120 3 0 0 0 0 3 0 0 5
"97" 97 0.00995024875622 0 0 0 0 0 0 1 0 0 0 0 0 0 134 0 0 0 0 0 2
"98" 98 0.430769230769 0 0 0 137 0 0 0 0 0 0 0 0 0 0 0 0 0 0 0 0
"99" 99 0.044776119403 0 0 0 0 0 0 7 0 0 63 0 0 0 49 0 0 2 0 15 1
"100" 100 0.00497512437811 1 0 1 0 0 0 4 0 1 2 13 1 0 95 0 0 6 0 0 13
"101" 101 0.107623318386 9 0 3 0 93 0 0 0 1 0 0 22 0 0 0 0 0 0 0 9
"102" 102 0.178832116788 0 0 1 1 1 2 0 1 7 1 0 0 24 4 95 0 0 0 0 0
"103" 103 0.00995024875622 0 0 0 0 0 0 1 0 0 0 0 0 0 87 0 0 0 0 0 49
"104" 104 0.0 13 0 123 0 0 0 0 0 0 0 0 0 0 0 0 0 0 0 0 1
"105" 105 0.0288461538462 0 0 0 0 0 0 0 0 0 0 5 132 0 0 0 0 0 0 0 0
"106" 106 0.0 1 0 0 0 0 0 107 0 5 0 0 0 0 0 0 0 24 0 0 0
"107" 107 0.0 0 0 4 0 0 0 0 0 0 0 133 0 0 0 0 0 0 0 0 0
"108" 108 0.168604651163 0 0 15 1 0 0 0 0 121 0 0 0 0 0 0 0 0 0 0 0
"109" 109 0.213930348259 0 0 2 0 4 8 6 0 7 4 23 1 5 37 7 0 5 3 13 12
"110" 110 0.0 2 0 1 0 0 0 0 0 127 0 5 0 0 0 0 0 2 0 0 0
"111" 111 0.167883211679 1 0 12 15 1 2 0 0 1 1 44 0 7 0 51 0 0 1 1 0
"112" 112 0.22480620155 0 4 11 3 21 17 0 0 7 0 24 6 3 2 29 0 0 8 1 1
"113" 113 0.0380228136882 7 0 0 0 0 0 11 0 0 33 6 0 1 15 0 3 7 0 49 5
"114" 114 0.252873563218 0 0 2 0 1 1 3 0 1 0 37 0 0 0 0 0 92 0 0 0
"115" 115 0.473214285714 0 30 5 6 7 18 0 0 2 0 23 3 1 0 7 0 1 34 0 0
"116" 116 0.178294573643 0 0 1 0 5 20 1 0 0 0 58 0 1 18 8 0 5 18 1 1
"117" 117 0.0298507462687 1 0 0 0 0 1 32 0 9 0 2 0 0 46 1 0 45 0 0 0
"118" 118 0.596899224806 0 0 3 2 3 29 0 2 2 0 54 1 1 0 5 0 1 33 1 0
"119" 119 0.846153846154 0 16 2 1 0 0 0 1 0 0 0 96 17 1 0 0 0 1 2 0
"120" 120 0.255813953488 0 0 10 1 1 0 0 0 84 3 0 4 5 18 1 0 0 1 9 0
"121" 121 0.616033755274 0 3 6 8 3 51 0 23 1 0 3 16 6 0 13 0 0 4 0 0
"122" 122 0.093023255814 6 0 0 0 0 0 3 0 41 0 63 0 0 1 0 0 22 0 0 1
"123" 123 0.260089686099 0 3 4 1 18 33 1 0 5 0 5 0 3 0 55 0 5 2 0 2
"124" 124 0.0203045685279 0 0 0 0 0 0 62 0 0 0 0 0 0 55 0 0 20 0 0 0
"125" 125 0.0646766169154 6 0 0 0 0 0 3 0 14 0 5 0 0 54 2 0 53 0 0 0
"126" 126 0.00518134715026 27 108 1 0 0 0 0 0 0 0 0 0 0 0 0 0 0 1 0 0
"127" 127 0.139534883721 0 0 2 0 0 0 0 0 135 0 0 0 0 0 0 0 0 0 0 0
"128" 128 0.332116788321 0 0 0 0 0 0 0 0 0 0 0 0 0 0 137 0 0 0 0 0
"129" 129 0.535864978903 0 0 0 0 0 137 0 0 0 0 0 0 0 0 0 0 0 0 0 0
"130" 130 0.122093023256 0 0 0 0 0 0 0 0 137 0 0 0 0 0 0 0 0 0 0 0
"131" 131 0.28488372093 0 0 1 0 0 0 8 0 103 0 6 0 1 13 0 0 2 0 0 3
"132" 132 0.761006289308 0 0 0 0 0 0 0 136 0 0 1 0 0 0 0 0 0 0 0 0
"133" 133 0.682692307692 3 0 0 16 0 0 0 0 2 0 0 112 0 4 0 0 0 0 0 0
"134" 134 0.1592039801 1 0 0 4 0 0 0 0 0 2 0 0 4 105 0 6 1 0 1 13
"135" 135 0.204379562044 0 0 0 0 0 0 0 0 0 0 0 0 0 0 137 0 0 0 0 0
"136" 136 0.410852713178 0 1 6 2 2 0 22 2 3 2 34 1 0 19 3 1 20 1 1 17
"137" 137 0.0497512437811 0 0 0 0 0 0 5 1 2 24 10 0 0 84 0 0 10 0 0 1
"138" 138 0.0 0 10 2 0 16 0 0 0 0 0 0 0 0 3 0 0 0 106 0 0
"139" 139 0.042194092827 0 0 0 0 0 134 0 0 0 0 0 0 0 0 3 0 0 0 0 0
"140" 140 0.163498098859 0 0 0 0 6 0 0 0 0 0 5 0 6 2 1 1 0 4 110 2
"141" 141 0.0 0 0 7 0 0 0 0 0 0 0 129 1 0 0 0 0 0 0 0 0
"142" 142 0.0 0 0 1 0 0 0 1 0 5 0 1 0 0 0 0 0 129 0 0 0
"143" 143 0.459854014599 0 0 1 0 6 15 1 0 11 1 5 1 1 10 79 0 2 2 1 1
"144" 144 0.132183908046 28 0 1 0 2 0 20 0 0 0 20 0 9 2 1 0 48 0 0 6
"145" 145 0.0 0 0 0 0 0 0 0 0 0 0 1 136 0 0 0 0 0 0 0 0
"146" 146 0.394230769231 0 0 0 0 0 0 0 0 0 0 0 137 0 0 0 0 0 0 0 0
"147" 147 0.0288461538462 3 0 0 0 0 0 0 0 0 0 15 119 0 0 0 0 0 0 0 0
"148" 148 0.496350364964 3 1 11 4 7 11 6 0 9 11 10 5 14 4 10 0 9 2 13 7
"149" 149 0.261538461538 0 0 2 134 0 0 0 0 0 0 1 0 0 0 0 0 0 0 0 0
"150" 150 0.200956937799 0 0 0 0 0 1 0 0 0 0 0 0 136 0 0 0 0 0 0 0
"151" 151 0.0985401459854 0 0 0 0 0 0 0 0 0 0 0 0 0 0 137 0 0 0 0 0
"152" 152 0.3536121673 0 1 0 0 0 0 10 0 7 65 1 0 1 7 0 0 3 0 26 16
"153" 153 0.0288461538462 1 1 13 24 0 0 0 0 0 0 7 91 0 0 0 0 0 0 0 0
"154" 154 0.572139303483 0 0 0 0 0 0 0 0 0 0 0 0 0 136 0 0 1 0 0 0
"155" 155 0.627615062762 0 36 33 3 1 0 0 0 2 20 2 3 4 0 0 0 0 0 33 0
"156" 156 0.316062176166 0 130 2 3 1 0 0 0 1 0 0 0 0 0 0 0 0 0 0 0
"157" 157 0.173076923077 0 0 0 0 0 0 0 0 0 0 64 57 0 0 3 0 0 0 0 13
"158" 158 0.177664974619 0 0 0 0 0 0 41 0 0 6 7 0 0 0 0 0 80 0 1 2
"159" 159 0.0796019900498 0 0 0 0 0 0 1 0 0 0 0 0 0 96 0 0 0 0 0 40
"160" 160 0.0995024875622 0 0 0 0 0 0 104 0 0 0 1 0 0 27 0 0 5 0 0 0
"161" 161 0.282700421941 0 0 0 0 0 137 0 0 0 0 0 0 0 0 0 0 0 0 0 0
"162" 162 0.308035714286 0 114 0 0 0 0 0 0 0 0 0 0 0 0 0 0 0 23 0 0
"163" 163 0.630769230769 0 0 0 137 0 0 0 0 0 0 0 0 0 0 0 0 0 0 0 0
"164" 164 0.435406698565 0 0 0 0 0 0 0 0 0 0 0 0 137 0 0 0 0 0 0 0
"165" 165 0.0747126436782 0 0 0 0 0 2 110 0 0 0 1 0 0 3 0 0 20 0 0 1
"166" 166 0.63503649635 0 14 2 2 2 12 7 0 0 1 61 9 1 6 8 0 4 7 0 1
"167" 167 0.627906976744 0 0 0 0 0 0 9 0 0 8 89 7 0 2 0 0 19 0 0 3
"168" 168 0.093023255814 17 0 4 0 0 0 0 2 0 0 103 2 0 1 0 0 6 0 2 0
"169" 169 0.673076923077 0 0 0 1 1 0 0 0 0 0 1 132 1 0 0 0 0 1 0 0
"170" 170 0.182692307692 0 2 33 0 0 0 0 0 0 0 1 100 0 0 0 0 0 1 0 0
"171" 171 0.00574712643678 0 0 1 0 1 0 94 0 0 0 0 0 0 3 0 0 37 0 0 1
"172" 172 0.0384615384615 0 2 3 0 4 19 2 4 25 0 24 18 1 3 24 0 1 7 0 0
"173" 173 0.34375 0 1 2 8 19 13 0 11 5 0 21 3 1 1 6 0 2 44 0 0
"174" 174 0.031007751938 0 0 2 0 0 0 0 0 0 0 127 0 0 0 0 0 8 0 0 0
"175" 175 0.0 0 0 0 0 0 0 54 0 0 2 0 0 0 13 0 0 66 0 0 2
"176" 176 0.481751824818 0 2 9 3 17 16 2 0 6 0 22 1 1 3 24 0 0 31 0 0
"177" 177 0.386861313869 0 0 4 0 4 8 0 0 5 0 22 2 3 9 67 0 0 1 0 12
"178" 178 0.124031007752 5 0 1 0 0 0 8 0 3 0 89 0 0 6 0 0 24 0 0 1
"179" 179 0.409282700422 0 0 1 1 1 38 0 0 0 2 0 0 2 0 89 0 0 1 1 0
"180" 180 0.627906976744 0 4 9 7 5 12 0 1 0 0 50 3 2 0 10 2 2 24 1 1
"181" 181 0.722627737226 0 1 11 15 9 7 4 0 4 3 11 7 10 2 22 0 3 2 24 1
"182" 182 0.22480620155 2 0 5 2 0 1 26 0 2 4 53 0 4 10 2 0 20 1 2 3
"183" 183 0.314465408805 0 0 19 1 0 3 1 64 2 0 3 39 2 0 0 0 0 2 0 0
"184" 184 0.885167464115 0 5 2 1 1 3 0 4 1 22 1 6 74 1 0 0 1 3 9 0
"185" 185 0.631178707224 0 3 1 3 1 7 0 8 28 0 1 1 2 23 2 0 22 1 2 25
"186" 186 0.199004975124 1 0 0 0 0 1 8 6 9 0 2 0 1 36 18 0 35 0 3 13
"187" 187 0.569620253165 1 0 0 1 2 84 0 7 10 1 1 2 2 2 11 1 0 2 0 2
"188" 188 0.0172413793103 0 0 0 0 0 0 98 0 1 0 0 0 0 6 0 0 32 0 0 0
"189" 189 0.0223214285714 0 0 0 0 1 0 0 0 0 0 0 0 0 0 0 0 0 136 0 0
"190" 190 0.0 2 0 0 0 0 0 22 0 0 0 1 0 0 2 0 0 110 0 0 0
"191" 191 0.0892857142857 0 0 0 0 0 0 0 0 0 0 0 0 0 0 0 0 0 137 0 0
"192" 192 0.0 9 0 0 0 0 0 0 0 31 0 7 0 0 0 0 0 90 0 0 0
"193" 193 0.434306569343 0 41 5 0 0 3 0 1 5 0 3 0 0 0 14 0 0 65 0 0
"194" 194 0.192052980132 2 8 25 33 1 0 0 0 59 0 0 1 0 0 8 0 0 0 0 0
"195" 195 0.164179104478 0 0 0 0 1 1 6 0 0 7 0 0 0 111 0 0 5 2 0 4
"196" 196 0.584821428571 0 40 0 2 9 2 0 2 5 0 23 3 1 0 1 0 3 46 0 0
"197" 197 0.138392857143 0 3 0 0 65 0 0 0 0 0 1 9 0 0 0 0 0 45 0 14
"198" 198 0.0 0 0 0 0 0 0 3 0 0 3 3 0 0 65 0 0 63 0 0 0
"199" 199 0.361607142857 0 12 0 4 21 20 4 1 2 0 9 1 2 2 18 0 3 38 0 0
"200" 200 0.375 0 3 0 0 23 1 2 1 3 0 1 0 0 0 1 0 2 100 0 0
"201" 201 0.0 0 0 0 0 0 0 1 0 0 0 118 0 0 2 0 0 16 0 0 0
"202" 202 0.139303482587 0 0 0 0 1 0 8 0 0 0 5 0 0 95 0 0 23 0 0 5
"203" 203 0.705357142857 0 19 7 3 5 7 0 0 5 0 34 2 0 1 2 0 1 50 0 1
"204" 204 0.124031007752 3 0 6 1 3 0 3 0 6 1 82 4 6 5 1 0 8 3 5 0
"205" 205 0.269230769231 1 3 0 1 6 18 0 1 0 0 2 100 1 0 2 0 0 2 0 0
"206" 206 0.0387596899225 0 0 1 1 0 0 1 10 0 0 96 1 0 1 0 0 26 0 0 0
"207" 207 0.269430051813 0 123 1 1 2 1 0 0 1 0 0 1 2 0 0 0 0 5 0 0
"208" 208 0.164179104478 0 0 0 0 0 0 66 0 2 3 19 0 0 7 9 1 26 1 2 1
"209" 209 0.0 1 0 0 0 0 0 95 0 0 0 0 0 0 3 0 0 38 0 0 0
"210" 210 0.0149253731343 0 0 0 0 0 0 0 0 0 0 0 0 0 51 0 0 0 0 0 86
"211" 211 0.00995024875622 0 0 0 0 0 0 0 0 0 3 0 0 0 134 0 0 0 0 0 0
"212" 212 0.145077720207 0 137 0 0 0 0 0 0 0 0 0 0 0 0 0 0 0 0 0 0
"213" 213 0.389743589744 0 1 0 134 0 0 0 0 0 0 0 0 1 0 0 0 0 1 0 0
"214" 214 0.092050209205 0 0 0 0 0 0 0 0 0 26 0 0 0 1 2 0 0 0 0 108
"215" 215 0.522012578616 0 35 40 9 0 1 0 13 31 0 4 4 0 0 0 0 0 0 0 0
"216" 216 0.273631840796 2 5 3 5 1 1 9 39 8 0 1 0 6 36 1 0 18 0 1 1
"217" 217 0.589285714286 0 40 1 0 1 4 0 10 2 0 16 1 0 0 0 0 2 59 1 0
"218" 218 0.170542635659 0 14 3 4 19 0 1 0 28 0 12 0 0 11 5 0 7 16 0 15
"219" 219 0.0497512437811 0 0 0 0 0 0 7 0 5 0 4 0 0 49 0 0 6 0 0 66
"220" 220 0.510948905109 2 0 3 0 5 35 2 0 6 0 19 1 2 2 55 0 1 3 1 0
"221" 221 0.227678571429 0 5 2 0 18 14 1 0 0 0 10 0 2 1 10 0 0 73 0 1
"222" 222 0.0 2 0 1 0 0 0 0 0 0 2 128 2 0 0 0 0 1 0 0 1
"223" 223 0.183908045977 0 0 1 0 0 0 11 0 0 0 0 0 0 0 2 0 123 0 0 0
"224" 224 0.598540145985 0 4 7 2 11 24 0 0 2 0 26 10 2 1 26 0 1 20 1 0
"225" 225 0.321167883212 0 0 0 1 3 5 35 0 1 0 7 0 1 37 21 0 0 0 2 24
"226" 226 0.00574712643678 2 0 2 7 0 0 48 0 14 1 14 2 0 1 1 0 43 0 2 0
"227" 227 0.557692307692 0 19 2 22 3 14 0 3 0 0 39 28 1 0 3 0 0 3 0 0
"228" 228 0.653846153846 0 5 7 3 2 5 0 1 1 0 1 109 0 0 2 0 0 1 0 0
"229" 229 0.580291970803 0 0 3 2 8 15 1 1 1 0 0 1 2 1 101 0 0 1 0 0
"230" 230 0.132183908046 2 0 3 0 0 0 11 1 4 1 78 0 0 9 0 0 24 0 2 2
"231" 231 0.295597484277 0 0 0 0 5 25 19 11 2 0 3 0 0 33 4 0 16 16 0 3
"232" 232 0.0199004975124 0 0 1 0 0 0 17 0 40 1 3 0 0 53 0 0 22 0 0 0
"233" 233 0.03125 0 0 0 0 0 0 0 0 0 0 0 0 0 0 0 0 0 137 0 0
"234" 234 0.0077519379845 9 0 5 1 0 0 1 0 0 3 104 1 0 0 0 0 13 0 0 0
"235" 235 0.152317880795 0 0 136 0 0 0 0 0 1 0 0 0 0 0 0 0 0 0 0 0
"236" 236 0.163461538462 0 0 0 0 0 0 0 0 0 0 0 137 0 0 0 0 0 0 0 0
"237" 237 0.605128205128 0 2 3 63 0 1 0 0 2 0 0 52 0 0 14 0 0 0 0 0
"238" 238 0.133027522936 0 0 0 0 0 0 54 0 0 0 0 0 0 3 0 0 64 0 0 16
"239" 239 0.348837209302 1 4 11 24 0 4 0 0 84 0 2 0 0 0 5 0 0 2 0 0
"240" 240 0.373134328358 0 1 0 0 0 13 6 8 1 3 7 0 0 77 6 0 1 12 2 0
"241" 241 0.71875 0 36 6 3 8 3 0 1 4 0 9 3 0 1 0 0 0 63 0 0
"242" 242 0.507299270073 0 2 9 32 0 2 1 0 65 0 1 0 0 0 24 0 1 0 0 0
"243" 243 0.0 0 0 0 0 0 0 66 0 0 0 19 0 0 18 0 0 34 0 0 0
"244" 244 0.413502109705 0 1 1 0 5 15 1 15 1 0 20 6 0 2 59 0 3 6 2 0
"245" 245 0.170542635659 0 13 8 5 8 7 0 2 5 0 50 4 1 0 8 0 1 24 1 0
"246" 246 0.0077519379845 0 0 0 0 0 0 64 0 0 3 3 0 0 10 0 0 42 0 14 1
"247" 247 0.0387596899225 0 0 2 0 0 2 1 0 3 0 121 2 0 0 4 0 2 0 0 0
"248" 248 0.589285714286 1 9 3 3 5 9 0 0 0 0 33 0 0 4 4 0 1 65 0 0
"249" 249 0.162790697674 3 0 11 0 1 0 9 0 87 1 14 0 0 8 0 0 2 1 0 0
"250" 250 0.221153846154 0 0 0 0 0 0 0 0 0 0 0 137 0 0 0 0 0 0 0 0
"251" 251 0.00574712643678 0 0 0 0 0 0 4 0 0 0 1 0 0 0 0 0 132 0 0 0
"252" 252 0.19170984456 0 124 0 9 1 0 0 0 2 0 0 0 1 0 0 0 0 0 0 0
"253" 253 0.285171102662 0 1 0 0 0 0 14 0 0 23 2 0 0 25 3 0 12 0 56 1
"254" 254 0.0 0 0 0 0 0 0 115 0 0 0 2 0 0 5 0 0 13 0 0 2
"255" 255 0.0198675496689 0 0 133 0 0 0 0 0 0 0 4 0 0 0 0 0 0 0 0 0
"256" 256 0.0 7 0 29 0 0 0 13 0 12 0 4 0 0 9 0 0 59 0 0 4
"257" 257 0.134615384615 0 0 12 0 0 0 0 0 0 0 0 125 0 0 0 0 0 0 0 0
"258" 258 0.147286821705 0 0 4 0 0 5 1 0 3 1 96 1 0 1 5 18 0 0 1 1
"259" 259 0.0 0 0 0 0 0 0 18 6 4 0 0 0 0 107 0 0 2 0 0 0
"260" 260 0.0290697674419 0 0 0 0 0 0 9 0 127 0 0 0 0 0 0 0 1 0 0 0
"261" 261 0.641148325359 0 0 0 0 3 10 0 0 9 0 0 0 112 0 0 0 0 0 2 1
"262" 262 0.523178807947 0 4 115 0 2 0 0 0 0 0 1 1 5 0 9 0 0 0 0 0
"263" 263 0.0697674418605 1 0 16 0 0 0 5 2 0 3 71 0 0 1 0 0 35 0 3 0
"264" 264 0.527426160338 1 0 2 2 3 33 2 45 12 0 5 3 1 0 24 0 2 2 0 0
"265" 265 0.387596899225 1 0 16 7 0 0 24 1 8 0 54 2 0 0 0 10 13 0 1 0
"266" 266 0.00497512437811 0 0 0 0 0 2 5 0 1 8 3 0 0 89 0 0 16 0 0 13
"267" 267 0.414507772021 0 137 0 0 0 0 0 0 0 0 0 0 0 0 0 0 0 0 0 0
"268" 268 0.0199004975124 1 0 0 0 0 0 81 0 0 2 0 0 0 45 0 0 4 0 0 4
"269" 269 0.17880794702 0 0 92 0 0 0 0 0 1 0 6 38 0 0 0 0 0 0 0 0
"270" 270 0.0746268656716 0 0 0 0 0 0 1 0 0 7 0 0 0 88 0 0 0 0 0 41
"271" 271 0.557213930348 0 3 0 2 0 10 0 0 0 0 0 0 0 13 1 0 0 1 0 0
"272" 272 0.258620689655 0 0 0 2 0 0 8 0 0 0 0 0 0 4 0 0 9 0 0 2
"273" 273 0.350574712644 0 0 0 0 0 0 1 0 1 0 0 0 0 3 0 0 5 0 0 1
"274" 274 0.824817518248 0 0 0 1 0 1 0 0 1 0 0 0 1 0 3 0 0 0 0 0
"275" 275 1.0 0 0 0 0 0 0 0 5 0 0 0 0 0 0 0 0 0 0 0 0
